1
0.96347
0.94757
0.9386
0.93128
0.92486
0.91982
0.9155
0.91196
0.90893
0.90047
0.89274
0.88566
0.87931
0.87373
0.86879
0.86437
0.86024
0.85629
0.85241
0.8486
0.84482
0.84107
0.83734
0.83364
0.82995
0.82629
0.82262
0.81893
0.81521
0.8115
0.80784
0.80429
0.80092
0.79779
0.79493
0.7924
0.79018
0.78831
0.78677
0.78551
0.78449
0.7836
0.78277
0.78192
0.78102
0.78003
0.77897
0.77784
0.77666
0.77542
0.77414
0.77282
0.77145
0.77003
0.76857
0.76707
0.76555
0.76401
0.76245
0.7609
0.75934
0.75779
0.75627
0.75477
0.75331
0.75189
0.75053
0.74923
0.74802
0.74688
0.74584
0.74488
0.74401
0.74324
0.74256
0.74197
0.74146
0.74103
0.74065
0.7403
0.73994
0.73955
0.7391
0.73859
0.73799
0.73734
0.73661
0.73584
0.73501
0.73415
0.73325
0.73234
0.7314
0.73046
0.72953
0.72861
0.72773
0.72688
0.72607
0.72531
0.72459
0.72391
0.72329
0.72271
0.72218
0.72171
0.72128
0.7209
0.72056
0.72025
0.71997
0.71971
0.71946
0.71922
0.719
0.71878
0.71857
0.71837
0.71818
0.718
0.71783
0.71767
0.71751
0.71737
0.71723
0.7171
0.71698
0.71686
