1
0.98016
0.96967
0.96455
0.95909
0.95419
0.95008
0.94333
0.93687
0.93091
0.92516
0.91974
0.91444
0.90938
0.90442
0.89968
0.89505
0.89062
0.88632
0.88217
0.87809
0.87411
0.87021
0.86642
0.86275
0.85921
0.8558
0.85252
0.84936
0.84632
0.84339
0.84058
0.83787
0.83526
0.83275
0.83033
0.82799
0.82573
0.82354
0.82141
0.81934
0.81731
0.81533
0.8134
0.8115
0.80964
0.8078
0.806
0.80422
0.80246
0.80072
0.79901
0.79731
0.79563
0.79398
0.79234
0.79073
0.78913
0.78757
0.78602
0.7845
0.783
0.78152
0.78007
0.77863
0.77721
0.77582
0.77444
0.77308
0.77174
0.77042
0.76911
0.76783
0.76656
0.7653
0.76406
0.76283
0.7616
0.76039
0.75918
0.75797
0.75676
0.75556
0.75435
0.75313
0.75191
0.75069
0.74946
0.74823
0.74699
0.74575
0.74451
0.74326
0.74202
0.74077
0.73953
0.73829
0.73705
0.73583
0.7346
0.73339
0.73219
0.73099
0.7298
0.72862
0.72744
0.72628
0.72512
0.72396
0.72282
0.72169
0.72057
0.71946
0.71837
0.71729
0.71622
0.71516
0.71413
0.7131
0.7121
0.71111
0.71013
0.70917
0.70822
0.70729
0.70637
0.70547
0.70458
0.70371
0.70285
0.70201
0.70119
0.70039
0.6996
0.69883
0.69807
0.69733
0.69661
0.6959
0.69521
0.69453
0.69387
0.69322
