1
0.97953
0.96577
0.95832
0.9525
0.94757
0.94407
0.93708
0.93094
0.92533
0.9202
0.91551
0.91117
0.90722
0.90354
0.90018
0.89703
0.89414
0.89144
0.88894
0.88656
0.88431
0.88217
0.88014
0.87821
0.87637
0.87462
0.87295
0.87133
0.86976
0.86823
0.86674
0.86529
0.86387
0.86249
0.86114
0.85982
0.85853
0.85725
0.856
0.85476
0.85354
0.85233
0.85113
0.84994
0.84877
0.8476
0.84645
0.84531
0.84417
0.84305
0.84194
0.84083
0.83974
0.83866
0.83758
0.83651
0.83546
0.83441
0.83337
0.83234
0.83132
0.8303
0.82928
0.82827
0.82725
0.82623
0.8252
0.82417
0.82314
0.8221
0.82105
0.82
0.81894
0.81787
0.8168
0.81572
0.81463
0.81354
0.81245
0.81135
0.81025
0.80915
0.80804
0.80694
0.80585
0.80475
0.80367
0.8026
0.80154
0.80049
0.79946
0.79845
0.79746
0.7965
0.79555
0.79463
0.79374
0.79286
0.79202
0.79119
0.79039
0.78961
0.78885
0.78811
0.78739
0.78668
0.786
0.78533
0.78467
0.78403
0.7834
0.78279
0.78219
0.78161
0.78104
0.78048
0.77994
0.7794
0.77888
0.77836
0.77786
0.77736
0.77686
0.77638
0.77589
0.77541
0.77493
0.77445
0.77397
0.77349
0.77302
0.77254
0.77207
0.77159
0.77111
0.77063
0.77016
0.76967
0.76919
0.76871
0.76822
0.76773
