1
0.95828
0.9375
0.92551
0.91729
0.91052
0.89854
0.88772
0.87779
0.86861
0.86005
0.852
0.84438
0.8371
0.83014
0.82346
0.81711
0.81106
0.8053
0.79977
0.79451
0.78947
0.78467
0.78006
0.77566
0.77144
0.76742
0.76357
0.75989
0.75638
0.753
0.74972
0.74654
0.74345
0.74044
0.73749
0.73461
0.73177
0.72898
0.72625
0.72361
0.72105
0.71862
0.71632
0.71418
0.7122
0.71038
0.70871
0.70717
0.70573
0.70438
0.70308
0.70183
0.70061
0.69941
0.69822
0.69706
0.6959
0.69478
0.69368
0.69261
0.69159
0.69062
0.68971
0.68885
0.68805
0.68732
0.68665
0.68603
0.68547
0.68496
0.6845
0.68409
0.68371
0.68338
0.68307
0.68278
0.68249
0.68219
0.68186
0.68149
0.68108
0.68061
0.68006
0.67944
0.67873
0.67792
0.67701
0.67598
0.67486
0.67366
0.67241
0.67114
0.66988
0.66864
0.66745
0.66631
0.6652
0.66411
0.66302
0.66193
0.66083
0.65971
0.65859
0.65749
0.65642
0.65542
0.6545
0.65367
0.65294
0.65229
0.65173
0.65123
0.65077
0.65033
0.64989
