1
0.98647
0.9785
0.97237
0.96858
0.96555
0.96032
0.95868
0.95743
0.95616
0.95526
0.95432
0.95366
0.95293
0.95238
0.95183
0.95141
0.95119
0.94719
0.94334
0.93971
0.93617
0.93278
0.92947
0.92627
0.92315
0.92012
0.91717
0.9143
0.91149
0.90875
0.90608
0.90348
0.90096
0.8985
0.8961
0.89377
0.8915
0.88929
0.88713
0.88502
0.88296
0.88094
0.87896
0.87702
0.8751
0.87321
0.87135
0.8695
0.86768
0.86587
0.86407
0.86228
0.86051
0.85873
0.85697
0.8552
0.85344
0.85168
0.84992
0.84816
0.84641
0.84467
0.84293
0.8412
0.83949
0.8378
0.83613
0.8345
0.83289
0.83132
0.82978
0.82828
0.82681
0.82537
0.82396
0.82257
0.82121
0.81988
0.81856
0.81726
0.81598
0.81471
0.81346
0.81222
0.811
0.80979
0.80859
0.8074
0.80622
0.80505
0.80389
0.80274
0.8016
0.80048
0.79937
0.79826
0.79717
0.7961
0.79503
0.79399
0.79296
0.79194
0.79095
0.78997
0.78901
0.78807
0.78715
0.78625
0.78537
0.78451
0.78367
0.78285
0.78205
0.78126
0.78048
0.77973
0.77898
0.77825
0.77753
0.77682
0.77613
0.77545
0.77477
0.77411
0.77346
0.77281
0.77217
0.77155
0.77093
0.77031
0.7697
0.7691
0.76851
0.76792
0.76734
0.76676
0.76619
0.76562
0.76506
0.7645
0.76394
0.76339
0.76285
0.76231
0.76177
0.76124
0.76071
0.76018
0.75965
0.75913
0.75862
0.7581
0.75759
0.75708
0.75658
0.75608
0.75558
0.75508
0.75459
0.7541
0.75362
0.75313
0.75265
0.75217
0.7517
0.75122
0.75075
0.75028
0.74981
0.74935
0.74889
0.74843
0.74797
0.74751
0.74706
0.74661
0.74616
0.7457
0.74526
0.74481
0.74436
0.74392
0.74348
0.74303
0.74259
0.74215
0.74171
0.74128
0.74084
0.74041
0.73997
0.73954
0.73911
0.73868
0.73826
0.73783
0.73741
0.73699
0.73657
0.73615
0.73574
0.73532
0.73491
0.7345
0.7341
0.73369
0.73329
0.73289
0.73249
0.73209
0.7317
0.7313
0.73091
0.73052
0.73013
0.72975
0.72936
0.72898
0.72859
0.72821
0.72783
0.72745
0.72708
0.7267
0.72633
0.72596
0.72559
0.72522
0.72485
0.72448
0.72412
0.72376
0.72339
0.72303
0.72267
0.72232
0.72196
0.7216
0.72125
0.7209
0.72055
0.7202
0.71985
0.7195
0.71916
0.71881
0.71847
0.71813
0.71779
0.71745
0.71711
0.71677
0.71643
0.71609
0.71576
0.71542
0.71509
0.71475
0.71442
0.71408
0.71375
0.71342
0.71309
0.71276
0.71243
0.7121
0.71177
0.71145
0.71112
0.7108
0.71048
0.71015
0.70983
0.70951
0.70919
0.70887
0.70855
0.70824
0.70792
0.7076
0.70728
0.70696
0.70664
0.70633
0.70601
0.70569
0.70537
0.70506
0.70474
0.70442
0.70411
0.70379
0.70348
0.70316
0.70285
0.70253
0.70222
0.70191
0.7016
0.70129
0.70098
0.70067
0.70037
0.70006
