1
0.9493
0.94158
0.93629
0.93093
0.92714
0.92406
0.92158
0.91956
0.91388
0.90875
0.90385
0.89937
0.89503
0.89105
0.88718
0.88359
0.88011
0.87682
0.87358
0.87048
0.86745
0.86448
0.86147
0.85837
0.85511
0.85163
0.84792
0.84408
0.84026
0.83661
0.83322
0.83008
0.82719
0.82452
0.82202
0.81969
0.8175
0.81543
0.81346
0.81157
0.80977
0.80804
0.80637
0.80475
0.80319
0.80167
0.8002
0.79876
0.79736
0.79599
0.79464
0.79333
0.79204
0.79077
0.78952
0.78828
0.78707
0.78587
0.78467
0.78349
0.78232
0.78116
0.78001
0.77886
0.77772
0.77657
0.77543
0.77429
0.77315
0.77201
0.77087
0.76972
0.76857
0.76741
0.76625
0.76508
0.76391
0.76274
0.76156
0.76038
0.75919
0.758
0.75682
0.75563
0.75445
0.75327
0.75209
0.75092
0.74977
0.74862
0.74748
0.74636
0.74526
0.74417
0.7431
0.74204
0.74101
0.73999
0.73899
0.73802
0.73706
0.73612
0.73519
0.73429
0.7334
0.73253
0.73167
0.73082
0.73
0.72918
0.72838
0.72759
0.72681
0.72605
0.72529
0.72455
0.72381
0.72309
0.72237
0.72167
0.72097
0.72028
0.7196
0.71892
0.71825
0.71759
0.71694
0.7163
0.71566
0.71503
0.7144
0.71379
0.71317
0.71257
0.71197
0.71137
