58.5045
-0.72042
-0.77558
-0.75408
-0.74891
-0.7382
-0.7085
-0.74101
-0.74077
-0.72938
-0.78246
-0.7543
-0.75537
-0.77862
-0.78291
-0.72447
-0.7842
-0.77993
-0.78684
-0.73372
-0.72874
-0.7276
-0.75617
-0.73473
-0.73472
-0.73198
-0.72822
-0.73238
-0.75039
-0.71041
-0.70675
-0.70715
-0.7067
-0.67707
-0.72755
-0.68256
-0.67282
-0.69062
-0.7757
-0.74237
-0.75175
-0.75178
-0.71061
-0.7299
-0.80842
-0.79859
-0.74236
-1.3181
-1.1952
-1.3298
-1.2916
-1.4024
-1.3001
-1.3238
-1.4192
-1.3684
-2.0115
0
0
-2.7201
0
0
0
0
0
0
0
0
0
0
0
0
0
0
0
0
-3.3416
0
0
0
0
0
0
0
0
0
0
0
0
0
-4.445
0
0
0
0
0
0
0
0
0
0
0
0
0
0
0
0
0
0
0
0
-0.72042
55.7614
-0.77288
-0.74942
-0.74916
-0.73483
-0.70444
-0.73707
-0.73665
-0.72533
-0.78608
-0.75053
-0.75053
-0.77537
-0.77806
-0.72276
-0.78065
-0.77658
-0.78398
-0.73041
-0.72624
-0.72149
-0.74777
-0.73095
-0.73093
-0.73113
-0.7245
-0.72978
-0.74479
-0.70625
-0.70288
-0.70328
-0.70284
-0.67324
-0.72457
-0.67098
-0.66854
-0.6873
-0.77029
-0.72374
-0.74857
-0.74859
-0.71238
-0.72865
-0.80558
-0.79584
-0.75071
-1.3146
-1.1769
-1.3229
-1.2885
-1.3985
-1.2966
-1.3244
-1.4179
-1.3906
-2.1288
-2.0902
0
0
0
0
0
0
0
0
0
0
-3.0478
0
0
0
0
0
0
0
0
-2.6868
0
0
0
0
0
0
0
0
0
0
0
0
0
0
0
0
0
0
0
0
0
0
0
0
0
0
0
0
0
0
0
0
0
-0.77558
-0.77288
61.197
-0.80951
-0.7983
-0.78118
-0.75023
-0.78512
-0.78563
-0.77396
-0.83987
-0.79868
-0.80002
-0.82673
-0.82916
-0.77029
-0.83096
-0.82924
-0.83567
-0.77194
-0.78252
-0.77375
-0.80182
-0.77912
-0.77911
-0.77892
-0.77254
-0.7766
-0.79519
-0.75433
-0.75017
-0.75057
-0.75011
-0.71964
-0.77363
-0.72095
-0.71205
-0.73281
-0.82755
-0.78766
-0.79587
-0.79591
-0.75896
-0.78957
-0.85317
-0.84299
-0.79295
-1.364
-1.2272
-1.3668
-1.3368
-1.4481
-1.3437
-1.368
-1.4598
-1.4504
0
0
0
0
0
0
0
0
-0.93216
0
0
0
0
0
0
0
0
0
0
0
0
0
0
0
0
0
0
0
0
0
0
0
0
0
0
-4.6083
0
0
0
0
-7.1785
0
0
0
0
0
0
0
0
0
0
0
0
0
0
-0.75408
-0.74942
-0.80951
54.2764
-0.77841
-0.76069
-0.72927
-0.76416
-0.76391
-0.75228
-0.81781
-0.77665
-0.77864
-0.80299
-0.80641
-0.74879
-0.80779
-0.80548
-0.81322
-0.75695
-0.76014
-0.75045
-0.77806
-0.75689
-0.75689
-0.7571
-0.75027
-0.75547
-0.77119
-0.73258
-0.72818
-0.72858
-0.72812
-0.69793
-0.74958
-0.70017
-0.69244
-0.71113
-0.80088
-0.76354
-0.77353
-0.77356
-0.73693
-0.7672
-0.83061
-0.8206
-0.77597
-1.3389
-1.2036
-1.3469
-1.3121
-1.423
-1.3197
-1.3444
-1.4364
-1.4376
0
0
0
0
0
0
0
0
0
0
0
0
0
0
0
0
0
0
0
0
0
0
0
0
0
0
0
0
0
0
0
0
0
0
0
0
0
-6.9893
0
0
0
0
0
0
0
0
0
0
0
0
0
0
0
0
0
-0.74891
-0.74916
-0.7983
-0.77841
49.4921
-0.75971
-0.72845
-0.76
-0.76217
-0.75149
-0.81134
-0.77784
-0.78007
-0.80475
-0.80807
-0.75007
-0.81081
-0.80889
-0.81392
-0.75821
-0.75223
-0.75185
-0.78081
-0.75781
-0.7578
-0.75856
-0.75107
-0.75855
-0.77425
-0.73341
-0.72942
-0.72983
-0.72937
-0.6989
-0.75302
-0.70154
-0.69448
-0.71212
-0.8042
-0.76633
-0.77477
-0.7748
-0.73828
-0.75317
-0.83201
-0.82169
-0.78028
-1.3443
-1.2087
-1.3521
-1.3183
-1.4289
-1.3263
-1.3531
-1.4449
-1.419
-2.1652
0
0
0
0
0
0
0
0
0
0
0
0
0
0
0
0
0
0
0
0
0
0
0
0
0
0
0
0
0
0
0
0
0
0
0
0
0
0
0
0
0
0
0
0
0
0
0
0
0
0
0
0
0
0
-0.7382
-0.73483
-0.78118
-0.76069
-0.75971
46.35
-0.70674
-0.74809
-0.74769
-0.73024
-0.79542
-0.7594
-0.76147
-0.7857
-0.78868
-0.73192
-0.79224
-0.79285
-0.79475
-0.73979
-0.73427
-0.73347
-0.76217
-0.73942
-0.73941
-0.73954
-0.73267
-0.73948
-0.75546
-0.71541
-0.71123
-0.71163
-0.71117
-0.68095
-0.73494
-0.68323
-0.67557
-0.69381
-0.78564
-0.74811
-0.75605
-0.75608
-0.72037
-0.73569
-0.81283
-0.80287
-0.76185
-1.3226
-1.1847
-1.3303
-1.297
-1.4073
-1.3045
-1.3302
-1.4234
-1.4271
0
0
0
0
0
0
0
0
0
0
0
0
0
0
0
0
0
0
0
0
0
0
0
0
0
0
0
0
0
0
0
0
0
0
0
0
0
0
0
0
0
0
0
0
0
0
0
0
0
0
0
0
0
0
0
-0.7085
-0.70444
-0.75023
-0.72927
-0.72845
-0.70674
43.7389
-0.71347
-0.71256
-0.69928
-0.76428
-0.72807
-0.72896
-0.75329
-0.7544
-0.70036
-0.75923
-0.75743
-0.76073
-0.70784
-0.70238
-0.70164
-0.72913
-0.70764
-0.70763
-0.7078
-0.70091
-0.70789
-0.72266
-0.68383
-0.67987
-0.68026
-0.67982
-0.6501
-0.703
-0.65236
-0.64427
-0.66282
-0.75097
-0.71562
-0.72372
-0.72374
-0.68855
-0.70397
-0.77959
-0.76986
-0.72913
-1.2839
-1.1487
-1.2975
-1.2583
-1.368
-1.2661
-1.2912
-1.3847
0
0
0
0
0
0
0
0
0
0
0
0
0
0
0
0
0
0
0
0
0
0
0
-0.56374
0
0
0
0
0
0
0
0
0
0
0
0
0
0
0
0
0
0
0
0
0
0
0
0
0
0
0
0
0
0
0
0
-0.74101
-0.73707
-0.78512
-0.76416
-0.76
-0.74809
-0.71347
48.4616
-0.74816
-0.73641
-0.7946
-0.76193
-0.76315
-0.78762
-0.79094
-0.73419
-0.7948
-0.79089
-0.79635
-0.74243
-0.73704
-0.73641
-0.7646
-0.74184
-0.74183
-0.74107
-0.73512
-0.74096
-0.75756
-0.71653
-0.71359
-0.71398
-0.71354
-0.68336
-0.73759
-0.68438
-0.67766
-0.69684
-0.78716
-0.74873
-0.75864
-0.75867
-0.72126
-0.73889
-0.81558
-0.80546
-0.76281
-1.3261
-1.1886
-1.3423
-1.3001
-1.4106
-1.3079
-1.3318
-1.4272
0
0
0
0
0
0
0
0
0
0
0
0
0
0
0
0
0
0
0
0
0
0
0
0
0
0
0
0
0
0
0
0
-3.4055
0
0
0
0
0
0
0
0
0
0
0
0
0
0
0
0
0
0
0
0
0
0
0
-0.74077
-0.73665
-0.78563
-0.76391
-0.76217
-0.74769
-0.71256
-0.74816
47.3323
-0.73362
-0.79677
-0.75841
-0.76028
-0.78551
-0.7879
-0.73145
-0.79087
-0.78882
-0.79435
-0.74013
-0.73101
-0.73308
-0.76059
-0.73867
-0.73867
-0.73923
-0.73202
-0.73904
-0.75438
-0.71497
-0.71056
-0.71095
-0.7105
-0.68036
-0.73575
-0.68351
-0.67558
-0.69449
-0.75664
-0.74897
-0.75619
-0.75623
-0.72014
-0.73139
-0.81316
-0.80322
-0.76258
-1.3231
-1.1897
-1.3365
-1.2977
-1.4076
-1.3059
-1.3311
0
0
0
0
0
0
0
0
0
0
0
0
0
0
0
0
0
0
0
0
0
0
0
0
0
0
0
-3.8432
0
0
0
0
0
0
0
0
0
0
0
0
0
0
0
0
0
0
0
0
0
0
0
0
0
0
0
0
0
-0.72938
-0.72533
-0.77396
-0.75228
-0.75149
-0.73024
-0.69928
-0.73641
-0.73362
45.4029
-0.783
-0.74652
-0.7484
-0.77285
-0.77554
-0.71827
-0.77811
-0.73926
-0.7809
-0.7268
-0.72011
-0.71996
-0.74855
-0.72589
-0.72589
-0.72636
-0.71917
-0.72564
-0.74199
-0.70226
-0.69794
-0.69833
-0.69788
-0.66786
-0.72149
-0.67101
-0.66202
-0.68078
-0.77146
-0.73491
-0.7423
-0.74233
-0.70682
-0.721
-0.7986
-0.78883
-0.74895
-1.3075
-1.1761
-1.3202
-1.2825
-1.3918
-1.2902
0
0
0
0
0
0
0
0
0
0
0
0
0
0
0
0
0
0
0
0
0
0
0
0
0
0
0
0
0
0
0
0
0
0
0
0
0
0
0
-3.9246
0
0
0
0
0
0
0
0
0
0
0
0
0
0
0
0
0
0
-0.78246
-0.78608
-0.83987
-0.81781
-0.81134
-0.79542
-0.76428
-0.7946
-0.79677
-0.783
52.7892
-0.80295
-0.79229
-0.82462
-0.82559
-0.76862
-0.83022
-0.82681
-0.83131
-0.77853
-0.77893
-0.76914
-0.80098
-0.77795
-0.77795
-0.77883
-0.77111
-0.77509
-0.79455
-0.75218
-0.74897
-0.74938
-0.74892
-0.71809
-0.77271
-0.72037
-0.70908
-0.73503
-0.82559
-0.75649
-0.79535
-0.79539
-0.75311
-0.78567
-0.85259
-0.84195
-0.79594
0
0
0
0
0
0
0
0
0
0
0
0
-2.717
0
0
0
0
0
0
0
-2.5944
0
0
0
0
0
0
0
0
0
0
0
0
0
0
0
0
0
0
0
0
-4.5232
0
0
0
0
0
0
0
0
0
0
-6.8206
0
0
0
0
0
0
0
0
0
0
0
-0.7543
-0.75053
-0.79868
-0.77665
-0.77784
-0.7594
-0.72807
-0.76193
-0.75841
-0.74652
-0.80295
38.859
-0.7717
-0.79336
-0.80536
-0.73885
-0.80624
-0.79558
-0.80381
-0.74525
-0.73876
-0.74053
-0.77848
-0.74738
-0.74737
-0.74718
-0.74026
-0.74759
-0.76336
-0.72353
-0.7192
-0.71961
-0.71915
-0.68792
-0.74489
-0.69313
-0.68341
-0.70605
-0.80881
-0.75901
-0.76517
-0.76519
-0.7297
-0.74491
-0.82146
-0.81026
-0.77377
-1.3325
0
0
-1.3082
-1.4168
0
0
0
0
0
0
0
0
0
0
0
0
0
0
0
0
0
0
0
0
0
0
0
0
0
0
0
0
0
0
0
0
0
0
0
0
0
0
0
0
0
0
0
0
0
0
0
0
0
0
0
0
0
0
0
0
0
0
0
-0.75537
-0.75053
-0.80002
-0.77864
-0.78007
-0.76147
-0.72896
-0.76315
-0.76028
-0.7484
-0.79229
-0.7717
39.4337
-0.79215
-0.80442
-0.73543
-0.80559
-0.79388
-0.8013
-0.74217
-0.73673
-0.73683
-0.77824
-0.74466
-0.74465
-0.74382
-0.73749
-0.74348
-0.75111
-0.72055
-0.71644
-0.71684
-0.71639
-0.68517
-0.74169
-0.69038
-0.68102
-0.70304
-0.8092
-0.75428
-0.76246
-0.76249
-0.72646
-0.7438
-0.81881
-0.8076
-0.77122
0
0
0
0
0
0
0
0
0
0
0
0
0
0
0
0
0
0
0
0
-2.5595
0
0
0
0
0
0
-2.1635
0
0
0
0
0
0
0
0
0
0
0
0
0
0
0
0
0
0
0
0
0
0
0
0
0
0
0
0
0
0
0
0
0
0
0
0
-0.77862
-0.77537
-0.82673
-0.80299
-0.80475
-0.7857
-0.75329
-0.78762
-0.78551
-0.77285
-0.82462
-0.79336
-0.79215
43.5906
-0.81788
-0.76026
-0.82119
-0.82094
-0.82636
-0.76883
-0.76802
-0.7626
-0.7902
-0.76883
-0.76882
-0.76864
-0.76169
-0.76706
-0.78285
-0.74475
-0.73988
-0.74029
-0.73983
-0.70868
-0.76318
-0.71265
-0.70157
-0.72546
-0.81254
-0.77729
-0.78501
-0.78504
-0.74872
-0.77341
-0.84199
-0.83102
-0.78955
-1.3514
0
0
0
0
0
0
0
0
0
0
0
0
0
0
0
0
0
0
0
0
0
0
0
0
0
0
0
0
0
0
0
0
0
0
0
0
0
0
0
0
0
0
0
0
0
0
0
0
0
0
0
0
0
-6.4806
0
0
0
0
0
0
0
0
0
-0.78291
-0.77806
-0.82916
-0.80641
-0.80807
-0.78868
-0.7544
-0.79094
-0.7879
-0.77554
-0.82559
-0.80536
-0.80442
-0.81788
41.4586
-0.76714
-0.83462
-0.82133
-0.82558
-0.775
-0.77319
-0.76835
-0.80736
-0.77581
-0.77581
-0.77479
-0.76838
-0.7762
-0.79618
-0.74121
-0.74667
-0.74707
-0.74662
-0.71516
-0.77233
-0.71623
-0.71046
-0.73319
-0.83333
-0.786
-0.79358
-0.79361
-0.75369
-0.77814
-0.85126
-0.8397
-0.80291
0
0
0
0
0
0
0
0
0
0
0
0
0
0
0
0
0
0
-2.4414
0
0
0
0
0
0
0
0
0
-2.961
0
0
0
0
0
0
0
0
0
0
0
0
0
0
0
0
0
0
0
0
0
0
0
0
0
0
0
0
0
0
0
0
0
0
0
-0.72447
-0.72276
-0.77029
-0.74879
-0.75007
-0.73192
-0.70036
-0.73419
-0.73145
-0.71827
-0.76862
-0.73885
-0.73543
-0.76026
-0.76714
35.3139
-0.76572
-0.76223
-0.76745
-0.71971
-0.71091
-0.7076
-0.73652
-0.71702
-0.71701
-0.71368
-0.70766
-0.71892
-0.72993
-0.69083
-0.68744
-0.68783
-0.68739
-0.65568
-0.70869
-0.66035
-0.64897
-0.6717
-0.76052
-0.72219
-0.72995
-0.72998
-0.69529
-0.71333
-0.78629
-0.7755
-0.74061
0
0
0
0
0
0
0
0
0
0
0
0
0
0
0
0
-1.9841
0
0
0
0
0
0
0
0
0
0
0
0
0
0
0
0
0
0
0
0
0
0
0
0
0
0
0
0
0
0
0
0
0
0
0
0
0
0
0
0
0
0
0
0
0
0
0
-0.7842
-0.78065
-0.83096
-0.80779
-0.81081
-0.79224
-0.75923
-0.7948
-0.79087
-0.77811
-0.83022
-0.80624
-0.80559
-0.82119
-0.83462
-0.76572
40.5907
-0.82309
-0.82928
-0.763
-0.7682
-0.76791
-0.81097
-0.77538
-0.77536
-0.77503
-0.76808
-0.77464
-0.79673
-0.75166
-0.74676
-0.74716
-0.74671
-0.71498
-0.76347
-0.72048
-0.7072
-0.73283
-0.84221
-0.78789
-0.79339
-0.79342
-0.75697
-0.77394
-0.85037
-0.83915
-0.79663
0
0
0
0
0
0
0
0
0
0
0
0
0
0
0
0
0
0
0
0
0
0
0
0
0
0
0
0
0
0
0
0
0
0
0
0
0
0
0
0
0
0
-4.5046
0
0
0
0
0
0
0
0
0
0
0
0
0
0
0
0
0
0
0
0
0
-0.77993
-0.77658
-0.82924
-0.80548
-0.80889
-0.79285
-0.75743
-0.79089
-0.78882
-0.73926
-0.82681
-0.79558
-0.79388
-0.82094
-0.82133
-0.76223
-0.82309
44.8448
-0.8183
-0.77109
-0.76827
-0.76214
-0.79193
-0.77049
-0.77048
-0.77072
-0.7633
-0.76881
-0.78382
-0.74668
-0.74162
-0.74202
-0.74156
-0.71034
-0.76575
-0.71462
-0.70319
-0.72709
-0.81337
-0.778
-0.78711
-0.78714
-0.75075
-0.77204
-0.84415
-0.8331
0
0
0
0
0
0
0
0
0
0
0
0
0
0
0
0
0
0
0
0
0
0
0
0
0
0
0
0
0
0
0
0
0
0
0
0
0
0
0
0
0
0
0
0
0
0
-3.9706
0
0
0
0
0
0
0
-5.8631
0
0
0
0
0
0
0
0
0
0
-0.78684
-0.78398
-0.83567
-0.81322
-0.81392
-0.79475
-0.76073
-0.79635
-0.79435
-0.7809
-0.83131
-0.80381
-0.8013
-0.82636
-0.82558
-0.76745
-0.82928
-0.8183
42.3885
-0.77573
-0.77549
-0.76969
-0.79764
-0.77627
-0.77627
-0.77583
-0.76898
-0.77433
-0.78975
-0.75211
-0.74718
-0.74759
-0.74713
-0.71561
-0.77018
-0.72007
-0.70828
-0.73269
-0.81948
-0.78416
-0.79258
-0.79261
-0.75643
-0.78099
-0.84991
-0.83868
-0.79653
0
0
0
0
0
0
0
0
0
0
0
0
0
0
0
0
0
0
0
0
0
0
0
0
0
0
0
0
0
0
0
0
0
0
0
0
0
0
0
0
0
0
0
0
0
0
0
-6.2922
0
0
0
0
0
0
0
0
0
0
0
0
0
0
0
0
-0.73372
-0.73041
-0.77194
-0.75695
-0.75821
-0.73979
-0.70784
-0.74243
-0.74013
-0.7268
-0.77853
-0.74525
-0.74217
-0.76883
-0.775
-0.71971
-0.763
-0.77109
-0.77573
36.4883
-0.71603
-0.72191
-0.74338
-0.72682
-0.72681
-0.7265
-0.71792
-0.72878
-0.73429
-0.70174
-0.6971
-0.6975
-0.69705
-0.66523
-0.70715
-0.66832
-0.65669
-0.68075
-0.76811
-0.73489
-0.74036
-0.7404
-0.70506
-0.72297
-0.79616
-0.78547
-0.74641
0
0
0
0
0
0
0
0
0
0
0
0
0
-2.7869
0
0
0
0
0
0
0
0
0
0
0
0
0
0
0
0
0
0
0
0
0
0
0
0
0
0
0
0
0
0
0
0
0
0
0
0
0
0
0
0
0
0
0
0
0
0
0
0
0
0
-0.72874
-0.72624
-0.78252
-0.76014
-0.75223
-0.73427
-0.70238
-0.73704
-0.73101
-0.72011
-0.77893
-0.73876
-0.73673
-0.76802
-0.77319
-0.71091
-0.7682
-0.76827
-0.77549
-0.71603
37.5717
-0.71274
-0.73936
-0.71797
-0.71797
-0.71801
-0.70975
-0.72003
-0.73099
-0.69581
-0.69156
-0.69195
-0.6915
-0.66014
-0.71421
-0.66342
-0.65432
-0.67578
-0.76151
-0.72989
-0.73469
-0.73472
-0.69969
-0.64366
-0.78929
-0.77844
-0.74566
0
0
0
0
0
0
0
0
0
0
0
0
0
0
0
0
0
0
0
0
0
0
0
0
0
0
0
0
0
0
0
0
0
-4.1394
0
0
0
0
0
0
0
0
0
0
0
0
0
0
0
0
0
0
0
0
0
0
0
0
0
0
0
0
0
0
-0.7276
-0.72149
-0.77375
-0.75045
-0.75185
-0.73347
-0.70164
-0.73641
-0.73308
-0.71996
-0.76914
-0.74053
-0.73683
-0.7626
-0.76835
-0.7076
-0.76791
-0.76214
-0.76969
-0.72191
-0.71274
35.4331
-0.73606
-0.72084
-0.72083
-0.7175
-0.70986
-0.72284
-0.72963
-0.69276
-0.68984
-0.69024
-0.6898
-0.65765
-0.71078
-0.65959
-0.65044
-0.67332
-0.75898
-0.71533
-0.73209
-0.73211
-0.69677
-0.71628
-0.78845
-0.77762
0
0
0
0
0
0
0
0
0
0
0
0
0
0
0
0
0
0
0
0
0
0
0
0
0
0
0
0
0
0
0
0
0
-2.7744
0
0
0
0
0
0
0
0
0
0
0
0
0
0
0
0
0
0
0
0
0
0
0
0
0
0
0
0
0
0
0
-0.75617
-0.74777
-0.80182
-0.77806
-0.78081
-0.76217
-0.72913
-0.7646
-0.76059
-0.74855
-0.80098
-0.77848
-0.77824
-0.7902
-0.80736
-0.73652
-0.81097
-0.79193
-0.79764
-0.74338
-0.73936
-0.73606
39.5348
-0.74496
-0.74495
-0.74319
-0.73606
-0.7412
-0.74978
-0.71856
-0.7155
-0.7159
-0.71546
-0.68333
-0.73932
-0.67842
-0.6781
-0.6992
-0.77461
-0.75227
-0.75926
-0.75929
-0.72337
-0.74266
0
0
0
0
0
0
0
0
0
0
0
0
0
-2.0745
0
0
0
0
0
0
0
0
0
0
0
0
0
0
0
0
0
0
0
0
0
0
0
0
0
0
0
0
0
0
0
0
0
0
0
0
0
0
0
0
0
0
0
0
0
0
0
0
0
0
-5.2041
0
0
-0.73473
-0.73095
-0.77912
-0.75689
-0.75781
-0.73942
-0.70764
-0.74184
-0.73867
-0.72589
-0.77795
-0.74738
-0.74466
-0.76883
-0.77581
-0.71702
-0.77538
-0.77049
-0.77627
-0.72682
-0.71797
-0.72084
-0.74496
32.9414
-0.71391
-0.72773
-0.71034
-0.7297
-0.74078
-0.69002
-0.6935
-0.6939
-0.69346
-0.66076
-0.72037
-0.66641
-0.65631
-0.67894
-0.77391
-0.73881
-0.73822
-0.73825
-0.70388
-0.71917
-0.7935
-0.78227
0
0
0
0
0
0
0
0
0
0
0
0
0
0
0
0
0
0
0
0
0
0
0
0
0
0
0
0
0
0
0
0
0
0
0
0
0
0
0
0
0
0
0
0
0
0
0
0
0
0
0
0
0
0
0
0
0
0
0
0
0
0
0
0
0
-0.73472
-0.73093
-0.77911
-0.75689
-0.7578
-0.73941
-0.70763
-0.74183
-0.73867
-0.72589
-0.77795
-0.74737
-0.74465
-0.76882
-0.77581
-0.71701
-0.77536
-0.77048
-0.77627
-0.72681
-0.71797
-0.72083
-0.74495
-0.71391
32.9411
-0.72773
-0.71034
-0.72969
-0.74077
-0.69
-0.6935
-0.6939
-0.69345
-0.66076
-0.72036
-0.6664
-0.6563
-0.67893
-0.77389
-0.73879
-0.73821
-0.73825
-0.70389
-0.71916
-0.79349
-0.78226
0
0
0
0
0
0
0
0
0
0
0
0
0
0
0
0
0
0
0
0
0
0
0
0
0
0
0
0
0
0
0
0
0
0
0
0
0
0
0
0
0
0
0
0
0
0
0
0
0
0
0
0
0
0
0
0
0
0
0
0
0
0
0
0
0
-0.73198
-0.73113
-0.77892
-0.7571
-0.75856
-0.73954
-0.7078
-0.74107
-0.73923
-0.72636
-0.77883
-0.74718
-0.74382
-0.76864
-0.77479
-0.71368
-0.77503
-0.77072
-0.77583
-0.7265
-0.71801
-0.7175
-0.74319
-0.72773
-0.72773
33.9843
-0.71387
-0.71047
-0.73926
-0.69404
-0.69543
-0.69583
-0.69538
-0.6618
-0.7183
-0.66647
-0.65855
-0.67787
-0.7712
-0.73528
-0.73869
-0.73872
-0.70441
-0.72205
0
0
0
0
0
0
0
0
0
0
0
0
0
0
0
0
0
0
-2.6259
0
0
0
0
0
0
0
0
0
0
0
0
0
0
0
0
0
0
0
0
0
0
0
0
0
0
0
0
0
0
0
0
0
0
0
0
0
0
0
0
0
0
0
0
0
0
0
0
-0.72822
-0.7245
-0.77254
-0.75027
-0.75107
-0.73267
-0.70091
-0.73512
-0.73202
-0.71917
-0.77111
-0.74026
-0.73749
-0.76169
-0.76838
-0.70766
-0.76808
-0.7633
-0.76898
-0.71792
-0.70975
-0.70986
-0.73606
-0.71034
-0.71034
-0.71387
31.0655
-0.71426
-0.73053
-0.69392
-0.69613
-0.69652
-0.69608
-0.6542
-0.71088
-0.6569
-0.64968
-0.66888
-0.75866
-0.72746
-0.73027
-0.7303
-0.6949
-0.71433
0
0
0
0
0
0
0
0
0
0
0
0
0
0
0
0
0
0
0
0
0
0
0
0
0
0
0
0
0
0
0
0
0
0
0
0
0
0
0
0
0
0
0
0
0
0
0
0
0
0
0
0
0
0
0
0
0
0
0
0
0
0
0
0
0
0
0
-0.73238
-0.72978
-0.7766
-0.75547
-0.75855
-0.73948
-0.70789
-0.74096
-0.73904
-0.72564
-0.77509
-0.74759
-0.74348
-0.76706
-0.7762
-0.71892
-0.77464
-0.76881
-0.77433
-0.72878
-0.72003
-0.72284
-0.7412
-0.7297
-0.72969
-0.71047
-0.71426
35.2927
-0.73894
-0.69507
-0.69709
-0.69748
-0.69704
-0.66148
-0.71447
-0.66149
-0.65608
-0.67596
-0.76766
-0.72954
-0.73963
-0.73966
0
0
0
0
0
0
0
0
0
0
0
0
0
0
0
0
0
0
0
0
-2.6693
0
0
0
0
0
0
0
-2.703
0
0
0
0
0
0
0
0
0
0
0
0
0
0
0
0
0
0
0
0
0
0
0
0
0
0
0
0
0
0
0
0
0
0
0
0
0
0
0
0
-0.75039
-0.74479
-0.79519
-0.77119
-0.77425
-0.75546
-0.72266
-0.75756
-0.75438
-0.74199
-0.79455
-0.76336
-0.75111
-0.78285
-0.79618
-0.72993
-0.79673
-0.78382
-0.78975
-0.73429
-0.73099
-0.72963
-0.74978
-0.74078
-0.74077
-0.73926
-0.73053
-0.73894
37.7288
-0.71352
-0.71147
-0.71186
-0.71143
-0.67736
-0.73525
-0.67987
-0.6718
-0.69224
-0.76771
-0.7489
-0.7555
-0.75553
0
0
0
0
0
0
0
0
0
0
0
0
0
0
0
0
0
0
0
0
0
0
0
0
0
0
0
0
0
0
0
0
-2.1481
0
0
0
0
0
0
0
0
0
0
0
0
0
0
0
0
0
0
0
0
0
0
0
0
0
0
0
0
0
0
0
0
0
0
-5.0572
0
-0.71041
-0.70625
-0.75433
-0.73258
-0.73341
-0.71541
-0.68383
-0.71653
-0.71497
-0.70226
-0.75218
-0.72353
-0.72055
-0.74475
-0.74121
-0.69083
-0.75166
-0.74668
-0.75211
-0.70174
-0.69581
-0.69276
-0.71856
-0.69002
-0.69
-0.69404
-0.69392
-0.69507
-0.71352
31.947
-0.67936
-0.67976
-0.67931
-0.64046
-0.69315
-0.63703
-0.63289
-0.6527
-0.74073
-0.70278
-0.71454
-0.71457
-0.67768
0
0
0
0
0
0
0
0
0
0
0
0
0
0
0
0
0
0
0
0
0
0
-2.3231
0
0
0
0
0
0
0
0
0
0
0
0
0
0
0
0
0
0
0
0
0
0
0
0
0
0
0
0
0
0
0
0
0
0
0
0
0
0
0
0
0
0
0
0
0
-0.70675
-0.70288
-0.75017
-0.72818
-0.72942
-0.71123
-0.67987
-0.71359
-0.71056
-0.69794
-0.74897
-0.7192
-0.71644
-0.73988
-0.74667
-0.68744
-0.74676
-0.74162
-0.74718
-0.6971
-0.69156
-0.68984
-0.7155
-0.6935
-0.6935
-0.69543
-0.69613
-0.69709
-0.71147
-0.67936
29.4383
-0.65013
-0.6493
-0.62237
-0.69201
-0.62307
-0.62323
-0.64416
-0.74337
-0.72229
-0.70628
-0.70632
-0.67051
0
0
0
0
0
0
0
0
0
0
0
0
0
0
0
0
0
0
0
0
0
0
0
0
0
0
0
0
0
0
0
0
0
0
0
0
0
0
0
0
0
0
0
0
0
0
0
0
0
0
0
0
0
0
0
0
0
0
0
0
0
0
0
0
0
0
0
0
-0.70715
-0.70328
-0.75057
-0.72858
-0.72983
-0.71163
-0.68026
-0.71398
-0.71095
-0.69833
-0.74938
-0.71961
-0.71684
-0.74029
-0.74707
-0.68783
-0.74716
-0.74202
-0.74759
-0.6975
-0.69195
-0.69024
-0.7159
-0.6939
-0.6939
-0.69583
-0.69652
-0.69748
-0.71186
-0.67976
-0.65013
29.4553
-0.65003
-0.62278
-0.69239
-0.62371
-0.6237
-0.64457
-0.74373
-0.72261
-0.70676
-0.70679
-0.67096
0
0
0
0
0
0
0
0
0
0
0
0
0
0
0
0
0
0
0
0
0
0
0
0
0
0
0
0
0
0
0
0
0
0
0
0
0
0
0
0
0
0
0
0
0
0
0
0
0
0
0
0
0
0
0
0
0
0
0
0
0
0
0
0
0
0
0
0
-0.7067
-0.70284
-0.75011
-0.72812
-0.72937
-0.71117
-0.67982
-0.71354
-0.7105
-0.69788
-0.74892
-0.71915
-0.71639
-0.73983
-0.74662
-0.68739
-0.74671
-0.74156
-0.74713
-0.69705
-0.6915
-0.6898
-0.71546
-0.69346
-0.69345
-0.69538
-0.69608
-0.69704
-0.71143
-0.67931
-0.6493
-0.65003
29.4361
-0.62231
-0.69197
-0.62299
-0.62316
-0.6441
-0.74332
-0.72224
-0.70622
-0.70626
-0.67045
0
0
0
0
0
0
0
0
0
0
0
0
0
0
0
0
0
0
0
0
0
0
0
0
0
0
0
0
0
0
0
0
0
0
0
0
0
0
0
0
0
0
0
0
0
0
0
0
0
0
0
0
0
0
0
0
0
0
0
0
0
0
0
0
0
0
0
0
-0.67707
-0.67324
-0.71964
-0.69793
-0.6989
-0.68095
-0.6501
-0.68336
-0.68036
-0.66786
-0.71809
-0.68792
-0.68517
-0.70868
-0.71516
-0.65568
-0.71498
-0.71034
-0.71561
-0.66523
-0.66014
-0.65765
-0.68333
-0.66076
-0.66076
-0.6618
-0.6542
-0.66148
-0.67736
-0.64046
-0.62237
-0.62278
-0.62231
27.4929
-0.65119
-0.61043
-0.59617
-0.60553
-0.71092
-0.66683
-0.68007
-0.6801
0
0
0
0
0
0
0
0
0
0
0
0
0
0
0
0
0
0
0
0
0
0
0
0
0
0
0
0
0
0
0
0
0
0
0
0
0
0
0
0
0
0
0
0
0
0
0
0
0
0
0
0
0
0
0
0
0
0
0
0
0
0
0
0
0
0
0
0
0
-0.72755
-0.72457
-0.77363
-0.74958
-0.75302
-0.73494
-0.703
-0.73759
-0.73575
-0.72149
-0.77271
-0.74489
-0.74169
-0.76318
-0.77233
-0.70869
-0.76347
-0.76575
-0.77018
-0.70715
-0.71421
-0.71078
-0.73932
-0.72037
-0.72036
-0.7183
-0.71088
-0.71447
-0.73525
-0.69315
-0.69201
-0.69239
-0.69197
-0.65119
30.9645
-0.63547
-0.62736
-0.65057
0
0
0
0
0
0
0
0
0
0
0
0
0
0
0
0
0
0
0
0
0
0
0
0
0
0
0
0
0
0
0
0
0
0
0
0
0
0
0
0
0
0
0
0
0
0
-4.2753
0
0
0
0
0
0
0
0
0
0
0
0
0
0
0
0
0
0
0
0
0
0
0
0
0
0
-0.68256
-0.67098
-0.72095
-0.70017
-0.70154
-0.68323
-0.65236
-0.68438
-0.68351
-0.67101
-0.72037
-0.69313
-0.69038
-0.71265
-0.71623
-0.66035
-0.72048
-0.71462
-0.72007
-0.66832
-0.66342
-0.65959
-0.67842
-0.66641
-0.6664
-0.66647
-0.6569
-0.66149
-0.67987
-0.63703
-0.62307
-0.62371
-0.62299
-0.61043
-0.63547
28.4108
0
-0.61782
0
0
0
0
0
0
0
0
0
0
0
0
0
0
0
0
0
0
0
-1.9587
0
0
0
-2.2154
0
0
0
0
0
0
0
0
0
0
0
0
0
0
0
0
0
0
0
0
0
0
0
0
0
0
0
0
0
0
0
0
0
0
0
0
0
0
0
0
0
0
0
0
0
0
0
0
0
-0.67282
-0.66854
-0.71205
-0.69244
-0.69448
-0.67557
-0.64427
-0.67766
-0.67558
-0.66202
-0.70908
-0.68341
-0.68102
-0.70157
-0.71046
-0.64897
-0.7072
-0.70319
-0.70828
-0.65669
-0.65432
-0.65044
-0.6781
-0.65631
-0.6563
-0.65855
-0.64968
-0.65608
-0.6718
-0.63289
-0.62323
-0.6237
-0.62316
-0.59617
-0.62736
0
26.6325
-0.55119
0
0
0
0
0
0
-0.71646
0
0
0
0
0
0
0
0
0
0
0
0
0
0
0
0
0
0
0
0
0
0
0
0
0
0
0
0
-2.0215
0
0
0
0
0
0
0
0
0
0
0
0
0
0
0
0
0
0
0
0
0
0
0
0
0
0
0
0
0
0
0
0
0
0
0
0
0
-0.69062
-0.6873
-0.73281
-0.71113
-0.71212
-0.69381
-0.66282
-0.69684
-0.69449
-0.68078
-0.73503
-0.70605
-0.70304
-0.72546
-0.73319
-0.6717
-0.73283
-0.72709
-0.73269
-0.68075
-0.67578
-0.67332
-0.6992
-0.67894
-0.67893
-0.67787
-0.66888
-0.67596
-0.69224
-0.6527
-0.64416
-0.64457
-0.6441
-0.60553
-0.65057
-0.61782
-0.55119
26.4695
0
0
0
0
0
0
0
0
0
0
0
-1.2272
0
0
0
0
0
0
0
0
0
0
0
0
0
0
0
0
0
0
0
0
0
0
0
0
0
0
0
0
0
0
0
0
0
0
0
0
0
0
0
0
0
0
0
0
0
0
0
0
0
0
0
0
0
0
0
0
0
0
0
0
0
-0.7757
-0.77029
-0.82755
-0.80088
-0.8042
-0.78564
-0.75097
-0.78716
-0.75664
-0.77146
-0.82559
-0.80881
-0.8092
-0.81254
-0.83333
-0.76052
-0.84221
-0.81337
-0.81948
-0.76811
-0.76151
-0.75898
-0.77461
-0.77391
-0.77389
-0.7712
-0.75866
-0.76766
-0.76771
-0.74073
-0.74337
-0.74373
-0.74332
-0.71092
0
0
0
0
39.5701
0
0
0
0
0
0
0
0
0
0
0
0
0
0
0
0
0
0
-2.0868
-2.1555
0
0
0
0
0
0
0
0
0
0
0
0
0
0
0
0
0
0
0
0
0
0
-3.7613
0
0
0
0
0
0
0
0
0
0
0
0
0
0
0
0
0
0
0
0
0
0
0
0
0
-5.0526
0
0
0
-0.74237
-0.72374
-0.78766
-0.76354
-0.76633
-0.74811
-0.71562
-0.74873
-0.74897
-0.73491
-0.75649
-0.75901
-0.75428
-0.77729
-0.786
-0.72219
-0.78789
-0.778
-0.78416
-0.73489
-0.72989
-0.71533
-0.75227
-0.73881
-0.73879
-0.73528
-0.72746
-0.72954
-0.7489
-0.70278
-0.72229
-0.72261
-0.72224
-0.66683
0
0
0
0
0
32.4802
0
0
0
0
0
0
0
0
0
0
0
0
0
0
0
0
0
0
0
0
0
0
0
0
0
0
0
0
-2.8455
0
0
0
0
0
0
0
0
0
0
0
0
0
-4.3616
0
0
0
0
0
0
0
0
0
0
0
0
0
0
0
0
0
0
0
0
0
0
0
0
0
0
0
0
-0.75175
-0.74857
-0.79587
-0.77353
-0.77477
-0.75605
-0.72372
-0.75864
-0.75619
-0.7423
-0.79535
-0.76517
-0.76246
-0.78501
-0.79358
-0.72995
-0.79339
-0.78711
-0.79258
-0.74036
-0.73469
-0.73209
-0.75926
-0.73822
-0.73821
-0.73869
-0.73027
-0.73963
-0.7555
-0.71454
-0.70628
-0.70676
-0.70622
-0.68007
0
0
0
0
0
0
25.5068
0
0
0
0
0
0
0
0
0
0
0
0
0
0
0
0
0
0
0
0
0
0
0
0
0
0
0
0
0
0
0
0
0
0
0
0
0
0
0
0
0
0
0
0
0
0
0
0
0
0
0
0
0
0
0
0
0
0
0
0
0
0
0
0
0
0
0
0
0
0
-0.75178
-0.74859
-0.79591
-0.77356
-0.7748
-0.75608
-0.72374
-0.75867
-0.75623
-0.74233
-0.79539
-0.76519
-0.76249
-0.78504
-0.79361
-0.72998
-0.79342
-0.78714
-0.79261
-0.7404
-0.73472
-0.73211
-0.75929
-0.73825
-0.73825
-0.73872
-0.7303
-0.73966
-0.75553
-0.71457
-0.70632
-0.70679
-0.70626
-0.6801
0
0
0
0
0
0
0
25.5078
0
0
0
0
0
0
0
0
0
0
0
0
0
0
0
0
0
0
0
0
0
0
0
0
0
0
0
0
0
0
0
0
0
0
0
0
0
0
0
0
0
0
0
0
0
0
0
0
0
0
0
0
0
0
0
0
0
0
0
0
0
0
0
0
0
0
0
0
0
-0.71061
-0.71238
-0.75896
-0.73693
-0.73828
-0.72037
-0.68855
-0.72126
-0.72014
-0.70682
-0.75311
-0.7297
-0.72646
-0.74872
-0.75369
-0.69529
-0.75697
-0.75075
-0.75643
-0.70506
-0.69969
-0.69677
-0.72337
-0.70388
-0.70389
-0.70441
-0.6949
0
0
-0.67768
-0.67051
-0.67096
-0.67045
0
0
0
0
0
0
0
0
0
24.2279
0
0
0
0
0
0
0
0
0
0
0
0
0
0
0
-2.0209
0
0
0
0
0
0
0
0
0
0
0
0
0
0
0
0
0
0
0
0
0
0
0
0
0
0
0
0
0
0
0
0
0
0
0
0
0
0
0
0
0
0
0
0
0
0
0
0
0
0
0
0
-0.7299
-0.72865
-0.78957
-0.7672
-0.75317
-0.73569
-0.70397
-0.73889
-0.73139
-0.721
-0.78567
-0.74491
-0.7438
-0.77341
-0.77814
-0.71333
-0.77394
-0.77204
-0.78099
-0.72297
-0.64366
-0.71628
-0.74266
-0.71917
-0.71916
-0.72205
-0.71433
0
0
0
0
0
0
0
0
0
0
0
0
0
0
0
0
23.68
0
0
0
0
0
0
0
0
0
0
0
0
0
0
0
0
0
0
0
0
0
0
0
0
0
0
0
0
0
0
0
0
0
0
0
0
-3.714
0
0
0
0
0
0
0
0
0
0
0
0
0
0
0
0
0
0
0
0
0
0
0
0
0
0
0
0
0
0
-0.80842
-0.80558
-0.85317
-0.83061
-0.83201
-0.81283
-0.77959
-0.81558
-0.81316
-0.7986
-0.85259
-0.82146
-0.81881
-0.84199
-0.85126
-0.78629
-0.85037
-0.84415
-0.84991
-0.79616
-0.78929
-0.78845
0
-0.7935
-0.79349
0
0
0
0
0
0
0
0
0
0
0
-0.71646
0
0
0
0
0
0
0
20.3437
0
0
0
0
0
0
0
0
0
0
0
0
0
0
0
0
0
0
0
0
0
0
0
0
0
0
0
0
0
0
0
0
0
0
0
0
0
0
0
0
0
0
0
0
0
0
0
0
0
0
0
0
0
0
0
0
0
0
0
0
0
0
0
0
0
0
-0.79859
-0.79584
-0.84299
-0.8206
-0.82169
-0.80287
-0.76986
-0.80546
-0.80322
-0.78883
-0.84195
-0.81026
-0.8076
-0.83102
-0.8397
-0.7755
-0.83915
-0.8331
-0.83868
-0.78547
-0.77844
-0.77762
0
-0.78227
-0.78226
0
0
0
0
0
0
0
0
0
0
0
0
0
0
0
0
0
0
0
0
19.373
0
0
0
0
0
0
0
0
0
0
0
0
0
0
0
0
0
0
0
0
0
0
0
0
0
0
0
0
0
0
0
0
0
0
0
0
0
0
0
0
0
0
0
0
0
0
0
0
0
0
0
0
0
0
0
0
0
0
0
0
0
0
0
0
0
-0.74236
-0.75071
-0.79295
-0.77597
-0.78028
-0.76185
-0.72913
-0.76281
-0.76258
-0.74895
-0.79594
-0.77377
-0.77122
-0.78955
-0.80291
-0.74061
-0.79663
0
-0.79653
-0.74641
-0.74566
0
0
0
0
0
0
0
0
0
0
0
0
0
0
0
0
0
0
0
0
0
0
0
0
0
22.5068
0
0
0
0
0
0
0
0
0
0
0
0
0
0
0
0
0
0
0
0
0
0
-3.1488
0
0
0
0
0
0
0
0
0
0
0
0
0
0
0
0
0
0
0
0
0
0
0
0
0
0
0
-3.9911
0
0
0
0
0
0
0
0
0
0
0
0
0
-1.3181
-1.3146
-1.364
-1.3389
-1.3443
-1.3226
-1.2839
-1.3261
-1.3231
-1.3075
0
-1.3325
0
-1.3514
0
0
0
0
0
0
0
0
0
0
0
0
0
0
0
0
0
0
0
0
0
0
0
0
0
0
0
0
0
0
0
0
0
15.9271
0
0
0
0
0
0
0
0
0
0
0
0
0
0
0
0
0
0
0
0
0
0
0
0
0
0
0
0
0
0
0
0
0
0
0
0
0
0
0
0
0
0
0
0
0
0
0
0
0
0
0
0
0
0
0
0
0
0
0
0
0
0
0
-1.1952
-1.1769
-1.2272
-1.2036
-1.2087
-1.1847
-1.1487
-1.1886
-1.1897
-1.1761
0
0
0
0
0
0
0
0
0
0
0
0
0
0
0
0
0
0
0
0
0
0
0
0
0
0
0
0
0
0
0
0
0
0
0
0
0
0
17.1866
0
0
0
0
0
0
0
0
0
0
0
0
-2.4812
0
0
0
0
0
0
0
0
0
0
0
0
0
-2.806
0
0
0
0
0
0
0
0
0
0
0
0
0
0
0
0
0
0
0
0
0
0
0
0
0
0
0
0
0
0
0
0
0
0
0
-1.3298
-1.3229
-1.3668
-1.3469
-1.3521
-1.3303
-1.2975
-1.3423
-1.3365
-1.3202
0
0
0
0
0
0
0
0
0
0
0
0
0
0
0
0
0
0
0
0
0
0
0
0
0
0
0
-1.2272
0
0
0
0
0
0
0
0
0
0
0
17.3551
0
0
0
0
0
0
0
0
0
0
0
0
0
0
0
0
0
0
0
0
0
0
-2.7827
0
0
0
0
0
0
0
0
0
0
0
0
0
0
0
0
0
0
0
0
0
0
0
0
0
0
0
0
0
0
0
0
0
0
0
0
0
0
-1.2916
-1.2885
-1.3368
-1.3121
-1.3183
-1.297
-1.2583
-1.3001
-1.2977
-1.2825
0
-1.3082
0
0
0
0
0
0
0
0
0
0
0
0
0
0
0
0
0
0
0
0
0
0
0
0
0
0
0
0
0
0
0
0
0
0
0
0
0
0
14.291
0
0
0
0
0
0
0
0
0
0
0
0
0
0
0
0
0
0
0
0
0
0
0
0
0
0
0
0
0
0
0
0
0
0
0
0
0
0
0
0
0
0
0
0
0
0
0
0
0
0
0
0
0
0
0
0
0
0
0
0
-1.4024
-1.3985
-1.4481
-1.423
-1.4289
-1.4073
-1.368
-1.4106
-1.4076
-1.3918
0
-1.4168
0
0
0
0
0
0
0
0
0
0
0
0
0
0
0
0
0
0
0
0
0
0
0
0
0
0
0
0
0
0
0
0
0
0
0
0
0
0
0
15.503
0
0
0
0
0
0
0
0
0
0
0
0
0
0
0
0
0
0
0
0
0
0
0
0
0
0
0
0
0
0
0
0
0
0
0
0
0
0
0
0
0
0
0
0
0
0
0
0
0
0
0
0
0
0
0
0
0
0
0
-1.3001
-1.2966
-1.3437
-1.3197
-1.3263
-1.3045
-1.2661
-1.3079
-1.3059
-1.2902
0
0
0
0
0
0
0
0
0
0
0
0
0
0
0
0
0
0
0
0
0
0
0
0
0
0
0
0
0
0
0
0
0
0
0
0
0
0
0
0
0
0
13.061
0
0
0
0
0
0
0
0
0
0
0
0
0
0
0
0
0
0
0
0
0
0
0
0
0
0
0
0
0
0
0
0
0
0
0
0
0
0
0
0
0
0
0
0
0
0
0
0
0
0
0
0
0
0
0
0
0
0
-1.3238
-1.3244
-1.368
-1.3444
-1.3531
-1.3302
-1.2912
-1.3318
-1.3311
0
0
0
0
0
0
0
0
0
0
0
0
0
0
0
0
0
0
0
0
0
0
0
0
0
0
0
0
0
0
0
0
0
0
0
0
0
0
0
0
0
0
0
0
11.9981
0
0
0
0
0
0
0
0
0
0
0
0
0
0
0
0
0
0
0
0
0
0
0
0
0
0
0
0
0
0
0
0
0
0
0
0
0
0
0
0
0
0
0
0
0
0
0
0
0
0
0
0
0
0
0
0
0
-1.4192
-1.4179
-1.4598
-1.4364
-1.4449
-1.4234
-1.3847
-1.4272
0
0
0
0
0
0
0
0
0
0
0
0
0
0
0
0
0
0
0
0
0
0
0
0
0
0
0
0
0
0
0
0
0
0
0
0
0
0
0
0
0
0
0
0
0
0
11.4135
0
0
0
0
0
0
0
0
0
0
0
0
0
0
0
0
0
0
0
0
0
0
0
0
0
0
0
0
0
0
0
0
0
0
0
0
0
0
0
0
0
0
0
0
0
0
0
0
0
0
0
0
0
0
0
0
-1.3684
-1.3906
-1.4504
-1.4376
-1.419
-1.4271
0
0
0
0
0
0
0
0
0
0
0
0
0
0
0
0
0
0
0
0
0
0
0
0
0
0
0
0
0
0
0
0
0
0
0
0
0
0
0
0
0
0
0
0
0
0
0
0
0
12.9886
-2.1017
0
0
0
0
0
0
0
0
0
0
0
0
0
0
0
-2.3937
0
0
0
0
0
0
0
0
0
0
0
0
0
0
0
0
0
0
0
0
0
0
0
0
0
0
0
0
0
0
0
0
0
0
0
0
0
0
-2.0115
-2.1288
0
0
-2.1652
0
0
0
0
0
0
0
0
0
0
0
0
0
0
0
0
0
0
0
0
0
0
0
0
0
0
0
0
0
0
0
0
0
0
0
0
0
0
0
0
0
0
0
0
0
0
0
0
0
0
-2.1017
11.1628
0
0
0
0
0
0
0
0
0
0
0
0
0
0
0
0
0
0
0
-2.7556
0
0
0
0
0
0
0
0
0
0
0
0
0
0
0
0
0
0
0
0
0
0
0
0
0
0
0
0
0
0
0
0
0
0
0
-2.0902
0
0
0
0
0
0
0
0
0
0
0
0
0
0
0
0
0
0
0
0
-2.0745
0
0
0
0
0
0
0
0
0
0
0
0
-1.9587
0
0
-2.0868
0
0
0
0
0
0
0
0
0
0
0
0
0
0
0
0
0
0
12.4476
0
0
0
0
0
0
0
0
0
0
0
0
0
0
0
0
0
0
0
0
0
0
0
0
0
0
0
0
0
0
0
0
0
0
0
0
0
0
0
0
0
0
0
0
0
-4.2374
0
0
0
0
0
0
0
0
0
0
0
0
0
0
0
0
0
0
0
0
0
0
0
0
0
0
0
0
0
0
0
0
0
0
0
0
0
0
0
0
0
0
0
0
0
-2.1555
0
0
0
-2.0209
0
0
0
0
0
0
0
0
0
0
0
0
0
0
0
13.2519
-2.6011
0
0
0
0
0
0
-3.2687
0
0
0
0
0
0
0
0
0
0
0
0
0
0
0
0
0
0
-3.2057
0
0
0
0
0
0
0
0
0
0
0
0
0
0
0
0
0
0
0
0
0
0
0
0
0
-2.7201
0
0
0
0
0
0
0
0
0
-2.717
0
0
0
0
0
0
0
0
0
0
0
0
0
0
0
0
0
0
0
0
0
0
0
0
0
0
0
0
0
0
0
0
0
0
0
0
0
0
0
0
0
0
0
0
0
0
0
-2.6011
12.4243
0
0
0
0
0
0
0
0
0
0
0
0
0
0
0
0
0
0
0
0
0
0
0
0
0
0
0
0
0
0
0
0
0
0
0
0
0
0
0
0
0
0
0
0
0
0
0
0
0
0
-4.386
0
0
0
0
0
0
0
0
0
0
0
0
0
0
0
0
0
0
0
-2.7869
0
0
0
0
0
0
0
0
0
0
0
0
0
0
0
0
0
0
0
0
0
0
0
0
0
0
0
0
0
0
0
0
0
0
0
0
0
0
0
0
14.0626
0
0
0
0
0
0
0
0
0
0
0
0
0
0
0
0
0
0
0
0
0
0
0
-3.7232
0
0
0
0
-3.737
0
-3.8154
0
0
0
0
0
0
0
0
0
0
0
0
0
0
0
0
0
0
0
0
0
0
0
0
0
0
0
0
0
0
0
0
0
0
0
0
0
0
0
0
0
0
0
0
0
0
0
0
0
0
0
0
0
0
-2.2154
0
0
0
0
0
0
0
0
0
0
0
0
-2.4812
0
0
0
0
0
0
0
0
0
0
0
0
10.9173
0
0
0
-2.7514
0
0
0
0
0
0
0
0
0
0
0
0
0
0
0
0
0
0
0
0
-3.4692
0
0
0
0
0
0
0
0
0
0
0
0
0
0
0
0
0
0
0
0
0
0
0
0
0
0
0
0
0
0
0
0
0
0
0
0
0
0
0
0
0
0
0
0
0
0
0
0
0
-2.6259
0
-2.6693
0
0
0
0
0
0
0
0
0
0
0
0
0
0
0
0
0
0
0
0
0
0
0
0
0
0
0
0
0
0
0
0
0
0
11.0627
0
0
0
0
0
0
-2.8241
0
-2.9435
0
0
0
0
0
0
0
0
0
0
0
0
0
0
0
0
0
0
0
0
0
0
0
0
0
0
0
0
0
0
0
0
0
0
0
0
0
0
0
0
0
0
0
0
0
0
0
0
0
0
0
0
0
0
-1.9841
0
0
0
0
0
0
0
0
0
0
0
0
0
0
0
0
0
0
0
0
0
0
0
0
0
0
0
0
0
0
0
0
0
0
0
0
0
0
0
0
0
0
0
0
0
0
0
11.1078
0
0
0
0
0
0
-3.1183
-3.6374
0
0
0
0
0
0
-2.368
0
0
0
0
0
0
0
0
0
0
0
0
0
0
0
0
0
0
0
0
0
0
0
0
0
0
0
0
0
0
0
0
0
0
-0.93216
0
0
0
0
0
0
0
0
0
0
0
0
0
0
0
0
0
0
0
0
0
0
0
0
0
0
0
0
0
0
0
0
0
0
0
0
0
0
0
0
0
0
0
0
0
0
0
0
0
0
0
0
0
0
0
0
0
0
0
0
0
11.7883
0
0
0
0
0
0
0
0
0
0
0
0
0
0
-3.1254
0
0
0
-3.8794
0
0
0
0
0
0
0
0
0
0
0
0
0
0
-3.8513
0
0
0
0
0
0
0
0
0
0
0
0
0
0
0
0
0
0
0
0
0
0
0
0
0
0
-2.4414
0
0
0
0
0
0
0
0
0
0
0
0
0
0
-2.3231
0
0
0
0
0
0
0
0
0
0
0
0
0
0
0
0
0
0
0
0
0
0
0
0
0
0
0
0
0
0
0
-2.7514
0
0
0
11.7358
0
0
0
0
0
0
0
0
0
0
0
0
0
0
0
0
0
0
0
0
0
0
0
0
0
0
0
0
0
0
0
0
0
0
0
0
0
0
0
-4.2199
0
0
0
0
0
0
0
0
0
0
0
0
0
0
0
0
0
0
0
0
0
0
0
0
0
0
0
0
0
0
0
0
0
0
0
0
0
0
0
0
0
0
0
0
0
0
0
0
0
0
0
0
0
0
0
0
0
0
0
0
0
0
0
-3.2687
0
0
0
0
0
0
0
9.8622
0
0
0
0
0
0
0
0
-3.0456
0
-3.5479
0
0
0
0
0
0
0
0
0
0
0
0
0
0
0
0
0
0
0
0
0
0
0
0
0
0
0
0
0
0
0
0
0
0
0
0
0
0
0
0
0
0
0
-2.5944
0
-2.5595
0
0
0
0
0
0
0
0
0
0
0
0
0
0
0
0
0
0
0
0
0
0
0
0
0
0
0
0
0
0
0
0
0
0
0
0
0
0
0
0
0
0
0
0
0
0
0
0
0
0
0
0
0
0
8.8811
0
0
0
0
0
0
0
0
0
0
0
0
0
0
0
0
0
0
0
0
0
0
0
0
0
0
0
0
0
0
0
0
0
0
0
0
0
0
-3.7272
0
0
0
0
0
-3.0478
0
0
0
0
0
0
0
0
0
0
0
0
0
0
0
0
0
0
0
0
0
0
0
0
0
0
0
0
0
0
0
0
0
0
0
0
0
-2.8455
0
0
0
0
0
0
0
0
0
0
0
0
0
0
0
0
0
0
0
0
0
0
0
0
0
0
0
0
8.9981
0
0
0
0
0
0
0
0
0
0
-3.1048
0
0
0
0
0
0
0
0
0
0
0
0
0
0
0
0
0
0
0
0
0
0
0
0
0
0
0
0
0
0
0
0
0
0
0
0
0
0
0
0
0
0
0
0
0
0
0
0
0
0
0
0
0
0
0
0
0
0
0
0
0
0
0
0
0
0
0
0
0
0
0
0
0
0
0
0
0
-3.1488
0
0
0
0
0
0
0
0
0
0
0
0
0
0
0
-2.8241
0
0
0
0
0
0
9.1664
0
0
0
0
0
0
0
0
0
0
0
0
0
0
0
0
0
0
0
0
-3.1935
0
0
0
0
0
0
0
0
0
0
0
0
0
0
0
0
0
0
0
0
0
0
0
0
0
0
0
0
0
0
0
0
0
0
0
0
0
0
0
0
0
0
0
0
0
0
0
-2.703
0
0
0
0
0
0
0
0
0
0
0
0
0
0
0
0
0
0
0
0
0
0
0
0
0
0
0
0
0
0
0
0
0
0
0
-3.1183
0
0
0
0
0
0
9.5174
0
0
0
0
0
0
0
0
0
0
0
0
0
0
0
-3.6962
0
0
0
0
0
0
0
0
0
0
0
0
0
0
0
0
0
0
0
0
0
0
0
0
0
0
0
0
0
0
0
0
0
0
0
0
0
0
0
0
0
0
0
0
0
0
0
0
0
0
0
0
0
0
0
0
0
0
0
0
0
0
0
0
0
0
0
0
0
0
0
0
0
0
0
0
0
0
0
0
0
0
0
0
0
0
-2.9435
-3.6374
0
0
0
0
0
0
0
9.9291
0
0
0
0
-3.3482
0
0
0
0
0
0
0
0
0
0
0
0
0
0
0
0
0
0
0
0
0
0
0
0
0
0
0
0
0
0
0
0
0
0
0
0
0
0
0
0
0
0
0
0
0
0
0
0
0
0
0
0
0
0
0
0
0
0
0
0
0
0
0
0
0
0
0
0
0
0
0
0
0
0
0
0
0
0
0
0
0
0
0
-2.7827
0
0
0
0
0
-2.3937
0
0
0
0
0
0
0
0
0
0
0
0
0
0
0
0
8.8284
-3.652
0
0
0
0
0
0
0
0
0
0
0
0
0
0
0
0
0
0
0
0
0
0
0
0
0
0
0
0
0
0
0
0
0
0
0
0
0
0
0
0
0
0
0
0
0
0
0
0
0
0
0
0
0
0
0
0
0
0
0
0
0
0
0
0
0
0
0
0
0
0
0
0
0
-2.0215
0
0
0
0
0
0
0
0
0
0
0
0
0
0
0
0
0
0
0
0
0
0
0
0
0
0
0
0
0
0
0
0
0
0
0
-3.652
6.3059
0
0
0
0
0
0
0
0
0
0
0
0
0
0
0
0
0
0
0
0
0
-0.63252
0
0
0
0
0
0
0
0
0
0
0
0
0
0
0
0
0
0
0
0
0
0
0
0
0
0
0
-2.1635
0
0
0
0
0
0
0
0
0
0
0
0
0
0
0
-2.1481
0
0
0
0
0
0
0
0
0
0
0
0
0
0
0
0
0
0
0
0
0
0
0
0
0
0
0
0
0
0
0
0
0
0
0
0
0
0
0
0
0
0
0
0
0
7.5668
0
0
0
0
0
0
0
0
0
0
0
0
0
0
0
0
0
0
0
0
0
0
0
0
0
0
0
-3.2552
0
0
0
0
0
0
0
0
0
0
0
0
0
0
0
0
0
0
0
0
0
0
-2.961
0
0
0
0
0
0
0
0
0
0
0
0
0
0
0
0
0
0
0
0
0
0
0
0
0
0
0
0
0
0
0
0
0
-2.806
0
0
0
0
0
0
0
0
0
0
0
0
0
0
0
0
0
-3.0456
0
0
0
0
0
0
0
0
8.8126
0
0
0
0
0
0
0
0
0
0
0
0
0
0
0
0
0
0
0
0
0
0
0
0
0
0
0
0
0
0
0
0
0
0
0
-3.3416
0
0
0
0
0
0
0
0
0
0
0
0
0
0
0
0
0
0
0
0
0
0
0
0
0
0
0
0
0
0
0
0
0
0
0
0
0
0
0
0
0
0
0
0
0
0
0
0
0
0
0
0
0
0
0
-2.7556
0
0
0
0
0
0
0
0
0
0
0
0
0
0
-3.3482
0
0
0
0
9.4454
0
0
0
0
0
0
0
0
0
0
0
0
0
0
0
0
0
0
0
0
0
0
0
0
0
0
0
0
0
0
0
0
0
0
0
-2.6868
0
0
0
0
0
0
0
0
0
0
0
0
0
0
0
0
0
0
0
0
0
0
0
0
0
0
0
0
0
0
0
0
0
0
0
0
0
0
0
0
0
0
0
0
0
0
0
0
0
0
0
0
0
0
0
0
0
0
0
0
0
0
0
0
-3.5479
0
0
0
0
0
0
0
0
0
0
9.7325
0
0
0
0
0
-3.4977
0
0
0
0
0
0
0
0
0
0
0
0
0
0
0
0
0
0
0
0
0
0
0
0
0
0
0
0
0
0
0
0
0
-0.56374
0
0
0
0
0
0
0
0
0
0
0
0
0
0
0
0
0
0
0
0
0
0
0
0
0
0
0
0
0
0
0
0
0
0
0
0
0
0
0
0
0
0
0
0
0
0
0
0
0
0
0
0
0
0
0
0
-2.368
0
0
0
0
0
0
0
0
0
0
0
0
0
0
6.6649
0
0
0
0
0
0
0
0
0
0
0
0
0
0
0
0
0
0
0
0
0
0
0
0
0
-3.7332
0
0
0
0
0
0
0
0
0
0
0
0
0
0
0
0
0
0
0
0
0
0
0
0
0
0
0
-2.7744
0
0
0
0
0
0
0
0
0
0
0
0
0
0
0
0
0
0
0
0
0
0
0
0
0
0
0
0
0
0
0
0
0
0
0
0
0
0
0
0
0
0
-3.1254
0
0
0
-3.1048
0
0
0
0
0
0
0
0
0
0
9.0047
0
0
0
0
0
0
0
0
0
0
0
0
0
0
0
0
0
0
0
0
0
0
0
0
0
0
0
0
0
0
0
0
0
0
0
0
0
0
0
0
0
0
0
0
0
0
0
0
0
0
0
-4.1394
0
0
0
0
0
0
0
0
0
0
0
0
0
0
0
0
0
0
0
0
0
0
-3.714
0
0
0
0
0
0
0
0
0
0
0
0
0
0
0
0
0
0
0
0
0
0
0
0
0
0
0
0
0
0
0
0
0
0
0
0
7.8535
0
0
0
0
0
0
0
0
0
0
0
0
0
0
0
0
0
0
0
0
0
0
0
0
0
0
0
0
0
0
0
0
0
0
0
0
0
0
-3.8432
0
0
0
0
0
0
0
0
0
0
0
0
0
0
0
0
0
0
0
0
0
0
0
0
0
0
0
0
0
-3.7613
0
0
0
0
0
0
0
0
0
0
0
0
0
0
0
0
0
0
0
0
0
0
0
0
0
0
0
0
0
0
0
0
0
0
0
0
0
0
0
0
0
0
7.6046
0
0
0
0
0
0
0
0
0
0
0
0
0
0
0
0
0
0
0
0
0
0
0
0
0
0
0
0
0
0
0
0
0
0
0
0
0
0
0
0
0
0
0
0
0
0
0
0
0
0
0
0
0
0
0
0
0
0
0
0
0
0
0
0
0
0
0
0
-4.3616
0
0
0
0
0
0
0
0
0
0
0
0
0
0
0
0
0
0
0
0
0
0
0
0
0
0
0
0
0
0
0
0
0
0
0
0
0
0
0
0
0
0
7.793
0
0
0
0
0
-3.4314
0
0
0
0
0
0
0
0
0
0
0
0
0
0
0
0
0
0
0
0
0
0
0
0
0
0
0
0
0
0
0
0
0
0
0
0
0
0
0
0
0
0
0
0
0
0
0
0
0
0
0
0
0
0
0
0
0
0
0
0
0
0
0
0
0
0
0
0
0
0
0
0
0
0
0
0
0
0
0
0
0
0
0
0
0
0
-3.8794
0
0
0
0
0
0
0
0
0
0
0
0
-3.4977
0
0
0
0
0
7.3771
0
0
0
0
0
0
0
0
0
0
0
0
0
0
0
0
0
0
0
0
0
0
0
0
0
0
0
0
0
0
0
0
0
0
0
0
0
0
0
0
0
0
0
0
0
0
0
0
0
0
0
0
0
0
0
0
0
0
0
0
0
-4.2753
0
0
0
0
0
0
0
0
0
0
0
0
0
0
0
0
0
0
0
0
0
0
0
0
0
-3.7232
0
0
0
0
0
0
0
0
0
0
0
0
0
0
0
0
0
0
0
0
0
0
0
7.9985
0
0
0
0
0
0
0
0
0
0
0
0
0
0
0
0
0
0
0
0
0
0
0
0
0
0
0
0
0
0
0
0
0
0
0
0
0
0
0
0
0
0
0
0
0
0
0
0
0
0
0
0
0
0
0
0
0
0
0
0
0
0
0
0
0
0
0
0
0
0
0
0
0
0
0
0
0
0
0
0
0
0
0
0
-3.2057
0
0
0
0
0
0
0
0
0
0
0
0
0
0
0
0
0
0
0
0
0
0
0
0
0
0
7.1355
0
-3.9298
0
0
0
0
0
0
0
0
0
0
0
0
0
0
0
0
0
0
0
0
0
0
0
0
0
0
0
0
0
0
0
0
0
0
0
0
0
0
0
0
0
0
0
0
0
0
0
0
0
0
0
0
0
0
0
0
0
0
0
0
0
0
0
0
0
0
0
0
0
0
0
0
0
0
0
0
0
0
0
0
0
0
0
0
-3.4692
0
0
0
0
0
0
0
0
-3.6962
0
0
0
0
0
0
0
0
0
0
0
0
0
0
0
7.1654
0
0
0
0
0
0
0
0
0
0
0
0
0
0
0
0
0
0
0
0
0
0
0
0
0
0
0
0
0
0
0
-3.4055
0
0
0
0
0
0
0
0
0
0
0
0
0
0
0
0
0
0
0
0
0
0
0
0
0
0
0
0
0
0
0
0
0
0
0
0
0
0
0
0
0
0
0
0
0
0
0
0
0
0
0
0
0
0
0
0
0
0
0
0
0
0
0
0
0
0
0
0
0
0
0
0
0
0
0
0
0
-3.9298
0
7.3353
0
0
0
0
0
0
0
0
0
0
0
0
0
0
0
0
0
0
0
0
0
0
0
0
0
0
0
0
0
0
0
0
0
-4.5232
0
0
0
0
0
0
0
0
0
0
0
0
0
0
0
0
0
0
0
0
0
0
0
0
0
0
0
0
0
0
0
0
0
0
0
0
0
0
0
0
0
0
0
0
0
0
0
0
0
0
0
0
0
0
0
0
0
0
0
0
0
0
0
0
0
0
0
0
0
0
0
-3.4314
0
0
0
0
0
7.9547
0
0
0
0
0
0
0
0
0
0
0
0
0
0
0
0
0
0
0
0
0
0
0
0
0
0
0
0
0
0
0
0
0
0
0
0
0
0
-4.5046
0
0
0
0
0
0
0
0
0
0
0
0
0
0
0
0
0
0
0
0
0
0
0
0
0
0
0
0
0
0
0
0
0
0
0
0
0
0
0
0
0
0
0
-3.737
0
0
0
0
0
0
0
0
0
0
0
0
0
0
0
0
0
0
0
0
0
0
0
0
0
0
0
0
8.2416
0
0
0
0
0
0
0
0
0
0
0
0
0
0
0
0
0
0
0
0
0
-4.445
0
0
0
0
0
0
0
0
0
0
0
0
0
0
0
0
0
0
0
0
0
0
0
0
0
0
0
0
0
0
0
0
0
0
0
0
0
0
0
0
0
0
0
0
0
0
0
0
0
0
0
0
0
0
0
0
0
0
0
0
0
0
0
0
0
0
0
0
-3.1935
0
0
0
0
0
0
0
0
0
0
0
0
0
0
0
0
0
0
0
0
7.6385
0
0
0
0
0
0
0
0
0
0
0
0
0
0
0
0
0
0
0
0
0
0
-4.6083
0
0
0
0
0
0
0
0
0
0
0
0
0
0
0
0
0
0
0
0
0
0
0
0
0
0
0
0
0
0
0
0
0
0
0
0
0
0
0
0
0
0
0
0
0
0
0
0
0
0
0
0
0
0
0
0
0
-3.8154
0
0
0
0
0
0
0
0
0
0
0
0
0
0
0
0
0
0
0
0
0
0
0
0
0
0
0
0
0
0
8.4237
0
0
0
0
0
0
0
0
0
0
0
0
0
0
0
0
0
0
0
0
0
0
0
0
0
0
0
0
-3.9246
0
0
0
0
0
0
0
-3.9706
0
0
0
0
0
0
0
0
0
0
0
0
0
0
0
0
0
0
0
0
0
0
0
0
0
0
0
0
0
0
0
0
0
0
0
0
0
0
0
0
0
0
0
0
0
0
0
0
0
0
0
0
0
0
0
0
0
0
0
0
0
0
0
0
0
0
0
0
0
0
0
0
0
0
7.8952
0
0
0
0
0
0
0
0
0
0
0
0
0
0
0
0
0
0
0
0
0
-6.9893
0
0
0
0
0
0
0
0
0
0
0
0
0
0
0
0
0
0
0
0
0
0
0
0
0
0
0
0
0
0
0
0
0
0
0
0
0
0
0
0
0
0
0
0
0
0
0
0
0
0
0
0
0
0
0
0
0
0
0
0
0
0
0
0
0
0
0
0
0
0
0
0
0
0
0
0
0
0
0
0
0
0
0
0
0
0
0
0
0
6.9893
0
0
0
0
0
0
0
0
0
0
0
0
0
0
0
0
0
0
0
0
0
0
0
0
0
0
0
0
0
0
0
0
0
0
0
-6.2922
0
0
0
0
0
0
0
0
0
0
0
0
0
0
0
0
0
0
0
0
0
0
0
0
0
0
0
0
0
0
0
0
0
0
0
0
0
0
0
0
0
0
0
0
0
0
0
0
0
0
0
0
0
0
0
0
0
0
0
0
0
0
0
0
0
0
0
0
0
0
0
0
0
0
0
6.2922
0
0
0
0
0
0
0
0
0
0
0
0
0
0
0
0
0
0
0
0
0
0
0
0
0
0
0
0
0
0
0
0
0
0
0
0
0
0
0
0
0
0
0
0
0
0
0
0
0
0
0
0
0
0
0
0
0
0
0
0
0
0
0
0
0
0
0
0
0
0
0
0
0
0
0
0
0
0
0
0
0
0
0
0
0
0
0
0
0
-0.63252
0
0
0
0
0
0
0
0
0
0
0
0
0
0
0
0
0
0
0
0
0
0.63252
0
0
0
0
0
0
0
0
0
0
0
0
0
0
0
0
0
-7.1785
0
0
0
0
0
0
0
0
0
0
0
0
0
0
0
0
0
0
0
0
0
0
0
0
0
0
0
0
0
0
0
0
0
0
0
0
0
0
0
0
0
0
0
0
0
0
0
0
0
0
0
0
0
0
0
0
0
0
0
0
0
0
0
0
0
0
0
0
0
0
0
0
0
0
0
0
0
0
0
0
0
0
0
0
0
0
0
0
0
0
0
0
0
7.1785
0
0
0
0
0
0
0
0
0
0
0
0
0
0
0
0
0
0
0
0
0
0
0
0
0
0
0
0
0
0
0
0
0
0
0
0
0
0
0
0
0
0
0
0
0
0
0
0
0
0
0
0
0
0
0
0
0
0
0
0
-3.9911
0
0
0
0
0
0
0
0
0
0
0
0
0
0
0
0
0
0
0
0
0
0
0
0
0
0
0
0
0
0
0
0
0
0
0
0
0
0
0
0
0
0
0
0
0
0
0
0
0
0
3.9911
0
0
0
0
0
0
0
0
0
0
0
0
0
0
0
0
0
0
0
0
0
0
0
0
0
0
0
0
0
0
0
0
0
0
0
0
0
0
0
0
0
0
0
0
0
0
0
0
0
0
0
0
0
0
0
0
0
0
0
0
0
0
0
0
0
0
0
0
0
0
0
0
0
0
0
0
0
-3.8513
0
0
0
0
0
0
0
0
0
0
0
0
0
0
0
0
0
0
0
0
0
0
0
0
0
0
0
0
0
0
0
0
0
3.8513
0
0
0
0
0
0
0
0
0
0
0
0
0
0
0
0
0
0
0
0
0
0
-6.8206
0
0
0
0
0
0
0
0
0
0
0
0
0
0
0
0
0
0
0
0
0
0
0
0
0
0
0
0
0
0
0
0
0
0
0
0
0
0
0
0
0
0
0
0
0
0
0
0
0
0
0
0
0
0
0
0
0
0
0
0
0
0
0
0
0
0
0
0
0
0
0
0
0
0
0
0
0
0
0
0
0
0
0
0
0
0
0
0
6.8206
0
0
0
0
0
0
0
0
0
0
0
0
0
0
0
0
0
0
0
0
0
0
0
0
0
0
0
0
-5.8631
0
0
0
0
0
0
0
0
0
0
0
0
0
0
0
0
0
0
0
0
0
0
0
0
0
0
0
0
0
0
0
0
0
0
0
0
0
0
0
0
0
0
0
0
0
0
0
0
0
0
0
0
0
0
0
0
0
0
0
0
0
0
0
0
0
0
0
0
0
0
0
0
0
0
0
0
0
0
0
0
0
0
5.8631
0
0
0
0
0
0
0
0
0
0
0
0
0
0
0
0
0
0
0
0
0
0
0
-6.4806
0
0
0
0
0
0
0
0
0
0
0
0
0
0
0
0
0
0
0
0
0
0
0
0
0
0
0
0
0
0
0
0
0
0
0
0
0
0
0
0
0
0
0
0
0
0
0
0
0
0
0
0
0
0
0
0
0
0
0
0
0
0
0
0
0
0
0
0
0
0
0
0
0
0
0
0
0
0
0
0
0
0
0
0
0
0
0
6.4806
0
0
0
0
0
0
0
0
0
0
0
0
0
0
0
0
0
0
0
0
0
0
0
0
0
0
0
0
0
0
0
0
0
0
0
0
0
0
0
0
0
0
0
0
0
0
0
0
0
0
0
0
0
0
0
0
0
0
0
0
0
0
0
0
0
0
0
0
0
0
0
0
0
0
0
0
0
0
0
0
0
0
0
-3.2552
0
0
0
0
0
0
0
0
0
0
0
0
0
0
0
0
0
0
0
0
0
0
0
0
0
0
0
3.2552
0
0
0
0
0
0
0
0
0
0
0
0
0
0
0
0
0
0
0
0
0
0
0
0
0
0
0
0
0
0
0
0
0
0
0
0
0
0
0
0
0
0
0
0
0
0
0
0
0
0
0
0
0
0
0
0
0
0
0
0
0
0
0
0
0
-4.2374
0
0
0
0
0
0
0
0
0
0
0
0
0
0
0
0
0
0
0
0
0
0
0
0
0
0
0
0
0
0
0
0
0
0
0
0
0
0
0
0
0
0
0
0
0
4.2374
0
0
0
0
0
0
0
0
0
0
0
0
0
0
0
0
0
0
0
0
0
0
0
0
0
0
0
0
0
0
0
0
0
0
0
0
0
0
0
0
0
0
0
0
0
0
0
0
0
0
0
0
0
0
0
0
0
0
0
0
0
0
0
0
0
0
0
0
0
0
0
0
0
0
0
0
0
0
0
0
0
0
0
0
0
-3.7332
0
0
0
0
0
0
0
0
0
0
0
0
0
0
0
0
0
0
0
0
0
0
0
0
0
3.7332
0
0
0
0
0
0
0
0
0
0
0
0
0
0
0
0
0
0
0
0
0
0
0
0
0
0
0
0
0
0
0
0
0
0
0
0
0
0
0
0
0
0
0
0
0
0
0
0
0
0
0
0
0
0
0
0
0
0
0
0
0
0
0
0
0
0
0
0
0
0
0
-4.2199
0
0
0
0
0
0
0
0
0
0
0
0
0
0
0
0
0
0
0
0
0
0
0
0
0
0
0
0
0
0
0
0
0
0
0
0
0
0
0
4.2199
0
0
0
0
0
0
0
0
0
0
0
0
0
0
0
0
0
0
0
0
0
0
0
0
0
0
0
0
0
0
0
0
0
0
0
0
0
0
0
0
0
0
0
0
0
0
0
0
0
0
0
0
0
0
0
0
0
0
0
0
0
0
0
0
0
0
0
0
0
0
0
0
-3.7272
0
0
0
0
0
0
0
0
0
0
0
0
0
0
0
0
0
0
0
0
0
0
0
0
0
0
0
0
0
0
0
0
0
0
0
0
0
0
3.7272
0
0
0
0
0
0
0
0
0
0
0
0
0
0
0
0
0
0
0
0
0
0
0
0
0
0
0
0
0
0
0
0
0
0
0
0
0
0
0
0
0
0
-5.0526
0
0
0
0
0
0
0
0
0
0
0
0
0
0
0
0
0
0
0
0
0
0
0
0
0
0
0
0
0
0
0
0
0
0
0
0
0
0
0
0
0
0
0
0
0
0
0
0
0
0
0
0
0
0
0
0
0
0
0
0
0
0
0
0
0
0
0
0
5.0526
0
0
0
0
0
0
0
0
0
0
0
0
0
0
0
0
0
0
0
0
0
0
0
0
0
-5.2041
0
0
0
0
0
0
0
0
0
0
0
0
0
0
0
0
0
0
0
0
0
0
0
0
0
0
0
0
0
0
0
0
0
0
0
0
0
0
0
0
0
0
0
0
0
0
0
0
0
0
0
0
0
0
0
0
0
0
0
0
0
0
0
0
0
0
0
0
0
0
0
0
0
0
0
0
0
0
0
0
0
0
0
0
0
5.2041
0
0
0
0
0
0
0
0
0
0
0
0
0
0
0
0
0
0
0
0
0
0
0
0
0
0
0
0
0
0
-5.0572
0
0
0
0
0
0
0
0
0
0
0
0
0
0
0
0
0
0
0
0
0
0
0
0
0
0
0
0
0
0
0
0
0
0
0
0
0
0
0
0
0
0
0
0
0
0
0
0
0
0
0
0
0
0
0
0
0
0
0
0
0
0
0
0
0
0
0
0
0
0
0
0
0
0
0
0
0
0
0
0
5.0572
0
0
0
0
0
0
0
0
0
0
0
0
0
0
0
0
0
0
0
0
0
0
0
0
0
0
0
0
0
0
0
0
0
0
0
0
0
0
0
0
0
0
0
0
0
0
0
0
0
0
0
0
0
0
0
0
0
0
0
0
-4.386
0
0
0
0
0
0
0
0
0
0
0
0
0
0
0
0
0
0
0
0
0
0
0
0
0
0
0
0
0
0
0
0
0
0
0
0
0
0
0
0
0
0
0
0
0
0
0
0
0
0
4.386
