1
0.92703
0.91298
0.90934
0.90507
0.90373
0.90032
0.89861
0.89343
0.89106
0.8888
0.88756
0.88595
0.88498
0.88086
0.87721
0.87393
0.87098
0.86821
0.8655
0.86278
0.86003
0.85728
0.85459
0.85211
0.84981
0.84753
0.8453
0.84321
0.8412
0.83925
0.83737
0.8356
0.83382
0.83203
0.83018
0.82834
0.82643
0.8245
0.82249
0.82048
0.81835
0.81628
0.81414
0.81217
0.81016
0.80836
0.80654
0.80494
0.8033
0.80186
0.80034
0.79898
0.79752
0.79619
0.79475
0.79342
0.79199
0.79065
0.78924
0.78789
0.7865
0.78516
0.7838
0.7825
0.78118
0.77992
0.77867
0.77746
0.77626
0.77508
0.77389
0.77271
0.77151
0.7703
0.76908
0.76784
0.76658
