1
0.93135
0.91728
0.9106
0.90543
0.90232
0.89887
0.89691
0.89189
0.89016
0.88851
0.88707
0.88513
0.88384
0.87922
0.8752
0.87185
0.86916
0.86705
0.86551
0.86461
0.8644
0.86493
0.86614
0.86801
0.87046
0.87342
0.87705
0.88124
0.88581
0.89043
0.89491
0.89893
0.90212
0.90401
0.90416
0.9028
0.9006
0.89831
0.89657
0.89604
0.89677
0.89844
0.90063
0.90295
0.90512
0.90694
0.90821
0.90876
0.90837
0.90701
0.90475
0.902
0.89929
0.89719
0.89599
0.89563
0.89599
0.89686
0.89814
0.89967
0.9014
0.90322
0.90509
0.90693
0.90871
0.91036
0.91185
0.91317
0.9143
0.91527
0.91605
0.91667
0.91711
0.91737
0.91742
0.91727
0.91692
