1
0.97657
0.96214
0.95199
0.94369
0.9367
0.93076
0.92022
0.91055
0.90165
0.89347
0.88589
0.87883
0.87224
0.86612
0.86045
0.85528
0.85062
0.84647
0.84284
0.8397
0.83705
0.83484
0.83302
0.83153
0.83023
0.82897
0.82763
0.82609
0.82431
0.82224
0.81991
0.81739
0.81474
0.81199
0.80912
0.80612
0.80304
0.80002
0.79721
0.79476
0.79267
0.79092
0.78941
0.78809
0.78688
0.78574
0.78464
0.78357
0.78253
0.78153
0.78057
0.77965
0.77876
0.77785
0.77692
0.77593
0.77484
0.77362
0.77225
0.77072
0.76905
0.76726
0.76538
0.76345
0.7615
0.75954
0.7576
0.75571
0.75389
0.75216
0.75055
0.74906
0.7477
0.74647
0.74537
0.7444
0.74354
0.74279
0.74213
0.74155
0.74103
0.74057
0.74014
0.73974
0.73935
0.73895
0.73855
0.73812
0.73767
0.73719
0.73668
0.73612
0.73553
0.73489
0.73421
0.73348
0.73271
0.73189
0.73102
0.73011
0.72915
0.72814
0.7271
0.72601
0.7249
0.72375
0.72257
0.72138
0.72016
0.71894
0.71771
0.71647
0.71523
0.714
0.71278
0.71157
0.71037
0.70919
0.70803
0.7069
0.70579
0.70471
0.70365
0.70263
0.70165
0.70069
0.69977
0.69889
0.69804
0.69723
0.69646
0.69572
0.69501
0.69434
0.6937
0.69309
0.69251
0.69196
0.69142
0.69092
0.69043
0.68996
0.6895
0.68907
0.68864
0.68823
0.68784
0.68745
0.68708
0.68671
0.68635
0.68601
0.68567
0.68533
0.685
0.68468
0.68436
0.68404
0.68372
0.6834
0.68308
0.68275
0.68241
0.68207
0.68172
0.68136
0.68099
0.6806
0.68021
0.6798
0.67938
0.67895
0.67851
0.67805
0.67758
0.6771
0.67661
0.67612
0.67561
0.67509
0.67456
0.67402
0.67347
0.67291
0.67234
0.67176
0.67117
0.67058
0.66997
0.66935
0.66872
0.66808
0.66743
0.66677
0.6661
0.66542
0.66474
0.66404
0.66334
0.66262
0.6619
0.66117
0.66044
0.6597
0.65895
0.6582
0.65744
0.65668
0.65592
0.65515
0.65439
0.65363
0.65286
0.6521
0.65133
0.65058
0.64982
0.64907
0.64832
0.64758
0.64684
0.64611
0.64539
0.64467
0.64397
0.64327
0.64258
0.6419
0.64124
0.64058
0.63993
0.6393
0.63868
0.63806
0.63747
0.63688
0.6363
0.63574
0.63519
0.63465
0.63412
0.6336
0.63309
0.6326
0.63211
0.63164
0.63117
0.63072
0.63027
0.62983
0.62941
0.62899
0.62859
0.62819
0.6278
0.62742
0.62705
0.62669
0.62634
0.62599
0.62566
0.62534
0.62502
0.62472
0.62442
0.62413
0.62385
0.62357
0.6233
0.62304
0.62278
0.62252
0.62227
0.62201
0.62176
0.62152
0.62127
0.62102
0.62077
0.62052
0.62027
0.62001
0.61976
0.6195
0.61924
0.61898
0.61872
0.61846
0.61819
0.61793
0.61766
0.61739
0.61713
0.61687
0.6166
0.61634
0.61608
0.61582
0.61556
0.6153
0.61504
0.61479
0.61454
0.61429
0.61404
0.6138
0.61355
0.61331
0.61307
0.61283
0.61259
0.61236
0.61212
0.61189
0.61165
0.61142
0.61119
0.61095
0.61072
0.61048
0.61024
0.61
0.60977
0.60952
0.60929
0.60905
0.60881
0.60857
0.60833
0.60809
0.60785
0.60761
0.60737
0.60713
0.6069
0.60666
0.60643
0.6062
0.60597
0.60574
0.60551
0.60529
0.60507
0.60484
0.60462
0.60441
0.60419
0.60397
0.60376
0.60355
0.60334
0.60313
0.60292
0.60271
0.60251
0.6023
0.6021
0.6019
0.6017
0.6015
0.6013
0.6011
0.6009
0.60071
0.60051
0.60032
0.60013
0.59994
0.59975
0.59957
0.59938
0.59919
