1
0.96152
0.94473
0.93231
0.92395
0.91617
0.91036
0.90495
0.90081
0.89047
0.88141
0.8734
0.86624
0.85977
0.85397
0.84872
0.84403
0.8397
0.83578
0.83209
0.82865
0.82534
0.82217
0.81912
0.81613
0.8132
0.81028
0.80735
0.80439
0.80138
0.79831
0.79516
0.79195
0.78872
0.78548
0.78226
0.77907
0.77592
0.77279
0.76967
0.76654
0.76337
0.76014
0.75682
0.75341
0.74992
0.74638
0.74283
0.73931
0.73588
0.73255
0.72935
0.72629
0.72334
0.72047
0.71768
0.71496
0.71229
0.70969
0.70716
0.70467
0.70223
0.69984
0.6975
0.69521
0.69295
0.69074
0.68856
0.68644
0.68436
0.68233
0.68035
0.67839
0.67646
0.67455
0.67266
0.6708
0.66897
0.66715
0.66535
0.66356
0.66176
0.65995
0.65814
0.65632
0.6545
0.65266
0.65081
0.64893
0.64703
0.64511
0.64317
0.64121
0.63925
0.63728
0.63531
0.63334
0.63138
0.62943
0.6275
0.62558
0.62368
0.6218
0.61993
0.61809
0.61626
0.61445
0.61264
0.61084
0.60905
0.60728
0.60553
0.60384
0.6022
0.60065
0.59919
0.59784
