1
0.95458
0.94319
0.93563
0.93051
0.92794
0.92422
0.92244
0.91999
0.91789
0.91664
0.91545
0.91456
0.91332
0.91315
0.91241
0.90767
0.90689
0.90248
0.89794
0.89419
0.89032
0.88685
0.88333
0.8801
0.87679
0.87385
0.87078
0.86815
0.86539
0.86307
0.86063
0.85858
0.85639
0.85453
0.8525
0.85075
0.84883
0.84711
0.84524
0.84351
0.84166
0.83988
0.83802
0.83616
0.83424
0.8323
0.8303
0.82827
0.8262
0.82409
0.82196
0.81983
0.81769
0.81557
0.81348
0.81143
0.80941
0.80741
0.80544
0.80347
0.80151
0.79953
0.79753
0.7955
0.79344
0.79133
0.78918
0.787
0.78477
0.78252
0.78024
0.77796
0.77569
0.77345
0.77123
0.76906
0.76694
0.76488
0.76288
0.76093
0.75904
0.75719
0.75538
0.7536
0.75182
0.75005
