1
0.95488
0.9461
0.93951
0.93417
0.93048
0.9273
0.92479
0.92252
0.92064
0.91897
0.9175
0.91634
0.91497
0.9144
0.91376
0.90903
0.90859
0.90426
0.89998
0.8963
0.8928
0.88976
0.88696
0.88457
0.88235
0.88052
0.87878
0.87738
0.87602
0.87495
0.87386
0.873
0.87206
0.87127
0.87026
0.86925
0.86791
0.86642
0.86455
0.86254
0.86037
0.85823
0.85613
0.85415
0.85226
0.85046
0.84873
0.84706
0.84542
0.8438
0.84219
0.84058
0.83894
0.83729
0.83559
0.83386
0.83207
0.83021
0.82828
0.82628
0.82419
0.82201
0.81972
0.81733
0.81484
0.81227
0.80964
0.80702
0.80445
0.80196
0.7996
0.79738
0.79531
0.79339
0.79161
0.78996
0.78845
0.78705
0.78578
0.7846
0.78352
0.78253
0.7816
0.78071
0.77984
0.77897
