1
0.98152
0.97357
0.96995
0.96776
0.96614
0.96446
0.96319
0.96201
0.95938
0.957
0.9549
0.95289
0.95113
0.94936
0.9478
0.94625
0.94485
0.94348
0.94221
0.94098
0.93983
0.93872
0.93767
0.93666
0.93569
0.93475
0.93385
0.93298
0.93213
0.93129
0.93046
0.92964
0.92883
0.92803
0.92723
0.92644
0.92566
0.92487
0.9241
0.92332
0.92255
0.92178
0.92102
0.92025
0.91949
0.91874
0.91799
0.91724
0.9165
0.91578
0.91505
0.91434
0.91363
0.91292
0.91221
0.91149
0.91076
0.91003
0.9093
0.90855
0.90781
0.90706
0.9063
0.90554
0.90476
0.90398
0.9032
0.90241
0.90162
0.90083
0.90004
0.89926
0.89847
0.89768
0.89689
0.89611
0.89532
0.89455
0.89377
0.89301
0.89225
0.8915
0.89075
0.89001
0.88928
0.88855
0.88782
0.88709
0.88637
0.88565
0.88493
0.88422
0.88351
0.8828
0.8821
0.88142
0.88074
0.88007
0.87942
0.87878
0.87816
0.87755
0.87695
0.87636
0.87578
0.8752
0.87464
0.87408
0.87353
0.87298
0.87244
0.87191
0.87139
0.87088
0.87037
0.86988
0.86939
0.86891
0.86844
0.86798
0.86752
0.86707
0.86663
0.86619
0.86575
0.86532
0.86489
0.86446
0.86403
0.8636
0.86318
0.86277
0.86235
0.86195
0.86155
0.86116
0.86077
0.86039
0.86002
0.85965
0.8593
0.85894
0.8586
0.85826
0.85793
0.8576
0.85728
0.85697
0.85666
0.85637
0.85607
0.85579
0.8555
0.85523
0.85495
0.85467
0.8544
0.85412
0.85384
0.85356
0.85327
0.85297
0.85267
0.85236
0.85204
0.85172
0.85138
0.85102
0.85066
0.85029
0.8499
0.8495
0.84908
0.84866
0.84823
0.84778
0.84733
0.84686
0.84639
