67.0962
-0.8515
-0.83247
-0.83801
-0.85492
-0.84622
-0.82994
-0.82993
-0.83885
-0.82457
-0.83122
-0.83916
-0.84096
-0.83992
-0.84646
-0.84955
-0.83725
-0.82735
-0.8332
-0.84473
-0.83034
-0.82492
-0.81263
-0.85141
-0.83331
-0.82621
-0.81788
-0.82694
-0.83242
-0.8402
-0.82369
-0.8462
-0.87061
-0.90314
-0.90356
-0.88509
-0.8797
-0.85642
-0.863
-0.84341
-0.85516
-0.8223
-0.87446
-0.80475
-0.81894
-0.81894
-0.87543
-0.87741
-0.85564
-0.87107
-0.89487
-0.86081
-0.82256
-0.86138
-0.89537
-0.89496
-0.86175
-0.88676
-0.93478
-1.1911
-1.1641
-1.0254
-1.0797
-1.2611
-1.419
0
-1.7641
0
0
-1.9595
0
0
0
0
0
0
0
0
0
0
0
0
0
0
0
0
0
0
0
0
0
0
0
0
-3.4061
0
0
0
0
0
-3.5316
0
0
0
0
0
0
0
0
0
0
0
0
0
0
0
0
0
-0.8515
63.8302
-0.84056
-0.84632
-0.86363
-0.85497
-0.83822
-0.83822
-0.84464
-0.83346
-0.84014
-0.84783
-0.85126
-0.8486
-0.85587
-0.85738
-0.85411
-0.83781
-0.84252
-0.84972
-0.83901
-0.83357
-0.82086
-0.85886
-0.84225
-0.83501
-0.8262
-0.83499
-0.84199
-0.84878
-0.83219
-0.84784
-0.87916
-0.91195
-0.91162
-0.89419
-0.88912
-0.86505
-0.87135
-0.85217
-0.86355
-0.8308
-0.89035
-0.81324
-0.82753
-0.82754
-0.88421
-0.88622
-0.86586
-0.87999
-0.90374
-0.86963
-0.8336
-0.87024
-0.90459
-0.90419
-0.87019
-0.89576
-0.94558
-1.2005
-1.1734
-1.0335
-1.0896
-1.272
-1.4293
0
-1.7724
0
0
0
0
0
0
0
0
0
0
0
0
0
0
-2.3302
0
0
0
0
0
0
0
-2.7297
0
0
0
0
0
0
0
0
0
0
0
0
0
0
0
0
0
0
0
0
0
0
0
0
0
0
0
0
-0.83247
-0.84056
59.8168
-0.82468
-0.84002
-0.83553
-0.81896
-0.81896
-0.82757
-0.81398
-0.82054
-0.82824
-0.83175
-0.82892
-0.83617
-0.83788
-0.83479
-0.81819
-0.82239
-0.83492
-0.81937
-0.81397
-0.80154
-0.83941
-0.82316
-0.81547
-0.80679
-0.81568
-0.82265
-0.82923
-0.81277
-0.8353
-0.85942
-0.89227
-0.8917
-0.87439
-0.86889
-0.84541
-0.85157
-0.83256
-0.84385
-0.81142
-0.87028
-0.79374
-0.80779
-0.80779
-0.86402
-0.866
-0.84527
-0.85968
-0.8835
-0.84824
-0.8118
-0.8499
-0.88369
-0.88328
-0.85066
-0.87561
-0.92605
-1.1777
-1.1507
-1.0123
-1.0679
-1.2492
-1.4042
0
-1.7449
0
0
0
0
0
0
0
-2.3292
0
0
0
0
0
0
0
0
0
0
0
0
0
0
0
0
0
0
0
0
0
0
0
0
0
0
0
0
0
0
0
0
0
0
0
0
0
0
0
0
0
0
0
-0.83801
-0.84632
-0.82468
60.2821
-0.85038
-0.84075
-0.82419
-0.8242
-0.83338
-0.81939
-0.82614
-0.83384
-0.83767
-0.83455
-0.84176
-0.84345
-0.8403
-0.82393
-0.82799
-0.84047
-0.82491
-0.8197
-0.80716
-0.84521
-0.82511
-0.82116
-0.81249
-0.82147
-0.82814
-0.83474
-0.81847
-0.84083
-0.86521
-0.89779
-0.89758
-0.88015
-0.87477
-0.85118
-0.85736
-0.83819
-0.8497
-0.81701
-0.8768
-0.79936
-0.81352
-0.81351
-0.86991
-0.87191
-0.85232
-0.86567
-0.88951
-0.84592
-0.81783
-0.85601
-0.8899
-0.8895
-0.85762
-0.88185
-0.93089
-1.1845
-1.1576
-1.0188
-1.075
-1.2555
-1.4115
0
-1.7517
0
0
0
0
0
0
0
0
0
-2.4257
0
0
0
0
0
0
0
0
0
0
0
0
0
0
0
0
0
0
0
0
0
0
0
0
0
0
0
0
0
0
0
0
0
0
0
0
0
0
0
0
0
-0.85492
-0.86363
-0.84002
-0.85038
62.3497
-0.85793
-0.84174
-0.84174
-0.84955
-0.83578
-0.84243
-0.85006
-0.84836
-0.8508
-0.85841
-0.85975
-0.85658
-0.84002
-0.84426
-0.85662
-0.84117
-0.83573
-0.8231
-0.86122
-0.83898
-0.83729
-0.82847
-0.83744
-0.84444
-0.85112
-0.83456
-0.85641
-0.88158
-0.91439
-0.9139
-0.89661
-0.89134
-0.86745
-0.87367
-0.85445
-0.86563
-0.83295
-0.89273
-0.8152
-0.82962
-0.82962
-0.88633
-0.88832
-0.86711
-0.88205
-0.90597
-0.87072
-0.8341
-0.87254
-0.90666
-0.90626
-0.87295
-0.89837
-0.94923
-1.2028
-1.1757
-1.0362
-1.0928
-1.2761
-1.4322
0
0
0
0
0
0
0
0
0
-2.3562
0
0
0
0
0
0
0
0
0
0
-2.8451
0
0
0
0
0
0
0
0
0
0
0
0
0
0
0
0
0
0
0
0
0
0
0
0
0
0
0
0
0
0
0
0
-0.84622
-0.85497
-0.83553
-0.84075
-0.85793
61.25
-0.8326
-0.8326
-0.84014
-0.82667
-0.83305
-0.84081
-0.84437
-0.84154
-0.8493
-0.85067
-0.84751
-0.83093
-0.83502
-0.84721
-0.83206
-0.82661
-0.81394
-0.84895
-0.83571
-0.82785
-0.8178
-0.82817
-0.83524
-0.84195
-0.82543
-0.84785
-0.8723
-0.90431
-0.90462
-0.88725
-0.88203
-0.85815
-0.86406
-0.84515
-0.85653
-0.82418
-0.88358
-0.80389
-0.8205
-0.8205
-0.87703
-0.87903
-0.86142
-0.87298
-0.89365
-0.86344
-0.82474
-0.86316
-0.89722
-0.89682
-0.85824
-0.88847
-0.93809
-1.1928
-1.1657
-1.0262
-1.0881
-1.2651
-1.4213
0
0
0
-1.8627
0
0
0
0
0
0
0
0
0
0
0
0
0
0
0
0
0
0
0
0
0
0
0
0
0
0
0
0
0
-2.8172
0
0
0
0
0
0
0
0
0
0
0
0
0
0
0
0
0
0
0
-0.82994
-0.83822
-0.81896
-0.82419
-0.84174
-0.8326
57.3248
-0.81201
-0.82515
-0.81078
-0.81795
-0.82565
-0.82924
-0.82637
-0.83356
-0.83539
-0.83219
-0.81563
-0.81992
-0.83239
-0.81679
-0.81137
-0.79895
-0.83701
-0.82077
-0.81304
-0.80424
-0.81322
-0.82019
-0.82664
-0.81014
-0.83306
-0.85678
-0.88925
-0.88916
-0.87185
-0.86626
-0.84281
-0.84903
-0.82986
-0.84136
-0.80891
-0.86766
-0.79121
-0.80516
-0.80516
-0.86133
-0.86331
-0.84418
-0.85695
-0.88089
-0.8476
-0.80931
-0.84715
-0.88097
-0.88056
-0.84829
-0.87345
-0.92191
-1.1749
-1.1479
-1.0102
-1.066
-1.2461
-1.4007
0
-1.7414
0
0
0
0
0
0
0
0
0
0
0
0
0
0
0
0
0
0
0
0
0
0
0
0
0
0
0
0
0
0
0
0
0
0
0
0
0
0
0
0
0
0
0
0
0
0
0
0
0
0
0
-0.82993
-0.83822
-0.81896
-0.8242
-0.84174
-0.8326
-0.81201
57.3248
-0.82515
-0.81078
-0.81795
-0.82565
-0.82924
-0.82637
-0.83355
-0.83539
-0.8322
-0.81563
-0.81992
-0.83239
-0.81679
-0.81137
-0.79895
-0.83701
-0.82078
-0.81304
-0.80423
-0.81322
-0.82019
-0.82664
-0.81014
-0.83306
-0.85678
-0.88925
-0.88916
-0.87185
-0.86626
-0.84281
-0.84903
-0.82985
-0.84137
-0.8089
-0.86766
-0.7912
-0.80516
-0.80515
-0.86134
-0.86331
-0.84417
-0.85695
-0.88089
-0.8476
-0.80931
-0.84716
-0.88097
-0.88056
-0.84829
-0.87345
-0.9219
-1.1749
-1.1479
-1.0102
-1.066
-1.2461
-1.4007
0
-1.7414
0
0
0
0
0
0
0
0
0
0
0
0
0
0
0
0
0
0
0
0
0
0
0
0
0
0
0
0
0
0
0
0
0
0
0
0
0
0
0
0
0
0
0
0
0
0
0
0
0
0
0
-0.83885
-0.84464
-0.82757
-0.83338
-0.84955
-0.84014
-0.82515
-0.82515
58.6182
-0.81734
-0.82443
-0.83251
-0.83585
-0.83321
-0.84013
-0.84195
-0.83893
-0.82251
-0.82709
-0.83832
-0.82361
-0.81817
-0.80556
-0.84308
-0.82738
-0.81906
-0.81077
-0.81957
-0.82566
-0.83346
-0.8169
-0.83889
-0.86365
-0.89575
-0.8958
-0.8782
-0.8734
-0.84947
-0.85564
-0.83653
-0.84777
-0.81554
-0.87568
-0.79777
-0.81197
-0.81197
-0.86834
-0.87036
-0.85022
-0.86405
-0.8878
-0.85484
-0.81761
-0.85428
-0.88829
-0.88788
-0.85469
-0.8789
-0.93032
-1.1829
-1.1559
-1.0157
0
-1.2526
0
0
0
0
0
0
0
0
0
0
0
0
0
0
0
0
0
-2.3038
0
0
0
0
0
0
0
0
0
0
0
0
0
0
0
-2.7716
0
0
0
0
0
0
0
0
0
0
0
0
0
0
0
0
0
0
0
0
-0.82457
-0.83346
-0.81398
-0.81939
-0.83578
-0.82667
-0.81078
-0.81078
-0.81734
56.2451
-0.81043
-0.8187
-0.82138
-0.81925
-0.82527
-0.82779
-0.82504
-0.80844
-0.8126
-0.82397
-0.80974
-0.80432
-0.79194
-0.82921
-0.813
-0.80573
-0.79717
-0.80567
-0.8122
-0.81952
-0.80303
-0.82546
-0.84956
-0.88156
-0.88175
-0.86407
-0.85892
-0.83516
-0.84186
-0.82282
-0.83402
-0.80176
-0.86013
-0.78426
-0.7981
-0.79811
-0.85415
-0.85612
-0.83559
-0.84975
-0.87379
-0.84007
-0.80177
-0.84002
-0.87386
-0.87346
-0.83061
-0.86508
-0.91532
-1.1672
-1.1403
-1.0024
0
-1.2388
0
0
0
0
0
0
0
0
0
0
0
0
0
0
0
0
0
0
0
0
0
0
0
0
0
0
0
0
0
0
0
0
0
0
0
0
0
0
-3.5721
0
0
0
0
0
0
0
0
0
0
0
0
0
0
0
-0.83122
-0.84014
-0.82054
-0.82614
-0.84243
-0.83305
-0.81795
-0.81795
-0.82443
-0.81043
55.2598
-0.82482
-0.82741
-0.82533
-0.83131
-0.83366
-0.83104
-0.81443
-0.81856
-0.83008
-0.81562
-0.81018
-0.7977
-0.83531
-0.819
-0.81154
-0.80281
-0.80981
-0.81822
-0.82542
-0.80889
-0.83093
-0.85549
-0.88752
-0.88761
-0.87023
-0.8651
-0.83883
-0.84784
-0.82849
-0.84073
-0.80761
-0.86615
-0.78981
-0.80403
-0.80403
-0.86023
-0.86226
-0.84189
-0.85594
-0.87955
-0.84629
-0.80809
-0.84619
-0.8801
-0.87969
-0.84614
-0.87178
-0.92229
-1.1736
-1.1468
0
0
0
0
-1.4231
0
0
0
0
0
0
0
0
0
0
0
0
0
0
0
0
0
0
0
0
0
0
0
0
0
0
0
0
0
-3.036
0
0
0
0
0
0
0
0
0
0
0
0
0
0
0
0
0
0
0
0
0
0
-0.83916
-0.84783
-0.82824
-0.83384
-0.85006
-0.84081
-0.82565
-0.82565
-0.83251
-0.8187
-0.82482
51.283
-0.836
-0.83319
-0.84093
-0.84292
-0.83924
-0.82222
-0.82658
-0.84093
-0.8232
-0.81774
-0.80535
-0.84343
-0.82749
-0.81979
-0.81059
-0.81974
-0.82689
-0.83317
-0.81653
-0.83933
-0.8634
-0.89555
-0.89562
-0.8785
-0.87314
-0.84938
-0.85572
-0.83631
-0.8487
-0.81528
-0.87439
-0.79748
-0.81146
-0.81146
-0.86784
-0.86981
-0.85074
-0.86339
-0.88745
-0.85441
-0.81612
-0.85339
-0.88747
-0.88706
-0.85691
-0.88123
-0.93166
-1.1817
-1.1548
0
0
0
0
0
0
0
0
0
0
0
0
0
0
0
0
0
0
0
0
0
0
0
0
0
0
0
0
0
0
0
0
0
0
0
0
0
0
0
0
0
0
0
0
0
0
0
0
0
0
0
0
0
0
0
0
0
-0.84096
-0.85126
-0.83175
-0.83767
-0.84836
-0.84437
-0.82924
-0.82924
-0.83585
-0.82138
-0.82741
-0.836
54.4067
-0.83662
-0.84351
-0.845
-0.84213
-0.82342
-0.82999
-0.84213
-0.82676
-0.82131
-0.80859
-0.84675
-0.82449
-0.82277
-0.81402
-0.82299
-0.82971
-0.83668
-0.82006
-0.8417
-0.86707
-0.89974
-0.89903
-0.88185
-0.87764
-0.85293
-0.85893
-0.83984
-0.85195
-0.81837
-0.87527
-0.80079
-0.81519
-0.81519
-0.87166
-0.87366
-0.85396
-0.86734
-0.89114
-0.85841
-0.81996
-0.85789
-0.89221
-0.8918
-0.86008
0
0
-1.1866
-1.1597
0
0
0
0
0
0
0
0
-1.9494
0
0
0
0
0
0
0
0
0
0
0
0
0
0
0
-2.807
0
0
0
0
0
0
0
0
0
0
0
0
0
0
0
0
0
0
0
0
0
0
0
0
0
0
0
0
0
0
0
0
-0.83992
-0.8486
-0.82892
-0.83455
-0.8508
-0.84154
-0.82637
-0.82637
-0.83321
-0.81925
-0.82533
-0.83319
-0.83662
49.5046
-0.84176
-0.84234
-0.8394
-0.82228
-0.82657
-0.84053
-0.82344
-0.81804
-0.80559
-0.84888
-0.82801
-0.82039
-0.81108
-0.82024
-0.82751
-0.83365
-0.81698
-0.8398
-0.86398
-0.89673
-0.89609
-0.87906
-0.87365
-0.8499
-0.85602
-0.83684
-0.84916
-0.81567
-0.87494
-0.79784
-0.8119
-0.81191
-0.86832
-0.87029
-0.85206
-0.86402
-0.88801
-0.85502
-0.81673
-0.85405
-0.88838
-0.88797
-0.85774
0
0
-1.182
-1.1551
0
0
0
0
0
0
0
0
0
0
0
0
0
0
0
0
0
0
0
0
0
0
0
0
0
0
0
0
0
0
0
0
0
0
0
0
0
0
0
0
0
0
0
0
0
0
0
0
0
0
0
0
0
0
0
0
0
-0.84646
-0.85587
-0.83617
-0.84176
-0.85841
-0.8493
-0.83356
-0.83355
-0.84013
-0.82527
-0.83131
-0.84093
-0.84351
-0.84176
53.6835
-0.84697
-0.84671
-0.82956
-0.83392
-0.84634
-0.83076
-0.82531
-0.81296
-0.85219
-0.83476
-0.82732
-0.81851
-0.82745
-0.83377
-0.84085
-0.82421
-0.84532
-0.87157
-0.90366
-0.90387
-0.88605
-0.88103
-0.85738
-0.85997
-0.8432
-0.85689
-0.81727
-0.88163
-0.8059
-0.8195
-0.81949
-0.87613
-0.87814
-0.84725
-0.87188
-0.89625
-0.86199
-0.82401
-0.86194
-0.89629
-0.89588
0
0
0
0
0
0
0
0
0
0
0
0
0
0
0
0
0
-2.1582
0
0
0
0
0
0
0
0
0
-2.8659
0
0
-1.9873
0
0
0
0
0
0
0
0
0
0
0
0
0
0
0
0
0
0
0
0
0
0
0
0
0
0
0
0
0
0
0
-0.84955
-0.85738
-0.83788
-0.84345
-0.85975
-0.85067
-0.83539
-0.83539
-0.84195
-0.82779
-0.83366
-0.84292
-0.845
-0.84234
-0.84697
52.2903
-0.84797
-0.83046
-0.83477
-0.85154
-0.83147
-0.82601
-0.81367
-0.84
-0.83517
-0.82833
-0.81864
-0.82842
-0.83516
-0.8414
-0.8247
-0.84615
-0.87198
-0.90473
-0.90445
-0.88696
-0.88178
-0.85794
-0.86437
-0.84459
-0.85685
-0.81726
-0.88296
-0.80627
-0.8198
-0.8198
-0.8764
-0.87838
-0.8604
-0.87267
-0.89712
-0.86306
-0.82553
-0.8627
-0.89714
-0.89674
0
0
0
0
0
0
0
0
0
0
0
0
0
0
0
0
0
-2.1543
0
0
0
0
0
0
0
0
0
0
0
0
0
0
0
0
0
0
0
0
0
0
0
0
0
0
0
0
0
0
0
-3.4022
0
0
0
0
0
0
0
0
0
0
0
0
-0.83725
-0.85411
-0.83479
-0.8403
-0.85658
-0.84751
-0.83219
-0.8322
-0.83893
-0.82504
-0.83104
-0.83924
-0.84213
-0.8394
-0.84671
-0.84797
49.9292
-0.82675
-0.8312
-0.84529
-0.82805
-0.82269
-0.81056
-0.85564
-0.83264
-0.82608
-0.81601
-0.8257
-0.83246
-0.8384
-0.82169
-0.84488
-0.8688
-0.90153
-0.90154
-0.88391
-0.87856
-0.85477
-0.86127
-0.84156
-0.85406
-0.82029
-0.87998
-0.80243
-0.81653
-0.81653
-0.87307
-0.87502
-0.85723
-0.86873
-0.89266
-0.85964
-0.82186
-0.85857
-0.89288
-0.89247
0
0
0
0
0
0
0
0
0
0
0
0
0
0
0
0
0
0
0
0
0
0
0
0
0
0
0
0
0
0
0
0
0
0
0
0
0
0
-3.3518
0
0
0
0
0
0
0
0
0
0
0
0
0
0
0
0
0
0
0
0
0
0
0
-0.82735
-0.83781
-0.81819
-0.82393
-0.84002
-0.83093
-0.81563
-0.81563
-0.82251
-0.80844
-0.81443
-0.82222
-0.82342
-0.82228
-0.82956
-0.83046
-0.82675
47.5895
-0.81442
-0.82898
-0.81201
-0.80633
-0.79366
-0.83337
-0.81745
-0.80912
-0.799
-0.80803
-0.81486
-0.82164
-0.80492
-0.82723
-0.85188
-0.88421
-0.8836
-0.86649
-0.86236
-0.83773
-0.84375
-0.82467
-0.83699
-0.80353
-0.8596
-0.78594
-0.79987
-0.79987
-0.85606
-0.85805
-0.83929
-0.85172
-0.87573
-0.84302
-0.80471
-0.84167
-0.87584
-0.87543
0
0
0
0
0
0
0
0
0
0
0
0
0
-1.9269
0
0
0
0
0
0
0
0
0
0
0
0
0
0
0
0
0
0
0
0
0
0
0
0
0
0
0
0
0
0
0
0
0
0
0
0
0
0
0
0
0
0
0
0
0
0
0
0
-0.8332
-0.84252
-0.82239
-0.82799
-0.84426
-0.83502
-0.81992
-0.81992
-0.82709
-0.8126
-0.81856
-0.82658
-0.82999
-0.82657
-0.83392
-0.83477
-0.8312
-0.81442
48.4865
-0.83313
-0.81616
-0.81062
-0.7979
-0.83832
-0.82015
-0.81309
-0.8033
-0.81232
-0.81925
-0.82596
-0.80926
-0.83147
-0.85622
-0.88855
-0.88802
-0.87091
-0.86579
-0.84203
-0.84806
-0.82897
-0.84135
-0.80782
-0.86684
-0.7901
-0.8042
-0.8042
-0.8605
-0.8625
-0.84355
-0.8562
-0.88005
-0.84683
-0.81388
-0.84615
-0.88039
-0.87998
0
0
0
0
0
0
0
0
0
0
0
0
0
0
0
0
0
0
0
0
0
0
0
0
0
0
0
0
0
0
0
0
0
0
0
0
0
0
0
0
0
0
0
0
0
0
0
0
0
0
0
-2.5815
0
0
0
0
0
0
0
0
0
0
-0.84473
-0.84972
-0.83492
-0.84047
-0.85662
-0.84721
-0.83239
-0.83239
-0.83832
-0.82397
-0.83008
-0.84093
-0.84213
-0.84053
-0.84634
-0.85154
-0.84529
-0.82898
-0.83313
52.5167
-0.82935
-0.82382
-0.8109
-0.84835
-0.83163
-0.8255
-0.81561
-0.82431
-0.83081
-0.83827
-0.82162
-0.83536
-0.86855
-0.89287
-0.90041
-0.88296
-0.87794
-0.85453
-0.8618
-0.8417
-0.85413
-0.82014
-0.87924
-0.80287
-0.8172
-0.8172
-0.87391
-0.87606
-0.85369
-0.87022
-0.8934
0
0
-0.85942
0
0
-0.86366
0
0
0
0
0
0
0
0
0
0
0
0
0
0
0
0
0
0
-2.6324
0
0
0
0
0
0
0
0
0
0
0
0
0
-2.6827
0
0
0
0
0
0
0
0
0
0
0
0
0
0
0
0
0
0
-3.2446
0
0
0
0
0
0
0
0
0
-0.83034
-0.83901
-0.81937
-0.82491
-0.84117
-0.83206
-0.81679
-0.81679
-0.82361
-0.80974
-0.81562
-0.8232
-0.82676
-0.82344
-0.83076
-0.83147
-0.82805
-0.81201
-0.81616
-0.82935
45.7292
-0.80709
-0.79448
-0.83404
-0.81991
-0.81168
-0.79995
-0.80921
-0.81673
-0.82271
-0.80591
-0.82841
-0.85288
-0.88513
-0.88458
-0.86772
-0.86235
-0.83878
-0.8448
-0.82565
-0.83799
-0.80454
-0.86365
-0.78685
-0.80074
-0.80074
-0.85697
-0.85896
-0.8412
-0.85259
-0.87681
-0.84388
-0.806
-0.84259
-0.87676
-0.87635
0
0
0
0
0
0
0
0
0
0
0
0
0
0
0
0
0
0
0
0
0
0
0
0
0
0
0
0
0
0
0
0
0
0
0
0
0
0
0
0
0
0
0
0
0
0
0
0
0
0
0
0
0
0
0
0
0
0
0
0
0
0
-0.82492
-0.83357
-0.81397
-0.8197
-0.83573
-0.82661
-0.81137
-0.81137
-0.81817
-0.80432
-0.81018
-0.81774
-0.82131
-0.81804
-0.82531
-0.82601
-0.82269
-0.80633
-0.81062
-0.82382
-0.80709
44.5854
-0.78703
-0.82964
-0.81445
-0.8055
-0.79407
-0.80315
-0.81338
-0.81692
-0.80013
-0.82232
-0.84708
-0.87902
-0.87841
-0.86169
-0.85633
-0.83287
-0.83883
-0.81973
-0.83207
-0.7987
-0.85757
-0.78097
-0.79495
-0.79494
-0.85122
-0.85329
-0.83563
-0.84735
-0.87094
0
-0.80037
-0.83692
-0.87077
-0.87036
0
0
0
0
0
0
0
0
0
0
0
0
0
0
0
0
0
0
0
0
0
0
0
0
0
0
0
0
0
0
0
0
0
0
0
0
0
0
0
0
0
0
0
0
0
0
0
0
0
0
0
0
0
0
0
0
0
0
0
0
0
0
-0.81263
-0.82086
-0.80154
-0.80716
-0.8231
-0.81394
-0.79895
-0.79895
-0.80556
-0.79194
-0.7977
-0.80535
-0.80859
-0.80559
-0.81296
-0.81367
-0.81056
-0.79366
-0.7979
-0.8109
-0.79448
-0.78703
44.1107
-0.81824
-0.80094
-0.79186
-0.78034
-0.78794
-0.79908
-0.80313
-0.78653
-0.80708
-0.83355
-0.86532
-0.86367
-0.84732
-0.84144
-0.81887
-0.81205
-0.80587
-0.81778
-0.78506
-0.84333
-0.76732
-0.78141
-0.78141
-0.83743
-0.83954
-0.81854
-0.83389
-0.85707
0
0
-0.82287
0
0
0
0
0
0
0
0
0
0
0
0
0
0
0
0
0
0
0
0
0
0
0
0
0
0
0
0
0
0
0
0
0
0
0
0
0
0
-2.7488
0
0
0
0
0
0
0
0
0
0
0
0
0
0
0
0
0
0
0
0
0
0
0
0
0
-0.85141
-0.85886
-0.83941
-0.84521
-0.86122
-0.84895
-0.83701
-0.83701
-0.84308
-0.82921
-0.83531
-0.84343
-0.84675
-0.84888
-0.85219
-0.84
-0.85564
-0.83337
-0.83832
-0.84835
-0.83404
-0.82964
-0.81824
50.3247
-0.83907
-0.83262
-0.80929
-0.82805
-0.83553
-0.84216
-0.82533
-0.84685
-0.87308
-0.9048
-0.90415
-0.88733
-0.88194
-0.85849
-0.86456
-0.84462
-0.84528
-0.82401
-0.88359
-0.80406
-0.82069
-0.82069
-0.87741
-0.87963
0
0
0
0
0
0
0
0
0
0
0
0
0
0
0
0
0
0
0
0
-1.7955
0
0
0
0
0
0
0
0
0
-2.7042
0
0
0
-2.6365
0
0
0
0
0
0
0
0
0
0
0
0
0
0
0
0
0
0
0
0
0
0
-3.3798
0
0
0
0
0
0
0
0
0
0
0
0
-0.83331
-0.84225
-0.82316
-0.82511
-0.83898
-0.83571
-0.82077
-0.82078
-0.82738
-0.813
-0.819
-0.82749
-0.82449
-0.82801
-0.83476
-0.83517
-0.83264
-0.81745
-0.82015
-0.83163
-0.81991
-0.81445
-0.80094
-0.83907
47.4827
-0.8186
-0.80227
-0.81063
-0.81708
-0.82508
-0.80866
-0.82809
-0.85555
-0.88707
-0.88627
-0.86949
-0.85689
-0.84129
-0.84688
-0.82878
-0.84
-0.8066
-0.86785
-0.78931
-0.80387
-0.80387
-0.8603
-0.86259
0
-0.85727
0
0
0
0
0
0
0
0
0
0
0
0
0
0
0
0
0
0
0
0
0
0
0
0
0
0
-2.3915
0
0
0
0
0
0
0
0
-2.7656
0
0
-2.4257
0
0
0
0
0
0
0
0
0
0
0
0
0
0
0
0
0
0
0
0
0
0
0
0
0
0
0
0
0
-0.82621
-0.83501
-0.81547
-0.82116
-0.83729
-0.82785
-0.81304
-0.81304
-0.81906
-0.80573
-0.81154
-0.81979
-0.82277
-0.82039
-0.82732
-0.82833
-0.82608
-0.80912
-0.81309
-0.8255
-0.81168
-0.8055
-0.79186
-0.83262
-0.8186
46.674
-0.79349
-0.80117
-0.808
-0.81666
-0.80002
-0.81733
-0.84636
-0.87788
-0.86147
-0.8604
-0.85477
-0.83246
-0.83794
-0.82006
-0.83139
-0.79842
-0.85664
-0.78102
-0.79523
-0.79523
-0.85138
-0.85361
0
-0.84808
0
0
0
0
0
0
-0.8427
0
0
0
0
0
0
0
0
0
0
0
0
0
0
0
0
0
0
0
0
0
0
0
0
0
0
0
0
0
0
0
0
0
0
0
0
0
0
0
0
0
0
-3.1975
0
0
0
-3.1168
0
0
0
0
0
0
0
0
0
0
0
0
0
0
-0.81788
-0.8262
-0.80679
-0.81249
-0.82847
-0.8178
-0.80424
-0.80423
-0.81077
-0.79717
-0.80281
-0.81059
-0.81402
-0.81108
-0.81851
-0.81864
-0.81601
-0.799
-0.8033
-0.81561
-0.79995
-0.79407
-0.78034
-0.80929
-0.80227
-0.79349
40.8878
-0.79587
-0.80366
-0.81027
-0.79221
-0.81145
-0.83935
-0.8692
-0.86858
-0.85251
-0.84648
-0.82417
-0.82968
-0.81109
-0.82263
-0.79016
-0.84858
-0.77196
-0.7864
-0.7864
-0.84271
-0.84506
0
0
0
0
0
0
0
0
0
0
0
0
0
0
0
0
0
0
0
0
0
0
0
0
0
0
0
0
0
0
0
0
0
0
-2.6244
0
0
0
0
0
0
0
0
0
0
0
0
0
0
0
0
0
0
0
0
0
0
0
0
0
0
0
0
0
0
0
0
0
0
0
-0.82694
-0.83499
-0.81568
-0.82147
-0.83744
-0.82817
-0.81322
-0.81322
-0.81957
-0.80567
-0.80981
-0.81974
-0.82299
-0.82024
-0.82745
-0.82842
-0.8257
-0.80803
-0.81232
-0.82431
-0.80921
-0.80315
-0.78794
-0.82805
-0.81063
-0.80117
-0.79587
42.4809
-0.81371
-0.81795
-0.80045
-0.80512
-0.84798
-0.87855
-0.8775
-0.86162
-0.85625
-0.83142
-0.83922
-0.82112
-0.83247
-0.79986
-0.85797
-0.78188
-0.79593
-0.79593
-0.85249
0
0
0
0
0
0
0
0
0
0
0
0
0
0
0
0
0
0
-1.4374
0
0
0
0
0
0
0
0
0
0
0
0
0
0
0
0
0
0
0
0
0
0
0
0
0
0
0
0
0
0
-3.2246
0
0
0
0
0
0
0
0
0
0
0
0
0
0
0
0
0
0
0
0
0
-0.83242
-0.84199
-0.82265
-0.82814
-0.84444
-0.83524
-0.82019
-0.82019
-0.82566
-0.8122
-0.81822
-0.82689
-0.82971
-0.82751
-0.83377
-0.83516
-0.83246
-0.81486
-0.81925
-0.83081
-0.81673
-0.81338
-0.79908
-0.83553
-0.81708
-0.808
-0.80366
-0.81371
44.1379
-0.82461
-0.80734
-0.82635
-0.85473
-0.88475
-0.88443
-0.86685
-0.86119
-0.83934
-0.84502
-0.82717
-0.83848
-0.80513
-0.86273
-0.78765
-0.80161
-0.80161
0
0
0
0
0
0
0
0
0
0
0
0
0
0
0
0
0
0
0
0
0
0
0
0
0
0
0
0
0
0
0
0
0
0
0
0
0
0
0
0
0
0
0
0
0
0
0
0
0
0
0
0
0
0
0
0
0
0
0
0
0
0
0
0
0
0
0
0
0
-3.4299
0
-3.43
-0.8402
-0.84878
-0.82923
-0.83474
-0.85112
-0.84195
-0.82664
-0.82664
-0.83346
-0.81952
-0.82542
-0.83317
-0.83668
-0.83365
-0.84085
-0.8414
-0.8384
-0.82164
-0.82596
-0.83827
-0.82271
-0.81692
-0.80313
-0.84216
-0.82508
-0.81666
-0.81027
-0.81795
-0.82461
38.4753
-0.81259
-0.84364
-0.86429
-0.8941
-0.89385
-0.87765
-0.8722
-0.84878
-0.85551
-0.83692
-0.84844
-0.81458
-0.87419
-0.79613
-0.80996
-0.80996
0
0
0
0
0
-0.85535
0
0
0
0
0
0
0
0
0
0
0
0
0
0
0
0
0
0
0
0
0
0
0
0
0
0
0
0
0
0
0
0
0
0
0
0
0
0
0
0
0
0
0
0
0
0
0
0
0
0
0
0
0
0
0
0
0
0
0
0
0
0
0
0
0
0
-0.82369
-0.83219
-0.81277
-0.81847
-0.83456
-0.82543
-0.81014
-0.81014
-0.8169
-0.80303
-0.80889
-0.81653
-0.82006
-0.81698
-0.82421
-0.8247
-0.82169
-0.80492
-0.80926
-0.82162
-0.80591
-0.80013
-0.78653
-0.82533
-0.80866
-0.80002
-0.79221
-0.80045
-0.80734
-0.81259
36.082
-0.83156
-0.84885
-0.87144
-0.87218
-0.85729
-0.85263
-0.83022
-0.83637
-0.81929
-0.83055
-0.79781
-0.85534
0
-0.79156
-0.79156
0
0
0
0
0
0
0
0
0
0
0
0
0
0
0
0
0
0
0
0
0
0
0
0
0
0
0
0
0
0
0
0
0
0
0
0
0
0
0
0
0
0
0
0
0
0
0
0
0
0
0
0
0
0
0
0
0
0
0
0
0
0
0
0
0
0
0
0
0
0
0
0
-0.8462
-0.84784
-0.8353
-0.84083
-0.85641
-0.84785
-0.83306
-0.83306
-0.83889
-0.82546
-0.83093
-0.83933
-0.8417
-0.8398
-0.84532
-0.84615
-0.84488
-0.82723
-0.83147
-0.83536
-0.82841
-0.82232
-0.80708
-0.84685
-0.82809
-0.81733
-0.81145
-0.80512
-0.82635
-0.84364
-0.83156
38.0871
-0.87012
-0.88662
-0.88966
-0.8774
0
-0.85242
0
0
0
0
0
0
0
0
0
0
0
0
0
0
0
0
0
0
0
0
0
0
0
0
0
0
0
0
0
0
0
0
0
0
0
0
0
0
0
-2.0624
0
0
0
0
0
0
0
0
0
0
0
-2.6036
0
0
0
0
0
0
-3.1896
0
0
0
0
0
0
0
0
0
0
0
0
0
0
0
0
0
0
0
0
0
-0.87061
-0.87916
-0.85942
-0.86521
-0.88158
-0.8723
-0.85678
-0.85678
-0.86365
-0.84956
-0.85549
-0.8634
-0.86707
-0.86398
-0.87157
-0.87198
-0.8688
-0.85188
-0.85622
-0.86855
-0.85288
-0.84708
-0.83355
-0.87308
-0.85555
-0.84636
-0.83935
-0.84798
-0.85473
-0.86429
-0.84885
-0.87012
32.1424
-0.93517
-0.94233
-0.92767
-0.91784
-0.89161
0
0
0
0
0
0
0
0
0
0
0
0
0
0
0
0
0
0
0
0
0
0
0
0
0
0
0
0
0
0
0
0
0
0
0
0
0
0
0
0
0
0
0
0
0
0
0
0
0
0
0
0
0
0
0
0
0
0
0
0
0
0
0
0
0
0
0
0
0
0
0
0
0
0
0
0
0
0
0
0
-0.90314
-0.91195
-0.89227
-0.89779
-0.91439
-0.90431
-0.88925
-0.88925
-0.89575
-0.88156
-0.88752
-0.89555
-0.89974
-0.89673
-0.90366
-0.90473
-0.90153
-0.88421
-0.88855
-0.89287
-0.88513
-0.87902
-0.86532
-0.9048
-0.88707
-0.87788
-0.8692
-0.87855
-0.88475
-0.8941
-0.87144
-0.88662
-0.93517
33.0112
0
0
0
0
0
0
0
0
0
0
0
0
0
0
0
0
0
0
0
0
0
0
0
-0.95252
0
0
0
0
0
0
0
0
0
0
0
0
0
0
0
0
0
-2.6049
0
0
0
0
0
0
0
0
0
0
0
0
0
0
0
0
0
0
0
0
0
0
0
0
0
0
0
0
0
0
0
0
0
0
0
0
0
0
0
0
0
0
-0.90356
-0.91162
-0.8917
-0.89758
-0.9139
-0.90462
-0.88916
-0.88916
-0.8958
-0.88175
-0.88761
-0.89562
-0.89903
-0.89609
-0.90387
-0.90445
-0.90154
-0.8836
-0.88802
-0.90041
-0.88458
-0.87841
-0.86367
-0.90415
-0.88627
-0.86147
-0.86858
-0.8775
-0.88443
-0.89385
-0.87218
-0.88966
-0.94233
0
32.6175
0
0
0
0
0
0
0
0
0
0
0
0
0
0
0
0
0
0
0
0
0
0
0
0
0
0
0
0
0
0
0
0
0
0
0
0
0
0
0
0
0
0
0
0
0
0
0
0
0
0
0
0
0
0
0
0
0
0
0
0
0
0
0
0
-3.1713
0
0
0
0
0
0
0
0
0
0
0
0
0
0
0
0
0
0
-0.88509
-0.89419
-0.87439
-0.88015
-0.89661
-0.88725
-0.87185
-0.87185
-0.8782
-0.86407
-0.87023
-0.8785
-0.88185
-0.87906
-0.88605
-0.88696
-0.88391
-0.86649
-0.87091
-0.88296
-0.86772
-0.86169
-0.84732
-0.88733
-0.86949
-0.8604
-0.85251
-0.86162
-0.86685
-0.87765
-0.85729
-0.8774
-0.92767
0
0
31.7796
0
0
0
0
0
0
0
0
0
0
0
0
0
0
0
0
0
0
0
0
0
0
0
0
0
0
0
0
0
0
0
0
0
0
0
0
0
0
0
0
0
0
0
0
0
0
0
0
0
0
0
0
0
0
0
0
0
0
0
0
0
0
0
0
0
0
0
0
0
0
0
0
0
0
0
0
-2.8741
0
0
0
0
0
-0.8797
-0.88912
-0.86889
-0.87477
-0.89134
-0.88203
-0.86626
-0.86626
-0.8734
-0.85892
-0.8651
-0.87314
-0.87764
-0.87365
-0.88103
-0.88178
-0.87856
-0.86236
-0.86579
-0.87794
-0.86235
-0.85633
-0.84144
-0.88194
-0.85689
-0.85477
-0.84648
-0.85625
-0.86119
-0.8722
-0.85263
0
-0.91784
0
0
0
31.1157
0
0
0
0
0
0
0
0
0
0
0
0
0
0
0
-0.86494
0
0
0
0
0
0
0
0
0
0
0
0
0
0
0
0
0
0
0
0
0
0
0
0
0
0
0
0
0
0
0
0
0
0
0
-2.4027
0
0
0
0
0
0
0
0
0
0
0
0
0
0
0
0
0
0
0
0
0
0
0
0
0
0
0
0
0
-0.85642
-0.86505
-0.84541
-0.85118
-0.86745
-0.85815
-0.84281
-0.84281
-0.84947
-0.83516
-0.83883
-0.84938
-0.85293
-0.8499
-0.85738
-0.85794
-0.85477
-0.83773
-0.84203
-0.85453
-0.83878
-0.83287
-0.81887
-0.85849
-0.84129
-0.83246
-0.82417
-0.83142
-0.83934
-0.84878
-0.83022
-0.85242
-0.89161
0
0
0
0
29.4015
0
0
0
0
0
0
0
0
0
0
0
0
0
0
0
0
0
0
0
0
0
0
0
0
0
0
0
-1.4515
0
0
0
0
0
0
0
0
0
0
0
0
0
0
0
0
0
0
0
0
0
0
0
0
0
0
0
0
0
0
0
0
0
0
0
0
0
0
0
0
0
0
0
0
0
0
0
0
0
0
0
0
-0.863
-0.87135
-0.85157
-0.85736
-0.87367
-0.86406
-0.84903
-0.84903
-0.85564
-0.84186
-0.84784
-0.85572
-0.85893
-0.85602
-0.85997
-0.86437
-0.86127
-0.84375
-0.84806
-0.8618
-0.8448
-0.83883
-0.81205
-0.86456
-0.84688
-0.83794
-0.82968
-0.83922
-0.84502
-0.85551
-0.83637
0
0
0
0
0
0
0
31.0142
0
0
0
0
0
0
0
0
0
0
0
0
0
0
0
0
0
0
0
0
0
0
0
0
0
0
0
0
0
0
0
0
0
0
0
0
0
0
0
0
0
0
0
0
0
0
0
-1.9341
0
0
0
0
0
-2.695
0
0
0
0
0
0
0
0
0
0
0
0
0
0
0
0
0
0
0
0
0
0
0
0
0
-0.84341
-0.85217
-0.83256
-0.83819
-0.85445
-0.84515
-0.82986
-0.82985
-0.83653
-0.82282
-0.82849
-0.83631
-0.83984
-0.83684
-0.8432
-0.84459
-0.84156
-0.82467
-0.82897
-0.8417
-0.82565
-0.81973
-0.80587
-0.84462
-0.82878
-0.82006
-0.81109
-0.82112
-0.82717
-0.83692
-0.81929
0
0
0
0
0
0
0
0
28.3841
0
0
0
0
0
0
0
0
0
0
0
0
0
0
0
0
0
0
0
0
0
0
0
0
0
0
0
0
0
0
0
0
0
0
0
0
0
0
0
0
0
0
0
0
0
0
0
0
0
0
0
0
0
0
0
0
0
0
0
0
0
-2.5726
0
0
0
0
0
0
0
0
0
0
0
0
0
0
0
0
-0.85516
-0.86355
-0.84385
-0.8497
-0.86563
-0.85653
-0.84136
-0.84137
-0.84777
-0.83402
-0.84073
-0.8487
-0.85195
-0.84916
-0.85689
-0.85685
-0.85406
-0.83699
-0.84135
-0.85413
-0.83799
-0.83207
-0.81778
-0.84528
-0.84
-0.83139
-0.82263
-0.83247
-0.83848
-0.84844
-0.83055
0
0
0
0
0
0
0
0
0
28.7638
0
0
0
0
0
0
0
0
0
0
0
0
0
0
0
0
0
0
0
0
0
0
0
0
0
0
0
0
0
0
0
0
0
0
0
0
0
-2.597
0
0
0
0
0
0
0
0
0
0
0
0
0
0
0
0
0
0
0
0
0
0
0
0
0
0
0
0
0
0
0
0
0
0
0
0
0
0
0
-0.8223
-0.8308
-0.81142
-0.81701
-0.83295
-0.82418
-0.80891
-0.8089
-0.81554
-0.80176
-0.80761
-0.81528
-0.81837
-0.81567
-0.81727
-0.81726
-0.82029
-0.80353
-0.80782
-0.82014
-0.80454
-0.7987
-0.78506
-0.82401
-0.8066
-0.79842
-0.79016
-0.79986
-0.80513
-0.81458
-0.79781
0
0
0
0
0
0
0
0
0
0
27.1767
0
0
0
0
0
0
0
0
0
0
0
0
0
0
0
0
0
0
0
0
0
0
0
0
0
0
0
0
0
0
0
-2.0348
0
0
0
0
0
0
0
0
0
0
0
0
0
0
0
0
0
0
0
0
0
0
0
0
0
0
0
0
0
0
0
0
0
0
0
0
0
0
0
0
0
0
0
0
-0.87446
-0.89035
-0.87028
-0.8768
-0.89273
-0.88358
-0.86766
-0.86766
-0.87568
-0.86013
-0.86615
-0.87439
-0.87527
-0.87494
-0.88163
-0.88296
-0.87998
-0.8596
-0.86684
-0.87924
-0.86365
-0.85757
-0.84333
-0.88359
-0.86785
-0.85664
-0.84858
-0.85797
-0.86273
-0.87419
-0.85534
0
0
0
0
0
0
0
0
0
0
0
29.6622
0
0
0
0
0
0
0
0
0
0
0
0
0
0
0
0
0
0
0
0
0
0
0
0
0
0
0
0
0
0
0
0
0
0
0
0
0
-2.6904
0
0
0
0
0
0
0
0
0
0
0
0
0
0
0
0
0
0
0
0
0
0
0
0
0
0
0
0
0
0
0
0
0
0
0
0
0
-0.80475
-0.81324
-0.79374
-0.79936
-0.8152
-0.80389
-0.79121
-0.7912
-0.79777
-0.78426
-0.78981
-0.79748
-0.80079
-0.79784
-0.8059
-0.80627
-0.80243
-0.78594
-0.7901
-0.80287
-0.78685
-0.78097
-0.76732
-0.80406
-0.78931
-0.78102
-0.77196
-0.78188
-0.78765
-0.79613
0
0
0
0
0
0
0
0
0
0
0
0
0
26.3714
0
0
0
0
0
0
0
0
0
0
0
0
0
0
0
0
0
0
0
0
0
0
0
0
0
0
0
0
0
0
0
0
0
0
0
0
0
0
0
0
0
0
0
0
0
0
0
-2.5502
0
0
0
0
0
0
0
0
0
0
0
0
0
0
0
0
0
0
0
0
0
0
0
0
0
0
-0.81894
-0.82753
-0.80779
-0.81352
-0.82962
-0.8205
-0.80516
-0.80516
-0.81197
-0.7981
-0.80403
-0.81146
-0.81519
-0.8119
-0.8195
-0.8198
-0.81653
-0.79987
-0.8042
-0.8172
-0.80074
-0.79495
-0.78141
-0.82069
-0.80387
-0.79523
-0.7864
-0.79593
-0.80161
-0.80996
-0.79156
0
0
0
0
0
0
0
0
0
0
0
0
0
25.0403
0
0
0
0
0
0
0
0
0
0
0
0
0
0
0
0
0
0
0
0
0
0
0
0
0
0
0
0
0
0
0
0
0
0
0
0
0
0
0
0
0
0
0
0
0
0
0
0
0
0
0
0
0
0
0
0
0
0
0
0
0
0
0
0
0
0
0
0
0
0
0
0
0
-0.81894
-0.82754
-0.80779
-0.81351
-0.82962
-0.8205
-0.80516
-0.80515
-0.81197
-0.79811
-0.80403
-0.81146
-0.81519
-0.81191
-0.81949
-0.8198
-0.81653
-0.79987
-0.8042
-0.8172
-0.80074
-0.79494
-0.78141
-0.82069
-0.80387
-0.79523
-0.7864
-0.79593
-0.80161
-0.80996
-0.79156
0
0
0
0
0
0
0
0
0
0
0
0
0
0
25.0403
0
0
0
0
0
0
0
0
0
0
0
0
0
0
0
0
0
0
0
0
0
0
0
0
0
0
0
0
0
0
0
0
0
0
0
0
0
0
0
0
0
0
0
0
0
0
0
0
0
0
0
0
0
0
0
0
0
0
0
0
0
0
0
0
0
0
0
0
0
0
0
0
-0.87543
-0.88421
-0.86402
-0.86991
-0.88633
-0.87703
-0.86133
-0.86134
-0.86834
-0.85415
-0.86023
-0.86784
-0.87166
-0.86832
-0.87613
-0.8764
-0.87307
-0.85606
-0.8605
-0.87391
-0.85697
-0.85122
-0.83743
-0.87741
-0.8603
-0.85138
-0.84271
-0.85249
0
0
0
0
0
0
0
0
0
0
0
0
0
0
0
0
0
0
24.2161
0
0
0
0
0
0
0
0
0
0
0
0
0
0
0
0
0
0
0
0
0
0
0
0
0
0
0
0
0
0
0
0
0
0
0
0
0
0
0
0
0
0
0
0
0
0
0
0
0
0
0
0
0
0
0
0
0
0
0
0
0
0
0
0
0
0
0
0
0
0
0
-0.87741
-0.88622
-0.866
-0.87191
-0.88832
-0.87903
-0.86331
-0.86331
-0.87036
-0.85612
-0.86226
-0.86981
-0.87366
-0.87029
-0.87814
-0.87838
-0.87502
-0.85805
-0.8625
-0.87606
-0.85896
-0.85329
-0.83954
-0.87963
-0.86259
-0.85361
-0.84506
0
0
0
0
0
0
0
0
0
0
0
0
0
0
0
0
0
0
0
0
23.4188
0
0
0
0
0
0
0
0
0
0
0
0
0
0
0
0
0
0
0
0
0
0
0
0
0
0
0
0
0
0
0
0
0
0
0
0
0
0
0
0
0
0
0
0
0
0
0
0
0
0
0
0
0
0
0
0
0
0
0
0
0
0
0
0
0
0
0
0
0
0
-0.85564
-0.86586
-0.84527
-0.85232
-0.86711
-0.86142
-0.84418
-0.84417
-0.85022
-0.83559
-0.84189
-0.85074
-0.85396
-0.85206
-0.84725
-0.8604
-0.85723
-0.83929
-0.84355
-0.85369
-0.8412
-0.83563
-0.81854
0
0
0
0
0
0
0
0
0
0
0
0
0
0
0
0
0
0
0
0
0
0
0
0
0
27.3131
0
0
0
0
0
0
0
0
0
0
0
0
0
0
0
0
0
0
-1.8619
0
0
0
0
0
0
0
0
0
0
0
0
0
0
0
0
0
0
0
0
0
0
0
0
0
0
0
0
0
0
0
0
0
-2.486
0
0
-3.448
0
0
0
0
0
0
0
0
0
0
0
0
0
-0.87107
-0.87999
-0.85968
-0.86567
-0.88205
-0.87298
-0.85695
-0.85695
-0.86405
-0.84975
-0.85594
-0.86339
-0.86734
-0.86402
-0.87188
-0.87267
-0.86873
-0.85172
-0.8562
-0.87022
-0.85259
-0.84735
-0.83389
0
-0.85727
-0.84808
0
0
0
0
0
0
0
0
0
0
0
0
0
0
0
0
0
0
0
0
0
0
0
21.5404
0
0
0
0
0
0
0
0
0
0
0
0
0
0
0
0
0
0
0
0
0
0
0
0
0
0
0
0
0
0
0
0
0
0
0
0
0
0
0
0
0
0
0
0
0
0
0
0
0
0
0
0
0
0
0
0
0
0
0
0
0
0
0
0
0
0
0
0
-0.89487
-0.90374
-0.8835
-0.88951
-0.90597
-0.89365
-0.88089
-0.88089
-0.8878
-0.87379
-0.87955
-0.88745
-0.89114
-0.88801
-0.89625
-0.89712
-0.89266
-0.87573
-0.88005
-0.8934
-0.87681
-0.87094
-0.85707
0
0
0
0
0
0
0
0
0
0
0
0
0
0
0
0
0
0
0
0
0
0
0
0
0
0
0
22.9675
0
0
0
0
0
0
0
0
0
0
0
0
0
0
0
0
0
0
0
0
0
0
0
0
0
0
0
0
0
0
0
0
0
0
0
0
0
0
0
0
-2.5867
0
0
0
0
0
0
0
0
0
0
0
0
0
0
0
0
0
0
0
0
0
0
0
0
0
0
-0.86081
-0.86963
-0.84824
-0.84592
-0.87072
-0.86344
-0.8476
-0.8476
-0.85484
-0.84007
-0.84629
-0.85441
-0.85841
-0.85502
-0.86199
-0.86306
-0.85964
-0.84302
-0.84683
0
-0.84388
0
0
0
0
0
0
0
0
-0.85535
0
0
0
0
0
0
0
0
0
0
0
0
0
0
0
0
0
0
0
0
0
21.9709
0
0
0
0
0
0
0
0
0
0
0
0
0
0
0
-1.8291
0
0
0
0
0
0
0
0
-2.205
0
0
0
0
0
0
0
0
0
0
0
0
0
0
0
0
0
0
0
0
0
0
0
0
0
0
0
0
0
0
0
0
0
0
0
0
0
0
0
0
0
-0.82256
-0.8336
-0.8118
-0.81783
-0.8341
-0.82474
-0.80931
-0.80931
-0.81761
-0.80177
-0.80809
-0.81612
-0.81996
-0.81673
-0.82401
-0.82553
-0.82186
-0.80471
-0.81388
0
-0.806
-0.80037
0
0
0
0
0
0
0
0
0
0
0
0
0
0
-0.86494
0
0
0
0
0
0
0
0
0
0
0
0
0
0
0
20.3252
0
0
0
0
0
0
0
0
0
0
0
0
0
0
0
0
0
0
0
0
0
0
0
0
0
0
0
0
0
0
0
0
0
0
0
0
0
0
0
0
0
0
0
0
0
0
0
0
0
0
0
0
0
-2.3203
0
0
0
0
0
0
0
0
0
0
0
-0.86138
-0.87024
-0.8499
-0.85601
-0.87254
-0.86316
-0.84715
-0.84716
-0.85428
-0.84002
-0.84619
-0.85339
-0.85789
-0.85405
-0.86194
-0.8627
-0.85857
-0.84167
-0.84615
-0.85942
-0.84259
-0.83692
-0.82287
0
0
0
0
0
0
0
0
0
0
0
0
0
0
0
0
0
0
0
0
0
0
0
0
0
0
0
0
0
0
19.6062
0
0
0
0
0
0
0
0
0
0
0
0
0
0
0
0
0
0
0
0
0
0
0
0
0
0
0
0
0
0
0
0
0
0
0
0
0
0
0
0
0
0
0
0
0
0
0
0
0
0
0
0
0
0
0
0
0
0
0
0
0
0
0
0
-0.89537
-0.90459
-0.88369
-0.8899
-0.90666
-0.89722
-0.88097
-0.88097
-0.88829
-0.87386
-0.8801
-0.88747
-0.89221
-0.88838
-0.89629
-0.89714
-0.89288
-0.87584
-0.88039
0
-0.87676
-0.87077
0
0
0
0
0
0
0
0
0
0
0
0
0
0
0
0
0
0
0
0
0
0
0
0
0
0
0
0
0
0
0
0
18.6397
0
0
0
0
0
0
0
0
0
0
0
0
0
0
0
0
0
0
0
0
0
0
0
0
0
0
0
0
0
0
0
0
0
0
0
0
0
0
0
0
0
0
0
0
0
0
0
0
0
0
0
0
0
0
0
0
0
0
0
0
0
0
0
-0.89496
-0.90419
-0.88328
-0.8895
-0.90626
-0.89682
-0.88056
-0.88056
-0.88788
-0.87346
-0.87969
-0.88706
-0.8918
-0.88797
-0.89588
-0.89674
-0.89247
-0.87543
-0.87998
0
-0.87635
-0.87036
0
0
0
0
0
0
0
0
0
0
0
0
0
0
0
0
0
0
0
0
0
0
0
0
0
0
0
0
0
0
0
0
0
18.6312
0
0
0
0
0
0
0
0
0
0
0
0
0
0
0
0
0
0
0
0
0
0
0
0
0
0
0
0
0
0
0
0
0
0
0
0
0
0
0
0
0
0
0
0
0
0
0
0
0
0
0
0
0
0
0
0
0
0
0
0
0
0
-0.86175
-0.87019
-0.85066
-0.85762
-0.87295
-0.85824
-0.84829
-0.84829
-0.85469
-0.83061
-0.84614
-0.85691
-0.86008
-0.85774
0
0
0
0
0
-0.86366
0
0
0
0
0
-0.8427
0
0
0
0
0
0
0
0
0
0
0
0
0
0
0
0
0
0
0
0
0
0
0
0
0
0
0
0
0
0
20.5387
0
0
0
0
0
0
0
0
0
0
0
-1.7127
0
0
0
0
0
0
0
0
0
0
0
0
0
0
0
-2.4913
0
0
-2.4569
0
0
0
0
0
-0.19722
0
0
0
0
0
0
0
0
0
0
0
0
0
0
0
0
0
0
0
0
0
0
0
0
-0.88676
-0.89576
-0.87561
-0.88185
-0.89837
-0.88847
-0.87345
-0.87345
-0.8789
-0.86508
-0.87178
-0.88123
0
0
0
0
0
0
0
0
0
0
0
0
0
0
0
0
0
0
0
0
0
-0.95252
0
0
0
0
0
0
0
0
0
0
0
0
0
0
0
0
0
0
0
0
0
0
0
16.4363
0
0
0
0
0
0
0
0
0
0
0
0
0
0
-1.8291
0
0
0
0
0
0
0
0
0
0
0
0
0
0
0
0
0
0
0
0
0
0
0
0
0
0
0
0
0
0
0
0
0
0
0
0
0
0
0
0
-3.084
0
0
0
0
-0.93478
-0.94558
-0.92605
-0.93089
-0.94923
-0.93809
-0.92191
-0.9219
-0.93032
-0.91532
-0.92229
-0.93166
0
0
0
0
0
0
0
0
0
0
0
0
0
0
0
0
0
0
0
0
0
0
0
0
0
0
0
0
0
0
0
0
0
0
0
0
0
0
0
0
0
0
0
0
0
0
16.8439
0
0
0
-1.0692
0
0
0
0
0
0
0
0
0
0
0
0
-2.1801
0
0
0
0
0
0
0
-2.4266
0
0
0
0
0
0
0
0
0
0
0
0
0
0
0
0
0
0
0
0
0
0
0
0
0
0
0
0
0
0
0
0
0
0
-1.1911
-1.2005
-1.1777
-1.1845
-1.2028
-1.1928
-1.1749
-1.1749
-1.1829
-1.1672
-1.1736
-1.1817
-1.1866
-1.182
0
0
0
0
0
0
0
0
0
0
0
0
0
0
0
0
0
0
0
0
0
0
0
0
0
0
0
0
0
0
0
0
0
0
0
0
0
0
0
0
0
0
0
0
0
16.5732
0
0
0
0
0
0
0
0
0
0
0
0
0
0
0
0
0
0
0
0
0
0
0
0
0
0
0
0
0
0
0
0
0
0
0
0
0
0
0
0
0
0
0
0
0
0
0
0
0
0
0
0
0
0
0
0
0
0
-1.1641
-1.1734
-1.1507
-1.1576
-1.1757
-1.1657
-1.1479
-1.1479
-1.1559
-1.1403
-1.1468
-1.1548
-1.1597
-1.1551
0
0
0
0
0
0
0
0
0
0
0
0
0
0
0
0
0
0
0
0
0
0
0
0
0
0
0
0
0
0
0
0
0
0
0
0
0
0
0
0
0
0
0
0
0
0
16.1957
0
0
0
0
0
0
0
0
0
0
0
0
0
0
0
0
0
0
0
0
0
0
0
0
0
0
0
0
0
0
0
0
0
0
0
0
0
0
0
0
0
0
0
0
0
0
0
0
0
0
0
0
0
0
0
0
0
-1.0254
-1.0335
-1.0123
-1.0188
-1.0362
-1.0262
-1.0102
-1.0102
-1.0157
-1.0024
0
0
0
0
0
0
0
0
0
0
0
0
0
0
0
0
0
0
0
0
0
0
0
0
0
0
0
0
0
0
0
0
0
0
0
0
0
0
0
0
0
0
0
0
0
0
0
0
0
0
0
14.8193
0
0
0
0
0
0
0
0
0
0
0
0
0
0
0
0
-2.2849
0
0
0
0
0
0
0
0
-2.3432
0
0
0
0
0
0
0
0
0
0
0
0
0
0
0
0
0
0
0
0
0
0
0
0
0
0
0
0
0
0
-1.0797
-1.0896
-1.0679
-1.075
-1.0928
-1.0881
-1.066
-1.066
0
0
0
0
0
0
0
0
0
0
0
0
0
0
0
0
0
0
0
0
0
0
0
0
0
0
0
0
0
0
0
0
0
0
0
0
0
0
0
0
0
0
0
0
0
0
0
0
0
0
-1.0692
0
0
0
13.8851
0
0
0
0
0
0
0
-1.2991
0
0
0
0
0
0
0
0
0
0
0
0
0
0
0
0
0
0
0
0
0
0
0
0
0
0
0
0
0
0
0
0
0
0
0
0
0
0
0
-2.8915
0
0
0
0
0
0
0
-1.2611
-1.272
-1.2492
-1.2555
-1.2761
-1.2651
-1.2461
-1.2461
-1.2526
-1.2388
0
0
0
0
0
0
0
0
0
0
0
0
0
0
0
0
0
0
0
0
0
0
0
0
0
0
0
0
0
0
0
0
0
0
0
0
0
0
0
0
0
0
0
0
0
0
0
0
0
0
0
0
0
12.5626
0
0
0
0
0
0
0
0
0
0
0
0
0
0
0
0
0
0
0
0
0
0
0
0
0
0
0
0
0
0
0
0
0
0
0
0
0
0
0
0
0
0
0
0
0
0
0
0
0
0
0
0
0
0
-1.419
-1.4293
-1.4042
-1.4115
-1.4322
-1.4213
-1.4007
-1.4007
0
0
0
0
0
0
0
0
0
0
0
0
0
0
0
0
0
0
0
0
0
0
0
0
0
0
0
0
0
0
0
0
0
0
0
0
0
0
0
0
0
0
0
0
0
0
0
0
0
0
0
0
0
0
0
0
11.3189
0
0
0
0
0
0
0
0
0
0
0
0
0
0
0
0
0
0
0
0
0
0
0
0
0
0
0
0
0
0
0
0
0
0
0
0
0
0
0
0
0
0
0
0
0
0
0
0
0
0
0
0
0
0
0
0
0
0
0
0
0
0
0
-1.4231
0
0
0
0
0
0
0
0
0
0
0
0
0
0
0
0
-1.4374
0
0
0
0
0
0
0
0
0
-1.4515
0
0
0
0
0
0
0
0
0
0
0
0
0
0
0
0
0
0
0
0
0
0
0
0
0
0
0
13.0111
0
0
0
0
0
0
0
0
0
0
0
0
0
0
0
0
0
0
-2.8829
0
0
0
0
0
0
0
0
0
0
-3.0197
0
0
0
0
0
0
0
0
0
0
0
0
0
-2.7965
0
0
0
0
0
0
0
0
-1.7641
-1.7724
-1.7449
-1.7517
0
0
-1.7414
-1.7414
0
0
0
0
0
0
0
0
0
0
0
0
0
0
0
0
0
0
0
0
0
0
0
0
0
0
0
0
0
0
0
0
0
0
0
0
0
0
0
0
0
0
0
0
0
0
0
0
0
0
0
0
0
0
0
0
0
0
10.5158
0
0
0
0
0
0
0
0
0
0
0
0
0
0
0
0
0
0
0
0
0
0
0
0
0
0
0
0
0
0
0
0
0
0
0
0
0
0
0
0
0
0
0
0
0
0
0
0
0
0
0
0
0
0
0
0
0
0
0
0
0
0
0
0
0
0
0
0
0
0
0
0
0
0
0
0
0
0
0
0
0
0
0
0
0
0
0
0
0
0
0
0
0
0
0
0
0
0
0
-1.8619
0
0
-1.8291
0
0
0
0
0
0
0
0
0
0
0
0
0
0
0
11.8077
0
0
0
0
0
0
-2.6371
-2.6048
0
0
0
0
0
0
0
0
0
0
0
0
0
0
0
0
-2.8748
0
0
0
0
0
0
0
0
0
0
0
0
0
0
0
0
0
0
0
0
0
0
0
0
0
0
0
0
0
0
-1.8627
0
0
0
0
0
0
0
0
0
0
0
0
0
0
0
0
0
-1.7955
0
0
0
0
0
0
0
0
0
0
0
0
0
0
0
0
0
0
0
0
0
0
0
0
0
0
0
0
0
0
0
0
-1.7127
0
0
0
0
0
0
0
0
0
0
0
10.2199
0
0
0
0
0
0
0
0
0
0
0
0
0
-2.3863
0
0
0
0
0
0
0
0
-2.4626
0
0
0
0
0
0
0
0
0
0
0
0
0
0
0
0
0
0
0
0
0
0
0
0
0
0
-1.9595
0
0
0
0
0
0
0
0
0
0
0
-1.9494
0
0
0
0
-1.9269
0
0
0
0
0
0
0
0
0
0
0
0
0
0
0
0
0
0
0
0
0
0
0
0
0
0
0
0
0
0
0
0
0
0
0
0
0
0
0
0
0
0
0
0
0
0
0
0
0
0
0
10.8122
0
0
0
0
0
0
0
0
0
-2.4184
-2.5581
0
0
0
0
0
0
0
0
0
0
0
0
0
0
0
0
0
0
0
0
0
0
0
0
0
0
0
0
0
0
0
0
0
0
0
0
0
0
0
0
0
0
0
0
0
0
0
0
0
0
0
0
0
0
0
0
0
0
0
0
0
0
0
0
0
0
0
0
0
0
0
0
0
0
0
0
0
0
0
0
0
0
0
0
0
0
0
0
0
0
0
0
0
0
0
0
0
0
0
-1.2991
0
0
0
0
0
0
0
8.7827
0
0
0
-2.0232
0
0
0
0
0
0
0
0
0
0
0
0
0
0
0
0
0
0
0
0
0
0
0
-3.2833
0
0
0
0
0
0
0
0
0
0
0
0
0
0
0
0
0
-2.1771
0
0
0
0
0
0
0
0
0
0
0
0
0
0
0
0
0
0
0
0
0
0
0
0
0
0
0
0
0
0
0
0
0
0
0
0
0
0
0
0
0
0
0
0
0
0
0
0
0
0
0
0
0
0
0
0
0
0
0
0
0
0
0
0
0
0
0
0
0
0
0
0
9.9687
0
0
0
0
-2.3193
0
0
-2.4664
0
0
0
0
0
0
0
0
0
0
0
0
0
-2.2813
0
0
0
-2.9017
0
0
0
0
0
0
0
0
0
0
0
0
0
0
0
0
0
0
0
0
0
0
0
0
0
0
0
0
0
0
0
0
0
0
0
0
0
0
0
0
0
0
0
0
0
0
0
0
0
0
0
0
0
0
0
0
0
0
0
0
0
0
0
0
0
0
0
0
0
0
0
0
0
0
0
0
0
-1.8291
0
0
0
0
0
0
0
0
0
0
0
0
0
0
10.1419
0
0
0
0
-2.4236
0
0
0
0
0
0
0
0
0
-2.8247
0
0
0
0
0
0
0
0
0
0
0
0
0
0
0
0
0
0
0
0
-3.0645
0
0
0
0
0
0
0
0
0
0
0
0
0
0
0
0
0
0
0
0
0
0
0
-2.1582
-2.1543
0
0
0
0
0
0
0
0
0
0
0
0
0
0
0
0
0
0
0
0
0
0
0
0
0
-2.0348
0
0
0
0
0
0
0
0
0
0
0
0
0
0
0
0
0
0
0
0
0
0
0
0
0
0
0
0
0
0
0
8.693
0
0
0
-2.3458
0
0
0
0
0
0
0
0
0
0
0
0
0
0
0
0
0
0
0
0
0
0
0
0
0
0
0
0
0
0
0
0
0
0
0
0
0
0
0
0
0
0
-2.3292
0
-2.3562
0
0
0
0
0
0
0
0
0
0
0
0
0
0
0
0
0
0
0
0
0
0
0
0
0
0
0
0
0
0
0
0
0
0
0
0
0
0
0
0
0
0
0
0
0
0
0
0
0
0
0
0
0
0
0
0
0
0
0
0
0
0
-2.6371
0
0
-2.0232
0
0
0
9.3457
0
0
0
0
0
0
0
0
0
0
0
0
0
0
0
0
0
0
0
0
0
0
0
0
0
0
0
0
0
0
0
0
0
0
0
0
0
0
0
0
0
0
0
0
0
0
0
0
0
0
0
0
0
0
0
0
0
0
0
0
0
0
-2.6324
0
0
0
0
0
0
0
0
0
0
0
0
0
-2.6049
0
0
0
0
0
0
0
0
0
0
0
0
0
0
0
0
0
0
0
0
0
0
0
0
-2.1801
0
0
0
0
0
0
0
0
-2.6048
0
0
0
0
0
0
0
10.0222
0
0
0
0
0
0
0
0
0
0
0
0
0
0
0
0
0
0
0
0
0
0
0
0
0
0
0
0
0
0
0
0
0
0
0
0
0
0
0
0
0
0
0
0
0
-2.4257
0
0
0
0
0
0
0
0
0
0
0
0
0
0
0
0
0
0
0
0
-2.3915
0
0
0
0
0
0
0
0
0
0
0
0
0
0
0
0
0
0
0
0
0
0
0
0
0
0
-2.205
0
0
0
0
0
0
0
0
0
0
0
0
0
0
0
0
0
0
0
-2.3193
0
0
0
0
9.3415
0
0
0
0
0
0
0
0
0
0
0
0
0
0
0
0
0
0
0
0
0
0
0
0
0
0
0
0
0
0
0
0
0
0
0
0
0
0
0
0
0
0
0
0
0
0
0
0
0
0
0
0
0
0
0
0
0
0
0
0
0
0
0
0
0
0
0
0
0
0
0
0
-2.0624
0
0
0
0
0
0
0
0
0
0
0
0
0
0
0
0
0
0
0
0
0
0
0
0
0
0
0
0
0
0
0
0
0
0
0
0
0
0
0
0
-2.4236
-2.3458
0
0
0
9.8368
0
0
0
0
0
0
0
0
0
0
0
0
0
0
0
0
0
0
0
0
0
0
0
0
0
-3.005
0
0
0
0
0
0
0
0
0
0
0
0
0
0
0
0
0
0
0
0
0
0
0
0
0
0
0
0
0
0
0
0
0
0
0
0
0
-2.7042
0
0
0
0
0
0
0
0
0
0
0
0
0
0
0
0
-2.597
0
0
0
0
0
0
0
0
0
0
0
0
0
0
0
0
0
0
0
0
-2.2849
0
0
0
0
0
0
0
0
0
0
0
0
0
0
0
0
7.5861
0
0
0
0
0
0
0
0
0
0
0
0
0
0
0
0
0
0
0
0
0
0
0
0
0
0
0
0
0
0
0
0
0
0
0
0
0
0
0
0
0
0
0
0
0
0
0
0
0
0
0
0
0
0
0
0
0
0
0
0
0
0
0
0
0
0
0
0
0
0
0
0
0
0
0
0
0
0
0
0
0
0
0
0
0
0
0
0
0
0
0
0
0
0
0
0
0
0
0
0
0
0
0
0
0
0
0
0
-2.4184
0
-2.4664
0
0
0
0
0
0
0
7.8881
0
0
0
0
0
0
0
0
-3.0032
0
0
0
0
0
0
0
0
0
0
0
0
0
0
0
0
0
0
0
0
0
0
0
0
0
0
0
0
0
0
0
0
0
0
0
0
0
0
0
0
0
0
0
0
0
0
0
0
0
0
0
0
0
0
0
0
0
0
0
0
0
0
0
0
0
0
0
0
0
0
0
-2.6904
0
0
0
0
0
0
0
0
0
0
0
0
0
0
0
0
0
0
0
0
0
0
0
0
0
0
-2.5581
0
0
0
0
0
0
0
0
0
0
8.5315
0
0
0
0
0
0
0
0
0
0
0
0
0
0
0
0
0
0
0
-3.283
0
0
0
0
0
0
0
0
0
0
0
0
0
0
0
0
0
0
-2.3302
0
0
0
0
0
0
-2.3038
0
0
0
0
0
0
0
0
0
0
0
0
0
0
0
0
0
0
0
0
0
0
0
0
0
0
0
0
0
0
0
0
0
0
0
0
0
0
0
0
0
0
0
0
0
0
0
0
0
0
0
0
0
0
0
0
0
0
0
0
0
0
0
0
0
0
0
0
0
0
0
0
7.2906
0
0
0
0
0
0
0
0
-2.6566
0
0
0
0
0
0
0
0
0
0
0
0
0
0
0
0
0
0
0
0
0
0
0
0
0
0
0
0
0
0
0
0
0
0
0
0
0
0
0
0
0
0
0
0
0
0
0
0
0
0
-2.6365
0
0
-2.6244
0
0
0
0
0
0
0
0
0
0
0
0
0
0
0
0
0
0
0
0
0
0
0
0
0
0
0
0
0
0
0
0
0
0
0
0
0
0
0
0
0
-2.3863
0
0
0
0
0
0
0
0
0
0
0
0
0
7.6472
0
0
0
0
0
0
0
0
0
0
0
0
0
0
0
0
0
0
0
0
0
0
0
0
0
0
0
0
0
0
0
0
0
0
0
0
0
0
0
0
0
0
0
0
0
0
0
0
0
-2.8659
0
0
0
0
0
0
0
0
0
0
0
0
0
0
0
0
0
0
0
0
0
0
0
0
0
0
0
0
0
0
0
0
0
0
0
0
0
0
0
0
0
0
0
-2.4266
0
0
0
0
0
0
0
0
0
0
0
0
0
0
0
0
0
0
0
0
0
0
0
0
8.4343
0
0
0
0
0
0
0
0
0
0
0
0
0
0
0
0
0
0
0
0
-3.1418
0
0
0
0
0
0
0
0
0
0
0
0
0
0
0
0
0
0
0
0
0
0
0
0
0
0
0
0
0
0
0
0
0
0
0
0
0
0
0
0
0
0
0
0
0
0
0
0
0
0
0
0
0
0
0
0
0
0
0
0
0
0
0
0
0
0
0
0
0
-2.4913
0
0
0
0
0
0
0
0
-2.8829
0
0
0
0
0
0
0
0
0
0
0
0
0
0
0
0
0
0
8.4681
0
0
0
0
0
0
0
0
0
0
0
0
0
0
0
0
0
-3.0939
0
0
0
0
0
0
0
0
0
0
0
0
0
0
0
0
0
0
0
-2.8451
0
0
0
0
0
0
0
-2.807
0
0
0
0
0
0
0
0
0
0
0
-2.7656
0
0
0
0
0
0
0
0
0
0
0
0
0
0
0
0
0
0
0
0
0
0
0
0
0
0
0
0
0
0
0
0
0
0
0
0
0
0
0
0
0
0
0
0
0
0
0
0
0
0
0
0
0
0
0
0
0
0
0
0
8.4177
0
0
0
0
0
0
0
0
0
0
0
0
0
0
0
0
0
0
0
0
0
0
0
0
0
0
0
0
0
0
0
0
0
0
0
0
0
0
0
0
0
0
0
0
0
0
-1.9873
0
0
0
0
0
0
0
0
0
0
0
0
0
0
0
0
0
0
0
0
0
0
0
-1.9341
0
0
0
0
0
0
0
0
0
0
0
0
0
0
0
0
0
0
0
0
0
0
0
0
0
0
0
0
0
0
0
0
0
0
0
0
0
0
0
0
0
0
0
0
0
0
0
7.5177
0
0
0
0
0
0
0
0
0
0
0
0
0
0
0
0
0
0
0
0
0
0
0
0
0
0
0
-3.5963
0
0
0
0
0
0
0
0
0
0
0
0
0
0
0
0
0
0
0
0
0
0
0
0
0
0
0
0
0
0
0
0
0
0
0
0
0
0
0
0
0
0
0
0
0
0
0
0
0
0
0
0
0
0
0
0
0
0
0
-2.4569
0
0
0
0
-2.3432
0
0
0
0
0
0
0
0
0
0
-2.8247
0
0
0
0
0
0
0
0
0
0
0
0
0
0
7.6248
0
0
0
0
0
0
0
0
0
0
0
0
0
0
0
0
0
0
0
0
0
0
0
0
0
0
0
0
0
0
0
0
0
0
0
0
0
0
0
0
0
0
0
0
0
0
0
0
0
0
0
0
0
0
-2.4257
0
0
0
0
0
0
0
0
0
0
0
-2.4027
0
0
0
0
0
0
0
0
0
0
0
0
0
0
0
0
0
0
0
0
0
0
0
0
0
0
0
0
0
0
0
0
0
0
0
0
0
0
0
0
0
0
-3.0032
0
0
0
0
0
0
0
0
7.8317
0
0
0
0
0
0
0
0
0
0
0
0
0
0
0
0
0
0
0
0
0
0
0
0
0
0
0
0
0
0
-2.7297
0
0
0
0
0
0
0
0
0
0
0
0
0
0
0
0
0
-2.6827
0
0
0
0
0
0
0
0
0
0
0
-2.6036
0
0
0
0
0
0
0
0
0
0
0
0
0
0
0
0
0
0
0
0
0
0
0
0
0
0
0
0
0
0
0
0
0
0
0
0
0
0
0
0
0
0
0
0
0
0
0
0
0
0
0
0
0
0
0
0
0
8.0159
0
0
0
0
0
0
0
0
0
0
0
0
0
0
0
0
0
0
0
0
0
0
0
0
0
0
0
0
0
0
0
0
0
0
0
0
0
0
0
0
0
0
0
0
0
0
0
0
0
0
0
0
0
0
0
0
0
0
0
0
0
0
0
0
0
0
0
0
0
0
0
0
0
0
0
0
0
0
0
0
0
0
0
0
0
0
0
0
0
0
0
0
0
0
0
0
0
0
0
0
0
0
0
0
0
0
0
0
0
-2.6566
0
0
0
0
0
0
0
0
9.1785
0
0
0
0
0
0
0
0
0
0
0
0
0
0
0
-3.2936
-3.2284
0
0
0
0
0
0
0
0
0
0
0
0
0
0
0
0
0
0
0
0
0
0
0
0
0
0
0
0
0
0
0
0
0
0
0
0
0
0
0
0
0
0
0
0
0
0
0
0
0
0
0
0
0
-2.5502
0
0
0
0
0
0
-2.5867
0
0
0
0
0
0
0
0
0
0
0
0
0
0
0
0
0
-2.4626
0
0
0
0
0
0
0
0
0
0
0
0
0
0
0
0
0
0
0
0
0
0
7.5995
0
0
0
0
0
0
0
0
0
0
0
0
0
0
0
0
0
0
0
0
0
0
0
0
0
0
0
0
0
0
0
0
0
0
0
0
0
0
0
0
0
0
0
0
0
0
0
0
-2.7488
0
0
0
0
0
0
0
0
0
0
0
0
0
0
0
-2.695
0
0
0
0
0
0
0
0
0
0
0
0
0
0
0
0
0
0
0
0
0
0
0
0
0
0
0
0
-2.8748
0
0
0
0
0
0
0
0
0
0
0
0
0
0
0
0
0
0
0
0
0
0
0
0
8.3186
0
0
0
0
0
0
0
0
0
0
0
0
0
0
0
0
0
0
0
0
0
0
0
0
0
0
0
0
0
0
0
0
0
0
0
0
0
0
0
0
0
0
0
0
0
0
0
0
0
0
0
0
0
0
0
0
0
0
0
0
0
0
0
0
0
0
0
0
0
0
0
0
0
0
0
0
0
0
0
0
0
-0.19722
0
0
0
0
0
0
0
0
0
0
0
0
0
0
-2.2813
0
0
0
0
0
0
0
0
0
0
0
0
0
0
0
0
0
0
0
0
0
6.372
0
0
0
0
0
0
0
0
0
0
0
0
0
0
0
0
0
-3.8935
0
0
0
0
0
0
-3.4061
0
0
0
0
0
0
0
0
0
0
0
0
0
0
0
-3.3518
0
0
0
0
0
0
0
0
0
0
0
0
0
0
0
0
0
0
0
0
0
0
0
0
0
0
0
0
0
0
0
0
0
0
0
0
0
0
0
0
0
0
0
0
0
0
0
0
0
0
0
0
0
0
0
0
0
0
0
0
0
0
0
0
0
0
0
0
0
0
0
0
0
0
0
0
0
6.7579
0
0
0
0
0
0
0
0
0
0
0
0
0
0
0
0
0
0
0
0
0
0
0
0
0
0
0
0
0
0
0
0
0
-3.036
0
0
0
0
0
0
0
0
0
0
0
0
0
0
0
0
0
0
0
0
0
0
0
0
0
0
0
0
0
0
0
0
0
0
0
0
0
0
0
0
0
0
0
0
0
0
0
0
0
0
0
0
0
0
-3.0197
0
0
0
0
0
0
0
0
0
0
0
0
0
0
0
0
0
0
0
0
0
0
0
0
0
0
0
0
0
6.0557
0
0
0
0
0
0
0
0
0
0
0
0
0
0
0
0
0
0
0
0
0
0
0
0
0
0
0
0
0
0
0
0
0
0
0
0
0
0
0
0
0
0
0
0
0
0
0
0
0
-3.2246
0
0
0
-3.1896
0
0
0
0
0
0
0
0
0
0
0
0
0
0
0
0
0
0
0
0
0
0
0
0
0
0
0
0
0
0
0
0
0
0
0
0
0
0
0
0
0
0
0
0
0
0
0
0
0
0
0
0
0
0
0
0
0
0
0
0
0
0
0
0
6.4142
0
0
0
0
0
0
0
0
0
0
0
0
0
0
0
0
0
0
0
0
0
0
0
0
0
0
0
0
0
-2.7716
0
0
0
0
0
0
0
0
0
0
0
0
0
0
0
0
0
0
0
0
0
0
0
0
0
0
0
0
0
0
0
0
0
0
0
0
0
0
0
0
0
0
0
0
0
0
0
0
0
0
0
0
0
0
0
0
0
0
0
0
0
0
-2.9017
0
0
0
0
0
0
0
0
0
0
0
0
0
0
0
0
0
0
0
0
0
0
0
0
0
5.6733
0
0
0
0
0
0
0
0
0
0
0
0
0
0
0
0
0
0
0
0
0
0
0
0
0
-2.8172
0
0
0
0
0
0
0
0
0
0
0
0
0
0
0
0
0
0
0
0
0
0
0
0
0
0
0
0
0
0
0
0
0
0
0
0
0
0
0
0
0
0
0
0
0
0
0
0
0
0
0
0
0
0
0
0
0
0
0
0
0
0
0
0
-3.2833
0
0
0
0
0
0
0
0
0
0
0
0
0
0
0
0
0
0
0
0
0
0
0
0
0
0
0
6.1005
0
0
0
0
0
0
0
0
0
0
0
0
0
0
0
0
0
0
0
0
0
0
0
0
0
0
0
0
0
0
0
0
0
0
0
0
0
0
0
0
0
0
0
0
-3.1975
0
0
0
0
0
0
0
0
-3.1713
0
0
0
0
0
0
0
0
0
0
0
0
0
0
0
0
0
0
0
0
0
0
0
0
0
0
0
0
0
0
0
0
0
0
0
0
0
0
0
0
0
0
0
0
0
0
0
0
0
0
0
0
0
0
0
0
0
0
0
0
0
0
0
0
6.3688
0
0
0
0
0
0
0
0
0
0
0
0
0
0
0
0
0
0
-3.5316
0
0
0
0
0
0
0
0
0
0
0
0
0
0
0
0
0
0
0
0
0
0
0
0
0
0
0
0
0
0
0
0
0
0
0
0
0
0
0
0
0
0
0
0
0
0
0
0
0
0
0
0
0
0
0
0
0
0
0
0
0
0
0
0
0
0
0
0
0
0
0
0
0
0
0
0
0
0
0
-3.283
0
0
0
0
0
0
0
0
0
0
0
0
0
0
0
0
0
0
0
6.8147
0
0
0
0
0
0
0
0
0
0
0
0
0
0
0
0
0
0
0
0
0
0
0
0
0
0
0
0
0
0
0
0
0
0
0
0
0
0
0
0
0
0
0
0
0
0
0
0
0
0
0
0
0
0
0
0
-2.5726
0
0
0
0
0
0
0
0
-2.486
0
0
0
0
0
0
0
0
0
0
0
0
0
0
0
0
0
0
0
0
0
0
0
0
0
0
0
0
0
0
0
0
0
0
0
0
0
0
0
0
0
0
0
0
0
0
0
0
0
0
0
0
5.0587
0
0
0
0
0
0
0
0
0
0
0
0
0
0
0
0
0
0
0
0
0
0
0
0
0
-3.5721
0
0
0
0
0
0
0
0
0
0
0
0
0
0
0
0
0
0
0
0
0
0
0
0
0
0
0
0
0
0
0
0
0
0
0
0
0
0
0
0
0
0
0
0
0
0
0
0
0
0
0
0
0
0
0
0
0
0
0
0
0
0
0
0
0
0
0
0
0
0
0
0
0
0
-3.0939
0
0
0
0
0
0
0
0
0
0
0
0
0
0
0
0
0
6.6661
0
0
0
0
0
0
0
0
0
0
0
0
0
0
0
0
0
0
0
0
0
0
0
0
0
0
0
0
0
0
0
0
0
0
0
0
0
0
0
0
-3.1168
0
0
0
0
0
0
0
0
0
0
0
0
0
0
0
0
0
0
0
0
0
0
0
0
0
0
0
0
0
0
0
0
0
0
0
0
0
0
0
0
0
0
0
0
0
0
0
0
0
0
0
-3.005
0
0
0
0
0
0
0
0
0
0
0
0
0
0
0
0
0
0
0
0
0
0
0
0
0
6.1218
0
0
0
0
0
0
0
0
0
0
0
0
0
0
0
0
0
0
0
0
0
0
0
0
0
0
0
0
0
0
0
0
0
0
0
0
0
0
0
0
0
0
0
0
0
0
0
0
0
0
0
0
0
0
0
0
0
0
0
0
0
0
-3.448
0
0
0
0
0
0
0
0
0
0
0
0
0
0
0
0
0
0
0
0
0
0
0
0
0
0
0
0
0
0
0
0
0
0
-3.1418
0
0
0
0
0
0
0
0
0
0
0
0
0
0
0
0
0
0
0
0
6.5898
0
0
0
0
0
0
0
0
0
0
0
0
0
0
0
0
0
0
0
0
0
0
0
0
0
0
0
0
-3.4022
0
0
0
0
0
0
0
-3.3798
0
0
0
0
0
0
0
0
0
0
0
0
0
0
0
0
0
0
0
0
0
0
0
0
0
0
0
0
0
0
0
0
0
0
0
0
0
0
0
0
0
0
0
0
0
0
0
0
0
0
0
0
0
0
0
0
0
0
0
0
0
0
0
0
0
0
0
0
0
0
0
0
0
0
0
0
0
0
0
0
0
6.7821
0
0
0
0
0
0
0
0
0
0
0
0
0
0
0
0
0
0
0
0
0
0
0
0
0
0
0
0
0
0
0
0
0
0
0
0
0
0
0
0
0
0
0
0
0
0
0
0
0
0
0
0
0
0
0
0
0
0
0
0
0
0
0
0
-2.3203
0
0
0
0
0
0
0
0
0
0
0
0
0
0
0
0
0
0
0
0
0
0
0
0
0
0
0
0
0
0
0
0
0
0
0
0
0
-3.2936
0
0
0
0
0
0
0
0
0
0
0
0
0
0
0
5.6139
0
0
0
0
0
0
0
0
0
0
0
0
0
0
0
0
0
0
0
0
0
0
0
0
0
0
0
0
0
-2.5815
0
0
0
0
0
0
0
0
0
0
0
0
0
0
0
0
0
0
0
0
0
0
0
0
0
0
0
0
0
0
0
0
0
0
0
0
0
0
0
0
0
0
0
0
0
0
0
0
0
0
0
0
0
0
0
0
0
0
0
0
0
0
0
0
0
0
0
0
0
0
0
-3.2284
0
0
0
0
0
0
0
0
0
0
0
0
0
0
0
0
5.8099
0
0
0
0
0
0
0
0
0
0
0
0
0
0
0
0
0
0
0
0
0
0
0
0
0
0
0
0
0
-3.2446
0
0
0
0
0
0
0
0
0
0
0
0
0
0
0
0
0
0
0
0
0
0
0
0
0
0
0
0
0
0
0
0
0
0
0
0
0
0
0
0
0
0
0
0
0
0
0
0
0
0
0
0
-3.0645
0
0
0
0
0
0
0
0
0
0
0
0
0
0
0
0
0
0
0
0
0
0
0
0
0
0
0
0
0
0
0
0
0
0
0
6.3091
0
0
0
0
0
0
0
0
0
0
0
0
0
0
0
0
0
0
0
0
0
0
0
0
0
0
0
0
0
0
0
0
0
0
0
0
0
0
0
0
0
0
0
0
0
0
0
0
0
0
0
0
0
0
0
0
0
0
0
0
0
0
0
0
0
0
0
0
0
0
0
0
0
0
-2.7965
0
0
0
0
0
0
0
0
0
0
0
0
0
0
0
0
0
0
0
0
0
0
0
0
0
0
0
0
0
0
0
0
0
0
0
0
0
0
0
0
0
0
0
2.7965
0
0
0
0
0
0
0
0
0
0
0
0
0
0
0
0
0
0
0
0
0
0
0
0
0
0
0
0
0
0
0
0
0
0
0
0
0
0
0
0
0
0
0
0
0
0
0
0
0
0
0
0
0
0
0
0
0
0
0
0
0
0
0
0
0
0
0
0
0
0
-2.8915
0
0
0
0
0
0
0
0
0
0
0
0
0
0
0
0
0
0
0
0
0
0
0
0
0
0
0
0
0
0
0
0
0
0
0
0
0
0
0
0
0
0
0
0
0
0
0
2.8915
0
0
0
0
0
0
0
0
0
0
0
0
0
0
0
0
0
0
0
0
0
0
0
0
0
0
0
0
0
0
0
0
0
0
0
0
0
0
0
0
0
0
0
0
0
0
0
0
0
0
0
0
0
0
0
0
0
0
0
0
0
0
0
0
0
0
0
0
0
0
0
0
0
0
0
0
0
0
0
0
0
0
0
0
0
0
0
0
0
0
0
0
0
0
0
0
0
0
0
0
-3.8935
0
0
0
0
0
0
0
0
0
0
0
0
0
0
0
0
0
3.8935
0
0
0
0
0
0
0
0
0
0
0
0
0
0
0
0
0
0
0
0
0
0
0
0
0
0
0
0
0
0
0
0
0
0
0
0
0
0
0
0
0
-2.8741
0
0
0
0
0
0
0
0
0
0
0
0
0
0
0
0
0
0
0
0
0
0
0
0
0
0
0
0
0
0
0
0
0
0
0
0
0
0
0
0
0
0
0
0
0
0
0
0
0
0
0
0
0
0
0
0
0
0
0
0
0
0
0
0
0
0
0
0
0
0
0
0
0
0
0
0
2.8741
0
0
0
0
0
0
0
0
0
0
0
0
0
0
0
0
0
0
0
0
0
0
0
0
0
0
0
0
0
0
0
0
0
0
0
0
0
0
0
0
0
0
0
0
0
0
0
0
0
0
0
0
0
0
0
0
0
0
0
0
0
0
-3.084
0
0
0
0
0
0
0
0
0
0
0
0
0
0
0
0
0
0
0
0
0
0
0
0
0
0
0
0
0
0
0
0
0
0
0
0
0
0
0
0
0
0
0
0
0
0
0
0
0
0
0
0
0
0
0
3.084
0
0
0
0
0
0
0
0
0
0
0
0
0
0
0
0
0
0
0
0
0
0
0
0
0
0
0
0
0
0
0
0
0
0
0
0
0
0
0
0
0
0
0
0
0
0
0
0
0
0
0
0
0
0
0
0
0
0
0
0
0
0
0
0
0
0
0
0
0
0
0
0
0
0
0
0
0
0
0
0
0
0
0
0
0
0
0
0
0
0
-3.5963
0
0
0
0
0
0
0
0
0
0
0
0
0
0
0
0
0
0
0
0
0
0
0
0
0
0
0
3.5963
0
0
0
0
0
0
0
0
0
0
0
0
0
0
0
0
0
0
0
0
0
0
0
0
0
0
0
0
0
0
0
-3.4299
0
0
0
0
0
0
0
0
0
0
0
0
0
0
0
0
0
0
0
0
0
0
0
0
0
0
0
0
0
0
0
0
0
0
0
0
0
0
0
0
0
0
0
0
0
0
0
0
0
0
0
0
0
0
0
0
0
0
0
0
0
0
0
0
0
0
0
0
0
0
0
0
0
0
0
0
0
0
0
0
0
0
0
0
0
0
3.4299
0
0
0
0
0
0
0
0
0
0
0
0
0
0
0
0
0
0
0
0
0
0
0
0
0
0
0
0
0
0
0
0
0
0
0
0
0
0
0
0
0
0
0
0
0
0
0
0
0
0
0
0
0
0
0
0
0
0
0
0
0
0
0
0
0
0
0
0
0
0
0
0
-2.1771
0
0
0
0
0
0
0
0
0
0
0
0
0
0
0
0
0
0
0
0
0
0
0
0
0
0
0
0
0
0
0
0
0
0
0
0
0
0
0
0
0
0
0
0
0
2.1771
0
0
0
0
0
0
0
0
0
0
0
0
0
0
0
0
0
0
0
0
0
0
0
0
0
0
0
0
0
-3.43
0
0
0
0
0
0
0
0
0
0
0
0
0
0
0
0
0
0
0
0
0
0
0
0
0
0
0
0
0
0
0
0
0
0
0
0
0
0
0
0
0
0
0
0
0
0
0
0
0
0
0
0
0
0
0
0
0
0
0
0
0
0
0
0
0
0
0
0
0
0
0
0
0
0
0
0
0
0
0
0
0
0
0
0
0
0
0
0
3.43
