1
0.94061
0.92768
0.924
0.91986
0.9173
0.91392
0.91215
0.91111
0.90955
0.90882
0.90827
0.90449
0.90098
0.89766
0.89444
0.89139
0.88835
0.88552
0.88291
0.88054
0.87836
0.87614
0.87383
0.87159
0.86951
0.86756
0.86575
0.86403
0.86239
0.8608
0.85927
0.85778
0.85634
0.85492
0.85355
0.85222
0.85094
0.8497
0.8485
0.84734
0.84619
0.84505
0.8439
0.84272
0.84153
0.8403
0.83904
0.83775
0.83643
0.83507
0.83368
0.83226
0.83082
0.82936
0.82789
0.82642
0.82495
0.82349
0.82206
0.82063
0.81923
0.81786
0.81654
0.81526
0.81401
0.81279
0.8116
0.81044
0.8093
0.80817
0.80706
0.80595
0.80483
0.80371
0.80257
0.80141
0.80019
0.79891
0.79755
0.79609
0.79452
0.79283
0.79104
0.78915
0.78719
0.78518
0.78315
0.78112
0.77911
0.77713
0.7752
0.77332
0.7715
0.76973
