58.1815
-0.91058
-0.90306
-0.91049
-0.90306
-0.90777
-0.89858
-0.90106
-0.90031
-0.90056
-0.90132
-0.89416
-0.89665
-0.91033
-0.90048
-0.90807
-0.90169
-0.90148
-0.90655
-0.90337
-0.9041
-0.90967
-0.89427
-0.90265
-0.89413
-0.89428
-0.89371
-0.90778
-0.88661
-0.90012
-0.90332
-0.89388
-0.89388
-0.89907
-0.90052
-0.9022
-0.89653
-0.89653
-0.91062
-0.90283
-0.90095
-0.89742
-0.90694
-0.89551
-0.89552
-0.89553
-0.92188
-0.92845
-0.90131
-0.91925
-0.90684
-0.94083
-0.95505
-0.92619
-1.0678
-1.1058
-1.1994
0
0
0
-1.5624
0
-1.5252
0
0
0
0
0
0
0
0
0
0
0
0
-1.5076
0
0
0
0
0
-2.2754
0
0
0
0
0
0
0
0
0
0
0
0
0
0
0
0
0
0
0
0
0
0
0
0
0
0
0
0
0
0
0
0
0
-0.91058
58.1362
-0.91197
-0.91953
-0.91197
-0.91831
-0.90762
-0.9102
-0.90949
-0.90964
-0.91018
-0.90321
-0.90569
-0.92091
-0.90943
-0.91702
-0.91071
-0.91243
-0.91539
-0.91232
-0.91308
-0.91854
-0.90314
-0.91153
-0.90316
-0.90314
-0.90259
-0.91761
-0.89541
-0.90902
-0.91219
-0.90273
-0.90273
-0.90795
-0.90992
-0.91091
-0.90538
-0.90538
-0.91994
-0.91193
-0.90981
-0.90581
-0.91584
-0.90434
-0.90435
-0.90436
-0.93187
-0.93939
-0.91031
-0.92834
-0.91503
-0.95379
-0.97249
-0.93794
-1.0764
-1.1142
-1.2051
0
0
0
-1.5667
0
0
0
0
0
0
0
0
0
0
0
0
0
0
0
0
0
0
0
0
0
0
0
0
0
0
0
0
0
0
0
0
0
0
0
0
0
0
0
0
0
-4.7472
0
0
0
0
0
0
0
0
0
0
0
0
-0.90306
-0.91197
52.9969
-0.91301
-0.90397
-0.91194
-0.90043
-0.90358
-0.90243
-0.90269
-0.9033
-0.89624
-0.89866
-0.91289
-0.90253
-0.91004
-0.90363
-0.90506
-0.90845
-0.90533
-0.90593
-0.91157
-0.89617
-0.90464
-0.8962
-0.89616
-0.89562
-0.91004
-0.88845
-0.9022
-0.90523
-0.89574
-0.89574
-0.901
-0.90257
-0.90399
-0.89838
-0.89838
-0.91284
-0.90527
-0.9028
-0.8994
-0.90878
-0.89734
-0.89735
-0.89735
-0.92463
-0.93298
-0.90291
-0.92192
-0.90829
-0.9432
-0.96595
-0.93086
-1.0694
-1.1085
-1.1993
0
0
0
-1.5605
0
0
0
0
0
0
0
0
0
0
0
0
0
0
0
0
0
0
0
0
0
0
0
0
0
0
0
0
0
0
0
0
0
0
0
0
0
0
0
0
0
0
0
0
0
0
0
0
0
0
0
0
0
0
-0.91049
-0.91953
-0.91301
54.7264
-0.91301
-0.9185
-0.90765
-0.9099
-0.90923
-0.90774
-0.91004
-0.90294
-0.90535
-0.91961
-0.90939
-0.91683
-0.9104
-0.91184
-0.91429
-0.9121
-0.91218
-0.91836
-0.9029
-0.91124
-0.90299
-0.9029
-0.90237
-0.91688
-0.89517
-0.90882
-0.91197
-0.90247
-0.90247
-0.9075
-0.90934
-0.90953
-0.90513
-0.90512
-0.91963
-0.91207
-0.90959
-0.90653
-0.9156
-0.90414
-0.90415
-0.90416
-0.93169
-0.94003
-0.90973
-0.92952
-0.91498
-0.95027
-0.9751
-0.93796
-1.0776
0
-1.2089
0
0
0
0
0
0
0
-1.7768
0
0
0
0
0
0
0
0
0
0
0
0
0
0
0
0
0
0
0
0
0
0
0
0
0
0
0
0
0
0
0
-2.2488
0
0
0
0
0
0
0
0
0
0
0
0
0
0
0
0
0
0
-0.90306
-0.91197
-0.90397
-0.91301
52.9969
-0.91194
-0.90043
-0.90358
-0.90243
-0.90269
-0.9033
-0.89624
-0.89866
-0.9129
-0.90253
-0.91003
-0.90364
-0.90506
-0.90845
-0.90533
-0.90594
-0.91156
-0.89616
-0.90465
-0.8962
-0.89616
-0.89562
-0.91003
-0.88845
-0.9022
-0.90523
-0.89574
-0.89574
-0.90101
-0.90256
-0.90399
-0.89838
-0.89838
-0.91284
-0.90527
-0.9028
-0.8994
-0.90879
-0.89734
-0.89735
-0.89735
-0.92463
-0.93298
-0.90291
-0.92193
-0.90829
-0.9432
-0.96596
-0.93086
-1.0694
-1.1085
-1.1993
0
0
0
-1.5605
0
0
0
0
0
0
0
0
0
0
0
0
0
0
0
0
0
0
0
0
0
0
0
0
0
0
0
0
0
0
0
0
0
0
0
0
0
0
0
0
0
0
0
0
0
0
0
0
0
0
0
0
0
0
-0.90777
-0.91831
-0.91194
-0.9185
-0.91194
54.2984
-0.90649
-0.90874
-0.9076
-0.90653
-0.90855
-0.90144
-0.9039
-0.91819
-0.90789
-0.91532
-0.90897
-0.9092
-0.91378
-0.91066
-0.91129
-0.91695
-0.90147
-0.90941
-0.90145
-0.90148
-0.90099
-0.91571
-0.8938
-0.90748
-0.91058
-0.9011
-0.90111
-0.90631
-0.90775
-0.90933
-0.90375
-0.90376
-0.91805
-0.91072
-0.9082
-0.90502
-0.9142
-0.90273
-0.90275
-0.90274
-0.92805
-0.93847
-0.90839
-0.92468
-0.9134
-0.9487
-0.96662
-0.93613
-1.0756
0
0
0
-1.6509
-1.5139
0
0
0
0
0
-1.7297
0
0
0
0
0
0
0
0
0
0
0
0
0
0
0
0
0
0
0
0
0
0
0
0
0
0
0
0
0
0
0
0
0
0
0
0
0
0
0
0
0
0
0
0
0
0
0
0
0
-0.89858
-0.90762
-0.90043
-0.90765
-0.90043
-0.90649
51.1515
-0.89805
-0.89737
-0.89745
-0.89811
-0.8911
-0.89352
-0.90705
-0.89732
-0.90487
-0.89846
-0.89972
-0.90321
-0.90016
-0.90066
-0.90633
-0.89099
-0.89943
-0.89102
-0.89099
-0.89045
-0.90476
-0.8833
-0.89701
-0.90003
-0.89057
-0.89057
-0.89583
-0.89735
-0.89876
-0.89319
-0.89318
-0.90756
-0.90003
-0.89761
-0.89424
-0.90357
-0.89216
-0.89216
-0.89217
-0.91949
-0.92764
-0.89782
-0.91692
-0.90312
-0.93791
-0.96049
-0.92548
-1.064
-1.1028
-1.1944
0
0
0
0
0
0
0
0
0
0
0
0
0
0
0
0
0
0
0
0
0
0
0
0
0
0
0
0
0
0
0
0
0
0
0
0
0
0
0
0
0
0
0
0
0
0
0
0
0
0
0
0
0
0
0
0
0
0
-0.90106
-0.9102
-0.90358
-0.9099
-0.90358
-0.90874
-0.89805
52.6123
-0.89933
-0.8993
-0.8999
-0.89295
-0.89541
-0.90901
-0.89931
-0.90678
-0.90038
-0.9015
-0.90448
-0.90207
-0.90066
-0.90815
-0.8929
-0.90127
-0.89298
-0.8929
-0.89237
-0.90671
-0.88522
-0.89735
-0.9018
-0.89247
-0.89247
-0.89754
-0.89928
-0.89984
-0.8951
-0.8951
-0.90926
-0.90193
-0.89953
-0.89653
-0.90554
-0.89415
-0.89416
-0.89416
-0.92135
-0.92968
-0.8998
-0.91952
-0.90489
-0.94031
-0.96434
-0.92787
-1.0664
0
0
0
0
0
0
0
0
0
0
0
0
0
0
0
0
0
0
0
0
0
-1.9529
0
0
0
0
0
-1.7002
0
0
0
0
0
0
0
0
0
0
0
0
0
0
0
0
0
0
0
0
0
0
0
0
0
0
0
0
0
0
0
0
-0.90031
-0.90949
-0.90243
-0.90923
-0.90243
-0.9076
-0.89737
-0.89933
48.9268
-0.89867
-0.89934
-0.8922
-0.89471
-0.90841
-0.89894
-0.90617
-0.89973
-0.90131
-0.90447
-0.90143
-0.90193
-0.90756
-0.89225
-0.9007
-0.89231
-0.89225
-0.8917
-0.90602
-0.88454
-0.89832
-0.90125
-0.89181
-0.89181
-0.89708
-0.89863
-0.9
-0.89444
-0.89444
-0.90884
-0.90131
-0.89885
-0.89603
-0.90482
-0.89341
-0.89342
-0.89343
-0.92097
-0.92889
-0.89921
-0.91806
-0.90426
-0.93923
-0.96352
-0.92672
-1.0653
0
0
0
0
0
0
0
0
0
0
0
0
0
0
0
0
0
0
0
0
0
0
0
0
0
0
0
0
0
0
0
0
0
0
0
0
0
0
0
0
0
0
0
0
0
0
0
0
0
0
0
0
0
0
0
0
0
0
0
0
-0.90056
-0.90964
-0.90269
-0.90774
-0.90269
-0.90653
-0.89745
-0.8993
-0.89867
50.2501
-0.89946
-0.89202
-0.89443
-0.90824
-0.89846
-0.90594
-0.89952
-0.90081
-0.90419
-0.9012
-0.90157
-0.90722
-0.89202
-0.89963
-0.89219
-0.89202
-0.89147
-0.9058
-0.88431
-0.89787
-0.9009
-0.89158
-0.89158
-0.89665
-0.89836
-0.8997
-0.89421
-0.89421
-0.90863
-0.90107
-0.89862
-0.89568
-0.90459
-0.89319
-0.89319
-0.89321
-0.92072
-0.9287
-0.89873
-0.91755
-0.90368
-0.93887
0
-0.92657
0
0
0
0
-1.6207
0
0
0
0
0
-1.7456
0
0
0
0
0
0
0
0
0
0
0
0
0
0
0
0
0
0
0
0
0
0
0
0
0
0
0
0
0
0
0
0
0
0
0
0
0
0
0
0
0
0
0
0
0
0
0
0
0
0
-0.90132
-0.91018
-0.9033
-0.91004
-0.9033
-0.90855
-0.89811
-0.8999
-0.89934
-0.89946
50.5123
-0.89291
-0.8954
-0.90859
-0.89919
-0.9068
-0.90038
-0.89734
-0.90503
-0.90203
-0.90254
-0.90811
-0.89284
-0.90116
-0.893
-0.89284
-0.89229
-0.90689
-0.88513
-0.8987
-0.90179
-0.8924
-0.8924
-0.89765
-0.89927
-0.90054
-0.89506
-0.89505
-0.90857
-0.90184
-0.89947
-0.89648
-0.90545
-0.89404
-0.89406
-0.89406
-0.9213
-0.92943
-0.90024
-0.91866
-0.90509
-0.94108
0
-0.92818
-1.0666
0
0
0
0
0
0
0
0
0
0
0
0
0
0
0
0
0
0
0
0
0
0
0
0
0
0
0
0
0
0
0
0
-2.5189
0
0
0
0
0
0
0
0
0
0
0
0
0
0
0
0
0
0
0
0
0
0
0
0
0
0
0
-0.89416
-0.90321
-0.89624
-0.90294
-0.89624
-0.90144
-0.8911
-0.89295
-0.8922
-0.89202
-0.89291
47.6053
-0.8877
-0.90178
-0.89237
-0.89972
-0.89317
-0.89412
-0.8977
-0.89484
-0.89495
-0.90064
-0.88563
-0.89394
-0.88576
-0.88563
-0.88508
-0.89922
-0.87792
-0.89137
-0.8944
-0.88517
-0.88517
-0.89026
-0.89192
-0.89326
-0.88778
-0.88778
-0.90193
-0.89456
-0.89218
-0.88923
-0.89813
-0.88677
-0.88678
-0.88678
-0.91399
-0.92192
-0.89225
-0.91104
-0.89716
-0.93245
0
-0.91989
0
0
0
0
0
0
0
0
0
0
0
0
0
0
0
0
0
0
0
0
0
0
0
-1.0476
0
0
0
0
0
0
0
0
0
0
0
0
0
0
0
0
0
0
0
0
0
0
0
0
0
0
0
0
0
0
0
0
0
0
0
0
0
-0.89665
-0.90569
-0.89866
-0.90535
-0.89866
-0.9039
-0.89352
-0.89541
-0.89471
-0.89443
-0.8954
-0.8877
47.9359
-0.90432
-0.89487
-0.9021
-0.89557
-0.89707
-0.90019
-0.89729
-0.89749
-0.90313
-0.8881
-0.89644
-0.88826
-0.88809
-0.88755
-0.90176
-0.88039
-0.89361
-0.89686
-0.88765
-0.88764
-0.89272
-0.89434
-0.89573
-0.89026
-0.89026
-0.90457
-0.89714
-0.89467
-0.89187
-0.90063
-0.88926
-0.88927
-0.88928
-0.91654
-0.92466
-0.8947
-0.91361
-0.89966
-0.93357
0
-0.92222
0
0
0
-1.2525
0
0
0
0
0
0
0
0
0
0
0
0
0
0
0
0
0
0
0
0
0
0
0
0
0
0
0
0
0
0
0
0
0
0
0
0
0
0
0
0
0
0
0
0
0
0
0
0
0
0
0
0
0
0
0
0
0
-0.91033
-0.92091
-0.91289
-0.91961
-0.9129
-0.91819
-0.90705
-0.90901
-0.90841
-0.90824
-0.90859
-0.90178
-0.90432
51.685
-0.90776
-0.91544
-0.90913
-0.91021
-0.91363
-0.91068
-0.91126
-0.91673
-0.90147
-0.90971
-0.90162
-0.90147
-0.90089
-0.91594
-0.89371
-0.90728
-0.91036
-0.90102
-0.90102
-0.9062
-0.90805
-0.90914
-0.90368
-0.90368
-0.91824
-0.90977
-0.9081
-0.90538
-0.9141
-0.90266
-0.90267
-0.90267
-0.9302
-0.93672
-0.9087
-0.92647
-0.91334
0
0
0
0
0
0
0
0
0
0
0
0
0
0
0
-1.5553
0
0
0
0
0
0
0
0
0
0
0
0
0
0
0
0
0
0
0
0
0
0
0
0
0
0
0
0
0
0
0
0
0
0
0
0
-4.6384
0
0
0
0
0
0
0
0
0
0
0
-0.90048
-0.90943
-0.90253
-0.90939
-0.90253
-0.90789
-0.89732
-0.89931
-0.89894
-0.89846
-0.89919
-0.89237
-0.89487
-0.90776
48.8842
-0.90598
-0.89938
-0.90068
-0.90405
-0.90111
-0.90145
-0.9073
-0.89194
-0.90034
-0.89217
-0.89194
-0.89145
-0.90574
-0.88427
-0.89778
-0.90102
-0.89155
-0.89155
-0.89675
-0.89733
-0.89968
-0.89418
-0.89417
-0.90843
-0.90086
-0.89863
-0.89587
-0.90458
-0.89321
-0.89321
-0.89322
-0.91759
-0.92852
-0.89734
-0.91857
-0.90487
0
0
0
0
0
0
0
0
0
0
0
0
-1.4492
0
0
0
0
0
0
0
0
0
0
0
0
0
0
0
0
0
0
0
0
0
0
-2.4179
0
0
0
0
0
0
0
0
0
0
0
0
0
0
0
0
0
0
0
0
0
0
0
0
0
0
0
0
-0.90807
-0.91702
-0.91004
-0.91683
-0.91003
-0.91532
-0.90487
-0.90678
-0.90617
-0.90594
-0.9068
-0.89972
-0.9021
-0.91544
-0.90598
45.4011
-0.9072
-0.90748
-0.91223
-0.90878
-0.91032
-0.91524
-0.89955
-0.90828
-0.89994
-0.89955
-0.89902
-0.91371
-0.89177
-0.90602
-0.90888
-0.89924
-0.89923
-0.90466
-0.90628
-0.90759
-0.90192
-0.90192
-0.91649
-0.90889
-0.90634
-0.90381
-0.91233
-0.9009
-0.90091
-0.90092
-0.92901
-0.9366
-0.9068
-0.92603
-0.91216
0
0
0
0
0
0
0
0
0
0
0
0
0
0
0
0
0
0
0
0
0
0
0
0
0
0
0
0
0
0
0
0
0
0
0
0
0
0
0
0
0
0
0
0
0
0
0
0
0
0
0
0
0
0
0
0
0
0
0
0
0
0
0
0
-0.90169
-0.91071
-0.90363
-0.9104
-0.90364
-0.90897
-0.89846
-0.90038
-0.89973
-0.89952
-0.90038
-0.89317
-0.89557
-0.90913
-0.89938
-0.9072
44.1938
-0.90187
-0.9054
-0.90246
-0.90333
-0.90825
-0.89299
-0.90157
-0.89331
-0.893
-0.89242
-0.90684
-0.88518
-0.89926
-0.90214
-0.89262
-0.89262
-0.89803
-0.89957
-0.90086
-0.89528
-0.89527
-0.90974
-0.90223
-0.8997
-0.89707
-0.90568
-0.89428
-0.89429
-0.89429
-0.92214
-0.92976
-0.90002
0
0
-0.94036
0
0
0
0
0
0
0
0
0
0
0
0
0
0
0
0
0
0
0
0
0
0
0
0
0
0
0
0
0
0
0
0
0
0
0
0
0
0
0
0
0
0
0
0
0
0
0
0
0
0
0
0
0
0
0
0
0
0
0
0
0
0
0
-0.90148
-0.91243
-0.90506
-0.91184
-0.90506
-0.9092
-0.89972
-0.9015
-0.90131
-0.90081
-0.89734
-0.89412
-0.89707
-0.91021
-0.90068
-0.90748
-0.90187
47.7321
-0.90618
-0.90337
-0.90398
-0.90934
-0.89411
-0.90246
-0.89429
-0.89411
-0.89372
-0.90617
-0.88632
-0.90006
-0.90312
-0.89369
-0.89369
-0.89904
-0.90048
-0.90193
-0.89638
-0.89638
-0.90969
-0.90272
-0.9008
-0.89836
-0.90677
-0.89539
-0.8954
-0.8954
-0.92241
0
0
0
0
0
0
0
0
0
0
0
0
0
0
0
0
0
0
-1.7252
0
0
0
0
0
0
0
0
0
0
0
0
0
-2.0288
0
0
0
0
0
0
0
-2.5152
0
0
0
0
0
0
0
0
0
0
0
0
0
0
0
0
0
0
0
0
0
0
0
0
0
0
0
-0.90655
-0.91539
-0.90845
-0.91429
-0.90845
-0.91378
-0.90321
-0.90448
-0.90447
-0.90419
-0.90503
-0.8977
-0.90019
-0.91363
-0.90405
-0.91223
-0.9054
-0.90618
45.1898
-0.90708
-0.90808
-0.91342
-0.89785
-0.90655
-0.89824
-0.89784
-0.8973
-0.91199
-0.89006
-0.90419
-0.90709
-0.89752
-0.89752
-0.90239
-0.90461
-0.90385
-0.9002
-0.90019
-0.91471
-0.90721
-0.90468
-0.90213
-0.91069
-0.89928
-0.8993
-0.8993
-0.92718
-0.93502
-0.90497
0
0
0
0
0
0
0
0
0
0
0
0
-1.7117
0
0
0
0
0
0
0
0
0
0
0
0
0
0
0
0
0
0
0
0
0
0
0
0
0
0
0
0
0
0
0
0
0
0
0
0
0
0
0
0
0
0
0
0
0
0
0
0
0
0
0
0
0
-0.90337
-0.91232
-0.90533
-0.9121
-0.90533
-0.91066
-0.90016
-0.90207
-0.90143
-0.9012
-0.90203
-0.89484
-0.89729
-0.91068
-0.90111
-0.90878
-0.90246
-0.90337
-0.90708
43.3331
-0.90446
-0.91016
-0.89453
-0.90334
-0.89502
-0.89452
-0.89397
-0.90865
-0.88673
-0.90112
-0.90394
-0.89432
-0.89432
-0.8998
-0.90143
-0.90263
-0.89701
-0.897
-0.91152
-0.90396
-0.90144
-0.89896
-0.90741
-0.89601
-0.89602
-0.89602
-0.92404
-0.93145
-0.90173
0
0
0
0
0
0
0
0
0
0
0
0
0
0
0
0
0
0
0
0
0
0
0
0
0
0
0
0
0
0
0
0
0
0
0
0
0
0
0
0
0
0
0
0
0
0
0
0
0
0
0
0
0
0
0
0
0
0
0
0
0
0
0
0
0
0
-0.9041
-0.91308
-0.90593
-0.91218
-0.90594
-0.91129
-0.90066
-0.90066
-0.90193
-0.90157
-0.90254
-0.89495
-0.89749
-0.91126
-0.90145
-0.91032
-0.90333
-0.90398
-0.90808
-0.90446
45.1105
-0.91038
-0.89514
-0.90373
-0.89547
-0.89514
-0.89487
-0.90911
-0.88728
-0.90129
-0.9042
-0.89479
-0.89478
-0.89995
-0.90182
-0.90213
-0.89745
-0.89745
-0.91198
-0.90448
-0.9019
-0.89923
-0.90789
-0.8965
-0.89651
-0.89652
-0.92423
0
0
0
0
0
0
0
0
0
0
0
0
0
0
0
0
0
0
0
0
0
0
0
0
0
-1.649
0
0
0
-1.942
0
0
0
0
0
0
0
0
0
0
0
0
0
0
0
0
0
0
0
0
0
0
0
0
0
0
0
0
0
0
0
0
0
0
0
0
0
0
-0.90967
-0.91854
-0.91157
-0.91836
-0.91156
-0.91695
-0.90633
-0.90815
-0.90756
-0.90722
-0.90811
-0.90064
-0.90313
-0.91673
-0.9073
-0.91524
-0.90825
-0.90934
-0.91342
-0.91016
-0.91038
43.5281
-0.90107
-0.90972
-0.90117
-0.90107
-0.90048
-0.91552
-0.89236
-0.90749
-0.90956
-0.9006
-0.90061
-0.90611
-0.90793
-0.90903
-0.90336
-0.90336
-0.91809
-0.91044
-0.90783
-0.9051
-0.91396
-0.90241
-0.90243
-0.90244
0
0
0
0
0
0
0
0
0
0
0
0
0
0
0
0
0
0
0
0
0
0
0
0
0
0
0
0
0
0
0
0
0
0
0
0
0
0
0
0
0
0
0
-2.6774
0
0
0
0
0
0
0
0
0
0
0
0
0
0
0
0
0
0
0
0
0
0
0
0
0
-0.89427
-0.90314
-0.89617
-0.9029
-0.89616
-0.90147
-0.89099
-0.8929
-0.89225
-0.89202
-0.89284
-0.88563
-0.8881
-0.90147
-0.89194
-0.89955
-0.89299
-0.89411
-0.89785
-0.89453
-0.89514
-0.90107
41.0693
-0.8936
-0.88439
-0.88081
-0.88404
-0.89962
-0.87668
-0.89133
-0.89421
-0.88476
-0.88476
-0.89011
-0.89166
-0.89292
-0.88739
-0.88739
-0.90164
-0.89432
-0.89179
-0.88931
-0.89771
-0.88639
-0.88641
-0.88641
-0.91415
0
0
0
0
0
0
0
0
0
0
0
0
0
0
0
0
0
0
0
0
0
0
0
0
0
0
0
0
0
0
0
0
0
0
0
0
0
0
0
0
0
0
0
0
0
0
0
0
0
0
0
0
0
0
0
0
0
0
0
0
0
0
0
0
0
0
0
0
-0.90265
-0.91153
-0.90464
-0.91124
-0.90465
-0.90941
-0.89943
-0.90127
-0.9007
-0.89963
-0.90116
-0.89394
-0.89644
-0.90971
-0.90034
-0.90828
-0.90157
-0.90246
-0.90655
-0.90334
-0.90373
-0.90972
-0.8936
42.3401
-0.89356
-0.89359
-0.89291
-0.90825
-0.8851
-0.90026
-0.90321
-0.89346
-0.89346
-0.89897
-0.90058
-0.90182
-0.89617
-0.89616
-0.91069
-0.90307
-0.90062
-0.89785
-0.90672
-0.89521
-0.89522
-0.89523
0
0
0
0
0
0
0
0
0
0
0
0
0
0
0
0
0
0
0
0
0
0
0
0
0
0
0
0
0
0
0
0
0
0
0
0
0
0
0
0
0
0
0
0
0
-1.802
0
0
0
0
0
0
0
0
0
0
0
0
0
0
0
0
0
0
0
0
0
0
0
-0.89413
-0.90316
-0.8962
-0.90299
-0.8962
-0.90145
-0.89102
-0.89298
-0.89231
-0.89219
-0.893
-0.88576
-0.88826
-0.90162
-0.89217
-0.89994
-0.89331
-0.89429
-0.89824
-0.89502
-0.89547
-0.90117
-0.88439
-0.89356
41.1171
-0.88439
-0.88359
-0.89968
-0.87667
-0.8912
-0.89414
-0.88476
-0.88476
-0.89005
-0.89161
-0.89287
-0.88736
-0.88735
-0.90147
-0.89422
-0.89176
-0.88889
-0.89779
-0.88635
-0.88636
-0.88636
0
0
0
0
0
0
-0.95664
0
0
0
0
0
0
0
0
0
0
0
0
0
0
0
0
0
0
0
0
0
0
0
0
0
0
0
0
0
0
0
0
0
0
0
0
0
0
0
0
0
0
0
0
0
0
0
0
0
0
0
0
0
0
0
0
0
0
0
0
0
0
-0.89428
-0.90314
-0.89616
-0.9029
-0.89616
-0.90148
-0.89099
-0.8929
-0.89225
-0.89202
-0.89284
-0.88563
-0.88809
-0.90147
-0.89194
-0.89955
-0.893
-0.89411
-0.89784
-0.89452
-0.89514
-0.90107
-0.88081
-0.89359
-0.88439
41.0692
-0.88404
-0.89961
-0.87668
-0.89133
-0.89421
-0.88476
-0.88475
-0.8901
-0.89166
-0.89292
-0.88739
-0.88739
-0.90164
-0.89431
-0.89179
-0.88931
-0.89771
-0.88639
-0.8864
-0.8864
-0.91415
0
0
0
0
0
0
0
0
0
0
0
0
0
0
0
0
0
0
0
0
0
0
0
0
0
0
0
0
0
0
0
0
0
0
0
0
0
0
0
0
0
0
0
0
0
0
0
0
0
0
0
0
0
0
0
0
0
0
0
0
0
0
0
0
0
0
0
0
-0.89371
-0.90259
-0.89562
-0.90237
-0.89562
-0.90099
-0.89045
-0.89237
-0.8917
-0.89147
-0.89229
-0.88508
-0.88755
-0.90089
-0.89145
-0.89902
-0.89242
-0.89372
-0.8973
-0.89397
-0.89487
-0.90048
-0.88404
-0.89291
-0.88359
-0.88404
41.0529
-0.89897
-0.87616
-0.89055
-0.89346
-0.88415
-0.88415
-0.8894
-0.89097
-0.89222
-0.88674
-0.88674
-0.90085
-0.89353
-0.89113
-0.88832
-0.89717
-0.88573
-0.88574
-0.88574
0
-0.92071
0
0
0
0
0
0
0
0
0
0
0
0
0
0
0
0
0
0
0
0
0
0
0
0
0
0
0
0
0
0
0
0
0
0
0
0
0
0
0
0
0
0
0
0
0
0
0
0
0
0
0
0
0
0
0
0
0
0
0
0
0
0
0
0
0
0
0
-0.90778
-0.91761
-0.91004
-0.91688
-0.91003
-0.91571
-0.90476
-0.90671
-0.90602
-0.9058
-0.90689
-0.89922
-0.90176
-0.91594
-0.90574
-0.91371
-0.90684
-0.90617
-0.91199
-0.90865
-0.90911
-0.91552
-0.89962
-0.90825
-0.89968
-0.89961
-0.89897
42.7982
-0.89081
-0.90631
-0.90906
-0.89914
-0.89913
-0.90482
-0.90644
-0.90769
-0.90191
-0.90191
-0.9169
-0.90838
-0.90637
-0.9044
-0.9125
-0.90093
-0.90095
-0.90095
0
0
0
0
0
0
0
0
0
0
0
0
0
0
0
0
0
0
0
0
0
0
0
0
0
0
0
0
0
0
0
0
0
-2.0106
0
0
0
0
0
0
0
0
0
0
0
0
0
0
0
0
0
0
0
0
0
0
0
0
0
0
0
0
0
0
0
0
0
0
0
-0.88661
-0.89541
-0.88845
-0.89517
-0.88845
-0.8938
-0.8833
-0.88522
-0.88454
-0.88431
-0.88513
-0.87792
-0.88039
-0.89371
-0.88427
-0.89177
-0.88518
-0.88632
-0.89006
-0.88673
-0.88728
-0.89236
-0.87668
-0.8851
-0.87667
-0.87668
-0.87616
-0.89081
39.8014
-0.88222
-0.88533
-0.87662
-0.87662
-0.88153
-0.88298
-0.88432
-0.879
-0.87901
-0.8927
-0.88571
-0.88336
-0.88041
-0.88931
-0.87793
-0.87794
-0.87795
0
0
0
0
0
0
0
0
0
0
0
0
0
0
0
0
0
0
0
0
0
0
0
0
0
0
0
0
0
0
0
0
0
0
0
0
0
0
0
0
0
0
0
0
0
0
0
0
0
0
0
0
0
0
0
0
0
0
0
0
0
0
0
0
0
0
0
0
0
-0.90012
-0.90902
-0.9022
-0.90882
-0.9022
-0.90748
-0.89701
-0.89735
-0.89832
-0.89787
-0.8987
-0.89137
-0.89361
-0.90728
-0.89778
-0.90602
-0.89926
-0.90006
-0.90419
-0.90112
-0.90129
-0.90749
-0.89133
-0.90026
-0.8912
-0.89133
-0.89055
-0.90631
-0.88222
38.8788
-0.90041
-0.89065
-0.89064
-0.89546
-0.89735
-0.8985
-0.89296
-0.89296
-0.90748
-0.89982
-0.89738
0
0
0
0
0
0
0
0
0
0
0
0
0
0
0
0
-1.2525
0
0
0
0
0
0
0
0
0
0
0
0
0
0
0
0
0
0
0
0
0
0
0
0
-1.681
0
0
0
0
0
0
0
0
0
0
0
0
0
0
0
0
0
0
0
0
0
0
0
0
0
0
0
0
0
0
0
0
-0.90332
-0.91219
-0.90523
-0.91197
-0.90523
-0.91058
-0.90003
-0.9018
-0.90125
-0.9009
-0.90179
-0.8944
-0.89686
-0.91036
-0.90102
-0.90888
-0.90214
-0.90312
-0.90709
-0.90394
-0.9042
-0.90956
-0.89421
-0.90321
-0.89414
-0.89421
-0.89346
-0.90906
-0.88533
-0.90041
39.6305
-0.89295
-0.89295
-0.89866
-0.90057
-0.90166
-0.89603
-0.89603
-0.91073
-0.90297
-0.9005
0
-0.90707
0
0
0
0
0
0
0
0
0
0
0
0
0
0
0
0
0
0
0
0
0
0
0
0
0
0
0
0
0
0
0
0
0
0
0
0
0
0
0
0
0
0
-2.6605
0
0
0
0
0
0
0
0
0
0
0
0
0
0
0
0
0
0
0
0
0
0
0
0
0
0
0
0
0
-0.89388
-0.90273
-0.89574
-0.90247
-0.89574
-0.9011
-0.89057
-0.89247
-0.89181
-0.89158
-0.8924
-0.88517
-0.88765
-0.90102
-0.89155
-0.89924
-0.89262
-0.89369
-0.89752
-0.89432
-0.89479
-0.9006
-0.88476
-0.89346
-0.88476
-0.88476
-0.88415
-0.89914
-0.87662
-0.89065
-0.89295
36.5844
-0.87994
-0.88869
-0.89027
-0.89175
-0.88624
-0.88624
-0.90064
-0.89293
-0.89063
0
-0.89724
0
0
0
0
0
0
0
0
0
0
0
0
0
0
0
0
0
0
0
0
0
0
0
0
0
0
0
0
0
0
0
0
0
0
0
0
0
0
0
0
0
0
0
0
0
0
0
0
0
0
0
0
0
0
0
0
0
0
0
0
0
0
0
0
0
0
0
0
0
0
0
0
-0.89388
-0.90273
-0.89574
-0.90247
-0.89574
-0.90111
-0.89057
-0.89247
-0.89181
-0.89158
-0.8924
-0.88517
-0.88764
-0.90102
-0.89155
-0.89923
-0.89262
-0.89369
-0.89752
-0.89432
-0.89478
-0.90061
-0.88476
-0.89346
-0.88476
-0.88475
-0.88415
-0.89913
-0.87662
-0.89064
-0.89295
-0.87994
36.5844
-0.88869
-0.89027
-0.89174
-0.88624
-0.88624
-0.90065
-0.89293
-0.89062
0
-0.89724
0
0
0
0
0
0
0
0
0
0
0
0
0
0
0
0
0
0
0
0
0
0
0
0
0
0
0
0
0
0
0
0
0
0
0
0
0
0
0
0
0
0
0
0
0
0
0
0
0
0
0
0
0
0
0
0
0
0
0
0
0
0
0
0
0
0
0
0
0
0
0
0
-0.89907
-0.90795
-0.901
-0.9075
-0.90101
-0.90631
-0.89583
-0.89754
-0.89708
-0.89665
-0.89765
-0.89026
-0.89272
-0.9062
-0.89675
-0.90466
-0.89803
-0.89904
-0.90239
-0.8998
-0.89995
-0.90611
-0.89011
-0.89897
-0.89005
-0.8901
-0.8894
-0.90482
-0.88153
-0.89546
-0.89866
-0.88869
-0.88869
37.9716
-0.89559
-0.8963
-0.89139
-0.89139
-0.90627
-0.89824
-0.8958
0
0
0
0
0
0
0
0
0
0
0
0
0
0
0
0
0
0
0
0
0
0
0
0
0
0
0
0
0
-2.0767
0
0
0
0
0
0
0
0
0
0
0
0
0
0
0
0
0
0
0
0
0
0
0
0
0
0
0
0
0
0
0
0
0
0
0
0
0
0
0
0
0
0
0
0
-0.90052
-0.90992
-0.90257
-0.90934
-0.90256
-0.90775
-0.89735
-0.89928
-0.89863
-0.89836
-0.89927
-0.89192
-0.89434
-0.90805
-0.89733
-0.90628
-0.89957
-0.90048
-0.90461
-0.90143
-0.90182
-0.90793
-0.89166
-0.90058
-0.89161
-0.89166
-0.89097
-0.90644
-0.88298
-0.89735
-0.90057
-0.89027
-0.89027
-0.89559
35.6129
-0.89885
-0.89391
-0.89391
0
0
0
0
0
0
0
0
0
0
0
-0.91751
0
0
0
0
0
0
0
0
0
0
0
0
0
-1.4395
0
0
0
0
0
0
0
0
0
0
0
0
0
0
0
0
0
0
0
0
0
0
0
0
0
0
0
0
0
0
0
0
0
0
0
0
0
0
0
0
0
0
0
0
0
0
0
0
0
0
0
-0.9022
-0.91091
-0.90399
-0.90953
-0.90399
-0.90933
-0.89876
-0.89984
-0.9
-0.8997
-0.90054
-0.89326
-0.89573
-0.90914
-0.89968
-0.90759
-0.90086
-0.90193
-0.90385
-0.90263
-0.90213
-0.90903
-0.89292
-0.90182
-0.89287
-0.89292
-0.89222
-0.90769
-0.88432
-0.8985
-0.90166
-0.89175
-0.89174
-0.8963
-0.89885
34.9868
-0.89527
-0.89527
0
0
0
0
0
0
0
0
0
0
0
0
0
0
0
0
0
0
0
0
0
0
0
-1.6881
0
0
0
0
0
0
0
0
0
0
0
0
0
0
0
0
0
0
0
0
0
0
0
0
0
0
0
0
0
0
0
0
0
0
0
0
0
0
0
0
0
0
0
0
0
0
0
0
0
0
0
0
0
-0.89653
-0.90538
-0.89838
-0.90513
-0.89838
-0.90375
-0.89319
-0.8951
-0.89444
-0.89421
-0.89506
-0.88778
-0.89026
-0.90368
-0.89418
-0.90192
-0.89528
-0.89638
-0.9002
-0.89701
-0.89745
-0.90336
-0.88739
-0.89617
-0.88736
-0.88739
-0.88674
-0.90191
-0.879
-0.89296
-0.89603
-0.88624
-0.88624
-0.89139
-0.89391
-0.89527
33.0972
-0.88219
0
0
0
0
0
0
0
0
0
0
0
0
0
0
0
0
0
0
0
0
0
0
0
0
0
0
0
0
0
0
0
0
0
0
0
0
0
0
0
0
0
0
0
0
0
0
0
0
0
0
0
0
0
0
0
0
0
0
0
0
0
0
0
0
0
0
0
0
0
0
0
0
0
0
0
0
0
-0.89653
-0.90538
-0.89838
-0.90512
-0.89838
-0.90376
-0.89318
-0.8951
-0.89444
-0.89421
-0.89505
-0.88778
-0.89026
-0.90368
-0.89417
-0.90192
-0.89527
-0.89638
-0.90019
-0.897
-0.89745
-0.90336
-0.88739
-0.89616
-0.88735
-0.88739
-0.88674
-0.90191
-0.87901
-0.89296
-0.89603
-0.88624
-0.88624
-0.89139
-0.89391
-0.89527
-0.88219
33.0972
0
0
0
0
0
0
0
0
0
0
0
0
0
0
0
0
0
0
0
0
0
0
0
0
0
0
0
0
0
0
0
0
0
0
0
0
0
0
0
0
0
0
0
0
0
0
0
0
0
0
0
0
0
0
0
0
0
0
0
0
0
0
0
0
0
0
0
0
0
0
0
0
0
0
0
0
0
-0.91062
-0.91994
-0.91284
-0.91963
-0.91284
-0.91805
-0.90756
-0.90926
-0.90884
-0.90863
-0.90857
-0.90193
-0.90457
-0.91824
-0.90843
-0.91649
-0.90974
-0.90969
-0.91471
-0.91152
-0.91198
-0.91809
-0.90164
-0.91069
-0.90147
-0.90164
-0.90085
-0.9169
-0.8927
-0.90748
-0.91073
-0.90064
-0.90065
-0.90627
0
0
0
0
34.9562
0
0
0
0
0
0
0
0
0
0
0
0
0
0
0
0
0
0
0
0
0
0
0
0
0
0
0
0
0
0
0
0
0
0
0
0
0
0
0
0
0
0
0
0
0
0
0
0
0
0
0
0
0
0
0
0
0
0
0
0
0
0
0
0
0
0
0
0
0
0
0
0
0
-4.0424
0
0
-0.90283
-0.91193
-0.90527
-0.91207
-0.90527
-0.91072
-0.90003
-0.90193
-0.90131
-0.90107
-0.90184
-0.89456
-0.89714
-0.90977
-0.90086
-0.90889
-0.90223
-0.90272
-0.90721
-0.90396
-0.90448
-0.91044
-0.89432
-0.90307
-0.89422
-0.89431
-0.89353
-0.90838
-0.88571
-0.89982
-0.90297
-0.89293
-0.89293
-0.89824
0
0
0
0
0
32.2006
0
0
0
0
0
0
0
0
0
0
0
0
0
0
0
0
0
0
0
0
0
0
0
0
0
0
0
0
-1.5436
0
0
0
0
0
0
0
0
0
0
0
0
0
0
0
0
0
0
0
0
0
0
0
0
0
0
0
0
0
0
0
0
0
0
0
0
0
0
0
0
0
0
0
0
0
0
-0.90095
-0.90981
-0.9028
-0.90959
-0.9028
-0.9082
-0.89761
-0.89953
-0.89885
-0.89862
-0.89947
-0.89218
-0.89467
-0.9081
-0.89863
-0.90634
-0.8997
-0.9008
-0.90468
-0.90144
-0.9019
-0.90783
-0.89179
-0.90062
-0.89176
-0.89179
-0.89113
-0.90637
-0.88336
-0.89738
-0.9005
-0.89063
-0.89062
-0.8958
0
0
0
0
0
0
30.5762
0
0
0
0
0
0
0
0
0
0
0
0
0
0
0
0
0
0
0
0
0
0
0
0
0
0
0
0
0
0
0
0
0
0
0
0
0
0
0
0
0
0
0
0
0
0
0
0
0
0
0
0
0
0
0
0
0
0
0
0
0
0
0
0
0
0
0
0
0
0
0
0
0
0
-0.89742
-0.90581
-0.8994
-0.90653
-0.8994
-0.90502
-0.89424
-0.89653
-0.89603
-0.89568
-0.89648
-0.88923
-0.89187
-0.90538
-0.89587
-0.90381
-0.89707
-0.89836
-0.90213
-0.89896
-0.89923
-0.9051
-0.88931
-0.89785
-0.88889
-0.88931
-0.88832
-0.9044
-0.88041
0
0
0
0
0
0
0
0
0
0
0
0
28.6852
0
0
0
0
0
0
0
0
0
-0.93608
0
0
0
-1.0917
0
0
0
0
0
0
0
0
0
0
0
0
0
0
0
0
0
0
0
0
0
0
0
0
0
0
0
-0.63937
0
0
0
0
0
0
0
0
0
0
0
0
0
0
0
0
0
0
0
0
0
0
0
0
0
0
0
0
0
0
0
-0.90694
-0.91584
-0.90878
-0.9156
-0.90879
-0.9142
-0.90357
-0.90554
-0.90482
-0.90459
-0.90545
-0.89813
-0.90063
-0.9141
-0.90458
-0.91233
-0.90568
-0.90677
-0.91069
-0.90741
-0.90789
-0.91396
-0.89771
-0.90672
-0.89779
-0.89771
-0.89717
-0.9125
-0.88931
0
-0.90707
-0.89724
-0.89724
0
0
0
0
0
0
0
0
0
28.9767
0
0
0
0
0
0
0
0
0
0
0
0
0
0
0
0
0
0
0
0
0
0
0
0
0
0
0
0
0
0
0
0
0
0
0
0
0
0
0
0
0
0
0
0
0
0
0
0
0
0
0
0
0
0
0
0
0
0
0
0
0
0
0
0
0
0
0
0
0
0
0
0
-0.89551
-0.90434
-0.89734
-0.90414
-0.89734
-0.90273
-0.89216
-0.89415
-0.89341
-0.89319
-0.89404
-0.88677
-0.88926
-0.90266
-0.89321
-0.9009
-0.89428
-0.89539
-0.89928
-0.89601
-0.8965
-0.90241
-0.88639
-0.89521
-0.88635
-0.88639
-0.88573
-0.90093
-0.87793
0
0
0
0
0
0
0
0
0
0
0
0
0
0
25.944
0
0
0
0
0
0
0
0
0
0
0
0
0
0
0
0
0
0
0
0
0
0
0
0
0
0
0
0
0
0
0
0
0
0
0
0
0
0
0
0
0
0
0
0
0
0
0
0
0
0
0
0
0
0
0
0
0
0
0
0
0
0
0
0
0
0
0
0
0
0
0
-0.89552
-0.90435
-0.89735
-0.90415
-0.89735
-0.90275
-0.89216
-0.89416
-0.89342
-0.89319
-0.89406
-0.88678
-0.88927
-0.90267
-0.89321
-0.90091
-0.89429
-0.8954
-0.8993
-0.89602
-0.89651
-0.90243
-0.88641
-0.89522
-0.88636
-0.8864
-0.88574
-0.90095
-0.87794
0
0
0
0
0
0
0
0
0
0
0
0
0
0
0
25.9443
0
0
0
0
0
0
0
0
0
0
0
0
0
0
0
0
0
0
0
0
0
0
0
0
0
0
0
0
0
0
0
0
0
0
0
0
0
0
0
0
0
0
0
0
0
0
0
0
0
0
0
0
0
0
0
0
0
0
0
0
0
0
0
0
0
0
0
0
0
0
-0.89553
-0.90436
-0.89735
-0.90416
-0.89735
-0.90274
-0.89217
-0.89416
-0.89343
-0.89321
-0.89406
-0.88678
-0.88928
-0.90267
-0.89322
-0.90092
-0.89429
-0.8954
-0.8993
-0.89602
-0.89652
-0.90244
-0.88641
-0.89523
-0.88636
-0.8864
-0.88574
-0.90095
-0.87795
0
0
0
0
0
0
0
0
0
0
0
0
0
0
0
0
25.9444
0
0
0
0
0
0
0
0
0
0
0
0
0
0
0
0
0
0
0
0
0
0
0
0
0
0
0
0
0
0
0
0
0
0
0
0
0
0
0
0
0
0
0
0
0
0
0
0
0
0
0
0
0
0
0
0
0
0
0
0
0
0
0
0
0
0
0
0
0
-0.92188
-0.93187
-0.92463
-0.93169
-0.92463
-0.92805
-0.91949
-0.92135
-0.92097
-0.92072
-0.9213
-0.91399
-0.91654
-0.9302
-0.91759
-0.92901
-0.92214
-0.92241
-0.92718
-0.92404
-0.92423
0
-0.91415
0
0
-0.91415
0
0
0
0
0
0
0
0
0
0
0
0
0
0
0
0
0
0
0
0
29.4327
0
0
0
0
0
0
0
0
0
0
0
0
-1.4833
0
0
0
-1.4464
0
0
0
-1.4358
0
0
0
0
0
0
0
0
0
0
0
0
0
0
0
0
0
0
0
0
0
0
0
0
0
0
0
0
0
0
0
0
0
0
0
0
0
0
0
0
0
0
0
0
0
-3.845
0
-0.92845
-0.93939
-0.93298
-0.94003
-0.93298
-0.93847
-0.92764
-0.92968
-0.92889
-0.9287
-0.92943
-0.92192
-0.92466
-0.93672
-0.92852
-0.9366
-0.92976
0
-0.93502
-0.93145
0
0
0
0
0
0
-0.92071
0
0
0
0
0
0
0
0
0
0
0
0
0
0
0
0
0
0
0
0
21.6348
0
0
0
0
0
0
0
0
0
0
0
0
0
0
0
0
0
0
0
0
-1.5332
0
0
0
0
0
0
-1.4796
0
0
0
0
0
0
0
0
0
0
0
0
0
0
0
0
0
0
0
0
0
0
0
0
0
0
0
0
0
0
0
0
0
0
0
0
0
0
0
-0.90131
-0.91031
-0.90291
-0.90973
-0.90291
-0.90839
-0.89782
-0.8998
-0.89921
-0.89873
-0.90024
-0.89225
-0.8947
-0.9087
-0.89734
-0.9068
-0.90002
0
-0.90497
-0.90173
0
0
0
0
0
0
0
0
0
0
0
0
0
0
0
0
0
0
0
0
0
0
0
0
0
0
0
0
20.1129
0
0
0
0
0
0
0
0
0
0
0
0
0
0
0
0
0
0
-1.4
0
0
0
0
-1.5751
0
0
0
0
0
0
0
0
0
0
0
0
0
0
0
0
0
0
0
0
0
0
0
0
0
0
0
0
0
0
0
0
0
0
0
0
0
0
0
0
0
0
-0.91925
-0.92834
-0.92192
-0.92952
-0.92193
-0.92468
-0.91692
-0.91952
-0.91806
-0.91755
-0.91866
-0.91104
-0.91361
-0.92647
-0.91857
-0.92603
0
0
0
0
0
0
0
0
0
0
0
0
0
0
0
0
0
0
-0.91751
0
0
0
0
0
0
0
0
0
0
0
0
0
0
20.8591
0
0
0
0
0
0
0
0
0
-1.457
0
0
0
0
0
0
0
0
0
0
0
-1.3029
0
0
0
0
0
0
0
0
0
0
0
0
0
0
0
0
0
0
0
0
0
0
0
-2.4496
0
0
0
0
0
0
0
0
0
0
0
0
0
0
0
0
0
0
0
-0.90684
-0.91503
-0.90829
-0.91498
-0.90829
-0.9134
-0.90312
-0.90489
-0.90426
-0.90368
-0.90509
-0.89716
-0.89966
-0.91334
-0.90487
-0.91216
0
0
0
0
0
0
0
0
0
0
0
0
0
0
0
0
0
0
0
0
0
0
0
0
0
0
0
0
0
0
0
0
0
0
14.8924
0
0
0
0
0
0
0
0
0
0
0
0
0
0
0
0
0
0
-0.37735
0
0
0
0
0
0
0
0
0
0
0
0
0
0
0
0
0
0
0
0
0
0
0
0
0
0
0
0
0
0
0
0
0
0
0
0
0
0
0
0
0
0
0
0
0
-0.94083
-0.95379
-0.9432
-0.95027
-0.9432
-0.9487
-0.93791
-0.94031
-0.93923
-0.93887
-0.94108
-0.93245
-0.93357
0
0
0
-0.94036
0
0
0
0
0
0
0
0
0
0
0
0
0
0
0
0
0
0
0
0
0
0
0
0
-0.93608
0
0
0
0
0
0
0
0
0
16.1715
0
0
0
0
0
0
0
0
0
0
0
0
0
0
0
0
0
0
0
0
0
0
0
0
0
0
-2.0516
0
0
0
0
0
0
0
0
0
0
0
0
0
0
0
0
0
0
0
0
0
0
0
0
0
0
0
0
0
0
0
0
0
0
0
0
-0.95505
-0.97249
-0.96595
-0.9751
-0.96596
-0.96662
-0.96049
-0.96434
-0.96352
0
0
0
0
0
0
0
0
0
0
0
0
0
0
0
-0.95664
0
0
0
0
0
0
0
0
0
0
0
0
0
0
0
0
0
0
0
0
0
0
0
0
0
0
0
18.783
0
0
-1.1115
0
0
0
-1.4592
0
0
0
0
0
0
0
0
0
0
0
0
0
-1.3209
0
0
0
0
0
0
0
-2.1097
0
0
0
0
0
0
0
0
0
0
0
0
0
0
0
0
0
0
0
0
0
0
0
0
-3.1354
0
0
0
0
0
0
0
0
-0.92619
-0.93794
-0.93086
-0.93796
-0.93086
-0.93613
-0.92548
-0.92787
-0.92672
-0.92657
-0.92818
-0.91989
-0.92222
0
0
0
0
0
0
0
0
0
0
0
0
0
0
0
0
0
0
0
0
0
0
0
0
0
0
0
0
0
0
0
0
0
0
0
0
0
0
0
0
13.4866
0
0
0
0
0
0
0
0
-1.4097
0
0
0
0
0
0
0
0
0
0
0
0
0
0
0
0
0
0
0
0
0
0
0
0
0
0
0
0
0
0
0
0
0
0
0
0
0
0
0
0
0
0
0
0
0
0
0
0
0
0
0
0
-1.0678
-1.0764
-1.0694
-1.0776
-1.0694
-1.0756
-1.064
-1.0664
-1.0653
0
-1.0666
0
0
0
0
0
0
0
0
0
0
0
0
0
0
0
0
0
0
0
0
0
0
0
0
0
0
0
0
0
0
0
0
0
0
0
0
0
0
0
0
0
0
0
10.6986
0
0
0
0
0
0
0
0
0
0
0
0
0
0
0
0
0
0
0
0
0
0
0
0
0
0
0
0
0
0
0
0
0
0
0
0
0
0
0
0
0
0
0
0
0
0
0
0
0
0
0
0
0
0
0
0
0
0
0
0
-1.1058
-1.1142
-1.1085
0
-1.1085
0
-1.1028
0
0
0
0
0
0
0
0
0
0
0
0
0
0
0
0
0
0
0
0
0
0
0
0
0
0
0
0
0
0
0
0
0
0
-1.0917
0
0
0
0
0
0
0
0
0
0
-1.1115
0
0
9.2018
0
0
0
0
0
0
0
0
0
0
0
0
0
0
0
0
0
-1.4587
0
0
0
0
0
0
0
0
0
0
0
0
0
0
0
0
0
0
0
0
0
0
0
0
0
0
0
0
0
0
0
0
0
0
0
0
0
0
0
0
0
-1.1994
-1.2051
-1.1993
-1.2089
-1.1993
0
-1.1944
0
0
0
0
0
0
0
0
0
0
0
0
0
0
0
0
0
0
0
0
0
0
0
0
0
0
0
0
0
0
0
0
0
0
0
0
0
0
0
0
0
0
0
0
0
0
0
0
0
12.4621
0
0
0
0
0
0
0
0
0
0
0
0
0
0
0
0
0
0
0
0
0
0
0
0
0
0
0
0
0
0
0
0
0
-2.2229
0
0
0
0
0
0
0
0
0
0
0
0
0
0
0
0
0
0
0
0
-3.0327
0
0
0
0
0
0
0
0
0
0
0
0
0
0
0
-1.2525
0
0
0
0
0
0
0
0
0
0
0
0
0
0
0
0
-1.2525
0
0
0
0
0
0
0
0
0
0
0
0
0
0
0
0
0
0
0
0
0
0
0
0
0
0
0
13.6782
0
0
0
0
0
0
0
0
0
0
0
0
0
0
0
0
0
0
0
0
-2.2153
0
0
0
0
0
0
0
0
0
0
0
0
0
-2.6929
0
0
0
0
0
-3.1325
0
0
-3.1325
0
0
0
0
0
0
0
0
0
0
0
0
0
0
0
0
0
0
-1.6509
0
0
0
-1.6207
0
0
0
0
0
0
0
0
0
0
0
0
0
0
0
0
0
0
0
0
0
0
0
0
0
0
0
0
0
0
0
0
0
0
0
0
0
0
0
0
0
0
0
0
0
0
0
0
9.737
0
0
0
0
0
-1.9982
0
0
0
0
0
0
0
0
0
0
0
0
0
0
0
0
0
0
0
0
0
0
0
0
0
0
-1.7269
0
0
0
0
0
0
0
0
0
0
0
0
0
0
0
0
0
-2.7403
0
0
0
0
0
0
0
0
0
0
-1.5139
0
0
0
0
0
0
0
0
0
0
0
0
0
0
0
0
0
0
0
0
0
0
0
0
0
0
0
0
0
0
0
0
0
0
0
0
0
0
0
0
-1.4833
0
0
-1.457
0
0
-1.4592
0
0
0
0
0
0
8.7669
0
0
0
0
0
0
0
0
0
0
0
0
0
0
0
0
0
0
0
0
0
0
0
0
0
0
0
0
0
0
0
0
0
0
0
0
0
0
0
0
0
0
0
0
0
-2.8536
0
0
0
0
0
0
0
0
0
-1.5624
-1.5667
-1.5605
0
-1.5605
0
0
0
0
0
0
0
0
0
0
0
0
0
0
0
0
0
0
0
0
0
0
0
0
0
0
0
0
0
0
0
0
0
0
0
0
0
0
0
0
0
0
0
0
0
0
0
0
0
0
0
0
0
0
0
9.3161
0
0
0
0
0
0
0
0
0
0
0
0
0
0
0
0
0
0
0
0
0
0
0
0
0
0
0
0
0
0
0
0
0
0
0
0
0
0
0
0
0
0
0
0
0
0
-3.0661
0
0
0
0
0
0
0
0
0
0
0
0
0
0
0
0
0
0
0
0
0
0
0
0
0
-1.7117
0
0
0
0
0
0
0
0
0
0
0
0
0
0
0
0
-1.6881
0
0
0
0
0
0
0
0
0
0
0
0
0
0
0
0
0
0
0
0
0
0
0
0
0
9.7619
0
0
0
0
0
0
0
0
0
0
0
0
0
0
0
0
0
0
0
0
0
0
0
0
0
0
-2.2017
0
0
0
0
0
0
0
-1.9077
-2.2528
0
0
0
0
0
0
0
0
0
0
0
0
0
0
0
0
0
-1.5252
0
0
0
0
0
0
0
0
0
0
0
0
0
0
0
0
0
0
0
0
0
0
0
0
0
0
0
0
0
0
0
0
0
0
0
0
0
0
0
0
0
0
0
0
0
0
0
0
0
0
0
0
-1.4097
0
0
0
0
0
0
0
0
8.3459
0
0
0
0
0
-1.6466
0
0
0
0
0
-2.0816
0
0
0
0
-1.6826
0
0
0
0
0
0
0
0
0
0
0
0
0
0
0
0
0
0
0
0
0
0
0
0
0
0
0
0
0
0
0
0
0
0
0
0
0
0
0
0
0
0
0
0
0
0
0
0
0
-1.4492
0
0
0
0
0
0
0
0
0
0
0
0
0
0
0
0
0
0
0
-1.4395
0
0
0
0
0
0
0
0
0
0
0
-1.4464
0
0
0
0
0
0
0
0
0
0
0
0
0
0
0
0
8.0491
0
0
-1.8583
0
0
0
0
0
0
0
0
0
0
0
-1.8558
0
0
0
0
0
0
0
0
0
0
0
0
0
0
0
0
0
0
0
0
0
0
0
0
0
0
0
0
0
0
0
0
0
0
0
0
0
0
0
-1.7768
0
0
0
0
0
-1.7456
0
0
0
0
0
0
0
0
0
0
0
0
0
0
0
0
0
0
0
0
0
0
0
0
0
0
0
0
0
0
0
0
0
0
0
0
0
0
0
0
0
0
0
0
0
0
0
0
-1.9982
0
0
0
0
0
8.3311
0
0
0
0
0
0
0
0
0
0
0
0
0
0
0
0
0
0
0
0
0
0
0
0
0
0
0
0
0
0
0
0
0
0
0
-2.8105
0
0
0
0
0
0
0
0
0
0
0
0
0
0
0
0
0
0
0
-1.7297
0
0
0
0
0
0
0
0
0
0
0
-1.7252
0
0
0
0
0
0
0
0
0
0
0
0
0
0
0
0
0
0
0
0
0
0
0
0
0
0
0
0
0
0
0
0
0
0
0
0
0
0
0
0
0
0
0
0
0
0
0
7.1248
0
0
0
0
0
0
0
0
-2.0133
0
0
0
0
0
0
-1.6566
0
0
0
0
0
0
0
0
0
0
0
0
0
0
0
0
0
0
0
0
0
0
0
0
0
0
0
0
0
0
0
0
0
0
0
0
0
0
0
0
0
0
0
0
0
0
-1.5553
0
0
0
0
0
0
0
0
0
0
0
0
0
0
0
0
0
0
0
0
0
0
0
0
0
0
0
0
0
0
0
0
0
0
0
0
0
0
0
0
0
0
0
0
0
0
0
0
0
-1.8583
0
0
6.4158
0
-1.7032
0
0
0
0
0
0
0
0
0
0
0
0
0
0
-1.2991
0
0
0
0
0
0
0
0
0
0
0
0
0
0
0
0
0
0
0
0
0
0
0
0
0
0
0
0
0
0
0
0
0
0
0
0
0
0
0
0
0
0
0
0
0
0
0
0
0
0
0
0
0
0
0
0
0
0
0
0
0
0
0
0
0
0
0
0
0
0
0
0
0
0
0
0
0
-1.4358
0
-1.4
0
0
0
0
0
0
0
0
0
0
0
0
0
0
0
0
0
0
6.1835
0
0
0
0
0
0
0
0
0
0
0
0
-1.854
0
0
0
0
0
0
0
0
0
0
0
0
0
-1.4937
0
0
0
0
0
0
0
0
0
0
0
0
0
0
0
0
0
0
0
0
0
0
0
0
0
0
0
0
0
0
0
0
0
0
0
0
0
0
0
0
0
0
0
0
0
0
0
0
0
0
0
0
0
0
0
0
0
0
0
-1.5436
0
0
0
0
0
0
0
-1.5332
0
0
0
0
0
0
0
0
0
0
0
0
0
0
-1.6466
0
0
0
-1.7032
0
6.4267
0
0
0
0
0
0
0
0
0
0
0
0
0
0
0
0
0
0
0
0
0
0
0
0
0
0
0
0
0
0
0
0
0
0
0
0
0
0
0
0
0
0
0
0
0
0
0
0
0
0
0
0
0
0
0
0
0
0
0
0
0
0
0
0
0
0
0
0
0
0
0
0
0
0
0
0
0
0
0
0
0
0
0
0
0
0
0
0
0
0
0
0
0
0
0
0
-0.37735
0
0
0
0
0
0
0
0
0
0
0
0
0
0
0
0
0
0
5.6267
0
-1.2271
0
0
0
0
0
0
0
0
0
0
0
0
0
0
0
0
0
0
0
0
0
0
-2.0962
0
0
0
0
0
0
0
0
0
-1.9261
0
0
0
0
0
0
0
0
0
0
0
0
0
0
0
0
0
0
0
0
0
0
0
0
0
0
0
0
0
0
0
0
0
0
0
0
0
0
0
0
0
0
0
-2.0767
0
0
0
0
0
0
0
0
0
0
0
0
0
0
0
0
0
0
0
0
0
0
0
0
0
0
0
0
0
0
0
0
0
0
0
0
6.7467
0
0
0
0
0
0
0
0
0
0
0
0
0
0
0
0
0
-2.3221
0
0
0
0
-2.3478
0
0
0
0
0
0
0
0
0
0
0
0
0
0
0
0
0
0
0
0
0
0
0
0
0
0
0
0
0
0
0
0
0
0
0
0
0
0
0
0
0
0
0
0
0
0
0
0
0
0
0
0
0
0
0
0
0
0
0
0
0
0
0
0
0
0
0
0
0
0
-1.3029
0
0
0
0
0
0
0
0
0
0
0
0
0
0
0
0
0
0
0
-1.2271
0
4.4087
0
0
0
-1.8787
0
0
0
0
0
0
0
0
0
0
0
0
0
0
0
0
0
0
0
0
0
0
0
0
0
0
0
0
0
0
0
0
0
0
0
0
0
0
0
0
0
0
0
0
0
0
0
0
0
0
0
0
0
0
0
0
0
0
0
-1.649
0
0
0
0
0
0
0
0
0
0
0
0
0
0
0
0
0
0
0
0
0
0
0
0
0
0
0
-1.5751
0
0
0
0
0
0
0
0
0
0
0
0
0
0
0
0
0
0
0
0
0
0
0
5.4716
0
0
0
0
0
0
0
0
0
0
0
0
0
0
0
0
0
0
0
0
0
0
0
0
0
0
0
0
0
0
0
0
0
0
0
0
0
-2.2475
0
0
0
0
0
0
0
0
0
0
0
0
0
0
0
0
0
0
0
0
0
0
0
0
0
0
0
0
0
0
0
0
0
0
0
0
0
0
0
0
0
0
0
0
0
0
0
0
0
0
0
0
0
0
0
0
-1.3209
0
0
-1.4587
0
0
0
0
0
0
0
0
0
0
0
0
0
0
0
0
0
3.1507
0
0
0
0
0
0
0
0
0
0
0
0
0
0
0
0
0
0
0
0
0
0
0
0
0
0
0
0
0
0
0
0
0
0
-0.37098
0
0
0
0
0
0
0
0
0
0
0
0
0
0
0
0
0
0
0
0
0
0
0
0
0
0
0
0
0
0
0
0
0
0
0
0
0
0
0
0
0
0
0
0
0
0
0
0
0
0
0
0
0
0
0
0
0
0
0
0
0
0
0
0
0
0
0
0
-2.0816
0
0
-2.0133
0
0
0
0
0
0
0
0
6.3272
0
0
0
0
0
0
0
0
0
0
0
0
0
0
0
0
0
-2.2322
0
0
0
0
0
0
0
0
0
0
0
0
0
0
0
0
0
0
0
0
0
0
-1.5076
0
0
0
0
0
0
0
0
0
0
0
0
0
0
0
0
0
0
0
0
0
0
0
0
0
0
0
0
0
0
0
0
0
0
0
0
0
0
0
0
0
0
0
0
0
0
-1.4796
0
0
0
0
0
0
0
0
0
0
0
0
0
0
0
0
0
0
0
0
0
0
0
-1.8787
0
0
0
4.8659
0
0
0
0
0
0
0
0
0
0
0
0
0
0
0
0
0
0
0
0
0
0
0
0
0
0
0
0
0
0
0
0
0
0
0
0
0
0
0
0
0
0
0
0
0
0
-1.9529
0
0
0
0
0
0
0
0
0
0
0
0
-1.942
0
0
0
0
0
0
0
0
0
0
0
0
0
0
0
0
0
0
0
0
0
0
0
0
0
0
0
0
0
0
0
0
0
0
0
0
0
0
0
0
0
0
0
0
0
0
0
0
0
0
0
0
0
0
0
6.1838
0
0
0
0
0
0
0
0
0
0
0
0
0
0
0
0
0
0
0
0
-2.2889
0
0
0
0
0
0
0
0
0
0
0
0
0
0
0
0
0
0
0
0
0
0
0
0
0
0
0
0
-1.0476
0
0
0
0
0
0
0
0
0
0
0
0
0
0
0
0
0
0
0
0
0
0
0
0
0
0
0
0
0
0
0
0
0
0
0
0
0
0
0
0
0
0
0
0
0
0
0
0
0
0
0
0
0
0
0
0
0
0
0
0
0
0
0
0
0
4.8795
0
0
0
0
-1.6971
0
0
0
0
0
0
0
0
0
0
0
0
0
0
0
0
-2.1349
0
0
0
0
0
0
0
0
0
0
0
0
0
0
0
0
0
0
0
0
0
0
0
0
0
0
0
0
0
0
0
0
0
0
0
0
0
0
0
0
0
0
0
0
0
0
0
0
0
0
0
0
0
0
0
0
0
0
0
0
0
0
0
0
0
0
-2.0516
0
0
0
0
0
-2.2153
0
0
0
0
0
-1.8558
0
0
0
0
0
0
0
0
0
0
0
0
0
0
6.1227
0
0
0
0
0
0
0
0
0
0
0
0
0
0
0
0
0
0
0
0
0
0
0
0
0
0
0
0
0
0
0
0
0
0
0
0
0
0
0
0
0
0
0
0
0
0
0
0
0
0
0
0
0
-2.0288
0
0
0
0
0
0
0
0
0
-2.0106
0
0
0
0
0
0
0
0
0
0
0
0
0
0
0
0
0
0
0
0
0
0
0
0
0
0
0
0
0
0
0
0
0
0
-1.6826
0
0
0
0
0
0
0
0
0
0
0
0
0
0
0
0
5.722
0
0
0
0
0
0
0
0
0
0
0
0
0
0
0
0
0
0
0
0
0
0
0
0
0
0
0
0
0
0
0
0
0
0
0
0
0
0
0
0
0
0
0
0
0
0
0
0
0
0
0
0
0
0
0
0
0
0
0
0
0
0
0
0
0
0
0
0
0
0
0
0
0
0
0
0
0
0
0
0
0
0
0
0
0
0
0
0
0
0
0
0
0
0
0
0
0
0
0
0
0
0
-1.854
0
0
0
0
0
0
0
0
0
0
0
0
5.8035
0
0
0
0
0
-1.9265
0
0
0
-2.023
0
0
0
0
0
0
0
0
0
0
0
0
0
0
0
0
0
0
0
0
0
0
0
0
-2.2754
0
0
0
0
0
0
0
0
0
0
0
0
0
0
0
0
0
0
0
0
0
0
0
0
0
0
0
0
0
0
0
0
0
0
0
0
0
0
0
0
0
0
0
0
0
0
0
0
0
0
0
-2.1097
0
0
0
0
0
0
0
0
0
0
0
0
-1.6566
0
0
0
0
0
0
0
0
0
0
0
0
0
0
0
6.0417
0
0
0
0
0
0
0
0
0
0
0
0
0
0
0
0
0
0
0
0
0
0
0
0
0
0
0
0
0
0
0
0
0
0
0
0
0
0
0
0
-1.7002
0
0
0
0
0
0
0
0
0
0
0
0
0
0
0
0
0
0
0
0
0
-1.681
0
0
0
0
0
0
0
0
0
0
0
0
0
0
0
0
0
0
0
0
0
0
0
0
0
0
0
0
0
0
0
0
0
0
0
0
0
0
0
0
0
0
0
0
0
0
0
-1.6971
0
0
0
0
5.0783
0
0
0
0
0
0
0
0
0
0
0
0
0
0
0
0
0
0
0
0
0
0
0
0
0
0
0
0
0
0
0
0
0
0
0
0
0
0
0
0
0
0
0
0
0
0
0
0
0
0
0
0
0
0
0
0
0
0
0
0
0
0
0
0
0
0
0
0
0
0
0
0
0
-0.63937
0
0
0
0
0
0
0
0
0
0
0
0
0
0
0
0
0
0
0
0
0
0
0
0
-1.2991
0
0
0
0
0
0
0
0
0
0
0
0
0
0
0
0
4.1927
0
0
0
0
0
0
0
0
0
0
0
0
0
0
0
0
0
0
0
0
0
0
0
0
0
0
0
0
0
0
-2.2543
0
0
0
0
0
0
0
0
0
0
0
0
0
0
0
0
0
0
0
0
0
0
0
0
0
0
0
0
0
0
0
0
0
0
0
0
0
0
0
0
0
0
0
0
0
0
0
0
0
0
0
0
0
0
0
0
0
0
0
0
0
0
0
0
0
0
0
0
0
0
0
0
0
0
0
0
0
0
0
0
0
0
0
0
4.7741
-2.3892
0
0
0
-2.3849
0
0
0
0
0
0
0
0
0
0
0
0
0
0
0
0
0
0
0
0
0
0
0
0
0
0
0
0
0
0
0
0
0
0
0
0
0
0
0
0
0
0
0
0
0
0
0
0
0
0
0
0
0
0
0
-2.6605
0
0
0
0
0
0
0
0
0
0
0
0
0
0
0
0
0
0
0
0
0
0
0
0
0
0
0
0
0
0
0
0
0
0
0
0
0
0
0
0
0
0
0
0
0
0
0
0
0
0
0
0
0
-2.3892
5.0497
0
0
0
0
0
0
0
0
0
0
0
0
0
0
0
0
0
0
0
0
0
0
0
0
0
0
0
0
0
0
0
0
0
0
0
0
0
0
0
0
0
0
0
-2.4179
0
0
0
0
0
0
0
0
0
0
0
0
0
0
0
0
0
0
0
0
0
0
0
0
0
0
0
0
0
0
0
0
0
0
0
0
0
0
0
0
0
0
0
0
0
0
0
0
0
0
0
0
0
0
0
0
0
0
0
0
0
0
0
0
0
-1.9265
0
0
0
0
0
4.3444
0
0
0
0
0
0
0
0
0
0
0
0
0
0
0
0
0
0
0
0
0
0
0
0
0
0
0
0
0
0
0
0
0
0
0
0
0
0
-2.5189
0
0
0
0
0
0
-2.5152
0
0
0
0
0
0
0
0
0
0
0
0
0
0
0
0
0
0
0
0
0
0
0
0
0
0
0
0
0
0
0
0
0
0
0
0
0
0
0
0
0
0
0
0
0
0
0
0
0
0
0
0
0
0
0
0
0
0
0
0
0
0
0
0
0
0
0
0
0
5.0341
0
0
0
0
0
0
0
0
0
0
0
0
0
0
0
0
0
0
0
0
0
0
0
0
0
0
0
0
0
0
0
0
0
0
0
0
0
0
0
0
0
0
0
0
0
0
0
0
0
0
0
0
0
0
0
0
0
0
0
0
0
0
0
0
0
0
0
0
0
0
0
0
0
0
0
0
0
0
0
0
0
0
0
0
0
0
0
0
-2.2017
0
0
0
0
0
0
0
0
-2.3221
0
0
0
0
0
0
0
0
0
0
0
0
0
0
0
0
0
4.5238
0
0
0
0
0
0
0
0
0
0
0
0
0
0
0
0
0
0
0
0
0
0
0
0
0
0
0
0
0
0
0
0
0
0
0
0
0
0
0
0
0
0
0
0
0
0
0
-2.6774
0
0
0
0
0
0
0
0
0
0
0
0
0
0
0
0
0
0
0
0
0
0
0
0
0
0
0
0
0
0
0
0
0
0
0
0
0
0
0
0
0
0
0
0
0
0
0
0
0
0
0
0
0
0
0
0
0
0
0
0
0
0
-2.3849
0
0
0
0
5.0623
0
0
0
0
0
0
0
0
0
0
0
0
0
0
0
0
0
0
0
0
0
0
0
0
0
0
0
0
0
0
0
0
0
0
0
0
0
0
0
0
0
0
0
0
0
0
0
0
0
0
0
0
0
0
0
0
0
0
0
0
0
0
0
0
0
0
0
0
0
0
0
0
0
0
0
0
0
0
0
0
0
-2.2229
0
0
0
0
0
0
0
0
0
0
0
0
0
0
0
0
0
0
0
0
0
0
0
-2.023
0
0
0
0
0
0
0
0
0
4.2459
0
0
0
0
0
0
0
0
0
0
0
0
0
0
0
0
0
0
0
0
0
0
0
0
0
0
0
0
0
0
0
0
0
0
0
0
0
0
0
0
0
0
0
0
0
0
0
-1.802
0
0
0
0
0
0
0
0
0
0
0
0
0
0
0
0
0
0
0
0
0
0
0
0
0
0
0
0
0
0
0
0
0
0
-1.7269
0
0
0
0
0
0
0
0
0
0
0
0
0
0
0
0
0
0
0
0
0
0
0
0
0
0
0
0
0
0
0
0
3.5289
0
0
0
0
0
0
0
0
0
0
0
0
0
0
0
0
0
0
0
0
0
0
0
0
0
0
0
0
0
0
0
0
0
0
0
0
0
0
0
0
0
0
0
0
0
0
0
0
0
0
0
0
0
0
0
0
0
0
0
0
0
0
0
0
0
0
0
0
0
0
0
0
0
0
0
0
0
0
0
0
-2.6929
0
0
0
0
0
0
0
0
0
0
0
0
0
0
0
0
-2.2322
0
0
0
0
0
0
0
0
0
0
0
0
0
0
0
0
0
4.9251
0
0
0
0
0
0
0
0
0
0
0
0
0
0
0
0
0
0
0
0
0
0
0
0
0
0
0
0
0
0
0
0
0
0
0
0
0
0
0
0
0
0
0
0
0
0
0
0
0
0
0
0
0
0
0
0
0
0
0
0
0
0
0
0
0
0
0
0
0
0
0
0
0
0
0
0
0
0
0
0
0
0
0
0
0
0
0
0
0
0
0
0
-2.3478
0
0
0
0
0
0
0
0
0
0
0
0
0
0
0
0
0
0
0
0
0
0
4.6046
0
-2.2567
0
0
0
0
0
0
0
0
0
0
0
0
0
0
0
0
0
0
0
0
0
0
0
0
0
0
0
0
0
0
0
0
0
0
0
0
0
0
0
0
0
0
0
0
0
0
0
0
0
0
0
0
0
0
0
0
0
0
0
0
0
0
0
0
0
0
0
0
0
0
0
0
0
0
0
0
0
0
0
0
0
0
0
0
0
0
-1.4937
0
-2.0962
0
0
0
0
0
0
0
0
0
0
0
0
0
0
0
0
0
0
0
0
0
0
0
0
3.5899
0
0
0
0
0
0
0
0
0
0
0
0
0
0
0
0
0
0
0
0
0
0
0
0
0
0
0
0
0
0
0
0
0
0
0
0
0
0
0
0
0
0
0
0
0
0
0
0
0
0
0
0
0
0
0
0
0
0
0
0
0
0
0
0
0
0
0
0
0
-2.4496
0
0
0
0
0
0
0
0
0
0
0
0
0
0
0
0
0
0
0
0
0
0
0
0
0
0
0
0
0
0
0
0
0
0
0
0
0
0
0
0
0
0
0
-2.2567
0
4.7063
0
0
0
0
0
0
0
0
0
0
0
0
0
0
0
0
0
0
0
0
0
0
-2.2488
0
0
0
0
0
0
0
0
0
0
0
0
0
0
0
0
0
0
0
0
0
0
0
0
0
0
0
0
0
0
0
0
0
0
0
0
0
0
0
0
0
0
0
0
0
0
0
0
0
0
0
0
0
0
0
0
0
-1.9077
0
0
0
0
0
0
0
0
0
0
0
0
0
0
0
0
0
0
0
0
0
0
0
0
0
0
0
0
0
0
0
0
0
0
4.1565
0
0
0
0
0
0
0
0
0
0
0
0
0
0
0
0
0
0
0
0
0
0
0
0
0
0
0
0
0
0
0
0
0
0
0
0
0
0
0
0
0
0
0
0
0
0
0
0
0
0
0
0
0
0
0
0
0
0
0
0
0
0
0
0
0
0
0
0
0
0
0
0
0
0
0
0
0
0
0
-2.2528
0
0
0
0
0
0
0
0
0
0
0
0
0
0
-2.2889
0
0
0
0
0
0
0
0
0
0
0
0
0
0
0
0
0
0
0
0
4.5417
0
0
0
0
0
0
0
0
0
0
0
0
0
0
0
0
0
0
0
0
0
0
0
0
0
0
0
0
0
0
0
0
0
0
0
0
0
0
0
0
0
0
0
0
0
0
0
0
0
0
0
0
0
0
0
0
0
0
0
0
0
0
0
0
0
0
0
0
0
0
0
0
0
0
-3.1325
0
0
0
0
0
0
0
0
0
0
0
0
0
0
0
0
0
0
0
0
0
0
0
0
0
0
0
0
0
0
0
0
0
0
0
0
0
0
0
0
3.1325
0
0
0
0
0
0
0
0
0
0
0
0
0
0
0
0
0
0
0
0
0
0
0
0
0
0
0
0
0
0
0
0
0
0
0
0
0
0
0
0
0
0
0
0
0
0
0
0
0
0
0
0
0
0
0
0
0
0
0
0
0
0
0
0
0
0
0
0
0
0
0
0
0
0
0
0
0
0
0
0
0
0
0
0
0
0
0
0
0
0
0
0
0
-2.1349
0
0
0
0
0
0
0
0
0
0
0
0
0
0
0
0
0
0
0
0
0
2.1349
0
0
0
0
0
0
0
0
0
0
0
0
0
0
0
0
0
0
0
0
0
0
0
0
0
0
0
0
0
0
0
0
0
0
0
0
0
0
0
0
0
0
0
0
0
0
0
0
0
0
0
0
0
0
0
0
0
0
0
0
0
0
0
0
0
0
0
0
0
0
0
0
0
0
0
0
0
0
0
-2.8105
0
0
0
0
0
0
0
0
0
0
0
0
0
0
0
0
0
0
0
0
0
0
0
0
0
0
0
0
0
0
0
0
0
0
0
2.8105
0
0
0
0
0
0
0
0
0
0
0
0
0
0
0
0
0
0
0
0
0
0
0
0
0
0
0
0
0
0
0
0
0
0
0
0
0
0
0
0
0
0
0
0
0
0
0
0
0
0
0
0
0
0
0
0
0
0
0
0
0
0
0
0
0
0
0
0
0
0
0
-3.1325
0
0
0
0
0
0
0
0
0
0
0
0
0
0
0
0
0
0
0
0
0
0
0
0
0
0
0
0
0
0
0
0
0
0
0
0
0
0
0
0
0
0
0
3.1325
0
0
0
0
0
0
0
0
0
0
0
0
0
0
-4.7472
0
0
0
0
0
0
0
0
0
0
0
0
0
0
0
0
0
0
0
0
0
0
0
0
0
0
0
0
0
0
0
0
0
0
0
0
0
0
0
0
0
0
0
0
0
0
0
0
0
0
0
0
0
0
0
0
0
0
0
0
0
0
0
0
0
0
0
0
0
0
0
0
0
0
0
0
0
0
0
0
0
0
0
0
0
0
0
0
0
0
0
0
0
0
0
0
0
0
0
0
4.7472
0
0
0
0
0
0
0
0
0
0
0
0
0
0
0
0
0
0
0
0
0
0
0
0
0
-4.6384
0
0
0
0
0
0
0
0
0
0
0
0
0
0
0
0
0
0
0
0
0
0
0
0
0
0
0
0
0
0
0
0
0
0
0
0
0
0
0
0
0
0
0
0
0
0
0
0
0
0
0
0
0
0
0
0
0
0
0
0
0
0
0
0
0
0
0
0
0
0
0
0
0
0
0
0
0
0
0
0
0
0
0
0
0
0
0
0
0
4.6384
0
0
0
0
0
0
0
0
0
0
0
0
0
0
0
0
0
0
0
0
0
0
0
0
0
0
0
0
0
0
0
0
0
0
0
0
0
0
0
0
0
0
0
0
0
0
0
0
0
0
0
0
0
0
0
0
0
0
0
0
0
0
0
0
0
0
0
0
0
0
0
0
0
0
0
0
0
0
0
0
-1.9261
0
0
0
0
0
0
0
0
0
0
0
0
0
0
0
0
0
0
0
0
0
0
0
0
0
0
0
0
0
0
0
0
0
0
1.9261
0
0
0
0
0
0
0
0
0
0
0
0
0
0
0
0
0
0
0
0
0
0
0
0
0
0
0
0
0
0
0
0
0
0
0
0
0
0
0
0
0
0
0
0
0
0
0
0
0
0
0
0
0
0
0
0
0
0
0
0
0
0
0
0
0
0
0
0
0
-2.8536
0
0
0
0
0
0
0
0
0
0
0
0
0
0
0
0
0
0
0
0
0
0
0
0
0
0
0
0
0
0
0
0
0
0
0
0
0
0
0
0
0
0
0
0
0
2.8536
0
0
0
0
0
0
0
0
0
0
0
0
0
0
0
0
0
0
0
0
0
0
0
0
0
0
0
0
0
0
0
0
0
0
0
0
0
0
0
0
0
0
0
0
0
0
0
0
0
0
0
0
0
0
0
0
0
0
0
0
0
-3.1354
0
0
0
0
0
0
0
0
0
0
0
0
0
0
0
0
0
0
0
0
0
0
0
0
0
0
0
0
0
0
0
0
0
0
0
0
0
0
0
0
0
0
0
0
0
0
0
0
0
0
0
0
0
3.1354
0
0
0
0
0
0
0
0
0
0
0
0
0
0
0
0
0
0
0
0
0
0
0
0
0
0
0
0
0
0
0
0
0
0
0
0
0
0
0
0
0
0
0
0
0
0
0
0
0
0
0
0
0
0
0
0
0
0
0
0
0
0
0
0
0
0
0
0
-3.0661
0
0
0
0
0
0
0
0
0
0
0
0
0
0
0
0
0
0
0
0
0
0
0
0
0
0
0
0
0
0
0
0
0
0
0
0
0
0
0
0
0
0
0
0
0
0
3.0661
0
0
0
0
0
0
0
0
0
0
0
0
0
0
0
0
0
0
0
0
0
0
0
0
0
0
0
0
0
0
0
0
0
0
0
0
0
0
0
0
0
0
0
0
0
0
0
0
0
0
0
0
0
0
0
0
0
0
0
0
0
0
0
0
0
0
0
0
0
0
0
0
0
0
0
0
0
0
0
0
-0.37098
0
0
0
0
0
0
0
0
0
0
0
0
0
0
0
0
0
0
0
0
0
0
0
0
0
0
0
0
0
0
0
0
0
0
0.37098
0
0
0
0
0
0
0
0
0
0
0
0
0
0
0
0
0
0
0
0
0
0
0
0
0
0
0
0
0
0
0
0
0
0
0
0
0
0
0
0
0
0
0
0
0
0
0
0
0
0
0
0
0
0
0
0
0
0
0
0
0
0
0
0
-2.7403
0
0
0
0
0
0
0
0
0
0
0
0
0
0
0
0
0
0
0
0
0
0
0
0
0
0
0
0
0
0
0
0
0
0
0
0
0
0
0
0
0
0
0
0
0
0
0
0
0
0
2.7403
0
0
0
0
0
0
0
0
0
0
0
0
0
0
0
0
0
0
0
0
0
0
0
0
0
0
0
0
0
0
0
0
0
0
0
0
0
0
0
0
0
0
0
0
0
0
0
0
0
0
0
0
0
0
0
0
0
0
0
0
0
0
0
0
0
0
0
0
0
0
0
0
0
0
0
0
0
-2.2475
0
0
0
0
0
0
0
0
0
0
0
0
0
0
0
0
0
0
0
0
0
0
0
0
0
0
0
0
0
0
0
0
0
0
0
0
0
2.2475
0
0
0
0
0
0
0
0
0
0
0
0
0
0
0
0
0
0
0
0
0
0
0
0
0
0
0
0
0
0
0
0
0
0
0
0
0
0
0
0
0
0
0
0
0
0
0
0
0
0
0
0
0
0
0
0
0
0
0
0
-3.0327
0
0
0
0
0
0
0
0
0
0
0
0
0
0
0
0
0
0
0
0
0
0
0
0
0
0
0
0
0
0
0
0
0
0
0
0
0
0
0
0
0
0
0
0
0
0
0
0
0
0
0
0
0
0
3.0327
0
0
0
0
0
0
0
0
0
0
0
0
0
0
0
0
0
0
0
0
0
0
0
0
0
0
0
0
0
0
0
0
0
0
0
0
0
0
0
0
0
-4.0424
0
0
0
0
0
0
0
0
0
0
0
0
0
0
0
0
0
0
0
0
0
0
0
0
0
0
0
0
0
0
0
0
0
0
0
0
0
0
0
0
0
0
0
0
0
0
0
0
0
0
0
0
0
0
0
0
0
0
0
0
0
0
0
0
0
0
0
0
0
0
0
0
0
4.0424
0
0
0
0
0
0
0
0
0
0
0
0
0
0
0
0
0
0
0
0
0
0
0
0
0
0
0
0
0
0
0
0
0
0
0
0
0
0
0
0
0
0
0
0
0
0
0
0
-3.845
0
0
0
0
0
0
0
0
0
0
0
0
0
0
0
0
0
0
0
0
0
0
0
0
0
0
0
0
0
0
0
0
0
0
0
0
0
0
0
0
0
0
0
0
0
0
0
0
0
0
0
0
0
0
0
0
0
0
0
0
0
0
0
0
0
0
3.845
0
0
0
0
0
0
0
0
0
0
0
0
0
0
0
0
0
0
0
0
0
0
0
0
0
0
0
0
0
0
0
0
0
0
0
0
0
0
0
0
0
0
0
0
0
0
0
0
0
0
0
0
0
0
0
0
0
0
0
0
0
0
0
0
0
0
0
0
0
0
0
0
0
0
0
0
0
0
0
0
0
0
0
0
-2.2543
0
0
0
0
0
0
0
0
0
0
0
0
0
0
0
0
0
0
0
0
0
0
0
0
0
0
0
0
0
0
2.2543
