1
0.96983
0.95315
0.94574
0.93915
0.93407
0.92972
0.92617
0.92315
0.92062
0.91371
0.90756
0.90206
0.89708
0.89256
0.88836
0.88448
0.88084
0.87741
0.87415
0.87103
0.868
0.86503
0.86209
0.85917
0.85627
0.85339
0.85055
0.84776
0.84504
0.8424
0.83985
0.83741
0.83506
0.8328
0.83063
0.82855
0.82654
0.82462
0.82275
0.82095
0.8192
0.8175
0.81585
0.81424
0.81267
0.81114
0.80965
0.80819
0.80677
0.80537
0.804
0.80266
0.80134
0.80006
0.79879
0.79756
0.79635
0.79516
0.79399
0.79283
0.79168
0.79052
0.78937
0.78822
0.78707
0.78592
0.78477
0.78362
0.78247
0.78132
0.78017
0.77901
0.77786
0.7767
0.77553
0.77437
0.77319
0.77201
0.77083
0.76964
0.76845
0.76726
0.76606
0.76486
0.76365
0.76245
0.76123
0.76001
0.75878
0.75754
0.75629
0.75503
0.75377
0.7525
0.75122
0.74995
0.74867
0.7474
0.74614
0.74489
0.74365
0.74243
0.74122
0.74004
0.73887
0.73772
0.73659
0.73548
0.73439
0.73331
0.73226
0.73124
0.73024
0.72926
0.72831
0.72738
0.72648
0.72561
0.72476
0.72393
0.72313
0.72236
0.72161
0.72088
0.72017
0.71949
0.71882
0.71817
0.71754
0.71692
0.71631
0.71572
0.71514
0.71457
0.71401
0.71347
0.71293
0.71241
0.7119
0.71139
0.7109
0.71042
0.70995
0.70948
0.70903
