50.0644
-0.55184
-0.63669
-0.60804
-0.606
-0.59655
-0.70065
-0.60581
-0.62357
-0.65504
-0.64015
-0.59155
-0.62976
-0.63201
-0.63206
-0.60649
-0.64003
-0.58932
-0.5609
-0.601
-0.56209
-0.5792
-0.54482
-0.7514
-0.75502
-0.56635
-0.63495
-0.66428
-0.57176
-0.6528
-0.71393
-0.65056
-0.57518
-0.67368
-0.62648
-0.61887
-0.63235
-0.64704
-0.70004
-0.73687
-0.61899
-0.69693
-0.69762
-0.78949
-0.79869
-0.86794
-0.8523
-1.1167
-1.5958
0
-1.8885
-1.8
0
0
0
-1.8008
0
0
-2.5938
-2.1214
0
0
0
0
0
0
0
0
0
0
-3.4257
0
0
0
0
0
0
0
0
-3.8347
0
0
0
0
0
0
0
0
0
0
0
0
0
0
0
0
0
0
0
0
0
0
0
0
0
0
0
0
-0.55184
48.3065
-0.64163
-0.61038
-0.60805
-0.59743
-0.70071
-0.60652
-0.62367
-0.65441
-0.64081
-0.5924
-0.63105
-0.63167
-0.63172
-0.60652
-0.63994
-0.58983
-0.56072
-0.60144
-0.56114
-0.5789
-0.54485
-0.75129
-0.75343
-0.56598
-0.63466
-0.66471
-0.57203
-0.65242
-0.71419
-0.65018
-0.57602
-0.67432
-0.62584
-0.61835
-0.63239
-0.64696
-0.70154
-0.73746
-0.6188
-0.69689
-0.70034
-0.78897
-0.79855
-0.86723
-0.85298
-1.1129
-1.6231
0
-1.8968
-1.8299
0
0
0
0
0
0
-2.5887
-2.1107
0
0
0
0
0
0
0
0
0
0
-3.421
0
0
0
0
0
0
0
0
-3.8222
0
0
0
0
0
0
0
0
0
0
0
0
0
0
0
0
0
0
0
0
0
0
0
0
0
0
0
0
-0.63669
-0.64163
43.7176
-0.64902
-0.65028
-0.65902
-0.74344
-0.64666
-0.67092
-0.71186
-0.68618
-0.63402
-0.67864
-0.67801
-0.67806
-0.65095
-0.6847
-0.63381
-0.60248
-0.64501
-0.60499
-0.63528
-0.58568
-0.80001
-0.82621
-0.60839
-0.68029
-0.70975
-0.61078
-0.69848
-0.7669
-0.69617
-0.61911
-0.72289
-0.67171
-0.66486
-0.67791
-0.69467
-0.75118
-0.7881
-0.67755
-0.74849
-0.74593
-0.84434
-0.84794
-0.91788
-0.90623
-1.1972
-1.7028
0
-1.9579
-1.9135
0
0
0
0
0
0
-2.6663
-2.1969
0
0
0
0
0
0
0
0
0
0
0
0
0
0
0
0
0
0
0
0
0
0
0
0
0
0
0
0
0
0
0
0
0
0
0
0
0
0
0
0
0
0
0
0
0
0
0
0
-0.60804
-0.61038
-0.64902
40.3441
-0.61823
-0.62028
-0.70621
-0.61078
-0.63184
-0.67255
-0.64697
-0.59927
-0.64226
-0.64142
-0.64147
-0.61055
-0.64991
-0.59857
-0.56941
-0.6089
-0.57837
-0.59949
-0.55087
-0.76786
-0.76897
-0.57449
-0.64432
-0.66893
-0.57459
-0.66187
-0.72539
-0.65962
-0.58265
-0.68437
-0.63519
-0.63159
-0.64189
-0.65576
-0.7081
-0.74821
-0.64011
-0.70666
-0.70309
-0.8043
-0.81469
-0.87781
-0.80515
-1.1501
-1.6617
0
-1.895
-1.8762
0
0
0
0
0
0
0
0
0
0
0
0
0
0
0
0
0
0
0
0
0
0
0
0
-3.4108
0
0
0
0
0
0
0
0
0
0
0
0
0
0
0
0
0
0
0
0
0
0
0
0
0
0
0
0
0
0
0
-0.606
-0.60805
-0.65028
-0.61823
36.8315
-0.61732
-0.70375
-0.60309
-0.63056
-0.66889
-0.64377
-0.59292
-0.63735
-0.63912
-0.63917
-0.60897
-0.64212
-0.59551
-0.56502
-0.60567
-0.57709
-0.59736
-0.54798
-0.75912
-0.76779
-0.57072
-0.63994
-0.67671
-0.57186
-0.65799
-0.73186
-0.65574
-0.58175
-0.68181
-0.63196
-0.62848
-0.638
-0.6545
-0.70757
-0.74545
-0.63745
-0.70639
-0.70227
-0.80099
-0.80203
-0.87364
-0.86251
-1.148
-1.6502
0
-1.8906
-1.858
0
0
0
0
0
0
0
0
0
0
0
0
0
0
0
0
0
0
0
0
0
0
0
0
0
0
0
0
0
0
0
0
0
0
0
0
0
0
0
0
0
0
0
0
0
0
0
0
0
0
0
0
0
0
0
0
-0.59655
-0.59743
-0.65902
-0.62028
-0.61732
38.359
-0.68928
-0.5957
-0.61845
-0.65016
-0.6212
-0.59487
-0.61306
-0.62547
-0.62551
-0.59518
-0.62933
-0.58044
-0.55219
-0.58577
-0.56516
-0.56181
-0.53509
-0.7408
-0.75182
-0.56017
-0.62521
-0.64958
-0.54496
-0.64386
-0.70117
-0.64165
-0.56601
-0.66472
-0.6165
-0.61498
-0.62576
-0.62733
-0.66846
-0.73271
-0.60114
-0.68878
-0.70004
-0.79115
-0.79106
-0.84918
0
0
0
-1.7164
0
0
0
-2.0451
0
0
0
0
0
0
0
0
-3.0805
0
0
0
0
0
-2.7907
0
0
0
0
0
0
0
0
0
0
0
0
0
0
0
0
0
0
0
0
0
0
0
0
0
0
0
0
0
0
0
0
0
0
0
0
0
0
0
-0.70065
-0.70071
-0.74344
-0.70621
-0.70375
-0.68928
45.8531
-0.68773
-0.70329
-0.73916
-0.71844
-0.68061
-0.70501
-0.71142
-0.71147
-0.67013
-0.6964
-0.66726
-0.63439
-0.67678
-0.64939
-0.67174
-0.62163
-0.86878
-0.84804
-0.63886
-0.71458
-0.73985
-0.65129
-0.73319
-0.80801
-0.73086
-0.65309
-0.76183
-0.70852
-0.70227
-0.71213
-0.72165
-0.78316
-0.81987
-0.71323
-0.78131
-0.79318
-0.87585
-0.82431
-0.94993
-0.91408
-1.2309
0
0
0
0
0
0
0
0
0
0
0
0
0
0
0
0
0
0
-3.0586
0
0
0
0
0
0
0
0
0
0
0
0
0
0
0
0
0
0
0
0
0
0
0
0
0
0
0
0
0
-7.9268
0
0
0
0
0
0
0
0
0
0
0
-0.60581
-0.60652
-0.64666
-0.61078
-0.60309
-0.5957
-0.68773
35.7679
-0.61434
-0.65169
-0.63235
-0.58363
-0.6191
-0.62131
-0.62136
-0.59258
-0.62296
-0.57696
-0.54721
-0.58507
-0.55722
-0.57942
-0.53069
-0.73318
-0.74652
-0.55429
-0.62119
-0.66174
-0.5172
-0.63858
-0.71187
-0.63633
-0.56564
-0.66536
-0.61708
-0.61072
-0.61946
-0.63516
-0.64791
-0.72557
-0.61269
-0.69217
-0.6983
-0.78064
-0.78531
-0.85339
-0.84722
-1.1293
-1.65
0
0
0
0
0
0
0
0
0
0
0
0
0
0
0
0
0
0
0
0
0
0
0
0
0
0
0
0
0
-3.5189
0
0
0
0
0
0
0
0
0
0
0
0
0
0
0
0
0
0
0
0
0
0
0
0
0
0
0
0
0
-0.62357
-0.62367
-0.67092
-0.63184
-0.63056
-0.61845
-0.70329
-0.61434
37.5281
-0.66429
-0.64697
-0.60674
-0.63117
-0.64031
-0.64036
-0.60749
-0.64374
-0.59495
-0.56466
-0.60435
-0.57697
-0.59403
-0.54715
-0.75521
-0.69038
-0.5686
-0.63782
-0.66245
-0.56279
-0.65576
-0.72068
-0.65351
-0.579
-0.67809
-0.62704
-0.62592
-0.63536
-0.65083
-0.70529
-0.7438
-0.63932
-0.70557
-0.71496
-0.80331
-0.80656
-0.87497
-0.85885
-1.148
0
-1.7499
0
0
0
0
0
0
0
0
0
0
0
0
0
0
0
0
0
0
0
0
0
0
0
0
0
0
0
0
0
0
0
0
0
0
0
0
-4.3943
0
0
0
0
0
0
0
0
0
0
0
0
0
0
0
0
0
0
0
0
0
-0.65504
-0.65441
-0.71186
-0.67255
-0.66889
-0.65016
-0.73916
-0.65169
-0.66429
42.4072
-0.68555
-0.6449
-0.65698
-0.67521
-0.67525
-0.64819
-0.68065
-0.62552
-0.59754
-0.63754
-0.60164
-0.6286
-0.58218
-0.79384
-0.80808
-0.60955
-0.67399
-0.70589
-0.60794
-0.692
-0.7598
-0.68973
-0.60855
-0.71835
-0.66646
-0.66072
-0.67256
-0.67014
-0.75255
-0.78308
-0.67581
-0.74962
-0.74991
-0.84396
-0.84475
-0.91088
0
0
0
0
0
0
0
0
0
0
0
0
0
0
-2.1435
0
0
0
0
0
0
-2.0536
0
-2.391
0
0
0
0
0
0
0
0
0
0
0
0
-4.7631
0
0
0
0
0
0
0
0
0
0
0
0
0
0
0
0
0
0
0
0
0
0
0
0
0
-0.64015
-0.64081
-0.68618
-0.64697
-0.64377
-0.6212
-0.71844
-0.63235
-0.64697
-0.68555
41.4637
-0.62646
-0.57731
-0.65388
-0.65392
-0.6228
-0.65668
-0.60876
-0.57781
-0.6118
-0.59146
-0.60937
-0.5588
-0.7626
-0.78475
-0.58527
-0.65232
-0.67989
-0.5831
-0.67037
-0.7361
-0.66814
-0.59332
-0.69433
-0.6433
-0.64035
-0.65139
-0.6542
-0.71883
-0.76247
-0.6434
-0.71908
-0.74371
-0.7931
-0.81451
-0.88728
0
0
0
0
0
-1.9201
0
-2.0765
0
0
-2.554
0
0
0
0
0
0
0
0
0
0
0
0
0
0
0
0
0
0
0
0
0
0
0
0
0
0
-4.9199
0
0
0
0
0
0
0
0
0
0
0
0
0
0
0
0
0
0
0
0
0
0
0
0
-0.59155
-0.5924
-0.63402
-0.59927
-0.59292
-0.59487
-0.68061
-0.58363
-0.60674
-0.6449
-0.62646
33.9423
-0.61321
-0.62966
-0.62971
-0.58714
-0.62627
-0.57822
-0.5466
-0.58741
-0.55914
-0.58003
-0.52967
-0.72721
-0.74034
-0.55158
-0.61913
-0.64246
-0.55382
-0.63691
-0.69364
-0.63468
-0.56171
-0.66391
-0.6113
-0.6076
-0.6166
-0.63049
-0.68408
-0.72028
-0.61773
-0.68359
-0.68132
-0.774
-0.77826
-0.84835
-0.83733
-1.1201
-1.6301
0
-1.8615
0
0
0
0
0
0
0
0
0
0
0
0
0
0
0
0
0
0
0
0
0
0
0
0
0
0
0
0
0
0
0
0
0
0
0
0
0
0
0
0
0
0
0
0
0
0
0
0
0
0
0
0
0
0
0
0
0
-0.62976
-0.63105
-0.67864
-0.64226
-0.63735
-0.61306
-0.70501
-0.6191
-0.63117
-0.65698
-0.57731
-0.61321
39.2363
-0.64131
-0.64136
-0.60801
-0.64352
-0.59665
-0.56578
-0.59994
-0.57962
-0.59527
-0.54598
-0.75362
-0.77728
-0.57271
-0.63942
-0.65987
-0.56987
-0.65704
-0.71937
-0.65479
-0.58158
-0.67847
-0.62936
-0.62987
-0.63813
-0.64093
-0.70095
-0.74797
-0.63184
-0.70362
-0.71863
-0.80696
-0.80008
-0.87354
0
0
0
0
0
0
0
0
0
0
0
0
0
0
-2.0971
0
0
-2.8532
0
0
0
0
0
0
0
0
0
0
0
0
0
0
0
0
0
0
0
-4.8478
0
0
0
0
0
0
0
0
0
0
0
0
0
0
0
0
0
0
0
0
0
0
0
0
-0.63201
-0.63167
-0.67801
-0.64142
-0.63912
-0.62547
-0.71142
-0.62131
-0.64031
-0.67521
-0.65388
-0.62966
-0.64131
31.9336
-0.63297
-0.62514
-0.66723
-0.59644
-0.56785
-0.60937
-0.58279
-0.60547
-0.55393
-0.76074
-0.76734
-0.57525
-0.64382
-0.68587
-0.58358
-0.66288
-0.74274
-0.66063
-0.58811
-0.70787
-0.63974
-0.63503
-0.64343
-0.6611
-0.7307
-0.75124
-0.65194
-0.71725
-0.72273
-0.80674
-0.81157
-0.88272
-0.8755
-1.1632
0
0
0
0
0
0
0
0
0
0
0
0
0
0
0
0
0
0
0
0
0
0
0
0
0
0
0
0
0
0
0
0
0
0
0
0
0
0
0
0
0
0
0
0
0
0
0
0
0
0
0
0
0
0
0
0
0
0
0
0
-0.63206
-0.63172
-0.67806
-0.64147
-0.63917
-0.62551
-0.71147
-0.62136
-0.64036
-0.67525
-0.65392
-0.62971
-0.64136
-0.63297
31.936
-0.62518
-0.66729
-0.5965
-0.5679
-0.60942
-0.58285
-0.60553
-0.55399
-0.76079
-0.76739
-0.5753
-0.64388
-0.68592
-0.58364
-0.66293
-0.74278
-0.66067
-0.58816
-0.70793
-0.63978
-0.63508
-0.64347
-0.66115
-0.73074
-0.75129
-0.65199
-0.7173
-0.72279
-0.8068
-0.81162
-0.88278
-0.87556
-1.1632
0
0
0
0
0
0
0
0
0
0
0
0
0
0
0
0
0
0
0
0
0
0
0
0
0
0
0
0
0
0
0
0
0
0
0
0
0
0
0
0
0
0
0
0
0
0
0
0
0
0
0
0
0
0
0
0
0
0
0
0
-0.60649
-0.60652
-0.65095
-0.61055
-0.60897
-0.59518
-0.67013
-0.59258
-0.60749
-0.64819
-0.6228
-0.58714
-0.60801
-0.62514
-0.62518
34.5823
-0.61242
-0.57984
-0.54917
-0.58959
-0.56216
-0.57401
-0.53682
-0.74355
-0.74702
-0.55288
-0.6224
-0.65749
-0.55185
-0.63944
-0.69196
-0.63725
-0.56258
-0.66955
-0.60487
-0.6112
-0.62027
-0.63135
-0.68812
-0.72532
-0.6242
-0.68824
-0.69027
-0.78183
-0.74931
-0.85325
0
0
0
0
0
0
-2.0708
0
0
0
0
0
0
0
0
0
0
0
0
0
0
0
0
0
0
0
0
0
0
0
0
0
0
0
-3.8979
0
0
0
0
0
0
0
0
0
0
0
0
0
0
0
0
0
0
0
0
0
0
0
0
0
0
0
-0.64003
-0.63994
-0.6847
-0.64991
-0.64212
-0.62933
-0.6964
-0.62296
-0.64374
-0.68065
-0.65668
-0.62627
-0.64352
-0.66723
-0.66729
-0.61242
33.1262
-0.60724
-0.57558
-0.61986
-0.59374
-0.61765
-0.56467
-0.77517
-0.77928
-0.58338
-0.65321
-0.6845
-0.59248
-0.67198
-0.74351
-0.6697
-0.59641
-0.7135
-0.64781
-0.64355
-0.65286
-0.66574
-0.73101
-0.76163
-0.65712
-0.72552
-0.7288
-0.81554
-0.76213
-0.88785
0
0
0
0
0
0
0
0
0
0
0
0
0
0
0
0
0
0
0
0
-3.0016
0
0
0
0
0
0
0
0
0
0
0
0
0
0
0
0
0
0
0
0
0
0
0
0
0
0
0
0
0
0
0
0
0
0
0
0
0
0
0
0
0
-0.58932
-0.58983
-0.63381
-0.59857
-0.59551
-0.58044
-0.66726
-0.57696
-0.59495
-0.62552
-0.60876
-0.57822
-0.59665
-0.59644
-0.5965
-0.57984
-0.60724
30.0614
-0.53002
-0.57445
-0.54653
-0.55634
-0.51573
-0.7121
-0.72223
-0.53463
-0.59983
-0.63068
-0.54622
-0.61733
-0.68705
-0.61523
-0.52726
-0.64277
-0.5996
-0.59123
-0.59912
-0.61376
-0.67917
-0.70893
-0.60368
-0.6721
-0.66175
-0.75967
-0.76405
-0.83085
0
0
0
0
0
0
0
0
-2.2032
0
0
0
0
0
0
0
0
0
0
0
0
0
0
0
0
0
0
0
0
0
0
0
0
0
0
0
0
0
0
0
0
0
0
0
0
0
0
0
0
0
0
0
0
0
0
0
0
0
0
0
0
0
-0.5609
-0.56072
-0.60248
-0.56941
-0.56502
-0.55219
-0.63439
-0.54721
-0.56466
-0.59754
-0.57781
-0.5466
-0.56578
-0.56785
-0.5679
-0.54917
-0.57558
-0.53002
26.4747
-0.53705
-0.50874
-0.53211
-0.48028
-0.67791
-0.69199
-0.50932
-0.56888
-0.60132
-0.50316
-0.5865
-0.65396
-0.58424
-0.51714
-0.60977
-0.56477
-0.55947
-0.56984
-0.58077
-0.64382
-0.67267
-0.57271
-0.63984
-0.63802
-0.719
-0.72389
-0.79223
0
0
0
0
0
0
0
0
0
0
0
0
0
0
0
0
0
0
0
0
0
0
0
0
0
0
0
0
0
0
0
0
0
0
0
0
0
0
0
0
0
0
0
0
0
0
0
0
0
0
0
0
0
0
0
0
0
0
0
0
0
0
-0.601
-0.60144
-0.64501
-0.6089
-0.60567
-0.58577
-0.67678
-0.58507
-0.60435
-0.63754
-0.6118
-0.58741
-0.59994
-0.60937
-0.60942
-0.58959
-0.61986
-0.57445
-0.53705
29.4825
-0.56165
-0.57006
-0.52316
-0.71828
-0.73236
-0.54223
-0.60668
-0.6399
-0.56359
-0.62504
-0.69498
-0.62292
-0.55415
-0.65287
-0.60289
-0.59726
-0.60904
-0.6098
-0.68461
-0.71491
-0.61462
-0.67727
-0.68299
-0.77003
0
-0.83928
0
0
0
0
0
0
0
-1.9815
0
0
0
0
0
0
0
0
0
0
0
0
0
0
0
0
0
0
0
0
0
0
0
0
0
0
0
0
0
0
0
0
0
0
0
0
0
0
0
0
0
0
0
0
0
0
0
0
0
0
0
0
0
0
-0.56209
-0.56114
-0.60499
-0.57837
-0.57709
-0.56516
-0.64939
-0.55722
-0.57697
-0.60164
-0.59146
-0.55914
-0.57962
-0.58279
-0.58285
-0.56216
-0.59374
-0.54653
-0.50874
-0.56165
28.5101
-0.54
-0.48661
-0.68856
-0.70176
-0.49814
-0.57073
-0.60929
-0.53792
-0.58847
-0.66136
-0.58631
-0.5181
-0.62451
-0.56557
-0.55692
-0.5717
-0.58559
-0.65762
-0.67826
-0.58019
-0.64028
-0.65044
0
0
0
0
0
0
0
0
0
0
0
0
0
0
0
0
-2.008
0
0
0
0
0
0
0
-1.901
0
0
0
0
0
0
0
0
0
0
0
0
0
0
0
0
0
0
0
0
0
0
0
0
0
0
0
0
0
0
0
0
0
0
0
0
0
0
0
0
-0.5792
-0.5789
-0.63528
-0.59949
-0.59736
-0.56181
-0.67174
-0.57942
-0.59403
-0.6286
-0.60937
-0.58003
-0.59527
-0.60547
-0.60553
-0.57401
-0.61765
-0.55634
-0.53211
-0.57006
-0.54
30.4432
-0.51096
-0.71103
-0.72206
-0.53043
-0.5969
-0.63071
-0.53885
-0.6148
-0.6678
-0.61265
-0.54053
-0.63898
-0.58077
-0.58906
-0.59758
-0.61245
-0.68447
-0.70607
-0.60425
-0.66665
-0.67328
0
0
0
0
0
0
0
0
0
-2.0106
0
0
0
0
0
0
0
0
0
-2.9907
0
0
0
0
0
0
0
0
0
0
0
0
0
0
0
0
0
0
0
0
0
0
0
0
0
0
0
0
0
0
0
0
0
0
0
0
0
0
0
0
0
0
0
0
0
-0.54482
-0.54485
-0.58568
-0.55087
-0.54798
-0.53509
-0.62163
-0.53069
-0.54715
-0.58218
-0.5588
-0.52967
-0.54598
-0.55393
-0.55399
-0.53682
-0.56467
-0.51573
-0.48028
-0.52316
-0.48661
-0.51096
27.4102
-0.65596
-0.67249
-0.46062
-0.53937
-0.49193
-0.49552
-0.55525
-0.63536
-0.55319
-0.48957
-0.59671
-0.53493
-0.5311
-0.54027
-0.55512
-0.63252
-0.64523
-0.54634
-0.601
-0.60854
0
0
0
0
0
0
0
0
0
0
0
0
0
0
0
0
0
0
0
0
0
0
0
0
0
0
0
0
0
0
0
0
0
0
0
0
0
0
-4.1176
0
0
0
0
0
0
0
0
0
0
0
0
0
0
0
0
0
0
0
0
0
0
0
0
0
0
-0.7514
-0.75129
-0.80001
-0.76786
-0.75912
-0.7408
-0.86878
-0.73318
-0.75521
-0.79384
-0.7626
-0.72721
-0.75362
-0.76074
-0.76079
-0.74355
-0.77517
-0.7121
-0.67791
-0.71828
-0.68856
-0.71103
-0.65596
40.1211
-0.90958
-0.67594
-0.75087
-0.78193
-0.68646
-0.77002
-0.85457
-0.76765
-0.68858
-0.80719
-0.74531
-0.7395
-0.74869
-0.76072
-0.82951
-0.8662
-0.75211
-0.82603
-0.82893
0
0
0
0
0
0
0
0
0
0
0
0
0
0
0
0
0
0
0
0
0
0
0
0
0
0
0
0
0
0
0
0
0
0
0
0
0
0
0
0
0
0
0
0
0
0
0
0
0
0
-8.1623
0
0
0
0
0
0
0
0
0
0
0
0
0
0
-0.75502
-0.75343
-0.82621
-0.76897
-0.76779
-0.75182
-0.84804
-0.74652
-0.69038
-0.80808
-0.78475
-0.74034
-0.77728
-0.76734
-0.76739
-0.74702
-0.77928
-0.72223
-0.69199
-0.73236
-0.70176
-0.72206
-0.67249
-0.90958
43.4695
-0.68604
-0.76283
-0.788
-0.6975
-0.78037
-0.8427
-0.77806
-0.696
-0.80302
-0.75169
-0.74653
-0.7621
0
0
0
0
0
0
0
0
0
-1.0042
0
0
0
0
0
0
0
0
0
0
0
0
0
0
0
0
0
0
0
0
0
0
0
0
0
0
0
-3.2282
0
0
0
0
0
0
0
0
0
0
0
-4.3774
0
0
0
0
0
0
0
0
0
0
0
0
0
0
0
0
-7.5328
0
0
0
0
-0.56635
-0.56598
-0.60839
-0.57449
-0.57072
-0.56017
-0.63886
-0.55429
-0.5686
-0.60955
-0.58527
-0.55158
-0.57271
-0.57525
-0.5753
-0.55288
-0.58338
-0.53463
-0.50932
-0.54223
-0.49814
-0.53043
-0.46062
-0.67594
-0.68604
26.7294
-0.56964
-0.55096
-0.47892
-0.5941
-0.63997
-0.59211
-0.52035
-0.5838
-0.56741
-0.56383
-0.57542
-0.58963
-0.63452
-0.67923
0
0
0
0
0
0
0
0
0
0
0
0
0
0
0
0
0
0
0
0
0
0
0
0
0
0
0
0
0
0
0
0
0
0
0
0
0
0
0
0
0
0
0
0
0
0
0
0
0
-4.3384
0
0
0
0
0
0
0
0
0
0
0
0
0
0
0
0
0
0
-0.63495
-0.63466
-0.68029
-0.64432
-0.63994
-0.62521
-0.71458
-0.62119
-0.63782
-0.67399
-0.65232
-0.61913
-0.63942
-0.64382
-0.64388
-0.6224
-0.65321
-0.59983
-0.56888
-0.60668
-0.57073
-0.5969
-0.53937
-0.75087
-0.76283
-0.56964
25.9094
-0.66351
-0.55854
-0.69542
-0.71659
-0.69306
-0.59679
-0.66906
-0.6588
-0.65487
-0.66083
-0.66906
-0.68672
-0.77421
-0.66503
0
0
0
0
0
0
0
0
0
0
0
0
0
0
0
0
0
0
0
0
0
0
0
0
0
0
0
0
0
0
0
0
0
0
0
0
0
0
0
0
0
0
0
0
0
0
0
0
0
0
0
0
0
0
0
0
0
0
0
0
0
0
0
0
0
0
0
-0.66428
-0.66471
-0.70975
-0.66893
-0.67671
-0.64958
-0.73985
-0.66174
-0.66245
-0.70589
-0.67989
-0.64246
-0.65987
-0.68587
-0.68592
-0.65749
-0.6845
-0.63068
-0.60132
-0.6399
-0.60929
-0.63071
-0.49193
-0.78193
-0.788
-0.55096
-0.66351
36.2547
-0.60242
-0.68125
-0.75134
-0.67902
-0.60095
-0.69927
-0.6533
-0.64167
-0.6642
0
0
0
0
0
0
0
0
0
0
0
0
0
0
0
0
0
0
0
0
0
0
0
0
0
0
0
0
0
0
0
0
0
0
0
0
0
0
0
0
0
0
0
0
-4.3635
0
0
-4.4777
0
0
0
-3.5519
0
0
0
0
0
0
0
0
0
0
0
0
0
0
0
0
0
0
0
-0.57176
-0.57203
-0.61078
-0.57459
-0.57186
-0.54496
-0.65129
-0.5172
-0.56279
-0.60794
-0.5831
-0.55382
-0.56987
-0.58358
-0.58364
-0.55185
-0.59248
-0.54622
-0.50316
-0.56359
-0.53792
-0.53885
-0.49552
-0.68646
-0.6975
-0.47892
-0.55854
-0.60242
28.1833
-0.57776
-0.64962
-0.57558
-0.50578
-0.61174
-0.53966
-0.54453
-0.55879
-0.57079
0
0
0
0
0
0
0
0
0
0
0
0
0
0
0
0
0
0
0
0
0
0
0
0
0
0
0
0
0
0
0
0
0
0
0
0
0
0
0
-3.6973
-3.3391
0
0
0
0
0
0
0
0
0
0
0
0
0
0
0
0
0
0
0
0
0
0
0
0
0
0
0
0
0
-0.6528
-0.65242
-0.69848
-0.66187
-0.65799
-0.64386
-0.73319
-0.63858
-0.65576
-0.692
-0.67037
-0.63691
-0.65704
-0.66288
-0.66293
-0.63944
-0.67198
-0.61733
-0.5865
-0.62504
-0.58847
-0.6148
-0.55525
-0.77002
-0.78037
-0.5941
-0.69542
-0.68125
-0.57776
25.1412
-0.73444
-0.71849
-0.60086
-0.68963
-0.67142
-0.67114
-0.67265
-0.6845
-0.72323
0
0
0
0
0
0
0
0
0
0
0
0
0
0
0
0
0
0
0
0
0
0
0
0
0
0
0
0
0
0
0
0
0
0
0
0
0
0
0
0
0
0
0
0
0
0
0
0
0
0
0
0
0
0
0
0
0
0
0
0
0
0
0
0
0
0
0
0
0
-0.71393
-0.71419
-0.7669
-0.72539
-0.73186
-0.70117
-0.80801
-0.71187
-0.72068
-0.7598
-0.7361
-0.69364
-0.71937
-0.74274
-0.74278
-0.69196
-0.74351
-0.68705
-0.65396
-0.69498
-0.66136
-0.6678
-0.63536
-0.85457
-0.8427
-0.63997
-0.71659
-0.75134
-0.64962
-0.73444
35.0956
-0.73223
-0.65417
-0.77015
-0.6905
-0.70273
-0.71768
0
0
0
0
0
0
0
0
0
0
0
0
0
0
0
-2.1295
0
0
0
0
0
0
0
0
0
0
0
0
0
0
0
0
0
0
0
0
0
0
0
0
0
0
0
0
0
0
0
0
0
0
0
0
0
0
0
0
0
0
0
0
0
0
-7.085
0
0
0
0
0
0
0
0
-0.65056
-0.65018
-0.69617
-0.65962
-0.65574
-0.64165
-0.73086
-0.63633
-0.65351
-0.68973
-0.66814
-0.63468
-0.65479
-0.66063
-0.66067
-0.63725
-0.6697
-0.61523
-0.58424
-0.62292
-0.58631
-0.61265
-0.55319
-0.76765
-0.77806
-0.59211
-0.69306
-0.67902
-0.57558
-0.71849
-0.73223
25.0537
-0.59813
-0.68748
-0.66779
-0.66741
-0.66957
-0.68098
-0.72137
0
0
0
0
0
0
0
0
0
0
0
0
0
0
0
0
0
0
0
0
0
0
0
0
0
0
0
0
0
0
0
0
0
0
0
0
0
0
0
0
0
0
0
0
0
0
0
0
0
0
0
0
0
0
0
0
0
0
0
0
0
0
0
0
0
0
0
0
0
-0.57518
-0.57602
-0.61911
-0.58265
-0.58175
-0.56601
-0.65309
-0.56564
-0.579
-0.60855
-0.59332
-0.56171
-0.58158
-0.58811
-0.58816
-0.56258
-0.59641
-0.52726
-0.51714
-0.55415
-0.5181
-0.54053
-0.48957
-0.68858
-0.696
-0.52035
-0.59679
-0.60095
-0.50578
-0.60086
-0.65417
-0.59813
22.9278
-0.61194
-0.54073
-0.54119
-0.57442
0
0
0
0
0
0
0
0
0
0
0
0
0
0
0
0
0
-2.0723
0
0
0
0
0
0
0
0
0
0
0
0
0
0
0
0
0
0
0
0
0
0
0
0
0
0
0
0
0
0
0
0
0
0
0
0
0
0
0
0
0
0
0
0
0
0
0
0
0
0
0
0
0
-0.67368
-0.67432
-0.72289
-0.68437
-0.68181
-0.66472
-0.76183
-0.66536
-0.67809
-0.71835
-0.69433
-0.66391
-0.67847
-0.70787
-0.70793
-0.66955
-0.7135
-0.64277
-0.60977
-0.65287
-0.62451
-0.63898
-0.59671
-0.80719
-0.80302
-0.5838
-0.66906
-0.69927
-0.61174
-0.68963
-0.77015
-0.68748
-0.61194
31.0165
-0.66245
-0.65629
-0.6753
0
0
0
0
0
0
0
0
0
0
0
0
0
0
0
0
0
0
0
0
0
0
0
0
0
0
0
0
0
0
0
0
0
0
0
0
0
0
0
0
0
0
0
0
0
0
0
0
0
0
0
0
0
-6.5626
0
0
0
0
0
0
0
0
0
0
0
0
0
0
0
0
0
-0.62648
-0.62584
-0.67171
-0.63519
-0.63196
-0.6165
-0.70852
-0.61708
-0.62704
-0.66646
-0.6433
-0.6113
-0.62936
-0.63974
-0.63978
-0.60487
-0.64781
-0.5996
-0.56477
-0.60289
-0.56557
-0.58077
-0.53493
-0.74531
-0.75169
-0.56741
-0.6588
-0.6533
-0.53966
-0.67142
-0.6905
-0.66779
-0.54073
-0.66245
23.4367
0
0
0
0
0
0
0
0
0
0
0
0
0
0
0
0
0
-1.9961
0
0
0
0
0
0
0
0
0
0
0
0
0
0
0
0
0
0
0
0
0
0
0
0
0
0
0
0
0
0
0
0
0
0
0
0
0
0
0
0
0
0
0
0
0
0
0
0
0
0
0
0
0
0
0
-0.61887
-0.61835
-0.66486
-0.63159
-0.62848
-0.61498
-0.70227
-0.61072
-0.62592
-0.66072
-0.64035
-0.6076
-0.62987
-0.63503
-0.63508
-0.6112
-0.64355
-0.59123
-0.55947
-0.59726
-0.55692
-0.58906
-0.5311
-0.7395
-0.74653
-0.56383
-0.65487
-0.64167
-0.54453
-0.67114
-0.70273
-0.66741
-0.54119
-0.65629
0
23.4069
0
0
0
0
0
0
0
0
0
0
0
0
0
0
0
0
0
0
0
0
0
-2.0728
0
0
0
0
0
0
0
0
0
0
0
0
0
0
0
0
0
0
0
0
0
0
0
0
0
0
0
0
0
0
0
0
0
0
0
0
0
0
0
0
0
0
0
0
0
0
0
0
0
0
-0.63235
-0.63239
-0.67791
-0.64189
-0.638
-0.62576
-0.71213
-0.61946
-0.63536
-0.67256
-0.65139
-0.6166
-0.63813
-0.64343
-0.64347
-0.62027
-0.65286
-0.59912
-0.56984
-0.60904
-0.5717
-0.59758
-0.54027
-0.74869
-0.7621
-0.57542
-0.66083
-0.6642
-0.55879
-0.67265
-0.71768
-0.66957
-0.57442
-0.6753
0
0
21.7211
0
0
0
0
0
0
0
0
0
0
0
0
0
0
0
0
0
0
0
0
0
0
0
0
0
0
0
0
0
0
0
0
0
0
0
0
0
0
0
0
0
0
0
0
0
0
0
0
0
0
0
0
0
0
0
0
0
0
0
0
0
0
0
0
0
0
0
0
0
0
0
-0.64704
-0.64696
-0.69467
-0.65576
-0.6545
-0.62733
-0.72165
-0.63516
-0.65083
-0.67014
-0.6542
-0.63049
-0.64093
-0.6611
-0.66115
-0.63135
-0.66574
-0.61376
-0.58077
-0.6098
-0.58559
-0.61245
-0.55512
-0.76072
0
-0.58963
-0.66906
0
-0.57079
-0.6845
0
-0.68098
0
0
0
0
0
22.8062
0
0
0
0
0
0
0
0
0
0
0
0
0
0
0
-1.9243
0
0
0
0
0
0
0
0
0
0
0
0
0
0
0
-2.2197
0
0
0
0
0
0
0
0
0
0
0
0
0
0
0
0
0
0
0
0
0
0
0
0
0
0
0
0
0
0
0
0
0
0
0
0
0
0
-0.70004
-0.70154
-0.75118
-0.7081
-0.70757
-0.66846
-0.78316
-0.64791
-0.70529
-0.75255
-0.71883
-0.68408
-0.70095
-0.7307
-0.73074
-0.68812
-0.73101
-0.67917
-0.64382
-0.68461
-0.65762
-0.68447
-0.63252
-0.82951
0
-0.63452
-0.68672
0
0
-0.72323
0
-0.72137
0
0
0
0
0
0
31.794
0
0
0
0
0
0
0
0
0
0
0
0
0
0
0
0
0
0
0
0
0
0
0
0
0
0
0
0
0
-2.6936
0
0
0
0
0
0
0
0
0
-3.4423
0
0
0
0
0
0
0
0
0
0
0
0
0
0
0
-5.9703
0
0
0
0
0
0
0
0
0
0
0
0
0
-0.73687
-0.73746
-0.7881
-0.74821
-0.74545
-0.73271
-0.81987
-0.72557
-0.7438
-0.78308
-0.76247
-0.72028
-0.74797
-0.75124
-0.75129
-0.72532
-0.76163
-0.70893
-0.67267
-0.71491
-0.67826
-0.70607
-0.64523
-0.8662
0
-0.67923
-0.77421
0
0
0
0
0
0
0
0
0
0
0
0
20.1576
0
0
0
0
0
0
-0.9305
0
0
0
0
0
0
0
0
0
0
0
0
0
0
0
0
0
0
0
0
0
0
0
0
0
0
0
0
0
0
0
0
0
0
0
0
0
0
0
0
0
0
0
0
0
0
0
0
0
0
0
0
0
0
0
0
0
0
0
0
0
-0.61899
-0.6188
-0.67755
-0.64011
-0.63745
-0.60114
-0.71323
-0.61269
-0.63932
-0.67581
-0.6434
-0.61773
-0.63184
-0.65194
-0.65199
-0.6242
-0.65712
-0.60368
-0.57271
-0.61462
-0.58019
-0.60425
-0.54634
-0.75211
0
0
-0.66503
0
0
0
0
0
0
0
0
0
0
0
0
0
20.372
0
0
0
0
0
0
0
0
0
0
0
0
0
0
0
0
-1.9902
0
0
0
0
0
0
0
0
0
0
-2.5296
0
0
0
0
0
0
0
0
0
0
0
0
0
0
0
0
0
0
0
0
0
0
0
0
0
0
0
0
0
0
0
0
0
0
0
0
0
0
0
-0.69693
-0.69689
-0.74849
-0.70666
-0.70639
-0.68878
-0.78131
-0.69217
-0.70557
-0.74962
-0.71908
-0.68359
-0.70362
-0.71725
-0.7173
-0.68824
-0.72552
-0.6721
-0.63984
-0.67727
-0.64028
-0.66665
-0.601
-0.82603
0
0
0
0
0
0
0
0
0
0
0
0
0
0
0
0
0
23.9357
0
0
0
0
0
0
0
0
0
0
0
0
0
0
0
0
0
0
0
0
0
0
0
0
0
0
0
0
0
0
0
-1.6195
0
0
0
0
0
0
0
0
0
0
0
0
0
0
0
0
0
0
0
0
0
0
0
0
0
0
0
0
0
0
0
-5.4656
0
0
-0.69762
-0.70034
-0.74593
-0.70309
-0.70227
-0.70004
-0.79318
-0.6983
-0.71496
-0.74991
-0.74371
-0.68132
-0.71863
-0.72273
-0.72279
-0.69027
-0.7288
-0.66175
-0.63802
-0.68299
-0.65044
-0.67328
-0.60854
-0.82893
0
0
0
0
0
0
0
0
0
0
0
0
0
0
0
0
0
0
19.8814
0
0
0
0
0
0
0
0
0
0
0
0
0
0
0
0
0
0
0
0
0
-2.9236
0
0
0
0
0
0
0
0
0
0
0
0
0
0
0
0
0
0
0
0
0
0
0
0
0
0
0
0
0
0
0
0
0
0
0
0
0
0
0
0
0
0
0
-0.78949
-0.78897
-0.84434
-0.8043
-0.80099
-0.79115
-0.87585
-0.78064
-0.80331
-0.84396
-0.7931
-0.774
-0.80696
-0.80674
-0.8068
-0.78183
-0.81554
-0.75967
-0.719
-0.77003
0
0
0
0
0
0
0
0
0
0
0
0
0
0
0
0
0
0
0
0
0
0
0
18.3355
0
0
0
0
0
0
0
0
0
0
0
0
-2.3788
0
0
0
0
0
0
0
0
0
0
0
0
0
0
0
0
0
0
0
0
0
0
0
0
0
0
0
0
0
0
0
0
0
0
0
0
0
0
0
0
0
0
0
0
0
0
0
0
0
0
0
-0.79869
-0.79855
-0.84794
-0.81469
-0.80203
-0.79106
-0.82431
-0.78531
-0.80656
-0.84475
-0.81451
-0.77826
-0.80008
-0.81157
-0.81162
-0.74931
-0.76213
-0.76405
-0.72389
0
0
0
0
0
0
0
0
0
0
0
0
0
0
0
0
0
0
0
0
0
0
0
0
0
17.7662
0
0
0
0
0
0
0
0
0
0
0
0
0
0
0
0
0
0
0
0
0
-2.6369
0
0
0
0
0
0
0
0
0
0
0
0
0
0
0
0
0
0
0
0
0
0
0
0
0
0
0
0
0
0
0
0
0
0
0
0
0
0
0
0
0
-0.86794
-0.86723
-0.91788
-0.87781
-0.87364
-0.84918
-0.94993
-0.85339
-0.87497
-0.91088
-0.88728
-0.84835
-0.87354
-0.88272
-0.88278
-0.85325
-0.88785
-0.83085
-0.79223
-0.83928
0
0
0
0
0
0
0
0
0
0
0
0
0
0
0
0
0
0
0
0
0
0
0
0
0
17.421
0
0
0
0
0
0
0
0
0
0
0
0
0
0
0
0
0
0
0
0
0
0
0
0
0
0
0
0
0
0
0
0
0
0
0
0
0
0
0
0
0
0
0
0
0
0
0
0
0
0
0
0
0
0
0
0
0
0
0
0
0
0
-0.8523
-0.85298
-0.90623
-0.80515
-0.86251
0
-0.91408
-0.84722
-0.85885
0
0
-0.83733
0
-0.8755
-0.87556
0
0
0
0
0
0
0
0
0
-1.0042
0
0
0
0
0
0
0
0
0
0
0
0
0
0
-0.9305
0
0
0
0
0
0
20.602
0
0
0
0
0
0
0
-2.1898
0
0
0
0
0
0
0
0
0
0
0
0
0
0
0
0
-0.74425
0
0
0
0
-2.942
0
0
0
-3.3036
0
0
0
0
0
0
0
0
0
0
0
0
0
0
0
0
0
0
0
0
0
0
0
0
0
0
0
-1.1167
-1.1129
-1.1972
-1.1501
-1.148
0
-1.2309
-1.1293
-1.148
0
0
-1.1201
0
-1.1632
-1.1632
0
0
0
0
0
0
0
0
0
0
0
0
0
0
0
0
0
0
0
0
0
0
0
0
0
0
0
0
0
0
0
0
21.0064
0
0
0
0
0
0
0
0
0
0
0
0
0
0
0
0
0
-2.8583
0
0
0
0
0
0
0
0
0
0
0
0
0
0
0
0
0
0
0
0
0
0
0
0
0
0
-5.4686
0
0
0
0
0
0
0
0
0
0
0
0
0
0
0
-1.5958
-1.6231
-1.7028
-1.6617
-1.6502
0
0
-1.65
0
0
0
-1.6301
0
0
0
0
0
0
0
0
0
0
0
0
0
0
0
0
0
0
0
0
0
0
0
0
0
0
0
0
0
0
0
0
0
0
0
0
13.7056
0
0
0
0
0
0
-2.192
0
0
0
0
0
0
0
0
0
0
0
0
0
0
0
0
0
0
0
0
0
0
0
0
0
0
0
0
0
0
0
0
0
0
0
0
0
0
0
0
0
0
0
0
0
0
0
0
0
0
0
0
0
0
0
0
0
-1.7164
0
0
-1.7499
0
0
0
0
0
0
0
0
0
0
0
0
0
0
0
0
0
0
0
0
0
0
0
0
0
0
0
0
0
0
0
0
0
0
0
0
0
0
0
0
26.5253
0
0
-2.2581
0
0
0
0
0
0
0
-2.6157
0
0
0
0
0
0
0
0
0
0
0
0
0
0
-2.9779
0
-3.5187
0
0
0
0
0
0
0
0
0
0
0
0
0
0
0
0
0
0
0
0
0
0
-5.8443
0
-5.8443
0
0
0
0
0
-1.8885
-1.8968
-1.9579
-1.895
-1.8906
0
0
0
0
0
0
-1.8615
0
0
0
0
0
0
0
0
0
0
0
0
0
0
0
0
0
0
0
0
0
0
0
0
0
0
0
0
0
0
0
0
0
0
0
0
0
0
14.5612
0
0
0
0
0
0
0
0
0
0
0
0
0
-3.1708
0
0
0
0
0
0
0
0
0
0
0
0
0
0
0
0
0
0
0
0
0
0
0
0
0
0
0
0
0
0
0
0
0
0
0
0
0
0
0
0
0
0
0
-1.8
-1.8299
-1.9135
-1.8762
-1.858
0
0
0
0
0
-1.9201
0
0
0
0
0
0
0
0
0
0
0
0
0
0
0
0
0
0
0
0
0
0
0
0
0
0
0
0
0
0
0
0
0
0
0
0
0
0
0
0
13.5232
0
0
0
-2.3256
0
0
0
0
0
0
0
0
0
0
0
0
0
0
0
0
0
0
0
0
0
0
0
0
0
0
0
0
0
0
0
0
0
0
0
0
0
0
0
0
0
0
0
0
0
0
0
0
0
0
0
0
0
0
0
0
0
0
0
0
0
0
0
0
0
0
0
-2.0708
0
0
0
0
0
-2.0106
0
0
0
0
0
0
0
0
-2.1295
0
0
0
-1.9961
0
0
0
0
0
0
0
0
0
0
0
0
0
0
-2.2581
0
0
13.4523
0
0
0
0
0
0
0
0
0
0
0
0
0
0
0
0
0
0
0
0
0
0
0
0
-2.9872
0
0
0
0
0
0
0
0
0
0
0
0
0
0
0
0
0
0
0
0
0
0
0
0
0
0
0
0
0
0
0
0
0
0
0
-2.0451
0
0
0
0
-2.0765
0
0
0
0
0
0
0
0
-1.9815
0
0
0
0
0
0
0
0
0
0
0
0
0
0
0
0
0
-1.9243
0
0
0
0
0
0
0
0
0
0
0
0
0
0
0
14.468
0
0
0
0
0
0
0
0
0
-2.9042
0
0
0
0
0
0
0
0
-3.5365
0
0
0
0
0
0
0
0
0
0
0
0
0
0
0
0
0
0
0
0
0
0
0
0
0
0
0
0
0
0
0
0
0
0
0
0
0
0
0
0
0
0
0
0
0
0
0
0
0
0
0
0
-2.2032
0
0
0
0
0
0
0
0
0
0
0
0
0
0
-2.0723
0
0
0
0
0
0
0
0
0
0
0
0
0
-2.1898
0
0
0
0
0
0
0
18.0773
0
0
0
0
0
0
-2.944
0
0
-3.3532
0
0
0
0
0
0
0
0
0
0
0
0
0
0
0
0
0
0
0
0
0
0
0
0
0
0
0
0
0
0
0
0
0
-5.3149
0
0
0
0
0
0
0
0
0
-1.8008
0
0
0
0
0
0
0
0
0
0
0
0
0
0
0
0
0
0
0
0
0
0
0
0
0
0
0
0
0
0
0
0
0
0
0
0
0
0
0
0
0
0
0
0
0
0
0
-2.192
0
0
-2.3256
0
0
0
16.532
0
0
0
0
0
0
0
-3.1701
-3.0296
0
0
0
0
0
0
0
0
0
0
0
0
0
0
0
0
0
0
0
0
-4.0139
0
0
0
0
0
0
0
0
0
0
0
0
0
0
0
0
0
0
0
0
0
0
0
0
0
0
0
0
0
0
0
0
-2.554
0
0
0
0
0
0
0
0
0
0
0
0
0
0
0
0
0
0
0
0
0
0
0
0
0
0
0
0
0
0
0
0
-2.3788
0
0
0
0
0
0
0
0
0
0
0
0
14.5669
0
0
0
0
-3.2558
0
0
0
0
0
0
0
0
0
0
0
-2.9566
-3.4217
0
0
0
0
0
0
0
0
0
0
0
0
0
0
0
0
0
0
0
0
0
0
0
0
0
0
0
0
0
0
0
0
0
0
0
0
0
0
0
0
0
0
0
0
0
0
0
0
0
0
0
0
0
0
0
0
0
0
0
0
0
0
0
0
0
0
0
0
-2.0728
0
0
0
0
-1.9902
0
0
0
0
0
0
0
0
0
0
0
0
0
0
0
0
14.3603
0
-2.8952
0
-3.316
0
0
0
0
0
0
0
0
0
0
0
0
0
0
0
0
0
0
0
0
0
0
0
0
0
0
-4.0861
0
0
0
0
0
0
0
0
0
0
0
0
0
0
0
0
0
0
0
-2.5938
-2.5887
-2.6663
0
0
0
0
0
0
0
0
0
0
0
0
0
0
0
0
0
0
0
0
0
0
0
0
0
0
0
0
0
0
0
0
0
0
0
0
0
0
0
0
0
0
0
0
0
0
0
0
0
0
0
0
0
0
0
16.4204
0
-3.0381
0
0
0
0
0
0
0
0
0
0
0
0
0
0
0
0
0
0
0
0
0
0
0
0
0
0
0
0
0
0
0
0
0
0
0
0
0
0
0
0
0
0
0
0
0
-5.5334
0
-2.1214
-2.1107
-2.1969
0
0
0
0
0
0
0
0
0
0
0
0
0
0
0
0
0
-2.008
0
0
0
0
0
0
0
0
0
0
0
0
0
0
0
0
0
0
0
0
0
0
0
0
0
0
0
0
0
0
0
0
0
0
0
0
-2.8952
0
11.3323
0
0
0
0
0
0
0
0
0
0
0
0
0
0
0
0
0
0
0
0
0
0
0
0
0
0
0
0
0
0
0
0
0
0
0
0
0
0
0
0
0
0
0
0
0
0
0
0
0
0
0
0
0
0
0
0
0
-2.1435
0
0
-2.0971
0
0
0
0
0
0
0
0
0
0
0
0
0
0
0
0
0
0
0
0
0
0
0
0
0
0
0
0
0
0
0
0
0
0
0
0
-2.6157
0
0
0
0
0
0
0
0
-3.0381
0
12.6828
0
0
0
0
0
0
0
0
0
0
-2.7884
0
0
0
0
0
0
0
0
0
0
0
0
0
0
0
0
0
0
0
0
0
0
0
0
0
0
0
0
0
0
0
0
0
0
0
0
0
0
0
0
0
0
0
0
0
0
0
0
0
0
0
0
0
0
0
0
0
0
0
0
0
0
0
0
0
0
0
0
0
0
0
0
0
0
0
0
0
0
0
0
0
0
0
0
0
0
0
0
0
0
-2.944
0
-3.2558
-3.316
0
0
0
13.8418
0
0
0
0
0
0
0
0
0
0
0
0
0
0
0
0
0
0
0
0
0
0
0
0
0
-4.326
0
0
0
0
0
0
0
0
0
0
0
0
0
0
0
0
0
0
0
0
0
0
0
0
0
-3.0805
0
0
0
0
0
0
0
0
0
0
0
0
0
0
0
-2.9907
0
0
0
0
0
0
0
0
0
0
0
0
0
0
0
0
0
0
0
0
0
0
0
0
0
0
0
0
0
0
0
0
0
0
0
0
0
0
0
0
15.2329
0
0
0
0
0
0
0
0
0
0
0
0
0
0
0
0
-3.6702
0
0
0
0
0
0
0
0
0
0
0
0
0
0
0
0
0
0
0
0
0
-5.4914
0
0
0
0
0
0
0
0
0
0
0
0
0
0
0
0
0
0
-2.8532
0
0
0
0
0
0
0
0
0
0
0
0
0
0
0
0
0
0
0
0
0
0
0
0
0
0
0
0
0
0
0
0
0
0
0
0
0
0
0
0
-2.9042
0
-3.1701
0
0
0
0
0
0
0
12.6126
0
0
0
0
0
0
0
0
0
0
0
-3.6851
0
0
0
0
0
0
0
0
0
0
0
0
0
0
0
0
0
0
0
0
0
0
0
0
0
0
0
0
0
0
0
0
0
0
0
0
0
0
0
0
0
0
0
0
0
0
0
0
0
0
0
0
0
0
0
0
0
0
0
0
0
0
0
0
0
0
0
0
0
0
0
0
0
0
-2.9236
0
0
0
0
0
0
0
-3.1708
0
0
0
-3.3532
-3.0296
0
0
0
0
0
0
0
0
12.4772
0
0
0
0
0
0
0
0
0
0
0
0
0
0
0
0
0
0
0
0
0
0
0
0
0
0
0
0
0
0
0
0
0
0
0
0
0
0
0
0
0
0
0
0
0
0
0
0
0
0
0
0
0
0
0
0
0
0
0
0
0
0
0
0
0
0
0
0
0
0
0
0
0
0
0
0
0
0
0
0
0
0
0
0
0
0
0
0
0
0
-2.8583
0
0
0
0
0
0
0
0
0
0
0
0
0
0
0
0
0
12.6659
0
0
-2.9319
-3.5793
-3.2964
0
0
0
0
0
0
0
0
0
0
0
0
0
0
0
0
0
0
0
0
0
0
0
0
0
0
0
0
0
0
0
0
0
0
0
0
0
0
0
0
0
0
0
-3.0586
0
0
0
0
0
0
0
0
0
-3.0016
0
0
0
0
0
0
0
0
0
0
0
0
0
0
0
0
0
0
0
0
0
0
0
0
0
0
0
-2.6369
0
0
0
0
0
0
0
0
0
0
0
0
0
0
0
0
0
0
0
0
0
11.9924
0
0
0
0
0
0
0
0
0
0
0
0
0
-3.2953
0
0
0
0
0
0
0
0
0
0
0
0
0
0
0
0
0
0
0
0
0
0
0
0
0
0
0
0
0
0
0
0
0
0
0
0
-2.0536
0
0
0
0
0
0
0
0
0
0
-1.901
0
0
0
0
0
0
0
0
0
0
0
0
0
0
0
0
0
0
0
0
0
0
0
0
0
0
0
0
0
0
0
0
0
0
0
0
0
0
0
0
0
0
0
0
0
0
12.5959
0
0
0
0
0
0
0
0
0
0
0
0
0
0
0
0
0
-4.0673
0
0
0
0
0
0
0
0
0
0
0
0
0
0
0
0
0
0
-4.574
0
0
0
0
0
0
0
0
-2.7907
0
0
0
0
0
0
0
0
0
0
0
0
0
0
0
0
0
0
0
0
0
0
0
0
0
0
0
0
0
0
0
0
-2.6936
0
-2.5296
0
0
0
0
0
0
0
0
0
0
0
0
0
0
0
0
0
0
0
0
0
0
0
0
-2.9319
0
0
10.9458
0
0
0
0
0
0
0
0
0
0
0
0
0
0
0
0
0
0
0
0
0
0
0
0
0
0
0
0
0
0
0
0
0
0
0
0
0
0
0
0
0
0
0
0
0
0
0
0
-2.391
0
0
0
0
0
0
0
0
0
0
0
0
0
0
0
0
0
0
0
0
0
0
0
0
0
0
0
-2.2197
0
0
0
0
0
0
0
0
0
0
0
0
0
0
0
0
0
0
0
0
0
0
0
0
0
0
0
-3.5793
0
0
0
11.7166
0
0
-3.5266
0
0
0
0
0
0
0
0
0
0
0
0
0
0
0
0
0
0
0
0
0
0
0
0
0
0
0
0
0
0
0
0
0
0
0
-3.4257
-3.421
0
0
0
0
0
0
0
0
0
0
0
0
0
0
0
0
0
0
0
0
0
0
0
0
0
0
0
0
0
0
0
0
0
0
0
0
0
0
0
0
0
0
0
0
0
0
0
0
0
0
0
0
0
0
0
0
0
0
0
0
0
0
0
-3.2964
0
0
0
0
10.143
0
0
0
0
0
0
0
0
0
0
0
0
0
0
0
0
0
0
0
0
0
0
0
0
0
0
0
0
0
0
0
0
0
0
0
0
0
0
0
0
0
0
0
0
0
0
0
0
0
0
0
0
0
0
0
0
0
0
0
0
0
0
0
0
0
0
0
0
0
0
0
0
0
0
0
0
0
0
0
0
0
0
0
-0.74425
0
0
0
0
0
0
0
0
0
0
0
0
0
-2.7884
0
0
0
0
0
0
0
0
0
0
7.084
0
0
0
0
0
0
0
0
0
0
0
0
0
0
0
0
0
0
0
0
0
0
0
-3.5514
0
0
0
0
0
0
0
0
0
0
0
0
0
0
0
0
0
0
0
0
0
0
0
0
0
0
0
0
0
0
0
0
0
0
0
0
0
0
0
0
0
0
0
0
0
0
0
0
0
0
0
0
0
0
0
0
0
0
0
0
0
0
0
0
0
-3.5365
0
0
0
0
0
0
0
0
0
0
0
0
0
0
0
-3.5266
0
0
7.9033
0
0
0
0
0
0
0
0
0
0
0
0
0
0
0
0
0
0
0
0
0
0
0
0
-0.84031
0
0
0
0
0
0
0
0
0
0
0
0
0
0
0
0
0
0
0
0
0
0
0
0
0
0
0
0
0
0
0
0
0
0
0
0
0
0
0
0
0
0
0
0
0
0
0
0
0
0
0
-1.6195
0
0
0
0
0
0
0
0
0
0
0
0
0
0
-2.9566
0
0
0
0
0
0
0
0
0
0
0
0
0
0
0
0
9.1863
0
0
0
0
0
0
0
0
0
0
0
0
0
0
0
0
0
-4.6101
0
0
0
0
0
0
0
0
0
0
0
0
0
0
0
0
0
0
0
0
0
0
0
0
0
0
0
0
0
0
0
0
0
0
0
0
0
0
0
0
-3.2282
0
0
0
0
0
0
0
0
0
0
0
0
0
0
0
0
0
0
0
0
0
0
0
0
0
0
0
0
0
0
0
-3.4217
0
0
0
0
0
0
0
0
0
0
0
0
0
0
0
0
0
10.9181
-4.2683
0
0
0
0
0
0
0
0
0
0
0
0
0
0
0
0
0
0
0
0
0
0
0
0
0
0
0
0
0
0
0
0
0
0
0
0
0
0
0
0
0
0
0
0
0
0
0
0
0
0
0
0
0
0
0
0
0
0
0
0
0
0
0
0
0
0
0
0
0
0
0
0
0
0
0
0
0
0
0
0
0
-2.9779
0
0
0
0
0
0
0
0
0
0
0
0
0
-3.6851
0
0
0
0
0
0
0
0
0
0
-4.2683
10.9313
0
0
0
0
0
0
0
0
0
0
0
0
0
0
0
0
0
0
0
0
0
0
0
0
0
0
0
0
0
0
0
0
0
0
0
-3.4108
0
0
0
0
0
0
0
0
0
0
0
0
0
0
0
0
0
0
0
0
0
0
0
0
0
0
0
0
0
0
0
0
0
0
0
0
0
0
0
0
0
0
-2.942
0
0
0
0
0
0
0
0
0
0
0
0
0
0
0
0
0
0
0
0
0
0
0
0
0
0
0
0
0
11.2016
0
0
0
0
0
0
0
0
0
0
0
0
0
0
0
0
0
0
0
0
0
0
0
0
0
0
0
0
0
0
-4.8487
0
0
0
0
0
0
0
0
0
0
0
0
0
0
0
0
0
0
0
0
0
0
0
0
0
0
0
0
-3.6973
0
0
0
0
0
0
0
0
0
0
0
0
0
0
0
0
0
0
0
0
-3.5187
0
0
-2.9872
0
0
0
0
0
0
0
0
0
0
0
0
0
0
0
0
0
0
0
0
0
0
0
0
10.2032
0
0
0
0
0
0
0
0
0
0
0
0
0
0
0
0
0
0
0
0
0
0
0
0
0
0
0
0
0
0
0
0
0
0
0
0
0
-3.5189
0
0
0
0
0
0
0
0
0
0
0
0
0
0
0
0
0
0
0
0
-3.3391
0
0
0
0
0
0
0
0
0
-3.4423
0
0
0
0
0
0
0
0
0
0
0
0
0
0
0
0
0
0
0
0
0
0
0
0
0
0
0
0
0
0
0
0
0
0
0
0
0
0
0
10.3003
0
0
0
0
0
0
0
0
0
0
0
0
0
0
0
0
0
0
0
0
0
0
0
0
0
0
0
0
0
-3.8347
-3.8222
0
0
0
0
0
0
0
0
0
0
0
0
0
0
0
0
0
0
0
0
0
0
0
0
0
0
0
0
0
0
0
0
0
0
0
0
0
0
0
0
0
0
0
0
0
0
0
0
0
0
0
0
0
0
0
0
0
0
0
0
-3.6702
0
0
0
0
0
0
0
0
0
0
0
0
0
0
0
0
11.3271
0
0
0
0
0
0
0
0
0
0
0
0
0
0
0
0
0
0
0
0
0
0
0
0
0
0
0
0
0
0
0
0
0
0
0
0
0
0
0
0
0
0
0
-3.8979
0
0
0
0
0
0
0
0
0
0
0
0
0
0
0
0
0
0
0
0
0
0
0
0
0
0
0
0
0
0
-3.3036
0
0
0
0
0
0
0
0
0
0
0
0
0
0
0
0
0
0
0
-3.2953
0
0
0
0
0
0
0
0
0
0
0
0
0
10.4967
0
0
0
0
0
0
0
0
0
0
0
0
0
0
0
0
0
0
0
0
0
0
0
0
0
0
0
0
0
0
0
0
0
0
0
0
0
0
0
0
0
0
0
0
0
0
0
0
0
-4.1176
0
0
0
0
-4.3635
0
0
0
0
0
0
0
0
0
0
0
0
0
0
0
0
0
0
0
0
0
0
0
0
0
0
0
0
0
0
0
0
0
0
0
0
0
0
0
0
0
0
0
0
0
0
0
0
0
0
0
0
0
8.4812
0
0
0
0
0
0
0
0
0
0
0
0
0
0
0
0
0
0
0
0
0
0
0
0
0
0
0
0
0
0
0
0
0
0
0
-4.7631
0
0
0
0
0
0
0
0
0
0
0
0
0
0
0
0
0
0
0
0
0
0
0
0
0
0
0
0
0
0
0
0
0
0
0
0
0
0
0
0
0
0
0
0
0
0
0
0
0
0
0
0
0
0
0
0
0
0
0
0
0
0
0
0
0
0
0
0
0
0
0
0
9.2443
0
0
0
0
-4.4812
0
0
0
0
0
0
0
0
0
0
0
0
0
0
0
0
0
0
0
0
0
0
0
0
0
0
0
0
0
0
-4.9199
0
-4.8478
0
0
0
0
0
0
0
0
0
0
0
0
0
0
0
0
0
0
0
0
0
0
0
0
0
0
0
0
0
0
0
0
0
0
0
0
0
0
0
0
0
0
0
0
0
0
0
0
0
0
0
0
0
0
0
0
0
0
0
0
0
0
0
0
0
0
0
0
0
0
9.7676
0
0
0
0
0
0
0
0
0
0
0
0
0
0
0
0
0
0
0
0
0
0
0
0
0
0
0
0
0
0
0
0
0
0
0
0
0
0
0
0
0
0
0
0
0
0
0
0
0
0
0
-4.4777
0
0
0
0
0
0
0
0
0
0
0
0
0
0
0
0
0
0
0
0
0
0
0
0
0
0
0
0
0
0
0
0
0
0
0
0
0
0
0
0
0
0
0
0
0
0
0
0
0
0
0
0
0
0
0
0
8.2052
0
0
0
0
-3.7275
0
0
0
0
0
0
0
0
0
0
0
0
0
0
0
0
0
0
0
0
0
0
0
0
0
0
0
0
0
0
0
0
0
0
0
0
0
0
0
0
0
0
0
0
0
0
0
0
0
0
0
0
0
0
0
0
0
0
0
0
0
0
0
0
0
0
0
0
0
0
0
0
0
-4.0139
0
0
0
0
0
0
0
0
0
0
0
-4.0673
0
0
0
0
0
0
0
0
0
0
0
0
0
0
0
0
0
8.0812
0
0
0
0
0
0
0
0
0
0
0
0
0
0
0
0
0
0
0
0
0
0
0
0
0
0
0
0
0
0
-4.3943
0
0
0
0
0
0
0
0
0
0
0
0
0
0
0
-4.3774
0
0
0
0
0
0
0
0
0
0
0
0
0
0
0
0
0
0
0
0
0
0
0
0
0
0
0
0
0
0
0
0
0
0
0
0
0
0
0
0
0
0
0
0
0
0
0
0
0
0
0
0
0
0
0
0
0
0
0
0
0
8.7716
0
0
0
0
0
0
0
0
0
0
0
0
0
0
0
0
0
0
0
0
0
0
0
0
0
0
0
0
0
0
0
0
0
0
0
0
0
0
0
0
0
0
0
0
0
0
0
0
0
0
0
0
0
0
0
0
0
0
0
0
0
0
0
0
0
0
0
0
0
0
0
0
0
0
0
0
0
0
0
0
0
0
-4.326
0
0
0
0
0
0
0
0
0
0
0
0
0
0
0
0
0
0
0
0
-4.4812
0
0
0
0
8.8072
0
0
0
0
0
0
0
0
0
0
0
0
0
0
0
0
0
0
0
0
0
0
0
0
0
0
0
0
0
0
0
0
0
0
0
0
0
0
0
0
0
0
0
0
0
0
0
-3.5519
0
0
0
0
0
0
0
0
0
0
0
0
0
0
0
0
0
0
0
0
0
0
0
0
0
0
0
0
0
-4.0861
0
0
0
0
0
0
0
0
0
0
0
0
0
0
0
0
0
0
0
0
0
0
0
0
0
0
0
0
0
0
7.6381
0
0
0
0
0
0
0
0
0
0
0
0
0
0
0
0
0
0
0
0
0
0
0
0
0
0
0
0
0
0
0
0
0
0
0
0
0
0
0
0
0
0
0
0
-4.3384
0
0
0
0
0
0
0
0
0
0
0
0
0
0
0
0
0
0
0
0
0
0
0
0
0
0
0
0
0
0
0
0
0
0
0
0
0
0
0
0
0
0
0
0
0
0
0
0
0
0
0
0
0
0
0
0
0
0
-3.7275
0
0
0
0
8.0659
0
0
0
0
0
0
0
0
0
0
0
0
0
0
0
0
0
0
0
0
0
0
0
0
0
0
0
0
0
0
0
0
0
0
0
0
0
0
0
0
0
0
0
0
0
0
0
0
0
0
0
-6.5626
0
0
0
0
0
0
0
0
0
0
0
0
0
0
0
0
0
0
0
0
0
0
0
0
0
0
0
0
0
0
0
0
0
0
0
0
0
0
0
0
0
0
0
0
0
0
0
0
0
0
0
0
0
0
0
0
6.5626
0
0
0
0
0
0
0
0
0
0
0
0
0
0
0
0
0
0
0
0
0
0
0
0
0
0
0
0
0
0
0
0
0
0
0
0
0
0
0
0
0
0
0
0
0
0
0
0
0
0
0
0
0
0
0
0
0
0
0
0
0
0
0
0
0
0
0
0
0
0
0
0
0
0
0
0
0
0
0
0
0
0
0
0
0
0
0
0
0
0
-4.6101
0
0
0
0
0
0
0
0
0
0
0
0
0
0
0
0
0
4.6101
0
0
0
0
0
0
0
0
0
0
0
0
0
0
0
0
0
0
0
0
0
0
0
0
0
0
0
0
0
0
0
0
0
0
0
0
0
0
0
0
0
0
0
0
0
0
0
0
0
0
0
0
0
0
0
0
0
0
0
0
0
0
0
-5.4686
0
0
0
0
0
0
0
0
0
0
0
0
0
0
0
0
0
0
0
0
0
0
0
0
0
0
0
0
0
0
0
0
0
0
0
0
0
0
0
0
0
0
0
0
5.4686
0
0
0
0
0
0
0
0
0
0
0
0
0
0
0
0
0
0
0
0
0
0
0
0
0
0
0
0
0
0
0
0
0
0
0
0
0
0
-8.1623
0
0
0
0
0
0
0
0
0
0
0
0
0
0
0
0
0
0
0
0
0
0
0
0
0
0
0
0
0
0
0
0
0
0
0
0
0
0
0
0
0
0
0
0
0
0
0
0
0
0
0
0
0
0
0
0
0
0
0
0
0
0
0
0
0
0
0
0
0
8.1623
0
0
0
0
0
0
0
0
0
0
0
0
0
0
0
0
0
0
0
0
0
0
0
0
0
0
0
0
0
0
0
0
0
0
0
0
0
0
0
0
0
0
0
0
0
0
0
0
0
0
0
0
-5.9703
0
0
0
0
0
0
0
0
0
0
0
0
0
0
0
0
0
0
0
0
0
0
0
0
0
0
0
0
0
0
0
0
0
0
0
0
0
0
0
0
0
0
0
0
0
0
0
0
0
0
0
0
0
0
0
5.9703
0
0
0
0
0
0
0
0
0
0
0
0
0
0
0
0
0
0
0
0
0
0
0
0
0
0
0
0
0
0
0
0
0
0
0
0
0
0
0
0
0
0
0
0
0
0
0
0
0
0
0
0
0
0
0
0
0
0
0
0
0
0
0
0
0
0
0
0
0
0
0
0
0
0
0
0
0
0
0
0
0
0
0
0
-3.5514
0
0
0
0
0
0
0
0
0
0
0
0
0
0
0
0
0
0
0
0
0
0
0
3.5514
0
0
0
0
0
0
0
0
0
0
0
0
0
0
0
0
0
0
-7.9268
0
0
0
0
0
0
0
0
0
0
0
0
0
0
0
0
0
0
0
0
0
0
0
0
0
0
0
0
0
0
0
0
0
0
0
0
0
0
0
0
0
0
0
0
0
0
0
0
0
0
0
0
0
0
0
0
0
0
0
0
0
0
0
0
0
0
0
0
0
0
0
0
0
0
0
0
0
0
0
0
0
0
0
0
0
0
0
0
0
7.9268
0
0
0
0
0
0
0
0
0
0
0
0
0
0
0
0
0
0
0
0
0
0
0
0
0
0
0
0
0
0
0
0
0
0
0
0
0
0
0
0
0
0
0
0
0
0
0
0
0
0
0
0
0
0
0
0
0
0
0
0
0
0
0
0
0
0
0
0
0
0
0
0
0
0
0
0
0
0
0
0
0
0
0
-0.84031
0
0
0
0
0
0
0
0
0
0
0
0
0
0
0
0
0
0
0
0
0
0
0
0
0.84031
0
0
0
0
0
0
0
0
0
0
0
0
0
0
0
0
0
0
0
0
0
0
0
0
0
0
0
0
0
0
0
0
0
0
0
0
0
0
0
0
0
0
0
0
0
0
0
0
0
0
0
0
0
0
0
0
0
0
0
0
0
0
0
0
-5.3149
0
0
0
0
0
0
0
0
0
0
0
0
0
0
0
0
0
0
0
0
0
0
0
0
0
0
0
0
0
0
0
0
0
0
0
0
0
0
0
0
0
0
0
5.3149
0
0
0
0
0
0
0
0
0
0
0
0
0
0
0
0
0
0
0
0
0
0
0
0
0
0
0
0
0
0
0
0
0
0
0
0
0
0
0
-7.085
0
0
0
0
0
0
0
0
0
0
0
0
0
0
0
0
0
0
0
0
0
0
0
0
0
0
0
0
0
0
0
0
0
0
0
0
0
0
0
0
0
0
0
0
0
0
0
0
0
0
0
0
0
0
0
0
0
0
0
0
0
0
0
0
0
0
0
0
7.085
0
0
0
0
0
0
0
0
0
0
0
0
0
0
0
0
0
0
0
0
0
0
0
0
0
0
0
0
0
0
0
0
0
0
0
0
0
0
0
0
0
0
0
0
0
0
0
0
0
0
0
0
0
0
0
0
0
-5.8443
0
0
0
0
0
0
0
0
0
0
0
0
0
0
0
0
0
0
0
0
0
0
0
0
0
0
0
0
0
0
0
0
0
0
0
0
0
0
0
0
0
0
0
0
0
0
0
0
0
0
5.8443
0
0
0
0
0
0
0
0
0
0
0
0
0
0
0
0
0
0
0
0
0
0
0
0
0
0
0
0
0
0
0
0
0
0
0
0
0
0
0
0
0
0
0
0
0
0
0
0
0
0
0
0
0
0
0
0
0
0
0
0
0
0
0
0
0
0
0
0
0
-5.4914
0
0
0
0
0
0
0
0
0
0
0
0
0
0
0
0
0
0
0
0
0
0
0
0
0
0
0
0
0
0
0
0
0
0
0
0
0
0
5.4914
0
0
0
0
0
0
0
0
0
0
0
0
0
0
0
0
0
0
0
0
0
0
0
0
0
0
0
0
0
0
0
0
0
0
0
0
0
0
0
0
0
0
0
0
0
0
0
0
0
0
0
0
0
0
0
-5.8443
0
0
0
0
0
0
0
0
0
0
0
0
0
0
0
0
0
0
0
0
0
0
0
0
0
0
0
0
0
0
0
0
0
0
0
0
0
0
0
0
0
0
0
0
0
0
0
0
0
0
0
0
5.8443
0
0
0
0
0
0
0
0
0
0
0
0
0
0
0
0
0
0
0
0
0
0
0
0
0
0
0
0
0
-7.5328
0
0
0
0
0
0
0
0
0
0
0
0
0
0
0
0
0
0
0
0
0
0
0
0
0
0
0
0
0
0
0
0
0
0
0
0
0
0
0
0
0
0
0
0
0
0
0
0
0
0
0
0
0
0
0
0
0
0
0
0
0
0
0
0
0
0
0
0
0
0
0
0
0
0
0
0
0
0
7.5328
0
0
0
0
0
0
0
0
0
0
0
0
0
0
0
0
0
0
0
0
0
0
0
0
0
0
0
0
0
0
0
0
0
0
0
0
0
0
0
0
0
0
0
0
0
0
0
0
0
0
0
0
0
0
0
0
0
0
0
0
0
0
0
0
0
0
0
0
0
0
0
-4.574
0
0
0
0
0
0
0
0
0
0
0
0
0
0
0
0
0
0
0
0
0
0
0
0
0
0
0
0
0
0
0
0
0
0
0
0
4.574
0
0
0
0
0
0
0
0
0
0
0
0
0
0
0
0
0
0
0
0
0
0
0
0
0
0
0
0
0
0
0
0
0
0
0
0
0
0
0
0
0
0
0
0
-5.4656
0
0
0
0
0
0
0
0
0
0
0
0
0
0
0
0
0
0
0
0
0
0
0
0
0
0
0
0
0
0
0
0
0
0
0
0
0
0
0
0
0
0
0
0
0
0
0
0
0
0
0
0
0
0
0
0
0
0
0
0
0
0
0
5.4656
0
0
0
0
0
0
0
0
0
0
0
0
0
0
0
0
0
0
0
0
0
0
0
0
0
0
0
0
0
0
0
0
0
0
0
0
0
0
0
0
0
0
0
0
0
0
0
0
0
0
0
0
0
0
0
0
0
0
0
0
-5.5334
0
0
0
0
0
0
0
0
0
0
0
0
0
0
0
0
0
0
0
0
0
0
0
0
0
0
0
0
0
0
0
0
0
0
0
0
0
0
0
0
0
0
0
0
0
0
0
5.5334
0
0
0
0
0
0
0
0
0
0
0
0
0
0
0
0
0
0
0
0
0
0
0
0
0
0
0
0
0
0
0
0
0
0
0
0
0
0
0
0
0
0
0
0
0
0
0
0
0
0
0
0
0
0
0
0
0
0
0
0
0
0
0
0
0
0
0
0
0
0
0
0
0
0
0
0
0
-4.8487
0
0
0
0
0
0
0
0
0
0
0
0
0
0
0
0
0
0
0
0
0
0
0
0
0
0
0
0
0
0
4.8487
