1
0.95719
0.94858
0.94164
0.93697
0.93393
0.93115
0.92883
0.92324
0.91824
0.91337
0.90881
0.90446
0.90036
0.89641
0.8927
0.88912
0.88576
0.88252
0.87947
0.87649
0.87363
0.87081
0.86805
0.86525
0.86241
0.85944
0.85635
0.85315
0.84989
0.84665
0.84348
0.84041
0.83748
0.83468
0.832
0.82945
0.827
0.82464
0.82237
0.82018
0.81806
0.81602
0.81406
0.81217
0.81035
0.80859
0.80689
0.80526
0.80369
0.80217
0.80071
0.79931
0.79796
0.79665
0.79539
0.79417
0.79299
0.79183
0.7907
0.78959
0.78849
0.78741
0.78633
0.78525
0.78417
0.78308
0.78197
0.78085
0.7797
0.77854
0.77734
0.77613
0.77489
0.77363
0.77235
0.77105
0.76974
0.7684
0.76705
0.7657
0.76434
0.76298
0.76163
0.76031
0.75901
0.75773
0.75649
0.75528
0.7541
0.75294
0.75181
0.75069
0.74957
0.74845
0.74733
0.74621
0.74508
0.74393
0.74278
0.7416
0.7404
0.73919
