1
0.1045
0.16642
0.267
0.48691
0.29973
0.54601
0.31362
0.37286
0.30834
0.36261
0.34733
0.4016
0.35
0.43473
0.36017
0.45001
0.37567
0.45311
0.3915
0.45375
0.40695
0.45483
0.42133
0.45635
0.43417
0.45835
0.44608
0.46198
0.45719
0.46753
0.46733
0.4741
0.47613
0.4809
0.48382
0.48768
0.49087
0.49428
0.49743
0.50057
0.5036
0.50659
0.50952
0.51239
0.51519
0.5179
0.52053
0.5231
0.52561
0.52807
0.53051
0.5329
0.53527
0.53761
0.53991
0.54218
0.5444
0.54656
0.54867
0.55072
0.55272
0.55469
0.55664
0.55857
0.56048
0.56238
0.56426
0.56614
0.568
0.56986
0.57171
0.57355
0.57539
0.57724
0.57909
0.58094
0.58279
0.58464
0.58647
0.58827
0.59004
0.59179
0.5935
0.59518
0.59684
0.59849
0.60012
0.60174
0.60336
0.60499
0.60662
0.60825
0.60989
0.61152
0.61315
0.61478
0.61639
0.61799
0.61959
0.62117
0.62274
0.6243
