1
4.1448
4.516
4.6152
4.7321
4.8514
4.9546
5.0409
5.2097
5.3647
5.5112
5.649
5.7783
5.8999
6.0149
6.1241
6.2283
6.3281
6.4239
6.5161
6.605
6.6909
6.774
6.8545
6.9325
7.0082
7.0817
7.1533
7.2229
7.2909
7.3571
7.4218
7.485
7.5467
7.6071
7.6661
7.724
7.7806
7.836
7.8903
7.9435
7.9956
8.0468
8.0969
8.1461
8.1943
8.2416
8.288
8.3334
8.378
8.4217
8.4645
8.5065
8.5477
8.588
8.6275
8.6661
8.704
8.741
8.7773
8.8127
8.8473
8.8811
8.9141
8.9463
8.9778
9.0084
9.0384
9.0676
9.0962
9.1241
9.1514
9.1782
9.2044
9.23
9.2552
9.28
9.3043
9.3283
9.3519
9.3752
9.3982
9.4209
9.4434
9.4657
9.4878
9.5097
9.5315
9.5531
9.5746
9.5959
9.6171
9.6383
9.6592
9.6801
9.7008
9.7215
9.7419
9.7622
9.7824
9.8024
9.8222
9.8419
