1
0.96732
0.95643
0.94783
0.94273
0.93876
0.93586
0.93318
0.93123
0.92587
0.92106
0.91674
0.91278
0.90902
0.90557
0.90233
0.89933
0.89645
0.89373
0.89108
0.88862
0.88626
0.88402
0.88184
0.87974
0.87763
0.8756
0.87355
0.87164
0.86973
0.86797
0.86618
0.86447
0.86271
0.86105
0.85937
0.85779
0.85621
0.85473
0.85325
0.85189
0.85054
0.84928
0.84801
0.84682
0.84564
0.84451
0.84337
0.84228
0.84119
0.8401
0.83898
0.83783
0.83662
0.83535
0.83401
0.83258
0.83107
0.82949
0.82786
0.82621
0.82458
0.82298
0.82143
0.81995
0.81853
0.81717
0.81585
0.81457
0.81331
0.81208
0.81087
0.80969
0.80854
0.80741
0.80632
0.80526
0.80423
0.80324
0.80227
0.8013
0.80033
0.79937
0.7984
0.79743
0.79646
0.7955
0.79454
0.79359
0.79265
0.79172
0.7908
0.78989
0.789
0.78813
0.78727
0.78643
0.78561
0.78481
0.78402
0.78325
0.78249
0.78175
0.78103
0.78033
0.77964
0.77898
0.77832
0.77768
0.77705
0.77643
0.77581
0.77519
0.77456
0.77393
0.7733
0.77265
0.77201
0.77136
0.77071
0.77007
0.76944
0.76881
0.7682
0.76759
0.76699
0.76638
0.76577
0.76514
0.7645
0.76383
0.76314
0.76242
0.76168
0.7609
