89.4876
-0.96472
-0.96653
-0.96312
-0.96312
-0.96312
-0.95889
-0.97205
-0.95969
-0.97938
-0.95459
-0.95458
-0.94788
-0.97533
-0.95723
-0.95724
-0.96919
-0.95991
-0.96281
-0.96291
-0.95248
-0.95245
-0.95247
-0.95241
-0.95246
-0.95244
-0.92944
-0.93701
-0.93194
-0.94347
-0.96484
-0.94346
-0.94347
-0.93121
-0.94463
-0.93582
-0.93582
-0.94298
-0.94758
-0.95294
-0.95816
-0.95882
-0.95884
-0.95883
-0.96914
-0.94474
-0.93981
-0.93981
-0.95529
-0.95809
-0.95808
-0.95808
-0.94703
-0.95398
-0.94921
-0.94277
-0.95709
-0.9534
-0.97335
-0.97348
-0.93589
-0.94384
-0.93068
-0.94111
-0.94169
-0.95515
-0.9551
-0.99622
-0.99642
-0.9206
-0.89554
-0.98932
-1.0205
-1.175
-1.0527
-1.3814
-1.4844
-1.4403
0
0
0
0
0
0
-0.54488
0
0
0
0
0
0
-6.8437
0
0
0
0
0
0
-6.8437
0
0
0
0
0
0
0
0
0
0
0
0
0
0
0
0
0
0
0
0
0
0
-0.96472
87.5506
-0.95195
-0.94915
-0.94917
-0.94916
-0.94507
-0.95806
-0.94689
-0.96578
-0.94076
-0.94077
-0.93376
-0.96218
-0.94344
-0.94344
-0.95567
-0.94607
-0.94872
-0.94882
-0.9387
-0.93867
-0.9387
-0.93863
-0.93868
-0.93868
-0.9157
-0.92327
-0.91879
-0.9297
-0.95155
-0.92969
-0.92969
-0.91759
-0.93123
-0.92209
-0.92209
-0.92877
-0.93366
-0.93914
-0.94432
-0.94495
-0.94495
-0.94495
-0.95564
-0.93092
-0.926
-0.926
-0.94186
-0.94419
-0.94419
-0.94418
-0.93359
-0.94008
-0.93733
-0.92927
-0.94318
-0.94038
-0.95937
-0.95946
-0.92206
-0.92998
-0.91687
-0.92726
-0.92785
-0.94117
-0.94114
-0.98204
-0.98225
-0.90733
-0.88465
-0.97482
-1.007
-1.1592
-1.0371
-1.3678
-1.4665
-1.4177
0
0
0
-2.0238
0
0
0
0
0
-4.6857
0
0
0
0
0
0
0
0
0
0
0
0
0
0
0
0
0
0
-6.6449
0
0
0
0
0
0
0
0
0
0
0
0
0
0
-0.96653
-0.95195
80.7675
-0.9504
-0.95041
-0.9504
-0.94626
-0.95965
-0.94718
-0.96744
-0.94193
-0.94194
-0.93505
-0.96443
-0.9446
-0.9446
-0.95715
-0.94736
-0.95069
-0.9508
-0.93988
-0.93987
-0.93988
-0.93982
-0.93986
-0.93987
-0.917
-0.92445
-0.92004
-0.9309
-0.95365
-0.93089
-0.93089
-0.91896
-0.93262
-0.9233
-0.92328
-0.93008
-0.93591
-0.94035
-0.94553
-0.94616
-0.94617
-0.94617
-0.95707
-0.93213
-0.92721
-0.92721
-0.94332
-0.9454
-0.94538
-0.94538
-0.93506
-0.94128
-0.93756
-0.93063
-0.94438
-0.94208
-0.96055
-0.96066
-0.92323
-0.93116
-0.91803
-0.92845
-0.92902
-0.9423
-0.94226
-0.98318
-0.98338
-0.90871
-0.88332
-0.97564
-1.0083
-1.16
-1.0378
-1.3717
-1.4674
-1.4193
0
0
0
0
0
0
0
0
0
0
0
0
0
0
0
0
0
0
0
0
0
0
0
0
0
0
0
0
0
0
0
0
0
0
0
0
-6.4747
0
0
0
0
0
0
-0.96312
-0.94915
-0.9504
74.0403
-0.94619
-0.94618
-0.94275
-0.95676
-0.94402
-0.96387
-0.93858
-0.93858
-0.93198
-0.96152
-0.94124
-0.94124
-0.95477
-0.94407
-0.94814
-0.94825
-0.93655
-0.93654
-0.93656
-0.93649
-0.93653
-0.93652
-0.91371
-0.92109
-0.91739
-0.92757
-0.95235
-0.92756
-0.92756
-0.91589
-0.92991
-0.91997
-0.91996
-0.92703
-0.93348
-0.93706
-0.94222
-0.94285
-0.94285
-0.94285
-0.95434
-0.92882
-0.92386
-0.92386
-0.9406
-0.94203
-0.94204
-0.94202
-0.93233
-0.9379
-0.9351
-0.92775
-0.94101
-0.93999
-0.95714
-0.95725
-0.91985
-0.92777
-0.91464
-0.92505
-0.92564
-0.93881
-0.93876
-0.97962
-0.97984
-0.90599
-0.88003
-0.97148
-1.0055
-1.1551
-1.0327
-1.3714
-1.4613
-1.4094
0
0
0
0
0
0
0
0
0
0
0
0
0
0
0
0
0
0
0
0
0
0
0
0
0
0
0
0
0
0
0
0
0
0
0
0
0
0
0
0
0
0
0
-0.96312
-0.94917
-0.95041
-0.94619
74.0405
-0.94618
-0.94274
-0.95677
-0.94403
-0.96387
-0.93858
-0.93857
-0.93199
-0.96153
-0.94124
-0.94124
-0.95477
-0.94407
-0.94815
-0.94825
-0.93656
-0.93653
-0.93657
-0.93648
-0.93654
-0.93653
-0.91371
-0.92108
-0.91739
-0.92757
-0.95235
-0.92757
-0.92756
-0.91588
-0.92991
-0.91996
-0.91996
-0.92704
-0.93349
-0.93706
-0.94222
-0.94285
-0.94284
-0.94285
-0.95434
-0.92883
-0.92387
-0.92387
-0.94061
-0.94204
-0.94203
-0.94204
-0.93233
-0.93791
-0.9351
-0.92776
-0.94101
-0.93999
-0.95714
-0.95725
-0.91985
-0.92777
-0.91465
-0.92505
-0.92563
-0.93881
-0.93876
-0.97963
-0.97984
-0.90599
-0.88003
-0.97148
-1.0055
-1.1551
-1.0327
-1.3714
-1.4613
-1.4095
0
0
0
0
0
0
0
0
0
0
0
0
0
0
0
0
0
0
0
0
0
0
0
0
0
0
0
0
0
0
0
0
0
0
0
0
0
0
0
0
0
0
0
-0.96312
-0.94916
-0.9504
-0.94618
-0.94618
74.0406
-0.94275
-0.95677
-0.94402
-0.96387
-0.93857
-0.93858
-0.93199
-0.96153
-0.94125
-0.94124
-0.95477
-0.94407
-0.94815
-0.94825
-0.93655
-0.93655
-0.93656
-0.93649
-0.93653
-0.93654
-0.91371
-0.92108
-0.9174
-0.92757
-0.95235
-0.92756
-0.92755
-0.91589
-0.9299
-0.91996
-0.91996
-0.92704
-0.93351
-0.93707
-0.94223
-0.94285
-0.94285
-0.94285
-0.95435
-0.92881
-0.92387
-0.92387
-0.9406
-0.94204
-0.94204
-0.94204
-0.93233
-0.9379
-0.9351
-0.92777
-0.94101
-0.93999
-0.95716
-0.95725
-0.91985
-0.92777
-0.91465
-0.92505
-0.92563
-0.93882
-0.93877
-0.97963
-0.97983
-0.906
-0.88003
-0.97148
-1.0055
-1.1551
-1.0327
-1.3714
-1.4613
-1.4095
0
0
0
0
0
0
0
0
0
0
0
0
0
0
0
0
0
0
0
0
0
0
0
0
0
0
0
0
0
0
0
0
0
0
0
0
0
0
0
0
0
0
0
-0.95889
-0.94507
-0.94626
-0.94275
-0.94274
-0.94275
72.3012
-0.95233
-0.93957
-0.95918
-0.93423
-0.93423
-0.92755
-0.95705
-0.93682
-0.93682
-0.95004
-0.9396
-0.9436
-0.9437
-0.93216
-0.93214
-0.93216
-0.9321
-0.93214
-0.93215
-0.90932
-0.91671
-0.91293
-0.92317
-0.94774
-0.92316
-0.92317
-0.91147
-0.92542
-0.91558
-0.91558
-0.92259
-0.92895
-0.93265
-0.93781
-0.93841
-0.93843
-0.93842
-0.9498
-0.92442
-0.91946
-0.91947
-0.93611
-0.93762
-0.93761
-0.93762
-0.92786
-0.93349
-0.93055
-0.92332
-0.93659
-0.93547
-0.95271
-0.95281
-0.91548
-0.92339
-0.91028
-0.92067
-0.92125
-0.93442
-0.93437
-0.97518
-0.97538
-0.90159
-0.87571
-0.96716
-1.0011
-1.1508
-1.0284
-1.3665
-1.4571
0
0
0
0
0
0
0
0
0
0
0
0
0
0
0
0
0
0
0
0
0
0
0
0
0
0
0
0
0
0
0
0
0
0
0
0
0
0
0
0
0
0
0
0
-0.97205
-0.95806
-0.95965
-0.95676
-0.95677
-0.95677
-0.95233
76.1943
-0.95249
-0.97001
-0.94724
-0.94723
-0.94014
-0.96634
-0.94983
-0.94984
-0.96225
-0.95259
-0.95592
-0.95602
-0.9451
-0.94509
-0.9451
-0.94503
-0.94509
-0.94508
-0.92216
-0.92961
-0.92519
-0.93608
-0.95888
-0.93608
-0.93608
-0.92419
-0.93779
-0.92845
-0.92845
-0.9351
-0.94103
-0.94557
-0.95078
-0.95143
-0.95143
-0.95143
-0.96226
-0.93736
-0.93241
-0.9324
-0.94849
-0.95064
-0.95063
-0.95064
-0.94022
-0.94653
-0.94279
-0.93577
-0.94963
-0.94721
-0.96587
-0.96598
-0.92846
-0.93639
-0.92326
-0.93368
-0.93426
-0.9476
-0.94755
-0.9886
-0.9888
-0.91385
-0.8885
-0.98134
-1.0137
-1.1668
-1.0443
0
0
0
0
0
0
0
0
0
0
0
0
0
0
0
0
0
0
0
0
0
0
0
0
0
-5.7759
0
0
0
0
0
0
0
0
0
0
0
0
0
0
0
0
0
0
0
0
-0.95969
-0.94689
-0.94718
-0.94402
-0.94403
-0.94402
-0.93957
-0.95249
71.6374
-0.95784
-0.93467
-0.93466
-0.9279
-0.957
-0.93717
-0.93718
-0.95027
-0.93989
-0.94384
-0.94394
-0.93253
-0.9325
-0.93253
-0.93246
-0.93251
-0.93251
-0.90963
-0.91708
-0.9133
-0.92358
-0.94805
-0.92356
-0.92357
-0.91179
-0.92575
-0.91597
-0.91597
-0.92294
-0.92922
-0.93305
-0.93821
-0.93882
-0.93883
-0.93883
-0.9501
-0.9248
-0.91986
-0.91986
-0.93639
-0.93802
-0.93802
-0.93802
-0.92815
-0.9339
-0.93153
-0.92362
-0.93699
-0.93565
-0.95313
-0.95323
-0.91588
-0.92378
-0.91068
-0.92107
-0.92166
-0.93485
-0.9348
-0.97563
-0.97584
-0.90189
-0.87388
-0.96783
-1.0013
-1.1519
-1.0295
0
0
0
0
-2.1303
0
0
0
0
0
0
0
0
0
0
0
0
0
0
0
0
0
0
0
0
0
0
0
0
0
0
0
0
0
0
0
0
0
0
0
0
0
0
0
0
0
-0.97938
-0.96578
-0.96744
-0.96387
-0.96387
-0.96387
-0.95918
-0.97001
-0.95784
83.7348
-0.95404
-0.95405
-0.9462
-0.97187
-0.95624
-0.95625
-0.96767
-0.95884
-0.96135
-0.96144
-0.95148
-0.95147
-0.95148
-0.95142
-0.95146
-0.95147
-0.92841
-0.93603
-0.93085
-0.94249
-0.9632
-0.94248
-0.94248
-0.93027
-0.9435
-0.93484
-0.93485
-0.94113
-0.94631
-0.95195
-0.95718
-0.95785
-0.95785
-0.95785
-0.96798
-0.94377
-0.93883
-0.93883
-0.95416
-0.95711
-0.9571
-0.95711
-0.94592
-0.95301
-0.94813
-0.9417
-0.95611
-0.95221
-0.9724
-0.9725
-0.93497
-0.94292
-0.92975
-0.94018
-0.94077
-0.95425
-0.9542
-0.99534
-0.99556
-0.91961
-0.89309
-0.98889
-1.0197
0
0
0
0
0
0
-2.1386
0
0
0
0
0
0
0
0
0
0
0
0
0
0
0
0
0
0
0
0
0
0
0
0
0
0
0
0
-6.4713
0
0
0
0
0
0
0
0
0
0
0
-6.4713
-0.95459
-0.94076
-0.94193
-0.93858
-0.93858
-0.93857
-0.93423
-0.94724
-0.93467
-0.95404
69.1113
-0.92851
-0.92215
-0.952
-0.93154
-0.93154
-0.94536
-0.93431
-0.93943
-0.93953
-0.92703
-0.92701
-0.92704
-0.92697
-0.92701
-0.92701
-0.90421
-0.91158
-0.90781
-0.91807
-0.94407
-0.91805
-0.91805
-0.90641
-0.92024
-0.91048
-0.91048
-0.91748
-0.92373
-0.92752
-0.93267
-0.93328
-0.93329
-0.9333
-0.94456
-0.91929
-0.91437
-0.91436
-0.93091
-0.93247
-0.93248
-0.93247
-0.92268
-0.92836
-0.92542
-0.91812
-0.93145
-0.9302
-0.94756
-0.94765
-0.91037
-0.91827
-0.90518
-0.91555
-0.91614
-0.92932
-0.92928
-0.97004
-0.97024
-0.89646
-0.87076
-0.96214
-0.99568
-1.1457
-1.0234
0
0
0
0
0
0
0
0
0
0
0
0
0
0
0
0
0
0
0
0
0
0
0
0
0
0
0
0
0
0
0
0
0
0
0
0
0
0
0
0
0
0
0
0
0
0
-0.95458
-0.94077
-0.94194
-0.93858
-0.93857
-0.93858
-0.93423
-0.94723
-0.93466
-0.95405
-0.92851
69.1111
-0.92216
-0.952
-0.93154
-0.93154
-0.94534
-0.9343
-0.93942
-0.93953
-0.92703
-0.92701
-0.92703
-0.92696
-0.927
-0.927
-0.90421
-0.91157
-0.90781
-0.91806
-0.94407
-0.91805
-0.91805
-0.90641
-0.92023
-0.91047
-0.91046
-0.91747
-0.92373
-0.92752
-0.93268
-0.93328
-0.93329
-0.93329
-0.94457
-0.91929
-0.91436
-0.91436
-0.93091
-0.93248
-0.93248
-0.93247
-0.92268
-0.92836
-0.9254
-0.91811
-0.93146
-0.93019
-0.94755
-0.94765
-0.91037
-0.91826
-0.90517
-0.91556
-0.91613
-0.92932
-0.92928
-0.97004
-0.97024
-0.89645
-0.87076
-0.96214
-0.99568
-1.1457
-1.0234
0
0
0
0
0
0
0
0
0
0
0
0
0
0
0
0
0
0
0
0
0
0
0
0
0
0
0
0
0
0
0
0
0
0
0
0
0
0
0
0
0
0
0
0
0
0
-0.94788
-0.93376
-0.93505
-0.93198
-0.93199
-0.93199
-0.92755
-0.94014
-0.9279
-0.9462
-0.92215
-0.92216
68.5675
-0.9442
-0.92459
-0.92459
-0.93819
-0.92705
-0.93166
-0.93175
-0.92002
-0.92
-0.92002
-0.91995
-0.91999
-0.92
-0.89713
-0.90454
-0.90058
-0.911
-0.93482
-0.91098
-0.91099
-0.89925
-0.91293
-0.90341
-0.90342
-0.90856
-0.91632
-0.9204
-0.92553
-0.92614
-0.92615
-0.92614
-0.93719
-0.91221
-0.90728
-0.90728
-0.92358
-0.92534
-0.92534
-0.92535
-0.9154
-0.92123
-0.91787
-0.9109
-0.92433
-0.92273
-0.94039
-0.94049
-0.90336
-0.91124
-0.89818
-0.90854
-0.90912
-0.92226
-0.92222
-0.96288
-0.9631
-0.88931
-0.86363
-0.95529
-0.98841
0
0
0
0
0
0
0
-2.134
0
0
0
0
0
0
0
0
0
0
0
0
0
0
0
0
0
0
0
0
0
0
0
0
0
0
0
0
0
0
0
0
0
0
0
0
0
0
0
0
-0.97533
-0.96218
-0.96443
-0.96152
-0.96153
-0.96153
-0.95705
-0.96634
-0.957
-0.97187
-0.952
-0.952
-0.9442
78.9004
-0.95421
-0.95423
-0.96584
-0.95677
-0.95964
-0.95975
-0.94933
-0.94931
-0.94933
-0.94926
-0.94931
-0.9493
-0.92631
-0.93383
-0.92878
-0.9403
-0.96146
-0.9403
-0.9403
-0.92819
-0.94143
-0.93265
-0.93264
-0.93887
-0.9444
-0.94977
-0.955
-0.95566
-0.95567
-0.95567
-0.96592
-0.94158
-0.93663
-0.93663
-0.95212
-0.95491
-0.9549
-0.9549
-0.94387
-0.95081
-0.94616
-0.93958
-0.95391
-0.95027
-0.9702
-0.97031
-0.93277
-0.94071
-0.92756
-0.93799
-0.93857
-0.95203
-0.95198
-0.99311
-0.99333
-0.91755
-0.89267
0
0
0
0
0
0
0
0
0
0
0
0
0
0
0
0
0
0
0
0
0
0
0
0
0
0
0
0
0
0
0
0
-6.2025
0
0
0
0
0
0
0
-6.2025
0
0
0
0
0
0
0
0
0
-0.95723
-0.94344
-0.9446
-0.94124
-0.94124
-0.94125
-0.93682
-0.94983
-0.93717
-0.95624
-0.93154
-0.93154
-0.92459
-0.95421
67.1268
-0.93465
-0.94731
-0.93727
-0.94029
-0.94039
-0.92988
-0.92986
-0.92988
-0.9298
-0.92985
-0.92985
-0.9069
-0.9142
-0.91091
-0.92075
-0.94271
-0.92075
-0.92075
-0.90911
-0.92312
-0.91313
-0.91314
-0.92019
-0.92655
-0.93025
-0.93542
-0.93603
-0.93603
-0.93604
-0.94732
-0.92202
-0.91708
-0.91708
-0.93364
-0.93522
-0.93522
-0.93522
-0.92541
-0.9311
-0.92812
-0.92085
-0.9342
-0.93295
-0.95032
-0.95042
-0.91313
-0.92103
-0.90792
-0.91831
-0.91889
-0.932
-0.93194
-0.97275
-0.97296
-0.8991
-0.87339
-0.96487
-0.9984
0
0
0
0
0
0
0
0
0
0
0
0
0
0
0
0
0
0
0
0
0
0
0
0
0
0
0
0
0
0
0
0
0
0
0
0
0
0
0
0
0
0
0
0
0
0
0
0
-0.95724
-0.94344
-0.9446
-0.94124
-0.94124
-0.94124
-0.93682
-0.94984
-0.93718
-0.95625
-0.93154
-0.93154
-0.92459
-0.95423
-0.93465
67.127
-0.94731
-0.93727
-0.94028
-0.9404
-0.92988
-0.92986
-0.92989
-0.92982
-0.92986
-0.92986
-0.9069
-0.9142
-0.9109
-0.92077
-0.94271
-0.92075
-0.92075
-0.90911
-0.92312
-0.91313
-0.91314
-0.92019
-0.92655
-0.93024
-0.93542
-0.93603
-0.93604
-0.93603
-0.94731
-0.92203
-0.91709
-0.91709
-0.93364
-0.93522
-0.93522
-0.93522
-0.92542
-0.9311
-0.92813
-0.92085
-0.93421
-0.93295
-0.95033
-0.95042
-0.91312
-0.92103
-0.90792
-0.91832
-0.9189
-0.932
-0.93195
-0.97276
-0.97296
-0.8991
-0.87339
-0.96487
-0.99838
0
0
0
0
0
0
0
0
0
0
0
0
0
0
0
0
0
0
0
0
0
0
0
0
0
0
0
0
0
0
0
0
0
0
0
0
0
0
0
0
0
0
0
0
0
0
0
0
-0.96919
-0.95567
-0.95715
-0.95477
-0.95477
-0.95477
-0.95004
-0.96225
-0.95027
-0.96767
-0.94536
-0.94534
-0.93819
-0.96584
-0.94731
-0.94731
72.213
-0.95001
-0.95424
-0.95435
-0.94256
-0.94254
-0.94256
-0.9425
-0.94254
-0.94255
-0.91961
-0.92704
-0.92285
-0.93356
-0.95772
-0.93354
-0.93354
-0.92171
-0.93538
-0.92592
-0.92592
-0.93289
-0.93866
-0.94305
-0.94824
-0.94889
-0.94889
-0.9489
-0.95979
-0.93482
-0.92988
-0.92988
-0.94604
-0.9481
-0.9481
-0.9481
-0.93778
-0.94399
-0.94027
-0.93332
-0.94709
-0.94485
-0.9633
-0.9634
-0.92594
-0.93387
-0.92073
-0.93115
-0.93172
-0.94503
-0.94498
-0.98598
-0.98618
-0.91145
-0.88602
-0.97849
0
0
0
0
0
0
0
0
0
0
0
0
0
0
0
0
0
0
0
0
0
0
0
0
-5.1867
0
0
0
0
0
0
0
0
0
0
0
0
0
0
0
0
0
0
0
0
0
0
0
0
-0.95991
-0.94607
-0.94736
-0.94407
-0.94407
-0.94407
-0.9396
-0.95259
-0.93989
-0.95884
-0.93431
-0.9343
-0.92705
-0.95677
-0.93727
-0.93727
-0.95001
66.74
-0.94292
-0.94302
-0.93266
-0.93264
-0.93266
-0.93258
-0.93262
-0.93262
-0.90883
-0.91692
-0.914
-0.92354
-0.94521
-0.92354
-0.92353
-0.91178
-0.92599
-0.91591
-0.91591
-0.92297
-0.92934
-0.93307
-0.93825
-0.93887
-0.93887
-0.93887
-0.95011
-0.92485
-0.91989
-0.91989
-0.93642
-0.93806
-0.93805
-0.93806
-0.92818
-0.93394
-0.93067
-0.92364
-0.93704
-0.93567
-0.95319
-0.9533
-0.91594
-0.92385
-0.91074
-0.92114
-0.92172
-0.93486
-0.93482
-0.97568
-0.97588
-0.90187
-0.87575
0
0
0
0
0
0
0
0
0
0
0
0
0
0
-1.3862
0
0
0
0
0
0
0
0
0
0
0
0
0
0
0
0
0
0
0
0
0
0
0
0
0
0
0
0
0
0
0
0
0
0
0
-0.96281
-0.94872
-0.95069
-0.94814
-0.94815
-0.94815
-0.9436
-0.95592
-0.94384
-0.96135
-0.93943
-0.93942
-0.93166
-0.95964
-0.94029
-0.94028
-0.95424
-0.94292
70.4533
-0.94728
-0.93567
-0.93566
-0.93567
-0.9356
-0.93564
-0.93565
-0.91272
-0.92017
-0.91577
-0.92666
-0.95013
-0.92665
-0.92665
-0.91479
-0.92829
-0.91906
-0.91905
-0.926
-0.93137
-0.93612
-0.9413
-0.94195
-0.94195
-0.94194
-0.95263
-0.92792
-0.92299
-0.92299
-0.93896
-0.94116
-0.94115
-0.94115
-0.93075
-0.93703
-0.93315
-0.92638
-0.94015
-0.93776
-0.95632
-0.95641
-0.91907
-0.92699
-0.91387
-0.92427
-0.92485
-0.93821
-0.93815
-0.97905
-0.97926
-0.90464
-0.87931
0
0
0
0
0
0
0
0
0
0
0
0
0
0
0
0
0
0
0
0
0
0
0
0
0
0
0
0
0
0
0
0
0
0
0
0
0
0
0
0
0
0
0
0
0
0
0
-4.8777
0
0
-0.96291
-0.94882
-0.9508
-0.94825
-0.94825
-0.94825
-0.9437
-0.95602
-0.94394
-0.96144
-0.93953
-0.93953
-0.93175
-0.95975
-0.94039
-0.9404
-0.95435
-0.94302
-0.94728
70.4691
-0.93577
-0.93576
-0.93578
-0.93571
-0.93575
-0.93576
-0.91283
-0.92026
-0.91587
-0.92677
-0.95026
-0.92676
-0.92675
-0.9149
-0.9284
-0.91915
-0.91915
-0.9261
-0.93148
-0.93623
-0.9414
-0.94205
-0.94204
-0.94205
-0.95272
-0.92802
-0.92308
-0.92309
-0.93906
-0.94126
-0.94126
-0.94125
-0.93086
-0.93714
-0.93325
-0.92648
-0.94026
-0.93786
-0.95642
-0.95651
-0.91918
-0.92709
-0.91398
-0.92437
-0.92496
-0.9383
-0.93825
-0.97916
-0.97937
-0.90474
-0.87941
0
0
0
0
0
0
0
0
0
0
0
0
0
0
0
0
0
0
-4.8865
0
0
0
0
0
0
0
0
0
0
0
0
0
0
0
0
0
0
0
0
0
0
0
0
0
0
0
0
0
0
0
-0.95248
-0.9387
-0.93988
-0.93655
-0.93656
-0.93655
-0.93216
-0.9451
-0.93253
-0.95148
-0.92703
-0.92703
-0.92002
-0.94933
-0.92988
-0.92988
-0.94256
-0.93266
-0.93567
-0.93577
64.825
-0.92319
-0.9232
-0.92313
-0.92317
-0.92317
-0.90175
-0.90908
-0.90789
-0.91586
-0.93898
-0.91584
-0.91585
-0.90425
-0.91849
-0.90825
-0.90825
-0.91532
-0.92172
-0.92539
-0.93053
-0.93116
-0.93115
-0.93115
-0.94236
-0.91717
-0.91224
-0.91224
-0.92875
-0.93034
-0.93033
-0.93034
-0.92055
-0.92621
-0.92321
-0.916
-0.92932
-0.92806
-0.94541
-0.94549
-0.90829
-0.91619
-0.9031
-0.91348
-0.91405
-0.92716
-0.92711
-0.96789
-0.96809
-0.89437
-0.8687
0
0
0
0
0
0
0
0
0
0
0
0
0
0
0
0
0
0
0
0
0
0
0
0
0
0
0
0
0
0
0
0
0
0
0
0
0
0
0
0
0
0
0
0
0
0
0
0
0
0
-0.95245
-0.93867
-0.93987
-0.93654
-0.93653
-0.93655
-0.93214
-0.94509
-0.9325
-0.95147
-0.92701
-0.92701
-0.92
-0.94931
-0.92986
-0.92986
-0.94254
-0.93264
-0.93566
-0.93576
-0.92319
64.8237
-0.92317
-0.92311
-0.92316
-0.92316
-0.90174
-0.90906
-0.90787
-0.91584
-0.93896
-0.91583
-0.91582
-0.90424
-0.91847
-0.90823
-0.90823
-0.9153
-0.9217
-0.92536
-0.93052
-0.93113
-0.93113
-0.93113
-0.94235
-0.91714
-0.91221
-0.91221
-0.92873
-0.93031
-0.9303
-0.93031
-0.92053
-0.92618
-0.9232
-0.916
-0.92931
-0.92805
-0.94539
-0.94547
-0.90827
-0.91617
-0.90307
-0.91345
-0.91403
-0.92714
-0.9271
-0.96787
-0.96807
-0.89435
-0.86868
0
0
0
0
0
0
0
0
0
0
0
0
0
0
0
0
0
0
0
0
0
0
0
0
0
0
0
0
0
0
0
0
0
0
0
0
0
0
0
0
0
0
0
0
0
0
0
0
0
0
-0.95247
-0.9387
-0.93988
-0.93656
-0.93657
-0.93656
-0.93216
-0.9451
-0.93253
-0.95148
-0.92704
-0.92703
-0.92002
-0.94933
-0.92988
-0.92989
-0.94256
-0.93266
-0.93567
-0.93578
-0.9232
-0.92317
64.8251
-0.92314
-0.92318
-0.92317
-0.90176
-0.90907
-0.90789
-0.91586
-0.93898
-0.91584
-0.91585
-0.90425
-0.91849
-0.90826
-0.90824
-0.91533
-0.92171
-0.92538
-0.93054
-0.93115
-0.93116
-0.93116
-0.94237
-0.91716
-0.91223
-0.91223
-0.92876
-0.93033
-0.93033
-0.93033
-0.92055
-0.92621
-0.92322
-0.916
-0.92932
-0.92807
-0.94541
-0.9455
-0.90828
-0.91619
-0.90309
-0.91347
-0.91405
-0.92717
-0.92711
-0.96788
-0.96808
-0.89437
-0.8687
0
0
0
0
0
0
0
0
0
0
0
0
0
0
0
0
0
0
0
0
0
0
0
0
0
0
0
0
0
0
0
0
0
0
0
0
0
0
0
0
0
0
0
0
0
0
0
0
0
0
-0.95241
-0.93863
-0.93982
-0.93649
-0.93648
-0.93649
-0.9321
-0.94503
-0.93246
-0.95142
-0.92697
-0.92696
-0.91995
-0.94926
-0.9298
-0.92982
-0.9425
-0.93258
-0.9356
-0.93571
-0.92313
-0.92311
-0.92314
64.8203
-0.9231
-0.92311
-0.90169
-0.90901
-0.90783
-0.91579
-0.93892
-0.91577
-0.91577
-0.90418
-0.91841
-0.90819
-0.90819
-0.91525
-0.92165
-0.92531
-0.93046
-0.93108
-0.93109
-0.93108
-0.9423
-0.91709
-0.91217
-0.91216
-0.92868
-0.93025
-0.93026
-0.93026
-0.92048
-0.92613
-0.92315
-0.91594
-0.92925
-0.928
-0.94533
-0.94542
-0.90821
-0.91612
-0.90303
-0.9134
-0.91399
-0.92709
-0.92705
-0.96781
-0.96802
-0.89431
-0.86863
0
0
0
0
0
0
0
0
0
0
0
0
0
0
0
0
0
0
0
0
0
0
0
0
0
0
0
0
0
0
0
0
0
0
0
0
0
0
0
0
0
0
0
0
0
0
0
0
0
0
-0.95246
-0.93868
-0.93986
-0.93653
-0.93654
-0.93653
-0.93214
-0.94509
-0.93251
-0.95146
-0.92701
-0.927
-0.91999
-0.94931
-0.92985
-0.92986
-0.94254
-0.93262
-0.93564
-0.93575
-0.92317
-0.92316
-0.92318
-0.9231
64.8235
-0.92316
-0.90174
-0.90905
-0.90787
-0.91583
-0.93896
-0.91582
-0.91582
-0.90423
-0.91846
-0.90822
-0.90822
-0.9153
-0.9217
-0.92536
-0.93052
-0.93113
-0.93114
-0.93113
-0.94235
-0.91714
-0.91221
-0.91221
-0.92872
-0.93031
-0.93031
-0.9303
-0.92053
-0.92619
-0.92319
-0.91598
-0.9293
-0.92805
-0.94539
-0.94547
-0.90827
-0.91617
-0.90307
-0.91345
-0.91403
-0.92714
-0.92709
-0.96786
-0.96806
-0.89435
-0.86868
0
0
0
0
0
0
0
0
0
0
0
0
0
0
0
0
0
0
0
0
0
0
0
0
0
0
0
0
0
0
0
0
0
0
0
0
0
0
0
0
0
0
0
0
0
0
0
0
0
0
-0.95244
-0.93868
-0.93987
-0.93652
-0.93653
-0.93654
-0.93215
-0.94508
-0.93251
-0.95147
-0.92701
-0.927
-0.92
-0.9493
-0.92985
-0.92986
-0.94255
-0.93262
-0.93565
-0.93576
-0.92317
-0.92316
-0.92317
-0.92311
-0.92316
64.8235
-0.90174
-0.90905
-0.90787
-0.91583
-0.93897
-0.91582
-0.91582
-0.90422
-0.91847
-0.90822
-0.90823
-0.91531
-0.92171
-0.92536
-0.93052
-0.93113
-0.93113
-0.93113
-0.94235
-0.91713
-0.91221
-0.9122
-0.92873
-0.93031
-0.9303
-0.93031
-0.92053
-0.92619
-0.9232
-0.91599
-0.9293
-0.92805
-0.94539
-0.94548
-0.90826
-0.91616
-0.90308
-0.91346
-0.91403
-0.92715
-0.9271
-0.96786
-0.96806
-0.89434
-0.86868
0
0
0
0
0
0
0
0
0
0
0
0
0
0
0
0
0
0
0
0
0
0
0
0
0
0
0
0
0
0
0
0
0
0
0
0
0
0
0
0
0
0
0
0
0
0
0
0
0
0
-0.92944
-0.9157
-0.917
-0.91371
-0.91371
-0.91371
-0.90932
-0.92216
-0.90963
-0.92841
-0.90421
-0.90421
-0.89713
-0.92631
-0.9069
-0.9069
-0.91961
-0.90883
-0.91272
-0.91283
-0.90175
-0.90174
-0.90176
-0.90169
-0.90174
-0.90174
62.8483
-0.88649
-0.88105
-0.89268
-0.9168
-0.89267
-0.89267
-0.88053
-0.89326
-0.88496
-0.88496
-0.8915
-0.89724
-0.90174
-0.90679
-0.90736
-0.90737
-0.90737
-0.91803
-0.89353
-0.88864
-0.88864
-0.90468
-0.90653
-0.90652
-0.90652
-0.89662
-0.90244
-0.89884
-0.89221
-0.90554
-0.90385
-0.92145
-0.92151
-0.8847
-0.89256
-0.87954
-0.88986
-0.89044
-0.90346
-0.90341
-0.94384
-0.94405
0
0
0
0
0
0
0
0
0
0
0
0
0
0
0
0
-1.3526
0
0
0
0
0
0
0
0
0
0
0
0
0
0
0
0
0
0
0
0
0
0
0
0
0
0
0
0
0
0
0
0
0
0
0
-0.93701
-0.92327
-0.92445
-0.92109
-0.92108
-0.92108
-0.91671
-0.92961
-0.91708
-0.93603
-0.91158
-0.91157
-0.90454
-0.93383
-0.9142
-0.9142
-0.92704
-0.91692
-0.92017
-0.92026
-0.90908
-0.90906
-0.90907
-0.90901
-0.90905
-0.90905
-0.88649
62.0088
-0.8886
-0.90039
-0.92389
-0.9004
-0.90039
-0.88839
-0.90119
-0.8926
-0.89261
-0.89937
-0.90535
-0.90952
-0.91461
-0.91518
-0.91519
-0.91519
-0.92603
-0.90129
-0.89637
-0.89638
-0.91263
-0.91435
-0.91434
-0.91434
-0.90452
-0.91023
-0.90704
-0.90007
-0.91335
-0.91189
-0.92931
-0.92939
-0.89246
-0.90031
-0.88728
-0.89762
-0.8982
-0.91122
-0.91118
-0.95172
-0.95193
0
0
0
0
0
0
0
0
0
0
0
0
0
0
0
0
0
0
0
0
0
0
0
0
0
0
0
0
0
0
0
0
0
0
0
0
0
0
0
0
0
0
0
0
0
0
0
0
0
0
0
0
-0.93194
-0.91879
-0.92004
-0.91739
-0.91739
-0.9174
-0.91293
-0.92519
-0.9133
-0.93085
-0.90781
-0.90781
-0.90058
-0.92878
-0.91091
-0.9109
-0.92285
-0.914
-0.91577
-0.91587
-0.90789
-0.90787
-0.90789
-0.90783
-0.90787
-0.90787
-0.88105
-0.8886
64.0151
-0.8952
-0.91997
-0.89519
-0.89519
-0.88293
-0.89466
-0.88747
-0.88746
-0.89373
-0.89877
-0.90413
-0.90916
-0.90972
-0.90973
-0.90973
-0.9198
-0.89589
-0.891
-0.891
-0.90656
-0.90889
-0.90889
-0.90888
-0.89854
-0.9048
-0.90081
-0.89428
-0.90791
-0.90537
-0.92379
-0.92387
-0.88707
-0.89494
-0.88192
-0.89224
-0.89282
-0.90589
-0.90585
0
0
0
0
0
0
0
0
0
0
0
0
0
0
0
0
0
0
0
0
0
0
0
0
0
0
0
0
0
0
-4.2137
0
0
0
0
0
0
0
0
0
0
0
0
0
0
0
0
0
0
0
0
0
0
0
-0.94347
-0.9297
-0.9309
-0.92757
-0.92757
-0.92757
-0.92317
-0.93608
-0.92358
-0.94249
-0.91807
-0.91806
-0.911
-0.9403
-0.92075
-0.92077
-0.93356
-0.92354
-0.92666
-0.92677
-0.91586
-0.91584
-0.91586
-0.91579
-0.91583
-0.91583
-0.89268
-0.90039
-0.8952
60.5275
-0.92992
-0.90485
-0.90484
-0.89446
-0.90844
-0.89879
-0.89879
-0.90595
-0.9124
-0.91608
-0.9212
-0.92178
-0.92179
-0.9218
-0.93271
-0.90783
-0.9029
-0.9029
-0.91928
-0.92093
-0.92093
-0.92092
-0.91114
-0.91681
-0.91376
-0.90666
-0.91994
-0.9186
-0.93598
-0.93605
-0.899
-0.9069
-0.89383
-0.9042
-0.90477
-0.91777
-0.91773
0
0
0
0
0
0
0
0
0
0
0
0
0
0
0
0
0
0
0
0
0
0
0
0
0
0
0
0
0
0
0
0
0
0
0
0
0
0
0
0
0
0
0
0
0
0
0
0
0
0
0
0
0
0
-0.96484
-0.95155
-0.95365
-0.95235
-0.95235
-0.95235
-0.94774
-0.95888
-0.94805
-0.9632
-0.94407
-0.94407
-0.93482
-0.96146
-0.94271
-0.94271
-0.95772
-0.94521
-0.95013
-0.95026
-0.93898
-0.93896
-0.93898
-0.93892
-0.93896
-0.93897
-0.9168
-0.92389
-0.91997
-0.92992
70.0133
-0.92991
-0.92991
-0.91768
-0.93105
-0.92205
-0.92205
-0.92889
-0.93407
-0.93917
-0.94437
-0.94503
-0.94502
-0.94503
-0.95528
-0.93098
-0.92604
-0.92603
-0.94167
-0.94422
-0.94422
-0.94422
-0.93344
-0.94012
-0.93558
-0.92911
-0.94324
-0.93996
-0.95944
-0.95955
-0.92221
-0.93015
-0.91699
-0.92742
-0.928
0
0
0
0
0
0
0
0
0
0
0
0
0
0
0
0
0
0
0
0
0
0
0
0
0
0
0
0
0
0
0
0
0
0
0
0
-4.9294
0
0
-4.9293
0
0
0
0
0
0
0
0
0
0
0
0
0
0
0
0
-0.94346
-0.92969
-0.93089
-0.92756
-0.92757
-0.92756
-0.92316
-0.93608
-0.92356
-0.94248
-0.91805
-0.91805
-0.91098
-0.9403
-0.92075
-0.92075
-0.93354
-0.92354
-0.92665
-0.92676
-0.91584
-0.91583
-0.91584
-0.91577
-0.91582
-0.91582
-0.89267
-0.9004
-0.89519
-0.90485
-0.92991
60.5268
-0.90484
-0.89444
-0.90844
-0.89879
-0.89879
-0.90595
-0.91239
-0.91606
-0.92118
-0.92179
-0.92179
-0.92178
-0.9327
-0.90782
-0.90289
-0.90288
-0.91927
-0.92091
-0.92091
-0.92091
-0.91112
-0.9168
-0.91375
-0.90664
-0.91993
-0.91859
-0.93597
-0.93603
-0.89899
-0.9069
-0.89382
-0.90417
-0.90476
-0.91776
-0.91773
0
0
0
0
0
0
0
0
0
0
0
0
0
0
0
0
0
0
0
0
0
0
0
0
0
0
0
0
0
0
0
0
0
0
0
0
0
0
0
0
0
0
0
0
0
0
0
0
0
0
0
0
0
0
-0.94347
-0.92969
-0.93089
-0.92756
-0.92756
-0.92755
-0.92317
-0.93608
-0.92357
-0.94248
-0.91805
-0.91805
-0.91099
-0.9403
-0.92075
-0.92075
-0.93354
-0.92353
-0.92665
-0.92675
-0.91585
-0.91582
-0.91585
-0.91577
-0.91582
-0.91582
-0.89267
-0.90039
-0.89519
-0.90484
-0.92991
-0.90484
60.5268
-0.89446
-0.90843
-0.89878
-0.89879
-0.90595
-0.91238
-0.91606
-0.92119
-0.92178
-0.92179
-0.92178
-0.9327
-0.90781
-0.90289
-0.90289
-0.91928
-0.92092
-0.92092
-0.92092
-0.91113
-0.9168
-0.91375
-0.90663
-0.91992
-0.91859
-0.93596
-0.93604
-0.899
-0.90689
-0.89381
-0.90418
-0.90476
-0.91776
-0.91771
0
0
0
0
0
0
0
0
0
0
0
0
0
0
0
0
0
0
0
0
0
0
0
0
0
0
0
0
0
0
0
0
0
0
0
0
0
0
0
0
0
0
0
0
0
0
0
0
0
0
0
0
0
0
-0.93121
-0.91759
-0.91896
-0.91589
-0.91588
-0.91589
-0.91147
-0.92419
-0.91179
-0.93027
-0.90641
-0.90641
-0.89925
-0.92819
-0.90911
-0.90911
-0.92171
-0.91178
-0.91479
-0.9149
-0.90425
-0.90424
-0.90425
-0.90418
-0.90423
-0.90422
-0.88053
-0.88839
-0.88293
-0.89446
-0.91768
-0.89444
-0.89446
59.801
-0.89643
-0.88711
-0.88712
-0.89324
-0.8986
-0.90366
-0.90868
-0.90925
-0.90926
-0.90925
-0.91957
-0.89538
-0.89045
-0.89045
-0.90641
-0.90835
-0.90835
-0.90835
-0.8984
-0.90424
-0.89788
-0.89412
-0.90737
-0.90566
-0.92329
-0.92337
-0.88659
-0.89446
-0.88142
-0.89176
-0.89233
0
0
0
0
0
0
0
0
0
0
0
0
0
-1.8772
0
0
0
0
0
0
0
0
0
0
0
0
0
0
0
0
0
0
0
0
0
0
0
0
0
0
0
0
0
0
0
0
0
0
0
0
0
0
0
0
0
0
-0.94463
-0.93123
-0.93262
-0.92991
-0.92991
-0.9299
-0.92542
-0.93779
-0.92575
-0.9435
-0.92024
-0.92023
-0.91293
-0.94143
-0.92312
-0.92312
-0.93538
-0.92599
-0.92829
-0.9284
-0.91849
-0.91847
-0.91849
-0.91841
-0.91846
-0.91847
-0.89326
-0.90119
-0.89466
-0.90844
-0.93105
-0.90844
-0.90843
-0.89643
62.6871
-0.90064
-0.90064
-0.90746
-0.91299
-0.9177
-0.92284
-0.92343
-0.92343
-0.92343
-0.9337
-0.90947
-0.90454
-0.90454
-0.9204
-0.92258
-0.92257
-0.92257
-0.91233
-0.91848
-0.9148
-0.90797
-0.9216
-0.91935
-0.93765
-0.93773
-0.9007
-0.9086
-0.89552
-0.90589
-0.90647
0
0
0
0
0
0
0
0
0
0
0
0
0
0
0
0
0
0
0
0
0
0
0
0
0
0
0
0
0
0
0
0
0
0
0
0
0
0
0
0
0
0
0
0
0
0
0
0
-3.8846
0
0
0
0
0
0
0
-0.93582
-0.92209
-0.9233
-0.91997
-0.91996
-0.91996
-0.91558
-0.92845
-0.91597
-0.93484
-0.91048
-0.91047
-0.90341
-0.93265
-0.91313
-0.91313
-0.92592
-0.91591
-0.91906
-0.91915
-0.90825
-0.90823
-0.90826
-0.90819
-0.90822
-0.90822
-0.88496
-0.8926
-0.88747
-0.89879
-0.92205
-0.89879
-0.89878
-0.88711
-0.90064
58.199
-0.88993
-0.89777
-0.90441
-0.90812
-0.91317
-0.91369
-0.91369
-0.9137
-0.92414
-0.89977
-0.89482
-0.89483
-0.91099
-0.91277
-0.91275
-0.91275
-0.90293
-0.90864
-0.9055
-0.89851
-0.91179
-0.91034
-0.92778
-0.92784
-0.89099
-0.89889
-0.88581
-0.89618
-0.89676
0
0
0
0
0
0
0
0
0
0
0
0
0
0
0
0
0
0
0
0
0
0
0
0
0
0
0
0
0
0
0
0
0
0
0
0
0
0
0
0
0
0
0
0
0
0
0
0
0
0
0
0
0
0
0
0
-0.93582
-0.92209
-0.92328
-0.91996
-0.91996
-0.91996
-0.91558
-0.92845
-0.91597
-0.93485
-0.91048
-0.91046
-0.90342
-0.93264
-0.91314
-0.91314
-0.92592
-0.91591
-0.91905
-0.91915
-0.90825
-0.90823
-0.90824
-0.90819
-0.90822
-0.90823
-0.88496
-0.89261
-0.88746
-0.89879
-0.92205
-0.89879
-0.89879
-0.88712
-0.90064
-0.88993
58.199
-0.89778
-0.9044
-0.90812
-0.91317
-0.9137
-0.91369
-0.91369
-0.92415
-0.89976
-0.89482
-0.89483
-0.91099
-0.91276
-0.91276
-0.91276
-0.90293
-0.90865
-0.9055
-0.8985
-0.91179
-0.91033
-0.92778
-0.92785
-0.89099
-0.89888
-0.8858
-0.89617
-0.89675
0
0
0
0
0
0
0
0
0
0
0
0
0
0
0
0
0
0
0
0
0
0
0
0
0
0
0
0
0
0
0
0
0
0
0
0
0
0
0
0
0
0
0
0
0
0
0
0
0
0
0
0
0
0
0
0
-0.94298
-0.92877
-0.93008
-0.92703
-0.92704
-0.92704
-0.92259
-0.9351
-0.92294
-0.94113
-0.91748
-0.91747
-0.90856
-0.93887
-0.92019
-0.92019
-0.93289
-0.92297
-0.926
-0.9261
-0.91532
-0.9153
-0.91533
-0.91525
-0.9153
-0.91531
-0.8915
-0.89937
-0.89373
-0.90595
-0.92889
-0.90595
-0.90595
-0.89324
-0.90746
-0.89777
-0.89778
56.2343
-0.91274
-0.91493
-0.9199
-0.92029
-0.92029
-0.92028
-0.92995
-0.90619
-0.90117
-0.90117
-0.91729
-0.91917
-0.91917
-0.91917
-0.90928
-0.91501
-0.91202
-0.90494
-0.91818
-0.91685
-0.93441
-0.93454
0
0
0
0
0
0
0
0
0
0
0
0
0
0
0
0
0
0
0
0
-2.1126
0
0
0
0
0
0
0
0
0
0
0
0
0
0
0
0
0
0
0
0
0
0
0
0
0
0
0
0
0
0
0
0
0
0
0
0
0
0
0
0
-0.94758
-0.93366
-0.93591
-0.93348
-0.93349
-0.93351
-0.92895
-0.94103
-0.92922
-0.94631
-0.92373
-0.92373
-0.91632
-0.9444
-0.92655
-0.92655
-0.93866
-0.92934
-0.93137
-0.93148
-0.92172
-0.9217
-0.92171
-0.92165
-0.9217
-0.92171
-0.89724
-0.90535
-0.89877
-0.9124
-0.93407
-0.91239
-0.91238
-0.8986
-0.91299
-0.90441
-0.9044
-0.91274
57.7796
-0.92006
-0.9256
-0.926
-0.926
-0.926
-0.93484
-0.91185
-0.90676
-0.90676
-0.92246
-0.9248
-0.9248
-0.9248
-0.91453
-0.92068
-0.9174
-0.91025
-0.92381
0
0
0
0
0
0
0
0
0
0
0
0
0
0
0
0
0
0
0
0
0
0
0
0
-1.9685
0
0
0
0
0
0
0
0
0
0
0
0
0
0
0
0
0
-4.1525
0
0
0
0
0
0
0
0
0
0
0
0
0
0
0
0
0
0
0
0
0
-0.95294
-0.93914
-0.94035
-0.93706
-0.93706
-0.93707
-0.93265
-0.94557
-0.93305
-0.95195
-0.92752
-0.92752
-0.9204
-0.94977
-0.93025
-0.93024
-0.94305
-0.93307
-0.93612
-0.93623
-0.92539
-0.92536
-0.92538
-0.92531
-0.92536
-0.92536
-0.90174
-0.90952
-0.90413
-0.91608
-0.93917
-0.91606
-0.91606
-0.90366
-0.9177
-0.90812
-0.90812
-0.91493
-0.92006
53.7858
-0.93095
-0.93137
-0.93137
-0.93137
-0.94174
-0.917
-0.91193
-0.91192
-0.92896
-0.93015
-0.93014
-0.93014
-0.92078
-0.92595
-0.9242
-0.91622
-0.92917
-0.92856
-0.94534
0
0
0
0
0
0
0
0
0
0
0
0
0
0
0
0
0
0
0
0
0
0
0
0
0
0
0
0
0
0
0
0
0
0
0
0
0
0
0
0
0
0
0
0
0
0
0
0
0
0
0
0
0
0
0
0
0
0
0
0
0
0
-0.95816
-0.94432
-0.94553
-0.94222
-0.94222
-0.94223
-0.93781
-0.95078
-0.93821
-0.95718
-0.93267
-0.93268
-0.92553
-0.955
-0.93542
-0.93542
-0.94824
-0.93825
-0.9413
-0.9414
-0.93053
-0.93052
-0.93054
-0.93046
-0.93052
-0.93052
-0.90679
-0.91461
-0.90916
-0.9212
-0.94437
-0.92118
-0.92119
-0.90868
-0.92284
-0.91317
-0.91317
-0.9199
-0.9256
-0.93095
52.2037
-0.9371
-0.93711
-0.9371
-0.94818
-0.9223
-0.91714
-0.91713
-0.93486
-0.93555
-0.93555
-0.93554
-0.92672
-0.93146
-0.93093
-0.92188
-0.93468
0
0
0
0
0
0
0
0
0
0
0
0
0
0
0
0
0
0
0
0
0
0
0
0
0
0
0
0
0
0
0
0
0
0
0
0
0
0
0
0
0
0
0
0
0
0
0
0
0
0
0
0
0
0
0
0
0
0
0
0
0
0
0
0
-0.95882
-0.94495
-0.94616
-0.94285
-0.94285
-0.94285
-0.93841
-0.95143
-0.93882
-0.95785
-0.93328
-0.93328
-0.92614
-0.95566
-0.93603
-0.93603
-0.94889
-0.93887
-0.94195
-0.94205
-0.93116
-0.93113
-0.93115
-0.93108
-0.93113
-0.93113
-0.90736
-0.91518
-0.90972
-0.92178
-0.94503
-0.92179
-0.92178
-0.90925
-0.92343
-0.91369
-0.9137
-0.92029
-0.926
-0.93137
-0.9371
49.4552
-0.93378
-0.9338
-0.95229
-0.92139
-0.91763
-0.91763
-0.94051
-0.9381
-0.9381
-0.9381
-0.92911
-0.93334
0
0
0
0
0
0
0
0
0
0
0
0
0
0
0
0
0
0
0
0
0
0
0
0
0
0
0
0
0
0
0
0
0
0
0
0
0
0
0
0
0
0
0
0
0
0
0
0
0
0
0
0
0
0
0
0
0
0
0
0
0
0
0
0
0
0
0
-0.95884
-0.94495
-0.94617
-0.94285
-0.94284
-0.94285
-0.93843
-0.95143
-0.93883
-0.95785
-0.93329
-0.93329
-0.92615
-0.95567
-0.93603
-0.93604
-0.94889
-0.93887
-0.94195
-0.94204
-0.93115
-0.93113
-0.93116
-0.93109
-0.93114
-0.93113
-0.90737
-0.91519
-0.90973
-0.92179
-0.94502
-0.92179
-0.92179
-0.90926
-0.92343
-0.91369
-0.91369
-0.92029
-0.926
-0.93137
-0.93711
-0.93378
49.4553
-0.93379
-0.95229
-0.92139
-0.91763
-0.91764
-0.94051
-0.9381
-0.93809
-0.93809
-0.92911
-0.93334
0
0
0
0
0
0
0
0
0
0
0
0
0
0
0
0
0
0
0
0
0
0
0
0
0
0
0
0
0
0
0
0
0
0
0
0
0
0
0
0
0
0
0
0
0
0
0
0
0
0
0
0
0
0
0
0
0
0
0
0
0
0
0
0
0
0
0
-0.95883
-0.94495
-0.94617
-0.94285
-0.94285
-0.94285
-0.93842
-0.95143
-0.93883
-0.95785
-0.9333
-0.93329
-0.92614
-0.95567
-0.93604
-0.93603
-0.9489
-0.93887
-0.94194
-0.94205
-0.93115
-0.93113
-0.93116
-0.93108
-0.93113
-0.93113
-0.90737
-0.91519
-0.90973
-0.9218
-0.94503
-0.92178
-0.92178
-0.90925
-0.92343
-0.9137
-0.91369
-0.92028
-0.926
-0.93137
-0.9371
-0.9338
-0.93379
49.4553
-0.95228
-0.92138
-0.91763
-0.91762
-0.94051
-0.9381
-0.9381
-0.93809
-0.92912
-0.93334
0
0
0
0
0
0
0
0
0
0
0
0
0
0
0
0
0
0
0
0
0
0
0
0
0
0
0
0
0
0
0
0
0
0
0
0
0
0
0
0
0
0
0
0
0
0
0
0
0
0
0
0
0
0
0
0
0
0
0
0
0
0
0
0
0
0
0
-0.96914
-0.95564
-0.95707
-0.95434
-0.95434
-0.95435
-0.9498
-0.96226
-0.9501
-0.96798
-0.94456
-0.94457
-0.93719
-0.96592
-0.94732
-0.94731
-0.95979
-0.95011
-0.95263
-0.95272
-0.94236
-0.94235
-0.94237
-0.9423
-0.94235
-0.94235
-0.91803
-0.92603
-0.9198
-0.93271
-0.95528
-0.9327
-0.9327
-0.91957
-0.9337
-0.92414
-0.92415
-0.92995
-0.93484
-0.94174
-0.94818
-0.95229
-0.95229
-0.95228
51.9379
-0.93643
-0.92992
-0.92992
-0.95058
-0.94992
-0.94991
-0.94991
0
0
0
0
0
0
0
0
0
0
0
0
0
0
0
0
0
0
0
0
0
0
0
0
0
0
0
0
0
0
0
0
0
0
0
0
0
0
0
0
0
0
0
0
0
0
0
0
0
0
0
0
0
-3.7797
0
0
0
0
0
0
0
0
0
0
0
0
0
0
0
-0.94474
-0.93092
-0.93213
-0.92882
-0.92883
-0.92881
-0.92442
-0.93736
-0.9248
-0.94377
-0.91929
-0.91929
-0.91221
-0.94158
-0.92202
-0.92203
-0.93482
-0.92485
-0.92792
-0.92802
-0.91717
-0.91714
-0.91716
-0.91709
-0.91714
-0.91713
-0.89353
-0.90129
-0.89589
-0.90783
-0.93098
-0.90782
-0.90781
-0.89538
-0.90947
-0.89977
-0.89976
-0.90619
-0.91185
-0.917
-0.9223
-0.92139
-0.92139
-0.92138
-0.93643
47.7802
-0.90143
-0.90143
-0.91883
-0.92021
-0.92022
-0.92021
-0.91089
0
0
0
0
0
0
0
0
0
0
0
0
0
0
0
0
0
0
0
0
0
0
0
0
0
0
0
0
0
0
0
0
0
0
0
0
0
0
0
0
0
0
0
0
0
0
0
0
0
0
0
0
0
0
0
0
0
0
0
0
0
0
0
0
0
0
0
0
-0.93981
-0.926
-0.92721
-0.92386
-0.92387
-0.92387
-0.91946
-0.93241
-0.91986
-0.93883
-0.91437
-0.91436
-0.90728
-0.93663
-0.91708
-0.91709
-0.92988
-0.91989
-0.92299
-0.92308
-0.91224
-0.91221
-0.91223
-0.91217
-0.91221
-0.91221
-0.88864
-0.89637
-0.891
-0.9029
-0.92604
-0.90289
-0.90289
-0.89045
-0.90454
-0.89482
-0.89482
-0.90117
-0.90676
-0.91193
-0.91714
-0.91763
-0.91763
-0.91763
-0.92992
-0.90143
46.6141
-0.89157
-0.91142
-0.91448
-0.91448
-0.91448
0
0
0
0
0
0
0
0
0
0
0
0
0
0
0
0
0
0
0
0
0
0
0
0
0
0
0
0
0
0
0
0
0
0
0
0
0
0
0
0
0
0
0
0
0
0
0
0
0
0
0
0
0
0
0
0
0
0
0
0
0
0
0
0
0
0
0
0
0
-0.93981
-0.926
-0.92721
-0.92386
-0.92387
-0.92387
-0.91947
-0.9324
-0.91986
-0.93883
-0.91436
-0.91436
-0.90728
-0.93663
-0.91708
-0.91709
-0.92988
-0.91989
-0.92299
-0.92309
-0.91224
-0.91221
-0.91223
-0.91216
-0.91221
-0.9122
-0.88864
-0.89638
-0.891
-0.9029
-0.92603
-0.90288
-0.90289
-0.89045
-0.90454
-0.89483
-0.89483
-0.90117
-0.90676
-0.91192
-0.91713
-0.91763
-0.91764
-0.91762
-0.92992
-0.90143
-0.89157
46.6141
-0.91142
-0.91449
-0.91448
-0.91448
0
0
0
0
0
0
0
0
0
0
0
0
0
0
0
0
0
0
0
0
0
0
0
0
0
0
0
0
0
0
0
0
0
0
0
0
0
0
0
0
0
0
0
0
0
0
0
0
0
0
0
0
0
0
0
0
0
0
0
0
0
0
0
0
0
0
0
0
0
-0.95529
-0.94186
-0.94332
-0.9406
-0.94061
-0.9406
-0.93611
-0.94849
-0.93639
-0.95416
-0.93091
-0.93091
-0.92358
-0.95212
-0.93364
-0.93364
-0.94604
-0.93642
-0.93896
-0.93906
-0.92875
-0.92873
-0.92876
-0.92868
-0.92872
-0.92873
-0.90468
-0.91263
-0.90656
-0.91928
-0.94167
-0.91927
-0.91928
-0.90641
-0.9204
-0.91099
-0.91099
-0.91729
-0.92246
-0.92896
-0.93486
-0.94051
-0.94051
-0.94051
-0.95058
-0.91883
-0.91142
-0.91142
48.3077
0
0
0
0
0
0
0
0
0
0
0
0
0
0
0
0
0
0
0
0
0
0
0
0
0
0
0
0
0
0
0
0
0
0
0
0
0
0
0
0
0
0
0
0
0
0
0
0
0
0
0
0
0
0
0
0
0
0
0
0
0
0
0
0
0
0
0
0
-3.6431
0
0
0
-0.95809
-0.94419
-0.9454
-0.94203
-0.94204
-0.94204
-0.93762
-0.95064
-0.93802
-0.95711
-0.93247
-0.93248
-0.92534
-0.95491
-0.93522
-0.93522
-0.9481
-0.93806
-0.94116
-0.94126
-0.93034
-0.93031
-0.93033
-0.93025
-0.93031
-0.93031
-0.90653
-0.91435
-0.90889
-0.92093
-0.94422
-0.92091
-0.92092
-0.90835
-0.92258
-0.91277
-0.91276
-0.91917
-0.9248
-0.93015
-0.93555
-0.9381
-0.9381
-0.9381
-0.94992
-0.92021
-0.91448
-0.91449
0
44.7395
0
0
0
0
0
0
0
0
0
0
0
0
0
0
0
0
0
0
0
0
0
0
0
0
0
0
0
0
0
0
0
0
0
0
0
0
0
0
0
0
0
0
0
0
0
0
0
0
0
0
0
0
0
0
0
0
0
0
0
0
0
0
0
0
0
0
0
0
0
0
0
-0.95808
-0.94419
-0.94538
-0.94204
-0.94203
-0.94204
-0.93761
-0.95063
-0.93802
-0.9571
-0.93248
-0.93248
-0.92534
-0.9549
-0.93522
-0.93522
-0.9481
-0.93805
-0.94115
-0.94126
-0.93033
-0.9303
-0.93033
-0.93026
-0.93031
-0.9303
-0.90652
-0.91434
-0.90889
-0.92093
-0.94422
-0.92091
-0.92092
-0.90835
-0.92257
-0.91275
-0.91276
-0.91917
-0.9248
-0.93014
-0.93555
-0.9381
-0.93809
-0.9381
-0.94991
-0.92022
-0.91448
-0.91448
0
0
44.7393
0
0
0
0
0
0
0
0
0
0
0
0
0
0
0
0
0
0
0
0
0
0
0
0
0
0
0
0
0
0
0
0
0
0
0
0
0
0
0
0
0
0
0
0
0
0
0
0
0
0
0
0
0
0
0
0
0
0
0
0
0
0
0
0
0
0
0
0
0
0
-0.95808
-0.94418
-0.94538
-0.94202
-0.94204
-0.94204
-0.93762
-0.95064
-0.93802
-0.95711
-0.93247
-0.93247
-0.92535
-0.9549
-0.93522
-0.93522
-0.9481
-0.93806
-0.94115
-0.94125
-0.93034
-0.93031
-0.93033
-0.93026
-0.9303
-0.93031
-0.90652
-0.91434
-0.90888
-0.92092
-0.94422
-0.92091
-0.92092
-0.90835
-0.92257
-0.91275
-0.91276
-0.91917
-0.9248
-0.93014
-0.93554
-0.9381
-0.93809
-0.93809
-0.94991
-0.92021
-0.91448
-0.91448
0
0
0
44.7393
0
0
0
0
0
0
0
0
0
0
0
0
0
0
0
0
0
0
0
0
0
0
0
0
0
0
0
0
0
0
0
0
0
0
0
0
0
0
0
0
0
0
0
0
0
0
0
0
0
0
0
0
0
0
0
0
0
0
0
0
0
0
0
0
0
0
0
0
0
-0.94703
-0.93359
-0.93506
-0.93233
-0.93233
-0.93233
-0.92786
-0.94022
-0.92815
-0.94592
-0.92268
-0.92268
-0.9154
-0.94387
-0.92541
-0.92542
-0.93778
-0.92818
-0.93075
-0.93086
-0.92055
-0.92053
-0.92055
-0.92048
-0.92053
-0.92053
-0.89662
-0.90452
-0.89854
-0.91114
-0.93344
-0.91112
-0.91113
-0.8984
-0.91233
-0.90293
-0.90293
-0.90928
-0.91453
-0.92078
-0.92672
-0.92911
-0.92911
-0.92912
0
-0.91089
0
0
0
0
0
0
44.8106
0
0
0
0
0
0
0
0
0
0
0
0
0
0
0
0
0
0
0
0
0
0
0
0
0
0
0
0
0
0
0
0
0
0
0
0
0
0
0
0
0
0
0
0
0
0
0
0
0
0
0
0
0
0
0
0
0
-3.2969
0
0
0
0
0
0
0
0
0
0
-0.95398
-0.94008
-0.94128
-0.9379
-0.93791
-0.9379
-0.93349
-0.94653
-0.9339
-0.95301
-0.92836
-0.92836
-0.92123
-0.95081
-0.9311
-0.9311
-0.94399
-0.93394
-0.93703
-0.93714
-0.92621
-0.92618
-0.92621
-0.92613
-0.92619
-0.92619
-0.90244
-0.91023
-0.9048
-0.91681
-0.94012
-0.9168
-0.9168
-0.90424
-0.91848
-0.90864
-0.90865
-0.91501
-0.92068
-0.92595
-0.93146
-0.93334
-0.93334
-0.93334
0
0
0
0
0
0
0
0
0
40.8573
0
0
0
0
0
0
0
0
0
0
0
0
0
0
0
0
0
0
0
0
0
0
0
0
0
0
0
0
0
0
0
0
0
0
0
0
0
0
0
0
0
0
0
0
0
0
0
0
0
0
0
0
0
0
0
0
0
0
0
0
0
0
0
0
0
0
0
-0.94921
-0.93733
-0.93756
-0.9351
-0.9351
-0.9351
-0.93055
-0.94279
-0.93153
-0.94813
-0.92542
-0.9254
-0.91787
-0.94616
-0.92812
-0.92813
-0.94027
-0.93067
-0.93315
-0.93325
-0.92321
-0.9232
-0.92322
-0.92315
-0.92319
-0.9232
-0.89884
-0.90704
-0.90081
-0.91376
-0.93558
-0.91375
-0.91375
-0.89788
-0.9148
-0.9055
-0.9055
-0.91202
-0.9174
-0.9242
-0.93093
0
0
0
0
0
0
0
0
0
0
0
0
0
44.4203
0
0
0
0
0
0
0
0
0
0
0
0
0
0
0
0
0
0
0
0
0
0
0
0
0
0
0
0
0
0
0
-3.7881
0
0
0
0
0
0
-2.7104
0
0
0
0
0
0
0
0
0
0
0
0
0
0
0
0
0
0
0
0
0
0
0
0
0
0
0
-0.94277
-0.92927
-0.93063
-0.92775
-0.92776
-0.92777
-0.92332
-0.93577
-0.92362
-0.9417
-0.91812
-0.91811
-0.9109
-0.93958
-0.92085
-0.92085
-0.93332
-0.92364
-0.92638
-0.92648
-0.916
-0.916
-0.916
-0.91594
-0.91598
-0.91599
-0.89221
-0.90007
-0.89428
-0.90666
-0.92911
-0.90664
-0.90663
-0.89412
-0.90797
-0.89851
-0.8985
-0.90494
-0.91025
-0.91622
-0.92188
0
0
0
0
0
0
0
0
0
0
0
0
0
0
39.9216
0
0
0
0
0
0
0
0
0
0
0
0
0
0
0
0
0
0
0
0
0
0
0
0
0
0
0
0
0
0
0
0
0
0
0
0
0
0
-2.2891
0
0
0
0
0
0
0
0
0
0
0
0
0
0
0
0
0
0
0
0
0
0
0
0
0
0
-0.95709
-0.94318
-0.94438
-0.94101
-0.94101
-0.94101
-0.93659
-0.94963
-0.93699
-0.95611
-0.93145
-0.93146
-0.92433
-0.95391
-0.9342
-0.93421
-0.94709
-0.93704
-0.94015
-0.94026
-0.92932
-0.92931
-0.92932
-0.92925
-0.9293
-0.9293
-0.90554
-0.91335
-0.90791
-0.91994
-0.94324
-0.91993
-0.91992
-0.90737
-0.9216
-0.91179
-0.91179
-0.91818
-0.92381
-0.92917
-0.93468
0
0
0
0
0
0
0
0
0
0
0
0
0
0
0
38.1851
0
0
0
0
0
0
0
0
0
0
0
0
0
0
0
0
0
0
0
0
0
0
0
0
0
0
0
0
0
0
0
0
0
0
0
0
0
0
0
0
0
0
0
0
0
0
0
0
0
0
0
0
0
0
0
0
0
0
0
0
0
0
0
0
-0.9534
-0.94038
-0.94208
-0.93999
-0.93999
-0.93999
-0.93547
-0.94721
-0.93565
-0.95221
-0.9302
-0.93019
-0.92273
-0.95027
-0.93295
-0.93295
-0.94485
-0.93567
-0.93776
-0.93786
-0.92806
-0.92805
-0.92807
-0.928
-0.92805
-0.92805
-0.90385
-0.91189
-0.90537
-0.9186
-0.93996
-0.91859
-0.91859
-0.90566
-0.91935
-0.91034
-0.91033
-0.91685
0
-0.92856
0
0
0
0
0
0
0
0
0
0
0
0
0
0
0
0
0
42.6021
0
0
0
0
0
0
0
0
0
0
0
0
0
0
0
0
0
0
0
0
0
0
0
0
0
0
0
0
0
0
0
0
0
0
0
0
0
0
0
0
0
0
0
0
-3.1721
0
0
0
0
0
0
-3.1721
0
0
0
0
0
0
0
0
0
0
0
-0.97335
-0.95937
-0.96055
-0.95714
-0.95714
-0.95716
-0.95271
-0.96587
-0.95313
-0.9724
-0.94756
-0.94755
-0.94039
-0.9702
-0.95032
-0.95033
-0.9633
-0.95319
-0.95632
-0.95642
-0.94541
-0.94539
-0.94541
-0.94533
-0.94539
-0.94539
-0.92145
-0.92931
-0.92379
-0.93598
-0.95944
-0.93597
-0.93596
-0.92329
-0.93765
-0.92778
-0.92778
-0.93441
0
-0.94534
0
0
0
0
0
0
0
0
0
0
0
0
0
0
0
0
0
0
36.9549
0
0
0
0
0
0
0
0
0
0
0
0
0
0
0
0
0
0
0
0
0
0
0
0
0
0
0
0
0
0
0
0
0
0
0
0
0
0
0
0
0
0
0
0
0
0
0
0
0
0
0
0
0
0
0
0
0
0
0
0
0
0
-0.97348
-0.95946
-0.96066
-0.95725
-0.95725
-0.95725
-0.95281
-0.96598
-0.95323
-0.9725
-0.94765
-0.94765
-0.94049
-0.97031
-0.95042
-0.95042
-0.9634
-0.9533
-0.95641
-0.95651
-0.94549
-0.94547
-0.9455
-0.94542
-0.94547
-0.94548
-0.92151
-0.92939
-0.92387
-0.93605
-0.95955
-0.93603
-0.93604
-0.92337
-0.93773
-0.92784
-0.92785
-0.93454
0
0
0
0
0
0
0
0
0
0
0
0
0
0
0
0
0
0
0
0
0
36.013
0
0
0
0
0
0
0
0
0
0
0
0
0
0
0
0
0
0
0
0
0
0
0
0
0
0
0
0
0
0
0
0
0
0
0
0
0
0
0
0
0
0
0
0
0
0
0
0
0
0
0
0
0
0
0
0
0
0
0
0
0
-0.93589
-0.92206
-0.92323
-0.91985
-0.91985
-0.91985
-0.91548
-0.92846
-0.91588
-0.93497
-0.91037
-0.91037
-0.90336
-0.93277
-0.91313
-0.91312
-0.92594
-0.91594
-0.91907
-0.91918
-0.90829
-0.90827
-0.90828
-0.90821
-0.90827
-0.90826
-0.8847
-0.89246
-0.88707
-0.899
-0.92221
-0.89899
-0.899
-0.88659
-0.9007
-0.89099
-0.89099
0
0
0
0
0
0
0
0
0
0
0
0
0
0
0
0
0
0
0
0
0
0
0
33.701
0
0
0
0
0
0
0
0
0
0
0
0
0
0
0
0
0
0
0
0
0
0
0
0
0
0
0
0
0
0
0
0
0
0
0
0
0
0
0
0
0
0
0
0
0
0
0
0
0
0
0
0
0
0
0
0
0
0
0
0
-0.94384
-0.92998
-0.93116
-0.92777
-0.92777
-0.92777
-0.92339
-0.93639
-0.92378
-0.94292
-0.91827
-0.91826
-0.91124
-0.94071
-0.92103
-0.92103
-0.93387
-0.92385
-0.92699
-0.92709
-0.91619
-0.91617
-0.91619
-0.91612
-0.91617
-0.91616
-0.89256
-0.90031
-0.89494
-0.9069
-0.93015
-0.9069
-0.90689
-0.89446
-0.9086
-0.89889
-0.89888
0
0
0
0
0
0
0
0
0
0
0
0
0
0
0
0
0
0
0
0
0
0
0
0
33.9936
0
0
0
0
0
0
0
0
0
0
0
0
0
0
0
0
0
0
0
0
0
0
0
0
0
0
0
0
0
0
0
0
0
0
0
0
0
0
0
0
0
0
0
0
0
0
0
0
0
0
0
0
0
0
0
0
0
0
0
-0.93068
-0.91687
-0.91803
-0.91464
-0.91465
-0.91465
-0.91028
-0.92326
-0.91068
-0.92975
-0.90518
-0.90517
-0.89818
-0.92756
-0.90792
-0.90792
-0.92073
-0.91074
-0.91387
-0.91398
-0.9031
-0.90307
-0.90309
-0.90303
-0.90307
-0.90308
-0.87954
-0.88728
-0.88192
-0.89383
-0.91699
-0.89382
-0.89381
-0.88142
-0.89552
-0.88581
-0.8858
0
0
0
0
0
0
0
0
0
0
0
0
0
0
0
0
0
0
0
0
0
0
0
0
0
33.5089
0
0
0
0
0
0
0
0
0
0
0
0
0
0
0
0
0
0
0
0
0
0
0
0
0
0
0
0
0
0
0
0
0
0
0
0
0
0
0
0
0
0
0
0
0
0
0
0
0
0
0
0
0
0
0
0
0
0
-0.94111
-0.92726
-0.92845
-0.92505
-0.92505
-0.92505
-0.92067
-0.93368
-0.92107
-0.94018
-0.91555
-0.91556
-0.90854
-0.93799
-0.91831
-0.91832
-0.93115
-0.92114
-0.92427
-0.92437
-0.91348
-0.91345
-0.91347
-0.9134
-0.91345
-0.91346
-0.88986
-0.89762
-0.89224
-0.9042
-0.92742
-0.90417
-0.90418
-0.89176
-0.90589
-0.89618
-0.89617
0
0
0
0
0
0
0
0
0
0
0
0
0
0
0
0
0
0
0
0
0
0
0
0
0
0
33.8932
0
0
0
0
0
0
0
0
0
0
0
0
0
0
0
0
0
0
0
0
0
0
0
0
0
0
0
0
0
0
0
0
0
0
0
0
0
0
0
0
0
0
0
0
0
0
0
0
0
0
0
0
0
0
0
0
0
-0.94169
-0.92785
-0.92902
-0.92564
-0.92563
-0.92563
-0.92125
-0.93426
-0.92166
-0.94077
-0.91614
-0.91613
-0.90912
-0.93857
-0.91889
-0.9189
-0.93172
-0.92172
-0.92485
-0.92496
-0.91405
-0.91403
-0.91405
-0.91399
-0.91403
-0.91403
-0.89044
-0.8982
-0.89282
-0.90477
-0.928
-0.90476
-0.90476
-0.89233
-0.90647
-0.89676
-0.89675
0
0
0
0
0
0
0
0
0
0
0
0
0
0
0
0
0
0
0
0
0
0
0
0
0
0
0
33.9146
0
0
0
0
0
0
0
0
0
0
0
0
0
0
0
0
0
0
0
0
0
0
0
0
0
0
0
0
0
0
0
0
0
0
0
0
0
0
0
0
0
0
0
0
0
0
0
0
0
0
0
0
0
0
0
0
-0.95515
-0.94117
-0.9423
-0.93881
-0.93881
-0.93882
-0.93442
-0.9476
-0.93485
-0.95425
-0.92932
-0.92932
-0.92226
-0.95203
-0.932
-0.932
-0.94503
-0.93486
-0.93821
-0.9383
-0.92716
-0.92714
-0.92717
-0.92709
-0.92714
-0.92715
-0.90346
-0.91122
-0.90589
-0.91777
0
-0.91776
-0.91776
0
0
0
0
0
0
0
0
0
0
0
0
0
0
0
0
0
0
0
0
0
0
0
0
0
0
0
0
0
0
0
0
29.8162
0
0
0
0
0
0
0
0
0
0
0
0
0
0
0
0
0
0
0
0
0
0
0
0
0
0
0
0
0
0
0
0
0
0
0
0
0
0
0
0
0
0
0
0
0
0
0
0
0
0
0
0
0
0
0
-0.9551
-0.94114
-0.94226
-0.93876
-0.93876
-0.93877
-0.93437
-0.94755
-0.9348
-0.9542
-0.92928
-0.92928
-0.92222
-0.95198
-0.93194
-0.93195
-0.94498
-0.93482
-0.93815
-0.93825
-0.92711
-0.9271
-0.92711
-0.92705
-0.92709
-0.9271
-0.90341
-0.91118
-0.90585
-0.91773
0
-0.91773
-0.91771
0
0
0
0
0
0
0
0
0
0
0
0
0
0
0
0
0
0
0
0
0
0
0
0
0
0
0
0
0
0
0
0
0
29.8147
0
0
0
0
0
0
0
0
0
0
0
0
0
0
0
0
0
0
0
0
0
0
0
0
0
0
0
0
0
0
0
0
0
0
0
0
0
0
0
0
0
0
0
0
0
0
0
0
0
0
0
0
0
0
-0.99622
-0.98204
-0.98318
-0.97962
-0.97963
-0.97963
-0.97518
-0.9886
-0.97563
-0.99534
-0.97004
-0.97004
-0.96288
-0.99311
-0.97275
-0.97276
-0.98598
-0.97568
-0.97905
-0.97916
-0.96789
-0.96787
-0.96788
-0.96781
-0.96786
-0.96786
-0.94384
-0.95172
0
0
0
0
0
0
0
0
0
0
0
0
0
0
0
0
0
0
0
0
0
0
0
0
0
0
0
0
0
0
0
0
0
0
0
0
0
0
0
27.2993
0
0
0
0
0
0
0
0
0
0
0
0
0
0
0
0
0
0
0
0
0
0
0
0
0
0
0
0
0
0
0
0
0
0
0
0
0
0
0
0
0
0
0
0
0
0
0
0
0
0
0
0
0
-0.99642
-0.98225
-0.98338
-0.97984
-0.97984
-0.97983
-0.97538
-0.9888
-0.97584
-0.99556
-0.97024
-0.97024
-0.9631
-0.99333
-0.97296
-0.97296
-0.98618
-0.97588
-0.97926
-0.97937
-0.96809
-0.96807
-0.96808
-0.96802
-0.96806
-0.96806
-0.94405
-0.95193
0
0
0
0
0
0
0
0
0
0
0
0
0
0
0
0
0
0
0
0
0
0
0
0
0
0
0
0
0
0
0
0
0
0
0
0
0
0
0
0
27.305
0
0
0
0
0
0
0
0
0
0
0
0
0
0
0
0
0
0
0
0
0
0
0
0
0
0
0
0
0
0
0
0
0
0
0
0
0
0
0
0
0
0
0
0
0
0
0
0
0
0
0
0
-0.9206
-0.90733
-0.90871
-0.90599
-0.90599
-0.906
-0.90159
-0.91385
-0.90189
-0.91961
-0.89646
-0.89645
-0.88931
-0.91755
-0.8991
-0.8991
-0.91145
-0.90187
-0.90464
-0.90474
-0.89437
-0.89435
-0.89437
-0.89431
-0.89435
-0.89434
0
0
0
0
0
0
0
0
0
0
0
0
0
0
0
0
0
0
0
0
0
0
0
0
0
0
0
0
0
0
0
0
0
0
0
0
0
0
0
0
0
0
0
26.0978
0
0
0
0
0
0
0
0
0
0
0
0
0
0
0
0
0
0
0
0
0
0
0
0
0
0
0
0
0
0
0
0
0
0
0
0
0
0
0
0
0
0
-2.6195
0
0
0
0
0
0
0
0
-0.89554
-0.88465
-0.88332
-0.88003
-0.88003
-0.88003
-0.87571
-0.8885
-0.87388
-0.89309
-0.87076
-0.87076
-0.86363
-0.89267
-0.87339
-0.87339
-0.88602
-0.87575
-0.87931
-0.87941
-0.8687
-0.86868
-0.8687
-0.86863
-0.86868
-0.86868
0
0
0
0
0
0
0
0
0
0
0
0
0
0
0
0
0
0
0
0
0
0
0
0
0
0
0
0
0
0
0
0
0
0
0
0
0
0
0
0
0
0
0
0
24.8402
0
0
0
0
0
0
0
0
0
0
0
0
-2.0283
0
0
0
0
0
0
0
0
0
0
0
0
0
0
0
0
0
0
0
0
0
0
0
0
0
0
0
0
0
0
0
0
0
0
0
0
0
-0.98932
-0.97482
-0.97564
-0.97148
-0.97148
-0.97148
-0.96716
-0.98134
-0.96783
-0.98889
-0.96214
-0.96214
-0.95529
0
-0.96487
-0.96487
-0.97849
0
0
0
0
0
0
0
0
0
0
0
0
0
0
0
0
0
0
0
0
0
0
0
0
0
0
0
0
0
0
0
0
0
0
0
0
0
0
0
0
0
0
0
0
0
0
0
0
0
0
0
0
0
0
15.5472
0
0
0
0
0
0
0
0
0
0
0
0
0
0
0
0
0
0
0
0
0
0
0
0
0
0
0
0
0
0
0
0
0
0
0
0
0
0
0
0
0
0
0
0
0
0
0
0
0
-1.0205
-1.007
-1.0083
-1.0055
-1.0055
-1.0055
-1.0011
-1.0137
-1.0013
-1.0197
-0.99568
-0.99568
-0.98841
0
-0.9984
-0.99838
0
0
0
0
0
0
0
0
0
0
0
0
0
0
0
0
0
0
0
0
0
0
0
0
0
0
0
0
0
0
0
0
0
0
0
0
0
0
0
0
0
0
0
0
0
0
0
0
0
0
0
0
0
0
0
0
17.3645
0
0
0
0
0
0
0
0
0
0
0
0
0
0
0
0
0
0
0
0
0
0
-2.2999
0
0
0
0
0
0
0
0
0
0
0
0
0
0
0
0
0
0
0
0
0
0
0
0
0
-1.175
-1.1592
-1.16
-1.1551
-1.1551
-1.1551
-1.1508
-1.1668
-1.1519
0
-1.1457
-1.1457
0
0
0
0
0
0
0
0
0
0
0
0
0
0
0
0
0
0
0
0
0
0
0
0
0
0
0
0
0
0
0
0
0
0
0
0
0
0
0
0
0
0
0
0
0
0
0
0
0
0
0
0
0
0
0
0
0
0
0
0
0
12.7204
0
0
0
0
0
0
0
0
0
0
0
0
0
0
0
0
0
0
0
0
0
0
0
0
0
0
0
0
0
0
0
0
0
0
0
0
0
0
0
0
0
0
0
0
0
0
0
-1.0527
-1.0371
-1.0378
-1.0327
-1.0327
-1.0327
-1.0284
-1.0443
-1.0295
0
-1.0234
-1.0234
0
0
0
0
0
0
0
0
0
0
0
0
0
0
0
0
0
0
0
0
0
0
0
0
0
0
0
0
0
0
0
0
0
0
0
0
0
0
0
0
0
0
0
0
0
0
0
0
0
0
0
0
0
0
0
0
0
0
0
0
0
0
11.3749
0
0
0
0
0
0
0
0
0
0
0
0
0
0
0
0
0
0
0
0
0
0
0
0
0
0
0
0
0
0
0
0
0
0
0
0
0
0
0
0
0
0
0
0
0
0
-1.3814
-1.3678
-1.3717
-1.3714
-1.3714
-1.3714
-1.3665
0
0
0
0
0
0
0
0
0
0
0
0
0
0
0
0
0
0
0
0
0
0
0
0
0
0
0
0
0
0
0
0
0
0
0
0
0
0
0
0
0
0
0
0
0
0
0
0
0
0
0
0
0
0
0
0
0
0
0
0
0
0
0
0
0
0
0
0
15.4084
0
0
0
0
0
0
0
0
0
0
0
0
0
0
-2.9034
0
-2.9034
0
0
0
0
0
0
0
0
0
0
0
0
0
0
0
0
0
0
0
0
0
0
0
0
0
0
0
0
-1.4844
-1.4665
-1.4674
-1.4613
-1.4613
-1.4613
-1.4571
0
0
0
0
0
0
0
0
0
0
0
0
0
0
0
0
0
0
0
0
0
0
0
0
0
0
0
0
0
0
0
0
0
0
0
0
0
0
0
0
0
0
0
0
0
0
0
0
0
0
0
0
0
0
0
0
0
0
0
0
0
0
0
0
0
0
0
0
0
10.2592
0
0
0
0
0
0
0
0
0
0
0
0
0
0
0
0
0
0
0
0
0
0
0
0
0
0
0
0
0
0
0
0
0
0
0
0
0
0
0
0
0
0
0
0
-1.4403
-1.4177
-1.4193
-1.4094
-1.4095
-1.4095
0
0
0
0
0
0
0
0
0
0
0
0
0
0
0
0
0
0
0
0
0
0
0
0
0
0
0
0
0
0
0
0
0
0
0
0
0
0
0
0
0
0
0
0
0
0
0
0
0
0
0
0
0
0
0
0
0
0
0
0
0
0
0
0
0
0
0
0
0
0
0
8.5057
0
0
0
0
0
0
0
0
0
0
0
0
0
0
0
0
0
0
0
0
0
0
0
0
0
0
0
0
0
0
0
0
0
0
0
0
0
0
0
0
0
0
0
0
0
0
0
0
0
0
0
0
0
0
0
0
0
0
0
0
0
0
0
0
0
0
0
0
0
0
0
0
0
0
0
0
-1.8772
0
0
0
0
0
0
0
0
0
0
0
0
0
0
0
0
0
0
0
0
0
0
0
0
0
0
0
0
0
0
0
0
0
0
0
0
0
0
0
0
0
0
0
0
11.3186
0
0
0
-2.8427
0
0
0
-3.0405
0
0
0
0
0
0
0
0
0
0
0
0
0
0
0
0
0
0
0
0
0
0
0
0
0
0
0
0
-3.5582
0
0
0
0
0
0
0
0
0
0
0
0
0
-2.1303
-2.1386
0
0
0
0
0
0
0
0
0
0
0
0
0
0
0
0
0
0
0
0
0
0
0
0
0
0
0
0
0
0
0
0
0
0
0
0
0
0
0
0
0
0
0
0
0
0
0
0
0
0
0
0
0
0
0
0
0
0
0
0
0
0
0
0
0
0
0
0
0
9.1138
0
0
-2.5921
-2.2529
0
0
0
0
0
0
0
0
0
0
0
0
0
0
0
0
0
0
0
0
0
0
0
0
0
0
0
0
0
0
0
0
0
0
0
0
0
0
0
0
0
0
0
0
0
0
0
0
0
-2.134
0
0
0
0
0
0
0
0
0
0
0
0
0
0
0
0
0
0
0
0
0
0
0
0
-2.1126
0
0
0
0
0
0
0
0
0
0
0
0
0
0
0
0
0
0
0
0
0
0
0
0
0
0
0
0
0
0
0
0
0
0
0
0
0
0
0
0
0
0
6.4812
0
0
0
-2.2346
0
0
0
0
0
0
0
0
0
0
0
0
0
0
0
0
0
0
0
0
0
0
0
0
0
0
0
0
0
0
0
0
0
0
0
0
0
-2.0238
0
0
0
0
0
0
0
0
0
0
0
0
0
0
0
0
0
0
0
0
0
0
0
0
0
0
0
0
0
0
0
0
0
0
0
0
-1.9685
0
0
0
0
0
0
0
0
0
0
0
0
0
0
0
0
0
0
0
0
0
0
0
0
0
0
0
0
0
0
0
0
0
0
0
0
0
0
0
0
0
0
4.5435
0
0
0
0
0
0
0
0
0
0
0
0
0
0
0
0
0
0
0
0
0
0
0
0
0
0
0
0
0
0
0
0
0
0
0
0
0
-0.55127
0
0
0
0
0
0
0
0
0
0
0
0
0
0
0
0
0
0
0
0
0
0
0
0
0
0
0
0
0
0
0
0
0
0
0
0
0
0
0
0
0
0
0
0
0
0
0
0
0
0
0
0
0
0
0
0
0
0
0
0
0
0
0
0
0
0
0
0
0
0
0
0
0
0
0
0
0
0
0
-2.8427
-2.5921
0
0
8.0403
0
0
0
0
-2.6054
0
0
0
0
0
0
0
0
0
0
0
0
0
0
0
0
0
0
0
0
0
0
0
0
0
0
0
0
0
0
0
0
0
0
0
0
0
0
0
0
0
0
0
0
0
0
0
0
0
0
0
0
0
0
0
0
0
0
0
0
0
0
0
0
0
0
0
0
0
0
0
0
0
0
0
0
0
0
0
0
0
0
0
0
0
0
0
0
0
0
0
0
0
0
0
0
0
0
0
0
0
0
0
-2.0283
0
0
0
0
0
0
0
0
-2.2529
0
0
0
7.919
0
0
0
0
-3.6379
0
0
0
0
0
0
0
0
0
0
0
0
0
0
0
0
0
0
0
0
0
0
0
0
0
0
0
0
0
0
0
0
-0.54488
0
0
0
0
0
0
0
0
0
0
0
0
0
0
0
0
0
0
0
0
0
0
0
0
0
0
0
0
0
0
0
0
0
0
0
0
0
0
0
0
0
0
0
0
0
0
0
0
0
0
0
0
0
0
0
0
0
0
0
0
0
0
0
0
0
0
0
0
0
0
0
0
0
0
0
0
0
0
0
-2.2346
0
0
0
5.8614
0
0
0
0
0
0
0
0
0
0
0
0
0
0
0
0
0
0
0
0
0
0
-3.0819
0
0
0
0
0
0
0
0
0
0
0
0
0
0
0
0
0
0
0
0
0
0
0
0
0
0
0
0
0
0
-1.3862
0
0
0
0
0
0
0
0
-1.3526
0
0
0
0
0
0
0
0
0
0
0
0
0
0
0
0
0
0
0
0
0
0
0
0
0
0
0
0
0
0
0
0
0
0
0
0
0
0
0
0
0
0
0
0
0
0
0
0
0
0
0
0
0
0
0
0
0
0
5.9259
0
0
0
0
0
0
0
0
0
0
0
0
0
0
0
0
0
0
0
0
0
0
0
0
0
0
0
0
0
0
-3.1871
0
0
0
0
0
0
0
0
0
0
0
0
0
0
0
0
0
0
0
0
0
0
0
0
0
0
0
0
0
0
0
0
0
0
0
0
0
0
0
0
0
0
0
0
0
0
0
0
0
0
0
0
0
0
0
0
0
0
-3.7881
0
0
0
0
0
0
0
0
0
0
0
0
0
0
0
0
0
0
0
0
0
0
0
-3.0405
0
0
0
0
0
0
0
6.8287
0
0
0
0
0
0
0
0
0
0
0
0
0
0
0
0
0
0
0
0
0
0
0
0
0
0
0
0
0
0
0
0
0
0
0
-4.6857
0
0
0
0
0
0
0
0
0
0
0
0
0
0
0
0
0
0
0
0
0
0
0
0
0
0
0
0
0
0
0
0
0
0
0
0
0
0
0
0
0
0
0
0
0
0
0
0
0
0
0
0
0
0
0
0
0
0
0
0
0
0
0
0
0
0
0
0
0
0
0
0
0
0
0
0
0
0
0
0
-2.6054
0
0
0
0
7.2912
0
0
0
0
0
0
0
0
0
0
0
0
0
0
0
0
0
0
0
0
0
0
0
0
0
0
0
0
0
0
0
0
0
0
0
0
0
0
0
0
0
0
0
0
0
0
0
0
0
0
0
0
0
0
0
0
0
0
0
0
0
0
0
0
0
0
0
0
0
0
0
0
0
0
0
0
0
0
0
0
0
0
0
0
0
0
0
0
0
0
0
0
0
0
0
0
0
0
0
0
0
0
0
0
0
0
0
0
0
0
0
0
0
0
0
0
-3.6379
0
0
0
0
3.6379
0
0
0
0
0
0
0
0
0
0
0
0
0
0
0
0
0
0
0
0
0
0
0
0
0
0
0
0
0
0
0
0
0
0
0
0
0
0
0
0
0
0
0
0
0
0
0
0
0
0
0
-4.8865
0
0
0
0
0
0
0
0
0
0
0
0
0
0
0
0
0
0
0
0
0
0
0
0
0
0
0
0
0
0
0
0
0
0
0
0
0
0
0
0
0
0
0
0
0
0
0
0
0
0
0
0
0
0
0
0
0
0
0
0
0
0
0
0
0
0
0
0
0
4.8865
0
0
0
0
0
0
0
0
0
0
0
0
0
0
0
0
0
0
0
0
0
0
0
0
0
0
0
0
0
0
0
0
0
0
0
0
0
0
0
0
0
0
0
0
0
0
0
0
0
0
0
0
0
0
0
0
0
0
0
0
0
0
0
0
0
0
0
0
0
0
0
0
0
0
0
0
0
0
0
0
0
0
0
0
0
0
0
0
0
0
0
0
0
0
0
0
0
0
0
0
0
0
0
0
0
0
-2.9034
0
0
0
0
0
0
0
0
0
0
0
0
0
0
2.9034
0
0
0
0
0
0
0
0
0
0
0
0
0
0
0
0
0
0
0
0
0
0
0
0
0
0
0
0
0
0
-6.8437
0
0
0
0
0
0
0
0
0
0
0
0
0
0
0
0
0
0
0
0
0
0
0
0
0
0
0
0
0
0
0
0
0
0
0
0
0
0
0
0
0
0
0
0
0
0
0
0
0
0
0
0
0
0
0
0
0
0
0
0
0
0
0
0
0
0
0
0
0
0
0
0
0
0
0
0
0
0
0
0
0
0
0
0
0
0
0
0
0
0
6.8437
0
0
0
0
0
0
0
0
0
0
0
0
0
0
0
0
0
0
0
0
0
0
0
0
0
0
0
0
0
0
0
0
0
0
0
0
0
0
0
0
0
0
0
0
0
0
0
0
0
0
0
0
0
0
0
0
0
0
0
0
0
0
0
0
0
0
0
0
0
0
0
0
0
0
0
0
0
0
0
0
0
0
0
0
0
0
0
0
0
0
0
0
0
0
0
0
0
0
0
0
0
0
0
0
-2.9034
0
0
0
0
0
0
0
0
0
0
0
0
0
0
0
0
2.9034
0
0
0
0
0
0
0
0
0
0
0
0
0
0
0
0
0
0
0
0
0
0
0
0
0
0
0
0
0
0
0
0
0
0
0
0
0
0
0
0
0
0
0
0
0
0
0
0
0
0
0
0
0
0
0
0
0
0
0
0
0
0
0
0
0
0
0
0
0
0
0
0
0
0
0
0
0
0
0
0
0
0
-2.7104
0
0
0
0
0
0
0
0
0
0
0
0
0
0
0
0
0
0
0
0
0
0
0
0
0
0
0
0
0
0
0
0
0
0
0
0
0
0
2.7104
0
0
0
0
0
0
0
0
0
0
0
0
0
0
0
0
0
0
0
0
0
0
0
0
0
0
0
0
0
0
0
0
0
0
0
0
0
0
0
0
0
0
0
0
0
0
0
0
0
0
0
0
0
0
0
0
0
0
0
0
0
0
0
0
0
0
0
0
0
0
0
0
0
0
0
0
0
0
0
0
0
0
-2.2891
0
0
0
0
0
0
0
0
0
0
0
0
0
0
0
0
0
0
0
0
0
0
0
0
0
0
0
0
0
0
0
0
0
0
0
0
0
0
2.2891
0
0
0
0
0
0
0
0
0
0
0
0
0
0
0
0
0
0
0
0
0
0
0
0
0
0
0
0
0
0
0
0
0
0
0
0
0
0
0
0
0
0
0
0
0
0
0
0
0
0
0
0
0
0
0
0
0
0
0
0
0
0
0
0
0
0
0
0
0
0
0
0
0
0
0
0
0
0
0
0
0
0
0
0
0
0
0
0
0
0
0
0
0
0
0
0
0
0
-2.2999
0
0
0
0
0
0
0
0
0
0
0
0
0
0
0
0
0
0
0
0
0
0
2.2999
0
0
0
0
0
0
0
0
0
0
0
0
0
0
0
0
0
0
0
0
0
0
0
0
0
0
0
0
0
0
0
0
0
0
0
0
0
0
0
0
0
-5.1867
0
0
0
0
0
0
0
0
0
0
0
0
0
0
0
0
0
0
0
0
0
0
0
0
0
0
0
0
0
0
0
0
0
0
0
0
0
0
0
0
0
0
0
0
0
0
0
0
0
0
0
0
0
0
0
0
0
0
0
0
0
0
0
0
0
0
0
0
0
0
0
0
0
0
0
0
0
0
0
5.1867
0
0
0
0
0
0
0
0
0
0
0
0
0
0
0
0
0
0
0
0
0
0
0
0
0
0
0
0
0
0
0
0
0
0
0
0
0
0
0
0
0
0
0
0
0
0
0
0
0
0
0
0
-4.2137
0
0
0
0
0
0
0
0
0
0
0
0
0
0
0
0
0
0
0
0
0
0
0
0
0
0
0
0
0
0
0
0
0
0
0
0
0
0
0
0
0
0
0
0
0
0
0
0
0
0
0
0
0
0
0
0
0
0
0
0
0
0
0
0
0
0
0
0
4.2137
0
0
0
0
0
0
0
0
0
0
0
0
0
0
0
0
0
0
0
0
0
0
0
-6.8437
0
0
0
0
0
0
0
0
0
0
0
0
0
0
0
0
0
0
0
0
0
0
0
0
0
0
0
0
0
0
0
0
0
0
0
0
0
0
0
0
0
0
0
0
0
0
0
0
0
0
0
0
0
0
0
0
0
0
0
0
0
0
0
0
0
0
0
0
0
0
0
0
0
0
0
0
0
0
0
0
0
0
0
0
0
0
0
0
0
0
0
0
0
0
0
0
0
6.8437
0
0
0
0
0
0
0
0
0
0
0
0
0
0
0
0
0
0
0
0
0
0
0
0
0
0
0
0
0
0
0
0
0
0
0
0
0
0
0
0
0
0
0
0
0
0
0
0
0
0
0
0
0
0
0
0
0
0
0
0
-4.1525
0
0
0
0
0
0
0
0
0
0
0
0
0
0
0
0
0
0
0
0
0
0
0
0
0
0
0
0
0
0
0
0
0
0
0
0
0
0
0
0
0
0
0
0
0
0
0
0
0
0
0
0
0
0
0
0
0
0
0
0
4.1525
0
0
0
0
0
0
0
0
0
0
0
0
0
0
0
0
0
0
0
0
0
0
0
0
0
0
0
0
-5.7759
0
0
0
0
0
0
0
0
0
0
0
0
0
0
0
0
0
0
0
0
0
0
0
0
0
0
0
0
0
0
0
0
0
0
0
0
0
0
0
0
0
0
0
0
0
0
0
0
0
0
0
0
0
0
0
0
0
0
0
0
0
0
0
0
0
0
0
0
0
0
0
0
0
0
0
0
0
0
0
0
0
0
0
0
0
0
0
0
0
0
0
0
5.7759
0
0
0
0
0
0
0
0
0
0
0
0
0
0
0
0
0
0
0
0
0
0
0
0
0
0
0
0
0
0
0
0
0
0
0
0
0
0
0
0
0
0
0
0
0
0
0
0
0
0
-4.9294
0
0
0
0
0
0
0
0
0
0
0
0
0
0
0
0
0
0
0
0
0
0
0
0
0
0
0
0
0
0
0
0
0
0
0
0
0
0
0
0
0
0
0
0
0
0
0
0
0
0
0
0
0
0
0
0
0
0
0
0
0
0
0
0
0
0
0
0
0
0
4.9294
0
0
0
0
0
0
0
0
0
0
0
0
0
0
0
0
0
0
0
0
0
0
0
0
0
0
0
0
0
0
0
0
0
0
0
0
0
0
0
0
0
0
0
0
0
0
0
0
0
0
0
0
0
0
0
0
0
0
0
0
0
0
0
0
0
0
0
0
0
0
0
0
0
0
0
0
-3.1721
0
0
0
0
0
0
0
0
0
0
0
0
0
0
0
0
0
0
0
0
0
0
0
0
0
0
0
0
0
0
0
0
0
0
0
0
0
0
0
0
0
0
0
0
3.1721
0
0
0
0
0
0
0
0
0
0
0
0
0
0
0
0
0
0
0
0
0
0
0
0
0
0
0
0
0
0
0
-6.2025
0
0
0
0
0
0
0
0
0
0
0
0
0
0
0
0
0
0
0
0
0
0
0
0
0
0
0
0
0
0
0
0
0
0
0
0
0
0
0
0
0
0
0
0
0
0
0
0
0
0
0
0
0
0
0
0
0
0
0
0
0
0
0
0
0
0
0
0
0
0
0
0
0
0
0
0
0
0
0
0
0
0
0
0
0
0
0
0
0
6.2025
0
0
0
0
0
0
0
0
0
0
0
0
0
0
0
0
0
0
0
0
0
0
0
0
0
0
0
0
0
0
0
0
0
0
0
0
0
0
0
0
0
0
0
0
0
0
0
-4.9293
0
0
0
0
0
0
0
0
0
0
0
0
0
0
0
0
0
0
0
0
0
0
0
0
0
0
0
0
0
0
0
0
0
0
0
0
0
0
0
0
0
0
0
0
0
0
0
0
0
0
0
0
0
0
0
0
0
0
0
0
0
0
0
0
0
0
0
0
0
0
0
0
0
4.9293
0
0
0
0
0
0
0
0
0
0
0
0
0
0
0
0
0
0
0
0
0
0
0
0
0
0
0
0
0
0
0
0
0
0
0
0
0
0
0
0
0
0
0
0
0
0
0
0
0
0
0
0
0
0
0
0
0
0
0
0
-3.7797
0
0
0
0
0
0
0
0
0
0
0
0
0
0
0
0
0
0
0
0
0
0
0
0
0
0
0
0
0
0
0
0
0
0
0
0
0
0
0
0
0
0
0
0
0
0
0
0
0
0
0
0
0
0
0
0
0
0
0
0
3.7797
0
0
0
0
0
0
0
0
0
0
0
0
0
0
0
0
-6.6449
0
0
0
0
0
0
0
0
0
0
0
0
0
0
0
0
0
0
0
0
0
0
0
0
0
0
0
0
0
0
0
0
0
0
0
0
0
0
0
0
0
0
0
0
0
0
0
0
0
0
0
0
0
0
0
0
0
0
0
0
0
0
0
0
0
0
0
0
0
0
0
0
0
0
0
0
0
0
0
0
0
0
0
0
0
0
0
0
0
0
0
0
0
0
0
0
0
0
0
0
0
0
0
0
6.6449
0
0
0
0
0
0
0
0
0
0
0
0
0
0
0
0
0
0
0
0
0
0
0
0
0
0
0
0
0
0
0
0
0
0
0
0
0
0
0
0
0
0
0
0
0
0
0
0
0
0
0
0
0
0
0
0
0
0
0
0
0
0
0
0
0
0
0
0
0
0
0
0
0
0
0
0
0
0
0
0
0
0
0
0
0
0
0
0
0
0
0
0
0
0
0
0
0
0
-3.0819
0
0
0
0
0
0
0
0
0
0
0
0
0
0
0
0
0
0
0
0
0
0
3.0819
0
0
0
0
0
0
0
0
0
0
0
0
0
0
0
0
0
0
0
0
0
0
-6.4713
0
0
0
0
0
0
0
0
0
0
0
0
0
0
0
0
0
0
0
0
0
0
0
0
0
0
0
0
0
0
0
0
0
0
0
0
0
0
0
0
0
0
0
0
0
0
0
0
0
0
0
0
0
0
0
0
0
0
0
0
0
0
0
0
0
0
0
0
0
0
0
0
0
0
0
0
0
0
0
0
0
0
0
0
0
0
0
0
0
0
0
0
0
0
0
0
0
0
6.4713
0
0
0
0
0
0
0
0
0
0
0
0
0
0
0
0
0
0
0
0
0
0
0
0
0
0
0
0
0
0
0
0
0
0
0
0
0
0
0
0
0
0
0
0
0
0
0
0
0
0
0
0
0
0
0
0
0
0
0
0
0
0
0
0
0
0
0
0
0
-3.1721
0
0
0
0
0
0
0
0
0
0
0
0
0
0
0
0
0
0
0
0
0
0
0
0
0
0
0
0
0
0
0
0
0
0
0
0
0
0
0
0
0
0
0
0
0
0
0
0
0
0
0
3.1721
0
0
0
0
0
0
0
0
0
0
0
0
0
0
0
0
0
0
0
0
0
0
0
0
0
0
0
0
0
0
0
0
0
0
0
0
0
0
0
0
0
0
0
0
0
0
0
0
0
0
0
0
0
0
0
0
0
0
0
0
0
0
0
-3.2969
0
0
0
0
0
0
0
0
0
0
0
0
0
0
0
0
0
0
0
0
0
0
0
0
0
0
0
0
0
0
0
0
0
0
0
0
0
0
0
0
0
0
0
0
0
0
0
0
0
0
0
0
0
0
0
0
0
3.2969
0
0
0
0
0
0
0
0
0
0
0
0
0
0
0
0
0
0
0
0
0
0
0
-6.2025
0
0
0
0
0
0
0
0
0
0
0
0
0
0
0
0
0
0
0
0
0
0
0
0
0
0
0
0
0
0
0
0
0
0
0
0
0
0
0
0
0
0
0
0
0
0
0
0
0
0
0
0
0
0
0
0
0
0
0
0
0
0
0
0
0
0
0
0
0
0
0
0
0
0
0
0
0
0
0
0
0
0
0
0
0
0
0
0
0
0
0
0
0
0
0
0
0
6.2025
0
0
0
0
0
0
0
0
0
0
0
0
0
0
0
0
0
0
0
0
0
0
0
0
0
0
0
0
0
0
0
0
0
0
0
0
0
0
0
0
0
0
0
0
0
0
0
0
0
0
0
0
0
0
0
0
0
0
0
0
0
0
0
0
0
0
0
0
0
0
0
0
0
0
0
0
0
0
-2.6195
0
0
0
0
0
0
0
0
0
0
0
0
0
0
0
0
0
0
0
0
0
0
0
0
0
0
0
0
0
0
0
0
0
0
0
0
0
0
0
0
0
0
2.6195
0
0
0
0
0
0
0
0
0
0
0
0
0
0
0
0
0
0
0
0
0
0
0
0
0
0
0
0
0
0
0
0
0
0
0
0
0
0
0
0
0
0
-3.8846
0
0
0
0
0
0
0
0
0
0
0
0
0
0
0
0
0
0
0
0
0
0
0
0
0
0
0
0
0
0
0
0
0
0
0
0
0
0
0
0
0
0
0
0
0
0
0
0
0
0
0
0
0
0
0
0
0
0
0
0
0
0
0
0
0
0
0
0
0
0
0
0
0
0
0
0
0
0
3.8846
0
0
0
0
0
0
0
0
0
-6.4747
0
0
0
0
0
0
0
0
0
0
0
0
0
0
0
0
0
0
0
0
0
0
0
0
0
0
0
0
0
0
0
0
0
0
0
0
0
0
0
0
0
0
0
0
0
0
0
0
0
0
0
0
0
0
0
0
0
0
0
0
0
0
0
0
0
0
0
0
0
0
0
0
0
0
0
0
0
0
0
0
0
0
0
0
0
0
0
0
0
0
0
0
0
0
0
0
0
0
0
0
0
0
0
0
0
0
0
0
0
0
0
6.4747
0
0
0
0
0
0
0
0
0
0
0
0
0
0
0
0
0
0
0
0
0
0
0
0
0
0
0
0
0
0
0
0
0
0
0
0
0
0
0
0
0
0
0
0
0
0
0
0
0
0
0
0
0
0
0
0
0
0
0
0
0
0
0
0
0
0
0
0
0
0
0
0
0
0
0
0
0
0
0
0
0
0
0
0
-3.5582
0
0
0
0
0
0
0
0
0
0
0
0
0
0
0
0
0
0
0
0
0
0
0
0
0
0
0
0
0
0
0
0
0
0
0
0
3.5582
0
0
0
0
0
0
0
0
0
0
0
0
0
0
0
0
0
0
0
0
0
0
0
0
0
0
0
0
0
0
0
0
0
0
0
0
0
0
0
0
0
0
0
0
0
0
0
0
0
0
0
0
0
0
0
0
0
0
0
0
0
0
0
0
0
0
0
0
0
0
0
0
0
0
0
0
0
0
0
0
0
0
0
0
0
0
0
0
0
0
-3.1871
0
0
0
0
0
0
0
0
0
0
0
0
0
0
0
0
0
0
0
0
0
0
0
0
0
0
0
0
0
0
3.1871
0
0
0
0
0
0
0
0
0
0
0
0
0
0
0
0
0
0
0
0
0
0
0
0
0
0
0
0
0
0
0
0
0
0
0
0
0
0
0
0
0
0
0
0
0
0
0
0
0
0
0
0
-3.6431
0
0
0
0
0
0
0
0
0
0
0
0
0
0
0
0
0
0
0
0
0
0
0
0
0
0
0
0
0
0
0
0
0
0
0
0
0
0
0
0
0
0
0
0
0
0
0
0
0
0
0
0
0
0
0
0
0
0
0
0
0
0
0
0
0
0
0
0
3.6431
0
0
0
0
0
0
0
0
0
0
0
0
0
0
0
0
0
0
0
0
0
-4.8777
0
0
0
0
0
0
0
0
0
0
0
0
0
0
0
0
0
0
0
0
0
0
0
0
0
0
0
0
0
0
0
0
0
0
0
0
0
0
0
0
0
0
0
0
0
0
0
0
0
0
0
0
0
0
0
0
0
0
0
0
0
0
0
0
0
0
0
0
0
0
0
0
0
0
0
0
0
0
0
0
0
0
0
0
0
0
0
0
0
0
0
0
0
0
0
0
0
0
0
4.8777
0
0
0
0
0
0
0
0
0
0
0
0
0
0
0
0
0
0
0
0
0
0
0
0
0
0
0
0
0
0
0
0
0
0
0
0
0
0
0
0
0
0
0
0
0
0
0
0
0
0
0
0
0
0
0
0
0
0
0
0
0
0
0
0
0
0
0
0
0
0
0
0
0
0
0
0
0
0
0
0
0
0
0
-0.55127
0
0
0
0
0
0
0
0
0
0
0
0
0
0
0
0
0
0
0
0
0
0
0
0
0
0
0
0
0
0
0
0
0
0
0
0
0
0.55127
0
0
0
0
0
0
0
0
0
0
-6.4713
0
0
0
0
0
0
0
0
0
0
0
0
0
0
0
0
0
0
0
0
0
0
0
0
0
0
0
0
0
0
0
0
0
0
0
0
0
0
0
0
0
0
0
0
0
0
0
0
0
0
0
0
0
0
0
0
0
0
0
0
0
0
0
0
0
0
0
0
0
0
0
0
0
0
0
0
0
0
0
0
0
0
0
0
0
0
0
0
0
0
0
0
0
0
0
0
0
0
0
0
0
0
0
0
0
0
0
0
0
0
6.4713
