70.8514
-0.65931
-0.72885
-0.64369
-0.66172
-0.65422
-0.63255
-0.63258
-0.66271
-0.65438
-0.60436
-0.74084
-0.59912
-0.59918
-0.58378
-0.75452
-0.71678
-0.74026
-0.69416
-0.69349
-0.64787
-0.75102
-0.80476
-0.75139
-0.74771
-0.74194
-0.73388
-0.73519
-0.71741
-0.65898
-0.72096
-0.69718
-0.71054
-0.7007
-0.72408
-0.69121
-0.74756
-0.74339
-0.72149
-0.75691
-0.81871
-0.81214
-1.0213
-0.81901
-0.9223
-0.84225
-0.87723
-0.87779
-0.89293
-0.76547
-1.1572
-0.90672
-0.79006
-0.90434
-1.2052
-0.86862
-1.1072
-0.98751
-1.4146
-1.803
0
0
-2.2407
0
0
0
0
-2.5032
0
0
0
0
0
0
0
-3.5544
0
0
0
0
0
0
0
0
0
0
0
0
0
0
0
0
0
0
0
0
0
-7.7995
0
0
0
0
-7.7995
0
0
0
0
0
0
0
0
0
0
0
0
0
0
0
0
0
-0.65931
51.7951
-0.66612
-0.5819
-0.6084
-0.61936
-0.58033
-0.58036
-0.61151
-0.60123
-0.55296
-0.68635
-0.54778
-0.54783
-0.53609
-0.71166
-0.66931
-0.66167
-0.63907
-0.63842
-0.59341
-0.6928
-0.74121
-0.69317
-0.68952
-0.68354
-0.67673
-0.677
-0.65974
-0.60641
-0.66271
-0.6398
-0.65469
-0.63435
-0.66577
-0.64157
-0.68859
-0.68452
-0.66405
-0.70627
-0.76125
-0.76547
-0.97625
-0.77924
-0.86044
-0.77691
-0.81593
-0.81845
-0.84672
-0.71101
-1.11
-0.86314
-0.75821
-0.87695
-1.1587
-0.75741
-1.0422
-0.90156
-1.3493
-1.7341
-2.3292
0
-2.1759
0
0
0
0
0
0
0
0
0
0
-3.571
0
0
0
0
0
0
0
0
0
0
0
0
0
0
0
0
0
0
0
0
0
0
0
0
0
0
0
0
0
0
0
0
0
0
0
0
0
0
0
0
0
0
0
0
0
0
-0.72885
-0.66612
58.3589
-0.6445
-0.66618
-0.6805
-0.63833
-0.63835
-0.67149
-0.66216
-0.61063
-0.77543
-0.60516
-0.60523
-0.59189
-0.7983
-0.74605
-0.72813
-0.70049
-0.69983
-0.65085
-0.75649
-0.81021
-0.75686
-0.75263
-0.74651
-0.74063
-0.73973
-0.72185
-0.66715
-0.72489
-0.70135
-0.71853
-0.70492
-0.72785
-0.70035
-0.75134
-0.74709
-0.72555
-0.77169
-0.8347
-0.82657
-1.0467
-0.84314
-0.92734
-0.85343
-0.88164
-0.88675
-0.9088
-0.78001
-1.1782
-0.9266
-0.80321
-0.93387
-1.2249
-0.88335
-1.1062
-0.98238
-1.4029
-1.7782
0
0
-2.1973
0
0
0
0
0
0
0
0
0
0
0
0
0
0
0
0
0
0
0
0
0
0
0
0
0
0
0
0
0
0
0
0
0
0
0
0
0
0
0
0
0
0
0
0
0
0
0
0
0
0
0
0
-8.6787
0
0
0
0
-0.64369
-0.5819
-0.6445
50.4407
-0.59643
-0.60813
-0.56721
-0.56724
-0.59789
-0.58808
-0.53754
-0.6692
-0.53461
-0.53467
-0.52128
-0.69501
-0.65178
-0.64469
-0.62286
-0.62222
-0.57826
-0.67604
-0.72205
-0.67639
-0.67267
-0.6669
-0.65969
-0.66044
-0.64335
-0.59206
-0.64662
-0.62414
-0.63754
-0.62868
-0.64932
-0.62382
-0.67179
-0.66782
-0.64662
-0.68542
-0.72675
-0.74634
-0.95233
-0.75168
-0.84069
-0.76923
-0.79686
-0.79915
-0.82624
-0.69878
-1.0869
-0.83922
-0.72903
-0.85185
-1.1357
-0.79589
-1.0213
-0.91188
-1.3201
-1.7076
0
0
-2.1426
0
0
0
0
0
0
0
0
0
0
0
0
0
0
0
0
0
0
0
0
0
0
0
-5.5321
0
0
0
0
0
0
0
0
0
0
0
0
0
0
0
0
0
0
0
0
0
0
0
0
0
0
0
0
0
0
0
0
0
-0.66172
-0.6084
-0.66618
-0.59643
46.0201
-0.6236
-0.58144
-0.58146
-0.6144
-0.60298
-0.55385
-0.68696
-0.54808
-0.54814
-0.5355
-0.70847
-0.67242
-0.66397
-0.63941
-0.63877
-0.59395
-0.69319
-0.74369
-0.69356
-0.68888
-0.68293
-0.67707
-0.67637
-0.65905
-0.60717
-0.66196
-0.63959
-0.65608
-0.64396
-0.66471
-0.64058
-0.68741
-0.68328
-0.66325
-0.70634
-0.77464
-0.76474
-0.985
-0.7779
-0.85953
-0.79049
-0.81468
-0.81906
-0.84606
-0.71633
-1.1115
-0.86432
-0.7477
-0.87172
-1.1598
-0.81733
-1.0402
-0.92563
-1.3408
-1.7296
0
0
-2.1679
0
0
0
0
0
0
0
0
0
0
0
0
0
0
0
0
0
0
0
0
0
0
0
0
0
0
0
0
0
0
0
0
0
0
0
0
0
0
0
0
0
0
0
0
0
0
0
0
0
0
0
0
0
0
0
0
0
-0.65422
-0.61936
-0.6805
-0.60813
-0.6236
48.434
-0.59134
-0.59137
-0.62003
-0.61031
-0.55014
-0.68743
-0.55513
-0.55518
-0.54007
-0.70709
-0.66723
-0.66543
-0.64478
-0.64413
-0.60063
-0.69919
-0.74463
-0.69956
-0.69529
-0.68944
-0.68123
-0.68286
-0.66549
-0.61119
-0.66787
-0.64514
-0.65902
-0.64747
-0.67084
-0.64458
-0.6937
-0.68962
-0.66807
-0.72415
-0.76972
-0.76823
-0.98046
-0.7623
-0.86735
-0.79331
-0.82217
-0.82341
-0.85013
-0.72154
-1.1144
-0.86397
-0.75352
-0.86923
-1.1624
-0.81946
-1.0498
-0.9278
0
0
0
0
0
0
0
0
0
0
0
0
0
0
-3.9111
0
0
-3.5083
0
0
0
0
0
0
0
0
0
0
0
0
0
0
0
0
0
0
0
0
0
0
0
0
0
0
0
0
0
0
0
0
0
0
0
0
0
0
0
0
0
0
0
0
-0.63255
-0.58033
-0.63833
-0.56721
-0.58144
-0.59134
41.8081
-0.52793
-0.58089
-0.57458
-0.51527
-0.65234
-0.51545
-0.51551
-0.50356
-0.67412
-0.63754
-0.62745
-0.60566
-0.60503
-0.56158
-0.65864
-0.70963
-0.65899
-0.65426
-0.64859
-0.64228
-0.6422
-0.62524
-0.57468
-0.62803
-0.60611
-0.62207
-0.61035
-0.63068
-0.60699
-0.65288
-0.64887
-0.62919
-0.67245
-0.73863
-0.72875
-0.95127
-0.74104
-0.82161
-0.75346
-0.77753
-0.78138
-0.80841
-0.68126
-1.0701
-0.82737
-0.71273
-0.83479
-1.1181
-0.78083
-1.0001
-0.88818
-1.2975
-1.6848
0
0
0
0
0
0
0
0
0
0
0
0
0
0
0
0
0
0
0
0
0
0
0
0
0
0
0
0
0
0
0
0
0
0
0
0
0
0
0
0
0
0
0
0
0
0
0
0
0
0
0
0
0
0
0
0
0
0
0
0
-0.63258
-0.58036
-0.63835
-0.56724
-0.58146
-0.59137
-0.52793
41.8096
-0.58092
-0.57461
-0.5153
-0.65237
-0.51547
-0.51553
-0.50358
-0.67414
-0.63756
-0.62747
-0.60569
-0.60505
-0.5616
-0.65866
-0.70966
-0.65902
-0.65428
-0.64862
-0.64231
-0.64223
-0.62527
-0.5747
-0.62806
-0.60614
-0.62208
-0.61037
-0.63071
-0.607
-0.6529
-0.64889
-0.62921
-0.67248
-0.73866
-0.72878
-0.9513
-0.74107
-0.82164
-0.75349
-0.77754
-0.7814
-0.80844
-0.6813
-1.0701
-0.82741
-0.71275
-0.83482
-1.1182
-0.78085
-1.0001
-0.88821
-1.2975
-1.6849
0
0
0
0
0
0
0
0
0
0
0
0
0
0
0
0
0
0
0
0
0
0
0
0
0
0
0
0
0
0
0
0
0
0
0
0
0
0
0
0
0
0
0
0
0
0
0
0
0
0
0
0
0
0
0
0
0
0
0
0
-0.66271
-0.61151
-0.67149
-0.59789
-0.6144
-0.62003
-0.58089
-0.58092
44.875
-0.59705
-0.54894
-0.68121
-0.54428
-0.54433
-0.51822
-0.70181
-0.66616
-0.6547
-0.63554
-0.6349
-0.59053
-0.68949
-0.73671
-0.68985
-0.68518
-0.67937
-0.67378
-0.67282
-0.65551
-0.60343
-0.65834
-0.63581
-0.65193
-0.64038
-0.66124
-0.62844
-0.68391
-0.67984
-0.6597
-0.70372
-0.76937
-0.75944
-0.98395
-0.77168
-0.85623
-0.78548
-0.81145
-0.81641
-0.84009
-0.71283
-1.1094
-0.8618
-0.74471
-0.86926
-1.1592
-0.81562
-1.0384
-0.92607
-1.3406
0
0
0
0
0
0
0
0
0
0
0
0
0
0
0
-2.9561
0
0
0
0
0
0
0
0
0
0
0
0
0
0
0
0
0
0
0
0
0
0
0
0
0
0
0
0
0
0
0
0
0
0
0
0
0
0
0
0
0
0
0
0
0
-0.65438
-0.60123
-0.66216
-0.58808
-0.60298
-0.61031
-0.57458
-0.57461
-0.59705
43.6361
-0.53963
-0.67251
-0.53597
-0.53604
-0.52348
-0.69231
-0.65621
-0.64406
-0.62692
-0.62628
-0.58121
-0.68034
-0.7216
-0.6807
-0.67597
-0.67012
-0.66258
-0.66362
-0.6464
-0.59413
-0.64918
-0.62655
-0.64031
-0.63117
-0.6519
-0.62735
-0.67456
-0.67047
-0.6499
-0.6948
-0.7593
-0.75213
-0.96308
-0.76337
-0.84716
-0.77658
-0.80216
-0.80336
-0.83384
-0.7017
-1.0949
-0.85122
-0.73608
-0.85873
-1.1436
-0.8062
-1.0273
-0.91468
-1.3278
0
0
0
0
0
0
0
0
0
-2.2611
0
0
0
0
0
0
0
0
0
0
0
0
0
0
0
0
0
0
0
0
0
0
0
0
0
0
0
0
0
0
0
0
0
0
0
0
0
0
0
0
0
0
0
0
0
0
0
0
0
0
0
-0.60436
-0.55296
-0.61063
-0.53754
-0.55385
-0.55014
-0.51527
-0.5153
-0.54894
-0.53963
39.8095
-0.61747
-0.49561
-0.49567
-0.47753
-0.63773
-0.60163
-0.59268
-0.57627
-0.57564
-0.53122
-0.6266
-0.67243
-0.62695
-0.62223
-0.61685
-0.60911
-0.6106
-0.594
-0.54383
-0.59679
-0.57507
-0.58832
-0.57832
-0.59928
-0.57539
-0.621
-0.61716
-0.5976
-0.64415
-0.6911
-0.69524
-0.89819
-0.70623
-0.78669
-0.71568
-0.74328
-0.74595
-0.7741
-0.64962
-1.0284
-0.78884
-0.67958
-0.7912
-1.0761
-0.74408
-0.96293
-0.84926
0
0
0
0
0
0
0
0
-2.8374
0
0
0
0
0
0
0
0
0
0
0
0
0
0
0
0
0
0
0
0
0
0
0
0
0
0
0
0
0
0
0
0
0
0
0
0
0
0
0
0
0
0
0
0
0
0
0
0
0
0
0
0
0
-0.74084
-0.68635
-0.77543
-0.6692
-0.68696
-0.68743
-0.65234
-0.65237
-0.68121
-0.67251
-0.61747
56.2484
-0.61461
-0.61467
-0.59754
-0.79656
-0.74685
-0.72477
-0.70756
-0.70689
-0.65992
-0.76382
-0.82681
-0.7642
-0.75966
-0.75355
-0.74801
-0.74674
-0.72879
-0.6741
-0.73164
-0.70794
-0.72433
-0.71354
-0.73451
-0.70709
-0.75819
-0.7539
-0.73218
-0.78163
-0.84659
-0.833
-1.0551
-0.84749
-0.93424
-0.86162
-0.88809
-0.8944
-0.91545
-0.71193
-1.1891
-0.93687
-0.82165
-0.94513
-1.2367
-0.88893
-1.1155
0
0
0
0
0
0
0
0
0
0
0
0
0
0
0
0
0
0
0
0
0
0
0
0
-3.7137
0
0
0
0
0
0
0
0
0
0
0
0
0
0
0
0
0
0
0
0
0
0
0
-8.8109
0
0
0
0
0
0
0
0
0
0
0
0
0
0
-0.59912
-0.54778
-0.60516
-0.53461
-0.54808
-0.55513
-0.51545
-0.51547
-0.54428
-0.53597
-0.49561
-0.61461
37.9662
-0.4583
-0.46918
-0.63462
-0.59842
-0.59114
-0.57078
-0.57014
-0.52696
-0.62133
-0.67237
-0.62168
-0.6167
-0.61144
-0.60451
-0.60523
-0.58869
-0.53979
-0.59142
-0.57007
-0.58517
-0.5741
-0.59393
-0.57036
-0.6155
-0.61167
-0.5925
-0.63489
-0.69891
-0.68932
-0.90346
-0.70102
-0.77988
-0.71275
-0.73677
-0.74055
-0.76689
-0.64353
-1.0238
-0.78607
-0.6744
-0.79378
-1.0715
-0.74036
-0.95531
-0.84692
-1.2489
0
0
0
0
0
0
0
0
0
0
0
0
0
0
0
0
0
0
0
0
0
0
0
0
0
0
0
0
0
0
0
0
0
0
0
0
0
0
0
0
0
0
0
0
0
0
0
0
0
0
0
0
0
0
0
0
0
0
0
0
0
-0.59918
-0.54783
-0.60523
-0.53467
-0.54814
-0.55518
-0.51551
-0.51553
-0.54433
-0.53604
-0.49567
-0.61467
-0.4583
37.9698
-0.46923
-0.63468
-0.59848
-0.5912
-0.57084
-0.5702
-0.52702
-0.62139
-0.67243
-0.62174
-0.61677
-0.61151
-0.60457
-0.60529
-0.58875
-0.53985
-0.59147
-0.57012
-0.58524
-0.57417
-0.594
-0.57042
-0.61556
-0.61173
-0.59256
-0.63495
-0.69898
-0.68939
-0.9035
-0.70108
-0.77995
-0.71282
-0.73684
-0.74062
-0.76696
-0.64359
-1.0239
-0.78614
-0.67447
-0.79385
-1.0715
-0.74042
-0.95538
-0.84698
-1.249
0
0
0
0
0
0
0
0
0
0
0
0
0
0
0
0
0
0
0
0
0
0
0
0
0
0
0
0
0
0
0
0
0
0
0
0
0
0
0
0
0
0
0
0
0
0
0
0
0
0
0
0
0
0
0
0
0
0
0
0
0
-0.58378
-0.53609
-0.59189
-0.52128
-0.5355
-0.54007
-0.50356
-0.50358
-0.51822
-0.52348
-0.47753
-0.59754
-0.46918
-0.46923
35.9245
-0.61565
-0.57756
-0.57087
-0.55714
-0.5565
-0.51111
-0.60425
-0.65045
-0.60459
-0.59883
-0.59381
-0.58649
-0.58776
-0.57165
-0.52382
-0.57426
-0.55323
-0.56745
-0.55746
-0.57664
-0.54427
-0.59776
-0.59408
-0.57519
-0.61565
-0.6777
-0.66769
-0.87899
-0.67783
-0.75973
-0.69495
-0.71737
-0.72331
-0.74263
-0.62621
-1.0005
-0.76593
-0.65689
-0.7728
0
0
-0.93397
0
0
0
0
0
0
0
0
0
0
0
0
0
0
0
0
0
-2.7906
0
0
0
0
0
0
0
0
0
0
0
0
0
0
0
0
0
0
0
0
0
0
0
0
0
0
0
0
0
0
0
0
0
0
0
0
0
0
0
0
0
0
0
0
0
-0.75452
-0.71166
-0.7983
-0.69501
-0.70847
-0.70709
-0.67412
-0.67414
-0.70181
-0.69231
-0.63773
-0.79656
-0.63462
-0.63468
-0.61565
53.4253
-0.75898
-0.74101
-0.7243
-0.72363
-0.67516
-0.78154
-0.82727
-0.78191
-0.7773
-0.77122
-0.7639
-0.76437
-0.74633
-0.68877
-0.74954
-0.72533
-0.73889
-0.7307
-0.75236
-0.72319
-0.77629
-0.77207
-0.74938
-0.79071
-0.85635
-0.85153
-1.0662
-0.85344
-0.95365
-0.87618
-0.90861
-0.91031
-0.93529
-0.81249
-1.2043
-0.94441
-0.82073
0
0
0
0
0
0
0
0
0
0
0
0
0
0
0
0
0
0
0
0
0
0
0
0
0
0
-4.2847
0
0
0
0
0
0
0
0
0
0
0
0
0
0
0
0
0
0
0
-8.6762
0
0
0
0
0
0
0
0
0
0
0
0
0
0
0
0
0
0
0
0
-0.71678
-0.66931
-0.74605
-0.65178
-0.67242
-0.66723
-0.63754
-0.63756
-0.66616
-0.65621
-0.60163
-0.74685
-0.59842
-0.59848
-0.57756
-0.75898
47.4315
-0.70161
-0.68534
-0.68467
-0.63399
-0.74082
-0.78471
-0.7412
-0.73644
-0.73065
-0.72394
-0.72394
-0.70625
-0.65077
-0.70926
-0.68593
-0.69924
-0.69173
-0.71191
-0.68248
-0.73544
-0.73125
-0.70973
-0.75209
-0.81687
-0.80599
-1.0235
-0.80679
-0.91155
-0.83776
-0.86603
-0.87039
-0.88741
-0.76328
-1.1531
-0.90735
-0.78935
-0.9213
0
0
0
0
0
0
0
0
0
0
0
0
0
0
0
0
0
0
0
0
0
0
0
0
0
0
0
0
0
0
0
0
0
0
0
0
0
0
0
0
0
0
0
0
0
0
0
0
0
0
0
0
0
0
0
0
0
0
0
-8.1145
0
0
0
0
0
0
-0.74026
-0.66167
-0.72813
-0.64469
-0.66397
-0.66543
-0.62745
-0.62747
-0.6547
-0.64406
-0.59268
-0.72477
-0.59114
-0.5912
-0.57087
-0.74101
-0.70161
43.6485
-0.67644
-0.67577
-0.61868
-0.73053
-0.79861
-0.7309
-0.7265
-0.72113
-0.71295
-0.71445
-0.69681
-0.64283
-0.69979
-0.67665
-0.6924
-0.6815
-0.70229
-0.67219
-0.72549
-0.72145
-0.69985
-0.73844
-0.80232
-0.79266
-1.0138
-0.80272
-0.89676
-0.82389
-0.85246
-0.85605
-0.8712
-0.74107
0
-0.88613
0
0
0
0
0
0
0
0
0
0
0
0
0
0
0
0
0
0
0
0
0
0
0
0
0
0
0
0
0
0
0
0
0
0
0
0
0
0
0
0
0
0
0
0
0
0
0
0
0
0
0
0
0
0
0
0
0
0
0
0
0
0
0
0
0
0
0
-7.6827
-0.69416
-0.63907
-0.70049
-0.62286
-0.63941
-0.64478
-0.60566
-0.60569
-0.63554
-0.62692
-0.57627
-0.70756
-0.57078
-0.57084
-0.55714
-0.7243
-0.68534
-0.67644
33.4817
-0.63473
-0.60641
-0.71433
-0.75832
-0.71469
-0.70843
-0.70336
-0.70084
-0.69662
-0.67886
-0.62783
-0.68076
-0.65797
-0.67637
-0.66297
-0.68303
-0.65885
-0.70632
-0.70231
-0.68233
-0.72855
-0.7992
-0.78363
-1.0004
-0.80065
-0.88005
-0.80956
-0.83621
-0.83969
-0.86509
0
0
0
0
0
0
0
0
0
0
0
0
0
0
0
0
0
0
0
0
0
0
0
0
0
0
0
0
0
0
0
0
0
0
0
0
0
0
0
0
0
0
0
0
0
0
0
0
0
0
0
0
0
0
0
0
0
0
0
0
0
0
0
0
0
0
0
0
0
0
0
-0.69349
-0.63842
-0.69983
-0.62222
-0.63877
-0.64413
-0.60503
-0.60505
-0.6349
-0.62628
-0.57564
-0.70689
-0.57014
-0.5702
-0.5565
-0.72363
-0.68467
-0.67577
-0.63473
33.449
-0.60578
-0.71366
-0.75768
-0.71402
-0.70772
-0.70265
-0.70001
-0.69592
-0.67816
-0.62717
-0.68005
-0.65728
-0.67566
-0.66226
-0.68232
-0.65815
-0.7056
-0.7016
-0.68162
-0.72779
-0.79829
-0.78285
-0.99991
-0.79986
-0.87928
-0.8088
-0.83545
-0.8389
-0.8643
0
0
0
0
0
0
0
0
0
0
0
0
0
0
0
0
0
0
0
0
0
0
0
0
0
0
0
0
0
0
0
0
0
0
0
0
0
0
0
0
0
0
0
0
0
0
0
0
0
0
0
0
0
0
0
0
0
0
0
0
0
0
0
0
0
0
0
0
0
0
0
-0.64787
-0.59341
-0.65085
-0.57826
-0.59395
-0.60063
-0.56158
-0.5616
-0.59053
-0.58121
-0.53122
-0.65992
-0.52696
-0.52702
-0.51111
-0.67516
-0.63399
-0.61868
-0.60641
-0.60578
31.6468
-0.66253
-0.70561
-0.66287
-0.65101
-0.64631
-0.63029
-0.63996
-0.62288
-0.5761
-0.62483
-0.60206
-0.61488
-0.60419
-0.62559
-0.60231
-0.64777
-0.64447
-0.62617
-0.66011
-0.73029
-0.72005
0
0
-0.81172
0
-0.77035
0
0
0
0
0
0
0
0
0
0
0
0
0
0
0
0
0
0
0
0
0
0
0
0
0
0
0
0
0
0
0
0
0
0
0
0
0
0
-4.7083
0
0
0
0
0
0
0
0
0
0
0
0
0
0
0
0
0
0
0
0
0
0
0
0
0
0
0
0
0
0
0
0
0
0
-0.75102
-0.6928
-0.75649
-0.67604
-0.69319
-0.69919
-0.65864
-0.65866
-0.68949
-0.68034
-0.6266
-0.76382
-0.62133
-0.62139
-0.60425
-0.78154
-0.74082
-0.73053
-0.71433
-0.71366
-0.66253
29.6844
-0.80132
-0.7585
-0.76193
-0.76103
-0.76907
-0.75368
-0.73433
-0.68235
-0.73557
-0.71167
-0.73224
-0.71915
-0.73664
-0.71551
-0.76162
-0.75762
-0.7372
-0.79102
-0.885
-0.84225
0
0
0
0
0
0
0
0
0
0
0
0
0
0
0
0
0
0
0
0
0
0
0
0
0
0
0
0
0
0
0
0
0
0
0
0
0
0
0
0
0
0
0
0
0
0
0
0
0
0
0
0
0
0
0
0
0
0
0
0
0
0
0
0
0
0
0
0
0
0
0
0
0
0
0
0
0
0
-0.80476
-0.74121
-0.81021
-0.72205
-0.74369
-0.74463
-0.70963
-0.70966
-0.73671
-0.7216
-0.67243
-0.82681
-0.67237
-0.67243
-0.65045
-0.82727
-0.78471
-0.79861
-0.75832
-0.75768
-0.70561
-0.80132
40.9649
-0.80168
-0.79848
-0.79455
-0.78421
-0.78765
-0.76922
-0.71109
-0.77096
-0.74622
-0.7574
-0.75219
-0.77244
-0.74174
-0.7969
-0.79316
-0.77016
-0.80749
0
0
0
0
0
0
0
0
0
0
0
0
0
0
0
0
0
0
0
0
0
0
0
0
0
0
0
0
0
0
0
0
0
0
0
0
0
-3.6459
0
0
0
0
0
0
0
0
0
0
0
0
0
0
0
0
0
0
0
0
0
0
0
0
0
0
0
0
0
0
0
0
0
0
0
0
0
0
0
-7.7913
0
0
-0.75139
-0.69317
-0.75686
-0.67639
-0.69356
-0.69956
-0.65899
-0.65902
-0.68985
-0.6807
-0.62695
-0.7642
-0.62168
-0.62174
-0.60459
-0.78191
-0.7412
-0.7309
-0.71469
-0.71402
-0.66287
-0.7585
-0.80168
29.6998
-0.76234
-0.76144
-0.76931
-0.75409
-0.73473
-0.68275
-0.736
-0.71208
-0.7327
-0.71959
-0.73707
-0.71597
-0.76207
-0.75807
-0.73763
-0.7915
-0.8853
-0.84272
0
0
0
0
0
0
0
0
0
0
0
0
0
0
0
0
0
0
0
0
0
0
0
0
0
0
0
0
0
0
0
0
0
0
0
0
0
0
0
0
0
0
0
0
0
0
0
0
0
0
0
0
0
0
0
0
0
0
0
0
0
0
0
0
0
0
0
0
0
0
0
0
0
0
0
0
0
0
-0.74771
-0.68952
-0.75263
-0.67267
-0.68888
-0.69529
-0.65426
-0.65428
-0.68518
-0.67597
-0.62223
-0.75966
-0.6167
-0.61677
-0.59883
-0.7773
-0.73644
-0.7265
-0.70843
-0.70772
-0.65101
-0.76193
-0.79848
-0.76234
28.657
-0.77021
-0.74484
-0.76227
-0.74088
-0.67868
-0.73258
-0.70837
-0.72738
-0.71679
-0.73272
-0.71073
-0.75744
-0.75356
-0.73334
-0.78359
0
-0.84287
0
0
0
0
0
0
0
0
0
0
0
0
0
0
0
0
0
0
0
0
0
0
0
0
0
0
0
0
0
0
0
0
0
0
0
0
0
0
0
0
0
0
0
0
0
0
0
0
0
0
0
0
0
0
0
0
0
0
0
0
0
0
0
0
0
0
0
0
0
0
0
0
0
0
0
0
0
0
-0.74194
-0.68354
-0.74651
-0.6669
-0.68293
-0.68944
-0.64859
-0.64862
-0.67937
-0.67012
-0.61685
-0.75355
-0.61144
-0.61151
-0.59381
-0.77122
-0.73065
-0.72113
-0.70336
-0.70265
-0.64631
-0.76103
-0.79455
-0.76144
-0.77021
27.5937
-0.73968
-0.70033
-0.67597
-0.67355
-0.72625
-0.70246
-0.74049
-0.72341
-0.73112
-0.72137
-0.7588
-0.75484
-0.73306
-0.80465
0
0
0
0
0
0
0
0
0
0
0
0
0
0
0
0
0
0
0
0
0
0
0
0
0
0
0
0
0
0
0
0
0
0
0
0
0
0
0
0
0
0
0
0
0
0
0
0
0
0
0
0
0
0
0
0
0
0
0
0
0
0
0
0
0
0
0
0
0
0
0
0
0
0
0
0
0
0
0
0
-0.73388
-0.67673
-0.74063
-0.65969
-0.67707
-0.68123
-0.64228
-0.64231
-0.67378
-0.66258
-0.60911
-0.74801
-0.60451
-0.60457
-0.58649
-0.7639
-0.72394
-0.71295
-0.70084
-0.70001
-0.63029
-0.76907
-0.78421
-0.76931
-0.74484
-0.73968
30.8223
-0.73315
-0.71541
-0.66348
-0.71893
-0.69719
-0.70787
-0.70048
-0.72035
-0.69769
-0.74412
-0.74063
-0.71921
0
0
0
0
0
0
0
0
0
0
0
0
0
0
0
0
0
0
0
0
0
0
0
0
0
0
0
0
0
0
0
0
0
0
0
0
0
0
0
0
0
0
0
-4.2819
0
0
0
0
0
0
0
0
0
0
0
0
0
0
0
0
0
0
0
0
0
0
0
0
0
0
0
0
0
0
0
0
0
0
0
0
0
-0.73519
-0.677
-0.73973
-0.66044
-0.67637
-0.68286
-0.6422
-0.64223
-0.67282
-0.66362
-0.6106
-0.74674
-0.60523
-0.60529
-0.58776
-0.76437
-0.72394
-0.71445
-0.69662
-0.69592
-0.63996
-0.75368
-0.78765
-0.75409
-0.76227
-0.70033
-0.73315
27.3271
-0.66678
-0.66661
-0.71914
-0.69496
-0.73227
-0.71551
-0.7236
-0.71337
-0.75101
-0.74717
-0.72547
-0.79675
0
0
0
0
0
0
0
0
0
0
0
0
0
0
0
0
0
0
0
0
0
0
0
0
0
0
0
0
0
0
0
0
0
0
0
0
0
0
0
0
0
0
0
0
0
0
0
0
0
0
0
0
0
0
0
0
0
0
0
0
0
0
0
0
0
0
0
0
0
0
0
0
0
0
0
0
0
0
0
0
-0.71741
-0.65974
-0.72185
-0.64335
-0.65905
-0.66549
-0.62524
-0.62527
-0.65551
-0.6464
-0.594
-0.72879
-0.58869
-0.58875
-0.57165
-0.74633
-0.70625
-0.69681
-0.67886
-0.67816
-0.62288
-0.73433
-0.76922
-0.73473
-0.74088
-0.67597
-0.71541
-0.66678
26.6209
-0.64836
-0.70119
-0.67566
-0.71052
-0.69459
-0.70389
-0.69204
-0.73055
-0.72691
-0.70561
-0.77379
0
0
0
0
0
0
0
0
0
0
0
0
0
0
0
0
0
0
0
0
0
0
0
0
0
0
0
0
0
0
0
0
0
0
0
0
0
0
0
0
0
0
0
0
0
0
0
0
0
0
0
0
0
0
0
0
0
0
0
0
0
0
0
0
0
0
0
0
0
0
0
0
0
0
0
0
0
0
0
0
-0.65898
-0.60641
-0.66715
-0.59206
-0.60717
-0.61119
-0.57468
-0.5747
-0.60343
-0.59413
-0.54383
-0.6741
-0.53979
-0.53985
-0.52382
-0.68877
-0.65077
-0.64283
-0.62783
-0.62717
-0.5761
-0.68235
-0.71109
-0.68275
-0.67868
-0.67355
-0.66348
-0.66661
-0.64836
25.5697
-0.66431
-0.63575
-0.60994
-0.60731
-0.63863
-0.60722
-0.65962
-0.65816
0
0
0
0
0
0
0
0
0
0
0
0
0
0
0
0
0
0
0
0
0
0
0
-2.3572
0
0
0
0
0
0
0
0
0
0
0
0
0
0
0
0
0
0
0
0
0
0
0
0
0
0
0
0
0
0
0
0
0
0
0
0
0
0
0
0
0
0
0
0
0
0
0
0
0
0
0
0
0
0
0
0
0
0
-0.72096
-0.66271
-0.72489
-0.64662
-0.66196
-0.66787
-0.62803
-0.62806
-0.65834
-0.64918
-0.59679
-0.73164
-0.59142
-0.59147
-0.57426
-0.74954
-0.70926
-0.69979
-0.68076
-0.68005
-0.62483
-0.73557
-0.77096
-0.736
-0.73258
-0.72625
-0.71893
-0.71914
-0.70119
-0.66431
25.2879
-0.69483
-0.69105
-0.68544
-0.69921
-0.68632
-0.72307
-0.72463
0
0
0
0
0
0
0
0
0
0
0
0
0
0
0
0
0
0
0
0
0
0
0
0
0
0
0
0
0
0
0
0
0
0
0
0
0
0
0
0
0
0
0
0
0
0
0
0
0
0
0
0
0
0
0
0
0
0
0
0
0
0
0
0
0
0
0
0
0
0
0
0
0
0
0
0
0
0
0
0
0
0
-0.69718
-0.6398
-0.70135
-0.62414
-0.63959
-0.64514
-0.60611
-0.60614
-0.63581
-0.62655
-0.57507
-0.70794
-0.57007
-0.57012
-0.55323
-0.72533
-0.68593
-0.67665
-0.65797
-0.65728
-0.60206
-0.71167
-0.74622
-0.71208
-0.70837
-0.70246
-0.69719
-0.69496
-0.67566
-0.63575
-0.69483
24.2921
-0.69699
-0.65058
-0.65546
-0.65647
-0.68886
0
0
0
0
0
0
0
0
0
0
0
0
0
0
0
0
0
0
0
0
0
0
0
0
0
0
0
0
0
0
0
0
0
0
0
0
0
0
0
-0.56113
0
0
0
0
0
0
0
0
0
0
0
0
0
0
0
0
0
0
0
0
0
0
0
0
0
0
0
0
0
0
0
0
0
0
0
0
0
0
0
0
0
0
0
-0.71054
-0.65469
-0.71853
-0.63754
-0.65608
-0.65902
-0.62207
-0.62208
-0.65193
-0.64031
-0.58832
-0.72433
-0.58517
-0.58524
-0.56745
-0.73889
-0.69924
-0.6924
-0.67637
-0.67566
-0.61488
-0.73224
-0.7574
-0.7327
-0.72738
-0.74049
-0.70787
-0.73227
-0.71052
-0.60994
-0.69105
-0.69699
24.7367
0
-0.67046
0
0
0
0
0
0
0
0
0
0
0
0
0
0
0
0
0
0
0
0
0
0
0
0
0
0
0
0
0
0
0
0
0
0
0
0
0
0
0
0
0
0
0
0
0
0
0
0
0
0
0
0
0
0
0
0
-2.5066
0
0
0
0
0
0
0
0
0
0
0
0
0
0
0
0
0
0
0
0
0
0
0
0
0
0
0
0
-0.7007
-0.63435
-0.70492
-0.62868
-0.64396
-0.64747
-0.61035
-0.61037
-0.64038
-0.63117
-0.57832
-0.71354
-0.5741
-0.57417
-0.55746
-0.7307
-0.69173
-0.6815
-0.66297
-0.66226
-0.60419
-0.71915
-0.75219
-0.71959
-0.71679
-0.72341
-0.70048
-0.71551
-0.69459
-0.60731
-0.68544
-0.65058
0
23.3702
0
0
0
0
0
0
0
0
0
0
0
0
0
0
0
0
0
0
0
0
0
0
0
0
0
0
-2.2019
0
0
0
0
0
0
0
0
0
0
0
0
0
0
0
0
0
0
0
0
0
0
0
0
0
0
0
0
0
0
0
0
0
0
0
0
0
0
0
0
0
0
0
0
0
0
0
0
0
0
0
0
0
0
0
0
0
0
0
-0.72408
-0.66577
-0.72785
-0.64932
-0.66471
-0.67084
-0.63068
-0.63071
-0.66124
-0.6519
-0.59928
-0.73451
-0.59393
-0.594
-0.57664
-0.75236
-0.71191
-0.70229
-0.68303
-0.68232
-0.62559
-0.73664
-0.77244
-0.73707
-0.73272
-0.73112
-0.72035
-0.7236
-0.70389
-0.63863
-0.69921
-0.65546
-0.67046
0
22.4546
0
0
0
0
0
0
0
0
0
0
0
0
0
0
0
0
0
0
0
0
0
0
0
0
0
0
0
0
0
0
0
0
0
0
0
0
0
0
0
0
0
0
0
0
0
0
0
0
0
0
0
0
0
0
0
0
0
0
0
0
0
0
0
0
0
0
0
0
0
0
0
0
0
0
0
0
0
0
0
0
0
0
0
0
0
-0.69121
-0.64157
-0.70035
-0.62382
-0.64058
-0.64458
-0.60699
-0.607
-0.62844
-0.62735
-0.57539
-0.70709
-0.57036
-0.57042
-0.54427
-0.72319
-0.68248
-0.67219
-0.65885
-0.65815
-0.60231
-0.71551
-0.74174
-0.71597
-0.71073
-0.72137
-0.69769
-0.71337
-0.69204
-0.60722
-0.68632
-0.65647
0
0
0
24.0003
0
0
0
0
0
0
0
0
0
0
0
0
0
0
0
0
0
0
0
0
0
0
0
0
0
0
0
0
0
0
0
0
0
-2.9653
0
0
0
0
0
0
0
0
0
0
0
0
0
0
0
0
0
0
0
0
0
0
0
0
0
0
0
0
0
0
0
0
0
0
0
0
0
0
0
0
0
0
0
0
0
0
0
0
0
0
-0.74756
-0.68859
-0.75134
-0.67179
-0.68741
-0.6937
-0.65288
-0.6529
-0.68391
-0.67456
-0.621
-0.75819
-0.6155
-0.61556
-0.59776
-0.77629
-0.73544
-0.72549
-0.70632
-0.7056
-0.64777
-0.76162
-0.7969
-0.76207
-0.75744
-0.7588
-0.74412
-0.75101
-0.73055
-0.65962
-0.72307
-0.68886
0
0
0
0
22.5436
0
0
0
0
0
0
0
0
0
0
0
0
0
0
0
0
0
0
0
0
0
0
0
0
0
0
0
0
0
0
0
0
0
0
0
0
0
0
0
0
0
0
0
0
0
0
0
0
0
0
0
0
0
0
0
0
0
0
0
0
0
0
0
0
0
0
0
0
0
0
0
0
0
0
0
0
0
0
0
0
0
0
0
-0.74339
-0.68452
-0.74709
-0.66782
-0.68328
-0.68962
-0.64887
-0.64889
-0.67984
-0.67047
-0.61716
-0.7539
-0.61167
-0.61173
-0.59408
-0.77207
-0.73125
-0.72145
-0.70231
-0.7016
-0.64447
-0.75762
-0.79316
-0.75807
-0.75356
-0.75484
-0.74063
-0.74717
-0.72691
-0.65816
-0.72463
0
0
0
0
0
0
21.7402
0
0
0
0
0
0
0
0
0
0
0
0
0
0
0
0
0
0
0
0
0
0
0
0
0
0
0
0
0
0
0
0
0
0
0
0
0
0
0
0
0
0
0
0
0
0
0
0
0
0
0
0
0
0
0
0
0
0
0
0
0
0
0
0
0
0
0
0
0
0
0
0
0
0
0
0
0
0
0
0
0
0
-0.72149
-0.66405
-0.72555
-0.64662
-0.66325
-0.66807
-0.62919
-0.62921
-0.6597
-0.6499
-0.5976
-0.73218
-0.5925
-0.59256
-0.57519
-0.74938
-0.70973
-0.69985
-0.68233
-0.68162
-0.62617
-0.7372
-0.77016
-0.73763
-0.73334
-0.73306
-0.71921
-0.72547
-0.70561
0
0
0
0
0
0
0
0
0
20.7135
0
0
0
0
0
0
0
0
0
0
0
0
0
0
0
0
0
0
0
0
0
0
0
0
0
0
0
0
0
0
0
0
-0.95564
0
0
0
0
0
0
0
0
0
0
0
0
0
0
0
0
0
0
0
0
0
0
0
0
0
0
0
0
0
0
0
0
0
0
0
0
0
0
0
0
0
0
0
0
0
0
0
0
-0.75691
-0.70627
-0.77169
-0.68542
-0.70634
-0.72415
-0.67245
-0.67248
-0.70372
-0.6948
-0.64415
-0.78163
-0.63489
-0.63495
-0.61565
-0.79071
-0.75209
-0.73844
-0.72855
-0.72779
-0.66011
-0.79102
-0.80749
-0.7915
-0.78359
-0.80465
0
-0.79675
-0.77379
0
0
0
0
0
0
0
0
0
0
25.1876
0
0
0
0
0
0
0
0
0
0
0
0
0
0
0
0
0
0
0
0
0
0
0
0
0
0
0
0
0
0
0
0
0
0
0
0
0
0
0
0
0
0
0
0
0
0
0
0
-4.8357
0
0
0
0
0
0
0
0
0
0
0
0
0
0
0
0
0
0
0
0
0
0
0
0
0
0
0
0
0
0
0
-0.81871
-0.76125
-0.8347
-0.72675
-0.77464
-0.76972
-0.73863
-0.73866
-0.76937
-0.7593
-0.6911
-0.84659
-0.69891
-0.69898
-0.6777
-0.85635
-0.81687
-0.80232
-0.7992
-0.79829
-0.73029
-0.885
0
-0.8853
0
0
0
0
0
0
0
0
0
0
0
0
0
0
0
0
28.8116
0
0
0
0
0
0
0
0
0
0
0
0
0
0
0
0
0
0
0
-2.2979
0
0
-3.0027
0
0
0
0
0
0
0
0
0
0
0
0
0
0
0
0
0
0
0
0
0
0
0
0
0
0
0
0
0
0
0
0
0
0
0
0
0
0
0
0
0
0
0
0
0
-5.6323
0
0
0
0
0
0
0
0
0
0
-0.81214
-0.76547
-0.82657
-0.74634
-0.76474
-0.76823
-0.72875
-0.72878
-0.75944
-0.75213
-0.69524
-0.833
-0.68932
-0.68939
-0.66769
-0.85153
-0.80599
-0.79266
-0.78363
-0.78285
-0.72005
-0.84225
0
-0.84272
-0.84287
0
0
0
0
0
0
0
0
0
0
0
0
0
0
0
0
23.3998
0
0
0
0
0
0
0
0
0
0
0
0
0
0
0
0
0
0
0
0
0
0
0
0
0
0
0
0
0
0
0
0
0
0
0
0
0
0
0
0
0
0
0
0
0
0
0
0
0
0
0
0
0
0
0
0
0
0
-4.908
0
0
0
0
0
0
0
0
0
0
0
0
0
0
0
0
0
0
0
-1.0213
-0.97625
-1.0467
-0.95233
-0.985
-0.98046
-0.95127
-0.9513
-0.98395
-0.96308
-0.89819
-1.0551
-0.90346
-0.9035
-0.87899
-1.0662
-1.0235
-1.0138
-1.0004
-0.99991
0
0
0
0
0
0
0
0
0
0
0
0
0
0
0
0
0
0
0
0
0
0
39.9812
0
0
0
0
0
0
0
0
0
0
0
0
0
0
0
0
0
0
0
0
0
0
0
0
0
0
0
0
0
0
0
0
0
0
0
0
0
0
0
0
-3.0003
0
0
0
0
0
0
0
0
0
0
0
-5.8586
0
0
0
0
0
-5.786
0
0
0
0
0
0
0
0
0
0
0
0
0
0
-5.7816
0
0
0
-0.81901
-0.77924
-0.84314
-0.75168
-0.7779
-0.7623
-0.74104
-0.74107
-0.77168
-0.76337
-0.70623
-0.84749
-0.70102
-0.70108
-0.67783
-0.85344
-0.80679
-0.80272
-0.80065
-0.79986
0
0
0
0
0
0
0
0
0
0
0
0
0
0
0
0
0
0
0
0
0
0
0
23.5344
0
0
0
0
0
0
0
0
0
0
0
0
0
0
0
0
0
0
0
0
0
0
0
0
0
0
0
0
0
0
0
0
0
0
-3.5237
0
0
0
0
0
0
0
0
0
0
0
0
0
-4.5632
0
0
0
0
0
0
0
0
0
0
0
0
0
0
0
0
0
0
0
0
0
0
0
0
0
0
0
-0.9223
-0.86044
-0.92734
-0.84069
-0.85953
-0.86735
-0.82161
-0.82164
-0.85623
-0.84716
-0.78669
-0.93424
-0.77988
-0.77995
-0.75973
-0.95365
-0.91155
-0.89676
-0.88005
-0.87928
-0.81172
0
0
0
0
0
0
0
0
0
0
0
0
0
0
0
0
0
0
0
0
0
0
0
17.9978
0
0
0
0
0
0
0
0
0
0
0
0
0
0
0
0
0
0
0
0
0
0
0
0
0
0
0
0
0
0
0
0
0
0
0
0
0
0
0
0
0
0
0
0
0
0
0
0
0
0
0
0
0
0
0
0
0
0
0
0
0
0
0
0
0
0
0
0
0
0
0
0
0
0
0
-0.84225
-0.77691
-0.85343
-0.76923
-0.79049
-0.79331
-0.75346
-0.75349
-0.78548
-0.77658
-0.71568
-0.86162
-0.71275
-0.71282
-0.69495
-0.87618
-0.83776
-0.82389
-0.80956
-0.8088
0
0
0
0
0
0
0
0
0
0
0
0
0
0
0
0
0
0
0
0
0
0
0
0
0
18.6563
0
0
0
0
0
0
0
0
0
0
0
0
0
0
0
0
0
0
0
-2.9077
0
0
0
0
0
0
0
0
0
0
0
0
0
0
0
0
0
0
0
0
0
0
0
0
0
0
0
0
0
0
0
0
0
0
0
0
0
0
0
0
0
0
0
0
0
0
0
0
0
0
0
0
0
0
-0.87723
-0.81593
-0.88164
-0.79686
-0.81468
-0.82217
-0.77753
-0.77754
-0.81145
-0.80216
-0.74328
-0.88809
-0.73677
-0.73684
-0.71737
-0.90861
-0.86603
-0.85246
-0.83621
-0.83545
-0.77035
0
0
0
0
0
0
0
0
0
0
0
0
0
0
0
0
0
0
0
0
0
0
0
0
0
17.0686
0
0
0
0
0
0
0
0
0
0
0
0
0
0
0
0
0
0
0
0
0
0
0
0
0
0
0
0
0
0
0
0
0
0
0
0
0
0
0
0
0
0
0
0
0
0
0
0
0
0
0
0
0
0
0
0
0
0
0
0
0
0
0
0
0
0
0
0
0
0
0
0
0
-0.87779
-0.81845
-0.88675
-0.79915
-0.81906
-0.82341
-0.78138
-0.7814
-0.81641
-0.80336
-0.74595
-0.8944
-0.74055
-0.74062
-0.72331
-0.91031
-0.87039
-0.85605
-0.83969
-0.8389
0
0
0
0
0
0
0
0
0
0
0
0
0
0
0
0
0
0
0
0
0
0
0
0
0
0
0
20.3143
0
0
0
0
0
0
0
0
0
0
0
0
0
0
0
0
0
0
0
0
0
0
0
0
0
0
0
0
0
0
0
0
0
0
-3.9469
0
0
0
0
0
0
0
0
0
0
0
0
0
0
0
0
0
0
0
0
0
0
0
0
0
0
0
0
0
0
0
0
0
0
0
0
0
-0.89293
-0.84672
-0.9088
-0.82624
-0.84606
-0.85013
-0.80841
-0.80844
-0.84009
-0.83384
-0.7741
-0.91545
-0.76689
-0.76696
-0.74263
-0.93529
-0.88741
-0.8712
-0.86509
-0.8643
0
0
0
0
0
0
0
0
0
0
0
0
0
0
0
0
0
0
0
0
0
0
0
0
0
0
0
0
21.6136
0
0
0
0
0
0
0
0
0
0
0
0
0
0
0
0
0
0
0
0
0
0
0
0
0
0
0
0
0
0
0
0
0
0
0
0
0
0
0
0
0
0
0
0
0
0
0
0
0
0
0
0
0
0
0
0
0
0
0
0
0
-4.7626
0
0
0
0
0
0
0
0
0
-0.76547
-0.71101
-0.78001
-0.69878
-0.71633
-0.72154
-0.68126
-0.6813
-0.71283
-0.7017
-0.64962
-0.71193
-0.64353
-0.64359
-0.62621
-0.81249
-0.76328
-0.74107
0
0
0
0
0
0
0
0
0
0
0
0
0
0
0
0
0
0
0
0
0
0
0
0
0
0
0
0
0
0
0
15.507
0
0
0
0
0
0
0
0
0
0
0
0
0
0
0
0
0
0
0
0
0
0
0
0
0
0
0
0
0
0
0
-2.745
0
0
0
0
0
0
0
0
0
0
0
0
0
0
0
0
0
0
0
0
0
0
0
0
0
0
0
0
0
0
0
0
0
0
0
0
0
0
-1.1572
-1.11
-1.1782
-1.0869
-1.1115
-1.1144
-1.0701
-1.0701
-1.1094
-1.0949
-1.0284
-1.1891
-1.0238
-1.0239
-1.0005
-1.2043
-1.1531
0
0
0
0
0
0
0
0
0
0
0
0
0
0
0
0
0
0
0
0
0
0
0
0
0
0
0
0
0
0
0
0
0
29.4071
0
0
0
0
0
0
0
0
0
0
0
0
0
0
0
0
0
0
0
0
0
0
0
0
0
0
0
0
0
0
0
0
0
0
0
0
0
0
0
0
0
0
0
0
0
-5.3406
0
0
0
0
0
0
0
0
0
0
0
0
0
0
0
0
0
0
0
0
0
-5.3406
0
-0.90672
-0.86314
-0.9266
-0.83922
-0.86432
-0.86397
-0.82737
-0.82741
-0.8618
-0.85122
-0.78884
-0.93687
-0.78607
-0.78614
-0.76593
-0.94441
-0.90735
-0.88613
0
0
0
0
0
0
0
0
0
0
0
0
0
0
0
0
0
0
0
0
0
0
0
0
0
0
0
0
0
0
0
0
0
18.8976
0
0
0
0
0
0
0
0
0
0
0
0
0
0
0
0
0
0
0
0
0
0
0
0
0
0
0
0
-3.4641
0
0
0
0
0
0
0
0
0
0
0
0
0
0
0
0
0
0
0
0
0
0
0
0
0
0
0
0
0
0
0
0
0
0
0
0
0
0
0
-0.79006
-0.75821
-0.80321
-0.72903
-0.7477
-0.75352
-0.71273
-0.71275
-0.74471
-0.73608
-0.67958
-0.82165
-0.6744
-0.67447
-0.65689
-0.82073
-0.78935
0
0
0
0
0
0
0
0
0
0
0
0
0
0
0
0
0
0
0
0
0
0
0
0
0
0
0
0
0
0
0
0
0
0
0
15.4162
0
0
0
0
0
0
0
0
0
0
0
0
0
0
0
0
0
-2.8111
0
0
0
0
0
0
0
0
0
0
0
0
0
0
0
0
0
0
0
0
0
0
0
0
0
0
0
0
0
0
0
0
0
0
0
0
0
0
0
0
0
0
0
0
0
0
0
0
0
-0.90434
-0.87695
-0.93387
-0.85185
-0.87172
-0.86923
-0.83479
-0.83482
-0.86926
-0.85873
-0.7912
-0.94513
-0.79378
-0.79385
-0.7728
0
-0.9213
0
0
0
0
0
0
0
0
0
0
0
0
0
0
0
0
0
0
0
0
0
0
0
0
0
0
0
0
0
0
0
0
0
0
0
0
17.9089
0
0
0
0
0
0
0
0
0
0
0
0
0
0
0
0
0
0
0
0
0
0
0
0
0
0
0
0
0
0
0
0
0
0
0
-4.1852
0
0
0
0
0
0
0
0
0
0
0
0
0
0
0
0
0
0
0
0
0
0
0
0
0
0
0
0
0
0
-1.2052
-1.1587
-1.2249
-1.1357
-1.1598
-1.1624
-1.1181
-1.1182
-1.1592
-1.1436
-1.0761
-1.2367
-1.0715
-1.0715
0
0
0
0
0
0
0
0
0
0
0
0
0
0
0
0
0
0
0
0
0
0
0
0
0
0
0
0
0
0
0
0
0
0
0
0
0
0
0
0
25.9564
0
0
0
0
0
0
0
0
0
0
0
0
0
0
0
0
0
0
0
0
0
0
0
0
0
0
0
0
0
0
0
0
0
0
0
0
0
0
0
0
0
0
0
0
0
0
0
0
0
0
0
0
0
0
0
0
0
-4.9575
0
-4.9575
0
0
0
0
0
-0.86862
-0.75741
-0.88335
-0.79589
-0.81733
-0.81946
-0.78083
-0.78085
-0.81562
-0.8062
-0.74408
-0.88893
-0.74036
-0.74042
0
0
0
0
0
0
0
0
0
0
0
0
0
0
0
0
0
0
0
0
0
0
0
0
0
0
0
0
0
0
0
0
0
0
0
0
0
0
0
0
0
17.3163
0
0
0
0
0
0
0
0
0
0
0
0
0
0
0
0
0
-2.6999
0
0
0
0
0
-3.377
0
0
0
0
0
0
0
0
0
0
0
0
0
0
0
0
0
0
0
0
0
0
0
0
0
0
0
0
0
0
0
0
0
0
0
0
0
0
0
0
-1.1072
-1.0422
-1.1062
-1.0213
-1.0402
-1.0498
-1.0001
-1.0001
-1.0384
-1.0273
-0.96293
-1.1155
-0.95531
-0.95538
-0.93397
0
0
0
0
0
0
0
0
0
0
0
0
0
0
0
0
0
0
0
0
0
0
0
0
0
0
0
0
0
0
0
0
0
0
0
0
0
0
0
0
0
15.3559
0
0
0
0
0
0
0
0
0
0
0
0
0
0
0
0
0
0
0
0
0
0
0
0
0
0
0
0
0
0
0
0
0
0
0
0
0
0
0
0
0
0
0
0
0
0
0
0
0
0
0
0
0
0
0
0
0
0
0
0
0
0
0
-0.98751
-0.90156
-0.98238
-0.91188
-0.92563
-0.9278
-0.88818
-0.88821
-0.92607
-0.91468
-0.84926
0
-0.84692
-0.84698
0
0
0
0
0
0
0
0
0
0
0
0
0
0
0
0
0
0
0
0
0
0
0
0
0
0
0
0
0
0
0
0
0
0
0
0
0
0
0
0
0
0
0
13.785
0
0
-1.988
0
0
0
0
0
0
0
0
0
0
0
0
0
0
0
0
0
0
0
0
0
0
0
0
0
0
0
0
0
0
0
0
0
0
0
0
0
0
0
0
0
0
0
0
0
0
0
0
0
0
0
0
0
0
0
0
0
0
0
-1.4146
-1.3493
-1.4029
-1.3201
-1.3408
0
-1.2975
-1.2975
-1.3406
-1.3278
0
0
-1.2489
-1.249
0
0
0
0
0
0
0
0
0
0
0
0
0
0
0
0
0
0
0
0
0
0
0
0
0
0
0
0
0
0
0
0
0
0
0
0
0
0
0
0
0
0
0
0
14.589
0
0
0
0
0
0
0
0
0
0
0
0
0
0
0
0
0
0
0
0
0
0
0
0
0
0
0
0
0
0
0
0
0
0
0
0
0
0
0
0
0
0
0
0
0
0
0
0
0
0
0
0
0
0
0
0
0
0
0
0
0
-1.803
-1.7341
-1.7782
-1.7076
-1.7296
0
-1.6848
-1.6849
0
0
0
0
0
0
0
0
0
0
0
0
0
0
0
0
0
0
0
0
0
0
0
0
0
0
0
0
0
0
0
0
0
0
0
0
0
0
0
0
0
0
0
0
0
0
0
0
0
0
0
12.1221
0
0
0
0
0
0
0
0
0
0
0
0
0
0
0
0
0
0
0
0
0
0
0
0
0
0
0
0
0
0
0
0
0
0
0
0
0
0
0
0
0
0
0
0
0
0
0
0
0
0
0
0
0
0
0
0
0
0
0
0
0
-2.3292
0
0
0
0
0
0
0
0
0
0
0
0
0
0
0
0
0
0
0
0
0
0
0
0
0
0
0
0
0
0
0
-2.2019
0
0
0
0
0
0
-2.2979
0
0
0
0
0
0
0
0
0
0
0
0
0
0
0
0
-1.988
0
0
13.2613
0
0
0
0
-2.7802
0
0
0
0
0
0
0
0
0
0
-1.6641
0
0
0
0
0
0
0
0
0
0
0
0
0
0
0
0
0
0
0
0
0
0
0
0
0
0
0
0
0
0
0
0
0
0
0
0
0
0
0
0
0
0
0
0
0
0
0
0
0
0
0
0
0
0
0
0
0
0
0
0
0
0
0
0
0
0
0
0
0
0
0
0
-2.3572
0
0
0
0
0
0
0
0
0
0
0
0
0
0
0
0
0
0
0
0
0
0
0
0
0
0
0
0
0
0
0
18.421
0
0
0
-3.4543
0
0
0
0
0
0
0
0
0
0
0
0
0
0
-3.7277
0
0
0
0
0
0
0
0
-4.48
0
0
0
-4.4018
0
0
0
0
0
0
0
0
0
0
0
0
0
0
0
0
0
0
0
0
0
0
0
0
0
0
-2.2407
-2.1759
-2.1973
-2.1426
-2.1679
0
0
0
0
0
0
0
0
0
0
0
0
0
0
0
0
0
0
0
0
0
0
0
0
0
0
0
0
0
0
0
0
0
0
0
0
0
0
0
0
0
0
0
0
0
0
0
0
0
0
0
0
0
0
0
0
0
10.9244
0
0
0
0
0
0
0
0
0
0
0
0
0
0
0
0
0
0
0
0
0
0
0
0
0
0
0
0
0
0
0
0
0
0
0
0
0
0
0
0
0
0
0
0
0
0
0
0
0
0
0
0
0
0
0
0
0
0
0
0
0
0
0
0
0
0
0
0
0
0
0
0
0
0
0
0
0
0
0
0
0
0
0
0
0
0
0
0
0
0
0
0
0
0
0
0
0
-3.0027
0
0
0
0
0
0
0
0
0
0
0
0
0
0
0
0
0
0
0
0
0
0
16.2169
0
0
-3.5202
0
0
0
0
0
0
0
0
0
0
0
0
0
0
0
0
0
0
0
-4.1808
0
0
0
0
0
0
0
0
0
0
0
0
0
0
0
0
0
0
0
0
0
-5.5132
0
0
0
0
0
0
0
0
0
0
0
0
0
0
0
0
0
0
0
0
0
0
0
0
0
0
0
0
0
0
0
0
0
0
0
0
0
0
0
0
0
0
0
0
0
0
0
0
0
0
0
0
0
0
0
0
0
0
0
0
0
0
0
0
0
0
0
0
0
0
0
0
0
0
0
15.8118
-3.0968
0
0
0
0
0
0
0
0
0
-3.045
0
0
0
0
0
0
0
0
0
0
0
0
0
0
0
0
-4.396
0
0
0
0
0
0
0
0
0
0
0
-5.274
0
0
0
0
0
0
0
0
0
0
0
0
0
0
0
0
0
0
0
0
0
0
0
0
0
0
0
0
0
0
0
0
0
0
0
0
0
0
0
0
0
0
0
0
0
0
0
0
0
0
0
0
0
0
0
0
0
0
0
0
-2.9077
0
0
0
0
0
0
0
0
0
0
0
0
0
0
-2.7802
-3.4543
0
0
-3.0968
12.239
0
0
0
0
0
0
0
0
0
0
0
0
0
0
0
0
0
0
0
0
0
0
0
0
0
0
0
0
0
0
0
0
0
0
0
0
0
0
0
0
0
0
0
0
0
0
0
0
0
0
0
0
0
0
0
0
0
0
0
0
0
0
0
0
-2.8374
0
0
0
0
0
0
0
0
0
0
0
0
0
0
0
0
0
0
0
0
0
0
0
0
0
0
0
0
0
0
0
0
0
0
0
0
0
0
0
0
0
0
0
0
0
0
0
0
0
0
0
0
-3.5202
0
0
13.8243
0
0
0
0
0
-3.0597
0
0
0
0
0
0
0
0
0
0
0
0
0
0
0
0
0
-4.4069
0
0
0
0
0
0
0
0
0
0
0
0
0
0
0
0
0
0
0
0
0
0
0
0
0
0
0
0
0
-2.5032
0
0
0
0
0
0
0
0
0
0
0
0
0
0
0
0
0
0
0
0
0
0
0
0
0
0
0
0
0
0
0
0
0
0
0
0
0
0
0
0
0
0
0
0
0
0
0
0
0
0
0
0
0
0
0
0
0
0
0
0
0
0
0
0
0
0
13.3479
0
0
0
-3.0822
0
0
0
0
0
0
0
0
-3.6903
0
0
0
0
-4.0721
0
0
0
0
0
0
0
0
0
0
0
0
0
0
0
0
0
0
0
0
0
0
0
0
0
0
0
0
0
0
0
0
0
0
0
0
0
0
0
0
0
0
0
-2.2611
0
0
0
0
0
0
0
0
0
0
0
0
0
0
0
0
0
0
0
0
0
0
0
0
0
0
0
0
0
0
0
0
0
0
0
0
0
0
0
0
0
0
0
0
0
0
0
0
0
0
0
0
0
0
0
0
0
0
14.6238
0
0
0
0
0
0
0
0
-3.4052
0
0
0
0
0
0
-4.1216
0
0
0
0
0
0
0
0
0
0
0
0
0
0
0
0
0
0
0
0
0
-4.8358
0
0
0
0
0
0
0
0
0
0
0
0
0
0
0
0
0
0
0
0
0
0
0
0
0
0
0
0
0
0
0
0
0
0
0
0
0
0
0
0
0
0
0
0
0
0
0
0
-2.9653
0
0
0
0
0
0
0
0
0
0
0
0
0
0
0
0
0
0
0
0
0
0
0
0
0
0
0
0
0
0
0
0
0
7.4469
0
0
0
0
-3.8903
0
0
0
0
0
0
0
0
0
0
0
0
0
0
0
0
0
0
0
-0.59121
0
0
0
0
0
0
0
0
0
0
0
0
0
0
0
0
0
0
0
0
0
0
0
0
0
0
0
0
0
0
0
0
0
0
0
0
0
0
0
0
0
0
0
0
0
0
0
0
0
0
0
0
0
0
0
0
0
0
0
0
0
0
0
0
0
0
0
0
0
0
0
0
0
0
0
0
0
-2.8111
0
0
0
0
0
0
0
0
0
0
0
0
0
0
0
0
0
10.8924
0
0
0
0
0
0
-4.0619
0
0
0
-4.0194
0
0
0
0
0
0
0
0
0
0
0
0
0
0
0
0
0
0
0
0
0
0
0
0
0
0
0
0
0
0
0
0
0
0
0
0
0
0
0
0
0
0
0
0
0
0
0
0
0
0
0
0
0
0
0
0
0
0
0
0
0
0
0
0
0
0
0
0
0
0
0
0
0
0
0
0
-0.95564
0
0
0
0
0
0
0
0
0
0
0
0
0
0
0
0
0
0
0
0
0
0
0
0
0
0
0
0
-3.0822
0
0
0
8.0848
0
0
0
0
0
0
0
0
0
0
0
0
0
0
0
0
0
0
0
0
0
0
0
0
0
0
0
0
0
0
0
-4.047
0
0
0
0
0
0
0
0
0
0
0
0
0
0
0
0
0
0
0
0
0
-3.9111
0
0
0
0
0
0
0
0
0
0
0
0
0
0
0
0
0
0
0
0
0
0
0
0
0
0
0
0
0
0
0
0
0
0
0
0
0
0
0
0
0
0
0
0
0
0
0
0
0
0
0
0
0
0
0
0
0
0
0
0
-3.0597
0
0
0
0
0
10.882
0
0
0
0
0
-3.9111
0
0
0
0
0
0
0
0
0
0
0
0
0
0
0
0
0
0
0
0
0
0
0
0
0
0
0
0
0
0
0
0
0
0
0
0
0
0
0
0
0
0
-3.571
0
0
0
0
0
0
0
0
0
0
0
0
0
0
0
0
0
0
0
0
0
0
0
0
0
0
0
0
0
0
0
0
0
0
0
0
0
0
0
0
0
0
0
0
0
0
0
0
0
0
0
0
0
-2.6999
0
0
0
0
0
0
0
0
0
0
0
0
0
0
0
0
0
10.3182
0
0
0
0
0
0
0
0
0
0
-4.0473
0
0
0
0
0
0
0
0
0
0
0
0
0
0
0
0
0
0
0
0
0
0
0
0
0
0
0
0
0
0
0
0
0
0
0
0
0
0
0
0
0
0
0
-2.9561
0
0
0
0
0
-2.7906
0
0
0
0
0
0
0
0
0
0
0
0
0
0
0
0
0
0
0
0
0
0
0
0
0
0
0
0
0
0
0
0
0
0
0
0
0
0
0
0
0
0
0
0
0
0
0
0
0
0
0
0
0
0
-3.8903
0
0
0
0
9.6369
0
0
0
0
0
0
0
0
0
0
0
0
0
0
0
0
0
0
0
0
0
0
0
0
0
0
0
0
0
0
0
0
0
0
0
0
0
0
0
0
0
0
0
0
0
-3.5544
0
0
0
0
-3.5083
0
0
0
0
0
0
0
0
0
0
0
0
0
0
0
0
0
0
0
0
0
0
0
0
0
0
0
0
0
0
0
0
0
0
0
0
0
0
0
0
0
0
0
0
0
0
0
0
0
0
0
0
0
0
0
0
0
0
-3.045
0
0
0
0
0
0
0
0
0
0
10.1077
0
0
0
0
0
0
0
0
0
0
0
0
0
0
0
0
0
0
0
0
0
0
0
0
0
0
0
0
0
0
0
0
0
0
0
0
0
0
0
0
0
0
0
0
0
0
0
0
0
0
0
0
0
0
0
0
0
0
0
0
0
0
0
0
0
0
0
0
0
0
0
0
0
0
0
-0.56113
0
0
0
0
0
0
0
0
0
0
0
0
0
0
0
0
0
0
0
0
0
0
0
0
0
0
0
0
-1.6641
0
0
0
0
0
0
0
0
0
0
0
0
0
0
0
6.7678
0
0
0
0
0
0
0
0
0
0
0
0
0
0
0
0
0
0
0
0
0
0
0
0
0
0
0
0
0
0
0
0
0
0
-4.5425
0
0
0
0
0
0
0
0
0
0
0
0
0
0
0
0
0
0
0
0
0
0
0
0
0
0
0
0
0
0
-3.6459
0
0
0
0
0
0
0
0
0
0
0
0
0
0
0
0
0
0
0
0
0
0
0
0
0
0
0
0
0
0
0
0
0
0
0
0
0
0
0
0
0
0
0
0
0
-3.4052
0
-4.0619
0
0
0
0
0
0
11.113
0
0
0
0
0
0
0
0
0
0
0
0
0
0
0
0
0
0
0
0
0
0
0
0
0
0
0
0
0
0
0
0
0
0
0
0
0
0
0
0
0
0
0
0
0
0
0
0
0
0
0
0
0
0
0
0
0
0
0
0
0
0
0
0
0
0
0
0
0
0
0
0
0
0
0
0
0
0
0
0
0
0
0
0
0
-3.5237
0
0
0
0
0
0
0
0
0
0
0
0
0
0
0
0
0
0
0
0
0
0
0
0
0
0
0
0
-3.9111
0
0
0
0
0
11.679
0
0
0
0
0
0
0
0
0
-4.2442
0
0
0
0
0
0
0
0
0
0
0
0
0
0
0
0
0
0
0
0
0
0
0
0
0
0
0
0
0
0
0
0
0
0
0
0
0
0
0
0
0
0
0
0
0
0
-4.2847
0
0
0
0
0
0
0
0
0
0
0
0
0
0
0
0
0
0
0
0
0
0
0
0
0
0
0
0
0
0
0
0
0
0
0
0
0
0
0
-3.377
0
0
0
0
0
0
0
0
0
0
0
0
0
0
0
0
0
0
0
0
0
0
0
12.6935
0
0
0
0
0
0
0
0
0
0
0
0
0
0
0
0
0
0
-5.0317
0
0
0
0
0
0
0
0
0
0
0
0
0
0
0
0
0
0
0
0
0
0
0
0
0
0
0
0
0
0
0
0
0
0
0
0
0
0
0
0
0
0
0
0
0
0
0
0
0
0
0
0
0
0
0
0
0
0
0
0
0
0
0
0
0
0
0
0
0
0
0
0
-3.4641
0
0
0
0
0
0
0
0
0
-3.7277
0
0
0
0
0
-3.6903
0
0
0
0
0
0
0
0
0
0
0
0
10.8821
0
0
0
0
0
0
0
0
0
0
0
0
0
0
0
0
0
0
0
0
0
0
0
0
0
0
0
0
0
0
0
0
0
0
0
0
0
0
0
0
0
0
0
0
0
0
0
0
0
0
-3.7137
0
0
0
0
0
0
0
0
0
0
0
0
0
0
0
0
0
0
0
0
0
0
0
0
0
0
0
0
0
0
0
0
0
0
0
0
0
-2.745
0
0
0
0
0
0
0
0
0
0
0
0
0
0
0
0
0
0
0
0
-4.0194
0
0
0
0
0
0
0
0
0
0
10.4781
0
0
0
0
0
0
0
0
0
0
0
0
0
0
0
0
0
0
0
0
0
0
0
0
0
0
0
0
0
0
0
0
0
0
0
0
0
0
0
0
0
0
0
0
0
0
0
0
0
0
0
0
0
0
0
0
0
0
0
0
0
0
0
0
-4.2819
0
0
0
0
0
0
0
0
0
0
0
0
0
0
0
0
0
0
0
0
-3.9469
0
0
0
0
0
0
0
0
0
0
0
0
0
0
0
0
0
0
0
0
0
0
0
0
0
0
0
0
0
0
0
0
0
0
13.6124
0
0
0
0
0
0
0
0
0
0
0
0
0
0
0
0
0
0
0
0
0
0
0
0
-5.3836
0
0
0
0
0
0
0
0
0
0
0
0
0
0
0
0
0
0
0
0
0
0
0
0
0
0
0
0
0
0
0
0
0
0
0
0
0
0
0
0
0
0
0
0
0
0
0
0
0
0
0
0
0
0
-3.0003
0
0
0
0
0
0
0
0
0
0
0
0
0
0
0
0
0
0
0
0
0
0
0
0
0
0
0
0
0
0
0
0
0
0
0
0
0
0
0
0
7.0352
0
0
0
-4.0348
0
0
0
0
0
0
0
0
0
0
0
0
0
0
0
0
0
0
0
0
0
0
0
0
0
0
0
0
0
0
0
0
0
0
0
0
0
0
0
0
0
0
0
0
0
0
0
0
0
0
0
0
0
0
0
0
0
0
0
0
0
0
0
0
0
0
0
0
0
0
0
0
0
0
0
0
0
0
0
0
0
0
0
0
0
0
0
0
0
0
0
0
0
0
0
0
0
0
0
0
-4.1216
0
0
0
0
-4.0473
0
0
0
0
0
0
0
0
0
0
8.1689
0
0
0
0
0
0
0
0
0
0
0
0
0
0
0
0
0
0
0
0
0
0
0
0
0
0
0
0
0
0
0
0
0
0
0
0
0
0
0
0
0
0
0
0
0
0
0
0
0
0
0
0
0
0
0
-4.7083
0
0
0
0
0
0
0
0
0
0
0
0
0
0
0
0
0
0
0
0
0
0
0
0
0
0
0
0
0
0
0
0
0
0
0
0
0
0
0
0
0
0
0
0
0
0
-4.0721
0
0
0
0
0
0
0
0
0
0
0
0
0
0
0
0
0
8.7804
0
0
0
0
0
0
0
0
0
0
0
0
0
0
0
0
0
0
0
0
0
0
0
0
0
0
0
0
0
0
0
0
0
0
0
0
0
-5.5321
0
0
0
0
0
0
0
0
0
0
0
0
0
0
0
0
0
0
0
0
0
0
0
0
0
0
0
0
0
0
0
0
0
0
0
0
0
0
0
0
0
0
0
0
0
0
0
0
0
0
0
0
0
0
0
0
0
0
0
-4.1808
0
0
0
0
0
0
0
0
0
0
0
0
0
0
0
0
0
0
0
0
0
0
9.7128
0
0
0
0
0
0
0
0
0
0
0
0
0
0
0
0
0
0
0
0
0
0
0
0
0
0
0
0
0
0
0
0
0
0
0
0
0
0
0
0
0
0
0
0
0
0
0
0
0
0
0
0
0
0
0
0
0
0
0
0
0
0
0
0
0
0
0
0
0
0
0
0
0
0
0
0
0
0
0
0
0
0
0
0
0
0
0
0
0
0
0
0
0
0
0
0
0
0
0
0
0
0
0
0
0
0
0
0
0
0
0
0
0
0
0
0
-4.0348
0
0
0
8.1302
0
0
0
-4.0953
0
0
0
0
0
0
0
0
0
0
0
0
0
0
0
0
0
0
0
0
0
0
0
0
0
0
0
0
0
0
0
0
0
0
0
0
0
0
0
0
0
0
0
0
0
0
0
0
0
0
0
0
0
0
0
0
0
0
0
0
0
0
0
0
0
0
0
-4.8357
0
0
0
0
0
0
0
0
0
0
0
0
0
0
0
0
0
0
0
0
0
0
0
0
0
0
0
0
0
0
0
0
0
0
0
0
0
0
-4.2442
0
0
0
0
0
0
0
0
0
9.0799
0
0
0
0
0
0
0
0
0
0
0
0
0
0
0
0
0
0
0
0
0
0
0
0
0
0
0
0
0
0
0
0
0
0
0
0
0
0
0
0
0
0
0
0
0
0
0
0
0
0
0
0
0
0
0
0
0
0
0
0
0
0
0
0
0
0
0
0
0
0
0
0
0
0
0
0
0
0
0
0
0
0
0
0
-4.1852
0
0
0
0
0
0
0
-4.48
0
0
0
0
0
0
0
0
0
0
0
0
0
0
0
0
0
0
0
0
0
0
0
0
0
0
0
8.6653
0
0
0
0
0
0
0
0
0
0
0
0
0
0
0
0
0
0
0
0
0
0
0
0
0
0
0
0
0
0
0
0
0
0
0
0
0
0
0
0
0
0
0
0
0
0
0
0
0
0
0
0
0
0
0
0
0
0
0
0
0
0
0
0
0
0
0
0
0
0
0
0
0
0
0
0
0
0
0
0
0
0
0
0
0
0
0
0
0
0
0
0
0
0
0
0
-4.4069
0
0
0
0
0
0
0
0
0
0
0
0
0
0
0
0
0
0
0
0
0
0
0
8.8864
0
0
-4.4795
0
0
0
0
0
0
0
0
0
0
0
0
0
0
0
0
0
0
0
0
0
0
0
0
0
0
0
0
0
0
0
0
0
0
0
0
0
0
0
0
0
0
0
0
0
0
0
0
0
0
0
0
0
0
0
0
0
0
-2.5066
0
0
0
0
0
0
0
0
0
0
0
0
0
0
0
0
0
0
0
0
0
0
0
0
0
0
0
0
0
0
0
0
0
0
0
0
0
0
0
0
0
0
0
0
0
0
0
0
0
0
0
0
0
0
-4.0953
0
0
0
6.602
0
0
0
0
0
0
0
0
0
0
0
0
0
0
0
0
0
0
0
0
0
0
0
0
0
0
0
0
0
0
0
0
0
0
0
0
0
0
0
0
0
0
0
0
0
0
0
0
0
0
0
0
0
0
0
0
0
0
0
0
0
0
0
0
0
0
0
0
0
0
0
-4.5632
0
0
0
0
0
0
0
0
0
0
0
0
0
0
0
0
0
0
0
0
-4.396
0
0
0
0
0
0
0
0
0
0
0
0
0
0
0
0
0
0
0
0
0
0
0
0
0
0
0
8.9592
0
0
0
0
0
0
0
0
0
0
0
0
0
0
0
0
0
0
0
0
0
0
0
0
0
0
0
0
0
0
0
0
0
0
0
0
0
0
0
0
0
0
0
0
0
0
0
0
0
0
0
0
0
0
0
0
0
0
0
0
0
0
0
0
0
0
0
0
0
0
0
0
0
0
0
0
0
0
0
0
0
0
0
0
0
0
0
0
-4.4018
0
0
0
0
0
0
0
0
0
0
0
0
0
0
0
0
0
0
0
0
0
0
0
0
0
0
0
0
-4.4795
0
0
8.8813
0
0
0
0
0
0
0
0
0
0
0
0
0
0
0
0
0
0
0
0
0
0
0
0
0
0
0
0
0
0
0
0
0
0
0
0
0
0
0
0
0
0
0
0
0
0
0
0
0
0
0
0
0
0
0
0
0
0
0
0
0
0
0
0
0
0
0
0
0
0
0
0
0
0
0
0
0
0
0
0
0
0
0
0
0
0
0
0
0
0
0
0
0
0
0
-0.59121
0
0
0
0
0
0
0
0
0
0
0
0
0
0
0
0
0
0
0
0
0
0
0
0
0.59121
0
0
0
0
0
0
0
0
0
0
0
0
0
0
0
0
0
0
0
0
0
0
0
0
0
0
0
0
0
0
0
0
0
0
0
0
0
0
0
0
0
0
0
0
0
0
0
0
0
0
0
0
0
0
0
0
0
0
0
0
0
0
0
0
0
0
0
-5.8586
0
0
0
0
0
0
0
0
0
0
0
0
0
0
0
0
0
0
0
0
0
0
0
0
0
0
0
0
0
0
0
0
0
0
0
0
0
0
0
0
0
0
0
0
0
0
0
0
0
0
0
0
5.8586
0
0
0
0
0
0
0
0
0
0
0
0
0
0
0
0
0
0
0
0
0
0
0
0
0
0
0
0
0
0
0
0
0
0
0
0
0
0
0
0
0
0
0
0
0
0
0
0
0
0
0
0
0
0
0
0
0
0
0
0
0
0
0
0
0
0
0
0
0
0
0
0
0
0
-5.3406
0
0
0
0
0
0
0
0
0
0
0
0
0
0
0
0
0
0
0
0
0
0
0
0
0
0
0
0
0
0
0
0
0
0
0
0
0
0
0
0
0
0
0
0
0
5.3406
0
0
0
0
0
0
0
0
0
0
0
0
0
0
0
0
0
0
0
0
0
0
0
-7.7995
0
0
0
0
0
0
0
0
0
0
0
0
0
0
0
0
0
0
0
0
0
0
0
0
0
0
0
0
0
0
0
0
0
0
0
0
0
0
0
0
0
0
0
0
0
0
0
0
0
0
0
0
0
0
0
0
0
0
0
0
0
0
0
0
0
0
0
0
0
0
0
0
0
0
0
0
0
0
0
0
0
0
0
0
0
0
0
0
0
0
0
0
0
0
0
0
7.7995
0
0
0
0
0
0
0
0
0
0
0
0
0
0
0
0
0
0
0
0
0
0
0
0
0
0
0
0
0
0
0
0
0
0
0
0
0
0
0
0
0
0
0
0
0
0
0
0
0
0
0
0
0
0
0
0
0
0
0
0
0
0
0
0
0
0
0
0
0
0
0
0
0
0
0
0
0
0
0
0
0
0
0
0
0
0
0
0
0
0
0
0
0
0
0
0
0
0
0
0
0
-5.0317
0
0
0
0
0
0
0
0
0
0
0
0
0
0
0
0
0
0
5.0317
0
0
0
0
0
0
0
0
0
0
0
0
0
0
0
0
0
0
0
0
0
0
0
0
0
0
0
0
0
0
0
0
0
0
0
0
-8.6762
0
0
0
0
0
0
0
0
0
0
0
0
0
0
0
0
0
0
0
0
0
0
0
0
0
0
0
0
0
0
0
0
0
0
0
0
0
0
0
0
0
0
0
0
0
0
0
0
0
0
0
0
0
0
0
0
0
0
0
0
0
0
0
0
0
0
0
0
0
0
0
0
0
0
0
0
0
0
0
0
0
0
0
8.6762
0
0
0
0
0
0
0
0
0
0
0
0
0
0
0
0
0
0
0
0
0
0
0
0
0
0
0
0
0
0
0
0
0
0
0
0
0
0
0
0
0
0
0
0
0
0
0
0
0
0
0
0
0
0
0
0
0
0
0
0
0
-4.908
0
0
0
0
0
0
0
0
0
0
0
0
0
0
0
0
0
0
0
0
0
0
0
0
0
0
0
0
0
0
0
0
0
0
0
0
0
0
0
0
0
0
0
0
0
0
0
0
0
0
0
0
0
0
0
0
0
0
4.908
0
0
0
0
0
0
0
0
0
0
0
0
0
0
0
0
0
0
0
0
0
0
0
0
0
0
0
0
0
0
0
0
0
0
0
0
0
0
0
0
0
0
0
0
0
0
0
0
0
0
0
0
0
0
0
0
0
0
0
0
0
-5.786
0
0
0
0
0
0
0
0
0
0
0
0
0
0
0
0
0
0
0
0
0
0
0
0
0
0
0
0
0
0
0
0
0
0
0
0
0
0
0
0
0
0
0
0
0
0
0
0
0
0
0
0
0
0
0
0
0
0
5.786
0
0
0
0
0
0
0
0
0
0
0
0
0
0
0
0
0
0
-7.7995
0
0
0
0
0
0
0
0
0
0
0
0
0
0
0
0
0
0
0
0
0
0
0
0
0
0
0
0
0
0
0
0
0
0
0
0
0
0
0
0
0
0
0
0
0
0
0
0
0
0
0
0
0
0
0
0
0
0
0
0
0
0
0
0
0
0
0
0
0
0
0
0
0
0
0
0
0
0
0
0
0
0
0
0
0
0
0
0
0
0
0
0
0
0
0
0
0
0
0
0
0
7.7995
0
0
0
0
0
0
0
0
0
0
0
0
0
0
0
0
0
0
0
0
0
0
0
0
0
0
0
0
0
0
0
0
0
0
0
0
0
0
0
0
0
0
0
0
0
0
0
0
0
0
0
0
0
0
0
0
0
0
0
0
0
0
0
0
0
0
0
0
0
0
0
0
0
0
0
0
0
0
0
0
0
0
0
0
0
0
0
0
-4.047
0
0
0
0
0
0
0
0
0
0
0
0
0
0
0
0
0
0
0
0
0
0
0
0
0
0
0
0
0
0
0
4.047
0
0
0
0
0
0
0
0
0
0
0
0
0
0
0
0
0
0
0
0
0
0
0
0
0
0
0
0
0
0
0
0
0
0
0
0
0
0
0
0
0
0
0
0
0
0
0
0
0
0
0
0
0
0
0
0
0
0
0
0
0
0
0
0
0
0
0
0
0
0
0
0
0
0
0
0
0
0
0
0
-5.274
0
0
0
0
0
0
0
0
0
0
0
0
0
0
0
0
0
0
0
0
0
0
0
0
0
0
0
0
0
0
0
0
0
0
0
0
0
0
0
5.274
0
0
0
0
0
0
0
0
0
0
0
0
0
0
0
0
0
0
0
0
0
0
0
0
0
0
-8.8109
0
0
0
0
0
0
0
0
0
0
0
0
0
0
0
0
0
0
0
0
0
0
0
0
0
0
0
0
0
0
0
0
0
0
0
0
0
0
0
0
0
0
0
0
0
0
0
0
0
0
0
0
0
0
0
0
0
0
0
0
0
0
0
0
0
0
0
0
0
0
0
0
0
0
0
0
0
0
0
0
0
0
0
0
0
0
0
0
0
0
0
0
0
8.8109
0
0
0
0
0
0
0
0
0
0
0
0
0
0
0
0
0
0
0
0
0
0
0
0
0
0
0
0
0
0
0
0
0
0
0
0
0
0
0
0
0
0
0
0
0
0
0
0
0
0
0
0
0
0
0
0
0
0
0
0
0
0
0
0
0
0
0
0
0
0
0
0
0
0
0
0
0
0
0
0
0
0
-4.8358
0
0
0
0
0
0
0
0
0
0
0
0
0
0
0
0
0
0
0
0
0
0
0
0
0
0
0
0
0
0
0
0
0
0
0
0
0
4.8358
0
0
0
0
0
0
0
0
0
0
0
0
0
0
0
0
0
0
0
0
0
0
0
0
0
0
0
0
0
0
0
0
0
0
0
0
0
0
0
0
0
0
0
0
0
0
0
0
0
0
0
0
0
0
0
0
0
0
0
0
0
0
0
0
0
0
0
0
0
0
0
0
0
0
0
0
0
0
0
0
0
0
0
0
0
0
0
0
0
0
0
0
0
0
0
-5.3836
0
0
0
0
0
0
0
0
0
0
0
0
0
0
0
0
0
0
0
0
0
0
0
0
5.3836
0
0
0
0
0
0
0
0
0
0
0
0
0
0
0
0
0
0
0
0
0
0
0
0
0
0
0
0
0
0
0
0
0
0
0
0
0
0
0
0
0
0
0
0
0
0
0
0
0
0
0
0
0
0
0
0
0
0
0
0
0
0
0
0
0
0
0
0
0
0
0
0
0
0
0
-5.5132
0
0
0
0
0
0
0
0
0
0
0
0
0
0
0
0
0
0
0
0
0
0
0
0
0
0
0
0
0
0
0
0
0
0
0
0
0
0
0
0
0
0
0
0
5.5132
0
0
0
0
0
0
0
0
0
0
0
0
0
0
0
0
0
0
0
0
0
0
0
0
0
0
0
0
0
0
0
0
0
0
0
0
0
0
0
0
0
0
0
0
0
0
0
0
0
0
0
-5.6323
0
0
0
0
0
0
0
0
0
0
0
0
0
0
0
0
0
0
0
0
0
0
0
0
0
0
0
0
0
0
0
0
0
0
0
0
0
0
0
0
0
0
0
0
0
0
0
0
0
0
0
0
0
0
0
0
0
0
0
0
0
0
0
0
0
0
0
0
5.6323
0
0
0
0
0
0
0
0
0
0
0
0
0
0
0
0
0
0
0
0
0
0
0
0
0
0
0
0
0
0
0
0
0
0
0
0
0
0
0
0
0
0
0
0
0
0
0
0
0
0
0
0
0
0
0
0
0
0
-4.7626
0
0
0
0
0
0
0
0
0
0
0
0
0
0
0
0
0
0
0
0
0
0
0
0
0
0
0
0
0
0
0
0
0
0
0
0
0
0
0
0
0
0
0
0
0
0
0
0
0
0
0
0
0
0
0
0
0
0
0
0
0
4.7626
0
0
0
0
0
0
0
0
0
0
0
0
0
0
0
0
0
0
0
0
0
0
0
0
0
0
0
0
0
0
0
0
0
0
0
0
0
0
0
0
0
0
0
0
0
0
0
0
0
0
0
0
0
0
0
0
0
0
0
0
0
0
0
0
0
0
0
0
0
0
0
0
0
0
0
0
0
0
0
0
0
0
0
0
0
-4.5425
0
0
0
0
0
0
0
0
0
0
0
0
0
0
0
0
0
0
0
0
0
0
0
0
0
0
0
0
0
0
0
0
0
0
4.5425
0
0
0
0
0
0
0
0
0
0
0
0
0
0
0
0
0
0
0
0
0
0
0
0
0
0
0
0
0
0
0
0
0
0
0
0
0
0
0
0
0
0
0
0
0
0
0
0
0
0
0
0
0
0
0
0
0
0
0
0
0
0
-4.9575
0
0
0
0
0
0
0
0
0
0
0
0
0
0
0
0
0
0
0
0
0
0
0
0
0
0
0
0
0
0
0
0
0
0
0
0
0
0
0
0
0
0
0
0
0
0
0
0
0
0
0
0
0
0
0
0
0
4.9575
0
0
0
0
0
0
0
0
0
0
0
0
0
0
0
0
0
0
0
0
0
0
0
-8.1145
0
0
0
0
0
0
0
0
0
0
0
0
0
0
0
0
0
0
0
0
0
0
0
0
0
0
0
0
0
0
0
0
0
0
0
0
0
0
0
0
0
0
0
0
0
0
0
0
0
0
0
0
0
0
0
0
0
0
0
0
0
0
0
0
0
0
0
0
0
0
0
0
0
0
0
0
0
0
0
0
0
0
0
0
0
0
0
0
0
0
0
0
0
0
0
0
8.1145
0
0
0
0
0
0
0
0
0
0
0
0
0
0
0
0
0
0
0
0
0
0
0
0
0
0
0
0
0
0
0
0
0
0
0
0
0
0
0
0
0
0
0
0
0
0
0
0
0
0
0
0
0
0
0
0
0
0
0
0
-4.9575
0
0
0
0
0
0
0
0
0
0
0
0
0
0
0
0
0
0
0
0
0
0
0
0
0
0
0
0
0
0
0
0
0
0
0
0
0
0
0
0
0
0
0
0
0
0
0
0
0
0
0
0
0
0
0
0
0
0
0
4.9575
0
0
0
0
0
0
0
-8.6787
0
0
0
0
0
0
0
0
0
0
0
0
0
0
0
0
0
0
0
0
0
0
0
0
0
0
0
0
0
0
0
0
0
0
0
0
0
0
0
0
0
0
0
0
0
0
0
0
0
0
0
0
0
0
0
0
0
0
0
0
0
0
0
0
0
0
0
0
0
0
0
0
0
0
0
0
0
0
0
0
0
0
0
0
0
0
0
0
0
0
0
0
0
0
0
0
0
0
0
0
0
0
0
0
0
0
0
0
0
0
0
0
8.6787
0
0
0
0
0
0
0
0
0
0
0
0
0
0
0
0
0
0
0
0
0
0
0
0
0
0
0
0
0
0
0
0
0
0
0
0
0
0
0
0
0
0
0
0
0
0
-5.7816
0
0
0
0
0
0
0
0
0
0
0
0
0
0
0
0
0
0
0
0
0
0
0
0
0
0
0
0
0
0
0
0
0
0
0
0
0
0
0
0
0
0
0
0
0
0
0
0
0
0
0
0
0
0
0
0
0
0
0
0
0
0
0
0
0
0
0
0
0
0
0
0
0
5.7816
0
0
0
0
0
0
0
0
0
0
0
0
0
0
0
0
0
0
0
0
0
0
0
0
0
-7.7913
0
0
0
0
0
0
0
0
0
0
0
0
0
0
0
0
0
0
0
0
0
0
0
0
0
0
0
0
0
0
0
0
0
0
0
0
0
0
0
0
0
0
0
0
0
0
0
0
0
0
0
0
0
0
0
0
0
0
0
0
0
0
0
0
0
0
0
0
0
0
0
0
0
0
0
0
0
0
0
0
0
0
0
0
0
0
0
0
0
0
0
0
0
0
7.7913
0
0
0
0
0
0
0
0
0
0
0
0
0
0
0
0
0
0
0
0
0
0
0
0
0
0
0
0
0
0
0
0
0
0
0
0
0
0
0
0
0
0
0
0
0
0
0
0
0
0
0
0
-5.3406
0
0
0
0
0
0
0
0
0
0
0
0
0
0
0
0
0
0
0
0
0
0
0
0
0
0
0
0
0
0
0
0
0
0
0
0
0
0
0
0
0
0
0
0
0
0
0
0
0
0
0
0
0
0
0
0
0
0
0
0
0
0
0
0
0
0
0
5.3406
0
0
0
0
0
0
0
0
0
0
0
0
0
0
0
0
0
0
-7.6827
0
0
0
0
0
0
0
0
0
0
0
0
0
0
0
0
0
0
0
0
0
0
0
0
0
0
0
0
0
0
0
0
0
0
0
0
0
0
0
0
0
0
0
0
0
0
0
0
0
0
0
0
0
0
0
0
0
0
0
0
0
0
0
0
0
0
0
0
0
0
0
0
0
0
0
0
0
0
0
0
0
0
0
0
0
0
0
0
0
0
0
0
0
0
0
0
0
0
0
0
0
7.6827
