1
0.97287
0.96425
0.96062
0.95694
0.95496
0.95334
0.95157
0.95048
0.9496
0.94855
0.94533
0.9425
0.93962
0.93707
0.93454
0.93227
0.92998
0.92789
0.92579
0.92386
0.92192
0.92013
0.91834
0.9167
0.91504
0.91352
0.91199
0.91055
0.90912
0.90775
0.90639
0.90508
0.90377
0.90251
0.90125
0.90002
0.89879
0.89757
0.89634
0.89512
0.8939
0.89266
0.89141
0.89015
0.88886
0.88756
0.88624
0.88489
0.88353
0.88214
0.88073
0.8793
0.87784
0.87635
0.87484
0.8733
0.87173
0.87013
0.8685
0.86684
0.86514
0.86341
0.86167
0.8599
0.85813
0.85635
0.85459
0.85283
0.85111
0.8494
0.84773
0.84608
0.84447
0.84289
0.84134
0.83983
0.83834
0.83688
0.83545
0.83404
0.83266
0.83129
0.82995
0.82863
0.82733
0.82604
0.82477
0.82351
0.82227
0.82103
0.8198
0.81859
0.81738
0.81617
0.81497
0.81377
0.81258
0.81139
0.81021
0.80902
0.80784
0.80666
0.80548
0.80431
0.80313
0.80195
0.80078
0.7996
0.79842
0.79725
0.79607
0.79488
0.7937
0.79251
0.79132
0.79012
0.78893
0.78773
0.78652
0.78532
0.78411
0.7829
0.78169
0.78048
0.77926
0.77804
0.77682
0.7756
0.77438
0.77315
0.77192
0.7707
0.76948
0.76827
0.76706
0.76585
0.76466
0.76347
0.76229
0.76112
0.75997
0.75882
0.75769
0.75657
0.75547
0.75437
0.75329
0.75222
0.75116
0.7501
0.74906
0.74802
0.74699
0.74597
0.74495
0.74394
0.74294
0.74195
0.74096
