1
0.96182
0.94862
0.94183
0.93654
0.93256
0.92937
0.92674
0.92449
0.92237
0.91679
0.9155
0.91055
0.90578
0.90148
0.89738
0.89359
0.88999
0.88661
0.88341
0.88039
0.87749
0.87471
0.87201
0.86938
0.8668
0.86426
0.86176
0.8593
0.85687
0.85448
0.85211
0.84977
0.84745
0.84515
0.84287
0.8406
0.83834
0.83609
0.83386
0.83165
0.82947
0.82732
0.8252
0.82312
0.82108
0.81908
0.81712
0.8152
0.81332
0.81148
0.80967
0.8079
0.80615
0.80443
0.80274
0.80107
0.79942
0.7978
0.79621
0.79463
0.79309
0.79156
0.79005
0.78856
0.78709
0.78564
0.7842
0.78279
0.78139
0.78001
0.77866
0.77732
0.77601
0.77473
0.77347
0.77223
0.77101
0.76982
0.76865
0.76751
0.76639
0.76529
0.76422
0.76316
0.76213
0.76111
0.76011
0.75912
0.75814
0.75716
0.75619
0.75522
0.75425
0.75327
0.75229
0.75131
0.75033
0.74934
0.74835
0.74735
0.74636
0.74537
0.74438
0.74339
0.74241
0.74143
0.74046
0.73949
0.73852
0.73756
0.73659
0.73562
0.73465
0.73367
