1
0.96182
0.94877
0.94089
0.93569
0.93221
0.92934
0.92742
0.92545
0.92399
0.91899
0.91822
0.91355
0.9097
0.90588
0.90254
0.89944
0.89665
0.89415
0.89191
0.88992
0.88808
0.88637
0.88474
0.88315
0.88153
0.87989
0.87819
0.87643
0.8746
0.87273
0.87083
0.86895
0.86711
0.86532
0.86359
0.86192
0.8603
0.85874
0.85721
0.85573
0.85428
0.85287
0.85148
0.85011
0.84878
0.84747
0.84619
0.84493
0.8437
0.84249
0.8413
0.84012
0.83896
0.83782
0.8367
0.83559
0.83452
0.83349
0.8325
0.83157
0.83068
0.82986
0.82908
0.82837
0.82771
0.8271
0.82654
0.82602
0.82553
0.82507
0.82464
0.82423
0.82384
0.82346
0.82311
0.82277
0.82244
0.82212
0.82182
0.82153
0.82125
0.82098
0.82072
0.82047
0.82023
0.82
0.81978
0.81956
0.81934
0.81913
0.81892
0.8187
0.81848
0.81825
0.81802
0.81779
0.81755
0.81732
0.81708
0.81685
0.81663
0.81641
0.81619
0.81599
0.81579
0.81559
0.8154
0.81521
0.81502
0.81483
0.81462
0.81441
0.81418
0.81394
