1
0.97131
0.96486
0.96076
0.9585
0.95626
0.95472
0.9534
0.95207
0.95111
0.94997
0.94935
0.94878
0.94842
0.94589
0.94367
0.94395
0.94201
0.94009
0.93832
0.93651
0.93464
0.93257
0.93028
0.92775
0.92509
0.92241
0.91982
0.91736
0.91505
0.91287
0.9108
0.90883
0.90694
0.90511
0.90334
0.90161
0.89992
0.89827
0.89667
0.8951
0.89358
0.89212
0.8907
0.88935
0.88805
0.88682
0.88565
0.88453
0.88348
0.88248
0.88154
0.88065
0.87981
0.87902
0.87828
0.87757
0.87691
0.87627
0.87568
0.87511
0.87456
0.87405
0.87355
0.87307
0.87261
0.87217
0.87175
0.87134
0.87095
0.87058
0.87022
0.86987
0.86954
0.86923
0.86892
0.86863
0.86835
0.86807
0.86781
0.86754
0.86728
0.86703
0.86677
0.8665
0.86623
0.86594
0.86565
0.86533
0.865
0.86465
0.86428
0.86388
0.86346
0.86301
0.86255
0.86206
0.86155
0.86101
0.86047
0.85991
0.85933
0.85875
0.85815
0.85755
0.85695
0.85634
0.85572
0.8551
0.85447
0.85384
0.85321
0.85257
0.85193
0.85129
0.85064
0.84999
0.84934
0.84869
0.84803
0.84738
0.84673
0.84609
0.84544
0.8448
0.84417
0.84354
0.84292
0.84231
0.8417
0.84111
0.84052
0.83994
0.83937
0.83881
0.83826
0.83772
0.83718
0.83665
0.83613
0.83561
0.83509
0.83458
0.83407
0.83357
