1
0.96728
0.95568
0.95295
0.95381
0.94969
0.9497
0.94801
0.94709
0.9463
0.94556
0.94286
0.94186
0.9399
0.93881
0.93723
0.93603
0.93447
0.93337
0.93208
0.93123
0.93034
0.92977
0.92914
0.92866
0.92809
0.92756
0.927
0.92651
0.92606
0.9257
0.92541
0.92519
0.92504
0.92498
0.92503
0.9252
0.92551
0.92595
0.92654
0.92726
0.92806
0.92888
0.92961
0.93018
0.93054
0.93066
0.93055
0.93021
0.92969
0.92902
0.92824
0.92735
0.92639
0.92536
0.9243
0.92321
0.92211
0.92101
0.91992
0.91886
0.91783
0.91685
0.9159
0.915
0.91413
0.91329
0.91248
0.91171
0.91096
0.91025
0.90958
0.90893
0.90832
0.90772
0.90714
0.90658
0.90603
0.90551
0.90499
0.90449
0.904
0.9035
0.90299
0.90246
0.90192
0.90135
0.90076
0.90013
0.89948
0.8988
0.8981
0.89737
0.89663
0.89586
0.89508
0.89429
0.89349
0.89269
0.89189
0.89109
0.8903
0.88951
0.88874
0.88799
0.88724
0.88652
0.88581
0.88512
0.88446
0.88384
0.88326
0.88275
0.88232
0.882
0.8818
0.88176
0.88189
0.88222
0.88274
0.88345
0.88433
0.88531
0.88636
0.88741
0.88841
0.88934
0.89018
0.89091
0.89155
0.89209
0.89254
0.89291
0.8932
0.89342
0.89358
0.89366
0.89369
0.89367
0.89359
0.89346
0.8933
0.89311
0.89288
0.89263
