1
0.97177
0.96025
0.95278
0.95264
0.9495
0.94836
0.94391
0.94015
0.93666
0.932
0.92617
0.92038
0.91408
0.90855
0.90381
0.90063
0.89939
0.89977
0.9006
0.90042
0.89943
0.8977
0.89586
0.89379
0.89186
0.88982
0.88784
0.88573
0.88365
0.88158
0.8797
0.8781
0.87698
0.87652
0.8769
0.87814
0.87997
0.88183
0.8833
0.88426
0.88478
0.88499
0.88499
0.88489
0.88479
0.88475
0.88481
0.88498
0.88523
0.88551
0.88579
0.88605
0.88632
0.88661
0.88693
0.88728
0.88762
0.88791
0.88811
0.88822
0.88822
0.88813
0.88797
0.88777
0.88755
0.88733
0.88714
0.887
0.88694
0.88698
0.8871
0.88729
0.88753
0.88778
0.88801
0.88823
0.88842
0.88862
0.88883
0.88909
0.88942
0.88985
0.89043
0.89119
0.89217
0.8934
0.8949
0.89663
0.89853
0.90049
0.90241
0.9042
0.90581
0.90721
0.90841
0.90942
0.91026
0.91095
0.91152
0.91197
0.91234
0.91263
0.91286
0.91306
0.91322
0.91337
0.91352
0.91368
0.91386
0.91408
0.91434
0.91464
0.91499
0.91539
0.91584
0.91632
0.91683
0.91735
0.91787
0.91838
0.91884
0.91924
0.91955
0.91977
0.91987
0.91987
0.91975
0.91955
0.91928
0.91896
0.91861
0.91826
0.91793
0.91763
0.91736
0.91715
0.91701
0.91695
0.91699
0.91716
0.91745
0.91789
0.91848
0.91922
