1
0.96876
0.95466
0.94671
0.94045
0.93509
0.93037
0.92619
0.92256
0.91432
0.90663
0.89947
0.89276
0.88633
0.88021
0.87439
0.86885
0.86357
0.85855
0.85372
0.84904
0.84448
0.84006
0.83578
0.83165
0.82766
0.82379
0.82003
0.81638
0.81282
0.80934
0.80592
0.80255
0.7992
0.79584
0.79248
0.78908
0.78565
0.7822
0.77872
0.77524
0.77175
0.76827
0.76481
0.76139
0.75802
0.75472
0.75152
0.74841
0.74542
0.74256
0.73983
0.73724
0.73481
0.73252
0.73039
0.72844
0.72666
0.72506
0.72362
0.72232
0.72115
0.72008
0.71909
0.71815
0.71724
0.71636
0.71551
0.71468
0.71387
0.7131
0.71235
0.71164
0.71096
0.71032
0.70972
0.70915
0.70862
0.70813
0.70767
0.70726
0.70689
0.70656
0.70628
0.70604
0.70586
0.70572
0.70562
0.70558
0.70557
0.70561
0.70568
0.70579
0.70595
0.70614
0.70637
0.70665
0.70698
0.70734
0.70775
0.7082
0.70867
0.70916
0.70967
0.71018
0.71069
0.71117
0.71162
0.71205
0.71243
0.71276
0.71305
0.7133
0.7135
0.71365
0.71377
0.71384
0.71388
0.71389
0.71387
0.71383
0.71376
0.71368
0.71359
0.71348
0.71336
0.71324
0.7131
0.71297
0.71283
0.71269
0.71255
0.71241
0.71228
