1
0.96095
0.94733
0.93929
0.93336
0.92867
0.9256
0.92289
0.92085
0.91901
0.9175
0.91123
0.90545
0.90014
0.89509
0.89032
0.88575
0.88148
0.87739
0.87357
0.86988
0.86638
0.86295
0.85971
0.85655
0.85357
0.85065
0.84784
0.84505
0.8423
0.83953
0.83674
0.83392
0.83111
0.82833
0.82563
0.82303
0.82051
0.81809
0.81574
0.81346
0.81122
0.80902
0.80684
0.80469
0.80255
0.80044
0.79833
0.79624
0.79416
0.79208
0.78999
0.78789
0.78577
0.78362
0.78146
0.77927
0.77707
0.77486
0.77264
0.77044
0.76827
0.76614
0.7641
0.76216
0.76033
0.75863
0.75706
0.75563
0.75432
0.75313
0.75202
0.75098
0.75
0.74905
0.74813
0.74721
0.74631
0.74541
0.74451
0.74363
0.74275
0.74189
0.74105
0.74022
0.73942
0.73863
0.73787
0.73713
0.73643
0.73576
0.73511
0.7345
0.73391
0.73333
0.73277
0.73221
0.73165
0.73109
0.73051
0.72991
0.72929
0.72864
0.72795
0.72722
0.72644
0.72561
0.72472
0.72378
0.72278
0.72174
0.72066
0.71956
0.71845
0.71733
0.71623
0.71514
0.71408
0.71306
0.71208
0.71117
0.71031
0.70953
0.70883
0.70821
0.70768
0.70724
0.70689
0.70662
0.70643
0.7063
0.70621
0.70614
0.70608
0.70603
0.70597
0.7059
0.70582
0.70574
0.70566
0.70556
