1
0.97002
0.96317
0.95876
0.95564
0.95338
0.95083
0.94937
0.94844
0.94762
0.945
0.94468
0.94452
0.94438
0.94233
0.9404
0.93866
0.93712
0.93574
0.93454
0.93348
0.93257
0.93178
0.9311
0.93049
0.92994
0.92941
0.92891
0.92843
0.92797
0.92753
0.92711
0.9267
0.92629
0.92589
0.92549
0.92508
0.92464
0.92418
0.92368
0.92314
0.92255
0.92191
0.92125
0.92056
0.91987
0.91919
0.91852
0.91786
0.91721
0.91656
0.91591
0.91526
0.91463
0.91403
0.91345
0.91291
0.91239
0.91189
0.91142
0.91096
0.91052
0.91008
0.90965
0.90923
0.9088
0.90836
0.90792
0.90747
0.90701
0.90653
0.90604
0.90553
0.90499
0.90444
0.90386
0.90327
0.90265
0.90202
0.90137
0.90071
0.90004
0.89936
0.89869
0.89801
0.89733
0.89665
0.89597
0.89529
0.89461
0.89394
0.89327
0.8926
0.89195
0.8913
0.89065
0.89001
0.88937
0.88874
0.88812
0.88751
0.8869
0.88631
0.88573
0.88516
0.8846
0.88403
0.88346
0.88288
0.88229
0.88169
0.88108
0.88046
0.87982
0.87917
0.8785
0.87783
0.87714
0.87644
0.87573
0.87501
0.87428
0.87354
0.87279
0.87204
0.87127
0.8705
0.86971
0.86892
0.86811
0.86729
0.86647
0.86564
0.86481
0.86397
0.86315
0.86232
0.86151
0.86072
0.85993
0.85915
0.85838
0.85762
0.85686
0.8561
0.85535
0.85461
0.85386
0.85312
0.85238
0.85164
0.8509
0.85017
0.84943
