1
0.96702
0.95812
0.95334
0.94982
0.94719
0.94436
0.94226
0.94056
0.93896
0.93434
0.93321
0.93225
0.93136
0.92703
0.92292
0.91903
0.91536
0.9118
0.90841
0.90509
0.90191
0.89883
0.89589
0.89306
0.89034
0.8877
0.88513
0.88263
0.8802
0.87781
0.87546
0.87313
0.87083
0.86853
0.86624
0.86396
0.86167
0.85939
0.85712
0.85487
0.85264
0.85044
0.84825
0.84609
0.84394
0.84181
0.83969
0.83757
0.83545
0.83333
0.8312
0.82907
0.82695
0.82483
0.82272
0.82061
0.8185
0.81641
0.81433
0.81228
0.81025
0.80826
0.80631
0.80439
0.80253
0.80071
0.79893
0.79721
0.79554
0.79392
0.79235
0.79084
0.78937
0.78796
0.7866
0.78529
0.78404
0.78283
0.78168
0.78057
0.77951
0.77849
0.77749
0.77652
0.77557
0.77461
0.77365
0.77266
0.77166
0.77063
0.76957
0.76849
0.76737
0.76622
0.76505
0.76384
0.7626
0.76133
0.76005
0.75873
0.7574
0.75605
0.75468
0.75329
0.75189
0.75048
0.74906
0.74763
0.7462
0.74478
0.74336
0.74196
0.74057
0.73919
0.73785
0.73652
0.73524
0.734
0.73279
0.73164
0.73053
0.72947
0.72845
0.72748
0.72655
0.72567
0.72482
0.72402
0.72324
0.7225
0.72179
0.7211
0.72044
0.7198
0.71919
0.71859
0.71801
0.71746
0.71691
0.71639
0.71588
0.71538
0.7149
0.71443
0.71398
0.71353
0.71309
0.71266
0.71222
0.7118
0.71137
0.71096
0.71054
