1
0.95275
0.94117
0.9367
0.93268
0.92898
0.92584
0.92257
0.91986
0.91728
0.91547
0.91351
0.91218
0.9066
0.90158
0.8969
0.89257
0.88856
0.88474
0.88114
0.87766
0.87423
0.87085
0.86755
0.86422
0.861
0.85773
0.85455
0.85132
0.84821
0.8451
0.8421
0.83908
0.83615
0.83329
0.83055
0.82787
0.82528
0.82275
0.82027
0.8178
0.81532
0.81278
0.81022
0.80762
0.80498
0.80231
0.7996
0.79684
0.79403
0.79116
0.78825
0.78528
0.78226
0.77921
0.77613
0.77302
0.76992
0.76682
0.76376
0.76076
0.75783
0.755
0.75229
0.74968
0.74719
0.74481
0.74253
0.74035
0.73827
0.73627
0.73436
0.73252
0.73075
0.72904
0.7274
0.72581
0.72427
0.72277
0.72132
0.71991
0.71852
0.71716
0.71584
0.71453
0.71325
0.712
0.71078
0.70958
0.7084
0.70726
0.70614
0.70504
0.70396
0.7029
0.70187
0.70085
0.69987
0.69891
0.69797
0.69707
0.69618
0.69532
0.69448
0.69366
