1
0.9549
0.94521
0.94283
0.94037
0.93794
0.93594
0.9331
0.93143
0.92942
0.92842
0.92709
0.92635
0.92296
0.91971
0.91627
0.91306
0.90989
0.9069
0.90398
0.90112
0.89825
0.89528
0.89261
0.88981
0.88735
0.88475
0.88236
0.88008
0.87809
0.87621
0.87444
0.87264
0.87088
0.86915
0.86748
0.86583
0.86422
0.86263
0.86105
0.85944
0.85775
0.85595
0.85409
0.85219
0.85027
0.84836
0.84648
0.84462
0.84279
0.84098
0.83919
0.83739
0.8356
0.8338
0.832
0.83019
0.82835
0.82649
0.82459
0.82264
0.82065
0.81861
0.81652
0.81439
0.81223
0.81004
0.80784
0.80566
0.8035
0.80138
0.79931
0.79728
0.79531
0.79339
0.79152
0.78969
0.78789
0.78614
0.7844
0.78268
0.78098
0.77929
0.77761
0.77595
0.7743
0.77267
0.77106
0.76947
0.76791
0.76638
0.76487
0.76337
0.7619
0.76045
0.759
0.75758
0.75618
0.7548
0.75343
0.75207
0.75072
0.74938
0.74804
0.7467
