1
0.95478
0.94446
0.94128
0.93797
0.93504
0.93254
0.92933
0.92722
0.92512
0.92381
0.92245
0.92167
0.91764
0.91397
0.91035
0.90714
0.90412
0.90136
0.89873
0.89615
0.8936
0.8909
0.88849
0.88591
0.88364
0.88119
0.8789
0.87669
0.87475
0.87288
0.87108
0.86922
0.86736
0.86548
0.86361
0.8617
0.85975
0.85776
0.85573
0.85363
0.85146
0.84924
0.847
0.84479
0.84264
0.84055
0.83856
0.83665
0.8348
0.83302
0.83128
0.82957
0.82789
0.82622
0.82456
0.8229
0.82122
0.81952
0.81779
0.81601
0.81418
0.8123
0.81037
0.80839
0.80637
0.80432
0.80226
0.80022
0.79821
0.79624
0.79433
0.79248
0.79069
0.78896
0.78729
0.78568
0.78411
0.78259
0.7811
0.77964
0.7782
0.77678
0.77538
0.774
0.77264
0.77129
0.76997
0.76868
0.76741
0.76616
0.76493
0.76373
0.76254
0.76135
0.76019
0.75903
0.7579
0.75678
0.75567
0.75457
0.75347
0.75238
0.7513
0.75022
