1
0.95873
0.94697
0.93538
0.92843
0.92337
0.91893
0.91546
0.91247
0.90988
0.90756
0.90597
0.90444
0.90331
0.90229
0.90139
0.90076
0.9
0.89962
0.89905
0.89887
0.89848
0.89846
0.89817
0.89824
0.89814
0.89238
0.88696
0.88196
0.87711
0.87258
0.86823
0.86428
0.8605
0.85701
0.85355
0.85023
0.8469
0.84366
0.84047
0.83739
0.83438
0.83152
0.82878
0.8262
0.8238
0.82161
0.8196
0.81777
0.81608
0.81449
0.81297
0.81149
0.81004
0.80862
0.80724
0.80589
0.80458
0.80332
0.80209
0.80089
0.79973
0.79858
0.79746
0.79635
0.79527
0.79422
0.79321
0.79224
0.79131
0.79042
0.78957
0.78875
0.78796
0.78719
0.78644
0.78569
0.78495
0.78421
0.78347
0.78274
0.782
0.78127
0.78053
0.77978
0.77903
0.77827
0.7775
0.77674
0.77597
0.7752
0.77445
0.77371
0.77298
0.77228
0.7716
0.77094
0.7703
0.76968
0.76908
0.7685
0.76794
0.7674
0.76688
0.76638
0.7659
0.76544
0.76501
0.76461
0.76424
0.7639
0.76359
0.76331
0.76307
0.76286
0.7627
0.76256
0.76247
0.76242
0.76241
0.76243
0.76251
0.76262
0.76278
0.76298
0.76322
0.76351
0.76383
