1
0.95902
0.95245
0.94435
0.93791
0.93455
0.93215
0.93029
0.92823
0.92641
0.92451
0.9236
0.92227
0.9216
0.92057
0.91991
0.91911
0.91845
0.91783
0.91725
0.91676
0.91627
0.91589
0.91545
0.91515
0.91497
0.91117
0.90765
0.90456
0.90168
0.89909
0.89662
0.89436
0.89213
0.89006
0.8881
0.88641
0.8849
0.88362
0.88248
0.8815
0.88061
0.87984
0.87916
0.87857
0.87806
0.87763
0.87726
0.87697
0.87673
0.87655
0.87642
0.87633
0.87628
0.87626
0.87628
0.87634
0.87644
0.87658
0.87676
0.877
0.87727
0.87759
0.87795
0.87834
0.87878
0.87925
0.87975
0.88029
0.88087
0.88148
0.88212
0.88279
0.8835
0.88423
0.88498
0.88574
0.8865
0.88725
0.88796
0.88862
0.88919
0.88964
0.88994
0.89006
0.88994
0.88956
0.88887
0.88787
0.88662
0.88522
0.88381
0.8825
0.88136
0.88041
0.87964
0.87903
0.87857
0.87824
0.87802
0.8779
0.87787
0.87791
0.87802
0.87819
0.87842
0.87871
0.87904
0.87941
0.87984
0.8803
0.8808
0.88134
0.88192
0.88253
0.88317
0.88384
0.88453
0.88525
0.88599
0.88675
0.88752
0.8883
0.88909
0.88989
0.8907
0.89151
0.89231
