1
0.98123
0.97453
0.9698
0.96639
0.96343
0.96113
0.95695
0.95311
0.94953
0.94615
0.94299
0.93994
0.93703
0.93425
0.93161
0.92905
0.92662
0.92426
0.92205
0.9199
0.91786
0.91587
0.91396
0.9121
0.91033
0.9086
0.90694
0.90531
0.90374
0.90222
0.90075
0.89933
0.89795
0.8966
0.89529
0.89402
0.89278
0.89158
0.89041
0.88927
0.88817
0.88709
0.88604
0.885
0.884
0.88302
0.88206
0.88113
0.88021
0.87932
0.87845
0.87761
0.87678
0.87597
0.87517
0.8744
0.87363
0.87288
0.87214
0.8714
0.87068
0.86996
0.86925
0.86855
0.86786
0.86718
0.8665
0.86584
0.86518
0.86453
0.8639
0.86327
0.86265
0.86204
0.86143
0.86082
0.86021
0.85959
0.85898
0.85836
0.85774
0.85712
0.85649
0.85587
0.85525
0.85463
0.85401
0.85339
0.85278
0.85217
0.85155
0.85094
0.85033
0.84971
0.84909
0.84847
0.84784
0.84722
0.84659
0.84597
0.84534
0.84472
0.84411
0.8435
0.84289
0.84229
0.84169
0.84109
0.84049
0.8399
0.8393
0.83871
0.83812
0.83753
0.83695
0.83636
0.83577
0.83518
0.83459
0.83399
0.83339
0.83278
0.83217
0.83155
0.83092
0.83028
0.82963
0.82898
0.82831
0.82764
0.82696
0.82628
0.82559
0.82489
0.82419
0.82348
0.82276
0.82204
0.82131
0.82056
0.81981
0.81904
0.81827
0.81749
0.8167
0.81591
0.81512
0.81433
0.81354
0.81276
0.812
0.81123
0.81049
0.80975
0.80901
0.80829
0.80758
0.80688
0.80619
0.8055
0.80482
0.80416
0.8035
0.80284
0.8022
0.80157
0.80095
0.80033
0.79972
0.79912
0.79852
0.79793
0.79735
0.79677
0.79619
0.79561
0.79504
0.79446
0.79389
0.79332
0.79275
0.79218
0.79161
0.79104
0.79046
0.78989
0.78931
0.78873
0.78815
0.78756
0.78698
0.78639
0.7858
0.7852
0.78461
