1
0.98072
0.96967
0.96272
0.95706
0.9518
0.94386
0.93614
0.92887
0.92194
0.91539
0.90932
0.90377
0.89876
0.89428
0.89031
0.88678
0.88364
0.88085
0.87835
0.87614
0.87419
0.8725
0.87104
0.8698
0.86876
0.8679
0.86721
0.86665
0.86619
0.8658
0.86545
0.86511
0.86478
0.86445
0.86412
0.86377
0.86337
0.86287
0.86224
0.8614
0.86028
0.85883
0.85696
0.85467
0.85209
0.84947
0.84711
0.84519
0.84374
0.84269
0.84197
0.8415
0.84121
0.84104
0.84096
0.84093
0.84092
0.84094
0.84095
0.84097
0.84095
0.84089
0.84073
0.84044
0.83999
0.83935
0.83852
0.83749
0.8363
0.83499
0.83364
0.83237
0.83125
0.83036
0.82971
0.82931
0.82913
0.82912
0.82926
0.82951
0.82985
0.83024
0.83068
0.83113
0.8316
0.83206
0.83252
0.83297
0.83342
0.83385
0.83428
0.83471
0.83514
0.83557
0.83601
0.83646
0.83691
0.83738
0.83784
0.83832
0.83879
0.83927
0.83975
0.84023
0.84071
0.84119
0.84166
0.84214
0.8426
0.84306
0.84352
0.84396
0.8444
0.84482
0.84524
0.84564
0.84604
0.84644
0.84682
0.84719
0.84755
0.84791
0.84825
0.84858
0.8489
0.84921
0.8495
0.84978
0.85004
0.85029
0.85051
0.8507
0.85087
0.85101
0.8511
0.85116
0.85116
0.85111
0.85101
0.85084
0.85062
0.85033
0.84999
0.84961
0.8492
0.84877
0.84834
0.84793
0.84755
0.84722
0.84696
0.84675
0.84662
0.84655
0.84655
0.84661
0.84672
0.84688
0.84708
0.84731
0.84757
0.84786
0.84816
0.84848
0.8488
0.84913
0.84947
0.84981
0.85014
0.85047
0.8508
0.85112
0.85143
0.85174
0.85203
0.85232
0.8526
0.85288
0.85314
0.8534
0.85364
0.85388
0.8541
0.85431
0.85451
0.85469
0.85485
0.855
0.85512
0.85521
0.85528
0.85532
0.85533
0.85529
0.85523
0.85512
0.85497
0.85477
0.85454
0.85425
0.85393
0.85356
0.85315
0.85271
0.85223
0.85174
0.85123
0.85072
0.85022
0.84974
0.84929
0.84889
0.84853
0.84822
0.84797
0.84777
0.84762
0.84752
0.84747
0.84745
0.84748
0.84753
0.84761
0.84771
0.84783
0.84796
0.84811
0.84827
0.84843
0.8486
0.84877
0.84895
0.84912
0.8493
0.84947
0.84964
0.8498
0.84997
0.85013
0.85029
