1
0.97968
0.96838
0.96117
0.95586
0.95123
0.94395
0.93711
0.93083
0.92495
0.9194
0.91414
0.90911
0.90428
0.89965
0.89519
0.89089
0.88672
0.88266
0.8787
0.87482
0.871
0.86725
0.86354
0.8599
0.85632
0.8528
0.84935
0.84597
0.84265
0.83938
0.83617
0.833
0.82988
0.82681
0.82379
0.82083
0.81792
0.81507
0.81228
0.80954
0.80685
0.80423
0.80165
0.79913
0.79666
0.79424
0.79187
0.78955
0.78728
0.78505
0.78288
0.78075
0.77868
0.77665
0.77468
0.77276
0.7709
0.7691
0.76734
0.76565
0.76401
0.76243
0.76089
0.7594
0.75796
0.75656
0.7552
0.75387
0.75259
0.75135
0.75014
0.74897
0.74783
0.74673
0.74566
0.74463
0.74363
0.74266
0.74172
0.74082
0.73995
0.73909
0.73826
0.73743
0.73661
0.73578
0.73493
0.73406
0.73315
0.73221
0.73124
0.73022
0.72917
0.72809
0.72698
0.72585
0.72471
0.72356
0.72243
0.72132
0.72023
0.71917
0.71815
0.71716
0.7162
0.71527
0.71437
0.71351
0.71266
0.71184
0.71104
0.71026
0.70949
0.70872
0.70796
0.7072
0.70643
0.70565
0.70486
0.70404
0.70321
0.70235
0.70146
0.70055
0.69961
0.69865
0.69766
0.69664
0.6956
0.69454
0.69345
0.69235
0.69124
0.69012
0.689
0.68788
0.68677
0.68567
0.68459
0.68353
0.68249
0.68147
0.68048
0.67951
0.67856
0.67763
0.67672
0.67582
0.67494
0.67407
0.67321
0.67235
0.6715
0.67066
0.66982
0.66899
0.66816
0.66733
0.66651
0.66569
0.66487
0.66405
0.66323
0.66241
0.6616
0.66078
0.65997
0.65916
0.65834
0.65753
0.65671
0.65591
0.6551
0.6543
0.65351
0.65272
0.65195
0.65119
0.65043
0.64969
0.64897
0.64825
0.64754
0.64685
0.64616
0.64547
0.6448
0.64412
0.64345
0.64279
0.64213
0.64148
0.64083
0.64019
0.63956
0.63893
0.63832
0.63771
0.63711
0.63652
0.63594
0.63536
0.6348
0.63424
0.63369
0.63315
0.63262
0.63209
0.63157
0.63105
0.63054
0.63004
0.62955
0.62906
0.62858
0.62811
0.62764
0.62718
0.62673
0.62628
0.62583
0.62538
0.62494
0.6245
0.62406
0.62362
0.62318
0.62274
0.62229
0.62184
0.62139
0.62094
0.62048
0.62002
0.61955
0.61908
0.61861
0.61813
0.61764
0.61715
