1
0.97807
0.96542
0.95788
0.95241
0.94784
0.9403
0.93341
0.92723
0.92157
0.91632
0.9114
0.90673
0.90227
0.89796
0.89378
0.88971
0.88575
0.8819
0.87817
0.87461
0.87125
0.8681
0.86518
0.8625
0.86007
0.85786
0.85588
0.85411
0.85252
0.85109
0.84982
0.84867
0.84763
0.8467
0.84587
0.84515
0.84452
0.84398
0.84354
0.84318
0.84291
0.84272
0.84261
0.84256
0.84259
0.84268
0.84284
0.84307
0.84335
0.8437
0.84409
0.84452
0.84498
0.84543
0.84587
0.84624
0.8465
0.84658
0.84644
0.84604
0.8454
0.84455
0.84359
0.84264
0.84183
0.84121
0.84083
0.84067
0.84071
0.84092
0.84125
0.84169
0.8422
0.84276
0.84335
0.84396
0.84456
0.84514
0.84569
0.8462
0.84667
0.84709
0.84746
0.84775
0.84798
0.84814
0.84825
0.84834
0.84844
0.8486
0.84884
0.8492
0.84967
0.85025
0.85093
0.85171
0.85255
0.85346
0.85442
0.85541
0.85643
0.85747
0.85852
0.85958
0.86063
0.86168
0.86272
0.86376
0.86478
0.86581
0.86684
0.86788
0.86893
0.87
0.87109
0.87219
0.87332
0.87446
0.87561
0.87677
0.87794
0.87911
0.8803
0.88148
0.88268
0.88387
0.88507
0.88627
0.88747
0.88867
0.88986
0.89106
0.89225
0.89343
0.89462
0.89579
0.89695
0.89811
0.89926
0.90039
0.90151
0.90262
0.90372
0.9048
0.90586
0.90691
0.90794
0.90894
0.90993
0.9109
0.91184
0.91276
0.91366
0.91453
0.91537
0.91619
0.91698
0.91775
0.91849
0.91919
0.91987
0.92052
0.92114
0.92172
0.92227
0.92278
0.92325
0.92367
0.92406
0.92439
0.92467
0.92489
0.92506
0.92516
0.9252
0.92516
0.92506
0.92489
0.92464
0.92433
0.92397
0.92355
0.92311
0.92264
0.92216
0.92171
0.92128
0.9209
0.92057
0.9203
0.9201
0.91997
0.91989
0.91986
0.91987
0.91992
0.92
0.92009
0.92019
0.92028
0.92037
0.92044
0.92049
0.92051
0.92052
0.9205
0.92047
0.92043
0.92039
0.92036
0.92035
0.92037
0.92043
0.92053
0.92068
0.92086
0.9211
0.92137
0.92168
0.92202
0.92239
0.92278
0.92319
0.92362
0.92405
0.92449
0.92494
0.92538
0.92582
0.92625
0.92668
0.92709
0.9275
0.92789
0.92827
0.92863
0.92898
0.9293
0.92961
0.92989
