53.9737
-0.90283
-0.90835
-0.91415
-0.91636
-0.90864
-0.90976
-0.91006
-0.90922
-0.90716
-0.91523
-0.90601
-0.90545
-0.90111
-0.9011
-0.90111
-0.90498
-0.89747
-0.89771
-0.90998
-0.90474
-0.91346
-0.90716
-0.90862
-0.90779
-0.91545
-0.90849
-0.90849
-0.90962
-0.90142
-0.90156
-0.9035
-0.90118
-0.90697
-0.90963
-0.90656
-0.90386
-0.91632
-0.9032
-0.90828
-0.91667
-0.91667
-0.91532
-0.92139
-0.90675
-0.90677
-0.9067
-0.90675
-0.89529
-0.89876
-0.91465
-0.91313
-0.91129
0
-1.1904
0
0
0
0
0
-1.7107
0
0
0
0
0
-1.3391
0
-1.294
0
0
0
0
0
0
0
0
0
-1.2363
0
0
0
0
0
0
0
0
0
0
0
0
0
0
0
0
0
0
0
0
0
0
0
0
0
0
0
0
-0.90283
52.5878
-0.90655
-0.91196
-0.91418
-0.90693
-0.90782
-0.90813
-0.90728
-0.90526
-0.91321
-0.9041
-0.90349
-0.89912
-0.89912
-0.89913
-0.90288
-0.89582
-0.89573
-0.90796
-0.90274
-0.91137
-0.90499
-0.90664
-0.90572
-0.91346
-0.90651
-0.90651
-0.90753
-0.89981
-0.89911
-0.90152
-0.89899
-0.90496
-0.9075
-0.90458
-0.90189
-0.9143
-0.90121
-0.90631
-0.91468
-0.91468
-0.91334
-0.9194
-0.90478
-0.9048
-0.90408
-0.90479
-0.89335
-0.8968
-0.91266
-0.91134
-0.91153
0
0
-1.2506
0
0
0
0
-1.7068
0
0
0
0
0
0
0
-1.2918
0
0
0
0
0
0
0
0
0
-1.2353
0
0
0
0
0
0
0
0
0
0
0
0
0
0
0
0
0
0
0
0
0
0
0
0
0
0
0
0
-0.90835
-0.90655
50.385
-0.91699
-0.91919
-0.91228
-0.91318
-0.91296
-0.91272
-0.91055
-0.91825
-0.9093
-0.90883
-0.90432
-0.90432
-0.90432
-0.90856
-0.90107
-0.90092
-0.9135
-0.90822
-0.91719
-0.91052
-0.91208
-0.91113
-0.91887
-0.91182
-0.91182
-0.91319
-0.90512
-0.90488
-0.9068
-0.90452
-0.91039
-0.91309
-0.91002
-0.90713
-0.9198
-0.90645
-0.91184
-0.91997
-0.91996
-0.9187
-0.92469
-0.90999
-0.91001
-0.90939
-0.90999
-0.89845
-0.90193
-0.91783
-0.91672
-0.91667
0
0
0
0
0
0
0
-1.7121
0
0
0
0
0
0
0
-1.2976
0
0
0
0
0
0
0
0
0
0
0
0
0
0
0
0
0
0
0
0
0
0
0
0
0
0
0
0
0
0
0
0
0
0
0
0
0
0
-0.91415
-0.91196
-0.91699
53.8417
-0.92516
-0.91632
-0.9172
-0.91874
-0.91667
-0.91454
-0.92334
-0.91335
-0.91287
-0.9084
-0.90841
-0.90841
-0.9125
-0.90516
-0.90501
-0.91803
-0.91254
-0.92105
-0.91456
-0.91608
-0.91518
-0.9229
-0.91588
-0.91588
-0.91651
-0.90921
-0.90892
-0.91087
-0.90856
-0.91425
-0.91682
-0.91402
-0.91125
-0.92365
-0.91058
-0.91567
-0.92414
-0.92413
-0.92276
-0.92889
-0.91412
-0.91415
-0.91337
-0.91413
-0.90254
-0.9053
-0.92198
-0.92068
-0.92105
0
0
0
0
0
0
0
0
0
0
-1.5019
0
0
0
0
0
0
0
0
0
0
0
0
0
0
0
0
0
0
0
0
0
0
0
0
0
0
0
0
0
-4.751
0
0
0
0
0
0
0
0
0
0
0
0
0
-0.91636
-0.91418
-0.91919
-0.92516
54.3349
-0.91843
-0.91931
-0.92104
-0.91875
-0.91664
-0.92565
-0.91546
-0.91499
-0.91049
-0.91049
-0.91049
-0.91436
-0.90725
-0.9071
-0.92035
-0.91484
-0.92356
-0.91665
-0.91772
-0.91729
-0.92526
-0.918
-0.918
-0.91927
-0.9113
-0.91097
-0.91298
-0.91064
-0.91661
-0.91856
-0.91553
-0.91335
-0.926
-0.91266
-0.91788
-0.92626
-0.92626
-0.92484
-0.93101
-0.91622
-0.91623
-0.91544
-0.91622
-0.90457
-0.90765
-0.92406
-0.92304
-0.92312
0
0
0
-1.8042
0
0
0
0
0
0
0
0
0
0
0
0
0
0
0
0
0
0
0
0
0
0
0
0
0
0
0
0
0
0
0
0
0
0
0
-4.8331
0
0
0
0
0
0
0
0
0
0
0
0
0
0
-0.90864
-0.90693
-0.91228
-0.91632
-0.91843
48.5332
-0.9122
-0.91237
-0.91161
-0.90964
-0.91764
-0.9085
-0.90812
-0.90352
-0.90353
-0.90353
-0.90791
-0.89982
-0.90016
-0.91307
-0.90769
-0.91713
-0.90979
-0.91135
-0.9104
-0.91836
-0.91111
-0.91111
-0.91237
-0.90395
-0.90415
-0.90607
-0.90378
-0.90973
-0.91236
-0.90927
-0.90641
-0.91913
-0.90574
-0.91121
-0.91926
-0.91926
-0.91802
-0.92398
-0.90929
-0.90931
-0.90879
-0.9093
-0.89775
-0.90122
-0.91714
-0.91671
-0.91603
0
-1.1918
0
0
0
0
0
0
0
0
0
0
0
0
0
0
0
0
0
0
0
0
0
0
0
0
0
0
0
0
0
0
0
0
0
0
0
0
0
0
0
0
0
0
0
0
0
0
0
0
0
0
0
0
-0.90976
-0.90782
-0.91318
-0.9172
-0.91931
-0.9122
48.8816
-0.91325
-0.91258
-0.9105
-0.91851
-0.90937
-0.90903
-0.90444
-0.90444
-0.90444
-0.90845
-0.90122
-0.90105
-0.91401
-0.90862
-0.91809
-0.91083
-0.91232
-0.91133
-0.91887
-0.91206
-0.91206
-0.91332
-0.90537
-0.90506
-0.90704
-0.90483
-0.91065
-0.91321
-0.91025
-0.90738
-0.92005
-0.9067
-0.91217
-0.92021
-0.92022
-0.91895
-0.92494
-0.9103
-0.91033
-0.90773
-0.91031
-0.89873
-0.9023
-0.91812
-0.91741
-0.91705
0
0
0
0
0
0
-1.494
0
0
0
0
0
0
0
0
0
0
0
0
0
0
0
0
0
0
0
0
0
0
0
0
0
0
0
0
0
0
0
0
0
0
0
0
0
0
0
0
0
0
0
0
0
0
0
-0.91006
-0.90813
-0.91296
-0.91874
-0.92104
-0.91237
-0.91325
52.0841
-0.91274
-0.9106
-0.91933
-0.90943
-0.90891
-0.90445
-0.90445
-0.90445
-0.90834
-0.9012
-0.90105
-0.91397
-0.90853
-0.91686
-0.9106
-0.9121
-0.9112
-0.91886
-0.91189
-0.91188
-0.91325
-0.90525
-0.90497
-0.90688
-0.90461
-0.91028
-0.91289
-0.91007
-0.90723
-0.91963
-0.90655
-0.91167
-0.92005
-0.92005
-0.91872
-0.92478
-0.91006
-0.91008
-0.90944
-0.91007
-0.89849
-0.90133
-0.91787
-0.91677
-0.91706
0
0
0
0
0
0
0
0
0
0
0
0
0
0
0
0
0
0
0
0
0
0
0
0
0
0
0
0
0
-4.6987
0
0
0
0
0
0
0
0
0
0
0
0
0
0
0
0
0
0
0
0
0
0
0
0
-0.90922
-0.90728
-0.91272
-0.91667
-0.91875
-0.91161
-0.91258
-0.91274
48.885
-0.91001
-0.91797
-0.90892
-0.90854
-0.90398
-0.90397
-0.90399
-0.90803
-0.90066
-0.90059
-0.91344
-0.90807
-0.91751
-0.91011
-0.91173
-0.91077
-0.91862
-0.91154
-0.91154
-0.9122
-0.90472
-0.90442
-0.90652
-0.90408
-0.91012
-0.91253
-0.90967
-0.90689
-0.91957
-0.90622
-0.91169
-0.91975
-0.91976
-0.91846
-0.9245
-0.90982
-0.90985
-0.90903
-0.90982
-0.8983
-0.90178
-0.9177
-0.91705
-0.91654
0
0
0
0
-1.5225
0
0
0
0
0
0
0
0
0
0
0
0
0
0
0
0
0
0
0
0
0
0
0
0
0
0
0
0
0
0
0
0
0
0
0
0
0
0
0
0
0
0
0
0
0
0
0
0
0
-0.90716
-0.90526
-0.91055
-0.91454
-0.91664
-0.90964
-0.9105
-0.9106
-0.91001
48.0403
-0.91582
-0.90695
-0.90672
-0.90183
-0.90183
-0.90184
-0.90614
-0.8986
-0.89845
-0.91126
-0.90586
-0.9151
-0.90807
-0.90957
-0.90866
-0.91646
-0.9094
-0.9094
-0.91061
-0.90268
-0.90242
-0.90437
-0.90206
-0.9079
-0.91049
-0.90751
-0.90471
-0.91727
-0.90403
-0.9094
-0.91753
-0.91754
-0.91629
-0.92225
-0.9076
-0.90761
-0.90698
-0.90759
-0.89607
-0.89933
-0.91542
-0.91558
-0.9142
0
0
0
0
0
0
0
0
0
-0.78597
0
0
0
0
0
0
0
0
0
0
0
0
0
0
0
0
0
0
0
0
0
0
0
0
0
0
0
0
0
0
0
0
0
0
0
0
0
0
0
0
0
0
0
0
-0.91523
-0.91321
-0.91825
-0.92334
-0.92565
-0.91764
-0.91851
-0.91933
-0.91797
-0.91582
55.2264
-0.91465
-0.914
-0.90962
-0.90962
-0.90962
-0.91341
-0.90637
-0.90622
-0.91836
-0.91279
-0.9205
-0.91565
-0.91712
-0.9163
-0.92297
-0.91704
-0.91704
-0.91823
-0.91043
-0.91003
-0.91205
-0.90969
-0.91461
-0.91727
-0.91513
-0.91247
-0.92419
-0.91185
-0.91619
-0.92545
-0.92545
-0.924
-0.93033
-0.91567
-0.91569
-0.91501
-0.91567
-0.90418
-0.90604
-0.92382
0
0
0
0
0
0
0
0
0
0
0
0
0
0
0
0
0
0
0
0
0
0
0
0
0
0
0
0
0
-4.7134
0
0
0
0
0
0
0
0
0
0
0
0
0
0
0
-4.7134
0
0
0
0
0
0
0
0
0
0
-0.90601
-0.9041
-0.9093
-0.91335
-0.91546
-0.9085
-0.90937
-0.90943
-0.90892
-0.90695
-0.91465
47.1905
-0.90511
-0.9005
-0.90051
-0.9005
-0.90511
-0.89729
-0.89715
-0.91014
-0.90463
-0.91437
-0.90683
-0.90832
-0.90741
-0.91522
-0.90811
-0.90812
-0.90945
-0.90143
-0.90119
-0.90309
-0.90083
-0.90667
-0.90933
-0.90626
-0.90342
-0.91604
-0.90273
-0.90819
-0.91621
-0.91621
-0.91501
-0.92092
-0.90628
-0.9063
-0.90583
-0.90629
-0.89475
-0.89809
-0.91407
-0.91359
-0.91296
0
0
0
0
0
0
0
0
0
0
0
0
0
0
0
0
0
0
0
0
0
0
0
0
0
0
0
0
0
0
0
0
0
0
0
0
0
0
0
0
0
0
0
0
0
0
0
0
0
0
0
0
0
0
-0.90545
-0.90349
-0.90883
-0.91287
-0.91499
-0.90812
-0.90903
-0.90891
-0.90854
-0.90672
-0.914
-0.90511
46.6553
-0.89986
-0.89986
-0.89986
-0.90451
-0.89668
-0.89655
-0.90954
-0.90397
-0.91421
-0.90625
-0.9077
-0.90682
-0.91453
-0.90757
-0.90757
-0.90875
-0.90087
-0.9006
-0.90254
-0.90024
-0.906
-0.90862
-0.90563
-0.90287
-0.91536
-0.90219
-0.9075
-0.91569
-0.91569
-0.91454
-0.92044
-0.90582
-0.90584
-0.90524
-0.90582
-0.89429
-0.89753
-0.91376
0
0
0
0
0
0
0
0
0
0
-1.3179
0
0
0
0
0
0
0
0
0
0
0
0
0
0
0
0
0
0
0
0
0
0
0
0
0
0
0
0
0
0
0
0
0
0
0
0
0
0
0
0
0
0
0
0
0
-0.90111
-0.89912
-0.90432
-0.9084
-0.91049
-0.90352
-0.90444
-0.90445
-0.90398
-0.90183
-0.90962
-0.9005
-0.89986
45.1131
-0.89506
-0.89506
-0.89983
-0.89207
-0.89201
-0.90491
-0.89937
-0.90956
-0.90172
-0.90316
-0.90229
-0.90983
-0.90302
-0.90303
-0.90423
-0.89631
-0.89608
-0.898
-0.89572
-0.90147
-0.9041
-0.9011
-0.89832
-0.9108
-0.89761
-0.90302
-0.91106
-0.91106
-0.90987
-0.91576
-0.90118
-0.9012
-0.90069
-0.90119
-0.88969
-0.893
-0.90905
0
0
0
0
0
0
0
0
0
0
0
0
0
0
0
0
0
0
0
0
0
0
0
0
0
0
0
0
0
0
0
0
0
0
0
0
0
0
0
0
0
0
0
0
0
0
0
0
0
0
0
0
0
0
0
0
-0.9011
-0.89912
-0.90432
-0.90841
-0.91049
-0.90353
-0.90444
-0.90445
-0.90397
-0.90183
-0.90962
-0.90051
-0.89986
-0.89506
45.1132
-0.89506
-0.89984
-0.89207
-0.89202
-0.90491
-0.89937
-0.90957
-0.90173
-0.90317
-0.90229
-0.90985
-0.90303
-0.90302
-0.90423
-0.89633
-0.89609
-0.89799
-0.89572
-0.90147
-0.9041
-0.9011
-0.89831
-0.9108
-0.89761
-0.90303
-0.91106
-0.91106
-0.90987
-0.91577
-0.90119
-0.90121
-0.9007
-0.90119
-0.88969
-0.893
-0.90905
0
0
0
0
0
0
0
0
0
0
0
0
0
0
0
0
0
0
0
0
0
0
0
0
0
0
0
0
0
0
0
0
0
0
0
0
0
0
0
0
0
0
0
0
0
0
0
0
0
0
0
0
0
0
0
0
-0.90111
-0.89913
-0.90432
-0.90841
-0.91049
-0.90353
-0.90444
-0.90445
-0.90399
-0.90184
-0.90962
-0.9005
-0.89986
-0.89506
-0.89506
45.1132
-0.89984
-0.89207
-0.89202
-0.9049
-0.89938
-0.90956
-0.90172
-0.90316
-0.90229
-0.90984
-0.90302
-0.90302
-0.90423
-0.89633
-0.89608
-0.898
-0.89572
-0.90146
-0.9041
-0.90109
-0.8983
-0.9108
-0.89761
-0.90302
-0.91106
-0.91106
-0.90987
-0.91577
-0.90119
-0.90121
-0.9007
-0.90119
-0.88969
-0.893
-0.90905
0
0
0
0
0
0
0
0
0
0
0
0
0
0
0
0
0
0
0
0
0
0
0
0
0
0
0
0
0
0
0
0
0
0
0
0
0
0
0
0
0
0
0
0
0
0
0
0
0
0
0
0
0
0
0
0
-0.90498
-0.90288
-0.90856
-0.9125
-0.91436
-0.90791
-0.90845
-0.90834
-0.90803
-0.90614
-0.91341
-0.90511
-0.90451
-0.89983
-0.89984
-0.89984
46.6404
-0.89607
-0.89595
-0.90868
-0.90284
-0.9139
-0.90543
-0.90667
-0.90571
-0.91317
-0.90675
-0.90675
-0.90732
-0.89993
-0.89943
-0.90171
-0.8994
-0.90501
-0.90702
-0.90458
-0.90205
-0.91438
-0.90138
-0.90657
-0.91496
-0.91495
-0.91344
-0.91977
-0.90561
-0.90562
0
-0.90561
0
0
0
0
0
-1.5637
0
0
0
0
0
0
0
0
0
0
0
0
0
-0.98536
0
0
0
0
0
-2.396
0
0
0
0
0
0
0
0
0
0
0
0
0
0
0
0
0
0
0
0
0
0
0
0
0
0
0
0
0
0
0
0
0
-0.89747
-0.89582
-0.90107
-0.90516
-0.90725
-0.89982
-0.90122
-0.9012
-0.90066
-0.8986
-0.90637
-0.89729
-0.89668
-0.89207
-0.89207
-0.89207
-0.89607
44.3247
-0.88872
-0.90134
-0.89557
-0.90597
-0.89819
-0.89958
-0.89875
-0.90604
-0.89955
-0.89954
-0.90046
-0.89237
-0.89256
-0.89449
-0.89214
-0.8979
-0.90046
-0.8975
-0.89479
-0.90723
-0.89411
-0.89948
-0.90755
-0.90755
-0.90632
-0.91227
-0.8978
-0.89782
-0.89722
-0.8978
-0.88621
0
0
0
0
0
-1.1765
0
0
0
0
0
0
0
0
0
0
0
0
0
0
0
0
0
0
0
0
0
0
0
0
0
0
0
0
0
0
0
0
0
0
0
0
0
0
0
0
0
0
0
0
0
0
0
0
0
0
0
0
-0.89771
-0.89573
-0.90092
-0.90501
-0.9071
-0.90016
-0.90105
-0.90105
-0.90059
-0.89845
-0.90622
-0.89715
-0.89655
-0.89201
-0.89202
-0.89202
-0.89595
-0.88872
43.1467
-0.90108
-0.89611
-0.90533
-0.89825
-0.8996
-0.89877
-0.90586
-0.89957
-0.89957
-0.90057
-0.89281
-0.89259
-0.89449
-0.89217
-0.89786
-0.90045
-0.89751
-0.89478
-0.90715
-0.89407
-0.89946
-0.90752
-0.90752
-0.9063
-0.91222
-0.89778
-0.8978
-0.8972
-0.89779
-0.88614
0
0
0
0
0
0
0
0
0
0
0
0
0
0
0
0
0
0
0
0
0
0
0
0
0
0
0
0
0
0
0
0
0
0
0
0
0
0
0
0
0
0
0
0
0
0
0
0
0
0
0
0
0
0
0
0
0
0
-0.90998
-0.90796
-0.9135
-0.91803
-0.92035
-0.91307
-0.91401
-0.91397
-0.91344
-0.91126
-0.91836
-0.91014
-0.90954
-0.90491
-0.90491
-0.9049
-0.90868
-0.90134
-0.90108
46.2713
-0.90804
-0.91824
-0.91049
-0.91191
-0.91107
-0.91814
-0.91186
-0.91186
-0.91297
-0.90516
-0.90484
-0.90682
-0.90444
-0.90982
-0.91243
-0.90988
-0.90715
-0.91925
-0.90647
-0.91137
-0.9201
-0.9201
-0.91877
-0.92497
-0.91076
-0.91078
0
-0.91077
0
0
0
0
0
0
0
0
0
0
0
0
0
0
0
0
0
0
0
0
0
0
0
0
0
0
0
0
0
0
0
0
0
0
0
0
0
0
0
0
0
0
0
0
0
0
0
0
0
-4.3434
0
0
0
0
0
0
0
0
0
-0.90474
-0.90274
-0.90822
-0.91254
-0.91484
-0.90769
-0.90862
-0.90853
-0.90807
-0.90586
-0.91279
-0.90463
-0.90397
-0.89937
-0.89937
-0.89938
-0.90284
-0.89557
-0.89611
-0.90804
43.1097
-0.91069
-0.90496
-0.90624
-0.90548
-0.91171
-0.90634
-0.90634
-0.90718
-0.89959
-0.89924
-0.9012
-0.8988
-0.904
-0.90659
-0.90419
-0.9015
-0.91342
-0.90078
-0.90566
-0.91443
-0.91443
-0.91302
-0.91917
0
0
0
0
0
0
0
0
0
0
0
0
0
0
0
0
0
0
0
0
0
0
0
0
0
0
0
0
0
0
0
0
0
0
0
0
0
0
0
0
0
0
0
0
0
0
0
0
0
0
0
0
0
0
0
0
0
0
0
0
0
0
-4.1508
-0.91346
-0.91137
-0.91719
-0.92105
-0.92356
-0.91713
-0.91809
-0.91686
-0.91751
-0.9151
-0.9205
-0.91437
-0.91421
-0.90956
-0.90957
-0.90956
-0.9139
-0.90597
-0.90533
-0.91824
-0.91069
46.5893
-0.91375
-0.91513
-0.91435
-0.92027
-0.91519
-0.9152
-0.91614
-0.9085
-0.90808
-0.9101
-0.90766
-0.91261
-0.91526
-0.91311
-0.91043
-0.92216
-0.90976
-0.91422
-0.92354
-0.92354
0
0
0
0
0
0
0
0
0
0
0
0
0
0
0
0
0
0
0
0
0
0
0
0
0
0
0
0
0
0
0
0
0
0
0
0
0
0
0
0
0
0
0
0
0
0
0
0
0
0
0
0
0
0
0
0
0
0
0
0
0
-4.5485
0
-4.5485
0
-0.90716
-0.90499
-0.91052
-0.91456
-0.91665
-0.90979
-0.91083
-0.9106
-0.91011
-0.90807
-0.91565
-0.90683
-0.90625
-0.90172
-0.90173
-0.90172
-0.90543
-0.89819
-0.89825
-0.91049
-0.90496
-0.91375
38.6138
-0.90938
-0.90805
-0.91815
-0.90922
-0.90922
-0.91
-0.90234
-0.90177
-0.90389
-0.90048
-0.90744
-0.90987
-0.90708
-0.90422
-0.91696
-0.90363
-0.90926
-0.91748
-0.91749
0
0
0
0
0
0
0
0
0
0
0
0
0
0
0
0
-1.3796
0
0
0
0
0
0
0
0
0
0
0
0
0
0
0
0
0
0
0
0
0
0
0
0
0
0
0
0
0
0
0
0
0
0
0
0
0
0
0
0
0
0
0
0
0
0
0
0
-0.90862
-0.90664
-0.91208
-0.91608
-0.91772
-0.91135
-0.91232
-0.9121
-0.91173
-0.90957
-0.91712
-0.90832
-0.9077
-0.90316
-0.90317
-0.90316
-0.90667
-0.89958
-0.8996
-0.91191
-0.90624
-0.91513
-0.90938
38.1327
-0.90941
-0.91987
-0.91061
-0.91062
-0.91116
-0.90362
-0.90328
-0.90508
-0.90271
-0.90853
-0.91088
-0.90787
-0.90531
-0.9182
-0.90469
-0.91033
0
0
0
0
0
0
0
0
0
0
0
0
0
0
0
0
0
0
0
0
0
0
0
0
0
0
0
0
0
0
0
0
-2.6812
0
0
0
0
0
0
0
0
0
0
0
0
0
0
0
0
0
0
0
0
0
0
0
0
0
0
0
0
0
0
0
0
0
0
-0.90779
-0.90572
-0.91113
-0.91518
-0.91729
-0.9104
-0.91133
-0.9112
-0.91077
-0.90866
-0.9163
-0.90741
-0.90682
-0.90229
-0.90229
-0.90229
-0.90571
-0.89875
-0.89877
-0.91107
-0.90548
-0.91435
-0.90805
-0.90941
36.8711
-0.91695
-0.91013
-0.91013
-0.91004
-0.90296
-0.90252
-0.90433
-0.90194
-0.90801
-0.91053
-0.90764
-0.90468
-0.91749
-0.90392
-0.90991
0
0
0
0
0
0
0
0
0
0
0
0
0
0
0
0
0
0
0
0
0
0
0
0
0
0
0
0
0
0
-1.4515
0
0
0
0
0
0
0
0
0
0
0
0
0
0
0
0
0
0
0
0
0
0
0
0
0
0
0
0
0
0
0
0
0
0
0
0
-0.91545
-0.91346
-0.91887
-0.9229
-0.92526
-0.91836
-0.91887
-0.91886
-0.91862
-0.91646
-0.92297
-0.91522
-0.91453
-0.90983
-0.90985
-0.90984
-0.91317
-0.90604
-0.90586
-0.91814
-0.91171
-0.92027
-0.91815
-0.91987
-0.91695
39.3798
-0.91816
-0.91816
-0.91956
-0.91072
-0.91033
-0.91214
-0.9099
-0.91547
-0.91803
-0.91565
-0.91283
0
0
0
0
0
0
0
0
0
0
0
0
0
0
0
0
0
0
0
0
0
0
0
0
0
0
0
0
0
0
0
0
0
0
0
0
0
0
0
0
0
0
-2.5343
0
0
0
0
0
-3.885
0
0
0
0
0
0
0
0
0
0
0
0
0
0
0
0
0
0
0
0
0
-0.90849
-0.90651
-0.91182
-0.91588
-0.918
-0.91111
-0.91206
-0.91189
-0.91154
-0.9094
-0.91704
-0.90811
-0.90757
-0.90302
-0.90303
-0.90302
-0.90675
-0.89955
-0.89957
-0.91186
-0.90634
-0.91519
-0.90922
-0.91061
-0.91013
-0.91816
34.5414
-0.90871
-0.91276
-0.90252
-0.90218
-0.90497
-0.90293
-0.91062
-0.91289
-0.9092
-0.90564
-0.91839
-0.90467
0
0
0
0
0
0
0
0
0
0
0
0
0
0
0
0
0
0
0
0
0
0
0
0
0
0
0
0
0
0
0
0
0
0
0
0
0
0
0
0
0
0
0
0
0
0
0
0
0
0
0
0
0
0
0
0
0
0
0
0
0
0
0
0
0
0
0
0
-0.90849
-0.90651
-0.91182
-0.91588
-0.918
-0.91111
-0.91206
-0.91188
-0.91154
-0.9094
-0.91704
-0.90812
-0.90757
-0.90303
-0.90302
-0.90302
-0.90675
-0.89954
-0.89957
-0.91186
-0.90634
-0.9152
-0.90922
-0.91062
-0.91013
-0.91816
-0.90871
34.5414
-0.91277
-0.90252
-0.90219
-0.90497
-0.90292
-0.91063
-0.91289
-0.9092
-0.90565
-0.91839
-0.90467
0
0
0
0
0
0
0
0
0
0
0
0
0
0
0
0
0
0
0
0
0
0
0
0
0
0
0
0
0
0
0
0
0
0
0
0
0
0
0
0
0
0
0
0
0
0
0
0
0
0
0
0
0
0
0
0
0
0
0
0
0
0
0
0
0
0
0
0
-0.90962
-0.90753
-0.91319
-0.91651
-0.91927
-0.91237
-0.91332
-0.91325
-0.9122
-0.91061
-0.91823
-0.90945
-0.90875
-0.90423
-0.90423
-0.90423
-0.90732
-0.90046
-0.90057
-0.91297
-0.90718
-0.91614
-0.91
-0.91116
-0.91004
-0.91956
-0.91276
-0.91277
36.6519
-0.90481
-0.90421
-0.90592
-0.90324
-0.91079
-0.91232
-0.90965
0
0
0
0
0
0
0
0
0
0
0
0
0
0
0
0
0
0
0
0
0
0
0
0
0
0
0
-1.4715
0
0
0
0
0
0
-1.4476
0
0
0
-1.884
0
0
0
0
0
0
0
0
0
0
0
0
0
0
0
0
0
0
0
0
0
0
0
0
0
0
0
0
0
0
0
0
-0.90142
-0.89981
-0.90512
-0.90921
-0.9113
-0.90395
-0.90537
-0.90525
-0.90472
-0.90268
-0.91043
-0.90143
-0.90087
-0.89631
-0.89633
-0.89633
-0.89993
-0.89237
-0.89281
-0.90516
-0.89959
-0.9085
-0.90234
-0.90362
-0.90296
-0.91072
-0.90252
-0.90252
-0.90481
33.6445
-0.89257
-0.89729
-0.89485
-0.90272
-0.90394
-0.90123
-0.89835
0
0
0
0
0
0
0
0
0
0
0
0
0
0
0
0
0
-1.1752
0
0
0
0
0
0
0
0
0
0
0
0
0
0
0
0
0
0
0
0
0
0
0
0
0
0
0
0
0
0
0
0
0
0
0
0
0
0
0
0
0
0
0
0
0
0
0
0
0
0
0
0
-0.90156
-0.89911
-0.90488
-0.90892
-0.91097
-0.90415
-0.90506
-0.90497
-0.90442
-0.90242
-0.91003
-0.90119
-0.9006
-0.89608
-0.89609
-0.89608
-0.89943
-0.89256
-0.89259
-0.90484
-0.89924
-0.90808
-0.90177
-0.90328
-0.90252
-0.91033
-0.90218
-0.90219
-0.90421
-0.89257
33.6935
-0.89705
-0.8942
-0.90227
-0.90322
-0.90086
-0.89811
0
0
0
0
0
0
0
0
0
0
0
0
0
0
0
0
0
0
-1.2355
0
0
0
0
0
0
0
0
0
0
0
0
0
0
0
0
0
0
0
0
0
0
0
0
0
0
0
0
0
0
0
0
0
0
0
0
0
0
0
0
0
0
0
0
0
0
0
0
0
0
0
-0.9035
-0.90152
-0.9068
-0.91087
-0.91298
-0.90607
-0.90704
-0.90688
-0.90652
-0.90437
-0.91205
-0.90309
-0.90254
-0.898
-0.89799
-0.898
-0.90171
-0.89449
-0.89449
-0.90682
-0.9012
-0.9101
-0.90389
-0.90508
-0.90433
-0.91214
-0.90497
-0.90497
-0.90592
-0.89729
-0.89705
30.7253
-0.89715
-0.90103
0
-0.90438
0
0
0
0
0
0
0
0
0
0
0
0
0
0
0
0
0
0
0
0
0
0
0
0
0
0
0
0
0
0
0
0
0
0
0
0
0
0
0
0
0
0
0
0
0
0
0
0
0
0
0
0
0
0
0
0
0
0
0
0
0
0
0
0
0
0
0
0
0
0
0
-0.90118
-0.89899
-0.90452
-0.90856
-0.91064
-0.90378
-0.90483
-0.90461
-0.90408
-0.90206
-0.90969
-0.90083
-0.90024
-0.89572
-0.89572
-0.89572
-0.8994
-0.89214
-0.89217
-0.90444
-0.8988
-0.90766
-0.90048
-0.90271
-0.90194
-0.9099
-0.90293
-0.90292
-0.90324
-0.89485
-0.8942
-0.89715
31.1095
-0.89931
0
0
0
0
0
0
0
0
0
0
0
0
0
0
0
0
0
0
0
0
0
0
0
0
-1.3641
0
0
0
0
0
0
0
0
0
0
0
0
0
0
0
0
0
0
0
0
0
0
0
0
0
0
0
0
0
0
0
0
0
0
0
0
0
0
0
0
0
0
0
0
0
0
0
0
-0.90697
-0.90496
-0.91039
-0.91425
-0.91661
-0.90973
-0.91065
-0.91028
-0.91012
-0.9079
-0.91461
-0.90667
-0.906
-0.90147
-0.90147
-0.90146
-0.90501
-0.8979
-0.89786
-0.90982
-0.904
-0.91261
-0.90744
-0.90853
-0.90801
-0.91547
-0.91062
-0.91063
-0.91079
-0.90272
-0.90227
-0.90103
-0.89931
33.5947
0
0
0
0
0
0
0
0
0
0
0
0
0
0
0
0
0
0
0
0
0
0
0
0
0
0
0
0
0
0
0
0
0
0
0
0
0
0
0
0
0
0
0
0
0
0
0
0
0
0
0
0
0
0
-3.6571
0
0
0
0
0
0
0
0
0
0
0
0
0
0
0
0
0
0
-0.90963
-0.9075
-0.91309
-0.91682
-0.91856
-0.91236
-0.91321
-0.91289
-0.91253
-0.91049
-0.91727
-0.90933
-0.90862
-0.9041
-0.9041
-0.9041
-0.90702
-0.90046
-0.90045
-0.91243
-0.90659
-0.91526
-0.90987
-0.91088
-0.91053
-0.91803
-0.91289
-0.91289
-0.91232
-0.90394
-0.90322
0
0
0
33.46
0
0
0
0
0
0
0
0
0
0
0
0
0
0
0
0
0
0
0
0
0
0
0
0
0
0
0
0
0
0
0
0
0
0
-1.6162
0
0
0
0
0
0
0
0
0
0
0
0
0
-3.6323
0
0
0
0
0
0
0
0
0
0
0
0
0
0
0
0
0
0
0
0
0
0
0
-0.90656
-0.90458
-0.91002
-0.91402
-0.91553
-0.90927
-0.91025
-0.91007
-0.90967
-0.90751
-0.91513
-0.90626
-0.90563
-0.9011
-0.9011
-0.90109
-0.90458
-0.8975
-0.89751
-0.90988
-0.90419
-0.91311
-0.90708
-0.90787
-0.90764
-0.91565
-0.9092
-0.9092
-0.90965
-0.90123
-0.90086
-0.90438
0
0
0
31.6712
0
0
0
0
0
0
0
0
0
0
0
0
0
0
0
0
0
0
0
0
0
0
0
0
0
0
0
0
0
0
0
0
0
0
0
0
0
0
0
-2.6439
0
0
0
0
0
0
0
0
0
0
0
0
0
0
0
0
0
0
0
0
0
0
0
0
0
0
0
0
0
0
0
-0.90386
-0.90189
-0.90713
-0.91125
-0.91335
-0.90641
-0.90738
-0.90723
-0.90689
-0.90471
-0.91247
-0.90342
-0.90287
-0.89832
-0.89831
-0.8983
-0.90205
-0.89479
-0.89478
-0.90715
-0.9015
-0.91043
-0.90422
-0.90531
-0.90468
-0.91283
-0.90564
-0.90565
0
-0.89835
-0.89811
0
0
0
0
0
27.1293
0
0
0
0
0
0
0
0
0
0
0
0
0
0
0
0
0
0
0
0
0
0
0
0
0
0
0
0
0
0
0
0
0
0
0
0
0
0
0
0
0
0
0
0
0
0
0
0
0
0
0
0
0
0
0
0
0
0
0
0
0
0
0
0
0
0
0
0
0
0
-0.91632
-0.9143
-0.9198
-0.92365
-0.926
-0.91913
-0.92005
-0.91963
-0.91957
-0.91727
-0.92419
-0.91604
-0.91536
-0.9108
-0.9108
-0.9108
-0.91438
-0.90723
-0.90715
-0.91925
-0.91342
-0.92216
-0.91696
-0.9182
-0.91749
0
-0.91839
-0.91839
0
0
0
0
0
0
0
0
0
28.1353
0
0
0
0
0
0
0
0
0
0
0
0
0
0
0
0
0
0
0
0
0
0
0
0
0
0
0
0
0
0
0
0
0
0
0
0
0
0
0
0
0
0
0
0
0
0
0
0
0
0
0
0
-3.3786
0
0
0
0
0
0
0
0
0
0
0
0
0
0
0
0
-0.9032
-0.90121
-0.90645
-0.91058
-0.91266
-0.90574
-0.9067
-0.90655
-0.90622
-0.90403
-0.91185
-0.90273
-0.90219
-0.89761
-0.89761
-0.89761
-0.90138
-0.89411
-0.89407
-0.90647
-0.90078
-0.90976
-0.90363
-0.90469
-0.90392
0
-0.90467
-0.90467
0
0
0
0
0
0
0
0
0
0
24.4011
0
0
0
0
0
0
0
0
0
0
0
0
0
0
0
0
0
0
0
0
0
0
0
0
0
0
0
0
0
0
0
0
0
0
0
0
0
0
0
0
0
0
0
0
0
0
0
0
0
0
0
0
0
0
0
0
0
0
0
0
0
0
0
0
0
0
0
0
-0.90828
-0.90631
-0.91184
-0.91567
-0.91788
-0.91121
-0.91217
-0.91167
-0.91169
-0.9094
-0.91619
-0.90819
-0.9075
-0.90302
-0.90303
-0.90302
-0.90657
-0.89948
-0.89946
-0.91137
-0.90566
-0.91422
-0.90926
-0.91033
-0.90991
0
0
0
0
0
0
0
0
0
0
0
0
0
0
25.8153
0
0
0
0
0
0
0
0
0
0
0
0
0
0
0
0
0
0
0
0
0
0
0
0
0
0
0
0
0
0
0
0
0
0
0
0
0
0
0
0
0
0
0
0
0
0
0
0
0
0
0
0
0
0
-3.092
0
0
0
0
0
0
0
0
0
0
0
0
-0.91667
-0.91468
-0.91997
-0.92414
-0.92626
-0.91926
-0.92021
-0.92005
-0.91975
-0.91753
-0.92545
-0.91621
-0.91569
-0.91106
-0.91106
-0.91106
-0.91496
-0.90755
-0.90752
-0.9201
-0.91443
-0.92354
-0.91748
0
0
0
0
0
0
0
0
0
0
0
0
0
0
0
0
0
21.0946
0
0
0
0
0
0
0
0
0
0
0
0
0
0
0
0
0
0
0
0
0
0
0
0
0
0
0
0
0
0
0
0
0
0
0
0
0
0
0
0
0
0
0
0
0
0
0
0
0
0
0
0
0
0
0
0
0
0
0
0
0
0
0
0
0
0
-0.91667
-0.91468
-0.91996
-0.92413
-0.92626
-0.91926
-0.92022
-0.92005
-0.91976
-0.91754
-0.92545
-0.91621
-0.91569
-0.91106
-0.91106
-0.91106
-0.91495
-0.90755
-0.90752
-0.9201
-0.91443
-0.92354
-0.91749
0
0
0
0
0
0
0
0
0
0
0
0
0
0
0
0
0
0
21.0947
0
0
0
0
0
0
0
0
0
0
0
0
0
0
0
0
0
0
0
0
0
0
0
0
0
0
0
0
0
0
0
0
0
0
0
0
0
0
0
0
0
0
0
0
0
0
0
0
0
0
0
0
0
0
0
0
0
0
0
0
0
0
0
0
0
-0.91532
-0.91334
-0.9187
-0.92276
-0.92484
-0.91802
-0.91895
-0.91872
-0.91846
-0.91629
-0.924
-0.91501
-0.91454
-0.90987
-0.90987
-0.90987
-0.91344
-0.90632
-0.9063
-0.91877
-0.91302
0
0
0
0
0
0
0
0
0
0
0
0
0
0
0
0
0
0
0
0
0
20.0984
0
0
0
0
0
0
0
0
0
0
0
0
0
0
0
0
0
0
0
0
0
-0.87193
0
0
0
0
0
0
0
0
0
0
0
0
0
0
0
0
0
0
0
0
0
0
0
0
0
0
0
0
0
0
0
0
0
0
0
0
0
0
0
0
0
0
-0.92139
-0.9194
-0.92469
-0.92889
-0.93101
-0.92398
-0.92494
-0.92478
-0.9245
-0.92225
-0.93033
-0.92092
-0.92044
-0.91576
-0.91577
-0.91577
-0.91977
-0.91227
-0.91222
-0.92497
-0.91917
0
0
0
0
0
0
0
0
0
0
0
0
0
0
0
0
0
0
0
0
0
0
19.3532
0
0
0
0
0
0
0
0
0
0
0
0
0
0
0
0
0
0
0
0
0
0
0
0
0
0
0
0
0
0
0
0
0
0
0
0
0
0
0
0
0
0
0
0
0
0
0
0
0
0
0
0
0
0
0
0
0
0
0
0
0
0
0
-0.90675
-0.90478
-0.90999
-0.91412
-0.91622
-0.90929
-0.9103
-0.91006
-0.90982
-0.9076
-0.91567
-0.90628
-0.90582
-0.90118
-0.90119
-0.90119
-0.90561
-0.8978
-0.89778
-0.91076
0
0
0
0
0
0
0
0
0
0
0
0
0
0
0
0
0
0
0
0
0
0
0
0
18.1422
0
0
0
0
0
0
0
0
0
0
0
0
0
0
0
0
0
0
0
0
0
0
0
0
0
0
0
0
0
0
0
0
0
0
0
0
0
0
0
0
0
0
0
0
0
0
0
0
0
0
0
0
0
0
0
0
0
0
0
0
0
0
-0.90677
-0.9048
-0.91001
-0.91415
-0.91623
-0.90931
-0.91033
-0.91008
-0.90985
-0.90761
-0.91569
-0.9063
-0.90584
-0.9012
-0.90121
-0.90121
-0.90562
-0.89782
-0.8978
-0.91078
0
0
0
0
0
0
0
0
0
0
0
0
0
0
0
0
0
0
0
0
0
0
0
0
0
18.1426
0
0
0
0
0
0
0
0
0
0
0
0
0
0
0
0
0
0
0
0
0
0
0
0
0
0
0
0
0
0
0
0
0
0
0
0
0
0
0
0
0
0
0
0
0
0
0
0
0
0
0
0
0
0
0
0
0
0
0
0
0
-0.9067
-0.90408
-0.90939
-0.91337
-0.91544
-0.90879
-0.90773
-0.90944
-0.90903
-0.90698
-0.91501
-0.90583
-0.90524
-0.90069
-0.9007
-0.9007
0
-0.89722
-0.8972
0
0
0
0
0
0
0
0
0
0
0
0
0
0
0
0
0
0
0
0
0
0
0
0
0
0
0
18.5977
0
0
0
0
0
0
0
0
0
0
0
0
-1.4239
0
0
0
0
0
-0.86017
0
0
0
0
0
0
0
0
0
0
0
0
0
0
0
0
0
0
0
0
0
0
0
0
0
0
0
0
0
0
0
0
0
0
0
0
0
0
0
0
0
-0.90675
-0.90479
-0.90999
-0.91413
-0.91622
-0.9093
-0.91031
-0.91007
-0.90982
-0.90759
-0.91567
-0.90629
-0.90582
-0.90119
-0.90119
-0.90119
-0.90561
-0.8978
-0.89779
-0.91077
0
0
0
0
0
0
0
0
0
0
0
0
0
0
0
0
0
0
0
0
0
0
0
0
0
0
0
18.1423
0
0
0
0
0
0
0
0
0
0
0
0
0
0
0
0
0
0
0
0
0
0
0
0
0
0
0
0
0
0
0
0
0
0
0
0
0
0
0
0
0
0
0
0
0
0
0
0
0
0
0
0
0
0
0
0
0
0
0
-0.89529
-0.89335
-0.89845
-0.90254
-0.90457
-0.89775
-0.89873
-0.89849
-0.8983
-0.89607
-0.90418
-0.89475
-0.89429
-0.88969
-0.88969
-0.88969
0
-0.88621
-0.88614
0
0
0
0
0
0
0
0
0
0
0
0
0
0
0
0
0
0
0
0
0
0
0
0
0
0
0
0
0
16.1182
0
0
0
0
0
0
0
0
0
0
0
0
0
0
0
0
0
0
0
0
0
0
0
0
0
0
0
0
0
0
0
0
0
0
0
0
0
0
0
0
0
0
0
0
0
0
0
0
0
0
0
0
0
0
0
0
0
0
-0.89876
-0.8968
-0.90193
-0.9053
-0.90765
-0.90122
-0.9023
-0.90133
-0.90178
-0.89933
-0.90604
-0.89809
-0.89753
-0.893
-0.893
-0.893
0
0
0
0
0
0
0
0
0
0
0
0
0
0
0
0
0
0
0
0
0
0
0
0
0
0
0
0
0
0
0
0
0
16.7512
0
0
0
0
0
0
0
0
0
0
0
0
0
0
0
0
0
0
0
0
0
0
0
0
0
0
0
0
0
0
0
0
0
0
0
0
-2.3541
0
0
0
0
0
0
0
0
0
0
0
0
0
0
0
0
0
0
0
0
-0.91465
-0.91266
-0.91783
-0.92198
-0.92406
-0.91714
-0.91812
-0.91787
-0.9177
-0.91542
-0.92382
-0.91407
-0.91376
-0.90905
-0.90905
-0.90905
0
0
0
0
0
0
0
0
0
0
0
0
0
0
0
0
0
0
0
0
0
0
0
0
0
0
0
0
0
0
0
0
0
0
14.6562
0
0
0
0
0
0
0
0
0
0
0
0
0
0
0
0
0
0
0
0
0
0
0
0
0
0
0
0
0
0
0
0
0
0
0
0
0
0
0
0
0
0
0
0
0
0
0
0
0
0
0
0
0
0
0
0
-0.91313
-0.91134
-0.91672
-0.92068
-0.92304
-0.91671
-0.91741
-0.91677
-0.91705
-0.91558
0
-0.91359
0
0
0
0
0
0
0
0
0
0
0
0
0
0
0
0
0
0
0
0
0
0
0
0
0
0
0
0
0
0
0
0
0
0
0
0
0
0
0
14.1748
0
0
0
0
0
0
0
0
0
-1.2314
0
0
-0.85879
0
0
0
0
0
0
0
0
0
0
0
0
0
0
0
0
0
0
0
0
0
0
0
0
0
0
0
0
0
0
0
0
0
-2.0026
0
0
0
0
0
0
0
0
-0.91129
-0.91153
-0.91667
-0.92105
-0.92312
-0.91603
-0.91705
-0.91706
-0.91654
-0.9142
0
-0.91296
0
0
0
0
0
0
0
0
0
0
0
0
0
0
0
0
0
0
0
0
0
0
0
0
0
0
0
0
0
0
0
0
0
0
0
0
0
0
0
0
11.3289
0
0
0
0
0
0
0
0
0
0
0
0
0
-1.2514
0
0
0
0
0
0
0
0
0
0
0
0
0
0
0
0
0
0
0
0
0
0
0
0
0
0
0
0
0
0
0
0
0
0
0
0
0
0
0
0
0
0
0
0
0
0
0
0
0
0
0
0
0
0
0
0
-1.5637
0
0
0
0
0
0
0
0
0
0
0
0
0
0
0
0
0
0
0
0
0
0
0
0
0
0
0
0
0
0
0
0
0
0
0
0
9.4471
0
-1.6751
0
0
0
-1.6977
0
0
0
0
0
0
0
0
0
0
0
0
0
0
0
0
-2.0897
0
0
0
0
0
0
0
0
0
0
0
0
0
0
0
0
0
0
0
0
0
0
0
0
0
-2.4208
0
0
0
0
-1.1904
0
0
0
0
-1.1918
0
0
0
0
0
0
0
0
0
0
0
-1.1765
0
0
0
0
0
0
0
0
0
0
0
-1.1752
0
0
0
0
0
0
0
0
0
0
0
0
0
0
0
0
0
0
0
0
0
0
0
0
6.6404
0
0
0
0
0
0
0
0
0
0
0
0
0
0
0
0
0
0
0
0
0
0
-1.9065
0
0
0
0
0
0
0
0
0
0
0
0
0
0
0
0
0
0
0
0
0
0
0
0
0
0
0
0
0
0
-1.2506
0
0
0
0
0
0
0
0
0
0
0
0
0
0
0
0
0
0
0
0
0
0
0
0
0
0
0
0
-1.2355
0
0
0
0
0
0
0
0
0
0
0
0
0
0
0
0
0
0
0
0
0
0
-1.6751
0
7.4886
0
0
-1.5783
0
0
0
0
0
0
0
0
0
0
0
0
0
0
0
0
0
0
0
0
0
0
0
0
0
-1.7491
0
0
0
0
0
0
0
0
0
0
0
0
0
0
0
0
0
0
0
0
0
0
0
0
0
0
-1.8042
0
0
0
0
0
0
0
0
0
0
0
0
0
0
0
0
0
0
0
0
0
0
0
0
0
0
0
0
0
0
0
0
0
0
0
0
0
0
0
0
0
0
0
0
0
0
0
0
0
0
0
7.2369
0
0
0
0
0
0
0
0
0
0
0
0
-2.0085
0
0
-1.7143
0
0
-1.7098
0
0
0
0
0
0
0
0
0
0
0
0
0
0
0
0
0
0
0
0
0
0
0
0
0
0
0
0
0
0
0
0
0
0
0
0
0
0
0
-1.5225
0
0
0
0
0
0
0
0
0
0
0
0
0
0
0
0
0
0
0
0
0
0
0
0
0
0
0
0
0
0
0
0
0
0
0
0
0
0
0
0
0
0
0
0
0
0
0
0
7.1938
0
0
0
0
0
0
0
0
0
0
0
0
0
0
0
0
-1.6948
0
0
-1.7991
0
0
0
0
0
0
0
0
0
0
0
0
0
0
0
0
0
0
0
0
0
0
-2.1774
0
0
0
0
0
0
0
0
0
0
0
0
0
0
0
0
0
0
0
0
0
0
0
0
0
0
0
0
-1.3796
0
0
0
0
0
0
0
0
0
-1.3641
0
0
0
0
0
0
0
0
0
0
0
0
0
0
0
0
0
0
0
0
0
0
-1.5783
0
0
6.6931
0
0
0
0
0
0
0
0
0
0
0
0
0
0
0
0
0
0
0
0
0
0
0
0
0
0
0
0
0
0
0
0
-2.371
0
0
0
0
0
0
0
0
0
0
0
0
0
0
0
0
0
0
0
0
0
-1.494
0
0
0
0
0
0
0
0
0
0
0
0
0
0
0
0
0
0
0
0
0
0
0
0
0
0
0
0
0
0
0
0
0
0
0
0
0
0
0
-1.4239
0
0
0
0
0
0
-1.6977
0
0
0
0
0
6.9917
0
0
0
0
0
0
0
0
0
0
0
-2.376
0
0
0
0
0
0
0
0
0
0
0
0
0
0
0
0
0
0
0
0
0
0
0
0
0
0
0
0
0
0
0
0
0
0
0
-1.7107
-1.7068
-1.7121
0
0
0
0
0
0
0
0
0
0
0
0
0
0
0
0
0
0
0
0
0
0
0
0
0
0
0
0
0
0
0
0
0
0
0
0
0
0
0
0
0
0
0
0
0
0
0
0
0
0
0
0
0
0
0
0
0
8.4331
0
0
0
0
0
0
0
0
0
0
0
0
0
0
0
0
0
0
0
0
0
0
0
0
0
0
0
0
0
0
0
0
0
0
0
0
0
0
0
0
0
0
0
-3.3035
0
0
0
0
0
0
0
0
0
0
0
0
0
0
-1.3179
0
0
0
0
0
0
0
0
0
0
0
0
0
0
0
0
0
0
0
0
0
0
0
0
0
0
0
0
0
0
0
0
0
0
0
0
0
0
-1.2314
0
0
0
0
0
0
0
0
0
4.3754
-1.826
0
0
0
0
0
0
0
0
0
0
0
0
0
0
0
0
0
0
0
0
0
0
0
0
0
0
0
0
0
0
0
0
0
0
0
0
0
0
0
0
0
0
0
0
0
0
0
0
0
0
0
0
0
-0.78597
0
0
0
0
0
0
0
0
0
0
0
0
0
0
0
0
0
0
0
0
0
0
0
0
0
0
0
0
0
0
0
0
0
0
0
0
0
0
0
0
0
0
0
0
0
0
0
0
0
0
0
-1.826
3.403
0
0
0
0
0
0
0
0
0
0
0
0
0
0
0
0
0
0
-0.79096
0
0
0
0
0
0
0
0
0
0
0
0
0
0
0
0
0
0
0
0
0
0
0
0
0
0
0
0
-1.5019
0
0
0
0
0
0
0
0
0
0
0
0
0
0
0
0
0
0
0
0
0
0
0
0
-1.4715
0
0
0
0
0
0
0
0
0
0
0
0
0
0
0
0
0
0
0
0
0
0
0
0
0
0
0
0
0
0
0
0
0
0
4.9905
0
0
0
-2.0172
0
0
0
0
0
0
0
0
0
0
0
0
0
0
0
0
0
0
0
0
0
0
0
0
0
0
0
0
0
0
0
0
0
0
0
0
0
0
0
0
0
0
0
0
0
0
0
0
0
0
0
0
0
0
0
0
0
0
0
0
0
0
0
0
0
0
0
0
0
0
0
0
0
0
0
0
0
0
0
0
0
-0.87193
0
0
0
0
0
0
0
0
-0.85879
0
0
0
0
0
0
0
0
0
0
0
0
2.6731
0
0
0
0
0
0
0
0
0
0
0
0
0
0
0
0
0
0
0
0
0
0
-0.9424
0
0
0
0
0
0
0
0
0
0
0
0
0
0
0
0
0
0
0
0
0
0
0
0
0
0
0
0
0
0
0
0
0
0
0
0
0
0
0
0
0
0
0
0
0
0
0
0
0
0
0
0
0
0
0
0
0
0
0
0
0
0
0
0
0
-0.86017
0
0
0
0
0
0
0
0
0
0
0
0
0
0
0
0
0
0
2.8545
-1.6127
0
0
0
0
0
0
0
0
0
0
0
0
0
0
0
0
0
0
0
0
0
0
0
0
0
0
0
0
-0.3816
0
0
0
0
0
0
0
0
0
0
0
-1.3391
0
0
0
0
0
0
0
0
0
0
0
0
0
0
0
0
0
0
0
0
0
0
0
0
0
0
0
0
0
0
0
0
0
0
0
0
0
0
0
0
0
0
0
0
0
0
0
0
0
0
0
-1.2514
0
0
0
0
0
0
0
0
0
0
0
0
-1.6127
4.2032
0
0
0
0
0
0
0
0
0
0
0
0
0
0
0
0
0
0
0
0
0
0
0
0
0
0
0
0
0
0
0
0
0
0
0
0
0
0
0
0
0
0
0
0
0
0
0
0
0
0
0
0
0
0
0
0
-0.98536
0
0
0
0
0
0
0
0
0
0
0
0
0
0
0
0
0
0
0
0
0
0
0
0
0
0
0
0
0
0
0
0
0
0
0
0
0
0
0
0
0
0
0
0
0
0
-2.0172
0
0
0
4.5269
0
0
0
0
0
0
0
0
0
0
0
0
0
0
0
0
0
0
0
0
0
0
0
0
0
0
0
0
0
0
0
-1.5244
0
0
0
0
0
0
0
-1.294
-1.2918
-1.2976
0
0
0
0
0
0
0
0
0
0
0
0
0
0
0
0
0
0
0
0
0
0
0
0
0
0
0
0
0
0
0
0
0
0
0
0
0
0
0
0
0
0
0
0
0
0
0
0
0
0
0
0
0
0
0
0
0
0
0
0
0
0
0
0
0
3.8834
0
0
0
0
0
0
0
0
0
0
0
0
0
0
0
0
0
0
0
0
0
0
0
0
0
0
0
0
0
0
0
0
0
0
0
0
0
0
0
0
0
0
0
0
0
0
0
0
0
0
0
0
0
0
0
0
0
0
0
0
0
0
0
0
0
0
0
0
0
0
0
0
-1.6162
0
0
0
0
0
0
0
0
0
0
0
0
0
0
0
0
0
0
0
0
0
-2.0085
0
0
0
0
0
0
0
0
0
0
0
0
6.113
0
0
0
0
0
0
0
0
0
0
0
0
0
0
0
0
0
0
0
-2.4883
0
0
0
0
0
0
0
0
0
0
0
0
0
0
0
0
0
0
0
0
0
0
0
0
0
0
0
0
0
0
0
0
0
0
0
0
0
0
0
0
0
-1.4515
0
0
0
-1.4476
0
0
0
0
0
0
0
0
0
0
0
0
0
0
0
0
0
0
0
0
0
0
0
0
0
0
0
0
0
0
0
0
0
0
0
0
0
0
0
0
0
4.8608
0
0
0
0
0
0
0
0
0
0
0
0
0
0
0
0
0
0
0
0
0
0
0
0
0
0
0
0
0
0
-1.9617
0
0
0
0
0
0
0
0
0
0
0
0
0
0
0
0
0
0
0
0
0
0
0
0
0
0
0
0
0
0
0
0
0
0
0
0
0
0
0
0
0
0
0
0
0
0
0
0
0
0
0
0
0
0
0
0
0
0
0
0
0
0
0
0
-2.376
0
0
0
0
0
0
0
0
0
0
0
4.5204
0
0
0
0
0
0
0
-2.1444
0
0
0
0
0
0
0
0
0
0
0
0
0
0
0
0
0
0
0
0
0
0
0
0
0
0
0
0
0
0
0
0
0
0
0
0
0
0
0
0
0
0
0
0
0
0
0
0
0
0
-2.6812
0
0
0
0
0
0
0
0
0
0
0
0
0
0
0
0
0
0
0
0
0
0
0
0
0
0
0
0
0
0
0
0
-1.7143
0
0
0
0
0
0
0
0
0
0
0
0
0
0
0
4.3956
0
0
0
0
0
0
0
0
0
0
0
0
0
0
0
0
0
0
0
0
0
0
0
0
0
0
0
0
0
0
0
0
0
0
0
0
0
0
0
0
0
0
0
0
0
0
0
0
0
0
-2.396
0
0
0
0
0
0
0
0
0
0
0
0
0
0
0
0
0
0
0
0
0
0
0
0
0
0
0
0
0
0
0
0
0
0
0
0
0
0
0
0
0
0
0
0
0
0
0
0
0
0
0
0
0
0
0
0
4.6659
0
0
-2.2699
0
0
0
0
0
0
0
0
0
0
0
0
0
0
0
0
0
0
0
0
0
0
0
0
0
0
0
0
0
0
0
0
0
0
0
0
0
0
0
0
0
0
0
0
0
0
0
0
0
0
0
0
0
0
0
0
0
0
-1.884
0
0
0
0
0
0
0
0
0
0
0
0
0
0
0
0
0
0
0
0
0
0
0
0
0
0
0
0
-1.6948
0
0
0
0
0
0
0
0
0
0
0
0
0
0
0
0
3.5788
0
0
0
0
0
0
0
0
0
0
0
0
0
0
0
0
0
0
0
0
0
0
0
0
0
0
0
0
0
0
0
0
0
0
0
0
0
0
0
0
0
0
0
0
0
0
0
0
0
0
0
0
0
0
0
0
0
0
0
0
0
0
0
0
0
0
0
-2.6439
0
0
0
0
0
0
0
0
0
0
0
0
0
0
0
0
0
0
0
0
-1.7098
0
0
0
0
0
0
0
0
0
0
0
0
0
0
0
0
0
0
4.3537
0
0
0
0
0
0
0
0
0
0
0
0
0
0
0
0
0
0
0
0
0
0
0
0
0
0
0
0
0
0
0
0
0
0
0
0
0
0
0
0
0
0
0
0
0
0
0
0
0
0
0
0
0
0
0
0
0
0
0
0
0
0
0
0
0
0
0
0
0
0
0
0
0
0
0
0
0
0
0
0
0
0
0
0
-2.0897
0
0
0
0
0
0
0
0
0
0
0
0
0
0
0
0
0
0
0
-2.2699
0
0
4.3596
0
0
0
0
0
0
0
0
0
0
0
0
0
0
0
0
0
0
0
0
0
0
0
0
0
0
0
0
0
0
0
0
0
0
0
0
0
0
0
0
0
0
0
0
0
0
0
0
0
0
0
0
0
0
0
0
0
0
0
0
0
0
0
0
0
0
0
0
0
0
0
0
0
0
0
0
0
0
0
0
0
0
0
0
-1.9065
0
0
-1.7991
0
0
0
0
0
0
0
0
0
0
0
0
0
0
0
0
0
0
0
3.7056
0
0
0
0
0
0
0
0
0
0
0
0
0
0
0
0
0
0
0
0
0
0
0
0
0
0
0
0
0
-1.2363
-1.2353
0
0
0
0
0
0
0
0
0
0
0
0
0
0
0
0
0
0
0
0
0
0
0
0
0
0
0
0
0
0
0
0
0
0
0
0
0
0
0
0
0
0
0
0
0
0
0
0
0
0
0
0
0
0
0
0
0
0
0
0
0
0
0
0
0
0
0
0
0
0
0
0
0
0
0
0
2.4716
0
0
0
0
0
0
0
0
0
0
0
0
0
0
0
0
0
0
0
0
0
0
0
0
0
0
0
0
0
0
0
0
0
0
0
0
0
0
0
0
0
0
0
0
0
0
0
0
0
0
0
0
0
-2.5343
0
0
0
0
0
0
0
0
0
0
0
0
0
0
0
0
0
0
0
0
0
0
0
0
0
0
0
0
0
0
0
0
0
0
0
0
0
0
0
0
0
0
0
0
0
-2.1444
0
0
0
0
0
0
0
4.6787
0
0
0
0
0
0
0
0
0
0
0
0
0
0
0
0
0
0
0
0
0
0
0
0
0
0
0
0
0
0
0
0
0
0
0
0
0
-4.7134
0
0
0
0
0
0
0
0
0
0
0
0
0
0
0
0
0
0
0
0
0
0
0
0
0
0
0
0
0
0
0
0
0
0
0
0
0
0
0
0
0
0
0
0
0
0
0
0
0
0
0
0
0
0
0
0
0
0
0
0
0
0
0
0
0
0
0
0
0
4.7134
0
0
0
0
0
0
0
0
0
0
0
0
0
0
0
0
0
0
0
0
0
0
0
0
0
0
0
0
0
0
0
0
0
0
0
0
0
0
0
0
0
0
0
0
0
0
0
0
0
0
0
0
0
0
0
0
0
0
0
0
0
0
0
0
0
0
0
0
0
0
0
0
0
0
0
0
0
0
0
0
0
0
0
0
0
0
0
0
-0.79096
0
0
0
0
0
0
0
0
0
0
0
0
0
0
0
0
0
0
0.79096
0
0
0
0
0
0
0
0
0
0
0
0
0
0
0
0
0
0
0
0
0
0
0
0
0
0
0
0
0
0
0
0
-4.6987
0
0
0
0
0
0
0
0
0
0
0
0
0
0
0
0
0
0
0
0
0
0
0
0
0
0
0
0
0
0
0
0
0
0
0
0
0
0
0
0
0
0
0
0
0
0
0
0
0
0
0
0
0
0
0
0
0
0
0
0
0
0
0
0
0
0
0
0
0
0
0
0
0
0
4.6987
0
0
0
0
0
0
0
0
0
0
0
0
0
0
0
0
0
0
0
0
0
0
0
0
0
0
0
0
0
0
0
0
0
0
0
0
0
0
0
0
0
0
0
0
0
0
0
0
0
0
0
0
0
0
0
0
0
0
-3.6323
0
0
0
0
0
0
0
0
0
0
0
0
0
0
0
0
0
0
0
0
0
0
0
0
0
0
0
0
0
0
0
0
0
0
0
0
0
0
0
0
0
0
0
0
0
0
0
0
3.6323
0
0
0
0
0
0
0
0
0
0
0
0
0
0
0
0
0
0
0
0
0
0
0
0
0
0
0
0
0
0
0
0
0
0
0
0
0
0
0
0
0
0
0
0
0
0
0
0
0
0
0
0
0
0
0
0
0
0
0
0
0
0
0
0
0
0
0
0
0
0
0
0
0
0
0
0
0
0
-1.7491
0
0
0
0
0
0
0
0
0
0
0
0
0
0
0
0
0
0
0
0
0
0
0
0
0
0
0
0
1.7491
0
0
0
0
0
0
0
0
0
0
0
0
0
0
0
0
0
0
0
0
0
0
0
0
0
0
0
0
0
0
0
0
0
0
0
0
0
0
0
0
0
0
0
0
0
0
0
-3.885
0
0
0
0
0
0
0
0
0
0
0
0
0
0
0
0
0
0
0
0
0
0
0
0
0
0
0
0
0
0
0
0
0
0
0
0
0
0
0
0
0
0
0
0
0
0
0
0
0
0
0
0
0
0
0
0
0
0
0
3.885
0
0
0
0
0
0
0
0
0
0
0
0
0
0
0
0
0
0
0
0
0
0
0
0
0
0
0
0
0
0
0
0
0
0
0
0
0
0
0
0
0
0
0
0
0
0
0
0
0
0
0
0
0
0
0
0
0
0
0
0
0
0
0
0
0
0
0
0
0
0
-2.3541
0
0
0
0
0
0
0
0
0
0
0
0
0
0
0
0
0
0
0
0
0
0
0
0
0
0
0
0
0
0
0
0
0
0
0
0
2.3541
0
0
0
0
0
0
0
0
0
0
0
0
0
0
0
0
0
0
0
0
0
0
0
0
0
0
0
0
0
0
0
0
0
0
0
0
0
0
0
0
0
0
0
0
0
0
0
0
0
0
0
0
0
0
0
0
0
0
0
0
0
0
0
0
0
0
0
0
0
0
0
0
0
0
0
0
0
0
0
0
0
0
0
0
-0.9424
0
0
0
0
0
0
0
0
0
0
0
0
0
0
0
0
0
0
0
0
0
0
0.9424
0
0
0
0
0
0
0
0
0
0
0
0
0
0
0
0
0
0
0
0
0
0
0
0
0
0
0
0
0
0
0
0
0
0
0
0
0
0
0
0
0
0
0
0
0
0
0
0
0
0
0
0
-3.6571
0
0
0
0
0
0
0
0
0
0
0
0
0
0
0
0
0
0
0
0
0
0
0
0
0
0
0
0
0
0
0
0
0
0
0
0
0
0
0
0
0
0
0
0
0
0
0
0
0
0
0
0
0
0
3.6571
0
0
0
0
0
0
0
0
0
0
0
0
0
0
0
0
0
0
0
0
0
0
0
0
0
0
0
0
0
0
0
0
0
0
0
0
0
0
0
0
0
0
0
0
0
0
0
0
0
0
0
0
0
0
0
0
0
0
0
0
0
0
0
0
0
0
0
0
0
0
0
0
0
0
0
0
0
0
0
0
0
0
0
0
0
0
0
-2.4883
0
0
0
0
0
0
0
0
0
0
0
0
0
0
0
0
0
0
0
2.4883
0
0
0
0
0
0
0
0
0
0
0
0
0
0
0
0
0
0
0
0
0
0
0
0
0
0
0
0
0
0
0
0
0
0
0
0
0
0
0
0
0
0
0
0
0
0
0
0
0
0
0
0
0
0
-3.3786
0
0
0
0
0
0
0
0
0
0
0
0
0
0
0
0
0
0
0
0
0
0
0
0
0
0
0
0
0
0
0
0
0
0
0
0
0
0
0
0
0
0
0
0
0
0
0
0
0
0
0
0
3.3786
0
0
0
0
0
0
0
0
0
0
0
0
0
0
0
0
0
0
0
0
0
0
0
0
0
0
0
0
0
0
0
0
0
0
0
0
0
0
0
0
0
0
0
0
0
0
0
0
0
0
0
0
0
0
0
0
0
0
0
0
0
0
0
0
0
0
0
0
0
0
0
0
0
0
-2.371
0
0
0
0
0
0
0
0
0
0
0
0
0
0
0
0
0
0
0
0
0
0
0
0
0
0
0
0
0
0
0
0
2.371
0
0
0
0
0
0
0
0
0
0
0
0
0
0
0
0
0
0
0
-4.8331
0
0
0
0
0
0
0
0
0
0
0
0
0
0
0
0
0
0
0
0
0
0
0
0
0
0
0
0
0
0
0
0
0
0
0
0
0
0
0
0
0
0
0
0
0
0
0
0
0
0
0
0
0
0
0
0
0
0
0
0
0
0
0
0
0
0
0
0
0
0
0
0
0
0
0
0
0
0
0
0
0
0
0
0
0
0
0
4.8331
0
0
0
0
0
0
0
0
0
0
0
0
0
0
0
0
0
-4.751
0
0
0
0
0
0
0
0
0
0
0
0
0
0
0
0
0
0
0
0
0
0
0
0
0
0
0
0
0
0
0
0
0
0
0
0
0
0
0
0
0
0
0
0
0
0
0
0
0
0
0
0
0
0
0
0
0
0
0
0
0
0
0
0
0
0
0
0
0
0
0
0
0
0
0
0
0
0
0
0
0
0
0
0
0
0
0
0
0
4.751
0
0
0
0
0
0
0
0
0
0
0
0
0
0
0
0
0
0
0
0
0
0
0
0
0
0
0
0
0
0
0
0
0
0
0
0
0
0
0
0
0
0
0
0
0
0
0
0
0
0
0
0
-3.092
0
0
0
0
0
0
0
0
0
0
0
0
0
0
0
0
0
0
0
0
0
0
0
0
0
0
0
0
0
0
0
0
0
0
0
0
0
0
0
0
0
0
0
0
0
0
0
0
0
0
0
0
0
0
3.092
0
0
0
0
0
0
0
0
0
0
0
0
0
0
0
0
0
0
0
0
0
0
0
0
0
0
0
0
0
0
0
0
0
0
0
0
0
0
0
0
0
0
0
0
0
0
0
0
0
0
0
0
0
0
0
0
0
0
0
0
0
0
0
0
0
0
0
0
0
0
0
0
0
0
0
0
0
-0.3816
0
0
0
0
0
0
0
0
0
0
0
0
0
0
0
0
0
0
0
0
0
0
0
0
0
0
0
0
0
0.3816
0
0
0
0
0
0
0
0
0
0
0
0
0
0
0
0
0
0
0
0
0
-4.7134
0
0
0
0
0
0
0
0
0
0
0
0
0
0
0
0
0
0
0
0
0
0
0
0
0
0
0
0
0
0
0
0
0
0
0
0
0
0
0
0
0
0
0
0
0
0
0
0
0
0
0
0
0
0
0
0
0
0
0
0
0
0
0
0
0
0
0
0
0
0
0
0
0
0
0
0
0
0
0
0
0
0
0
0
0
4.7134
0
0
0
0
0
0
0
0
0
0
0
0
0
0
0
0
0
0
0
0
0
0
0
0
0
0
0
0
0
-4.3434
0
0
0
0
0
0
0
0
0
0
0
0
0
0
0
0
0
0
0
0
0
0
0
0
0
0
0
0
0
0
0
0
0
0
0
0
0
0
0
0
0
0
0
0
0
0
0
0
0
0
0
0
0
0
0
0
0
0
0
0
0
0
0
0
0
0
0
0
0
0
0
0
0
0
0
0
0
4.3434
0
0
0
0
0
0
0
0
0
0
0
0
0
0
0
0
0
0
0
0
0
0
0
0
0
0
0
0
0
0
0
0
0
0
0
0
0
0
0
0
0
0
0
0
0
0
0
0
0
0
0
0
0
0
0
0
0
0
0
0
-2.0026
0
0
0
0
0
0
0
0
0
0
0
0
0
0
0
0
0
0
0
0
0
0
0
0
0
0
0
0
0
0
0
0
0
0
0
0
0
0
0
0
0
0
0
0
0
0
2.0026
0
0
0
0
0
0
0
0
0
0
0
0
0
0
0
0
0
0
0
0
0
0
0
0
0
0
0
0
0
0
0
0
0
0
0
0
0
0
0
0
0
0
0
0
0
0
0
0
0
0
0
0
0
0
0
0
0
0
0
0
0
0
0
0
0
0
0
0
0
0
0
0
0
0
0
-1.5244
0
0
0
0
0
0
0
0
0
0
0
0
0
0
0
0
0
0
0
0
0
0
0
0
0
0
0
0
0
0
0
1.5244
0
0
0
0
0
0
0
0
0
0
0
0
0
0
0
0
0
0
0
0
0
0
0
0
0
0
0
0
0
0
0
0
0
0
0
0
0
0
0
0
0
0
0
0
0
0
0
0
0
0
0
0
0
0
0
0
0
0
0
0
0
0
0
0
-2.1774
0
0
0
0
0
0
0
0
0
0
0
0
0
0
0
0
0
0
0
0
0
0
0
0
0
0
0
0
0
0
0
0
0
0
0
0
0
0
0
0
0
0
2.1774
0
0
0
0
0
0
0
0
0
0
0
0
0
0
0
0
0
0
0
0
0
0
0
0
0
0
0
0
0
0
0
0
0
0
0
0
0
0
0
0
0
0
0
0
0
0
0
0
0
0
0
0
0
0
0
0
0
0
0
0
0
0
0
0
0
0
0
0
0
0
0
0
0
0
0
0
-1.9617
0
0
0
0
0
0
0
0
0
0
0
0
0
0
0
0
0
0
0
0
0
0
0
0
0
0
0
0
0
0
1.9617
0
0
0
0
0
0
0
0
0
0
0
0
0
0
0
0
0
0
0
0
0
0
0
0
0
0
0
0
0
0
0
0
0
0
0
0
0
0
0
0
0
0
0
0
0
0
0
0
0
0
0
0
0
0
0
0
0
0
-2.4208
0
0
0
0
0
0
0
0
0
0
0
0
0
0
0
0
0
0
0
0
0
0
0
0
0
0
0
0
0
0
0
0
0
0
0
0
0
0
0
0
0
0
0
0
0
0
0
0
2.4208
0
0
0
0
0
0
0
0
0
0
0
0
0
0
0
0
0
0
0
0
0
0
0
0
0
-4.5485
0
0
0
0
0
0
0
0
0
0
0
0
0
0
0
0
0
0
0
0
0
0
0
0
0
0
0
0
0
0
0
0
0
0
0
0
0
0
0
0
0
0
0
0
0
0
0
0
0
0
0
0
0
0
0
0
0
0
0
0
0
0
0
0
0
0
0
0
0
0
0
0
0
0
0
0
0
0
0
0
0
4.5485
0
0
0
0
0
0
0
0
0
0
0
0
0
0
0
0
0
0
0
0
0
0
0
0
0
0
0
0
0
0
0
0
0
0
0
0
0
0
0
0
0
0
0
0
0
0
0
0
0
0
0
0
0
0
0
0
0
0
0
0
0
0
0
-3.3035
0
0
0
0
0
0
0
0
0
0
0
0
0
0
0
0
0
0
0
0
0
0
0
0
0
0
0
0
0
0
0
0
0
0
0
0
0
0
0
0
0
0
0
3.3035
0
0
0
0
0
0
0
0
0
0
0
0
0
0
0
0
0
0
0
0
0
0
0
-4.5485
0
0
0
0
0
0
0
0
0
0
0
0
0
0
0
0
0
0
0
0
0
0
0
0
0
0
0
0
0
0
0
0
0
0
0
0
0
0
0
0
0
0
0
0
0
0
0
0
0
0
0
0
0
0
0
0
0
0
0
0
0
0
0
0
0
0
0
0
0
0
0
0
0
0
0
0
0
0
0
0
0
0
0
4.5485
0
0
0
0
0
0
0
0
0
0
0
0
0
0
0
0
0
0
0
0
0
-4.1508
0
0
0
0
0
0
0
0
0
0
0
0
0
0
0
0
0
0
0
0
0
0
0
0
0
0
0
0
0
0
0
0
0
0
0
0
0
0
0
0
0
0
0
0
0
0
0
0
0
0
0
0
0
0
0
0
0
0
0
0
0
0
0
0
0
0
0
0
0
0
0
0
0
0
0
0
0
0
0
0
0
0
0
0
0
4.1508
