1
0.97216
0.96106
0.95462
0.95078
0.94757
0.94567
0.94368
0.94236
0.94101
0.937
0.93351
0.93049
0.92781
0.92538
0.92322
0.92118
0.91937
0.91762
0.91605
0.9145
0.9131
0.91171
0.91042
0.90916
0.90797
0.9068
0.90569
0.9046
0.90356
0.90255
0.90157
0.90061
0.89968
0.89877
0.89787
0.89698
0.89611
0.89523
0.89436
0.89348
0.89261
0.89173
0.89085
0.88999
0.88915
0.88836
0.8876
0.8869
0.88626
0.88568
0.88517
0.88473
0.88435
0.88406
0.88386
0.88375
0.88373
0.88379
0.88393
0.88413
0.88437
0.88465
0.88493
0.8852
0.88544
0.88566
0.88584
0.88598
0.88608
0.88614
0.88617
0.88616
0.88612
0.88605
0.88595
0.88584
0.8857
0.88555
0.88538
0.8852
0.88501
0.88481
0.8846
0.88439
0.88417
0.88394
0.88371
0.88348
0.88325
0.88301
0.88277
0.88253
0.88229
0.88204
0.8818
0.88156
0.88132
0.88108
0.88085
0.88062
0.8804
0.88018
0.87996
0.87975
0.87954
0.87932
0.87911
0.8789
0.87868
0.87846
0.87823
0.878
0.87777
0.87754
0.8773
0.87706
0.87682
0.87658
0.87633
0.87609
0.87584
0.87559
0.87533
0.87508
0.87482
0.87456
0.8743
0.87404
0.87378
0.87351
0.87325
0.87298
0.8727
0.87243
0.87215
0.87185
0.87155
0.87124
0.87091
0.87057
0.87022
0.86985
0.86947
0.86907
0.86866
0.86823
0.86779
0.86734
0.86688
0.8664
0.86591
0.86542
0.86491
0.8644
0.86388
0.86336
0.86283
0.86229
0.86176
0.86123
