1
0.96723
0.95541
0.94738
0.94179
0.93807
0.93488
0.9322
0.9298
0.92794
0.92181
0.91621
0.91093
0.90601
0.90129
0.89684
0.89253
0.88847
0.88451
0.88077
0.87711
0.87363
0.87021
0.86695
0.86377
0.86072
0.85775
0.8549
0.85214
0.84952
0.847
0.84459
0.8423
0.84013
0.83809
0.83617
0.83438
0.83271
0.83116
0.82972
0.82839
0.82716
0.82601
0.82493
0.82392
0.82298
0.82208
0.82124
0.82045
0.81968
0.81895
0.81823
0.81753
0.81683
0.81614
0.81545
0.81476
0.81406
0.81334
0.8126
0.81182
0.811
0.81011
0.80914
0.80807
0.80688
0.80553
0.80401
0.80229
0.80039
0.79835
0.79622
0.7941
0.79208
0.79021
0.78852
0.78702
0.7857
0.78455
0.78355
0.78268
0.78193
0.78128
0.78073
0.78026
0.77987
0.77954
0.77926
0.77902
0.77881
0.77863
0.77846
0.77831
0.77818
0.77807
0.77797
0.77789
0.77784
0.7778
0.77778
0.77778
0.77779
0.77783
0.77788
0.77794
0.77801
0.7781
0.77819
0.77829
0.77839
0.7785
0.77862
0.77874
0.77887
0.779
0.77913
0.77927
0.77941
0.77955
0.77969
0.77984
0.77998
0.78011
0.78024
0.78035
0.78046
0.78055
0.78062
0.78068
0.78071
0.78073
0.78073
0.78071
0.78066
0.7806
0.78051
0.7804
0.78026
0.78011
0.77994
0.77975
0.77955
0.77933
