46.6658
-0.65246
-0.65955
-0.65433
-0.70726
-0.65346
-0.68581
-0.64776
-0.66726
-0.66561
-0.66134
-0.67407
-0.67717
-0.6579
-0.61653
-0.66149
-0.64509
-0.63253
-0.61987
-0.59295
-0.60949
-0.6216
-0.66
-0.66005
-0.6845
-0.62039
-0.62742
-0.63491
-0.64903
-0.61556
-0.60738
-0.60848
-0.66226
-0.65563
-0.63404
-0.63384
-0.61622
-0.65174
-0.73557
-0.73883
-0.76169
-0.73829
-0.83086
-1.1066
-0.99624
-1.4868
-1.4659
0
0
0
0
0
-2.084
0
-2.1746
0
-2.1184
-2.0535
0
0
0
0
0
0
0
-2.9453
0
-2.5443
0
0
0
0
0
0
0
0
0
0
0
0
0
0
0
0
0
0
0
0
0
0
0
0
0
0
0
0
0
0
0
0
0
0
-0.65246
40.4845
-0.69387
-0.68278
-0.73197
-0.66859
-0.71733
-0.66608
-0.69288
-0.69027
-0.68267
-0.70341
-0.70318
-0.68826
-0.65039
-0.69267
-0.66616
-0.65469
-0.64685
-0.61434
-0.63079
-0.64517
-0.68963
-0.68611
-0.71163
-0.64627
-0.64943
-0.65655
-0.66996
-0.64038
-0.6321
-0.62885
-0.68372
-0.677
-0.65503
-0.65512
-0.63593
-0.66186
-0.79076
-0.74405
-0.78459
-0.76855
-0.8838
-1.1313
-1.036
-1.5633
-1.5769
0
0
0
0
0
-2.0767
0
0
0
0
-2.1028
-2.2714
0
0
0
0
0
0
0
0
0
0
0
0
0
0
0
0
0
0
0
0
0
0
0
0
0
0
0
0
0
0
0
0
0
0
0
0
0
0
0
0
0
0
0
-0.65955
-0.69387
39.6218
-0.68363
-0.73926
-0.68305
-0.71694
-0.67987
-0.69638
-0.69509
-0.69884
-0.70775
-0.70903
-0.6898
-0.65578
-0.6959
-0.67099
-0.65923
-0.62524
-0.6202
-0.63523
-0.64978
-0.69467
-0.69106
-0.716
-0.66013
-0.65222
-0.65933
-0.67284
-0.64391
-0.63833
-0.63199
-0.6872
-0.68044
-0.65833
-0.65812
-0.63882
-0.68342
-0.79447
-0.7681
-0.78736
-0.77366
-0.89127
-1.1395
-1.0478
-1.575
-1.5881
0
0
0
0
0
0
0
0
0
0
-2.1166
0
0
0
0
0
0
0
0
0
0
0
0
0
0
0
-3.2077
0
0
0
0
0
0
0
0
0
0
0
0
0
0
0
0
0
0
0
0
0
0
0
0
0
0
0
0
-0.65433
-0.68278
-0.68363
43.2671
-0.7367
-0.67292
-0.71269
-0.66611
-0.65868
-0.68197
-0.68248
-0.69323
-0.69533
-0.67829
-0.64225
-0.67918
-0.65788
-0.64632
-0.62024
-0.61005
-0.62295
-0.64241
-0.67771
-0.65143
-0.68584
-0.64963
-0.63976
-0.64726
-0.65953
-0.63493
-0.62756
-0.61985
-0.67416
-0.66744
-0.64566
-0.60977
-0.62841
-0.68138
-0.7833
-0.75959
-0.77626
-0.7304
-0.88516
-1.1115
-1.02
-1.5586
0
0
0
0
0
0
0
0
0
0
0
0
0
0
0
0
0
0
0
0
0
0
0
0
0
0
0
0
0
0
-3.5134
0
0
0
0
0
0
-3.9561
-3.7521
0
0
0
0
0
0
0
0
0
0
0
0
0
0
0
0
0
-0.70726
-0.73197
-0.73926
-0.7367
44.6442
-0.7205
-0.74996
-0.71601
-0.73475
-0.73112
-0.71965
-0.74396
-0.74549
-0.73341
-0.69012
-0.72276
-0.70758
-0.69464
-0.68569
-0.65729
-0.67046
-0.68131
-0.70176
-0.73333
-0.74481
-0.69573
-0.67908
-0.68597
-0.70403
-0.67373
-0.66885
-0.66662
-0.72268
-0.71581
-0.69339
-0.6964
-0.67407
-0.7231
-0.83513
-0.8071
-0.82561
-0.8181
-0.92766
-1.1717
-1.07
-1.6007
0
0
0
0
0
0
0
0
0
0
0
0
0
0
0
0
0
0
0
0
0
0
0
0
0
0
-3.4774
0
0
0
0
0
0
0
0
0
0
0
0
0
0
0
0
0
0
0
0
0
0
0
0
-6.9115
0
0
0
0
-0.65346
-0.66859
-0.68305
-0.67292
-0.7205
38.1489
-0.70889
-0.66105
-0.63072
-0.67648
-0.68945
-0.6887
-0.68972
-0.67644
-0.63584
-0.67713
-0.65322
-0.64053
-0.63036
-0.60302
-0.61704
-0.63395
-0.67102
-0.67847
-0.69779
-0.64562
-0.63294
-0.63983
-0.6577
-0.62833
-0.61972
-0.61492
-0.66919
-0.66258
-0.64081
-0.64168
-0.62185
-0.65368
-0.77706
-0.72489
-0.76651
-0.75302
-0.87314
-1.1102
-1.038
-1.5466
0
0
0
0
0
0
0
0
0
0
0
0
-2.2307
0
0
0
0
0
0
0
0
0
0
0
0
0
0
0
0
0
0
0
0
0
0
0
0
0
0
0
0
0
0
0
0
-4.0416
0
0
0
0
0
0
0
0
0
0
-0.68581
-0.71733
-0.71694
-0.71269
-0.74996
-0.70889
41.6724
-0.70118
-0.71862
-0.71763
-0.71044
-0.72794
-0.73202
-0.70596
-0.67509
-0.70955
-0.6922
-0.67838
-0.66295
-0.64133
-0.65452
-0.66787
-0.71297
-0.7173
-0.73035
-0.68241
-0.66044
-0.66756
-0.69437
-0.66006
-0.65151
-0.65092
-0.70627
-0.69941
-0.67728
-0.68052
-0.65854
-0.70629
-0.81644
-0.78916
-0.8073
-0.79543
-0.91234
-1.1504
0
0
0
0
0
-2.0686
0
0
0
0
-2.2244
0
0
0
0
0
0
0
0
0
0
0
0
0
0
0
0
0
0
0
0
0
0
0
0
0
0
0
0
0
0
0
0
0
0
0
0
0
0
0
0
-6.4648
0
0
0
0
0
0
-0.64776
-0.66608
-0.67987
-0.66611
-0.71601
-0.66105
-0.70118
33.8682
-0.67069
-0.67306
-0.66696
-0.68162
-0.69136
-0.66594
-0.63227
-0.67315
-0.62553
-0.63227
-0.62358
-0.59615
-0.60776
-0.62427
-0.6778
-0.66345
-0.68488
-0.62775
-0.62677
-0.63393
-0.65162
-0.61882
-0.61136
-0.60487
-0.65899
-0.65235
-0.63064
-0.60684
-0.61295
-0.6616
-0.76754
-0.73887
-0.75786
-0.74343
-0.86485
-1.1015
0
0
0
0
0
0
0
0
-2.0521
0
0
0
0
0
0
0
0
-2.8147
0
0
0
0
0
0
0
0
0
0
0
0
0
0
0
0
0
0
0
0
0
0
0
0
0
0
0
0
0
0
0
0
0
0
0
0
0
0
0
0
-0.66726
-0.69288
-0.69638
-0.65868
-0.73475
-0.63072
-0.71862
-0.67069
37.1814
-0.68824
-0.69345
-0.69866
-0.70139
-0.68562
-0.64715
-0.6874
-0.662
-0.64848
-0.63748
-0.6127
-0.6247
-0.64357
-0.68698
-0.68931
-0.70571
-0.65344
-0.64073
-0.64801
-0.66916
-0.63532
-0.62906
-0.6217
-0.67624
-0.66954
-0.64767
-0.60733
-0.63041
-0.67834
-0.78592
-0.75543
-0.77595
-0.75974
-0.88792
-1.1146
0
0
0
0
0
0
0
0
0
0
0
0
0
0
0
0
0
0
0
0
0
0
0
0
0
0
0
0
0
0
0
0
-3.4673
0
0
0
0
0
0
0
0
0
0
0
0
0
0
-4.0448
0
0
0
0
0
0
0
0
0
0
-0.66561
-0.69027
-0.69509
-0.68197
-0.73112
-0.67648
-0.71763
-0.67306
-0.68824
31.39
-0.68685
-0.70666
-0.70549
-0.69567
-0.64413
-0.68858
-0.66365
-0.647
-0.64507
-0.61092
-0.62331
-0.64112
-0.68813
-0.70697
-0.7136
-0.65551
-0.64294
-0.6493
-0.66719
-0.63728
-0.62923
-0.62168
-0.67685
-0.67021
-0.64807
-0.65106
-0.62776
-0.68251
-0.78663
-0.75981
-0.77461
-0.76246
-0.87961
-1.1182
0
-1.5624
0
0
0
0
0
0
0
0
0
0
0
0
0
0
0
0
0
0
0
0
0
0
0
0
0
0
0
0
0
0
0
0
0
0
0
0
0
0
0
0
0
0
0
0
0
0
0
0
0
0
0
0
0
0
0
0
-0.66134
-0.68267
-0.69884
-0.68248
-0.71965
-0.68945
-0.71044
-0.66696
-0.69345
-0.68685
38.126
-0.69238
-0.6978
-0.68344
-0.64795
-0.67288
-0.65916
-0.64889
-0.63889
-0.61372
-0.62425
-0.61621
-0.68028
-0.69121
-0.70016
-0.64874
-0.63803
-0.64477
-0.64324
-0.62267
-0.6235
-0.62018
-0.67491
-0.66828
-0.64634
-0.6469
-0.62742
-0.66316
-0.78106
-0.7451
-0.77467
0
0
0
0
0
0
0
0
0
0
-1.8982
0
0
0
0
0
0
0
0
0
0
0
-2.7593
0
0
0
0
0
0
0
0
0
0
0
0
0
0
-3.6134
-3.0268
0
0
0
0
0
0
0
0
0
0
0
0
0
0
0
0
0
0
0
0
0
0
-0.67407
-0.70341
-0.70775
-0.69323
-0.74396
-0.6887
-0.72794
-0.68162
-0.69866
-0.70666
-0.69238
32.7382
-0.71476
-0.70695
-0.65995
-0.68487
-0.67787
-0.65957
-0.65718
-0.62313
-0.63498
-0.65346
-0.69434
-0.71164
-0.72465
-0.668
-0.65595
-0.66213
-0.68063
-0.6483
-0.64122
-0.63401
-0.68972
-0.68301
-0.66071
-0.66472
-0.64086
-0.69338
-0.78587
-0.77286
-0.78913
-0.77675
-0.88201
-1.1382
0
0
0
0
0
0
0
0
0
-2.449
0
0
0
0
0
0
0
0
0
0
0
0
0
0
0
0
0
0
0
0
0
0
0
0
0
0
0
0
0
0
0
0
0
0
0
0
0
0
0
0
0
0
0
0
0
0
0
0
-0.67717
-0.70318
-0.70903
-0.69533
-0.74549
-0.68972
-0.73202
-0.69136
-0.70139
-0.70549
-0.6978
-0.71476
35.6014
-0.70349
-0.66201
-0.71243
-0.678
-0.66357
-0.65734
-0.59974
-0.63744
-0.65761
-0.6886
-0.70606
-0.72131
-0.66575
-0.65658
-0.66321
-0.63386
-0.64811
-0.63841
-0.63499
-0.69033
-0.68356
-0.66141
-0.66822
-0.64202
-0.69744
-0.80436
-0.77873
-0.79325
-0.77842
-0.89532
0
0
0
0
0
0
0
0
0
0
0
0
0
0
0
0
0
0
0
0
0
0
0
-2.8362
0
0
0
0
0
0
0
-3.5809
0
0
0
0
0
0
0
0
0
0
0
0
0
0
0
0
0
0
0
0
0
0
0
0
0
0
0
-0.6579
-0.68826
-0.6898
-0.67829
-0.73341
-0.67644
-0.70596
-0.66594
-0.68562
-0.69567
-0.68344
-0.70695
-0.70349
31.9073
-0.64518
-0.68606
-0.66169
-0.64921
-0.63814
-0.61122
-0.62295
-0.6408
-0.68605
-0.69537
-0.70783
-0.65076
-0.6372
-0.64316
-0.66511
-0.63224
-0.62594
-0.6184
-0.67351
-0.66701
-0.64491
-0.64162
-0.62523
-0.68168
-0.78712
-0.75632
-0.77366
-0.75656
0
0
0
0
0
0
-2.025
0
0
0
0
0
-2.1862
0
0
0
0
0
0
0
0
0
0
0
0
0
0
0
0
0
0
0
0
0
0
0
0
0
0
0
0
0
0
0
0
0
0
0
0
0
0
0
0
0
0
0
0
0
0
0
-0.61653
-0.65039
-0.65578
-0.64225
-0.69012
-0.63584
-0.67509
-0.63227
-0.64715
-0.64413
-0.64795
-0.65995
-0.66201
-0.64518
29.4214
-0.64888
-0.6121
-0.61356
-0.5946
-0.57117
-0.58377
-0.60593
-0.65356
-0.65594
-0.66249
-0.61136
-0.60117
-0.60718
-0.62246
-0.59548
-0.58595
-0.58108
-0.63468
-0.62833
-0.60672
-0.60654
-0.58735
-0.63626
-0.73579
-0.71026
-0.72879
-0.72044
-0.82953
0
0
0
0
0
0
0
0
0
0
0
0
0
0
0
0
0
0
0
0
0
0
0
0
-2.4854
0
0
0
0
0
0
0
0
0
0
0
0
0
0
0
0
0
0
0
0
0
0
0
0
0
0
0
0
0
0
0
0
0
0
-0.66149
-0.69267
-0.6959
-0.67918
-0.72276
-0.67713
-0.70955
-0.67315
-0.6874
-0.68858
-0.67288
-0.68487
-0.71243
-0.68606
-0.64888
35.0279
-0.66363
-0.65099
-0.63585
-0.61175
-0.62442
-0.63859
-0.68994
-0.68782
-0.6978
-0.64927
-0.64071
-0.64708
-0.66626
-0.62931
-0.62655
-0.61963
-0.67457
-0.66802
-0.64599
-0.64879
-0.62643
-0.68211
-0.77182
-0.75435
-0.77298
0
0
0
0
0
0
0
0
0
0
-1.8193
0
-2.3596
0
0
0
0
0
0
0
0
0
0
0
0
0
0
0
0
0
0
0
0
0
0
0
0
0
0
0
0
0
0
0
0
0
0
-3.9314
0
0
0
0
0
0
0
0
0
0
0
0
0
-0.64509
-0.66616
-0.67099
-0.65788
-0.70758
-0.65322
-0.6922
-0.62553
-0.662
-0.66365
-0.65916
-0.67787
-0.678
-0.66169
-0.6121
-0.66363
30.2485
-0.62047
-0.62355
-0.58163
-0.59378
-0.61087
-0.66664
-0.67094
-0.68792
-0.62365
-0.61296
-0.61985
-0.63425
-0.60564
-0.5993
-0.59223
-0.64588
-0.63943
-0.61783
-0.58825
-0.59958
-0.65119
-0.75315
-0.7253
-0.7428
-0.73317
-0.8502
0
0
0
0
0
0
0
0
0
0
0
0
0
0
0
0
0
0
-2.7613
0
0
0
0
0
0
0
0
0
0
0
0
0
0
0
0
0
0
0
0
0
0
0
0
0
0
0
0
0
0
0
0
0
0
0
0
0
0
0
0
-0.63253
-0.65469
-0.65923
-0.64632
-0.69464
-0.64053
-0.67838
-0.63227
-0.64848
-0.647
-0.64889
-0.65957
-0.66357
-0.64921
-0.61356
-0.65099
-0.62047
28.1497
-0.60145
-0.56588
-0.58409
-0.59521
-0.6541
-0.65257
-0.66482
-0.61336
-0.60406
-0.60972
-0.65009
-0.598
-0.59098
-0.58351
-0.63728
-0.63095
-0.60927
-0.61584
-0.58982
-0.64345
-0.74184
-0.71733
-0.73235
-0.72316
-0.83568
-1.0645
0
0
0
0
0
0
0
0
0
0
0
0
0
0
0
0
0
0
0
0
0
0
0
0
0
0
0
0
0
0
0
0
0
0
0
0
0
0
0
0
0
0
0
0
0
0
0
0
0
0
0
0
0
0
0
0
0
0
-0.61987
-0.64685
-0.62524
-0.62024
-0.68569
-0.63036
-0.66295
-0.62358
-0.63748
-0.64507
-0.63889
-0.65718
-0.65734
-0.63814
-0.5946
-0.63585
-0.62355
-0.60145
30.4226
-0.56367
-0.57554
-0.59132
-0.64313
-0.64217
-0.63731
-0.59742
-0.58812
-0.59412
-0.60881
-0.58355
-0.57765
-0.57161
-0.62439
-0.61824
-0.59691
-0.59275
-0.57825
-0.62824
-0.72378
-0.69952
-0.71804
0
0
0
0
0
0
-2.3937
0
0
0
0
0
0
0
0
0
0
0
0
0
0
0
0
0
0
0
0
0
0
0
0
0
-3.03
0
0
0
0
0
0
0
0
0
0
0
0
0
0
0
0
0
0
0
0
0
0
0
0
0
0
0
0
-0.59295
-0.61434
-0.6202
-0.61005
-0.65729
-0.60302
-0.64133
-0.59615
-0.6127
-0.61092
-0.61372
-0.62313
-0.59974
-0.61122
-0.57117
-0.61175
-0.58163
-0.56588
-0.56367
27.3838
-0.55356
-0.55388
-0.5925
-0.61679
-0.62667
-0.56862
-0.56707
-0.57227
-0.58744
-0.55855
-0.54817
-0.54792
-0.60009
-0.59402
-0.57282
-0.57297
-0.55388
-0.60034
-0.69725
-0.67336
-0.69248
0
-0.78562
0
0
0
0
0
0
0
0
0
0
0
0
0
0
0
0
0
0
0
0
0
0
0
-2.6467
0
0
0
0
0
0
0
0
0
0
0
0
0
0
0
0
0
0
0
0
0
0
0
0
0
0
0
0
0
0
0
0
0
0
0
-0.60949
-0.63079
-0.63523
-0.62295
-0.67046
-0.61704
-0.65452
-0.60776
-0.6247
-0.62331
-0.62425
-0.63498
-0.63744
-0.62295
-0.58377
-0.62442
-0.59378
-0.58409
-0.57554
-0.55356
26.0419
-0.57491
-0.62669
-0.62466
-0.63674
-0.59988
-0.57647
-0.58155
-0.60413
-0.57
-0.57021
-0.55911
-0.61214
-0.60615
-0.58454
-0.59299
-0.56558
-0.61783
-0.71232
-0.68858
-0.70422
-0.69878
-0.80342
0
0
0
0
0
0
0
0
0
0
0
0
0
0
0
0
0
0
0
0
0
0
0
0
0
0
0
0
0
0
0
0
0
0
0
0
0
0
0
0
0
0
0
0
0
0
0
0
0
0
0
0
0
0
0
0
0
0
0
-0.6216
-0.64517
-0.64978
-0.64241
-0.68131
-0.63395
-0.66787
-0.62427
-0.64357
-0.64112
-0.61621
-0.65346
-0.65761
-0.6408
-0.60593
-0.63859
-0.61087
-0.59521
-0.59132
-0.55388
-0.57491
28.8447
-0.64764
-0.65039
-0.65464
-0.60016
-0.59272
-0.59885
-0.63419
-0.57774
-0.57805
-0.57504
-0.62835
-0.62214
-0.60055
-0.60678
-0.58143
-0.62249
-0.7259
-0.7028
-0.72263
0
-0.81874
0
0
0
0
0
0
0
0
0
0
0
0
0
0
0
0
0
0
0
0
0
0
0
0
0
0
0
0
0
0
0
0
0
0
0
0
-2.9136
0
0
0
0
0
0
0
0
0
0
0
0
0
0
0
0
0
0
0
0
0
0
-0.66
-0.68963
-0.69467
-0.67771
-0.70176
-0.67102
-0.71297
-0.6778
-0.68698
-0.68813
-0.68028
-0.69434
-0.6886
-0.68605
-0.65356
-0.68994
-0.66664
-0.6541
-0.64313
-0.5925
-0.62669
-0.64764
36.5724
-0.68677
-0.69006
-0.64211
-0.63076
-0.63474
-0.65126
-0.62657
-0.6207
-0.61867
-0.67315
-0.66689
-0.64497
-0.64257
-0.62535
0
0
0
0
0
0
0
0
0
0
0
0
0
0
0
0
0
0
0
0
0
0
0
0
0
0
0
0
0
-2.7966
0
0
0
0
0
-3.3951
0
0
0
0
0
0
0
-3.9775
0
0
0
0
0
0
-2.5645
0
0
0
0
0
0
0
0
0
0
0
0
0
0
-0.66005
-0.68611
-0.69106
-0.65143
-0.73333
-0.67847
-0.7173
-0.66345
-0.68931
-0.70697
-0.69121
-0.71164
-0.70606
-0.69537
-0.65594
-0.68782
-0.67094
-0.65257
-0.64217
-0.61679
-0.62466
-0.65039
-0.68677
34.1392
-0.69019
-0.635
-0.63606
-0.64018
-0.65141
-0.63371
-0.61196
-0.61575
-0.67045
-0.66425
-0.64225
-0.63761
-0.62141
0
0
0
0
0
0
0
0
0
0
0
0
0
0
0
0
0
0
0
0
0
0
0
0
0
0
0
0
0
0
0
-2.7753
0
0
0
0
0
0
0
0
0
0
0
0
0
-3.8651
0
-3.5789
0
0
0
0
0
0
0
0
0
0
0
0
0
0
0
0
0
-0.6845
-0.71163
-0.716
-0.68584
-0.74481
-0.69779
-0.73035
-0.68488
-0.70571
-0.7136
-0.70016
-0.72465
-0.72131
-0.70783
-0.66249
-0.6978
-0.68792
-0.66482
-0.63731
-0.62667
-0.63674
-0.65464
-0.69006
-0.69019
32.6006
-0.65321
-0.64646
-0.64978
-0.66559
-0.64009
-0.63099
-0.62974
-0.68482
-0.67863
-0.65648
-0.6531
-0.63519
0
0
0
0
0
0
0
0
0
0
-2.4126
0
0
0
0
0
0
0
0
0
0
0
0
0
0
0
0
0
0
0
0
0
0
0
0
0
0
0
0
0
0
0
0
0
0
0
0
0
0
0
0
0
0
0
0
0
0
-5.7863
0
0
0
0
0
0
0
-0.62039
-0.64627
-0.66013
-0.64963
-0.69573
-0.64562
-0.68241
-0.62775
-0.65344
-0.65551
-0.64874
-0.668
-0.66575
-0.65076
-0.61136
-0.64927
-0.62365
-0.61336
-0.59742
-0.56862
-0.59988
-0.60016
-0.64211
-0.635
-0.65321
26.7377
-0.6114
-0.60692
-0.62713
-0.59443
-0.59421
-0.58594
-0.64099
-0.63549
-0.61312
-0.61089
-0.59242
0
0
0
0
0
0
0
0
0
0
0
0
0
0
0
-1.9777
0
0
0
-2.0829
0
0
0
0
0
0
0
0
0
0
0
0
0
0
0
0
0
0
0
0
0
0
0
0
0
0
0
0
0
0
0
0
0
0
0
0
0
0
0
0
0
0
0
0
0
-0.62742
-0.64943
-0.65222
-0.63976
-0.67908
-0.63294
-0.66044
-0.62677
-0.64073
-0.64294
-0.63803
-0.65595
-0.65658
-0.6372
-0.60117
-0.64071
-0.61296
-0.60406
-0.58812
-0.56707
-0.57647
-0.59272
-0.63076
-0.63606
-0.64646
-0.6114
24.9525
-0.58896
-0.61673
-0.55041
-0.57113
-0.57322
-0.62918
-0.62363
-0.60038
-0.61528
-0.57973
0
0
0
-0.72337
0
0
0
0
0
0
0
0
-1.933
0
0
0
0
0
0
0
0
0
0
0
0
0
0
0
0
0
0
0
0
0
0
0
0
0
0
0
0
0
0
0
0
0
0
0
0
0
0
0
0
0
0
0
0
0
0
0
0
0
0
0
0
-0.63491
-0.65655
-0.65933
-0.64726
-0.68597
-0.63983
-0.66756
-0.63393
-0.64801
-0.6493
-0.64477
-0.66213
-0.66321
-0.64316
-0.60718
-0.64708
-0.61985
-0.60972
-0.59412
-0.57227
-0.58155
-0.59885
-0.63474
-0.64018
-0.64978
-0.60692
-0.58896
24.462
-0.61802
-0.56186
-0.56287
-0.59021
-0.65038
-0.64633
-0.62135
-0.60388
-0.58439
0
0
0
0
0
0
0
0
0
0
0
0
-1.9356
0
0
0
0
0
0
0
0
0
0
0
0
0
0
0
0
0
0
0
0
0
0
0
0
0
0
0
0
0
0
0
0
0
0
0
0
0
0
0
0
0
0
0
0
0
0
0
0
0
0
0
0
-0.64903
-0.66996
-0.67284
-0.65953
-0.70403
-0.6577
-0.69437
-0.65162
-0.66916
-0.66719
-0.64324
-0.68063
-0.63386
-0.66511
-0.62246
-0.66626
-0.63425
-0.65009
-0.60881
-0.58744
-0.60413
-0.63419
-0.65126
-0.65141
-0.66559
-0.62713
-0.61673
-0.61802
28.4743
-0.60794
-0.61393
-0.59549
-0.64929
-0.64343
-0.62162
0
-0.60024
0
0
0
0
0
0
0
0
0
0
0
0
0
0
0
0
0
0
0
0
0
0
0
0
0
0
-2.6193
0
0
0
0
0
0
0
0
0
0
-3.367
0
0
0
0
0
0
0
0
0
0
0
0
0
0
0
0
0
0
0
0
0
0
0
0
0
0
0
-0.61556
-0.64038
-0.64391
-0.63493
-0.67373
-0.62833
-0.66006
-0.61882
-0.63532
-0.63728
-0.62267
-0.6483
-0.64811
-0.63224
-0.59548
-0.62931
-0.60564
-0.598
-0.58355
-0.55855
-0.57
-0.57774
-0.62657
-0.63371
-0.64009
-0.59443
-0.55041
-0.56186
-0.60794
24.8978
-0.5554
-0.56692
-0.62418
-0.61909
-0.5951
-0.59857
-0.56912
0
0
0
0
0
0
0
0
0
0
0
0
0
0
0
0
0
0
0
0
0
0
0
0
0
0
0
0
0
0
0
0
0
0
0
0
0
0
-2.8964
0
0
0
0
0
0
0
0
0
0
0
0
0
0
0
0
0
0
0
0
0
0
0
0
0
0
-0.60738
-0.6321
-0.63833
-0.62756
-0.66885
-0.61972
-0.65151
-0.61136
-0.62906
-0.62923
-0.6235
-0.64122
-0.63841
-0.62594
-0.58595
-0.62655
-0.5993
-0.59098
-0.57765
-0.54817
-0.57021
-0.57805
-0.6207
-0.61196
-0.63099
-0.59421
-0.57113
-0.56287
-0.61393
-0.5554
25.5326
-0.56053
-0.61422
-0.60947
-0.58772
0
0
0
0
0
0
0
0
0
0
0
0
0
0
0
0
0
0
0
0
0
0
0
0
0
0
0
0
0
0
0
0
0
0
0
-2.3875
-2.4909
0
0
0
0
0
0
0
0
0
0
0
0
0
0
0
0
0
0
0
0
0
0
0
0
0
0
0
0
0
0
-0.60848
-0.62885
-0.63199
-0.61985
-0.66662
-0.61492
-0.65092
-0.60487
-0.6217
-0.62168
-0.62018
-0.63401
-0.63499
-0.6184
-0.58108
-0.61963
-0.59223
-0.58351
-0.57161
-0.54792
-0.55911
-0.57504
-0.61867
-0.61575
-0.62974
-0.58594
-0.57322
-0.59021
-0.59549
-0.56692
-0.56053
21.5645
-0.57765
-0.56488
-0.54085
-0.58144
-0.55561
0
0
0
0
0
0
0
0
0
0
0
0
0
0
0
0
0
0
0
0
0
0
0
0
0
0
0
0
0
0
0
0
0
0
0
0
0
0
0
0
0
0
0
0
0
0
0
0
0
0
0
0
0
0
0
0
0
0
0
0
0
0
0
0
0
-0.66226
-0.68372
-0.6872
-0.67416
-0.72268
-0.66919
-0.70627
-0.65899
-0.67624
-0.67685
-0.67491
-0.68972
-0.69033
-0.67351
-0.63468
-0.67457
-0.64588
-0.63728
-0.62439
-0.60009
-0.61214
-0.62835
-0.67315
-0.67045
-0.68482
-0.64099
-0.62918
-0.65038
-0.64929
-0.62418
-0.61422
-0.57765
23.5674
-0.68281
-0.62937
-0.63617
-0.60133
0
0
0
0
0
0
0
0
0
0
0
0
0
0
0
0
0
0
0
0
0
0
0
0
0
0
0
0
0
0
0
0
0
0
0
0
0
0
0
0
0
0
0
0
0
0
0
0
0
0
0
0
0
0
0
0
0
0
0
0
0
0
0
0
0
-0.65563
-0.677
-0.68044
-0.66744
-0.71581
-0.66258
-0.69941
-0.65235
-0.66954
-0.67021
-0.66828
-0.68301
-0.68356
-0.66701
-0.62833
-0.66802
-0.63943
-0.63095
-0.61824
-0.59402
-0.60615
-0.62214
-0.66689
-0.66425
-0.67863
-0.63549
-0.62363
-0.64633
-0.64343
-0.61909
-0.60947
-0.56488
-0.68281
23.3276
-0.60906
-0.63069
-0.5934
0
0
0
0
0
0
0
0
0
0
0
0
0
0
0
0
0
0
0
0
0
0
0
0
0
0
0
0
0
0
0
0
0
0
0
0
0
0
0
0
0
0
0
0
0
0
0
0
0
0
0
0
0
0
0
0
0
0
0
0
0
0
0
0
0
-0.63404
-0.65503
-0.65833
-0.64566
-0.69339
-0.64081
-0.67728
-0.63064
-0.64767
-0.64807
-0.64634
-0.66071
-0.66141
-0.64491
-0.60672
-0.64599
-0.61783
-0.60927
-0.59691
-0.57282
-0.58454
-0.60055
-0.64497
-0.64225
-0.65648
-0.61312
-0.60038
-0.62135
-0.62162
-0.5951
-0.58772
-0.54085
-0.62937
-0.60906
22.5232
-0.60863
-0.57342
0
0
0
0
0
0
0
0
0
0
0
0
0
0
0
0
0
0
0
0
0
0
0
0
0
0
0
0
0
0
0
0
0
0
0
0
0
0
0
0
0
0
0
0
0
0
0
0
0
0
0
0
0
0
0
0
0
0
0
0
0
0
0
0
0
-0.63384
-0.65512
-0.65812
-0.60977
-0.6964
-0.64168
-0.68052
-0.60684
-0.60733
-0.65106
-0.6469
-0.66472
-0.66822
-0.64162
-0.60654
-0.64879
-0.58825
-0.61584
-0.59275
-0.57297
-0.59299
-0.60678
-0.64257
-0.63761
-0.6531
-0.61089
-0.61528
-0.60388
0
-0.59857
0
-0.58144
-0.63617
-0.63069
-0.60863
26.5342
0
0
0
0
0
0
0
0
0
0
0
0
0
0
0
0
0
0
0
0
0
0
0
0
0
-2.6324
0
0
0
0
0
0
0
0
0
0
0
0
0
0
-3.1959
0
0
0
0
0
0
0
0
0
0
0
0
0
0
0
0
0
0
0
0
0
0
0
0
0
-0.61622
-0.63593
-0.63882
-0.62841
-0.67407
-0.62185
-0.65854
-0.61295
-0.63041
-0.62776
-0.62742
-0.64086
-0.64202
-0.62523
-0.58735
-0.62643
-0.59958
-0.58982
-0.57825
-0.55388
-0.56558
-0.58143
-0.62535
-0.62141
-0.63519
-0.59242
-0.57973
-0.58439
-0.60024
-0.56912
0
-0.55561
-0.60133
-0.5934
-0.57342
0
20.6944
0
0
0
0
0
0
0
0
0
0
0
0
0
0
0
0
0
0
0
0
0
0
0
0
0
0
0
0
0
0
0
0
0
0
0
0
0
0
0
0
0
0
0
0
0
0
0
0
0
0
0
0
0
0
0
0
0
0
0
0
0
0
0
0
0
-0.65174
-0.66186
-0.68342
-0.68138
-0.7231
-0.65368
-0.70629
-0.6616
-0.67834
-0.68251
-0.66316
-0.69338
-0.69744
-0.68168
-0.63626
-0.68211
-0.65119
-0.64345
-0.62824
-0.60034
-0.61783
-0.62249
0
0
0
0
0
0
0
0
0
0
0
0
0
0
0
23.2519
-0.65608
0
0
0
0
0
0
0
0
0
0
0
0
0
0
0
0
0
0
0
-2.0515
0
0
0
0
0
0
0
0
0
0
0
0
-2.5055
0
0
0
0
0
0
0
0
0
0
0
0
0
0
-3.4374
0
0
0
0
0
0
0
0
0
0
0
0
0
0
0
-0.73557
-0.79076
-0.79447
-0.7833
-0.83513
-0.77706
-0.81644
-0.76754
-0.78592
-0.78663
-0.78106
-0.78587
-0.80436
-0.78712
-0.73579
-0.77182
-0.75315
-0.74184
-0.72378
-0.69725
-0.71232
-0.7259
0
0
0
0
0
0
0
0
0
0
0
0
0
0
0
-0.65608
20.2744
0
0
0
0
0
0
0
0
0
0
0
0
0
0
0
0
0
0
0
0
0
0
0
0
0
0
-2.7252
0
0
0
0
0
0
0
0
0
0
0
0
0
0
0
0
0
0
0
0
0
0
0
0
0
0
0
0
0
0
0
0
0
0
0
0
-0.73883
-0.74405
-0.7681
-0.75959
-0.8071
-0.72489
-0.78916
-0.73887
-0.75543
-0.75981
-0.7451
-0.77286
-0.77873
-0.75632
-0.71026
-0.75435
-0.7253
-0.71733
-0.69952
-0.67336
-0.68858
-0.7028
0
0
0
0
0
0
0
0
0
0
0
0
0
0
0
0
0
18.4067
0
0
0
0
0
0
0
0
0
0
0
0
0
0
0
0
0
0
-2.0964
0
0
0
0
0
0
0
0
0
0
0
0
0
0
0
0
0
0
0
0
0
0
0
0
0
0
0
0
0
0
0
0
0
0
0
0
0
0
0
0
0
0
0
-0.76169
-0.78459
-0.78736
-0.77626
-0.82561
-0.76651
-0.8073
-0.75786
-0.77595
-0.77461
-0.77467
-0.78913
-0.79325
-0.77366
-0.72879
-0.77298
-0.7428
-0.73235
-0.71804
-0.69248
-0.70422
-0.72263
0
0
0
0
-0.72337
0
0
0
0
0
0
0
0
0
0
0
0
0
17.4861
0
0
0
0
0
0
0
0
0
0
0
0
0
0
0
0
0
0
0
0
0
0
0
0
0
0
0
0
0
0
0
0
0
0
0
0
0
0
0
0
0
0
0
0
0
0
0
0
0
0
0
0
0
0
0
0
0
0
0
0
0
-0.73829
-0.76855
-0.77366
-0.7304
-0.8181
-0.75302
-0.79543
-0.74343
-0.75974
-0.76246
0
-0.77675
-0.77842
-0.75656
-0.72044
0
-0.73317
-0.72316
0
0
-0.69878
0
0
0
0
0
0
0
0
0
0
0
0
0
0
0
0
0
0
0
0
20.5733
0
0
0
0
0
-2.2099
0
0
0
0
0
0
0
0
0
0
0
0
0
0
0
0
-2.0971
0
0
0
0
0
0
0
0
0
0
0
0
0
0
0
-3.4359
0
0
0
0
0
0
0
0
0
0
0
0
0
0
0
0
0
0
0
0
0
-0.83086
-0.8838
-0.89127
-0.88516
-0.92766
-0.87314
-0.91234
-0.86485
-0.88792
-0.87961
0
-0.88201
-0.89532
0
-0.82953
0
-0.8502
-0.83568
0
-0.78562
-0.80342
-0.81874
0
0
0
0
0
0
0
0
0
0
0
0
0
0
0
0
0
0
0
0
22.5452
0
0
0
0
0
0
0
0
0
0
0
0
0
0
0
0
0
0
0
0
0
0
-2.7777
0
0
0
0
0
0
0
0
0
0
0
0
0
0
0
-4.2304
0
0
0
0
0
0
0
0
0
0
0
0
0
0
0
0
0
0
0
0
-1.1066
-1.1313
-1.1395
-1.1115
-1.1717
-1.1102
-1.1504
-1.1015
-1.1146
-1.1182
0
-1.1382
0
0
0
0
0
-1.0645
0
0
0
0
0
0
0
0
0
0
0
0
0
0
0
0
0
0
0
0
0
0
0
0
0
15.8119
0
0
0
0
0
0
0
0
0
0
0
0
0
0
0
0
0
0
0
0
-2.3537
0
0
0
0
0
0
0
0
0
0
0
0
0
0
0
0
0
0
0
0
0
0
0
0
0
0
0
0
0
0
0
0
0
0
0
0
0
-0.99624
-1.036
-1.0478
-1.02
-1.07
-1.038
0
0
0
0
0
0
0
0
0
0
0
0
0
0
0
0
0
0
0
0
0
0
0
0
0
0
0
0
0
0
0
0
0
0
0
0
0
0
19.9774
0
0
0
0
0
0
0
0
-2.371
0
-2.0595
0
0
0
0
-1.2656
0
0
-2.5084
0
0
0
0
-2.5617
0
0
0
0
0
-3.0032
0
0
0
0
0
0
0
0
0
0
0
0
0
0
0
0
0
0
0
0
0
0
0
0
0
0
0
-1.4868
-1.5633
-1.575
-1.5586
-1.6007
-1.5466
0
0
0
-1.5624
0
0
0
0
0
0
0
0
0
0
0
0
0
0
0
0
0
0
0
0
0
0
0
0
0
0
0
0
0
0
0
0
0
0
0
20.1
0
0
0
0
0
0
0
0
0
0
0
0
0
0
0
0
0
0
0
0
0
-2.558
0
0
0
0
0
0
0
0
0
0
0
0
0
0
0
0
0
0
0
-1.815
0
0
0
0
0
0
0
0
0
0
0
0
0
-4.8336
-1.4659
-1.5769
-1.5881
0
0
0
0
0
0
0
0
0
0
0
0
0
0
0
0
0
0
0
0
0
0
0
0
0
0
0
0
0
0
0
0
0
0
0
0
0
0
0
0
0
0
0
15.9058
0
-2.1859
0
-1.8757
0
0
0
-2.4152
0
-2.1581
0
0
0
0
0
0
0
0
0
-2.6399
0
0
0
0
0
0
0
0
0
0
0
0
0
0
0
0
0
0
0
0
0
0
0
0
0
0
0
0
0
0
0
0
0
0
0
0
0
0
0
0
0
0
0
0
0
0
0
0
0
0
0
0
0
-2.3937
0
0
0
0
0
-2.4126
0
0
0
0
0
0
0
0
0
0
0
0
0
0
0
0
-2.2099
0
0
0
0
0
16.8285
0
0
0
0
0
0
0
-2.7796
0
0
0
0
0
0
0
0
0
0
0
0
0
0
0
0
0
0
0
0
0
0
0
0
0
0
0
0
0
0
0
0
0
0
-2.7316
0
0
0
0
0
-4.3011
0
0
0
0
0
0
0
0
0
0
0
0
0
0
0
0
0
0
-2.025
0
0
0
0
0
0
0
0
0
0
0
0
0
0
0
0
0
0
0
0
0
0
0
0
0
0
0
0
0
0
0
0
-2.1859
0
15.1647
0
-2.2703
0
0
0
0
-2.6549
0
0
0
0
0
-2.9604
0
0
0
0
0
0
-3.0682
0
0
0
0
0
0
0
0
0
0
0
0
0
0
0
0
0
0
0
0
0
0
0
0
0
0
0
0
0
0
0
0
0
0
0
0
0
0
0
-2.0686
0
0
0
0
0
0
0
0
0
0
0
0
0
0
0
0
0
0
0
-1.933
-1.9356
0
0
0
0
0
0
0
0
0
0
0
0
0
0
0
0
0
0
0
0
0
14.5806
-2.3142
0
0
0
0
0
0
0
0
0
0
0
-3.1045
0
0
0
0
0
0
0
0
0
-3.2247
0
0
0
0
0
0
0
0
0
0
0
0
0
0
0
0
0
0
0
0
0
0
0
0
0
0
0
0
0
0
0
0
0
0
0
0
0
0
0
0
0
0
0
0
0
0
0
0
0
0
0
0
0
0
0
0
0
0
0
0
0
0
0
0
0
0
0
0
0
0
0
0
0
0
0
-1.8757
0
-2.2703
-2.3142
16.009
-2.2118
0
0
0
0
0
0
0
0
0
0
0
0
0
0
0
0
0
0
0
0
0
0
0
0
0
-2.5046
0
0
0
0
0
0
0
0
0
0
0
0
0
0
0
0
0
0
0
0
-4.8324
0
0
0
0
0
0
0
0
0
0
0
0
0
-1.8982
0
0
0
0
-1.8193
0
0
0
0
0
0
0
0
0
0
0
0
0
0
0
0
0
0
0
0
0
0
0
0
0
0
0
0
0
0
0
0
0
0
-2.2118
13.9381
0
-2.502
0
0
0
0
0
-2.6503
0
0
0
0
0
0
0
0
0
-2.8565
0
0
0
0
0
0
0
0
0
0
0
0
0
0
0
0
0
0
0
0
0
0
0
0
0
0
0
0
0
0
0
0
-2.084
-2.0767
0
0
0
0
0
-2.0521
0
0
0
0
0
0
0
0
0
0
0
0
0
0
0
0
0
-1.9777
0
0
0
0
0
0
0
0
0
0
0
0
0
0
0
0
0
0
0
0
0
0
0
0
0
0
12.9102
0
0
0
0
0
0
0
0
0
0
0
0
0
0
0
-3.0619
0
0
0
0
0
0
0
0
-1.6577
0
0
0
0
0
0
0
0
0
0
0
0
0
0
0
0
0
0
0
0
0
0
0
0
0
0
0
0
0
0
0
0
0
0
0
-2.449
0
0
0
-2.3596
0
0
0
0
0
0
0
0
0
0
0
0
0
0
0
0
0
0
0
0
0
0
0
0
0
0
0
0
-2.371
0
0
0
0
0
0
-2.502
0
12.5638
0
0
0
0
0
0
0
0
0
0
0
-2.8822
0
0
0
0
0
0
0
0
0
0
0
0
0
0
0
0
0
0
0
0
0
0
0
0
0
0
0
0
0
0
0
0
0
0
0
0
-2.1746
0
0
0
0
0
-2.2244
0
0
0
0
0
0
-2.1862
0
0
0
0
0
0
0
0
0
0
0
0
0
0
0
0
0
0
0
0
0
0
0
0
0
0
0
0
0
0
0
0
-2.4152
0
0
0
0
0
0
0
12.3742
0
0
0
0
0
0
0
0
0
0
0
0
0
0
0
0
0
0
-3.3738
0
0
0
0
0
0
0
0
0
0
0
0
0
0
0
0
0
0
0
0
0
0
0
0
0
0
0
0
0
0
0
0
0
0
0
0
0
0
0
0
0
0
0
0
0
0
0
0
0
0
0
0
0
0
0
0
0
0
0
0
0
0
0
0
0
0
0
0
0
0
0
0
-2.0595
0
0
-2.7796
-2.6549
0
0
0
0
0
0
13.9511
0
0
0
0
-2.603
0
0
0
0
0
0
0
0
0
0
0
0
0
0
0
0
0
0
0
0
0
0
0
0
0
0
0
-3.8541
0
0
0
0
0
0
0
0
0
0
0
0
0
-2.1184
0
0
0
0
0
0
0
0
0
0
0
0
0
0
0
0
0
0
0
0
0
0
0
0
-2.0829
0
0
0
0
0
0
0
0
0
0
0
0
0
0
0
0
0
0
0
0
-2.1581
0
0
0
0
0
0
0
0
0
12.9814
0
0
0
0
0
0
0
0
0
0
0
0
0
-3.1738
0
0
0
0
-3.4483
0
0
0
0
0
0
0
0
0
0
0
0
0
0
0
0
0
0
0
0
0
0
0
0
0
0
-2.0535
-2.1028
-2.1166
0
0
0
0
0
0
0
0
0
0
0
0
0
0
0
0
0
0
0
0
0
0
0
0
0
0
0
0
0
0
0
0
0
0
0
0
0
0
0
0
0
0
0
0
0
0
0
0
0
0
0
0
0
0
13.1985
0
0
0
0
0
0
0
0
0
0
0
-3.0992
0
0
0
0
0
0
0
0
0
0
0
0
0
0
0
0
-3.8264
0
0
0
0
0
0
0
0
0
0
0
0
0
0
0
0
-2.2714
0
0
0
-2.2307
0
0
0
0
0
0
0
0
0
0
0
0
0
0
0
0
0
0
0
0
0
0
0
0
0
0
0
0
0
0
0
-2.0515
0
-2.0964
0
0
0
0
0
0
0
0
0
0
0
0
0
0
0
0
0
0
11.9927
0
0
0
0
0
0
0
0
0
0
0
0
0
0
0
0
0
0
0
-3.3428
0
0
0
0
0
0
0
0
0
0
0
0
0
0
0
0
0
0
0
0
0
0
0
0
0
0
0
0
0
0
0
0
0
0
0
0
0
0
0
0
0
0
0
0
0
0
0
0
0
0
0
0
0
0
0
0
0
0
0
0
0
0
0
0
0
0
0
0
0
0
0
0
0
0
-2.6503
0
0
0
0
0
0
0
13.0107
0
0
0
-3.1812
-3.015
0
0
0
0
0
0
0
0
0
0
0
0
0
0
0
0
0
0
0
0
-4.1641
0
0
0
0
0
0
0
0
0
0
0
0
0
0
0
0
0
0
0
0
0
0
0
0
0
0
0
0
0
0
0
0
0
0
0
0
0
0
0
0
0
0
0
0
0
0
0
0
0
0
0
0
0
0
0
0
0
0
0
0
-1.2656
0
0
0
0
0
0
0
0
0
0
-2.603
0
0
0
0
10.1641
0
0
0
0
0
0
0
0
0
0
-2.7549
0
0
0
0
0
0
0
0
0
0
0
0
0
0
0
0
0
0
0
0
0
-3.5407
0
0
0
0
0
0
0
0
0
0
0
0
0
0
0
-2.8147
0
0
0
0
0
0
0
0
-2.7613
0
0
0
0
0
0
0
0
0
0
0
0
0
0
0
0
0
0
-2.6324
0
0
0
0
0
0
0
0
0
0
0
0
-2.9604
0
0
0
0
0
0
0
0
0
0
0
0
11.1689
0
0
0
0
0
0
0
0
0
0
0
0
0
0
0
0
0
0
0
0
0
0
0
0
0
0
0
0
0
0
0
0
0
0
0
0
0
0
0
0
0
0
0
0
0
0
0
0
0
0
0
0
0
0
0
0
0
0
0
0
0
0
0
0
0
0
0
0
0
0
0
0
0
0
0
0
0
0
0
0
0
0
0
0
0
0
0
0
0
-3.1045
0
0
0
0
0
0
0
0
0
0
0
0
10.9371
0
0
0
0
0
0
-3.4134
0
-3.5244
0
0
0
0
0
0
0
0
0
0
0
0
0
0
0
0
0
0
0
0
0
0
0
0
0
0
0
0
-0.89472
0
0
0
0
0
0
0
0
0
0
0
-2.7593
0
0
0
0
0
0
0
0
0
0
0
0
0
0
0
0
0
-2.6193
0
0
0
0
0
0
0
0
0
0
0
0
0
0
0
-2.5084
0
0
0
0
0
0
0
0
0
0
0
0
0
0
-3.1812
0
0
0
11.0683
0
0
0
0
0
0
0
0
0
0
0
0
0
0
0
0
0
0
0
0
0
0
0
0
0
0
0
0
0
0
0
0
0
0
0
0
0
0
0
0
0
0
0
0
0
0
0
0
0
0
0
0
0
0
0
0
0
0
0
0
0
0
0
0
0
0
0
0
0
0
0
0
0
0
0
0
0
0
0
-2.0971
0
-2.3537
0
0
0
0
0
0
0
0
0
0
0
0
0
0
0
-3.015
0
0
0
0
11.9186
0
0
0
0
0
0
0
0
0
0
0
0
0
0
0
0
0
0
0
0
0
0
0
0
0
0
0
-4.4527
0
0
0
0
0
0
0
0
0
-2.9453
0
0
0
0
0
0
0
0
0
0
0
0
0
0
0
0
0
0
0
0
0
0
0
0
0
0
0
0
0
0
0
0
0
0
0
0
0
-2.7252
0
0
0
-2.7777
0
0
0
0
0
0
0
0
0
0
-2.8822
0
0
0
0
0
0
0
0
0
0
0
11.3304
0
0
0
0
0
0
0
0
0
0
0
0
0
0
0
0
0
0
0
0
0
0
0
0
0
0
0
0
0
0
0
0
0
0
0
0
0
0
0
0
0
0
0
0
0
0
0
0
-2.8362
0
0
0
0
0
0
-2.6467
0
0
-2.7966
0
0
0
0
0
0
0
0
0
0
0
0
0
0
0
0
0
0
0
0
0
0
0
-2.6399
0
0
0
0
0
0
0
0
0
0
0
0
0
0
0
0
0
0
0
10.9194
0
0
0
0
0
0
0
0
0
0
0
0
0
0
0
0
0
0
0
0
0
0
0
0
0
0
0
0
0
0
0
0
0
0
0
-2.5443
0
0
0
0
0
0
0
0
0
0
0
0
0
-2.4854
0
0
0
0
0
0
0
0
0
0
0
0
0
0
0
0
0
0
0
0
0
0
0
0
0
0
0
0
0
0
-2.558
0
0
0
0
0
0
0
0
0
0
0
0
0
0
0
0
0
0
0
0
0
11.434
0
0
0
0
0
0
0
0
0
0
0
0
0
0
0
0
0
-3.8462
0
0
0
0
0
0
0
0
0
0
0
0
0
0
0
0
0
0
0
0
0
0
0
0
0
0
0
0
0
0
0
0
0
0
0
0
0
0
0
-2.7753
0
0
0
0
0
0
0
0
0
0
0
0
0
0
0
0
0
0
0
0
-2.5617
0
0
0
-3.0682
0
0
0
-3.0619
0
0
0
0
0
0
0
0
0
0
0
0
0
0
0
11.4671
0
0
0
0
0
0
0
0
0
0
0
0
0
0
0
0
0
0
0
0
0
0
0
0
0
0
0
0
0
0
0
0
0
0
0
0
0
0
0
0
0
0
0
0
0
0
0
0
0
0
0
0
0
0
0
0
0
0
0
0
0
0
0
0
0
0
0
0
0
0
0
0
0
0
0
0
0
0
0
0
0
0
0
0
-2.8565
0
0
0
0
0
-3.0992
0
0
0
0
-3.4134
0
0
0
0
0
0
12.5421
-3.173
0
0
0
0
0
0
0
0
0
0
0
0
0
0
0
0
0
0
0
0
0
0
0
0
0
0
0
0
0
0
0
0
0
0
0
0
0
0
0
0
0
0
0
0
0
0
0
0
0
0
0
0
0
0
0
0
0
0
0
0
0
-2.3875
0
0
0
0
0
0
0
0
0
0
0
0
0
0
0
0
0
0
0
0
0
0
0
0
0
-3.1738
0
0
0
0
0
0
0
0
0
0
0
0
-3.173
12.7667
0
0
0
0
0
0
0
0
0
0
0
-4.0324
0
0
0
0
0
0
0
0
0
0
0
0
0
0
0
0
0
0
0
0
0
0
0
0
0
0
0
0
0
0
0
0
0
0
0
0
0
0
0
0
0
0
0
0
0
0
0
0
0
-2.4909
0
0
0
0
0
0
-2.5055
0
0
0
0
0
0
0
0
0
0
0
0
0
0
0
0
0
0
0
0
0
0
-2.7549
0
-3.5244
0
0
0
0
0
0
0
0
11.2757
0
0
0
0
0
0
0
0
0
0
0
0
0
0
0
0
0
0
0
0
0
0
0
0
0
0
0
0
0
0
0
0
0
0
-3.4774
0
0
0
0
0
0
0
0
0
0
0
0
0
0
0
0
0
-3.3951
0
0
0
0
0
0
0
0
0
0
0
0
0
0
0
0
0
0
0
0
0
0
0
0
0
0
-3.2247
0
0
0
0
0
0
0
0
0
0
0
0
0
0
0
0
0
0
0
0
0
0
10.0972
0
0
0
0
0
0
0
0
0
0
0
0
0
0
0
0
0
0
0
0
0
0
0
0
0
0
0
0
0
0
0
-3.2077
0
0
0
0
0
0
0
0
0
0
0
0
0
0
0
-3.03
0
0
0
0
0
0
0
0
0
0
0
0
0
0
0
0
0
0
0
0
0
0
0
0
0
0
0
0
0
0
0
0
0
0
0
-3.3738
0
0
0
0
0
0
0
0
0
0
0
0
0
0
0
0
0
0
9.6114
0
0
0
0
0
0
0
0
0
0
0
0
0
0
0
0
0
0
0
0
0
0
0
0
0
0
0
0
0
0
0
0
0
0
0
0
0
0
0
0
-3.5809
0
0
0
0
0
0
0
0
0
0
0
0
0
0
0
-3.367
0
0
0
0
0
0
0
0
0
0
0
0
0
0
0
-3.0032
0
0
0
0
0
0
0
0
0
0
0
0
0
0
0
0
0
0
0
0
0
0
0
0
0
0
0
0
0
9.9511
0
0
0
0
0
0
0
0
0
0
0
0
0
0
0
0
0
0
0
0
0
0
0
0
0
0
0
0
0
0
0
0
0
0
0
0
0
0
0
0
0
0
0
0
0
0
0
0
0
0
0
0
0
0
0
0
-2.8964
0
0
0
0
0
0
0
0
0
0
0
0
0
0
0
0
0
0
0
0
0
0
0
0
0
0
-3.4483
0
0
0
0
0
0
0
0
0
0
0
0
0
0
0
0
0
0
9.9845
0
0
0
-3.6397
0
0
0
0
0
0
0
0
0
0
0
0
0
0
0
0
0
0
0
0
0
0
0
0
0
-3.5134
0
0
0
0
-3.4673
0
0
0
0
0
0
0
0
0
0
0
0
0
0
0
0
0
0
0
0
0
0
0
0
0
0
-3.1959
0
0
0
0
0
0
0
0
0
0
0
0
0
0
0
0
0
0
0
0
0
0
0
0
0
0
0
0
0
0
0
0
0
0
0
0
0
0
0
0
10.1766
0
0
0
0
0
0
0
0
0
0
0
0
0
0
0
0
0
0
0
0
0
0
0
0
0
0
0
0
0
0
0
0
0
0
0
0
0
0
0
0
0
0
0
0
0
0
0
0
0
0
0
0
0
0
0
0
0
0
0
0
0
0
0
0
0
0
0
0
0
0
0
0
0
0
0
-2.5046
0
-1.6577
0
0
0
0
0
0
0
0
0
0
0
0
0
0
0
0
0
0
0
0
0
0
0
0
8.3676
0
0
0
0
0
0
0
0
0
0
0
0
0
0
0
0
0
0
0
0
0
-4.2052
0
0
0
0
0
0
0
0
0
0
0
0
-3.6134
0
0
0
0
0
0
0
0
0
0
0
0
0
0
0
0
0
0
0
0
0
0
0
0
0
0
0
0
0
0
0
0
0
0
0
0
0
0
0
0
0
0
0
0
0
0
0
-3.3428
0
0
0
0
0
0
0
0
0
0
0
0
0
0
0
0
0
0
0
11.2313
0
0
0
0
0
0
0
0
0
0
-4.2752
0
0
0
0
0
0
0
0
0
0
0
0
0
0
0
0
0
0
0
0
0
0
-3.0268
0
0
0
0
0
0
0
0
0
0
-2.9136
0
0
0
0
0
0
0
0
0
0
0
0
0
0
0
0
0
0
0
0
0
0
0
0
0
0
0
0
0
0
0
0
0
0
0
0
0
0
0
0
0
0
0
0
0
0
0
0
0
0
0
0
0
-3.6397
0
0
0
9.5801
0
0
0
0
0
0
0
0
0
0
0
0
0
0
0
0
0
0
0
0
0
0
0
0
0
0
0
0
0
0
0
0
0
0
0
0
0
0
0
0
0
0
0
0
-3.9775
0
0
0
0
0
0
0
0
0
0
0
0
0
0
0
0
0
0
-3.4359
0
0
0
0
0
0
0
0
0
0
0
0
0
0
0
0
0
0
0
0
0
0
0
0
0
0
0
0
0
0
0
0
0
0
0
0
0
0
7.4134
0
0
0
0
0
0
0
0
0
0
0
0
0
0
0
0
0
0
0
0
0
0
0
0
0
0
0
0
0
0
0
0
0
0
0
0
0
0
0
0
0
0
0
0
0
0
0
0
0
0
0
0
0
0
0
0
0
0
0
0
0
0
0
-4.2304
0
0
0
0
0
0
0
0
0
0
0
0
0
0
0
0
0
0
0
0
0
0
0
0
0
0
0
0
0
0
0
0
0
0
0
0
0
0
8.7238
0
0
0
0
0
0
0
-4.4934
0
0
0
0
0
0
0
0
0
0
0
0
0
0
0
0
0
0
0
0
0
0
0
0
0
0
0
0
0
0
0
0
0
0
0
-3.8651
0
0
0
0
0
0
0
0
0
0
0
0
0
0
0
0
0
0
0
0
0
0
0
0
0
0
0
0
0
0
0
0
0
0
0
0
0
0
0
0
0
0
0
0
0
0
-4.0324
0
0
0
0
0
0
0
0
0
0
0
7.8974
0
0
0
0
0
0
0
0
0
0
0
0
0
0
0
0
0
0
0
0
0
0
-3.9561
0
0
0
0
0
0
0
0
0
0
0
0
0
0
0
0
0
0
0
0
0
0
0
0
0
0
0
0
0
0
0
0
0
0
0
0
0
0
0
0
0
0
0
0
0
0
0
0
0
0
0
0
0
0
0
0
0
0
0
0
0
0
0
0
0
0
0
0
0
0
0
0
0
0
0
0
0
0
0
8.0378
0
0
0
0
0
0
-4.0817
0
0
0
0
0
0
0
0
0
0
0
0
0
0
-3.7521
0
0
0
0
0
0
0
0
0
0
0
0
0
0
0
0
0
0
0
-3.5789
0
0
0
0
0
0
0
0
0
0
0
0
0
0
0
0
0
0
0
0
0
0
0
0
0
0
0
0
0
0
0
0
0
0
0
0
0
0
0
0
0
0
0
0
0
0
0
0
0
0
0
0
0
0
0
0
0
0
0
0
7.331
0
0
0
0
0
0
0
0
0
0
0
0
0
0
0
0
0
0
0
0
0
0
0
0
0
0
0
0
0
0
0
0
0
0
0
0
0
0
0
0
0
0
0
0
0
0
0
0
0
0
0
0
0
0
0
0
0
0
0
0
0
0
0
0
0
0
0
0
0
0
0
0
0
0
0
0
-4.1641
0
0
0
0
0
0
0
-3.8462
0
0
0
0
0
0
0
0
0
0
0
0
0
0
0
0
0
8.0104
0
0
0
0
0
0
0
0
0
0
0
0
0
0
0
0
0
0
0
0
0
0
0
0
0
0
0
0
0
0
0
0
0
0
0
0
0
0
0
0
0
0
0
0
0
0
0
0
0
0
0
0
0
-3.4374
0
0
0
0
0
0
0
0
0
0
0
0
0
0
0
0
0
0
0
-3.8264
0
0
0
0
0
0
0
0
0
0
0
0
0
0
0
0
0
0
0
0
0
0
0
0
0
0
0
0
7.2638
0
0
0
0
0
0
0
0
0
0
0
0
0
0
0
0
0
0
0
0
0
0
0
0
0
0
0
0
0
0
0
0
0
0
0
0
0
-2.5645
0
0
0
0
0
0
0
0
0
0
0
0
0
0
0
0
0
0
0
0
0
0
-1.815
0
0
0
0
0
0
0
0
0
0
0
0
0
0
0
0
0
0
0
0
0
0
0
0
0
0
0
0
0
0
0
0
0
0
0
0
0
0
0
0
0
4.3795
0
0
0
0
0
0
0
0
0
0
0
0
0
0
0
0
0
0
0
0
0
0
0
0
0
0
0
0
0
-3.9314
0
0
0
0
0
0
0
0
0
0
0
0
0
0
0
0
0
0
0
0
0
0
0
0
0
0
0
0
0
0
0
0
0
0
0
0
0
0
0
-3.8541
0
0
0
0
0
0
0
0
0
0
0
0
0
0
0
0
0
0
0
0
0
0
0
0
0
0
0
0
0
0
0
0
7.7854
0
0
0
0
0
0
0
0
0
0
0
0
0
0
0
0
0
0
0
0
0
0
0
0
0
0
0
0
0
0
0
0
0
0
0
0
0
0
0
0
0
0
0
0
0
0
0
0
0
0
0
0
0
0
0
0
0
0
0
0
0
0
0
0
0
0
0
0
0
0
0
0
0
0
0
0
0
0
0
0
0
0
0
0
0
0
0
0
0
0
0
-4.2752
0
0
-4.4934
0
0
0
0
0
0
0
8.7686
0
0
0
0
0
0
0
0
0
0
0
0
0
0
0
0
0
0
0
0
0
0
0
0
0
0
0
0
0
0
0
0
0
0
0
0
0
0
0
0
0
0
0
0
0
0
0
0
0
0
0
0
0
0
0
0
0
0
0
-2.7316
0
0
0
0
0
0
0
0
0
0
0
0
0
0
0
0
0
0
0
0
0
0
0
0
0
0
0
0
0
0
0
0
0
0
0
-4.0817
0
0
0
0
0
0
6.8133
0
0
0
0
0
0
0
0
0
0
0
0
0
0
0
0
-4.0416
0
0
-4.0448
0
0
0
0
0
0
0
0
0
0
0
0
0
0
0
0
0
0
0
0
0
0
0
0
0
0
0
0
0
0
0
0
0
0
0
0
0
0
0
0
0
0
0
0
0
0
0
0
0
0
0
0
0
0
0
0
0
0
0
0
0
0
0
0
0
0
0
0
0
0
0
0
0
0
0
0
0
0
0
0
0
0
8.0864
0
0
0
0
0
0
0
0
0
0
0
0
0
0
0
0
0
0
0
0
0
0
0
0
0
0
0
0
0
0
0
0
0
0
0
0
0
0
0
0
0
0
0
0
0
0
0
0
0
0
0
0
0
0
0
0
0
0
0
0
0
0
0
0
0
0
0
0
0
0
0
0
0
0
-4.4527
0
0
0
0
0
0
0
0
0
0
0
0
0
0
0
0
0
0
0
0
0
0
0
0
0
0
0
4.4527
0
0
0
0
0
0
0
0
0
0
0
0
0
0
0
0
0
0
0
0
0
0
0
0
0
0
0
0
0
0
0
0
0
0
0
0
0
0
0
0
0
0
0
0
0
0
0
0
0
0
0
0
0
0
0
0
0
0
0
0
0
0
0
0
0
0
0
0
0
-3.5407
0
0
0
0
0
0
0
0
0
0
0
0
0
0
0
0
0
0
0
0
0
0
0
0
0
0
0
0
0
0
0
0
3.5407
0
0
0
0
0
0
0
0
0
0
0
0
0
0
0
0
0
0
0
0
0
0
0
0
0
0
0
0
0
0
0
0
-5.7863
0
0
0
0
0
0
0
0
0
0
0
0
0
0
0
0
0
0
0
0
0
0
0
0
0
0
0
0
0
0
0
0
0
0
0
0
0
0
0
0
0
0
0
0
0
0
0
0
0
0
0
0
0
0
0
0
0
0
0
0
0
0
0
0
0
0
0
0
0
5.7863
0
0
0
0
0
0
0
0
0
0
0
0
0
-6.4648
0
0
0
0
0
0
0
0
0
0
0
0
0
0
0
0
0
0
0
0
0
0
0
0
0
0
0
0
0
0
0
0
0
0
0
0
0
0
0
0
0
0
0
0
0
0
0
0
0
0
0
0
0
0
0
0
0
0
0
0
0
0
0
0
0
0
0
0
0
0
0
0
0
0
0
0
0
0
0
0
0
0
0
0
0
0
0
0
6.4648
0
0
0
0
0
0
0
0
0
0
0
0
0
0
0
0
0
0
0
0
0
0
0
0
0
0
0
0
0
0
0
0
0
0
0
0
0
0
0
0
0
0
0
0
0
0
0
0
0
0
0
0
0
-4.3011
0
0
0
0
0
0
0
0
0
0
0
0
0
0
0
0
0
0
0
0
0
0
0
0
0
0
0
0
0
0
0
0
0
0
0
0
0
0
0
0
0
0
0
0
0
0
0
0
4.3011
0
0
0
0
0
0
0
0
0
-6.9115
0
0
0
0
0
0
0
0
0
0
0
0
0
0
0
0
0
0
0
0
0
0
0
0
0
0
0
0
0
0
0
0
0
0
0
0
0
0
0
0
0
0
0
0
0
0
0
0
0
0
0
0
0
0
0
0
0
0
0
0
0
0
0
0
0
0
0
0
0
0
0
0
0
0
0
0
0
0
0
0
0
0
0
0
0
0
0
0
0
0
0
0
6.9115
0
0
0
0
0
0
0
0
0
0
0
0
0
0
0
0
0
0
0
0
0
0
0
0
0
0
0
0
0
0
0
0
0
0
0
0
0
0
0
0
0
0
0
0
0
0
0
0
0
0
0
0
0
0
-4.8324
0
0
0
0
0
0
0
0
0
0
0
0
0
0
0
0
0
0
0
0
0
0
0
0
0
0
0
0
0
0
0
0
0
0
0
0
0
0
0
0
0
0
0
0
0
0
0
4.8324
0
0
0
0
0
0
0
0
0
0
0
0
0
0
0
0
0
0
0
0
0
0
0
0
0
0
0
0
0
0
0
0
0
0
0
0
0
0
0
0
0
0
0
0
0
0
0
0
0
0
0
0
0
0
0
0
0
0
0
0
0
0
0
0
0
0
0
0
0
0
0
0
0
0
0
0
0
0
0
0
-4.2052
0
0
0
0
0
0
0
0
0
0
0
0
0
0
0
0
0
0
0
0
0
4.2052
0
0
0
0
0
0
0
0
0
0
0
0
0
0
0
0
0
0
0
0
0
0
0
0
0
0
0
0
0
0
0
0
0
0
0
0
0
0
0
0
0
0
0
0
0
0
0
0
0
0
0
0
0
0
0
0
0
0
0
0
0
0
0
0
-0.89472
0
0
0
0
0
0
0
0
0
0
0
0
0
0
0
0
0
0
0
0
0
0
0
0
0
0
0
0
0
0
0
0
0
0
0
0
0
0.89472
0
0
0
0
0
0
0
0
0
0
0
0
0
0
0
0
0
0
0
0
0
0
0
0
0
0
0
0
0
0
0
0
0
0
0
0
0
0
0
0
0
0
0
0
0
0
-4.8336
0
0
0
0
0
0
0
0
0
0
0
0
0
0
0
0
0
0
0
0
0
0
0
0
0
0
0
0
0
0
0
0
0
0
0
0
0
0
0
0
0
0
0
0
0
0
0
0
0
0
0
0
0
0
0
4.8336
