1
0.93224
0.9267
0.92265
0.91899
0.91852
0.91878
0.91752
0.91473
0.91438
0.91159
0.90886
0.90648
0.90413
0.90214
0.90004
0.89834
0.8965
0.89489
0.89266
0.89069
0.88858
0.88667
0.88476
0.883
0.8813
0.87979
0.87847
0.87736
0.87637
0.87551
0.87478
0.87419
0.87374
0.87343
0.87325
0.87319
0.87322
0.87332
0.87349
0.87371
0.87397
0.87428
0.87467
0.8751
0.87554
0.87597
0.8764
0.8768
0.8772
0.87759
0.87799
0.8784
0.87882
0.87925
0.87969
0.88013
0.88056
0.88097
0.88135
0.88168
0.88197
0.8822
0.88235
0.88239
0.8823
0.8821
0.88182
0.8815
0.88115
0.8808
0.88045
0.88011
0.87978
0.87946
0.87914
0.87882
0.87852
0.87825
0.87803
0.87786
0.87775
0.87768
0.87765
0.87764
0.87765
0.87766
0.87768
0.87771
0.87773
0.87775
0.87777
0.87778
0.87779
0.87777
0.87775
0.87771
0.87767
0.87762
0.87757
0.87752
0.87747
0.87743
0.87739
0.87737
0.87737
0.87739
0.87743
