1
0.96448
0.94751
0.9344
0.92465
0.91769
0.91176
0.9078
0.90391
0.90151
0.89943
0.89791
0.88898
0.88149
0.87408
0.8679
0.86153
0.85611
0.8506
0.84572
0.84093
0.83647
0.83213
0.82792
0.82383
0.81986
0.81603
0.81232
0.80873
0.80524
0.80182
0.79845
0.7951
0.79175
0.78839
0.78502
0.78165
0.77831
0.77501
0.77178
0.76863
0.76556
0.76257
0.75966
0.75684
0.7541
0.75145
0.74891
0.74648
0.74417
0.74198
0.73991
0.73794
0.73608
0.73431
0.73263
0.73102
0.72948
0.72799
0.72654
0.72511
0.72368
0.72221
0.72067
0.71905
0.71733
0.71551
0.71359
0.71158
0.70949
0.70737
0.70523
0.70312
0.70106
0.69907
0.69717
0.69535
0.69364
0.692
0.69045
0.68898
0.68758
0.68624
0.68497
0.68376
0.68261
0.68152
0.68049
0.67951
0.67858
0.6777
0.67687
0.67608
0.67532
0.6746
0.67392
0.67326
0.67264
0.67204
0.67146
0.67091
0.67037
0.66985
0.66935
0.66885
0.66835
0.66786
0.66737
0.66687
0.66638
0.66587
0.66536
0.66483
0.6643
0.66376
0.66321
0.66265
0.66207
0.66148
0.66087
0.66023
0.65956
0.65886
0.65812
0.65733
0.65649
0.65559
0.65464
0.65362
0.65254
0.6514
0.6502
0.64894
0.64764
0.64629
0.64491
0.64351
0.6421
0.64068
0.63927
0.63785
0.63644
0.63503
0.63363
0.63223
0.63083
0.62943
0.62805
0.62669
0.62535
0.62404
0.62277
0.62154
0.62036
0.61922
0.61814
0.6171
0.6161
0.61513
0.6142
0.61329
0.6124
0.61153
0.61068
0.60983
0.60899
0.60815
0.6073
0.60646
0.6056
0.60474
0.60386
0.60297
0.60207
0.60116
0.60024
0.5993
0.59836
0.59741
0.59645
0.59548
0.59451
0.59353
0.59255
0.59156
0.59057
0.58957
0.58857
0.58756
0.58654
0.58552
0.5845
