90.1163
-0.97587
-0.9953
-0.95036
-0.96428
-0.96497
-0.98448
-0.98048
-0.97144
-0.99058
-0.95778
-0.93605
-0.96572
-0.93986
-0.96503
-0.9607
-0.89349
-0.89283
-0.93062
-0.90583
-0.90964
-0.90546
-0.89871
-0.91115
-0.90464
-0.91698
-0.91199
-0.91194
-0.92105
-0.90847
-0.91767
-0.90811
-0.90907
-0.91966
-0.9197
-0.94007
-0.91979
-0.91408
-0.92746
-0.92169
-0.91557
-0.91498
-0.92458
-0.93687
-0.9169
-0.92507
-0.91796
-0.90527
-0.90525
-0.91959
-0.89232
-0.89232
-0.89564
-0.95725
-0.94652
-0.94346
-0.95668
-0.93781
-0.93988
-0.91473
-0.96905
-0.91228
-0.90073
-0.86458
-1.0163
-0.94614
-0.98769
-0.96665
-0.91964
-1.035
-1.0229
-1.0718
-0.9571
-1.264
0
0
0
0
0
0
0
0
-4.17
0
0
0
0
0
0
0
0
-8.6153
0
0
0
0
0
0
0
0
0
0
0
0
0
0
0
0
0
0
0
0
0
0
0
0
0
0
0
-8.6154
0
0
-0.97587
70.6397
-0.98795
-0.94929
-0.96364
-0.96436
-0.98094
-0.97736
-0.97094
-0.98966
-0.95687
-0.93439
-0.96513
-0.93835
-0.96441
-0.95958
-0.88971
-0.89214
-0.92663
-0.90256
-0.90657
-0.90627
-0.8993
-0.91244
-0.90545
-0.91415
-0.90917
-0.91335
-0.9154
-0.90474
-0.91748
-0.90582
-0.90486
-0.91697
-0.91701
-0.94499
-0.9171
-0.91126
-0.92319
-0.9198
-0.91109
-0.91209
-0.92578
-0.94066
-0.91407
-0.92513
-0.91844
-0.90244
-0.90242
-0.92008
-0.88933
-0.88933
-0.89472
-0.95411
-0.94325
-0.94017
-0.95352
-0.93454
-0.94257
-0.91386
-0.96585
-0.91123
-0.89712
-0.86654
-1.0179
-0.94738
-0.98407
-0.96278
-0.92039
-1.0302
-1.0172
-1.0653
-0.94922
-1.2528
-2.0691
0
0
0
0
0
0
0
0
0
0
0
0
0
0
0
0
0
0
0
0
0
0
0
0
0
0
0
0
0
0
0
0
0
0
0
0
0
0
0
0
0
0
0
0
0
0
0
-0.9953
-0.98795
78.5973
-0.96264
-0.97664
-0.97735
-1.0022
-0.99911
-0.98383
-1.0029
-0.97981
-0.94815
-0.9781
-0.95202
-0.9774
-0.98249
-0.90511
-0.90701
-0.95074
-0.91768
-0.9216
-0.92005
-0.91311
-0.92614
-0.91923
-0.92904
-0.92403
-0.92682
-0.93301
-0.92131
-0.93193
-0.92018
-0.92117
-0.93177
-0.9318
-0.9567
-0.93189
-0.92609
-0.9392
-0.93447
-0.92766
-0.92695
-0.93942
-0.95484
-0.92892
-0.93913
-0.93252
-0.91724
-0.91723
-0.93479
-0.90414
-0.90414
-0.9088
-0.96911
-0.95823
-0.95511
-0.96753
-0.94942
-0.9556
-0.92785
-0.98079
-0.92518
-0.9119
-0.87926
-1.0292
-0.96066
-0.99884
-0.97755
-0.93337
-1.0451
-1.0323
-1.0805
-0.96476
-1.2668
0
0
0
0
0
0
0
0
0
0
0
0
0
0
0
0
0
0
0
0
0
0
0
0
0
-8.9463
0
0
0
0
0
0
0
0
0
0
0
0
0
0
0
0
0
0
0
0
0
0
-0.95036
-0.94929
-0.96264
66.6875
-0.92543
-0.92616
-0.95632
-0.95282
-0.93309
-0.95691
-0.93284
-0.89709
-0.92696
-0.90087
-0.92621
-0.93548
-0.86239
-0.86563
-0.90487
-0.87635
-0.88061
-0.88221
-0.87468
-0.88937
-0.88136
-0.88849
-0.88363
-0.88879
-0.89244
-0.88165
-0.89319
-0.88079
-0.88109
-0.89189
-0.89192
-0.9364
-0.89201
-0.88624
-0.89832
-0.89471
-0.88764
-0.8871
-0.90093
-0.91578
-0.88905
-0.90016
-0.89349
-0.87751
-0.8775
-0.89508
-0.86452
-0.86452
-0.86996
-0.92877
-0.91803
-0.91499
-0.92885
-0.90937
-0.91758
-0.88887
-0.94042
-0.88665
-0.87261
-0.84238
-0.98567
-0.92237
-0.95864
-0.93752
-0.89549
-1.0045
-0.99147
-1.0393
-0.92378
-1.2254
0
0
0
0
0
0
0
0
0
0
0
0
0
0
0
0
0
0
0
0
0
0
0
0
0
0
0
0
0
0
0
0
0
0
0
0
0
0
0
0
0
0
0
0
0
0
0
0
-0.96428
-0.96364
-0.97664
-0.92543
67.7058
-0.94102
-0.97027
-0.96678
-0.94822
-0.97183
-0.94671
-0.91085
-0.94187
-0.91469
-0.94109
-0.94936
-0.87591
-0.87933
-0.91842
-0.89003
-0.89434
-0.89643
-0.88877
-0.90384
-0.89558
-0.90231
-0.89747
-0.90302
-0.90655
-0.89562
-0.90756
-0.89468
-0.89502
-0.90581
-0.90584
-0.95226
-0.90593
-0.90014
-0.91239
-0.90875
-0.90163
-0.90105
-0.91512
-0.93013
-0.903
-0.91425
-0.9075
-0.89141
-0.8914
-0.90912
-0.87837
-0.87837
-0.88387
-0.94293
-0.93214
-0.92909
-0.94323
-0.92343
-0.93179
-0.90287
-0.95463
-0.90068
-0.88655
-0.85623
-1.0002
-0.93657
-0.97296
-0.95175
-0.90959
-1.019
-1.0059
-1.0539
-0.93795
-1.2406
0
0
0
0
0
0
0
0
0
0
0
0
0
0
0
0
0
0
0
0
0
0
0
0
0
0
0
0
0
0
0
0
0
0
0
0
0
0
0
0
0
0
0
0
0
0
0
0
-0.96497
-0.96436
-0.97735
-0.92616
-0.94102
67.7568
-0.97097
-0.96747
-0.94899
-0.97256
-0.9474
-0.91157
-0.94263
-0.9154
-0.94185
-0.95005
-0.8766
-0.88004
-0.91909
-0.89071
-0.89503
-0.89715
-0.88947
-0.90456
-0.89629
-0.903
-0.89816
-0.90374
-0.90724
-0.89633
-0.90828
-0.89539
-0.89572
-0.90652
-0.90655
-0.95297
-0.90664
-0.90085
-0.91309
-0.90944
-0.90233
-0.90175
-0.91584
-0.93085
-0.90371
-0.91497
-0.90821
-0.8921
-0.8921
-0.90983
-0.87906
-0.87906
-0.88456
-0.94364
-0.93285
-0.92979
-0.94394
-0.92413
-0.9325
-0.90358
-0.95533
-0.90139
-0.88726
-0.85692
-1.0009
-0.93729
-0.97367
-0.95247
-0.91029
-1.0197
-1.0066
-1.0546
-0.93865
-1.2413
0
0
0
0
0
0
0
0
0
0
0
0
0
0
0
0
0
0
0
0
0
0
0
0
0
0
0
0
0
0
0
0
0
0
0
0
0
0
0
0
0
0
0
0
0
0
0
0
-0.98448
-0.98094
-1.0022
-0.95632
-0.97027
-0.97097
76.3873
-0.99912
-0.97743
-0.99637
-0.97639
-0.94189
-0.97172
-0.94574
-0.97102
-0.97943
-0.8985
-0.89964
-0.94266
-0.91107
-0.91495
-0.912
-0.90526
-0.91776
-0.91118
-0.92236
-0.91736
-0.91914
-0.92606
-0.91427
-0.92438
-0.91349
-0.91438
-0.92512
-0.92516
-0.94791
-0.92525
-0.91945
-0.93235
-0.92749
-0.92085
-0.92035
-0.93178
-0.94684
-0.92229
-0.93186
-0.92561
-0.91064
-0.91062
-0.92713
-0.8976
-0.8976
-0.90191
-0.9624
-0.95162
-0.94855
-0.95928
-0.94288
-0.94768
-0.92094
-0.97416
-0.91837
-0.9056
-0.87209
-1.021
-0.95318
-0.99248
-0.97134
-0.92641
-1.0393
-1.0268
-1.0753
-0.95958
0
0
0
0
0
0
0
0
0
0
0
0
0
0
0
0
0
0
0
0
0
0
0
0
0
0
0
0
0
0
0
0
0
0
0
0
0
0
0
0
0
0
-8.4818
0
0
0
0
0
0
-0.98048
-0.97736
-0.99911
-0.95282
-0.96678
-0.96747
-0.99912
76.0907
-0.97392
-0.99282
-0.97245
-0.93844
-0.96823
-0.94226
-0.96752
-0.9755
-0.89511
-0.89611
-0.93884
-0.90764
-0.91151
-0.90844
-0.90173
-0.91416
-0.90764
-0.9189
-0.91391
-0.91561
-0.92257
-0.91079
-0.92086
-0.91003
-0.91092
-0.92165
-0.9217
-0.94422
-0.92179
-0.91599
-0.92887
-0.924
-0.91738
-0.91689
-0.92824
-0.94324
-0.91882
-0.92834
-0.92213
-0.90718
-0.90717
-0.92352
-0.89416
-0.89416
-0.89844
-0.9589
-0.94813
-0.94507
-0.95577
-0.93941
-0.94412
-0.91746
-0.97065
-0.9149
-0.90217
-0.86863
-1.0175
-0.94964
-0.98897
-0.96785
-0.92291
-1.0358
-1.0233
-1.0718
-0.95618
0
0
0
0
0
0
0
0
0
0
0
0
0
0
0
0
0
-8.4346
0
0
0
0
0
0
0
0
0
0
0
0
0
0
0
0
0
0
0
0
0
0
0
0
0
0
0
0
0
0
0
-0.97144
-0.97094
-0.98383
-0.93309
-0.94822
-0.94899
-0.97743
-0.97392
68.2314
-0.9794
-0.95381
-0.91819
-0.94983
-0.9221
-0.94905
-0.95647
-0.88297
-0.8865
-0.92533
-0.89714
-0.90147
-0.90384
-0.89609
-0.91133
-0.90297
-0.9095
-0.90463
-0.91039
-0.91383
-0.90286
-0.91498
-0.9019
-0.90222
-0.91302
-0.91305
-0.95904
-0.91314
-0.90734
-0.91966
-0.91598
-0.90887
-0.90826
-0.92246
-0.93752
-0.91022
-0.92153
-0.91475
-0.8986
-0.89859
-0.91638
-0.88552
-0.88552
-0.89106
-0.95024
-0.93942
-0.93638
-0.95064
-0.93071
-0.93913
-0.91013
-0.96197
-0.9079
-0.89373
-0.86337
-1.0076
-0.94389
-0.98032
-0.95908
-0.91684
-1.0265
-1.0133
-1.0614
-0.94524
-1.2483
0
0
0
0
0
0
0
0
0
0
0
0
0
0
0
0
0
0
0
0
0
0
0
0
0
0
0
0
0
0
0
0
0
0
0
0
0
0
0
0
0
0
0
0
0
0
0
0
-0.99058
-0.98966
-1.0029
-0.95691
-0.97183
-0.97256
-0.99637
-0.99282
-0.9794
69.6411
-0.97247
-0.94139
-0.97338
-0.9455
-0.97261
-0.97516
-0.90234
-0.90597
-0.94332
-0.91644
-0.92077
-0.92336
-0.91558
-0.93087
-0.92249
-0.92882
-0.92389
-0.92975
-0.9332
-0.92211
-0.93442
-0.92109
-0.92145
-0.93226
-0.93229
-0.9703
-0.93239
-0.92652
-0.93898
-0.93527
-0.92811
-0.92746
-0.94183
-0.95699
-0.92946
-0.94088
-0.93401
-0.91776
-0.91775
-0.93566
-0.90459
-0.90457
-0.91017
-0.96972
-0.95884
-0.95576
-0.9702
-0.95006
-0.95862
-0.92936
-0.9815
-0.92694
-0.91265
-0.8821
-1.0272
-0.96316
-0.99979
-0.97844
-0.93601
-1.0462
-1.033
-1.0813
-0.9646
-1.2689
0
0
0
0
0
0
0
0
0
0
0
0
0
0
0
0
0
0
0
0
0
0
0
0
0
0
0
0
0
0
0
0
0
0
0
0
0
0
0
0
0
0
0
0
0
0
0
0
-0.95778
-0.95687
-0.97981
-0.93284
-0.94671
-0.9474
-0.97639
-0.97245
-0.95381
-0.97247
74.2997
-0.91852
-0.94815
-0.92233
-0.94745
-0.95234
-0.87555
-0.8759
-0.91695
-0.88798
-0.89179
-0.88831
-0.88171
-0.89389
-0.88751
-0.89911
-0.89417
-0.8955
-0.90259
-0.89087
-0.90071
-0.89028
-0.89111
-0.90185
-0.90187
-0.9234
-0.90197
-0.8962
-0.90889
-0.90404
-0.89751
-0.89707
-0.90813
-0.92281
-0.89899
-0.90832
-0.90232
-0.88741
-0.8874
-0.90285
-0.87449
-0.87449
-0.87868
-0.93885
-0.92813
-0.9251
-0.93585
-0.91947
-0.92392
-0.89758
-0.95053
-0.89505
-0.88248
-0.84898
-0.99699
-0.92949
-0.9688
-0.94782
-0.90301
-1.0155
-1.0031
-1.0514
-0.93643
0
0
0
0
0
0
0
0
0
0
0
0
0
0
0
0
0
0
0
0
0
0
-8.0734
0
0
0
0
0
0
0
0
0
0
0
0
0
0
0
0
0
0
0
0
0
0
0
0
0
0
-0.93605
-0.93439
-0.94815
-0.89709
-0.91085
-0.91157
-0.94189
-0.93844
-0.91819
-0.94139
-0.91852
65.6423
-0.91231
-0.88676
-0.9116
-0.92116
-0.84865
-0.85172
-0.89086
-0.86242
-0.86659
-0.86775
-0.86029
-0.87476
-0.86692
-0.87434
-0.86951
-0.87418
-0.878
-0.86734
-0.87842
-0.86655
-0.86686
-0.87762
-0.87765
-0.91811
-0.87773
-0.87197
-0.88388
-0.88032
-0.87329
-0.87279
-0.88638
-0.90108
-0.87472
-0.88569
-0.87909
-0.86323
-0.86323
-0.88067
-0.85033
-0.85032
-0.85569
-0.91424
-0.90354
-0.90052
-0.91409
-0.89491
-0.90298
-0.87449
-0.92583
-0.87219
-0.85828
-0.82815
-0.97071
-0.90774
-0.94388
-0.92288
-0.88101
-0.98956
-0.9766
-1.0243
-0.90923
-1.2098
0
0
0
0
0
0
0
0
0
0
0
0
0
0
0
0
0
0
0
0
0
0
0
0
0
0
0
0
0
0
0
0
0
0
0
0
0
0
0
0
0
0
0
0
0
0
0
0
-0.96572
-0.96513
-0.9781
-0.92696
-0.94187
-0.94263
-0.97172
-0.96823
-0.94983
-0.97338
-0.94815
-0.91231
67.8123
-0.91618
-0.94269
-0.95081
-0.87733
-0.8808
-0.91982
-0.89145
-0.89579
-0.89794
-0.89025
-0.90535
-0.89707
-0.90377
-0.89891
-0.90452
-0.90801
-0.89709
-0.90906
-0.89615
-0.89649
-0.90728
-0.90731
-0.95373
-0.90739
-0.9016
-0.91386
-0.9102
-0.9031
-0.90251
-0.91661
-0.93162
-0.90446
-0.91573
-0.90896
-0.89287
-0.89285
-0.91059
-0.87981
-0.87981
-0.88532
-0.9444
-0.93362
-0.93056
-0.94473
-0.92491
-0.93328
-0.90434
-0.95611
-0.90214
-0.88801
-0.85768
-1.0017
-0.93806
-0.97445
-0.95324
-0.91106
-1.0205
-1.0074
-1.0554
-0.93942
-1.2421
0
0
0
0
0
0
0
0
0
0
0
0
0
0
0
0
0
0
0
0
0
0
0
0
0
0
0
0
0
0
0
0
0
0
0
0
0
0
0
0
0
0
0
0
0
0
0
0
-0.93986
-0.93835
-0.95202
-0.90087
-0.91469
-0.9154
-0.94574
-0.94226
-0.9221
-0.9455
-0.92233
-0.88676
-0.91618
65.9199
-0.91545
-0.92497
-0.85229
-0.85539
-0.8946
-0.86611
-0.8703
-0.87161
-0.86413
-0.87865
-0.87076
-0.87809
-0.87325
-0.87806
-0.88184
-0.87114
-0.88237
-0.87033
-0.87064
-0.88141
-0.88144
-0.92295
-0.88152
-0.87576
-0.88772
-0.88415
-0.87709
-0.87659
-0.89025
-0.90499
-0.87852
-0.88953
-0.88292
-0.86703
-0.86702
-0.8845
-0.85409
-0.8541
-0.85948
-0.9181
-0.90739
-0.90436
-0.91802
-0.89876
-0.90685
-0.87832
-0.9297
-0.87604
-0.8621
-0.83194
-0.97469
-0.91162
-0.94781
-0.92677
-0.88486
-0.99353
-0.98056
-1.0283
-0.9131
-1.214
0
0
0
0
0
0
0
0
0
0
0
0
0
0
0
0
0
0
0
0
0
0
0
0
0
0
0
0
0
0
0
0
0
0
0
0
0
0
0
0
0
0
0
0
0
0
0
0
-0.96503
-0.96441
-0.9774
-0.92621
-0.94109
-0.94185
-0.97102
-0.96752
-0.94905
-0.97261
-0.94745
-0.9116
-0.94269
-0.91545
67.7606
-0.95011
-0.87665
-0.88008
-0.91913
-0.89076
-0.89508
-0.89721
-0.88953
-0.90461
-0.89635
-0.90307
-0.8982
-0.90379
-0.9073
-0.89637
-0.90833
-0.89544
-0.89577
-0.90657
-0.9066
-0.95302
-0.90669
-0.9009
-0.91314
-0.90949
-0.90239
-0.9018
-0.91589
-0.9309
-0.90376
-0.91501
-0.90825
-0.89216
-0.89216
-0.90987
-0.87911
-0.87911
-0.88461
-0.9437
-0.93289
-0.92984
-0.94399
-0.9242
-0.93255
-0.90364
-0.95539
-0.90144
-0.88729
-0.85697
-1.0009
-0.93733
-0.97372
-0.95251
-0.91034
-1.0198
-1.0067
-1.0547
-0.9387
-1.2414
0
0
0
0
0
0
0
0
0
0
0
0
0
0
0
0
0
0
0
0
0
0
0
0
0
0
0
0
0
0
0
0
0
0
0
0
0
0
0
0
0
0
0
0
0
0
0
0
-0.9607
-0.95958
-0.98249
-0.93548
-0.94936
-0.95005
-0.97943
-0.9755
-0.95647
-0.97516
-0.95234
-0.92116
-0.95081
-0.92497
-0.95011
74.5432
-0.87814
-0.87856
-0.91984
-0.89058
-0.89441
-0.89095
-0.88434
-0.89654
-0.89014
-0.90174
-0.89678
-0.89814
-0.90525
-0.8935
-0.90335
-0.89289
-0.89373
-0.90446
-0.90451
-0.92611
-0.90458
-0.89882
-0.91154
-0.90667
-0.90013
-0.89969
-0.91077
-0.92548
-0.90161
-0.91096
-0.90493
-0.89003
-0.89001
-0.90556
-0.87709
-0.8771
-0.88128
-0.94151
-0.93078
-0.92774
-0.93844
-0.9221
-0.92656
-0.9002
-0.9532
-0.89768
-0.88509
-0.85155
-0.99974
-0.93213
-0.97147
-0.95046
-0.90564
-1.0182
-1.0058
-1.0542
-0.93908
0
0
0
0
0
0
0
0
0
0
0
0
0
0
0
0
0
0
0
0
0
0
0
0
0
0
0
0
0
0
0
0
0
0
0
-8.1278
0
0
0
0
0
0
0
0
0
0
0
0
0
-0.89349
-0.88971
-0.90511
-0.86239
-0.87591
-0.8766
-0.8985
-0.89511
-0.88297
-0.90234
-0.87555
-0.84865
-0.87733
-0.85229
-0.87665
-0.87814
61.3897
-0.81003
-0.84995
-0.82205
-0.82552
-0.82262
-0.81607
-0.82845
-0.82183
-0.83231
-0.82733
-0.83039
-0.83424
-0.8242
-0.83475
-0.8238
-0.82404
-0.8349
-0.83493
-0.8588
-0.83503
-0.82909
-0.8401
-0.83678
-0.82992
-0.82974
-0.84198
-0.85609
-0.83152
-0.84183
-0.83563
-0.82025
-0.82025
-0.83717
-0.80768
-0.80767
-0.81272
-0.87017
-0.85973
-0.85683
-0.869
-0.85136
-0.85843
-0.83109
-0.88163
-0.8284
-0.81507
-0.7853
-0.92481
-0.86327
-0.89916
-0.87873
-0.837
-0.94428
-0.9314
-0.9786
-0.86502
0
0
0
0
0
0
0
0
0
0
0
0
0
0
0
0
0
0
0
0
0
0
0
0
0
0
0
0
0
0
0
0
0
0
0
0
0
0
0
0
0
0
0
0
0
0
0
0
0
-0.89283
-0.89214
-0.90701
-0.86563
-0.87933
-0.88004
-0.89964
-0.89611
-0.8865
-0.90597
-0.8759
-0.85172
-0.8808
-0.85539
-0.88008
-0.87856
-0.81003
62.9208
-0.8501
-0.82314
-0.82673
-0.82219
-0.81561
-0.82794
-0.82139
-0.83357
-0.8286
-0.83103
-0.83567
-0.82525
-0.83451
-0.82487
-0.82525
-0.83611
-0.83614
-0.85522
-0.83623
-0.83029
-0.84152
-0.83783
-0.83116
-0.83097
-0.84254
-0.85669
-0.83276
-0.84259
-0.83659
-0.82145
-0.82144
-0.82962
-0.80892
-0.80892
-0.81388
-0.87166
-0.86125
-0.85837
-0.86954
-0.8529
-0.85883
-0.83222
-0.88318
-0.82953
-0.81671
-0.78589
-0.92589
-0.86403
-0.90092
-0.88057
-0.83805
-0.94658
-0.93394
0
0
0
0
0
0
0
0
0
0
0
0
-3.2964
0
0
0
0
0
0
0
0
0
0
0
0
0
0
0
0
0
0
0
0
0
0
0
0
0
0
0
0
0
0
0
0
0
0
0
0
0
0
-0.93062
-0.92663
-0.95074
-0.90487
-0.91842
-0.91909
-0.94266
-0.93884
-0.92533
-0.94332
-0.91695
-0.89086
-0.91982
-0.8946
-0.91913
-0.91984
-0.84995
-0.8501
72.7061
-0.8619
-0.86557
-0.86348
-0.85647
-0.86967
-0.86264
-0.87285
-0.86795
-0.8692
-0.87615
-0.86449
-0.87423
-0.86436
-0.86484
-0.87543
-0.87546
-0.89937
-0.87555
-0.86995
-0.88223
-0.8773
-0.87095
-0.87068
-0.88136
-0.88397
-0.87254
-0.88173
-0.87624
-0.86107
-0.86106
-0.87661
-0.84832
-0.84831
-0.85247
-0.91232
-0.90173
-0.89874
-0.91749
-0.89319
-0.89768
-0.8715
-0.92399
-0.86899
-0.8566
-0.82351
-0.96806
-0.90343
-0.94222
-0.92146
-0.87712
-0.98842
0
0
0
0
0
0
0
0
0
0
0
0
0
0
-4.1412
0
0
0
0
0
0
0
0
0
0
0
0
0
0
0
0
0
0
0
0
0
0
-7.1623
0
0
0
0
0
0
0
0
0
0
0
0
0
0
-0.90583
-0.90256
-0.91768
-0.87635
-0.89003
-0.89071
-0.91107
-0.90764
-0.89714
-0.91644
-0.88798
-0.86242
-0.89145
-0.86611
-0.89076
-0.89058
-0.82205
-0.82314
-0.8619
60.4074
-0.83776
-0.83376
-0.82737
-0.83954
-0.83298
-0.84454
-0.83946
-0.84169
-0.84683
-0.83652
-0.84635
-0.83598
-0.83627
-0.84731
-0.84735
-0.86762
-0.84743
-0.84134
-0.8525
-0.84913
-0.84229
-0.84205
-0.85465
-0.8689
-0.84385
-0.85427
-0.84803
-0.83252
-0.83251
-0.84955
-0.81987
-0.81987
-0.825
-0.88272
-0.87225
-0.86936
-0.88168
-0.86385
-0.87102
-0.84346
-0.89425
-0.84069
-0.8273
-0.7974
-0.93734
-0.87563
-0.91177
-0.89127
-0.84921
-0.9571
-0.94413
0
0
0
0
0
0
0
0
0
0
0
0
0
0
0
0
0
0
0
0
0
0
0
0
0
0
0
0
0
0
0
0
0
0
0
0
0
0
0
0
0
0
0
0
0
0
0
0
0
0
0
-0.90964
-0.90657
-0.9216
-0.88061
-0.89434
-0.89503
-0.91495
-0.91151
-0.90147
-0.92077
-0.89179
-0.86659
-0.89579
-0.8703
-0.89508
-0.89441
-0.82552
-0.82673
-0.86557
-0.83776
59.72
-0.83738
-0.83104
-0.8431
-0.83661
-0.84814
-0.84299
-0.84512
-0.85054
-0.84011
-0.85006
-0.83953
-0.83983
-0.85105
-0.85109
-0.87186
-0.85118
-0.84497
-0.85617
-0.85281
-0.84594
-0.84569
-0.8584
-0.87257
-0.8475
-0.85794
-0.85167
-0.83615
-0.83615
-0.85318
-0.82344
-0.82343
-0.82861
-0.88646
-0.87597
-0.87305
-0.88542
-0.86753
-0.87472
-0.84712
-0.89801
-0.84435
-0.83093
-0.80098
-0.94122
-0.87937
-0.91559
-0.89502
-0.85295
-0.96102
0
0
0
0
0
0
0
0
0
0
0
0
0
0
0
0
0
0
0
0
0
0
0
0
0
0
0
0
0
0
0
0
0
0
0
0
0
0
0
0
0
0
0
0
0
0
0
0
0
0
0
0
-0.90546
-0.90627
-0.92005
-0.88221
-0.89643
-0.89715
-0.912
-0.90844
-0.90384
-0.92336
-0.88831
-0.86775
-0.89794
-0.87161
-0.89721
-0.89095
-0.82262
-0.82219
-0.86348
-0.83376
-0.83738
64.3336
-0.82557
-0.83889
-0.83148
-0.84444
-0.83939
-0.83843
-0.84575
-0.8352
-0.84199
-0.83506
-0.83564
-0.84668
-0.84672
-0.86169
-0.8468
-0.84087
-0.85201
-0.84799
-0.84154
-0.84156
-0.85136
-0.86546
-0.84332
-0.85203
-0.84637
-0.83201
-0.83199
-0.84755
-0.81944
-0.81943
-0.82352
-0.88216
-0.87175
-0.86885
-0.87659
-0.86336
-0.86717
-0.84189
-0.89371
-0.8393
-0.82712
-0.79462
-0.93638
-0.87304
-0.91169
-0.89147
0
0
0
0
0
0
0
0
0
0
0
0
0
0
0
0
0
0
0
0
0
0
0
0
-6.6759
0
0
0
0
0
0
0
0
0
0
0
0
0
0
0
0
0
0
0
0
0
0
0
0
0
0
0
0
0
-0.89871
-0.8993
-0.91311
-0.87468
-0.88877
-0.88947
-0.90526
-0.90173
-0.89609
-0.91558
-0.88171
-0.86029
-0.89025
-0.86413
-0.88953
-0.88434
-0.81607
-0.81561
-0.85647
-0.82737
-0.83104
-0.82557
63.6151
-0.83185
-0.82478
-0.83815
-0.83307
-0.83201
-0.83926
-0.82883
-0.83506
-0.82875
-0.82929
-0.84033
-0.84036
-0.85542
-0.84046
-0.8345
-0.84554
-0.84159
-0.83514
-0.83517
-0.84504
-0.85903
-0.83693
-0.84566
-0.84005
-0.82564
-0.82563
-0.84127
-0.81309
-0.81309
-0.81721
-0.87568
-0.86528
-0.8624
-0.87027
-0.85691
-0.86088
-0.83553
-0.8872
-0.83296
-0.82076
-0.78848
-0.92963
-0.86668
-0.90514
-0.88495
0
0
0
0
0
0
0
0
0
0
0
0
0
0
0
0
0
0
0
0
0
0
0
0
0
0
0
0
-6.395
0
0
0
0
0
0
0
0
0
0
0
0
0
0
0
0
0
0
0
0
0
0
0
0
0
-0.91115
-0.91244
-0.92614
-0.88937
-0.90384
-0.90456
-0.91776
-0.91416
-0.91133
-0.93087
-0.89389
-0.87476
-0.90535
-0.87865
-0.90461
-0.89654
-0.82845
-0.82794
-0.86967
-0.83954
-0.8431
-0.83889
-0.83185
65.0019
-0.83804
-0.85007
-0.84503
-0.84427
-0.85153
-0.84088
-0.8481
-0.84069
-0.8413
-0.85231
-0.85235
-0.86515
-0.85243
-0.84651
-0.85776
-0.85367
-0.84719
-0.84721
-0.85704
-0.87123
-0.84897
-0.85771
-0.85203
-0.83763
-0.83762
-0.85296
-0.82504
-0.82503
-0.82911
-0.88788
-0.87744
-0.87454
-0.88258
-0.86904
-0.87284
-0.84752
-0.89943
-0.84484
-0.83265
-0.80007
-0.94227
-0.87868
-0.91738
-0.89712
0
0
0
0
0
0
0
0
0
0
0
0
0
0
0
0
0
0
0
0
0
0
0
0
0
0
0
0
0
0
0
0
0
0
0
0
0
0
0
0
0
0
0
-6.954
0
0
0
0
0
0
0
0
0
0
-0.90464
-0.90545
-0.91923
-0.88136
-0.89558
-0.89629
-0.91118
-0.90764
-0.90297
-0.92249
-0.88751
-0.86692
-0.89707
-0.87076
-0.89635
-0.89014
-0.82183
-0.82139
-0.86264
-0.83298
-0.83661
-0.83148
-0.82478
-0.83804
64.2539
-0.84367
-0.83861
-0.83765
-0.84495
-0.83441
-0.84114
-0.8343
-0.83487
-0.84591
-0.84593
-0.86108
-0.84604
-0.8401
-0.85123
-0.84721
-0.84075
-0.84078
-0.85057
-0.86467
-0.84254
-0.85125
-0.8456
-0.83123
-0.83122
-0.84676
-0.81865
-0.81866
-0.82275
-0.88138
-0.87095
-0.86806
-0.87582
-0.86257
-0.8664
-0.8411
-0.8929
-0.83853
-0.82634
-0.79387
-0.93557
-0.87227
-0.9109
-0.89068
0
0
0
0
0
0
0
0
0
0
0
0
0
0
0
0
0
0
0
0
0
0
0
0
0
0
0
0
0
0
0
0
0
0
0
0
0
0
0
0
0
0
-6.6487
0
0
0
0
0
0
0
0
0
0
0
-0.91698
-0.91415
-0.92904
-0.88849
-0.90231
-0.903
-0.92236
-0.9189
-0.9095
-0.92882
-0.89911
-0.87434
-0.90377
-0.87809
-0.90307
-0.90174
-0.83231
-0.83357
-0.87285
-0.84454
-0.84814
-0.84444
-0.83815
-0.85007
-0.84367
58.3898
-0.84971
-0.85154
-0.85816
-0.84733
-0.85631
-0.84653
-0.8469
-0.85852
-0.85856
-0.87888
-0.85865
-0.85219
-0.86348
-0.86012
-0.85322
-0.85291
-0.86595
-0.8799
-0.85476
-0.86524
-0.85896
-0.84336
-0.84336
-0.86042
-0.83054
-0.83054
-0.83589
-0.89385
-0.88334
-0.88039
-0.8929
-0.87484
-0.88215
-0.85442
-0.90543
-0.85167
-0.8381
-0.80819
-0.94879
-0.88672
-0.92313
-0.90259
0
0
0
0
0
0
0
0
0
0
0
0
0
0
0
0
0
0
0
0
0
0
0
0
0
0
0
0
0
0
0
0
0
0
0
0
0
0
0
0
0
0
0
0
0
0
0
0
0
0
0
0
0
0
-0.91199
-0.90917
-0.92403
-0.88363
-0.89747
-0.89816
-0.91736
-0.91391
-0.90463
-0.92389
-0.89417
-0.86951
-0.89891
-0.87325
-0.8982
-0.89678
-0.82733
-0.8286
-0.86795
-0.83946
-0.84299
-0.83939
-0.83307
-0.84503
-0.83861
-0.84971
57.1582
-0.84693
-0.85325
-0.8423
-0.85148
-0.84132
-0.84171
-0.85402
-0.85405
-0.87403
-0.85414
-0.84717
-0.85816
-0.85489
-0.84799
-0.84778
-0.86071
-0.87411
-0.84959
-0.85992
-0.85374
-0.83822
-0.83821
-0.85519
-0.82542
-0.82541
-0.83076
-0.88853
-0.87807
-0.87513
-0.88744
-0.86961
-0.87679
-0.8492
-0.90011
-0.84647
-0.83294
-0.80322
-0.94349
-0.88156
-0.91796
0
0
0
0
0
0
0
0
0
0
0
0
0
0
0
0
0
0
0
0
0
0
0
0
0
0
0
0
0
0
0
0
0
0
0
0
0
0
0
0
0
0
0
0
0
0
0
0
0
0
0
0
0
0
0
-0.91194
-0.91335
-0.92682
-0.88879
-0.90302
-0.90374
-0.91914
-0.91561
-0.91039
-0.92975
-0.8955
-0.87418
-0.90452
-0.87806
-0.90379
-0.89814
-0.83039
-0.83103
-0.8692
-0.84169
-0.84512
-0.83843
-0.83201
-0.84427
-0.83765
-0.85154
-0.84693
61.8823
-0.85402
-0.84221
-0.85657
-0.84306
-0.8435
-0.85509
-0.85512
-0.87147
-0.85521
-0.84893
-0.86043
-0.85481
-0.84943
-0.84954
-0.85986
-0.87294
-0.85134
-0.86
-0.85457
-0.83997
-0.83996
-0.85609
-0.82721
-0.82722
-0.83156
-0.89034
-0.8799
-0.87699
-0.8845
-0.87148
-0.87581
-0.85002
-0.90199
-0.84738
-0.83512
-0.80282
0
0
0
0
0
0
0
0
0
0
0
-1.881
0
0
0
0
0
0
0
0
0
0
0
0
0
0
0
0
0
0
0
0
0
0
0
0
0
0
0
0
0
0
0
0
0
0
0
0
-5.4798
0
0
0
0
0
0
0
0
0
-0.92105
-0.9154
-0.93301
-0.89244
-0.90655
-0.90724
-0.92606
-0.92257
-0.91383
-0.9332
-0.90259
-0.878
-0.90801
-0.88184
-0.9073
-0.90525
-0.83424
-0.83567
-0.87615
-0.84683
-0.85054
-0.84575
-0.83926
-0.85153
-0.84495
-0.85816
-0.85325
-0.85402
59.3786
-0.8475
-0.85519
-0.84858
-0.84743
-0.86102
-0.86106
-0.87886
-0.86115
-0.85453
-0.86121
-0.8631
-0.85359
-0.85537
-0.86913
-0.88307
-0.85722
-0.86765
-0.86133
-0.84584
-0.84584
-0.86311
-0.83298
-0.83298
-0.83839
-0.89631
-0.88583
-0.88289
-0.88932
-0.87741
-0.88496
-0.85709
-0.90812
-0.85431
-0.84086
-0.81108
0
0
0
0
0
0
0
0
0
0
-1.9766
0
-2.5231
0
0
0
0
0
0
0
0
0
0
0
0
0
0
0
0
0
0
0
0
0
0
0
0
0
0
0
0
0
0
0
0
0
0
0
0
0
0
0
0
0
0
0
0
0
-0.90847
-0.90474
-0.92131
-0.88165
-0.89562
-0.89633
-0.91427
-0.91079
-0.90286
-0.92211
-0.89087
-0.86734
-0.89709
-0.87114
-0.89637
-0.8935
-0.8242
-0.82525
-0.86449
-0.83652
-0.84011
-0.8352
-0.82883
-0.84088
-0.83441
-0.84733
-0.8423
-0.84221
-0.8475
58.0554
-0.84825
-0.83809
-0.83696
-0.85091
-0.85094
-0.86836
-0.85103
-0.84394
-0.85495
-0.84986
-0.84276
-0.84447
-0.85686
-0.86948
-0.84625
-0.85609
-0.85027
-0.8349
-0.83489
-0.8516
-0.82211
-0.8221
-0.82724
-0.88511
-0.87471
-0.8718
-0.88107
-0.86635
-0.87277
-0.84571
-0.89682
-0.84305
-0.83001
-0.79975
0
0
0
0
0
0
0
0
0
0
-1.9702
-1.882
0
0
0
0
0
0
0
0
0
0
0
0
0
0
0
0
0
0
0
0
0
0
0
0
0
0
0
0
0
0
0
0
0
0
0
0
0
0
0
0
0
0
0
0
0
0
-0.91767
-0.91748
-0.93193
-0.89319
-0.90756
-0.90828
-0.92438
-0.92086
-0.91498
-0.93442
-0.90071
-0.87842
-0.90906
-0.88237
-0.90833
-0.90335
-0.83475
-0.83451
-0.87423
-0.84635
-0.85006
-0.84199
-0.83506
-0.8481
-0.84114
-0.85631
-0.85148
-0.85657
-0.85519
-0.84825
62.486
-0.84739
-0.84781
-0.85943
-0.85947
-0.87426
-0.85956
-0.85331
-0.86052
-0.86139
-0.85389
-0.85413
-0.86567
-0.87942
-0.85594
-0.86512
-0.85907
-0.84458
-0.84458
-0.86114
-0.8318
-0.8318
-0.83641
-0.89505
-0.88457
-0.88163
-0.88502
-0.87611
-0.88157
-0.85504
-0.9068
-0.85228
-0.83965
-0.80802
0
0
0
0
0
0
0
0
0
0
0
0
-2.5362
0
0
0
0
0
0
0
0
0
0
0
0
0
0
0
0
0
0
0
0
0
0
0
0
0
0
0
0
0
0
0
0
0
0
0
0
-5.1504
0
0
0
0
0
0
0
0
-0.90811
-0.90582
-0.92018
-0.88079
-0.89468
-0.89539
-0.91349
-0.91003
-0.9019
-0.92109
-0.89028
-0.86655
-0.89615
-0.87033
-0.89544
-0.89289
-0.8238
-0.82487
-0.86436
-0.83598
-0.83953
-0.83506
-0.82875
-0.84069
-0.8343
-0.84653
-0.84132
-0.84306
-0.84858
-0.83809
-0.84739
56.1057
-0.83754
-0.85273
-0.85277
-0.86938
-0.85287
-0.84386
-0.85388
-0.85097
-0.84402
-0.8441
-0.85679
-0.86832
-0.84584
-0.85568
-0.84896
-0.83447
-0.83446
-0.85114
-0.82164
-0.82163
-0.8269
-0.88455
-0.8742
-0.87132
-0.88147
-0.86582
-0.87224
-0.84518
-0.89624
-0.84255
-0.82944
-0.79963
0
0
0
0
0
0
0
0
0
0
0
0
0
0
0
0
0
-1.9197
0
0
0
0
0
0
0
0
0
0
0
0
0
0
0
0
0
0
0
0
0
0
0
0
0
0
0
0
0
0
0
0
0
0
0
0
0
0
0
0
-0.90907
-0.90486
-0.92117
-0.88109
-0.89502
-0.89572
-0.91438
-0.91092
-0.90222
-0.92145
-0.89111
-0.86686
-0.89649
-0.87064
-0.89577
-0.89373
-0.82404
-0.82525
-0.86484
-0.83627
-0.83983
-0.83564
-0.82929
-0.8413
-0.83487
-0.8469
-0.84171
-0.8435
-0.84743
-0.83696
-0.84781
-0.83754
56.5018
-0.85203
-0.85207
-0.86996
-0.85217
-0.84386
-0.85393
-0.8511
-0.84131
-0.84419
-0.85777
-0.86925
-0.84595
-0.85601
-0.85
-0.8346
-0.83459
-0.85148
-0.82178
-0.82178
-0.82715
-0.8847
-0.87432
-0.87144
-0.88287
-0.86598
-0.87291
-0.84556
-0.8964
-0.8429
-0.82959
-0.8002
0
0
0
0
0
0
0
0
0
0
0
0
0
0
0
-2.3002
0
0
0
0
0
0
0
0
0
0
0
0
0
0
0
0
0
0
0
0
0
0
0
0
0
0
0
0
0
0
0
0
0
0
0
0
0
0
0
0
0
0
-0.91966
-0.91697
-0.93177
-0.89189
-0.90581
-0.90652
-0.92512
-0.92165
-0.91302
-0.93226
-0.90185
-0.87762
-0.90728
-0.88141
-0.90657
-0.90446
-0.8349
-0.83611
-0.87543
-0.84731
-0.85105
-0.84668
-0.84033
-0.85231
-0.84591
-0.85852
-0.85402
-0.85509
-0.86102
-0.85091
-0.85943
-0.85273
-0.85203
54.0845
-0.84822
-0.88149
-0.84833
-0.85235
-0.86451
-0.86176
-0.85509
-0.8549
-0.8748
-0.89266
-0.85697
-0.86738
-0.86136
-0.84577
-0.84576
-0.86269
-0.83273
-0.83272
-0.83845
-0.89678
-0.88668
-0.88371
-0.89677
-0.87813
-0.88571
-0.85735
-0.90861
-0.8543
-0.84092
0
0
0
0
0
0
0
0
0
0
0
0
0
0
0
0
0
0
0
0
0
0
0
0
0
0
0
0
0
0
0
0
0
0
0
0
0
0
0
0
0
0
0
0
0
0
0
0
0
0
0
0
0
0
0
0
0
0
0
-0.9197
-0.91701
-0.9318
-0.89192
-0.90584
-0.90655
-0.92516
-0.9217
-0.91305
-0.93229
-0.90187
-0.87765
-0.90731
-0.88144
-0.9066
-0.90451
-0.83493
-0.83614
-0.87546
-0.84735
-0.85109
-0.84672
-0.84036
-0.85235
-0.84593
-0.85856
-0.85405
-0.85512
-0.86106
-0.85094
-0.85947
-0.85277
-0.85207
-0.84822
54.0867
-0.88152
-0.84836
-0.85238
-0.86455
-0.8618
-0.85513
-0.85494
-0.87484
-0.89269
-0.85702
-0.86741
-0.8614
-0.84581
-0.84579
-0.86272
-0.83276
-0.83276
-0.83849
-0.89682
-0.88672
-0.88374
-0.8968
-0.87817
-0.88575
-0.85737
-0.90865
-0.85433
-0.84095
0
0
0
0
0
0
0
0
0
0
0
0
0
0
0
0
0
0
0
0
0
0
0
0
0
0
0
0
0
0
0
0
0
0
0
0
0
0
0
0
0
0
0
0
0
0
0
0
0
0
0
0
0
0
0
0
0
0
0
-0.94007
-0.94499
-0.9567
-0.9364
-0.95226
-0.95297
-0.94791
-0.94422
-0.95904
-0.9703
-0.9234
-0.91811
-0.95373
-0.92295
-0.95302
-0.92611
-0.8588
-0.85522
-0.89937
-0.86762
-0.87186
-0.86169
-0.85542
-0.86515
-0.86108
-0.87888
-0.87403
-0.87147
-0.87886
-0.86836
-0.87426
-0.86938
-0.86996
-0.88149
-0.88152
66.9005
-0.88162
-0.87572
-0.88657
-0.88202
-0.87586
-0.87628
-0.88459
-0.89823
-0.87803
-0.88541
-0.8808
-0.8666
-0.8666
-0.88105
-0.85383
-0.85382
-0.85737
-0.91719
-0.9068
-0.90389
-0.90841
-0.89839
-0.9
-0.87575
-0.92919
0
0
0
0
0
0
0
0
0
0
0
0
0
0
0
0
0
0
0
0
0
0
0
0
0
0
0
0
0
0
0
0
0
0
0
0
0
0
0
0
-6.5771
0
0
0
-6.5529
0
0
0
0
0
0
0
0
0
0
0
0
0
0
0
0
-0.91979
-0.9171
-0.93189
-0.89201
-0.90593
-0.90664
-0.92525
-0.92179
-0.91314
-0.93239
-0.90197
-0.87773
-0.90739
-0.88152
-0.90669
-0.90458
-0.83503
-0.83623
-0.87555
-0.84743
-0.85118
-0.8468
-0.84046
-0.85243
-0.84604
-0.85865
-0.85414
-0.85521
-0.86115
-0.85103
-0.85956
-0.85287
-0.85217
-0.84833
-0.84836
-0.88162
54.0922
-0.85247
-0.86464
-0.86189
-0.85522
-0.85502
-0.87495
-0.89277
-0.8571
-0.86752
-0.86149
-0.84589
-0.84588
-0.86281
-0.83285
-0.83284
-0.83857
-0.89691
-0.8868
-0.88383
-0.8969
-0.87826
-0.88584
-0.85747
-0.90874
-0.85442
-0.84103
0
0
0
0
0
0
0
0
0
0
0
0
0
0
0
0
0
0
0
0
0
0
0
0
0
0
0
0
0
0
0
0
0
0
0
0
0
0
0
0
0
0
0
0
0
0
0
0
0
0
0
0
0
0
0
0
0
0
0
-0.91408
-0.91126
-0.92609
-0.88624
-0.90014
-0.90085
-0.91945
-0.91599
-0.90734
-0.92652
-0.8962
-0.87197
-0.9016
-0.87576
-0.9009
-0.89882
-0.82909
-0.83029
-0.86995
-0.84134
-0.84497
-0.84087
-0.8345
-0.84651
-0.8401
-0.85219
-0.84717
-0.84893
-0.85453
-0.84394
-0.85331
-0.84386
-0.84386
-0.85235
-0.85238
-0.87572
-0.85247
52.0542
-0.86089
-0.85794
-0.85074
-0.85028
-0.85912
-0.87767
-0.852
-0.86295
-0.85641
-0.8406
-0.8406
-0.85775
-0.82737
-0.82737
-0.83358
-0.89107
-0.88052
-0.87762
-0.89144
-0.87218
-0.88001
-0.85155
-0.90304
0
0
0
0
0
0
0
0
0
0
0
0
0
0
0
0
0
0
0
0
0
0
0
0
0
0
0
0
0
0
0
0
0
0
0
0
0
0
0
0
0
0
0
0
0
0
0
0
0
0
0
0
0
0
0
0
0
0
0
0
0
-0.92746
-0.92319
-0.9392
-0.89832
-0.91239
-0.91309
-0.93235
-0.92887
-0.91966
-0.93898
-0.90889
-0.88388
-0.91386
-0.88772
-0.91314
-0.91154
-0.8401
-0.84152
-0.88223
-0.8525
-0.85617
-0.85201
-0.84554
-0.85776
-0.85123
-0.86348
-0.85816
-0.86043
-0.86121
-0.85495
-0.86052
-0.85388
-0.85393
-0.86451
-0.86455
-0.88657
-0.86464
-0.86089
51.703
-0.87225
-0.8634
-0.86204
-0.86928
-0.88976
-0.86435
-0.87686
-0.869
-0.85341
-0.85338
-0.87016
-0.83968
-0.83968
-0.84634
-0.90414
-0.89325
-0.89023
0
-0.88495
0
0
0
0
0
0
0
0
0
0
0
0
0
0
0
0
0
0
-2.5215
0
0
0
0
0
0
0
0
0
0
0
0
0
0
0
0
0
0
0
0
0
0
0
0
0
0
0
0
0
0
0
0
0
0
0
0
0
0
0
0
0
0
0
0
0
-0.92169
-0.9198
-0.93447
-0.89471
-0.90875
-0.90944
-0.92749
-0.924
-0.91598
-0.93527
-0.90404
-0.88032
-0.9102
-0.88415
-0.90949
-0.90667
-0.83678
-0.83783
-0.8773
-0.84913
-0.85281
-0.84799
-0.84159
-0.85367
-0.84721
-0.86012
-0.85489
-0.85481
-0.8631
-0.84986
-0.86139
-0.85097
-0.8511
-0.86176
-0.8618
-0.88202
-0.86189
-0.85794
-0.87225
50.8677
-0.85926
-0.85797
-0.86806
-0.88525
-0.86028
-0.87214
-0.86474
-0.84938
-0.84937
-0.86523
-0.83562
-0.83561
-0.842
-0.90005
-0.88944
-0.88644
0
-0.88116
0
0
0
0
0
0
0
0
0
0
0
0
0
0
0
0
0
-1.891
0
0
0
0
0
0
0
0
0
0
0
0
0
0
0
0
0
0
0
0
0
0
0
0
0
0
0
0
0
0
0
0
0
0
0
0
0
0
0
0
0
0
0
0
0
0
-0.91557
-0.91109
-0.92766
-0.88764
-0.90163
-0.90233
-0.92085
-0.91738
-0.90887
-0.92811
-0.89751
-0.87329
-0.9031
-0.87709
-0.90239
-0.90013
-0.82992
-0.83116
-0.87095
-0.84229
-0.84594
-0.84154
-0.83514
-0.84719
-0.84075
-0.85322
-0.84799
-0.84943
-0.85359
-0.84276
-0.85389
-0.84402
-0.84131
-0.85509
-0.85513
-0.87586
-0.85522
-0.85074
-0.8634
-0.85926
49.9961
-0.85066
-0.86121
-0.87702
-0.85247
-0.86292
-0.85635
-0.84156
-0.84155
-0.85674
-0.82755
-0.82754
-0.83424
-0.89152
-0.88104
-0.87814
0
0
0
0
0
0
0
0
0
0
0
0
0
0
0
0
0
0
0
0
0
0
0
-2.2952
0
0
0
0
0
0
0
0
0
0
0
0
0
0
0
0
0
0
0
0
0
0
0
0
0
0
0
0
0
0
0
0
0
0
0
0
0
0
0
0
0
0
-0.91498
-0.91209
-0.92695
-0.8871
-0.90105
-0.90175
-0.92035
-0.91689
-0.90826
-0.92746
-0.89707
-0.87279
-0.90251
-0.87659
-0.9018
-0.89969
-0.82974
-0.83097
-0.87068
-0.84205
-0.84569
-0.84156
-0.83517
-0.84721
-0.84078
-0.85291
-0.84778
-0.84954
-0.85537
-0.84447
-0.85413
-0.8441
-0.84419
-0.8549
-0.85494
-0.87628
-0.85502
-0.85028
-0.86204
-0.85797
-0.85066
48.5756
-0.86144
-0.87709
-0.85277
-0.86172
-0.85763
-0.84204
-0.84203
-0.85852
-0.82796
-0.82795
-0.83517
-0.89202
-0.88153
-0.87862
0
-0.87334
0
0
0
0
0
0
0
0
0
0
0
0
0
0
0
0
0
0
0
0
0
0
0
0
0
0
0
0
0
0
0
0
0
0
0
0
0
0
0
0
0
0
0
0
0
0
0
0
0
0
0
0
0
0
0
0
0
0
0
0
0
0
0
0
-0.92458
-0.92578
-0.93942
-0.90093
-0.91512
-0.91584
-0.93178
-0.92824
-0.92246
-0.94183
-0.90813
-0.88638
-0.91661
-0.89025
-0.91589
-0.91077
-0.84198
-0.84254
-0.88136
-0.85465
-0.8584
-0.85136
-0.84504
-0.85704
-0.85057
-0.86595
-0.86071
-0.85986
-0.86913
-0.85686
-0.86567
-0.85679
-0.85777
-0.8748
-0.87484
-0.88459
-0.87495
-0.85912
-0.86928
-0.86806
-0.86121
-0.86144
53.6871
-0.90194
-0.86257
-0.86899
-0.86515
-0.85153
-0.85153
-0.86561
-0.83751
-0.83751
-0.84329
-0.90258
0
0
0
0
0
0
0
0
0
0
0
0
0
0
0
0
0
0
0
0
0
0
0
-2.1169
0
0
0
0
0
0
0
0
0
0
0
0
0
0
0
0
0
0
0
0
0
0
0
0
0
0
-5.0041
0
0
0
0
0
0
0
0
0
0
0
0
0
0
0
0
0
-0.93687
-0.94066
-0.95484
-0.91578
-0.93013
-0.93085
-0.94684
-0.94324
-0.93752
-0.95699
-0.92281
-0.90108
-0.93162
-0.90499
-0.9309
-0.92548
-0.85609
-0.85669
-0.88397
-0.8689
-0.87257
-0.86546
-0.85903
-0.87123
-0.86467
-0.8799
-0.87411
-0.87294
-0.88307
-0.86948
-0.87942
-0.86832
-0.86925
-0.89266
-0.89269
-0.89823
-0.89277
-0.87767
-0.88976
-0.88525
-0.87702
-0.87709
-0.90194
55.1588
-0.87759
-0.88389
-0.88006
-0.86556
-0.86555
-0.8803
-0.85108
-0.85108
-0.85786
0
0
0
0
0
0
0
0
0
0
0
0
0
0
0
0
0
0
0
0
0
0
0
0
0
0
0
0
0
0
0
-4.0306
0
0
0
0
0
0
0
0
0
0
0
0
0
0
0
0
0
0
0
0
0
-4.7245
0
0
0
0
0
0
0
0
0
0
0
0
0
0
0
-0.9169
-0.91407
-0.92892
-0.88905
-0.903
-0.90371
-0.92229
-0.91882
-0.91022
-0.92946
-0.89899
-0.87472
-0.90446
-0.87852
-0.90376
-0.90161
-0.83152
-0.83276
-0.87254
-0.84385
-0.8475
-0.84332
-0.83693
-0.84897
-0.84254
-0.85476
-0.84959
-0.85134
-0.85722
-0.84625
-0.85594
-0.84584
-0.84595
-0.85697
-0.85702
-0.87803
-0.8571
-0.852
-0.86435
-0.86028
-0.85247
-0.85277
-0.86257
-0.87759
46.9182
-0.86512
-0.85915
-0.84413
-0.84412
-0.85877
-0.82829
-0.82828
-0.83743
-0.8934
-0.88301
0
0
0
0
0
0
0
0
0
0
0
0
0
0
0
0
0
0
0
0
0
0
0
0
0
0
0
0
0
0
0
0
0
0
0
0
0
0
0
0
0
0
0
0
0
0
0
0
0
0
0
0
0
0
0
0
0
0
0
0
0
0
0
0
0
0
0
-0.92507
-0.92513
-0.93913
-0.90016
-0.91425
-0.91497
-0.93186
-0.92834
-0.92153
-0.94088
-0.90832
-0.88569
-0.91573
-0.88953
-0.91501
-0.91096
-0.84183
-0.84259
-0.88173
-0.85427
-0.85794
-0.85203
-0.84566
-0.85771
-0.85125
-0.86524
-0.85992
-0.86
-0.86765
-0.85609
-0.86512
-0.85568
-0.85601
-0.86738
-0.86741
-0.88541
-0.86752
-0.86295
-0.87686
-0.87214
-0.86292
-0.86172
-0.86899
-0.88389
-0.86512
49.9701
-0.86781
-0.85291
-0.85291
-0.86712
-0.83715
-0.83715
-0.84659
0
0
0
0
0
0
0
0
0
0
0
0
0
0
0
0
0
0
0
0
0
0
0
0
0
0
0
0
0
0
0
0
0
0
0
0
0
0
0
0
0
0
0
0
0
0
0
0
0
0
-4.3289
0
0
0
0
0
0
0
0
0
0
0
0
0
0
0
0
0
0
-0.91796
-0.91844
-0.93252
-0.89349
-0.9075
-0.90821
-0.92561
-0.92213
-0.91475
-0.93401
-0.90232
-0.87909
-0.90896
-0.88292
-0.90825
-0.90493
-0.83563
-0.83659
-0.87624
-0.84803
-0.85167
-0.84637
-0.84005
-0.85203
-0.8456
-0.85896
-0.85374
-0.85457
-0.86133
-0.85027
-0.85907
-0.84896
-0.85
-0.86136
-0.8614
-0.8808
-0.86149
-0.85641
-0.869
-0.86474
-0.85635
-0.85763
-0.86515
-0.88006
-0.85915
-0.86781
47.6676
-0.84719
-0.84719
-0.86401
-0.82989
-0.82987
-0.84201
0
0
0
0
0
0
0
0
0
0
0
0
0
0
0
0
0
0
0
0
0
0
0
0
0
-2.3359
0
0
0
0
0
0
0
0
0
0
0
0
0
0
0
0
0
0
0
0
0
0
0
0
0
0
0
0
0
0
0
0
0
0
0
0
0
0
0
0
0
0
0
-0.90527
-0.90244
-0.91724
-0.87751
-0.89141
-0.8921
-0.91064
-0.90718
-0.8986
-0.91776
-0.88741
-0.86323
-0.89287
-0.86703
-0.89216
-0.89003
-0.82025
-0.82145
-0.86107
-0.83252
-0.83615
-0.83201
-0.82564
-0.83763
-0.83123
-0.84336
-0.83822
-0.83997
-0.84584
-0.8349
-0.84458
-0.83447
-0.8346
-0.84577
-0.84581
-0.8666
-0.84589
-0.8406
-0.85341
-0.84938
-0.84156
-0.84204
-0.85153
-0.86556
-0.84413
-0.85291
-0.84719
44.523
-0.8118
-0.85467
-0.8064
-0.80639
-0.82459
0
0
0
0
0
0
0
0
0
0
0
0
0
0
0
0
0
0
0
0
0
0
0
0
0
0
0
0
0
0
0
0
0
0
0
0
0
0
0
0
0
0
0
0
0
0
0
0
0
0
0
0
0
0
0
0
0
0
0
0
0
0
0
0
0
0
0
0
0
-0.90525
-0.90242
-0.91723
-0.8775
-0.8914
-0.8921
-0.91062
-0.90717
-0.89859
-0.91775
-0.8874
-0.86323
-0.89285
-0.86702
-0.89216
-0.89001
-0.82025
-0.82144
-0.86106
-0.83251
-0.83615
-0.83199
-0.82563
-0.83762
-0.83122
-0.84336
-0.83821
-0.83996
-0.84584
-0.83489
-0.84458
-0.83446
-0.83459
-0.84576
-0.84579
-0.8666
-0.84588
-0.8406
-0.85338
-0.84937
-0.84155
-0.84203
-0.85153
-0.86555
-0.84412
-0.85291
-0.84719
-0.8118
44.5225
-0.85466
-0.8064
-0.80638
-0.82457
0
0
0
0
0
0
0
0
0
0
0
0
0
0
0
0
0
0
0
0
0
0
0
0
0
0
0
0
0
0
0
0
0
0
0
0
0
0
0
0
0
0
0
0
0
0
0
0
0
0
0
0
0
0
0
0
0
0
0
0
0
0
0
0
0
0
0
0
0
-0.91959
-0.92008
-0.93479
-0.89508
-0.90912
-0.90983
-0.92713
-0.92352
-0.91638
-0.93566
-0.90285
-0.88067
-0.91059
-0.8845
-0.90987
-0.90556
-0.83717
-0.82962
-0.87661
-0.84955
-0.85318
-0.84755
-0.84127
-0.85296
-0.84676
-0.86042
-0.85519
-0.85609
-0.86311
-0.8516
-0.86114
-0.85114
-0.85148
-0.86269
-0.86272
-0.88105
-0.86281
-0.85775
-0.87016
-0.86523
-0.85674
-0.85852
-0.86561
-0.8803
-0.85877
-0.86712
-0.86401
-0.85467
-0.85466
47.8169
-0.83317
-0.83316
0
0
0
0
0
0
0
0
0
0
0
0
0
0
0
0
0
0
0
0
0
0
0
0
0
0
0
0
0
0
0
-3.2577
0
0
0
0
0
0
0
0
0
0
0
0
0
0
0
0
0
0
0
0
0
0
0
0
0
0
0
0
0
0
0
0
0
0
0
0
0
0
-0.89232
-0.88933
-0.90414
-0.86452
-0.87837
-0.87906
-0.8976
-0.89416
-0.88552
-0.90459
-0.87449
-0.85033
-0.87981
-0.85409
-0.87911
-0.87709
-0.80768
-0.80892
-0.84832
-0.81987
-0.82344
-0.81944
-0.81309
-0.82504
-0.81865
-0.83054
-0.82542
-0.82721
-0.83298
-0.82211
-0.8318
-0.82164
-0.82178
-0.83273
-0.83276
-0.85383
-0.83285
-0.82737
-0.83968
-0.83562
-0.82755
-0.82796
-0.83751
-0.85108
-0.82829
-0.83715
-0.82989
-0.8064
-0.8064
-0.83317
43.0463
-0.80356
0
0
0
0
0
0
0
0
0
0
0
0
0
0
0
0
0
0
0
0
0
0
0
0
0
0
0
0
0
0
0
0
0
0
0
0
0
0
0
0
0
0
0
0
0
0
0
0
0
0
0
0
0
0
0
0
0
0
0
0
0
0
0
0
0
0
0
0
0
0
-0.89232
-0.88933
-0.90414
-0.86452
-0.87837
-0.87906
-0.8976
-0.89416
-0.88552
-0.90457
-0.87449
-0.85032
-0.87981
-0.8541
-0.87911
-0.8771
-0.80767
-0.80892
-0.84831
-0.81987
-0.82343
-0.81943
-0.81309
-0.82503
-0.81866
-0.83054
-0.82541
-0.82722
-0.83298
-0.8221
-0.8318
-0.82163
-0.82178
-0.83272
-0.83276
-0.85382
-0.83284
-0.82737
-0.83968
-0.83561
-0.82754
-0.82795
-0.83751
-0.85108
-0.82828
-0.83715
-0.82987
-0.80639
-0.80638
-0.83316
-0.80356
43.046
0
0
0
0
0
0
0
0
0
0
0
0
0
0
0
0
0
0
0
0
0
0
0
0
0
0
0
0
0
0
0
0
0
0
0
0
0
0
0
0
0
0
0
0
0
0
0
0
0
0
0
0
0
0
0
0
0
0
0
0
0
0
0
0
0
0
0
0
0
0
-0.89564
-0.89472
-0.9088
-0.86996
-0.88387
-0.88456
-0.90191
-0.89844
-0.89106
-0.91017
-0.87868
-0.85569
-0.88532
-0.85948
-0.88461
-0.88128
-0.81272
-0.81388
-0.85247
-0.825
-0.82861
-0.82352
-0.81721
-0.82911
-0.82275
-0.83589
-0.83076
-0.83156
-0.83839
-0.82724
-0.83641
-0.8269
-0.82715
-0.83845
-0.83849
-0.85737
-0.83857
-0.83358
-0.84634
-0.842
-0.83424
-0.83517
-0.84329
-0.85786
-0.83743
-0.84659
-0.84201
-0.82459
-0.82457
0
0
0
44.9125
0
0
0
0
0
0
0
0
0
0
0
0
0
0
0
0
0
0
0
0
0
0
0
0
0
0
0
0
0
0
0
0
0
0
0
0
0
0
0
0
0
0
0
0
-3.2081
0
0
0
0
0
0
0
0
0
0
0
0
0
0
0
0
0
0
0
0
0
0
0
0
-0.95725
-0.95411
-0.96911
-0.92877
-0.94293
-0.94364
-0.9624
-0.9589
-0.95024
-0.96972
-0.93885
-0.91424
-0.9444
-0.9181
-0.9437
-0.94151
-0.87017
-0.87166
-0.91232
-0.88272
-0.88646
-0.88216
-0.87568
-0.88788
-0.88138
-0.89385
-0.88853
-0.89034
-0.89631
-0.88511
-0.89505
-0.88455
-0.8847
-0.89678
-0.89682
-0.91719
-0.89691
-0.89107
-0.90414
-0.90005
-0.89152
-0.89202
-0.90258
0
-0.8934
0
0
0
0
0
0
0
0
40.0892
0
0
0
0
0
0
0
0
0
0
0
0
0
0
0
0
0
0
0
0
0
0
0
0
0
0
0
0
0
0
0
0
0
0
0
0
0
0
0
0
0
0
0
0
0
0
0
0
0
0
0
0
0
0
0
0
0
0
0
0
0
0
0
0
0
0
0
0
-0.94652
-0.94325
-0.95823
-0.91803
-0.93214
-0.93285
-0.95162
-0.94813
-0.93942
-0.95884
-0.92813
-0.90354
-0.93362
-0.90739
-0.93289
-0.93078
-0.85973
-0.86125
-0.90173
-0.87225
-0.87597
-0.87175
-0.86528
-0.87744
-0.87095
-0.88334
-0.87807
-0.8799
-0.88583
-0.87471
-0.88457
-0.8742
-0.87432
-0.88668
-0.88672
-0.9068
-0.8868
-0.88052
-0.89325
-0.88944
-0.88104
-0.88153
0
0
-0.88301
0
0
0
0
0
0
0
0
0
38.7324
0
0
0
0
0
0
0
0
0
0
0
0
0
0
0
0
0
0
0
0
0
0
0
0
0
0
0
0
0
0
0
0
0
0
0
0
0
0
0
0
0
0
0
0
0
0
0
0
0
0
0
0
0
0
0
0
0
0
0
0
0
0
0
0
0
0
0
-0.94346
-0.94017
-0.95511
-0.91499
-0.92909
-0.92979
-0.94855
-0.94507
-0.93638
-0.95576
-0.9251
-0.90052
-0.93056
-0.90436
-0.92984
-0.92774
-0.85683
-0.85837
-0.89874
-0.86936
-0.87305
-0.86885
-0.8624
-0.87454
-0.86806
-0.88039
-0.87513
-0.87699
-0.88289
-0.8718
-0.88163
-0.87132
-0.87144
-0.88371
-0.88374
-0.90389
-0.88383
-0.87762
-0.89023
-0.88644
-0.87814
-0.87862
0
0
0
0
0
0
0
0
0
0
0
0
0
37.7245
0
0
0
0
0
0
0
0
0
0
0
0
0
0
0
0
0
0
0
0
0
0
0
0
0
0
0
0
0
0
0
0
0
0
0
0
0
0
0
0
0
0
0
0
0
0
0
0
0
0
0
0
0
0
0
0
0
0
0
0
0
0
0
0
0
0
-0.95668
-0.95352
-0.96753
-0.92885
-0.94323
-0.94394
-0.95928
-0.95577
-0.95064
-0.9702
-0.93585
-0.91409
-0.94473
-0.91802
-0.94399
-0.93844
-0.869
-0.86954
-0.91749
-0.88168
-0.88542
-0.87659
-0.87027
-0.88258
-0.87582
-0.8929
-0.88744
-0.8845
-0.88932
-0.88107
-0.88502
-0.88147
-0.88287
-0.89677
-0.8968
-0.90841
-0.8969
-0.89144
0
0
0
0
0
0
0
0
0
0
0
0
0
0
0
0
0
0
47.2282
0
0
0
0
0
0
0
0
0
0
0
0
0
0
0
0
0
0
0
-2.5756
0
0
0
0
0
0
0
0
0
-5.3447
0
-4.6799
0
0
0
0
0
0
0
0
0
0
0
0
0
0
0
0
0
0
0
0
0
0
0
0
0
0
0
0
0
0
0
0
0
-0.93781
-0.93454
-0.94942
-0.90937
-0.92343
-0.92413
-0.94288
-0.93941
-0.93071
-0.95006
-0.91947
-0.89491
-0.92491
-0.89876
-0.9242
-0.9221
-0.85136
-0.8529
-0.89319
-0.86385
-0.86753
-0.86336
-0.85691
-0.86904
-0.86257
-0.87484
-0.86961
-0.87148
-0.87741
-0.86635
-0.87611
-0.86582
-0.86598
-0.87813
-0.87817
-0.89839
-0.87826
-0.87218
-0.88495
-0.88116
0
-0.87334
0
0
0
0
0
0
0
0
0
0
0
0
0
0
0
36.619
0
0
0
0
0
0
0
0
0
0
0
0
0
0
0
0
0
0
0
0
0
0
0
0
0
0
0
0
0
0
0
0
0
0
0
0
0
0
0
0
0
0
0
0
0
0
0
0
0
0
0
0
0
0
0
0
0
0
0
0
0
0
0
0
-0.93988
-0.94257
-0.9556
-0.91758
-0.93179
-0.9325
-0.94768
-0.94412
-0.93913
-0.95862
-0.92392
-0.90298
-0.93328
-0.90685
-0.93255
-0.92656
-0.85843
-0.85883
-0.89768
-0.87102
-0.87472
-0.86717
-0.86088
-0.87284
-0.8664
-0.88215
-0.87679
-0.87581
-0.88496
-0.87277
-0.88157
-0.87224
-0.87291
-0.88571
-0.88575
-0.9
-0.88584
-0.88001
0
0
0
0
0
0
0
0
0
0
0
0
0
0
0
0
0
0
0
0
42.6172
0
0
0
0
0
0
0
0
0
0
0
0
0
0
0
0
0
0
0
0
0
0
0
0
0
0
0
0
0
0
0
0
0
0
0
0
0
0
0
0
0
0
0
-4.1986
0
0
0
0
0
0
0
0
0
0
0
0
0
-4.1986
0
0
0
0
0
-0.91473
-0.91386
-0.92785
-0.88887
-0.90287
-0.90358
-0.92094
-0.91746
-0.91013
-0.92936
-0.89758
-0.87449
-0.90434
-0.87832
-0.90364
-0.9002
-0.83109
-0.83222
-0.8715
-0.84346
-0.84712
-0.84189
-0.83553
-0.84752
-0.8411
-0.85442
-0.8492
-0.85002
-0.85709
-0.84571
-0.85504
-0.84518
-0.84556
-0.85735
-0.85737
-0.87575
-0.85747
-0.85155
0
0
0
0
0
0
0
0
0
0
0
0
0
0
0
0
0
0
0
0
0
36.1694
0
0
0
0
0
0
0
0
0
0
0
0
0
0
0
0
0
0
0
0
0
0
0
0
0
0
0
0
0
0
0
0
0
0
0
0
0
0
0
0
0
0
0
0
0
0
0
0
0
0
0
0
0
0
0
0
0
-2.988
0
0
0
0
-0.96905
-0.96585
-0.98079
-0.94042
-0.95463
-0.95533
-0.97416
-0.97065
-0.96197
-0.9815
-0.95053
-0.92583
-0.95611
-0.9297
-0.95539
-0.9532
-0.88163
-0.88318
-0.92399
-0.89425
-0.89801
-0.89371
-0.8872
-0.89943
-0.8929
-0.90543
-0.90011
-0.90199
-0.90812
-0.89682
-0.9068
-0.89624
-0.8964
-0.90861
-0.90865
-0.92919
-0.90874
-0.90304
0
0
0
0
0
0
0
0
0
0
0
0
0
0
0
0
0
0
0
0
0
0
35.1495
0
0
0
0
0
0
0
0
0
0
0
0
0
0
0
0
0
0
0
0
0
0
0
0
0
0
0
0
0
0
0
0
0
0
0
0
0
0
0
0
0
0
0
0
0
0
0
0
0
0
0
0
0
0
0
0
0
0
0
0
0
-0.91228
-0.91123
-0.92518
-0.88665
-0.90068
-0.90139
-0.91837
-0.9149
-0.9079
-0.92694
-0.89505
-0.87219
-0.90214
-0.87604
-0.90144
-0.89768
-0.8284
-0.82953
-0.86899
-0.84069
-0.84435
-0.8393
-0.83296
-0.84484
-0.83853
-0.85167
-0.84647
-0.84738
-0.85431
-0.84305
-0.85228
-0.84255
-0.8429
-0.8543
-0.85433
0
-0.85442
0
0
0
0
0
0
0
0
0
0
0
0
0
0
0
0
0
0
0
0
0
0
0
0
34.0915
0
0
0
0
0
0
0
0
0
0
0
0
0
0
0
0
0
0
0
0
0
0
0
0
0
0
0
0
0
0
0
0
0
0
0
0
-2.7302
0
0
0
0
0
0
0
0
0
0
0
0
0
0
0
0
0
0
0
0
0
0
0
-0.90073
-0.89712
-0.9119
-0.87261
-0.88655
-0.88726
-0.9056
-0.90217
-0.89373
-0.91265
-0.88248
-0.85828
-0.88801
-0.8621
-0.88729
-0.88509
-0.81507
-0.81671
-0.8566
-0.8273
-0.83093
-0.82712
-0.82076
-0.83265
-0.82634
-0.8381
-0.83294
-0.83512
-0.84086
-0.83001
-0.83965
-0.82944
-0.82959
-0.84092
-0.84095
0
-0.84103
0
0
0
0
0
0
0
0
0
0
0
0
0
0
0
0
0
0
0
0
0
0
0
0
0
30.8856
0
0
0
0
0
0
0
0
0
0
0
0
0
0
0
0
0
0
0
0
0
0
0
0
0
0
0
0
0
0
0
0
0
0
0
0
0
0
0
0
0
0
0
0
0
0
0
0
0
0
0
0
0
0
0
0
0
0
0
-0.86458
-0.86654
-0.87926
-0.84238
-0.85623
-0.85692
-0.87209
-0.86863
-0.86337
-0.8821
-0.84898
-0.82815
-0.85768
-0.83194
-0.85697
-0.85155
-0.7853
-0.78589
-0.82351
-0.7974
-0.80098
-0.79462
-0.78848
-0.80007
-0.79387
-0.80819
-0.80322
-0.80282
-0.81108
-0.79975
-0.80802
-0.79963
-0.8002
0
0
0
0
0
0
0
0
0
0
0
0
0
0
0
0
0
0
0
0
0
0
0
0
0
0
0
0
0
0
33.8709
0
0
0
0
0
0
0
0
0
0
0
0
0
0
0
0
0
0
0
0
0
0
0
0
0
0
0
0
0
0
0
0
0
0
0
0
-2.5295
0
0
0
0
0
0
0
0
-4.011
0
0
0
0
0
0
0
0
0
0
0
0
-1.0163
-1.0179
-1.0292
-0.98567
-1.0002
-1.0009
-1.021
-1.0175
-1.0076
-1.0272
-0.99699
-0.97071
-1.0017
-0.97469
-1.0009
-0.99974
-0.92481
-0.92589
-0.96806
-0.93734
-0.94122
-0.93638
-0.92963
-0.94227
-0.93557
-0.94879
-0.94349
0
0
0
0
0
0
0
0
0
0
0
0
0
0
0
0
0
0
0
0
0
0
0
0
0
0
0
0
0
0
0
0
0
0
0
0
0
32.1309
0
0
0
0
0
0
0
0
0
0
0
0
0
0
0
0
0
0
0
0
0
0
-5.7293
0
0
0
0
0
0
0
0
0
0
0
0
0
0
0
0
0
0
0
0
0
0
0
0
0
0
0
0
0
0
0
0
0
0
-0.94614
-0.94738
-0.96066
-0.92237
-0.93657
-0.93729
-0.95318
-0.94964
-0.94389
-0.96316
-0.92949
-0.90774
-0.93806
-0.91162
-0.93733
-0.93213
-0.86327
-0.86403
-0.90343
-0.87563
-0.87937
-0.87304
-0.86668
-0.87868
-0.87227
-0.88672
-0.88156
0
0
0
0
0
0
0
0
0
0
0
0
0
0
0
0
0
0
0
0
0
0
0
0
0
0
0
0
0
0
0
0
0
0
0
0
0
0
29.1878
0
0
0
0
0
0
0
0
0
0
0
0
0
0
0
0
0
0
0
0
0
0
0
0
0
0
0
-4.5264
0
0
0
0
0
0
0
0
0
0
0
0
0
0
0
0
0
0
0
0
0
0
0
0
0
0
0
0
-0.98769
-0.98407
-0.99884
-0.95864
-0.97296
-0.97367
-0.99248
-0.98897
-0.98032
-0.99979
-0.9688
-0.94388
-0.97445
-0.94781
-0.97372
-0.97147
-0.89916
-0.90092
-0.94222
-0.91177
-0.91559
-0.91169
-0.90514
-0.91738
-0.9109
-0.92313
-0.91796
0
0
0
0
0
0
0
0
0
0
0
0
0
0
0
0
0
0
0
0
0
0
0
0
0
0
0
0
0
0
0
0
0
0
0
0
0
0
0
25.6734
0
0
0
0
0
0
0
0
0
0
0
0
0
0
0
0
0
0
0
0
0
0
0
0
0
0
0
0
0
0
0
0
0
0
0
0
0
0
0
0
0
0
0
0
0
0
0
0
0
0
0
0
0
0
0
-0.96665
-0.96278
-0.97755
-0.93752
-0.95175
-0.95247
-0.97134
-0.96785
-0.95908
-0.97844
-0.94782
-0.92288
-0.95324
-0.92677
-0.95251
-0.95046
-0.87873
-0.88057
-0.92146
-0.89127
-0.89502
-0.89147
-0.88495
-0.89712
-0.89068
-0.90259
0
0
0
0
0
0
0
0
0
0
0
0
0
0
0
0
0
0
0
0
0
0
0
0
0
0
0
0
0
0
0
0
0
0
0
0
0
0
0
0
0
24.213
0
0
0
0
0
0
0
0
0
0
0
0
0
0
0
0
0
0
0
0
0
0
0
0
0
0
0
0
0
0
0
0
0
0
0
0
0
0
0
0
0
0
0
0
0
0
0
0
0
0
0
0
0
0
-0.91964
-0.92039
-0.93337
-0.89549
-0.90959
-0.91029
-0.92641
-0.92291
-0.91684
-0.93601
-0.90301
-0.88101
-0.91106
-0.88486
-0.91034
-0.90564
-0.837
-0.83805
-0.87712
-0.84921
-0.85295
0
0
0
0
0
0
0
0
0
0
0
0
0
0
0
0
0
0
0
0
0
0
0
0
0
0
0
0
0
0
0
0
0
0
0
0
0
0
0
0
0
0
0
0
0
0
0
22.7346
0
0
0
0
0
0
0
0
0
0
0
0
0
0
0
0
0
0
0
0
0
0
0
0
0
0
0
0
0
0
0
0
0
0
0
0
0
0
0
0
0
0
0
0
0
0
0
0
0
-3.8934
0
0
0
-1.035
-1.0302
-1.0451
-1.0045
-1.019
-1.0197
-1.0393
-1.0358
-1.0265
-1.0462
-1.0155
-0.98956
-1.0205
-0.99353
-1.0198
-1.0182
-0.94428
-0.94658
-0.98842
-0.9571
-0.96102
0
0
0
0
0
0
0
0
0
0
0
0
0
0
0
0
0
0
0
0
0
0
0
0
0
0
0
0
0
0
0
0
0
0
0
0
0
0
0
0
0
0
0
0
0
0
0
0
21.1557
0
0
0
0
0
0
0
0
0
0
0
0
0
0
0
0
0
0
0
0
0
0
0
0
0
0
0
0
0
0
0
0
0
0
0
0
0
0
0
0
0
0
0
0
0
0
0
0
0
0
0
0
-1.0229
-1.0172
-1.0323
-0.99147
-1.0059
-1.0066
-1.0268
-1.0233
-1.0133
-1.033
-1.0031
-0.9766
-1.0074
-0.98056
-1.0067
-1.0058
-0.9314
-0.93394
0
-0.94413
0
0
0
0
0
0
0
0
0
0
0
0
0
0
0
0
0
0
0
0
0
0
0
0
0
0
0
0
0
0
0
0
0
0
0
0
0
0
0
0
0
0
0
0
0
0
0
0
0
0
18.9625
0
0
0
0
0
0
0
0
0
0
0
0
0
0
0
0
0
0
0
0
0
0
0
0
0
0
0
0
0
0
0
0
0
0
0
0
0
0
0
0
0
0
0
0
0
0
0
0
0
0
0
-1.0718
-1.0653
-1.0805
-1.0393
-1.0539
-1.0546
-1.0753
-1.0718
-1.0614
-1.0813
-1.0514
-1.0243
-1.0554
-1.0283
-1.0547
-1.0542
-0.9786
0
0
0
0
0
0
0
0
0
0
0
0
0
0
0
0
0
0
0
0
0
0
0
0
0
0
0
0
0
0
0
0
0
0
0
0
0
0
0
0
0
0
0
0
0
0
0
0
0
0
0
0
0
0
17.9021
0
0
0
0
0
0
0
0
0
0
0
0
0
0
0
0
0
0
0
0
0
0
0
0
0
0
0
0
0
0
0
0
0
0
0
0
0
0
0
0
0
0
0
0
0
0
0
0
0
0
-0.9571
-0.94922
-0.96476
-0.92378
-0.93795
-0.93865
-0.95958
-0.95618
-0.94524
-0.9646
-0.93643
-0.90923
-0.93942
-0.9131
-0.9387
-0.93908
-0.86502
0
0
0
0
0
0
0
0
0
0
0
0
0
0
0
0
0
0
0
0
0
0
0
0
0
0
0
0
0
0
0
0
0
0
0
0
0
0
0
0
0
0
0
0
0
0
0
0
0
0
0
0
0
0
0
15.938
0
0
0
0
0
0
0
0
0
0
0
0
0
0
0
0
0
0
0
0
0
0
0
0
0
0
0
0
0
0
0
0
0
0
0
0
0
0
0
0
0
0
0
0
0
0
0
0
0
-1.264
-1.2528
-1.2668
-1.2254
-1.2406
-1.2413
0
0
-1.2483
-1.2689
0
-1.2098
-1.2421
-1.214
-1.2414
0
0
0
0
0
0
0
0
0
0
0
0
0
0
0
0
0
0
0
0
0
0
0
0
0
0
0
0
0
0
0
0
0
0
0
0
0
0
0
0
0
0
0
0
0
0
0
0
0
0
0
0
0
0
0
0
0
0
14.9154
0
0
0
0
0
0
0
0
0
0
0
0
0
0
0
0
0
0
0
0
0
0
0
0
0
0
0
0
0
0
0
0
0
0
0
0
0
0
0
0
0
0
0
0
0
0
0
0
0
-2.0691
0
0
0
0
0
0
0
0
0
0
0
0
0
0
0
0
0
0
0
0
0
0
0
0
0
0
-1.9766
-1.9702
0
0
0
0
0
0
0
0
0
0
0
0
0
0
0
0
0
0
0
0
0
0
0
0
0
0
0
0
0
0
0
0
0
0
0
0
0
0
0
0
0
0
0
0
10.9367
0
0
0
0
-1.8546
0
0
0
0
0
-3.0662
0
0
0
0
0
0
0
0
0
0
0
0
0
0
0
0
0
0
0
0
0
0
0
0
0
0
0
0
0
0
0
0
0
0
0
0
0
0
0
0
0
0
0
0
0
0
0
0
0
0
0
0
0
0
0
0
0
0
0
0
0
0
0
-1.881
0
-1.882
0
0
0
0
0
0
0
0
0
-1.891
0
0
0
0
0
0
0
0
0
0
0
0
0
0
0
0
0
0
0
0
0
0
0
0
0
0
0
0
0
0
0
0
0
0
0
11.356
0
0
0
0
-2.1096
0
0
0
0
0
0
0
-3.5923
0
0
0
0
0
0
0
0
0
0
0
0
0
0
0
0
0
0
0
0
0
0
0
0
0
0
0
0
0
0
0
0
0
0
0
0
0
0
0
0
0
0
0
0
0
0
0
0
0
0
0
0
0
0
0
0
0
0
0
0
0
-2.5231
0
-2.5362
0
0
0
0
0
0
0
-2.5215
0
0
0
0
0
0
0
0
0
0
0
0
0
0
0
0
0
-2.5756
0
0
0
0
0
0
0
0
0
0
0
0
0
0
0
0
0
0
0
11.3058
0
0
0
-1.1495
0
0
0
0
0
0
0
0
0
0
0
0
0
0
0
0
0
0
0
0
0
0
0
0
0
0
0
0
0
0
0
0
0
0
0
0
0
0
0
0
0
0
0
0
0
0
0
0
0
0
0
0
0
0
0
0
0
0
0
0
0
0
0
0
0
0
0
0
0
0
0
0
0
0
0
0
0
0
0
0
0
0
0
-2.1169
0
0
0
0
0
0
0
0
0
0
0
0
0
0
0
0
0
0
0
0
0
0
0
0
0
0
0
0
0
0
0
0
0
0
16.1772
0
0
0
0
0
0
0
-4.1326
0
-4.6598
0
0
0
0
0
0
0
0
0
0
0
0
0
0
0
0
0
0
0
0
0
0
0
0
0
0
-5.2679
0
0
0
0
0
0
0
0
0
0
0
0
0
0
0
0
0
0
0
0
0
0
0
0
0
0
0
0
0
0
0
0
0
0
0
0
0
0
0
0
0
0
0
0
0
0
0
0
0
0
0
0
0
-2.3359
0
0
0
0
0
0
0
0
0
0
0
0
0
0
0
0
0
0
0
0
0
0
0
0
0
0
0
0
0
0
0
12.645
0
0
-2.7398
-3.8571
0
0
0
-3.7123
0
0
0
0
0
0
0
0
0
0
0
0
0
0
0
0
0
0
0
0
0
0
0
0
0
0
0
0
0
0
0
0
0
0
0
0
0
0
0
0
0
0
0
0
0
0
0
0
0
0
0
0
0
0
0
0
0
0
0
0
0
0
0
0
0
0
0
-2.3002
0
0
0
0
0
0
0
-2.2952
0
0
0
0
0
0
0
0
0
0
0
0
0
0
0
0
0
0
0
0
0
0
0
0
0
0
0
0
0
0
0
0
0
-1.8546
0
0
0
0
10.334
0
0
0
0
0
0
0
0
0
-3.884
0
0
0
0
0
0
0
0
0
0
0
0
0
0
0
0
0
0
0
0
0
0
0
0
0
0
0
0
0
0
0
0
0
0
0
0
0
0
0
0
0
0
0
0
0
0
0
0
0
0
0
0
0
0
0
0
0
0
0
0
0
0
0
0
0
0
0
0
0
0
0
0
0
0
0
0
0
0
0
0
0
0
0
0
0
0
0
0
0
0
0
0
0
0
0
0
0
0
0
0
0
0
0
0
0
0
0
-2.1096
-1.1495
0
0
0
7.5342
0
0
0
0
0
0
0
0
0
0
0
0
0
0
0
0
0
0
0
0
0
0
0
0
0
0
0
0
0
0
0
0
0
0
0
0
0
0
0
-4.2751
0
0
0
0
0
0
0
0
0
0
0
0
0
0
0
0
0
0
0
0
0
0
0
0
0
0
0
0
0
0
0
0
-1.9197
0
0
0
0
0
0
0
0
0
0
0
0
0
0
0
0
0
0
0
0
0
0
0
0
0
0
0
0
0
0
0
0
0
0
0
0
0
0
0
0
0
0
0
0
0
0
-2.7398
0
0
8.6408
0
0
0
0
0
0
0
0
0
0
0
0
0
0
0
0
0
0
0
0
0
0
0
0
0
0
0
0
0
0
0
0
0
0
0
0
0
0
0
-3.9814
-4.17
0
0
0
0
0
0
0
0
0
0
0
0
0
0
0
0
0
0
0
0
0
0
0
0
0
0
0
0
0
0
0
0
0
0
0
0
0
0
0
0
0
0
0
0
0
0
0
0
0
0
0
0
0
0
0
0
0
0
0
0
0
0
0
0
0
0
0
0
0
0
0
0
0
0
0
0
0
-3.8571
0
0
0
10.7532
0
-2.7261
0
0
0
0
0
0
0
0
0
0
0
0
0
0
0
0
0
0
0
0
0
0
0
0
0
0
0
0
0
0
0
0
0
0
0
0
0
0
0
0
0
0
0
0
0
0
0
0
0
0
0
0
0
0
-3.2964
0
0
0
0
0
0
0
0
0
0
0
0
0
0
0
0
0
0
0
0
0
0
0
0
0
0
0
0
0
0
0
-3.2577
0
0
0
0
0
0
0
0
0
0
0
0
0
0
0
0
0
0
0
0
0
0
0
0
0
0
0
0
0
0
0
0
0
7.3286
0
0
0
0
0
0
0
0
0
0
-0.77459
0
0
0
0
0
0
0
0
0
0
0
0
0
0
0
0
0
0
0
0
0
0
0
0
0
0
0
0
0
0
0
0
0
0
0
0
0
0
0
0
0
0
0
0
0
-4.1412
0
0
0
0
0
0
0
0
0
0
0
0
0
0
0
0
0
0
0
0
0
0
0
0
-4.0306
0
0
0
0
0
0
0
0
0
0
0
0
0
0
0
0
0
0
0
0
0
0
0
0
0
0
0
0
0
0
0
0
0
0
0
0
0
0
-2.7261
0
10.8979
0
0
0
0
0
0
0
0
0
0
0
0
0
0
0
0
0
0
0
0
0
0
0
0
0
0
0
0
0
0
0
0
0
0
0
0
0
0
0
0
0
0
0
0
0
0
0
0
0
0
0
0
0
0
0
0
0
0
0
0
0
0
0
0
0
0
0
0
0
0
0
0
0
0
0
0
0
0
0
0
0
0
0
0
0
0
0
0
0
0
0
0
0
0
0
0
0
0
0
0
0
0
0
0
0
0
0
0
0
0
0
-3.0662
0
0
-4.1326
0
0
0
0
0
0
0
7.1988
0
0
0
0
0
0
0
0
0
0
0
0
0
0
0
0
0
0
0
0
0
0
0
0
0
0
0
0
0
0
0
0
0
0
0
0
0
0
0
0
0
0
0
0
0
0
0
0
0
0
0
0
0
0
0
0
0
0
0
0
0
0
0
0
0
0
0
0
0
0
0
0
0
0
0
0
0
0
0
0
0
0
0
0
0
0
0
0
0
0
0
0
-5.3447
0
0
0
0
0
0
0
0
0
0
0
0
0
0
0
0
0
0
0
0
0
-3.7123
0
0
0
0
0
0
0
9.0571
0
0
0
0
0
0
0
0
0
0
0
0
0
0
0
0
0
0
0
0
0
0
0
0
0
0
0
0
0
0
0
0
0
0
0
0
0
0
0
0
0
0
0
0
0
0
0
0
0
0
0
0
0
0
0
0
0
0
0
0
0
0
0
0
0
0
0
0
0
0
0
0
0
0
0
0
0
0
0
0
0
0
0
0
0
0
0
0
0
0
0
0
0
0
0
0
0
0
0
-5.7293
0
0
0
0
0
0
0
0
0
0
0
0
-4.6598
0
0
0
0
0
0
0
0
0
10.3891
0
0
0
0
0
0
0
0
0
0
0
0
0
0
0
0
0
0
0
0
0
0
0
0
0
0
0
0
0
0
0
0
0
0
0
0
0
0
0
0
0
0
0
0
0
0
0
0
0
0
0
0
0
0
0
0
0
0
0
0
0
0
0
0
0
0
0
0
0
0
0
0
0
0
0
0
0
0
0
0
0
0
0
0
0
0
0
0
0
0
-4.6799
0
0
0
0
0
0
0
0
0
0
0
0
0
0
0
0
0
0
-3.5923
0
0
0
0
0
0
0
0
0
0
0
0
8.2722
0
0
0
0
0
0
0
0
0
0
0
0
0
0
0
0
0
0
0
0
0
0
0
0
0
0
0
0
0
0
0
0
0
0
0
0
0
0
0
0
0
0
0
0
0
0
0
0
0
0
0
0
0
0
0
0
0
0
0
0
0
0
0
0
0
0
0
0
0
0
0
0
0
0
0
0
0
0
0
0
0
0
0
0
0
0
0
0
0
0
0
0
0
0
0
0
0
0
0
0
0
0
0
0
0
0
0
0
0
0
0
0
-3.884
0
0
0
0
0
0
0
0
0
3.884
0
0
0
0
0
0
0
0
0
0
0
0
0
0
0
0
0
0
0
0
0
0
0
0
0
0
0
0
0
0
0
0
0
0
0
0
0
0
0
-8.4346
0
0
0
0
0
0
0
0
0
0
0
0
0
0
0
0
0
0
0
0
0
0
0
0
0
0
0
0
0
0
0
0
0
0
0
0
0
0
0
0
0
0
0
0
0
0
0
0
0
0
0
0
0
0
0
0
0
0
0
0
0
0
0
0
0
0
0
0
0
0
0
0
0
0
0
0
0
0
0
0
0
0
8.4346
0
0
0
0
0
0
0
0
0
0
0
0
0
0
0
0
0
0
0
0
0
0
0
0
0
0
0
0
0
0
0
-8.6153
0
0
0
0
0
0
0
0
0
0
0
0
0
0
0
0
0
0
0
0
0
0
0
0
0
0
0
0
0
0
0
0
0
0
0
0
0
0
0
0
0
0
0
0
0
0
0
0
0
0
0
0
0
0
0
0
0
0
0
0
0
0
0
0
0
0
0
0
0
0
0
0
0
0
0
0
0
0
0
0
0
0
0
0
0
0
0
0
0
0
8.6153
0
0
0
0
0
0
0
0
0
0
0
0
0
0
0
0
0
0
0
0
0
0
0
0
0
0
0
0
0
0
0
0
0
0
0
0
0
0
0
0
0
0
0
0
0
0
0
0
0
0
0
-6.6759
0
0
0
0
0
0
0
0
0
0
0
0
0
0
0
0
0
0
0
0
0
0
0
0
0
0
0
0
0
0
0
0
0
0
0
0
0
0
0
0
0
0
0
0
0
0
0
0
0
0
0
0
0
0
0
0
0
0
0
0
0
0
0
0
0
0
0
0
0
0
6.6759
0
0
0
0
0
0
0
0
0
0
0
0
0
0
0
0
0
0
0
0
0
0
0
0
0
0
0
0
0
0
0
0
0
0
0
0
0
0
0
0
0
0
0
0
0
0
0
0
0
0
0
0
0
0
0
0
0
0
0
0
0
0
0
0
0
0
0
0
0
0
0
0
0
0
0
0
0
0
0
0
0
0
0
0
0
0
0
0
0
0
0
0
0
0
-4.5264
0
0
0
0
0
0
0
0
0
0
0
0
0
0
0
0
0
0
0
0
0
0
0
0
0
0
0
4.5264
0
0
0
0
0
0
0
0
0
0
0
0
0
0
0
0
0
0
0
0
0
0
0
0
0
0
0
0
0
0
0
0
0
0
0
0
0
0
0
0
0
0
0
0
0
0
0
0
0
0
0
0
0
0
0
0
0
0
0
0
0
0
0
0
0
0
0
0
0
0
0
0
0
0
0
0
0
0
0
0
0
0
0
0
0
0
0
0
0
0
0
0
0
0
0
0
0
0
0
0
0
0
0
0
0
0
0
0
0
0
0
-0.77459
0
0
0
0
0
0
0
0
0
0
0.77459
0
0
0
0
0
0
0
0
0
0
0
0
0
0
0
0
0
0
0
0
0
0
0
0
0
0
0
0
0
0
0
0
0
0
0
0
0
-8.0734
0
0
0
0
0
0
0
0
0
0
0
0
0
0
0
0
0
0
0
0
0
0
0
0
0
0
0
0
0
0
0
0
0
0
0
0
0
0
0
0
0
0
0
0
0
0
0
0
0
0
0
0
0
0
0
0
0
0
0
0
0
0
0
0
0
0
0
0
0
0
0
0
0
0
0
0
0
0
0
0
0
0
0
0
8.0734
0
0
0
0
0
0
0
0
0
0
0
0
0
0
0
0
0
0
0
0
0
0
0
0
0
0
0
0
0
0
0
0
0
0
0
0
0
0
0
0
0
0
0
0
0
0
0
0
-6.395
0
0
0
0
0
0
0
0
0
0
0
0
0
0
0
0
0
0
0
0
0
0
0
0
0
0
0
0
0
0
0
0
0
0
0
0
0
0
0
0
0
0
0
0
0
0
0
0
0
0
0
0
0
0
0
0
0
0
0
0
0
0
0
0
0
0
0
0
0
0
0
0
0
6.395
0
0
0
0
0
0
0
0
0
0
0
0
0
0
0
0
0
0
0
0
0
0
0
0
0
0
0
0
0
0
0
0
0
0
0
0
0
0
0
0
0
0
0
0
0
0
0
0
0
0
0
0
0
0
0
0
0
0
0
0
0
0
0
0
0
0
0
0
0
0
0
0
0
0
0
0
0
-3.2081
0
0
0
0
0
0
0
0
0
0
0
0
0
0
0
0
0
0
0
0
0
0
0
0
0
0
0
0
0
0
0
0
0
0
0
0
0
0
0
0
0
0
0
0
3.2081
0
0
0
0
0
0
0
0
0
0
0
0
0
0
0
0
0
0
0
0
0
0
0
0
0
0
0
0
0
0
0
0
0
0
0
0
0
0
0
0
0
0
0
0
0
0
0
0
0
0
0
0
0
0
0
0
0
0
0
0
0
0
0
0
0
0
0
0
0
0
0
0
0
0
0
0
0
0
0
0
0
0
0
0
0
-2.7302
0
0
0
0
0
0
0
0
0
0
0
0
0
0
0
0
0
0
0
0
0
0
0
0
0
0
0
0
0
0
0
0
0
0
0
0
2.7302
0
0
0
0
0
0
0
0
0
0
0
0
0
0
0
0
0
0
0
0
0
0
0
0
0
-8.9463
0
0
0
0
0
0
0
0
0
0
0
0
0
0
0
0
0
0
0
0
0
0
0
0
0
0
0
0
0
0
0
0
0
0
0
0
0
0
0
0
0
0
0
0
0
0
0
0
0
0
0
0
0
0
0
0
0
0
0
0
0
0
0
0
0
0
0
0
0
0
0
0
0
0
0
0
0
0
0
0
0
0
0
0
0
0
0
0
0
0
0
0
0
0
0
0
8.9463
0
0
0
0
0
0
0
0
0
0
0
0
0
0
0
0
0
0
0
0
0
0
0
0
0
0
0
0
0
0
0
0
0
0
0
0
0
0
0
0
0
0
0
0
0
0
0
0
0
0
0
0
0
0
0
0
0
0
0
0
0
0
0
0
0
0
0
0
0
0
0
0
0
0
0
0
0
0
0
0
0
0
0
0
0
-2.5295
0
0
0
0
0
0
0
0
0
0
0
0
0
0
0
0
0
0
0
0
0
0
0
0
0
0
0
0
0
0
0
0
0
0
0
0
2.5295
0
0
0
0
0
0
0
0
0
0
0
0
0
0
0
0
0
0
0
0
0
0
0
0
0
0
0
0
0
0
0
0
0
0
0
0
0
0
0
0
0
0
0
0
0
0
0
0
0
0
0
0
0
0
0
0
-6.5771
0
0
0
0
0
0
0
0
0
0
0
0
0
0
0
0
0
0
0
0
0
0
0
0
0
0
0
0
0
0
0
0
0
0
0
0
0
0
0
0
0
0
0
0
0
0
0
0
0
0
0
0
0
0
0
0
0
0
0
0
0
0
0
0
0
6.5771
0
0
0
0
0
0
0
0
0
0
0
0
0
0
0
0
0
0
0
0
0
0
0
0
0
0
0
0
0
0
0
0
0
0
0
0
0
0
0
0
0
0
0
0
0
0
0
0
0
0
0
0
0
0
0
0
0
0
0
0
0
0
0
0
0
0
0
0
0
0
0
0
0
0
0
0
0
0
-4.1986
0
0
0
0
0
0
0
0
0
0
0
0
0
0
0
0
0
0
0
0
0
0
0
0
0
0
0
0
0
0
0
0
0
0
0
0
0
0
0
0
0
0
0
4.1986
0
0
0
0
0
0
0
0
0
0
0
0
0
0
0
0
0
0
0
0
0
0
0
0
0
0
0
0
0
0
0
0
0
0
0
0
0
0
0
0
0
0
0
0
0
0
0
0
0
0
0
0
0
0
0
0
0
0
0
0
0
0
0
0
-4.3289
0
0
0
0
0
0
0
0
0
0
0
0
0
0
0
0
0
0
0
0
0
0
0
0
0
0
0
0
0
0
0
0
0
0
0
0
0
0
0
0
0
0
0
0
0
0
0
0
0
0
0
0
0
0
0
0
0
4.3289
0
0
0
0
0
0
0
0
0
0
0
0
0
0
0
0
0
0
0
0
0
0
0
0
0
0
0
0
0
0
0
0
0
0
0
0
0
0
0
0
0
0
0
0
0
0
0
0
0
0
0
0
0
0
0
0
0
0
0
0
-5.0041
0
0
0
0
0
0
0
0
0
0
0
0
0
0
0
0
0
0
0
0
0
0
0
0
0
0
0
0
0
0
0
0
0
0
0
0
0
0
0
0
0
0
0
0
0
0
0
0
0
0
0
0
0
0
0
0
0
0
0
0
0
5.0041
0
0
0
0
0
0
0
0
0
0
0
0
0
0
0
0
0
0
0
0
0
0
0
0
0
0
0
0
0
0
0
0
0
0
0
0
0
0
0
0
0
0
0
0
0
0
0
0
0
0
0
0
-6.5529
0
0
0
0
0
0
0
0
0
0
0
0
0
0
0
0
0
0
0
0
0
0
0
0
0
0
0
0
0
0
0
0
0
0
0
0
0
0
0
0
0
0
0
0
0
0
0
0
0
0
0
0
0
0
0
0
0
0
0
0
0
0
0
0
0
0
0
0
0
6.5529
0
0
0
0
0
0
0
0
0
0
0
0
0
0
0
0
0
0
0
0
0
0
0
0
0
0
0
0
0
0
0
0
0
0
0
0
0
0
0
0
0
0
0
0
0
0
0
0
0
0
0
0
0
0
0
0
0
0
0
-4.7245
0
0
0
0
0
0
0
0
0
0
0
0
0
0
0
0
0
0
0
0
0
0
0
0
0
0
0
0
0
0
0
0
0
0
0
0
0
0
0
0
0
0
0
0
0
0
0
0
0
0
0
0
0
0
0
0
0
0
0
0
0
0
4.7245
0
0
0
0
0
0
0
0
0
0
0
0
0
0
0
0
0
0
0
0
0
0
0
0
0
0
0
0
0
0
0
0
0
-7.1623
0
0
0
0
0
0
0
0
0
0
0
0
0
0
0
0
0
0
0
0
0
0
0
0
0
0
0
0
0
0
0
0
0
0
0
0
0
0
0
0
0
0
0
0
0
0
0
0
0
0
0
0
0
0
0
0
0
0
0
0
0
0
0
0
0
0
0
0
0
0
0
0
0
0
0
0
0
0
0
0
0
0
0
0
0
0
0
0
7.1623
0
0
0
0
0
0
0
0
0
0
0
0
0
0
0
0
0
0
0
0
0
0
0
0
0
0
0
0
0
-8.1278
0
0
0
0
0
0
0
0
0
0
0
0
0
0
0
0
0
0
0
0
0
0
0
0
0
0
0
0
0
0
0
0
0
0
0
0
0
0
0
0
0
0
0
0
0
0
0
0
0
0
0
0
0
0
0
0
0
0
0
0
0
0
0
0
0
0
0
0
0
0
0
0
0
0
0
0
0
0
0
0
0
0
0
0
0
0
0
0
0
0
0
0
8.1278
0
0
0
0
0
0
0
0
0
0
0
0
0
0
0
0
0
0
0
0
0
0
0
0
0
0
0
0
0
0
0
0
0
0
0
0
0
0
0
0
0
0
0
0
0
0
0
0
0
0
0
0
0
0
0
0
0
0
0
0
0
0
0
0
0
0
0
0
0
0
0
0
0
0
0
0
-4.011
0
0
0
0
0
0
0
0
0
0
0
0
0
0
0
0
0
0
0
0
0
0
0
0
0
0
0
0
0
0
0
0
0
0
0
0
0
0
0
0
0
0
0
0
0
4.011
0
0
0
0
0
0
0
0
0
0
0
0
0
0
0
0
0
0
0
0
0
0
0
0
0
0
0
0
0
0
0
0
0
0
0
0
-6.6487
0
0
0
0
0
0
0
0
0
0
0
0
0
0
0
0
0
0
0
0
0
0
0
0
0
0
0
0
0
0
0
0
0
0
0
0
0
0
0
0
0
0
0
0
0
0
0
0
0
0
0
0
0
0
0
0
0
0
0
0
0
0
0
0
0
0
0
0
0
0
0
0
0
0
0
0
0
0
0
0
0
0
0
0
0
6.6487
0
0
0
0
0
0
0
0
0
0
0
0
0
0
0
0
0
0
0
0
0
0
0
0
0
0
0
0
0
0
0
0
0
0
-6.954
0
0
0
0
0
0
0
0
0
0
0
0
0
0
0
0
0
0
0
0
0
0
0
0
0
0
0
0
0
0
0
0
0
0
0
0
0
0
0
0
0
0
0
0
0
0
0
0
0
0
0
0
0
0
0
0
0
0
0
0
0
0
0
0
0
0
0
0
0
0
0
0
0
0
0
0
0
0
0
0
0
0
0
0
0
0
0
6.954
0
0
0
0
0
0
0
0
0
0
0
0
0
0
0
0
0
0
0
0
0
0
0
0
0
0
0
0
0
0
0
0
0
0
0
0
0
-5.4798
0
0
0
0
0
0
0
0
0
0
0
0
0
0
0
0
0
0
0
0
0
0
0
0
0
0
0
0
0
0
0
0
0
0
0
0
0
0
0
0
0
0
0
0
0
0
0
0
0
0
0
0
0
0
0
0
0
0
0
0
0
0
0
0
0
0
0
0
0
0
0
0
0
0
0
0
0
0
0
0
0
0
0
0
5.4798
0
0
0
0
0
0
0
0
0
0
0
0
0
0
0
0
0
0
0
0
0
0
0
0
0
0
0
0
0
0
0
0
0
0
0
0
0
0
0
-5.1504
0
0
0
0
0
0
0
0
0
0
0
0
0
0
0
0
0
0
0
0
0
0
0
0
0
0
0
0
0
0
0
0
0
0
0
0
0
0
0
0
0
0
0
0
0
0
0
0
0
0
0
0
0
0
0
0
0
0
0
0
0
0
0
0
0
0
0
0
0
0
0
0
0
0
0
0
0
0
0
0
0
0
5.1504
0
0
0
0
0
0
0
0
0
0
0
0
0
0
0
0
0
0
0
0
0
0
0
0
0
0
0
0
0
0
0
0
0
0
0
0
0
0
0
0
0
0
0
0
0
0
0
0
0
0
0
0
0
0
0
0
0
0
0
0
0
0
0
0
0
0
0
0
0
0
0
0
0
0
0
0
0
0
0
0
0
0
0
0
0
-5.2679
0
0
0
0
0
0
0
0
0
0
0
0
0
0
0
0
0
0
0
0
0
0
0
0
0
0
0
0
0
0
0
0
0
0
0
0
5.2679
0
0
0
0
0
0
0
0
0
0
0
0
0
-8.4818
0
0
0
0
0
0
0
0
0
0
0
0
0
0
0
0
0
0
0
0
0
0
0
0
0
0
0
0
0
0
0
0
0
0
0
0
0
0
0
0
0
0
0
0
0
0
0
0
0
0
0
0
0
0
0
0
0
0
0
0
0
0
0
0
0
0
0
0
0
0
0
0
0
0
0
0
0
0
0
0
0
0
0
0
0
0
0
0
0
0
0
0
0
0
0
0
0
0
0
0
0
0
0
0
0
0
0
0
8.4818
0
0
0
0
0
0
0
0
0
0
0
0
0
0
0
0
0
0
0
0
0
0
0
0
0
0
0
0
0
0
0
0
0
0
0
0
0
0
0
0
0
0
0
0
0
0
0
0
0
0
0
0
0
0
0
0
0
0
0
0
0
0
0
0
-4.1986
0
0
0
0
0
0
0
0
0
0
0
0
0
0
0
0
0
0
0
0
0
0
0
0
0
0
0
0
0
0
0
0
0
0
0
0
0
0
0
0
0
0
0
0
0
0
0
0
0
0
0
0
0
0
0
0
0
4.1986
0
0
0
0
0
0
0
0
0
0
0
0
0
0
0
0
0
0
0
0
0
0
0
0
0
0
0
0
0
0
0
0
0
0
0
0
0
0
0
0
0
0
0
0
0
0
0
0
0
0
0
0
0
0
0
0
0
0
0
0
0
0
0
0
-2.988
0
0
0
0
0
0
0
0
0
0
0
0
0
0
0
0
0
0
0
0
0
0
0
0
0
0
0
0
0
0
0
0
0
0
0
0
0
0
0
0
0
0
0
0
0
0
0
0
0
0
0
0
0
0
0
0
0
2.988
0
0
0
0
0
0
0
0
0
0
0
0
0
0
0
0
0
0
0
0
0
0
0
0
0
0
0
0
0
0
0
0
0
0
0
0
0
0
0
0
0
0
0
0
0
0
0
0
0
0
0
0
0
0
0
0
0
0
0
0
0
0
0
0
0
0
0
0
0
0
0
0
-3.8934
0
0
0
0
0
0
0
0
0
0
0
0
0
0
0
0
0
0
0
0
0
0
0
0
0
0
0
0
0
0
0
0
0
0
0
0
0
0
0
0
0
0
0
0
0
0
0
0
0
3.8934
0
0
0
-8.6154
0
0
0
0
0
0
0
0
0
0
0
0
0
0
0
0
0
0
0
0
0
0
0
0
0
0
0
0
0
0
0
0
0
0
0
0
0
0
0
0
0
0
0
0
0
0
0
0
0
0
0
0
0
0
0
0
0
0
0
0
0
0
0
0
0
0
0
0
0
0
0
0
0
0
0
0
0
0
0
0
0
0
0
0
0
0
0
0
0
0
0
0
0
0
0
0
0
0
0
0
0
0
0
0
0
0
0
0
0
0
0
0
0
0
0
0
0
0
8.6154
0
0
0
0
0
0
0
0
0
0
0
0
0
0
0
0
0
0
0
0
0
0
0
0
0
0
0
0
0
0
0
0
0
0
0
0
0
0
0
0
0
0
0
0
0
0
0
0
0
0
0
0
0
0
0
0
0
0
0
0
0
0
0
0
0
0
0
0
0
0
0
0
0
0
0
0
0
0
0
0
0
0
-4.2751
0
0
0
0
0
0
0
0
0
0
0
0
0
0
0
0
0
0
0
0
0
0
0
0
0
0
0
0
0
0
0
0
0
0
0
0
0
0
0
4.2751
0
0
0
0
0
0
0
0
0
0
0
0
0
0
0
0
0
0
0
0
0
0
0
0
0
0
0
0
0
0
0
0
0
0
0
0
0
0
0
0
0
0
0
0
0
0
0
0
0
0
0
0
0
0
0
0
0
0
0
0
0
0
0
0
0
0
0
0
0
0
0
0
0
0
0
0
0
0
0
0
0
0
-3.9814
0
0
0
0
0
0
0
0
0
0
0
0
0
0
0
0
0
0
0
0
0
0
0
0
0
0
0
0
0
0
0
0
0
0
0
0
0
0
0
3.9814
