65.575
-0.75285
-0.75326
-0.7405
-0.74374
-0.80255
-0.80251
-0.77217
-0.77216
-0.7552
-0.77959
-0.75837
-0.76038
-0.77315
-0.75159
-0.75659
-0.73375
-0.76725
-0.76163
-0.76143
-0.77279
-0.76772
-0.73777
-0.71772
-0.7378
-0.71509
-0.72967
-0.72174
-0.70447
-0.73361
-0.71855
-0.71621
-0.75068
-0.72345
-0.74875
-0.72357
-0.77771
-0.73236
-0.74846
-0.76701
-0.76661
-0.78491
-0.82916
-0.82169
-0.79478
-0.80297
-0.81836
-0.77471
-0.7764
-0.75475
-0.8383
-0.7332
-0.75774
-0.89879
-0.89463
-0.78731
-1.027
-1.2538
-1.5724
-1.463
-1.3969
-1.6175
-1.647
0
0
0
0
0
0
0
0
0
0
-2.9338
0
0
0
0
0
0
0
0
0
0
0
0
0
0
0
0
-4.9763
0
0
0
0
-5.6091
0
0
0
0
0
0
0
0
0
0
0
0
0
0
0
0
0
0
0
-0.75285
63.1213
-0.73623
-0.72188
-0.72331
-0.77932
-0.77927
-0.74956
-0.74956
-0.73164
-0.75465
-0.73553
-0.73561
-0.74775
-0.72677
-0.72925
-0.71106
-0.74235
-0.73638
-0.73619
-0.74808
-0.74383
-0.71447
-0.73883
-0.71449
-0.6925
-0.70696
-0.69839
-0.6812
-0.70961
-0.6957
-0.69185
-0.72836
-0.70554
-0.72614
-0.70139
-0.75412
-0.71398
-0.72895
-0.74481
-0.74356
-0.76219
-0.80558
-0.7975
-0.76849
-0.7314
-0.79508
-0.75362
-0.75355
-0.73526
-0.81987
-0.70963
-0.72603
-0.87246
-0.87596
-0.6929
-1.0089
-1.2325
-1.5373
-1.433
-1.465
-1.588
-1.604
0
-1.9574
0
0
0
0
0
0
0
0
0
0
0
0
0
0
0
0
0
0
0
0
0
0
-5.082
0
0
0
0
0
0
0
0
0
0
0
0
0
0
0
0
0
0
0
0
0
0
0
0
0
-5.4519
0
-0.75326
-0.73623
60.7465
-0.73091
-0.72663
-0.78618
-0.78614
-0.75644
-0.75644
-0.73645
-0.76185
-0.73895
-0.74363
-0.75515
-0.73377
-0.71621
-0.71369
-0.74793
-0.74402
-0.74381
-0.75449
-0.7487
-0.71994
-0.74485
-0.71996
-0.69844
-0.71212
-0.70407
-0.68691
-0.714
-0.70019
-0.69811
-0.73223
-0.7096
-0.73105
-0.70574
-0.76299
-0.71629
-0.73133
-0.74855
-0.74809
-0.76591
-0.80954
-0.80011
-0.76934
-0.78549
-0.7991
-0.75861
-0.75819
-0.73788
-0.81966
-0.71515
-0.7438
-0.87641
-0.88203
-0.78099
-1.0162
-1.2334
-1.5407
-1.4392
-1.4556
-1.584
-1.6241
0
0
0
0
0
0
0
0
0
0
0
0
0
-4.4078
0
0
0
0
0
0
0
0
0
0
0
0
0
0
0
0
0
0
0
0
0
0
0
0
-5.288
0
0
0
0
0
0
0
0
0
0
0
0
0
-0.7405
-0.72188
-0.73091
59.0921
-0.71305
-0.77365
-0.77361
-0.74255
-0.74255
-0.72552
-0.7485
-0.72466
-0.72967
-0.73962
-0.72056
-0.72393
-0.70098
-0.72763
-0.73021
-0.73001
-0.74082
-0.73368
-0.70743
-0.73102
-0.70745
-0.68611
-0.69924
-0.69185
-0.67489
-0.70357
-0.68891
-0.68625
-0.72011
-0.69087
-0.71749
-0.69358
-0.7461
-0.69248
-0.71989
-0.73669
-0.73531
-0.75396
-0.79738
-0.79374
-0.76302
-0.76808
-0.78726
-0.73459
-0.74049
-0.72506
-0.80694
-0.70367
-0.72432
-0.86452
-0.85597
-0.7385
-0.98556
-1.2193
-1.533
-1.4242
-1.4401
-1.5714
0
0
0
0
-2.8075
0
0
0
-3.4423
0
0
0
0
0
0
0
0
-4.2676
0
0
0
0
0
0
0
0
0
0
0
0
0
0
0
0
0
0
0
0
0
0
0
0
0
0
0
0
0
0
0
0
0
0
0
-0.74374
-0.72331
-0.72663
-0.71305
57.5161
-0.771
-0.77096
-0.74106
-0.74106
-0.72088
-0.74486
-0.71675
-0.72745
-0.73831
-0.71711
-0.72373
-0.6978
-0.73258
-0.72702
-0.72681
-0.73856
-0.73122
-0.7033
-0.72951
-0.70332
-0.68095
-0.69527
-0.68781
-0.67082
-0.70142
-0.68552
-0.68483
-0.71712
-0.69343
-0.71737
-0.69126
-0.73647
-0.69996
-0.71443
-0.7329
-0.73246
-0.75018
-0.79348
-0.78569
-0.76
-0.77451
-0.78334
-0.74404
-0.74454
-0.72225
-0.78826
-0.64228
-0.72219
-0.85893
-0.8616
-0.76876
-0.9929
-1.2102
-1.5197
-1.4163
-1.4411
-1.5646
-1.6078
0
0
0
0
0
-2.6821
0
0
0
0
0
0
0
0
0
0
0
0
0
0
0
0
0
0
0
0
0
0
0
0
0
0
0
0
0
0
0
0
0
0
0
0
0
0
-4.8292
0
0
0
0
0
0
0
-0.80255
-0.77932
-0.78618
-0.77365
-0.771
55.4263
-0.78741
-0.79407
-0.79407
-0.78136
-0.79944
-0.77904
-0.78479
-0.80436
-0.77043
-0.78256
-0.7543
-0.78988
-0.78223
-0.78203
-0.80056
-0.78993
-0.75666
-0.78768
-0.75668
-0.73598
-0.74732
-0.74045
-0.72292
-0.75513
-0.73623
-0.73785
-0.76938
-0.74606
-0.77431
-0.74335
-0.80574
-0.75547
-0.76911
-0.78557
-0.78925
-0.80383
-0.8486
-0.84771
-0.8144
-0.83517
-0.83712
-0.79662
-0.7982
-0.78125
-0.85862
-0.75541
-0.77584
-0.91547
-0.91817
-0.83389
-1.0537
-1.2857
-1.5888
-1.4769
-1.5239
-1.6465
0
0
0
0
0
0
0
0
0
0
0
0
0
0
0
0
0
0
0
0
0
-3.5262
0
0
0
0
0
0
0
0
0
0
0
0
0
0
0
0
0
0
0
0
0
0
0
0
0
0
0
0
0
0
0
-0.80251
-0.77927
-0.78614
-0.77361
-0.77096
-0.78741
55.4237
-0.79404
-0.79404
-0.78133
-0.79939
-0.779
-0.78474
-0.80431
-0.77039
-0.78251
-0.75425
-0.78984
-0.78218
-0.78198
-0.80052
-0.78988
-0.75662
-0.78764
-0.75664
-0.73594
-0.74729
-0.74041
-0.72289
-0.75509
-0.73619
-0.73781
-0.76934
-0.74603
-0.77427
-0.74332
-0.80569
-0.75543
-0.76907
-0.78553
-0.78921
-0.80379
-0.84856
-0.84766
-0.81436
-0.83514
-0.83708
-0.79659
-0.79815
-0.78121
-0.85858
-0.75536
-0.7758
-0.91542
-0.91813
-0.83385
-1.0537
-1.2856
-1.5887
-1.4769
-1.5239
-1.6464
0
0
0
0
0
0
0
0
0
0
0
0
0
0
0
0
0
0
0
0
0
-3.5262
0
0
0
0
0
0
0
0
0
0
0
0
0
0
0
0
0
0
0
0
0
0
0
0
0
0
0
0
0
0
0
-0.77217
-0.74956
-0.75644
-0.74255
-0.74106
-0.79407
-0.79404
51.8168
-0.74702
-0.75102
-0.7721
-0.75235
-0.75588
-0.76594
-0.74305
-0.75297
-0.72623
-0.76176
-0.75506
-0.75485
-0.77394
-0.76127
-0.73008
-0.7594
-0.7301
-0.70828
-0.72247
-0.7144
-0.69705
-0.72911
-0.70983
-0.71083
-0.7427
-0.71921
-0.74753
-0.7172
-0.7768
-0.72719
-0.74233
-0.75873
-0.7592
-0.77639
-0.8205
-0.81202
-0.78712
-0.80229
-0.80968
-0.77224
-0.77173
-0.74975
-0.83021
-0.72863
-0.74939
-0.88723
-0.88947
-0.79844
-1.0229
-1.2495
-1.5511
-1.4496
-1.482
-1.5991
-1.6516
0
0
0
0
0
0
0
0
0
0
0
0
0
0
0
0
0
0
0
0
0
0
0
0
0
0
0
0
0
0
0
0
0
0
0
0
0
0
0
0
0
0
0
0
0
0
0
0
0
0
0
0
-0.77216
-0.74956
-0.75644
-0.74255
-0.74106
-0.79407
-0.79404
-0.74702
51.8168
-0.75103
-0.7721
-0.75235
-0.75587
-0.76594
-0.74306
-0.75297
-0.72623
-0.76176
-0.75506
-0.75485
-0.77394
-0.76127
-0.73008
-0.75939
-0.7301
-0.70828
-0.72247
-0.7144
-0.69705
-0.72911
-0.70983
-0.71083
-0.7427
-0.71921
-0.74752
-0.7172
-0.77681
-0.7272
-0.74233
-0.75873
-0.7592
-0.77638
-0.8205
-0.81203
-0.78711
-0.80229
-0.80968
-0.77224
-0.77173
-0.74975
-0.8302
-0.72863
-0.74939
-0.88723
-0.88947
-0.79844
-1.0229
-1.2495
-1.5511
-1.4496
-1.482
-1.5991
-1.6516
0
0
0
0
0
0
0
0
0
0
0
0
0
0
0
0
0
0
0
0
0
0
0
0
0
0
0
0
0
0
0
0
0
0
0
0
0
0
0
0
0
0
0
0
0
0
0
0
0
0
0
0
-0.7552
-0.73164
-0.73645
-0.72552
-0.72088
-0.78136
-0.78133
-0.75102
-0.75103
53.1958
-0.75298
-0.72793
-0.73447
-0.74898
-0.72298
-0.72694
-0.70546
-0.7384
-0.73388
-0.73369
-0.74598
-0.73855
-0.71012
-0.73578
-0.71014
-0.68872
-0.70259
-0.69454
-0.67737
-0.69753
-0.69063
-0.68977
-0.72243
-0.69905
-0.72224
-0.69578
-0.74683
-0.70624
-0.72269
-0.7381
-0.7408
-0.75521
-0.79877
-0.79925
-0.76198
-0.78215
-0.78809
-0.74938
-0.74937
-0.72982
-0.80686
-0.70642
-0.72209
-0.8652
-0.86744
-0.74446
-0.99894
-1.2196
-1.5296
0
0
0
0
0
-1.9348
0
0
0
0
-2.7961
0
0
0
0
0
0
0
0
0
0
0
0
0
0
0
0
0
0
0
0
0
0
0
0
0
0
0
0
0
-4.0542
0
0
0
0
0
0
0
0
0
0
0
0
0
0
0
-0.77959
-0.75465
-0.76185
-0.7485
-0.74486
-0.79944
-0.79939
-0.7721
-0.7721
-0.75298
47.2439
-0.75255
-0.75826
-0.77112
-0.74135
-0.75633
-0.72694
-0.76569
-0.75684
-0.75664
-0.76971
-0.76235
-0.73063
-0.76482
-0.73066
-0.70903
-0.72296
-0.71526
-0.69777
-0.73036
-0.71025
-0.71327
-0.74351
-0.72009
-0.75082
-0.71765
-0.78574
-0.72892
-0.74323
-0.7591
-0.76288
-0.77709
-0.82142
-0.8257
-0.7881
-0.80927
-0.81038
-0.77491
-0.77335
-0.75134
-0.83257
-0.73014
-0.75015
-0.88789
-0.89029
-0.8088
-1.0224
-1.2469
-1.551
-1.452
0
0
0
0
0
0
0
0
0
0
0
0
0
0
0
0
0
0
0
0
0
0
0
0
0
0
0
0
0
0
0
0
0
0
0
0
0
0
0
0
0
0
0
0
0
0
0
0
0
0
0
0
0
0
0
-0.75837
-0.73553
-0.73895
-0.72466
-0.71675
-0.77904
-0.779
-0.75235
-0.75235
-0.72793
-0.75255
49.6046
-0.73285
-0.74097
-0.72284
-0.72917
-0.70353
-0.71658
-0.73214
-0.73194
-0.75318
-0.73547
-0.70671
-0.72887
-0.70673
-0.68464
-0.69914
-0.69125
-0.67406
-0.71024
-0.69032
-0.69016
-0.71904
-0.69568
-0.71721
-0.68439
-0.73744
-0.70333
-0.71706
-0.73398
-0.73696
-0.75133
-0.79493
-0.80161
-0.76185
-0.78404
-0.78431
-0.74916
-0.74687
-0.7237
-0.78932
-0.70549
-0.72193
-0.86067
-0.86393
-0.78555
-0.99513
-1.216
0
0
0
0
0
0
0
0
0
0
-2.665
0
0
0
0
0
0
0
0
-4.1604
0
0
0
0
0
0
0
0
0
0
0
0
0
0
0
0
0
0
0
0
0
0
0
0
0
0
0
0
0
0
0
0
0
0
0
0
0
-0.76038
-0.73561
-0.74363
-0.72967
-0.72745
-0.78479
-0.78474
-0.75588
-0.75587
-0.73447
-0.75826
-0.73285
45.9183
-0.75063
-0.72356
-0.72998
-0.69831
-0.74494
-0.73716
-0.73695
-0.74992
-0.74023
-0.71075
-0.73969
-0.71078
-0.68787
-0.70268
-0.69565
-0.67827
-0.70923
-0.69458
-0.69232
-0.72384
-0.70037
-0.72708
-0.69745
-0.76687
-0.70732
-0.72178
-0.73923
-0.74324
-0.75726
-0.8012
-0.80345
-0.76814
-0.78119
-0.7905
-0.74783
-0.75154
-0.72649
-0.81235
-0.70893
-0.72969
-0.86729
-0.86971
-0.77957
-1.001
-1.2233
0
0
0
0
0
0
0
0
0
0
0
0
0
0
-2.8345
0
0
0
0
0
0
0
0
0
0
0
0
0
0
0
0
0
0
0
0
0
0
0
0
0
0
0
0
0
0
0
0
0
0
0
0
0
0
0
0
0
0
-0.77315
-0.74775
-0.75515
-0.73962
-0.73831
-0.80436
-0.80431
-0.76594
-0.76594
-0.74898
-0.77112
-0.74097
-0.75063
53.5196
-0.74187
-0.74459
-0.72125
-0.74953
-0.7497
-0.7495
-0.71801
-0.75366
-0.72486
-0.75047
-0.72488
-0.70148
-0.71685
-0.70914
-0.69179
-0.70994
-0.70841
-0.7041
-0.73743
-0.71327
-0.73449
-0.70804
-0.76617
-0.71818
-0.73524
-0.75338
-0.75601
-0.77069
-0.8148
-0.81234
-0.77946
-0.79495
-0.80434
-0.76224
-0.76279
-0.74379
-0.82448
-0.7191
-0.74424
-0.88207
-0.88401
0
-1.0182
0
0
0
0
0
0
0
0
0
0
0
0
0
0
0
0
0
-2.4025
0
0
0
0
0
0
0
0
0
0
0
0
0
0
0
0
0
0
0
-5.0687
0
0
0
0
0
0
0
0
0
0
-4.3325
0
0
0
0
0
0
0
0
0
-0.75159
-0.72677
-0.73377
-0.72056
-0.71711
-0.77043
-0.77039
-0.74305
-0.74306
-0.72298
-0.74135
-0.72284
-0.72356
-0.74187
44.0859
-0.72546
-0.70176
-0.73276
-0.73571
-0.73547
-0.74089
-0.73687
-0.70319
-0.72532
-0.70321
-0.68125
-0.69571
-0.6883
-0.67087
-0.70467
-0.68194
-0.68555
-0.71462
-0.69116
-0.72265
-0.68886
-0.7426
-0.69992
-0.71378
-0.72963
-0.73244
-0.74603
-0.78952
-0.79368
-0.75715
-0.77757
-0.77926
-0.74391
-0.7429
-0.72194
-0.80055
-0.70168
-0.72056
-0.85527
-0.85748
-0.77869
-0.9869
-1.2085
-1.5104
0
0
0
0
0
0
0
0
0
0
0
0
0
0
0
0
0
0
0
0
0
0
0
0
0
0
0
0
0
0
0
0
0
0
0
0
0
0
0
0
0
0
0
0
0
0
0
0
0
0
0
0
0
0
0
0
-0.75659
-0.72925
-0.71621
-0.72393
-0.72373
-0.78256
-0.78251
-0.75297
-0.75297
-0.72694
-0.75633
-0.72917
-0.72998
-0.74459
-0.72546
48.7334
-0.70334
-0.73382
-0.73441
-0.73421
-0.74393
-0.73857
-0.70866
-0.73472
-0.70868
-0.68572
-0.70052
-0.69325
-0.67596
-0.70377
-0.69191
-0.68853
-0.72075
-0.69692
-0.72133
-0.69388
-0.74563
-0.70246
-0.71799
-0.73633
-0.73832
-0.75307
-0.79674
-0.79869
-0.75516
-0.77451
-0.7866
-0.74133
-0.74556
-0.72205
-0.80707
-0.70439
-0.7325
-0.8634
-0.86556
-0.77075
-0.99545
0
0
0
0
0
0
0
0
0
0
0
0
0
0
0
-2.8195
0
0
0
-4.3143
0
0
0
0
0
0
0
0
0
0
0
0
0
0
0
0
0
0
0
0
0
0
0
0
0
0
0
0
0
0
0
0
0
0
0
0
0
0
-0.73375
-0.71106
-0.71369
-0.70098
-0.6978
-0.7543
-0.75425
-0.72623
-0.72623
-0.70546
-0.72694
-0.70353
-0.69831
-0.72125
-0.70176
-0.70334
44.7761
-0.71295
-0.71406
-0.71386
-0.72015
-0.71496
-0.68416
-0.70387
-0.68419
-0.66281
-0.67716
-0.66855
-0.65112
-0.68206
-0.66851
-0.66343
-0.69686
-0.67312
-0.69853
-0.67079
-0.72104
-0.68053
-0.69375
-0.71209
-0.71508
-0.72836
-0.77137
-0.77157
-0.73824
-0.70864
-0.76144
-0.72172
-0.72249
-0.70108
-0.77828
-0.68227
-0.70168
-0.83673
-0.83911
-0.76503
-0.96612
0
0
0
0
0
0
0
0
0
0
0
0
0
0
0
0
0
0
0
0
0
0
0
0
0
0
0
0
0
0
0
-4.5195
0
0
0
0
0
0
0
0
0
0
0
0
0
0
0
0
0
0
0
0
0
0
0
0
0
0
-0.76725
-0.74235
-0.74793
-0.72763
-0.73258
-0.78988
-0.78984
-0.76176
-0.76176
-0.7384
-0.76569
-0.71658
-0.74494
-0.74953
-0.73276
-0.73382
-0.71295
48.2213
-0.74201
-0.74181
-0.75411
-0.74721
-0.71574
-0.74022
-0.71577
-0.69298
-0.70802
-0.69999
-0.68282
-0.72013
-0.69929
-0.69974
-0.72781
-0.70502
-0.7277
-0.69357
-0.75742
-0.69758
-0.7278
-0.74417
-0.74751
-0.76145
-0.80518
-0.81006
-0.7719
-0.79078
-0.79489
-0.74118
-0.74897
-0.73388
-0.81412
-0.71521
-0.73266
-0.87212
-0.8746
0
-1.0054
0
0
0
0
0
0
0
0
0
-2.7969
0
0
0
0
0
0
0
0
0
0
-4.1479
0
0
0
0
0
0
0
0
0
0
0
0
0
0
0
0
0
0
0
0
0
0
0
0
0
0
0
0
0
0
0
0
0
0
0
0
0
-0.76163
-0.73638
-0.74402
-0.73021
-0.72702
-0.78223
-0.78218
-0.75506
-0.75506
-0.73388
-0.75684
-0.73214
-0.73716
-0.7497
-0.73571
-0.73441
-0.71406
-0.74201
41.7968
-0.70296
-0.74879
-0.74654
-0.70426
-0.73771
-0.70428
-0.67315
-0.69501
-0.69117
-0.67347
-0.7095
-0.69035
-0.69273
-0.72001
-0.69675
-0.7532
-0.69503
-0.76255
-0.70675
-0.72001
-0.73534
-0.73987
-0.75275
-0.79804
-0.80276
-0.76513
-0.78949
-0.78711
-0.75441
-0.75055
-0.72897
-0.81011
-0.708
-0.72773
-0.86313
-0.86536
-0.78899
-0.99513
0
0
0
0
0
0
0
0
0
0
0
0
0
0
0
0
0
0
0
0
0
0
0
0
0
0
0
0
0
0
0
0
0
0
0
0
0
0
0
0
0
0
0
0
0
0
0
0
0
0
0
0
0
0
0
0
0
0
-0.76143
-0.73619
-0.74381
-0.73001
-0.72681
-0.78203
-0.78198
-0.75485
-0.75485
-0.73369
-0.75664
-0.73194
-0.73695
-0.7495
-0.73547
-0.73421
-0.71386
-0.74181
-0.70296
41.7855
-0.74859
-0.7463
-0.70407
-0.73751
-0.70411
-0.67296
-0.69482
-0.69099
-0.67329
-0.70926
-0.69016
-0.69253
-0.71981
-0.69654
-0.75299
-0.69483
-0.76237
-0.70654
-0.7198
-0.73513
-0.73966
-0.75254
-0.79783
-0.80255
-0.76493
-0.78924
-0.7869
-0.75419
-0.75035
-0.72876
-0.8099
-0.7078
-0.72754
-0.86291
-0.86514
-0.78877
-0.9949
0
0
0
0
0
0
0
0
0
0
0
0
0
0
0
0
0
0
0
0
0
0
0
0
0
0
0
0
0
0
0
0
0
0
0
0
0
0
0
0
0
0
0
0
0
0
0
0
0
0
0
0
0
0
0
0
0
0
-0.77279
-0.74808
-0.75449
-0.74082
-0.73856
-0.80056
-0.80052
-0.77394
-0.77394
-0.74598
-0.76971
-0.75318
-0.74992
-0.71801
-0.74089
-0.74393
-0.72015
-0.75411
-0.74879
-0.74859
50.3892
-0.75459
-0.72319
-0.751
-0.72322
-0.69948
-0.71519
-0.70752
-0.69012
-0.66926
-0.7065
-0.7026
-0.73533
-0.71168
-0.73495
-0.70906
-0.76079
-0.71577
-0.73232
-0.75098
-0.75344
-0.76792
-0.81165
-0.81394
-0.7773
-0.79114
-0.80148
-0.76022
-0.7608
-0.73986
-0.82152
-0.71893
-0.74361
-0.88015
-0.88016
0
0
0
0
0
0
0
0
0
0
0
0
0
0
0
0
0
0
0
0
0
0
0
0
0
0
0
0
0
0
0
0
0
0
0
0
0
0
-4.8482
-4.9283
0
0
0
0
0
0
0
0
0
0
0
0
0
0
0
0
0
0
0
0
-0.76772
-0.74383
-0.7487
-0.73368
-0.73122
-0.78993
-0.78988
-0.76127
-0.76127
-0.73855
-0.76235
-0.73547
-0.74023
-0.75366
-0.73687
-0.73857
-0.71496
-0.74721
-0.74654
-0.7463
-0.75459
43.6149
-0.71476
-0.74114
-0.71478
-0.68882
-0.70611
-0.70056
-0.68275
-0.72036
-0.69908
-0.69906
-0.72845
-0.70482
-0.7377
-0.70217
-0.76054
-0.71313
-0.72627
-0.74391
-0.74658
-0.76136
-0.80566
-0.80856
-0.77218
-0.79839
-0.7952
-0.75706
-0.75655
-0.73881
-0.81054
-0.71589
-0.73375
-0.87163
-0.87036
0
0
0
0
0
0
0
0
0
0
0
0
0
0
0
0
0
0
0
0
0
0
0
0
0
0
0
0
0
0
0
0
0
0
0
0
-3.2451
0
0
0
0
0
0
0
0
0
0
0
0
0
0
0
0
0
0
0
0
0
0
0
-0.73777
-0.71447
-0.71994
-0.70743
-0.7033
-0.75666
-0.75662
-0.73008
-0.73008
-0.71012
-0.73063
-0.70671
-0.71075
-0.72486
-0.70319
-0.70866
-0.68416
-0.71574
-0.70426
-0.70407
-0.72319
-0.71476
38.6897
-0.71179
-0.66891
-0.66873
-0.68595
-0.67483
-0.65558
-0.68128
-0.66621
-0.66884
-0.69656
-0.673
-0.70471
-0.67072
-0.73046
-0.6844
-0.69687
-0.71086
-0.71405
-0.72653
-0.76963
-0.7733
-0.73832
-0.77056
-0.7602
-0.72666
-0.72443
-0.70322
-0.7791
-0.68416
-0.70253
-0.83433
-0.83557
0
0
0
0
0
0
0
0
0
0
0
0
0
0
0
0
0
0
0
0
0
0
0
0
0
0
0
0
0
0
0
0
0
0
0
0
0
0
0
0
0
0
0
0
0
0
0
0
0
0
0
0
0
0
0
0
0
0
0
0
-0.71772
-0.73883
-0.74485
-0.73102
-0.72951
-0.78768
-0.78764
-0.7594
-0.75939
-0.73578
-0.76482
-0.72887
-0.73969
-0.75047
-0.72532
-0.73472
-0.70387
-0.74022
-0.73771
-0.73751
-0.751
-0.74114
-0.71179
45.8469
-0.71181
-0.68786
-0.70289
-0.69648
-0.679
-0.71089
-0.6936
-0.69285
-0.7227
-0.69985
-0.72007
-0.68884
-0.76245
-0.70501
-0.72112
-0.73802
-0.7414
-0.75509
-0.79858
-0.80361
-0.76601
-0.78273
-0.78852
-0.74902
-0.7492
-0.727
-0.80779
-0.70933
-0.73169
0
0
0
0
0
0
0
0
0
0
0
0
0
0
-2.2148
0
0
0
0
0
0
0
0
0
0
0
0
0
0
0
0
0
0
0
0
0
0
0
0
0
0
0
-5.3297
0
0
0
0
0
0
0
0
0
0
0
0
0
0
0
0
0
0
0
-0.7378
-0.71449
-0.71996
-0.70745
-0.70332
-0.75668
-0.75664
-0.7301
-0.7301
-0.71014
-0.73066
-0.70673
-0.71078
-0.72488
-0.70321
-0.70868
-0.68419
-0.71577
-0.70428
-0.70411
-0.72322
-0.71478
-0.66891
-0.71181
38.6911
-0.66875
-0.68597
-0.67485
-0.6556
-0.68131
-0.66623
-0.66886
-0.69658
-0.67302
-0.70472
-0.67074
-0.73048
-0.68443
-0.6969
-0.71089
-0.71407
-0.72656
-0.76966
-0.77334
-0.73834
-0.77059
-0.76022
-0.72669
-0.72446
-0.70324
-0.77913
-0.6842
-0.70255
-0.83436
-0.8356
0
0
0
0
0
0
0
0
0
0
0
0
0
0
0
0
0
0
0
0
0
0
0
0
0
0
0
0
0
0
0
0
0
0
0
0
0
0
0
0
0
0
0
0
0
0
0
0
0
0
0
0
0
0
0
0
0
0
0
0
-0.71509
-0.6925
-0.69844
-0.68611
-0.68095
-0.73598
-0.73594
-0.70828
-0.70828
-0.68872
-0.70903
-0.68464
-0.68787
-0.70148
-0.68125
-0.68572
-0.66281
-0.69298
-0.67315
-0.67296
-0.69948
-0.68882
-0.66873
-0.68786
-0.66875
40.1669
-0.65896
-0.65392
-0.63556
-0.65221
-0.64765
-0.64688
-0.67521
-0.6531
-0.67175
-0.64907
-0.70403
-0.64485
-0.67494
-0.68936
-0.69252
-0.70536
-0.74787
-0.74942
-0.71675
-0.73085
-0.73887
-0.70251
-0.70218
-0.68148
-0.73784
-0.66149
-0.6817
-0.81242
0
0
0
0
0
0
0
0
0
0
0
0
0
0
0
0
0
0
0
0
0
0
0
0
0
0
0
0
0
0
0
-3.5324
0
0
0
0
0
0
0
0
0
0
0
0
0
0
0
0
0
0
0
0
0
0
0
0
0
0
0
0
0
-0.72967
-0.70696
-0.71212
-0.69924
-0.69527
-0.74732
-0.74729
-0.72247
-0.72247
-0.70259
-0.72296
-0.69914
-0.70268
-0.71685
-0.69571
-0.70052
-0.67716
-0.70802
-0.69501
-0.69482
-0.71519
-0.70611
-0.68595
-0.70289
-0.68597
-0.65896
39.6487
-0.66925
-0.6503
-0.66987
-0.66248
-0.66393
-0.69056
-0.66768
-0.68903
-0.66393
-0.72418
-0.67561
-0.69056
-0.70469
-0.70789
-0.72036
-0.76282
-0.76484
-0.73133
-0.7501
-0.7533
-0.71402
-0.71691
-0.68906
-0.77195
-0.67721
-0.69524
-0.82792
0
0
0
0
0
0
0
0
0
-2.1904
0
0
0
0
0
0
0
0
0
0
0
0
0
0
0
0
0
0
0
0
0
0
0
0
0
0
0
0
0
0
0
0
0
0
0
0
0
0
0
0
0
0
0
0
0
0
0
0
0
0
0
-0.72174
-0.69839
-0.70407
-0.69185
-0.68781
-0.74045
-0.74041
-0.7144
-0.7144
-0.69454
-0.71526
-0.69125
-0.69565
-0.70914
-0.6883
-0.69325
-0.66855
-0.69999
-0.69117
-0.69099
-0.70752
-0.70056
-0.67483
-0.69648
-0.67485
-0.65392
-0.66925
36.9981
-0.59087
-0.66867
-0.64201
-0.64892
-0.67881
-0.65381
-0.69138
-0.65336
-0.7134
-0.67998
-0.67893
-0.69318
-0.69619
-0.70818
-0.75233
-0.75538
-0.72138
-0.76497
-0.74314
-0.7106
-0.70739
-0.68601
-0.76053
-0.66805
-0.68582
-0.81572
0
0
0
0
0
0
0
0
0
0
0
0
0
0
0
0
0
0
0
0
0
0
0
0
0
0
0
0
0
0
0
0
0
0
0
0
0
0
0
0
0
0
0
0
0
0
0
0
0
0
0
0
0
0
0
0
0
0
0
0
0
-0.70447
-0.6812
-0.68691
-0.67489
-0.67082
-0.72292
-0.72289
-0.69705
-0.69705
-0.67737
-0.69777
-0.67406
-0.67827
-0.69179
-0.67087
-0.67596
-0.65112
-0.68282
-0.67347
-0.67329
-0.69012
-0.68275
-0.65558
-0.679
-0.6556
-0.63556
-0.6503
-0.59087
36.0735
-0.65163
-0.62545
-0.62586
-0.66286
-0.63701
-0.67572
-0.6364
-0.69685
-0.65751
-0.66121
-0.67582
-0.67875
-0.69062
-0.73406
-0.73644
-0.70337
-0.74999
-0.72502
-0.68977
-0.68967
-0.66818
-0.74121
-0.65049
-0.66807
-0.79673
0
0
0
0
0
0
0
0
0
0
0
0
0
0
0
0
0
0
0
0
0
0
0
0
0
0
0
0
0
0
0
0
0
0
0
0
0
0
0
0
0
0
0
0
0
0
0
0
0
0
0
0
0
0
0
0
0
0
0
0
0
-0.73361
-0.70961
-0.714
-0.70357
-0.70142
-0.75513
-0.75509
-0.72911
-0.72911
-0.69753
-0.73036
-0.71024
-0.70923
-0.70994
-0.70467
-0.70377
-0.68206
-0.72013
-0.7095
-0.70926
-0.66926
-0.72036
-0.68128
-0.71089
-0.68131
-0.65221
-0.66987
-0.66867
-0.65163
42.0856
-0.66296
-0.66382
-0.69234
-0.66798
-0.70461
-0.66821
-0.72889
-0.67558
-0.68958
-0.70642
-0.7085
-0.72247
-0.76588
-0.76758
-0.73151
-0.74739
-0.75694
-0.71761
-0.71728
-0.69571
0
0
0
0
0
0
0
0
0
0
0
0
0
0
0
0
0
0
0
-2.7196
0
0
0
0
0
0
0
0
0
0
0
0
0
0
0
0
0
0
0
0
0
0
0
-4.7519
0
0
0
0
0
0
0
0
0
0
0
0
0
0
0
0
0
0
0
0
0
-0.71855
-0.6957
-0.70019
-0.68891
-0.68552
-0.73623
-0.73619
-0.70983
-0.70983
-0.69063
-0.71025
-0.69032
-0.69458
-0.70841
-0.68194
-0.69191
-0.66851
-0.69929
-0.69035
-0.69016
-0.7065
-0.69908
-0.66621
-0.6936
-0.66623
-0.64765
-0.66248
-0.64201
-0.62545
-0.66296
34.7282
-0.63634
-0.6897
-0.66758
-0.6841
-0.65798
-0.71381
-0.65022
-0.68575
-0.69664
-0.69641
-0.71049
-0.75368
-0.75106
-0.7211
-0.73597
-0.7465
-0.71232
-0.71026
0
0
0
0
0
0
0
0
0
-1.4389
0
0
0
0
0
0
0
0
0
0
0
0
0
0
0
0
0
0
0
0
0
0
0
0
0
0
0
0
0
0
0
0
0
0
0
0
0
0
0
0
0
0
0
0
0
0
0
0
0
0
0
0
0
0
0
0
-0.71621
-0.69185
-0.69811
-0.68625
-0.68483
-0.73785
-0.73781
-0.71083
-0.71083
-0.68977
-0.71327
-0.69016
-0.69232
-0.7041
-0.68555
-0.68853
-0.66343
-0.69974
-0.69273
-0.69253
-0.7026
-0.69906
-0.66884
-0.69285
-0.66886
-0.64688
-0.66393
-0.64892
-0.62586
-0.66382
-0.63634
36.9156
-0.67257
-0.64884
-0.6303
-0.64846
-0.71745
-0.64392
-0.66637
-0.68855
-0.68862
-0.70414
-0.74689
-0.73879
-0.71365
-0.75476
-0.73973
0
-0.69984
0
0
0
0
0
0
0
0
0
0
0
0
0
0
0
0
0
0
0
0
0
0
0
0
0
0
0
0
0
0
0
0
0
0
0
0
0
0
0
0
0
0
0
0
0
0
0
0
0
0
0
0
0
0
-4.5081
0
0
0
0
0
0
0
0
0
0
0
-0.75068
-0.72836
-0.73223
-0.72011
-0.71712
-0.76938
-0.76934
-0.7427
-0.7427
-0.72243
-0.74351
-0.71904
-0.72384
-0.73743
-0.71462
-0.72075
-0.69686
-0.72781
-0.72001
-0.71981
-0.73533
-0.72845
-0.69656
-0.7227
-0.69658
-0.67521
-0.69056
-0.67881
-0.66286
-0.69234
-0.6897
-0.67257
33.2173
-0.68775
-0.71024
-0.68674
-0.7401
-0.68031
-0.72242
-0.72289
-0.72181
-0.73513
-0.78247
-0.77392
-0.74891
0
-0.77732
-0.76684
0
0
0
0
0
0
0
0
0
0
0
0
0
0
0
0
0
0
0
0
0
0
0
0
0
0
0
0
0
0
0
0
0
0
0
0
0
0
0
0
0
0
0
0
0
0
0
0
0
0
0
0
0
0
0
0
0
0
0
0
0
0
0
0
0
0
0
-0.72345
-0.70554
-0.7096
-0.69087
-0.69343
-0.74606
-0.74603
-0.71921
-0.71921
-0.69905
-0.72009
-0.69568
-0.70037
-0.71327
-0.69116
-0.69692
-0.67312
-0.70502
-0.69675
-0.69654
-0.71168
-0.70482
-0.673
-0.69985
-0.67302
-0.6531
-0.66768
-0.65381
-0.63701
-0.66798
-0.66758
-0.64884
-0.68775
34.1205
-0.68444
-0.66323
-0.71596
-0.66273
-0.67898
-0.70149
-0.70198
-0.71516
-0.75782
-0.75641
-0.72515
0
-0.75238
0
0
0
0
0
0
0
0
0
0
0
0
0
0
0
0
0
0
-2.7172
0
0
0
0
0
0
0
0
0
0
0
0
0
0
0
0
0
0
0
0
0
0
0
0
0
0
0
0
0
0
0
0
0
0
0
0
0
0
0
0
0
0
0
0
0
0
0
0
0
-0.74875
-0.72614
-0.73105
-0.71749
-0.71737
-0.77431
-0.77427
-0.74753
-0.74752
-0.72224
-0.75082
-0.71721
-0.72708
-0.73449
-0.72265
-0.72133
-0.69853
-0.7277
-0.7532
-0.75299
-0.73495
-0.7377
-0.70471
-0.72007
-0.70472
-0.67175
-0.68903
-0.69138
-0.67572
-0.70461
-0.6841
-0.6303
-0.71024
-0.68444
41.9115
-0.67545
-0.74362
-0.6887
-0.70141
-0.72133
-0.71876
-0.7357
0
0
0
0
0
0
0
0
0
0
0
0
0
0
0
0
0
0
0
0
0
-2.1883
0
0
0
-2.1735
0
0
0
0
0
0
0
0
0
0
0
0
0
0
0
0
0
0
0
0
0
0
0
0
0
0
0
0
0
0
0
0
0
0
0
-4.6085
0
0
0
0
0
0
0
0
0
0
-3.4999
-0.72357
-0.70139
-0.70574
-0.69358
-0.69126
-0.74335
-0.74332
-0.7172
-0.7172
-0.69578
-0.71765
-0.68439
-0.69745
-0.70804
-0.68886
-0.69388
-0.67079
-0.69357
-0.69503
-0.69483
-0.70906
-0.70217
-0.67072
-0.68884
-0.67074
-0.64907
-0.66393
-0.65336
-0.6364
-0.66821
-0.65798
-0.64846
-0.68674
-0.66323
-0.67545
31.8668
-0.71283
-0.66027
-0.70638
-0.68681
-0.66946
-0.69672
-0.75099
0
0
0
-0.74405
0
0
0
0
0
0
0
0
0
0
0
0
0
0
0
0
0
0
0
0
-2.118
0
0
0
0
0
0
0
0
0
0
0
0
0
0
0
0
0
0
0
0
0
0
0
0
0
0
0
0
0
0
0
0
0
0
0
0
0
0
0
0
0
0
0
0
0
0
0
-0.77771
-0.75412
-0.76299
-0.7461
-0.73647
-0.80574
-0.80569
-0.7768
-0.77681
-0.74683
-0.78574
-0.73744
-0.76687
-0.76617
-0.7426
-0.74563
-0.72104
-0.75742
-0.76255
-0.76237
-0.76079
-0.76054
-0.73046
-0.76245
-0.73048
-0.70403
-0.72418
-0.7134
-0.69685
-0.72889
-0.71381
-0.71745
-0.7401
-0.71596
-0.74362
-0.71283
46.2896
-0.72524
-0.73448
-0.75135
0
0
0
0
0
0
0
0
0
0
0
0
0
0
0
0
0
0
0
0
0
0
0
0
0
0
0
0
-2.6511
0
0
-3.039
0
0
0
0
0
0
-4.2087
0
0
0
-4.2511
0
0
0
0
0
0
0
0
0
0
0
0
0
0
0
0
0
0
0
0
0
0
0
0
0
0
0
0
-3.0357
0
0
0
-0.73236
-0.71398
-0.71629
-0.69248
-0.69996
-0.75547
-0.75543
-0.72719
-0.7272
-0.70624
-0.72892
-0.70333
-0.70732
-0.71818
-0.69992
-0.70246
-0.68053
-0.69758
-0.70675
-0.70654
-0.71577
-0.71313
-0.6844
-0.70501
-0.68443
-0.64485
-0.67561
-0.67998
-0.65751
-0.67558
-0.65022
-0.64392
-0.68031
-0.66273
-0.6887
-0.66027
-0.72524
35.9847
-0.6762
-0.69542
-0.68933
-0.70683
0
0
0
0
0
0
0
0
0
0
0
0
0
0
0
0
0
0
0
0
0
0
0
0
-2.6539
0
0
0
0
0
0
0
0
0
0
0
0
0
0
0
0
0
0
0
0
0
0
0
0
0
0
0
0
0
0
0
0
0
0
0
0
0
0
0
0
0
-4.7373
0
0
0
0
0
0
-0.74846
-0.72895
-0.73133
-0.71989
-0.71443
-0.76911
-0.76907
-0.74233
-0.74233
-0.72269
-0.74323
-0.71706
-0.72178
-0.73524
-0.71378
-0.71799
-0.69375
-0.7278
-0.72001
-0.7198
-0.73232
-0.72627
-0.69687
-0.72112
-0.6969
-0.67494
-0.69056
-0.67893
-0.66121
-0.68958
-0.68575
-0.66637
-0.72242
-0.67898
-0.70141
-0.70638
-0.73448
-0.6762
32.8211
-0.71565
-0.69681
-0.7198
0
0
0
0
0
0
0
0
0
0
0
0
0
0
0
0
0
0
0
0
0
0
0
0
0
0
0
0
0
0
0
0
0
0
0
0
0
0
0
0
0
0
0
0
0
0
0
-3.5491
0
0
0
0
0
0
0
0
0
0
0
0
0
0
0
0
0
0
0
0
0
0
0
0
0
-0.76701
-0.74481
-0.74855
-0.73669
-0.7329
-0.78557
-0.78553
-0.75873
-0.75873
-0.7381
-0.7591
-0.73398
-0.73923
-0.75338
-0.72963
-0.73633
-0.71209
-0.74417
-0.73534
-0.73513
-0.75098
-0.74391
-0.71086
-0.73802
-0.71089
-0.68936
-0.70469
-0.69318
-0.67582
-0.70642
-0.69664
-0.68855
-0.72289
-0.70149
-0.72133
-0.68681
-0.75135
-0.69542
-0.71565
30.7598
-0.74337
-0.7669
-0.81022
0
0
0
0
0
0
0
0
0
0
0
0
0
0
0
0
0
0
0
0
0
0
0
0
0
0
0
0
0
0
0
0
0
0
0
0
0
0
0
0
0
0
0
0
0
0
0
0
0
0
0
0
0
0
0
0
0
0
0
0
0
0
0
0
0
0
0
0
0
0
0
0
-0.76661
-0.74356
-0.74809
-0.73531
-0.73246
-0.78925
-0.78921
-0.7592
-0.7592
-0.7408
-0.76288
-0.73696
-0.74324
-0.75601
-0.73244
-0.73832
-0.71508
-0.74751
-0.73987
-0.73966
-0.75344
-0.74658
-0.71405
-0.7414
-0.71407
-0.69252
-0.70789
-0.69619
-0.67875
-0.7085
-0.69641
-0.68862
-0.72181
-0.70198
-0.71876
-0.66946
0
-0.68933
-0.69681
-0.74337
30.0699
0
0
0
0
0
0
0
0
0
0
0
0
0
0
0
0
0
0
0
0
0
-1.6143
0
0
0
0
0
0
0
0
0
0
0
0
0
0
0
0
0
0
0
0
0
0
0
0
0
0
0
0
0
0
0
0
0
0
0
0
0
0
0
0
0
0
0
0
0
0
0
0
0
0
0
0
-0.78491
-0.76219
-0.76591
-0.75396
-0.75018
-0.80383
-0.80379
-0.77639
-0.77638
-0.75521
-0.77709
-0.75133
-0.75726
-0.77069
-0.74603
-0.75307
-0.72836
-0.76145
-0.75275
-0.75254
-0.76792
-0.76136
-0.72653
-0.75509
-0.72656
-0.70536
-0.72036
-0.70818
-0.69062
-0.72247
-0.71049
-0.70414
-0.73513
-0.71516
-0.7357
-0.69672
0
-0.70683
-0.7198
-0.7669
0
29.0586
0
0
0
0
0
0
0
0
0
0
0
0
0
0
0
0
0
0
0
0
0
0
0
0
0
0
0
0
0
0
0
0
0
0
0
0
0
0
0
0
0
0
0
0
0
0
0
0
0
0
0
0
0
0
0
0
0
0
0
0
0
0
0
0
0
0
0
0
0
0
0
0
0
-0.82916
-0.80558
-0.80954
-0.79738
-0.79348
-0.8486
-0.84856
-0.8205
-0.8205
-0.79877
-0.82142
-0.79493
-0.8012
-0.8148
-0.78952
-0.79674
-0.77137
-0.80518
-0.79804
-0.79783
-0.81165
-0.80566
-0.76963
-0.79858
-0.76966
-0.74787
-0.76282
-0.75233
-0.73406
-0.76588
-0.75368
-0.74689
-0.78247
-0.75782
0
-0.75099
0
0
0
-0.81022
0
0
28.4833
0
0
0
0
0
0
0
0
0
0
0
0
0
0
0
0
0
0
0
0
0
0
0
0
0
0
0
0
0
0
0
0
0
0
0
0
0
0
0
0
0
0
0
0
0
0
0
0
0
0
0
0
0
0
0
0
0
0
0
0
0
0
0
0
0
0
0
0
0
0
0
0
-0.82169
-0.7975
-0.80011
-0.79374
-0.78569
-0.84771
-0.84766
-0.81202
-0.81203
-0.79925
-0.8257
-0.80161
-0.80345
-0.81234
-0.79368
-0.79869
-0.77157
-0.81006
-0.80276
-0.80255
-0.81394
-0.80856
-0.7733
-0.80361
-0.77334
-0.74942
-0.76484
-0.75538
-0.73644
-0.76758
-0.75106
-0.73879
-0.77392
-0.75641
0
0
0
0
0
0
0
0
0
31.1381
0
0
0
0
0
0
0
0
0
0
0
0
0
0
0
0
0
0
0
0
0
0
0
0
0
0
0
0
0
0
0
0
0
0
0
0
-4.2317
0
0
0
0
0
0
0
0
0
0
0
0
0
0
0
0
0
0
0
0
0
0
0
0
0
0
0
0
0
0
0
0
0
0
-0.79478
-0.76849
-0.76934
-0.76302
-0.76
-0.8144
-0.81436
-0.78712
-0.78711
-0.76198
-0.7881
-0.76185
-0.76814
-0.77946
-0.75715
-0.75516
-0.73824
-0.7719
-0.76513
-0.76493
-0.7773
-0.77218
-0.73832
-0.76601
-0.73834
-0.71675
-0.73133
-0.72138
-0.70337
-0.73151
-0.7211
-0.71365
-0.74891
-0.72515
0
0
0
0
0
0
0
0
0
0
27.7197
0
0
0
0
0
0
0
0
0
0
0
0
0
0
0
0
0
0
0
-1.9437
0
0
0
0
0
0
0
0
0
0
0
0
0
0
0
0
0
0
0
0
0
0
0
0
0
0
0
0
0
0
0
0
0
0
0
0
0
0
0
0
0
0
0
0
0
0
0
0
0
0
-0.80297
-0.7314
-0.78549
-0.76808
-0.77451
-0.83517
-0.83514
-0.80229
-0.80229
-0.78215
-0.80927
-0.78404
-0.78119
-0.79495
-0.77757
-0.77451
-0.70864
-0.79078
-0.78949
-0.78924
-0.79114
-0.79839
-0.77056
-0.78273
-0.77059
-0.73085
-0.7501
-0.76497
-0.74999
-0.74739
-0.73597
-0.75476
0
0
0
0
0
0
0
0
0
0
0
0
0
38.1334
0
0
0
0
0
0
0
0
0
0
0
0
0
0
0
0
0
0
0
0
0
0
0
0
0
0
0
0
0
0
0
0
0
0
0
0
0
0
0
0
0
-4.7685
-4.455
0
0
0
0
0
0
0
0
0
-4.0434
0
0
0
0
0
0
0
0
0
0
0
0
0
0
0
0
-0.81836
-0.79508
-0.7991
-0.78726
-0.78334
-0.83712
-0.83708
-0.80968
-0.80968
-0.78809
-0.81038
-0.78431
-0.7905
-0.80434
-0.77926
-0.7866
-0.76144
-0.79489
-0.78711
-0.7869
-0.80148
-0.7952
-0.7602
-0.78852
-0.76022
-0.73887
-0.7533
-0.74314
-0.72502
-0.75694
-0.7465
-0.73973
-0.77732
-0.75238
0
-0.74405
0
0
0
0
0
0
0
0
0
0
27.3334
0
0
0
0
0
0
0
0
0
0
0
0
0
0
0
0
0
0
0
0
0
0
0
0
0
0
0
0
0
0
0
0
0
0
0
0
0
0
0
0
0
0
0
0
0
0
0
0
0
0
0
0
0
0
0
0
0
0
0
0
0
0
0
0
0
0
0
0
-0.77471
-0.75362
-0.75861
-0.73459
-0.74404
-0.79662
-0.79659
-0.77224
-0.77224
-0.74938
-0.77491
-0.74916
-0.74783
-0.76224
-0.74391
-0.74133
-0.72172
-0.74118
-0.75441
-0.75419
-0.76022
-0.75706
-0.72666
-0.74902
-0.72669
-0.70251
-0.71402
-0.7106
-0.68977
-0.71761
-0.71232
0
-0.76684
0
0
0
0
0
0
0
0
0
0
0
0
0
0
33.0629
0
0
0
0
0
0
0
0
0
0
0
0
0
0
0
0
0
0
-2.6611
0
0
0
0
-2.8931
0
0
0
0
0
0
0
0
0
0
0
0
0
0
0
0
0
0
0
0
0
0
0
0
0
0
0
0
-3.6319
0
0
0
0
0
0
0
0
0
0
0
0
0
0
-0.7764
-0.75355
-0.75819
-0.74049
-0.74454
-0.7982
-0.79815
-0.77173
-0.77173
-0.74937
-0.77335
-0.74687
-0.75154
-0.76279
-0.7429
-0.74556
-0.72249
-0.74897
-0.75055
-0.75035
-0.7608
-0.75655
-0.72443
-0.7492
-0.72446
-0.70218
-0.71691
-0.70739
-0.68967
-0.71728
-0.71026
-0.69984
0
0
0
0
0
0
0
0
0
0
0
0
0
0
0
0
26.703
0
0
0
0
0
0
0
0
0
0
0
0
0
0
0
0
0
0
0
0
0
0
0
0
0
0
0
0
0
0
0
0
0
0
0
0
0
-2.0551
0
0
0
0
0
0
0
0
0
0
0
0
0
0
0
0
0
-0.83117
0
0
0
0
0
0
0
0
0
0
-0.75475
-0.73526
-0.73788
-0.72506
-0.72225
-0.78125
-0.78121
-0.74975
-0.74975
-0.72982
-0.75134
-0.7237
-0.72649
-0.74379
-0.72194
-0.72205
-0.70108
-0.73388
-0.72897
-0.72876
-0.73986
-0.73881
-0.70322
-0.727
-0.70324
-0.68148
-0.68906
-0.68601
-0.66818
-0.69571
0
0
0
0
0
0
0
0
0
0
0
0
0
0
0
0
0
0
0
25.3257
0
0
0
0
0
0
0
0
0
0
0
0
0
0
0
0
0
0
0
0
0
0
0
0
0
0
0
0
0
0
0
-3.5442
0
0
0
0
0
0
0
0
0
0
0
0
0
0
0
0
0
0
0
0
0
0
0
0
0
0
0
0
0
0
0
0
0
-0.8383
-0.81987
-0.81966
-0.80694
-0.78826
-0.85862
-0.85858
-0.83021
-0.8302
-0.80686
-0.83257
-0.78932
-0.81235
-0.82448
-0.80055
-0.80707
-0.77828
-0.81412
-0.81011
-0.8099
-0.82152
-0.81054
-0.7791
-0.80779
-0.77913
-0.73784
-0.77195
-0.76053
-0.74121
0
0
0
0
0
0
0
0
0
0
0
0
0
0
0
0
0
0
0
0
0
29.8521
0
0
0
0
0
0
0
0
0
0
0
0
0
0
0
0
0
-2.5535
0
0
0
0
0
0
0
0
0
-3.9527
0
0
0
0
0
0
0
0
0
0
0
0
0
0
0
0
0
0
0
0
0
0
0
0
0
0
0
0
0
0
0
0
0
0
0
0
-0.7332
-0.70963
-0.71515
-0.70367
-0.64228
-0.75541
-0.75536
-0.72863
-0.72863
-0.70642
-0.73014
-0.70549
-0.70893
-0.7191
-0.70168
-0.70439
-0.68227
-0.71521
-0.708
-0.7078
-0.71893
-0.71589
-0.68416
-0.70933
-0.6842
-0.66149
-0.67721
-0.66805
-0.65049
0
0
0
0
0
0
0
0
0
0
0
0
0
0
0
0
0
0
0
0
0
0
24.4457
0
0
0
0
0
0
0
0
0
0
0
0
0
0
0
0
0
0
0
0
0
0
0
0
0
0
0
0
0
0
0
0
0
0
0
0
0
0
0
0
0
0
0
0
0
0
0
0
0
0
0
0
0
0
0
-4.0146
0
0
0
0
0
0
0
-0.75774
-0.72603
-0.7438
-0.72432
-0.72219
-0.77584
-0.7758
-0.74939
-0.74939
-0.72209
-0.75015
-0.72193
-0.72969
-0.74424
-0.72056
-0.7325
-0.70168
-0.73266
-0.72773
-0.72754
-0.74361
-0.73375
-0.70253
-0.73169
-0.70255
-0.6817
-0.69524
-0.68582
-0.66807
0
0
0
0
0
0
0
0
0
0
0
0
0
0
0
0
0
0
0
0
0
0
0
24.7869
0
0
0
0
0
0
0
0
0
0
0
0
0
0
0
0
0
0
0
0
0
0
0
0
0
0
0
0
0
-3.7067
0
0
0
0
0
0
0
0
0
0
0
0
0
0
0
0
0
0
0
0
0
0
0
0
0
0
0
0
0
0
0
0
-0.89879
-0.87246
-0.87641
-0.86452
-0.85893
-0.91547
-0.91542
-0.88723
-0.88723
-0.8652
-0.88789
-0.86067
-0.86729
-0.88207
-0.85527
-0.8634
-0.83673
-0.87212
-0.86313
-0.86291
-0.88015
-0.87163
-0.83433
0
-0.83436
-0.81242
-0.82792
-0.81572
-0.79673
0
0
0
0
0
0
0
0
0
0
0
0
0
0
0
0
0
0
0
0
0
0
0
0
24.1664
0
0
0
0
0
0
0
0
0
0
0
0
0
0
0
0
0
0
0
0
0
0
0
0
0
0
0
0
0
0
0
0
0
0
0
0
0
0
0
0
0
0
0
0
0
0
0
0
0
0
0
0
0
0
0
0
0
0
0
0
0
-0.89463
-0.87596
-0.88203
-0.85597
-0.8616
-0.91817
-0.91813
-0.88947
-0.88947
-0.86744
-0.89029
-0.86393
-0.86971
-0.88401
-0.85748
-0.86556
-0.83911
-0.8746
-0.86536
-0.86514
-0.88016
-0.87036
-0.83557
0
-0.8356
0
0
0
0
0
0
0
0
0
0
0
0
0
0
0
0
0
0
0
0
0
0
0
0
0
0
0
0
0
23.5837
0
0
0
0
0
0
0
0
0
0
-2.634
0
0
0
0
0
0
0
0
0
0
0
0
0
0
0
0
0
0
0
0
0
0
0
0
0
0
0
0
0
0
0
0
0
0
0
0
0
0
0
0
0
0
0
0
0
0
0
0
0
-0.78731
-0.6929
-0.78099
-0.7385
-0.76876
-0.83389
-0.83385
-0.79844
-0.79844
-0.74446
-0.8088
-0.78555
-0.77957
0
-0.77869
-0.77075
-0.76503
0
-0.78899
-0.78877
0
0
0
0
0
0
0
0
0
0
0
0
0
0
0
0
0
0
0
0
0
0
0
0
0
0
0
0
0
0
0
0
0
0
0
28.1765
0
0
0
0
0
0
0
0
0
0
0
0
0
0
-2.8829
0
0
0
0
0
0
0
0
0
0
0
0
0
0
0
0
-4.0547
0
-3.4885
0
0
0
0
0
0
0
0
0
-3.7067
0
0
0
0
0
0
0
0
0
0
0
0
0
0
0
-1.027
-1.0089
-1.0162
-0.98556
-0.9929
-1.0537
-1.0537
-1.0229
-1.0229
-0.99894
-1.0224
-0.99513
-1.001
-1.0182
-0.9869
-0.99545
-0.96612
-1.0054
-0.99513
-0.9949
0
0
0
0
0
0
0
0
0
0
0
0
0
0
0
0
0
0
0
0
0
0
0
0
0
0
0
0
0
0
0
0
0
0
0
0
22.9376
0
0
0
0
0
0
0
0
-2.7742
0
0
0
0
0
0
0
0
0
0
0
0
0
0
0
0
0
0
0
0
0
0
0
0
0
0
0
0
0
0
0
0
0
0
0
0
0
0
0
0
0
0
0
0
0
0
0
0
0
-1.2538
-1.2325
-1.2334
-1.2193
-1.2102
-1.2857
-1.2856
-1.2495
-1.2495
-1.2196
-1.2469
-1.216
-1.2233
0
-1.2085
0
0
0
0
0
0
0
0
0
0
0
0
0
0
0
0
0
0
0
0
0
0
0
0
0
0
0
0
0
0
0
0
0
0
0
0
0
0
0
0
0
0
21.2931
0
0
0
0
0
0
0
0
0
0
0
0
0
0
0
0
0
0
0
0
0
0
0
0
0
0
0
0
0
0
0
0
0
0
0
0
0
0
0
0
-3.9591
0
0
0
0
0
0
0
0
0
0
0
0
0
0
0
0
-1.5724
-1.5373
-1.5407
-1.533
-1.5197
-1.5888
-1.5887
-1.5511
-1.5511
-1.5296
-1.551
0
0
0
-1.5104
0
0
0
0
0
0
0
0
0
0
0
0
0
0
0
-1.4389
0
0
0
0
0
0
0
0
0
0
0
0
0
0
0
0
0
0
0
0
0
0
0
0
0
0
0
20.0126
0
0
0
0
0
0
0
0
0
0
0
0
0
0
0
0
0
0
0
0
0
0
0
0
0
0
0
0
0
0
0
0
0
0
0
0
0
0
0
0
0
0
0
0
0
0
0
0
0
0
0
0
0
0
0
0
-1.463
-1.433
-1.4392
-1.4242
-1.4163
-1.4769
-1.4769
-1.4496
-1.4496
0
-1.452
0
0
0
0
0
0
0
0
0
0
0
0
0
0
0
0
0
0
0
0
0
0
0
0
0
0
0
0
0
0
0
0
0
0
0
0
0
0
0
0
0
0
0
0
0
0
0
0
17.0038
0
0
0
-2.5232
0
0
0
0
0
0
0
0
0
0
0
0
0
0
0
0
0
0
0
0
0
0
0
0
0
0
0
0
0
0
0
0
0
0
0
0
0
0
0
0
0
0
0
0
0
0
0
0
0
0
0
-1.3969
-1.465
-1.4556
-1.4401
-1.4411
-1.5239
-1.5239
-1.482
-1.482
0
0
0
0
0
0
0
0
0
0
0
0
0
0
0
0
0
0
0
0
0
0
0
0
0
0
0
0
0
0
0
0
0
0
0
0
0
0
0
0
0
0
0
0
0
0
0
0
0
0
0
21.5107
0
0
0
0
0
0
0
0
0
0
0
0
0
0
0
0
0
0
0
0
0
0
0
0
0
0
0
-3.9544
0
-4.3456
0
0
0
0
0
0
0
0
0
0
0
0
0
0
0
0
0
0
0
0
0
0
0
0
-1.6175
-1.588
-1.584
-1.5714
-1.5646
-1.6465
-1.6464
-1.5991
-1.5991
0
0
0
0
0
0
0
0
0
0
0
0
0
0
0
0
0
0
0
0
0
0
0
0
0
0
0
0
0
0
0
0
0
0
0
0
0
0
0
0
0
0
0
0
0
0
0
0
0
0
0
0
18.1422
0
0
0
0
0
0
0
0
0
0
0
0
0
0
0
0
0
0
-3.7256
0
0
0
0
0
0
0
0
0
0
0
0
0
0
0
0
0
0
0
0
0
0
0
0
0
0
0
0
0
0
0
0
0
0
-1.647
-1.604
-1.6241
0
-1.6078
0
0
-1.6516
-1.6516
0
0
0
0
0
0
0
0
0
0
0
0
0
0
0
0
0
0
0
0
0
0
0
0
0
0
0
0
0
0
0
-1.6143
0
0
0
0
0
0
0
0
0
0
0
0
0
0
0
0
0
0
0
0
0
18.0324
0
0
0
0
0
0
0
-3.0435
0
0
0
0
0
0
0
0
0
-3.5886
0
0
0
0
0
0
0
0
0
0
0
0
0
0
0
0
0
0
0
0
0
0
0
0
0
0
0
0
0
0
0
0
0
0
0
0
0
0
0
0
0
0
0
0
0
0
0
0
0
0
0
0
0
0
0
0
0
0
0
0
-2.1904
0
0
0
0
0
0
0
-2.1883
0
0
0
0
0
0
0
0
0
0
0
0
0
0
0
0
0
0
0
0
0
0
0
0
-2.5232
0
0
0
18.7853
0
0
0
0
0
0
0
0
0
0
0
0
0
0
0
0
0
-3.903
0
0
0
0
0
0
0
0
0
0
0
0
0
0
0
0
0
0
-3.941
0
0
0
0
0
-4.0394
0
0
0
0
0
0
0
0
0
-1.9574
0
0
0
0
0
0
0
-1.9348
0
0
0
0
0
0
0
0
0
0
0
0
0
0
0
0
0
0
0
0
0
0
0
0
0
0
0
0
0
0
0
0
0
0
-1.9437
0
0
0
0
0
0
0
0
0
0
0
0
0
0
0
0
0
0
0
18.1836
0
0
0
0
0
0
0
0
0
0
0
-3.7878
0
0
0
0
0
-3.9524
0
0
0
0
0
0
0
0
0
0
0
0
0
-4.6076
0
0
0
0
0
0
0
0
0
0
0
0
0
0
0
0
0
0
0
0
0
0
0
0
0
0
0
0
0
0
0
0
0
0
0
0
0
0
0
0
0
0
0
0
0
0
0
0
0
0
0
-2.7172
0
0
0
0
0
0
0
0
0
0
0
0
0
0
0
0
0
0
0
0
-2.634
0
-2.7742
0
0
0
0
0
0
0
0
14.9672
0
0
0
0
0
0
0
-3.1739
0
0
0
0
0
-3.668
0
0
0
0
0
0
0
0
0
0
0
0
0
0
0
0
0
0
0
0
0
0
0
0
0
0
0
0
0
0
0
0
0
0
0
0
0
0
-2.8075
0
0
0
0
0
0
0
0
0
0
0
0
0
-2.7969
0
0
0
0
0
0
0
0
0
0
0
0
0
0
0
0
0
0
0
-2.6539
0
0
0
0
0
0
0
0
0
-2.6611
0
0
0
0
0
0
0
0
0
0
0
0
0
0
0
0
0
0
13.0692
0
0
0
0
0
0
0
0
0
0
0
0
0
0
0
0
0
0
0
-2.1499
0
0
0
0
0
0
0
0
0
0
0
0
0
0
0
0
0
0
0
0
0
0
0
0
0
0
0
0
0
0
0
0
0
0
0
0
0
0
0
0
0
0
0
0
0
0
0
0
0
0
0
-2.2148
0
0
0
0
0
0
0
0
0
0
-2.1735
-2.118
0
0
0
0
0
0
0
0
0
0
0
0
0
0
0
0
0
0
0
0
0
0
0
0
0
0
0
0
0
0
0
12.6003
0
0
0
0
0
0
0
0
0
-3.0643
0
0
0
0
0
0
0
0
0
0
0
0
0
0
0
0
0
0
0
0
0
0
0
0
0
0
0
0
0
0
0
0
-3.0296
0
0
0
0
0
0
0
0
-2.6821
0
0
0
0
0
0
-2.665
0
0
0
0
0
0
0
0
0
0
0
0
0
0
0
0
0
0
0
0
0
0
0
0
-2.6511
0
0
0
0
0
0
0
0
0
0
0
0
0
-2.5535
0
0
0
0
0
0
0
0
0
0
0
0
0
0
0
0
0
14.2693
0
0
0
0
0
0
0
0
0
0
0
0
0
0
0
-3.7175
0
0
0
0
0
0
0
0
0
0
0
0
0
0
0
0
0
0
0
0
0
0
0
0
0
0
0
0
0
0
0
0
0
0
0
0
0
0
0
-2.7961
0
0
0
0
0
0
0
0
0
0
0
0
0
0
0
0
0
0
0
-2.7196
0
0
0
0
0
0
0
0
0
0
0
0
0
0
0
0
0
0
0
0
0
0
0
0
0
0
0
0
0
0
0
0
0
0
0
0
0
0
0
13.8545
0
0
0
0
0
0
0
0
0
0
0
0
0
0
0
0
0
0
0
0
0
0
0
0
0
0
-4.1246
0
0
0
0
0
0
0
0
-4.2143
0
0
0
0
0
0
0
0
0
0
0
0
-3.4423
0
0
0
0
0
0
0
0
0
0
0
0
0
0
0
0
0
0
0
0
0
0
0
0
0
0
0
0
0
0
0
0
0
0
0
0
0
0
0
0
0
0
0
0
0
0
0
0
0
0
0
-2.8829
0
0
0
0
0
0
-3.0435
0
0
0
0
0
0
0
13.3888
0
0
0
0
0
0
0
0
0
0
0
0
0
-4.0202
0
0
0
0
0
0
0
0
0
0
0
0
0
0
0
0
0
0
0
0
0
0
0
0
0
0
0
0
0
0
0
0
0
0
0
0
0
0
0
0
0
0
0
0
0
0
0
0
0
0
0
0
0
0
0
0
0
0
0
0
0
0
0
0
0
0
-3.039
0
0
0
0
0
0
0
0
0
0
-2.8931
0
0
0
0
0
0
0
0
0
0
0
0
0
0
0
0
0
0
0
0
0
0
0
13.3875
-3.0227
0
0
0
0
0
0
0
0
0
0
0
0
0
0
0
0
0
0
0
-4.4327
0
0
0
0
0
0
0
0
0
0
0
0
0
0
0
0
0
0
0
0
0
0
0
0
0
0
0
0
0
0
0
0
0
0
-2.8345
0
0
-2.8195
0
0
0
0
0
0
0
0
0
0
0
0
0
0
0
0
0
0
0
0
0
0
0
0
0
0
0
0
0
0
0
0
0
0
0
0
0
0
0
0
0
0
0
0
0
0
0
0
0
0
0
0
0
0
0
-3.0227
12.839
0
0
0
0
0
0
0
0
0
0
0
0
0
0
0
0
0
0
0
0
0
0
0
0
0
0
0
0
0
0
0
0
0
0
0
0
-4.1622
0
0
0
0
0
-2.9338
0
0
0
0
0
0
0
0
0
0
0
0
0
0
0
0
0
0
0
0
0
0
0
0
0
0
0
0
0
0
0
0
0
0
0
0
0
0
0
0
0
0
0
0
0
0
0
0
0
0
0
0
0
0
0
0
0
0
0
0
0
0
0
0
-3.1739
0
0
0
0
0
0
0
14.5922
0
0
0
0
0
-3.8635
0
0
0
0
0
0
0
0
0
0
0
0
0
0
0
0
0
0
0
0
0
-4.6211
0
0
0
0
0
0
0
0
0
0
0
0
0
0
0
0
0
0
0
0
0
0
0
0
0
0
-2.4025
0
0
0
0
0
0
0
0
0
0
0
0
0
0
0
0
0
0
0
0
0
0
0
0
0
0
0
0
0
0
0
0
0
0
0
0
0
0
0
0
0
0
0
0
0
0
0
0
0
0
0
0
0
0
0
0
0
0
0
0
14.5646
-3.9737
0
0
0
0
0
0
0
0
0
0
0
0
0
0
0
-4.2387
0
0
0
0
0
-3.9497
0
0
0
0
0
0
0
0
0
0
0
0
0
0
0
0
0
0
0
0
0
0
0
0
0
0
0
0
0
0
0
0
0
0
0
0
0
0
0
0
0
0
0
0
0
0
0
0
0
0
0
0
0
0
0
0
0
0
0
0
0
0
0
0
0
0
0
0
0
0
0
0
0
0
0
0
0
0
0
0
0
0
0
0
0
0
0
0
0
0
0
-3.9737
13.3261
0
0
0
0
0
-4.3077
0
0
0
0
0
0
0
0
0
0
-5.0446
0
0
0
0
0
0
0
0
0
0
0
0
0
0
0
0
0
0
0
0
0
0
0
0
-4.4078
0
0
0
0
0
0
0
0
0
0
0
0
-4.3143
0
0
0
0
0
0
0
0
0
0
0
0
0
0
0
0
0
0
0
0
0
0
0
0
0
0
0
0
0
0
0
0
0
0
0
0
0
0
0
0
0
0
0
0
0
0
0
0
-3.7878
0
0
0
0
0
0
0
0
0
0
0
12.5098
0
0
0
0
0
0
0
0
0
0
0
0
0
0
0
0
0
0
0
0
0
0
0
0
0
0
0
0
0
0
0
0
0
0
0
0
0
0
0
0
0
0
0
0
0
0
0
0
0
-4.1604
0
0
0
0
0
-4.1479
0
0
0
0
0
0
0
0
0
0
0
0
0
0
0
0
0
0
0
0
0
0
0
0
0
0
0
0
0
0
0
0
0
0
0
0
0
0
0
0
0
0
0
0
0
0
0
0
0
-3.0643
0
0
0
0
0
0
0
0
0
11.3727
0
0
0
0
0
0
0
0
0
0
0
0
0
0
0
0
0
0
0
0
0
0
0
0
0
0
0
0
0
0
0
0
0
0
0
0
0
0
0
0
0
0
0
0
0
0
0
0
0
0
0
0
0
0
0
0
0
0
0
0
0
0
0
0
0
0
0
0
0
0
0
0
0
-4.2087
0
0
0
0
0
0
0
0
0
0
0
0
0
-3.9527
0
0
0
0
0
0
0
0
0
0
0
0
0
0
0
0
0
0
0
0
0
0
0
0
0
0
0
12.5269
0
0
0
0
0
0
-4.3655
0
0
0
0
0
0
0
0
0
0
0
0
0
0
0
0
0
0
0
0
0
0
0
0
0
0
0
0
0
0
0
0
-4.2676
0
0
0
0
0
0
0
0
0
0
0
0
0
0
0
0
0
0
0
0
0
0
0
0
0
0
0
0
0
0
0
0
0
0
0
0
0
0
0
0
0
0
0
0
0
0
0
0
0
0
0
0
0
0
0
0
0
0
0
0
0
-3.668
0
0
0
0
0
0
0
-3.8635
0
0
0
0
0
11.7991
0
0
0
0
0
0
0
0
0
0
0
0
0
0
0
0
0
0
0
0
0
0
0
0
0
0
0
0
0
0
0
0
0
0
0
0
0
0
0
0
0
0
0
0
0
0
0
0
0
0
0
0
0
0
0
0
0
0
0
0
0
0
0
0
0
0
0
0
0
0
0
0
0
0
0
0
0
0
-4.2317
0
0
0
0
0
0
0
0
0
0
0
0
0
0
0
0
0
-3.7256
-3.5886
0
0
0
0
0
0
0
0
0
0
0
0
0
0
0
0
0
11.546
0
0
0
0
0
0
0
0
0
0
0
0
0
0
0
0
0
0
0
0
0
0
0
0
0
0
0
0
0
0
0
0
0
0
0
0
0
0
0
0
0
0
0
0
0
0
0
0
0
0
0
0
0
0
0
0
0
0
0
0
0
0
0
0
0
0
0
0
0
0
0
0
0
0
0
0
0
0
0
0
0
0
0
-3.5442
0
0
0
0
0
0
0
0
0
0
0
0
0
-3.903
0
0
0
0
0
0
0
0
0
0
0
-4.3077
0
0
0
0
0
11.755
0
0
0
0
0
0
0
0
0
0
0
0
0
0
0
0
0
0
0
0
0
0
0
0
0
0
0
0
0
0
0
0
0
0
0
0
0
0
0
0
0
0
0
0
0
0
0
0
0
0
0
0
0
0
0
0
0
0
0
0
0
0
0
0
0
0
0
0
0
-4.2511
0
0
0
0
0
0
0
0
0
0
0
0
0
0
0
-3.7067
0
0
0
0
0
0
0
0
0
0
0
-3.9524
0
0
0
0
0
0
0
0
0
0
0
0
0
0
0
0
0
11.9101
0
0
0
0
0
0
0
0
0
0
0
0
0
0
0
0
0
0
0
0
0
0
0
0
0
0
0
0
0
0
0
0
0
0
0
0
0
-3.5262
-3.5262
0
0
0
0
0
0
0
0
0
0
0
0
0
0
0
0
0
0
0
0
0
0
0
0
0
0
0
0
0
0
0
0
0
0
0
0
0
0
0
0
0
0
0
0
0
0
0
0
0
0
0
0
0
0
0
0
0
0
0
0
0
0
0
0
0
0
0
0
0
0
0
0
0
0
0
0
11.4037
0
0
0
0
0
0
0
0
0
0
0
0
0
0
0
0
0
0
0
0
0
0
-4.3514
0
0
0
0
0
0
0
0
0
0
0
0
0
0
0
0
0
0
0
0
0
0
0
0
0
0
0
0
0
0
0
0
0
0
0
0
0
0
0
0
0
0
0
0
0
0
0
0
0
0
0
0
0
0
0
0
0
0
0
0
0
0
0
0
0
0
0
0
0
0
0
0
0
0
0
0
-3.7175
0
-4.0202
0
0
0
0
0
0
0
0
0
0
0
0
0
13.168
0
0
0
0
0
0
0
0
0
0
0
0
-5.4303
0
0
0
0
0
0
0
0
0
0
0
0
0
0
0
0
0
0
0
0
0
0
0
0
0
0
0
0
0
0
0
0
0
0
0
0
0
0
0
0
0
0
-3.5324
0
0
0
0
0
0
0
0
0
0
0
0
0
0
0
0
0
0
0
0
0
0
0
0
0
0
0
0
0
0
0
0
0
0
0
0
0
0
0
0
0
0
0
0
0
0
0
0
0
0
0
0
-4.3655
0
0
0
0
0
0
13.013
0
0
0
0
0
0
0
0
0
0
0
0
0
0
0
0
0
0
0
0
0
0
-5.1152
0
0
0
0
0
0
0
0
0
0
0
0
0
0
0
0
0
0
0
0
0
0
0
0
0
0
0
0
0
0
0
0
0
0
0
0
0
0
0
0
0
0
0
0
0
0
0
0
0
0
0
0
0
0
-2.0551
0
0
0
0
0
0
0
0
0
0
0
0
0
0
0
0
0
-2.1499
0
0
0
0
0
0
0
0
0
0
0
0
0
0
0
0
0
0
0
9.7366
0
0
0
0
0
0
0
0
0
0
0
0
0
0
0
0
0
0
0
0
0
0
0
0
0
-5.5316
0
0
0
-5.082
0
0
0
0
0
0
0
0
0
0
0
0
0
0
0
0
0
0
0
0
0
0
0
0
0
0
0
0
0
0
0
0
0
0
0
0
0
0
0
0
0
0
0
-4.7685
0
0
0
0
0
0
0
0
0
-4.0547
0
0
0
0
0
0
0
0
0
0
0
0
0
0
0
0
0
0
0
0
0
0
0
0
0
0
0
0
0
0
0
13.9051
0
0
0
0
0
0
0
0
0
0
0
0
0
0
0
0
0
0
0
0
0
0
0
0
0
0
0
0
0
0
0
0
0
0
0
0
0
0
0
0
0
0
0
-4.5195
0
0
0
0
0
0
0
0
0
0
0
0
0
0
0
0
0
0
0
0
0
0
0
0
0
0
0
0
-4.455
0
0
0
0
0
0
0
0
0
0
0
0
0
0
-3.9544
0
0
0
0
0
0
0
0
0
0
0
0
0
0
0
0
0
0
0
0
0
0
0
0
0
0
0
12.9289
0
0
0
0
0
0
0
0
0
0
0
0
0
0
0
0
0
0
0
0
0
0
0
0
0
0
0
0
0
0
0
0
0
0
0
0
0
0
0
0
0
0
0
0
0
0
0
0
0
0
0
0
0
0
0
0
0
0
0
0
0
0
0
0
-3.5491
0
0
0
0
0
0
0
0
0
0
0
0
0
0
0
0
-3.4885
0
0
0
0
0
0
0
0
0
0
0
0
0
0
0
0
0
0
0
0
0
0
0
0
0
0
0
0
0
0
0
0
0
7.0376
0
0
0
0
0
0
0
0
0
0
0
0
0
0
0
0
0
0
0
0
0
0
0
0
0
-4.9763
0
0
0
0
0
0
0
0
0
0
0
0
0
0
0
0
0
0
0
0
0
0
0
0
0
0
0
0
0
0
0
0
0
0
0
0
0
0
0
0
0
0
0
0
0
0
0
0
0
0
0
0
0
0
0
0
0
0
0
-4.3456
0
0
0
0
0
0
0
0
0
0
0
0
0
0
0
0
0
0
0
0
0
0
0
0
0
0
0
0
0
9.322
0
0
0
0
0
0
0
0
0
0
0
0
0
0
0
0
0
0
0
0
0
0
0
0
0
0
0
0
0
0
0
0
0
0
0
0
0
0
0
0
0
0
0
0
0
-3.2451
0
0
0
0
0
0
0
0
0
0
0
0
0
0
0
0
0
0
0
0
0
0
0
0
0
0
0
0
0
0
0
0
0
0
0
0
0
0
0
0
0
0
0
0
0
0
0
0
0
0
0
0
-4.2387
0
0
0
0
0
0
0
0
0
0
0
0
0
0
0
0
7.4838
0
0
0
0
0
0
0
0
0
0
0
0
0
0
0
0
0
0
0
0
0
0
0
0
0
0
0
0
0
0
0
0
0
0
0
0
0
0
0
0
0
0
0
0
0
0
0
0
0
0
0
0
0
0
0
0
0
0
0
0
0
0
0
0
0
0
0
0
0
0
0
0
0
0
0
0
0
0
0
0
0
0
0
0
0
0
0
0
0
0
0
0
0
0
-4.4327
0
0
0
-5.0446
0
0
0
0
0
0
0
0
0
0
0
0
0
0
0
0
9.4773
0
0
0
0
0
0
0
0
0
0
0
0
0
0
0
0
0
0
0
0
0
0
0
0
0
0
0
0
0
0
0
0
0
0
0
0
0
0
0
0
0
0
-4.8482
0
0
0
0
0
0
0
0
-4.7519
0
0
0
0
0
0
0
0
0
0
0
0
0
0
0
0
0
0
0
0
0
0
0
0
0
0
0
0
0
0
0
0
0
0
0
0
0
0
0
0
0
0
0
0
0
0
0
0
0
0
0
0
0
0
0
0
0
0
0
0
0
0
0
9.6002
0
0
0
0
0
0
0
0
0
0
0
0
0
0
0
0
0
0
0
0
0
0
0
0
0
0
0
0
0
0
0
0
0
0
-5.0687
0
0
0
0
0
0
-4.9283
0
0
0
0
0
0
0
0
0
0
0
0
0
0
0
0
0
0
0
0
0
0
0
0
0
0
0
0
0
0
0
0
0
0
0
0
0
0
0
0
0
0
0
0
0
0
0
0
0
0
0
0
0
0
0
0
0
0
0
0
0
0
0
0
0
0
0
0
0
0
0
0
0
9.997
0
0
0
0
0
0
0
0
0
0
0
0
0
0
0
0
0
0
0
0
-5.6091
0
0
0
0
0
0
0
0
0
0
0
0
0
0
0
0
0
0
0
0
0
0
-5.3297
0
0
0
0
0
0
0
0
0
0
0
0
0
0
0
0
0
0
0
0
0
0
0
0
0
0
0
0
0
0
0
0
0
0
0
0
0
0
0
0
0
0
0
0
0
0
0
0
0
0
0
0
0
0
0
0
0
0
0
0
0
0
0
0
0
0
0
0
0
0
0
10.9387
0
0
0
0
0
0
0
0
0
0
0
0
0
0
0
0
0
0
0
0
0
0
0
0
0
0
0
0
0
0
0
0
0
0
0
0
0
0
0
0
0
0
0
0
0
0
0
0
0
0
0
0
0
0
0
0
0
0
0
0
0
0
0
0
0
0
0
0
0
0
0
0
0
0
0
0
0
0
0
0
0
0
0
-4.6076
0
0
0
0
-4.1246
0
0
0
0
0
0
0
0
0
0
0
0
0
0
0
0
0
0
0
0
0
0
0
0
0
0
8.7322
0
0
0
0
0
0
0
0
0
0
0
0
0
0
0
0
0
0
0
0
0
0
0
0
0
0
0
0
0
0
0
0
0
0
0
0
0
0
0
0
0
0
0
0
0
0
0
0
0
0
0
0
0
0
0
0
0
0
0
0
0
0
0
0
0
0
0
0
0
0
0
0
0
0
0
0
0
0
0
0
0
0
0
0
0
0
0
0
0
0
0
0
-3.9497
0
0
0
0
0
0
0
0
0
-5.4303
0
0
0
0
0
0
0
0
0
0
0
0
9.38
0
0
0
0
0
0
0
0
0
0
0
0
0
0
0
0
0
0
0
0
0
0
0
0
0
0
0
0
0
0
0
0
0
0
0
0
0
0
0
0
0
0
0
0
0
0
0
0
0
0
0
0
0
0
0
0
0
0
0
0
0
0
-4.0434
0
0
0
0
0
0
0
0
0
0
0
-3.9591
0
0
0
0
0
0
0
0
0
0
0
0
0
0
0
0
0
0
0
0
0
0
0
0
0
0
0
0
0
0
0
0
0
0
0
0
0
0
0
0
8.0025
0
0
0
0
0
0
0
0
0
0
0
0
0
0
0
0
0
0
0
0
0
0
0
0
0
-4.0542
0
0
0
0
0
0
0
0
0
0
0
0
0
0
0
0
0
0
0
0
0
0
0
0
0
0
0
0
0
0
0
0
0
0
0
0
0
0
0
0
0
0
0
0
0
-3.7067
0
0
0
0
0
0
0
0
0
0
0
0
0
0
0
0
0
0
0
0
0
0
0
0
0
0
0
0
0
0
0
0
0
0
0
0
0
0
0
0
0
0
0
7.761
0
0
0
0
0
0
0
0
0
0
0
0
0
0
0
0
0
0
0
0
0
0
0
0
0
0
0
0
0
0
0
0
0
0
0
0
0
0
0
0
0
0
0
0
0
0
0
0
0
0
0
0
0
0
0
0
0
0
0
0
0
0
-3.6319
0
0
0
0
0
0
0
0
0
0
0
0
0
0
0
-3.941
0
0
0
0
0
0
0
0
0
0
0
0
0
0
0
0
0
0
0
0
0
0
0
0
0
0
0
0
0
0
0
0
0
0
0
0
7.5729
0
0
0
0
0
0
0
0
0
0
0
0
0
0
0
0
-5.288
0
0
0
0
0
0
0
0
0
0
0
0
0
0
0
0
0
0
0
0
0
0
0
0
0
0
0
0
0
0
0
0
0
0
0
0
0
0
0
0
0
0
0
0
0
0
0
0
0
0
0
0
0
0
0
0
0
0
0
0
0
0
0
0
0
0
0
0
0
0
-4.6211
0
0
0
0
0
0
0
0
0
0
0
0
0
0
0
0
0
0
0
0
0
0
0
0
0
0
0
9.9091
0
0
0
0
0
0
0
0
0
0
0
0
0
0
0
0
0
0
0
0
0
0
0
0
0
0
0
0
0
0
0
0
0
0
0
0
0
0
0
0
0
0
0
0
0
0
0
0
0
0
0
0
0
0
0
0
0
0
0
0
0
0
0
0
0
0
0
0
0
0
0
0
0
0
0
0
0
0
0
0
0
0
0
0
0
0
0
0
0
0
0
0
0
0
0
0
0
0
0
0
0
0
0
0
0
0
0
0
0
0
0
0
0
0
0
8.9417
0
-5.2114
0
0
0
0
-3.7304
0
0
0
0
0
0
0
0
0
0
0
0
0
0
0
0
0
0
0
0
0
0
0
0
0
0
0
0
0
0
0
0
0
0
0
0
-4.5081
0
0
-4.6085
0
0
0
0
0
0
0
0
0
0
0
0
0
0
0
0
0
0
0
0
0
0
0
0
0
0
0
0
0
0
0
0
0
0
0
0
0
0
0
0
0
0
0
0
0
0
0
0
0
0
0
0
0
0
0
0
0
0
0
0
0
0
0
0
0
0
0
0
9.1166
0
0
0
0
0
0
0
0
0
0
0
0
0
0
0
0
0
0
0
0
0
0
0
0
0
0
0
0
0
0
0
0
0
0
0
0
0
0
0
0
0
0
0
0
0
0
0
0
0
0
0
0
0
0
0
0
0
0
0
-0.83117
0
0
0
0
0
0
0
0
0
0
0
0
0
0
0
0
0
0
0
0
0
0
0
0
0
0
0
0
0
0
0
0
0
0
0
0
0
0
0
0
0
0
0
0
0
0
0
0
0
0
0
0
0
-5.2114
0
6.0425
0
0
0
0
0
0
0
0
0
0
0
0
0
0
0
0
0
0
0
0
0
0
0
-4.3325
0
0
0
0
0
0
0
0
0
0
0
0
0
0
0
0
0
0
0
0
0
0
0
0
0
0
0
0
0
0
0
0
0
0
0
0
0
0
0
0
0
0
0
0
0
0
0
0
0
0
0
0
0
0
0
-4.2143
0
0
0
0
0
0
0
0
0
0
0
0
0
0
0
0
0
0
0
0
0
0
0
0
0
0
0
0
0
0
0
0
0
0
0
8.5468
0
0
0
0
0
0
0
0
0
0
0
0
0
0
0
0
0
0
0
0
0
0
0
0
0
0
0
0
0
0
0
0
0
0
0
0
0
0
0
0
0
0
0
0
0
0
0
0
0
0
0
0
0
0
0
0
0
0
0
0
0
0
0
0
0
0
0
0
0
0
0
0
-4.0394
0
0
0
0
0
0
0
0
0
0
0
0
0
0
0
0
0
0
0
-4.3514
0
0
0
0
0
0
0
0
0
0
0
0
0
0
0
0
0
0
0
0
0
0
8.3907
0
0
0
0
0
0
0
0
0
0
0
0
-4.8292
0
0
0
0
0
0
0
0
0
0
0
0
0
0
0
0
0
0
0
0
0
0
0
0
0
0
0
0
0
0
0
0
0
0
0
0
0
0
0
0
0
0
0
0
0
0
-4.0146
0
0
0
0
0
0
0
0
0
0
0
0
0
0
0
0
0
0
0
0
0
0
0
0
0
0
0
0
0
0
0
0
0
0
0
0
0
0
0
0
0
0
0
0
0
0
0
0
0
0
0
0
0
0
0
8.8438
0
0
0
0
0
0
0
0
0
0
0
0
0
0
0
0
0
0
0
0
0
0
0
0
0
0
0
0
0
0
0
0
0
0
0
0
0
0
0
0
0
0
0
0
-4.7373
0
0
0
0
0
0
0
0
0
0
0
0
0
0
0
0
0
0
0
0
0
0
0
0
0
0
0
0
0
0
0
0
0
0
0
0
0
0
0
0
0
0
0
0
0
0
0
-5.1152
0
0
0
0
0
0
0
0
0
0
0
0
0
0
0
0
0
0
0
0
0
0
9.8524
0
0
0
0
0
0
0
0
0
0
0
0
0
0
0
0
0
0
0
0
0
0
0
0
0
0
0
0
0
0
0
0
0
0
0
0
0
0
0
0
0
0
0
0
0
0
0
0
0
0
0
0
0
0
0
0
0
0
0
0
0
0
0
0
0
0
0
0
0
0
0
0
0
0
0
0
0
0
-4.1622
0
0
0
0
0
0
0
0
0
0
0
0
0
0
0
0
0
0
0
0
0
0
0
0
0
0
0
0
0
-3.7304
0
0
0
0
0
0
7.8926
0
0
0
0
0
0
0
0
0
0
0
0
0
0
0
0
0
0
0
0
0
0
0
0
0
0
0
0
0
0
0
0
0
0
0
0
0
0
0
0
0
0
0
0
0
0
0
0
0
0
0
0
0
0
0
0
0
0
0
0
0
0
0
0
0
0
0
0
0
0
0
0
-3.0296
0
0
0
0
0
0
0
0
0
0
0
0
0
0
0
0
0
0
0
0
0
0
0
0
0
0
0
0
0
0
0
0
0
0
0
0
0
0
0
0
0
0
3.0296
0
0
0
0
0
0
0
0
0
0
0
0
0
0
0
0
0
0
0
0
0
0
0
0
0
0
0
0
0
0
0
0
0
0
0
0
0
0
0
0
-3.0357
0
0
0
0
0
0
0
0
0
0
0
0
0
0
0
0
0
0
0
0
0
0
0
0
0
0
0
0
0
0
0
0
0
0
0
0
0
0
0
0
0
0
0
0
0
0
0
0
0
0
0
0
0
0
0
0
0
0
0
0
0
0
0
0
0
0
0
0
0
0
0
0
0
0
3.0357
0
0
0
0
0
0
0
0
0
0
0
0
0
0
0
0
0
0
0
0
0
0
0
0
0
0
0
0
0
0
0
0
0
0
0
0
0
0
0
0
0
0
0
0
0
0
0
0
0
0
0
0
0
0
0
0
0
0
0
0
0
0
0
0
0
0
0
0
0
0
0
0
0
0
0
0
0
0
0
0
0
0
0
0
0
0
0
0
0
-5.5316
0
0
0
0
0
0
0
0
0
0
0
0
0
0
0
0
0
0
0
0
0
0
0
0
0
5.5316
0
0
0
-5.4519
0
0
0
0
0
0
0
0
0
0
0
0
0
0
0
0
0
0
0
0
0
0
0
0
0
0
0
0
0
0
0
0
0
0
0
0
0
0
0
0
0
0
0
0
0
0
0
0
0
0
0
0
0
0
0
0
0
0
0
0
0
0
0
0
0
0
0
0
0
0
0
0
0
0
0
0
0
0
0
0
0
0
0
0
0
0
0
0
0
0
0
0
0
0
0
0
0
0
0
0
0
0
0
0
0
0
0
0
0
0
0
5.4519
0
0
0
0
0
0
0
0
0
0
0
0
0
0
0
0
0
0
0
0
0
0
0
0
0
0
0
0
0
0
0
0
0
0
0
-3.4999
0
0
0
0
0
0
0
0
0
0
0
0
0
0
0
0
0
0
0
0
0
0
0
0
0
0
0
0
0
0
0
0
0
0
0
0
0
0
0
0
0
0
0
0
0
0
0
0
0
0
0
0
0
0
0
0
0
0
0
0
0
0
0
0
0
0
0
0
0
0
0
0
0
0
0
0
0
0
0
3.4999
