1
1.0689
1.1221
1.1434
1.1735
1.1917
1.2223
1.2494
1.2719
1.2915
1.3091
1.3261
1.3426
1.3588
1.3746
1.3902
1.4056
1.4204
1.4347
1.4481
1.4604
1.4717
1.482
1.4917
1.5007
1.5092
1.5172
1.5248
1.532
1.539
1.5458
1.5524
1.5589
1.5654
1.5718
1.5782
1.5845
1.5907
1.5969
1.603
1.609
1.615
1.6209
1.6268
1.6326
1.6385
1.6443
1.6501
1.656
1.6619
1.6679
1.6738
1.6798
1.6859
1.6919
1.6978
1.7037
1.7094
1.7148
1.72
1.7249
1.7296
1.7341
1.7384
1.7426
1.7468
1.751
1.7552
1.7595
1.7639
1.7683
1.7728
1.7773
1.7818
1.7864
1.791
1.7955
1.8001
1.8048
1.8095
1.8142
1.819
1.8239
1.8288
1.8338
1.8388
1.8438
1.8487
1.8537
1.8586
1.8634
1.8681
1.8728
1.8774
1.8818
1.8862
1.8904
1.8945
1.8985
1.9024
1.9061
1.9098
1.9135
1.917
1.9206
1.9241
1.9275
1.931
1.9345
1.938
1.9416
1.9451
1.9487
1.9523
1.9559
1.9595
1.9632
1.9668
1.9705
1.9743
1.9781
1.9819
1.9858
1.9897
1.9936
1.9976
2.0015
2.0055
2.0094
2.0132
2.0171
2.0208
2.0246
2.0283
2.0319
2.0355
2.039
2.0424
2.0458
2.049
2.0522
2.0553
2.0584
2.0613
2.0642
2.067
2.0698
2.0726
2.0753
