1
0.96301
0.95233
0.94314
0.93889
0.93505
0.93242
0.92695
0.92172
0.91677
0.91201
0.90743
0.90302
0.89877
0.89467
0.89068
0.8868
0.88303
0.87935
0.87577
0.8723
0.86893
0.86566
0.86249
0.8594
0.85637
0.85341
0.85052
0.84771
0.84498
0.84233
0.83975
0.83725
0.83481
0.83243
0.83011
0.82786
0.82567
0.82354
0.82145
0.81939
0.81736
0.81534
0.81334
0.81137
0.80943
0.80755
0.80573
0.80397
0.80229
0.80066
0.7991
0.79759
0.79613
0.79472
0.79336
0.79205
0.79079
0.78958
0.78841
0.78725
0.78606
0.78483
0.78353
0.78215
0.7807
0.77917
0.77759
0.77597
0.77432
0.77266
0.77099
0.76933
0.76768
0.76604
0.76441
0.76279
0.76118
0.75957
0.75796
0.75636
0.75476
0.75316
0.75158
0.75001
0.74846
0.74695
0.74547
0.74403
0.74263
0.74127
0.73995
0.73867
0.73742
0.73619
0.735
0.73385
0.73273
0.73165
0.73062
0.72962
0.72867
0.72776
0.72688
0.72605
0.72525
0.72447
0.72372
0.72299
0.72227
0.72156
0.72085
0.72015
0.71945
0.71874
0.71802
0.71729
0.71656
0.71582
0.71506
0.7143
0.71353
0.71276
0.71198
0.71119
0.71041
0.70961
0.70881
0.70799
0.70716
0.70632
0.70547
0.7046
0.70371
0.70282
0.7019
0.70098
0.70004
