1
1.0732
1.1313
1.1552
1.1873
1.2212
1.2576
1.2899
1.3182
1.3442
1.368
1.3905
1.4122
1.4334
1.4544
1.4752
1.4958
1.5161
1.5361
1.5558
1.575
1.5938
1.6122
1.6302
1.6477
1.6648
1.6814
1.6977
1.7136
1.729
1.744
1.7584
1.7723
1.7857
1.7984
1.8105
1.8219
1.8328
1.8432
1.8533
1.863
1.8726
1.8819
1.8912
1.9003
1.9093
1.9181
1.9269
1.9355
1.944
1.9523
1.9605
1.9684
1.9761
1.9837
1.9909
1.9979
2.0047
2.0112
2.0174
2.0233
2.0289
2.0343
2.0394
2.0443
2.0489
2.0534
2.0578
2.062
2.0662
2.0703
2.0744
2.0785
2.0826
2.0868
2.0911
2.0954
2.0999
2.1044
2.1089
2.1135
2.1182
2.123
2.1278
2.1326
2.1375
2.1424
2.1473
2.1522
2.1571
2.1621
2.167
2.1719
2.1768
2.1817
2.1865
2.1914
2.1962
2.2011
2.2059
2.2107
2.2155
2.2203
2.225
2.2298
2.2345
2.2393
2.244
2.2487
2.2534
2.258
2.2627
2.2673
2.2718
2.2764
2.2808
2.2853
2.2896
2.294
2.2982
2.3024
2.3066
2.3107
2.3147
2.3186
2.3225
2.3263
2.3301
2.3338
2.3374
2.3409
2.3444
2.3478
2.3511
2.3543
2.3575
2.3606
2.3637
2.3666
2.3696
2.3724
2.3753
2.378
2.3807
2.3834
2.386
2.3886
2.3912
2.3937
2.3961
2.3985
2.4009
2.4033
2.4056
2.4079
2.4101
2.4123
2.4145
2.4166
2.4187
2.4207
2.4227
2.4247
2.4266
2.4285
2.4304
2.4323
2.4341
2.4359
2.4376
2.4394
2.4411
2.4428
2.4444
2.4461
2.4477
2.4494
2.451
2.4526
2.4542
2.4558
2.4574
2.459
2.4606
2.4621
2.4637
2.4654
2.467
2.4686
2.4702
2.4718
2.4735
2.4752
2.4768
2.4785
2.4802
2.4819
2.4836
2.4853
2.487
2.4888
2.4905
2.4923
2.494
2.4958
2.4975
2.4993
2.5011
2.5028
2.5046
2.5064
2.5081
2.5098
2.5115
2.5132
2.5149
2.5166
2.5182
2.5199
2.5215
2.5231
2.5246
2.5262
2.5277
2.5292
2.5308
2.5322
2.5337
2.5352
2.5366
2.5381
2.5395
2.5409
2.5423
2.5437
2.5451
2.5465
2.5479
2.5493
2.5506
2.552
2.5534
2.5547
2.5561
2.5574
2.5588
2.5601
2.5615
2.5628
2.5641
2.5655
2.5668
2.5682
2.5695
2.5709
2.5722
2.5735
2.5749
2.5762
2.5776
2.5789
2.5803
2.5816
2.583
2.5843
2.5857
2.587
2.5884
2.5898
2.5911
2.5925
2.5938
2.5952
2.5966
2.5979
2.5993
2.6006
2.602
2.6033
2.6047
2.606
2.6074
2.6088
2.6101
2.6114
2.6128
2.6141
2.6155
2.6168
2.6181
2.6195
2.6208
2.6221
2.6234
2.6247
2.6261
2.6274
2.6287
2.6299
2.6312
2.6325
2.6338
2.6351
2.6363
2.6376
2.6389
2.6401
2.6414
2.6426
2.6438
2.6451
2.6463
2.6475
2.6487
2.6499
2.6511
2.6523
2.6535
2.6547
2.6559
2.6571
2.6583
2.6594
2.6606
2.6618
2.6629
2.6641
2.6652
2.6664
2.6675
2.6686
2.6698
2.6709
2.672
2.6732
2.6743
2.6754
2.6765
2.6776
2.6787
2.6798
2.6809
2.682
2.6831
2.6842
2.6853
2.6864
2.6875
2.6886
2.6897
2.6908
2.6918
2.6929
2.694
2.6951
2.6961
2.6972
2.6982
2.6993
2.7004
2.7014
2.7024
2.7035
2.7045
2.7056
2.7066
2.7076
2.7086
2.7097
2.7107
2.7117
2.7127
2.7137
2.7147
2.7157
2.7167
2.7177
2.7186
2.7196
2.7206
2.7215
2.7225
2.7234
2.7244
2.7253
2.7263
2.7272
2.7281
2.729
2.73
2.7309
2.7318
2.7327
2.7336
2.7344
2.7353
2.7362
2.7371
2.7379
2.7388
2.7397
2.7405
2.7414
2.7422
2.743
2.7439
2.7447
2.7455
2.7463
2.7471
2.748
2.7488
2.7495
2.7503
2.7511
2.7519
2.7527
2.7534
2.7542
2.755
2.7557
2.7564
2.7572
2.7579
2.7586
2.7594
2.7601
2.7608
2.7615
2.7622
2.7629
2.7636
2.7642
2.7649
2.7656
2.7662
2.7669
2.7675
2.7681
2.7688
2.7694
2.77
2.7706
2.7712
2.7718
2.7724
2.773
2.7736
2.7741
2.7747
2.7753
2.7758
2.7764
2.7769
2.7774
2.7779
2.7785
2.779
2.7795
2.78
2.7805
2.7809
2.7814
2.7819
2.7823
2.7828
2.7833
2.7837
2.7841
2.7846
2.785
2.7854
2.7858
2.7863
2.7867
2.7871
2.7875
2.7878
2.7882
2.7886
2.789
2.7893
2.7897
2.7901
2.7904
2.7908
2.7911
2.7914
2.7918
2.7921
2.7924
2.7927
2.793
2.7933
2.7936
2.7939
2.7942
2.7945
2.7948
2.7951
2.7954
2.7956
2.7959
2.7961
2.7964
2.7967
2.7969
2.7972
2.7974
2.7976
2.7979
2.7981
2.7983
2.7985
2.7987
2.799
2.7992
2.7994
2.7996
2.7998
2.8
2.8002
2.8003
2.8005
2.8007
2.8009
2.8011
2.8012
2.8014
2.8016
2.8017
2.8019
2.802
2.8022
2.8023
2.8025
2.8026
2.8027
2.8029
2.803
2.8031
2.8032
2.8034
2.8035
2.8036
2.8037
2.8038
2.8039
2.804
2.8041
2.8042
2.8043
2.8044
2.8045
2.8046
2.8047
2.8047
2.8048
2.8049
2.805
2.805
2.8051
2.8052
2.8052
2.8053
2.8054
2.8054
2.8055
2.8055
2.8056
2.8056
2.8057
2.8057
2.8058
2.8058
2.8058
2.8059
2.8059
2.8059
2.806
2.806
2.806
2.806
2.8061
2.8061
2.8061
2.8061
2.8061
2.8061
2.8061
2.8061
2.8062
2.8062
2.8062
2.8062
2.8062
2.8062
2.8062
2.8062
2.8062
2.8061
2.8061
2.8061
2.8061
2.8061
2.8061
2.8061
2.806
2.806
2.806
2.806
2.806
2.8059
2.8059
2.8059
2.8058
2.8058
2.8058
2.8057
2.8057
2.8057
2.8056
2.8056
2.8056
2.8055
2.8055
2.8054
2.8054
2.8053
2.8053
2.8052
2.8052
2.8051
2.8051
2.805
2.805
2.8049
2.8049
2.8048
2.8047
2.8047
2.8046
2.8045
2.8045
2.8044
2.8044
2.8043
2.8042
2.8042
2.8041
2.804
2.8039
2.8039
2.8038
2.8037
2.8037
2.8036
2.8035
2.8034
2.8034
2.8033
2.8032
2.8031
2.8031
2.803
2.8029
2.8028
2.8027
2.8027
2.8026
2.8025
2.8024
2.8023
2.8023
2.8022
2.8021
2.802
2.8019
2.8018
2.8018
2.8017
2.8016
2.8015
2.8014
2.8013
2.8013
2.8012
2.8011
2.801
2.8009
2.8008
2.8007
2.8007
2.8006
2.8005
2.8004
2.8003
2.8002
2.8001
2.8001
2.8
2.7999
2.7998
2.7997
2.7996
2.7995
2.7994
2.7994
2.7993
2.7992
2.7991
2.799
2.7989
2.7988
2.7988
2.7987
2.7986
2.7985
2.7984
2.7983
2.7983
2.7982
2.7981
2.798
2.7979
2.7978
2.7978
2.7977
2.7976
2.7975
2.7974
2.7974
2.7973
2.7972
2.7971
2.7971
2.797
2.7969
2.7968
2.7968
2.7967
2.7966
2.7966
2.7965
2.7964
2.7963
2.7963
2.7962
2.7962
2.7961
2.796
