1
0.97826
0.96601
0.95873
0.95433
0.9483
0.94381
0.94033
0.93711
0.93395
0.93077
0.92764
0.92462
0.92175
0.91907
0.9166
0.91433
0.91229
0.91046
0.90886
0.90748
0.90633
0.9054
0.90468
0.90416
0.90384
0.90371
0.90375
0.90394
0.90427
0.90473
0.9053
0.90595
0.90669
0.90749
0.90834
0.90922
0.91012
0.91101
0.91186
0.91266
0.91338
0.91401
0.91453
0.91494
0.91523
0.91542
0.9155
0.91549
0.91541
0.91528
0.91513
0.91498
0.91486
0.9148
0.91483
0.91495
0.91518
0.91553
0.916
0.91656
0.9172
0.91789
0.9186
0.91929
0.91994
0.9205
0.92097
0.92134
0.9216
0.92177
0.92185
0.92187
0.92183
0.92175
0.92165
0.92152
0.92138
0.92123
0.92107
0.9209
0.92071
0.92052
0.92031
0.92009
0.91986
0.91962
0.91936
0.91909
0.91882
0.91853
0.91823
0.91793
0.91762
0.91731
0.91699
0.91666
0.91634
0.91602
0.9157
0.91538
0.91507
0.91477
0.91447
0.91417
0.91388
0.9136
0.91332
0.91305
0.91277
0.91249
0.9122
0.91191
0.91161
0.91129
0.91096
0.91062
0.91026
0.90989
0.90951
0.90912
0.90874
0.90835
0.90798
0.90762
0.90728
0.90697
0.90668
0.90642
0.90618
0.90595
0.90571
0.90545
0.90517
0.90486
0.90451
0.90411
0.90369
0.90322
0.90272
0.9022
0.90165
0.90108
0.90049
0.89989
0.89928
0.89866
0.89804
0.89741
0.89678
0.89615
0.89553
0.89491
0.8943
0.89369
0.89309
0.8925
0.89191
0.89133
0.89075
0.89016
0.88958
0.889
0.88842
0.88784
0.88724
0.88665
0.88604
0.88543
0.8848
0.88416
0.88351
0.88285
0.88217
0.88147
0.88076
0.88003
0.87927
0.8785
0.8777
0.87688
0.87604
0.87518
0.87429
0.87338
0.87245
0.8715
0.87052
0.86954
0.86853
0.86752
0.86649
0.86546
0.86444
0.86341
0.86239
0.86137
0.86037
0.85939
0.85841
0.85746
0.85652
0.8556
0.8547
0.85382
0.85295
0.85211
0.85127
0.85046
0.84966
0.84888
0.84811
0.84735
0.8466
0.84587
0.84514
0.84443
0.84373
0.84304
0.84235
0.84168
0.84101
0.84036
0.83971
0.83907
0.83843
0.83781
0.83719
0.83658
0.83598
0.83538
0.8348
0.83422
0.83364
0.83308
0.83251
0.83196
0.83141
0.83087
0.83033
0.8298
0.82927
0.82874
0.82823
0.82771
0.8272
0.8267
0.8262
0.82571
0.82521
0.82473
0.82424
0.82376
0.82329
0.82281
0.82234
0.82187
0.82141
0.82095
0.82049
0.82004
0.81959
0.81914
0.81869
0.81825
0.81781
0.81737
0.81694
0.81651
0.81607
0.81564
0.81522
0.81479
0.81437
0.81395
0.81353
0.81311
0.81269
0.81227
0.81186
0.81145
0.81103
0.81062
0.8102
0.80979
0.80938
0.80897
0.80855
0.80814
0.80773
0.80732
0.80691
0.80649
0.80608
0.80566
0.80525
0.80484
0.80442
0.80401
0.8036
0.80319
0.80278
0.80237
0.80196
0.80156
0.80115
0.80075
0.80036
0.79996
0.79957
0.79918
0.7988
0.79842
0.79804
0.79767
0.7973
0.79693
0.79657
0.79622
0.79586
0.79551
0.79517
0.79483
0.79449
0.79416
0.79383
0.7935
0.79318
0.79286
0.79254
0.79223
0.79192
0.79161
0.7913
0.791
0.7907
0.79041
0.79011
0.78982
0.78953
0.78924
0.78896
0.78867
0.78839
0.78811
0.78782
0.78755
0.78727
0.78699
0.78672
0.78644
0.78617
0.7859
0.78563
0.78536
0.78509
0.78482
0.78455
0.78428
0.78402
0.78375
0.78349
0.78322
0.78296
0.78269
0.78243
0.78217
0.78191
0.78164
0.78138
0.78112
0.78086
0.7806
0.78034
0.78007
0.77981
0.77955
0.77929
0.77903
0.77877
0.77851
0.77825
0.77799
0.77773
0.77747
0.77721
0.77695
0.77669
0.77643
0.77617
0.77591
0.77565
0.77539
0.77513
0.77487
0.77461
0.77435
0.77409
0.77383
0.77356
0.7733
0.77304
0.77278
0.77251
0.77225
0.77199
0.77173
0.77146
0.7712
0.77094
0.77067
0.77041
0.77015
0.76989
0.76962
0.76936
0.76909
0.76883
0.76856
0.7683
0.76804
0.76777
0.76751
0.76724
0.76698
0.76672
0.76645
0.76619
0.76593
0.76566
0.7654
0.76514
0.76487
0.76461
0.76435
0.76408
0.76382
0.76356
0.7633
0.76304
0.76278
0.76251
0.76225
0.762
0.76174
0.76148
0.76122
0.76096
0.7607
0.76044
0.76019
0.75993
0.75968
0.75942
0.75917
0.75891
0.75866
0.75841
0.75816
0.7579
0.75765
0.7574
0.75715
0.7569
0.75666
0.75641
0.75616
0.75591
0.75567
0.75542
0.75517
0.75493
0.75468
0.75444
0.75419
0.75395
0.7537
0.75346
0.75321
0.75297
0.75272
0.75248
0.75223
0.75199
0.75174
0.7515
0.75125
0.75101
0.75076
0.75052
0.75027
0.75003
0.74978
0.74953
0.74929
0.74905
0.7488
0.74855
0.74831
0.74807
0.74782
0.74758
0.74734
0.74709
0.74685
0.74661
0.74637
0.74613
0.74589
0.74565
0.74541
0.74517
0.74494
0.7447
0.74447
0.74424
0.744
0.74377
0.74354
0.74331
0.74308
0.74285
0.74263
0.7424
0.74218
0.74195
0.74173
0.74151
0.74129
0.74107
0.74086
0.74064
0.74042
0.74021
0.74
0.73978
0.73957
0.73936
0.73915
0.73894
0.73874
0.73853
0.73833
0.73812
0.73792
0.73772
0.73751
0.73731
0.73711
0.73691
0.73671
0.73652
0.73632
0.73612
0.73593
0.73573
0.73553
0.73534
0.73514
0.73495
0.73476
0.73456
0.73437
0.73417
0.73398
0.73378
0.73359
0.73339
0.7332
0.73301
0.73281
0.73262
0.73242
0.73222
0.73202
0.73183
0.73163
0.73143
0.73123
0.73103
0.73083
0.73063
0.73042
0.73022
0.73002
0.72981
0.72961
0.7294
0.72919
0.72899
0.72878
0.72857
0.72836
0.72815
0.72793
0.72772
0.72751
0.72729
0.72708
0.72686
0.72665
0.72643
0.72621
0.72599
0.72577
0.72556
0.72534
0.72512
0.7249
0.72468
0.72446
0.72424
0.72402
0.7238
0.72358
0.72336
0.72314
0.72293
0.72271
0.72249
0.72228
0.72206
0.72185
0.72164
0.72143
0.72122
0.72101
0.7208
0.7206
0.72039
0.72019
0.71999
0.71979
0.71959
0.7194
0.71921
0.71902
0.71883
0.71864
0.71846
0.71827
0.71809
0.71792
0.71774
0.71757
0.7174
0.71723
0.71706
0.7169
0.71674
0.71658
0.71642
0.71627
0.71612
0.71597
0.71582
0.71568
0.71554
0.71539
0.71526
0.71512
0.71499
0.71485
0.71473
0.7146
0.71448
0.71435
0.71423
0.71412
0.714
0.71389
0.71378
0.71367
0.71356
0.71346
0.71336
0.71325
0.71316
0.71306
0.71297
0.71287
0.71278
0.7127
0.71261
0.71252
0.71244
0.71236
0.71228
0.7122
0.71213
0.71206
0.71198
0.71192
0.71185
0.71178
0.71172
0.71166
0.7116
0.71154
0.71148
0.71143
0.71138
0.71132
0.71127
0.71123
0.71118
0.71114
0.71109
0.71105
0.71101
0.71097
0.71093
0.7109
0.71086
0.71083
0.7108
0.71077
0.71074
0.71071
0.71069
0.71066
0.71064
0.71061
0.71059
0.71057
0.71055
0.71053
0.71052
0.7105
0.71048
0.71047
0.71045
0.71044
0.71043
0.71042
0.7104
0.71039
0.71038
0.71037
0.71037
0.71036
0.71035
0.71034
0.71033
0.71033
0.71032
0.71031
0.71031
0.7103
0.7103
0.71029
