1
3.1522
2.6832
2.5388
2.7276
2.6197
2.6174
2.6587
2.6857
2.751
2.8491
2.8942
2.9504
2.988
3.0323
3.0794
3.129
3.1782
3.2253
3.2712
3.315
3.3576
3.397
3.4352
3.4715
3.5071
3.5413
3.5753
3.6084
3.6417
3.6746
3.7074
3.739
3.7698
3.7995
3.8284
3.8566
3.8843
3.9114
3.938
3.9643
3.9902
4.0158
4.0412
4.0663
4.0913
4.1161
4.1407
4.1651
4.1893
4.213
4.2362
4.2589
4.2811
4.3028
4.324
4.3449
4.3654
4.3856
4.4055
4.4251
4.4444
4.4635
4.4824
4.501
4.5194
4.5375
4.5555
4.5733
4.5908
4.6082
4.6253
4.6422
4.6588
4.6752
4.6912
4.707
4.7224
4.7374
4.752
4.7661
4.7798
4.7931
4.8058
4.8182
4.8302
4.8418
4.8531
4.8641
4.8748
4.8853
4.8955
4.9055
4.9153
4.9249
4.9342
4.9432
4.9519
4.9603
4.9683
4.976
4.9832
4.9899
4.9962
5.0019
5.0071
5.0118
5.0161
5.0199
5.0234
5.0266
5.0297
5.0329
5.0362
5.0399
5.0439
5.0485
5.0536
5.0592
5.0655
5.0722
5.0794
5.087
5.0951
5.1034
5.1121
5.1209
5.13
5.1393
5.1487
5.1582
5.1678
5.1774
5.1872
5.197
5.2068
5.2166
5.2265
5.2364
5.2463
5.2562
5.2661
5.2759
5.2858
5.2956
5.3054
5.3152
5.3249
5.3346
5.3443
5.3539
5.3635
5.373
5.3825
5.392
5.4014
5.4108
5.4201
5.4294
5.4387
5.4479
5.4571
5.4662
5.4753
5.4843
5.4934
5.5023
5.5113
5.5201
5.529
5.5378
5.5465
5.5552
5.5638
