1
0.9694
0.957
0.95229
0.9504
0.94752
0.94575
0.94335
0.94195
0.9381
0.93425
0.931
0.92781
0.92485
0.922
0.91934
0.91692
0.91472
0.91268
0.91076
0.90902
0.90738
0.90584
0.90436
0.90295
0.90158
0.90027
0.89896
0.89769
0.89641
0.89516
0.89388
0.89261
0.89133
0.89005
0.88878
0.88754
0.88631
0.88511
0.88394
0.88281
0.88173
0.88071
0.87974
0.87885
0.87803
0.87729
0.87664
0.87607
0.87558
0.87514
0.87475
0.87438
0.87401
0.87362
0.87321
0.87275
0.87223
0.87166
0.87103
0.87034
0.8696
0.8688
0.86795
0.86706
0.86612
0.86515
0.86414
0.86311
0.86204
0.86095
0.85985
0.85872
0.85758
0.85643
0.85527
0.8541
0.85294
0.85177
0.85061
0.84944
0.84829
0.84713
0.84599
0.84485
0.84373
0.84261
0.8415
0.84041
0.83933
0.83826
0.83721
0.83618
0.83517
0.83418
0.83321
0.83228
0.83137
0.83049
0.82964
0.82883
0.82805
0.82731
0.82661
0.82595
0.82532
0.82473
0.82418
0.82365
0.82316
0.82269
0.82224
0.82182
0.82141
0.82102
0.82064
0.82026
0.81989
0.81952
0.81915
0.81877
0.81838
0.81798
0.81758
0.81716
0.81674
0.81631
0.81588
0.81544
0.81499
0.81455
0.8141
0.81365
0.81321
0.81278
0.81235
0.81194
0.81154
0.81115
0.81078
0.81043
0.81009
0.80977
0.80946
0.80917
0.80889
0.80862
0.80836
0.80811
0.80788
0.80764
0.80742
0.80721
0.80701
0.80681
0.80663
0.80645
0.80628
0.80612
0.80597
0.80583
0.80569
0.80555
0.80543
0.80531
0.8052
0.80509
0.80499
0.8049
0.80482
0.80475
0.80468
0.80463
0.80459
