1
0.96878
0.96042
0.95864
0.95735
0.95694
0.95635
0.95588
0.95562
0.954
0.95239
0.95071
0.94896
0.94705
0.9451
0.94315
0.94124
0.93933
0.93741
0.93544
0.93351
0.93158
0.92969
0.92782
0.92599
0.92419
0.92245
0.9207
0.919
0.91728
0.91559
0.91389
0.91219
0.91047
0.90875
0.90701
0.90526
0.9035
0.90173
0.89995
0.89815
0.89634
0.89451
0.89266
0.89079
0.8889
0.88699
0.88504
0.88306
0.88103
0.87895
0.87679
0.87456
0.87223
0.86981
0.86728
0.86464
0.86191
0.8591
0.85624
0.85336
0.85051
0.84772
0.84501
0.84239
0.83988
0.83748
0.83517
0.83296
0.83083
0.82878
0.8268
0.82488
0.82302
0.82121
0.81945
0.81773
0.81605
0.81441
0.8128
0.81122
0.80966
0.80813
0.80663
0.80514
0.80366
0.8022
0.80075
0.79931
0.79788
0.79645
0.79503
0.7936
0.79217
0.79072
0.78926
0.78778
0.78627
0.78472
0.78313
0.7815
0.77981
0.77807
0.77628
0.77444
0.77258
0.77071
0.76885
0.76704
0.76529
0.76362
0.76205
0.76056
0.75916
0.75785
0.75663
0.75548
0.75439
0.75337
0.7524
0.75148
0.7506
0.74977
0.74897
0.7482
0.74747
0.74677
0.74609
0.74543
0.74479
0.74418
0.74358
0.74299
0.74243
0.74187
0.74133
0.74081
0.7403
0.7398
0.73932
0.73885
0.73839
0.73795
0.73751
0.73709
0.73668
0.73629
0.7359
0.73553
0.73516
0.73481
0.73447
0.73414
0.73383
0.73352
0.73323
0.73294
0.73267
0.7324
0.73215
0.73191
0.73168
0.73146
0.73126
0.73106
0.73088
0.73072
0.73056
0.73042
0.73029
0.73018
0.73008
0.73
0.72993
