64.8964
-0.69444
-0.70326
-0.7553
-0.71867
-0.75176
-0.72277
-0.75525
-0.71484
-0.71453
-0.7006
-0.74502
-0.73913
-0.67865
-0.70326
-0.75853
-0.64998
-0.72603
-0.71041
-0.70525
-0.70715
-0.70719
-0.68682
-0.71832
-0.70312
-0.70919
-0.6898
-0.75687
-0.75687
-0.72436
-0.73851
-0.7701
-0.70942
-0.75355
-0.70113
-0.69406
-0.7604
-0.74153
-0.79509
-0.78042
-0.7971
-0.79254
-0.83972
-0.77498
-0.7511
-0.82571
-0.82135
-0.82826
-0.85957
-0.83968
-0.93408
-0.87046
-0.82334
-0.83477
-0.93399
-1.0757
-1.0855
0
-1.8769
-2.4577
0
0
-2.4575
0
0
0
0
0
0
0
0
0
0
0
0
0
-4.6714
0
0
0
0
0
-3.1363
0
0
0
0
0
0
0
0
0
0
0
0
0
0
-7.3572
0
0
0
0
0
0
0
0
0
0
0
0
0
0
0
0
0
0
-0.69444
52.4103
-0.66299
-0.7199
-0.68979
-0.71637
-0.68536
-0.72296
-0.68443
-0.6831
-0.66929
-0.70805
-0.70617
-0.64535
-0.66932
-0.73018
-0.61848
-0.69436
-0.67871
-0.67362
-0.67299
-0.67302
-0.65658
-0.68446
-0.66977
-0.67718
-0.6559
-0.72093
-0.72093
-0.68955
-0.70347
-0.73065
-0.67449
-0.71975
-0.6673
-0.65905
-0.72985
-0.70562
-0.75785
-0.74762
-0.77647
-0.75251
-0.80215
-0.73953
-0.7504
-0.78892
-0.79115
-0.79078
-0.8197
-0.7797
-0.89446
-0.8313
-0.79349
-0.80319
-0.89768
-1.0332
-1.1652
0
-1.8282
-2.4145
0
0
-2.4143
0
-2.7904
0
0
0
0
0
0
0
0
0
0
0
0
0
0
0
0
0
0
-1.7833
0
0
0
0
0
0
0
0
0
0
0
0
0
0
0
0
0
0
0
0
0
0
0
0
0
0
0
0
0
0
0
0
-0.70326
-0.66299
54.2713
-0.72826
-0.69837
-0.72631
-0.69197
-0.73151
-0.69248
-0.69126
-0.67739
-0.71713
-0.71507
-0.65328
-0.6773
-0.73339
-0.62898
-0.70326
-0.68714
-0.68203
-0.68099
-0.68103
-0.66609
-0.69356
-0.67867
-0.68639
-0.66493
-0.7303
-0.73029
-0.6988
-0.71268
-0.74128
-0.68354
-0.7283
-0.67678
-0.66799
-0.73899
-0.71486
-0.76828
-0.76114
-0.78869
-0.76279
-0.81157
-0.74947
-0.76099
-0.79816
-0.79637
-0.80048
-0.83143
-0.74862
-0.90429
-0.84105
-0.80098
-0.81068
-0.90855
-1.0441
-1.1776
0
-1.8408
-2.4159
0
0
-2.4157
0
0
0
0
0
0
0
0
0
0
0
-4.1649
0
0
0
0
0
0
0
0
-1.7919
0
0
0
0
0
0
0
0
0
0
0
0
0
0
0
0
0
0
0
0
0
0
0
0
0
0
0
0
0
0
0
0
-0.7553
-0.7199
-0.72826
58.4432
-0.74478
-0.77467
-0.74733
-0.77842
-0.73642
-0.73765
-0.72358
-0.76564
-0.76172
-0.69889
-0.72356
-0.78214
-0.66891
-0.74897
-0.73304
-0.72782
-0.72794
-0.72797
-0.7105
-0.73946
-0.72397
-0.73089
-0.71397
-0.77746
-0.77745
-0.74475
-0.75901
-0.78953
-0.72885
-0.77612
-0.72029
-0.7184
-0.78549
-0.7616
-0.81447
-0.8001
-0.83287
-0.81225
-0.86101
-0.79612
-0.80284
-0.84609
-0.84588
-0.84914
-0.88406
-0.86149
-0.95584
-0.89167
-0.8399
-0.85002
-0.94788
-1.1051
-1.2258
-1.6691
0
-2.4785
0
0
-2.4783
0
0
0
0
0
0
0
0
0
0
0
0
0
0
0
0
0
0
0
0
0
0
0
0
0
0
0
0
0
0
0
0
0
0
0
0
-7.5242
0
0
0
0
0
0
0
0
0
0
0
0
0
0
0
0
-0.71867
-0.68979
-0.69837
-0.74478
56.3197
-0.74483
-0.7175
-0.74986
-0.71005
-0.70928
-0.69549
-0.73578
-0.73325
-0.67116
-0.69552
-0.75143
-0.64259
-0.72016
-0.7044
-0.69924
-0.69933
-0.69937
-0.68139
-0.71057
-0.69551
-0.70224
-0.68143
-0.74791
-0.7479
-0.71593
-0.7299
-0.7588
-0.70061
-0.74487
-0.69287
-0.68528
-0.75515
-0.73242
-0.78501
-0.7721
-0.80251
-0.78169
-0.83035
-0.7661
-0.77457
-0.81581
-0.81456
-0.81894
-0.84894
-0.82826
-0.92404
-0.86054
-0.81736
-0.82791
-0.92295
-1.0673
-1.1914
0
-1.8656
-2.4421
0
0
-2.442
0
0
0
0
0
0
0
0
0
0
0
0
0
0
0
0
0
0
0
0
0
0
0
0
0
0
0
0
0
0
0
0
0
0
0
-6.906
0
0
0
0
0
0
0
0
0
0
0
0
0
0
0
0
0
-0.75176
-0.71637
-0.72631
-0.77467
-0.74483
48.7783
-0.73425
-0.76565
-0.72474
-0.72387
-0.70892
-0.75411
-0.75104
-0.68441
-0.7088
-0.77304
-0.6549
-0.74012
-0.72065
-0.71547
-0.71161
-0.71164
-0.69878
-0.72279
-0.70729
-0.71978
-0.69915
-0.75966
-0.75965
-0.72728
-0.74143
-0.69914
-0.71166
-0.76256
-0.70523
-0.7013
-0.77194
-0.7427
-0.80348
-0.78668
-0.83355
-0.80353
-0.84408
-0.78038
-0.80383
-0.83399
-0.83
-0.83245
-0.86744
-0.85346
-0.9386
-0.8747
-0.84082
-0.85003
-0.95826
-1.0989
-1.2307
0
0
0
0
0
0
0
0
0
0
0
0
0
0
0
0
0
0
0
0
0
0
0
0
0
0
0
-5.1858
0
0
0
0
0
0
0
0
0
0
0
0
0
0
0
0
0
0
0
0
0
0
0
0
0
0
0
0
0
0
0
-0.72277
-0.68536
-0.69197
-0.74733
-0.7175
-0.73425
44.9935
-0.74044
-0.70172
-0.69906
-0.68404
-0.72672
-0.72329
-0.66025
-0.68501
-0.74369
-0.63256
-0.71181
-0.69467
-0.68934
-0.68875
-0.68878
-0.67456
-0.70046
-0.68561
-0.69484
-0.67697
-0.73743
-0.73742
-0.70529
-0.7196
-0.74806
-0.68985
-0.73729
-0.68283
-0.67959
-0.74848
-0.72138
-0.77379
-0.7653
-0.79535
-0.77099
-0.819
-0.75634
-0.7698
-0.80633
-0.80808
-0.80704
-0.83755
-0.79812
-0.91196
-0.84813
-0.81507
-0.82506
-0.91899
-1.0652
-1.188
0
0
0
0
0
0
0
-2.8045
0
0
0
0
0
0
0
0
0
0
0
0
0
0
0
0
0
0
0
0
0
0
0
0
0
0
0
0
0
0
0
0
0
0
0
0
0
0
0
0
0
0
0
0
0
0
0
0
0
0
0
-0.75525
-0.72296
-0.73151
-0.77842
-0.74986
-0.76565
-0.74044
49.7619
-0.73207
-0.73139
-0.71642
-0.75513
-0.75527
-0.69098
-0.71664
-0.77426
-0.66215
-0.74348
-0.72776
-0.72257
-0.71948
-0.71952
-0.69977
-0.73113
-0.71582
-0.7265
-0.70987
-0.76917
-0.76916
-0.73651
-0.75092
-0.77469
-0.72101
-0.78093
-0.71213
-0.71408
-0.778
-0.75304
-0.80376
-0.79494
-0.8247
-0.8012
-0.85166
-0.78239
-0.80147
-0.83787
-0.83635
-0.83947
-0.87152
-0.85148
-0.94569
-0.88149
-0.84469
-0.84586
-0.95877
-1.1367
-1.2237
0
0
0
0
0
0
0
0
0
0
0
0
0
0
0
0
0
0
0
0
0
0
0
0
0
0
0
0
0
-5.7742
0
0
0
0
0
0
0
0
0
0
0
0
0
0
0
0
0
0
0
0
0
0
0
0
0
0
0
0
0
-0.71484
-0.68443
-0.69248
-0.73642
-0.71005
-0.72474
-0.70172
-0.73207
43.3615
-0.6936
-0.67385
-0.71764
-0.71511
-0.65107
-0.67616
-0.73513
-0.62172
-0.70171
-0.68504
-0.67955
-0.68089
-0.68091
-0.66689
-0.69192
-0.67718
-0.68797
-0.66888
-0.72852
-0.72852
-0.69651
-0.71096
-0.73809
-0.68167
-0.72771
-0.67343
-0.67164
-0.74061
-0.71299
-0.76513
-0.75223
-0.78906
-0.76083
-0.81045
-0.74884
-0.76323
-0.79825
-0.79685
-0.79871
-0.8318
-0.813
-0.90354
-0.84019
-0.7966
-0.80396
-0.91275
-1.0549
-1.1796
-1.629
0
0
0
0
0
0
0
0
0
0
0
0
0
0
0
0
0
0
0
0
0
0
0
0
0
0
0
0
0
0
0
0
0
0
0
0
0
0
0
0
0
0
0
0
0
0
0
0
0
0
0
0
0
0
0
0
0
0
-0.71453
-0.6831
-0.69126
-0.73765
-0.70928
-0.72387
-0.69906
-0.73139
-0.6936
44.2636
-0.67528
-0.71759
-0.71448
-0.65137
-0.67633
-0.73478
-0.62292
-0.70338
-0.68649
-0.68107
-0.68058
-0.68062
-0.66554
-0.6916
-0.6768
-0.68669
-0.6683
-0.72787
-0.72786
-0.69607
-0.71026
-0.7374
-0.6809
-0.72768
-0.67399
-0.67081
-0.73735
-0.71232
-0.76461
-0.75344
-0.7872
-0.75945
-0.80947
-0.74845
-0.7696
-0.79707
-0.79514
-0.79771
-0.82837
-0.81025
-0.90205
-0.83853
-0.78376
-0.8105
-0.91065
-1.0545
-1.1756
0
0
0
0
0
0
0
0
-2.5671
0
0
0
0
0
0
0
0
0
0
0
0
0
0
0
0
0
0
0
0
0
0
0
0
0
0
0
0
0
0
0
0
0
0
0
0
0
0
0
0
0
0
0
0
0
0
0
0
0
0
-0.7006
-0.66929
-0.67739
-0.72358
-0.69549
-0.70892
-0.68404
-0.71642
-0.67385
-0.67528
40.8935
-0.7019
-0.69948
-0.63709
-0.66482
-0.71874
-0.60796
-0.68721
-0.67007
-0.6653
-0.66671
-0.66674
-0.65214
-0.67717
-0.66252
-0.67275
-0.65414
-0.71301
-0.71299
-0.68137
-0.69555
-0.72164
-0.66645
-0.71335
-0.65981
-0.65652
-0.72434
-0.69729
-0.74874
-0.73852
-0.77126
-0.74479
-0.79369
-0.7324
-0.74739
-0.78163
-0.77929
-0.78202
-0.81364
-0.79587
-0.88585
-0.82288
-0.78968
-0.797
-0.89708
-1.0384
-1.1614
0
0
0
0
0
0
0
0
0
0
0
0
0
0
0
0
0
0
0
0
0
0
0
0
0
0
0
0
0
0
0
0
0
0
0
0
0
0
0
0
0
0
0
0
0
0
0
0
0
0
0
0
0
0
0
0
0
0
0
-0.74502
-0.70805
-0.71713
-0.76564
-0.73578
-0.75411
-0.72672
-0.75513
-0.71764
-0.71759
-0.7019
47.3952
-0.74173
-0.67615
-0.70112
-0.76742
-0.64641
-0.7301
-0.71191
-0.70667
-0.70416
-0.70419
-0.68672
-0.71536
-0.70022
-0.70111
-0.69203
-0.75222
-0.75221
-0.71984
-0.73403
-0.76586
-0.70498
-0.75385
-0.69731
-0.69379
-0.76392
-0.73577
-0.79048
-0.7765
-0.81414
-0.79161
-0.83399
-0.76986
-0.79837
-0.82077
-0.81897
-0.82167
-0.85362
-0.83952
-0.92875
-0.86485
-0.83198
-0.8343
-0.96021
-1.0828
0
0
0
0
0
0
0
0
0
0
0
0
0
0
0
0
0
0
0
0
0
0
0
0
0
0
0
0
0
0
0
0
0
0
0
0
0
0
0
-5.459
0
0
0
0
0
0
0
0
0
0
0
0
0
0
0
0
0
0
0
0
-0.73913
-0.70617
-0.71507
-0.76172
-0.73325
-0.75104
-0.72329
-0.75527
-0.71511
-0.71448
-0.69948
-0.74173
47.0425
-0.67287
-0.69893
-0.75246
-0.64363
-0.72149
-0.70491
-0.69963
-0.70149
-0.70152
-0.6849
-0.71245
-0.6974
-0.70343
-0.68793
-0.74941
-0.7494
-0.71718
-0.73134
-0.75954
-0.70179
-0.7478
-0.6944
-0.69199
-0.7578
-0.73361
-0.78463
-0.77407
-0.80493
-0.78274
-0.83158
-0.7673
-0.77862
-0.81742
-0.81512
-0.81989
-0.85104
-0.83351
-0.92548
-0.86214
-0.8232
-0.83416
-0.92784
0
0
0
0
0
0
0
0
0
0
0
0
0
0
0
0
0
0
0
0
0
0
0
0
0
0
0
0
0
0
0
0
0
0
0
0
0
0
0
0
0
0
0
0
0
0
0
0
0
0
0
0
0
-6.4358
0
0
0
0
0
0
0
-0.67865
-0.64535
-0.65328
-0.69889
-0.67116
-0.68441
-0.66025
-0.69098
-0.65107
-0.65137
-0.63709
-0.67615
-0.67287
38.5255
-0.61949
-0.69189
-0.57944
-0.66171
-0.64515
-0.64033
-0.64476
-0.6448
-0.62413
-0.65275
-0.63815
-0.64845
-0.6284
-0.6864
-0.68639
-0.65539
-0.66917
-0.69277
-0.64071
-0.68602
-0.63404
-0.63099
-0.69642
-0.67108
-0.71968
-0.7108
-0.74109
-0.71685
-0.76566
-0.70449
-0.72034
-0.75317
-0.75177
-0.75436
-0.78555
-0.76812
-0.85716
-0.79545
-0.76306
-0.77129
-0.86616
0
0
0
0
0
0
0
0
0
0
0
0
0
0
0
0
0
0
0
0
0
0
-1.2401
0
0
0
0
0
0
0
0
0
0
0
0
0
0
0
0
0
0
0
0
0
0
0
0
0
0
0
0
0
0
0
0
0
0
0
0
0
0
-0.70326
-0.66932
-0.6773
-0.72356
-0.69552
-0.7088
-0.68501
-0.71664
-0.67616
-0.67633
-0.66482
-0.70112
-0.69893
-0.61949
39.6814
-0.71753
-0.59996
-0.68729
-0.67167
-0.66689
-0.66541
-0.66544
-0.65313
-0.67585
-0.66141
-0.67399
-0.65316
-0.71172
-0.71171
-0.68002
-0.69432
-0.72061
-0.66519
-0.71235
-0.65881
-0.65545
-0.72367
-0.69617
-0.74689
-0.73725
-0.77217
-0.74325
-0.79238
-0.73129
-0.74847
-0.78038
-0.77831
-0.78072
-0.81312
-0.79505
-0.88469
-0.82176
-0.78994
-0.79657
-0.89485
-1.0363
0
0
0
0
0
0
0
0
0
0
0
0
0
0
0
0
0
0
0
0
0
0
0
0
0
0
0
0
0
0
0
0
0
0
0
0
0
0
0
0
0
0
0
0
0
0
0
0
0
0
0
0
0
0
0
0
0
0
0
0
-0.75853
-0.73018
-0.73339
-0.78214
-0.75143
-0.77304
-0.74369
-0.77426
-0.73513
-0.73478
-0.71874
-0.76742
-0.75246
-0.69189
-0.71753
51.5451
-0.66264
-0.74045
-0.7242
-0.71896
-0.72015
-0.72018
-0.70129
-0.73119
-0.71606
-0.72671
-0.70651
-0.76884
-0.76883
-0.73763
-0.7518
-0.78559
-0.72151
-0.76783
-0.71393
-0.71144
-0.77865
-0.75464
-0.80921
-0.79344
-0.82836
-0.75175
-0.8535
-0.78693
-0.78504
-0.83858
-0.83637
-0.84225
-0.87128
-0.85751
-0.94911
-0.88556
0
0
0
0
0
0
0
0
0
-2.1186
0
0
0
0
0
0
0
0
0
0
0
0
0
0
0
0
0
-3.9477
0
0
0
0
0
0
0
0
0
0
0
0
0
0
0
0
0
0
0
0
-6.4962
0
0
0
0
0
0
0
0
0
0
0
0
0
0
0
-0.64998
-0.61848
-0.62898
-0.66891
-0.64259
-0.6549
-0.63256
-0.66215
-0.62172
-0.62292
-0.60796
-0.64641
-0.64363
-0.57944
-0.59996
-0.66264
37.6489
-0.63247
-0.61506
-0.61029
-0.62463
-0.62467
-0.59682
-0.62645
-0.61156
-0.61591
-0.59869
-0.65576
-0.65574
-0.62641
-0.63924
-0.65876
-0.61158
-0.65473
-0.60471
-0.60223
-0.66567
-0.642
-0.68767
-0.66264
-0.70441
-0.68397
-0.73365
-0.67433
-0.68719
-0.72058
-0.72267
-0.7232
-0.75546
-0.74658
-0.82393
-0.76308
-0.72839
-0.73695
0
0
0
0
0
0
0
0
0
0
0
0
0
0
0
0
0
0
-2.7776
0
0
0
0
0
0
0
0
0
0
0
0
0
0
0
0
0
0
0
0
0
0
0
0
0
0
0
0
0
0
0
0
0
0
0
0
0
0
0
0
0
0
0
-0.72603
-0.69436
-0.70326
-0.74897
-0.72016
-0.74012
-0.71181
-0.74348
-0.70171
-0.70338
-0.68721
-0.7301
-0.72149
-0.66171
-0.68729
-0.74045
-0.63247
45.8932
-0.69357
-0.68827
-0.69001
-0.69005
-0.67128
-0.70055
-0.68559
-0.69127
-0.67524
-0.73683
-0.73681
-0.70488
-0.71878
-0.74496
-0.68987
-0.7246
-0.67402
-0.68002
-0.74435
-0.72136
-0.77144
-0.76117
-0.78946
-0.77051
-0.81925
-0.75283
-0.76549
-0.80409
-0.80379
-0.80853
-0.83861
-0.82059
-0.91355
-0.8508
0
0
0
0
0
0
0
0
-2.37
0
0
0
0
0
0
0
0
0
0
0
0
0
0
0
0
0
0
0
0
0
0
0
0
0
0
0
0
0
0
0
0
0
0
0
0
0
0
0
0
0
0
0
0
0
-6.1368
0
0
0
0
0
0
0
0
0
-0.71041
-0.67871
-0.68714
-0.73304
-0.7044
-0.72065
-0.69467
-0.72776
-0.68504
-0.68649
-0.67007
-0.71191
-0.70491
-0.64515
-0.67167
-0.7242
-0.61506
-0.69357
42.2848
-0.65532
-0.67439
-0.67443
-0.65855
-0.68416
-0.66947
-0.67361
-0.65948
-0.71955
-0.71953
-0.68773
-0.70188
-0.72768
-0.67303
-0.7196
-0.6667
-0.66372
-0.72863
-0.70429
-0.75262
-0.74364
-0.77274
-0.75239
-0.80061
-0.7366
-0.74888
-0.78647
-0.78485
-0.78971
-0.8197
-0.80053
-0.89392
-0.83154
0
0
0
0
0
0
0
0
0
0
0
0
0
0
0
0
0
0
0
0
0
0
0
0
0
0
0
0
0
0
0
0
0
0
0
0
0
0
0
0
0
0
0
0
0
0
0
0
0
0
0
0
0
-5.744
0
0
0
0
0
0
0
0
0
0
-0.70525
-0.67362
-0.68203
-0.72782
-0.69924
-0.71547
-0.68934
-0.72257
-0.67955
-0.68107
-0.6653
-0.70667
-0.69963
-0.64033
-0.66689
-0.71896
-0.61029
-0.68827
-0.65532
42.003
-0.66951
-0.66954
-0.65323
-0.67909
-0.66441
-0.66816
-0.65426
-0.71419
-0.71418
-0.68251
-0.69656
-0.72198
-0.66781
-0.71413
-0.6615
-0.65853
-0.72305
-0.69897
-0.74696
-0.73813
-0.76657
-0.74684
-0.79498
-0.73107
-0.74318
-0.78082
-0.77924
-0.78412
-0.81395
-0.79484
-0.88805
-0.82583
0
0
0
0
0
0
0
0
0
0
0
0
0
0
0
0
0
0
0
0
0
0
0
0
0
0
0
0
0
0
0
0
0
0
0
0
0
0
0
0
0
0
0
0
0
0
0
0
0
0
0
0
-5.7292
0
0
0
0
0
0
0
0
0
0
0
-0.70715
-0.67299
-0.68099
-0.72794
-0.69933
-0.71161
-0.68875
-0.71948
-0.68089
-0.68058
-0.66671
-0.70416
-0.70149
-0.64476
-0.66541
-0.72015
-0.62463
-0.69001
-0.67439
-0.66951
36.2915
-0.63647
-0.65275
-0.67503
-0.66271
-0.67483
-0.65474
-0.71266
-0.71265
-0.67997
-0.69525
-0.72511
-0.66623
-0.71426
-0.66019
-0.65672
-0.72656
-0.69758
-0.74792
-0.73918
-0.77823
-0.7448
-0.79409
-0.73244
-0.75137
-0.78143
-0.78082
-0.78319
-0.81536
-0.79566
-0.88723
-0.82508
0
0
0
0
0
0
0
0
0
0
0
0
0
0
0
0
0
0
0
0
0
0
0
0
0
0
0
0
0
0
0
0
0
0
0
0
0
0
0
0
0
0
0
0
0
0
0
0
0
0
0
0
0
0
0
0
0
0
0
0
0
0
0
0
-0.70719
-0.67302
-0.68103
-0.72797
-0.69937
-0.71164
-0.68878
-0.71952
-0.68091
-0.68062
-0.66674
-0.70419
-0.70152
-0.6448
-0.66544
-0.72018
-0.62467
-0.69005
-0.67443
-0.66954
-0.63647
36.2931
-0.65278
-0.67506
-0.66274
-0.67486
-0.65477
-0.71269
-0.71268
-0.68
-0.69528
-0.72514
-0.66626
-0.7143
-0.66022
-0.65675
-0.7266
-0.6976
-0.74795
-0.73921
-0.77827
-0.74483
-0.79413
-0.73247
-0.7514
-0.78146
-0.78085
-0.78322
-0.81539
-0.79568
-0.88726
-0.82512
0
0
0
0
0
0
0
0
0
0
0
0
0
0
0
0
0
0
0
0
0
0
0
0
0
0
0
0
0
0
0
0
0
0
0
0
0
0
0
0
0
0
0
0
0
0
0
0
0
0
0
0
0
0
0
0
0
0
0
0
0
0
0
0
-0.68682
-0.65658
-0.66609
-0.7105
-0.68139
-0.69878
-0.67456
-0.69977
-0.66689
-0.66554
-0.65214
-0.68672
-0.6849
-0.62413
-0.65313
-0.70129
-0.59682
-0.67128
-0.65855
-0.65323
-0.65275
-0.65278
40.7883
-0.66155
-0.64669
-0.65065
-0.63428
-0.69622
-0.6962
-0.66437
-0.67845
-0.7013
-0.6504
-0.68981
-0.64116
-0.63966
-0.70036
-0.68153
-0.72114
-0.71986
-0.72176
-0.7253
-0.77651
-0.69093
-0.72057
-0.75886
-0.76006
-0.76628
0
0
0
0
0
0
0
0
0
0
0
0
0
0
0
0
0
0
0
0
0
0
0
-2.721
0
0
0
0
0
-1.2447
0
0
0
0
0
0
0
0
0
0
0
0
0
0
0
0
0
0
0
0
0
0
0
0
0
0
0
0
0
-4.734
0
0
0
0
0
0
0
0
-0.71832
-0.68446
-0.69356
-0.73946
-0.71057
-0.72279
-0.70046
-0.73113
-0.69192
-0.6916
-0.67717
-0.71536
-0.71245
-0.65275
-0.67585
-0.73119
-0.62645
-0.70055
-0.68416
-0.67909
-0.67503
-0.67506
-0.66155
34.2848
-0.67712
-0.68109
-0.66519
-0.72259
-0.72258
-0.68878
-0.70448
-0.73734
-0.67529
-0.72336
-0.66902
-0.6654
-0.73725
-0.70672
-0.75747
-0.74825
-0.78873
-0.7543
-0.80383
-0.7424
-0.76282
-0.79088
-0.78957
-0.79348
-0.82593
0
0
0
0
0
0
0
0
0
0
0
0
0
0
0
0
0
0
0
0
0
0
0
0
0
0
0
0
0
0
0
0
0
0
0
0
0
0
0
0
0
0
0
0
0
0
0
0
0
0
0
0
0
0
0
0
0
0
0
0
0
0
0
0
0
0
0
-0.70312
-0.66977
-0.67867
-0.72397
-0.69551
-0.70729
-0.68561
-0.71582
-0.67718
-0.6768
-0.66252
-0.70022
-0.6974
-0.63815
-0.66141
-0.71606
-0.61156
-0.68559
-0.66947
-0.66441
-0.66271
-0.66274
-0.64669
-0.67712
32.7237
-0.6653
-0.63888
-0.7053
-0.70529
-0.66815
-0.68689
-0.72561
-0.65831
-0.69833
-0.65239
-0.64872
-0.72262
-0.69028
-0.74226
-0.73002
-0.79304
-0.7354
-0.78565
-0.72307
-0.74342
-0.77
-0.77011
-0.7749
0
0
0
0
0
0
0
0
0
0
0
0
0
0
0
0
0
0
0
0
0
0
0
0
0
0
0
0
0
0
0
0
0
0
0
0
0
0
0
0
0
0
0
0
0
0
0
0
0
0
0
0
0
0
0
0
0
0
0
0
0
0
0
0
0
0
0
0
-0.70919
-0.67718
-0.68639
-0.73089
-0.70224
-0.71978
-0.69484
-0.7265
-0.68797
-0.68669
-0.67275
-0.70111
-0.70343
-0.64845
-0.67399
-0.72671
-0.61591
-0.69127
-0.67361
-0.66816
-0.67483
-0.67486
-0.65065
-0.68109
-0.6653
38.7636
-0.65521
-0.71633
-0.71631
-0.68398
-0.69739
-0.71801
-0.66929
-0.71319
-0.66094
-0.6587
-0.72045
-0.69942
-0.7466
-0.73719
0
-0.7521
-0.7947
-0.7301
0
-0.77902
0
-0.78511
0
0
0
0
0
0
0
0
0
0
0
0
0
0
0
0
0
0
-2.4578
0
0
0
0
0
0
0
0
0
0
0
0
0
0
0
0
0
0
0
0
0
0
0
0
0
0
0
0
0
-5.528
0
0
0
0
0
0
0
0
0
0
0
0
0
0
0
0
0
0
0
-0.6898
-0.6559
-0.66493
-0.71397
-0.68143
-0.69915
-0.67697
-0.70987
-0.66888
-0.6683
-0.65414
-0.69203
-0.68793
-0.6284
-0.65316
-0.70651
-0.59869
-0.67524
-0.65948
-0.65426
-0.65474
-0.65477
-0.63428
-0.66519
-0.63888
-0.65521
32.6211
-0.6985
-0.69849
-0.66524
-0.67721
-0.72425
-0.64996
-0.68218
-0.64
-0.63026
-0.69924
-0.67849
-0.72483
-0.71791
0
-0.72595
-0.77589
0
0
0
0
0
0
0
0
0
0
0
0
0
0
0
-1.7744
0
0
0
0
0
0
0
0
0
0
0
0
0
0
0
0
0
0
0
0
0
0
0
0
0
0
0
0
0
0
0
0
0
0
0
0
0
0
0
0
0
0
0
0
0
0
0
0
0
0
0
0
0
0
-3.1162
0
0
-0.75687
-0.72093
-0.7303
-0.77746
-0.74791
-0.75966
-0.73743
-0.76917
-0.72852
-0.72787
-0.71301
-0.75222
-0.74941
-0.6864
-0.71172
-0.76884
-0.65576
-0.73683
-0.71955
-0.71419
-0.71266
-0.71269
-0.69622
-0.72259
-0.7053
-0.71633
-0.6985
30.2908
-0.77724
-0.72654
-0.73804
-0.76574
-0.7095
-0.76268
-0.70486
-0.69944
-0.78869
-0.7449
-0.81719
-0.78746
0
-0.79488
-0.84529
0
0
0
0
0
0
0
0
0
0
0
0
0
0
0
0
0
0
0
0
0
0
0
0
0
0
0
0
0
0
0
0
0
0
0
0
0
0
0
0
0
0
0
0
0
0
0
0
0
0
0
0
0
0
0
0
0
0
0
0
0
0
0
0
0
0
0
0
0
0
0
0
0
-0.75687
-0.72093
-0.73029
-0.77745
-0.7479
-0.75965
-0.73742
-0.76916
-0.72852
-0.72786
-0.71299
-0.75221
-0.7494
-0.68639
-0.71171
-0.76883
-0.65574
-0.73681
-0.71953
-0.71418
-0.71265
-0.71268
-0.6962
-0.72258
-0.70529
-0.71631
-0.69849
-0.77724
30.2903
-0.72653
-0.73803
-0.76573
-0.70949
-0.76268
-0.70485
-0.69943
-0.78868
-0.74489
-0.81716
-0.78745
0
-0.79486
-0.84527
0
0
0
0
0
0
0
0
0
0
0
0
0
0
0
0
0
0
0
0
0
0
0
0
0
0
0
0
0
0
0
0
0
0
0
0
0
0
0
0
0
0
0
0
0
0
0
0
0
0
0
0
0
0
0
0
0
0
0
0
0
0
0
0
0
0
0
0
0
0
0
0
0
-0.72436
-0.68955
-0.6988
-0.74475
-0.71593
-0.72728
-0.70529
-0.73651
-0.69651
-0.69607
-0.68137
-0.71984
-0.71718
-0.65539
-0.68002
-0.73763
-0.62641
-0.70488
-0.68773
-0.68251
-0.67997
-0.68
-0.66437
-0.68878
-0.66815
-0.68398
-0.66524
-0.72654
-0.72653
28.1123
-0.72658
-0.73161
-0.67064
-0.7236
-0.6671
-0.6599
-0.73847
-0.70631
-0.76551
-0.73732
-0.77372
0
0
0
0
0
0
0
0
0
0
0
0
0
0
0
0
0
0
0
0
0
0
0
0
0
0
0
0
0
0
0
0
0
0
0
0
0
0
0
0
0
0
0
0
0
0
0
0
0
0
0
0
0
0
0
0
0
0
0
0
0
0
0
0
0
0
0
0
0
0
0
0
0
0
0
-0.73851
-0.70347
-0.71268
-0.75901
-0.7299
-0.74143
-0.7196
-0.75092
-0.71096
-0.71026
-0.69555
-0.73403
-0.73134
-0.66917
-0.69432
-0.7518
-0.63924
-0.71878
-0.70188
-0.69656
-0.69525
-0.69528
-0.67845
-0.70448
-0.68689
-0.69739
-0.67721
-0.73804
-0.73803
-0.72658
28.5379
-0.74446
-0.68954
-0.72971
-0.69053
-0.67925
-0.74675
-0.72293
-0.79855
-0.75921
0
0
0
0
0
0
0
0
0
0
0
0
0
0
0
0
0
0
0
0
0
0
0
0
0
0
0
0
0
0
0
0
0
0
0
0
0
0
0
0
0
0
0
0
0
0
0
0
0
0
0
0
0
0
0
0
0
0
0
0
0
0
0
0
0
0
0
0
0
0
0
0
0
0
-0.62997
0
-0.7701
-0.73065
-0.74128
-0.78953
-0.7588
-0.69914
-0.74806
-0.77469
-0.73809
-0.7374
-0.72164
-0.76586
-0.75954
-0.69277
-0.72061
-0.78559
-0.65876
-0.74496
-0.72768
-0.72198
-0.72511
-0.72514
-0.7013
-0.73734
-0.72561
-0.71801
-0.72425
-0.76574
-0.76573
-0.73161
-0.74446
35.5723
-0.71342
-0.76805
-0.70351
-0.69954
-0.77404
-0.74213
-0.8128
0
0
0
0
0
0
0
0
0
0
0
0
0
0
0
0
0
0
0
0
0
0
0
0
0
0
0
0
-2.6737
0
0
0
0
0
0
0
0
0
0
0
0
0
0
0
0
-4.8337
0
0
0
0
0
0
0
0
0
0
0
0
0
0
0
0
0
0
0
0
0
0
0
0
0
0
0
0
0
0
0
-0.70942
-0.67449
-0.68354
-0.72885
-0.70061
-0.71166
-0.68985
-0.72101
-0.68167
-0.6809
-0.66645
-0.70498
-0.70179
-0.64071
-0.66519
-0.72151
-0.61158
-0.68987
-0.67303
-0.66781
-0.66623
-0.66626
-0.6504
-0.67529
-0.65831
-0.66929
-0.64996
-0.7095
-0.70949
-0.67064
-0.68954
-0.71342
26.8909
-0.70285
-0.64351
-0.62482
-0.71818
-0.69327
-0.75177
0
0
0
0
0
0
0
0
0
0
0
0
0
0
0
-0.90332
0
0
0
0
0
0
0
0
0
0
0
0
0
0
0
0
0
0
0
0
0
0
0
0
0
0
0
0
0
0
0
0
0
0
0
0
0
0
0
0
0
0
0
0
0
0
0
0
0
0
0
0
0
0
0
0
0
0
0
0
0
-0.75355
-0.71975
-0.7283
-0.77612
-0.74487
-0.76256
-0.73729
-0.78093
-0.72771
-0.72768
-0.71335
-0.75385
-0.7478
-0.68602
-0.71235
-0.76783
-0.65473
-0.7246
-0.7196
-0.71413
-0.71426
-0.7143
-0.68981
-0.72336
-0.69833
-0.71319
-0.68218
-0.76268
-0.76268
-0.7236
-0.72971
-0.76805
-0.70285
31.9702
-0.67487
-0.68811
-0.76869
-0.737
0
0
0
0
0
0
0
0
0
0
0
0
0
0
0
0
0
0
0
0
0
0
0
0
0
0
0
0
0
0
0
0
0
0
0
0
0
0
0
0
0
0
0
0
0
0
0
0
0
0
0
-5.0635
0
0
0
0
0
0
0
0
0
0
0
0
0
0
0
0
0
0
0
0
0
0
0
0
0
0
-0.70113
-0.6673
-0.67678
-0.72029
-0.69287
-0.70523
-0.68283
-0.71213
-0.67343
-0.67399
-0.65981
-0.69731
-0.6944
-0.63404
-0.65881
-0.71393
-0.60471
-0.67402
-0.6667
-0.6615
-0.66019
-0.66022
-0.64116
-0.66902
-0.65239
-0.66094
-0.64
-0.70486
-0.70485
-0.6671
-0.69053
-0.70351
-0.64351
-0.67487
27.1806
-0.61452
-0.70853
-0.68069
0
0
0
0
0
0
0
0
0
0
0
0
0
0
0
0
0
0
0
0
0
0
-2.2325
0
0
0
0
0
0
0
0
0
0
0
0
0
0
0
0
0
0
0
0
0
0
0
0
0
0
0
0
0
0
0
0
0
0
0
0
0
0
0
0
0
0
0
0
0
0
0
0
0
0
0
0
0
0
0
-0.69406
-0.65905
-0.66799
-0.7184
-0.68528
-0.7013
-0.67959
-0.71408
-0.67164
-0.67081
-0.65652
-0.69379
-0.69199
-0.63099
-0.65545
-0.71144
-0.60223
-0.68002
-0.66372
-0.65853
-0.65672
-0.65675
-0.63966
-0.6654
-0.64872
-0.6587
-0.63026
-0.69944
-0.69943
-0.6599
-0.67925
-0.69954
-0.62482
-0.68811
-0.61452
26.5619
-0.70026
-0.69168
0
0
0
0
0
0
0
0
0
0
0
0
0
0
0
0
0
0
0
0
-1.7418
0
0
0
0
0
0
0
0
0
0
0
0
0
0
0
0
0
0
0
0
0
0
0
0
0
0
0
0
0
0
0
0
0
0
0
0
0
0
0
0
0
0
0
0
0
0
0
0
0
0
0
0
0
0
0
0
0
-0.7604
-0.72985
-0.73899
-0.78549
-0.75515
-0.77194
-0.74848
-0.778
-0.74061
-0.73735
-0.72434
-0.76392
-0.7578
-0.69642
-0.72367
-0.77865
-0.66567
-0.74435
-0.72863
-0.72305
-0.72656
-0.7266
-0.70036
-0.73725
-0.72262
-0.72045
-0.69924
-0.78869
-0.78868
-0.73847
-0.74675
-0.77404
-0.71818
-0.76869
-0.70853
-0.70026
34.1155
0
0
0
0
0
0
0
0
0
0
0
0
0
0
0
0
0
0
0
0
0
0
0
0
0
0
0
0
0
0
0
0
0
0
0
0
0
0
0
0
0
0
0
0
0
0
0
0
0
0
0
0
0
0
0
0
0
0
0
0
0
0
0
0
0
0
0
0
0
0
0
0
0
-3.7439
0
-3.7534
0
0
0
-0.74153
-0.70562
-0.71486
-0.7616
-0.73242
-0.7427
-0.72138
-0.75304
-0.71299
-0.71232
-0.69729
-0.73577
-0.73361
-0.67108
-0.69617
-0.75464
-0.642
-0.72136
-0.70429
-0.69897
-0.69758
-0.6976
-0.68153
-0.70672
-0.69028
-0.69942
-0.67849
-0.7449
-0.74489
-0.70631
-0.72293
-0.74213
-0.69327
-0.737
-0.68069
-0.69168
0
25.6691
0
0
0
0
0
0
0
0
0
0
0
0
0
0
0
0
0
0
0
0
0
0
0
0
0
0
0
0
0
0
0
0
0
0
0
0
0
0
0
0
0
0
0
0
0
0
0
0
0
0
0
0
0
0
0
0
0
0
0
0
0
0
0
0
0
0
0
0
0
0
0
0
0
0
0
0
0
0
-0.79509
-0.75785
-0.76828
-0.81447
-0.78501
-0.80348
-0.77379
-0.80376
-0.76513
-0.76461
-0.74874
-0.79048
-0.78463
-0.71968
-0.74689
-0.80921
-0.68767
-0.77144
-0.75262
-0.74696
-0.74792
-0.74795
-0.72114
-0.75747
-0.74226
-0.7466
-0.72483
-0.81719
-0.81716
-0.76551
-0.79855
-0.8128
-0.75177
0
0
0
0
0
30.3288
0
0
0
0
0
0
0
0
0
0
0
0
0
0
0
0
0
0
0
0
0
0
0
0
0
0
0
0
0
0
0
0
0
0
0
0
0
0
0
0
0
0
0
0
0
0
-4.9878
0
0
0
0
0
0
0
0
0
0
0
0
0
0
0
0
0
0
0
0
0
0
0
0
0
0
0
0
0
0
-0.78042
-0.74762
-0.76114
-0.8001
-0.7721
-0.78668
-0.7653
-0.79494
-0.75223
-0.75344
-0.73852
-0.7765
-0.77407
-0.7108
-0.73725
-0.79344
-0.66264
-0.76117
-0.74364
-0.73813
-0.73918
-0.73921
-0.71986
-0.74825
-0.73002
-0.73719
-0.71791
-0.78746
-0.78745
-0.73732
-0.75921
0
0
0
0
0
0
0
0
26.1323
0
0
0
0
0
0
0
0
0
0
0
0
0
0
0
0
0
0
0
0
0
0
0
0
0
0
0
0
0
0
0
0
-2.7791
0
0
0
0
0
0
0
0
0
0
0
0
0
0
0
0
0
0
0
0
0
0
0
0
0
0
0
0
0
0
0
0
0
0
0
0
0
0
0
0
0
0
0
-0.7971
-0.77647
-0.78869
-0.83287
-0.80251
-0.83355
-0.79535
-0.8247
-0.78906
-0.7872
-0.77126
-0.81414
-0.80493
-0.74109
-0.77217
-0.82836
-0.70441
-0.78946
-0.77274
-0.76657
-0.77823
-0.77827
-0.72176
-0.78873
-0.79304
0
0
0
0
-0.77372
0
0
0
0
0
0
0
0
0
0
34.5145
0
0
0
0
0
0
0
0
0
0
0
0
0
0
0
0
0
0
0
0
0
0
0
0
0
0
0
0
-3.0784
0
-2.5998
0
0
0
0
0
0
0
0
0
-3.4487
0
0
0
-4.9612
0
0
0
0
0
0
0
0
0
0
0
0
0
0
0
0
0
0
0
0
0
0
0
0
0
0
0
0
0
0
-0.79254
-0.75251
-0.76279
-0.81225
-0.78169
-0.80353
-0.77099
-0.8012
-0.76083
-0.75945
-0.74479
-0.79161
-0.78274
-0.71685
-0.74325
-0.75175
-0.68397
-0.77051
-0.75239
-0.74684
-0.7448
-0.74483
-0.7253
-0.7543
-0.7354
-0.7521
-0.72595
-0.79488
-0.79486
0
0
0
0
0
0
0
0
0
0
0
0
25.6507
0
0
0
0
0
0
0
0
0
0
0
0
0
0
0
0
0
0
0
0
0
0
0
0
0
0
0
0
0
0
0
0
0
0
0
0
0
-3.5958
0
0
0
0
0
0
0
0
0
0
0
0
0
0
0
0
0
0
0
0
0
0
0
0
0
0
0
0
0
0
0
0
0
0
0
0
-0.83972
-0.80215
-0.81157
-0.86101
-0.83035
-0.84408
-0.819
-0.85166
-0.81045
-0.80947
-0.79369
-0.83399
-0.83158
-0.76566
-0.79238
-0.8535
-0.73365
-0.81925
-0.80061
-0.79498
-0.79409
-0.79413
-0.77651
-0.80383
-0.78565
-0.7947
-0.77589
-0.84529
-0.84527
0
0
0
0
0
0
0
0
0
0
0
0
0
23.5141
0
0
0
0
0
0
0
0
0
0
0
0
0
0
0
0
0
0
0
0
0
0
0
0
0
0
0
0
0
0
0
0
0
0
0
0
0
0
0
0
0
0
0
0
0
0
0
0
0
0
0
0
0
0
0
0
0
0
0
0
0
0
0
0
0
0
0
0
0
0
0
0
0
-0.77498
-0.73953
-0.74947
-0.79612
-0.7661
-0.78038
-0.75634
-0.78239
-0.74884
-0.74845
-0.7324
-0.76986
-0.7673
-0.70449
-0.73129
-0.78693
-0.67433
-0.75283
-0.7366
-0.73107
-0.73244
-0.73247
-0.69093
-0.7424
-0.72307
-0.7301
0
0
0
0
0
0
0
0
0
0
0
0
0
0
0
0
0
24.556
0
0
0
0
0
0
0
0
0
0
0
0
0
0
0
0
0
0
0
0
0
0
0
-2.5611
0
0
0
-2.6138
0
0
0
0
0
0
0
0
0
0
0
0
0
0
0
0
0
0
0
0
0
0
0
0
0
0
0
0
0
0
0
0
0
0
0
0
0
0
0
0
0
0
0
0
-0.7511
-0.7504
-0.76099
-0.80284
-0.77457
-0.80383
-0.7698
-0.80147
-0.76323
-0.7696
-0.74739
-0.79837
-0.77862
-0.72034
-0.74847
-0.78504
-0.68719
-0.76549
-0.74888
-0.74318
-0.75137
-0.7514
-0.72057
-0.76282
-0.74342
0
0
0
0
0
0
0
0
0
0
0
0
0
0
0
0
0
0
0
29.03
0
0
0
0
0
0
0
0
0
0
0
0
0
0
0
0
-2.1703
0
0
0
0
0
0
0
-2.9724
0
0
0
0
0
0
0
0
0
0
0
0
0
0
0
0
0
0
0
0
0
0
0
0
-4.8869
0
0
0
0
0
0
0
0
0
0
0
0
0
0
0
0
0
0
0
0
0
-0.82571
-0.78892
-0.79816
-0.84609
-0.81581
-0.83399
-0.80633
-0.83787
-0.79825
-0.79707
-0.78163
-0.82077
-0.81742
-0.75317
-0.78038
-0.83858
-0.72058
-0.80409
-0.78647
-0.78082
-0.78143
-0.78146
-0.75886
-0.79088
-0.77
-0.77902
0
0
0
0
0
0
0
0
0
0
0
0
0
0
0
0
0
0
0
24.068
0
0
0
0
0
0
0
0
0
0
0
0
0
0
0
0
0
0
0
0
0
0
0
0
0
0
0
0
0
0
0
0
0
0
0
-3.3742
0
0
0
0
0
0
0
0
0
0
0
0
0
0
0
0
0
0
0
0
0
0
0
0
0
0
0
0
0
0
0
0
0
0
-0.82135
-0.79115
-0.79637
-0.84588
-0.81456
-0.83
-0.80808
-0.83635
-0.79685
-0.79514
-0.77929
-0.81897
-0.81512
-0.75177
-0.77831
-0.83637
-0.72267
-0.80379
-0.78485
-0.77924
-0.78082
-0.78085
-0.76006
-0.78957
-0.77011
0
0
0
0
0
0
0
0
0
0
0
0
0
0
0
0
0
0
0
0
0
22.033
0
0
0
0
0
0
0
0
0
0
0
0
0
0
0
0
0
0
0
0
0
-2.1454
0
0
0
0
0
0
0
0
0
0
0
0
0
0
0
0
0
0
0
0
0
0
0
0
0
0
0
0
0
0
0
0
0
0
0
0
0
0
0
0
0
0
0
0
0
0
0
-0.82826
-0.79078
-0.80048
-0.84914
-0.81894
-0.83245
-0.80704
-0.83947
-0.79871
-0.79771
-0.78202
-0.82167
-0.81989
-0.75436
-0.78072
-0.84225
-0.7232
-0.80853
-0.78971
-0.78412
-0.78319
-0.78322
-0.76628
-0.79348
-0.7749
-0.78511
0
0
0
0
0
0
0
0
0
0
0
0
0
0
0
0
0
0
0
0
0
20.7556
0
0
0
0
0
0
0
0
0
0
0
0
0
0
0
0
0
0
0
0
0
0
0
0
0
0
0
0
0
0
0
0
0
0
0
0
0
0
0
0
0
0
0
0
0
0
0
0
0
0
0
0
0
0
0
0
0
0
0
0
0
0
0
0
0
0
0
0
-0.85957
-0.8197
-0.83143
-0.88406
-0.84894
-0.86744
-0.83755
-0.87152
-0.8318
-0.82837
-0.81364
-0.85362
-0.85104
-0.78555
-0.81312
-0.87128
-0.75546
-0.83861
-0.8197
-0.81395
-0.81536
-0.81539
0
-0.82593
0
0
0
0
0
0
0
0
0
0
0
0
0
0
0
0
0
0
0
0
0
0
0
0
23.4604
0
0
0
0
0
0
0
0
0
0
0
0
0
0
0
0
0
0
0
0
0
0
0
0
0
0
0
0
0
0
0
0
0
0
0
0
0
0
0
0
0
0
0
0
-4.3073
0
0
0
0
0
0
0
0
0
0
0
0
0
0
0
0
0
0
0
0
0
0
-0.83968
-0.7797
-0.74862
-0.86149
-0.82826
-0.85346
-0.79812
-0.85148
-0.813
-0.81025
-0.79587
-0.83952
-0.83351
-0.76812
-0.79505
-0.85751
-0.74658
-0.82059
-0.80053
-0.79484
-0.79566
-0.79568
0
0
0
0
0
0
0
0
0
0
0
0
0
0
0
0
0
0
0
0
0
0
0
0
0
0
0
21.3284
0
0
0
0
0
0
0
0
0
0
0
0
0
0
0
0
0
0
0
0
0
0
0
0
-3.5008
0
0
0
0
0
0
0
0
0
0
0
0
0
0
0
0
0
0
0
0
0
0
0
0
0
0
0
0
0
0
0
0
0
0
0
0
0
0
0
0
0
-0.93408
-0.89446
-0.90429
-0.95584
-0.92404
-0.9386
-0.91196
-0.94569
-0.90354
-0.90205
-0.88585
-0.92875
-0.92548
-0.85716
-0.88469
-0.94911
-0.82393
-0.91355
-0.89392
-0.88805
-0.88723
-0.88726
0
0
0
0
0
0
0
0
0
0
0
0
0
0
0
0
0
0
0
0
0
0
0
0
0
0
0
0
19.9395
0
0
0
0
0
0
0
0
0
0
0
0
0
0
0
0
0
0
0
0
0
0
0
0
0
0
0
0
0
0
0
0
0
0
0
0
0
0
0
0
0
0
0
0
0
0
0
0
0
0
0
0
0
0
0
0
0
0
0
0
0
0
0
0
0
-0.87046
-0.8313
-0.84105
-0.89167
-0.86054
-0.8747
-0.84813
-0.88149
-0.84019
-0.83853
-0.82288
-0.86485
-0.86214
-0.79545
-0.82176
-0.88556
-0.76308
-0.8508
-0.83154
-0.82583
-0.82508
-0.82512
0
0
0
0
0
0
0
0
0
0
0
0
0
0
0
0
0
0
0
0
0
0
0
0
0
0
0
0
0
18.5522
0
0
0
0
0
0
0
0
0
0
0
0
0
0
0
0
0
0
0
0
0
0
0
0
0
0
0
0
0
0
0
0
0
0
0
0
0
0
0
0
0
0
0
0
0
0
0
0
0
0
0
0
0
0
0
0
0
0
0
0
0
0
0
0
-0.82334
-0.79349
-0.80098
-0.8399
-0.81736
-0.84082
-0.81507
-0.84469
-0.7966
-0.78376
-0.78968
-0.83198
-0.8232
-0.76306
-0.78994
0
-0.72839
0
0
0
0
0
0
0
0
0
0
0
0
0
0
0
0
0
0
0
0
0
0
0
0
0
0
0
0
0
0
0
0
0
0
0
21.0014
0
0
0
0
-1.5419
0
0
0
0
0
0
0
-2.3038
0
0
0
0
0
0
0
0
0
0
0
0
0
0
0
0
0
0
0
0
0
0
0
0
0
0
0
0
0
0
0
0
0
0
0
0
0
0
0
0
0
0
0
-4.2734
0
0
0
0
0
0
-0.83477
-0.80319
-0.81068
-0.85002
-0.82791
-0.85003
-0.82506
-0.84586
-0.80396
-0.8105
-0.797
-0.8343
-0.83416
-0.77129
-0.79657
0
-0.73695
0
0
0
0
0
0
0
0
0
0
0
0
0
0
0
0
0
0
0
0
0
0
0
0
0
0
0
0
0
0
0
0
0
0
0
0
17.7268
0
0
0
-1.5049
0
0
0
0
0
0
0
0
0
0
0
0
0
0
0
0
0
-3.1896
0
0
0
0
0
0
0
0
0
0
0
0
0
0
0
0
0
0
0
0
0
0
0
0
0
0
0
0
0
0
0
0
0
0
0
0
0
0
0
0
-0.93399
-0.89768
-0.90855
-0.94788
-0.92295
-0.95826
-0.91899
-0.95877
-0.91275
-0.91065
-0.89708
-0.96021
-0.92784
-0.86616
-0.89485
0
0
0
0
0
0
0
0
0
0
0
0
0
0
0
0
0
-0.90332
0
0
0
0
0
0
0
0
0
0
0
0
0
0
0
0
0
0
0
0
0
21.4844
0
0
0
0
0
0
-2.1134
0
0
0
0
0
0
0
0
0
0
0
0
0
0
0
0
0
0
0
0
0
0
0
0
0
0
0
0
0
-4.651
0
0
0
0
0
0
0
0
0
0
0
0
0
0
0
0
0
0
0
0
0
0
0
0
-1.0757
-1.0332
-1.0441
-1.1051
-1.0673
-1.0989
-1.0652
-1.1367
-1.0549
-1.0545
-1.0384
-1.0828
0
0
-1.0363
0
0
0
0
0
0
0
0
0
0
0
0
0
0
0
0
0
0
0
0
0
0
0
0
0
0
0
0
0
0
0
0
0
0
0
0
0
0
0
0
17.3841
0
0
0
0
0
0
0
0
0
0
0
0
0
0
0
0
0
0
0
0
0
0
-3.4911
0
0
0
0
0
0
0
0
0
0
0
0
0
0
0
0
0
0
0
0
0
0
0
0
0
0
0
0
0
0
0
0
0
0
0
0
0
-1.0855
-1.1652
-1.1776
-1.2258
-1.1914
-1.2307
-1.188
-1.2237
-1.1796
-1.1756
-1.1614
0
0
0
0
0
0
0
0
0
0
0
0
0
0
0
0
0
0
0
0
0
0
0
0
0
0
0
0
0
0
0
0
0
0
0
0
0
0
0
0
0
0
0
0
0
16.2988
0
0
0
0
0
0
0
0
0
0
0
0
0
0
0
0
0
0
0
-3.2942
0
0
0
0
0
0
0
0
0
0
0
0
0
0
0
0
0
0
0
0
0
0
0
0
0
0
0
0
0
0
0
0
0
0
0
0
0
0
0
0
0
0
-1.6691
0
0
0
0
-1.629
0
0
0
0
0
0
0
0
0
0
0
0
0
0
0
0
0
0
0
0
0
0
0
0
0
0
0
0
0
0
0
0
0
0
0
0
0
0
0
0
0
0
0
-1.5419
-1.5049
0
0
0
16.0453
0
0
-2.5792
0
0
0
0
0
0
0
0
0
0
0
-3.161
0
0
0
0
0
0
0
0
0
0
0
0
0
0
0
0
0
0
0
-3.9603
0
0
0
0
0
0
0
0
0
0
0
0
0
0
0
0
0
0
0
0
0
0
0
-1.8769
-1.8282
-1.8408
0
-1.8656
0
0
0
0
0
0
0
0
0
0
0
0
0
0
0
0
0
0
0
0
0
-1.7744
0
0
0
0
0
0
0
0
-1.7418
0
0
0
0
0
0
0
0
0
0
0
0
0
0
0
0
0
0
0
0
0
0
14.4037
0
0
0
0
0
0
0
0
0
0
0
0
0
0
0
0
0
0
0
-3.476
0
0
0
0
0
0
0
0
0
0
0
0
0
0
0
0
0
0
0
0
0
0
0
0
0
0
0
0
0
0
0
0
0
0
0
0
0
-2.4577
-2.4145
-2.4159
-2.4785
-2.4421
0
0
0
0
0
0
0
0
0
0
0
0
0
0
0
0
0
0
0
0
0
0
0
0
0
0
0
0
0
0
0
0
0
0
0
0
0
0
0
0
0
0
0
0
0
0
0
0
0
0
0
0
0
0
12.2088
0
0
0
0
0
0
0
0
0
0
0
0
0
0
0
0
0
0
0
0
0
0
0
0
0
0
0
0
0
0
0
0
0
0
0
0
0
0
0
0
0
0
0
0
0
0
0
0
0
0
0
0
0
0
0
0
0
0
0
0
0
0
0
0
0
0
0
0
0
0
0
0
0
-2.37
0
0
0
0
0
0
0
0
0
0
0
0
0
0
0
0
-2.2325
0
0
0
0
0
0
0
0
0
0
0
0
0
0
0
0
0
0
0
0
0
0
-2.5792
0
0
14.3133
0
0
-3.3689
0
0
0
0
0
0
0
0
0
0
0
0
0
0
0
0
0
0
0
0
0
0
0
0
0
-3.7627
0
0
0
0
0
0
0
0
0
0
0
0
0
0
0
0
0
0
0
0
0
0
0
0
0
0
0
0
0
0
0
0
0
0
0
0
0
0
0
0
0
-2.1186
0
0
0
0
0
0
0
0
0
0
0
0
0
0
0
0
0
0
0
0
0
0
0
0
0
0
0
0
-2.1703
0
0
0
0
0
0
0
0
0
-2.1134
0
0
0
0
0
0
13.1761
0
0
0
0
0
0
0
0
0
0
0
0
0
0
0
0
0
-2.9453
0
0
0
0
0
0
0
0
0
0
-3.8285
0
0
0
0
0
0
0
0
0
0
0
0
0
0
0
0
0
0
0
0
0
0
0
0
0
-2.4575
-2.4143
-2.4157
-2.4783
-2.442
0
0
0
0
0
0
0
0
0
0
0
0
0
0
0
0
0
0
0
0
0
0
0
0
0
0
0
0
0
0
0
0
0
0
0
0
0
0
0
0
0
0
0
0
0
0
0
0
0
0
0
0
0
0
0
0
0
12.2078
0
0
0
0
0
0
0
0
0
0
0
0
0
0
0
0
0
0
0
0
0
0
0
0
0
0
0
0
0
0
0
0
0
0
0
0
0
0
0
0
0
0
0
0
0
0
0
0
0
0
0
0
0
0
0
0
0
0
0
0
0
0
0
0
0
0
0
0
0
0
0
0
0
0
0
0
0
0
0
0
0
0
0
0
0
0
0
0
0
0
0
0
0
0
0
0
0
0
0
0
0
0
0
0
0
0
0
0
0
0
0
0
0
-3.3689
0
0
14.7002
0
0
0
-3.481
0
0
0
0
0
0
0
-4.0345
0
0
0
0
0
0
0
0
0
0
-3.8157
0
0
0
0
0
0
0
0
0
0
0
0
0
0
0
0
0
0
0
0
0
0
0
0
0
0
0
0
0
0
-2.7904
0
0
0
0
-2.8045
0
0
0
0
0
0
0
0
0
0
0
0
0
0
0
0
0
0
0
0
0
0
0
0
0
0
0
0
0
0
0
0
0
0
0
0
0
0
0
0
0
0
0
0
0
0
0
0
0
0
0
0
0
0
0
0
0
12.2227
0
0
0
0
0
0
0
0
0
-3.1707
0
0
0
0
0
-3.4571
0
0
0
0
0
0
0
0
0
0
0
0
0
0
0
0
0
0
0
0
0
0
0
0
0
0
0
0
0
0
0
0
0
0
0
0
0
0
0
0
0
0
0
0
-2.5671
0
0
0
0
0
0
0
0
0
0
0
0
0
0
0
0
0
0
0
0
0
0
0
0
0
0
0
0
0
0
0
0
0
0
0
0
0
0
0
0
0
0
-2.3038
0
0
0
0
0
0
0
0
0
0
0
0
13.6632
0
0
0
0
0
0
0
0
0
0
0
0
0
0
0
0
0
0
0
0
0
-4.138
-4.6543
0
0
0
0
0
0
0
0
0
0
0
0
0
0
0
0
0
0
0
0
0
0
0
0
0
0
0
0
0
0
0
0
0
0
0
0
0
0
0
0
0
0
0
0
0
0
0
0
0
0
0
0
-2.4578
0
0
0
0
0
0
0
0
0
0
0
0
0
0
0
0
0
0
0
0
0
0
0
0
0
0
0
0
0
0
0
0
0
0
0
0
0
0
0
0
13.7011
0
0
0
-3.2112
0
0
0
0
0
0
0
0
0
0
0
0
0
0
0
0
0
0
0
-4.2308
0
0
0
0
-3.8013
0
0
0
0
0
0
0
0
0
0
0
0
0
0
0
0
0
0
0
0
0
0
0
0
0
0
0
0
0
0
0
0
0
0
0
0
0
0
0
0
0
0
0
0
0
0
0
0
0
0
0
-2.6737
0
0
0
0
0
0
0
0
0
0
0
-2.5611
0
0
0
0
0
0
0
0
0
0
0
0
0
0
0
0
0
0
0
-3.481
0
0
0
13.6133
0
0
0
0
0
0
0
0
0
0
0
0
0
0
0
0
0
0
0
0
0
0
0
0
0
0
0
0
0
0
0
0
0
0
-4.8976
0
0
0
0
0
0
0
0
0
0
0
0
0
0
0
0
0
0
0
0
0
0
0
0
0
0
0
0
0
0
0
0
0
0
0
0
0
0
0
0
0
0
0
0
0
0
0
0
0
0
0
0
0
0
0
0
0
0
0
-2.1454
0
0
0
0
0
0
0
0
0
0
0
0
0
0
0
0
0
0
0
0
0
12.9443
0
0
0
0
-2.8943
0
0
0
0
0
0
-3.71
0
0
0
0
0
0
0
0
0
0
0
-4.1945
0
0
0
0
0
0
0
0
0
0
0
0
0
0
0
0
0
0
0
0
0
0
0
0
0
0
0
0
0
0
0
0
0
0
0
0
0
0
0
0
0
0
0
0
0
0
0
0
0
0
0
0
0
0
0
0
0
0
0
0
0
0
0
-3.0784
0
0
0
-2.9724
0
0
0
0
0
0
0
0
0
0
0
0
0
0
0
0
0
0
0
0
0
0
0
0
12.7019
-3.5949
0
0
0
0
0
-3.0562
0
0
0
0
0
0
0
0
0
0
0
0
0
0
0
0
0
0
0
0
0
0
0
0
0
0
0
0
0
0
0
0
0
0
0
0
0
0
0
0
0
0
0
0
0
0
0
0
0
0
0
0
0
0
0
0
0
0
0
0
0
0
0
0
0
0
0
0
0
0
0
0
0
0
0
0
0
0
0
0
0
0
0
0
0
0
0
0
0
0
0
0
0
0
0
0
0
0
0
0
0
0
0
0
0
-3.2112
0
0
-3.5949
17.7747
0
0
0
0
0
0
0
0
0
0
0
0
0
0
0
0
0
0
0
0
-5.1569
0
0
0
0
0
0
0
0
0
0
0
0
0
0
0
0
0
0
0
-5.8118
0
0
0
0
0
0
0
0
0
0
0
0
0
0
0
0
0
0
0
0
0
0
0
0
0
0
-2.721
0
0
0
0
0
0
0
0
0
0
0
0
0
0
0
0
0
-2.5998
0
0
-2.6138
0
0
0
0
0
0
0
0
0
0
0
0
0
0
0
0
0
0
0
0
0
0
0
0
0
0
0
10.4615
0
-2.5269
0
0
0
0
0
0
0
0
0
0
0
0
0
0
0
0
0
0
0
0
0
0
0
0
0
0
0
0
0
0
0
0
0
0
0
0
0
0
0
0
0
0
0
0
0
0
0
0
0
0
0
0
0
0
0
0
0
0
-2.7776
0
0
0
0
0
0
0
0
0
0
0
0
0
0
0
0
0
0
0
0
0
0
-2.7791
0
0
0
0
0
0
0
0
0
0
0
0
0
0
0
0
0
-3.161
0
0
0
0
0
0
0
0
0
0
0
0
0
0
11.8812
0
0
0
0
0
0
0
-3.1636
0
0
0
0
0
0
0
0
0
0
0
0
0
0
0
0
0
0
0
0
0
0
0
0
0
0
0
0
0
0
0
0
0
0
0
0
0
0
0
0
0
0
0
0
0
0
0
0
0
0
0
0
0
0
0
0
0
0
0
0
0
0
0
0
0
0
0
0
0
0
0
0
0
0
0
0
0
0
0
0
0
0
0
0
0
0
0
0
0
0
0
0
0
0
0
0
0
0
0
0
0
0
0
-2.8943
0
0
-2.5269
0
14.609
0
0
0
0
0
0
0
0
0
0
0
0
0
0
0
0
0
0
0
-4.294
0
0
0
0
0
0
0
0
0
0
0
0
0
0
0
0
0
0
0
0
0
-4.8938
0
0
-4.1649
0
0
0
0
0
0
0
0
0
0
0
0
0
0
0
0
0
0
0
0
0
0
0
0
0
0
0
0
0
0
0
0
0
0
0
0
0
0
0
0
0
0
0
0
0
0
-3.5008
0
0
0
0
0
0
0
0
0
0
0
0
0
0
-3.1707
0
0
0
0
0
0
0
0
0
10.8364
0
0
0
0
0
0
0
0
0
0
0
0
0
0
0
0
0
0
0
0
0
0
0
0
0
0
0
0
0
0
0
0
0
0
0
0
0
0
0
0
0
0
0
0
0
0
0
0
0
0
0
0
0
0
0
0
0
0
0
0
0
0
0
0
0
0
0
0
0
0
0
0
0
0
0
0
0
0
0
0
0
0
0
0
0
0
0
0
0
0
0
0
0
0
-3.1896
0
0
0
0
0
0
0
0
0
-4.0345
0
0
0
0
0
0
0
0
0
0
0
11.0355
0
0
-3.8113
0
0
0
0
0
0
0
0
0
0
0
0
0
0
0
0
0
0
0
0
0
0
0
0
0
0
0
0
0
0
0
0
0
0
0
0
0
-4.6714
0
0
0
0
0
0
0
0
0
0
0
0
0
0
0
0
0
0
0
0
0
0
0
0
0
0
0
0
0
0
0
0
0
0
0
0
0
0
0
0
0
0
0
0
0
0
0
0
0
0
0
0
0
0
0
-3.2942
0
0
0
0
0
0
0
0
0
0
0
0
-3.0562
0
0
0
0
0
0
11.0218
0
0
0
0
0
0
0
0
0
0
0
0
0
0
0
0
0
0
0
0
0
0
0
0
0
0
0
0
0
0
0
0
0
0
0
0
0
0
0
0
0
0
0
0
0
0
0
0
0
0
0
0
-1.2401
0
0
0
0
0
0
0
0
-1.2447
0
0
0
0
0
0
0
0
0
0
0
0
0
0
0
0
0
0
0
0
0
0
0
0
0
0
0
0
0
0
0
0
0
0
0
0
0
0
0
0
0
0
0
0
0
0
0
0
0
0
0
0
0
0
6.827
0
0
0
0
0
0
0
0
0
0
0
0
0
0
0
0
0
0
0
0
0
0
0
-4.3421
0
0
0
0
0
0
0
0
0
0
0
0
0
0
0
0
0
0
0
0
0
0
0
0
0
0
0
0
0
0
0
0
0
0
0
0
0
0
0
0
0
0
0
0
0
0
0
0
0
0
0
0
0
0
0
0
0
0
0
0
0
0
0
0
0
0
0
0
0
-3.4911
0
0
-3.476
0
0
0
0
0
0
0
0
0
0
0
0
0
0
0
0
-3.8113
0
0
10.7783
0
0
0
0
0
0
0
0
0
0
0
0
0
0
0
0
0
0
0
0
0
0
0
0
0
0
0
0
0
0
0
0
0
0
0
0
0
0
0
0
0
0
0
0
0
0
0
0
0
0
0
0
-3.9477
0
0
0
0
0
0
0
0
0
0
0
0
0
0
0
0
0
0
0
0
0
0
0
0
0
-3.5958
0
0
0
0
0
0
0
0
0
0
0
0
0
0
0
0
0
0
0
-2.9453
0
0
0
0
0
0
0
0
0
0
0
0
0
0
0
0
0
10.4888
0
0
0
0
0
0
0
0
0
0
0
0
0
0
0
0
0
0
0
0
0
0
0
0
0
0
0
0
0
0
0
0
0
0
0
0
0
0
0
0
0
0
0
0
0
0
0
0
0
0
0
0
0
0
0
0
0
0
0
0
0
0
0
0
0
0
0
0
0
0
0
0
0
0
0
0
0
0
0
0
0
0
0
0
0
0
0
0
0
0
0
0
0
0
0
0
0
0
0
0
-3.4571
0
0
0
-3.71
0
0
0
-3.1636
0
0
0
0
0
0
0
10.3307
0
0
0
0
0
0
0
0
0
0
0
0
0
0
0
0
0
0
0
0
0
0
0
0
0
0
0
0
0
0
0
0
0
0
0
0
0
0
0
0
0
0
0
0
0
0
0
0
0
0
0
0
0
0
0
0
0
0
0
0
0
0
0
0
0
0
0
0
0
0
0
0
0
0
0
-3.4487
0
0
0
0
-3.3742
0
0
0
0
0
0
0
0
0
0
0
0
0
0
0
0
0
0
0
0
0
0
0
0
0
0
0
0
0
0
0
0
0
0
0
10.753
0
0
0
0
0
0
-3.93
0
0
0
0
0
0
0
0
0
0
0
0
0
0
0
0
0
0
0
0
0
0
0
0
0
0
0
-3.1363
0
0
0
0
0
0
0
0
0
0
0
0
0
0
0
0
0
0
0
0
0
0
0
0
0
0
0
0
0
0
0
0
0
0
0
0
0
0
0
0
0
0
0
0
0
0
0
0
0
0
0
0
0
0
0
0
0
0
0
0
0
0
0
0
0
0
0
0
0
0
0
0
0
0
0
0
0
0
0
0
0
12.5705
0
0
0
0
-4.8916
0
0
0
0
0
0
-4.5426
0
0
0
0
0
0
0
0
0
0
0
0
0
0
0
0
0
0
0
0
0
0
-1.7833
-1.7919
0
0
0
0
0
0
0
0
0
0
0
0
0
0
0
0
0
0
0
0
0
0
0
0
0
0
0
0
0
0
0
0
0
0
0
0
0
0
0
0
0
0
0
0
0
0
0
0
0
0
0
0
0
0
0
0
0
0
0
0
0
0
0
0
0
0
0
0
0
0
0
0
0
0
0
0
0
0
0
0
7.9052
0
0
0
0
0
0
0
0
0
0
0
0
0
0
0
0
0
0
0
-4.33
0
0
0
0
0
0
0
0
0
0
0
0
0
0
0
0
0
-5.1858
0
0
0
0
0
0
0
0
0
0
0
0
0
0
0
0
0
0
0
0
0
0
0
0
0
-4.8337
0
0
0
0
0
0
0
0
0
0
0
0
0
0
0
0
0
0
0
0
0
0
0
0
0
0
0
0
0
0
0
0
0
0
0
0
0
0
0
0
0
0
0
0
0
0
0
0
0
0
0
0
10.0195
0
0
0
0
0
0
0
0
0
0
0
0
0
0
0
0
0
0
0
0
0
0
0
0
0
0
0
0
0
0
0
0
0
0
0
0
0
0
0
0
0
0
0
0
0
0
0
0
0
0
0
0
0
0
0
0
0
0
0
0
0
0
0
0
0
0
0
0
0
-4.9878
0
-4.9612
0
0
0
0
0
0
0
0
0
0
0
0
0
0
0
0
0
0
0
0
0
0
0
0
0
0
0
0
0
0
0
0
0
0
0
0
0
0
0
0
0
0
0
0
9.949
0
0
0
0
0
0
0
0
0
0
0
0
0
0
0
0
0
0
0
0
0
0
0
0
0
0
0
0
0
0
0
0
0
0
0
0
0
-5.7742
0
0
0
0
0
0
0
0
0
0
0
0
0
0
0
0
0
0
0
0
0
0
0
0
0
0
0
0
0
0
0
0
0
0
0
0
0
0
0
0
0
0
0
0
0
0
0
0
0
0
0
0
0
0
0
-3.8157
0
0
0
0
0
0
0
0
0
0
0
0
0
0
0
0
0
0
0
0
0
0
9.59
0
0
0
0
0
0
0
0
0
0
0
0
0
0
0
0
0
0
0
0
0
0
0
0
0
0
0
0
0
0
0
0
0
0
0
0
0
0
0
0
0
0
0
0
0
0
0
0
0
0
0
0
0
0
0
0
0
0
0
0
0
0
0
0
0
0
0
0
0
0
0
0
0
0
0
0
0
0
0
0
0
0
0
0
0
0
0
0
0
0
0
0
0
0
-4.138
0
0
0
0
0
0
0
0
0
0
0
0
0
0
0
0
-4.8916
0
0
0
0
9.0296
0
0
0
0
0
0
0
0
0
0
0
0
0
0
0
0
0
0
0
0
0
0
0
0
0
0
0
0
0
0
0
0
0
0
0
0
0
0
0
0
0
0
0
0
0
0
0
0
0
0
0
0
0
0
0
0
0
0
0
0
0
0
0
0
0
0
0
0
0
0
0
0
0
0
0
0
0
0
0
0
0
0
0
0
0
0
0
0
0
0
0
0
0
-4.6543
0
0
0
0
0
0
0
0
0
0
0
0
0
0
0
-3.93
0
0
0
0
0
0
8.5843
0
0
0
0
0
0
0
0
0
0
0
0
0
0
0
0
0
0
0
0
0
0
0
0
0
0
0
0
0
0
0
0
0
0
0
0
0
0
0
0
0
0
0
0
0
0
0
0
0
0
0
0
0
0
0
0
0
0
0
0
-5.0635
0
0
0
0
0
0
0
0
0
0
0
0
0
0
0
0
0
0
0
0
0
0
0
0
0
0
-3.7627
0
0
0
0
0
0
0
0
0
0
0
0
0
0
0
0
0
0
0
0
0
0
0
0
0
0
0
0
8.8262
0
0
0
0
0
0
0
0
0
0
0
0
0
0
0
0
0
0
0
0
0
0
0
0
0
0
0
0
0
0
0
0
0
0
0
0
0
0
0
0
0
0
0
0
0
0
0
0
0
0
0
0
0
0
0
0
0
0
0
0
0
0
0
0
0
0
0
0
0
0
0
0
0
0
0
0
0
0
0
0
0
0
0
0
0
0
0
-3.8285
0
0
0
0
-4.2308
0
0
0
0
0
0
0
0
0
0
0
0
0
0
0
0
0
0
0
0
0
0
0
8.0593
0
0
0
0
0
0
0
0
0
0
0
0
0
0
0
0
0
0
0
0
0
0
0
0
0
0
0
0
0
0
0
0
0
0
0
0
0
0
0
0
0
0
0
0
0
0
0
0
0
0
0
0
0
0
0
0
0
0
0
0
0
0
0
0
0
0
0
0
0
0
0
0
0
0
0
0
0
0
0
-4.651
0
0
0
0
0
0
0
0
0
0
0
0
0
0
0
-5.1569
0
0
0
0
0
0
0
0
0
0
0
0
0
0
0
0
0
0
0
0
9.8079
0
0
0
0
0
0
0
0
0
0
0
0
0
0
0
0
0
0
0
0
0
0
0
0
0
0
0
0
0
0
0
0
0
0
0
0
0
0
0
0
0
0
0
0
0
0
0
0
0
0
0
0
0
0
0
0
0
0
0
0
0
0
0
0
0
0
0
0
0
0
0
0
0
0
0
0
0
0
0
0
0
-3.9603
0
0
0
0
0
0
0
0
0
0
-4.1945
0
0
0
0
0
0
0
0
0
0
0
0
0
0
0
0
0
0
0
0
0
0
0
8.1548
0
0
0
0
0
0
0
0
0
0
0
0
0
0
0
0
0
0
0
0
0
0
0
0
0
0
0
0
0
0
0
0
0
0
0
0
0
0
0
0
0
0
0
0
0
0
0
0
0
0
0
0
0
0
0
0
0
0
0
0
0
0
0
0
0
0
0
0
0
0
0
-4.3073
0
0
0
0
0
0
0
0
0
0
0
0
0
0
0
0
0
0
0
0
0
0
0
0
-4.294
0
0
0
0
0
0
0
0
0
0
0
0
0
0
0
0
0
0
0
8.6013
0
0
0
0
0
0
0
0
0
0
0
0
0
0
0
0
0
0
0
0
0
0
0
0
0
0
0
0
0
0
0
0
0
0
0
0
0
0
0
0
0
0
0
0
0
0
0
0
0
0
0
0
0
0
0
0
0
0
0
0
0
0
0
0
0
0
-4.8869
0
0
0
0
0
0
0
0
0
0
0
0
0
0
0
0
0
0
0
0
0
0
0
0
0
0
0
0
0
0
0
0
0
0
0
0
0
-4.5426
0
0
0
0
0
0
0
0
0
0
0
9.4294
0
0
0
0
0
0
0
0
0
0
0
0
0
0
0
0
0
0
0
0
0
0
0
0
0
0
0
0
0
0
0
0
-5.459
0
0
0
0
0
0
0
0
0
0
0
0
0
0
0
0
0
0
0
0
0
0
0
0
0
0
0
0
0
0
0
0
0
0
0
0
0
0
0
0
0
0
0
0
0
0
0
0
0
0
0
0
0
0
-3.8013
0
0
0
0
0
0
0
0
0
0
0
0
0
0
0
0
0
0
0
0
0
0
0
0
0
0
0
0
9.2603
0
0
0
0
0
0
0
0
0
0
0
0
0
0
0
0
0
0
0
0
0
0
0
0
0
0
0
0
0
0
0
0
0
0
0
0
0
0
0
0
0
0
0
0
0
-5.528
0
0
0
0
0
0
0
0
0
0
0
0
0
0
0
0
0
0
0
0
0
0
0
0
0
0
0
0
0
0
0
0
0
0
0
0
0
0
0
0
0
0
0
0
0
0
0
0
0
0
0
0
0
0
0
0
0
0
0
0
0
0
0
0
0
0
0
0
0
0
5.528
0
0
0
0
0
0
0
0
0
0
0
0
0
0
0
0
0
0
0
-7.3572
0
0
0
0
0
0
0
0
0
0
0
0
0
0
0
0
0
0
0
0
0
0
0
0
0
0
0
0
0
0
0
0
0
0
0
0
0
0
0
0
0
0
0
0
0
0
0
0
0
0
0
0
0
0
0
0
0
0
0
0
0
0
0
0
0
0
0
0
0
0
0
0
0
0
0
0
0
0
0
0
0
0
0
0
0
0
0
0
0
0
0
0
0
0
0
0
7.3572
0
0
0
0
0
0
0
0
0
0
0
0
0
0
0
0
0
0
0
0
0
0
-6.906
0
0
0
0
0
0
0
0
0
0
0
0
0
0
0
0
0
0
0
0
0
0
0
0
0
0
0
0
0
0
0
0
0
0
0
0
0
0
0
0
0
0
0
0
0
0
0
0
0
0
0
0
0
0
0
0
0
0
0
0
0
0
0
0
0
0
0
0
0
0
0
0
0
0
0
0
0
0
0
0
0
0
0
0
0
0
0
0
0
0
0
0
0
6.906
0
0
0
0
0
0
0
0
0
0
0
0
0
0
0
0
0
0
0
0
-7.5242
0
0
0
0
0
0
0
0
0
0
0
0
0
0
0
0
0
0
0
0
0
0
0
0
0
0
0
0
0
0
0
0
0
0
0
0
0
0
0
0
0
0
0
0
0
0
0
0
0
0
0
0
0
0
0
0
0
0
0
0
0
0
0
0
0
0
0
0
0
0
0
0
0
0
0
0
0
0
0
0
0
0
0
0
0
0
0
0
0
0
0
0
0
0
0
7.5242
0
0
0
0
0
0
0
0
0
0
0
0
0
0
0
0
0
0
0
0
0
0
0
0
0
0
0
0
0
0
0
-6.4962
0
0
0
0
0
0
0
0
0
0
0
0
0
0
0
0
0
0
0
0
0
0
0
0
0
0
0
0
0
0
0
0
0
0
0
0
0
0
0
0
0
0
0
0
0
0
0
0
0
0
0
0
0
0
0
0
0
0
0
0
0
0
0
0
0
0
0
0
0
0
0
0
0
0
0
0
0
0
0
0
0
0
0
0
6.4962
0
0
0
0
0
0
0
0
0
0
0
0
0
0
0
0
0
0
0
0
0
0
0
0
0
0
0
0
0
0
0
0
0
0
0
0
0
0
0
0
0
0
0
0
0
0
0
0
0
0
0
0
0
0
0
0
0
0
0
0
0
0
0
0
0
0
0
0
0
0
0
0
0
0
0
0
0
0
0
0
0
0
0
0
0
0
0
0
0
0
0
0
-4.3421
0
0
0
0
0
0
0
0
0
0
0
0
0
0
0
0
0
0
0
0
0
0
0
4.3421
0
0
0
0
0
0
0
0
0
0
0
0
0
0
0
0
0
0
0
0
0
0
0
0
0
0
0
0
0
0
0
0
0
0
0
0
0
0
0
0
0
0
0
0
0
0
0
0
0
0
0
0
0
0
0
0
0
0
0
0
0
0
0
0
0
0
0
0
0
0
0
0
0
0
0
0
0
0
0
0
0
-4.8976
0
0
0
0
0
0
0
0
0
0
0
0
0
0
0
0
0
0
0
0
0
0
0
0
0
0
0
0
0
0
0
0
0
0
4.8976
0
0
0
0
0
0
0
0
0
0
0
0
0
0
0
0
0
0
0
0
0
0
0
0
0
0
0
0
0
0
0
0
0
0
0
0
0
0
0
0
0
0
0
0
0
0
0
0
0
0
0
0
0
0
0
0
0
0
0
0
0
0
0
0
0
0
0
0
0
0
0
0
0
0
0
0
0
0
0
0
0
0
0
0
0
0
0
0
0
0
0
0
0
0
0
0
-4.33
0
0
0
0
0
0
0
0
0
0
0
0
0
0
0
0
0
0
0
4.33
0
0
0
0
0
0
0
0
0
0
0
0
0
0
0
0
0
0
0
0
0
0
0
0
0
0
0
0
0
0
0
-5.7292
0
0
0
0
0
0
0
0
0
0
0
0
0
0
0
0
0
0
0
0
0
0
0
0
0
0
0
0
0
0
0
0
0
0
0
0
0
0
0
0
0
0
0
0
0
0
0
0
0
0
0
0
0
0
0
0
0
0
0
0
0
0
0
0
0
0
0
0
0
0
0
0
0
0
0
0
0
0
0
0
0
0
0
0
5.7292
0
0
0
0
0
0
0
0
0
0
0
0
0
0
0
0
0
0
0
0
0
0
0
0
0
0
0
0
0
-5.744
0
0
0
0
0
0
0
0
0
0
0
0
0
0
0
0
0
0
0
0
0
0
0
0
0
0
0
0
0
0
0
0
0
0
0
0
0
0
0
0
0
0
0
0
0
0
0
0
0
0
0
0
0
0
0
0
0
0
0
0
0
0
0
0
0
0
0
0
0
0
0
0
0
0
0
0
0
0
0
0
0
0
0
0
0
0
5.744
0
0
0
0
0
0
0
0
0
0
0
0
0
0
0
0
0
0
0
0
0
0
0
0
0
0
0
-6.1368
0
0
0
0
0
0
0
0
0
0
0
0
0
0
0
0
0
0
0
0
0
0
0
0
0
0
0
0
0
0
0
0
0
0
0
0
0
0
0
0
0
0
0
0
0
0
0
0
0
0
0
0
0
0
0
0
0
0
0
0
0
0
0
0
0
0
0
0
0
0
0
0
0
0
0
0
0
0
0
0
0
0
0
0
0
0
0
0
6.1368
0
0
0
0
0
0
0
0
0
0
0
0
0
0
0
0
0
0
0
0
0
0
0
0
0
0
0
0
0
0
0
-4.734
0
0
0
0
0
0
0
0
0
0
0
0
0
0
0
0
0
0
0
0
0
0
0
0
0
0
0
0
0
0
0
0
0
0
0
0
0
0
0
0
0
0
0
0
0
0
0
0
0
0
0
0
0
0
0
0
0
0
0
0
0
0
0
0
0
0
0
0
0
0
0
0
0
0
0
0
0
0
0
0
0
0
0
0
4.734
0
0
0
0
0
0
0
0
0
0
0
0
0
0
0
0
0
0
0
0
-6.4358
0
0
0
0
0
0
0
0
0
0
0
0
0
0
0
0
0
0
0
0
0
0
0
0
0
0
0
0
0
0
0
0
0
0
0
0
0
0
0
0
0
0
0
0
0
0
0
0
0
0
0
0
0
0
0
0
0
0
0
0
0
0
0
0
0
0
0
0
0
0
0
0
0
0
0
0
0
0
0
0
0
0
0
0
0
0
0
0
0
0
0
0
0
0
0
6.4358
0
0
0
0
0
0
0
0
0
0
0
0
0
0
0
0
0
0
0
0
0
0
0
0
0
0
0
0
0
0
0
0
0
0
0
0
0
0
0
0
0
0
0
0
0
0
0
0
0
0
0
0
0
0
0
0
0
0
0
-4.2734
0
0
0
0
0
0
0
0
0
0
0
0
0
0
0
0
0
0
0
0
0
0
0
0
0
0
0
0
0
0
0
0
0
0
0
0
0
0
0
0
0
0
0
0
0
0
0
0
0
0
0
0
0
0
0
0
4.2734
0
0
0
0
0
0
0
0
0
0
0
0
0
0
0
0
0
0
0
0
0
0
0
0
0
0
0
0
0
0
0
0
0
0
0
0
0
0
0
0
0
0
-3.7439
0
0
0
0
0
0
0
0
0
0
0
0
0
0
0
0
0
0
0
0
0
0
0
0
0
0
0
0
0
0
0
0
0
0
0
0
0
0
0
0
0
0
0
0
0
0
0
0
0
0
0
0
0
0
0
0
0
0
0
0
0
0
0
0
0
0
0
0
0
0
0
0
0
3.7439
0
0
0
0
0
0
0
0
0
0
0
0
0
0
0
0
0
0
0
0
0
0
0
0
0
0
0
0
0
0
0
0
0
0
0
0
0
0
0
0
0
0
0
0
0
0
0
0
0
0
0
0
0
0
0
0
0
0
0
0
0
0
0
0
0
0
0
0
0
0
0
0
0
0
0
-5.8118
0
0
0
0
0
0
0
0
0
0
0
0
0
0
0
0
0
0
0
0
0
0
0
0
0
0
0
0
0
0
0
0
0
0
0
0
0
0
0
0
5.8118
0
0
0
0
0
0
0
0
0
0
0
0
0
0
0
0
0
0
0
0
0
0
0
0
0
0
0
0
0
0
0
0
0
0
0
0
0
0
0
0
-3.7534
0
0
0
0
0
0
0
0
0
0
0
0
0
0
0
0
0
0
0
0
0
0
0
0
0
0
0
0
0
0
0
0
0
0
0
0
0
0
0
0
0
0
0
0
0
0
0
0
0
0
0
0
0
0
0
0
0
0
0
0
0
0
0
0
0
0
0
0
0
0
0
0
0
0
0
3.7534
0
0
0
0
0
0
0
0
0
0
0
0
0
0
0
0
0
0
0
0
0
0
0
0
0
0
0
0
0
-3.1162
0
0
0
0
0
0
0
0
0
0
0
0
0
0
0
0
0
0
0
0
0
0
0
0
0
0
0
0
0
0
0
0
0
0
0
0
0
0
0
0
0
0
0
0
0
0
0
0
0
0
0
0
0
0
0
0
0
0
0
0
0
0
0
0
0
0
0
0
0
0
0
0
0
0
0
0
0
0
0
0
0
0
0
0
0
0
3.1162
0
0
0
0
0
0
0
0
0
0
0
0
0
0
0
0
0
0
0
0
0
0
0
0
0
0
0
0
0
0
0
0
-0.62997
0
0
0
0
0
0
0
0
0
0
0
0
0
0
0
0
0
0
0
0
0
0
0
0
0
0
0
0
0
0
0
0
0
0
0
0
0
0
0
0
0
0
0
0
0
0
0
0
0
0
0
0
0
0
0
0
0
0
0
0
0
0
0
0
0
0
0
0
0
0
0
0
0
0
0
0
0
0
0
0
0
0
0
0.62997
0
0
0
0
0
0
0
0
0
0
0
0
0
0
0
0
0
0
0
0
0
0
0
0
0
0
0
0
0
0
0
0
0
0
0
0
0
0
0
0
0
0
0
0
0
0
0
0
0
0
0
0
0
0
0
0
0
0
0
0
0
0
0
0
0
0
0
0
0
0
0
0
0
0
-4.8938
0
0
0
0
0
0
0
0
0
0
0
0
0
0
0
0
0
0
0
0
0
0
0
0
0
0
0
0
0
0
0
0
0
0
0
0
0
0
0
0
0
4.8938
