1
0.97718
0.96368
0.95435
0.94714
0.93738
0.92893
0.92159
0.91519
0.90955
0.90452
0.90001
0.89596
0.89218
0.88854
0.88506
0.88174
0.87863
0.87571
0.87296
0.87035
0.86789
0.86559
0.86344
0.86146
0.85966
0.85804
0.8566
0.8553
0.85411
0.85299
0.85193
0.85091
0.84991
0.84892
0.84796
0.847
0.84606
0.84513
0.84421
0.84329
0.84239
0.84151
0.84064
0.8398
0.83897
0.83817
0.83738
0.83659
0.8358
0.835
0.83419
0.83336
0.8325
0.83161
0.83068
0.82972
0.82871
0.82766
0.82656
0.82541
0.82423
0.823
0.82175
0.82047
0.81918
0.81789
0.81662
0.81537
0.81416
0.81299
0.81189
0.81084
0.80985
0.80891
0.80803
0.80719
0.8064
0.80564
0.80492
0.80424
0.80358
0.80295
0.80236
0.8018
0.80126
0.80076
0.80028
0.79983
0.7994
0.79901
0.79863
0.79829
0.79797
0.79767
0.7974
0.79714
0.79691
0.7967
0.79649
0.7963
0.79612
0.79596
0.79579
0.79563
0.79548
0.79532
0.79517
0.79501
0.79485
0.79469
0.79453
0.79436
0.79419
0.79403
0.79387
0.79371
0.79355
0.79341
0.79327
0.79315
0.79304
0.79294
0.79287
0.79281
0.79276
0.79274
0.79273
0.79275
0.79278
0.79283
0.7929
0.79299
0.7931
0.79322
0.79336
0.79351
0.79366
0.79383
0.794
0.79417
0.79434
0.79451
0.79467
0.79482
0.79496
0.79508
0.79519
0.79527
0.79534
0.79538
0.7954
0.7954
0.79537
0.79532
0.79524
0.79513
0.79499
0.79483
0.79463
0.79441
