1
0.94871
0.9316
0.9216
0.91453
0.90903
0.90456
0.89548
0.88716
0.87919
0.87163
0.86447
0.8578
0.85134
0.8452
0.83919
0.83356
0.82815
0.82312
0.81828
0.81372
0.80929
0.80505
0.80093
0.79698
0.79318
0.78953
0.78602
0.78264
0.77939
0.77625
0.77322
0.7703
0.76747
0.76475
0.76212
0.75958
0.7571
0.75468
0.75231
0.74997
0.74765
0.74534
0.74304
0.74075
0.73846
0.73618
0.73392
0.73165
0.72938
0.72709
0.72477
0.72244
0.72009
0.71775
0.71541
0.71307
0.71075
0.70845
0.70616
0.70389
0.70164
0.69942
0.69722
0.69504
0.69289
0.69075
0.68862
0.6865
0.68438
0.68225
