1
0.9332
0.92484
0.93261
0.94136
0.94355
0.94284
0.9433
0.94243
0.93983
0.93855
0.93933
0.94058
0.94088
0.94016
0.93895
0.93779
0.93681
0.93587
0.93514
0.93468
0.93429
0.93393
0.9337
0.9336
0.93359
0.93366
0.93384
0.93418
0.93461
0.93503
0.93546
0.93598
0.93664
0.93744
0.93841
0.93964
0.94128
0.94332
0.94548
0.94718
0.948
0.94783
0.94686
0.9454
0.94372
0.94205
0.94046
0.93894
0.93751
0.93629
0.93537
0.93475
0.93438
0.93411
0.93367
0.93283
0.93163
0.93026
0.92897
0.92789
0.92695
0.92596
0.92485
0.92368
0.92255
0.9216
0.92092
0.92057
0.92048
0.92043
0.92017
0.91954
0.91857
0.91739
0.91613
0.91491
0.91379
0.9127
0.91154
0.91021
0.90872
0.9071
0.90546
0.90387
0.90242
0.9011
0.89994
0.89891
0.89799
0.89717
0.8964
0.89564
0.89484
0.89399
0.89309
0.89216
0.89121
0.89026
0.88932
0.88835
0.88736
0.88635
0.88534
0.88439
0.88353
0.88281
0.88225
0.88183
0.88153
0.88129
0.88105
