1
1.1059
1.3588
1.508
1.5948
1.6649
1.7913
1.9047
1.9877
2.0664
2.1513
2.2276
2.29
2.3427
2.3939
2.4459
2.4981
2.5486
2.5964
2.6408
2.6822
2.7219
2.7608
2.7973
2.8297
2.8578
2.8831
2.9071
2.9313
2.9559
2.98
3.0034
3.0257
3.0468
3.0668
3.0859
3.1043
3.1225
3.1406
3.1585
3.1757
3.1917
3.2063
3.2197
3.2323
3.2446
3.2569
3.2692
3.2811
3.2924
3.3027
3.3121
3.3205
3.3285
3.3366
3.3453
3.3542
3.363
3.3712
3.3788
3.3861
3.3933
3.4006
3.4084
3.4167
3.4258
3.4352
3.4444
3.4531
3.4611
3.4686
3.4756
3.4821
3.4885
3.4948
3.5011
3.5075
3.5141
3.5206
3.5269
3.5328
3.5384
3.5434
3.5481
3.5525
3.5566
3.5606
3.5644
3.5683
3.5721
3.5761
3.5802
3.5844
3.5888
3.5935
3.5982
3.6032
3.6083
3.6137
3.6193
3.6252
3.6313
3.6376
3.6441
3.651
3.6581
3.6655
3.6731
3.6809
3.6886
3.6962
3.7036
