1
0.9679
0.95487
0.95312
0.9512
0.95102
0.95034
0.9502
0.9487
0.94835
0.94698
0.94668
0.94605
0.94522
0.94436
0.9434
0.94238
0.9416
0.94066
0.93992
0.93901
0.93823
0.93732
0.93644
0.93552
0.93463
0.93368
0.9327
0.93173
0.93071
0.92972
0.92871
0.92773
0.92669
0.92566
0.92455
0.92347
0.92234
0.92123
0.92009
0.91899
0.91786
0.91676
0.91564
0.91454
0.91343
0.91233
0.91123
0.91014
0.90906
0.908
0.90695
0.90592
0.90491
0.90392
0.90295
0.90199
0.90105
0.90012
0.89919
0.89827
0.89735
0.89644
0.89554
0.89464
0.89376
0.8929
0.89205
0.89122
0.89041
0.88962
0.88885
0.8881
0.88737
0.88667
0.88598
0.88531
0.88465
0.88402
0.8834
0.8828
0.88222
0.88165
0.8811
0.88057
0.88006
0.87957
0.87909
0.87862
0.87817
0.87774
0.87733
0.87694
0.87656
0.8762
0.87586
0.87554
0.87524
0.87495
0.87468
0.87442
0.87418
0.87395
0.87373
0.87352
0.87332
0.87311
0.87292
0.87271
0.87251
0.87231
0.8721
0.87189
0.87168
0.87147
0.87126
0.87104
0.87083
0.87062
0.87041
0.87021
0.87002
0.86984
0.86968
0.86953
0.86939
0.86928
0.86918
