58.514
-0.88882
-0.88882
-0.90256
-0.88678
-0.90619
-0.91377
-0.8846
-0.8846
-0.87968
-0.91133
-0.88126
-0.92179
-0.8752
-0.90459
-0.89481
-0.89482
-0.89481
-0.89755
-0.89596
-0.87249
-0.8818
-0.88844
-0.88081
-0.87573
-0.87821
-0.87555
-0.87555
-0.87554
-0.92978
-0.8863
-0.89289
-0.8758
-0.89819
-0.89353
-0.8822
-0.88096
-0.88096
-0.88144
-0.8821
-0.88132
-0.8821
-0.87424
-0.89049
-0.90403
-0.90415
-0.90933
-0.93084
-0.88871
-0.85924
-0.85919
-0.85897
-0.89853
-0.93697
-0.91025
-0.89578
-0.89548
-0.86312
-0.92689
-0.96914
-0.96573
-1.1296
-1.3002
0
0
0
0
-2.4835
0
0
0
0
0
0
0
0
0
0
0
0
0
0
0
0
0
0
0
0
0
0
0
0
0
0
0
0
0
0
0
0
0
0
0
0
0
0
0
0
0
0
0
0
0
0
-0.88882
58.5137
-0.88882
-0.90255
-0.88677
-0.90619
-0.91378
-0.8846
-0.88459
-0.87968
-0.91133
-0.88126
-0.9218
-0.8752
-0.90459
-0.8948
-0.89481
-0.8948
-0.89754
-0.89596
-0.87249
-0.88179
-0.88844
-0.8808
-0.87573
-0.8782
-0.87554
-0.87554
-0.87553
-0.92977
-0.88629
-0.89289
-0.87579
-0.8982
-0.89352
-0.88219
-0.88095
-0.88095
-0.88144
-0.88209
-0.88131
-0.88209
-0.87424
-0.89049
-0.90403
-0.90416
-0.90932
-0.93083
-0.88871
-0.85923
-0.85918
-0.85896
-0.89853
-0.93696
-0.91024
-0.89577
-0.89548
-0.86312
-0.92688
-0.96913
-0.96572
-1.1296
-1.3002
0
0
0
0
-2.4835
0
0
0
0
0
0
0
0
0
0
0
0
0
0
0
0
0
0
0
0
0
0
0
0
0
0
0
0
0
0
0
0
0
0
0
0
0
0
0
0
0
0
0
0
0
0
-0.88882
-0.88882
58.514
-0.90256
-0.88678
-0.90619
-0.91377
-0.8846
-0.88461
-0.87968
-0.91133
-0.88126
-0.9218
-0.8752
-0.90459
-0.89482
-0.89481
-0.89481
-0.89755
-0.89597
-0.87249
-0.88181
-0.88845
-0.8808
-0.87573
-0.87821
-0.87555
-0.87554
-0.87554
-0.92978
-0.8863
-0.89289
-0.8758
-0.8982
-0.89353
-0.88219
-0.88095
-0.88096
-0.88143
-0.8821
-0.88132
-0.8821
-0.87424
-0.89049
-0.90404
-0.90415
-0.90933
-0.93084
-0.88871
-0.85924
-0.85918
-0.85896
-0.89853
-0.93696
-0.91025
-0.89578
-0.89548
-0.86312
-0.92689
-0.96913
-0.96572
-1.1296
-1.3002
0
0
0
0
-2.4835
0
0
0
0
0
0
0
0
0
0
0
0
0
0
0
0
0
0
0
0
0
0
0
0
0
0
0
0
0
0
0
0
0
0
0
0
0
0
0
0
0
0
0
0
0
0
-0.90256
-0.90255
-0.90256
62.5114
-0.89549
-0.91486
-0.92212
-0.8931
-0.8931
-0.88771
-0.91901
-0.88952
-0.92936
-0.8834
-0.91235
-0.90278
-0.90277
-0.90277
-0.9052
-0.90331
-0.88016
-0.88946
-0.89615
-0.88846
-0.88353
-0.88609
-0.88337
-0.88336
-0.88336
-0.93335
-0.89262
-0.90079
-0.88233
-0.90609
-0.90094
-0.88979
-0.88877
-0.88878
-0.88928
-0.88993
-0.88921
-0.88992
-0.88197
-0.89835
-0.91097
-0.91109
-0.91721
-0.93846
-0.89667
-0.8671
-0.86704
-0.86682
-0.90541
-0.94521
-0.91776
-0.90404
-0.90374
-0.87141
-0.93452
-0.9782
-0.97479
-1.1378
-1.3134
0
0
0
0
0
0
0
0
0
0
0
0
0
0
0
0
0
0
0
0
0
0
0
0
0
0
0
0
0
-5.9892
0
0
0
0
0
0
0
0
0
0
0
0
0
0
0
0
0
0
0
0
0
-0.88678
-0.88677
-0.88678
-0.89549
56.6242
-0.89923
-0.90629
-0.87873
-0.87873
-0.87396
-0.9042
-0.87518
-0.91392
-0.86903
-0.89699
-0.88857
-0.88857
-0.88856
-0.8905
-0.88919
-0.86596
-0.87495
-0.88156
-0.87397
-0.86956
-0.8719
-0.86925
-0.86924
-0.86924
-0.92075
-0.87889
-0.88695
-0.8688
-0.8918
-0.88696
-0.87562
-0.87461
-0.87461
-0.87509
-0.87576
-0.87479
-0.87575
-0.86773
-0.88415
-0.89717
-0.89729
-0.90272
-0.9242
-0.88241
-0.85308
-0.85302
-0.8528
-0.89174
-0.93073
-0.90386
-0.88973
-0.88944
-0.85723
-0.92073
-0.96355
-0.96014
-1.1228
-1.2964
0
0
0
0
0
0
0
0
-0.97981
0
0
0
0
0
0
0
0
0
0
0
0
0
0
0
0
0
0
0
0
0
0
0
0
0
0
0
0
0
0
0
0
0
0
0
0
0
0
0
0
0
0
-0.90619
-0.90619
-0.90619
-0.91486
-0.89923
64.1741
-0.92431
-0.89669
-0.89669
-0.89035
-0.92172
-0.89249
-0.93146
-0.88599
-0.91484
-0.90534
-0.90534
-0.90533
-0.90765
-0.90357
-0.88306
-0.89149
-0.89822
-0.89048
-0.88347
-0.88859
-0.88584
-0.88583
-0.88583
-0.93663
-0.89365
-0.89967
-0.88384
-0.90856
-0.9032
-0.89226
-0.89123
-0.89123
-0.89171
-0.89245
-0.88922
-0.89246
-0.88442
-0.90087
-0.91343
-0.91355
-0.91994
-0.94114
-0.89948
-0.86983
-0.86978
-0.86955
-0.90796
-0.94855
-0.92097
-0.90742
-0.90712
-0.87484
-0.93814
-0.98224
-0.97883
0
0
-2.0327
0
0
-1.891
0
0
0
0
0
0
0
0
0
0
0
0
0
0
0
0
0
0
0
0
0
0
0
0
0
0
0
0
0
0
-6.029
0
0
0
0
0
0
0
0
0
0
0
0
0
0
0
0
-0.91377
-0.91378
-0.91377
-0.92212
-0.90629
-0.92431
66.5577
-0.90412
-0.90412
-0.89744
-0.92907
-0.89981
-0.93603
-0.89327
-0.92176
-0.91263
-0.91262
-0.91261
-0.91388
-0.91205
-0.88972
-0.89888
-0.90561
-0.89787
-0.8932
-0.89585
-0.89312
-0.8931
-0.89311
-0.9409
-0.9006
-0.91069
-0.89027
-0.91599
-0.91013
-0.89946
-0.8986
-0.89861
-0.89909
-0.89977
-0.89901
-0.89976
-0.8917
-0.9082
-0.91982
-0.91993
-0.92736
-0.94823
-0.90687
-0.87709
-0.87703
-0.87681
-0.91417
-0.95591
-0.92757
-0.91467
-0.91437
-0.88206
-0.94484
-0.9904
-0.98698
0
0
0
0
0
0
0
0
0
0
0
0
0
0
0
0
0
0
0
0
-5.9534
0
0
0
0
0
0
0
0
-5.9535
0
0
0
0
0
0
0
0
0
0
0
0
0
0
0
0
0
0
0
0
0
0
0
-0.8846
-0.8846
-0.8846
-0.8931
-0.87873
-0.89669
-0.90412
55.4906
-0.87601
-0.87095
-0.90173
-0.87261
-0.91203
-0.86644
-0.89523
-0.88611
-0.8861
-0.8861
-0.88821
-0.88662
-0.86363
-0.87269
-0.8793
-0.8717
-0.86668
-0.86939
-0.86678
-0.86677
-0.86676
-0.91881
-0.87693
-0.88353
-0.86667
-0.88924
-0.88445
-0.87319
-0.87208
-0.87208
-0.87257
-0.87323
-0.87233
-0.87323
-0.86538
-0.88161
-0.89481
-0.89494
-0.90029
-0.92161
-0.87975
-0.8506
-0.85055
-0.85032
-0.88944
-0.92796
-0.90124
-0.88704
-0.88674
-0.85465
-0.91804
-0.96062
-0.95721
-1.1194
-1.2918
0
0
0
0
0
0
0
0
0
0
0
0
0
0
0
0
0
0
0
0
0
0
0
0
0
0
0
0
0
0
0
0
0
0
0
0
0
0
0
0
0
0
0
0
0
0
0
0
0
0
0
-0.8846
-0.88459
-0.88461
-0.8931
-0.87873
-0.89669
-0.90412
-0.87601
55.4905
-0.87096
-0.90173
-0.8726
-0.91203
-0.86643
-0.89524
-0.8861
-0.8861
-0.8861
-0.88821
-0.88662
-0.86363
-0.87268
-0.8793
-0.8717
-0.86668
-0.8694
-0.86677
-0.86677
-0.86677
-0.91881
-0.87693
-0.88353
-0.86667
-0.88923
-0.88444
-0.87319
-0.87208
-0.87208
-0.87258
-0.87322
-0.87233
-0.87322
-0.86538
-0.8816
-0.89481
-0.89494
-0.90028
-0.92161
-0.87975
-0.8506
-0.85054
-0.85032
-0.88944
-0.92796
-0.90124
-0.88704
-0.88675
-0.85465
-0.91804
-0.96063
-0.95722
-1.1194
-1.2918
0
0
0
0
0
0
0
0
0
0
0
0
0
0
0
0
0
0
0
0
0
0
0
0
0
0
0
0
0
0
0
0
0
0
0
0
0
0
0
0
0
0
0
0
0
0
0
0
0
0
0
-0.87968
-0.87968
-0.87968
-0.88771
-0.87396
-0.89035
-0.89744
-0.87095
-0.87096
53.6766
-0.89528
-0.8667
-0.90509
-0.86024
-0.88856
-0.88025
-0.88025
-0.88024
-0.88266
-0.88034
-0.85741
-0.86611
-0.87268
-0.86512
-0.8604
-0.86336
-0.86077
-0.86076
-0.86077
-0.91143
-0.8698
-0.87735
-0.85987
-0.88309
-0.87813
-0.86719
-0.86599
-0.86599
-0.86649
-0.86713
-0.86611
-0.86713
-0.85931
-0.87549
-0.88828
-0.88839
-0.89415
-0.91524
-0.87368
-0.84472
-0.84466
-0.84444
-0.883
-0.92193
-0.89513
-0.88119
-0.88089
-0.84894
-0.91214
-0.95513
-0.95171
0
0
0
0
0
0
0
0
0
0
0
-0.9551
0
0
0
0
0
0
0
0
0
0
0
0
0
0
0
0
0
0
0
0
0
0
0
0
0
0
0
0
0
0
0
0
0
0
0
0
0
0
0
0
0
-0.91133
-0.91133
-0.91133
-0.91901
-0.9042
-0.92172
-0.92907
-0.90173
-0.90173
-0.89528
60.4253
-0.8975
-0.93611
-0.89092
-0.92003
-0.91051
-0.9105
-0.9105
-0.91278
-0.91097
-0.88777
-0.89703
-0.90373
-0.89603
-0.89114
-0.89372
-0.89101
-0.89101
-0.89101
-0.94231
-0.90027
-0.90845
-0.88983
-0.91385
-0.90862
-0.89751
-0.89648
-0.89648
-0.89695
-0.89762
-0.89685
-0.89762
-0.8897
-0.90607
-0.91872
-0.91884
-0.92523
-0.94646
-0.90456
-0.87475
-0.87469
-0.87447
-0.91316
-0.95337
-0.92578
-0.91199
-0.9117
-0.87914
-0.94273
-0.98666
-0.98323
0
0
0
0
0
0
0
0
0
0
0
0
0
0
0
0
0
0
0
0
0
0
0
0
0
0
0
0
0
0
0
0
-5.8922
0
0
0
0
0
0
0
0
0
0
0
0
0
0
0
0
0
0
0
0
-0.88126
-0.88126
-0.88126
-0.88952
-0.87518
-0.89249
-0.89981
-0.87261
-0.8726
-0.8667
-0.8975
53.9594
-0.90766
-0.86227
-0.89075
-0.88226
-0.88226
-0.88226
-0.88486
-0.88273
-0.85959
-0.86855
-0.87514
-0.86756
-0.86262
-0.86543
-0.86285
-0.86283
-0.86284
-0.91415
-0.87258
-0.8794
-0.86246
-0.88519
-0.88031
-0.86917
-0.86808
-0.86808
-0.86858
-0.86922
-0.86828
-0.86922
-0.86146
-0.87759
-0.8906
-0.89073
-0.89629
-0.91742
-0.87571
-0.84671
-0.84666
-0.84644
-0.88531
-0.92389
-0.89717
-0.8831
-0.8828
-0.85081
-0.91404
-0.95677
-0.95336
-1.1152
0
0
0
0
0
0
0
0
0
0
0
0
0
0
0
0
0
0
0
0
0
0
0
0
0
0
0
0
0
0
0
0
0
0
0
0
0
0
0
0
0
0
0
0
0
0
0
0
0
0
0
0
-0.92179
-0.9218
-0.9218
-0.92936
-0.91392
-0.93146
-0.93603
-0.91203
-0.91203
-0.90509
-0.93611
-0.90766
73.3343
-0.90112
-0.92776
-0.91981
-0.91981
-0.91979
-0.91978
-0.91816
-0.89618
-0.90551
-0.9123
-0.90449
-0.90015
-0.90298
-0.90021
-0.9002
-0.9002
-0.94791
-0.90632
-0.91778
-0.89595
-0.92318
-0.91696
-0.90618
-0.90574
-0.90574
-0.90623
-0.90691
-0.90605
-0.90691
-0.89833
-0.91539
-0.92668
-0.9268
-0.9341
-0.95551
-0.91423
-0.88432
-0.88426
-0.88403
-0.92105
-0.96363
-0.93516
-0.92239
-0.9221
-0.88979
0
0
0
0
0
0
0
-2.1348
0
0
0
0
0
0
0
0
0
0
0
0
-6.3574
0
0
0
0
0
0
0
0
0
0
0
0
0
0
0
0
0
-6.3575
0
0
0
0
0
0
0
0
0
0
0
-6.3574
0
0
0
0
0
-0.8752
-0.8752
-0.8752
-0.8834
-0.86903
-0.88599
-0.89327
-0.86644
-0.86643
-0.86024
-0.89092
-0.86227
-0.90112
52.4636
-0.8842
-0.8764
-0.8764
-0.8764
-0.87743
-0.87428
-0.8532
-0.862
-0.86857
-0.861
-0.85614
-0.85907
-0.8565
-0.8565
-0.8565
-0.90774
-0.86576
-0.87284
-0.85586
-0.87872
-0.87378
-0.86292
-0.86167
-0.86167
-0.86217
-0.8628
-0.86185
-0.8628
-0.85506
-0.87115
-0.88405
-0.88417
-0.88976
-0.9108
-0.86924
-0.84038
-0.84033
-0.84011
-0.87879
-0.91728
-0.89058
-0.87662
-0.87631
-0.84442
-0.90749
-0.95028
-0.94686
0
0
0
0
0
0
0
0
0
0
0
0
0
0
0
0
0
0
0
0
0
0
0
0
0
0
0
0
0
0
0
0
0
0
0
0
0
0
0
0
0
0
0
0
0
0
0
0
0
0
0
0
0
-0.90459
-0.90459
-0.90459
-0.91235
-0.89699
-0.91484
-0.92176
-0.89523
-0.89524
-0.88856
-0.92003
-0.89075
-0.92776
-0.8842
56.8634
-0.90311
-0.90311
-0.90311
-0.90481
-0.90289
-0.88023
-0.88929
-0.89597
-0.88829
-0.88351
-0.88622
-0.88359
-0.88358
-0.88358
-0.93361
-0.89222
-0.90068
-0.88192
-0.90624
-0.90083
-0.88997
-0.88895
-0.88894
-0.88942
-0.89009
-0.88925
-0.89009
-0.88214
-0.89852
-0.9109
-0.91101
-0.91752
-0.9386
-0.89698
-0.86747
-0.86741
-0.86719
-0.90542
-0.94576
-0.91813
-0.9046
-0.90431
-0.87185
0
0
0
0
0
0
0
0
0
0
0
0
0
0
0
0
0
0
0
0
0
0
0
0
0
0
0
0
0
0
0
0
0
0
0
0
0
0
0
0
0
0
0
0
0
0
0
0
-5.6607
0
0
0
0
0
0
0
-0.89481
-0.8948
-0.89482
-0.90278
-0.88857
-0.90534
-0.91263
-0.88611
-0.8861
-0.88025
-0.91051
-0.88226
-0.91981
-0.8764
-0.90311
50.75
-0.89374
-0.89373
-0.89606
-0.89362
-0.87198
-0.8823
-0.88952
-0.88122
-0.87554
-0.87785
-0.87562
-0.87561
-0.87561
-0.92466
-0.88992
-0.89248
-0.87585
-0.89823
-0.89341
-0.88226
-0.88101
-0.88102
-0.88149
-0.88214
-0.88125
-0.88214
-0.87437
-0.89056
-0.90398
-0.9041
-0.90961
-0.93092
-0.88892
-0.85959
-0.85953
-0.85931
-0.89857
-0.93754
-0.91057
-0.89636
-0.89607
-0.8635
0
0
0
0
0
0
0
0
0
0
0
0
0
0
0
0
0
0
0
0
0
0
0
0
0
0
0
0
0
0
0
0
0
0
0
0
0
0
0
0
0
0
0
0
0
0
0
0
0
0
0
0
0
0
0
0
-0.89482
-0.89481
-0.89481
-0.90277
-0.88857
-0.90534
-0.91262
-0.8861
-0.8861
-0.88025
-0.9105
-0.88226
-0.91981
-0.8764
-0.90311
-0.89374
50.7499
-0.89373
-0.89606
-0.89363
-0.87198
-0.88229
-0.88952
-0.88121
-0.87553
-0.87784
-0.87563
-0.87562
-0.87561
-0.92465
-0.88992
-0.89248
-0.87586
-0.89824
-0.89341
-0.88225
-0.88101
-0.88101
-0.88149
-0.88214
-0.88125
-0.88214
-0.87437
-0.89056
-0.90397
-0.90409
-0.90961
-0.93091
-0.88892
-0.85959
-0.85952
-0.85931
-0.89856
-0.93754
-0.91057
-0.89636
-0.89606
-0.86349
0
0
0
0
0
0
0
0
0
0
0
0
0
0
0
0
0
0
0
0
0
0
0
0
0
0
0
0
0
0
0
0
0
0
0
0
0
0
0
0
0
0
0
0
0
0
0
0
0
0
0
0
0
0
0
0
-0.89481
-0.8948
-0.89481
-0.90277
-0.88856
-0.90533
-0.91261
-0.8861
-0.8861
-0.88024
-0.9105
-0.88226
-0.91979
-0.8764
-0.90311
-0.89373
-0.89373
50.7497
-0.89605
-0.89362
-0.87196
-0.88229
-0.88952
-0.88121
-0.87554
-0.87784
-0.87562
-0.87561
-0.87561
-0.92465
-0.88992
-0.89247
-0.87585
-0.89822
-0.89341
-0.88224
-0.881
-0.88101
-0.88149
-0.88214
-0.88125
-0.88213
-0.87436
-0.89055
-0.90397
-0.90409
-0.9096
-0.93091
-0.88891
-0.85958
-0.85953
-0.85931
-0.89856
-0.93754
-0.91057
-0.89635
-0.89606
-0.86349
0
0
0
0
0
0
0
0
0
0
0
0
0
0
0
0
0
0
0
0
0
0
0
0
0
0
0
0
0
0
0
0
0
0
0
0
0
0
0
0
0
0
0
0
0
0
0
0
0
0
0
0
0
0
0
0
-0.89755
-0.89754
-0.89755
-0.9052
-0.8905
-0.90765
-0.91388
-0.88821
-0.88821
-0.88266
-0.91278
-0.88486
-0.91978
-0.87743
-0.90481
-0.89606
-0.89606
-0.89605
54.3575
-0.89526
-0.87314
-0.88216
-0.88884
-0.88115
-0.87636
-0.8792
-0.87664
-0.87663
-0.87663
-0.92607
-0.88489
-0.89337
-0.87456
-0.89911
-0.89357
-0.88289
-0.8819
-0.8819
-0.88238
-0.88302
-0.88215
-0.88302
-0.87506
-0.89144
-0.90366
-0.90378
-0.91033
-0.93132
-0.88989
-0.86061
-0.86056
-0.86033
-0.89827
-0.93879
0
-0.89775
-0.89746
0
0
0
0
0
0
0
0
0
0
0
0
0
0
0
0
0
0
0
0
0
0
0
0
0
0
0
0
0
0
0
0
0
0
0
0
0
0
0
0
0
0
0
0
0
0
-5.3266
0
0
0
0
0
0
0
0
0
0
-0.89596
-0.89596
-0.89597
-0.90331
-0.88919
-0.90357
-0.91205
-0.88662
-0.88662
-0.88034
-0.91097
-0.88273
-0.91816
-0.87428
-0.90289
-0.89362
-0.89363
-0.89362
-0.89526
53.1899
-0.87124
-0.88035
-0.88712
-0.87933
-0.87355
-0.87719
-0.87457
-0.87457
-0.87457
-0.92349
-0.88305
-0.88759
-0.87223
-0.89695
-0.89127
-0.88068
-0.87973
-0.87973
-0.8802
-0.88084
-0.87994
-0.88084
-0.87286
-0.88925
-0.90162
-0.90174
-0.90829
-0.92929
-0.88792
-0.85849
-0.85844
-0.85822
-0.89624
0
0
0
0
0
0
0
0
0
0
-2.0077
0
0
0
0
0
0
0
0
0
0
0
0
0
-4.9961
0
0
0
0
0
0
0
0
0
0
0
0
0
0
0
0
0
0
0
0
0
0
0
0
0
0
0
0
0
0
0
0
0
0
0
0
-0.87249
-0.87249
-0.87249
-0.88016
-0.86596
-0.88306
-0.88972
-0.86363
-0.86363
-0.85741
-0.88777
-0.85959
-0.89618
-0.8532
-0.88023
-0.87198
-0.87198
-0.87196
-0.87314
-0.87124
47.9836
-0.85688
-0.86343
-0.85593
-0.8529
-0.85577
-0.85338
-0.85337
-0.85338
-0.90181
-0.85834
-0.86869
-0.85078
-0.87487
-0.86958
-0.85881
-0.85784
-0.85784
-0.85834
-0.85894
-0.85838
-0.85895
-0.85068
-0.86729
-0.87976
-0.87988
-0.88522
-0.90678
-0.86546
-0.83669
-0.83663
-0.83641
-0.87477
-0.91408
0
0
0
0
0
0
0
0
0
0
0
0
0
0
0
-2.0134
0
0
0
0
0
0
0
0
0
0
0
0
0
0
0
0
0
0
0
0
0
0
0
0
0
0
0
0
0
0
0
0
0
0
0
0
0
0
0
0
0
0
0
0
-0.8818
-0.88179
-0.88181
-0.88946
-0.87495
-0.89149
-0.89888
-0.87269
-0.87268
-0.86611
-0.89703
-0.86855
-0.90551
-0.862
-0.88929
-0.8823
-0.88229
-0.88229
-0.88216
-0.88035
-0.85688
49.6027
-0.87148
-0.863
-0.85975
-0.86355
-0.8612
-0.8612
-0.8612
-0.90764
-0.86578
-0.87683
-0.85518
-0.88307
-0.87688
-0.86695
-0.86599
-0.86599
-0.86647
-0.86711
-0.8657
-0.86711
-0.85918
-0.87547
-0.88723
-0.88736
-0.89444
-0.9151
-0.87416
-0.84521
-0.84516
-0.84494
-0.88212
0
0
0
0
0
0
0
0
0
0
0
0
0
0
0
0
0
0
0
0
0
0
0
0
0
0
0
0
0
0
0
0
0
0
0
0
0
0
0
0
0
0
0
0
0
0
0
0
0
0
0
0
0
0
0
0
0
0
0
-4.1199
0
-0.88844
-0.88844
-0.88845
-0.89615
-0.88156
-0.89822
-0.90561
-0.8793
-0.8793
-0.87268
-0.90373
-0.87514
-0.9123
-0.86857
-0.89597
-0.88952
-0.88952
-0.88952
-0.88884
-0.88712
-0.86343
-0.87148
50.1841
-0.87036
-0.86642
-0.87006
-0.86772
-0.86771
-0.8677
-0.91468
-0.87486
-0.88364
-0.86235
-0.8898
-0.88367
-0.87365
-0.87268
-0.87267
-0.87316
-0.8738
-0.87247
-0.8738
-0.86586
-0.8822
-0.89405
-0.89417
-0.90127
-0.92197
-0.88091
-0.85188
-0.85183
-0.85161
-0.88887
0
0
0
0
0
0
0
0
0
0
0
0
0
0
0
0
0
0
0
0
0
0
0
0
0
0
0
0
0
0
0
0
0
0
0
0
0
0
0
0
0
0
0
0
0
0
0
0
0
0
0
0
-4.3549
0
0
0
0
0
0
0
0
-0.88081
-0.8808
-0.8808
-0.88846
-0.87397
-0.89048
-0.89787
-0.8717
-0.8717
-0.86512
-0.89603
-0.86756
-0.90449
-0.861
-0.88829
-0.88122
-0.88121
-0.88121
-0.88115
-0.87933
-0.85593
-0.863
-0.87036
49.4992
-0.85881
-0.8626
-0.86025
-0.86025
-0.86024
-0.90657
-0.8644
-0.87584
-0.85416
-0.88209
-0.87591
-0.86596
-0.86501
-0.86501
-0.86549
-0.86612
-0.86472
-0.86612
-0.8582
-0.87449
-0.88625
-0.88637
-0.89345
-0.9141
-0.87317
-0.84424
-0.84418
-0.84397
-0.88115
0
0
0
0
0
0
0
0
0
0
0
0
0
0
0
0
0
0
0
0
0
0
0
0
0
0
0
0
0
0
-4.0676
0
0
0
0
0
0
0
0
0
0
0
0
0
0
0
0
0
0
0
0
0
0
0
0
0
0
0
0
0
0
-0.87573
-0.87573
-0.87573
-0.88353
-0.86956
-0.88347
-0.8932
-0.86668
-0.86668
-0.8604
-0.89114
-0.86262
-0.90015
-0.85614
-0.88351
-0.87554
-0.87553
-0.87554
-0.87636
-0.87355
-0.8529
-0.85975
-0.86642
-0.85881
47.6727
-0.85809
-0.85642
-0.85641
-0.85641
-0.90553
-0.86216
-0.86933
-0.85297
-0.87749
-0.87201
-0.86158
-0.86049
-0.86048
-0.86096
-0.86168
-0.85804
-0.86168
-0.85376
-0.87002
-0.88268
-0.88279
-0.8885
-0.90951
-0.86848
-0.83948
-0.83942
-0.8392
0
0
0
0
0
0
0
0
0
0
0
0
-1.5187
0
-1.8297
0
0
0
0
0
0
0
0
0
0
0
0
0
0
0
0
0
0
0
0
0
0
0
0
0
0
0
0
0
0
0
0
0
0
0
0
0
0
0
0
0
0
0
0
0
0
0
-0.87821
-0.8782
-0.87821
-0.88609
-0.8719
-0.88859
-0.89585
-0.86939
-0.8694
-0.86336
-0.89372
-0.86543
-0.90298
-0.85907
-0.88622
-0.87785
-0.87784
-0.87784
-0.8792
-0.87719
-0.85577
-0.86355
-0.87006
-0.8626
-0.85809
46.2917
-0.86007
-0.86007
-0.86007
-0.90816
-0.86667
-0.87492
-0.858
-0.881
-0.87589
-0.86512
-0.86392
-0.86392
-0.8644
-0.86501
-0.86407
-0.86501
-0.85727
-0.8734
-0.88627
-0.88639
-0.89196
-0.91304
-0.8715
-0.84263
-0.84258
-0.84235
-0.88119
-0.92024
0
0
0
0
0
0
0
0
0
0
0
0
0
0
0
0
0
0
0
0
0
0
0
0
0
0
0
0
0
0
0
0
0
0
0
0
0
0
0
0
0
0
0
0
0
0
0
0
0
0
0
0
0
0
0
0
0
0
0
0
-0.87555
-0.87554
-0.87555
-0.88337
-0.86925
-0.88584
-0.89312
-0.86678
-0.86677
-0.86077
-0.89101
-0.86285
-0.90021
-0.8565
-0.88359
-0.87562
-0.87563
-0.87562
-0.87664
-0.87457
-0.85338
-0.8612
-0.86772
-0.86025
-0.85642
-0.86007
44.3417
-0.85265
-0.85263
-0.90529
-0.86491
-0.87008
-0.8662
-0.877
-0.87108
-0.86121
-0.86015
-0.86015
-0.86058
-0.86116
-0.86013
-0.86116
-0.85335
-0.86954
-0.88302
-0.88314
-0.88853
-0.90954
-0.8684
-0.83945
-0.83939
-0.83917
0
0
0
0
0
0
0
0
0
0
0
0
0
0
0
0
0
0
0
0
0
0
0
0
0
0
0
0
0
0
0
0
0
0
0
0
0
0
0
0
0
0
0
0
0
0
0
0
0
0
0
0
0
0
0
0
0
0
0
0
0
0
-0.87555
-0.87554
-0.87554
-0.88336
-0.86924
-0.88583
-0.8931
-0.86677
-0.86677
-0.86076
-0.89101
-0.86283
-0.9002
-0.8565
-0.88358
-0.87561
-0.87562
-0.87561
-0.87663
-0.87457
-0.85337
-0.8612
-0.86771
-0.86025
-0.85641
-0.86007
-0.85265
44.3414
-0.85263
-0.90528
-0.86491
-0.87008
-0.8662
-0.87699
-0.87107
-0.8612
-0.86014
-0.86015
-0.86058
-0.86115
-0.86012
-0.86116
-0.85335
-0.86953
-0.88302
-0.88314
-0.88852
-0.90953
-0.86839
-0.83944
-0.83938
-0.83916
0
0
0
0
0
0
0
0
0
0
0
0
0
0
0
0
0
0
0
0
0
0
0
0
0
0
0
0
0
0
0
0
0
0
0
0
0
0
0
0
0
0
0
0
0
0
0
0
0
0
0
0
0
0
0
0
0
0
0
0
0
0
-0.87554
-0.87553
-0.87554
-0.88336
-0.86924
-0.88583
-0.89311
-0.86676
-0.86677
-0.86077
-0.89101
-0.86284
-0.9002
-0.8565
-0.88358
-0.87561
-0.87561
-0.87561
-0.87663
-0.87457
-0.85338
-0.8612
-0.8677
-0.86024
-0.85641
-0.86007
-0.85263
-0.85263
44.3413
-0.90528
-0.8649
-0.87008
-0.8662
-0.87699
-0.87107
-0.8612
-0.86014
-0.86014
-0.86059
-0.86115
-0.86013
-0.86115
-0.85335
-0.86952
-0.88302
-0.88313
-0.88852
-0.90953
-0.86839
-0.83943
-0.83938
-0.83916
0
0
0
0
0
0
0
0
0
0
0
0
0
0
0
0
0
0
0
0
0
0
0
0
0
0
0
0
0
0
0
0
0
0
0
0
0
0
0
0
0
0
0
0
0
0
0
0
0
0
0
0
0
0
0
0
0
0
0
0
0
0
-0.92978
-0.92977
-0.92978
-0.93335
-0.92075
-0.93663
-0.9409
-0.91881
-0.91881
-0.91143
-0.94231
-0.91415
-0.94791
-0.90774
-0.93361
-0.92466
-0.92465
-0.92465
-0.92607
-0.92349
-0.90181
-0.90764
-0.91468
-0.90657
-0.90553
-0.90816
-0.90529
-0.90528
-0.90528
61.112
-0.89761
-0.92046
-0.89461
-0.92661
-0.91982
-0.90945
-0.90917
-0.90917
-0.90962
-0.91023
-0.9102
-0.91022
-0.90168
-0.9188
0
0
0
0
0
0
0
0
0
0
0
0
0
0
0
0
0
0
0
0
0
0
0
0
0
0
-2.0308
0
0
0
0
-2.5537
0
0
0
0
0
0
0
0
0
-5.6934
0
0
0
0
0
-5.6935
0
0
0
0
0
0
0
-5.6934
0
0
0
0
0
0
0
0
0
0
0
0
0
0
-0.8863
-0.88629
-0.8863
-0.89262
-0.87889
-0.89365
-0.9006
-0.87693
-0.87693
-0.8698
-0.90027
-0.87258
-0.90632
-0.86576
-0.89222
-0.88992
-0.88992
-0.88992
-0.88489
-0.88305
-0.85834
-0.86578
-0.87486
-0.8644
-0.86216
-0.86667
-0.86491
-0.86491
-0.8649
-0.89761
49.448
-0.87821
-0.85753
-0.88497
-0.87851
-0.86866
-0.86817
-0.86817
-0.86859
-0.86917
-0.86658
-0.86917
-0.86119
-0.87767
0
0
0
0
0
0
0
0
0
0
0
0
0
0
0
0
0
0
0
0
0
0
0
0
0
0
0
0
0
0
-2.94
0
0
0
0
0
0
0
0
0
0
0
0
-4.3917
0
0
0
0
0
0
0
0
0
0
0
0
0
0
-4.392
0
0
0
0
0
0
0
0
0
0
0
-0.89289
-0.89289
-0.89289
-0.90079
-0.88695
-0.89967
-0.91069
-0.88353
-0.88353
-0.87735
-0.90845
-0.8794
-0.91778
-0.87284
-0.90068
-0.89248
-0.89248
-0.89247
-0.89337
-0.88759
-0.86869
-0.87683
-0.88364
-0.87584
-0.86933
-0.87492
-0.87008
-0.87008
-0.87008
-0.92046
-0.87821
41.5281
-0.86599
-0.89511
-0.9015
-0.88001
-0.87866
-0.87865
-0.87895
-0.87946
-0.87926
-0.87946
-0.87278
-0.88818
0
0
0
0
0
0
0
0
0
0
0
0
0
0
0
0
0
0
0
-1.9388
-1.4944
0
0
0
0
0
0
0
0
0
0
0
0
0
0
0
0
0
0
0
0
0
0
0
0
0
0
0
0
0
0
0
0
0
0
0
0
0
0
0
0
0
0
0
0
0
0
0
0
0
-0.8758
-0.87579
-0.8758
-0.88233
-0.8688
-0.88384
-0.89027
-0.86667
-0.86667
-0.85987
-0.88983
-0.86246
-0.89595
-0.85586
-0.88192
-0.87585
-0.87586
-0.87585
-0.87456
-0.87223
-0.85078
-0.85518
-0.86235
-0.85416
-0.85297
-0.858
-0.8662
-0.8662
-0.8662
-0.89461
-0.85753
-0.86599
45.5042
-0.8741
-0.86662
-0.85833
-0.85769
-0.85769
-0.85806
-0.85857
-0.85648
-0.85858
-0.85105
-0.86707
0
0
0
0
0
0
0
0
0
0
0
0
0
0
0
0
0
0
0
0
0
0
0
0
0
0
0
0
0
0
0
0
0
0
0
0
0
0
0
0
0
0
0
0
0
0
0
0
0
0
0
-4.0929
0
0
0
0
0
0
0
0
0
0
0
-4.0908
0
0
0
0
0
0
-0.89819
-0.8982
-0.8982
-0.90609
-0.8918
-0.90856
-0.91599
-0.88924
-0.88923
-0.88309
-0.91385
-0.88519
-0.92318
-0.87872
-0.90624
-0.89823
-0.89824
-0.89822
-0.89911
-0.89695
-0.87487
-0.88307
-0.8898
-0.88209
-0.87749
-0.881
-0.877
-0.87699
-0.87699
-0.92661
-0.88497
-0.89511
-0.8741
39.2581
-0.89563
-0.88939
-0.88574
-0.88574
-0.88699
-0.88779
-0.88903
-0.88779
-0.88233
-0.89675
0
0
0
0
-0.89426
0
0
0
0
0
0
0
0
0
0
0
0
0
0
0
0
0
0
0
0
0
0
0
0
0
0
0
0
0
0
0
0
0
0
0
0
0
0
0
0
0
0
0
0
0
0
0
0
0
0
0
0
0
0
0
0
0
0
0
0
0
0
0
0
0
-0.89353
-0.89352
-0.89353
-0.90094
-0.88696
-0.9032
-0.91013
-0.88445
-0.88444
-0.87813
-0.90862
-0.88031
-0.91696
-0.87378
-0.90083
-0.89341
-0.89341
-0.89341
-0.89357
-0.89127
-0.86958
-0.87688
-0.88367
-0.87591
-0.87201
-0.87589
-0.87108
-0.87107
-0.87107
-0.91982
-0.87851
-0.9015
-0.86662
-0.89563
41.3757
-0.88045
-0.87933
-0.87933
-0.8796
-0.8801
-0.87982
-0.88011
-0.87341
-0.88882
0
0
0
0
0
0
0
0
0
0
0
0
0
0
0
0
0
0
0
0
0
0
0
0
0
0
0
0
0
0
0
0
0
0
0
0
0
0
0
0
0
0
0
0
0
0
0
0
0
0
0
0
0
0
0
0
0
-3.251
0
0
0
0
0
0
0
0
0
0
0
0
-0.8822
-0.88219
-0.88219
-0.88979
-0.87562
-0.89226
-0.89946
-0.87319
-0.87319
-0.86719
-0.89751
-0.86917
-0.90618
-0.86292
-0.88997
-0.88226
-0.88225
-0.88224
-0.88289
-0.88068
-0.85881
-0.86695
-0.87365
-0.86596
-0.86158
-0.86512
-0.86121
-0.8612
-0.8612
-0.90945
-0.86866
-0.88001
-0.85833
-0.88939
-0.88045
38.003
-0.8698
-0.8698
-0.86584
-0.86545
-0.86573
-0.86545
-0.86042
0
0
0
0
0
0
0
0
0
0
0
0
0
0
0
0
0
0
0
0
0
0
0
0
0
-1.2252
0
0
0
0
0
0
0
0
0
0
0
0
0
0
0
0
0
0
0
0
0
0
0
0
0
0
0
0
0
0
0
0
0
0
0
0
0
0
0
0
0
0
0
0
0
-0.88096
-0.88095
-0.88095
-0.88877
-0.87461
-0.89123
-0.8986
-0.87208
-0.87208
-0.86599
-0.89648
-0.86808
-0.90574
-0.86167
-0.88895
-0.88101
-0.88101
-0.881
-0.8819
-0.87973
-0.85784
-0.86599
-0.87268
-0.86501
-0.86049
-0.86392
-0.86015
-0.86014
-0.86014
-0.90917
-0.86817
-0.87866
-0.85769
-0.88574
-0.87933
-0.8698
37.608
-0.85823
-0.86636
-0.86663
-0.86683
-0.86662
-0.86069
-0.8759
0
0
0
0
0
0
0
0
0
0
0
0
0
0
0
0
0
0
0
0
0
0
0
0
0
0
0
0
0
0
0
0
0
0
0
0
0
0
0
0
0
0
0
0
0
0
0
0
0
0
0
0
0
0
0
0
0
0
0
0
0
0
0
0
0
0
0
0
0
0
-0.88096
-0.88095
-0.88096
-0.88878
-0.87461
-0.89123
-0.89861
-0.87208
-0.87208
-0.86599
-0.89648
-0.86808
-0.90574
-0.86167
-0.88894
-0.88102
-0.88101
-0.88101
-0.8819
-0.87973
-0.85784
-0.86599
-0.87267
-0.86501
-0.86048
-0.86392
-0.86015
-0.86015
-0.86014
-0.90917
-0.86817
-0.87865
-0.85769
-0.88574
-0.87933
-0.8698
-0.85823
37.608
-0.86635
-0.86663
-0.86683
-0.86663
-0.86069
-0.8759
0
0
0
0
0
0
0
0
0
0
0
0
0
0
0
0
0
0
0
0
0
0
0
0
0
0
0
0
0
0
0
0
0
0
0
0
0
0
0
0
0
0
0
0
0
0
0
0
0
0
0
0
0
0
0
0
0
0
0
0
0
0
0
0
0
0
0
0
0
0
-0.88144
-0.88144
-0.88143
-0.88928
-0.87509
-0.89171
-0.89909
-0.87257
-0.87258
-0.86649
-0.89695
-0.86858
-0.90623
-0.86217
-0.88942
-0.88149
-0.88149
-0.88149
-0.88238
-0.8802
-0.85834
-0.86647
-0.87316
-0.86549
-0.86096
-0.8644
-0.86058
-0.86058
-0.86059
-0.90962
-0.86859
-0.87895
-0.85806
-0.88699
-0.8796
-0.86584
-0.86636
-0.86635
35.8955
-0.86794
-0.86719
-0.86794
0
0
0
0
0
0
0
0
0
0
0
0
0
0
0
0
0
0
0
0
0
0
0
0
0
0
0
0
0
0
0
0
0
0
0
0
0
0
0
0
0
0
0
0
0
0
0
0
0
0
0
0
0
0
0
0
0
0
0
0
0
0
0
0
0
0
0
0
0
0
0
0
-0.8821
-0.88209
-0.8821
-0.88993
-0.87576
-0.89245
-0.89977
-0.87323
-0.87322
-0.86713
-0.89762
-0.86922
-0.90691
-0.8628
-0.89009
-0.88214
-0.88214
-0.88214
-0.88302
-0.88084
-0.85894
-0.86711
-0.8738
-0.86612
-0.86168
-0.86501
-0.86116
-0.86115
-0.86115
-0.91023
-0.86917
-0.87946
-0.85857
-0.88779
-0.8801
-0.86545
-0.86663
-0.86663
-0.86794
35.0613
0
-0.87853
0
0
0
0
0
0
0
0
0
0
0
0
0
0
0
0
0
0
0
0
0
0
0
0
0
0
0
0
0
0
0
0
0
0
0
0
0
0
0
0
0
0
0
0
0
0
0
0
0
0
0
0
0
0
0
0
0
0
0
0
0
0
0
0
0
0
0
0
0
0
0
0
-0.88132
-0.88131
-0.88132
-0.88921
-0.87479
-0.88922
-0.89901
-0.87233
-0.87233
-0.86611
-0.89685
-0.86828
-0.90605
-0.86185
-0.88925
-0.88125
-0.88125
-0.88125
-0.88215
-0.87994
-0.85838
-0.8657
-0.87247
-0.86472
-0.85804
-0.86407
-0.86013
-0.86012
-0.86013
-0.9102
-0.86658
-0.87926
-0.85648
-0.88903
-0.87982
-0.86573
-0.86683
-0.86683
-0.86719
0
35.9562
0
0
0
0
0
0
0
0
0
0
0
0
0
0
0
0
0
0
0
0
0
0
0
0
0
-1.8094
0
0
0
0
0
0
0
0
0
0
0
0
0
0
0
0
0
0
0
0
0
0
0
0
0
0
0
0
0
0
0
0
0
0
0
0
0
0
0
0
0
0
0
0
0
0
0
-0.8821
-0.88209
-0.8821
-0.88992
-0.87575
-0.89246
-0.89976
-0.87323
-0.87322
-0.86713
-0.89762
-0.86922
-0.90691
-0.8628
-0.89009
-0.88214
-0.88214
-0.88213
-0.88302
-0.88084
-0.85895
-0.86711
-0.8738
-0.86612
-0.86168
-0.86501
-0.86116
-0.86116
-0.86115
-0.91022
-0.86917
-0.87946
-0.85858
-0.88779
-0.88011
-0.86545
-0.86662
-0.86663
-0.86794
-0.87853
0
35.0613
0
0
0
0
0
0
0
0
0
0
0
0
0
0
0
0
0
0
0
0
0
0
0
0
0
0
0
0
0
0
0
0
0
0
0
0
0
0
0
0
0
0
0
0
0
0
0
0
0
0
0
0
0
0
0
0
0
0
0
0
0
0
0
0
0
0
0
0
0
0
0
0
-0.87424
-0.87424
-0.87424
-0.88197
-0.86773
-0.88442
-0.8917
-0.86538
-0.86538
-0.85931
-0.8897
-0.86146
-0.89833
-0.85506
-0.88214
-0.87437
-0.87437
-0.87436
-0.87506
-0.87286
-0.85068
-0.85918
-0.86586
-0.8582
-0.85376
-0.85727
-0.85335
-0.85335
-0.85335
-0.90168
-0.86119
-0.87278
-0.85105
-0.88233
-0.87341
-0.86042
-0.86069
-0.86069
0
0
0
0
35.2162
0
0
0
0
0
0
0
0
0
0
0
0
0
0
0
0
0
0
0
0
0
0
0
0
0
0
0
0
0
0
-2.1907
0
0
0
0
0
0
0
0
0
0
0
0
0
0
0
0
0
0
0
0
0
0
0
0
0
0
0
0
0
0
0
0
0
0
0
0
0
0
0
0
-0.89049
-0.89049
-0.89049
-0.89835
-0.88415
-0.90087
-0.9082
-0.88161
-0.8816
-0.87549
-0.90607
-0.87759
-0.91539
-0.87115
-0.89852
-0.89056
-0.89056
-0.89055
-0.89144
-0.88925
-0.86729
-0.87547
-0.8822
-0.87449
-0.87002
-0.8734
-0.86954
-0.86953
-0.86952
-0.9188
-0.87767
-0.88818
-0.86707
-0.89675
-0.88882
0
-0.8759
-0.8759
0
0
0
0
0
32.7634
0
0
0
0
0
0
0
0
0
0
0
0
0
0
0
0
0
0
0
0
0
0
0
0
0
0
0
0
0
0
0
0
0
0
0
0
0
0
0
0
0
0
0
0
0
0
0
0
0
0
0
0
0
0
0
0
0
0
0
0
0
0
0
0
0
0
0
0
0
0
-0.90403
-0.90403
-0.90404
-0.91097
-0.89717
-0.91343
-0.91982
-0.89481
-0.89481
-0.88828
-0.91872
-0.8906
-0.92668
-0.88405
-0.9109
-0.90398
-0.90397
-0.90397
-0.90366
-0.90162
-0.87976
-0.88723
-0.89405
-0.88625
-0.88268
-0.88627
-0.88302
-0.88302
-0.88302
0
0
0
0
0
0
0
0
0
0
0
0
0
0
0
32.0758
0
0
0
0
0
0
0
0
0
0
0
0
0
0
0
0
0
0
0
0
0
0
0
0
0
0
0
0
0
0
0
0
0
0
0
0
0
-3.0155
0
0
0
0
0
0
0
0
0
0
0
0
0
0
0
0
0
0
0
0
0
-3.0155
0
0
0
0
0
0
0
0
0
-0.90415
-0.90416
-0.90415
-0.91109
-0.89729
-0.91355
-0.91993
-0.89494
-0.89494
-0.88839
-0.91884
-0.89073
-0.9268
-0.88417
-0.91101
-0.9041
-0.90409
-0.90409
-0.90378
-0.90174
-0.87988
-0.88736
-0.89417
-0.88637
-0.88279
-0.88639
-0.88314
-0.88314
-0.88313
0
0
0
0
0
0
0
0
0
0
0
0
0
0
0
0
32.0848
0
0
0
0
0
0
0
0
0
0
0
0
0
0
0
0
0
0
0
0
0
0
0
0
0
0
0
0
0
0
0
0
0
0
0
0
0
0
0
0
0
0
0
0
0
0
0
0
0
0
0
0
-3.0182
0
0
0
0
0
0
0
0
0
0
-3.0182
0
0
0
0
-0.90933
-0.90932
-0.90933
-0.91721
-0.90272
-0.91994
-0.92736
-0.90029
-0.90028
-0.89415
-0.92523
-0.89629
-0.9341
-0.88976
-0.91752
-0.90961
-0.90961
-0.9096
-0.91033
-0.90829
-0.88522
-0.89444
-0.90127
-0.89345
-0.8885
-0.89196
-0.88853
-0.88852
-0.88852
0
0
0
0
0
0
0
0
0
0
0
0
0
0
0
0
0
28.4156
0
0
0
0
0
0
0
0
0
0
0
0
0
0
0
0
0
0
0
0
0
0
0
0
0
0
-2.1949
0
0
0
0
0
0
0
0
0
0
0
0
0
0
0
0
0
0
0
0
0
0
0
0
0
0
0
0
0
0
0
0
0
0
0
0
0
0
0
0
-0.93084
-0.93083
-0.93084
-0.93846
-0.9242
-0.94114
-0.94823
-0.92161
-0.92161
-0.91524
-0.94646
-0.91742
-0.95551
-0.9108
-0.9386
-0.93092
-0.93091
-0.93091
-0.93132
-0.92929
-0.90678
-0.9151
-0.92197
-0.9141
-0.90951
-0.91304
-0.90954
-0.90953
-0.90953
0
0
0
0
0
0
0
0
0
0
0
0
0
0
0
0
0
0
29.3364
0
0
0
0
0
0
0
0
0
0
0
0
0
0
0
0
0
0
0
0
0
0
0
0
0
0
0
0
0
0
0
0
0
0
0
0
0
0
0
0
0
0
0
0
0
0
0
0
0
0
0
0
0
0
0
0
0
0
0
0
0
0
0
-2.5022
0
0
-0.88871
-0.88871
-0.88871
-0.89667
-0.88241
-0.89948
-0.90687
-0.87975
-0.87975
-0.87368
-0.90456
-0.87571
-0.91423
-0.86924
-0.89698
-0.88892
-0.88892
-0.88891
-0.88989
-0.88792
-0.86546
-0.87416
-0.88091
-0.87317
-0.86848
-0.8715
-0.8684
-0.86839
-0.86839
0
0
0
0
-0.89426
0
0
0
0
0
0
0
0
0
0
0
0
0
0
26.5232
0
0
0
0
0
0
0
0
0
0
0
0
0
0
0
0
0
0
0
0
0
0
0
0
0
0
0
0
0
0
0
0
0
0
0
0
0
0
0
0
0
0
0
0
0
0
0
0
0
0
0
0
0
0
0
0
0
0
0
0
0
0
0
0
0
-0.85924
-0.85923
-0.85924
-0.8671
-0.85308
-0.86983
-0.87709
-0.8506
-0.8506
-0.84472
-0.87475
-0.84671
-0.88432
-0.84038
-0.86747
-0.85959
-0.85959
-0.85958
-0.86061
-0.85849
-0.83669
-0.84521
-0.85188
-0.84424
-0.83948
-0.84263
-0.83945
-0.83944
-0.83943
0
0
0
0
0
0
0
0
0
0
0
0
0
0
0
0
0
0
0
0
24.7807
0
0
0
0
0
0
0
0
0
0
0
0
0
0
0
0
0
0
0
0
0
0
0
0
0
0
0
0
0
0
0
0
0
0
0
0
0
0
0
0
0
0
0
0
0
0
0
0
0
0
0
0
0
0
0
0
0
0
0
0
0
0
0
0
-0.85919
-0.85918
-0.85918
-0.86704
-0.85302
-0.86978
-0.87703
-0.85055
-0.85054
-0.84466
-0.87469
-0.84666
-0.88426
-0.84033
-0.86741
-0.85953
-0.85952
-0.85953
-0.86056
-0.85844
-0.83663
-0.84516
-0.85183
-0.84418
-0.83942
-0.84258
-0.83939
-0.83938
-0.83938
0
0
0
0
0
0
0
0
0
0
0
0
0
0
0
0
0
0
0
0
0
24.7791
0
0
0
0
0
0
0
0
0
0
0
0
0
0
0
0
0
0
0
0
0
0
0
0
0
0
0
0
0
0
0
0
0
0
0
0
0
0
0
0
0
0
0
0
0
0
0
0
0
0
0
0
0
0
0
0
0
0
0
0
0
0
0
-0.85897
-0.85896
-0.85896
-0.86682
-0.8528
-0.86955
-0.87681
-0.85032
-0.85032
-0.84444
-0.87447
-0.84644
-0.88403
-0.84011
-0.86719
-0.85931
-0.85931
-0.85931
-0.86033
-0.85822
-0.83641
-0.84494
-0.85161
-0.84397
-0.8392
-0.84235
-0.83917
-0.83916
-0.83916
0
0
0
0
0
0
0
0
0
0
0
0
0
0
0
0
0
0
0
0
0
0
24.7726
0
0
0
0
0
0
0
0
0
0
0
0
0
0
0
0
0
0
0
0
0
0
0
0
0
0
0
0
0
0
0
0
0
0
0
0
0
0
0
0
0
0
0
0
0
0
0
0
0
0
0
0
0
0
0
0
0
0
0
0
0
0
-0.89853
-0.89853
-0.89853
-0.90541
-0.89174
-0.90796
-0.91417
-0.88944
-0.88944
-0.883
-0.91316
-0.88531
-0.92105
-0.87879
-0.90542
-0.89857
-0.89856
-0.89856
-0.89827
-0.89624
-0.87477
-0.88212
-0.88887
-0.88115
0
-0.88119
0
0
0
0
0
0
0
0
0
0
0
0
0
0
0
0
0
0
0
0
0
0
0
0
0
0
27.8192
0
0
0
0
0
0
0
0
0
0
0
0
0
0
0
0
0
0
0
0
0
0
0
-2.7202
0
0
0
0
0
0
0
0
0
0
0
0
0
0
0
0
0
-2.7202
0
0
0
0
0
0
0
0
0
0
0
0
0
0
0
0
0
0
0
-0.93697
-0.93696
-0.93696
-0.94521
-0.93073
-0.94855
-0.95591
-0.92796
-0.92796
-0.92193
-0.95337
-0.92389
-0.96363
-0.91728
-0.94576
-0.93754
-0.93754
-0.93754
-0.93879
0
-0.91408
0
0
0
0
-0.92024
0
0
0
0
0
0
0
0
0
0
0
0
0
0
0
0
0
0
0
0
0
0
0
0
0
0
0
19.6588
0
0
0
0
0
0
0
0
0
0
0
0
0
0
0
0
0
0
0
0
0
0
0
0
0
0
0
0
0
0
0
0
0
0
0
0
0
0
0
0
0
0
0
0
0
0
0
0
0
0
0
0
0
0
0
0
0
0
0
0
-0.91025
-0.91024
-0.91025
-0.91776
-0.90386
-0.92097
-0.92757
-0.90124
-0.90124
-0.89513
-0.92578
-0.89717
-0.93516
-0.89058
-0.91813
-0.91057
-0.91057
-0.91057
0
0
0
0
0
0
0
0
0
0
0
0
0
0
0
0
0
0
0
0
0
0
0
0
0
0
0
0
0
0
0
0
0
0
0
0
18.6663
0
0
0
0
0
0
0
0
0
0
0
0
0
0
0
0
0
0
0
0
0
0
0
0
0
0
0
0
0
0
0
0
0
0
0
0
0
0
0
0
0
0
0
0
0
-2.2693
0
0
0
0
0
0
0
0
0
0
0
0
0
-0.89578
-0.89577
-0.89578
-0.90404
-0.88973
-0.90742
-0.91467
-0.88704
-0.88704
-0.88119
-0.91199
-0.8831
-0.92239
-0.87662
-0.9046
-0.89636
-0.89636
-0.89635
-0.89775
0
0
0
0
0
0
0
0
0
0
0
0
0
0
0
0
0
0
0
0
0
0
0
0
0
0
0
0
0
0
0
0
0
0
0
0
17.044
0
0
0
0
0
0
0
0
0
0
0
0
0
0
0
0
0
0
0
0
0
0
0
0
0
0
0
0
0
0
0
0
0
0
0
0
0
0
0
0
0
0
0
0
0
0
0
0
0
0
0
0
0
0
0
0
0
0
-0.89548
-0.89548
-0.89548
-0.90374
-0.88944
-0.90712
-0.91437
-0.88674
-0.88675
-0.88089
-0.9117
-0.8828
-0.9221
-0.87631
-0.90431
-0.89607
-0.89606
-0.89606
-0.89746
0
0
0
0
0
0
0
0
0
0
0
0
0
0
0
0
0
0
0
0
0
0
0
0
0
0
0
0
0
0
0
0
0
0
0
0
0
17.0384
0
0
0
0
0
0
0
0
0
0
0
0
0
0
0
0
0
0
0
0
0
0
0
0
0
0
0
0
0
0
0
0
0
0
0
0
0
0
0
0
0
0
0
0
0
0
0
0
0
0
0
0
0
0
0
0
0
-0.86312
-0.86312
-0.86312
-0.87141
-0.85723
-0.87484
-0.88206
-0.85465
-0.85465
-0.84894
-0.87914
-0.85081
-0.88979
-0.84442
-0.87185
-0.8635
-0.86349
-0.86349
0
0
0
0
0
0
0
0
0
0
0
0
0
0
0
0
0
0
0
0
0
0
0
0
0
0
0
0
0
0
0
0
0
0
0
0
0
0
0
15.5596
0
0
0
0
0
0
0
0
0
0
0
0
0
0
0
0
0
0
0
0
0
0
0
0
0
0
0
0
0
0
0
0
0
0
0
0
0
0
0
0
0
0
0
0
0
0
0
0
0
0
0
0
0
0
0
0
-0.92689
-0.92688
-0.92689
-0.93452
-0.92073
-0.93814
-0.94484
-0.91804
-0.91804
-0.91214
-0.94273
-0.91404
0
-0.90749
0
0
0
0
0
0
0
0
0
0
0
0
0
0
0
0
0
0
0
0
0
0
0
0
0
0
0
0
0
0
0
0
0
0
0
0
0
0
0
0
0
0
0
0
14.2496
0
0
0
0
0
0
0
0
0
0
0
0
0
0
0
0
0
0
0
0
0
0
0
0
0
0
0
0
0
-2.2182
0
0
0
0
0
0
0
0
0
0
0
0
0
0
0
0
0
0
0
0
0
0
0
0
0
-0.96914
-0.96913
-0.96913
-0.9782
-0.96355
-0.98224
-0.9904
-0.96062
-0.96063
-0.95513
-0.98666
-0.95677
0
-0.95028
0
0
0
0
0
0
0
0
0
0
0
0
0
0
0
0
0
0
0
0
0
0
0
0
0
0
0
0
0
0
0
0
0
0
0
0
0
0
0
0
0
0
0
0
0
12.5919
0
0
0
0
0
0
0
0
0
0
0
0
0
0
0
0
0
0
0
0
0
0
0
0
0
0
0
0
0
0
0
0
0
0
0
0
0
0
0
0
0
0
0
0
0
0
0
0
0
0
0
0
0
0
-0.96573
-0.96572
-0.96572
-0.97479
-0.96014
-0.97883
-0.98698
-0.95721
-0.95722
-0.95171
-0.98323
-0.95336
0
-0.94686
0
0
0
0
0
0
0
0
0
0
0
0
0
0
0
0
0
0
0
0
0
0
0
0
0
0
0
0
0
0
0
0
0
0
0
0
0
0
0
0
0
0
0
0
0
0
12.5475
0
0
0
0
0
0
0
0
0
0
0
0
0
0
0
0
0
0
0
0
0
0
0
0
0
0
0
0
0
0
0
0
0
0
0
0
0
0
0
0
0
0
0
0
0
0
0
0
0
0
0
0
0
-1.1296
-1.1296
-1.1296
-1.1378
-1.1228
0
0
-1.1194
-1.1194
0
0
-1.1152
0
0
0
0
0
0
0
0
0
0
0
0
0
0
0
0
0
0
0
0
0
0
0
0
0
0
0
0
0
0
0
0
0
0
0
0
0
0
0
0
0
0
0
0
0
0
0
0
0
10.2569
0
0
0
0
0
0
-1.2535
0
0
0
0
0
0
0
0
0
0
0
0
0
0
0
0
0
0
0
0
0
0
0
0
0
0
0
0
0
0
0
0
0
0
0
0
0
0
0
0
0
0
0
0
0
-1.3002
-1.3002
-1.3002
-1.3134
-1.2964
0
0
-1.2918
-1.2918
0
0
0
0
0
0
0
0
0
0
0
0
0
0
0
0
0
0
0
0
0
0
0
0
0
0
0
0
0
0
0
0
0
0
0
0
0
0
0
0
0
0
0
0
0
0
0
0
0
0
0
0
0
9.094
0
0
0
0
0
0
0
0
0
0
0
0
0
0
0
0
0
0
0
0
0
0
0
0
0
0
0
0
0
0
0
0
0
0
0
0
0
0
0
0
0
0
0
0
0
0
0
0
0
0
0
0
0
0
0
0
-2.0327
0
0
0
0
0
0
0
0
0
0
0
0
0
-2.0077
0
0
0
0
0
0
0
0
0
0
0
-1.9388
0
0
0
0
0
0
0
0
0
0
0
0
0
0
0
0
0
0
0
0
0
0
0
0
0
0
0
0
0
0
0
8.2927
-1.9249
0
0
0
0
0
0
0
0
0
0
0
0
0
0
0
-0.38866
0
0
0
0
0
0
0
0
0
0
0
0
0
0
0
0
0
0
0
0
0
0
0
0
0
0
0
0
0
0
0
0
0
0
0
0
0
0
0
0
0
0
0
0
0
0
0
0
0
0
0
0
0
0
0
0
0
-1.5187
0
0
0
0
0
0
-1.4944
0
0
0
0
0
0
0
0
0
0
0
0
0
0
0
0
0
0
0
0
0
0
0
0
0
0
0
0
0
0
0
-1.9249
9.6405
0
0
0
0
0
0
0
-1.7187
0
0
0
0
0
0
0
0
0
0
0
0
0
0
0
0
0
0
0
0
0
0
0
0
0
0
0
0
0
0
0
0
0
0
0
0
0
0
0
0
-2.9838
0
0
0
0
0
0
0
0
0
0
0
0
-2.1348
0
0
0
0
0
0
0
0
0
0
0
0
0
0
0
0
0
0
0
0
0
0
0
0
0
0
0
0
0
0
0
0
0
0
0
0
0
0
0
0
0
0
0
0
0
0
0
0
0
0
0
0
9.3731
0
0
0
0
0
0
0
0
-2.408
-2.2482
0
0
0
0
0
0
0
0
-2.5821
0
0
0
0
0
0
0
0
0
0
0
0
0
0
0
0
0
0
0
0
0
0
0
0
0
0
0
0
0
0
0
0
0
0
-1.891
0
0
0
0
0
0
0
0
0
0
0
0
0
0
0
0
0
0
-1.8297
0
0
0
0
0
0
0
0
0
0
0
0
0
0
0
-1.8094
0
0
0
0
0
0
0
0
0
0
0
0
0
0
0
0
0
0
0
0
0
0
0
0
0
7.6389
0
0
0
-2.1088
0
0
0
0
0
0
0
0
0
0
0
0
0
0
0
0
0
0
0
0
0
0
0
0
0
0
0
0
0
0
0
0
0
0
0
0
0
0
0
0
0
0
0
-2.4835
-2.4835
-2.4835
0
0
0
0
0
0
0
0
0
0
0
0
0
0
0
0
0
0
0
0
0
0
0
0
0
0
0
0
0
0
0
0
0
0
0
0
0
0
0
0
0
0
0
0
0
0
0
0
0
0
0
0
0
0
0
0
0
0
0
0
0
0
0
0
7.4504
0
0
0
0
0
0
0
0
0
0
0
0
0
0
0
0
0
0
0
0
0
0
0
0
0
0
0
0
0
0
0
0
0
0
0
0
0
0
0
0
0
0
0
0
0
0
0
0
0
0
0
0
0
0
0
0
0
0
0
0
0
0
0
0
0
0
0
0
0
0
0
0
0
0
0
0
0
0
0
0
0
-1.2252
0
0
0
0
0
0
0
0
0
0
0
0
0
0
0
0
0
0
0
0
0
0
0
0
0
-1.2535
0
0
0
0
0
0
5.4445
0
0
0
0
0
0
0
0
0
0
0
0
0
0
0
0
0
0
0
0
0
0
0
0
0
0
0
0
0
0
0
0
0
0
0
0
0
0
0
0
0
-2.9658
0
0
0
0
0
0
0
0
0
0
0
0
0
0
0
0
0
0
0
0
0
0
0
-2.0134
0
0
0
0
0
0
0
0
0
0
0
0
0
0
0
0
0
0
0
0
0
0
0
0
0
0
0
0
0
0
0
0
0
0
0
0
0
0
0
0
0
0
0
0
0
0
0
0
7.136
-2.2276
0
0
0
0
0
0
0
0
-2.895
0
0
0
0
0
0
0
0
0
0
0
0
0
0
0
0
0
0
0
0
0
0
0
0
0
0
0
0
0
0
0
0
0
0
0
0
0
0
0
0
0
0
0
0
0
0
0
0
0
0
0
0
0
0
0
0
0
0
0
0
0
0
0
-2.0308
0
0
0
0
0
0
0
0
0
0
0
0
0
0
0
0
0
0
0
0
0
0
0
0
0
0
0
0
0
0
0
0
0
0
0
0
-2.1088
0
0
-2.2276
6.3672
0
0
0
0
0
0
0
0
0
0
0
0
0
0
0
0
0
0
0
0
0
0
0
0
0
0
0
0
0
0
0
0
0
0
0
0
0
0
0
0
0
0
0
0
0
0
0
-0.97981
0
0
0
0
0
0
0
0
0
0
0
0
0
0
0
0
0
0
0
0
0
0
0
0
0
0
0
0
0
0
0
0
0
0
0
0
0
0
0
0
0
0
0
0
0
0
0
0
0
0
0
0
0
0
0
0
0
0
0
0
0
0
0
0
0
0
5.5013
-2.7831
0
0
0
0
0
0
0
0
0
0
0
0
0
0
0
0
-1.7384
0
0
0
0
0
0
0
0
0
0
0
0
0
0
0
0
0
0
0
0
0
0
0
0
0
0
0
0
0
0
0
0
0
-0.9551
0
0
0
0
0
0
0
0
0
0
0
0
0
0
0
0
0
0
0
0
0
0
0
0
0
0
0
0
0
0
0
0
0
0
0
0
0
0
0
0
0
0
0
0
0
0
0
0
0
0
0
0
0
0
-1.7187
0
0
0
0
0
0
-2.7831
5.4569
0
0
0
0
0
0
0
0
0
0
0
0
0
0
0
0
0
0
0
0
0
0
0
0
0
0
0
0
0
0
0
0
0
0
0
0
0
0
0
0
0
0
0
0
0
0
0
0
0
0
0
0
0
0
0
0
0
0
0
0
0
0
0
0
0
0
0
0
0
0
0
0
0
0
0
0
0
0
0
0
0
0
0
-2.1907
0
0
0
-2.1949
0
0
0
0
0
0
0
0
0
0
0
0
0
0
0
0
0
0
0
0
0
0
0
0
0
0
7.6537
0
0
0
0
0
0
0
0
0
0
0
0
-3.2681
0
0
0
0
0
0
0
0
0
0
0
0
0
0
0
0
0
0
0
0
0
0
0
0
0
0
0
0
0
0
0
0
0
0
0
0
0
0
0
0
0
0
0
0
0
0
0
0
0
0
0
0
0
0
0
0
0
-2.94
0
0
0
0
0
0
0
0
0
0
0
0
0
0
0
0
0
0
0
0
0
0
0
0
0
0
0
0
0
0
0
0
0
0
-2.408
0
0
0
0
0
0
0
0
5.348
0
0
0
0
0
0
0
0
0
0
0
0
0
0
0
0
0
0
0
0
0
0
0
0
0
0
0
0
0
0
0
0
0
0
0
0
0
0
0
0
0
0
0
0
0
0
0
0
0
0
0
0
0
0
0
0
0
0
0
0
0
0
0
0
0
0
0
0
-2.5537
0
0
0
0
0
0
0
0
0
0
0
0
0
0
0
0
0
0
0
0
0
0
0
0
0
0
0
0
0
0
0
0
0
0
0
-2.2482
0
0
0
0
0
0
0
0
0
4.802
0
0
0
0
0
0
0
0
0
0
0
0
0
0
0
0
0
0
0
0
0
0
0
0
0
0
0
0
0
0
0
0
0
0
0
0
0
0
0
0
0
0
0
0
0
0
0
0
0
0
0
0
0
0
0
0
0
0
0
0
0
0
0
0
0
0
0
0
0
0
0
0
0
0
0
0
0
0
0
0
0
0
0
0
0
0
0
0
0
0
-2.7202
0
0
0
0
0
0
0
0
0
0
0
0
0
0
0
0
0
0
0
0
0
0
0
2.7202
0
0
0
0
0
0
0
0
0
0
0
0
0
0
0
0
0
0
0
0
0
0
0
0
0
0
0
0
0
0
0
0
0
0
0
0
0
0
0
0
0
0
0
0
0
0
0
0
0
0
0
0
0
0
0
0
-4.9961
0
0
0
0
0
0
0
0
0
0
0
0
0
0
0
0
0
0
0
0
0
0
0
0
0
0
0
0
0
0
0
0
0
0
0
0
0
0
0
0
0
0
0
0
0
0
0
0
0
0
0
0
0
0
0
0
0
4.9961
0
0
0
0
0
0
0
0
0
0
0
0
0
0
0
0
0
0
0
0
0
0
0
0
0
0
0
0
0
0
0
0
0
0
0
0
0
0
0
0
0
0
0
0
0
0
0
0
-6.3574
0
0
0
0
0
0
0
0
0
0
0
0
0
0
0
0
0
0
0
0
0
0
0
0
0
0
0
0
0
0
0
0
0
0
0
0
0
0
0
0
0
0
0
0
0
0
0
0
0
0
0
0
0
0
0
0
0
0
0
0
0
0
0
0
0
6.3574
0
0
0
0
0
0
0
0
0
0
0
0
0
0
0
0
0
0
0
0
0
0
0
0
0
0
0
0
0
0
0
0
0
0
0
0
0
0
0
0
0
0
0
0
0
0
0
0
0
0
0
0
0
0
0
0
0
0
0
0
0
0
0
0
0
0
0
0
0
0
0
0
0
0
0
0
0
0
0
0
0
0
0
0
0
0
0
0
0
0
0
0
0
0
0
0
0
0
0
0
0
0
0
0
-2.895
0
0
0
0
0
0
0
0
0
2.895
0
0
0
0
0
0
0
0
0
0
0
0
0
0
0
0
0
0
0
0
0
0
0
0
0
0
0
0
0
0
0
0
0
0
0
0
0
0
0
0
0
0
0
0
0
0
0
0
0
0
0
0
0
0
0
0
0
0
0
0
0
0
0
0
0
0
0
0
0
0
0
0
0
0
0
0
0
0
0
0
0
0
0
0
0
0
0
0
0
0
0
0
0
0
0
0
0
-0.38866
0
0
0
0
0
0
0
0
0
0
0
0
0
0
0
0
0.38866
0
0
0
0
0
0
0
0
0
0
0
0
0
0
0
0
0
0
0
0
0
0
0
0
0
0
0
0
0
0
0
0
0
0
0
0
0
0
0
-5.9534
0
0
0
0
0
0
0
0
0
0
0
0
0
0
0
0
0
0
0
0
0
0
0
0
0
0
0
0
0
0
0
0
0
0
0
0
0
0
0
0
0
0
0
0
0
0
0
0
0
0
0
0
0
0
0
0
0
0
0
0
0
0
0
0
0
0
0
0
0
0
0
0
0
0
5.9534
0
0
0
0
0
0
0
0
0
0
0
0
0
0
0
0
0
0
0
0
0
0
0
0
0
0
0
0
0
0
0
0
0
0
0
0
0
0
0
0
0
0
0
0
0
0
0
0
0
0
0
0
0
0
0
0
0
0
0
0
0
0
0
0
0
0
0
0
0
0
0
0
0
0
0
0
-3.0155
0
0
0
0
0
0
0
0
0
0
0
0
0
0
0
0
0
0
0
0
0
0
0
0
0
0
0
0
0
0
0
0
0
0
0
0
0
3.0155
0
0
0
0
0
0
0
0
0
0
0
0
0
0
0
0
0
0
0
0
0
0
0
0
0
0
0
0
0
0
0
0
0
0
0
0
0
0
0
0
0
0
0
0
0
0
0
0
0
0
0
0
0
0
-4.0676
0
0
0
0
0
0
0
0
0
0
0
0
0
0
0
0
0
0
0
0
0
0
0
0
0
0
0
0
0
0
0
0
0
0
0
0
0
0
0
0
0
0
0
0
0
0
0
0
0
0
0
0
0
0
0
0
0
0
0
4.0676
0
0
0
0
0
0
0
0
0
0
0
0
0
0
0
0
0
0
0
0
0
0
0
0
0
0
0
0
0
0
0
0
0
0
0
0
0
0
0
0
0
0
0
0
0
0
0
0
0
0
0
0
0
0
0
0
0
0
0
0
0
0
0
0
0
0
0
0
0
0
0
0
0
0
0
0
0
0
0
0
0
0
0
0
0
0
0
0
0
0
0
0
0
0
0
-2.5821
0
0
0
0
0
0
0
0
0
0
0
0
0
0
0
0
0
0
2.5821
0
0
0
0
0
0
0
0
0
0
0
0
0
0
0
0
0
0
0
0
0
0
0
0
0
0
0
0
0
0
0
0
0
0
0
0
0
0
0
0
0
0
0
0
0
0
0
0
0
0
0
0
0
0
0
0
0
0
-5.6934
0
0
0
0
0
0
0
0
0
0
0
0
0
0
0
0
0
0
0
0
0
0
0
0
0
0
0
0
0
0
0
0
0
0
0
0
0
0
0
0
0
0
0
0
0
0
0
0
0
0
0
0
0
0
0
5.6934
0
0
0
0
0
0
0
0
0
0
0
0
0
0
0
0
0
0
0
0
0
0
0
0
0
0
0
0
0
0
0
0
0
0
0
0
0
0
0
0
0
0
0
0
0
0
0
0
0
0
0
0
0
0
0
0
0
0
0
0
0
0
0
0
0
0
0
0
0
0
0
0
0
0
0
0
0
0
0
0
0
0
0
0
0
0
0
0
0
0
0
0
0
0
0
0
0
0
0
0
0
-3.2681
0
0
0
0
0
0
0
0
0
0
0
0
3.2681
0
0
0
0
0
0
0
0
0
0
0
0
0
0
0
0
0
0
0
0
0
0
0
0
0
0
0
0
0
0
0
0
0
0
0
0
0
0
0
0
0
0
0
0
0
0
0
0
0
0
0
0
0
0
0
0
0
-4.3917
0
0
0
0
0
0
0
0
0
0
0
0
0
0
0
0
0
0
0
0
0
0
0
0
0
0
0
0
0
0
0
0
0
0
0
0
0
0
0
0
0
0
0
0
0
0
0
0
0
0
0
0
0
0
0
0
4.3917
0
0
0
0
0
0
0
0
0
0
0
0
0
0
0
0
0
0
0
0
0
0
0
0
0
0
0
0
0
0
0
0
0
0
0
0
0
0
0
0
0
0
0
0
0
0
0
0
0
0
0
0
0
0
0
0
0
0
0
0
0
0
0
0
0
0
0
0
0
0
0
0
0
0
0
0
0
0
0
0
0
0
0
0
-2.2182
0
0
0
0
0
0
0
0
0
0
0
0
0
0
0
0
0
0
0
0
0
0
0
0
0
0
0
0
0
2.2182
0
0
0
0
0
0
0
0
0
0
0
0
0
0
0
0
0
0
0
0
0
0
0
0
0
0
0
0
0
0
0
0
0
0
0
0
0
0
0
0
0
0
0
0
0
0
0
0
0
0
0
0
0
0
0
0
0
0
0
0
0
0
0
0
0
0
0
0
0
0
0
0
0
0
0
0
0
0
0
0
0
0
0
0
0
0
0
0
0
0
0
0
0
0
0
0
-1.7384
0
0
0
0
0
0
0
0
0
0
0
0
0
0
0
0
0
1.7384
0
0
0
0
0
0
0
0
0
0
0
0
0
0
0
0
0
0
0
0
0
0
0
0
0
0
0
0
0
0
-5.9535
0
0
0
0
0
0
0
0
0
0
0
0
0
0
0
0
0
0
0
0
0
0
0
0
0
0
0
0
0
0
0
0
0
0
0
0
0
0
0
0
0
0
0
0
0
0
0
0
0
0
0
0
0
0
0
0
0
0
0
0
0
0
0
0
0
0
0
0
0
0
0
0
0
0
0
0
0
0
0
0
0
0
0
5.9535
0
0
0
0
0
0
0
0
0
0
0
0
0
0
0
0
0
0
0
0
0
0
0
0
0
0
0
0
0
0
0
0
0
0
0
0
0
0
0
0
0
0
0
0
0
0
0
0
0
0
0
0
-5.6935
0
0
0
0
0
0
0
0
0
0
0
0
0
0
0
0
0
0
0
0
0
0
0
0
0
0
0
0
0
0
0
0
0
0
0
0
0
0
0
0
0
0
0
0
0
0
0
0
0
0
0
0
0
0
0
0
0
0
0
0
0
5.6935
0
0
0
0
0
0
0
0
0
0
0
0
0
0
0
0
0
0
0
0
0
0
0
0
0
-5.9892
0
0
0
0
0
0
0
0
0
0
0
0
0
0
0
0
0
0
0
0
0
0
0
0
0
0
0
0
0
0
0
0
0
0
0
0
0
0
0
0
0
0
0
0
0
0
0
0
0
0
0
0
0
0
0
0
0
0
0
0
0
0
0
0
0
0
0
0
0
0
0
0
0
0
0
0
0
0
0
0
0
0
0
0
0
0
0
0
5.9892
0
0
0
0
0
0
0
0
0
0
0
0
0
0
0
0
0
0
0
0
0
0
0
0
0
0
0
0
0
0
0
-5.8922
0
0
0
0
0
0
0
0
0
0
0
0
0
0
0
0
0
0
0
0
0
0
0
0
0
0
0
0
0
0
0
0
0
0
0
0
0
0
0
0
0
0
0
0
0
0
0
0
0
0
0
0
0
0
0
0
0
0
0
0
0
0
0
0
0
0
0
0
0
0
0
0
0
0
0
0
0
0
0
0
0
0
5.8922
0
0
0
0
0
0
0
0
0
0
0
0
0
0
0
0
0
0
0
0
0
0
0
0
0
0
0
0
0
0
0
0
0
0
0
0
0
0
0
0
0
0
0
0
0
0
0
0
0
0
0
0
0
0
0
0
0
0
0
0
0
0
0
0
0
0
0
0
0
0
0
0
-2.7202
0
0
0
0
0
0
0
0
0
0
0
0
0
0
0
0
0
0
0
0
0
0
0
0
0
0
0
0
0
0
0
0
0
0
0
0
0
0
0
0
0
2.7202
0
0
0
0
0
0
0
0
0
0
0
0
0
0
0
0
0
0
0
0
0
0
0
0
0
0
0
0
0
0
0
0
0
0
0
0
0
0
0
0
0
0
0
0
0
0
0
0
0
0
0
-4.0929
0
0
0
0
0
0
0
0
0
0
0
0
0
0
0
0
0
0
0
0
0
0
0
0
0
0
0
0
0
0
0
0
0
0
0
0
0
0
0
0
0
0
0
0
0
0
0
0
0
0
0
0
0
0
0
0
0
0
0
0
0
0
4.0929
0
0
0
0
0
0
0
0
0
0
0
0
0
0
0
0
0
0
0
0
0
0
0
0
0
0
0
0
0
0
-6.3575
0
0
0
0
0
0
0
0
0
0
0
0
0
0
0
0
0
0
0
0
0
0
0
0
0
0
0
0
0
0
0
0
0
0
0
0
0
0
0
0
0
0
0
0
0
0
0
0
0
0
0
0
0
0
0
0
0
0
0
0
0
0
0
0
0
0
0
0
0
0
0
0
0
0
0
0
0
0
0
0
0
0
0
6.3575
0
0
0
0
0
0
0
0
0
0
0
0
0
0
0
0
0
0
0
0
0
0
-6.029
0
0
0
0
0
0
0
0
0
0
0
0
0
0
0
0
0
0
0
0
0
0
0
0
0
0
0
0
0
0
0
0
0
0
0
0
0
0
0
0
0
0
0
0
0
0
0
0
0
0
0
0
0
0
0
0
0
0
0
0
0
0
0
0
0
0
0
0
0
0
0
0
0
0
0
0
0
0
0
0
0
0
0
0
0
0
0
0
0
0
0
6.029
0
0
0
0
0
0
0
0
0
0
0
0
0
0
0
0
0
0
0
0
0
0
0
0
0
0
0
0
0
0
0
0
0
0
0
0
0
0
0
0
0
0
0
0
0
0
0
0
0
0
0
0
0
0
0
0
0
0
0
0
0
-3.0182
0
0
0
0
0
0
0
0
0
0
0
0
0
0
0
0
0
0
0
0
0
0
0
0
0
0
0
0
0
0
0
0
0
0
0
0
0
0
0
0
0
0
0
0
0
0
0
0
0
0
0
0
3.0182
0
0
0
0
0
0
0
0
0
0
0
0
0
0
0
0
0
0
0
0
0
0
0
0
0
0
0
0
0
0
0
0
0
0
0
0
0
0
0
0
0
0
0
0
-5.6934
0
0
0
0
0
0
0
0
0
0
0
0
0
0
0
0
0
0
0
0
0
0
0
0
0
0
0
0
0
0
0
0
0
0
0
0
0
0
0
0
0
0
0
0
0
0
0
0
0
0
0
0
0
0
0
0
0
0
0
0
0
0
0
0
0
0
0
0
0
5.6934
0
0
0
0
0
0
0
0
0
0
0
0
0
0
0
0
0
0
0
0
0
0
0
0
0
0
0
0
0
0
0
0
0
0
0
0
0
0
0
0
0
0
0
0
0
0
0
0
0
0
0
0
0
0
0
0
0
0
0
0
0
0
0
0
0
0
0
0
-2.2693
0
0
0
0
0
0
0
0
0
0
0
0
0
0
0
0
0
0
0
0
0
0
0
0
0
0
0
0
0
0
0
0
0
0
0
0
0
0
0
0
0
0
0
0
0
2.2693
0
0
0
0
0
0
0
0
0
0
0
0
0
0
0
0
0
0
0
0
0
0
0
0
0
0
0
0
0
0
0
0
0
0
0
0
0
0
0
0
0
0
0
0
0
0
0
-3.251
0
0
0
0
0
0
0
0
0
0
0
0
0
0
0
0
0
0
0
0
0
0
0
0
0
0
0
0
0
0
0
0
0
0
0
0
0
0
0
0
0
0
0
0
0
0
0
0
0
0
0
0
0
0
0
0
0
0
0
0
0
0
0
0
0
0
3.251
0
0
0
0
0
0
0
0
0
0
0
0
0
0
0
0
0
0
0
0
0
0
0
0
0
0
0
0
0
0
0
0
0
0
0
0
0
0
0
0
0
0
-4.392
0
0
0
0
0
0
0
0
0
0
0
0
0
0
0
0
0
0
0
0
0
0
0
0
0
0
0
0
0
0
0
0
0
0
0
0
0
0
0
0
0
0
0
0
0
0
0
0
0
0
0
0
0
0
0
0
0
0
0
0
0
0
0
0
0
0
0
0
0
0
0
4.392
0
0
0
0
0
0
0
0
0
0
0
0
0
0
0
0
0
0
0
0
0
0
0
0
0
0
0
0
0
-5.3266
0
0
0
0
0
0
0
0
0
0
0
0
0
0
0
0
0
0
0
0
0
0
0
0
0
0
0
0
0
0
0
0
0
0
0
0
0
0
0
0
0
0
0
0
0
0
0
0
0
0
0
0
0
0
0
0
0
0
0
0
0
0
0
0
0
0
0
0
0
0
0
0
0
0
0
0
0
0
0
0
0
0
0
0
5.3266
0
0
0
0
0
0
0
0
0
0
0
0
0
0
0
0
0
0
0
0
0
0
0
0
0
0
0
0
0
0
0
0
0
0
0
0
0
0
0
0
0
0
0
0
0
0
0
0
0
0
0
0
0
0
-3.0155
0
0
0
0
0
0
0
0
0
0
0
0
0
0
0
0
0
0
0
0
0
0
0
0
0
0
0
0
0
0
0
0
0
0
0
0
0
0
0
0
0
0
0
0
0
0
0
0
0
0
0
0
0
0
0
0
0
0
0
3.0155
0
0
0
0
0
0
0
0
0
0
0
0
0
0
0
0
0
0
0
0
0
0
0
0
0
0
0
0
0
0
0
-4.3549
0
0
0
0
0
0
0
0
0
0
0
0
0
0
0
0
0
0
0
0
0
0
0
0
0
0
0
0
0
0
0
0
0
0
0
0
0
0
0
0
0
0
0
0
0
0
0
0
0
0
0
0
0
0
0
0
0
0
0
0
0
0
0
0
0
0
0
0
0
0
0
0
0
0
0
0
0
0
0
0
0
0
4.3549
0
0
0
0
0
0
0
0
0
0
0
0
0
0
0
0
0
0
0
0
0
0
-5.6607
0
0
0
0
0
0
0
0
0
0
0
0
0
0
0
0
0
0
0
0
0
0
0
0
0
0
0
0
0
0
0
0
0
0
0
0
0
0
0
0
0
0
0
0
0
0
0
0
0
0
0
0
0
0
0
0
0
0
0
0
0
0
0
0
0
0
0
0
0
0
0
0
0
0
0
0
0
0
0
0
0
0
0
0
0
0
0
0
0
0
0
5.6607
0
0
0
0
0
0
0
0
0
0
0
0
0
0
0
0
0
0
0
0
0
0
0
0
0
0
0
0
0
0
0
0
0
0
0
0
0
0
0
-4.0908
0
0
0
0
0
0
0
0
0
0
0
0
0
0
0
0
0
0
0
0
0
0
0
0
0
0
0
0
0
0
0
0
0
0
0
0
0
0
0
0
0
0
0
0
0
0
0
0
0
0
0
0
0
0
0
0
0
0
0
0
0
0
0
0
0
0
0
0
0
0
0
0
0
0
4.0908
0
0
0
0
0
0
0
0
0
0
0
0
0
0
0
0
0
0
-6.3574
0
0
0
0
0
0
0
0
0
0
0
0
0
0
0
0
0
0
0
0
0
0
0
0
0
0
0
0
0
0
0
0
0
0
0
0
0
0
0
0
0
0
0
0
0
0
0
0
0
0
0
0
0
0
0
0
0
0
0
0
0
0
0
0
0
0
0
0
0
0
0
0
0
0
0
0
0
0
0
0
0
0
0
0
0
0
0
0
0
0
0
0
0
0
0
6.3574
0
0
0
0
0
0
0
0
0
0
0
0
0
0
0
0
0
0
0
0
0
0
0
0
0
0
0
0
0
0
0
0
0
0
0
0
0
0
0
0
0
0
0
0
0
0
0
0
0
0
-3.0182
0
0
0
0
0
0
0
0
0
0
0
0
0
0
0
0
0
0
0
0
0
0
0
0
0
0
0
0
0
0
0
0
0
0
0
0
0
0
0
0
0
0
0
0
0
0
0
0
0
0
0
0
0
0
0
0
0
0
0
0
0
0
0
3.0182
0
0
0
0
0
0
0
0
0
0
0
0
0
0
0
0
0
0
0
0
0
0
0
0
0
0
0
0
0
0
0
0
0
0
0
0
0
0
0
0
0
0
0
0
0
0
0
0
0
0
0
0
0
0
0
0
0
0
0
0
0
0
0
0
0
0
0
0
0
0
0
0
-2.9658
0
0
0
0
0
0
0
0
0
0
0
0
0
0
0
0
0
0
0
0
0
0
0
0
0
0
0
0
0
0
0
0
0
0
0
0
0
0
0
0
0
2.9658
0
0
0
0
0
0
0
0
0
0
0
0
0
0
0
0
0
0
0
0
0
0
0
0
0
0
0
0
0
0
0
0
0
0
0
0
0
0
0
0
0
0
0
0
0
0
0
0
0
0
-2.5022
0
0
0
0
0
0
0
0
0
0
0
0
0
0
0
0
0
0
0
0
0
0
0
0
0
0
0
0
0
0
0
0
0
0
0
0
0
0
0
0
0
0
0
0
0
0
0
0
0
0
0
0
0
0
0
0
0
0
0
0
0
0
0
2.5022
0
0
0
0
0
0
0
0
0
0
0
0
0
0
0
0
0
0
0
0
0
0
0
-4.1199
0
0
0
0
0
0
0
0
0
0
0
0
0
0
0
0
0
0
0
0
0
0
0
0
0
0
0
0
0
0
0
0
0
0
0
0
0
0
0
0
0
0
0
0
0
0
0
0
0
0
0
0
0
0
0
0
0
0
0
0
0
0
0
0
0
0
0
0
0
0
0
0
0
0
0
0
0
0
0
0
0
0
0
0
0
0
0
0
0
0
4.1199
0
0
0
0
0
0
0
0
0
0
0
0
0
0
0
0
0
0
0
0
0
0
0
0
0
0
0
0
0
0
0
0
0
0
0
0
0
0
0
0
0
0
0
0
0
0
0
0
0
0
0
0
0
0
0
0
0
0
0
0
0
0
0
0
0
-2.9838
0
0
0
0
0
0
0
0
0
0
0
0
0
0
0
0
0
0
0
0
0
0
0
0
0
0
0
0
0
0
0
0
0
0
0
0
0
0
0
0
0
0
0
0
0
0
0
0
2.9838
