1
0.95021
0.93767
0.92941
0.92429
0.92081
0.91826
0.91644
0.91473
0.90956
0.90493
0.90078
0.89705
0.89368
0.89056
0.88767
0.88498
0.88252
0.88014
0.87803
0.87599
0.87411
0.87232
0.87071
0.86925
0.86792
0.86665
0.86544
0.86435
0.86335
0.8624
0.86147
0.8605
0.85944
0.85822
0.8568
0.85519
0.85349
0.85182
0.85027
0.84887
0.8476
0.84647
0.84546
0.84456
0.84378
0.84313
0.8426
0.84218
0.84188
0.84165
0.8415
0.84139
0.8413
0.84121
0.84108
0.84089
0.84064
0.84033
0.83998
0.83959
0.83918
0.83877
0.83836
0.83794
0.83752
0.83708
0.83658
0.83604
0.83545
0.83479
0.83409
0.83335
0.83256
0.83173
0.83088
0.82999
0.82907
0.82813
0.82717
0.82619
0.82519
0.82418
0.82312
0.82201
0.82085
0.81961
0.81829
0.8169
0.81546
0.81403
0.81264
0.81135
0.81018
0.80913
0.80821
0.80741
0.80671
0.8061
0.80558
0.80511
0.80469
0.80431
0.80395
0.80362
0.8033
0.803
0.80272
0.80244
0.80217
0.80191
0.80163
0.80135
0.80104
0.8007
0.80032
0.7999
0.79944
0.79891
0.79832
