1
0.95753
0.94449
0.93962
0.9354
0.932
0.92887
0.92267
0.91708
0.91604
0.91524
0.91432
0.91373
0.90853
0.90369
0.89908
0.89466
0.8905
0.88647
0.88264
0.87896
0.87545
0.8721
0.86888
0.86579
0.86281
0.85994
0.85716
0.8545
0.85194
0.8495
0.84717
0.84497
0.84289
0.84094
0.83912
0.83743
0.83587
0.83444
0.83308
0.83172
0.83025
0.82853
0.82644
0.82389
0.82094
0.81779
0.81467
0.81174
0.80901
0.8065
0.80416
0.80197
0.7999
0.79793
0.79603
0.7942
0.79242
0.79069
0.78899
0.78734
0.78572
0.78413
0.78255
0.781
0.77947
0.77795
0.77645
0.77497
0.77351
0.77207
0.77067
0.76929
0.76795
0.76664
0.76536
0.76412
0.7629
0.76171
0.76054
0.7594
0.75828
0.75718
0.7561
0.75503
0.75398
0.75293
0.75189
