1
0.96019
0.94737
0.9429
0.93893
0.93648
0.93386
0.92853
0.92403
0.92333
0.92273
0.92216
0.92171
0.91777
0.91417
0.91091
0.90779
0.90503
0.90227
0.8998
0.89738
0.8952
0.89314
0.89128
0.88956
0.88797
0.88652
0.88519
0.88399
0.88289
0.88189
0.88097
0.8801
0.87927
0.87844
0.87762
0.8768
0.87596
0.87512
0.87426
0.87338
0.8725
0.8716
0.87069
0.86975
0.86879
0.86781
0.86682
0.8658
0.86478
0.86375
0.86271
0.86166
0.86061
0.85954
0.85846
0.85736
0.85624
0.8551
0.85395
0.85277
0.85158
0.85038
0.84916
0.84793
0.8467
0.84547
0.84424
0.84302
0.84183
0.84066
0.83953
0.83844
0.83741
0.83642
0.83547
0.83457
0.83371
0.83289
0.83211
0.83135
0.83062
0.8299
0.8292
0.82851
0.82783
0.82715
0.82647
