1
0.95851
0.94871
0.94717
0.94586
0.94417
0.94268
0.93944
0.9365
0.93574
0.9354
0.93481
0.93463
0.93226
0.93034
0.92849
0.92681
0.92526
0.92375
0.92235
0.92096
0.91965
0.91835
0.91709
0.91582
0.91456
0.9133
0.91206
0.91081
0.90958
0.90836
0.90714
0.90593
0.90472
0.90352
0.90235
0.90121
0.9001
0.89904
0.89802
0.89704
0.8961
0.89519
0.8943
0.89344
0.8926
0.89178
0.89098
0.89018
0.8894
0.88862
0.88784
0.88706
0.88628
0.8855
0.8847
0.88389
0.88307
0.88223
0.88138
0.88051
0.87963
0.87874
0.87782
0.8769
0.87596
0.87501
0.87406
0.8731
0.87214
0.87118
0.87023
0.86927
0.86832
0.86739
0.86646
0.86555
0.86466
0.86379
0.86295
0.86212
0.86132
0.86053
0.85977
0.85902
0.85829
0.85756
0.85685
