1
0.97815
0.96623
0.95895
0.95272
0.94785
0.94008
0.93307
0.92667
0.92078
0.91534
0.91029
0.90556
0.90108
0.89683
0.89279
0.88892
0.88517
0.88151
0.8779
0.87431
0.87074
0.86722
0.86379
0.86047
0.85729
0.85425
0.85134
0.84856
0.8459
0.84334
0.84087
0.83848
0.83614
0.83384
0.83156
0.82929
0.82701
0.82472
0.8224
0.82004
0.81765
0.81522
0.81275
0.81026
0.80774
0.8052
0.80266
0.8001
0.79754
0.79497
0.7924
0.78981
0.78722
0.78462
0.78203
0.77944
0.77685
0.77428
0.77174
0.76921
0.76671
0.76423
0.76178
0.75936
0.75697
0.75461
0.75228
0.74999
0.74775
0.74555
0.7434
0.74131
0.73927
0.73729
0.73537
0.73349
0.73168
0.72992
0.72821
0.72654
0.72492
0.72334
0.72179
0.72028
0.71881
0.71737
0.71596
0.71458
0.71322
0.7119
0.71061
0.70934
0.7081
0.70688
0.70569
0.70453
0.70338
0.70226
0.70116
0.70009
0.69903
0.69799
0.69697
0.69597
0.69499
0.69402
0.69307
0.69213
0.69121
0.69031
0.68942
0.68854
0.68768
0.68683
0.686
0.68518
0.68437
0.68357
0.68279
0.68201
0.68125
0.68049
0.67974
0.679
0.67826
0.67752
0.67679
0.67606
0.67534
0.67462
0.67391
0.6732
0.6725
0.67181
0.67113
0.67047
0.66981
0.66916
0.66853
0.6679
0.66729
0.66668
0.66608
0.66549
0.66491
0.66433
0.66376
0.6632
0.66264
0.66209
0.66154
0.66099
0.66044
0.6599
0.65936
0.65882
0.65827
