1
0.95505
0.9323
0.91981
0.90966
0.90175
0.89574
0.89095
0.87953
0.86954
0.86085
0.85283
0.84539
0.83826
0.83139
0.82471
0.81839
0.81242
0.8068
0.80144
0.7964
0.7917
0.78734
0.78332
0.77964
0.77629
0.77324
0.77046
0.76789
0.76545
0.76308
0.76073
0.75838
0.75601
0.75363
0.75124
0.74884
0.74643
0.74403
0.74167
0.73935
0.73708
0.73487
0.73273
0.73066
0.7287
0.72686
0.72516
0.7236
0.72218
0.72087
0.71966
0.71851
0.71735
0.71617
0.71495
0.71368
0.71236
0.711
0.70961
0.70821
0.70682
0.70546
0.70415
0.70289
0.7017
0.70058
0.69952
0.69854
0.69762
0.69678
0.69601
0.69527
0.69455
0.69383
0.69309
0.69233
0.69155
0.69075
0.68994
0.68912
0.6883
0.68746
0.68663
0.68582
0.68502
0.68426
0.68352
0.68282
0.68213
0.68145
0.68079
0.68013
0.67949
0.67884
0.67818
0.67749
0.67677
0.67601
0.67524
0.67445
0.67366
0.67288
0.67212
0.67141
0.67075
0.67014
0.6696
0.66913
0.66874
0.66842
0.66818
0.66803
0.66796
0.66796
0.66804
0.66818
0.66835
0.66855
0.66876
