1
0.9737
0.96439
0.95908
0.95483
0.95143
0.94866
0.94635
0.94436
0.93917
0.93823
0.93362
0.92922
0.92973
0.93013
0.92604
0.92222
0.91859
0.91507
0.91167
0.90837
0.90517
0.90209
0.89911
0.89627
0.89357
0.89101
0.88857
0.88625
0.88405
0.88195
0.87996
0.87806
0.87624
0.87447
0.87277
0.87111
0.8695
0.86794
0.8664
0.8649
0.86342
0.86197
0.86053
0.85911
0.8577
0.8563
0.85491
0.85354
0.85217
0.85082
0.84949
0.84818
0.8469
0.84564
0.84441
0.8432
0.84202
0.84086
0.83974
0.83863
0.83755
0.83649
0.83544
0.83441
0.8334
0.83239
0.8314
0.83042
0.82944
0.82846
0.82749
0.82652
0.82554
0.82456
0.82358
0.82258
0.82157
0.82055
0.81951
0.81845
0.81737
0.81628
0.81517
0.81405
0.81292
0.8118
0.81067
0.80954
0.80842
0.80731
0.80621
0.80513
0.80406
0.803
0.80197
0.80095
0.79995
0.79896
0.798
0.79704
0.79611
0.79518
0.79427
0.79337
0.79248
0.7916
0.79072
0.78985
0.78899
0.78814
0.78729
0.78645
0.78561
0.78478
0.78396
0.78315
0.78235
0.78156
0.78077
0.78001
0.77925
0.77851
0.77779
0.77708
0.77639
0.77571
0.77505
0.77441
0.77378
0.77317
0.77257
0.77199
0.77142
0.77087
0.77033
0.76981
0.7693
0.7688
0.76832
0.76784
0.76738
0.76692
0.76647
0.76602
0.76558
0.76515
0.76471
0.76428
0.76385
0.76342
0.76299
0.76255
0.76212
0.76167
0.76123
0.76077
0.76032
0.75985
0.75939
0.75891
0.75844
0.75795
0.75747
0.75698
0.75649
0.75599
0.75548
0.75498
0.75446
0.75395
0.75343
0.75291
