1
0.96637
0.95059
0.94021
0.93272
0.92701
0.92233
0.91333
0.90534
0.89832
0.89201
0.88638
0.88129
0.87667
0.87241
0.86837
0.8644
0.8605
0.85675
0.85317
0.84969
0.84628
0.84291
0.83958
0.8363
0.83314
0.83012
0.82728
0.82461
0.82209
0.8197
0.81742
0.81525
0.81317
0.81117
0.8092
0.8072
0.80515
0.80305
0.80091
0.79876
0.79663
0.79454
0.7925
0.79049
0.78851
0.78654
0.78457
0.78258
0.78056
0.7785
0.7764
0.77426
0.77207
0.76985
0.76763
0.76544
0.76331
0.76127
0.75935
0.75756
0.75592
0.75442
0.75307
0.75186
0.75079
0.74984
0.749
0.74824
0.74754
0.74689
0.74625
0.74562
0.74497
0.74427
0.74351
0.74267
0.74173
0.74071
0.73961
0.73847
0.73732
0.7362
0.73515
0.73416
0.73323
0.73235
0.73152
0.73072
0.72998
0.72929
0.72864
0.72803
0.72745
0.7269
0.72635
0.72579
0.72523
0.72466
0.72407
0.72348
0.72289
