63.0762
-0.83283
-0.76995
-0.78069
-0.79458
-0.8718
-0.79876
-0.80761
-0.84965
-0.81737
-0.79414
-0.79701
-0.84986
-0.79591
-0.7943
-0.77221
-0.85912
-0.77662
-0.74688
-0.7573
-0.75728
-0.86645
-0.84463
-0.76141
-0.82285
-0.76131
-0.80191
-0.81704
-0.77959
-0.83876
-0.81906
-0.82118
-0.83566
-0.82084
-0.81865
-0.76018
-0.76018
-0.78043
-0.82679
-0.81225
-0.86937
-0.86712
-0.86576
-0.82738
-0.83493
-0.8688
-0.79081
-0.86632
-0.76147
-0.85914
-0.84994
-0.83013
-0.97768
-0.9809
-1.8871
-1.8775
-1.911
0
-2.2541
0
0
0
0
0
0
-3.0711
-1.063
0
0
0
0
0
0
0
0
0
0
0
0
0
0
0
0
0
0
0
0
0
0
0
0
0
0
0
0
-7.5897
0
0
0
0
0
0
0
0
0
0
0
0
-0.83283
70.7115
-0.79118
-0.80174
-0.81576
-0.89703
-0.81971
-0.82842
-0.86526
-0.83757
-0.81476
-0.81765
-0.86688
-0.81654
-0.81491
-0.79272
-0.87876
-0.79729
-0.76743
-0.77701
-0.77698
-0.89071
-0.86831
-0.7821
-0.84341
-0.78198
-0.82247
-0.838
-0.79861
-0.86018
-0.84044
-0.84258
-0.85609
-0.84224
-0.84003
-0.78113
-0.78112
-0.80162
-0.8465
-0.83368
-0.88767
-0.88724
-0.88587
-0.84898
-0.858
-0.89063
-0.8122
-0.88602
-0.78034
-0.87958
-0.87221
-0.84958
-0.9977
-1.0008
-1.9216
-1.9096
-1.9418
0
-2.2902
0
0
0
0
0
0
-3.1269
0
0
0
0
0
0
0
0
0
0
0
0
0
0
0
0
-7.5114
0
0
0
0
0
0
0
0
0
-7.5114
0
0
0
0
0
0
0
0
0
0
0
0
0
0
0
-0.76995
-0.79118
55.9586
-0.7434
-0.75788
-0.83371
-0.76152
-0.76925
-0.80796
-0.77757
-0.757
-0.75985
-0.80768
-0.75876
-0.75716
-0.73523
-0.82609
-0.73946
-0.70997
-0.71801
-0.71799
-0.82686
-0.80569
-0.72426
-0.78556
-0.72416
-0.76397
-0.77822
-0.74317
-0.80017
-0.78065
-0.78277
-0.79404
-0.78243
-0.78025
-0.72271
-0.72271
-0.74265
-0.78974
-0.77402
-0.83449
-0.82959
-0.82827
-0.789
-0.79436
-0.82992
-0.75289
-0.82931
-0.72723
-0.82149
-0.81122
-0.7964
-0.94383
-0.94162
-1.8407
-1.8365
-1.8672
0
-2.1999
0
0
0
0
0
0
-3.0261
0
0
0
0
0
0
0
-3.735
0
0
0
0
0
0
0
0
0
0
0
0
0
0
0
0
0
0
0
0
0
0
0
0
0
0
0
0
0
0
0
0
0
0
-0.78069
-0.80174
-0.7434
49.5415
-0.75685
-0.82969
-0.75932
-0.76334
-0.80611
-0.777
-0.75522
-0.75811
-0.80804
-0.757
-0.75539
-0.73331
-0.81937
-0.73711
-0.70732
-0.71737
-0.71734
-0.82289
-0.80282
-0.72171
-0.78258
-0.7216
-0.76276
-0.77537
-0.74096
-0.7976
-0.77801
-0.78012
-0.7935
-0.77978
-0.77761
-0.72005
-0.72005
-0.73986
-0.78762
-0.77123
-0.83202
-0.82746
-0.82615
-0.7863
-0.78982
-0.82726
-0.75012
-0.82691
-0.7241
-0.82015
-0.80777
-0.79199
-0.94259
-0.94522
-1.8467
-1.8387
-1.8624
0
0
0
0
0
-2.6359
0
0
0
0
0
0
0
0
0
0
0
0
0
0
0
0
0
0
0
0
0
0
0
0
0
0
0
0
0
0
0
0
0
0
0
0
0
0
0
0
0
0
0
0
0
-0.79458
-0.81576
-0.75788
-0.75685
47.6865
-0.84337
-0.77251
-0.78263
-0.81804
-0.79166
-0.76922
-0.77215
-0.81836
-0.77103
-0.76938
-0.74691
-0.83237
-0.75053
-0.72034
-0.73128
-0.73125
-0.84246
-0.81742
-0.73509
-0.79709
-0.73497
-0.7771
-0.79023
-0.75494
-0.81158
-0.79177
-0.79388
-0.80795
-0.79354
-0.79136
-0.73329
-0.73329
-0.7533
-0.80207
-0.78495
-0.84681
-0.84221
-0.84089
-0.80004
-0.80422
-0.84119
-0.76364
-0.84157
-0.73784
-0.83495
-0.82116
-0.80578
-0.95656
-0.96224
-1.8628
-1.853
-1.8792
0
0
0
0
0
0
0
0
0
0
0
0
0
0
0
0
0
0
0
0
0
0
0
0
0
0
0
0
0
0
0
0
0
0
0
0
0
0
0
0
0
0
0
0
0
0
0
0
0
0
0
-0.8718
-0.89703
-0.83371
-0.82969
-0.84337
59.9475
-0.84057
-0.84615
-0.88356
-0.85528
-0.832
-0.83493
-0.88503
-0.83381
-0.83216
-0.80963
-0.89423
-0.814
-0.78368
-0.79418
-0.79415
-0.90569
-0.88164
-0.79851
-0.85783
-0.79841
-0.83835
-0.85359
-0.81442
-0.87713
-0.85716
-0.85933
-0.8737
-0.85898
-0.85675
-0.79734
-0.79734
-0.81797
-0.86286
-0.85031
-0.90491
-0.90414
-0.90276
-0.86589
-0.875
-0.90783
-0.82879
-0.90314
-0.79727
-0.89842
-0.88966
-0.86709
-1.0174
-1.0239
0
0
0
0
0
0
0
0
0
0
0
0
0
0
0
0
0
0
0
0
0
0
0
0
0
0
0
0
0
0
0
0
0
0
0
0
0
0
0
-7.2476
0
0
0
0
0
0
0
0
-7.2476
0
0
0
0
0
-0.79876
-0.81971
-0.76152
-0.75932
-0.77251
-0.84057
43.9021
-0.77991
-0.81582
-0.78831
-0.77137
-0.77455
-0.81627
-0.77333
-0.77154
-0.746
-0.83033
-0.74958
-0.71866
-0.73024
-0.73022
-0.83839
-0.81539
-0.73371
-0.794
-0.7336
-0.77588
-0.78839
-0.75314
-0.81013
-0.79017
-0.7923
-0.80624
-0.79197
-0.78979
-0.73163
-0.73163
-0.75173
-0.80028
-0.78342
-0.84513
-0.84047
-0.83916
-0.79841
-0.80328
-0.83956
-0.76201
-0.83993
-0.73652
-0.83395
-0.81943
-0.80455
-0.95688
-0.96149
0
-1.861
0
0
0
0
0
0
0
0
0
0
0
0
0
0
0
0
0
0
0
0
0
0
0
0
0
0
0
0
0
0
0
0
0
0
0
0
0
0
0
0
0
0
0
0
0
0
0
0
0
0
0
0
-0.80761
-0.82842
-0.76925
-0.76334
-0.78263
-0.84615
-0.77991
45.0428
-0.82202
-0.79524
-0.77539
-0.77842
-0.82209
-0.77726
-0.77556
-0.75191
-0.83548
-0.7557
-0.72508
-0.73607
-0.73604
-0.84964
-0.82604
-0.74017
-0.80062
-0.74006
-0.78222
-0.79425
-0.75946
-0.81693
-0.79697
-0.7991
-0.81258
-0.79875
-0.79657
-0.73822
-0.73821
-0.75842
-0.80647
-0.79023
-0.85149
-0.84674
-0.84542
-0.80528
-0.81015
-0.8465
-0.76878
-0.84693
-0.74336
-0.84088
-0.82699
-0.81202
-0.96619
-0.96689
0
0
0
0
0
0
0
0
-2.6567
0
0
0
0
0
0
0
0
0
0
0
0
0
0
0
0
0
0
0
0
0
0
0
0
0
0
0
0
0
0
0
0
0
0
0
0
0
0
0
0
0
0
0
0
0
-0.84965
-0.86526
-0.80796
-0.80611
-0.81804
-0.88356
-0.81582
-0.82202
51.5612
-0.83147
-0.80817
-0.8111
-0.87703
-0.80997
-0.80833
-0.78571
-0.87164
-0.78972
-0.75932
-0.77074
-0.77071
-0.87702
-0.85623
-0.77415
-0.83558
-0.77404
-0.81566
-0.83015
-0.79262
-0.85187
-0.83186
-0.834
-0.84924
-0.83365
-0.83145
-0.77243
-0.77243
-0.79289
-0.84029
-0.82502
-0.88402
-0.88097
-0.87963
-0.84012
-0.84826
-0.88175
-0.80326
-0.88025
-0.77498
-0.87495
-0.86208
-0.84385
-0.99649
-1.0013
0
0
0
0
0
0
0
0
0
0
0
0
0
0
0
0
0
0
0
0
0
0
0
0
0
0
0
0
0
0
0
0
0
-7.3564
0
0
0
0
0
0
0
0
0
0
0
0
0
0
0
0
0
0
0
0
-0.81737
-0.83757
-0.77757
-0.777
-0.79166
-0.85528
-0.78831
-0.79524
-0.83147
45.7733
-0.78366
-0.78666
-0.83077
-0.78552
-0.78382
-0.76044
-0.84433
-0.76428
-0.73357
-0.74341
-0.74339
-0.85834
-0.83624
-0.74879
-0.8111
-0.74868
-0.79169
-0.80468
-0.76883
-0.82513
-0.80541
-0.80753
-0.80923
-0.8072
-0.80501
-0.74673
-0.74673
-0.76764
-0.81619
-0.7994
-0.86175
-0.85671
-0.8554
-0.81446
-0.82084
-0.85573
-0.77788
-0.85682
-0.75295
-0.8505
-0.83628
-0.8222
-0.97559
-0.97777
0
0
0
0
0
0
0
0
0
0
0
0
0
-2.9226
0
0
0
0
0
0
0
0
0
0
0
0
0
0
0
0
0
0
0
0
0
0
0
0
0
0
0
0
0
0
0
0
0
0
0
0
0
0
0
0
-0.79414
-0.81476
-0.757
-0.75522
-0.76922
-0.832
-0.77137
-0.77539
-0.80817
-0.78366
41.6233
-0.74047
-0.80817
-0.73913
-0.73726
-0.73471
-0.82169
-0.73973
-0.70907
-0.72234
-0.72232
-0.83106
-0.81242
-0.72554
-0.79678
-0.72542
-0.77233
-0.7849
-0.74659
-0.80294
-0.78293
-0.78504
-0.79924
-0.78471
-0.78253
-0.72438
-0.72437
-0.74438
-0.79348
-0.77608
-0.83938
-0.83401
-0.8327
-0.79157
-0.79739
-0.83269
-0.75513
-0.83374
-0.73031
-0.82753
-0.8127
-0.79806
-0.95156
-0.95564
0
0
0
0
0
0
0
0
0
0
0
0
0
0
0
0
0
0
0
0
0
0
0
0
0
0
0
0
0
0
0
0
0
0
0
0
0
0
0
0
0
0
0
0
0
0
0
0
0
0
0
0
0
0
-0.79701
-0.81765
-0.75985
-0.75811
-0.77215
-0.83493
-0.77455
-0.77842
-0.8111
-0.78666
-0.74047
41.7776
-0.81107
-0.74257
-0.74065
-0.73732
-0.82457
-0.74242
-0.7118
-0.7251
-0.72507
-0.83393
-0.81527
-0.72832
-0.79958
-0.72821
-0.77553
-0.78821
-0.74957
-0.80593
-0.78589
-0.78801
-0.80225
-0.78767
-0.78549
-0.72724
-0.72724
-0.74728
-0.7965
-0.77902
-0.84256
-0.8371
-0.83578
-0.79457
-0.8004
-0.83575
-0.75806
-0.8368
-0.73322
-0.83054
-0.81569
-0.80104
-0.95472
-0.95878
0
0
0
0
0
0
0
0
0
0
0
0
0
0
0
0
0
0
0
0
0
0
0
0
0
0
0
0
0
0
0
0
0
0
0
0
0
0
0
0
0
0
0
0
0
0
0
0
0
0
0
0
0
0
-0.84986
-0.86688
-0.80768
-0.80804
-0.81836
-0.88503
-0.81627
-0.82209
-0.87703
-0.83077
-0.80817
-0.81107
52.0973
-0.80996
-0.80834
-0.78561
-0.87211
-0.78958
-0.75929
-0.76967
-0.76965
-0.87489
-0.85716
-0.77408
-0.83736
-0.77397
-0.81628
-0.8195
-0.79293
-0.85226
-0.83223
-0.83437
-0.84841
-0.83404
-0.83183
-0.77283
-0.77284
-0.7933
-0.84091
-0.82542
-0.88474
-0.88214
-0.88079
-0.84133
-0.82916
-0.88287
-0.80453
-0.88049
-0.77589
-0.87608
-0.86396
-0.8452
0
0
0
0
0
0
0
0
-2.6913
0
0
0
0
0
0
0
0
0
0
0
0
0
0
-7.2087
0
0
0
0
0
0
0
0
0
0
0
0
0
0
0
0
0
0
0
0
0
0
0
0
0
0
0
0
0
0
0
0
-0.79591
-0.81654
-0.75876
-0.757
-0.77103
-0.83381
-0.77333
-0.77726
-0.80997
-0.78552
-0.73913
-0.74257
-0.80996
41.7184
-0.73932
-0.73631
-0.82347
-0.74138
-0.71075
-0.72404
-0.72402
-0.83283
-0.81418
-0.72725
-0.79851
-0.72714
-0.7743
-0.78694
-0.74843
-0.80479
-0.78475
-0.78687
-0.80109
-0.78655
-0.78436
-0.72614
-0.72615
-0.74617
-0.79533
-0.7779
-0.84134
-0.83592
-0.83461
-0.79341
-0.79924
-0.83457
-0.75694
-0.83562
-0.7321
-0.82938
-0.81454
-0.79991
-0.95352
-0.95758
0
0
0
0
0
0
0
0
0
0
0
0
0
0
0
0
0
0
0
0
0
0
0
0
0
0
0
0
0
0
0
0
0
0
0
0
0
0
0
0
0
0
0
0
0
0
0
0
0
0
0
0
0
0
-0.7943
-0.81491
-0.75716
-0.75539
-0.76938
-0.83216
-0.77154
-0.77556
-0.80833
-0.78382
-0.73726
-0.74065
-0.80834
-0.73932
41.6319
-0.73485
-0.82184
-0.73989
-0.70923
-0.7225
-0.72248
-0.83123
-0.81257
-0.72569
-0.79695
-0.72558
-0.77251
-0.78508
-0.74676
-0.8031
-0.78309
-0.78521
-0.7994
-0.78487
-0.78269
-0.72454
-0.72454
-0.74454
-0.79364
-0.77624
-0.83956
-0.83418
-0.83286
-0.79174
-0.79756
-0.83287
-0.75529
-0.83391
-0.73048
-0.82769
-0.81287
-0.79823
-0.95173
-0.95582
0
0
0
0
0
0
0
0
0
0
0
0
0
0
0
0
0
0
0
0
0
0
0
0
0
0
0
0
0
0
0
0
0
0
0
0
0
0
0
0
0
0
0
0
0
0
0
0
0
0
0
0
0
0
-0.77221
-0.79272
-0.73523
-0.73331
-0.74691
-0.80963
-0.746
-0.75191
-0.78571
-0.76044
-0.73471
-0.73732
-0.78561
-0.73631
-0.73485
40.044
-0.79985
-0.72193
-0.68777
-0.70211
-0.70207
-0.8089
-0.78445
-0.70395
-0.76197
-0.70385
-0.74797
-0.75965
-0.7221
-0.7793
-0.75947
-0.76157
-0.7745
-0.76123
-0.75907
-0.70202
-0.70203
-0.72143
-0.76896
-0.75251
-0.81317
-0.80904
-0.80775
-0.76892
-0.77263
-0.80959
-0.73279
-0.80742
-0.70652
-0.80083
-0.79078
-0.77364
0
0
0
0
0
0
0
-1.4394
0
0
0
0
0
0
0
0
0
0
0
0
0
0
0
0
0
0
0
0
0
0
0
0
0
0
0
0
0
0
0
0
0
0
0
0
0
0
0
0
0
0
0
0
0
0
0
0
-0.85912
-0.87876
-0.82609
-0.81937
-0.83237
-0.89423
-0.83033
-0.83548
-0.87164
-0.84433
-0.82169
-0.82457
-0.87211
-0.82347
-0.82184
-0.79985
57.9372
-0.80424
-0.77385
-0.78258
-0.78256
-0.88989
-0.86696
-0.78733
-0.84566
-0.78723
-0.82046
-0.83636
-0.80056
-0.86561
-0.84566
-0.84781
-0.86158
-0.84747
-0.84525
-0.78612
-0.78612
-0.80663
-0.85086
-0.8388
-0.89163
-0.89196
-0.89059
-0.85565
-0.86273
-0.89737
-0.81867
-0.89029
-0.78599
0
0
0
0
0
0
0
0
0
0
0
0
0
0
0
0
0
0
0
0
0
0
0
-3.8206
0
0
0
0
0
0
0
0
-6.9585
0
0
0
0
0
0
0
0
0
0
0
0
0
0
-6.9585
0
0
0
0
0
0
0
0
0
0
0
-0.77662
-0.79729
-0.73946
-0.73711
-0.75053
-0.814
-0.74958
-0.7557
-0.78972
-0.76428
-0.73973
-0.74242
-0.78958
-0.74138
-0.73989
-0.72193
-0.80424
38.7955
-0.68778
-0.69924
-0.69922
-0.81145
-0.78801
-0.70647
-0.76849
-0.70635
-0.75863
-0.77207
-0.72571
-0.78267
-0.76268
-0.76477
-0.77783
-0.76444
-0.76228
-0.70504
-0.70503
-0.72456
-0.77274
-0.75574
-0.81798
-0.81373
-0.81244
-0.77247
-0.77666
-0.81313
-0.7363
-0.81181
-0.71035
-0.8067
-0.79227
-0.77693
0
0
0
0
0
0
0
0
0
0
0
0
0
0
0
0
0
0
0
0
0
0
0
0
0
0
0
0
0
0
0
0
0
0
0
0
0
0
0
0
0
0
0
0
0
0
0
0
0
0
0
0
0
0
0
0
-0.74688
-0.76743
-0.70997
-0.70732
-0.72034
-0.78368
-0.71866
-0.72508
-0.75932
-0.73357
-0.70907
-0.7118
-0.75929
-0.71075
-0.70923
-0.68777
-0.77385
-0.68778
36.5132
-0.66873
-0.6687
-0.7801
-0.75674
-0.68163
-0.73823
-0.68149
-0.71718
-0.73068
-0.69629
-0.75287
-0.73286
-0.73494
-0.74736
-0.73459
-0.73246
-0.67603
-0.67602
-0.6952
-0.7431
-0.7259
-0.78545
-0.782
-0.78073
-0.7417
-0.74526
-0.78188
-0.70603
-0.77972
-0.68089
-0.7754
-0.76123
0
0
0
0
0
0
0
0
0
0
0
0
0
0
0
0
0
0
0
0
0
0
0
0
0
0
0
0
0
0
0
0
0
0
0
0
0
0
0
0
0
0
0
0
0
0
0
0
0
0
0
0
0
0
0
0
0
-0.7573
-0.77701
-0.71801
-0.71737
-0.73128
-0.79418
-0.73024
-0.73607
-0.77074
-0.74341
-0.72234
-0.7251
-0.76967
-0.72404
-0.7225
-0.70211
-0.78258
-0.69924
-0.66873
38.2466
-0.64078
-0.79079
-0.76717
-0.68741
-0.74898
-0.68729
-0.73763
-0.75168
-0.70432
-0.7616
-0.74176
-0.74385
-0.75376
-0.74351
-0.74137
-0.68488
-0.68488
-0.70413
-0.75108
-0.73489
-0.79571
-0.79173
-0.79046
-0.75197
-0.75643
-0.79226
-0.71616
-0.79008
-0.6906
0
0
0
0
0
0
0
0
0
0
0
0
-2.8176
0
0
0
0
0
0
0
0
0
0
0
0
0
0
0
0
0
0
0
0
0
0
0
0
0
0
0
0
0
0
0
0
0
0
0
0
0
0
0
0
0
0
0
0
0
0
-0.75728
-0.77698
-0.71799
-0.71734
-0.73125
-0.79415
-0.73022
-0.73604
-0.77071
-0.74339
-0.72232
-0.72507
-0.76965
-0.72402
-0.72248
-0.70207
-0.78256
-0.69922
-0.6687
-0.64078
38.2454
-0.79076
-0.76714
-0.68738
-0.74895
-0.68727
-0.73759
-0.75165
-0.70429
-0.76157
-0.74174
-0.74383
-0.75374
-0.74349
-0.74135
-0.68486
-0.68485
-0.70411
-0.75105
-0.73487
-0.79568
-0.7917
-0.79044
-0.75195
-0.7564
-0.79223
-0.71613
-0.79004
-0.69058
0
0
0
0
0
0
0
0
0
0
0
0
-2.8175
0
0
0
0
0
0
0
0
0
0
0
0
0
0
0
0
0
0
0
0
0
0
0
0
0
0
0
0
0
0
0
0
0
0
0
0
0
0
0
0
0
0
0
0
0
0
-0.86645
-0.89071
-0.82686
-0.82289
-0.84246
-0.90569
-0.83839
-0.84964
-0.87702
-0.85834
-0.83106
-0.83393
-0.87489
-0.83283
-0.83123
-0.8089
-0.88989
-0.81145
-0.7801
-0.79079
-0.79076
47.7559
-0.8826
-0.79394
-0.85791
-0.79383
-0.83693
-0.84898
-0.81162
-0.87179
-0.85128
-0.85344
-0.86794
-0.8531
-0.85088
-0.79121
-0.7912
-0.81182
-0.86023
-0.84413
-0.90426
-0.9018
-0.90047
-0.86111
-0.86261
-0.90293
-0.82403
0
0
0
0
0
0
0
0
0
0
-1.8874
0
0
0
0
0
0
0
0
0
0
0
0
0
0
0
0
0
0
0
0
0
0
0
0
0
-6.9841
0
0
0
0
0
0
0
0
0
0
0
0
0
0
0
0
0
0
0
0
0
0
0
0
-0.84463
-0.86831
-0.80569
-0.80282
-0.81742
-0.88164
-0.81539
-0.82604
-0.85623
-0.83624
-0.81242
-0.81527
-0.85716
-0.81418
-0.81257
-0.78445
-0.86696
-0.78801
-0.75674
-0.76717
-0.76714
-0.8826
45.4571
-0.77109
-0.83088
-0.77096
-0.81312
-0.82612
-0.78749
-0.84815
-0.82795
-0.83009
-0.84368
-0.82975
-0.82754
-0.76875
-0.76876
-0.78891
-0.83586
-0.82085
-0.87847
-0.87669
-0.87535
-0.83788
-0.84322
-0.87942
-0.8011
-0.87443
0
0
0
0
0
0
0
0
0
0
0
0
0
0
0
0
0
0
0
0
0
0
0
0
0
0
0
0
0
0
0
0
0
0
0
0
0
0
0
0
0
-6.7215
0
0
0
0
0
0
0
0
0
0
0
0
0
0
0
0
0
0
-0.76141
-0.7821
-0.72426
-0.72171
-0.73509
-0.79851
-0.73371
-0.74017
-0.77415
-0.74879
-0.72554
-0.72832
-0.77408
-0.72725
-0.72569
-0.70395
-0.78733
-0.70647
-0.68163
-0.68741
-0.68738
-0.79394
-0.77109
34.9735
-0.75209
-0.66763
-0.7356
-0.74933
-0.71847
-0.76762
-0.74678
-0.74888
-0.76033
-0.74855
-0.74638
-0.68935
-0.68934
-0.70862
-0.75735
-0.73965
-0.80137
-0.79779
-0.79654
-0.7576
-0.75997
-0.79801
-0.72178
-0.79454
0
0
0
0
0
0
0
0
0
0
0
0
0
0
0
0
0
0
0
0
0
0
0
0
0
0
0
0
0
0
0
0
0
0
0
0
0
0
0
0
0
0
0
0
0
0
0
0
0
0
0
0
0
0
0
0
0
0
0
0
-0.82285
-0.84341
-0.78556
-0.78258
-0.79709
-0.85783
-0.794
-0.80062
-0.83558
-0.8111
-0.79678
-0.79958
-0.83736
-0.79851
-0.79695
-0.76197
-0.84566
-0.76849
-0.73823
-0.74898
-0.74895
-0.85791
-0.83088
-0.75209
42.7306
-0.75198
-0.79219
-0.8061
-0.76567
-0.82702
-0.80665
-0.8088
-0.82165
-0.80845
-0.80625
-0.74799
-0.748
-0.76789
-0.81449
-0.7994
-0.85574
-0.85545
-0.85415
-0.81645
0
-0.85774
-0.78003
0
0
0
0
0
0
0
0
0
0
0
0
0
0
0
0
-0.39215
0
0
0
0
0
0
0
0
0
0
0
0
0
0
0
0
0
0
0
0
-6.2335
0
0
0
0
0
0
0
0
0
0
0
0
0
0
0
0
0
0
0
0
0
0
0
-0.76131
-0.78198
-0.72416
-0.7216
-0.73497
-0.79841
-0.7336
-0.74006
-0.77404
-0.74868
-0.72542
-0.72821
-0.77397
-0.72714
-0.72558
-0.70385
-0.78723
-0.70635
-0.68149
-0.68729
-0.68727
-0.79383
-0.77096
-0.66763
-0.75198
34.9683
-0.73549
-0.74924
-0.71837
-0.76751
-0.74666
-0.74877
-0.7602
-0.74843
-0.74627
-0.68923
-0.68923
-0.7085
-0.75723
-0.73954
-0.80124
-0.79767
-0.79643
-0.75748
-0.75984
-0.79789
-0.72165
-0.79441
0
0
0
0
0
0
0
0
0
0
0
0
0
0
0
0
0
0
0
0
0
0
0
0
0
0
0
0
0
0
0
0
0
0
0
0
0
0
0
0
0
0
0
0
0
0
0
0
0
0
0
0
0
0
0
0
0
0
0
0
-0.80191
-0.82247
-0.76397
-0.76276
-0.7771
-0.83835
-0.77588
-0.78222
-0.81566
-0.79169
-0.77233
-0.77553
-0.81628
-0.7743
-0.77251
-0.74797
-0.82046
-0.75863
-0.71718
-0.73763
-0.73759
-0.83693
-0.81312
-0.7356
-0.79219
-0.73549
38.5029
-0.79817
-0.73297
-0.80093
-0.77951
-0.78161
-0.78852
-0.78128
-0.77911
-0.72201
-0.722
-0.74077
-0.78379
-0.77179
0
0
0
0
0
0
0
0
0
0
0
0
0
0
0
0
0
0
0
0
0
0
0
0
0
0
0
0
-2.5915
0
0
0
0
0
0
0
0
0
0
0
0
0
0
0
0
0
0
0
0
0
0
0
0
0
0
0
0
-5.6532
0
0
0
0
0
0
0
0
0
0
-0.81704
-0.838
-0.77822
-0.77537
-0.79023
-0.85359
-0.78839
-0.79425
-0.83015
-0.80468
-0.7849
-0.78821
-0.8195
-0.78694
-0.78508
-0.75965
-0.83636
-0.77207
-0.73068
-0.75168
-0.75165
-0.84898
-0.82612
-0.74933
-0.8061
-0.74924
-0.79817
39.1531
-0.74837
-0.81503
-0.79353
-0.79564
-0.80382
-0.79531
-0.79312
-0.73545
-0.73544
-0.75445
-0.79905
-0.7858
0
0
0
0
0
0
0
0
0
0
0
0
0
0
0
0
0
0
0
0
-2.609
0
0
0
0
0
0
0
0
0
0
0
0
0
0
0
0
0
0
-5.7744
0
0
0
0
0
0
0
0
0
0
0
0
0
0
0
0
0
0
0
0
0
0
0
0
0
0
0
0
-0.77959
-0.79861
-0.74317
-0.74096
-0.75494
-0.81442
-0.75314
-0.75946
-0.79262
-0.76883
-0.74659
-0.74957
-0.79293
-0.74843
-0.74676
-0.7221
-0.80056
-0.72571
-0.69629
-0.70432
-0.70429
-0.81162
-0.78749
-0.71847
-0.76567
-0.71837
-0.73297
-0.74837
34.5319
-0.78361
-0.75934
-0.76143
-0.76425
-0.7611
-0.75893
-0.70191
-0.70191
-0.72001
-0.77383
-0.7511
0
0
0
0
0
0
0
0
0
0
0
0
0
0
0
0
0
0
0
0
0
0
0
0
0
0
0
0
0
0
0
0
0
0
0
0
0
0
0
0
0
0
0
0
0
0
0
0
0
0
0
0
0
0
0
0
0
0
0
0
0
0
0
0
0
0
-5.1683
0
-0.83876
-0.86018
-0.80017
-0.7976
-0.81158
-0.87713
-0.81013
-0.81693
-0.85187
-0.82513
-0.80294
-0.80593
-0.85226
-0.80479
-0.8031
-0.7793
-0.86561
-0.78267
-0.75287
-0.7616
-0.76157
-0.87179
-0.84815
-0.76762
-0.82702
-0.76751
-0.80093
-0.81503
-0.78361
31.7585
-0.83011
-0.83235
-0.87688
-0.83198
-0.82968
-0.76593
-0.76594
-0.79055
-0.8671
-0.82421
0
0
0
0
0
0
0
0
0
0
0
0
0
0
0
0
0
0
0
0
0
0
0
0
0
0
0
0
0
0
0
0
0
0
0
0
0
0
0
0
0
0
0
0
0
0
0
0
0
0
0
0
0
0
0
0
0
0
0
0
0
0
0
0
0
0
0
0
-0.81906
-0.84044
-0.78065
-0.77801
-0.79177
-0.85716
-0.79017
-0.79697
-0.83186
-0.80541
-0.78293
-0.78589
-0.83223
-0.78475
-0.78309
-0.75947
-0.84566
-0.76268
-0.73286
-0.74176
-0.74174
-0.85128
-0.82795
-0.74678
-0.80665
-0.74666
-0.77951
-0.79353
-0.75934
-0.83011
29.353
-0.83601
-0.84674
-0.8354
-0.83147
-0.73042
-0.73042
-0.75618
0
0
0
0
0
0
0
0
0
0
0
0
0
0
0
0
0
0
0
0
0
0
0
0
0
0
0
0
0
0
0
0
0
0
0
0
0
0
0
0
0
0
0
0
0
0
0
0
0
0
0
0
0
0
0
0
0
0
0
0
0
0
0
0
0
0
0
0
0
0
-0.82118
-0.84258
-0.78277
-0.78012
-0.79388
-0.85933
-0.7923
-0.7991
-0.834
-0.80753
-0.78504
-0.78801
-0.83437
-0.78687
-0.78521
-0.76157
-0.84781
-0.76477
-0.73494
-0.74385
-0.74383
-0.85344
-0.83009
-0.74888
-0.8088
-0.74877
-0.78161
-0.79564
-0.76143
-0.83235
-0.83601
29.433
-0.84879
-0.83921
-0.83528
-0.73262
-0.73262
-0.75839
0
0
0
0
0
0
0
0
0
0
0
0
0
0
0
0
0
0
0
0
0
0
0
0
0
0
0
0
0
0
0
0
0
0
0
0
0
0
0
0
0
0
0
0
0
0
0
0
0
0
0
0
0
0
0
0
0
0
0
0
0
0
0
0
0
0
0
0
0
0
-0.83566
-0.85609
-0.79404
-0.7935
-0.80795
-0.8737
-0.80624
-0.81258
-0.84924
-0.80923
-0.79924
-0.80225
-0.84841
-0.80109
-0.7994
-0.7745
-0.86158
-0.77783
-0.74736
-0.75376
-0.75374
-0.86794
-0.84368
-0.76033
-0.82165
-0.7602
-0.78852
-0.80382
-0.76425
-0.87688
-0.84674
-0.84879
31.9752
-0.84848
-0.84635
-0.75266
-0.75266
0
0
0
0
0
0
0
0
0
0
0
0
0
0
0
0
0
0
0
0
0
0
0
0
0
0
0
0
0
0
-2.8349
0
0
0
0
0
0
0
0
0
0
0
0
0
0
0
0
0
0
0
0
0
0
0
0
0
0
0
0
0
0
0
0
0
0
0
0
0
0
0
0
-0.82084
-0.84224
-0.78243
-0.77978
-0.79354
-0.85898
-0.79197
-0.79875
-0.83365
-0.8072
-0.78471
-0.78767
-0.83404
-0.78655
-0.78487
-0.76123
-0.84747
-0.76444
-0.73459
-0.74351
-0.74349
-0.8531
-0.82975
-0.74855
-0.80845
-0.74843
-0.78128
-0.79531
-0.7611
-0.83198
-0.8354
-0.83921
-0.84848
29.4202
-0.83467
-0.73227
-0.73227
-0.75803
0
0
0
0
0
0
0
0
0
0
0
0
0
0
0
0
0
0
0
0
0
0
0
0
0
0
0
0
0
0
0
0
0
0
0
0
0
0
0
0
0
0
0
0
0
0
0
0
0
0
0
0
0
0
0
0
0
0
0
0
0
0
0
0
0
0
0
0
0
0
-0.81865
-0.84003
-0.78025
-0.77761
-0.79136
-0.85675
-0.78979
-0.79657
-0.83145
-0.80501
-0.78253
-0.78549
-0.83183
-0.78436
-0.78269
-0.75907
-0.84525
-0.76228
-0.73246
-0.74137
-0.74135
-0.85088
-0.82754
-0.74638
-0.80625
-0.74627
-0.77911
-0.79312
-0.75893
-0.82968
-0.83147
-0.83528
-0.84635
-0.83467
29.3379
-0.73001
-0.73002
-0.75576
0
0
0
0
0
0
0
0
0
0
0
0
0
0
0
0
0
0
0
0
0
0
0
0
0
0
0
0
0
0
0
0
0
0
0
0
0
0
0
0
0
0
0
0
0
0
0
0
0
0
0
0
0
0
0
0
0
0
0
0
0
0
0
0
0
0
0
0
0
0
-0.76018
-0.78113
-0.72271
-0.72005
-0.73329
-0.79734
-0.73163
-0.73822
-0.77243
-0.74673
-0.72438
-0.72724
-0.77283
-0.72614
-0.72454
-0.70202
-0.78612
-0.70504
-0.67603
-0.68488
-0.68486
-0.79121
-0.76875
-0.68935
-0.74799
-0.68923
-0.72201
-0.73545
-0.70191
-0.76593
-0.73042
-0.73262
-0.75266
-0.73227
-0.73001
26.3902
-0.68264
0
0
0
0
0
0
0
0
0
0
0
0
0
0
0
0
0
0
0
0
0
0
0
0
0
0
0
0
0
0
0
0
0
0
0
0
0
0
0
0
0
0
0
0
0
0
0
0
0
0
0
0
0
0
0
0
0
0
0
0
0
0
0
0
0
0
0
0
0
0
0
-0.76018
-0.78112
-0.72271
-0.72005
-0.73329
-0.79734
-0.73163
-0.73821
-0.77243
-0.74673
-0.72437
-0.72724
-0.77284
-0.72615
-0.72454
-0.70203
-0.78612
-0.70503
-0.67602
-0.68488
-0.68485
-0.7912
-0.76876
-0.68934
-0.748
-0.68923
-0.722
-0.73544
-0.70191
-0.76594
-0.73042
-0.73262
-0.75266
-0.73227
-0.73002
-0.68264
26.3902
0
0
0
0
0
0
0
0
0
0
0
0
0
0
0
0
0
0
0
0
0
0
0
0
0
0
0
0
0
0
0
0
0
0
0
0
0
0
0
0
0
0
0
0
0
0
0
0
0
0
0
0
0
0
0
0
0
0
0
0
0
0
0
0
0
0
0
0
0
0
0
-0.78043
-0.80162
-0.74265
-0.73986
-0.7533
-0.81797
-0.75173
-0.75842
-0.79289
-0.76764
-0.74438
-0.74728
-0.7933
-0.74617
-0.74454
-0.72143
-0.80663
-0.72456
-0.6952
-0.70413
-0.70411
-0.81182
-0.78891
-0.70862
-0.76789
-0.7085
-0.74077
-0.75445
-0.72001
-0.79055
-0.75618
-0.75839
0
-0.75803
-0.75576
0
0
25.6581
0
0
0
0
0
0
0
0
0
0
0
0
0
0
0
0
0
0
0
0
0
0
0
0
0
0
0
0
0
0
0
0
0
0
0
0
0
0
0
0
0
0
0
0
0
0
0
0
0
0
0
0
0
0
0
0
0
0
0
0
0
0
0
0
0
0
0
0
0
0
-0.82679
-0.8465
-0.78974
-0.78762
-0.80207
-0.86286
-0.80028
-0.80647
-0.84029
-0.81619
-0.79348
-0.7965
-0.84091
-0.79533
-0.79364
-0.76896
-0.85086
-0.77274
-0.7431
-0.75108
-0.75105
-0.86023
-0.83586
-0.75735
-0.81449
-0.75723
-0.78379
-0.79905
-0.77383
-0.8671
0
0
0
0
0
0
0
0
29.3657
0
0
0
0
0
0
0
0
0
0
0
0
0
0
0
0
0
0
0
0
0
0
0
0
0
0
0
0
0
0
0
0
0
0
0
0
0
0
0
0
0
0
0
0
0
0
0
0
0
0
0
0
0
0
0
0
0
0
0
-5.2803
0
0
0
0
0
0
0
0
0
-0.81225
-0.83368
-0.77402
-0.77123
-0.78495
-0.85031
-0.78342
-0.79023
-0.82502
-0.7994
-0.77608
-0.77902
-0.82542
-0.7779
-0.77624
-0.75251
-0.8388
-0.75574
-0.7259
-0.73489
-0.73487
-0.84413
-0.82085
-0.73965
-0.7994
-0.73954
-0.77179
-0.7858
-0.7511
-0.82421
0
0
0
0
0
0
0
0
0
23.5783
0
0
0
0
0
0
0
0
0
0
0
0
0
0
0
0
0
0
0
0
0
0
0
0
0
0
0
0
0
0
0
0
0
0
0
0
0
0
0
0
0
0
0
0
0
0
0
0
0
0
0
0
0
0
0
0
0
0
0
0
0
0
0
0
0
0
0
0
-0.86937
-0.88767
-0.83449
-0.83202
-0.84681
-0.90491
-0.84513
-0.85149
-0.88402
-0.86175
-0.83938
-0.84256
-0.88474
-0.84134
-0.83956
-0.81317
-0.89163
-0.81798
-0.78545
-0.79571
-0.79568
-0.90426
-0.87847
-0.80137
-0.85574
-0.80124
0
0
0
0
0
0
0
0
0
0
0
0
0
0
31.2183
0
0
0
0
0
0
0
0
0
0
0
0
0
0
0
0
0
0
0
0
0
0
0
0
0
0
0
0
0
0
0
0
0
0
0
0
0
-4.6062
0
0
0
0
0
0
0
0
0
0
0
0
0
0
0
0
0
0
0
0
0
0
0
0
0
0
0
0
-4.6062
-0.86712
-0.88724
-0.82959
-0.82746
-0.84221
-0.90414
-0.84047
-0.84674
-0.88097
-0.85671
-0.83401
-0.8371
-0.88214
-0.83592
-0.83418
-0.80904
-0.89196
-0.81373
-0.782
-0.79173
-0.7917
-0.9018
-0.87669
-0.79779
-0.85545
-0.79767
0
0
0
0
0
0
0
0
0
0
0
0
0
0
0
26.8907
0
0
0
0
0
0
0
0
0
0
0
0
0
0
0
0
0
0
0
0
0
0
0
0
0
0
0
0
0
0
0
0
0
0
-4.9751
0
0
0
0
0
0
0
0
0
0
0
0
0
0
0
0
0
0
0
0
0
0
0
0
0
0
0
0
0
0
0
-0.86576
-0.88587
-0.82827
-0.82615
-0.84089
-0.90276
-0.83916
-0.84542
-0.87963
-0.8554
-0.8327
-0.83578
-0.88079
-0.83461
-0.83286
-0.80775
-0.89059
-0.81244
-0.78073
-0.79046
-0.79044
-0.90047
-0.87535
-0.79654
-0.85415
-0.79643
0
0
0
0
0
0
0
0
0
0
0
0
0
0
0
0
26.8473
0
0
0
0
0
0
0
0
0
0
0
0
0
0
0
0
0
0
0
0
0
0
0
0
0
0
0
0
0
0
0
0
0
0
0
0
0
-4.9659
0
0
0
0
0
0
0
0
0
0
0
0
0
0
0
0
0
0
0
0
0
0
0
0
0
0
0
-0.82738
-0.84898
-0.789
-0.7863
-0.80004
-0.86589
-0.79841
-0.80528
-0.84012
-0.81446
-0.79157
-0.79457
-0.84133
-0.79341
-0.79174
-0.76892
-0.85565
-0.77247
-0.7417
-0.75197
-0.75195
-0.86111
-0.83788
-0.7576
-0.81645
-0.75748
0
0
0
0
0
0
0
0
0
0
0
0
0
0
0
0
0
20.8616
0
0
0
0
0
0
0
0
0
0
0
0
0
0
0
0
0
0
0
0
0
0
0
0
0
0
0
0
0
0
0
0
0
0
0
0
0
0
0
0
0
0
0
0
0
0
0
0
0
0
0
0
0
0
0
0
0
0
0
0
0
0
0
0
-0.83493
-0.858
-0.79436
-0.78982
-0.80422
-0.875
-0.80328
-0.81015
-0.84826
-0.82084
-0.79739
-0.8004
-0.82916
-0.79924
-0.79756
-0.77263
-0.86273
-0.77666
-0.74526
-0.75643
-0.7564
-0.86261
-0.84322
-0.75997
0
-0.75984
0
0
0
0
0
0
0
0
0
0
0
0
0
0
0
0
0
0
22.5828
0
0
0
0
0
0
0
0
0
0
0
0
0
0
0
-2.4244
0
0
0
0
0
0
0
0
0
0
0
0
0
0
0
0
0
0
0
0
0
0
0
0
0
0
0
0
0
0
0
0
0
0
0
0
0
0
0
0
0
0
0
0
0
0
0
-0.8688
-0.89063
-0.82992
-0.82726
-0.84119
-0.90783
-0.83956
-0.8465
-0.88175
-0.85573
-0.83269
-0.83575
-0.88287
-0.83457
-0.83287
-0.80959
-0.89737
-0.81313
-0.78188
-0.79226
-0.79223
-0.90293
-0.87942
-0.79801
-0.85774
-0.79789
0
0
0
0
0
0
0
0
0
0
0
0
0
0
0
0
0
0
0
21.9304
0
0
0
0
0
0
0
0
0
0
0
0
0
0
0
0
0
0
0
0
0
0
0
0
0
0
0
0
0
0
0
0
0
0
0
0
0
0
0
0
0
0
0
0
0
0
0
0
0
0
0
0
0
0
0
0
0
0
0
0
0
0
-0.79081
-0.8122
-0.75289
-0.75012
-0.76364
-0.82879
-0.76201
-0.76878
-0.80326
-0.77788
-0.75513
-0.75806
-0.80453
-0.75694
-0.75529
-0.73279
-0.81867
-0.7363
-0.70603
-0.71616
-0.71613
-0.82403
-0.8011
-0.72178
-0.78003
-0.72165
0
0
0
0
0
0
0
0
0
0
0
0
0
0
0
0
0
0
0
0
19.915
0
0
0
0
0
0
0
0
0
0
0
0
0
0
0
0
0
0
0
0
0
0
0
0
0
0
0
0
0
0
0
0
0
0
0
0
0
0
0
0
0
0
0
0
0
0
0
0
0
0
0
0
0
0
0
0
0
0
0
0
0
-0.86632
-0.88602
-0.82931
-0.82691
-0.84157
-0.90314
-0.83993
-0.84693
-0.88025
-0.85682
-0.83374
-0.8368
-0.88049
-0.83562
-0.83391
-0.80742
-0.89029
-0.81181
-0.77972
-0.79008
-0.79004
0
-0.87443
-0.79454
0
-0.79441
0
0
0
0
0
0
0
0
0
0
0
0
0
0
0
0
0
0
0
0
0
24.418
0
0
0
0
0
0
0
0
0
0
0
0
0
0
0
0
0
0
0
0
0
0
0
0
0
0
0
0
0
0
0
0
0
0
0
0
0
0
0
0
0
0
0
-4.2875
0
0
0
0
0
0
0
0
0
0
0
0
0
0
0
0
-0.76147
-0.78034
-0.72723
-0.7241
-0.73784
-0.79727
-0.73652
-0.74336
-0.77498
-0.75295
-0.73031
-0.73322
-0.77589
-0.7321
-0.73048
-0.70652
-0.78599
-0.71035
-0.68089
-0.6906
-0.69058
0
0
0
0
0
0
0
0
0
0
0
0
0
0
0
0
0
0
0
0
0
0
0
0
0
0
0
19.2485
0
0
0
0
0
0
0
0
0
0
0
0
0
0
0
0
0
0
0
0
0
0
0
0
0
0
0
0
0
0
0
0
0
0
0
0
0
0
0
0
0
0
0
0
0
0
0
0
0
0
0
0
0
0
0
-3.7455
0
0
0
-0.85914
-0.87958
-0.82149
-0.82015
-0.83495
-0.89842
-0.83395
-0.84088
-0.87495
-0.8505
-0.82753
-0.83054
-0.87608
-0.82938
-0.82769
-0.80083
0
-0.8067
-0.7754
0
0
0
0
0
0
0
0
0
0
0
0
0
0
0
0
0
0
0
0
0
0
0
0
0
0
0
0
0
0
18.1799
0
0
0
0
0
0
0
0
0
0
0
0
0
0
0
0
0
0
0
-3.0918
0
0
0
0
0
0
0
0
0
0
0
0
0
0
0
0
0
0
0
0
0
0
0
0
0
0
0
0
0
0
0
0
0
0
0
0
0
0
-0.84994
-0.87221
-0.81122
-0.80777
-0.82116
-0.88966
-0.81943
-0.82699
-0.86208
-0.83628
-0.8127
-0.81569
-0.86396
-0.81454
-0.81287
-0.79078
0
-0.79227
-0.76123
0
0
0
0
0
0
0
0
0
0
0
0
0
0
0
0
0
0
0
0
0
0
0
0
0
0
0
0
0
0
0
14.8608
0
0
0
0
0
0
0
0
0
0
0
0
0
0
0
0
0
0
0
0
0
0
0
0
0
0
0
0
0
0
0
0
0
0
0
0
0
0
0
0
0
0
0
0
0
0
0
0
0
0
0
0
0
0
0
0
0
-0.83013
-0.84958
-0.7964
-0.79199
-0.80578
-0.86709
-0.80455
-0.81202
-0.84385
-0.8222
-0.79806
-0.80104
-0.8452
-0.79991
-0.79823
-0.77364
0
-0.77693
0
0
0
0
0
0
0
0
0
0
0
0
0
0
0
0
0
0
0
0
0
0
0
0
0
0
0
0
0
0
0
0
0
17.4685
0
0
0
0
0
0
0
0
0
0
0
0
0
0
0
0
0
0
0
0
0
0
0
0
0
0
0
0
0
0
0
0
0
0
-3.6519
0
0
0
0
0
0
0
0
0
0
0
0
0
0
0
0
0
0
0
0
0
-0.97768
-0.9977
-0.94383
-0.94259
-0.95656
-1.0174
-0.95688
-0.96619
-0.99649
-0.97559
-0.95156
-0.95472
0
-0.95352
-0.95173
0
0
0
0
0
0
0
0
0
0
0
0
0
0
0
0
0
0
0
0
0
0
0
0
0
0
0
0
0
0
0
0
0
0
0
0
0
23.9553
0
0
0
0
0
0
0
0
0
0
0
0
0
0
0
-2.5352
0
0
0
0
0
0
0
0
0
0
0
0
0
0
0
0
0
0
0
0
0
0
0
0
0
-3.9389
0
0
0
0
0
-3.9389
0
0
0
0
0
0
0
-0.9809
-1.0008
-0.94162
-0.94522
-0.96224
-1.0239
-0.96149
-0.96689
-1.0013
-0.97777
-0.95564
-0.95878
0
-0.95758
-0.95582
0
0
0
0
0
0
0
0
0
0
0
0
0
0
0
0
0
0
0
0
0
0
0
0
0
0
0
0
0
0
0
0
0
0
0
0
0
0
20.8287
0
0
0
0
0
0
0
0
0
0
0
0
0
0
0
0
0
0
0
0
-3.6194
0
0
0
0
0
0
0
0
0
0
0
0
0
0
0
0
0
0
0
0
0
0
0
0
-3.6194
0
0
0
0
0
0
0
0
-1.8871
-1.9216
-1.8407
-1.8467
-1.8628
0
0
0
0
0
0
0
0
0
0
0
0
0
0
0
0
0
0
0
0
0
0
0
0
0
0
0
0
0
0
0
0
0
0
0
0
0
0
0
0
0
0
0
0
0
0
0
0
0
9.8878
0
0
0
0
0
0
0
0
0
0
0
0
0
0
0
0
0
0
0
0
0
0
0
0
0
0
0
0
0
0
0
0
0
0
0
0
0
0
0
0
0
0
0
0
0
0
0
0
-0.52891
0
0
0
0
-1.8775
-1.9096
-1.8365
-1.8387
-1.853
0
-1.861
0
0
0
0
0
0
0
0
0
0
0
0
0
0
0
0
0
0
0
0
0
0
0
0
0
0
0
0
0
0
0
0
0
0
0
0
0
0
0
0
0
0
0
0
0
0
0
0
11.1763
0
0
0
0
0
0
0
0
0
0
0
0
0
0
0
0
0
0
0
0
0
0
0
0
0
0
0
0
0
0
0
0
0
0
0
0
0
0
0
0
0
0
0
0
0
0
0
0
0
0
0
0
-1.911
-1.9418
-1.8672
-1.8624
-1.8792
0
0
0
0
0
0
0
0
0
0
0
0
0
0
0
0
0
0
0
0
0
0
0
0
0
0
0
0
0
0
0
0
0
0
0
0
0
0
0
0
0
0
0
0
0
0
0
0
0
0
0
11.648
0
0
0
0
0
0
0
0
0
-2.1864
0
0
0
0
0
0
0
0
0
0
0
0
0
0
0
0
0
0
0
0
0
0
0
0
0
0
0
0
0
0
0
0
0
0
0
0
0
0
0
0
0
0
0
0
0
0
0
0
0
0
0
0
0
0
0
0
0
0
0
0
0
0
-1.8874
0
0
0
0
0
0
0
0
0
0
0
0
0
0
0
0
0
0
0
0
0
0
0
0
0
0
0
0
0
0
0
0
0
0
0
13.626
0
0
-2.4642
0
0
-2.4748
0
0
0
0
0
0
-3.4238
-3.3758
0
0
0
0
0
0
0
0
0
0
0
0
0
0
0
0
0
0
0
0
0
0
0
0
0
0
0
0
0
0
0
0
0
0
0
0
-2.2541
-2.2902
-2.1999
0
0
0
0
0
0
0
0
0
0
0
0
0
0
0
0
0
0
0
0
0
0
0
0
0
0
0
0
0
0
0
0
0
0
0
0
0
0
0
0
0
0
0
0
0
0
0
0
0
0
0
0
0
0
0
10.5127
0
0
0
0
0
0
0
0
0
0
0
0
0
0
0
0
0
0
0
0
0
0
0
0
0
0
0
0
0
0
0
0
0
0
0
0
0
0
0
0
0
0
0
0
0
0
-3.7684
0
0
0
0
0
0
0
0
0
0
0
0
0
0
0
0
0
-1.4394
0
0
0
0
0
0
0
0
0
0
0
0
0
0
0
0
0
0
0
0
0
0
0
0
0
0
0
0
0
0
0
0
0
0
0
0
0
0
0
0
0
0
0
12.6245
0
0
0
0
0
0
0
0
0
-3.7669
0
0
-3.5792
0
0
0
0
0
0
0
0
0
0
0
0
-3.8391
0
0
0
0
0
0
0
0
0
0
0
0
0
0
0
0
0
0
0
0
0
0
0
0
0
0
0
0
0
0
0
0
0
0
-2.6913
0
0
0
0
0
0
0
0
0
0
0
0
0
0
-2.609
0
0
0
0
0
0
0
0
0
0
0
0
0
0
0
0
-2.4244
0
0
0
0
0
0
0
0
0
0
0
0
-2.4642
0
0
10.189
0
0
0
0
0
0
0
0
0
0
0
0
0
0
0
0
0
0
0
0
0
0
0
0
0
0
0
0
0
0
0
0
0
0
0
0
0
0
0
0
0
0
0
0
0
0
0
0
0
0
0
0
0
0
0
0
0
0
0
0
0
0
0
0
0
0
-2.8176
-2.8175
0
0
0
0
0
0
0
0
0
0
0
0
0
0
0
0
0
0
0
0
0
0
0
0
0
0
0
0
0
0
0
0
0
0
0
0
0
0
0
0
8.6944
0
0
-3.0593
0
0
0
0
0
0
0
0
0
0
0
0
0
0
0
0
0
0
0
0
0
0
0
0
0
0
0
0
0
0
0
0
0
0
0
0
0
0
0
0
0
0
0
0
0
0
-2.6359
0
0
0
-2.6567
0
0
0
0
0
0
0
0
0
0
0
0
0
0
0
0
0
0
0
0
0
0
0
0
0
0
0
0
0
0
0
0
0
0
0
0
0
0
0
0
0
0
0
0
0
0
0
0
0
0
0
0
0
0
9.4993
0
0
0
0
0
0
0
0
0
0
0
0
0
0
0
0
0
0
0
0
0
0
0
0
0
0
0
0
0
0
0
0
0
0
0
0
0
0
-4.2067
0
0
0
0
0
0
0
0
0
0
0
0
0
0
0
0
0
0
0
0
0
0
0
0
0
0
0
0
0
0
-0.39215
0
0
0
0
0
0
0
0
0
0
0
0
0
0
0
0
0
0
0
0
0
0
0
0
0
0
0
0
0
0
0
0
-2.4748
0
0
0
0
0
6.7965
0
0
0
0
0
0
0
0
0
0
0
0
0
-3.9296
0
0
0
0
0
0
0
0
0
0
0
0
0
0
0
0
0
0
0
0
0
0
0
0
0
0
0
0
0
0
0
0
0
0
0
0
0
0
0
0
0
0
0
0
0
0
0
0
0
0
0
0
0
0
0
0
0
0
0
0
0
0
0
0
0
0
0
0
0
0
0
0
0
0
0
0
0
0
0
0
0
0
0
0
0
0
0
0
0
0
0
-3.0593
0
0
9.8459
0
0
-3.0545
0
0
-3.7321
0
0
0
0
0
0
0
0
0
0
0
0
0
0
0
0
0
0
0
0
0
0
0
0
0
0
0
0
0
0
0
0
0
0
0
0
0
-3.0711
-3.1269
-3.0261
0
0
0
0
0
0
0
0
0
0
0
0
0
0
0
0
0
0
0
0
0
0
0
0
0
0
0
0
0
0
0
0
0
0
0
0
0
0
0
0
0
0
0
0
0
0
0
0
0
0
0
0
0
0
0
0
0
0
0
0
0
0
9.2241
0
0
0
0
0
0
0
0
0
0
0
0
0
0
0
0
0
0
0
0
0
0
0
0
0
0
0
0
0
0
0
0
0
0
0
0
0
0
0
0
0
0
-1.063
0
0
0
0
0
0
0
0
0
0
0
0
0
0
0
0
0
0
0
0
0
0
0
0
0
0
0
0
0
0
0
0
0
0
0
0
0
0
0
0
0
0
0
0
0
0
0
0
0
0
0
0
0
0
0
-2.1864
0
0
0
0
0
0
0
0
0
7.2486
0
0
0
0
0
0
0
0
0
0
0
0
0
0
0
0
0
0
0
0
0
0
0
-3.9992
0
0
0
0
0
0
0
0
0
0
0
0
0
0
0
0
0
0
0
0
0
0
0
0
0
0
-2.9226
0
0
0
0
0
0
0
0
0
0
0
0
0
0
0
0
0
0
0
0
0
0
-2.8349
0
0
0
0
0
0
0
0
0
0
0
0
0
0
0
0
0
0
0
0
0
0
0
0
0
0
0
0
0
0
0
-3.0545
0
0
8.812
0
0
0
0
0
0
0
0
0
0
0
0
0
0
0
0
0
0
0
0
0
0
0
0
0
0
0
0
0
0
0
0
0
0
0
0
0
0
0
0
0
0
0
0
0
0
0
0
0
0
0
0
0
0
0
0
0
0
0
0
0
0
0
0
0
0
-2.5915
0
0
0
0
0
0
0
0
0
0
0
0
0
0
0
0
0
0
0
0
0
0
0
0
0
-2.5352
0
0
0
0
0
0
0
0
0
0
0
0
0
0
0
8.8528
0
0
0
0
0
0
0
0
0
0
0
0
0
0
0
0
0
0
0
-3.7261
0
0
0
0
0
0
0
0
0
0
0
0
0
0
0
0
0
0
0
0
0
0
0
0
0
0
0
0
0
0
0
0
0
0
0
0
0
0
0
0
0
0
0
0
0
0
0
0
0
0
0
0
0
0
0
0
0
0
0
0
0
0
0
0
0
0
0
0
-3.0918
0
0
0
0
0
0
0
0
0
-3.7669
0
0
0
0
0
0
0
0
0
6.8586
0
0
0
0
0
0
0
0
0
0
0
0
0
0
0
0
0
0
0
0
0
0
0
0
0
0
0
0
0
0
0
0
0
0
0
0
0
0
0
0
0
0
0
0
0
0
0
0
0
0
0
0
0
0
0
0
0
0
0
0
0
0
0
0
0
0
0
0
0
0
0
0
0
0
0
0
0
0
0
0
0
0
0
0
0
0
0
0
0
0
0
0
0
0
0
-3.4238
0
0
0
0
0
0
-3.7321
0
0
0
0
0
7.1559
0
0
0
0
0
0
0
0
0
0
0
0
0
0
0
0
0
0
0
0
0
0
0
0
0
0
0
0
0
0
0
0
0
0
0
0
0
0
0
0
0
0
0
0
0
0
0
0
0
0
0
0
0
0
0
0
0
0
0
0
0
0
0
0
0
0
0
0
0
0
0
0
0
0
0
0
0
0
0
0
0
0
0
0
0
0
0
0
0
0
0
0
0
0
-3.3758
0
0
0
0
0
0
0
0
0
0
0
0
0
7.2297
0
-3.854
0
0
0
0
0
0
0
0
0
0
0
0
0
0
0
0
0
0
0
0
0
0
0
0
0
0
0
0
0
0
0
0
0
0
0
0
0
0
0
0
0
0
0
0
0
0
0
0
0
0
-3.8206
0
0
0
0
0
0
0
0
0
0
0
0
0
0
0
0
0
0
0
0
0
0
0
0
0
0
0
0
0
0
0
0
0
0
0
0
0
0
0
0
0
0
-3.5792
0
0
0
0
0
0
0
0
0
0
0
0
7.3997
0
0
0
0
0
0
0
0
0
0
0
0
0
0
0
0
0
0
0
0
0
0
0
0
0
0
0
0
0
0
0
0
0
0
0
0
0
-3.735
0
0
0
0
0
0
0
0
0
0
0
0
0
0
0
0
0
0
0
0
0
0
0
0
0
0
0
0
0
0
0
0
0
0
0
0
0
0
0
0
0
0
0
0
0
0
0
0
0
0
0
0
0
0
0
0
0
0
0
0
0
0
0
0
0
0
0
0
-3.854
0
7.589
0
0
0
0
0
0
0
0
0
0
0
0
0
0
0
0
0
0
0
0
0
0
0
0
0
0
0
0
0
0
0
0
0
0
0
0
0
0
0
0
0
0
0
0
0
0
0
0
0
0
0
0
0
0
0
0
0
0
0
0
0
0
0
0
0
0
0
0
0
0
0
0
0
0
0
0
0
0
0
0
0
0
0
0
0
0
0
-3.6194
0
0
0
0
0
0
0
0
0
0
0
0
0
0
0
0
0
0
0
0
3.6194
0
0
0
0
0
0
0
0
0
0
0
0
0
0
0
0
0
0
0
0
0
0
0
0
0
0
0
0
0
0
0
0
0
0
0
0
0
0
0
0
0
0
0
0
0
-7.2087
0
0
0
0
0
0
0
0
0
0
0
0
0
0
0
0
0
0
0
0
0
0
0
0
0
0
0
0
0
0
0
0
0
0
0
0
0
0
0
0
0
0
0
0
0
0
0
0
0
0
0
0
0
0
0
0
0
0
0
0
0
0
7.2087
0
0
0
0
0
0
0
0
0
0
0
0
0
0
0
0
0
0
0
0
0
0
0
0
0
0
0
0
0
0
0
0
0
0
0
0
0
0
0
0
0
0
0
0
0
0
0
0
0
0
0
0
0
0
0
0
0
0
0
0
0
0
0
0
0
0
0
0
0
0
0
0
0
-4.9751
0
0
0
0
0
0
0
0
0
0
0
0
0
0
0
0
0
0
0
0
0
0
0
0
0
0
0
0
0
0
0
0
0
0
4.9751
0
0
0
0
0
0
0
0
0
0
0
0
0
0
0
0
0
0
0
0
0
0
0
0
0
0
0
0
0
0
0
0
0
0
0
0
0
0
0
0
0
0
0
0
0
0
0
0
0
0
0
0
0
0
0
0
0
0
0
0
0
0
0
0
0
0
0
0
0
0
0
0
0
0
0
0
0
0
0
0
0
0
0
0
0
0
0
0
0
0
0
0
0
0
-3.9296
0
0
0
0
0
0
0
0
0
0
0
0
0
3.9296
0
0
0
0
0
0
0
0
0
0
0
0
0
0
0
0
0
0
0
0
0
0
0
0
0
0
0
0
0
0
0
0
0
0
0
0
0
0
0
0
0
0
0
0
0
0
0
0
0
0
0
0
0
0
0
0
0
0
0
0
0
0
0
0
0
0
0
0
0
0
-4.6062
0
0
0
0
0
0
0
0
0
0
0
0
0
0
0
0
0
0
0
0
0
0
0
0
0
0
0
0
0
0
0
0
0
0
0
0
0
4.6062
0
0
0
0
0
0
0
0
0
0
0
0
0
0
0
0
0
0
0
0
0
0
0
0
0
0
0
0
0
0
0
0
0
0
0
0
0
0
0
0
0
0
0
0
0
0
0
0
0
0
0
0
0
0
0
0
-5.7744
0
0
0
0
0
0
0
0
0
0
0
0
0
0
0
0
0
0
0
0
0
0
0
0
0
0
0
0
0
0
0
0
0
0
0
0
0
0
0
0
0
0
0
0
0
0
0
0
0
0
0
5.7744
0
0
0
0
0
0
0
0
0
0
0
0
0
0
0
0
0
0
0
0
0
0
0
0
0
0
0
0
0
0
0
0
0
0
0
0
0
0
0
0
0
0
0
0
0
0
0
0
0
0
0
0
0
0
0
0
0
0
0
0
0
0
0
0
0
0
0
0
0
0
-4.9659
0
0
0
0
0
0
0
0
0
0
0
0
0
0
0
0
0
0
0
0
0
0
0
0
0
0
0
0
0
0
0
0
0
0
0
0
0
4.9659
0
0
0
0
0
0
0
0
0
0
0
0
0
0
0
0
0
0
0
0
0
0
0
0
0
0
0
0
0
0
0
0
0
0
0
0
0
0
0
0
0
0
0
-6.9585
0
0
0
0
0
0
0
0
0
0
0
0
0
0
0
0
0
0
0
0
0
0
0
0
0
0
0
0
0
0
0
0
0
0
0
0
0
0
0
0
0
0
0
0
0
0
0
0
0
0
0
0
0
0
0
0
0
0
0
0
0
0
0
0
6.9585
0
0
0
0
0
0
0
0
0
0
0
0
0
0
0
0
0
0
0
0
0
0
0
0
0
0
0
-7.5114
0
0
0
0
0
0
0
0
0
0
0
0
0
0
0
0
0
0
0
0
0
0
0
0
0
0
0
0
0
0
0
0
0
0
0
0
0
0
0
0
0
0
0
0
0
0
0
0
0
0
0
0
0
0
0
0
0
0
0
0
0
0
0
0
0
0
0
0
0
0
0
0
0
0
0
0
0
0
0
0
7.5114
0
0
0
0
0
0
0
0
0
0
0
0
0
0
0
0
0
0
0
0
0
0
0
0
0
0
0
0
0
0
0
0
0
0
0
0
0
0
0
0
0
0
0
0
0
0
-6.9841
0
0
0
0
0
0
0
0
0
0
0
0
0
0
0
0
0
0
0
0
0
0
0
0
0
0
0
0
0
0
0
0
0
0
0
0
0
0
0
0
0
0
0
0
0
0
0
0
0
0
0
0
0
0
0
0
0
0
0
0
0
6.9841
0
0
0
0
0
0
0
0
0
0
0
0
0
0
0
0
0
0
0
0
0
0
0
0
0
0
0
0
0
0
0
0
0
0
0
0
0
0
0
0
0
0
0
0
0
0
0
0
-6.2335
0
0
0
0
0
0
0
0
0
0
0
0
0
0
0
0
0
0
0
0
0
0
0
0
0
0
0
0
0
0
0
0
0
0
0
0
0
0
0
0
0
0
0
0
0
0
0
0
0
0
0
0
0
0
0
0
0
0
0
6.2335
0
0
0
0
0
0
0
0
0
0
0
0
0
0
0
0
0
0
0
0
0
0
0
0
0
0
0
0
0
0
0
0
0
0
0
0
0
0
0
0
0
0
0
0
0
0
0
0
0
0
0
0
0
0
0
0
0
0
0
0
0
0
0
0
0
0
0
0
0
0
0
0
0
0
0
0
0
0
0
0
0
0
-3.8391
0
0
0
0
0
0
0
0
0
0
0
0
0
0
0
0
0
0
0
0
0
0
0
0
0
3.8391
0
0
0
0
0
0
0
0
0
0
0
0
0
0
0
0
0
0
0
0
0
0
0
0
0
0
0
0
0
0
0
0
0
0
0
0
0
0
0
0
0
0
0
0
0
0
0
0
0
0
0
0
0
0
0
0
0
0
0
0
0
0
0
0
0
0
0
0
0
0
0
0
0
-3.6519
0
0
0
0
0
0
0
0
0
0
0
0
0
0
0
0
0
0
0
0
0
0
0
0
0
0
0
0
0
0
0
0
0
0
3.6519
0
0
0
0
0
0
0
0
0
0
0
0
0
0
0
0
0
0
0
0
0
0
0
0
0
0
0
0
0
-7.3564
0
0
0
0
0
0
0
0
0
0
0
0
0
0
0
0
0
0
0
0
0
0
0
0
0
0
0
0
0
0
0
0
0
0
0
0
0
0
0
0
0
0
0
0
0
0
0
0
0
0
0
0
0
0
0
0
0
0
0
0
0
0
0
0
0
0
0
0
0
0
0
0
0
0
0
0
0
0
7.3564
0
0
0
0
0
0
0
0
0
0
0
0
0
0
0
0
0
0
0
0
0
0
0
0
0
0
0
0
0
0
0
0
0
0
0
0
0
0
0
0
0
0
0
0
0
0
0
0
0
0
0
0
0
0
0
0
0
0
0
0
0
0
0
0
0
0
0
0
0
0
0
0
0
0
0
0
0
0
0
0
0
0
0
0
0
0
0
0
-3.7261
0
0
0
0
0
0
0
0
0
0
0
0
0
0
0
0
0
0
0
3.7261
0
0
0
0
0
0
0
0
0
0
0
0
0
0
0
0
0
0
0
0
0
0
0
0
0
0
0
0
0
0
0
0
0
0
0
0
0
0
0
0
0
-6.7215
0
0
0
0
0
0
0
0
0
0
0
0
0
0
0
0
0
0
0
0
0
0
0
0
0
0
0
0
0
0
0
0
0
0
0
0
0
0
0
0
0
0
0
0
0
0
0
0
0
0
0
0
0
0
0
0
0
0
0
0
0
0
0
0
0
0
6.7215
0
0
0
0
0
0
0
0
0
0
0
0
0
0
0
0
0
0
0
0
0
0
0
0
0
0
0
0
0
0
0
0
0
0
0
0
0
0
0
0
0
0
0
0
0
0
0
0
0
0
0
0
0
0
0
0
0
0
0
0
0
0
0
0
0
0
0
0
0
0
0
0
0
0
0
0
0
0
0
0
0
0
0
0
-3.9992
0
0
0
0
0
0
0
0
0
0
0
0
0
0
0
0
0
0
0
0
0
0
0
3.9992
0
0
0
0
0
0
0
0
0
0
0
0
0
0
0
0
0
0
0
0
0
0
0
0
0
0
0
0
0
0
0
0
0
0
0
0
0
0
0
0
0
0
0
0
0
0
0
0
0
0
0
0
0
0
0
0
0
0
0
0
0
0
0
0
-4.2875
0
0
0
0
0
0
0
0
0
0
0
0
0
0
0
0
0
0
0
0
0
0
0
0
0
0
0
0
0
0
0
0
0
0
0
0
0
0
0
0
0
0
0
4.2875
0
0
0
0
0
0
0
0
0
0
0
0
0
0
0
0
0
-7.5114
0
0
0
0
0
0
0
0
0
0
0
0
0
0
0
0
0
0
0
0
0
0
0
0
0
0
0
0
0
0
0
0
0
0
0
0
0
0
0
0
0
0
0
0
0
0
0
0
0
0
0
0
0
0
0
0
0
0
0
0
0
0
0
0
0
0
0
0
0
0
0
0
0
0
0
0
0
0
0
0
0
0
0
0
0
0
0
0
0
0
7.5114
0
0
0
0
0
0
0
0
0
0
0
0
0
0
0
0
0
0
0
0
-7.2476
0
0
0
0
0
0
0
0
0
0
0
0
0
0
0
0
0
0
0
0
0
0
0
0
0
0
0
0
0
0
0
0
0
0
0
0
0
0
0
0
0
0
0
0
0
0
0
0
0
0
0
0
0
0
0
0
0
0
0
0
0
0
0
0
0
0
0
0
0
0
0
0
0
0
0
0
0
0
0
0
0
0
0
0
0
0
0
7.2476
0
0
0
0
0
0
0
0
0
0
0
0
0
0
0
0
0
0
0
0
0
0
0
0
0
0
0
0
0
0
0
0
0
0
0
0
0
0
0
0
0
0
0
0
0
0
0
0
0
0
0
0
0
0
0
0
0
0
0
0
0
0
0
0
0
0
-3.9389
0
0
0
0
0
0
0
0
0
0
0
0
0
0
0
0
0
0
0
0
0
0
0
0
0
0
0
0
0
0
0
0
0
0
0
0
0
0
0
0
0
3.9389
0
0
0
0
0
0
0
0
0
0
0
0
0
-7.5897
0
0
0
0
0
0
0
0
0
0
0
0
0
0
0
0
0
0
0
0
0
0
0
0
0
0
0
0
0
0
0
0
0
0
0
0
0
0
0
0
0
0
0
0
0
0
0
0
0
0
0
0
0
0
0
0
0
0
0
0
0
0
0
0
0
0
0
0
0
0
0
0
0
0
0
0
0
0
0
0
0
0
0
0
0
0
0
0
0
0
0
0
0
0
7.5897
0
0
0
0
0
0
0
0
0
0
0
0
0
0
0
0
0
0
0
0
0
0
0
0
0
0
0
0
-6.9585
0
0
0
0
0
0
0
0
0
0
0
0
0
0
0
0
0
0
0
0
0
0
0
0
0
0
0
0
0
0
0
0
0
0
0
0
0
0
0
0
0
0
0
0
0
0
0
0
0
0
0
0
0
0
0
0
0
0
0
0
0
0
0
0
0
0
0
0
0
0
0
0
0
0
0
0
0
0
0
6.9585
0
0
0
0
0
0
0
0
0
0
0
0
0
0
0
0
0
0
0
0
0
0
0
0
0
0
0
0
0
0
0
0
0
0
0
0
0
-5.6532
0
0
0
0
0
0
0
0
0
0
0
0
0
0
0
0
0
0
0
0
0
0
0
0
0
0
0
0
0
0
0
0
0
0
0
0
0
0
0
0
0
0
0
0
0
0
0
0
0
0
0
0
0
0
0
0
0
0
0
0
0
0
0
0
0
0
0
0
0
0
5.6532
0
0
0
0
0
0
0
0
0
0
0
0
0
0
0
0
0
0
0
0
0
0
0
0
0
0
0
0
0
0
0
0
0
0
0
0
0
0
0
0
0
0
0
0
0
0
0
0
-5.2803
0
0
0
0
0
0
0
0
0
0
0
0
0
0
0
0
0
0
0
0
0
0
0
0
0
0
0
0
0
0
0
0
0
0
0
0
0
0
0
0
0
0
0
0
0
0
0
0
0
0
0
0
0
0
0
0
0
0
0
5.2803
0
0
0
0
0
0
0
0
0
0
0
0
0
0
0
0
0
0
0
0
0
0
0
0
0
0
0
0
0
0
0
0
0
0
0
0
0
0
0
0
0
0
0
0
0
0
0
0
0
0
0
0
0
0
0
0
0
0
0
0
0
0
-3.6194
0
0
0
0
0
0
0
0
0
0
0
0
0
0
0
0
0
0
0
0
0
0
0
0
0
0
0
0
0
0
0
0
0
0
0
0
0
0
0
0
0
0
0
0
0
3.6194
0
0
0
0
0
0
0
0
0
0
0
0
0
0
0
0
0
0
0
0
0
0
0
0
0
0
0
0
0
0
0
0
0
0
0
0
0
0
0
0
0
0
0
0
0
0
0
0
0
0
0
0
0
0
0
0
0
0
0
0
-3.9389
0
0
0
0
0
0
0
0
0
0
0
0
0
0
0
0
0
0
0
0
0
0
0
0
0
0
0
0
0
0
0
0
0
0
0
0
0
0
0
0
0
0
0
0
0
0
0
3.9389
0
0
0
0
0
0
0
0
0
0
0
0
0
0
0
0
0
0
0
0
0
0
0
0
0
0
0
0
0
0
0
0
0
0
0
0
0
0
0
0
0
0
0
0
0
0
0
0
0
0
0
0
0
0
0
0
0
0
0
0
0
0
0
0
0
0
0
0
0
-4.2067
0
0
0
0
0
0
0
0
0
0
0
0
0
0
0
0
0
0
0
0
0
0
0
0
0
0
0
0
0
0
0
0
0
0
0
0
0
0
4.2067
0
0
0
0
0
0
0
0
0
0
0
-7.2476
0
0
0
0
0
0
0
0
0
0
0
0
0
0
0
0
0
0
0
0
0
0
0
0
0
0
0
0
0
0
0
0
0
0
0
0
0
0
0
0
0
0
0
0
0
0
0
0
0
0
0
0
0
0
0
0
0
0
0
0
0
0
0
0
0
0
0
0
0
0
0
0
0
0
0
0
0
0
0
0
0
0
0
0
0
0
0
0
0
0
0
0
0
0
0
0
7.2476
0
0
0
0
0
0
0
0
0
0
0
0
0
0
0
0
0
0
0
0
0
0
0
0
0
0
0
0
0
0
0
0
0
0
0
0
0
0
0
0
0
0
0
0
0
0
0
0
0
0
0
0
0
0
0
0
0
0
0
-0.52891
0
0
0
0
0
0
0
0
0
0
0
0
0
0
0
0
0
0
0
0
0
0
0
0
0
0
0
0
0
0
0
0
0
0
0
0
0
0
0
0
0
0
0
0
0
0
0
0
0.52891
0
0
0
0
0
0
0
0
0
0
0
0
0
0
0
0
0
0
0
0
0
0
0
0
0
0
0
0
0
0
0
0
0
0
0
0
0
0
0
0
0
0
0
0
0
0
0
0
0
0
0
0
-3.7455
0
0
0
0
0
0
0
0
0
0
0
0
0
0
0
0
0
0
0
0
0
0
0
0
0
0
0
0
0
0
0
0
0
0
0
0
0
0
0
0
0
0
0
0
0
0
0
0
0
0
0
0
0
0
0
3.7455
0
0
0
0
0
0
0
0
0
0
0
0
0
0
0
0
0
0
0
0
0
0
0
0
0
0
0
0
0
0
0
0
0
0
0
0
0
0
0
0
0
0
0
0
0
0
0
0
0
0
0
0
0
0
0
0
0
0
0
0
0
-3.7684
0
0
0
0
0
0
0
0
0
0
0
0
0
0
0
0
0
0
0
0
0
0
0
0
0
0
0
0
0
0
0
0
0
0
0
0
0
0
0
0
0
0
0
0
0
0
3.7684
0
0
0
0
0
0
0
0
0
0
0
0
0
0
0
0
0
0
0
0
0
0
0
0
0
0
0
0
0
0
-5.1683
0
0
0
0
0
0
0
0
0
0
0
0
0
0
0
0
0
0
0
0
0
0
0
0
0
0
0
0
0
0
0
0
0
0
0
0
0
0
0
0
0
0
0
0
0
0
0
0
0
0
0
0
0
0
0
0
0
0
0
0
0
0
0
0
0
0
0
0
0
0
0
0
0
0
0
0
0
5.1683
0
0
0
0
0
0
0
0
0
0
0
0
0
0
0
0
0
0
0
0
0
0
0
0
0
0
0
0
0
0
0
0
0
0
0
0
0
0
0
0
0
-4.6062
0
0
0
0
0
0
0
0
0
0
0
0
0
0
0
0
0
0
0
0
0
0
0
0
0
0
0
0
0
0
0
0
0
0
0
0
0
0
0
0
0
0
0
0
0
0
0
0
0
0
0
0
0
0
0
0
0
0
0
0
0
0
0
0
0
0
4.6062
