1
0.96015
0.95249
0.94589
0.94202
0.93952
0.93471
0.93024
0.92619
0.92231
0.91859
0.91511
0.91184
0.9088
0.90586
0.90298
0.90013
0.89734
0.89464
0.89204
0.88957
0.88726
0.8851
0.8831
0.88123
0.87949
0.87784
0.87628
0.87476
0.87328
0.87181
0.87035
0.86887
0.86738
0.86587
0.86434
0.86279
0.86123
0.85965
0.85806
0.85647
0.85487
0.85328
0.8517
0.85012
0.84856
0.847
0.84547
0.84395
0.84245
0.84097
0.83952
0.83811
0.83673
0.83539
0.83409
0.83284
0.83164
0.83049
0.82938
0.8283
0.82725
0.82621
0.82517
0.82413
0.82306
0.82197
0.82086
0.8197
0.8185
0.81726
0.81598
0.81467
0.81333
0.81197
0.81061
0.80925
0.80789
0.80655
0.80522
0.80392
0.80264
0.8014
0.80019
0.79901
0.79788
0.79678
0.79572
0.79469
0.79371
0.79276
0.79185
0.79097
0.79013
0.78931
0.78852
0.78775
0.78701
0.78629
0.78558
0.7849
0.78423
0.78358
0.78294
0.78231
0.7817
0.7811
0.78051
0.77993
0.77936
0.7788
0.77825
0.7777
0.77715
0.77661
0.77608
0.77554
0.77501
0.77447
0.77394
0.7734
0.77286
0.77232
0.77178
