1
0.95875
0.94753
0.93988
0.93468
0.93049
0.92305
0.91613
0.90988
0.90418
0.89892
0.89405
0.88949
0.88517
0.88101
0.877
0.87311
0.86937
0.86579
0.86237
0.8591
0.85598
0.85299
0.85014
0.84741
0.84481
0.84233
0.83995
0.83767
0.83548
0.83338
0.83135
0.82939
0.82748
0.82564
0.82385
0.82212
0.82045
0.81885
0.81731
0.81583
0.81442
0.81307
0.81176
0.81051
0.80929
0.80809
0.8069
0.80571
0.80451
0.80328
0.802
0.80065
0.79921
0.79765
0.79595
0.79412
0.79217
0.79016
0.78816
0.78618
0.78425
0.78236
0.78052
0.77872
0.77695
0.77522
0.77354
0.7719
0.7703
0.76875
0.76725
0.76581
0.76443
0.76311
0.76185
0.76064
0.75949
0.75839
0.75734
0.75633
0.75536
0.75444
0.75356
0.75271
0.7519
0.75113
0.75038
0.74966
0.74897
0.74829
0.74763
0.74698
0.74634
0.7457
0.74506
0.74441
0.74376
0.74309
0.7424
0.74169
0.74094
0.74017
0.73936
0.73851
0.73762
0.73669
0.73572
0.73471
0.73365
0.73257
0.73145
0.73031
0.72915
0.72798
0.7268
0.72563
0.72447
0.72332
0.7222
0.72111
0.72005
0.71902
0.71803
