1
0.94838
0.926
0.91138
0.90001
0.8841
0.87003
0.85749
0.84587
0.83531
0.82539
0.81618
0.8074
0.7991
0.79105
0.78333
0.77578
0.76845
0.76122
0.75417
0.7472
0.74036
0.73357
0.7268
0.72003
0.71326
0.70648
0.69979
0.69325
0.68694
0.68088
0.67508
0.66953
0.6642
0.65907
0.65411
0.6493
0.64465
0.64015
0.63579
0.63156
0.62745
0.6235
0.61972
0.61613
0.61274
0.6095
0.60637
0.60334
0.60037
0.59742
0.59442
0.59125
0.58782
0.58407
0.58009
0.57606
0.57216
0.56846
0.56496
0.56162
0.55839
0.55528
0.55229
0.54947
0.54682
0.54435
0.54205
0.5399
0.53787
0.53596
0.53415
0.53242
0.53077
0.52918
0.52766
0.5262
0.52481
0.52347
0.52219
0.52096
0.51978
0.51863
0.51752
0.51642
0.51534
0.51426
0.5132
0.51214
0.51109
0.51006
0.50905
0.50804
0.50702
0.50598
0.5049
0.50376
0.50257
0.50133
0.50003
0.49866
0.49724
0.49576
0.49422
0.49265
0.49105
0.48945
0.48786
0.48631
0.4848
0.48335
0.48194
0.48057
0.47925
0.47796
0.47668
0.47541
0.47413
0.47284
0.47154
0.47022
0.46891
0.46762
0.46635
0.46513
0.46397
0.46286
0.46181
0.46081
0.45986
0.45894
0.45805
0.45716
0.45627
0.45537
0.45444
0.45349
0.45249
0.45146
0.4504
0.44929
0.44816
0.447
0.44583
0.44466
0.4435
0.44236
0.44126
0.4402
0.43917
0.43818
0.43723
0.4363
0.43539
0.4345
0.43361
0.43273
0.43184
0.43096
0.43007
0.42918
0.42828
0.42738
0.42646
0.42553
0.42459
0.42362
