1
1.1231
1.2834
1.3979
1.4602
1.5344
1.6162
1.683
1.7398
1.7906
1.8364
1.8792
1.9195
1.9577
1.9939
2.028
2.0601
2.0901
2.1186
2.1458
2.1722
2.198
2.2235
2.2487
2.2732
2.2968
2.3193
2.3408
2.3614
2.3811
2.4001
2.4185
2.4362
2.4534
2.4701
2.4863
2.5021
2.5175
2.5326
2.5472
2.5616
2.5756
2.5893
2.6026
2.6158
2.6286
2.6412
2.6535
2.6656
2.6775
2.6892
2.7006
2.7118
2.7229
2.7338
2.7445
2.755
2.7653
2.7755
2.7856
2.7955
2.8053
2.8149
2.8245
2.8339
2.8433
2.8525
2.8617
2.8708
2.8798
2.8888
2.8977
2.9066
2.9154
2.9242
2.933
2.9418
2.9506
2.9594
2.9682
2.9771
2.986
2.995
3.0041
3.0133
3.0225
3.0318
3.0411
3.0503
3.0594
3.0684
3.0771
3.0857
3.0941
3.1023
3.1103
3.1181
3.1257
3.1332
3.1406
3.1479
3.155
3.162
3.1689
3.1757
3.1824
3.189
3.1956
3.202
3.2084
3.2148
3.221
3.2272
3.2333
3.2394
3.2454
3.2513
3.2573
3.2631
3.269
3.2748
3.2807
3.2865
3.2923
3.298
3.3038
3.3096
3.3154
3.3212
3.3271
3.3329
3.3387
3.3446
3.3504
3.3563
3.3622
3.3681
3.3741
3.3801
3.3861
3.3921
3.3982
3.4043
3.4104
3.4166
3.4229
3.4292
3.4355
3.4419
3.4482
3.4546
