1
0.97593
0.96193
0.95328
0.94711
0.9425
0.93884
0.93167
0.9253
0.91971
0.91461
0.91004
0.90586
0.90204
0.89849
0.89515
0.89196
0.88887
0.88586
0.88291
0.88
0.87715
0.87438
0.8717
0.86914
0.86668
0.86435
0.86214
0.86002
0.85799
0.85603
0.85412
0.85224
0.85038
0.84851
0.84663
0.8447
0.84273
0.84069
0.83859
0.83642
0.83419
0.83192
0.82961
0.8273
0.82498
0.82267
0.82038
0.8181
0.81584
0.8136
0.81138
0.80916
0.80696
0.80477
0.80259
0.80042
0.79826
0.79612
0.794
0.7919
0.78982
0.78776
0.78572
0.7837
0.78171
0.77974
0.7778
0.77588
0.77399
0.77213
0.7703
0.7685
0.76672
0.76498
0.76326
0.76157
0.75991
0.75828
0.75668
0.7551
0.75355
0.75202
0.75053
0.74906
0.74762
0.74621
0.74483
0.74349
0.74218
0.7409
0.73966
0.73846
0.7373
0.73619
0.73513
0.73412
0.73316
0.73225
0.73139
0.73058
0.72982
0.72911
0.72845
0.72784
0.72727
0.72674
0.72625
0.72581
0.72539
0.725
0.72465
0.72432
0.72401
0.72372
0.72345
0.72319
0.72293
0.72267
0.72241
0.72215
0.72187
0.72158
0.72128
0.72096
0.72062
0.72029
0.71995
0.71962
0.71929
0.71898
0.71868
0.7184
0.71812
0.71785
0.71759
0.71732
0.71705
0.71675
0.71642
0.71606
0.71565
0.71519
0.71466
0.71408
0.71343
0.71272
0.71195
0.71115
0.71031
0.70947
0.70863
0.7078
0.70699
0.70622
0.70548
0.70477
0.7041
0.70345
0.70283
0.70224
0.70166
0.7011
0.70056
0.70002
0.6995
0.69899
0.69849
0.69801
0.69755
0.6971
0.69666
0.69623
0.6958
0.69538
0.69496
0.69454
0.69412
