1
0.97
0.95674
0.94797
0.94253
0.93834
0.93496
0.9283
0.92235
0.91709
0.9123
0.90795
0.90392
0.90026
0.89686
0.8938
0.89095
0.88838
0.88596
0.88377
0.88169
0.87976
0.8779
0.87613
0.8744
0.87275
0.87114
0.86962
0.86819
0.86688
0.8657
0.86467
0.86378
0.86304
0.86245
0.862
0.86169
0.86152
0.8615
0.8616
0.86184
0.8622
0.86267
0.86326
0.86395
0.86474
0.86563
0.8666
0.86765
0.86878
0.86999
0.87125
0.87257
0.87392
0.8753
0.87668
0.87807
0.87945
0.88081
0.88214
0.88344
0.88467
0.88585
0.88695
0.88796
0.88889
0.88974
0.89051
0.89121
0.89186
0.89247
0.89305
0.89363
0.89421
0.89481
0.89543
0.89608
0.89677
0.8975
0.89827
0.89908
0.89993
0.90081
0.90172
0.90265
0.90359
0.90452
0.90544
0.90633
0.90719
0.908
0.90875
0.90944
0.91004
0.91056
0.91098
0.91128
0.91147
0.91151
0.91142
0.91117
0.91076
0.91022
0.90958
0.90887
0.90816
0.90751
0.90695
0.90651
0.9062
0.906
0.90591
0.9059
0.90595
0.90606
0.90619
0.90635
0.9065
0.90666
0.90679
0.90691
0.90699
0.90704
0.90706
0.90705
0.90702
0.90696
0.9069
0.90682
0.90674
0.90666
0.90659
0.90652
0.90646
0.90641
