1
0.97323
0.96298
0.95443
0.949
0.94451
0.94061
0.93398
0.92771
0.92187
0.9163
0.91102
0.90597
0.90121
0.89665
0.89237
0.88826
0.88436
0.88059
0.87701
0.87355
0.87025
0.86705
0.864
0.86103
0.85819
0.85544
0.85279
0.85023
0.84775
0.84535
0.84303
0.84077
0.83858
0.83645
0.83438
0.83235
0.83037
0.82844
0.82655
0.82471
0.82292
0.82117
0.81948
0.81783
0.81623
0.81468
0.81319
0.81175
0.81035
0.80902
0.80773
0.8065
0.80533
0.80421
0.80315
0.80214
0.80117
0.80023
0.79934
0.79848
0.79765
0.79687
0.79614
0.79544
0.79479
0.79419
0.79364
0.79313
0.79268
0.79227
0.7919
0.79159
0.79131
0.79107
0.79087
0.79071
0.79058
0.79047
0.79039
0.79033
0.79029
0.79026
0.79025
0.79025
0.79025
0.79026
0.79027
0.79028
0.79029
0.79031
0.79033
0.79035
0.79038
0.79041
0.79045
0.79049
0.79053
0.79058
0.79063
0.79069
0.79074
0.79081
0.79087
0.79095
0.79102
0.7911
0.79118
0.79128
0.79137
0.79148
0.7916
0.79174
0.79189
0.79205
0.79223
0.79242
0.79263
0.79285
0.79307
0.79331
0.79354
0.79378
0.79402
0.79426
0.79448
0.79471
0.79492
0.79513
0.79533
0.79552
0.7957
0.79587
0.79604
0.79619
