1
0.97517
0.96746
0.96188
0.95794
0.95461
0.952
0.94957
0.94775
0.9429
0.94193
0.93749
0.93723
0.93316
0.9295
0.92591
0.92262
0.91937
0.91637
0.91339
0.91063
0.90789
0.90533
0.90281
0.90041
0.89806
0.89579
0.89358
0.89144
0.88936
0.88733
0.88534
0.8834
0.88151
0.87966
0.87786
0.8761
0.87438
0.8727
0.87106
0.86947
0.86791
0.86639
0.8649
0.86345
0.86203
0.86064
0.85929
0.85796
0.85667
0.85541
0.85418
0.85298
0.85183
0.85071
0.84963
0.84859
0.84759
0.84664
0.84573
0.84486
0.84404
0.84326
0.84252
0.84183
0.84118
0.84058
0.84002
0.8395
0.83902
0.83858
0.83817
0.83781
0.83748
0.83718
0.8369
0.83666
0.83644
0.83625
0.83607
0.83592
0.83578
0.83566
0.83555
0.83545
0.83536
0.83528
0.8352
0.83512
0.83504
0.83495
0.83487
0.83478
0.8347
0.8346
0.83451
0.83442
0.83433
0.83424
0.83416
0.83409
0.83403
0.83398
0.83394
0.83391
0.8339
0.83391
0.83393
0.83397
0.83403
0.8341
0.83419
0.83429
0.83442
0.83455
0.8347
0.83487
0.83504
0.83524
0.83544
0.83565
0.83588
0.83611
0.83635
0.8366
0.83686
0.83712
0.83739
0.83766
0.83794
0.83822
0.83851
0.83881
0.83911
0.83941
0.83972
0.84003
0.84035
0.84067
0.84099
0.84132
0.84165
0.84198
0.84232
0.84266
0.84299
0.84333
0.84368
0.84402
0.84436
0.8447
0.84504
0.84538
0.84572
0.84605
0.84639
0.84672
0.84705
0.84738
0.84771
0.84804
0.84836
