1
0.95773
0.94457
0.93757
0.93436
0.92951
0.92656
0.9224
0.92042
0.91651
0.91517
0.91304
0.91253
0.91089
0.91027
0.90879
0.90812
0.90678
0.90146
0.89571
0.89059
0.88551
0.88084
0.8764
0.87224
0.86835
0.86461
0.86107
0.8576
0.85432
0.85111
0.84813
0.84526
0.84263
0.8401
0.83778
0.83549
0.83329
0.83104
0.82881
0.82651
0.82421
0.82188
0.81958
0.81728
0.815
0.81271
0.81045
0.80821
0.80602
0.80389
0.80183
0.79986
0.79798
0.79619
0.7945
0.79289
0.79136
0.78989
0.78849
0.78713
0.78579
0.78444
0.78305
0.78159
0.78005
0.7784
0.77665
0.77479
0.77284
0.77084
0.76879
0.76671
0.76464
0.76257
0.76051
0.75845
0.75642
0.75443
0.7525
0.75063
0.74883
0.74713
0.74553
0.74404
0.74267
0.74142
0.74028
0.73924
0.73831
0.73748
0.73672
0.73605
0.73544
0.73488
0.73438
0.73393
0.73352
0.73315
0.73282
0.73251
0.73222
0.73194
0.73168
0.73143
0.73118
0.73095
0.73072
0.7305
0.73028
0.73006
0.72985
0.72962
0.7294
0.72917
0.72895
0.72872
0.72848
0.72825
0.72801
0.72776
0.72751
0.72724
