1
0.9779
0.96785
0.96187
0.95795
0.95449
0.9516
0.9491
0.94391
0.93907
0.93467
0.93469
0.9306
0.9267
0.92301
0.9195
0.91615
0.91294
0.90985
0.90689
0.90404
0.90129
0.89865
0.89612
0.89373
0.89149
0.88943
0.88755
0.88583
0.88427
0.88287
0.88158
0.88038
0.87924
0.87812
0.87699
0.87584
0.87463
0.87337
0.87206
0.8707
0.86929
0.86785
0.86638
0.86489
0.86338
0.86186
0.86034
0.8588
0.85725
0.85571
0.85416
0.85263
0.8511
0.8496
0.84811
0.84664
0.84519
0.84378
0.84239
0.84102
0.83968
0.83837
0.83707
0.8358
0.83454
0.8333
0.83207
0.83086
0.82966
0.82847
0.82728
0.8261
0.82492
0.82373
0.82254
0.82135
0.82014
0.81892
0.81768
0.81642
0.81514
0.81382
0.81246
0.81105
0.80959
0.80806
0.80645
0.80477
0.80301
0.80116
0.79925
0.79728
0.79526
0.79322
0.79117
0.78912
0.7871
0.78511
0.78316
0.78125
0.77939
0.77759
0.77584
0.77416
0.77254
0.77098
0.76949
0.76805
0.76668
0.76536
0.76409
0.76287
0.76169
0.76056
0.75946
0.75841
0.75738
0.75639
0.75542
0.75448
0.75357
0.75268
0.75181
0.75097
0.75015
0.74935
0.74858
0.74782
0.74709
0.74637
0.74568
0.74501
0.74436
0.74373
0.74313
0.74254
0.74197
0.74142
0.74088
0.74036
0.73985
0.73935
0.73886
0.73838
0.73791
0.73745
0.737
0.73655
0.73611
0.73568
0.73525
0.73483
0.73442
0.734
0.73359
0.73319
0.73279
0.73238
0.73199
0.73159
0.73119
0.7308
0.7304
0.73001
0.72962
0.72923
0.72883
0.72844
0.72805
0.72766
0.72727
0.72689
0.7265
0.72612
0.72573
0.72535
0.72497
0.72459
0.72421
0.72383
0.72346
0.72308
0.72271
0.72233
0.72196
0.72158
0.7212
0.72082
0.72044
0.72005
0.71966
0.71926
0.71886
0.71844
0.71802
0.71759
0.71715
0.71669
0.71622
0.71573
0.71523
0.71471
0.71418
0.71363
0.71307
0.71249
0.7119
0.7113
0.7107
0.7101
0.7095
0.7089
0.70831
0.70772
0.70715
0.70659
