1
0.97903
0.96917
0.96429
0.96137
0.95899
0.95699
0.95525
0.95141
0.94788
0.94474
0.94477
0.94192
0.93921
0.9367
0.93432
0.9321
0.93002
0.92806
0.92621
0.92447
0.9228
0.92118
0.91959
0.91803
0.9165
0.91499
0.9135
0.91204
0.91059
0.90917
0.90777
0.90639
0.90503
0.90371
0.90241
0.90114
0.89991
0.89871
0.89754
0.89641
0.89532
0.89426
0.89323
0.89225
0.8913
0.89038
0.88949
0.88862
0.88778
0.88697
0.88618
0.88542
0.88469
0.88399
0.88332
0.88269
0.88208
0.88151
0.88098
0.88047
0.88
0.87955
0.87913
0.87874
0.87836
0.878
0.87764
0.8773
0.87697
0.87664
0.87632
0.876
0.87568
0.87536
0.87504
0.87472
0.8744
0.87407
0.87373
0.87339
0.87303
0.87267
0.87229
0.8719
0.8715
0.87108
0.87065
0.87021
0.86976
0.8693
0.86883
0.86836
0.86788
0.8674
0.86691
0.86642
0.86593
0.86543
0.86493
0.86441
0.86389
0.86337
0.86283
0.8623
0.86175
0.8612
0.86065
0.8601
0.85955
0.859
0.85845
0.85791
0.85737
0.85684
0.85632
0.85581
0.85531
0.85481
0.85433
0.85386
0.85341
0.85296
0.85252
0.8521
0.85169
0.85128
0.85089
0.8505
0.85013
0.84976
0.84941
0.84906
0.84872
0.84839
0.84807
0.84775
0.84744
0.84713
0.84682
0.84652
0.84622
0.84591
0.84561
0.84531
0.84502
0.84472
0.84442
0.84413
0.84384
0.84355
0.84327
0.84298
0.8427
0.84242
0.84214
0.84186
0.84158
0.8413
0.84102
0.84074
0.84046
0.84017
0.83989
0.8396
0.83931
0.83902
0.83873
0.83844
0.83814
0.83784
0.83754
0.83723
0.83692
0.83661
0.83629
0.83598
0.83566
0.83533
0.835
0.83467
0.83434
0.834
0.83366
0.83331
0.83297
0.83262
0.83227
0.83191
0.83155
0.83119
0.83083
0.83047
0.8301
0.82973
0.82935
0.82898
0.8286
0.82821
0.82783
0.82743
0.82704
0.82663
0.82622
0.8258
0.82538
0.82494
0.8245
0.82404
0.82357
0.82309
0.8226
0.8221
0.82159
0.82106
0.82053
0.81998
