1
0.95608
0.94249
0.93469
0.92819
0.92345
0.91987
0.91653
0.9089
0.90678
0.89982
0.89884
0.8925
0.88655
0.88112
0.87594
0.87114
0.86647
0.86216
0.85797
0.85412
0.85036
0.84681
0.8433
0.83992
0.83665
0.83354
0.83053
0.82764
0.82485
0.82217
0.81959
0.81711
0.81472
0.81239
0.8101
0.80784
0.80562
0.80343
0.80127
0.79914
0.79704
0.79496
0.7929
0.79087
0.78887
0.7869
0.78495
0.78303
0.78113
0.77926
0.7774
0.77554
0.77368
0.77181
0.76992
0.76802
0.76611
0.76421
0.76232
0.76044
0.75858
0.75676
0.75497
0.7532
0.75144
0.74969
0.74793
0.74617
0.74441
0.74264
0.74088
0.73911
0.73733
0.73556
0.7338
0.73205
0.73032
0.7286
0.7269
0.72522
0.72356
0.72194
0.72034
0.71877
0.71722
0.71569
0.71417
0.71264
0.7111
0.70954
0.70796
0.70638
0.70478
0.70318
0.70159
0.69999
0.6984
0.69682
0.69525
0.69368
0.69212
0.69057
0.68903
0.68749
0.68597
0.68446
0.68296
0.68148
0.68002
0.67859
0.67717
0.67577
0.6744
0.67302
0.67164
0.67026
