1
0.97082
0.96462
0.96004
0.95744
0.95514
0.95327
0.95174
0.95034
0.94915
0.94617
0.94546
0.94292
0.9406
0.93856
0.93668
0.93501
0.93338
0.93182
0.93023
0.92865
0.92702
0.92539
0.92373
0.92205
0.9203
0.91853
0.91673
0.91493
0.91315
0.91138
0.90961
0.90784
0.90608
0.90434
0.90262
0.90092
0.89923
0.89755
0.89587
0.89418
0.89247
0.89073
0.88896
0.88716
0.88533
0.88348
0.88161
0.87973
0.87785
0.87595
0.87405
0.87214
0.87022
0.8683
0.86638
0.86445
0.86252
0.86057
0.85861
0.85663
0.85462
0.85259
0.85053
0.84845
0.84637
0.84427
0.84217
0.84008
0.83799
0.83592
0.83385
0.8318
0.82975
0.82772
0.82569
0.82366
0.82165
0.81965
0.81767
0.81571
0.81379
0.8119
0.81005
0.80825
0.80649
0.80478
0.80311
0.8015
0.79993
0.79841
0.79694
0.79551
0.79413
0.79279
0.79149
0.79022
0.789
0.78781
0.78665
0.78552
0.78442
0.78335
0.78231
0.7813
0.78031
0.77933
0.77838
0.77745
0.77654
0.77565
0.77477
0.77392
0.77308
0.77225
0.77143
0.77063
0.76984
0.76906
0.76829
0.76753
0.76678
0.76605
0.76533
0.76462
0.76393
0.76326
0.76259
0.76195
0.76131
0.76069
0.76007
0.75947
0.75888
0.75829
0.7577
0.75712
0.75654
0.75596
0.75539
0.75481
0.75423
0.75366
0.75308
0.75251
0.75194
0.75138
0.75081
0.75025
0.74969
0.74914
0.74859
0.74804
0.7475
0.74695
0.74641
0.74586
0.74532
0.74477
0.74423
