43.0597
-0.41813
-0.42089
-0.42055
-0.38808
-0.40408
-0.41374
-0.42176
-0.43016
-0.43155
-0.4262
-0.42027
-0.4584
-0.45659
-0.45215
-0.4494
-0.44218
-0.43286
-0.4805
-0.43734
-0.44297
-0.4487
-0.47626
-0.42065
-0.49514
-0.49675
-0.47895
-0.50537
-0.48471
-0.58658
-0.55172
-0.5214
-0.5867
-0.57107
-0.66691
-0.66691
-0.63374
-0.60846
-0.52936
-0.71722
-0.72427
-0.57235
-0.65689
-0.69272
-0.8178
-0.73212
-0.6495
-0.79889
-0.79797
-0.79056
-0.83147
-0.99388
-0.99749
-0.90381
-1.6016
-1.6107
-1.6325
0
-2.3124
0
0
0
0
0
0
0
-2.5955
-3.2531
0
0
0
0
0
0
0
0
0
0
0
0
0
0
0
0
0
0
0
0
0
0
0
0
0
0
0
0
0
0
0
0
0
0
0
0
0
0
0
0
0
0
0
-0.41813
39.2434
-0.42694
-0.41866
-0.41503
-0.40397
-0.4247
-0.43246
-0.43826
-0.43608
-0.43458
-0.43228
-0.46694
-0.46794
-0.43503
-0.46313
-0.44986
-0.44571
-0.49384
-0.45773
-0.4639
-0.45725
-0.4917
-0.4447
-0.51378
-0.52665
-0.49565
-0.58153
-0.55518
-0.61309
-0.57693
-0.5529
-0.60483
-0.5884
-0.68923
-0.68923
-0.64782
-0.56014
-0.58054
-0.73802
-0.74461
-0.56781
-0.65217
-0.62963
-0.82218
-0.76508
-0.69416
-0.76747
-0.81867
-0.81452
-0.85858
-0.97725
-0.85474
-0.93524
-1.5254
0
-1.5618
0
-2.2494
0
0
0
0
-3.2721
0
0
0
0
0
0
0
0
0
0
0
0
0
0
0
0
0
0
0
0
0
0
0
0
0
0
0
0
0
0
0
0
0
0
0
0
0
0
0
0
0
0
0
0
0
0
0
-0.42089
-0.42694
41.6928
-0.43054
-0.41231
-0.41271
-0.42483
-0.42993
-0.44007
-0.44061
-0.44462
-0.43666
-0.47291
-0.4728
-0.45746
-0.46526
-0.45061
-0.44817
-0.49884
-0.45698
-0.46715
-0.45374
-0.49314
-0.45044
-0.51491
-0.5243
-0.49766
-0.58766
-0.55756
-0.60987
-0.58141
-0.49996
-0.61392
-0.53717
-0.70844
-0.70844
-0.66114
-0.6126
-0.57922
-0.75899
-0.76292
-0.58131
-0.67676
-0.69355
-0.85278
-0.76423
-0.62304
-0.81073
-0.83333
-0.83496
-0.85365
-1.0003
-1.0032
-0.94545
-1.5985
0
-1.6287
0
0
0
0
0
0
0
0
0
0
0
0
0
0
0
0
-3.9548
0
0
0
0
-3.4137
0
0
0
0
0
0
0
0
0
0
0
0
0
0
0
0
0
0
0
0
0
0
0
0
0
0
0
0
0
0
0
0
-0.42055
-0.41866
-0.43054
40.5711
-0.39243
-0.41213
-0.42554
-0.43385
-0.43941
-0.42958
-0.4395
-0.43168
-0.46679
-0.46641
-0.45329
-0.46906
-0.44342
-0.43865
-0.4928
-0.45485
-0.46445
-0.45695
-0.47947
-0.45003
-0.51198
-0.52731
-0.49404
-0.57017
-0.54488
-0.55598
-0.58266
-0.55166
-0.59526
-0.58701
-0.69178
-0.69178
-0.64668
-0.60051
-0.57752
-0.74161
-0.74177
-0.5758
-0.65736
-0.68253
-0.82927
-0.76314
-0.69613
-0.7787
-0.84643
-0.79083
-0.86137
-0.99151
-1.0057
-0.91962
-1.546
0
-1.621
0
-2.3542
0
0
0
0
0
0
0
0
0
0
0
0
0
0
0
0
0
0
0
0
0
0
0
0
0
-4.2289
0
0
0
0
0
0
0
0
0
0
0
0
0
0
0
0
0
0
0
0
0
0
0
0
0
0
-0.38808
-0.41503
-0.41231
-0.39243
39.4954
-0.3963
-0.41179
-0.41265
-0.42512
-0.39113
-0.42314
-0.41768
-0.44869
-0.44547
-0.44147
-0.43642
-0.43244
-0.42095
-0.46831
-0.43064
-0.43665
-0.4397
-0.46068
-0.42659
-0.48502
-0.4792
-0.4641
-0.49578
-0.48294
-0.54754
-0.5276
-0.51256
-0.5617
-0.55039
-0.64313
-0.64313
-0.60472
-0.58875
-0.53299
-0.68868
-0.69704
-0.57233
-0.64355
-0.63892
-0.77692
-0.71529
-0.62258
-0.76953
-0.73612
-0.76618
-0.80445
-0.93977
-0.93259
-0.85807
0
0
0
0
0
0
0
0
0
0
0
0
0
-3.3103
0
0
0
0
0
0
0
0
0
0
0
0
0
0
-1.9376
0
0
0
0
0
0
0
0
0
0
0
0
0
0
0
0
0
0
0
-5.1923
0
0
0
0
0
0
0
0
-0.40408
-0.40397
-0.41271
-0.41213
-0.3963
38.1195
-0.41828
-0.42373
-0.42779
-0.42818
-0.42794
-0.42413
-0.45538
-0.44879
-0.44219
-0.44787
-0.43226
-0.42964
-0.47241
-0.43553
-0.41247
-0.43211
-0.46868
-0.42537
-0.48816
-0.49483
-0.46835
-0.53008
-0.50507
-0.57602
-0.52853
-0.50372
-0.57073
-0.57189
-0.643
-0.643
-0.60924
-0.58885
-0.53879
-0.68779
-0.6975
-0.54972
-0.62834
-0.65898
-0.76924
-0.70526
-0.61636
-0.74074
-0.73713
-0.75829
-0.79842
-0.92632
-0.94586
-0.87365
0
0
0
0
0
0
0
0
0
0
0
-2.4298
0
0
0
0
0
0
-3.3408
0
0
0
0
0
0
0
0
-3.1131
0
0
0
0
0
0
0
0
0
0
0
0
0
0
0
0
0
0
0
0
0
0
0
0
0
0
0
0
0
-0.41374
-0.4247
-0.42483
-0.42554
-0.41179
-0.41828
37.2794
-0.42189
-0.43637
-0.43594
-0.43743
-0.42927
-0.46794
-0.462
-0.45895
-0.46262
-0.44417
-0.44017
-0.48796
-0.44811
-0.45364
-0.4462
-0.48716
-0.44132
-0.50096
-0.51284
-0.49344
-0.54953
-0.53065
-0.59896
-0.55072
-0.52619
-0.59289
-0.56522
-0.67317
-0.67317
-0.6274
-0.59889
-0.55693
-0.72132
-0.72601
-0.57597
-0.64618
-0.68332
-0.80467
-0.73413
-0.67406
-0.79594
-0.7796
-0.77262
-0.82964
-0.94849
-1.0105
-0.88393
0
0
0
-1.489
0
0
0
0
0
0
0
0
0
0
0
0
0
0
0
0
0
0
0
0
0
-1.8954
0
0
0
0
0
0
0
0
0
-3.5776
0
0
0
0
0
0
0
0
0
0
0
0
0
0
0
0
0
0
0
0
0
-0.42176
-0.43246
-0.42993
-0.43385
-0.41265
-0.42373
-0.42189
37.1617
-0.44214
-0.43583
-0.4382
-0.43149
-0.46996
-0.46575
-0.46628
-0.47184
-0.4506
-0.44922
-0.49161
-0.45761
-0.46218
-0.46307
-0.49644
-0.44619
-0.51268
-0.50831
-0.48794
-0.55493
-0.53663
-0.60159
-0.55188
-0.54544
-0.60152
-0.58588
-0.67833
-0.67833
-0.63063
-0.62003
-0.57887
-0.72296
-0.73649
-0.59254
-0.65714
-0.69944
-0.80097
-0.73169
-0.59458
-0.77592
-0.78509
-0.78167
-0.83927
-0.96589
-0.99857
-0.87672
0
0
0
0
0
0
0
0
0
0
0
0
0
0
0
-2.4648
0
0
0
0
0
0
0
0
0
0
0
0
0
0
0
-4.1502
0
0
0
0
0
0
0
0
0
0
0
0
0
0
0
0
0
0
0
0
0
0
0
0
0
-0.43016
-0.43826
-0.44007
-0.43941
-0.42512
-0.42779
-0.43637
-0.44214
34.973
-0.45525
-0.46196
-0.44757
-0.49704
-0.48161
-0.47878
-0.47547
-0.46478
-0.4572
-0.5089
-0.46678
-0.47407
-0.47063
-0.50606
-0.45628
-0.52566
-0.52804
-0.50847
-0.58269
-0.56386
-0.62289
-0.57875
-0.55961
-0.62246
-0.59404
-0.70469
-0.7047
-0.66356
-0.6269
-0.5947
-0.75266
-0.75749
-0.60178
-0.68421
-0.72129
-0.84737
-0.764
-0.68938
-0.82345
-0.80774
-0.82128
-0.86668
-1.0026
-1.009
-0.94169
0
-1.6841
-1.6355
0
0
0
0
0
0
0
0
0
0
0
0
0
0
0
0
0
0
0
0
0
0
0
0
0
0
0
0
0
0
0
0
0
0
0
0
0
0
0
0
0
0
0
0
0
0
0
0
0
0
0
0
0
0
-0.43155
-0.43608
-0.44061
-0.42958
-0.39113
-0.42818
-0.43594
-0.43583
-0.45525
36.4749
-0.44993
-0.44492
-0.4858
-0.47837
-0.47116
-0.46938
-0.46231
-0.4518
-0.50483
-0.46583
-0.47353
-0.47052
-0.49765
-0.46034
-0.52685
-0.52298
-0.5
-0.57753
-0.55862
-0.59787
-0.57864
-0.55857
-0.60756
-0.59758
-0.69724
-0.69724
-0.65774
-0.6301
-0.59658
-0.74321
-0.75066
-0.59894
-0.68931
-0.68791
-0.82888
-0.76619
-0.67962
-0.80484
-0.80539
-0.81679
-0.86651
-0.98511
-0.97829
-0.92571
0
0
0
0
0
0
0
0
0
0
0
0
0
0
0
0
0
0
0
0
0
0
0
0
0
0
0
0
0
0
0
0
0
0
0
0
0
0
0
0
0
0
0
0
0
0
0
0
-5.1719
0
0
0
0
0
0
0
0
-0.4262
-0.43458
-0.44462
-0.4395
-0.42314
-0.42794
-0.43743
-0.4382
-0.46196
-0.44993
34.7316
-0.44639
-0.50674
-0.47952
-0.4812
-0.49162
-0.46105
-0.46465
-0.50654
-0.47022
-0.47241
-0.47098
-0.51628
-0.4421
-0.53022
-0.50528
-0.50561
-0.57844
-0.55523
-0.63106
-0.56371
-0.5573
-0.6191
-0.60081
-0.70238
-0.70238
-0.65196
-0.63121
-0.59569
-0.75005
-0.75841
-0.6026
-0.67984
-0.70581
-0.83917
-0.76695
-0.71779
-0.81431
-0.76658
-0.81214
-0.86723
-0.98802
-0.98959
-0.94812
0
0
0
0
0
0
0
0
0
0
-3.2014
0
0
0
0
0
0
0
0
0
0
0
0
0
0
0
0
0
0
0
0
0
0
0
0
0
0
0
0
0
0
0
0
0
0
0
0
0
0
0
0
0
0
0
0
0
0
-0.42027
-0.43228
-0.43666
-0.43168
-0.41768
-0.42413
-0.42927
-0.43149
-0.44757
-0.44492
-0.44639
35.5637
-0.48483
-0.47445
-0.46727
-0.46654
-0.45486
-0.44687
-0.50108
-0.45888
-0.46752
-0.46284
-0.49487
-0.41819
-0.51998
-0.51522
-0.49671
-0.56533
-0.54045
-0.61097
-0.56241
-0.55095
-0.60884
-0.58716
-0.69139
-0.69139
-0.66396
-0.63869
-0.5705
-0.73721
-0.74592
-0.56868
-0.6802
-0.70413
-0.83031
-0.76345
-0.68128
-0.79946
-0.78138
-0.80718
-0.85322
-0.9785
-0.98112
-0.93117
0
0
0
0
0
0
0
0
0
0
0
0
0
0
0
0
0
0
0
0
0
0
0
0
0
0
0
0
0
0
0
0
0
0
0
0
0
0
0
0
0
0
0
0
0
0
0
0
0
0
0
-4.546
0
0
0
0
0
-0.4584
-0.46694
-0.47291
-0.46679
-0.44869
-0.45538
-0.46794
-0.46996
-0.49704
-0.4858
-0.50674
-0.48483
33.8828
-0.50481
-0.50469
-0.49323
-0.48198
-0.47093
-0.53524
-0.49056
-0.5013
-0.49532
-0.53313
-0.49517
-0.56116
-0.56119
-0.53648
-0.62129
-0.6031
-0.6729
-0.62484
-0.60925
-0.67197
-0.65524
-0.7584
-0.75841
-0.71399
-0.69129
-0.64137
-0.8074
-0.81479
-0.65487
-0.74642
-0.77173
-0.90537
-0.8331
-0.75567
-0.87955
-0.86757
-0.88309
-0.9423
-1.063
-1.0822
-1.0072
0
0
0
0
0
0
0
0
0
0
0
0
0
0
0
0
0
0
0
0
0
0
0
0
0
0
0
0
0
0
0
0
0
0
0
0
0
0
0
0
0
0
0
0
0
0
0
0
0
0
0
0
0
0
0
0
0
-0.45659
-0.46794
-0.4728
-0.46641
-0.44547
-0.44879
-0.462
-0.46575
-0.48161
-0.47837
-0.47952
-0.47445
-0.50481
29.8049
-0.50023
-0.4954
-0.48696
-0.48646
-0.54075
-0.48627
-0.49836
-0.4908
-0.53466
-0.48805
-0.56234
-0.54636
-0.53533
-0.61454
-0.59808
-0.64907
-0.62815
-0.60174
-0.65659
-0.64825
-0.74796
-0.74796
-0.70201
-0.69329
-0.63224
-0.7942
-0.80691
-0.6453
-0.7339
-0.76598
-0.89329
-0.82472
0
-0.86891
-0.85696
-0.88957
0
-1.0488
0
0
0
0
0
0
0
0
0
0
0
0
0
0
0
0
0
0
0
0
0
0
0
0
0
0
0
0
0
0
0
0
0
0
0
0
0
0
0
0
0
0
0
0
0
0
0
0
0
0
0
0
0
0
0
0
0
0
0
-0.45215
-0.43503
-0.45746
-0.45329
-0.44147
-0.44219
-0.45895
-0.46628
-0.47878
-0.47116
-0.4812
-0.46727
-0.50469
-0.50023
32.5456
-0.48563
-0.46333
-0.45194
-0.52723
-0.48775
-0.49445
-0.4813
-0.52455
-0.48972
-0.55628
-0.56483
-0.53491
-0.63493
-0.60195
-0.65989
-0.6377
-0.60817
-0.65063
-0.63751
-0.75367
-0.75366
-0.70118
-0.61656
-0.63599
-0.80252
-0.81174
-0.59964
-0.72228
-0.67042
-0.90637
0
0
-0.83019
0
0
0
0
0
0
-1.5595
0
0
0
0
0
0
-1.8934
0
-3.2856
0
0
0
0
0
0
0
0
0
0
0
0
0
0
0
0
0
0
0
0
0
0
0
0
0
0
0
0
0
0
0
0
0
0
0
0
0
0
0
0
0
0
0
0
0
0
0
-0.4494
-0.46313
-0.46526
-0.46906
-0.43642
-0.44787
-0.46262
-0.47184
-0.47547
-0.46938
-0.49162
-0.46654
-0.49323
-0.4954
-0.48563
31.4468
-0.47201
-0.4715
-0.52811
-0.47994
-0.49581
-0.49213
-0.51329
-0.51267
-0.54958
-0.58368
-0.53437
-0.5944
-0.57101
-0.66203
-0.63937
-0.5872
-0.63416
-0.62732
-0.73242
-0.73242
-0.67114
-0.65395
-0.60969
-0.77752
-0.7873
-0.62664
-0.705
-0.73659
-0.8686
-0.79534
0
-0.83764
-0.90571
0
0
0
0
0
0
0
0
0
0
0
0
0
0
0
0
0
0
0
0
0
0
0
0
0
0
0
0
0
0
0
0
0
0
0
0
0
0
0
0
0
0
0
0
0
0
0
-4.0154
0
0
0
0
0
0
0
0
0
0
0
0
0
0
-0.44218
-0.44986
-0.45061
-0.44342
-0.43244
-0.43226
-0.44417
-0.4506
-0.46478
-0.46231
-0.46105
-0.45486
-0.48198
-0.48696
-0.46333
-0.47201
32.0711
-0.44659
-0.51914
-0.47157
-0.48269
-0.43942
-0.49917
-0.46939
-0.53625
-0.52782
-0.50863
-0.59027
-0.56226
-0.60508
-0.58956
-0.5584
-0.62119
-0.59918
-0.7083
-0.7083
-0.65985
-0.62939
-0.5396
-0.7508
-0.76009
-0.60483
-0.68471
-0.71059
-0.8499
0
0
-0.81712
0
0
0
0
0
0
0
0
0
0
0
0
0
0
0
0
0
0
0
0
0
0
0
0
0
0
0
-3.5051
0
0
0
0
0
0
0
0
0
0
0
0
0
0
0
0
0
0
0
0
0
0
-3.823
0
0
0
0
0
0
0
0
0
0
0
0
-0.43286
-0.44571
-0.44817
-0.43865
-0.42095
-0.42964
-0.44017
-0.44922
-0.4572
-0.4518
-0.46465
-0.44687
-0.47093
-0.48646
-0.45194
-0.4715
-0.44659
32.0806
-0.50884
-0.4634
-0.47476
-0.46381
-0.50129
-0.47182
-0.53052
-0.5432
-0.50953
-0.57272
-0.5488
-0.59148
-0.58752
-0.56368
-0.60899
-0.59587
-0.70804
-0.70804
-0.63656
-0.6062
-0.59007
-0.74867
-0.76111
-0.59992
-0.65865
-0.71203
-0.84542
0
0
0
0
0
0
0
0
0
0
0
0
0
0
0
0
0
0
0
0
0
0
0
0
0
0
-2.103
0
0
-2.2747
0
0
0
0
0
0
0
0
0
0
0
0
0
0
0
0
0
0
0
0
0
0
0
0
0
0
0
0
0
0
0
-3.9387
0
0
0
0
-0.4805
-0.49384
-0.49884
-0.4928
-0.46831
-0.47241
-0.48796
-0.49161
-0.5089
-0.50483
-0.50654
-0.50108
-0.53524
-0.54075
-0.52723
-0.52811
-0.51914
-0.50884
29.2671
-0.51885
-0.52342
-0.52662
-0.5795
-0.51038
-0.61373
-0.58494
-0.5593
-0.64363
-0.62236
-0.67493
-0.65687
-0.62966
-0.68382
-0.68157
-0.78147
-0.78147
-0.72758
-0.71248
-0.6676
-0.82597
-0.83776
-0.68068
-0.76736
-0.80726
-0.93561
-0.86012
0
-0.91321
-0.89197
0
0
0
0
0
0
0
0
0
0
0
0
0
0
0
0
0
0
0
0
0
0
0
0
0
0
0
0
0
0
0
0
0
0
0
0
0
0
0
0
0
0
0
0
0
0
0
0
0
0
0
0
0
0
0
0
0
0
0
0
0
0
-0.43734
-0.45773
-0.45698
-0.45485
-0.43064
-0.43553
-0.44811
-0.45761
-0.46678
-0.46583
-0.47022
-0.45888
-0.49056
-0.48627
-0.48775
-0.47994
-0.47157
-0.4634
-0.51885
30.3226
-0.46946
-0.46935
-0.52219
-0.46337
-0.54767
-0.54326
-0.51558
-0.5658
-0.53781
-0.61048
-0.59979
-0.57553
-0.62023
-0.6036
-0.69921
-0.69921
-0.64436
-0.64055
-0.6078
-0.7376
-0.76113
-0.58381
-0.68302
0
0
0
0
0
0
0
0
0
0
0
0
0
0
0
0
0
0
0
0
0
0
0
0
0
-2.269
0
-2.4073
0
0
0
0
0
0
0
0
0
0
0
0
0
0
0
0
0
0
0
0
0
0
0
0
0
0
0
0
0
0
0
0
-3.1066
0
0
0
0
0
0
0
-0.44297
-0.4639
-0.46715
-0.46445
-0.43665
-0.41247
-0.45364
-0.46218
-0.47407
-0.47353
-0.47241
-0.46752
-0.5013
-0.49836
-0.49445
-0.49581
-0.48269
-0.47476
-0.52342
-0.46946
30.9026
-0.48226
-0.52364
-0.46775
-0.54803
-0.54082
-0.51254
-0.58154
-0.55376
-0.63535
-0.60041
-0.54303
-0.6355
-0.6398
-0.71775
-0.71775
-0.67657
-0.67015
-0.58732
-0.76253
-0.7832
-0.61533
0
0
0
0
0
0
0
0
-0.87245
0
0
0
0
0
0
-1.4731
0
0
0
0
0
0
0
0
0
0
0
0
0
0
-3.2853
0
0
0
0
0
0
0
0
-3.0456
0
0
0
0
0
0
0
0
0
0
0
0
0
0
0
0
0
0
0
0
0
0
0
0
0
0
0
0
0
-0.4487
-0.45725
-0.45374
-0.45695
-0.4397
-0.43211
-0.4462
-0.46307
-0.47063
-0.47052
-0.47098
-0.46284
-0.49532
-0.4908
-0.4813
-0.49213
-0.43942
-0.46381
-0.52662
-0.46935
-0.48226
30.0274
-0.52339
-0.47533
-0.56084
-0.55187
-0.52876
-0.59761
-0.56801
-0.62069
-0.59226
-0.56205
-0.63467
-0.60338
-0.71959
-0.71959
-0.66553
-0.63611
-0.53775
-0.7582
-0.7754
-0.61975
0
0
0
0
0
0
0
0
0
0
0
0
0
0
0
0
0
0
0
0
-2.0393
0
0
-2.4977
0
0
0
0
0
0
0
0
0
-3.4259
0
0
0
0
0
0
0
0
0
0
0
0
0
0
0
0
0
0
0
0
0
0
0
0
0
0
0
0
0
0
0
0
0
0
0
-0.47626
-0.4917
-0.49314
-0.47947
-0.46068
-0.46868
-0.48716
-0.49644
-0.50606
-0.49765
-0.51628
-0.49487
-0.53313
-0.53466
-0.52455
-0.51329
-0.49917
-0.50129
-0.5795
-0.52219
-0.52364
-0.52339
27.0407
-0.52317
-0.56832
-0.59859
-0.53837
-0.61897
-0.59816
-0.66948
-0.66363
-0.64063
-0.68535
-0.69862
-0.78234
-0.78234
-0.71382
-0.71769
-0.65694
-0.81753
-0.83874
-0.67377
-0.75363
0
0
0
0
0
0
0
0
0
0
0
0
0
0
0
0
0
0
0
0
0
0
0
0
0
0
0
0
0
0
0
-2.3774
0
0
0
0
0
0
0
0
0
0
0
0
0
0
0
0
0
0
0
0
0
0
0
0
0
0
0
0
0
0
0
0
0
0
0
0
-0.42065
-0.4447
-0.45044
-0.45003
-0.42659
-0.42537
-0.44132
-0.44619
-0.45628
-0.46034
-0.4421
-0.41819
-0.49517
-0.48805
-0.48972
-0.51267
-0.46939
-0.47182
-0.51038
-0.46337
-0.46775
-0.47533
-0.52317
34.1624
-0.53094
-0.51605
-0.50242
-0.5524
-0.52116
-0.62546
-0.56683
-0.56074
-0.6051
-0.59705
-0.67916
-0.67916
-0.66316
0
0
-0.71554
-0.74058
0
0
0
0
0
0
0
0
0
0
0
0
0
0
0
0
0
-2.1844
0
0
0
0
0
0
0
0
0
-2.3745
-2.3669
0
0
0
0
0
0
-3.2739
0
0
0
0
0
0
0
0
0
0
0
0
0
0
0
0
0
0
0
0
0
0
0
0
0
0
0
0
-4.2579
0
0
0
0
0
-0.49514
-0.51378
-0.51491
-0.51198
-0.48502
-0.48816
-0.50096
-0.51268
-0.52566
-0.52685
-0.53022
-0.51998
-0.56116
-0.56234
-0.55628
-0.54958
-0.53625
-0.53052
-0.61373
-0.54767
-0.54803
-0.56084
-0.56832
-0.53094
27.9873
-0.61576
-0.57295
-0.66243
-0.64523
-0.7187
-0.6991
-0.66137
-0.72072
-0.72181
-0.822
-0.822
-0.76039
-0.75322
-0.70406
-0.85689
-0.88242
-0.72031
-0.78432
0
0
0
0
0
0
0
0
0
0
0
0
0
0
0
0
0
0
0
0
0
0
0
0
0
0
0
0
0
0
0
0
0
0
0
0
-2.0727
0
0
0
0
0
0
0
0
0
0
0
0
0
0
0
0
0
0
0
0
0
0
0
0
0
0
0
0
0
0
0
-0.49675
-0.52665
-0.5243
-0.52731
-0.4792
-0.49483
-0.51284
-0.50831
-0.52804
-0.52298
-0.50528
-0.51522
-0.56119
-0.54636
-0.56483
-0.58368
-0.52782
-0.5432
-0.58494
-0.54326
-0.54082
-0.55187
-0.59859
-0.51605
-0.61576
28.4709
-0.60918
-0.65677
-0.63547
-0.72588
-0.6756
-0.66258
-0.71657
-0.70528
-0.80715
-0.80715
-0.75714
0
0
-0.84527
-0.87784
0
0
0
0
0
0
0
0
0
0
-1.1298
0
0
0
0
0
0
0
0
0
0
0
0
0
0
0
0
0
0
0
0
0
0
0
0
0
0
0
0
0
0
0
0
0
0
0
0
-4.4391
0
0
0
0
0
0
0
0
0
0
0
0
0
0
0
0
0
0
0
0
0
0
-0.47895
-0.49565
-0.49766
-0.49404
-0.4641
-0.46835
-0.49344
-0.48794
-0.50847
-0.5
-0.50561
-0.49671
-0.53648
-0.53533
-0.53491
-0.53437
-0.50863
-0.50953
-0.5593
-0.51558
-0.51254
-0.52876
-0.53837
-0.50242
-0.57295
-0.60918
25.4699
-0.61137
-0.57642
-0.74242
-0.65615
-0.63634
-0.70126
-0.65717
-0.76366
-0.76366
-0.71441
0
0
-0.7952
0
0
0
-0.80947
0
0
0
0
0
0
0
0
0
0
0
0
0
0
0
0
0
0
0
0
0
0
0
0
0
0
0
0
0
0
0
0
0
0
0
0
0
0
0
0
0
0
0
0
0
0
0
0
-3.6532
0
0
0
0
0
0
0
0
0
0
0
0
0
0
0
0
0
0
-0.50537
-0.58153
-0.58766
-0.57017
-0.49578
-0.53008
-0.54953
-0.55493
-0.58269
-0.57753
-0.57844
-0.56533
-0.62129
-0.61454
-0.63493
-0.5944
-0.59027
-0.57272
-0.64363
-0.5658
-0.58154
-0.59761
-0.61897
-0.5524
-0.66243
-0.65677
-0.61137
24.0138
0
-0.81206
0
0
-0.79855
0
-0.8676
-0.8676
-0.83696
0
0
-0.90411
0
0
0
0
0
0
0
0
0
0
0
0
0
0
0
0
0
0
0
0
0
0
0
0
0
0
0
-3.1292
0
0
0
0
0
0
0
0
0
0
0
0
0
0
0
0
0
0
0
0
0
0
0
0
0
0
0
0
0
0
0
0
0
0
0
0
0
0
0
0
0
0
0
-0.48471
-0.55518
-0.55756
-0.54488
-0.48294
-0.50507
-0.53065
-0.53663
-0.56386
-0.55862
-0.55523
-0.54045
-0.6031
-0.59808
-0.60195
-0.57101
-0.56226
-0.5488
-0.62236
-0.53781
-0.55376
-0.56801
-0.59816
-0.52116
-0.64523
-0.63547
-0.57642
0
25.0795
0
0
-0.66725
0
0
0
0
0
0
0
0
0
0
0
0
0
0
0
0
0
0
0
0
0
0
-1.9398
0
0
0
0
0
-1.5014
0
0
0
0
0
0
-3.0897
0
0
0
0
0
0
0
0
0
-2.7219
0
0
0
0
0
0
0
0
0
0
0
0
0
0
0
0
0
0
0
0
0
0
0
0
0
0
0
0
0
0
0
0
0
-0.58658
-0.61309
-0.60987
-0.55598
-0.54754
-0.57602
-0.59896
-0.60159
-0.62289
-0.59787
-0.63106
-0.61097
-0.6729
-0.64907
-0.65989
-0.66203
-0.60508
-0.59148
-0.67493
-0.61048
-0.63535
-0.62069
-0.66948
-0.62546
-0.7187
-0.72588
-0.74242
-0.81206
0
27.0391
0
0
0
0
0
0
0
0
0
0
0
0
0
0
0
0
-1.0432
0
0
0
0
0
0
0
0
0
0
0
0
0
0
0
0
0
0
0
0
0
0
0
0
0
0
0
0
0
0
0
0
0
0
0
0
0
-3.9741
0
0
0
0
0
0
0
0
0
-4.1935
0
0
0
0
0
0
0
0
0
0
0
0
0
0
0
0
-0.55172
-0.57693
-0.58141
-0.58266
-0.5276
-0.52853
-0.55072
-0.55188
-0.57875
-0.57864
-0.56371
-0.56241
-0.62484
-0.62815
-0.6377
-0.63937
-0.58956
-0.58752
-0.65687
-0.59979
-0.60041
-0.59226
-0.66363
-0.56683
-0.6991
-0.6756
-0.65615
0
0
0
25.6544
0
0
0
0
0
0
0
0
0
0
0
0
0
0
0
0
0
-1.0061
0
0
0
0
0
0
0
0
0
0
0
-1.6456
0
0
0
0
0
0
0
0
-2.5832
0
0
0
0
0
0
0
0
0
0
0
0
0
0
0
0
0
0
0
0
0
0
0
-4.2668
0
0
0
0
0
0
0
0
0
0
0
0
0
0
0
0
0
-0.5214
-0.5529
-0.49996
-0.55166
-0.51256
-0.50372
-0.52619
-0.54544
-0.55961
-0.55857
-0.5573
-0.55095
-0.60925
-0.60174
-0.60817
-0.5872
-0.5584
-0.56368
-0.62966
-0.57553
-0.54303
-0.56205
-0.64063
-0.56074
-0.66137
-0.66258
-0.63634
0
-0.66725
0
0
24.758
0
0
0
0
0
0
0
0
0
0
0
0
0
0
0
0
0
0
0
0
0
0
0
0
0
-1.6714
0
0
0
0
0
0
0
0
0
0
0
0
0
0
0
-3.7058
0
0
0
0
0
0
0
-3.2728
0
0
0
0
0
0
0
0
0
0
0
0
0
0
0
0
0
0
0
0
0
0
0
0
0
0
0
0
0
-0.5867
-0.60483
-0.61392
-0.59526
-0.5617
-0.57073
-0.59289
-0.60152
-0.62246
-0.60756
-0.6191
-0.60884
-0.67197
-0.65659
-0.65063
-0.63416
-0.62119
-0.60899
-0.68382
-0.62023
-0.6355
-0.63467
-0.68535
-0.6051
-0.72072
-0.71657
-0.70126
-0.79855
0
0
0
0
23.8807
0
0
0
0
0
0
0
0
0
0
0
0
0
0
0
0
0
0
0
0
0
-1.8664
0
0
0
0
0
0
0
0
0
0
0
0
0
0
0
0
0
0
0
0
0
0
0
0
0
0
0
0
0
0
0
0
0
0
0
0
0
0
0
-4.1834
0
0
0
0
0
0
0
0
0
0
0
0
0
0
0
0
-0.57107
-0.5884
-0.53717
-0.58701
-0.55039
-0.57189
-0.56522
-0.58588
-0.59404
-0.59758
-0.60081
-0.58716
-0.65524
-0.64825
-0.63751
-0.62732
-0.59918
-0.59587
-0.68157
-0.6036
-0.6398
-0.60338
-0.69862
-0.59705
-0.72181
-0.70528
-0.65717
0
0
0
0
0
0
26.3821
0
0
0
0
0
0
0
0
0
0
0
0
0
0
0
0
0
0
0
0
0
0
0
0
0
0
-1.5859
0
0
0
0
0
0
0
0
0
0
0
0
-3.5845
0
0
0
0
0
0
0
0
0
0
0
0
0
0
0
0
0
0
0
0
0
0
0
0
0
0
0
0
0
0
-4.6034
0
0
0
0
0
0
-0.66691
-0.68923
-0.70844
-0.69178
-0.64313
-0.643
-0.67317
-0.67833
-0.70469
-0.69724
-0.70238
-0.69139
-0.7584
-0.74796
-0.75367
-0.73242
-0.7083
-0.70804
-0.78147
-0.69921
-0.71775
-0.71959
-0.78234
-0.67916
-0.822
-0.80715
-0.76366
-0.8676
0
0
0
0
0
0
21.2854
-1.047
0
0
0
0
0
0
0
0
0
0
0
0
0
0
0
0
0
0
0
0
0
0
0
0
0
0
0
0
0
0
0
0
0
0
0
0
0
0
0
0
0
0
0
0
0
0
0
0
0
0
0
0
0
0
0
0
0
0
0
0
0
0
0
0
0
0
0
0
0
0
0
0
0
0
0
-0.66691
-0.68923
-0.70844
-0.69178
-0.64313
-0.643
-0.67317
-0.67833
-0.7047
-0.69724
-0.70238
-0.69139
-0.75841
-0.74796
-0.75366
-0.73242
-0.7083
-0.70804
-0.78147
-0.69921
-0.71775
-0.71959
-0.78234
-0.67916
-0.822
-0.80715
-0.76366
-0.8676
0
0
0
0
0
0
-1.047
21.2854
0
0
0
0
0
0
0
0
0
0
0
0
0
0
0
0
0
0
0
0
0
0
0
0
0
0
0
0
0
0
0
0
0
0
0
0
0
0
0
0
0
0
0
0
0
0
0
0
0
0
0
0
0
0
0
0
0
0
0
0
0
0
0
0
0
0
0
0
0
0
0
0
0
0
0
-0.63374
-0.64782
-0.66114
-0.64668
-0.60472
-0.60924
-0.6274
-0.63063
-0.66356
-0.65774
-0.65196
-0.66396
-0.71399
-0.70201
-0.70118
-0.67114
-0.65985
-0.63656
-0.72758
-0.64436
-0.67657
-0.66553
-0.71382
-0.66316
-0.76039
-0.75714
-0.71441
-0.83696
0
0
0
0
0
0
0
0
24.4529
0
0
0
0
0
0
0
0
0
0
0
0
0
0
0
0
0
0
0
0
0
0
0
0
0
0
0
0
0
0
0
0
0
0
0
0
0
0
0
0
0
0
0
0
0
0
0
0
0
0
0
0
0
0
0
0
0
0
0
0
0
0
0
-5.5096
0
0
0
0
0
0
0
0
0
0
-0.60846
-0.56014
-0.6126
-0.60051
-0.58875
-0.58885
-0.59889
-0.62003
-0.6269
-0.6301
-0.63121
-0.63869
-0.69129
-0.69329
-0.61656
-0.65395
-0.62939
-0.6062
-0.71248
-0.64055
-0.67015
-0.63611
-0.71769
0
-0.75322
0
0
0
0
0
0
0
0
0
0
0
0
28.2147
0
0
0
0
0
0
0
0
0
0
0
0
0
0
0
0
0
0
-1.7906
0
0
0
0
0
-2.2844
-3.1657
0
0
0
0
0
0
0
0
0
0
0
0
0
0
0
0
0
0
0
0
0
0
0
0
0
0
0
0
0
0
0
0
0
0
0
0
-5.648
0
0
0
0
0
0
0
0
0
0
-0.52936
-0.58054
-0.57922
-0.57752
-0.53299
-0.53879
-0.55693
-0.57887
-0.5947
-0.59658
-0.59569
-0.5705
-0.64137
-0.63224
-0.63599
-0.60969
-0.5396
-0.59007
-0.6676
-0.6078
-0.58732
-0.53775
-0.65694
0
-0.70406
0
0
0
0
0
0
0
0
0
0
0
0
0
22.7163
0
0
0
0
0
0
-0.92459
0
0
0
0
0
0
0
0
0
0
0
-1.5558
0
0
0
0
0
0
0
0
-2.6729
0
0
0
0
0
0
0
0
-3.3208
0
0
0
0
0
0
0
0
0
0
0
0
0
0
0
0
0
0
0
0
0
0
0
0
0
0
0
0
0
0
0
0
0
0
0
-0.71722
-0.73802
-0.75899
-0.74161
-0.68868
-0.68779
-0.72132
-0.72296
-0.75266
-0.74321
-0.75005
-0.73721
-0.8074
-0.7942
-0.80252
-0.77752
-0.7508
-0.74867
-0.82597
-0.7376
-0.76253
-0.7582
-0.81753
-0.71554
-0.85689
-0.84527
-0.7952
-0.90411
0
0
0
0
0
0
0
0
0
0
0
21.4597
0
0
0
0
0
0
0
0
0
0
0
0
0
0
0
0
0
0
0
0
0
0
0
0
0
0
0
0
0
0
0
0
0
0
0
0
0
0
0
0
0
0
0
0
0
0
0
0
0
0
0
0
0
0
0
0
0
0
0
0
0
0
0
0
0
0
0
0
0
0
0
-0.72427
-0.74461
-0.76292
-0.74177
-0.69704
-0.6975
-0.72601
-0.73649
-0.75749
-0.75066
-0.75841
-0.74592
-0.81479
-0.80691
-0.81174
-0.7873
-0.76009
-0.76111
-0.83776
-0.76113
-0.7832
-0.7754
-0.83874
-0.74058
-0.88242
-0.87784
0
0
0
0
0
0
0
0
0
0
0
0
0
0
21.1361
0
0
-1.054
0
0
0
0
0
0
0
0
0
0
0
0
0
0
0
0
0
0
0
0
0
0
0
0
0
0
0
0
0
0
0
0
0
0
0
0
0
0
0
0
0
0
0
0
0
0
0
0
0
0
0
0
0
0
0
0
0
0
0
0
0
0
0
0
0
0
0
-0.57235
-0.56781
-0.58131
-0.5758
-0.57233
-0.54972
-0.57597
-0.59254
-0.60178
-0.59894
-0.6026
-0.56868
-0.65487
-0.6453
-0.59964
-0.62664
-0.60483
-0.59992
-0.68068
-0.58381
-0.61533
-0.61975
-0.67377
0
-0.72031
0
0
0
0
0
0
0
0
0
0
0
0
0
0
0
0
23.0988
0
0
0
0
0
0
0
0
0
0
0
0
0
0
0
0
0
0
0
-2.0083
0
0
0
0
0
0
0
0
-2.5909
0
0
0
0
0
0
0
0
0
0
0
0
0
0
0
0
0
0
0
0
-3.9149
0
0
0
0
0
0
0
0
0
0
0
0
0
0
0
0
0
0
0
-0.65689
-0.65217
-0.67676
-0.65736
-0.64355
-0.62834
-0.64618
-0.65714
-0.68421
-0.68931
-0.67984
-0.6802
-0.74642
-0.7339
-0.72228
-0.705
-0.68471
-0.65865
-0.76736
-0.68302
0
0
-0.75363
0
-0.78432
0
0
0
0
0
0
0
0
0
0
0
0
0
0
0
0
0
21.0723
0
0
0
0
0
0
0
0
0
0
0
0
0
-1.9487
0
0
0
0
0
0
0
0
0
0
0
0
0
0
0
0
0
0
0
0
0
0
0
0
0
0
0
0
0
-3.9323
0
0
0
0
0
0
0
0
0
0
0
0
0
0
0
0
0
0
0
0
0
0
0
0
-0.69272
-0.62963
-0.69355
-0.68253
-0.63892
-0.65898
-0.68332
-0.69944
-0.72129
-0.68791
-0.70581
-0.70413
-0.77173
-0.76598
-0.67042
-0.73659
-0.71059
-0.71203
-0.80726
0
0
0
0
0
0
0
-0.80947
0
0
0
0
0
0
0
0
0
0
0
0
0
-1.054
0
0
22.575
0
0
0
0
0
0
0
0
0
0
0
0
0
0
0
0
0
0
0
-3.2105
0
0
0
0
0
0
0
0
0
0
0
0
0
0
0
0
0
0
0
0
0
0
0
0
0
0
0
0
0
0
-4.1282
0
0
0
0
0
0
0
0
0
0
0
0
0
0
0
0
-0.8178
-0.82218
-0.85278
-0.82927
-0.77692
-0.76924
-0.80467
-0.80097
-0.84737
-0.82888
-0.83917
-0.83031
-0.90537
-0.89329
-0.90637
-0.8686
-0.8499
-0.84542
-0.93561
0
0
0
0
0
0
0
0
0
0
0
0
0
0
0
0
0
0
0
0
0
0
0
0
0
17.3382
-1.314
0
0
0
0
0
0
0
0
0
0
0
0
0
0
0
0
0
0
0
0
0
0
0
0
0
0
0
0
0
0
0
0
0
0
0
0
0
0
0
0
0
0
0
0
0
0
0
0
0
0
0
0
0
0
0
0
0
0
0
0
0
0
0
0
0
-0.73212
-0.76508
-0.76423
-0.76314
-0.71529
-0.70526
-0.73413
-0.73169
-0.764
-0.76619
-0.76695
-0.76345
-0.8331
-0.82472
0
-0.79534
0
0
-0.86012
0
0
0
0
0
0
0
0
0
0
0
0
0
0
0
0
0
0
0
-0.92459
0
0
0
0
0
-1.314
18.0774
0
0
0
-1.3937
0
0
0
0
0
-2.1602
0
0
0
0
0
0
0
0
0
0
0
0
0
0
0
0
0
0
0
0
0
0
0
0
0
0
0
0
0
0
0
0
0
0
0
0
0
0
0
0
0
0
0
0
0
0
0
0
0
0
0
0
0
0
0
-0.6495
-0.69416
-0.62304
-0.69613
-0.62258
-0.61636
-0.67406
-0.59458
-0.68938
-0.67962
-0.71779
-0.68128
-0.75567
0
0
0
0
0
0
0
0
0
0
0
0
0
0
0
0
-1.0432
0
0
0
0
0
0
0
0
0
0
0
0
0
0
0
0
24.4784
0
0
0
0
0
0
0
0
-1.8609
0
0
0
0
0
0
0
0
0
0
0
0
-2.5347
0
0
0
0
0
0
0
0
0
-3.0312
0
0
0
0
0
0
-3.7062
0
0
0
0
0
0
-3.6081
0
0
0
0
0
0
0
0
0
0
0
0
0
0
0
0
0
0
-0.79889
-0.76747
-0.81073
-0.7787
-0.76953
-0.74074
-0.79594
-0.77592
-0.82345
-0.80484
-0.81431
-0.79946
-0.87955
-0.86891
-0.83019
-0.83764
-0.81712
0
-0.91321
0
0
0
0
0
0
0
0
0
0
0
0
0
0
0
0
0
0
0
0
0
0
0
0
0
0
0
0
16.6331
0
0
0
0
0
0
-2.0065
0
0
0
0
0
0
0
0
0
0
0
0
0
0
0
0
0
0
0
0
0
0
0
0
0
0
0
0
0
0
0
0
0
0
0
0
0
0
0
0
0
0
0
0
0
0
0
0
0
0
0
0
0
0
0
0
-0.79797
-0.81867
-0.83333
-0.84643
-0.73612
-0.73713
-0.7796
-0.78509
-0.80774
-0.80539
-0.76658
-0.78138
-0.86757
-0.85696
0
-0.90571
0
0
-0.89197
0
0
0
0
0
0
0
0
0
0
0
-1.0061
0
0
0
0
0
0
0
0
0
0
0
0
0
0
0
0
0
19.7076
0
0
0
0
0
0
0
0
0
0
0
0
0
0
0
0
0
0
0
0
-3.174
0
0
0
0
0
0
0
0
0
0
0
0
0
0
0
0
0
0
0
0
-2.5099
0
0
0
0
0
0
0
0
0
0
0
0
0
0
0
0
0
0
0
0
-0.79056
-0.81452
-0.83496
-0.79083
-0.76618
-0.75829
-0.77262
-0.78167
-0.82128
-0.81679
-0.81214
-0.80718
-0.88309
-0.88957
0
0
0
0
0
0
0
0
0
0
0
0
0
0
0
0
0
0
0
0
0
0
0
0
0
0
0
0
0
0
0
-1.3937
0
0
0
16.493
0
0
0
0
0
0
0
0
0
0
0
0
0
0
0
0
0
0
0
0
0
0
0
0
0
0
0
0
0
0
0
0
0
0
0
0
0
0
0
0
0
0
0
0
0
0
0
0
-3.7595
0
0
0
0
0
0
0
0
0
0
0
0
-0.83147
-0.85858
-0.85365
-0.86137
-0.80445
-0.79842
-0.82964
-0.83927
-0.86668
-0.86651
-0.86723
-0.85322
-0.9423
0
0
0
0
0
0
0
-0.87245
0
0
0
0
0
0
0
0
0
0
0
0
0
0
0
0
0
0
0
0
0
0
0
0
0
0
0
0
0
18.3086
0
0
0
0
-2.3014
0
0
0
0
0
0
0
0
0
0
0
0
0
0
0
0
0
0
0
0
0
0
0
0
0
0
0
0
0
0
0
0
0
0
0
0
0
0
0
0
0
0
0
0
0
0
0
0
0
0
-4.0619
0
0
0
0
-0.99388
-0.97725
-1.0003
-0.99151
-0.93977
-0.92632
-0.94849
-0.96589
-1.0026
-0.98511
-0.98802
-0.9785
-1.063
-1.0488
0
0
0
0
0
0
0
0
0
0
0
-1.1298
0
0
0
0
0
0
0
0
0
0
0
0
0
0
0
0
0
0
0
0
0
0
0
0
0
18.3994
0
0
0
0
0
0
0
0
0
0
0
0
0
0
0
0
0
0
0
0
0
0
0
-3.4601
0
0
0
0
0
0
0
0
0
0
0
0
0
0
0
0
0
0
0
0
0
0
0
0
0
0
0
0
0
0
0
0
0
0
0
-0.99749
-0.85474
-1.0032
-1.0057
-0.93259
-0.94586
-1.0105
-0.99857
-1.009
-0.97829
-0.98959
-0.98112
-1.0822
0
0
0
0
0
0
0
0
0
0
0
0
0
0
0
0
0
0
0
0
0
0
0
0
0
0
0
0
0
0
0
0
0
0
0
0
0
0
0
18.644
0
0
0
0
0
0
0
0
0
0
-2.6965
0
0
0
0
0
0
0
0
0
0
0
0
0
0
0
0
0
0
0
-3.1586
0
0
0
0
0
0
0
0
0
0
0
0
0
0
0
0
0
0
0
0
0
0
0
0
0
0
0
-0.90381
-0.93524
-0.94545
-0.91962
-0.85807
-0.87365
-0.88393
-0.87672
-0.94169
-0.92571
-0.94812
-0.93117
-1.0072
0
0
0
0
0
0
0
0
0
0
0
0
0
0
0
0
0
0
0
0
0
0
0
0
0
0
0
0
0
0
0
0
0
0
0
0
0
0
0
0
15.5005
0
0
0
0
0
0
0
0
0
0
0
0
0
0
0
0
0
0
0
0
0
0
0
0
0
0
0
0
0
0
0
0
0
0
0
0
0
0
0
-3.5501
0
0
0
0
0
0
0
0
0
0
0
0
0
0
0
0
0
-1.6016
-1.5254
-1.5985
-1.546
0
0
0
0
0
0
0
0
0
0
-1.5595
0
0
0
0
0
0
0
0
0
0
0
0
0
-1.9398
0
0
0
-1.8664
0
0
0
0
0
0
0
0
0
0
0
0
0
0
-2.0065
0
0
0
0
0
0
17.654
0
0
0
0
0
0
0
0
0
0
0
0
0
0
0
0
0
0
0
0
0
0
0
0
0
0
0
0
0
0
0
0
0
0
0
0
-4.0103
0
0
0
0
0
0
0
0
0
0
0
0
0
0
0
0
0
0
0
-1.6107
0
0
0
0
0
0
0
-1.6841
0
0
0
0
0
0
0
0
0
0
0
0
0
0
0
0
0
0
0
0
0
0
0
0
0
0
0
0
0
0
0
0
0
0
0
0
-2.1602
-1.8609
0
0
0
-2.3014
0
0
0
0
20.1189
0
0
0
0
0
0
0
0
0
0
0
0
0
0
0
0
-3.4039
-3.815
0
0
-3.2827
0
0
0
0
0
0
0
0
0
0
0
0
0
0
0
0
0
0
0
0
0
0
0
0
0
0
0
0
0
0
0
0
0
0
-1.6325
-1.5618
-1.6287
-1.621
0
0
0
0
-1.6355
0
0
0
0
0
0
0
0
0
0
0
0
0
0
0
0
0
0
0
0
0
0
0
0
0
0
0
0
-1.7906
0
0
0
0
-1.9487
0
0
0
0
0
0
0
0
0
0
0
0
0
14.0754
0
0
0
0
0
0
0
0
0
0
0
0
0
0
0
0
0
0
0
0
0
0
-2.2566
0
0
0
0
0
0
0
0
0
0
0
0
0
0
0
0
0
0
0
0
0
0
0
0
0
0
0
0
0
0
0
0
0
0
0
0
0
-1.489
0
0
0
0
0
0
0
0
0
0
0
0
0
-1.4731
0
0
0
0
0
0
0
0
0
0
-1.6714
0
0
0
0
0
0
-1.5558
0
0
0
0
0
0
0
0
0
0
0
0
0
0
0
0
0
0
17.5683
0
0
-2.8446
0
0
0
0
0
-3.1248
0
0
0
0
0
0
0
0
0
0
0
0
0
0
0
0
0
0
0
0
0
0
0
0
0
0
0
0
0
0
0
0
0
0
0
0
0
0
0
0
0
0
-5.4096
0
-2.3124
-2.2494
0
-2.3542
0
0
0
0
0
0
0
0
0
0
0
0
0
0
0
0
0
0
0
-2.1844
0
0
0
0
0
0
0
0
0
0
0
0
0
0
0
0
0
0
0
0
0
0
0
0
0
0
0
0
0
0
0
0
0
0
15.4994
0
0
0
-3.1176
0
-3.2815
0
0
0
0
0
0
0
0
0
0
0
0
0
0
0
0
0
0
0
0
0
0
0
0
0
0
0
0
0
0
0
0
0
0
0
0
0
0
0
0
0
0
0
0
0
0
0
0
0
0
0
0
0
0
0
0
0
0
0
0
0
0
0
0
0
0
0
0
0
0
0
0
0
0
0
0
0
0
0
0
0
0
0
0
0
0
0
0
0
0
0
0
0
0
0
0
0
0
0
0
0
0
0
0
0
21.8456
0
0
-3.3385
0
0
0
0
0
0
0
0
0
0
0
0
0
0
0
-3.8214
0
-1.272
-3.7249
0
0
0
-4.3302
0
0
0
0
0
0
0
0
0
0
0
-5.3587
0
0
0
0
0
0
0
0
0
0
0
0
0
0
0
0
0
0
0
0
0
0
0
0
0
0
0
0
0
0
0
0
0
0
0
0
0
0
0
0
0
-1.5014
0
-1.6456
0
0
-1.5859
0
0
0
0
0
0
0
0
0
0
0
0
0
0
0
0
0
0
0
0
0
0
0
-2.8446
0
0
15.8783
0
0
0
0
0
0
0
0
0
0
0
0
0
0
0
0
0
0
0
0
0
0
0
0
0
-3.9267
0
0
0
0
0
0
0
0
0
0
0
0
0
0
0
0
0
0
0
0
0
-4.374
0
0
0
0
0
0
0
0
0
0
0
0
0
0
0
0
-1.8934
0
0
0
0
0
0
0
0
0
0
0
0
0
0
0
0
0
0
0
0
0
0
0
0
0
0
-2.0083
0
0
0
0
0
0
0
0
0
0
0
0
0
0
0
0
0
0
0
16.3692
0
0
0
0
0
0
0
0
0
0
0
0
0
0
0
0
0
0
-2.4608
0
-3.1127
0
0
0
0
-3.4962
0
0
0
0
0
0
0
-3.3978
0
0
0
0
0
0
0
0
0
0
0
0
0
0
0
0
0
0
0
0
0
0
0
0
0
0
0
0
0
0
0
0
0
0
0
0
-2.0393
0
0
0
0
0
0
0
0
0
0
0
0
0
0
0
-2.2844
0
0
0
0
0
0
0
0
0
0
0
0
0
0
0
0
0
0
0
0
-3.1176
-3.3385
0
0
19.389
0
0
0
0
0
0
0
0
0
0
0
0
0
0
0
0
0
0
0
0
0
0
0
-4.2093
0
0
0
0
0
0
-4.3999
0
0
0
0
0
0
0
0
0
0
0
0
0
0
0
0
0
0
-3.2721
0
0
0
0
0
0
0
0
0
0
0
0
-3.2856
0
0
0
0
0
0
0
0
0
0
0
0
0
0
0
0
0
0
0
0
0
0
-3.1657
0
0
0
0
0
-3.2105
0
0
0
0
0
0
0
0
-2.6965
0
0
0
0
0
0
0
0
0
0
15.6304
0
0
0
0
0
0
0
0
0
0
0
0
0
0
0
0
0
0
0
0
0
0
0
0
0
0
0
0
0
0
0
0
0
0
0
0
0
0
0
0
0
0
0
0
0
0
0
0
0
0
0
0
0
0
0
0
0
-3.2014
0
0
0
0
0
0
0
0
0
0
0
0
0
0
0
0
0
0
0
0
0
0
0
0
0
0
0
0
0
0
0
0
0
0
0
0
0
0
0
0
0
0
0
0
0
0
0
-3.2815
0
0
0
0
0
20.3588
0
0
0
0
0
0
0
0
0
0
0
-3.9736
0
0
0
0
0
0
0
0
0
0
0
-4.5983
0
0
0
0
0
0
0
0
0
0
0
0
-5.304
0
0
0
0
0
0
0
0
0
0
0
0
0
0
-2.4298
0
0
0
0
0
0
0
0
0
0
0
0
0
0
0
-2.4977
0
0
0
0
0
0
0
0
0
0
0
0
0
0
0
0
0
0
0
0
0
0
0
0
0
0
0
0
0
0
0
0
0
0
0
0
0
0
0
0
0
0
0
15.1176
0
0
-3.3062
0
0
0
0
0
0
0
0
0
-3.1832
0
0
0
0
0
0
0
0
0
0
-3.7008
0
0
0
0
0
0
0
0
0
0
0
0
0
0
0
0
0
0
0
0
0
-2.5955
0
0
0
0
0
0
0
0
0
0
0
0
0
0
0
0
0
0
0
0
0
0
0
0
0
0
0
0
0
0
0
0
0
0
0
0
0
-2.6729
0
0
0
0
0
0
0
0
0
0
0
0
0
0
0
0
0
0
-3.1248
0
0
0
0
0
0
0
0
17.109
-3.4791
0
0
0
0
0
0
0
0
0
0
0
0
0
0
0
0
0
0
0
0
0
0
0
-5.2368
0
0
0
0
0
0
0
0
0
0
0
0
0
0
0
0
0
0
0
-3.2531
0
0
0
-3.3103
0
0
0
0
0
0
0
0
0
0
0
0
0
0
0
0
0
0
0
0
0
0
-3.1292
-3.0897
0
0
0
0
0
0
0
0
0
0
0
0
0
0
0
0
0
0
0
0
0
0
0
0
0
0
0
0
0
0
0
0
0
0
0
0
0
-3.4791
16.2613
0
0
0
0
0
0
0
0
0
0
0
0
0
0
0
0
0
0
0
0
0
0
0
0
0
0
0
0
0
0
0
0
0
0
0
0
0
0
0
0
0
0
0
0
0
0
0
0
0
0
0
0
0
0
0
0
0
0
0
0
0
0
-2.269
0
0
0
-2.3745
0
0
0
0
0
0
0
0
0
0
0
0
0
0
0
0
0
0
0
0
0
0
-2.5347
0
0
0
0
0
0
0
0
0
0
0
0
0
0
0
0
0
0
-3.3062
0
0
14.7539
0
0
0
0
0
0
0
0
0
0
0
0
0
0
0
0
0
0
0
0
0
0
0
0
0
0
0
0
-4.2694
0
0
0
0
0
0
0
0
0
0
0
0
0
0
0
0
0
0
0
0
-2.4648
0
0
0
0
0
0
0
0
0
0
0
0
0
0
0
-2.3669
0
0
0
0
0
0
-2.5832
0
0
0
0
0
0
0
0
0
0
0
0
0
0
0
0
0
-3.174
0
0
0
0
0
0
0
0
0
0
0
0
0
0
0
0
0
0
0
0
14.6101
0
0
0
0
0
0
0
0
0
0
0
0
0
0
0
0
0
0
0
0
0
0
0
0
0
0
0
0
0
0
0
-4.0212
0
0
0
0
0
0
0
0
0
0
0
0
0
0
0
0
0
0
0
0
0
0
0
0
0
0
0
0
-2.4073
0
0
0
0
0
0
0
0
0
0
0
0
0
0
0
0
0
0
0
0
0
-2.5909
0
0
0
0
0
0
0
0
0
0
0
0
0
0
0
0
0
0
0
0
0
0
0
0
0
0
0
0
16.4867
0
0
0
0
0
0
-3.8381
0
0
0
0
0
-3.7866
0
0
0
0
0
0
0
0
0
0
0
-3.8637
0
0
0
0
0
0
0
0
0
0
0
0
0
0
0
0
0
0
0
0
0
0
0
0
0
0
0
0
0
0
0
0
-2.103
0
0
0
0
0
0
0
0
0
0
0
0
0
0
0
0
0
0
0
0
0
0
0
0
0
0
0
0
0
0
0
0
0
0
0
0
0
0
0
0
0
0
0
0
0
0
0
0
0
0
0
0
0
15.5147
0
0
0
0
0
0
0
0
0
0
0
-4.402
0
0
0
0
0
-4.6153
0
0
-4.3944
0
0
0
0
0
0
0
0
0
0
0
0
0
0
0
0
0
0
0
0
0
0
0
-3.3408
0
0
0
0
0
0
0
0
0
0
0
0
0
0
-3.2853
0
0
0
0
0
0
0
0
0
0
0
0
0
0
0
0
0
0
0
0
0
0
0
0
0
0
0
0
0
0
0
0
0
0
-3.4039
0
0
0
0
0
0
0
0
0
0
0
0
0
0
0
0
13.2153
0
0
0
-3.1854
0
0
0
0
0
0
0
0
0
0
0
0
0
0
0
0
0
0
0
0
0
0
0
0
0
0
0
0
0
0
0
0
0
0
0
0
-3.9548
0
0
0
0
0
0
0
0
0
0
0
0
0
0
0
0
0
0
0
0
0
0
0
0
0
0
0
0
-3.7058
0
-3.5845
0
0
0
0
0
0
0
0
0
0
0
0
0
0
0
0
0
0
0
0
0
-3.815
0
0
0
0
0
0
0
0
0
0
0
0
0
0
0
0
0
15.0601
0
0
0
0
0
0
0
0
0
0
0
0
0
0
0
0
0
0
0
0
0
0
0
0
0
0
0
0
0
0
0
0
0
0
0
0
0
0
0
0
0
0
0
0
0
0
0
0
0
0
0
0
0
0
-2.2747
0
0
0
0
-2.3774
0
0
0
0
0
0
0
0
0
0
0
0
0
0
0
0
0
0
0
0
0
0
0
0
0
0
0
0
0
0
0
0
0
0
0
0
0
0
0
0
0
0
0
0
0
0
0
0
0
0
0
13.3679
0
0
0
0
0
0
0
0
0
-3.8659
0
0
0
0
0
0
0
0
0
0
0
-4.8499
0
0
0
0
0
0
0
0
0
0
0
0
0
0
0
0
0
0
0
0
0
0
0
0
0
0
0
0
0
0
-3.5051
0
0
0
0
-3.4259
0
0
0
0
0
0
0
0
0
0
0
0
0
0
0
0
-3.3208
0
0
0
0
0
0
0
0
0
0
0
0
-3.4601
0
0
0
0
0
0
0
0
0
0
0
0
0
0
0
0
0
0
0
0
0
0
0
13.712
0
0
0
0
0
0
0
0
0
0
0
0
0
0
0
0
0
0
0
0
0
0
0
0
0
0
0
0
0
0
0
0
0
0
0
0
0
0
0
0
0
0
0
0
0
0
0
0
0
0
0
0
0
0
0
0
0
0
-3.2739
0
0
0
0
0
0
0
0
0
0
0
0
0
0
0
0
0
0
0
0
0
0
0
0
0
0
0
0
0
0
0
-3.2827
0
0
0
0
0
0
0
0
-3.9736
0
0
0
0
0
0
0
-3.1854
0
0
0
13.7156
0
0
0
0
0
0
0
0
0
0
0
0
0
0
0
0
0
0
0
0
0
0
0
0
0
0
0
0
0
0
0
0
0
0
0
0
0
0
0
0
0
0
0
0
0
0
0
0
0
0
0
0
0
0
0
0
0
0
0
0
0
0
-2.7219
0
0
0
0
0
0
0
0
0
0
0
0
0
0
0
0
0
0
0
0
0
0
0
0
0
0
0
0
0
0
0
0
0
0
0
0
0
0
0
0
0
-3.8381
0
0
0
0
0
0
15.7908
0
0
0
0
0
0
0
0
0
-4.5175
0
0
0
0
0
0
0
0
0
0
0
0
0
0
0
0
-4.7133
0
0
0
0
0
0
0
0
-3.4137
0
0
0
0
0
0
0
0
0
0
0
0
0
0
0
0
0
0
0
0
0
0
0
0
0
0
0
0
0
0
0
0
0
0
0
0
0
0
0
0
0
0
0
-3.0312
0
0
0
0
0
0
0
0
0
0
0
0
-3.8214
0
0
0
0
0
-3.1832
0
0
0
0
0
0
0
0
0
0
0
0
13.4495
0
0
0
0
0
0
0
0
0
0
0
0
0
0
0
0
0
0
0
0
0
0
0
0
0
0
0
0
0
0
0
0
0
0
0
0
0
0
-1.8954
0
0
0
0
0
0
0
0
0
0
0
0
0
0
0
0
0
-2.0727
0
0
0
0
0
0
0
0
0
0
0
0
0
0
0
0
0
0
0
0
0
0
0
0
0
0
0
0
0
0
0
-2.2566
0
0
0
0
0
0
0
0
0
0
0
0
0
0
0
0
0
0
0
0
0
0
10.126
0
0
0
0
0
0
0
0
0
0
0
0
0
0
0
0
0
0
0
0
0
0
0
0
0
0
0
-3.9013
0
0
0
0
0
0
0
0
0
0
0
0
0
0
0
0
0
0
0
0
0
0
0
0
0
0
0
0
0
0
0
0
0
0
0
0
0
0
0
0
0
0
0
0
0
0
0
0
0
0
0
0
0
0
0
0
0
0
0
0
0
0
-1.272
0
-2.4608
0
0
0
0
0
0
0
0
0
0
0
0
0
0
0
0
0
0
12.5994
0
0
0
0
0
0
0
0
0
0
0
0
0
0
0
0
0
0
-4.4311
0
0
0
0
0
0
0
0
0
0
-4.4356
0
0
0
0
0
-3.1131
0
0
0
0
0
0
0
0
0
0
0
0
0
0
-3.0456
0
0
0
0
0
0
0
0
0
0
-3.2728
0
0
0
0
0
0
0
0
0
0
0
0
0
0
0
0
0
0
0
0
0
0
0
0
0
0
0
-3.7249
0
0
0
0
0
0
0
0
0
0
0
0
0
0
0
0
0
0
0
0
0
13.1564
0
0
0
0
0
0
0
0
0
0
0
0
0
0
0
0
0
0
0
0
0
0
0
0
0
0
0
0
0
0
0
0
0
-1.9376
0
0
0
0
0
0
0
0
0
0
0
0
0
0
0
0
0
0
0
0
0
0
0
0
0
0
0
0
0
0
0
0
0
0
0
0
0
0
0
0
0
0
0
0
0
0
0
0
0
0
0
0
0
0
0
0
-3.1127
0
0
0
0
0
0
0
0
0
0
0
0
0
0
0
0
0
0
0
0
13.1939
0
0
0
0
0
0
0
-3.6713
0
0
0
0
0
0
0
0
0
0
0
0
-4.4722
0
0
0
0
0
0
0
0
0
0
0
0
0
0
0
0
0
0
0
0
0
0
0
0
0
0
0
0
0
0
0
0
0
0
0
0
0
0
0
0
0
0
0
0
0
0
0
0
0
0
0
0
0
0
0
0
0
0
0
-3.1586
0
0
0
0
0
0
0
0
0
0
0
0
0
0
0
0
0
-3.7866
-4.402
0
0
0
0
0
0
0
0
0
0
0
15.7932
0
0
0
0
-4.446
0
0
0
0
0
0
0
0
0
0
0
0
0
0
0
0
0
0
0
0
0
0
0
0
0
-4.2289
0
0
0
0
0
0
0
0
0
0
0
0
0
0
0
0
0
0
0
0
0
0
0
0
0
-3.9741
0
0
0
0
0
0
0
0
0
0
0
0
0
0
0
0
0
0
0
0
0
0
0
0
0
0
0
0
0
0
0
0
0
0
0
0
0
0
0
0
0
0
0
0
-3.8659
0
0
0
0
0
0
0
0
0
12.0689
0
0
0
0
0
0
0
0
0
0
0
0
0
0
0
0
0
0
0
0
0
0
0
0
0
0
0
0
0
0
0
0
0
-4.1502
0
0
0
0
0
0
0
0
0
0
0
0
0
0
0
0
0
0
0
0
0
0
0
0
0
0
0
0
0
0
0
0
0
0
0
0
0
0
-3.7062
0
0
0
0
0
0
0
0
0
0
0
0
-4.3302
0
0
0
0
0
0
0
0
0
0
0
0
0
0
0
0
0
0
0
0
0
0
0
0
0
12.1866
0
0
0
0
0
0
0
0
0
0
0
0
0
0
0
0
0
0
0
0
0
0
0
0
0
0
0
0
0
0
0
0
0
0
0
0
0
0
0
0
0
0
0
0
0
0
0
0
0
0
0
0
0
0
0
0
0
0
0
0
0
0
0
0
0
0
0
-3.9323
0
0
0
0
0
0
0
0
0
0
0
0
0
0
0
0
0
-3.9267
0
-4.2093
0
0
0
0
0
0
0
0
0
0
0
0
0
0
0
0
0
0
0
0
0
0
0
12.0683
0
0
0
0
0
0
0
0
0
0
0
0
0
0
0
0
0
0
0
0
0
0
0
0
0
0
0
0
0
0
0
0
0
0
0
0
0
0
0
0
0
0
0
0
0
0
0
0
0
0
0
0
0
0
0
0
0
0
0
0
0
0
0
0
0
0
0
0
0
0
0
0
0
0
0
0
0
0
0
0
0
0
0
0
0
-3.4962
0
0
0
0
0
0
0
0
0
0
0
0
0
0
0
-4.5175
0
0
0
0
0
0
0
0
0
12.0501
0
0
0
0
0
0
0
-4.0364
0
0
0
0
0
0
0
0
0
0
0
0
0
0
0
0
0
0
0
0
0
0
0
0
0
0
0
0
0
0
0
0
0
0
0
0
0
0
0
0
-4.4391
0
0
0
0
0
0
0
0
0
0
0
0
0
0
0
0
0
0
0
0
0
0
0
0
0
0
0
0
0
0
0
0
0
0
0
0
0
0
-4.5983
0
0
0
0
0
0
0
0
0
0
0
0
0
0
0
0
0
0
-4.446
0
0
0
0
13.4833
0
0
0
0
0
0
0
0
0
0
0
0
0
0
0
0
0
0
0
0
0
0
0
0
0
0
0
0
-3.5776
0
0
0
0
0
0
0
0
0
0
0
0
0
0
0
0
0
0
0
0
0
0
0
0
0
0
0
0
0
0
0
0
0
0
0
0
0
0
0
0
0
0
0
0
0
0
0
0
0
0
0
0
0
0
0
0
0
0
-3.7008
0
0
0
0
0
-4.6153
0
0
0
0
0
0
0
0
0
0
0
0
0
0
0
0
0
11.8937
0
0
0
0
0
0
0
0
0
0
0
0
0
0
0
0
0
0
0
0
0
0
0
0
0
0
0
0
0
0
0
0
0
0
0
0
0
0
0
0
0
0
0
0
0
0
0
0
0
0
0
0
0
0
0
0
0
0
0
0
0
0
0
0
0
0
0
0
0
-2.5099
0
0
0
0
0
0
0
0
0
0
0
0
0
0
0
0
0
0
0
0
0
0
0
0
0
0
0
0
0
0
0
0
0
-3.6713
0
0
0
0
0
0
0
10.732
0
0
0
0
0
0
0
0
-4.5508
0
0
0
0
0
0
0
0
0
0
0
0
0
0
0
0
0
0
0
0
0
0
0
0
0
0
0
0
0
0
0
0
0
0
0
0
0
0
0
0
0
0
0
0
0
0
0
0
0
0
0
0
-3.9149
0
0
0
0
0
0
0
0
0
0
0
0
-4.0103
0
0
0
0
0
0
0
0
0
0
0
-5.2368
0
0
0
0
0
0
0
0
0
0
0
0
0
0
0
0
0
0
0
0
0
0
0
0
13.1621
0
0
0
0
0
0
0
0
0
0
0
0
0
0
0
0
0
0
0
0
0
0
0
0
0
0
0
0
0
0
0
0
0
0
0
0
0
0
0
0
0
0
0
0
0
-3.6532
0
0
0
0
0
0
0
0
0
0
0
0
0
0
0
0
0
0
0
-3.6081
0
0
0
0
0
0
0
0
0
0
0
0
0
0
0
0
0
0
0
0
0
0
0
0
-4.3944
0
0
0
0
0
0
0
0
0
0
0
0
0
0
0
0
0
0
0
0
11.6556
0
0
0
0
0
0
0
0
0
0
0
0
0
0
0
0
0
0
0
0
0
0
0
0
0
0
0
0
0
0
0
0
0
0
0
0
0
0
0
0
0
0
0
0
0
0
0
0
-4.2668
0
0
0
0
0
0
0
0
0
0
0
0
0
0
0
0
0
0
0
0
0
0
-3.5501
0
0
0
0
0
0
0
0
-4.3999
0
0
0
0
0
0
0
0
0
0
0
0
0
0
0
0
0
0
0
0
0
0
0
0
0
0
0
0
0
0
12.2168
0
0
0
0
0
0
0
0
0
0
0
0
0
0
0
0
0
0
0
0
0
0
0
0
0
0
0
0
0
0
0
0
0
0
0
0
0
0
0
0
0
0
0
0
0
0
-4.1935
0
0
-4.1834
0
0
0
0
0
0
0
0
0
0
-4.1282
0
0
0
0
0
0
0
0
0
0
0
0
0
0
0
0
0
0
0
0
0
0
0
0
0
0
0
0
0
0
0
0
0
0
0
0
0
0
0
0
0
0
0
0
0
0
0
0
0
0
12.5051
0
0
0
0
0
0
0
0
0
0
0
0
0
0
0
0
0
0
0
0
0
0
0
0
0
0
0
0
0
0
0
0
0
0
0
0
0
0
0
0
0
0
0
0
0
0
0
0
0
0
0
0
0
0
0
0
0
0
0
0
0
0
0
0
0
0
0
0
0
0
0
0
0
0
0
0
0
-3.3978
0
0
0
0
0
0
0
0
-3.8637
0
0
0
0
0
0
0
0
0
0
0
0
0
0
0
0
-4.0364
0
0
0
0
0
0
0
11.2979
0
0
0
0
0
0
0
0
0
0
0
0
0
0
0
0
0
0
0
0
0
0
0
0
0
0
0
0
0
0
-4.0154
0
0
0
0
0
0
0
0
0
0
0
0
0
0
0
0
0
0
0
0
0
0
0
0
0
0
0
0
0
0
0
0
0
0
0
0
0
0
0
0
0
0
0
0
0
0
0
0
0
0
0
0
0
0
0
0
0
0
-4.8499
0
0
0
0
0
0
0
0
0
0
0
0
0
0
0
0
0
0
0
0
0
8.8653
0
0
0
0
0
0
0
0
0
0
0
0
0
0
0
0
0
0
0
0
0
0
0
0
0
0
0
0
0
0
0
0
0
0
0
0
0
0
0
0
0
0
0
0
0
0
0
0
0
0
0
0
0
0
0
0
0
0
0
0
0
0
0
0
0
0
0
0
0
0
0
0
0
-5.3587
0
0
0
0
0
0
0
0
-4.2694
0
0
0
0
0
0
0
0
0
0
0
0
0
0
0
0
0
0
0
0
0
0
0
0
0
0
0
0
9.6281
0
0
0
0
0
0
0
0
0
0
0
0
0
0
0
0
0
0
0
0
0
0
0
0
0
0
0
0
0
-3.823
0
0
0
0
0
0
0
0
0
0
0
0
0
0
0
0
0
0
0
0
0
0
0
0
0
0
0
0
0
0
0
0
-3.7595
0
0
0
0
0
0
0
0
0
0
0
0
0
0
0
0
0
0
0
0
0
0
0
0
0
0
0
0
0
0
0
0
0
0
0
0
0
0
0
0
0
0
0
0
0
0
0
0
7.5826
0
0
0
0
0
0
0
0
0
0
0
0
0
0
0
0
0
0
0
0
0
0
0
0
0
0
0
0
0
0
0
0
0
0
0
0
0
0
0
0
0
0
0
0
0
0
0
0
0
0
0
0
0
0
0
0
0
0
0
0
0
0
0
0
0
0
0
0
0
0
0
0
0
0
0
0
0
0
0
0
0
0
0
0
0
0
0
0
0
0
0
0
-4.4311
0
0
0
0
0
0
0
0
0
-4.5508
0
0
0
0
0
0
0
0
8.9819
0
0
0
0
0
0
0
0
0
0
0
0
0
0
0
0
0
0
0
0
0
0
0
0
0
0
0
0
0
0
0
0
0
0
0
0
0
0
0
0
0
0
0
0
0
0
0
-5.5096
-5.648
0
0
0
0
0
0
0
0
0
0
0
0
0
0
0
0
0
0
0
0
0
0
0
0
0
0
0
0
0
0
0
0
0
0
0
0
0
0
0
0
0
0
0
0
0
0
0
0
0
0
0
0
0
0
0
0
0
0
0
0
0
0
11.1576
0
0
0
0
0
0
0
0
0
0
0
0
0
0
0
0
0
0
0
0
0
0
0
0
0
0
0
0
0
0
0
0
0
0
0
0
0
0
0
0
0
0
0
0
0
0
0
0
0
0
0
0
0
0
0
0
0
0
0
0
0
0
0
0
0
0
0
0
0
0
0
0
0
0
-5.304
0
0
0
0
-4.0212
0
0
0
0
0
0
0
0
0
0
0
0
0
0
0
0
0
0
0
0
0
0
0
0
0
0
0
0
0
0
0
9.3253
0
0
0
0
0
0
0
0
0
0
0
0
0
-5.1923
0
0
0
0
-5.1719
0
0
0
0
0
0
0
0
0
0
0
0
0
0
0
0
0
0
0
0
0
0
0
0
0
0
0
0
0
0
0
0
0
0
0
0
0
0
0
0
0
0
0
0
0
0
0
0
0
0
0
0
0
0
0
0
0
0
0
0
0
0
0
0
0
0
0
0
0
0
0
0
0
0
0
0
0
0
0
0
0
0
0
0
0
0
0
0
0
0
0
0
10.3642
0
0
0
0
0
0
0
0
0
0
0
0
0
0
0
0
0
0
0
0
0
0
0
0
0
0
0
-3.1066
0
0
0
0
0
0
0
0
0
0
0
0
0
0
0
0
0
0
0
0
0
0
0
0
0
0
0
0
0
0
0
0
0
0
0
0
0
0
0
0
0
0
0
0
0
0
0
0
0
0
0
0
0
0
0
0
0
0
0
0
0
0
-4.4722
0
0
0
0
0
0
0
0
0
0
0
0
0
0
0
0
0
0
0
0
7.5788
0
0
0
0
0
0
0
0
0
0
0
0
0
0
0
0
0
0
0
0
0
0
0
0
0
0
0
0
0
0
0
0
0
0
0
0
0
0
0
0
-4.6034
0
0
0
0
0
0
0
0
0
0
0
0
0
0
0
0
0
0
0
0
0
0
0
0
0
0
0
0
0
0
0
0
0
0
0
0
0
0
0
0
0
0
0
-4.7133
0
0
0
0
0
0
0
0
0
0
0
0
0
0
0
0
0
0
0
0
0
0
0
0
0
0
9.3167
0
0
0
0
0
0
0
0
0
0
0
0
0
0
0
0
0
-4.546
0
0
0
0
0
0
0
0
0
0
0
-4.2579
0
0
0
0
0
0
0
0
0
0
0
0
0
0
0
0
0
0
0
0
0
0
0
0
0
0
0
0
0
0
0
0
0
0
0
0
0
0
0
0
0
0
0
0
0
0
0
0
0
0
0
0
0
0
0
0
0
0
0
0
0
0
0
0
0
0
0
0
0
0
0
0
0
0
0
0
0
0
0
0
0
8.8039
0
0
0
0
0
0
0
0
0
0
0
0
0
0
0
0
0
0
0
0
0
0
-3.9387
0
0
0
0
0
0
0
0
0
0
0
0
0
0
0
0
0
0
0
0
0
0
0
0
0
0
0
0
0
0
0
0
-4.0619
0
0
0
0
0
0
0
0
0
0
0
0
0
0
0
0
0
0
0
0
0
0
0
0
0
0
0
0
0
0
0
0
0
0
0
0
0
0
0
0
0
0
0
0
0
0
0
0
0
0
0
0
0
0
0
8.0006
0
0
0
0
0
0
0
0
0
0
0
0
0
0
0
0
0
0
0
0
0
0
0
0
0
0
0
0
0
0
0
0
0
0
0
0
0
0
0
0
0
0
0
0
0
0
0
0
0
0
0
0
0
0
0
0
0
0
0
0
0
0
0
0
0
0
0
0
0
0
0
0
0
0
0
0
0
0
0
0
0
0
0
-3.9013
0
0
0
0
0
0
0
0
0
0
0
0
0
0
0
0
0
0
0
0
0
0
0
0
0
0
0
3.9013
0
0
0
0
0
0
0
0
0
0
0
0
0
0
0
0
0
0
0
0
0
0
0
0
0
0
0
0
0
0
0
0
0
0
0
0
0
0
0
0
0
0
0
0
0
0
0
0
0
0
0
0
0
0
0
0
0
0
0
0
0
0
0
-4.374
0
0
0
0
0
0
0
0
0
0
0
0
0
0
0
0
0
0
0
0
0
0
0
0
0
0
0
0
0
0
0
0
0
0
0
0
0
0
0
0
0
0
0
0
0
0
0
4.374
0
0
0
0
0
0
0
0
0
0
0
0
0
0
0
0
0
0
0
0
0
0
0
0
0
0
0
0
0
0
0
0
0
0
0
0
0
0
0
0
0
0
0
0
0
0
0
0
0
0
0
0
0
0
0
0
0
0
0
-5.4096
0
0
0
0
0
0
0
0
0
0
0
0
0
0
0
0
0
0
0
0
0
0
0
0
0
0
0
0
0
0
0
0
0
0
0
0
0
0
0
0
0
0
0
0
0
0
0
0
0
0
0
5.4096
0
0
0
0
0
0
0
0
0
0
0
0
0
0
0
0
0
0
0
0
0
0
0
0
0
0
0
0
0
0
0
0
0
0
0
0
0
0
0
0
0
0
0
0
0
0
0
0
0
0
0
0
0
0
0
0
0
0
0
0
0
0
0
0
0
0
0
0
0
0
0
0
0
0
0
0
0
0
0
0
0
-4.4356
0
0
0
0
0
0
0
0
0
0
0
0
0
0
0
0
0
0
0
0
0
0
0
0
0
0
0
0
0
4.4356
