1
0.9656
0.95204
0.94303
0.93715
0.93285
0.93057
0.92862
0.92737
0.92601
0.92515
0.92413
0.92361
0.92293
0.92258
0.91815
0.91406
0.90992
0.90598
0.90201
0.89819
0.89437
0.89072
0.88714
0.88373
0.88042
0.87726
0.87421
0.87129
0.86846
0.86573
0.86308
0.86052
0.85803
0.8556
0.85321
0.85086
0.84855
0.84627
0.84403
0.84182
0.83964
0.83748
0.83535
0.83325
0.83117
0.8291
0.82705
0.82502
0.82299
0.82098
0.81897
0.81698
0.815
0.81304
0.81109
0.80916
0.80725
0.80535
0.80347
0.8016
0.79974
0.7979
0.79606
0.79423
0.79241
0.7906
0.78881
0.78703
0.78527
0.78352
0.78179
0.78008
0.77838
0.77669
0.77502
0.77335
0.7717
0.77007
0.76844
0.76682
0.76521
0.76361
0.76202
0.76044
0.75886
0.75728
0.75571
0.75414
0.75257
0.751
0.74943
0.74785
0.74628
0.7447
0.74311
0.74153
0.73995
0.73836
0.73678
0.73521
0.73365
0.7321
0.73057
0.72907
0.72759
0.72614
0.72473
0.72335
0.722
0.72069
0.71941
0.71817
0.71696
0.71578
0.71464
0.71352
0.71242
0.71135
0.71031
0.70928
0.70828
0.70729
0.70633
0.70539
0.70446
0.70355
0.70266
0.70178
0.70092
0.70007
0.69923
0.69841
0.69759
0.69677
0.69596
0.69515
0.69434
0.69352
0.69269
0.69186
0.69101
0.69015
