68.1276
-0.64759
-0.68473
-0.68907
-0.71047
-0.7032
-0.70034
-0.6852
-0.67612
-0.65779
-0.71844
-0.69696
-0.65987
-0.67104
-0.67101
-0.68632
-0.65512
-0.67933
-0.64931
-0.6853
-0.71739
-0.73678
-0.72147
-0.68642
-0.66324
-0.70766
-0.68571
-0.68405
-0.69446
-0.69211
-0.6911
-0.70552
-0.71666
-0.72062
-0.75059
-0.71665
-0.7155
-0.75623
-0.73263
-0.73569
-0.66515
-0.75225
-0.79704
-0.80852
-0.78861
-0.73629
-0.84725
-0.75431
-0.85424
-0.78196
-0.85245
-0.88199
-0.72036
-0.90088
-0.90949
-0.84241
-0.90625
-0.76272
-0.89395
-1.0506
-1.1053
-1.3023
-1.1606
-1.6001
0
-2.1756
-2.3137
0
-2.4445
0
0
0
0
0
0
0
0
0
0
0
0
0
0
0
-3.8234
0
0
0
-4.2636
0
-4.274
0
0
0
0
0
0
0
0
0
0
0
0
0
0
0
0
0
0
0
0
0
0
0
0
0
0
0
0
0
0
0
0
0
-0.64759
66.3582
-0.67208
-0.6744
-0.69557
-0.68508
-0.68403
-0.66805
-0.6601
-0.64226
-0.70345
-0.68024
-0.64515
-0.6545
-0.65478
-0.67063
-0.63893
-0.66375
-0.63034
-0.66957
-0.69833
-0.71836
-0.70322
-0.66786
-0.64517
-0.68705
-0.66664
-0.66322
-0.67577
-0.6729
-0.67207
-0.68421
-0.696
-0.70314
-0.72975
-0.69738
-0.69856
-0.73562
-0.7128
-0.72298
-0.65464
-0.73472
-0.7762
-0.7912
-0.76811
-0.71551
-0.82614
-0.76933
-0.8329
-0.75982
-0.83039
-0.85822
-0.74301
-0.87934
-0.90285
-0.82003
-0.88083
-0.80425
-0.87294
-1.0231
-1.0786
-1.2773
-1.2021
-1.5734
0
-2.1422
-2.3304
0
0
0
0
0
0
0
0
0
0
0
0
0
0
0
0
0
-3.7938
0
0
0
0
0
0
0
0
0
0
0
0
0
0
0
0
0
0
0
0
0
0
0
0
0
0
0
0
0
0
0
0
0
0
0
0
0
-5.1127
-5.1127
-0.68473
-0.67208
56.3103
-0.68656
-0.71137
-0.70351
-0.69897
-0.68279
-0.67466
-0.65593
-0.71833
-0.68785
-0.65547
-0.66827
-0.66953
-0.68514
-0.65257
-0.6781
-0.64611
-0.68421
-0.71299
-0.73378
-0.71843
-0.68216
-0.65953
-0.70182
-0.68057
-0.67695
-0.69028
-0.68655
-0.68693
-0.69969
-0.70932
-0.7165
-0.74584
-0.70961
-0.71412
-0.75008
-0.72178
-0.73506
-0.69786
-0.74906
-0.79148
-0.80693
-0.78302
-0.73131
-0.84208
-0.78613
-0.84909
-0.77584
-0.8452
-0.87671
-0.76045
-0.8985
-0.91973
-0.83825
-0.89453
-0.82117
-0.89076
-1.0438
-1.1028
-1.2982
-1.227
-1.5964
0
-2.1658
-2.3929
0
0
0
0
0
0
0
0
0
0
0
0
-2.877
0
0
0
0
0
0
0
0
0
0
0
0
0
0
0
0
0
0
0
0
0
0
0
0
0
0
0
0
0
0
0
0
0
0
0
0
0
0
0
0
0
0
0
0
-0.68907
-0.6744
-0.68656
54.7588
-0.71131
-0.69926
-0.69699
-0.68007
-0.67341
-0.6533
-0.71016
-0.69278
-0.65652
-0.66636
-0.66711
-0.68247
-0.65031
-0.67538
-0.64422
-0.68148
-0.71058
-0.73099
-0.71564
-0.6798
-0.65687
-0.70051
-0.67855
-0.67504
-0.68744
-0.68485
-0.68428
-0.69701
-0.7071
-0.71206
-0.74085
-0.67753
-0.71254
-0.74607
-0.72371
-0.74061
-0.70275
-0.74679
-0.7882
-0.80369
-0.7798
-0.7324
-0.83844
-0.78804
-0.84533
-0.77394
-0.84273
-0.87242
-0.75783
-0.89452
-0.91245
-0.83556
-0.89199
-0.82513
-0.88436
-1.0418
-1.1015
-1.2972
-1.2243
-1.592
0
-2.164
0
0
0
0
0
0
0
0
0
0
0
0
0
0
0
0
0
0
0
0
0
0
0
0
0
0
0
0
0
0
-3.8685
0
0
0
0
0
0
0
0
0
0
0
0
0
0
0
0
0
0
0
0
0
0
0
0
0
0
0
-0.71047
-0.69557
-0.71137
-0.71131
52.4195
-0.72219
-0.71765
-0.70123
-0.69458
-0.67376
-0.74347
-0.71624
-0.67853
-0.68873
-0.68996
-0.70426
-0.67167
-0.69719
-0.66665
-0.70355
-0.7341
-0.75429
-0.73864
-0.70222
-0.679
-0.72368
-0.701
-0.69746
-0.70973
-0.70706
-0.707
-0.72059
-0.73016
-0.73677
-0.7657
-0.72995
-0.7349
-0.76944
-0.74652
-0.75918
-0.72368
-0.76988
-0.81174
-0.82793
-0.80262
-0.75465
-0.86254
-0.81113
-0.86961
-0.7976
-0.86643
-0.89837
-0.78268
-0.9198
-0.94905
-0.85994
-0.9158
-0.84473
-0.90859
-1.0691
-1.13
-1.326
-1.2558
-1.6213
0
-2.1947
0
0
0
0
0
0
0
0
0
0
0
0
0
0
0
0
0
0
0
0
0
0
0
0
0
0
0
0
0
0
0
0
0
0
0
0
0
0
0
0
0
0
0
0
0
0
0
0
0
0
0
0
0
0
0
0
0
0
-0.7032
-0.68508
-0.70351
-0.69926
-0.72219
59.0741
-0.70811
-0.69098
-0.68375
-0.66385
-0.72521
-0.70331
-0.66809
-0.67617
-0.6781
-0.69299
-0.6597
-0.68594
-0.64588
-0.69183
-0.72129
-0.74139
-0.72607
-0.68972
-0.66649
-0.70985
-0.68699
-0.68596
-0.69721
-0.69533
-0.65392
-0.7104
-0.71638
-0.7229
-0.73811
-0.71551
-0.72141
-0.75674
-0.73465
-0.74017
-0.71101
-0.75368
-0.79898
-0.8142
-0.79189
-0.74383
-0.85108
-0.79795
-0.85831
-0.78371
-0.86261
-0.88638
-0.77439
-0.90699
-0.93283
-0.84866
-0.91034
-0.83458
-0.89842
-1.0552
-1.1116
0
0
-1.6078
0
0
0
0
0
0
0
0
0
0
0
0
-2.625
0
0
0
0
0
0
0
0
0
0
0
0
0
0
0
0
0
0
0
0
0
0
-4.7063
0
0
0
0
0
0
0
0
-4.8907
0
0
0
0
0
0
0
0
0
0
0
0
0
0
0
-0.70034
-0.68403
-0.69897
-0.69699
-0.71765
-0.70811
50.557
-0.68444
-0.68009
-0.65937
-0.72567
-0.70179
-0.66368
-0.674
-0.67505
-0.6898
-0.65648
-0.68273
-0.65222
-0.68895
-0.71886
-0.73913
-0.7236
-0.687
-0.66427
-0.70708
-0.68515
-0.68217
-0.6947
-0.69175
-0.69171
-0.71004
-0.7136
-0.72156
-0.75048
-0.7145
-0.72096
-0.75422
-0.72779
-0.74325
-0.70803
-0.75252
-0.79594
-0.81224
-0.78705
-0.73962
-0.84659
-0.79374
-0.85369
-0.78141
-0.85931
-0.88052
-0.7696
-0.90337
-0.93202
-0.84406
-0.898
-0.82779
-0.89509
-1.0534
-1.1095
-1.3102
0
-1.6005
0
0
0
0
0
0
0
0
0
0
0
0
0
-2.5206
0
0
0
0
0
0
0
0
0
0
0
0
0
0
0
0
0
0
0
0
0
0
0
0
0
0
0
0
0
0
0
0
0
0
0
0
0
0
0
0
0
0
0
0
0
0
-0.6852
-0.66805
-0.68279
-0.68007
-0.70123
-0.69098
-0.68444
49.5868
-0.66439
-0.64341
-0.71051
-0.68461
-0.64748
-0.65591
-0.65203
-0.6731
-0.63988
-0.66595
-0.63522
-0.67156
-0.70509
-0.72203
-0.70661
-0.6702
-0.64718
-0.68903
-0.66944
-0.66772
-0.67815
-0.67406
-0.6751
-0.69224
-0.69823
-0.70292
-0.73271
-0.69714
-0.70256
-0.73666
-0.7127
-0.72363
-0.69232
-0.73606
-0.77792
-0.79363
-0.7696
-0.72297
-0.82793
-0.77196
-0.83484
-0.76404
-0.84043
-0.80823
-0.75322
-0.88415
-0.91179
-0.82533
-0.88707
-0.81355
-0.87355
-1.0325
-1.0861
0
0
-1.5756
0
0
0
0
0
0
0
0
0
0
0
0
0
0
0
0
0
0
0
0
0
0
0
-3.9638
0
0
0
0
0
0
0
0
0
0
0
0
0
0
0
0
0
0
0
0
0
0
0
0
0
0
0
0
0
0
0
0
0
0
0
0
-0.67612
-0.6601
-0.67466
-0.67341
-0.69458
-0.68375
-0.68009
-0.66439
47.2344
-0.63526
-0.70104
-0.67638
-0.63633
-0.6526
-0.65203
-0.66615
-0.63092
-0.65886
-0.62996
-0.66426
-0.69401
-0.71376
-0.69847
-0.66236
-0.64064
-0.6826
-0.66131
-0.66055
-0.67028
-0.66749
-0.66764
-0.68185
-0.68982
-0.69643
-0.72433
-0.68966
-0.69615
-0.72819
-0.70589
-0.71234
-0.68426
-0.72848
-0.76925
-0.78567
-0.76095
-0.70948
-0.81883
-0.76935
-0.82556
-0.75248
-0.83228
-0.85375
-0.7459
-0.87499
-0.90641
-0.81633
-0.87963
-0.80269
-0.86228
-1.0217
-1.0791
0
0
-1.5629
-2.0376
0
0
0
0
0
0
0
0
0
0
0
0
0
0
0
0
0
0
0
0
0
0
0
0
0
0
0
0
0
0
0
0
0
0
0
0
0
0
0
0
0
0
0
0
0
0
0
0
0
0
0
0
0
0
0
0
0
0
0
-0.65779
-0.64226
-0.65593
-0.6533
-0.67376
-0.66385
-0.65937
-0.64341
-0.63526
43.9541
-0.68004
-0.65628
-0.62157
-0.63113
-0.63186
-0.65278
-0.61712
-0.64154
-0.61054
-0.64507
-0.67408
-0.69377
-0.6785
-0.64166
-0.62097
-0.66142
-0.64174
-0.63997
-0.65038
-0.64718
-0.6475
-0.66459
-0.66922
-0.67558
-0.70298
-0.66885
-0.67506
-0.70692
-0.68462
-0.69639
-0.66311
-0.70706
-0.7468
-0.76281
-0.73944
-0.69372
-0.79613
-0.74644
-0.80249
-0.73496
-0.80947
-0.83041
-0.72537
-0.851
-0.87965
-0.7941
-0.85602
-0.77849
-0.84076
-0.99656
-1.0545
0
0
-1.5305
0
0
0
0
0
0
0
0
0
0
0
0
0
0
0
0
0
0
0
0
0
0
0
0
0
0
0
0
0
0
0
0
0
0
0
0
0
0
0
0
0
0
0
0
0
0
0
0
0
0
0
0
0
0
0
0
0
0
0
0
-0.71844
-0.70345
-0.71833
-0.71016
-0.74347
-0.72521
-0.72567
-0.71051
-0.70104
-0.68004
53.2259
-0.72133
-0.68161
-0.6919
-0.69256
-0.70791
-0.67354
-0.70009
-0.66984
-0.7065
-0.7377
-0.7584
-0.74255
-0.7074
-0.68217
-0.72803
-0.70368
-0.69184
-0.71333
-0.71011
-0.70982
-0.72874
-0.7339
-0.73982
-0.7689
-0.72696
-0.74012
-0.77369
-0.75076
-0.7546
-0.72689
-0.77169
-0.81571
-0.83271
-0.80701
-0.75971
-0.86718
-0.81443
-0.87428
-0.80652
-0.87893
-0.899
-0.74988
-0.92145
-0.93245
-0.86402
-0.92621
-0.849
-0.9117
0
0
0
0
0
0
0
0
0
0
0
0
0
-2.7224
0
0
-2.9807
0
0
0
0
0
0
0
0
0
0
-3.5299
0
0
0
0
0
0
0
0
0
0
0
0
0
0
0
0
0
0
0
0
0
0
0
0
0
0
0
0
0
0
0
0
0
0
0
0
0
-0.69696
-0.68024
-0.68785
-0.69278
-0.71624
-0.70331
-0.70179
-0.68461
-0.67638
-0.65628
-0.72133
51.2435
-0.65259
-0.62301
-0.66782
-0.6834
-0.64897
-0.67566
-0.64563
-0.68151
-0.71005
-0.73123
-0.71565
-0.68213
-0.65665
-0.7024
-0.67786
-0.67866
-0.6872
-0.68475
-0.68351
-0.70157
-0.70675
-0.71327
-0.74288
-0.70687
-0.71248
-0.74638
-0.71798
-0.73422
-0.70151
-0.74474
-0.78738
-0.80407
-0.77918
-0.73289
-0.83781
-0.78439
-0.8444
-0.77791
-0.8481
-0.87356
-0.76453
-0.89399
-0.92009
-0.83414
-0.89872
-0.81947
-0.8846
-1.056
0
0
0
0
0
0
0
0
0
0
0
0
0
0
0
0
0
0
0
-2.8456
0
0
0
0
0
0
0
0
0
0
0
0
0
0
0
0
0
0
0
0
0
0
0
0
0
0
0
-4.8215
0
0
0
0
0
0
0
0
0
0
0
0
0
0
0
0
-0.65987
-0.64515
-0.65547
-0.65652
-0.67853
-0.66809
-0.66368
-0.64748
-0.63633
-0.62157
-0.68161
-0.65259
46.1724
-0.62657
-0.62915
-0.64884
-0.61214
-0.64087
-0.61143
-0.64566
-0.67308
-0.69461
-0.67942
-0.6451
-0.62145
-0.66386
-0.64285
-0.64197
-0.65145
-0.64797
-0.64804
-0.6598
-0.67
-0.67651
-0.70544
-0.66955
-0.67568
-0.70836
-0.68203
-0.69694
-0.66498
-0.70769
-0.74862
-0.76492
-0.74092
-0.69503
-0.79812
-0.74488
-0.80432
-0.73171
-0.80961
-0.82454
-0.71709
-0.85266
-0.88121
-0.79411
-0.8549
-0.77994
-0.84126
0
0
0
0
0
0
0
0
0
0
0
-2.3976
0
0
0
0
0
0
0
0
0
0
0
0
-3.3826
0
0
0
0
0
0
0
0
0
0
0
0
0
0
0
0
0
0
0
0
0
0
0
0
0
0
0
0
0
0
0
0
0
0
0
0
0
0
0
0
-0.67104
-0.6545
-0.66827
-0.66636
-0.68873
-0.67617
-0.674
-0.65591
-0.6526
-0.63113
-0.6919
-0.62301
-0.62657
48.0736
-0.64197
-0.65739
-0.62282
-0.64958
-0.61779
-0.65475
-0.68283
-0.70356
-0.68823
-0.65748
-0.63003
-0.67406
-0.65119
-0.65199
-0.66019
-0.65746
-0.65619
-0.66841
-0.67873
-0.6853
-0.71328
-0.67883
-0.6848
-0.7178
-0.69073
-0.70539
-0.67497
-0.71718
-0.75814
-0.7749
-0.75029
-0.70432
-0.80777
-0.7565
-0.81402
-0.74542
-0.81801
-0.84019
-0.73271
-0.86077
-0.88959
-0.80303
-0.86708
-0.79186
-0.85158
0
0
0
0
0
0
0
0
0
0
0
-2.4013
0
0
0
0
0
0
0
0
0
0
0
0
0
0
0
0
0
0
0
0
0
0
0
0
0
0
0
0
0
0
0
0
0
0
0
0
-4.753
0
0
0
0
0
0
0
0
0
0
0
0
0
0
0
0
-0.67101
-0.65478
-0.66953
-0.66711
-0.68996
-0.6781
-0.67505
-0.65203
-0.65203
-0.63186
-0.69256
-0.66782
-0.62915
-0.64197
48.8972
-0.65788
-0.62444
-0.65032
-0.619
-0.65527
-0.68635
-0.70515
-0.68998
-0.65615
-0.63194
-0.67516
-0.65243
-0.65402
-0.66235
-0.65855
-0.65943
-0.67462
-0.66381
-0.68717
-0.71637
-0.68135
-0.68607
-0.72031
-0.6966
-0.7087
-0.6775
-0.71687
-0.76114
-0.77627
-0.75277
-0.70618
-0.81064
-0.74033
-0.81716
-0.74485
-0.82321
-0.79864
-0.71911
-0.86251
-0.89557
0
-0.87191
-0.79506
-0.85513
0
0
0
0
0
0
0
0
-2.3871
0
0
0
0
0
0
0
0
0
0
0
0
-3.0624
0
0
0
0
-3.2765
0
0
0
0
0
0
0
0
0
0
0
0
0
0
0
0
0
0
0
0
0
0
0
0
0
0
0
0
0
0
0
0
0
0
0
0
0
0
-0.68632
-0.67063
-0.68514
-0.68247
-0.70426
-0.69299
-0.6898
-0.6731
-0.66615
-0.65278
-0.70791
-0.6834
-0.64884
-0.65739
-0.65788
43.0741
-0.64515
-0.66417
-0.63404
-0.67009
-0.70117
-0.72141
-0.70566
-0.67052
-0.64677
-0.69044
-0.66811
-0.66914
-0.67668
-0.67368
-0.67419
-0.69272
-0.69689
-0.70303
-0.73119
-0.69632
-0.70291
-0.73445
-0.71202
-0.72517
-0.69095
-0.7355
-0.7754
-0.79217
-0.76761
-0.72104
-0.82554
-0.77649
-0.83226
-0.76893
-0.83936
-0.86102
-0.75459
-0.88153
-0.91007
-0.82381
-0.88614
-0.80814
-0.87006
0
-1.0885
0
0
0
0
0
0
0
0
0
0
0
0
0
0
0
0
0
0
0
0
0
0
0
0
0
0
0
0
0
0
0
0
0
0
0
0
0
0
0
0
0
0
0
0
0
0
0
0
0
0
0
0
0
0
0
0
0
0
0
0
0
0
0
-0.65512
-0.63893
-0.65257
-0.65031
-0.67167
-0.6597
-0.65648
-0.63988
-0.63092
-0.61712
-0.67354
-0.64897
-0.61214
-0.62282
-0.62444
-0.64515
44.6389
-0.63578
-0.60474
-0.63915
-0.66601
-0.6864
-0.67117
-0.63756
-0.61377
-0.65772
-0.63441
-0.63307
-0.64273
-0.64009
-0.63989
-0.65878
-0.66268
-0.66918
-0.69628
-0.66262
-0.66807
-0.70112
-0.67868
-0.68776
-0.65764
-0.63981
-0.74068
-0.75667
-0.73349
-0.68767
-0.78989
-0.73922
-0.79593
-0.73068
-0.80529
-0.82234
-0.71683
-0.84296
-0.87094
-0.78704
-0.84412
-0.77459
-0.83395
0
0
0
0
0
0
0
0
0
0
0
0
0
0
0
0
0
0
0
0
0
0
0
0
0
0
0
0
0
0
0
0
0
0
0
0
0
0
0
0
0
0
0
0
0
-4.6817
0
0
0
0
0
0
0
0
0
0
0
0
0
0
0
0
0
0
0
-0.67933
-0.66375
-0.6781
-0.67538
-0.69719
-0.68594
-0.68273
-0.66595
-0.65886
-0.64154
-0.70009
-0.67566
-0.64087
-0.64958
-0.65032
-0.66417
-0.63578
41.5411
-0.62664
-0.66259
-0.6906
-0.71437
-0.69848
-0.66265
-0.63938
-0.68718
-0.66073
-0.66223
-0.66918
-0.66614
-0.66661
-0.68471
-0.6892
-0.69533
-0.7234
-0.68865
-0.69532
-0.72652
-0.7042
-0.71739
-0.68351
-0.72741
-0.76731
-0.78415
-0.75963
-0.71336
-0.81757
-0.76883
-0.82398
-0.76155
-0.83052
-0.85254
-0.7468
-0.87255
-0.90099
-0.81525
-0.87746
-0.79944
-0.8615
0
0
0
0
0
0
0
0
0
0
0
0
0
0
0
0
0
0
0
0
0
0
0
0
0
0
0
0
0
0
0
0
0
0
0
0
0
0
0
0
0
0
0
0
0
0
0
0
0
0
0
0
0
0
0
0
0
0
0
0
0
0
0
0
0
-0.64931
-0.63034
-0.64611
-0.64422
-0.66665
-0.64588
-0.65222
-0.63522
-0.62996
-0.61054
-0.66984
-0.64563
-0.61143
-0.61779
-0.619
-0.63404
-0.60474
-0.62664
45.721
-0.63071
-0.65634
-0.67846
-0.66311
-0.62827
-0.60562
-0.6333
-0.62421
-0.61099
-0.63474
-0.61728
-0.63233
-0.64619
-0.64888
-0.65837
-0.66543
-0.65225
-0.65787
-0.69091
-0.66779
-0.67769
-0.64794
-0.68857
-0.73115
-0.7462
-0.72355
-0.67823
-0.78112
-0.73431
-0.78869
-0.71849
-0.79372
-0.81663
0
-0.83563
0
0
0
0
-0.82667
0
0
0
0
0
0
0
0
0
0
0
0
0
0
0
0
0
0
0
-2.9499
0
0
0
-3.4823
0
0
0
0
0
0
0
0
0
0
0
0
0
0
0
0
0
0
0
0
0
0
0
0
0
0
0
0
0
0
0
0
0
-3.7576
0
0
0
0
0
0
0
-0.6853
-0.66957
-0.68421
-0.68148
-0.70355
-0.69183
-0.68895
-0.67156
-0.66426
-0.64507
-0.7065
-0.68151
-0.64566
-0.65475
-0.65527
-0.67009
-0.63915
-0.66259
-0.63071
39.2376
-0.69773
-0.72378
-0.70604
-0.66378
-0.64393
-0.69148
-0.66662
-0.66961
-0.67404
-0.67096
-0.67158
-0.6891
-0.69394
-0.69985
-0.72837
-0.69384
-0.70023
-0.73077
-0.70824
-0.72354
-0.68851
-0.73334
-0.77233
-0.78908
-0.76359
-0.71819
-0.82308
-0.77482
-0.83011
-0.76781
-0.83508
-0.85737
-0.75281
-0.87964
0
0
0
-0.80548
-0.86692
0
0
0
0
0
0
0
0
0
0
0
0
0
0
0
0
0
0
0
0
0
0
0
0
0
0
0
0
0
0
0
0
0
0
0
0
0
0
0
0
0
0
0
0
0
0
0
0
0
0
0
0
0
0
0
0
0
0
0
0
0
0
0
0
0
-0.71739
-0.69833
-0.71299
-0.71058
-0.7341
-0.72129
-0.71886
-0.70509
-0.69401
-0.67408
-0.7377
-0.71005
-0.67308
-0.68283
-0.68635
-0.70117
-0.66601
-0.6906
-0.65634
-0.69773
41.9718
-0.7499
-0.7333
-0.69491
-0.67119
-0.723
-0.69421
-0.69782
-0.7033
-0.70164
-0.69997
-0.71894
-0.72308
-0.72838
-0.75879
-0.72282
-0.72907
-0.7629
-0.7375
-0.75263
-0.72008
-0.7636
-0.80577
-0.82059
-0.79597
-0.7487
-0.85627
-0.7497
-0.86378
-0.79883
-0.86722
0
0
0
0
0
-0.91441
0
0
0
0
0
0
0
0
0
0
0
0
0
0
0
0
0
0
0
0
0
0
0
0
0
0
0
0
0
0
0
0
0
0
0
-0.20628
0
0
0
0
0
0
0
0
0
-4.3686
0
0
0
0
0
0
0
0
0
0
0
0
0
0
0
0
0
0
0
0
0
-0.73678
-0.71836
-0.73378
-0.73099
-0.75429
-0.74139
-0.73913
-0.72203
-0.71376
-0.69377
-0.7584
-0.73123
-0.69461
-0.70356
-0.70515
-0.72141
-0.6864
-0.71437
-0.67846
-0.72378
-0.7499
37.5693
-0.745
-0.73079
-0.68275
-0.73902
-0.70945
-0.71461
-0.71871
-0.71834
-0.71703
-0.75291
-0.74569
-0.74978
-0.77949
-0.74361
-0.75337
-0.78184
-0.75609
-0.78269
-0.74197
-0.7892
-0.82673
-0.84124
-0.81602
-0.76937
-0.87738
-0.83514
-0.88485
-0.82709
-0.88761
0
0
0
0
0
0
0
0
0
0
0
0
0
0
0
0
0
0
0
0
0
0
0
0
0
0
0
0
0
0
0
0
0
0
0
0
0
0
0
0
0
0
0
0
0
0
0
0
0
0
0
0
0
0
0
0
0
0
0
0
0
0
0
0
0
0
0
0
0
0
0
0
0
-0.72147
-0.70322
-0.71843
-0.71564
-0.73864
-0.72607
-0.7236
-0.70661
-0.69847
-0.6785
-0.74255
-0.71565
-0.67942
-0.68823
-0.68998
-0.70566
-0.67117
-0.69848
-0.66311
-0.70604
-0.7333
-0.745
36.8369
-0.71527
-0.66443
-0.72418
-0.68813
-0.70069
-0.70359
-0.70246
-0.70067
-0.74007
-0.72913
-0.73387
-0.7634
-0.72778
-0.7369
-0.76622
-0.74136
-0.7668
-0.72585
-0.77292
-0.81046
-0.82509
-0.80061
-0.75411
-0.86027
-0.81691
-0.86759
0
-0.87077
0
0
0
0
-0.8582
0
0
0
0
0
0
0
0
0
0
0
0
0
0
0
0
0
0
0
0
0
0
0
0
0
0
0
0
0
0
0
0
0
0
0
0
0
0
0
0
0
0
0
0
0
0
0
0
0
0
0
0
0
0
0
0
0
0
0
0
0
0
0
0
0
0
0
0
-0.68642
-0.66786
-0.68216
-0.6798
-0.70222
-0.68972
-0.687
-0.6702
-0.66236
-0.64166
-0.7074
-0.68213
-0.6451
-0.65748
-0.65615
-0.67052
-0.63756
-0.66265
-0.62827
-0.66378
-0.69491
-0.73079
-0.71527
38.3025
-0.64433
-0.69078
-0.6688
-0.66989
-0.67505
-0.67255
-0.67133
-0.67989
-0.69067
-0.69727
-0.72575
-0.69141
-0.69681
-0.73106
-0.70524
-0.71713
-0.68698
-0.72915
-0.77213
-0.78602
-0.76283
-0.71781
-0.82183
-0.77447
-0.82904
0
-0.83328
0
0
0
0
0
0
0
0
0
0
0
0
0
0
0
0
0
0
0
0
0
0
0
0
0
0
0
0
0
0
0
0
0
0
0
0
0
0
0
0
0
0
-4.0396
0
0
0
0
0
0
0
0
0
0
0
0
0
0
0
0
0
0
0
0
0
0
0
0
0
0
0
0
0
0
-0.66324
-0.64517
-0.65953
-0.65687
-0.679
-0.66649
-0.66427
-0.64718
-0.64064
-0.62097
-0.68217
-0.65665
-0.62145
-0.63003
-0.63194
-0.64677
-0.61377
-0.63938
-0.60562
-0.64393
-0.67119
-0.68275
-0.66443
-0.64433
35.1247
-0.65867
-0.62235
-0.63837
-0.64843
-0.64636
-0.64283
-0.67267
-0.65739
-0.66615
-0.69428
-0.66579
-0.63167
-0.7027
-0.6797
-0.68703
-0.65941
-0.70021
-0.74341
-0.75644
-0.73472
-0.69051
-0.79311
0
-0.80115
0
0
0
0
0
0
0
0
0
0
0
0
0
0
0
0
0
0
0
0
0
0
0
0
0
0
0
0
0
0
0
0
0
0
0
0
0
0
0
0
0
0
0
0
0
0
0
0
0
0
0
0
0
0
0
0
-3.7535
0
0
0
0
0
0
0
0
0
0
0
0
0
0
0
0
0
0
-0.70766
-0.68705
-0.70182
-0.70051
-0.72368
-0.70985
-0.70708
-0.68903
-0.6826
-0.66142
-0.72803
-0.7024
-0.66386
-0.67406
-0.67516
-0.69044
-0.65772
-0.68718
-0.6333
-0.69148
-0.723
-0.73902
-0.72418
-0.69078
-0.65867
40.5124
-0.68215
-0.66393
-0.69019
-0.66919
-0.68824
-0.70765
-0.70777
-0.71386
-0.74229
-0.70902
-0.71348
-0.7479
-0.7223
-0.73439
-0.70577
-0.75067
-0.79029
-0.80504
-0.78083
-0.7359
-0.84143
0
0
0
0
0
0
0
0
0
0
0
0
0
0
0
0
0
0
0
0
0
0
0
0
0
0
0
0
0
0
0
-2.9706
0
0
0
0
0
0
0
0
0
0
0
0
0
0
0
0
0
0
0
0
0
0
0
0
0
0
0
0
0
0
0
0
-4.9295
0
0
0
0
0
0
0
0
0
0
0
0
-0.68571
-0.66664
-0.68057
-0.67855
-0.701
-0.68699
-0.68515
-0.66944
-0.66131
-0.64174
-0.70368
-0.67786
-0.64285
-0.65119
-0.65243
-0.66811
-0.63441
-0.66073
-0.62421
-0.66662
-0.69421
-0.70945
-0.68813
-0.6688
-0.62235
-0.68215
35.9478
-0.65943
-0.66624
-0.66094
-0.66013
-0.70661
-0.64734
-0.68938
-0.7173
-0.68392
-0.69299
-0.72298
-0.69928
-0.71619
-0.68344
-0.7304
-0.76643
-0.78107
-0.75722
-0.71128
-0.8164
0
-0.82465
0
0
0
0
0
0
0
0
0
0
0
0
0
0
0
0
0
0
0
0
0
0
0
0
0
0
0
0
0
0
0
0
0
0
0
0
0
0
0
0
0
0
0
0
0
-3.5499
0
0
0
0
0
0
0
0
0
0
0
0
0
0
0
0
0
0
0
0
0
0
0
0
0
0
0
0
0
-0.68405
-0.66322
-0.67695
-0.67504
-0.69746
-0.68596
-0.68217
-0.66772
-0.66055
-0.63997
-0.69184
-0.67866
-0.64197
-0.65199
-0.65402
-0.66914
-0.63307
-0.66223
-0.61099
-0.66961
-0.69782
-0.71461
-0.70069
-0.66989
-0.63837
-0.66393
-0.65943
39.6965
-0.66713
-0.64624
-0.66243
-0.67707
-0.68155
-0.68846
-0.71518
-0.68288
-0.68881
-0.72102
-0.69566
-0.70814
-0.6828
-0.71934
-0.76282
-0.7767
-0.75377
0
0
0
0
0
0
0
0
0
0
0
0
0
0
0
0
0
0
0
0
0
0
0
0
0
0
0
0
0
0
-2.8376
0
0
-2.9304
0
0
0
0
0
0
0
0
0
0
0
0
0
0
0
0
-3.9572
0
0
0
0
0
0
0
0
0
0
0
0
0
0
0
0
0
0
0
0
0
0
0
0
0
0
0
0
-0.69446
-0.67577
-0.69028
-0.68744
-0.70973
-0.69721
-0.6947
-0.67815
-0.67028
-0.65038
-0.71333
-0.6872
-0.65145
-0.66019
-0.66235
-0.67668
-0.64273
-0.66918
-0.63474
-0.67404
-0.7033
-0.71871
-0.70359
-0.67505
-0.64843
-0.69019
-0.66624
-0.66713
32.0281
-0.67278
-0.67298
-0.69623
-0.69549
-0.69651
-0.73214
-0.69447
-0.70433
-0.73192
-0.70343
-0.726
-0.69412
-0.74294
-0.77439
-0.78758
-0.76496
-0.71964
-0.82531
0
0
0
0
0
0
0
0
0
0
0
0
0
0
0
0
0
0
0
0
0
0
0
0
0
0
0
0
0
0
0
0
0
0
0
0
0
0
0
0
0
0
0
0
0
0
0
0
0
0
0
0
0
0
0
0
0
0
0
0
0
0
0
0
0
0
0
0
0
0
0
0
0
0
0
0
0
-0.69211
-0.6729
-0.68655
-0.68485
-0.70706
-0.69533
-0.69175
-0.67406
-0.66749
-0.64718
-0.71011
-0.68475
-0.64797
-0.65746
-0.65855
-0.67368
-0.64009
-0.66614
-0.61728
-0.67096
-0.70164
-0.71834
-0.70246
-0.67255
-0.64636
-0.66919
-0.66094
-0.64624
-0.67278
34.0445
-0.65338
-0.69749
-0.68996
-0.69559
-0.72374
-0.69076
-0.69944
-0.72683
-0.70205
-0.72601
-0.69156
-0.73265
-0.76995
-0.78604
-0.75876
0
0
0
0
0
0
-0.85923
0
0
0
0
0
0
0
0
0
0
0
0
0
0
0
0
0
0
0
0
0
0
0
0
0
0
-2.9043
0
0
0
0
0
0
0
0
0
0
0
0
0
0
0
0
0
0
0
0
0
0
0
0
0
0
0
0
0
0
0
0
0
0
0
0
0
0
0
0
0
0
0
0
0
-0.6911
-0.67207
-0.68693
-0.68428
-0.707
-0.65392
-0.69171
-0.6751
-0.66764
-0.6475
-0.70982
-0.68351
-0.64804
-0.65619
-0.65943
-0.67419
-0.63989
-0.66661
-0.63233
-0.67158
-0.69997
-0.71703
-0.70067
-0.67133
-0.64283
-0.68824
-0.66013
-0.66243
-0.67298
-0.65338
33.8127
-0.69611
-0.68217
-0.69112
-0.7219
-0.6868
-0.69664
-0.72505
-0.69717
-0.71572
-0.68938
-0.7269
-0.76803
-0.78095
0
0
0
0
0
0
0
0
0
0
0
0
0
0
0
0
0
0
0
0
0
0
0
0
0
0
0
0
0
0
0
0
0
0
0
0
0
0
0
0
0
0
0
0
0
0
0
0
0
0
0
0
0
0
0
-4.3469
0
0
0
0
0
0
0
0
0
0
0
0
0
0
0
0
0
0
0
0
0
0
0
0
-0.70552
-0.68421
-0.69969
-0.69701
-0.72059
-0.7104
-0.71004
-0.69224
-0.68185
-0.66459
-0.72874
-0.70157
-0.6598
-0.66841
-0.67462
-0.69272
-0.65878
-0.68471
-0.64619
-0.6891
-0.71894
-0.75291
-0.74007
-0.67989
-0.67267
-0.70765
-0.70661
-0.67707
-0.69623
-0.69749
-0.69611
36.4291
-0.69269
-0.71058
-0.73153
-0.70755
0
-0.73975
0
0
0
0
0
0
0
0
0
0
0
0
0
0
0
0
0
-0.83589
0
0
0
0
0
0
0
0
0
0
0
0
0
0
0
0
0
0
-3.1682
0
0
0
0
0
0
0
0
0
0
0
0
0
0
0
0
0
0
0
0
0
0
-3.7813
0
0
0
0
0
0
0
0
0
0
0
0
0
0
0
-3.5451
0
0
0
0
0
0
0
0
0
0
-0.71666
-0.696
-0.70932
-0.7071
-0.73016
-0.71638
-0.7136
-0.69823
-0.68982
-0.66922
-0.7339
-0.70675
-0.67
-0.67873
-0.66381
-0.69689
-0.66268
-0.6892
-0.64888
-0.69394
-0.72308
-0.74569
-0.72913
-0.69067
-0.65739
-0.70777
-0.64734
-0.68155
-0.69549
-0.68996
-0.68217
-0.69269
33.2427
-0.71953
-0.74188
-0.71156
-0.71757
-0.74821
-0.71726
0
0
0
0
0
0
0
0
0
0
0
0
0
0
0
0
0
0
0
0
0
0
0
0
0
0
0
0
0
0
0
0
0
0
0
0
0
0
0
0
0
0
0
0
0
0
-3.1552
0
0
0
0
0
0
0
0
-3.4972
0
0
0
0
0
0
0
0
0
0
0
0
0
0
0
0
0
0
0
0
0
0
0
0
0
0
0
0
0
-0.72062
-0.70314
-0.7165
-0.71206
-0.73677
-0.7229
-0.72156
-0.70292
-0.69643
-0.67558
-0.73982
-0.71327
-0.67651
-0.6853
-0.68717
-0.70303
-0.66918
-0.69533
-0.65837
-0.69985
-0.72838
-0.74978
-0.73387
-0.69727
-0.66615
-0.71386
-0.68938
-0.68846
-0.69651
-0.69559
-0.69112
-0.71058
-0.71953
30.4226
-0.77516
-0.71267
-0.72424
-0.75389
-0.71814
0
0
0
0
0
0
0
0
0
0
0
0
0
0
0
0
0
0
0
0
0
0
0
0
0
0
0
0
0
0
0
0
0
0
0
0
0
0
0
0
0
0
0
0
0
0
0
0
0
0
0
0
0
0
0
0
0
0
0
0
0
0
-3.5218
0
0
0
0
0
0
0
0
0
0
0
0
0
0
0
0
0
0
0
0
0
0
-0.75059
-0.72975
-0.74584
-0.74085
-0.7657
-0.73811
-0.75048
-0.73271
-0.72433
-0.70298
-0.7689
-0.74288
-0.70544
-0.71328
-0.71637
-0.73119
-0.69628
-0.7234
-0.66543
-0.72837
-0.75879
-0.77949
-0.7634
-0.72575
-0.69428
-0.74229
-0.7173
-0.71518
-0.73214
-0.72374
-0.7219
-0.73153
-0.74188
-0.77516
31.3973
-0.75742
-0.76657
-0.7865
-0.75281
0
0
0
0
0
0
0
0
0
0
0
0
0
0
0
0
0
0
0
0
0
0
0
0
0
0
0
0
0
0
0
0
0
0
0
0
0
0
0
0
0
0
0
-3.4382
0
0
0
0
0
0
0
0
0
0
0
0
0
0
0
0
0
0
0
0
0
0
0
0
0
0
0
0
0
0
0
0
0
0
0
0
0
0
0
0
0
-0.71665
-0.69738
-0.70961
-0.67753
-0.72995
-0.71551
-0.7145
-0.69714
-0.68966
-0.66885
-0.72696
-0.70687
-0.66955
-0.67883
-0.68135
-0.69632
-0.66262
-0.68865
-0.65225
-0.69384
-0.72282
-0.74361
-0.72778
-0.69141
-0.66579
-0.70902
-0.68392
-0.68288
-0.69447
-0.69076
-0.6868
-0.70755
-0.71156
-0.71267
-0.75742
29.4586
0
-0.73631
-0.69984
0
0
0
0
0
0
0
0
0
0
0
0
0
0
0
0
0
0
0
0
0
0
0
0
0
0
0
0
0
0
0
0
0
0
0
0
0
0
0
0
0
0
0
0
0
0
0
0
0
0
0
0
0
0
0
0
0
-3.56
0
0
0
0
0
0
0
0
0
0
0
0
0
0
0
0
0
0
0
0
0
0
0
0
0
0
0
-0.7155
-0.69856
-0.71412
-0.71254
-0.7349
-0.72141
-0.72096
-0.70256
-0.69615
-0.67506
-0.74012
-0.71248
-0.67568
-0.6848
-0.68607
-0.70291
-0.66807
-0.69532
-0.65787
-0.70023
-0.72907
-0.75337
-0.7369
-0.69681
-0.63167
-0.71348
-0.69299
-0.68881
-0.70433
-0.69944
-0.69664
0
-0.71757
-0.72424
-0.76657
0
29.7046
0
0
0
0
0
0
0
0
0
0
0
0
0
0
0
0
0
0
0
0
0
0
0
0
0
-1.231
0
0
0
0
0
0
0
0
0
0
0
0
0
0
0
0
0
0
0
0
0
0
0
0
0
0
-0.81018
0
0
0
0
0
0
0
0
0
0
0
0
0
0
0
-3.6963
0
0
0
0
0
0
0
0
0
0
0
0
0
0
0
0
0
0
-0.75623
-0.73562
-0.75008
-0.74607
-0.76944
-0.75674
-0.75422
-0.73666
-0.72819
-0.70692
-0.77369
-0.74638
-0.70836
-0.7178
-0.72031
-0.73445
-0.70112
-0.72652
-0.69091
-0.73077
-0.7629
-0.78184
-0.76622
-0.73106
-0.7027
-0.7479
-0.72298
-0.72102
-0.73192
-0.72683
-0.72505
-0.73975
-0.74821
-0.75389
-0.7865
-0.73631
0
26.5755
0
0
0
0
0
0
0
0
0
0
0
0
0
0
0
0
0
0
0
0
0
0
0
0
0
0
0
0
0
0
0
0
0
0
0
0
0
0
0
0
0
0
0
0
0
0
0
0
0
0
0
0
0
0
0
0
0
0
0
0
0
0
0
0
0
0
0
0
0
0
0
0
0
0
0
0
0
0
0
0
0
0
0
0
0
0
-0.73263
-0.7128
-0.72178
-0.72371
-0.74652
-0.73465
-0.72779
-0.7127
-0.70589
-0.68462
-0.75076
-0.71798
-0.68203
-0.69073
-0.6966
-0.71202
-0.67868
-0.7042
-0.66779
-0.70824
-0.7375
-0.75609
-0.74136
-0.70524
-0.6797
-0.7223
-0.69928
-0.69566
-0.70343
-0.70205
-0.69717
0
-0.71726
-0.71814
-0.75281
-0.69984
0
0
27.2996
0
0
0
0
0
0
0
0
0
0
0
0
0
0
0
0
0
0
0
0
0
0
0
0
0
0
0
0
0
0
-2.3597
0
0
0
0
0
0
0
0
0
0
0
0
0
0
0
0
0
0
0
0
0
0
0
0
0
0
0
0
0
0
0
0
0
0
0
0
0
0
0
0
0
0
0
0
0
0
0
0
0
0
0
0
0
0
-0.73569
-0.72298
-0.73506
-0.74061
-0.75918
-0.74017
-0.74325
-0.72363
-0.71234
-0.69639
-0.7546
-0.73422
-0.69694
-0.70539
-0.7087
-0.72517
-0.68776
-0.71739
-0.67769
-0.72354
-0.75263
-0.78269
-0.7668
-0.71713
-0.68703
-0.73439
-0.71619
-0.70814
-0.726
-0.72601
-0.71572
0
0
0
0
0
0
0
0
33.3395
0
0
0
0
0
0
0
0
0
0
0
0
0
0
-0.93268
0
0
0
0
0
0
0
0
0
-2.0222
0
0
0
0
0
0
0
0
0
0
0
0
0
0
0
0
0
0
0
0
0
0
0
0
0
0
0
0
0
0
0
0
0
0
0
0
-3.5297
0
0
0
0
0
0
0
0
-4.3814
0
0
0
0
0
0
0
0
0
0
0
0
0
-0.66515
-0.65464
-0.69786
-0.70275
-0.72368
-0.71101
-0.70803
-0.69232
-0.68426
-0.66311
-0.72689
-0.70151
-0.66498
-0.67497
-0.6775
-0.69095
-0.65764
-0.68351
-0.64794
-0.68851
-0.72008
-0.74197
-0.72585
-0.68698
-0.65941
-0.70577
-0.68344
-0.6828
-0.69412
-0.69156
-0.68938
0
0
0
0
0
0
0
0
0
27.7782
0
0
0
0
-0.70993
0
0
0
0
0
0
0
0
0
0
0
0
0
0
0
0
0
0
0
0
0
0
-2.2995
0
0
0
0
0
0
0
0
0
0
0
0
0
0
0
-3.3702
0
0
0
0
0
0
0
0
0
0
0
0
0
0
0
0
0
0
0
0
0
0
0
0
0
0
0
0
0
0
0
0
0
0
0
0
0
0
0
-0.75225
-0.73472
-0.74906
-0.74679
-0.76988
-0.75368
-0.75252
-0.73606
-0.72848
-0.70706
-0.77169
-0.74474
-0.70769
-0.71718
-0.71687
-0.7355
-0.63981
-0.72741
-0.68857
-0.73334
-0.7636
-0.7892
-0.77292
-0.72915
-0.70021
-0.75067
-0.7304
-0.71934
-0.74294
-0.73265
-0.7269
0
0
0
0
0
0
0
0
0
0
31.3793
0
0
0
0
0
0
0
0
0
0
0
0
0
0
-0.9295
0
0
0
0
0
0
0
0
0
0
0
0
0
0
0
0
0
0
0
0
0
0
0
0
-3.2761
0
0
0
0
0
0
0
0
0
0
0
0
0
0
0
0
0
0
0
0
0
0
-4.4024
0
0
0
0
0
0
0
0
0
0
0
0
0
0
0
0
0
0
0
-0.79704
-0.7762
-0.79148
-0.7882
-0.81174
-0.79898
-0.79594
-0.77792
-0.76925
-0.7468
-0.81571
-0.78738
-0.74862
-0.75814
-0.76114
-0.7754
-0.74068
-0.76731
-0.73115
-0.77233
-0.80577
-0.82673
-0.81046
-0.77213
-0.74341
-0.79029
-0.76643
-0.76282
-0.77439
-0.76995
-0.76803
0
0
0
0
0
0
0
0
0
0
0
25.0896
0
0
0
0
0
0
0
0
0
0
-0.98781
0
0
0
0
0
0
0
0
0
0
0
0
0
0
0
0
0
0
0
0
0
0
0
0
0
0
0
0
0
0
0
0
0
0
0
0
0
0
0
0
0
0
0
0
0
0
0
0
0
0
0
0
0
0
0
0
0
0
0
0
0
0
0
0
0
0
0
0
0
0
-0.80852
-0.7912
-0.80693
-0.80369
-0.82793
-0.8142
-0.81224
-0.79363
-0.78567
-0.76281
-0.83271
-0.80407
-0.76492
-0.7749
-0.77627
-0.79217
-0.75667
-0.78415
-0.7462
-0.78908
-0.82059
-0.84124
-0.82509
-0.78602
-0.75644
-0.80504
-0.78107
-0.7767
-0.78758
-0.78604
-0.78095
0
0
0
0
0
0
0
0
0
0
0
0
25.9373
0
0
0
0
0
0
0
0
0
0
0
0
0
0
0
0
0
0
-1.3625
0
0
0
0
0
0
0
0
0
0
0
0
0
0
0
0
0
0
0
0
0
0
0
0
0
0
0
0
0
0
0
0
0
0
0
0
0
0
0
0
0
0
0
0
0
0
0
0
0
0
0
0
0
0
0
0
0
0
0
0
0
-0.78861
-0.76811
-0.78302
-0.7798
-0.80262
-0.79189
-0.78705
-0.7696
-0.76095
-0.73944
-0.80701
-0.77918
-0.74092
-0.75029
-0.75277
-0.76761
-0.73349
-0.75963
-0.72355
-0.76359
-0.79597
-0.81602
-0.80061
-0.76283
-0.73472
-0.78083
-0.75722
-0.75377
-0.76496
-0.75876
0
0
0
0
0
0
0
0
0
0
0
0
0
0
24.0123
0
0
0
0
0
0
0
0
0
0
-0.9375
0
0
0
0
0
0
0
0
0
0
0
0
0
0
0
0
0
0
0
0
0
0
0
0
0
0
0
0
0
0
0
0
0
0
0
0
0
0
0
0
0
0
0
0
0
0
0
0
0
0
0
0
0
0
0
0
0
0
0
0
0
0
0
0
0
0
0
0
-0.73629
-0.71551
-0.73131
-0.7324
-0.75465
-0.74383
-0.73962
-0.72297
-0.70948
-0.69372
-0.75971
-0.73289
-0.69503
-0.70432
-0.70618
-0.72104
-0.68767
-0.71336
-0.67823
-0.71819
-0.7487
-0.76937
-0.75411
-0.71781
-0.69051
-0.7359
-0.71128
0
-0.71964
0
0
0
0
0
0
0
0
0
0
0
-0.70993
0
0
0
0
24.2987
0
0
0
0
0
0
0
0
0
0
0
0
0
0
0
-1.3465
0
0
-1.9986
0
0
0
0
0
0
0
0
0
0
0
0
0
0
0
0
0
0
0
0
0
0
0
0
0
0
0
0
0
0
0
0
0
0
0
0
0
0
0
0
0
0
0
0
0
0
0
0
0
0
0
0
0
0
0
0
0
0
0
-0.84725
-0.82614
-0.84208
-0.83844
-0.86254
-0.85108
-0.84659
-0.82793
-0.81883
-0.79613
-0.86718
-0.83781
-0.79812
-0.80777
-0.81064
-0.82554
-0.78989
-0.81757
-0.78112
-0.82308
-0.85627
-0.87738
-0.86027
-0.82183
-0.79311
-0.84143
-0.8164
0
-0.82531
0
0
0
0
0
0
0
0
0
0
0
0
0
0
0
0
0
23.2077
0
0
0
0
0
0
0
0
0
0
0
0
0
0
0
0
0
0
0
0
0
0
0
0
0
0
0
0
0
0
0
0
0
0
0
0
0
0
0
0
0
0
0
0
0
0
0
0
0
0
0
0
0
0
0
0
0
0
0
0
0
0
0
0
0
0
0
0
0
0
0
0
0
0
0
0
0
-0.75431
-0.76933
-0.78613
-0.78804
-0.81113
-0.79795
-0.79374
-0.77196
-0.76935
-0.74644
-0.81443
-0.78439
-0.74488
-0.7565
-0.74033
-0.77649
-0.73922
-0.76883
-0.73431
-0.77482
-0.7497
-0.83514
-0.81691
-0.77447
0
0
0
0
0
0
0
0
0
0
0
0
0
0
0
0
0
0
0
0
0
0
0
29.5809
0
0
0
0
0
0
0
0
0
0
0
0
0
0
0
0
0
0
0
0
0
0
0
0
0
0
0
0
0
0
0
0
-3.0079
0
0
0
0
0
0
0
0
0
-3.8288
0
0
0
0
0
0
0
0
0
0
0
-4.1454
0
0
0
0
0
0
0
0
0
0
0
0
0
0
0
0
0
0
0
0
0
-0.85424
-0.8329
-0.84909
-0.84533
-0.86961
-0.85831
-0.85369
-0.83484
-0.82556
-0.80249
-0.87428
-0.8444
-0.80432
-0.81402
-0.81716
-0.83226
-0.79593
-0.82398
-0.78869
-0.83011
-0.86378
-0.88485
-0.86759
-0.82904
-0.80115
0
-0.82465
0
0
0
0
0
0
0
0
0
0
0
0
0
0
0
0
0
0
0
0
0
21.7223
0
0
0
0
0
0
0
0
0
0
0
0
0
0
0
0
0
0
0
0
0
0
0
0
0
0
0
0
0
0
0
0
0
0
0
0
0
0
0
0
0
0
0
0
0
0
0
0
0
0
0
0
0
0
0
0
0
0
0
0
0
0
0
0
0
0
0
0
0
0
0
0
0
0
0
-0.78196
-0.75982
-0.77584
-0.77394
-0.7976
-0.78371
-0.78141
-0.76404
-0.75248
-0.73496
-0.80652
-0.77791
-0.73171
-0.74542
-0.74485
-0.76893
-0.73068
-0.76155
-0.71849
-0.76781
-0.79883
-0.82709
0
0
0
0
0
0
0
0
0
0
0
0
0
0
0
0
0
0
0
0
0
0
0
0
0
0
0
28.3242
0
0
0
0
0
0
0
0
0
0
0
0
0
0
0
0
0
0
0
0
0
0
0
0
-3.0283
0
0
0
0
0
0
0
0
0
0
0
0
0
0
0
0
0
0
-3.7295
0
0
0
0
0
0
0
0
0
0
0
0
0
0
0
0
0
0
0
0
0
0
0
0
0
0
-4.6808
0
0
0
-0.85245
-0.83039
-0.8452
-0.84273
-0.86643
-0.86261
-0.85931
-0.84043
-0.83228
-0.80947
-0.87893
-0.8481
-0.80961
-0.81801
-0.82321
-0.83936
-0.80529
-0.83052
-0.79372
-0.83508
-0.86722
-0.88761
-0.87077
-0.83328
0
0
0
0
0
0
0
0
0
0
0
0
0
0
0
0
0
0
0
0
0
0
0
0
0
0
23.7343
0
0
0
0
0
0
0
0
0
0
0
0
0
0
0
0
0
0
0
0
0
0
0
0
0
0
0
0
0
0
0
0
0
0
0
0
0
0
0
0
0
0
0
0
0
0
-3.5522
0
0
0
0
0
0
0
0
0
0
0
0
0
0
0
0
0
0
0
0
0
0
0
0
0
0
-0.88199
-0.85822
-0.87671
-0.87242
-0.89837
-0.88638
-0.88052
-0.80823
-0.85375
-0.83041
-0.899
-0.87356
-0.82454
-0.84019
-0.79864
-0.86102
-0.82234
-0.85254
-0.81663
-0.85737
0
0
0
0
0
0
0
0
0
-0.85923
0
0
0
0
0
0
0
0
0
0
0
0
0
0
0
0
0
0
0
0
0
26.3747
0
0
0
0
0
0
0
0
0
0
0
0
0
0
0
-2.4237
0
0
0
0
0
0
0
0
0
0
0
0
-2.6312
0
0
0
0
0
0
-3.3677
0
0
0
0
0
0
0
0
0
0
0
0
0
0
0
0
0
0
0
0
0
0
0
0
0
0
0
0
0
0
0
0
0
0
0
0
-0.72036
-0.74301
-0.76045
-0.75783
-0.78268
-0.77439
-0.7696
-0.75322
-0.7459
-0.72537
-0.74988
-0.76453
-0.71709
-0.73271
-0.71911
-0.75459
-0.71683
-0.7468
0
-0.75281
0
0
0
0
0
0
0
0
0
0
0
0
0
0
0
0
0
0
0
0
0
0
0
0
0
0
0
0
0
0
0
0
24.737
0
0
0
0
0
0
0
0
0
0
0
0
0
0
-2.1049
0
0
0
-2.0018
0
0
0
0
0
0
0
0
0
0
0
0
0
0
-2.9668
0
-3.4763
0
0
0
0
0
0
0
0
0
0
0
0
0
0
0
0
0
0
0
0
0
0
0
0
0
0
0
0
0
0
0
0
0
0
0
-0.90088
-0.87934
-0.8985
-0.89452
-0.9198
-0.90699
-0.90337
-0.88415
-0.87499
-0.851
-0.92145
-0.89399
-0.85266
-0.86077
-0.86251
-0.88153
-0.84296
-0.87255
-0.83563
-0.87964
0
0
0
0
0
0
0
0
0
0
0
0
0
0
0
0
0
0
0
0
0
0
-0.98781
0
0
0
0
0
0
0
0
0
0
20.5971
0
0
0
0
0
0
0
0
0
0
0
0
0
0
0
0
0
0
0
0
0
0
0
0
0
0
0
0
0
0
0
0
0
0
0
0
0
-1.9921
0
0
0
0
0
0
0
0
0
0
0
0
0
0
0
0
0
0
0
0
0
0
0
0
0
0
0
0
0
0
0
0
-0.90949
-0.90285
-0.91973
-0.91245
-0.94905
-0.93283
-0.93202
-0.91179
-0.90641
-0.87965
-0.93245
-0.92009
-0.88121
-0.88959
-0.89557
-0.91007
-0.87094
-0.90099
0
0
0
0
0
0
0
0
0
0
0
0
0
0
0
0
0
0
0
0
0
-0.93268
0
0
0
0
0
0
0
0
0
0
0
0
0
0
22.3863
0
0
0
0
0
0
0
0
0
0
0
0
0
-2.4689
0
0
0
-2.6276
0
0
0
0
0
0
0
0
0
0
0
0
0
0
0
0
0
0
0
0
0
0
0
0
0
0
0
0
0
0
0
0
0
0
0
0
0
0
0
0
0
0
0
0
0
0
0
0
0
0
0
-0.84241
-0.82003
-0.83825
-0.83556
-0.85994
-0.84866
-0.84406
-0.82533
-0.81633
-0.7941
-0.86402
-0.83414
-0.79411
-0.80303
0
-0.82381
-0.78704
-0.81525
0
0
0
0
-0.8582
0
0
0
0
0
0
0
0
-0.83589
0
0
0
0
0
0
0
0
0
0
0
0
-0.9375
0
0
0
0
0
0
0
0
0
0
19.8401
0
0
0
0
0
0
0
0
0
0
0
0
0
0
0
0
0
0
0
0
0
0
0
0
0
0
0
0
0
0
0
0
0
0
0
0
0
0
0
0
0
0
0
0
0
0
0
0
0
0
0
0
0
0
0
0
0
0
0
-3.1625
0
0
0
0
0
0
0
0
-0.90625
-0.88083
-0.89453
-0.89199
-0.9158
-0.91034
-0.898
-0.88707
-0.87963
-0.85602
-0.92621
-0.89872
-0.8549
-0.86708
-0.87191
-0.88614
-0.84412
-0.87746
0
0
-0.91441
0
0
0
0
0
0
0
0
0
0
0
0
0
0
0
0
0
0
0
0
-0.9295
0
0
0
0
0
0
0
0
0
0
0
0
0
0
21.3409
0
0
0
0
0
0
0
0
0
0
0
0
0
0
0
0
0
0
0
0
0
0
0
0
0
0
0
0
0
0
0
0
0
0
0
0
0
0
-3.55
0
0
0
0
0
0
0
0
0
0
0
0
0
0
0
0
0
0
0
0
0
0
0
0
0
0
0
0
-0.76272
-0.80425
-0.82117
-0.82513
-0.84473
-0.83458
-0.82779
-0.81355
-0.80269
-0.77849
-0.849
-0.81947
-0.77994
-0.79186
-0.79506
-0.80814
-0.77459
-0.79944
0
-0.80548
0
0
0
0
0
0
0
0
0
0
0
0
0
0
0
0
0
0
0
0
0
0
0
0
0
0
0
0
0
0
0
0
0
0
0
0
0
18.4937
0
0
0
0
0
0
0
0
0
0
0
0
0
0
0
0
0
0
0
0
0
0
0
0
0
0
0
0
0
0
0
0
-3.1556
0
0
0
0
0
0
0
0
0
0
0
0
0
0
0
0
0
0
0
0
0
0
0
0
0
0
0
0
0
0
0
0
0
-0.89395
-0.87294
-0.89076
-0.88436
-0.90859
-0.89842
-0.89509
-0.87355
-0.86228
-0.84076
-0.9117
-0.8846
-0.84126
-0.85158
-0.85513
-0.87006
-0.83395
-0.8615
-0.82667
-0.86692
0
0
0
0
0
0
0
0
0
0
0
0
0
0
0
0
0
0
0
0
0
0
0
0
0
0
0
0
0
0
0
0
0
0
0
0
0
0
17.4241
0
0
0
0
0
0
0
0
0
0
0
0
0
0
0
0
0
0
0
0
0
0
0
0
0
0
0
0
0
0
0
0
0
0
0
0
0
0
0
0
0
0
0
0
0
0
0
0
0
0
0
0
0
0
0
0
0
0
0
0
0
0
0
0
0
-1.0506
-1.0231
-1.0438
-1.0418
-1.0691
-1.0552
-1.0534
-1.0325
-1.0217
-0.99656
0
-1.056
0
0
0
0
0
0
0
0
0
0
0
0
0
0
0
0
0
0
0
0
0
0
0
0
0
0
0
0
0
0
0
0
0
0
0
0
0
0
0
0
0
0
0
0
0
0
0
16.9192
0
0
0
0
0
0
0
0
0
0
0
0
0
0
0
-2.4456
0
0
0
0
0
0
0
0
0
0
0
0
0
0
0
0
0
-3.0296
0
0
0
0
0
0
0
0
0
0
0
0
0
0
0
0
0
0
0
0
0
0
0
0
0
0
0
0
0
0
-1.1053
-1.0786
-1.1028
-1.1015
-1.13
-1.1116
-1.1095
-1.0861
-1.0791
-1.0545
0
0
0
0
0
-1.0885
0
0
0
0
0
0
0
0
0
0
0
0
0
0
0
0
0
0
0
0
0
0
0
0
0
0
0
0
0
0
0
0
0
0
0
0
0
0
0
0
0
0
0
0
20.1911
0
0
0
0
0
0
0
0
0
0
0
0
0
0
0
0
0
0
0
0
0
0
0
0
0
0
0
0
0
0
0
0
0
0
0
0
0
0
0
0
0
0
0
0
0
0
0
0
0
0
-4.1645
0
0
-3.9793
0
0
0
0
0
0
0
0
0
-1.3023
-1.2773
-1.2982
-1.2972
-1.326
0
-1.3102
0
0
0
0
0
0
0
0
0
0
0
0
0
0
0
0
0
0
0
0
0
0
0
0
0
0
0
0
0
0
0
0
0
0
0
0
0
0
-1.3465
0
0
0
0
0
0
0
0
0
0
0
0
0
0
0
19.3215
0
0
0
0
0
0
0
0
0
0
0
0
0
0
0
0
0
0
0
0
0
0
0
0
0
0
0
0
0
0
0
0
0
-3.3523
0
0
-3.0866
0
0
0
0
-3.7249
0
0
0
0
0
0
0
0
0
0
0
0
0
0
0
0
0
0
0
0
-1.1606
-1.2021
-1.227
-1.2243
-1.2558
0
0
0
0
0
0
0
0
0
0
0
0
0
0
0
0
0
0
0
0
0
0
0
0
0
0
0
0
0
0
0
-1.231
0
0
0
0
0
0
-1.3625
0
0
0
0
0
0
0
0
0
0
0
0
0
0
0
0
0
0
18.0913
0
0
0
0
0
0
0
0
0
0
0
0
0
-2.4038
0
0
0
0
0
0
0
0
0
0
0
-3.2751
0
0
0
0
0
0
0
0
0
0
0
-3.7491
0
0
0
0
0
0
0
0
0
0
0
0
0
0
0
0
0
0
0
0
0
0
0
-1.6001
-1.5734
-1.5964
-1.592
-1.6213
-1.6078
-1.6005
-1.5756
-1.5629
-1.5305
0
0
0
0
0
0
0
0
0
0
0
0
0
0
0
0
0
0
0
0
0
0
0
0
0
0
0
0
0
0
0
0
0
0
0
0
0
0
0
0
0
0
0
0
0
0
0
0
0
0
0
0
0
15.8606
0
0
0
0
0
0
0
0
0
0
0
0
0
0
0
0
0
0
0
0
0
0
0
0
0
0
0
0
0
0
0
0
0
0
0
0
0
0
0
0
0
0
0
0
0
0
0
0
0
0
0
0
0
0
0
0
0
0
0
0
0
0
0
0
0
0
0
0
-2.0376
0
0
0
0
0
0
0
0
0
0
0
0
0
0
0
0
0
0
0
0
0
0
0
0
0
0
0
0
0
0
-2.0222
0
0
0
0
0
-1.9986
0
0
0
0
0
0
0
0
0
0
0
0
0
0
0
0
0
0
15.6967
0
-2.5741
0
0
0
0
0
0
0
-3.088
0
0
0
0
0
0
0
0
0
0
0
0
0
0
0
0
0
0
0
0
0
0
0
0
0
0
0
0
0
0
0
-3.9762
0
0
0
0
0
0
0
0
0
0
0
0
0
0
0
0
0
-2.1756
-2.1422
-2.1658
-2.164
-2.1947
0
0
0
0
0
0
0
0
0
0
0
0
0
0
0
0
0
0
0
0
0
0
0
0
0
0
0
0
0
0
0
0
0
0
0
0
0
0
0
0
0
0
0
0
0
0
0
0
0
0
0
0
0
0
0
0
0
0
0
0
14.3061
0
0
0
0
0
0
0
0
0
0
0
0
0
0
0
0
0
0
0
0
0
0
0
0
0
0
0
0
0
0
0
-3.4637
0
0
0
0
0
0
0
0
0
0
0
0
0
0
0
0
0
0
0
0
0
0
0
0
0
0
-2.3137
-2.3304
-2.3929
0
0
0
0
0
0
0
0
0
0
0
0
0
0
0
0
0
0
0
0
0
0
0
0
0
0
0
0
0
0
0
0
0
0
0
0
0
0
0
0
0
0
0
0
0
0
0
0
0
0
0
0
0
0
0
0
0
0
0
0
0
-2.5741
0
12.5047
0
-2.8936
0
0
0
0
0
0
0
0
0
0
0
0
0
0
0
0
0
0
0
0
0
0
0
0
0
0
0
0
0
0
0
0
0
0
0
0
0
0
0
0
0
0
0
0
0
0
0
0
0
0
0
0
0
0
0
0
0
0
0
0
0
0
0
0
0
0
0
0
0
-2.3871
0
0
0
0
0
0
0
0
0
0
0
0
0
0
0
0
0
0
0
0
0
0
0
0
0
0
0
0
0
0
0
0
0
0
0
0
-2.4237
-2.1049
0
0
0
0
0
0
0
0
0
0
0
0
0
0
13.759
0
0
0
0
0
0
0
0
0
0
0
0
0
0
0
-3.6847
0
0
0
0
0
0
0
-3.1585
0
0
0
0
0
0
0
0
0
0
0
0
0
0
0
0
0
0
0
0
0
0
0
0
0
0
0
0
0
0
0
0
-2.4445
0
0
0
0
0
0
0
0
0
0
0
0
0
0
0
0
0
0
0
0
0
0
0
0
0
0
0
0
0
0
0
0
0
0
0
0
0
0
0
-2.2995
0
0
0
0
0
0
0
0
0
0
0
0
0
-2.4689
0
0
0
0
0
0
0
0
0
0
0
-2.8936
0
14.2001
0
0
0
0
0
0
0
0
0
0
0
0
0
0
0
0
0
0
0
0
0
0
0
0
0
0
0
0
0
0
0
0
0
0
0
0
0
-4.0937
0
0
0
0
0
0
0
0
0
0
0
0
0
0
0
0
0
0
0
0
0
0
0
0
0
0
0
0
0
0
0
0
0
0
0
0
0
0
0
0
0
0
0
0
0
0
0
0
0
0
0
0
0
0
0
-2.3597
0
0
0
0
0
0
0
0
0
0
0
0
0
0
0
0
0
0
0
0
0
0
0
0
0
0
0
0
0
0
14.5049
-2.9518
-2.876
0
0
0
0
0
-3.2064
0
-3.1109
0
0
0
0
0
0
0
0
0
0
0
0
0
0
0
0
0
0
0
0
0
0
0
0
0
0
0
0
0
0
0
0
0
0
0
0
0
0
0
0
0
0
0
0
0
0
0
0
0
0
0
0
0
0
0
0
-2.3976
-2.4013
0
0
0
0
0
0
0
0
0
0
0
0
0
0
0
0
0
0
0
0
0
0
0
0
0
0
0
0
0
0
0
0
0
0
0
0
0
0
0
0
0
0
0
0
0
0
0
0
0
0
0
0
0
0
0
-2.9518
14.7669
0
0
0
-3.2941
0
0
0
0
0
0
0
0
0
0
0
0
0
0
0
0
0
0
0
0
0
0
0
-3.7221
0
0
0
0
0
0
0
0
0
0
0
0
0
0
0
0
0
0
0
0
0
0
0
0
0
0
0
0
0
0
0
0
0
0
0
0
0
0
0
0
0
0
0
0
0
0
0
0
0
0
0
0
0
0
0
0
0
0
0
0
0
0
0
0
0
0
0
0
0
0
0
0
0
0
0
0
0
-2.0018
0
0
0
0
0
0
0
0
0
0
0
0
0
0
0
0
-2.876
0
18.3685
0
0
0
0
0
0
0
0
0
0
0
0
0
0
0
0
0
0
0
0
0
0
0
0
0
0
0
0
-3.9722
0
0
0
0
0
0
0
0
-4.3913
0
0
0
0
0
0
0
0
0
-5.1272
0
0
0
0
0
0
0
0
0
0
0
0
0
0
-2.7224
0
0
0
0
0
0
0
0
0
0
0
0
0
0
0
0
0
0
0
0
0
0
0
0
0
0
0
0
0
0
0
0
0
0
0
0
0
0
0
0
0
0
0
-2.6276
0
0
0
0
0
0
0
0
0
0
0
0
0
0
0
0
0
13.2707
0
0
0
0
0
0
0
0
0
0
0
0
0
0
0
0
0
0
0
0
0
0
0
-3.6499
0
0
0
0
0
0
0
0
0
0
0
0
0
-4.2708
0
0
0
0
0
0
0
0
0
0
0
0
0
0
0
0
0
0
0
0
0
0
0
0
0
0
0
0
0
0
0
0
0
0
0
0
0
0
0
0
0
0
0
0
0
0
0
0
0
0
0
0
0
0
0
0
0
0
0
0
0
0
0
0
0
0
0
0
0
0
0
0
0
0
0
0
0
0
0
0
0
0
0
0
0
0
12.4695
0
0
-3.263
0
0
0
0
-3.6718
0
0
0
0
0
0
0
0
0
0
-2.1175
0
-3.4172
0
0
0
0
0
0
0
0
0
0
0
0
0
0
0
0
0
0
0
0
0
0
0
0
0
0
0
0
0
0
0
0
0
0
0
0
0
0
0
0
0
0
0
0
0
0
0
0
0
0
0
0
0
0
0
0
0
0
0
0
-3.1682
0
0
0
0
0
0
0
0
0
0
0
0
0
0
0
0
0
-3.0283
0
0
0
0
0
0
0
0
0
0
0
0
0
0
-3.088
0
0
0
0
0
-3.2941
0
0
0
12.5787
0
0
0
0
0
0
0
0
0
0
0
0
0
0
0
0
0
0
0
0
0
0
0
0
0
0
0
0
0
0
0
0
0
0
0
0
0
0
0
0
0
0
0
0
0
0
0
0
0
0
0
0
0
0
0
0
0
0
0
-2.9807
0
0
0
0
0
0
0
0
0
0
0
0
0
0
0
0
-2.8376
0
0
0
0
0
0
0
0
0
0
0
0
0
0
0
0
0
0
0
0
0
0
0
0
0
0
0
0
0
0
0
-2.4456
0
0
0
0
0
0
0
0
0
0
0
0
0
0
0
12.4695
0
0
0
0
0
0
0
0
0
0
0
0
0
0
0
0
0
0
0
0
0
0
0
0
0
0
0
0
0
0
0
0
0
-4.2055
0
0
0
0
0
0
0
0
0
0
0
0
0
0
0
0
0
0
0
-2.625
0
0
0
0
0
0
0
0
0
0
0
0
0
0
0
0
0
0
0
0
0
0
0
0
0
0
0
0
0
0
0
0
0
0
0
0
0
0
0
0
0
0
0
0
0
0
0
0
0
0
0
0
0
0
0
0
-2.4038
0
0
0
0
0
0
0
0
0
0
-3.263
0
0
13.2752
0
0
0
0
0
0
0
0
0
0
0
0
0
0
0
0
0
0
0
0
0
0
0
0
0
0
0
0
0
0
0
0
0
0
0
0
0
0
0
0
0
-4.9834
0
0
0
0
0
0
0
0
0
0
0
-2.5206
0
0
0
0
0
0
0
0
0
0
0
0
0
0
0
0
0
0
0
0
0
0
0
0
0
0
0
0
0
0
0
0
0
0
0
0
0
0
0
0
0
0
0
0
0
0
0
0
0
0
0
0
0
0
0
0
0
0
0
0
0
0
-3.2064
0
0
0
0
0
0
0
12.8227
0
0
0
0
0
0
0
0
-3.8497
0
0
-3.246
0
0
0
0
0
0
0
0
0
0
0
0
0
0
0
0
0
0
0
0
0
0
0
0
0
0
0
0
0
0
0
0
0
0
0
0
0
0
0
0
0
0
0
0
0
0
0
0
0
0
0
0
-2.9499
0
0
0
0
0
0
-2.9706
0
-2.9304
0
-2.9043
0
0
0
0
0
0
0
0
0
0
0
0
0
0
0
0
0
0
0
0
0
0
0
0
0
0
0
0
0
0
0
0
0
0
0
0
0
0
0
0
0
0
0
0
0
0
0
0
11.7552
0
0
0
0
0
0
0
0
0
0
0
0
0
0
0
0
0
0
0
0
0
0
0
0
0
0
0
0
0
0
0
0
0
0
0
0
0
0
0
0
0
0
0
0
0
0
0
-2.877
0
0
0
0
0
0
0
0
-2.8456
0
0
0
0
0
0
0
0
0
0
0
0
0
0
0
0
0
0
0
0
0
0
0
0
0
0
0
0
0
0
0
0
0
0
0
0
0
0
0
0
0
0
0
0
0
0
0
0
0
0
0
0
0
0
0
0
0
-3.1109
0
0
0
0
0
0
0
0
0
12.6586
0
0
0
-3.825
0
0
0
0
0
0
0
0
0
0
0
0
0
0
0
0
0
0
0
0
0
0
0
0
0
0
0
0
0
0
0
0
0
0
0
0
0
0
0
0
0
0
0
0
0
0
0
0
0
0
0
0
0
0
-3.0624
0
0
0
0
0
0
0
0
0
0
0
0
0
0
0
0
0
0
0
0
0
0
0
0
0
0
0
0
0
0
0
0
-3.0079
0
0
0
-2.6312
0
0
0
0
0
0
0
0
0
0
0
0
0
0
0
0
0
0
0
0
0
0
0
0
0
0
0
0
12.0983
0
0
0
0
0
0
-3.3968
0
0
0
0
0
0
0
0
0
0
0
0
0
0
0
0
0
0
0
0
0
0
0
0
0
0
0
0
0
0
0
0
0
0
0
0
0
0
0
0
0
0
0
0
0
0
0
0
0
0
0
0
0
0
0
0
0
0
0
0
0
0
0
0
0
0
0
0
0
0
0
0
0
0
0
0
0
-3.2761
0
0
0
0
0
0
0
0
0
0
0
0
0
0
0
0
0
0
0
0
0
0
0
0
0
0
0
0
0
0
0
-3.6718
0
0
0
0
0
0
0
11.0711
0
0
0
0
0
0
0
0
0
0
0
0
0
0
0
0
-4.1232
0
0
0
0
0
0
0
0
0
0
0
0
0
0
0
0
0
0
0
0
0
0
0
0
0
0
0
0
0
0
0
0
0
0
0
0
0
0
0
0
0
0
0
-3.4823
0
0
0
0
0
0
0
0
0
0
0
0
0
0
0
-3.4382
0
0
0
0
0
0
0
0
0
0
0
0
0
0
0
0
0
0
0
0
0
0
0
0
0
0
0
0
0
0
0
0
0
0
0
0
0
0
0
0
0
0
0
0
0
0
0
10.89
0
0
0
0
0
0
0
0
0
0
0
0
0
0
0
0
0
0
0
0
0
0
0
0
0
-3.9694
0
0
0
0
0
0
0
0
0
0
0
0
0
0
0
0
0
0
0
0
0
0
0
0
0
0
0
-3.3826
0
0
0
0
0
0
0
0
0
0
0
0
0
0
0
0
0
0
0
0
0
0
0
0
0
0
0
0
0
0
0
0
0
0
0
0
0
0
0
0
0
0
0
0
0
0
0
0
0
0
0
0
0
0
-3.6847
0
0
0
0
0
0
0
0
0
0
0
-3.825
0
0
0
10.8923
0
0
0
0
0
0
0
0
0
0
0
0
0
0
0
0
0
0
0
0
0
0
0
0
0
0
0
0
0
0
0
0
0
0
0
0
0
0
0
0
-3.8234
-3.7938
0
0
0
0
0
0
0
0
0
0
0
0
0
0
0
0
0
0
0
0
0
0
0
0
0
0
0
0
0
0
0
0
0
0
0
0
0
0
-3.3702
0
0
0
0
0
0
0
0
0
0
0
0
0
0
0
0
0
0
0
0
0
0
0
0
0
0
0
0
0
0
0
0
0
0
0
0
0
0
0
0
0
0
0
10.9874
0
0
0
0
0
0
0
0
0
0
0
0
0
0
0
0
0
0
0
0
0
0
0
0
0
0
0
0
0
0
0
0
0
0
0
0
0
0
0
0
0
0
0
0
0
0
0
0
0
0
0
0
0
-3.2765
0
0
0
0
0
0
0
0
0
0
0
0
0
0
0
0
0
-3.1552
0
0
0
0
0
0
0
0
0
0
0
0
0
0
0
0
0
0
0
0
0
0
0
0
0
0
0
0
0
0
0
0
0
0
0
0
0
0
0
0
0
0
0
0
0
0
0
0
0
0
0
0
10.6821
0
0
0
0
0
0
0
0
0
0
0
0
0
0
0
0
0
-4.2504
0
0
0
0
0
0
0
0
0
0
0
0
0
0
0
0
0
0
0
0
0
0
0
0
0
0
0
0
0
0
-3.5299
0
0
0
0
0
0
0
0
0
0
0
0
0
0
0
0
0
0
0
0
0
0
0
0
0
0
0
0
0
0
0
0
0
0
0
0
0
0
0
0
0
-2.9668
0
0
0
0
0
0
0
0
0
0
0
0
0
0
0
0
0
0
0
0
0
0
0
0
-3.8497
0
0
0
0
0
0
0
0
10.3464
0
0
0
0
0
0
0
0
0
0
0
0
0
0
0
0
0
0
0
0
0
0
0
0
0
0
0
0
0
0
0
0
0
0
0
0
0
0
0
0
0
0
0
0
-3.9638
0
0
0
0
0
0
0
0
0
0
0
0
0
0
0
0
0
0
0
0
0
0
0
0
0
0
0
0
0
0
0
0
0
0
0
0
0
0
0
0
0
0
0
-3.3677
0
0
0
0
0
0
0
0
0
0
0
0
0
0
0
0
0
0
0
0
0
0
0
0
0
0
0
0
-3.3968
0
0
0
0
0
0
10.7283
0
0
0
0
0
0
0
0
0
0
0
0
0
0
0
0
0
0
0
0
0
0
0
0
0
0
0
0
0
0
0
0
0
0
0
0
-4.2636
0
0
0
0
0
0
0
0
0
0
0
0
0
0
0
0
0
0
0
0
0
0
0
0
0
0
0
0
0
0
0
0
0
0
0
0
0
0
0
0
0
0
0
0
0
0
0
0
0
0
0
-3.4763
0
0
0
0
0
0
0
0
0
-3.2751
0
0
0
0
0
0
0
0
0
0
0
0
0
0
0
0
0
0
0
0
0
0
0
0
0
11.0149
0
0
0
0
0
0
0
0
0
0
0
0
0
0
0
0
0
0
0
0
0
0
0
0
0
0
0
0
0
0
0
0
0
0
0
0
0
0
0
0
0
0
0
0
0
0
0
0
0
0
0
0
0
0
0
0
0
0
0
0
0
0
0
0
0
0
0
0
0
0
0
-0.81018
0
0
0
0
0
0
0
0
0
0
0
0
0
0
0
0
0
0
0
0
0
0
0
0
0
0
0
0
0
0
0
0
0
0
0
0
0
0
0
0
-3.246
0
0
0
0
0
0
0
0
0
0
0
9.116
0
0
0
0
0
0
0
0
0
0
0
0
0
0
0
0
0
0
0
0
0
0
0
0
0
0
0
-5.0598
0
0
0
0
0
0
-4.274
0
0
0
0
0
0
0
0
0
0
0
0
0
0
0
0
0
0
0
0
0
0
0
0
0
0
0
0
0
0
0
0
0
0
0
0
0
0
0
0
0
0
0
0
0
0
-3.8288
0
0
0
0
0
0
0
0
0
-3.1556
0
0
0
0
0
0
0
0
0
0
0
0
0
0
0
0
0
0
0
0
0
0
0
0
0
0
0
0
0
0
0
0
11.2584
0
0
0
0
0
0
0
0
0
0
0
0
0
0
0
0
0
0
0
0
0
0
0
0
0
0
0
0
0
0
0
0
0
0
0
0
0
0
0
0
0
0
0
0
0
0
0
0
0
0
0
0
0
0
0
0
0
0
0
0
0
0
0
0
0
0
0
0
0
0
0
0
0
0
0
0
0
0
0
0
0
0
0
0
0
0
-1.9921
0
0
0
0
0
0
0
0
0
0
0
0
0
-3.1585
0
0
0
0
0
0
0
0
0
0
0
0
0
0
0
0
0
0
0
0
0
0
0
10.2781
0
0
0
0
0
0
0
0
0
0
0
0
0
0
0
0
0
0
0
0
-5.1276
0
0
0
0
0
0
0
0
0
0
0
0
0
0
0
0
0
0
0
0
0
0
0
0
0
0
0
0
0
0
0
-0.20628
0
0
0
0
0
0
0
0
0
0
0
0
0
0
0
0
0
0
0
0
0
0
0
0
0
0
0
0
0
0
0
0
0
0
0
0
0
0
0
0
0
0
0
0
0
0
0
0
0
0
0
0
-2.1175
0
0
0
0
0
0
0
0
0
0
0
0
0
0
0
0
0
0
7.3564
0
0
0
0
0
0
0
0
0
0
0
0
0
0
0
0
0
0
0
0
0
0
0
0
0
0
0
0
-5.0326
0
0
0
0
0
0
0
0
0
0
0
0
0
0
0
0
0
0
0
0
0
0
0
0
0
-4.0396
0
0
0
0
0
0
0
0
0
0
0
0
0
0
0
0
0
0
0
0
0
0
0
0
0
-3.7295
0
0
0
0
0
0
0
0
0
-3.0296
0
0
0
0
0
0
0
0
0
0
0
0
0
0
0
0
0
0
0
0
0
0
0
0
0
0
0
0
0
0
0
0
0
10.7987
0
0
0
0
0
0
0
0
0
0
0
0
0
0
0
0
0
0
0
0
0
0
0
0
0
0
0
0
0
0
0
0
0
0
0
0
0
0
0
0
0
0
0
0
0
0
0
0
0
0
0
0
0
0
0
0
-3.5499
0
0
0
0
0
-3.4972
0
0
0
0
0
0
0
0
0
0
0
0
0
0
0
0
0
0
0
0
0
0
0
0
0
0
0
0
0
0
0
0
0
0
0
0
0
0
0
0
-3.4172
0
0
0
0
0
0
0
0
0
0
0
0
0
0
0
0
0
0
0
0
10.4643
0
0
0
0
0
0
0
0
0
0
0
0
0
0
0
0
0
0
0
0
0
0
0
0
0
0
0
0
0
0
0
0
0
0
0
0
0
0
0
0
0
0
0
0
0
0
0
0
0
0
0
0
0
0
0
0
-3.9572
0
0
0
0
0
0
0
0
0
0
0
0
0
0
0
0
0
0
0
0
0
0
0
0
0
0
0
0
-3.55
0
0
0
0
-3.3523
0
0
0
0
0
0
0
0
0
0
0
0
0
0
0
0
0
0
0
0
0
0
0
0
0
0
0
0
0
0
0
0
0
10.8594
0
0
0
0
0
0
0
0
0
0
0
0
0
0
0
0
0
0
0
0
0
0
0
0
0
0
0
0
0
0
0
-3.8685
0
0
0
0
0
0
0
0
0
0
0
0
0
0
0
0
0
0
0
0
0
0
0
0
0
0
0
0
0
0
0
-3.56
0
0
0
0
0
0
0
0
0
0
0
0
0
0
0
0
0
0
0
0
0
0
0
0
0
0
0
0
0
0
0
0
0
0
0
0
-3.6499
0
0
0
0
0
0
0
0
0
0
0
0
0
0
0
0
0
0
0
0
0
0
0
11.0783
0
0
0
0
0
0
0
0
0
0
0
0
0
0
0
0
0
0
0
0
0
0
0
0
0
0
0
0
0
0
0
0
0
0
0
0
0
0
0
0
0
0
0
0
0
0
0
0
0
0
0
0
0
0
0
0
0
0
-3.7813
0
0
0
0
0
0
0
0
0
0
0
0
0
0
0
0
0
0
-3.5522
0
0
0
0
0
0
0
0
0
0
0
0
0
0
-3.4637
0
0
0
0
0
0
0
0
0
0
0
0
0
0
0
0
0
0
0
0
0
0
0
0
0
0
0
0
0
0
0
10.7973
0
0
0
0
0
0
0
0
0
0
0
0
0
0
0
0
0
0
0
0
0
0
0
0
0
0
0
0
0
0
0
0
0
0
0
0
0
0
0
0
0
0
0
0
0
0
0
0
0
0
0
0
0
0
0
0
0
0
0
0
0
0
0
0
0
0
0
0
0
0
0
0
0
0
0
0
0
0
0
0
0
0
0
0
0
0
0
-3.0866
0
0
0
0
0
0
0
0
-3.7221
0
0
0
0
0
0
0
0
0
0
-4.1232
0
0
0
0
0
0
0
0
0
0
0
0
0
0
0
0
10.9319
0
0
0
0
0
0
0
0
0
0
0
0
0
0
0
0
0
0
0
0
0
0
0
0
0
0
0
0
0
0
-4.7063
0
0
0
0
0
0
0
0
0
0
0
0
0
0
0
0
0
0
0
0
0
0
0
0
-4.3469
0
0
0
0
0
0
0
0
0
0
0
0
0
0
0
0
0
0
0
0
0
0
0
0
0
0
0
0
0
0
0
0
0
0
0
0
0
0
0
0
0
0
0
0
0
0
0
0
0
0
0
0
0
0
0
0
0
0
0
0
0
0
0
0
0
0
0
0
9.0533
0
0
0
0
0
0
0
0
0
0
0
0
0
0
0
0
0
0
0
0
0
0
0
0
0
0
0
0
0
0
0
0
0
0
0
0
0
0
0
0
0
0
0
0
0
0
0
0
0
0
0
0
0
0
0
0
0
0
0
0
0
0
0
0
0
0
0
0
0
0
0
0
0
0
0
0
0
0
0
0
0
0
0
0
0
0
-3.7491
0
0
0
0
0
0
0
0
-3.9722
0
0
0
0
0
0
0
0
0
0
0
0
0
0
0
0
0
0
0
0
0
0
0
0
0
0
0
0
7.7212
0
0
0
0
0
0
0
0
0
0
0
0
0
0
0
0
0
0
0
0
0
0
0
0
0
0
0
0
0
0
0
0
0
0
0
0
0
0
0
0
0
0
0
0
0
0
0
0
0
0
0
0
0
0
0
0
-3.5218
0
0
0
0
0
-3.5297
0
0
0
0
0
0
0
0
0
0
0
0
0
0
0
0
0
0
0
0
0
0
0
0
0
0
0
0
0
0
0
0
0
0
0
0
0
0
0
0
0
0
0
0
0
0
0
0
0
0
0
0
0
0
0
0
0
0
0
0
0
7.0515
0
0
0
0
0
0
0
0
0
0
0
0
0
0
0
0
0
0
0
0
0
0
0
0
0
0
0
0
0
0
0
0
0
0
0
0
0
0
0
0
0
0
-4.3686
0
0
0
0
0
0
0
0
0
0
0
0
0
0
0
0
0
0
0
0
0
0
0
0
0
0
-4.1454
0
0
0
0
0
0
0
0
0
0
0
0
0
0
0
0
0
0
0
0
0
0
0
0
0
0
0
0
0
0
0
0
0
0
0
0
0
0
0
0
0
0
0
0
0
0
0
0
0
0
0
0
0
0
8.5141
0
0
0
0
0
0
0
0
0
0
0
0
0
0
0
0
0
0
0
0
0
0
0
0
0
0
0
0
0
0
0
0
0
0
0
0
0
0
0
0
0
0
0
0
0
0
0
0
0
0
0
0
0
0
0
0
0
0
0
0
0
0
0
0
0
0
0
0
0
0
0
0
0
0
0
0
0
0
0
0
0
0
-3.7249
0
0
0
0
0
0
0
0
0
0
0
0
0
0
0
0
0
0
0
0
0
0
0
-4.2504
0
0
0
0
0
0
0
0
0
0
0
0
0
0
0
0
0
7.9753
0
0
0
0
0
0
0
0
0
0
0
0
0
0
0
0
0
0
0
0
0
0
0
0
0
0
0
0
0
0
0
0
0
0
0
0
-4.6817
0
0
0
0
0
0
0
0
0
0
0
0
0
0
0
0
0
0
0
0
0
0
0
0
-4.4024
0
0
0
0
0
0
0
0
0
0
0
0
0
0
0
0
0
0
0
0
0
0
0
0
0
0
0
0
0
0
0
0
0
0
0
0
0
0
0
0
0
0
0
0
0
0
0
0
0
0
0
0
0
0
0
0
0
0
0
0
0
0
9.0841
0
0
0
0
0
0
0
0
0
0
0
0
0
0
0
0
0
0
0
0
0
0
0
0
0
0
0
0
0
0
0
0
0
0
0
0
0
0
0
0
0
0
0
-3.7535
0
0
0
0
0
0
0
0
0
0
0
-3.6963
0
0
0
0
0
0
0
0
0
0
0
0
0
0
0
0
0
0
0
0
0
0
0
0
0
0
0
0
0
0
0
0
0
0
0
0
0
0
0
0
0
0
0
0
0
0
0
0
0
0
0
0
0
0
0
0
0
0
0
0
0
0
0
0
0
0
0
0
7.4498
0
0
0
0
0
0
0
0
0
0
0
0
0
0
0
0
0
0
0
0
0
0
0
0
0
0
0
0
0
0
0
0
0
0
0
0
0
0
0
0
0
0
0
0
0
0
0
0
0
0
0
0
0
0
0
0
0
0
0
0
0
0
0
0
0
0
0
0
0
0
0
0
0
0
0
0
0
0
0
0
0
0
-3.9762
0
0
0
-4.0937
0
0
0
0
0
0
0
0
0
0
0
0
0
0
0
0
0
0
0
0
0
0
0
0
0
0
0
0
0
0
0
0
0
0
0
0
0
8.07
0
0
0
0
0
0
0
0
0
0
0
0
0
0
0
0
0
0
0
0
0
0
0
0
0
0
0
0
-4.8215
0
-4.753
0
0
0
0
0
0
0
0
0
0
0
0
0
0
0
0
0
0
0
0
0
0
0
0
0
0
0
0
0
0
0
0
0
0
0
0
0
0
0
0
0
0
0
0
0
0
0
0
0
0
0
0
0
0
0
0
0
0
0
0
0
0
0
0
0
0
0
0
0
0
0
0
0
0
0
0
0
0
0
0
0
0
0
0
0
0
0
0
0
0
0
0
0
9.5746
0
0
0
0
0
0
0
0
0
0
0
0
0
0
0
0
0
0
0
0
0
-4.8907
0
0
0
0
0
0
0
0
0
0
0
0
0
0
0
0
0
0
0
0
0
0
0
0
0
0
0
0
0
0
0
0
0
0
0
0
0
0
0
0
0
0
0
0
0
0
0
0
0
0
0
0
0
0
0
0
0
0
0
0
0
0
0
0
0
0
0
0
0
0
0
0
0
0
0
0
-3.9694
0
0
0
0
0
0
0
0
0
0
0
0
0
0
0
0
0
0
0
0
0
0
0
0
0
8.8601
0
0
0
0
0
0
0
0
0
0
0
0
0
0
0
0
0
0
0
0
0
0
0
0
0
0
0
0
0
0
0
0
0
0
0
0
0
0
0
0
0
0
0
0
0
0
0
0
0
0
0
0
0
0
0
0
0
0
0
0
0
0
0
0
0
0
0
0
0
0
0
0
0
0
0
0
0
0
0
0
0
0
0
0
0
0
-4.3913
0
0
0
-4.2055
0
0
0
0
0
0
0
0
0
0
0
0
0
0
0
0
0
0
0
0
0
0
0
0
0
0
0
0
0
0
0
0
0
8.5968
0
0
0
0
0
0
0
0
0
0
0
0
0
0
0
0
0
0
0
0
0
0
0
0
0
0
0
0
0
0
0
0
0
0
0
0
0
0
0
0
0
0
0
0
0
0
0
0
0
0
0
0
0
-4.3814
0
0
0
0
0
0
0
0
0
0
0
0
0
0
0
0
0
0
0
0
0
0
0
0
0
0
0
0
0
0
0
0
-4.2708
0
0
0
0
0
0
0
0
0
0
0
0
0
0
0
0
0
0
0
0
0
0
0
0
0
0
0
0
0
0
0
0
0
0
0
0
0
8.6522
0
0
0
0
0
0
0
0
0
0
0
0
0
0
0
0
0
0
0
0
0
0
0
0
0
0
0
0
0
0
0
0
0
0
0
0
0
0
-4.9295
0
0
0
0
0
0
0
0
0
0
0
0
0
0
0
0
0
0
0
0
0
0
0
0
0
0
0
0
0
0
0
0
0
0
-4.1645
0
0
0
0
0
0
0
0
0
0
0
0
0
0
0
0
0
0
0
0
0
0
0
0
0
0
0
0
0
0
0
0
0
0
0
0
0
0
0
0
0
0
0
0
0
0
0
0
0
0
9.094
0
0
0
0
0
0
0
0
0
0
0
0
0
0
0
0
0
0
0
0
0
0
0
0
0
0
0
0
0
0
0
0
0
0
0
0
0
0
0
0
0
0
0
0
0
0
0
0
0
0
0
0
0
0
0
0
0
0
0
0
0
0
0
0
0
0
0
0
0
0
0
0
0
0
0
0
0
0
0
0
0
0
0
0
0
0
0
0
0
0
0
0
0
0
0
0
0
0
0
0
0
0
0
-5.1276
0
0
0
0
0
0
0
0
0
0
0
0
0
0
0
0
0
0
0
0
5.1276
0
0
0
0
0
0
0
0
0
0
0
0
0
0
0
0
0
0
0
0
0
0
0
0
0
0
0
0
0
0
0
0
0
0
0
0
0
0
0
0
0
0
-3.5451
0
0
0
0
0
0
0
0
0
0
0
0
0
0
0
0
0
0
0
0
0
0
0
0
0
0
0
0
0
0
0
0
0
0
0
0
0
0
0
0
0
0
0
0
0
0
0
0
0
0
0
0
0
0
0
0
0
0
0
0
0
0
0
0
0
0
0
0
0
0
0
0
0
0
0
0
0
0
0
0
0
3.5451
0
0
0
0
0
0
0
0
0
0
0
0
0
0
0
0
0
0
0
0
0
0
0
0
0
0
0
0
0
0
0
0
0
0
0
0
0
0
0
0
0
0
0
0
0
0
0
0
0
0
0
0
0
0
0
0
0
0
0
0
0
0
0
0
0
0
0
0
0
0
-3.9793
0
0
0
0
0
0
0
0
0
0
0
0
0
0
0
0
0
0
0
0
0
0
0
0
0
0
0
0
0
0
0
0
0
0
0
0
0
0
0
0
0
0
0
0
0
0
0
0
0
0
0
0
0
3.9793
0
0
0
0
0
0
0
0
0
0
0
0
0
0
0
0
0
0
0
0
0
0
0
0
0
0
0
0
0
0
0
0
0
0
0
0
0
0
0
0
0
0
0
0
0
0
0
0
0
0
0
0
0
0
0
0
0
0
0
0
0
0
0
0
-3.1625
0
0
0
0
0
0
0
0
0
0
0
0
0
0
0
0
0
0
0
0
0
0
0
0
0
0
0
0
0
0
0
0
0
0
0
0
0
0
0
0
0
0
0
0
0
0
0
0
0
0
0
0
0
0
0
0
0
0
0
3.1625
0
0
0
0
0
0
0
0
0
0
0
0
0
0
0
0
0
0
0
0
0
0
0
0
0
0
-3.7576
0
0
0
0
0
0
0
0
0
0
0
0
0
0
0
0
0
0
0
0
0
0
0
0
0
0
0
0
0
0
0
0
0
0
0
0
0
0
0
0
0
0
0
0
0
0
0
0
0
0
0
0
0
0
0
0
0
0
0
0
0
0
0
0
0
0
0
0
0
0
0
0
0
0
0
0
0
0
0
0
0
0
0
0
0
0
0
0
0
0
0
0
0
0
0
0
0
3.7576
0
0
0
0
0
0
0
0
0
0
0
0
0
0
0
0
0
0
0
0
0
0
0
0
0
0
0
0
0
0
0
0
0
0
0
0
0
0
0
0
0
0
0
0
0
0
0
0
0
0
0
0
0
0
0
0
0
0
0
0
0
0
0
0
0
0
0
0
0
0
0
0
0
0
0
0
0
0
0
0
0
0
0
0
0
0
0
0
0
0
0
0
0
0
0
0
-5.0598
0
0
0
0
0
0
0
0
0
0
0
0
0
0
0
0
0
0
0
0
0
0
0
0
0
0
0
5.0598
0
0
0
0
0
0
0
0
0
0
0
0
0
0
0
0
0
0
0
0
0
0
0
0
0
0
0
0
0
0
0
0
0
0
0
0
0
0
0
0
0
0
0
0
0
0
0
0
0
0
0
0
0
0
0
0
0
0
0
0
0
0
0
0
0
0
0
0
0
0
0
0
0
0
0
0
0
0
0
0
0
0
-4.9834
0
0
0
0
0
0
0
0
0
0
0
0
0
0
0
0
0
0
0
0
0
0
0
0
0
0
0
0
0
0
0
0
0
0
0
0
0
0
0
0
0
4.9834
0
0
0
0
0
0
0
0
0
0
0
0
0
0
0
0
0
0
0
0
0
0
0
0
0
0
0
0
0
0
0
0
0
0
0
0
0
0
0
0
0
0
0
0
0
0
0
0
0
0
0
0
0
0
0
0
0
0
0
0
0
0
0
0
0
0
0
0
0
0
0
0
0
0
0
0
-5.1272
0
0
0
0
0
0
0
0
0
0
0
0
0
0
0
0
0
0
0
0
0
0
0
0
0
0
0
0
0
0
0
0
0
0
0
0
0
0
0
0
0
0
0
0
0
0
0
5.1272
0
0
0
0
0
0
0
0
0
0
0
0
0
0
0
0
0
0
0
0
0
0
0
0
0
0
0
0
0
0
0
0
0
0
0
0
0
0
0
0
0
0
0
0
0
0
0
0
0
0
0
0
0
-4.6808
0
0
0
0
0
0
0
0
0
0
0
0
0
0
0
0
0
0
0
0
0
0
0
0
0
0
0
0
0
0
0
0
0
0
0
0
0
0
0
0
0
0
0
0
0
0
0
0
0
0
0
0
0
0
0
0
0
0
0
0
0
0
0
0
0
0
0
0
0
0
4.6808
0
0
0
0
0
0
0
0
0
0
0
0
0
0
0
0
0
0
0
0
0
0
0
0
0
0
0
0
0
0
0
0
0
0
0
0
0
0
0
0
0
0
0
0
0
0
0
0
0
0
0
0
0
0
0
0
0
0
0
0
0
0
0
0
0
0
0
0
0
0
0
0
0
0
0
0
0
0
0
0
0
0
0
0
0
0
0
0
0
0
0
0
0
0
0
-5.0326
0
0
0
0
0
0
0
0
0
0
0
0
0
0
0
0
0
0
0
0
0
0
0
0
0
0
0
0
5.0326
0
0
0
-5.1127
0
0
0
0
0
0
0
0
0
0
0
0
0
0
0
0
0
0
0
0
0
0
0
0
0
0
0
0
0
0
0
0
0
0
0
0
0
0
0
0
0
0
0
0
0
0
0
0
0
0
0
0
0
0
0
0
0
0
0
0
0
0
0
0
0
0
0
0
0
0
0
0
0
0
0
0
0
0
0
0
0
0
0
0
0
0
0
0
0
0
0
0
0
0
0
0
0
0
0
0
0
0
0
0
0
0
0
0
0
0
0
0
0
0
0
0
0
0
0
0
5.1127
0
0
-5.1127
0
0
0
0
0
0
0
0
0
0
0
0
0
0
0
0
0
0
0
0
0
0
0
0
0
0
0
0
0
0
0
0
0
0
0
0
0
0
0
0
0
0
0
0
0
0
0
0
0
0
0
0
0
0
0
0
0
0
0
0
0
0
0
0
0
0
0
0
0
0
0
0
0
0
0
0
0
0
0
0
0
0
0
0
0
0
0
0
0
0
0
0
0
0
0
0
0
0
0
0
0
0
0
0
0
0
0
0
0
0
0
0
0
0
0
0
0
0
0
0
0
5.1127
