1
0.97025
0.95421
0.94447
0.93722
0.93152
0.92692
0.91769
0.90931
0.90172
0.89465
0.88811
0.88189
0.87601
0.87029
0.8648
0.85944
0.85426
0.84919
0.84424
0.83939
0.83466
0.83003
0.82549
0.82106
0.81671
0.81246
0.80829
0.80421
0.80022
0.7963
0.79248
0.78874
0.78508
0.78151
0.77801
0.77459
0.77123
0.76794
0.7647
0.76153
0.75842
0.75537
0.75238
0.74945
0.74658
0.74377
0.74103
0.73834
0.73571
0.73314
0.73062
0.72815
0.72574
0.72336
0.72103
0.71873
0.71647
0.71425
0.71205
0.70988
0.70773
0.7056
0.7035
0.70141
0.69935
0.69731
0.69529
0.6933
0.69133
0.68939
0.68747
0.68558
0.68373
0.6819
0.68011
0.67835
0.67662
0.67492
0.67324
0.6716
0.66998
0.66838
0.6668
0.66524
0.6637
0.66215
0.66062
0.65909
0.65756
0.65601
0.65446
0.6529
0.65133
0.64976
0.64821
0.64668
0.64518
0.64372
0.64232
0.64097
0.63967
0.63844
0.63726
0.63614
0.63509
0.63408
0.63313
0.63222
0.63136
0.63054
0.62977
0.62903
0.62833
0.62765
0.62701
0.62639
0.6258
0.62523
0.62468
0.62415
0.62363
0.62312
0.62263
0.62215
0.62168
0.62122
0.62077
0.62032
0.61989
0.61946
0.61903
0.61862
0.61821
0.6178
0.61741
0.61701
0.61663
0.61625
0.61587
0.6155
0.61514
0.61478
0.61443
0.61408
0.61374
0.6134
0.61306
0.61273
0.6124
0.61207
0.61174
0.61142
0.6111
0.61078
0.61046
0.61015
0.60983
0.60952
0.60921
0.60891
0.6086
0.6083
0.608
0.60771
0.60742
0.60713
0.60684
0.60655
0.60627
0.60598
0.60569
0.60539
0.60508
0.60475
0.60439
0.604
0.60357
0.60309
0.60256
0.60197
0.60133
0.60062
0.59985
