1
0.94487
0.92225
0.90801
0.89903
0.89151
0.87811
0.87355
0.86138
0.84956
0.83797
0.82648
0.81509
0.80383
0.79277
0.78211
0.77205
0.76235
0.75244
0.74182
0.73067
0.72031
0.71179
0.70517
0.7002
0.69658
0.69395
0.69178
0.68964
0.68721
0.68442
0.68126
0.67797
0.67505
0.67289
0.67156
0.67099
0.67113
0.67187
0.67311
0.67476
0.67674
0.679
0.68151
0.68425
0.68715
0.69013
0.6931
0.69594
0.69855
0.70084
0.70275
0.70428
0.70546
0.70637
0.7071
0.70771
0.7082
0.70858
0.70883
0.70893
0.70885
0.70858
0.70814
0.70753
0.7068
0.70597
0.7051
0.70422
0.70338
0.70259
0.70187
0.70123
0.70068
0.70021
0.69977
0.69934
0.69884
0.69823
0.69744
0.69643
0.69514
0.69357
0.69171
0.68963
0.68741
0.68514
0.68287
0.68063
0.67842
0.67623
0.67405
0.67186
0.66967
0.66749
0.66534
0.66326
0.6613
0.65949
0.65786
0.65641
0.65515
0.65404
0.6531
0.65229
0.65162
0.65106
0.65059
0.65021
0.64989
0.64962
0.64937
0.64914
