1
0.98058
0.96909
0.96034
0.95439
0.94898
0.94071
0.93285
0.92546
0.91842
0.91172
0.9054
0.89946
0.89392
0.88879
0.88402
0.8796
0.87547
0.87161
0.86798
0.86457
0.86133
0.85826
0.85533
0.85251
0.8498
0.84719
0.84466
0.84221
0.83984
0.83754
0.8353
0.83312
0.83099
0.82892
0.8269
0.82492
0.82298
0.82107
0.81919
0.81734
0.81551
0.8137
0.8119
0.81013
0.80837
0.80662
0.80489
0.80317
0.80147
0.79978
0.79811
0.79646
0.79483
0.79322
0.79164
0.79008
0.78855
0.78704
0.78555
0.78409
0.78265
0.78123
0.77983
0.77844
0.77706
0.77569
0.77432
0.77296
0.7716
0.77024
0.76888
0.76752
0.76615
0.76478
0.76341
0.76204
0.76067
0.75929
0.75792
0.75654
0.75516
0.75379
0.75241
0.75104
0.74967
0.74831
0.74695
0.74561
0.74427
0.74294
0.74163
0.74033
0.73905
0.73778
0.73654
0.73531
0.7341
0.73291
0.73173
0.73058
0.72945
0.72833
0.72724
0.72616
0.7251
0.72406
0.72303
0.72202
0.72103
0.72005
0.71909
0.71814
0.71721
0.7163
0.7154
0.71451
0.71364
0.71278
0.71194
0.7111
0.71028
0.70947
0.70867
0.70787
0.70709
0.70631
0.70554
0.70478
0.70402
0.70326
0.7025
0.70175
0.70099
0.70023
0.69946
0.69869
0.69791
0.69713
0.69633
0.69553
0.69472
0.6939
0.69308
0.69225
0.69143
0.6906
0.68978
0.68895
0.68814
0.68733
0.68652
0.68573
0.68495
0.68417
0.6834
0.68265
0.68191
0.68117
0.68045
0.67973
0.67903
0.67834
0.67765
0.67698
0.67631
0.67565
0.675
0.67436
0.67372
0.67309
0.67247
0.67186
0.67125
0.67065
0.67006
0.66948
0.6689
0.66832
0.66776
0.6672
0.66664
0.66609
