1
0.9791
0.96846
0.96077
0.95612
0.95211
0.94549
0.93949
0.93398
0.92884
0.92392
0.9192
0.91464
0.91027
0.90608
0.90208
0.89827
0.89464
0.89117
0.88785
0.88469
0.88166
0.87876
0.876
0.87337
0.87087
0.8685
0.86625
0.86412
0.86209
0.86017
0.85833
0.85657
0.85489
0.85327
0.8517
0.85019
0.84871
0.84728
0.84588
0.8445
0.84316
0.84184
0.84055
0.83927
0.83801
0.83678
0.83555
0.83435
0.83316
0.83199
0.83083
0.82969
0.82856
0.82745
0.82636
0.82528
0.82422
0.82317
0.82213
0.8211
0.82009
0.81908
0.81808
0.81709
0.8161
0.81512
0.81415
0.81318
0.81222
0.81126
0.81031
0.80935
0.8084
0.80745
0.8065
0.80556
0.80461
0.80367
0.80272
0.80178
0.80084
0.7999
0.79896
0.79803
0.79709
0.79616
0.79522
0.79429
0.79335
0.79242
0.79149
0.79056
0.78964
0.78871
0.78779
0.78687
0.78595
0.78504
0.78413
0.78322
0.78231
0.78141
0.78051
0.77962
0.77872
0.77783
0.77695
0.77607
0.77519
0.77432
0.77345
0.77258
0.77172
0.77086
0.77001
0.76916
0.76831
0.76747
0.76663
0.76579
0.76495
0.76411
0.76328
0.76244
0.76161
0.76078
0.75995
0.75912
0.7583
0.75747
0.75665
0.75583
0.75501
0.75419
0.75337
0.75256
0.75175
0.75094
0.75013
0.74932
0.74852
0.74772
0.74692
0.74612
0.74533
0.74453
0.74374
0.74294
0.74215
0.74136
0.74057
0.73978
0.73899
0.73821
0.73743
0.73664
0.73586
0.73508
0.7343
0.73352
0.73275
0.73197
0.73119
0.73042
0.72964
0.72887
0.7281
0.72733
0.72655
0.72578
0.72501
0.72424
0.72348
0.72271
0.72194
0.72117
0.7204
0.71963
0.71887
0.7181
0.71734
0.71657
