1
0.98995
0.98383
0.97924
0.97601
0.97337
0.97122
0.96725
0.96595
0.96236
0.96164
0.95832
0.95518
0.95221
0.94941
0.94677
0.94427
0.94191
0.93967
0.93756
0.93554
0.93362
0.93179
0.93004
0.92837
0.92676
0.92521
0.92372
0.92228
0.92089
0.91954
0.91823
0.91696
0.91572
0.91451
0.91334
0.91219
0.91106
0.90997
0.90889
0.90784
0.9068
0.90579
0.90479
0.9038
0.90282
0.90186
0.90091
0.89997
0.89903
0.89811
0.8972
0.8963
0.89542
0.89454
0.89367
0.89281
0.89197
0.89114
0.89031
0.8895
0.88869
0.88789
0.8871
0.88632
0.88554
0.88477
0.88401
0.88326
0.88251
0.88177
0.88103
0.88031
0.87959
0.87887
0.87816
0.87746
0.87677
0.87608
0.87539
0.87471
0.87404
0.87338
0.87271
0.87206
0.87141
0.87076
0.87012
0.86949
0.86886
0.86823
0.86761
0.86699
0.86638
0.86577
0.86517
0.86458
0.86398
0.86339
0.86281
0.86223
0.86165
0.86108
0.86051
0.85994
0.85938
0.85882
0.85826
0.85771
0.85716
0.85661
0.85606
0.85552
0.85497
0.85443
0.85389
0.85335
0.85282
0.85229
0.85176
0.85123
0.8507
0.85018
0.84966
0.84914
0.84862
0.8481
0.84759
0.84707
0.84656
0.84606
0.84555
0.84505
0.84454
0.84404
0.84355
0.84305
0.84255
0.84206
0.84157
0.84107
0.84058
0.84009
0.8396
0.83911
0.83863
0.83814
0.83766
0.83717
0.83669
0.83621
0.83574
0.83526
0.83479
0.83432
0.83385
0.83339
0.83293
0.83246
0.832
0.83154
0.83108
0.83063
0.83017
0.82972
0.82927
0.82882
0.82837
0.82793
0.82748
0.82704
0.8266
0.82616
0.82572
0.82529
0.82485
0.82441
0.82397
0.82354
0.8231
0.82266
0.82222
0.82179
0.82135
0.82092
0.82048
0.82004
0.81961
0.81917
0.81874
0.81831
0.81787
0.81744
0.81701
0.81658
0.81615
0.81572
0.81529
0.81486
0.81444
0.81401
0.81358
0.81316
0.81273
0.81231
0.81189
0.81146
0.81104
0.81062
0.8102
0.80978
0.80936
0.80894
0.80852
0.80811
0.80769
0.80727
0.80686
0.80644
0.80603
0.80562
0.80521
0.8048
0.80439
0.80398
0.80357
0.80316
0.80276
0.80235
0.80195
0.80155
0.80115
0.80075
0.80036
0.79996
0.79957
0.79917
0.79878
0.79839
0.79801
0.79762
0.79723
0.79685
0.79647
0.79608
0.7957
0.79532
0.79494
0.79456
0.79418
0.79381
0.79343
0.79305
0.79268
0.7923
0.79193
0.79156
0.79119
0.79082
0.79045
0.79008
0.78971
0.78935
0.78898
0.78862
0.78825
0.78789
0.78753
0.78717
0.78681
0.78645
0.78609
0.78574
0.78538
0.78503
0.78468
0.78432
0.78397
0.78362
0.78327
0.78292
0.78258
0.78223
0.78189
0.78154
0.7812
0.78086
0.78052
0.78018
0.77985
0.77951
0.77918
0.77884
0.77851
0.77818
0.77785
0.77752
0.77719
0.77687
0.77654
0.77621
0.77589
0.77556
0.77524
0.77491
0.77459
0.77427
0.77394
0.77362
0.7733
0.77298
0.77267
0.77235
0.77203
0.77172
0.7714
0.77109
0.77078
0.77047
0.77016
0.76985
0.76954
0.76924
0.76893
0.76863
0.76832
0.76802
0.76772
0.76742
0.76712
0.76683
0.76653
0.76623
0.76594
0.76564
0.76535
0.76506
0.76477
0.76448
0.76419
0.7639
0.76361
0.76332
0.76303
0.76275
0.76246
0.76217
0.76188
0.7616
0.76131
0.76103
0.76074
0.76046
0.76017
0.75989
0.75961
0.75933
0.75905
0.75877
0.75849
0.75821
0.75793
0.75765
0.75737
0.7571
0.75682
0.75654
0.75627
0.75599
0.75572
0.75544
0.75517
0.7549
0.75463
0.75436
0.75409
0.75382
0.75355
0.75329
0.75302
