1
0.98927
0.98257
0.97755
0.97392
0.97098
0.96854
0.96403
0.9626
0.95852
0.95779
0.954
0.95041
0.947
0.94376
0.94065
0.93767
0.93482
0.93208
0.92944
0.92689
0.92443
0.92205
0.91975
0.91751
0.91534
0.91323
0.91118
0.90919
0.90725
0.90535
0.9035
0.9017
0.89993
0.8982
0.89651
0.89486
0.89324
0.89166
0.8901
0.88858
0.88709
0.88562
0.88417
0.88275
0.88135
0.87997
0.87861
0.87728
0.87596
0.87465
0.87337
0.87211
0.87086
0.86964
0.86843
0.86724
0.86607
0.86492
0.86378
0.86266
0.86155
0.86045
0.85936
0.85828
0.85722
0.85617
0.85513
0.8541
0.85308
0.85207
0.85107
0.85008
0.84909
0.84812
0.84716
0.84621
0.84527
0.84433
0.84341
0.8425
0.84159
0.8407
0.83982
0.83895
0.83809
0.83724
0.8364
0.83558
0.83476
0.83396
0.83316
0.83238
0.83161
0.83084
0.83008
0.82934
0.8286
0.82787
0.82714
0.82642
0.82571
0.82501
0.82432
0.82363
0.82296
0.82229
0.82163
0.82099
0.82035
0.81973
0.81912
0.81852
0.81792
0.81734
0.81676
0.8162
0.81564
0.81508
0.81454
0.81399
0.81346
0.81293
0.8124
0.81188
0.81136
0.81084
0.81032
0.80981
0.8093
0.80879
0.80827
0.80776
0.80725
0.80674
0.80623
0.80572
0.80521
0.8047
0.80419
0.80368
0.80317
0.80265
0.80213
0.80161
0.80108
0.80055
0.80002
0.79948
0.79894
0.7984
0.79785
0.79731
0.79676
0.79621
0.79566
0.79511
0.79456
0.79401
0.79346
0.7929
0.79234
0.79179
0.79123
0.79067
0.79011
0.78956
0.78901
0.78846
0.78791
0.78736
0.78682
0.78628
0.78574
0.78521
0.78469
0.78416
0.78364
0.78312
0.7826
0.78209
0.78158
0.78107
0.78057
0.78007
0.77958
0.77909
0.7786
0.77812
0.77765
0.77717
0.7767
0.77624
0.77578
0.77532
0.77487
0.77442
0.77398
0.77354
0.7731
0.77267
0.77224
0.77181
0.77139
0.77097
0.77055
0.77013
0.76972
0.76931
0.7689
0.76849
0.76809
0.76768
0.76728
0.76688
0.76647
0.76607
0.76567
0.76527
0.76487
0.76447
0.76408
0.76368
0.76328
0.76288
0.76248
0.76208
0.76168
0.76127
0.76087
0.76046
0.76006
0.75965
0.75924
0.75884
0.75842
0.75801
0.7576
0.75718
0.75676
0.75634
0.75591
0.75548
0.75504
0.75461
0.75416
0.75371
0.75326
0.7528
0.75234
0.75187
0.75139
0.75091
0.75042
0.74993
0.74944
0.74894
0.74844
0.74794
0.74743
0.74692
0.74641
0.7459
0.74539
0.74488
0.74436
0.74385
0.74334
0.74283
0.74232
0.74182
0.74131
0.7408
0.7403
0.73979
0.73929
0.73878
0.73828
0.73778
0.73727
0.73677
0.73626
0.73575
0.73524
0.73473
0.73422
0.7337
0.73319
0.73267
0.73215
0.73162
0.73109
0.73056
0.73003
0.72949
0.72896
0.72842
0.72788
0.72733
0.72679
0.72625
0.7257
0.72516
0.72462
0.72408
0.72355
0.72301
0.72249
0.72196
0.72144
0.72093
0.72042
0.71991
0.71942
0.71893
0.71844
0.71796
0.71749
0.71703
0.71658
0.71613
0.71568
0.71525
0.71482
0.7144
0.71398
0.71357
0.71317
0.71277
0.71238
0.71199
0.71161
0.71123
0.71086
0.71049
0.71012
0.70976
0.7094
0.70905
0.70869
0.70834
0.70799
0.70764
0.7073
0.70696
0.70661
0.70627
0.70594
0.7056
0.70526
0.70493
0.7046
0.70427
0.70394
0.70361
0.70329
0.70297
0.70265
0.70234
0.70203
0.70172
0.70142
0.70112
0.70082
0.70053
0.70024
0.69995
0.69967
0.69939
0.69912
0.69885
0.69859
0.69833
0.69807
0.69782
0.69757
0.69733
0.69709
0.69685
0.69661
