1
0.96297
0.94343
0.93054
0.92088
0.91374
0.90817
0.90388
0.9004
0.89021
0.88131
0.87343
0.86632
0.85983
0.85381
0.84821
0.84297
0.83807
0.83348
0.82922
0.82527
0.82162
0.81829
0.81526
0.81255
0.81015
0.80805
0.80625
0.80472
0.80345
0.80242
0.80156
0.8008
0.80004
0.79918
0.79813
0.79685
0.79525
0.79341
0.79167
0.79054
0.79009
0.79007
0.79013
0.78997
0.78945
0.78865
0.78783
0.78726
0.78698
0.78688
0.78681
0.78663
0.78621
0.78547
0.78431
0.78277
0.78092
0.77899
0.7772
0.77569
0.77445
0.77341
0.77246
0.77156
0.77072
0.76998
0.76944
0.76914
0.76911
0.76931
0.76973
0.7703
0.771
0.77179
0.77262
0.77347
0.77431
0.77511
0.77582
0.77642
0.77686
0.77712
0.77716
0.77695
0.77647
0.77572
0.7747
0.77346
0.77206
0.77055
0.76902
0.76752
0.7661
0.76479
0.76364
0.76265
0.76185
0.76123
0.76075
0.76039
0.76012
0.75992
0.75974
0.75959
0.75944
0.75927
0.75911
0.75893
0.75876
0.75859
0.75843
0.75829
0.75816
0.75806
0.75796
0.75787
0.75777
0.75764
0.75746
0.75721
0.75688
0.75644
0.75589
0.75521
0.7544
0.75345
0.75236
0.75115
0.74981
0.74837
0.74684
0.74522
0.74351
0.7417
0.73977
0.73769
0.73541
0.7329
0.73012
0.72708
0.72383
0.72053
0.71738
0.71455
0.71213
0.71011
0.70841
0.70695
0.70566
0.70448
0.70335
0.70222
0.70107
0.69986
0.69857
