1
0.94491
0.9317
0.92263
0.91559
0.9105
0.90598
0.90226
0.89897
0.89639
0.88853
0.88109
0.87411
0.86733
0.86085
0.85448
0.84835
0.84223
0.83615
0.83006
0.82402
0.81798
0.81207
0.8062
0.80051
0.79489
0.78951
0.7842
0.77913
0.77414
0.76937
0.76468
0.7602
0.75579
0.75156
0.7474
0.7434
0.73947
0.73568
0.73197
0.72837
0.72485
0.72145
0.71813
0.71492
0.71181
0.70881
0.70591
0.70311
0.70039
0.69777
0.69524
0.69279
0.69041
0.68808
0.68581
0.68358
0.68139
0.67923
0.6771
0.67501
0.67293
0.67088
0.66884
0.66683
0.66483
0.66286
0.6609
0.65896
0.65705
0.65515
0.65328
0.65145
0.64965
0.6479
0.64618
0.6445
0.64285
0.64122
0.63961
0.63801
0.63642
0.63485
0.6333
0.63175
0.63022
0.62869
0.62717
0.62565
0.62414
