1
0.94595
0.93228
0.92261
0.91506
0.90997
0.90575
0.90279
0.90004
0.89836
0.89165
0.8857
0.88034
0.87503
0.87002
0.86486
0.85997
0.85509
0.85052
0.84617
0.84205
0.83818
0.83432
0.83071
0.82692
0.82344
0.81984
0.8165
0.81316
0.80995
0.80684
0.80377
0.80086
0.79795
0.79522
0.79247
0.78988
0.78726
0.78477
0.78222
0.77976
0.77724
0.77478
0.77227
0.7698
0.76732
0.76486
0.76241
0.75997
0.75753
0.75511
0.75271
0.75033
0.74796
0.74561
0.74327
0.74094
0.73862
0.73631
0.73402
0.73175
0.72952
0.72732
0.72516
0.72306
0.72102
0.71907
0.71721
0.71546
0.71382
0.7123
0.7109
0.70962
0.70845
0.70734
0.70628
0.70524
0.70417
0.70305
0.70186
0.70061
0.69929
0.69791
0.69649
0.69502
0.69351
0.69196
0.6904
0.68882
0.68725
