1
0.96468
0.95621
0.95379
0.94783
0.94512
0.94246
0.94193
0.93936
0.93845
0.93763
0.93688
0.93564
0.93504
0.93316
0.93305
0.9315
0.93172
0.92872
0.92599
0.92274
0.91992
0.91652
0.91357
0.91022
0.90711
0.90378
0.90054
0.89731
0.89418
0.89119
0.8884
0.88581
0.88348
0.88145
0.87971
0.8782
0.87677
0.87531
0.87375
0.87207
0.87029
0.86847
0.86663
0.86484
0.86316
0.86163
0.86031
0.85921
0.85832
0.85762
0.857
0.85637
0.85566
0.85483
0.85386
0.85276
0.85155
0.85024
0.84887
0.84745
0.846
0.84456
0.84315
0.84179
0.84051
0.83931
0.83821
0.83721
0.83629
0.83542
0.83459
0.83376
0.83293
0.83207
0.8312
0.83031
0.82944
0.82858
0.82778
0.82703
0.82635
0.82574
0.82518
0.82464
0.82411
0.82354
0.82293
0.82226
0.82153
0.82075
0.81994
0.81912
0.8183
0.81751
0.81676
0.81605
0.8154
0.81478
0.81419
0.8136
0.81299
0.81235
0.81166
0.81092
0.81013
0.80928
0.80839
0.80746
0.8065
0.80552
0.80451
0.8035
0.80249
0.80147
0.80046
0.79945
0.79845
0.79745
0.79646
0.79546
0.79445
0.79342
0.79237
0.79129
