1
0.9685
0.95484
0.94676
0.9404
0.93536
0.93125
0.92811
0.92079
0.9143
0.90846
0.90314
0.89811
0.89325
0.88833
0.88327
0.87805
0.87279
0.86771
0.86294
0.85852
0.85441
0.85057
0.84697
0.84356
0.84032
0.83722
0.83424
0.83137
0.82858
0.82586
0.8232
0.82059
0.81803
0.8155
0.81301
0.81056
0.80815
0.80578
0.80344
0.80114
0.79889
0.79668
0.7945
0.79238
0.79029
0.78824
0.78624
0.78428
0.78237
0.78051
0.7787
0.77693
0.77522
0.77356
0.77195
0.7704
0.76891
0.76748
0.76611
0.76479
0.76354
0.76235
0.76123
0.76016
0.75916
0.75823
0.75736
0.75656
0.75583
0.75516
0.75455
0.75401
0.75354
0.75314
0.75279
0.75251
0.75229
0.75211
0.75199
0.75191
0.75187
0.75187
0.7519
0.75196
0.75206
0.75218
0.75234
0.75252
0.75273
0.75297
0.75323
0.75352
0.75383
0.75416
0.75451
0.75487
0.75523
0.7556
0.75597
0.75634
0.75671
0.75707
0.75741
0.75775
0.75808
0.75838
0.75867
0.75894
0.75917
0.75937
0.75954
0.75966
0.75974
0.75976
0.75972
0.75963
0.75947
0.75923
0.75892
0.75854
0.75806
0.7575
0.75685
0.75611
0.7553
0.75442
0.7535
0.75257
0.75163
0.7507
0.74978
0.74887
0.74796
0.74706
0.74617
0.7453
0.74448
