1
0.95555
1.0259
1.1917
1.1975
1.2569
1.2654
1.2912
1.3014
1.3146
1.3228
1.3465
1.3546
1.3793
1.3829
1.4008
1.4044
1.4546
1.4939
1.5324
1.568
1.6012
1.6331
1.6626
1.6918
1.7188
1.7456
1.7708
1.7957
1.8195
1.8427
1.8651
1.887
1.9082
1.9287
1.9487
1.9681
1.9869
2.0052
2.0228
2.04
2.0566
2.0729
2.0886
2.1041
2.1191
2.1338
2.1482
2.1623
2.1762
2.1898
2.2032
2.2164
2.2294
2.2422
2.2549
2.2675
2.28
2.2924
2.3048
2.3171
2.3294
2.3417
2.354
2.3663
2.3786
2.3909
2.4033
2.4156
2.4279
2.4401
2.4523
2.4644
2.4765
2.4884
2.5002
2.5119
2.5235
2.535
2.5463
2.5575
2.5686
2.5796
2.5905
2.6013
2.6119
2.6224
2.6328
2.643
2.6531
2.6631
2.673
2.6827
2.6923
2.7018
2.7112
2.7204
2.7295
2.7385
2.7473
2.7561
2.7647
2.7732
2.7816
2.7899
2.7981
2.8062
2.8142
2.8221
2.8299
2.8376
2.8452
2.8528
2.8602
2.8676
2.8749
2.8821
2.8893
2.8964
2.9034
2.9103
2.9172
2.9241
2.9308
2.9375
2.9441
2.9507
2.9572
2.9637
2.9701
2.9764
2.9827
2.9889
2.9951
3.0012
3.0072
3.0132
3.0192
3.025
3.0308
3.0366
3.0423
3.0479
3.0535
3.059
3.0645
3.0699
3.0753
3.0806
3.0858
3.091
3.0961
3.1012
3.1062
3.1111
3.116
3.1209
3.1257
3.1304
3.1351
3.1397
3.1443
3.1488
3.1533
3.1577
3.1621
3.1665
3.1707
3.175
3.1792
3.1833
3.1874
3.1915
3.1955
3.1995
3.2034
3.2073
3.2111
3.2149
3.2187
3.2224
3.2261
3.2298
3.2334
3.2369
3.2405
3.244
3.2474
3.2509
3.2543
3.2576
3.2609
3.2642
3.2675
3.2707
3.2738
3.277
3.2801
3.2832
3.2862
3.2892
3.2922
3.2952
3.2981
3.301
3.3039
3.3067
3.3095
3.3123
3.3151
3.3179
