1
0.95991
0.94697
0.94005
0.93663
0.93457
0.93244
0.92986
0.92981
0.92836
0.92496
0.92114
0.92169
0.92119
0.91801
0.91468
0.91155
0.9084
0.90543
0.90244
0.89962
0.89679
0.8942
0.89158
0.88921
0.88689
0.88483
0.88283
0.88101
0.87926
0.87765
0.8761
0.87461
0.87314
0.87169
0.87025
0.86881
0.86738
0.86594
0.8645
0.86305
0.86159
0.86013
0.85867
0.85721
0.85578
0.85438
0.853
0.85165
0.85034
0.84905
0.84779
0.84657
0.84537
0.84418
0.84301
0.84185
0.84067
0.83948
0.83826
0.83698
0.83565
0.83426
0.83281
0.8313
0.82973
0.82811
0.82646
0.82478
0.8231
0.82143
0.81978
0.81818
0.81661
0.8151
0.81363
0.81222
0.81086
0.80955
0.8083
0.8071
0.80595
0.80484
0.80378
0.80277
0.80179
0.80086
0.79996
0.79909
0.79826
0.79746
0.79669
0.79596
0.79526
0.79459
0.79395
0.79335
0.79277
0.79221
0.79168
0.79117
0.79067
0.79019
0.78973
0.78927
0.78883
0.78841
0.78799
0.78759
0.7872
0.78683
0.78647
0.78613
0.7858
0.78549
0.7852
0.78492
