1
0.9629
0.9545
0.95032
0.94701
0.94483
0.94273
0.94208
0.94036
0.93951
0.93858
0.93572
0.93312
0.93125
0.92971
0.92842
0.92739
0.92641
0.92555
0.92468
0.92382
0.92295
0.92206
0.92122
0.92048
0.91979
0.91917
0.91863
0.91817
0.91778
0.91747
0.91723
0.91702
0.91683
0.91667
0.91649
0.91628
0.91599
0.91555
0.91488
0.91383
0.91225
0.91002
0.90714
0.90387
0.90058
0.89758
0.89494
0.89267
0.89074
0.8891
0.88774
0.88661
0.8857
0.885
0.88447
0.88413
0.88395
0.88393
0.88405
0.88431
0.8847
0.88521
0.88584
0.88658
0.88741
0.88834
0.88936
0.89046
0.89162
0.89285
0.89413
0.89545
0.89681
0.89819
0.89959
0.90101
0.90244
0.90387
0.9053
0.90672
0.90813
0.90953
0.9109
0.91226
0.9136
0.91493
0.91625
0.91757
0.91888
0.92019
0.9215
0.92279
0.92407
0.92533
0.92657
0.92779
0.92898
0.93014
0.93126
0.93236
0.93341
0.93442
0.93539
0.93631
0.93717
0.93795
0.93865
0.93925
0.93973
0.94008
0.94029
0.94034
0.94023
0.93995
0.93947
0.93879
0.9379
0.93678
0.93542
0.93386
0.93213
0.93031
0.92849
0.92677
0.92524
0.92394
0.92288
0.92207
0.92148
0.92109
0.92087
0.9208
0.92084
0.92098
0.9212
0.92149
0.92182
0.9222
0.9226
0.92303
0.92349
0.92397
0.92447
0.92498
