1
0.9628
0.95088
0.94436
0.94016
0.93623
0.9334
0.93064
0.92857
0.92292
0.91751
0.91254
0.90775
0.90324
0.89892
0.89491
0.89111
0.88755
0.88406
0.88076
0.87742
0.8742
0.87093
0.86769
0.86438
0.86111
0.85779
0.85449
0.85117
0.84788
0.84458
0.84132
0.83811
0.83495
0.83185
0.82882
0.82586
0.82297
0.82016
0.8174
0.81471
0.81206
0.80948
0.80695
0.80447
0.80206
0.7997
0.79741
0.79517
0.793
0.79089
0.78883
0.78683
0.78489
0.783
0.78117
0.77939
0.77766
0.77597
0.77434
0.77275
0.77121
0.7697
0.76824
0.76682
0.76544
0.7641
0.76279
0.76151
0.76025
0.75903
0.75782
0.75663
0.75546
0.75429
0.75314
0.75198
0.75082
0.74966
0.74849
0.74729
0.74608
0.74484
0.74356
0.74226
0.74091
0.73954
0.73814
0.73671
0.73526
0.7338
0.73233
0.73086
0.7294
0.72794
0.72649
0.72505
0.72363
0.72222
0.72083
0.71945
0.71808
0.71673
