1
0.93448
0.92084
0.91529
0.91098
0.9069
0.90443
0.90342
0.90108
0.9
0.89791
0.89133
0.88409
0.87819
0.87323
0.86915
0.86583
0.86288
0.85988
0.85666
0.8533
0.85001
0.84694
0.84423
0.84192
0.83997
0.83833
0.83699
0.83593
0.8351
0.83444
0.83389
0.83339
0.83287
0.83226
0.83153
0.83064
0.82962
0.8285
0.82731
0.8261
0.82487
0.82363
0.82236
0.82107
0.8198
0.81854
0.81725
0.81592
0.81456
0.81317
0.81177
0.81035
0.8089
0.8074
0.80584
0.80422
0.80255
0.80083
0.79904
0.79718
0.7952
0.79308
0.7908
0.7884
0.78591
0.78338
0.78085
0.77834
0.77585
0.77339
0.77095
0.76853
0.76613
0.76379
0.76153
0.75937
0.75731
0.75534
0.75347
0.75169
0.74997
0.74832
0.74672
0.74515
0.7436
