1
0.93527
0.92016
0.91088
0.90366
0.89736
0.89205
0.88816
0.88445
0.88152
0.8791
0.87026
0.86202
0.8545
0.8475
0.84103
0.83495
0.82915
0.82353
0.81792
0.81217
0.80616
0.79977
0.79312
0.78647
0.78007
0.77404
0.76838
0.76299
0.75776
0.75257
0.74733
0.74201
0.73658
0.73099
0.72519
0.71916
0.71292
0.70658
0.70031
0.69431
0.68867
0.68339
0.67841
0.67372
0.66932
0.66517
0.66125
0.65754
0.65403
0.65072
0.64764
0.64476
0.64207
0.63952
0.63709
0.63471
0.63238
0.63003
0.62764
0.6252
0.62274
0.62029
0.61788
0.6155
0.61304
0.61041
0.60753
0.60445
0.60133
0.59836
0.59565
0.59322
0.59105
0.58908
0.58729
0.58563
0.58407
0.58258
0.58114
0.57975
0.5784
0.57708
0.57577
0.57444
0.5731
