1
0.98605
0.97713
0.97167
0.96739
0.96406
0.96122
0.9588
0.9567
0.95496
0.95339
0.95205
0.95082
0.94991
0.94918
0.9452
0.94136
0.93767
0.93406
0.93053
0.92704
0.92358
0.92014
0.91672
0.91333
0.90996
0.90663
0.90335
0.90012
0.89695
0.89385
0.89082
0.88785
0.88493
0.88208
0.87929
0.87655
0.87386
0.87124
0.86867
0.86616
0.8637
0.86131
0.85897
0.85668
0.85445
0.85226
0.85012
0.84802
0.84596
0.84395
0.84198
0.84004
0.83814
0.83628
0.83445
0.83266
0.83091
0.82919
0.8275
0.82585
0.82423
0.82265
0.82109
0.81957
0.81808
0.81663
0.8152
0.81381
0.81245
0.81111
0.8098
0.80851
0.80725
0.806
0.80479
0.80358
0.8024
0.80124
0.8001
0.79897
0.79786
0.79676
0.79568
0.79462
0.79357
0.79254
0.79152
0.79051
0.78952
0.78854
0.78758
0.78663
0.78569
0.78477
0.78386
0.78296
0.78208
0.78121
0.78035
0.7795
0.77867
0.77785
0.77704
0.77625
0.77547
0.77471
0.77395
0.77321
0.77248
0.77176
0.77105
0.77036
0.76966
0.76898
0.76831
0.76764
0.76698
0.76632
0.76567
0.76502
0.76438
0.76374
0.76311
0.76248
0.76185
0.76123
0.76061
0.75999
0.75938
0.75877
0.75816
0.75756
0.75696
0.75637
0.75578
0.75519
0.75461
0.75403
0.75345
0.75287
0.7523
0.75172
0.75114
0.75056
0.74997
0.74939
0.7488
0.74822
0.74763
0.74704
0.74645
0.74586
0.74527
0.74468
0.74409
0.74349
0.7429
0.74231
0.74171
0.74112
0.74053
0.73994
0.73936
0.73877
0.73819
0.73761
0.73704
0.73646
0.73589
0.73533
0.73477
0.73421
0.73365
0.73311
0.73256
0.73202
0.73148
0.73095
0.73043
0.7299
0.72939
0.72887
0.72837
0.72786
0.72736
0.72686
0.72637
0.72588
0.7254
0.72491
0.72444
0.72396
0.72349
0.72303
0.72256
0.72211
0.72165
0.7212
0.72076
0.72032
0.71988
0.71944
0.71901
0.71858
0.71815
0.71772
0.7173
0.71687
0.71645
0.71602
0.7156
0.71518
0.71475
0.71433
0.71391
0.71348
0.71306
0.71264
0.71221
0.71179
0.71137
0.71095
0.71054
0.71012
0.70971
0.70929
0.70888
0.70847
0.70807
0.70766
0.70726
0.70686
0.70645
0.70606
0.70566
0.70526
0.70486
0.70447
0.70407
0.70368
0.70329
0.70289
0.7025
0.70211
0.70173
0.70134
0.70096
0.70058
0.7002
0.69982
0.69944
0.69907
0.6987
0.69834
0.69797
0.69761
0.69725
0.69689
0.69654
0.69618
0.69583
0.69548
0.69513
0.69478
0.69443
0.69409
0.69374
0.6934
0.69305
0.69271
0.69237
