55.6336
-0.65179
-0.63424
-0.62532
-0.59183
-0.62069
-0.62632
-0.61729
-0.61985
-0.59389
-0.6146
-0.61764
-0.61457
-0.607
-0.59849
-0.59885
-0.6453
-0.60139
-0.64909
-0.59501
-0.64057
-0.64401
-0.67396
-0.71549
-0.69835
-0.75378
-0.75419
-0.75458
-0.74676
-0.73111
-0.70161
-0.72049
-0.75653
-0.69705
-0.72539
-0.75504
-0.72042
-0.82269
-0.77225
-0.93216
-0.84329
-0.80676
-0.93455
-0.9825
-0.917
-0.8704
-0.85889
-0.91295
-1.0378
-0.8263
-0.79159
-0.98338
-0.89576
-0.91758
-0.99951
-0.90261
-0.90575
-0.87452
-0.9601
-1.0153
-1.2266
-1.6837
-2.0953
-1.9437
0
0
0
0
0
0
0
0
0
0
0
0
0
0
0
0
0
-4.0082
0
0
0
0
0
0
0
0
0
0
0
0
0
0
0
0
0
0
0
0
0
0
0
0
0
0
0
0
0
0
0
0
-0.65179
58.2209
-0.64569
-0.63025
-0.60037
-0.62915
-0.63126
-0.62538
-0.62579
-0.59864
-0.62204
-0.62604
-0.62202
-0.61496
-0.60575
-0.60356
-0.65317
-0.61268
-0.65179
-0.5974
-0.648
-0.65629
-0.68272
-0.72727
-0.71121
-0.76442
-0.75709
-0.76475
-0.75682
-0.73881
-0.71434
-0.73491
-0.77133
-0.70909
-0.73719
-0.75821
-0.77811
-0.83528
-0.7929
-0.94247
-0.84547
-0.69838
-0.94526
-0.99553
-0.92796
-0.8805
-0.86938
-0.9237
-1.0462
-0.81463
-0.80288
-0.99844
-0.90626
-0.92018
-1.0007
-0.91557
-0.91782
-0.88698
-0.98803
-0.99768
-1.2593
-1.6916
0
0
0
0
0
0
0
0
0
0
0
0
0
0
0
0
0
0
-4.5755
0
0
0
0
0
0
0
0
0
0
0
0
0
-5.584
0
0
0
0
0
0
0
0
0
0
0
0
0
0
0
0
0
0
0
-0.63424
-0.64569
53.8696
-0.59795
-0.58435
-0.6132
-0.61638
-0.60936
-0.61143
-0.57025
-0.60613
-0.61218
-0.6061
-0.59855
-0.59014
-0.59306
-0.63663
-0.59732
-0.64076
-0.58889
-0.63294
-0.63824
-0.66692
-0.70775
-0.69791
-0.74573
-0.74544
-0.74504
-0.73739
-0.71902
-0.69629
-0.69487
-0.74273
-0.68836
-0.72075
-0.75012
-0.75628
-0.81723
-0.76026
-0.92054
-0.83646
-0.80162
-0.92335
-0.92768
-0.9065
-0.86974
-0.84873
-0.90223
-1.0285
-0.81685
-0.78595
-0.9754
-0.88657
-0.90544
-0.9873
-0.89121
-0.89493
-0.86495
-0.94823
-1.0057
-1.2469
-1.6703
0
0
0
0
0
0
0
0
0
0
-3.0555
0
0
0
0
0
0
0
0
0
0
-3.7531
0
0
0
0
0
0
0
0
0
0
0
0
0
0
0
0
0
0
0
0
0
0
0
0
0
0
0
0
0
0
-0.62532
-0.63025
-0.59795
52.9143
-0.57611
-0.60459
-0.60704
-0.60107
-0.60265
-0.57462
-0.59807
-0.60323
-0.59804
-0.59063
-0.58231
-0.58359
-0.62872
-0.58958
-0.63215
-0.57761
-0.62525
-0.62887
-0.65862
-0.69986
-0.68819
-0.73713
-0.73256
-0.73687
-0.72921
-0.7107
-0.68744
-0.70335
-0.73693
-0.68109
-0.7108
-0.73811
-0.74709
-0.80565
-0.75556
-0.91147
-0.82635
-0.78515
-0.91412
-0.91655
-0.8971
-0.85785
-0.83979
-0.8932
-1.0165
-0.7854
-0.77618
-0.96839
-0.87716
-0.89393
-0.975
-0.88152
-0.88664
-0.85389
-0.93452
-0.98826
-1.2298
-1.6569
0
0
0
-2.6891
0
0
0
0
0
0
0
0
0
0
0
0
0
0
0
0
0
-3.7427
0
0
0
0
0
0
0
0
0
0
0
0
0
0
0
0
0
0
0
0
0
0
0
0
0
0
0
0
0
0
-0.59183
-0.60037
-0.58435
-0.57611
46.8065
-0.56933
-0.57413
-0.57054
-0.57072
-0.54627
-0.56828
-0.57153
-0.56825
-0.56005
-0.55161
-0.55293
-0.59666
-0.55881
-0.59995
-0.54872
-0.59247
-0.59459
-0.62367
-0.66488
-0.65193
-0.70028
-0.70037
-0.70049
-0.69383
-0.67544
-0.65229
-0.66874
-0.70141
-0.64623
-0.67437
-0.70115
-0.71228
-0.76446
-0.72
-0.8711
-0.78785
-0.74892
-0.87391
-0.92246
-0.85727
-0.81771
-0.80105
-0.85337
-0.97439
-0.76748
-0.71822
-0.92409
-0.8328
-0.85333
-0.93152
-0.84086
-0.81528
-0.81338
-0.89818
-0.94562
-1.1783
-1.613
0
0
0
0
0
0
0
0
0
0
0
-2.467
0
0
0
0
0
0
0
0
0
0
0
0
0
0
0
0
0
0
0
0
0
0
0
0
0
0
0
0
0
0
0
0
0
0
0
0
0
0
0
0
-0.62069
-0.62915
-0.6132
-0.60459
-0.56933
50.2358
-0.60724
-0.59986
-0.59514
-0.57232
-0.59746
-0.60163
-0.59743
-0.58987
-0.58158
-0.58216
-0.628
-0.58851
-0.63205
-0.57984
-0.62361
-0.62563
-0.62968
-0.69785
-0.68781
-0.73517
-0.7345
-0.73479
-0.72753
-0.71082
-0.68471
-0.70254
-0.73569
-0.67891
-0.70794
-0.73461
-0.74702
-0.80127
-0.75145
-0.9087
-0.82642
-0.78476
-0.91352
-0.95977
-0.8967
-0.85553
-0.83972
-0.89302
-1.0134
-0.80279
-0.77182
-0.96096
-0.87198
-0.89354
-0.97351
-0.88312
-0.88555
-0.85034
-0.93277
-0.98644
-1.2221
-1.4801
0
0
0
0
0
0
0
0
0
0
0
0
0
0
0
0
0
-3.9877
0
0
0
0
0
0
0
0
0
0
0
0
0
0
0
0
0
0
0
0
0
0
0
0
0
0
0
0
0
0
0
0
0
0
-0.62632
-0.63126
-0.61638
-0.60704
-0.57413
-0.60724
51.3995
-0.59775
-0.5973
-0.57038
-0.59518
-0.59895
-0.59516
-0.58747
-0.57911
-0.57905
-0.62521
-0.58673
-0.62822
-0.57427
-0.62082
-0.62219
-0.65204
-0.69544
-0.67852
-0.73043
-0.7303
-0.73132
-0.72408
-0.69549
-0.6817
-0.69859
-0.73231
-0.67574
-0.70532
-0.73074
-0.75264
-0.79757
-0.75576
-0.90699
-0.82134
-0.77937
-0.9101
-0.95634
-0.89322
-0.85125
-0.83623
-0.88936
-1.0069
-0.80233
-0.77179
-0.95694
-0.86992
-0.90195
-0.96701
-0.88023
-0.87854
-0.8422
-0.93153
-0.99176
-1.2151
0
0
0
0
0
0
0
0
-2.9965
0
0
0
0
0
0
0
0
0
0
0
0
0
0
0
0
0
0
0
0
0
0
0
0
0
0
0
0
-3.7544
0
0
0
0
0
0
0
0
0
0
0
0
0
0
0
-0.61729
-0.62538
-0.60936
-0.60107
-0.57054
-0.59986
-0.59775
44.2155
-0.59265
-0.56699
-0.59305
-0.59287
-0.59302
-0.58177
-0.57259
-0.57327
-0.61803
-0.57902
-0.62135
-0.56907
-0.61315
-0.61517
-0.64735
-0.68709
-0.67603
-0.72408
-0.72317
-0.7234
-0.71655
-0.69852
-0.67412
-0.691
-0.7249
-0.66708
-0.69744
-0.72423
-0.73715
-0.79014
-0.74467
-0.89593
-0.81147
-0.77442
-0.89893
-0.95077
-0.8821
-0.8429
-0.82503
-0.87817
-1.0027
-0.79608
-0.76603
-0.9499
-0.86034
-0.88045
-0.95931
-0.86674
-0.87314
-0.83876
-0.92378
-0.97592
-1.2124
0
0
0
0
0
0
0
0
0
0
0
0
0
0
0
0
0
0
0
0
0
0
0
0
0
0
0
0
0
0
0
0
0
0
0
0
0
0
0
0
0
0
0
0
0
0
0
0
0
0
0
0
0
-0.61985
-0.62579
-0.61143
-0.60265
-0.57072
-0.59514
-0.5973
-0.59265
49.2273
-0.56283
-0.59028
-0.59433
-0.59025
-0.58265
-0.57419
-0.57392
-0.62021
-0.58195
-0.62432
-0.57033
-0.61536
-0.61641
-0.65303
-0.68914
-0.68399
-0.72671
-0.72512
-0.72588
-0.7188
-0.69959
-0.67834
-0.69364
-0.72622
-0.67051
-0.70157
-0.7241
-0.7409
-0.7901
-0.7433
-0.89849
-0.81597
-0.77194
-0.90123
-0.95769
-0.88443
-0.84233
-0.82752
-0.88075
-1.0073
-0.79447
-0.75285
-0.95198
-0.86284
-0.87645
-0.94567
-0.86924
-0.87449
-0.84361
-0.92168
-0.9596
0
0
0
0
0
0
0
0
0
0
0
0
0
0
0
0
0
0
0
0
0
0
0
0
0
0
0
0
0
0
0
0
0
0
0
0
0
0
0
0
0
0
-6.1833
0
0
0
0
0
0
0
0
0
0
0
-0.59389
-0.59864
-0.57025
-0.57462
-0.54627
-0.57232
-0.57038
-0.56699
-0.56283
48.0383
-0.56384
-0.57115
-0.56381
-0.55766
-0.54932
-0.55039
-0.59217
-0.55496
-0.59727
-0.54323
-0.58752
-0.58923
-0.61992
-0.65984
-0.65179
-0.69619
-0.69307
-0.69469
-0.6882
-0.66979
-0.64921
-0.64345
-0.6948
-0.64005
-0.67203
-0.6987
-0.71279
-0.76023
-0.70906
-0.86458
-0.78797
-0.74183
-0.86768
-0.91871
-0.85061
-0.81548
-0.79482
-0.84679
-0.97124
-0.76573
-0.73131
-0.91918
-0.82815
-0.86667
-0.93404
-0.83652
-0.83988
-0.81342
-0.88618
0
0
0
0
0
0
0
0
0
0
0
0
0
-2.9382
0
0
0
0
0
0
0
0
0
0
0
0
0
0
0
0
-4.6888
0
0
0
0
0
0
0
0
0
0
0
0
0
0
0
0
0
0
0
0
0
0
0
0
-0.6146
-0.62204
-0.60613
-0.59807
-0.56828
-0.59746
-0.59518
-0.59305
-0.59028
-0.56384
42.7244
-0.59163
-0.55814
-0.57303
-0.56565
-0.56653
-0.61279
-0.57423
-0.61601
-0.56481
-0.60851
-0.61103
-0.64384
-0.68252
-0.67303
-0.72007
-0.71861
-0.7189
-0.71266
-0.69437
-0.6698
-0.68647
-0.72006
-0.6628
-0.69294
-0.7199
-0.73293
-0.78591
-0.73982
-0.89089
-0.80613
-0.77023
-0.89403
-0.94625
-0.87733
-0.83801
-0.82022
-0.87354
-0.99787
-0.79225
-0.76339
-0.94469
-0.8544
-0.8744
-0.95553
-0.86182
-0.86856
-0.83354
-0.91766
-0.97767
0
0
0
0
0
0
0
0
0
0
0
0
0
0
0
0
0
0
0
0
0
0
0
0
0
0
0
0
0
0
0
0
0
0
0
0
0
0
0
0
0
0
0
0
0
0
0
0
0
0
0
0
0
0
-0.61764
-0.62604
-0.61218
-0.60323
-0.57153
-0.60163
-0.59895
-0.59287
-0.59433
-0.57115
-0.59163
45.2586
-0.5916
-0.58207
-0.57331
-0.56352
-0.61875
-0.57938
-0.61962
-0.56959
-0.61383
-0.61999
-0.64827
-0.68907
-0.6755
-0.71995
-0.72394
-0.72529
-0.71889
-0.70035
-0.67617
-0.69433
-0.72708
-0.6705
-0.69893
-0.70375
-0.73939
-0.79688
-0.74808
-0.89794
-0.80852
-0.77392
-0.90165
-0.95239
-0.88452
-0.81035
-0.82775
-0.88075
-1.0038
-0.79652
-0.7684
-0.95222
-0.86352
-0.88966
-0.96059
-0.87058
-0.87675
-0.84207
-0.92471
0
0
0
0
0
0
0
0
0
0
0
0
-3.2028
0
0
0
0
0
0
0
0
0
0
0
0
0
0
0
0
0
0
0
0
0
0
0
0
0
0
0
0
0
0
0
0
0
0
0
0
0
0
0
0
0
0
-0.61457
-0.62202
-0.6061
-0.59804
-0.56825
-0.59743
-0.59516
-0.59302
-0.59025
-0.56381
-0.55814
-0.5916
42.7228
-0.57302
-0.56563
-0.56651
-0.61276
-0.57421
-0.61598
-0.56479
-0.60848
-0.61101
-0.64381
-0.68249
-0.673
-0.72005
-0.71858
-0.71887
-0.71264
-0.69435
-0.66978
-0.68645
-0.72003
-0.66278
-0.69291
-0.71986
-0.7329
-0.78589
-0.73979
-0.89085
-0.8061
-0.7702
-0.894
-0.94622
-0.8773
-0.83799
-0.82019
-0.87352
-0.99784
-0.79222
-0.76337
-0.94466
-0.85438
-0.87438
-0.95549
-0.86178
-0.86853
-0.83351
-0.91764
-0.97764
0
0
0
0
0
0
0
0
0
0
0
0
0
0
0
0
0
0
0
0
0
0
0
0
0
0
0
0
0
0
0
0
0
0
0
0
0
0
0
0
0
0
0
0
0
0
0
0
0
0
0
0
0
0
-0.607
-0.61496
-0.59855
-0.59063
-0.56005
-0.58987
-0.58747
-0.58177
-0.58265
-0.55766
-0.57303
-0.58207
-0.57302
41.2631
-0.55831
-0.55429
-0.60493
-0.5663
-0.60732
-0.55691
-0.60044
-0.60295
-0.63528
-0.67415
-0.66449
-0.71109
-0.70958
-0.70989
-0.70366
-0.68538
-0.66104
-0.67753
-0.71067
-0.65415
-0.68369
-0.711
-0.72351
-0.77674
-0.73076
-0.88078
-0.79619
-0.76162
-0.88402
-0.93554
-0.86695
-0.82856
-0.81031
-0.86327
-0.98704
-0.784
-0.75395
-0.9347
-0.84454
-0.8711
-0.94558
-0.85172
-0.85868
-0.8235
-0.9082
0
0
0
0
0
0
0
0
0
0
0
0
0
0
0
0
0
0
0
0
0
0
0
0
0
0
0
0
0
0
0
0
0
0
0
0
0
0
0
0
0
0
0
0
0
0
0
0
0
0
0
0
0
0
0
-0.59849
-0.60575
-0.59014
-0.58231
-0.55161
-0.58158
-0.57911
-0.57259
-0.57419
-0.54932
-0.56565
-0.57331
-0.56563
-0.55831
39.812
-0.54776
-0.59651
-0.55784
-0.59617
-0.5497
-0.59187
-0.5938
-0.62637
-0.66493
-0.65687
-0.70133
-0.70225
-0.70028
-0.69411
-0.67615
-0.652
-0.66823
-0.70065
-0.6448
-0.67418
-0.70142
-0.71325
-0.76604
-0.72054
-0.86947
-0.78533
-0.75455
-0.87278
-0.9237
-0.85579
-0.81758
-0.79939
-0.85203
-0.975
-0.77319
-0.74411
-0.92222
-0.83282
-0.85969
-0.93342
-0.83757
-0.84692
-0.81139
0
0
0
0
0
0
0
0
0
0
0
0
0
0
0
0
0
0
0
0
0
0
0
0
0
0
0
0
0
0
0
0
0
0
0
0
0
0
0
0
0
0
0
0
0
0
0
0
0
0
0
0
0
0
0
0
-0.59885
-0.60356
-0.59306
-0.58359
-0.55293
-0.58216
-0.57905
-0.57327
-0.57392
-0.55039
-0.56653
-0.56352
-0.56651
-0.55429
-0.54776
40.4884
-0.59751
-0.55701
-0.5946
-0.54807
-0.59118
-0.59917
-0.62328
-0.66395
-0.65378
-0.69788
-0.69814
-0.69824
-0.69409
-0.67553
-0.65354
-0.67209
-0.70203
-0.64977
-0.67471
-0.64471
-0.71289
-0.77028
-0.72737
-0.87007
-0.77742
-0.74678
-0.87354
-0.92145
-0.85728
-0.78202
-0.80184
-0.85437
-0.97151
-0.77021
0
-0.92244
-0.83754
0
-0.93168
-0.8413
0
0
0
0
0
0
0
0
0
0
0
0
0
0
0
0
0
0
0
0
0
0
0
0
0
0
0
0
0
0
-4.0398
0
0
0
0
0
0
0
0
0
0
0
0
0
0
0
0
0
0
0
0
0
0
0
0
0
0
0
-0.6453
-0.65317
-0.63663
-0.62872
-0.59666
-0.628
-0.62521
-0.61803
-0.62021
-0.59217
-0.61279
-0.61875
-0.61276
-0.60493
-0.59651
-0.59751
36.4194
-0.59487
-0.64731
-0.58833
-0.63562
-0.63746
-0.68532
-0.71278
-0.71551
-0.75053
-0.75133
-0.74958
-0.74248
-0.72293
-0.69958
-0.71503
-0.7478
-0.69167
-0.72464
-0.74982
-0.76133
-0.81106
-0.77775
-0.92298
-0.83681
-0.80774
-0.92783
-0.97735
-0.91143
-0.8705
-0.85524
-0.90951
-1.029
0
0
-0.97929
0
0
0
-0.8916
0
0
0
0
0
0
0
0
0
0
0
0
0
0
0
0
0
0
0
0
0
0
0
0
0
0
0
0
0
0
0
0
0
0
0
0
0
0
0
0
0
0
0
0
0
0
0
0
0
0
0
0
0
0
0
0
0
0
-0.60139
-0.61268
-0.59732
-0.58958
-0.55881
-0.58851
-0.58673
-0.57902
-0.58195
-0.55496
-0.57423
-0.57938
-0.57421
-0.5663
-0.55784
-0.55701
-0.59487
34.2733
-0.59922
-0.55426
-0.59762
-0.596
-0.63038
-0.66893
-0.65346
-0.70409
-0.70438
-0.70395
-0.69648
-0.67892
-0.65079
-0.67057
-0.69899
-0.64683
-0.67386
-0.70386
-0.70882
-0.76282
-0.72526
-0.87064
-0.78605
-0.75961
-0.87529
-0.92289
-0.85962
-0.81917
-0.80652
-0.85921
-0.97527
0
0
0
0
0
0
0
0
0
0
0
0
0
0
-1.8547
0
0
0
0
0
0
0
0
0
0
0
0
0
0
0
0
0
0
0
0
0
0
0
0
0
0
0
0
0
0
0
0
0
0
0
0
0
0
0
0
0
0
0
0
0
0
0
0
0
0
-0.64909
-0.65179
-0.64076
-0.63215
-0.59995
-0.63205
-0.62822
-0.62135
-0.62432
-0.59727
-0.61601
-0.61962
-0.61598
-0.60732
-0.59617
-0.5946
-0.64731
-0.59922
38.6497
-0.59515
-0.63644
-0.63616
-0.68175
-0.71508
-0.71459
-0.75221
-0.75098
-0.75141
-0.74463
-0.7248
-0.70163
-0.71779
-0.75087
-0.69271
-0.72757
-0.74545
-0.7614
-0.80966
-0.78203
-0.92458
-0.76354
-0.80004
-0.92838
-0.98348
-0.9121
-0.86503
-0.85785
-0.91147
-1.0351
0
0
0
0
0
0
0
0
0
0
0
0
0
0
0
0
0
0
0
0
0
0
0
0
0
0
0
0
0
0
0
0
0
0
0
0
0
0
0
0
0
-4.1026
0
0
0
0
0
0
0
0
0
0
0
0
0
0
0
0
0
0
0
0
0
0
0
-0.59501
-0.5974
-0.58889
-0.57761
-0.54872
-0.57984
-0.57427
-0.56907
-0.57033
-0.54323
-0.56481
-0.56959
-0.56479
-0.55691
-0.5497
-0.54807
-0.58833
-0.55426
-0.59515
35.1319
-0.58937
-0.58386
-0.61315
-0.661
-0.65083
-0.69237
-0.68812
-0.69395
-0.6861
-0.67113
-0.64318
-0.66103
-0.6893
-0.64034
-0.66327
-0.68772
-0.69684
-0.74616
-0.71359
-0.85949
-0.77433
-0.72917
-0.86691
0
-0.85087
0
-0.79872
-0.85006
0
0
0
0
0
0
0
0
0
0
0
0
0
0
0
0
-2.183
0
0
0
0
0
0
0
0
0
0
0
0
0
0
0
0
0
-3.712
0
0
0
0
0
0
0
0
0
0
0
0
0
0
0
0
0
0
0
0
0
0
0
0
0
0
0
0
0
0
0
-0.64057
-0.648
-0.63294
-0.62525
-0.59247
-0.62361
-0.62082
-0.61315
-0.61536
-0.58752
-0.60851
-0.61383
-0.60848
-0.60044
-0.59187
-0.59118
-0.63562
-0.59762
-0.63644
-0.58937
32.1967
-0.63105
-0.66251
-0.7153
-0.6896
-0.74368
-0.74172
-0.74294
-0.73467
-0.71491
-0.69166
-0.70717
-0.737
-0.6842
-0.71592
-0.74132
-0.7512
-0.79704
-0.76398
-0.91109
-0.8262
-0.79817
-0.91545
0
-0.90048
-0.85935
-0.84671
-0.90037
0
0
0
0
0
0
0
0
0
0
0
0
0
0
0
0
0
0
0
0
0
0
0
0
0
0
0
0
0
0
0
0
0
0
0
0
0
0
0
0
0
0
0
0
0
0
0
0
0
0
0
0
0
0
0
0
0
0
0
0
0
0
0
0
0
0
-0.64401
-0.65629
-0.63824
-0.62887
-0.59459
-0.62563
-0.62219
-0.61517
-0.61641
-0.58923
-0.61103
-0.61999
-0.61101
-0.60295
-0.5938
-0.59917
-0.63746
-0.596
-0.63616
-0.58386
-0.63105
32.82
-0.6574
-0.70306
-0.68394
-0.72192
-0.73635
-0.72902
-0.72817
-0.70748
-0.68586
-0.70405
-0.73684
-0.68061
-0.70646
-0.74528
-0.74117
-0.64659
-0.76854
-0.90231
0
0
-0.90668
0
-0.89041
0
0
0
0
0
0
0
0
0
0
0
0
0
0
0
0
0
0
0
0
0
0
0
0
0
0
0
0
0
0
0
0
0
0
0
0
0
0
0
0
0
0
0
0
0
0
0
0
0
0
0
0
0
0
-5.0847
0
0
0
0
0
0
0
0
0
0
0
0
0
0
-0.67396
-0.68272
-0.66692
-0.65862
-0.62367
-0.62968
-0.65204
-0.64735
-0.65303
-0.61992
-0.64384
-0.64827
-0.64381
-0.63528
-0.62637
-0.62328
-0.68532
-0.63038
-0.68175
-0.61315
-0.66251
-0.6574
37.2223
-0.73363
-0.74009
-0.76467
-0.76517
-0.76607
-0.75661
-0.73751
-0.71249
-0.72926
-0.76395
-0.70544
-0.73768
-0.76592
-0.77447
-0.82152
-0.8031
-0.9369
0
0
0
0
0
0
0
0
0
0
0
0
0
0
0
0
0
0
0
0
0
0
0
0
0
0
0
0
0
0
0
0
0
0
0
0
0
0
0
0
0
0
0
0
0
0
0
0
-5.0532
0
0
-4.8953
0
0
0
0
0
0
0
0
0
0
0
0
0
0
0
0
0
0
0
0
0
0
-0.71549
-0.72727
-0.70775
-0.69986
-0.66488
-0.69785
-0.69544
-0.68709
-0.68914
-0.65984
-0.68252
-0.68907
-0.68249
-0.67415
-0.66493
-0.66395
-0.71278
-0.66893
-0.71508
-0.661
-0.7153
-0.70306
-0.73363
31.1163
-0.75431
-0.82758
-0.82783
-0.82444
-0.81544
-0.79703
-0.7688
-0.78574
-0.82169
-0.75725
-0.80094
-0.83198
-0.84705
-0.88783
-0.85112
-0.9998
0
0
-1.0041
0
0
0
0
0
0
0
0
0
0
-1.0018
0
0
0
0
0
0
0
0
0
0
0
0
0
0
0
0
0
0
0
0
0
0
0
0
0
0
0
0
0
0
0
0
0
0
0
0
0
0
0
0
0
0
0
0
0
0
0
0
0
0
0
0
0
0
0
0
0
0
0
0
-0.69835
-0.71121
-0.69791
-0.68819
-0.65193
-0.68781
-0.67852
-0.67603
-0.68399
-0.65179
-0.67303
-0.6755
-0.673
-0.66449
-0.65687
-0.65378
-0.71551
-0.65346
-0.71459
-0.65083
-0.6896
-0.68394
-0.74009
-0.75431
37.0549
-0.76741
-0.78093
-0.78556
-0.77411
-0.75218
-0.73184
-0.75002
-0.77638
-0.72572
-0.75534
-0.78328
-0.79272
-0.83595
0
0
0
0
0
0
0
0
0
0
0
0
0
0
0
0
0
0
0
0
0
0
0
0
0
0
0
0
0
0
0
0
0
0
0
0
0
0
0
0
0
0
0
0
0
0
0
0
0
0
0
0
0
0
0
0
0
0
-3.9938
0
0
0
0
0
0
0
0
0
0
0
0
0
0
0
-6.625
0
-0.75378
-0.76442
-0.74573
-0.73713
-0.70028
-0.73517
-0.73043
-0.72408
-0.72671
-0.69619
-0.72007
-0.71995
-0.72005
-0.71109
-0.70133
-0.69788
-0.75053
-0.70409
-0.75221
-0.69237
-0.74368
-0.72192
-0.76467
-0.82758
-0.76741
29.9611
-0.8746
-0.86499
-0.85754
-0.84207
-0.80855
-0.82761
-0.87207
-0.78606
-0.84924
-0.88069
0
-0.94387
0
0
0
0
0
0
0
0
0
0
0
0
0
0
0
0
0
0
0
0
0
0
0
0
-2.2451
0
0
0
0
0
0
0
0
0
0
0
0
0
0
0
0
0
0
0
0
0
0
0
0
0
0
0
0
0
0
0
0
0
0
0
0
0
0
0
0
0
0
0
0
0
0
0
0
0
0
0
-0.75419
-0.75709
-0.74544
-0.73256
-0.70037
-0.7345
-0.7303
-0.72317
-0.72512
-0.69307
-0.71861
-0.72394
-0.71858
-0.70958
-0.70225
-0.69814
-0.75133
-0.70438
-0.75098
-0.68812
-0.74172
-0.73635
-0.76517
-0.82783
-0.78093
-0.8746
29.1894
-0.87119
-0.85972
-0.8444
-0.81208
-0.82912
-0.8856
-0.7991
-0.84716
-0.86968
0
0
0
0
0
0
0
0
0
0
0
0
0
0
0
0
0
0
0
0
0
0
0
0
0
0
0
0
-2.3831
0
0
0
0
0
0
0
0
0
0
0
0
0
0
0
0
0
0
0
0
0
0
0
0
0
0
0
0
0
0
0
0
0
0
0
0
0
0
0
0
0
0
0
0
0
0
0
0
0
-0.75458
-0.76475
-0.74504
-0.73687
-0.70049
-0.73479
-0.73132
-0.7234
-0.72588
-0.69469
-0.7189
-0.72529
-0.71887
-0.70989
-0.70028
-0.69824
-0.74958
-0.70395
-0.75141
-0.69395
-0.74294
-0.72902
-0.76607
-0.82444
-0.78556
-0.86499
-0.87119
27.6763
-0.85082
-0.833
-0.79909
-0.82144
-0.87981
-0.78072
-0.84258
-0.8727
0
-0.92975
0
0
0
0
0
0
0
0
0
0
0
0
0
0
0
0
0
0
0
0
0
0
0
0
0
0
0
0
0
0
0
0
0
0
0
0
0
0
0
0
0
0
0
0
0
0
0
0
0
0
0
0
0
0
0
0
0
0
0
0
0
0
0
0
0
0
0
0
0
0
0
0
0
0
0
0
-0.74676
-0.75682
-0.73739
-0.72921
-0.69383
-0.72753
-0.72408
-0.71655
-0.7188
-0.6882
-0.71266
-0.71889
-0.71264
-0.70366
-0.69411
-0.69409
-0.74248
-0.69648
-0.74463
-0.6861
-0.73467
-0.72817
-0.75661
-0.81544
-0.77411
-0.85754
-0.85972
-0.85082
27.2295
-0.8244
-0.79751
-0.82805
-0.85134
-0.79833
-0.83447
0
0
0
0
0
0
0
0
0
0
0
0
0
0
0
0
0
0
0
0
0
0
0
0
0
0
0
0
0
0
0
-1.5734
0
0
0
0
0
0
0
0
0
0
0
0
0
0
0
0
0
0
0
0
0
0
0
0
0
0
0
0
0
0
0
0
0
0
0
0
0
0
0
0
0
0
0
0
0
0
0
-0.73111
-0.73881
-0.71902
-0.7107
-0.67544
-0.71082
-0.69549
-0.69852
-0.69959
-0.66979
-0.69437
-0.70035
-0.69435
-0.68538
-0.67615
-0.67553
-0.72293
-0.67892
-0.7248
-0.67113
-0.71491
-0.70748
-0.73751
-0.79703
-0.75218
-0.84207
-0.8444
-0.833
-0.8244
27.7289
-0.76439
-0.78251
-0.83357
-0.7735
0
0
0
0
0
0
0
0
0
0
0
0
0
0
0
0
0
0
0
0
0
0
0
0
0
0
0
0
0
0
0
0
0
0
0
0
0
0
0
0
0
0
0
-3.5488
0
0
0
0
0
0
0
0
0
0
0
0
0
0
0
0
0
0
0
0
0
0
0
0
0
0
0
0
0
0
0
0
0
0
0
0
-0.70161
-0.71434
-0.69629
-0.68744
-0.65229
-0.68471
-0.6817
-0.67412
-0.67834
-0.64921
-0.6698
-0.67617
-0.66978
-0.66104
-0.652
-0.65354
-0.69958
-0.65079
-0.70163
-0.64318
-0.69166
-0.68586
-0.71249
-0.7688
-0.73184
-0.80855
-0.81208
-0.79909
-0.79751
-0.76439
25.9082
-0.72378
-0.79396
-0.78423
0
0
0
0
0
0
0
0
0
0
0
0
0
0
0
0
0
0
0
0
0
0
0
0
0
0
0
0
0
0
0
0
0
0
-2.5364
0
0
0
0
0
0
0
0
0
0
0
0
0
0
0
0
0
0
0
0
0
0
0
0
0
0
0
0
0
0
0
0
0
0
0
0
0
0
0
0
0
0
0
0
0
-0.72049
-0.73491
-0.69487
-0.70335
-0.66874
-0.70254
-0.69859
-0.691
-0.69364
-0.64345
-0.68647
-0.69433
-0.68645
-0.67753
-0.66823
-0.67209
-0.71503
-0.67057
-0.71779
-0.66103
-0.70717
-0.70405
-0.72926
-0.78574
-0.75002
-0.82761
-0.82912
-0.82144
-0.82805
-0.78251
-0.72378
26.7675
-0.8143
-0.77325
0
0
0
0
0
0
0
0
0
0
0
0
0
0
0
0
0
0
0
0
0
0
0
0
0
0
0
0
0
0
0
0
0
0
0
0
0
0
-2.8901
0
0
0
0
0
0
0
0
0
0
0
0
0
0
0
0
0
0
0
0
0
0
0
0
0
0
0
0
0
0
0
0
0
0
0
0
0
0
0
0
0
-0.75653
-0.77133
-0.74273
-0.73693
-0.70141
-0.73569
-0.73231
-0.7249
-0.72622
-0.6948
-0.72006
-0.72708
-0.72003
-0.71067
-0.70065
-0.70203
-0.7478
-0.69899
-0.75087
-0.6893
-0.737
-0.73684
-0.76395
-0.82169
-0.77638
-0.87207
-0.8856
-0.87981
-0.85134
-0.83357
-0.79396
-0.8143
28.7092
-0.80518
0
0
0
0
0
0
0
0
0
0
0
0
0
0
0
0
0
0
0
0
0
0
0
0
0
0
0
0
0
0
0
0
0
0
0
0
0
0
0
0
-3.6471
0
0
0
0
0
0
0
0
0
0
0
0
0
0
0
0
0
0
0
0
0
0
0
0
0
0
0
0
0
0
0
0
0
0
0
0
0
0
0
-0.69705
-0.70909
-0.68836
-0.68109
-0.64623
-0.67891
-0.67574
-0.66708
-0.67051
-0.64005
-0.6628
-0.6705
-0.66278
-0.65415
-0.6448
-0.64977
-0.69167
-0.64683
-0.69271
-0.64034
-0.6842
-0.68061
-0.70544
-0.75725
-0.72572
-0.78606
-0.7991
-0.78072
-0.79833
-0.7735
-0.78423
-0.77325
-0.80518
23.224
0
0
0
0
0
0
0
0
0
0
0
0
0
0
0
0
0
0
0
0
0
0
0
0
0
0
0
0
0
0
0
0
0
0
0
0
0
0
0
0
0
0
0
0
0
0
0
0
0
0
0
0
0
0
0
0
0
0
0
0
0
0
0
0
0
0
0
0
0
0
0
0
0
0
0
0
0
0
0
0
-0.72539
-0.73719
-0.72075
-0.7108
-0.67437
-0.70794
-0.70532
-0.69744
-0.70157
-0.67203
-0.69294
-0.69893
-0.69291
-0.68369
-0.67418
-0.67471
-0.72464
-0.67386
-0.72757
-0.66327
-0.71592
-0.70646
-0.73768
-0.80094
-0.75534
-0.84924
-0.84716
-0.84258
-0.83447
0
0
0
0
0
23.5735
0
0
0
0
0
0
0
0
0
0
0
0
0
0
0
0
0
0
0
0
0
0
0
0
0
0
0
0
0
0
0
0
0
-2.5242
0
0
0
0
0
0
0
0
0
0
0
0
0
0
0
0
0
0
0
0
0
0
0
0
0
0
0
0
0
0
0
0
0
0
0
0
0
0
0
0
0
0
0
0
0
-0.75504
-0.75821
-0.75012
-0.73811
-0.70115
-0.73461
-0.73074
-0.72423
-0.7241
-0.6987
-0.7199
-0.70375
-0.71986
-0.711
-0.70142
-0.64471
-0.74982
-0.70386
-0.74545
-0.68772
-0.74132
-0.74528
-0.76592
-0.83198
-0.78328
-0.88069
-0.86968
-0.8727
0
0
0
0
0
0
0
24.6839
0
0
0
0
0
0
0
0
0
0
0
0
0
0
0
0
0
0
0
0
0
0
0
0
0
0
0
0
0
0
0
0
0
0
0
0
0
0
0
0
0
0
0
0
0
0
0
0
0
0
-3.7905
0
0
0
0
0
0
0
0
0
0
0
0
0
0
0
0
0
0
0
0
0
0
0
0
0
0
0
-0.72042
-0.77811
-0.75628
-0.74709
-0.71228
-0.74702
-0.75264
-0.73715
-0.7409
-0.71279
-0.73293
-0.73939
-0.7329
-0.72351
-0.71325
-0.71289
-0.76133
-0.70882
-0.7614
-0.69684
-0.7512
-0.74117
-0.77447
-0.84705
-0.79272
0
0
0
0
0
0
0
0
0
0
0
26.2422
0
0
0
-0.94539
0
0
-1.0973
0
0
0
0
0
0
0
0
0
0
0
0
0
0
0
0
0
0
0
-1.9709
0
0
0
0
0
0
0
0
0
0
0
0
0
0
0
0
0
-3.6341
0
0
0
0
0
0
0
0
0
0
0
0
0
0
0
0
0
0
0
0
0
0
0
0
0
0
0
0
0
0
0
0
-0.82269
-0.83528
-0.81723
-0.80565
-0.76446
-0.80127
-0.79757
-0.79014
-0.7901
-0.76023
-0.78591
-0.79688
-0.78589
-0.77674
-0.76604
-0.77028
-0.81106
-0.76282
-0.80966
-0.74616
-0.79704
-0.64659
-0.82152
-0.88783
-0.83595
-0.94387
0
-0.92975
0
0
0
0
0
0
0
0
0
27.5944
0
0
0
0
0
0
0
0
0
0
0
0
-1.0333
0
0
0
0
0
0
0
0
0
0
0
0
0
0
0
0
0
0
0
0
0
0
0
0
0
0
0
0
0
0
0
0
0
0
0
0
0
0
0
0
0
0
0
0
0
0
0
0
-4.9025
0
0
0
0
0
0
0
0
0
0
0
0
0
0
-0.77225
-0.7929
-0.76026
-0.75556
-0.72
-0.75145
-0.75576
-0.74467
-0.7433
-0.70906
-0.73982
-0.74808
-0.73979
-0.73076
-0.72054
-0.72737
-0.77775
-0.72526
-0.78203
-0.71359
-0.76398
-0.76854
-0.8031
-0.85112
0
0
0
0
0
0
0
0
0
0
0
0
0
0
25.1961
0
0
0
0
0
0
0
0
0
0
0
0
0
0
0
0
0
0
0
0
0
0
0
0
0
0
0
0
0
0
0
0
0
0
0
-3.5542
-3.545
0
0
0
0
0
0
0
0
0
0
0
0
0
0
0
0
0
0
0
0
0
0
0
0
0
0
0
0
0
0
0
0
0
0
0
0
0
0
-0.93216
-0.94247
-0.92054
-0.91147
-0.8711
-0.9087
-0.90699
-0.89593
-0.89849
-0.86458
-0.89089
-0.89794
-0.89085
-0.88078
-0.86947
-0.87007
-0.92298
-0.87064
-0.92458
-0.85949
-0.91109
-0.90231
-0.9369
-0.9998
0
0
0
0
0
0
0
0
0
0
0
0
0
0
0
21.6802
0
0
0
0
0
0
0
0
0
0
0
0
0
0
0
0
0
0
0
0
0
0
0
0
0
0
0
0
0
0
0
0
0
0
0
0
0
0
0
0
0
0
0
0
0
0
0
0
0
0
0
0
0
0
0
0
0
0
0
0
0
0
0
0
0
0
0
0
0
0
0
0
0
0
-0.84329
-0.84547
-0.83646
-0.82635
-0.78785
-0.82642
-0.82134
-0.81147
-0.81597
-0.78797
-0.80613
-0.80852
-0.8061
-0.79619
-0.78533
-0.77742
-0.83681
-0.78605
-0.76354
-0.77433
-0.8262
0
0
0
0
0
0
0
0
0
0
0
0
0
0
0
-0.94539
0
0
0
21.6958
0
0
0
0
0
0
0
0
0
0
0
0
0
0
0
0
0
0
0
0
0
0
0
0
0
0
0
0
0
0
0
0
0
0
0
0
0
0
0
0
0
0
0
0
0
0
0
0
0
-3.7812
0
0
0
0
0
0
0
0
0
0
0
0
0
0
0
0
0
0
0
0
0
0
0
-0.80676
-0.69838
-0.80162
-0.78515
-0.74892
-0.78476
-0.77937
-0.77442
-0.77194
-0.74183
-0.77023
-0.77392
-0.7702
-0.76162
-0.75455
-0.74678
-0.80774
-0.75961
-0.80004
-0.72917
-0.79817
0
0
0
0
0
0
0
0
0
0
0
0
0
0
0
0
0
0
0
0
22.9705
0
0
0
0
0
0
0
0
0
0
0
0
0
0
0
0
0
0
0
0
0
0
-2.3449
0
0
0
0
0
0
0
0
0
0
0
0
0
0
0
0
0
0
0
0
0
0
0
0
0
0
0
0
0
-4.4605
0
0
0
0
0
0
0
0
0
0
0
0
0
0
0
0
0
0
0
-0.93455
-0.94526
-0.92335
-0.91412
-0.87391
-0.91352
-0.9101
-0.89893
-0.90123
-0.86768
-0.89403
-0.90165
-0.894
-0.88402
-0.87278
-0.87354
-0.92783
-0.87529
-0.92838
-0.86691
-0.91545
-0.90668
0
-1.0041
0
0
0
0
0
0
0
0
0
0
0
0
0
0
0
0
0
0
20.8274
0
0
0
0
0
0
0
0
0
0
0
0
0
0
0
0
0
0
0
0
0
0
0
0
0
0
0
0
0
0
0
0
0
0
0
0
0
0
0
0
0
0
0
0
0
0
0
0
0
0
0
0
0
0
0
0
0
0
0
0
0
0
0
0
0
0
0
0
0
0
0
-0.9825
-0.99553
-0.92768
-0.91655
-0.92246
-0.95977
-0.95634
-0.95077
-0.95769
-0.91871
-0.94625
-0.95239
-0.94622
-0.93554
-0.9237
-0.92145
-0.97735
-0.92289
-0.98348
0
0
0
0
0
0
0
0
0
0
0
0
0
0
0
0
0
-1.0973
0
0
0
0
0
0
29.0604
0
0
0
0
0
0
0
0
0
0
0
0
0
0
0
0
0
0
0
0
0
0
0
0
0
0
0
0
0
0
0
0
0
0
0
0
0
0
0
-3.5035
0
0
0
0
0
0
0
0
0
0
0
0
0
0
0
0
0
0
0
0
0
0
0
0
0
-6.4623
0
0
0
0
-0.917
-0.92796
-0.9065
-0.8971
-0.85727
-0.8967
-0.89322
-0.8821
-0.88443
-0.85061
-0.87733
-0.88452
-0.8773
-0.86695
-0.85579
-0.85728
-0.91143
-0.85962
-0.9121
-0.85087
-0.90048
-0.89041
0
0
0
0
0
0
0
0
0
0
0
0
0
0
0
0
0
0
0
0
0
0
19.457
0
0
0
0
0
0
0
0
0
0
0
0
0
0
0
0
0
0
0
0
0
0
0
0
0
0
0
0
0
0
0
0
0
0
0
0
0
0
0
0
0
0
0
0
0
0
0
0
0
0
0
0
0
0
0
0
0
0
0
0
0
0
0
0
0
0
0
0
0
-0.8704
-0.8805
-0.86974
-0.85785
-0.81771
-0.85553
-0.85125
-0.8429
-0.84233
-0.81548
-0.83801
-0.81035
-0.83799
-0.82856
-0.81758
-0.78202
-0.8705
-0.81917
-0.86503
0
-0.85935
0
0
0
0
0
0
0
0
0
0
0
0
0
0
0
0
0
0
0
0
0
0
0
0
19.8367
0
0
0
0
0
0
0
0
0
0
0
0
0
0
0
0
0
0
0
0
0
0
0
0
0
-3.0044
0
0
0
0
0
0
0
0
0
0
0
0
0
0
0
0
0
0
0
0
0
0
0
0
0
0
0
0
0
0
0
0
0
0
0
0
0
0
0
0
0
0
-0.85889
-0.86938
-0.84873
-0.83979
-0.80105
-0.83972
-0.83623
-0.82503
-0.82752
-0.79482
-0.82022
-0.82775
-0.82019
-0.81031
-0.79939
-0.80184
-0.85524
-0.80652
-0.85785
-0.79872
-0.84671
0
0
0
0
0
0
0
0
0
0
0
0
0
0
0
0
0
0
0
0
0
0
0
0
0
17.3859
0
0
0
0
0
0
0
0
0
0
0
0
0
0
0
0
0
0
0
0
0
0
0
0
0
0
0
0
0
0
0
0
0
0
0
0
0
0
0
0
0
0
0
0
0
0
0
0
0
0
0
0
0
0
0
0
0
0
0
0
0
0
0
0
0
0
0
-0.91295
-0.9237
-0.90223
-0.8932
-0.85337
-0.89302
-0.88936
-0.87817
-0.88075
-0.84679
-0.87354
-0.88075
-0.87352
-0.86327
-0.85203
-0.85437
-0.90951
-0.85921
-0.91147
-0.85006
-0.90037
0
0
0
0
0
0
0
0
0
0
0
0
0
0
0
0
0
0
0
0
0
0
0
0
0
0
18.5016
0
0
0
0
0
0
0
0
0
0
0
0
0
0
0
0
0
0
0
0
0
0
0
0
0
0
0
0
0
0
0
0
0
0
0
0
0
0
0
0
0
0
0
0
0
0
0
0
0
0
0
0
0
0
0
0
0
0
0
0
0
0
0
0
0
0
-1.0378
-1.0462
-1.0285
-1.0165
-0.97439
-1.0134
-1.0069
-1.0027
-1.0073
-0.97124
-0.99787
-1.0038
-0.99784
-0.98704
-0.975
-0.97151
-1.029
-0.97527
-1.0351
0
0
0
0
0
0
0
0
0
0
0
0
0
0
0
0
0
0
0
0
0
0
0
0
0
0
0
0
0
25.3083
0
0
0
0
0
0
0
0
0
0
0
0
0
0
0
0
0
0
0
0
0
0
0
0
0
0
0
0
0
0
0
0
0
0
0
0
0
0
0
0
0
0
0
0
0
0
0
0
0
0
0
0
0
0
0
0
0
0
0
0
0
-6.2308
0
0
0
-0.8263
-0.81463
-0.81685
-0.7854
-0.76748
-0.80279
-0.80233
-0.79608
-0.79447
-0.76573
-0.79225
-0.79652
-0.79222
-0.784
-0.77319
-0.77021
0
0
0
0
0
0
0
0
0
0
0
0
0
0
0
0
0
0
0
0
0
0
0
0
0
0
0
0
0
0
0
0
0
23.6503
0
0
0
0
0
0
0
0
0
0
0
0
0
0
0
-2.4491
0
0
0
0
0
0
0
0
0
0
0
0
0
0
0
0
0
0
0
-3.4848
0
0
0
0
0
0
0
0
0
0
0
0
0
0
0
0
0
0
0
0
0
0
0
0
0
0
0
-5.036
-0.79159
-0.80288
-0.78595
-0.77618
-0.71822
-0.77182
-0.77179
-0.76603
-0.75285
-0.73131
-0.76339
-0.7684
-0.76337
-0.75395
-0.74411
0
0
0
0
0
0
0
0
0
0
0
0
0
0
0
0
0
0
0
0
0
0
-1.0333
0
0
0
0
0
0
0
0
0
0
0
0
21.7876
0
0
0
0
0
0
0
0
0
0
0
0
0
0
0
0
0
0
0
0
0
0
-2.2967
0
-3.0736
0
0
0
0
0
0
0
0
0
0
0
0
0
0
0
0
0
0
0
0
0
0
0
0
-3.9222
0
0
0
0
0
0
0
0
0
0
0
0
0
-0.98338
-0.99844
-0.9754
-0.96839
-0.92409
-0.96096
-0.95694
-0.9499
-0.95198
-0.91918
-0.94469
-0.95222
-0.94466
-0.9347
-0.92222
-0.92244
-0.97929
0
0
0
0
0
0
0
0
0
0
0
0
0
0
0
0
0
0
0
0
0
0
0
0
0
0
0
0
0
0
0
0
0
0
20.6381
0
0
0
0
0
0
0
0
0
0
0
0
0
0
0
0
0
0
0
0
0
0
0
0
0
0
0
0
0
0
0
0
0
0
0
0
0
0
0
0
0
0
0
0
0
0
0
0
0
0
0
0
0
0
0
0
-4.4492
0
0
0
0
0
-0.89576
-0.90626
-0.88657
-0.87716
-0.8328
-0.87198
-0.86992
-0.86034
-0.86284
-0.82815
-0.8544
-0.86352
-0.85438
-0.84454
-0.83282
-0.83754
0
0
0
0
0
0
0
0
0
0
0
0
0
0
0
0
0
0
0
0
0
0
0
0
0
0
0
0
0
0
0
0
0
0
0
0
16.44
0
0
0
0
0
0
0
0
0
0
0
0
0
0
0
0
0
0
0
0
0
0
0
0
0
0
0
0
0
0
0
0
0
0
0
0
0
0
0
0
-2.661
0
0
0
0
0
0
0
0
0
0
0
0
0
0
0
0
0
0
0
0
-0.91758
-0.92018
-0.90544
-0.89393
-0.85333
-0.89354
-0.90195
-0.88045
-0.87645
-0.86667
-0.8744
-0.88966
-0.87438
-0.8711
-0.85969
0
0
0
0
0
0
0
0
-1.0018
0
0
0
0
0
0
0
0
0
0
0
0
0
0
0
0
0
0
0
0
0
0
0
0
0
0
0
0
0
17.6832
0
0
0
0
0
0
0
0
0
0
0
0
0
0
0
0
0
0
0
0
0
0
0
0
0
0
0
0
0
0
-3.4027
0
0
0
0
0
0
0
0
0
0
0
0
0
0
0
0
0
0
0
0
0
0
0
0
0
0
0
0
0
-0.99951
-1.0007
-0.9873
-0.975
-0.93152
-0.97351
-0.96701
-0.95931
-0.94567
-0.93404
-0.95553
-0.96059
-0.95549
-0.94558
-0.93342
-0.93168
0
0
0
0
0
0
0
0
0
0
0
0
0
0
0
0
0
0
0
0
0
0
0
0
0
0
0
0
0
0
0
0
0
0
0
0
0
0
19.3966
0
0
0
0
0
0
0
0
0
0
0
0
0
0
0
0
0
0
0
0
0
0
0
0
0
0
0
0
0
0
0
0
0
0
0
0
0
0
0
0
0
0
0
0
0
-4.0407
0
0
0
0
0
0
0
0
0
0
0
0
0
-0.90261
-0.91557
-0.89121
-0.88152
-0.84086
-0.88312
-0.88023
-0.86674
-0.86924
-0.83652
-0.86182
-0.87058
-0.86178
-0.85172
-0.83757
-0.8413
-0.8916
0
0
0
0
0
0
0
0
0
0
0
0
0
0
0
0
0
0
0
0
0
0
0
0
0
0
0
0
0
0
0
0
0
0
0
0
0
0
14.784
0
0
0
0
0
0
0
0
0
0
0
0
0
0
0
0
0
0
0
0
0
0
0
0
0
0
0
0
0
0
0
0
0
0
0
0
0
0
0
0
0
0
0
0
0
0
0
0
0
0
0
0
0
0
0
0
0
0
-0.90575
-0.91782
-0.89493
-0.88664
-0.81528
-0.88555
-0.87854
-0.87314
-0.87449
-0.83988
-0.86856
-0.87675
-0.86853
-0.85868
-0.84692
0
0
0
0
0
0
0
0
0
0
0
0
0
0
0
0
0
0
0
0
0
0
0
0
0
0
0
0
0
0
0
0
0
0
0
0
0
0
0
0
0
15.2994
0
0
0
0
0
0
0
0
0
0
0
0
0
0
0
0
-2.208
0
0
0
0
0
0
0
0
0
0
0
0
0
0
0
0
0
0
0
0
0
0
0
0
0
0
0
0
0
0
0
0
0
0
0
0
0
0
0
0
-0.87452
-0.88698
-0.86495
-0.85389
-0.81338
-0.85034
-0.8422
-0.83876
-0.84361
-0.81342
-0.83354
-0.84207
-0.83351
-0.8235
-0.81139
0
0
0
0
0
0
0
0
0
0
0
0
0
0
0
0
0
0
0
0
0
0
0
0
0
0
0
0
0
0
0
0
0
0
0
0
0
0
0
0
0
0
14.7272
0
0
0
0
0
0
0
0
0
0
-2.1011
0
0
0
0
0
0
0
0
0
0
0
0
0
0
0
0
0
0
0
0
0
0
0
0
0
0
0
0
0
0
0
0
0
0
0
0
0
0
0
0
0
0
0
0
0
-0.9601
-0.98803
-0.94823
-0.93452
-0.89818
-0.93277
-0.93153
-0.92378
-0.92168
-0.88618
-0.91766
-0.92471
-0.91764
-0.9082
0
0
0
0
0
0
0
0
0
0
0
0
0
0
0
0
0
0
0
0
0
0
0
0
0
0
0
0
0
0
0
0
0
0
0
0
0
0
0
0
0
0
0
0
14.579
0
0
0
0
0
-1.5858
0
0
0
0
0
0
0
0
0
0
0
0
0
0
0
0
0
0
0
0
0
0
0
0
0
0
0
0
0
0
0
0
0
0
0
0
0
0
0
0
0
0
0
0
0
0
0
0
0
-1.0153
-0.99768
-1.0057
-0.98826
-0.94562
-0.98644
-0.99176
-0.97592
-0.9596
0
-0.97767
0
-0.97764
0
0
0
0
0
0
0
0
0
0
0
0
0
0
0
0
0
0
0
0
0
0
0
0
0
0
0
0
0
0
0
0
0
0
0
0
0
0
0
0
0
0
0
0
0
0
21.925
0
0
0
0
0
0
0
0
0
0
0
0
0
0
0
0
0
0
-3.4213
0
0
0
0
0
-3.6878
0
0
0
0
-3.9943
0
0
0
0
0
0
0
0
0
0
0
0
0
0
0
0
0
0
0
0
0
0
0
0
-1.2266
-1.2593
-1.2469
-1.2298
-1.1783
-1.2221
-1.2151
-1.2124
0
0
0
0
0
0
0
0
0
0
0
0
0
0
0
0
0
0
0
0
0
0
0
0
0
0
0
0
0
0
0
0
0
0
0
0
0
0
0
0
0
0
0
0
0
0
0
0
0
0
0
0
17.005
0
0
0
0
0
0
0
0
0
0
0
0
0
0
0
0
0
-3.3319
0
0
0
0
0
0
0
0
0
0
0
0
0
0
0
0
0
0
-3.8826
0
0
0
0
0
0
0
0
0
0
0
0
0
0
0
0
-1.6837
-1.6916
-1.6703
-1.6569
-1.613
-1.4801
0
0
0
0
0
0
0
0
0
0
0
0
0
0
0
0
0
0
0
0
0
0
0
0
0
0
0
0
0
0
0
0
0
0
0
0
0
0
0
0
0
0
0
0
0
0
0
0
0
0
0
0
0
0
0
12.3174
0
0
0
0
0
0
0
0
0
0
0
0
0
0
0
0
0
-2.5219
0
0
0
0
0
0
0
0
0
0
0
0
0
0
0
0
0
0
0
0
0
0
0
0
0
0
0
0
0
0
0
0
0
0
-2.0953
0
0
0
0
0
0
0
0
0
0
0
0
0
0
0
0
0
0
0
0
0
0
0
0
-2.2451
0
0
0
0
0
0
0
0
0
0
0
0
0
0
0
0
0
0
0
0
0
0
0
0
0
0
0
0
0
0
0
0
0
0
0
0
20.839
0
0
0
0
0
0
0
0
-3.3186
0
0
0
0
0
0
0
0
0
0
0
0
0
0
0
0
0
0
0
0
0
0
0
0
-3.8224
-4.1048
0
0
0
-5.2528
0
0
0
0
0
0
0
0
0
0
0
0
-1.9437
0
0
0
0
0
0
0
0
0
0
0
0
0
0
0
0
-1.8547
0
0
0
0
0
0
0
0
0
0
0
0
0
0
0
0
0
0
-1.9709
0
0
0
0
0
0
0
0
0
0
0
0
0
0
0
0
0
0
0
0
0
0
0
0
0
0
12.6908
0
0
0
0
-2.3433
0
0
0
0
0
0
0
-1.7833
0
0
0
0
0
0
0
0
0
0
-2.7948
0
0
0
0
0
0
0
0
0
0
0
0
0
0
0
0
0
0
0
0
0
0
0
0
0
0
0
0
0
0
0
0
0
0
0
0
0
0
0
0
0
0
0
0
0
-2.183
0
0
0
0
0
0
-2.3831
0
0
0
0
0
0
0
0
0
0
0
0
0
0
-2.3449
0
0
0
0
0
0
0
0
0
0
0
0
0
0
0
0
-1.5858
0
0
0
0
0
13.9452
-2.4076
0
0
0
0
0
0
0
0
0
0
0
0
0
0
-3.0408
0
0
0
0
0
0
0
0
0
0
0
0
0
0
0
0
0
0
0
0
0
0
0
0
0
0
0
0
0
0
0
0
0
0
0
0
-2.6891
0
0
0
0
0
0
0
0
0
0
0
0
0
0
0
0
0
0
0
0
0
0
0
0
0
0
0
0
0
0
0
0
0
0
0
0
0
0
0
0
0
0
0
0
0
-2.4491
0
0
0
0
0
0
0
0
0
0
0
0
0
0
-2.4076
16.1883
0
0
0
0
0
0
0
0
0
0
0
0
0
0
-3.2848
0
0
0
0
0
0
0
0
0
0
0
0
0
0
0
0
0
0
0
0
0
0
0
0
0
-5.3577
0
0
0
0
0
0
0
0
0
0
0
0
0
0
0
0
0
0
0
0
0
0
0
0
0
0
0
0
0
0
0
0
0
0
0
-1.5734
0
0
0
0
0
0
0
0
0
0
0
0
0
0
0
0
0
0
0
0
0
0
0
0
0
0
0
0
0
0
0
0
0
0
0
0
0
15.2398
0
0
0
0
0
0
0
-3.1181
0
0
0
-3.4377
0
0
0
0
0
0
0
0
0
0
0
0
0
0
0
0
-2.9361
0
0
0
0
0
0
0
0
0
0
0
0
0
0
0
-4.1745
0
0
0
0
0
0
0
0
0
0
0
0
0
0
0
0
0
0
0
0
0
0
0
0
0
0
0
0
0
0
0
0
0
0
0
0
0
0
0
0
0
0
0
0
0
0
0
0
0
0
0
0
0
0
0
0
0
0
0
0
0
0
0
0
0
0
0
0
0
18.6105
0
-3.0228
0
0
0
0
0
0
0
0
0
0
0
-3.2295
0
0
-3.5814
0
0
0
0
0
0
0
-3.9041
0
0
0
0
0
0
0
0
0
0
0
0
0
0
-4.8726
0
0
0
0
0
0
0
0
0
0
0
0
0
0
0
0
0
0
0
0
0
0
0
0
0
0
0
0
0
0
0
0
0
0
0
0
-2.5364
0
0
0
-2.5242
0
0
0
0
0
0
0
0
0
0
0
0
0
0
0
0
0
0
0
0
0
0
-2.1011
0
0
0
0
0
-2.3433
0
0
0
0
12.8144
0
0
0
0
0
0
0
0
0
0
0
0
0
0
0
0
0
0
-3.3093
0
0
0
0
0
0
0
0
0
0
0
0
0
0
0
0
0
0
0
0
0
0
0
0
0
0
0
0
0
0
0
0
-2.9965
0
0
0
0
0
0
0
0
0
0
0
0
0
0
0
0
0
0
0
0
0
0
0
0
0
0
0
0
0
0
0
0
0
0
0
0
0
0
0
0
0
0
0
0
0
0
0
0
0
0
0
0
0
0
0
0
0
0
0
0
-3.0228
0
12.5007
-3.1148
0
0
0
0
0
0
-3.3666
0
0
0
0
0
0
0
0
0
0
0
0
0
0
0
0
0
0
0
0
0
0
0
0
0
0
0
0
0
0
0
0
0
0
0
0
0
0
0
0
0
0
0
0
0
0
0
0
0
0
0
0
0
0
0
0
0
0
0
0
0
0
0
0
0
0
0
0
0
0
0
0
0
0
0
0
0
0
0
0
0
0
0
0
0
0
0
0
0
0
0
0
0
0
0
0
0
0
0
0
0
0
0
0
0
-3.1148
10.9396
0
0
0
0
-3.5038
0
0
0
0
0
0
0
0
0
0
0
-3.4626
0
0
0
0
0
0
0
0
0
0
0
0
0
0
0
-0.85848
0
0
0
0
0
0
0
0
0
0
0
0
0
0
0
0
0
0
0
0
0
-3.2028
0
0
0
0
0
0
0
0
0
0
0
0
0
0
0
0
0
0
0
0
0
0
0
0
0
0
0
0
0
0
0
0
0
-3.0044
0
0
0
0
0
0
0
0
0
0
0
0
0
0
0
0
-3.3186
0
0
0
0
0
0
0
0
12.6863
0
0
0
0
0
0
0
0
0
0
0
0
0
0
-3.1604
0
0
0
0
0
0
0
0
0
0
0
0
0
0
0
0
0
0
0
0
0
0
0
0
0
0
0
0
0
-3.0555
0
0
0
0
0
0
-2.9382
0
0
0
0
0
0
0
0
0
0
0
0
0
0
0
0
0
0
0
0
0
-2.8901
0
0
0
0
0
0
0
0
0
0
0
0
0
0
0
0
0
0
0
0
0
0
0
0
0
0
0
0
0
0
0
0
0
0
0
0
0
0
0
0
10.495
0
0
0
-1.6113
0
0
0
0
0
0
0
0
0
0
0
0
0
0
0
0
0
0
0
0
0
0
0
0
0
0
0
0
0
0
0
0
0
0
0
0
0
0
0
0
0
-2.467
0
0
0
0
0
0
0
0
0
0
0
0
0
0
0
0
0
0
0
0
0
0
0
0
0
0
0
0
0
0
0
0
0
0
0
0
0
0
0
0
0
0
0
0
0
-2.2967
0
0
0
0
0
-2.208
0
0
0
0
0
0
0
0
0
0
0
0
0
0
0
0
11.6845
0
0
0
0
0
0
0
0
0
0
0
0
0
0
0
0
0
0
0
0
0
0
0
0
0
0
0
0
0
0
-4.7128
0
0
0
0
0
0
0
0
0
0
0
0
0
0
0
0
0
0
0
0
0
0
0
0
0
0
0
0
0
0
0
0
0
0
0
0
0
0
0
0
0
-3.6471
0
0
0
0
0
-3.5542
0
0
0
0
0
0
0
0
0
0
0
0
0
0
0
0
0
0
0
0
0
0
0
0
0
0
0
-3.1181
0
0
0
0
0
0
0
10.3195
0
0
0
0
0
0
0
0
0
0
0
0
0
0
0
0
0
0
0
0
0
0
0
0
0
0
0
0
0
0
0
0
0
0
0
0
0
0
0
0
0
0
0
0
0
0
0
0
0
0
0
0
0
0
0
0
0
0
0
0
0
0
0
0
0
0
0
0
0
0
0
0
0
0
0
0
0
-3.545
0
0
0
0
0
0
0
0
0
0
0
-3.0736
0
0
0
0
0
0
0
0
0
0
0
0
0
0
0
0
0
0
0
-3.5038
0
0
0
0
10.1223
0
0
0
0
0
0
0
0
0
0
0
0
0
0
0
0
0
0
0
0
0
0
0
0
0
0
0
0
0
0
0
0
0
0
0
0
0
0
0
0
0
0
0
0
0
0
0
0
0
0
0
0
0
0
0
0
0
0
0
0
0
0
0
0
0
0
0
0
0
0
0
0
0
0
0
0
0
0
0
0
0
0
0
0
0
0
0
0
0
0
0
0
0
0
0
0
0
0
0
0
0
-1.7833
0
0
0
0
0
0
0
0
-1.6113
0
0
0
8.1228
0
0
0
0
0
0
0
0
0
0
0
0
0
0
0
0
0
0
0
0
0
0
0
0
0
0
0
0
-4.7282
0
0
0
0
0
0
0
0
0
0
0
0
0
0
0
0
0
0
0
0
0
0
0
0
0
0
0
0
0
0
0
0
0
0
0
0
0
-3.5488
0
0
0
0
0
0
0
0
0
0
0
0
0
0
0
0
0
0
0
0
0
0
0
0
0
0
0
0
0
0
0
0
0
0
0
0
0
0
0
-3.3666
0
0
0
0
0
0
0
10.6177
0
0
0
0
0
0
0
-3.7023
0
0
0
0
0
0
0
0
0
0
0
0
0
0
0
0
0
0
0
0
0
0
0
0
0
0
0
0
0
0
0
0
0
0
0
0
0
0
0
0
0
0
0
0
0
0
0
0
0
0
0
0
0
0
0
0
0
0
0
0
0
0
0
0
0
0
0
0
0
0
0
0
0
0
0
0
0
0
0
0
0
0
0
0
0
0
0
-3.4213
-3.3319
0
0
0
0
0
-3.4377
0
0
0
0
0
0
0
0
0
0
0
10.1909
0
0
0
0
0
0
0
0
0
0
0
0
0
0
0
0
0
0
0
0
0
0
0
0
0
0
0
0
0
0
0
0
0
0
0
0
0
0
0
0
-3.9877
0
0
0
0
0
0
0
0
0
0
0
0
0
0
0
0
0
0
0
0
0
0
0
0
0
0
0
0
0
0
0
0
0
0
0
0
0
0
0
0
0
0
0
0
0
0
0
0
0
0
0
0
0
0
0
-2.5219
0
0
0
0
0
0
0
0
0
0
0
0
0
0
0
0
0
10.3232
0
0
0
0
0
0
0
0
-3.8136
0
0
0
0
0
0
0
0
0
0
0
0
0
0
0
0
0
0
0
0
0
0
0
0
0
0
-4.5755
0
0
0
0
0
0
0
0
0
0
0
0
0
0
0
0
0
0
0
0
0
0
0
0
0
0
0
0
0
0
0
0
0
0
0
0
0
0
0
0
0
0
0
0
0
0
0
0
0
0
0
0
0
0
0
0
0
0
0
0
0
0
-3.0408
-3.2848
0
0
0
0
0
0
0
0
0
0
0
0
0
0
10.9011
0
0
0
0
0
0
0
0
0
0
0
0
0
0
0
0
0
0
0
0
0
0
0
0
0
0
0
0
0
0
0
0
0
-4.0082
0
0
0
0
0
0
0
0
0
0
0
0
0
0
0
0
0
0
0
0
0
0
0
0
0
0
0
0
0
0
0
0
0
0
0
-3.6341
0
0
0
0
0
0
0
0
0
0
0
0
0
0
0
0
0
0
0
0
0
0
0
0
0
0
0
0
0
0
-3.2295
0
0
0
0
0
0
0
0
0
0
0
0
0
10.8718
0
0
0
0
0
0
0
0
0
0
0
0
0
0
0
0
0
0
0
0
0
0
0
0
0
0
0
0
0
0
0
0
0
0
0
0
0
0
0
0
0
0
0
0
0
0
0
0
0
0
0
-3.712
0
0
0
0
0
0
0
0
0
0
0
0
0
0
0
0
0
0
0
0
0
0
0
0
0
0
0
0
0
0
0
0
0
0
0
0
0
0
0
0
0
0
0
0
0
0
0
0
0
0
0
0
0
0
0
0
0
0
0
0
0
0
10.989
0
0
-3.3849
0
0
0
0
0
-3.892
0
0
0
0
0
0
0
0
0
0
0
0
0
0
0
0
0
0
0
0
0
0
0
0
-3.7531
-3.7427
0
0
0
0
0
0
0
0
0
0
0
0
0
0
0
0
0
0
0
0
0
0
0
0
0
0
0
0
0
0
0
0
0
0
0
0
0
0
0
-3.5035
0
0
0
0
0
0
0
0
0
0
0
0
0
0
0
0
0
0
0
0
0
0
0
0
0
0
0
0
0
0
0
0
0
0
0
0
0
0
0
10.9993
0
0
0
0
0
0
0
0
0
0
0
0
0
0
0
0
0
0
0
0
0
0
0
0
0
0
0
0
0
0
0
0
0
0
0
0
0
0
0
0
0
0
0
0
0
0
0
0
0
0
0
0
0
0
0
0
0
0
0
0
0
0
0
0
0
0
0
0
0
0
0
0
0
0
0
0
0
0
0
0
0
0
0
-3.4027
0
0
0
0
0
-3.6878
0
0
0
0
0
0
0
-3.5814
0
0
0
0
0
0
0
0
0
0
0
0
0
0
0
0
10.6719
0
0
0
0
0
0
0
0
0
0
0
0
0
0
0
0
0
0
0
0
0
0
0
0
0
0
0
0
0
0
0
0
0
0
0
0
0
0
0
0
0
0
0
0
0
0
0
0
0
0
0
0
0
0
0
0
0
0
0
0
0
0
0
0
0
0
0
0
0
0
0
0
0
0
0
0
0
0
-3.4848
0
0
0
0
0
0
0
0
0
0
0
0
0
0
0
0
0
0
0
0
0
0
0
0
0
0
0
-3.7023
0
0
0
0
-3.3849
0
0
10.572
0
0
0
0
0
0
0
0
0
0
0
0
0
0
0
0
0
0
0
0
0
0
0
0
0
0
0
0
0
0
0
0
0
0
0
0
0
0
0
0
0
0
0
-4.0398
0
0
0
0
0
0
0
0
0
0
0
0
0
0
0
0
0
0
0
-3.7905
0
0
0
0
0
0
0
0
0
0
0
0
0
0
0
0
0
0
0
0
0
0
0
0
0
0
0
0
0
0
0
0
0
0
0
-3.1604
0
0
0
0
0
0
0
0
0
0
0
0
0
0
10.9906
0
0
0
0
0
0
0
0
0
0
0
0
0
0
0
0
0
0
0
0
0
0
0
0
0
0
0
0
0
0
0
0
0
0
0
0
0
0
0
0
0
0
0
0
0
0
0
0
0
0
0
0
0
0
0
0
0
0
0
0
0
0
0
0
0
0
0
0
0
0
0
0
0
0
0
0
0
0
0
0
0
0
0
0
0
0
0
0
0
0
-2.7948
0
0
0
0
-3.3093
0
-3.4626
0
0
0
0
0
0
0
0
0
0
0
0
0
0
0
0
9.5666
0
0
0
0
0
0
0
0
0
0
0
0
0
0
0
0
0
0
0
0
0
0
0
0
0
0
0
0
0
0
0
0
0
0
0
0
0
0
0
0
0
0
0
0
0
0
0
0
-5.0532
0
0
0
0
0
0
0
0
0
0
0
0
0
0
0
0
0
0
0
0
0
0
0
0
0
0
0
0
0
0
0
0
0
0
0
0
0
0
0
0
0
0
0
0
0
0
0
0
0
0
0
0
0
0
0
0
-3.8136
0
0
0
0
0
0
0
0
8.8668
0
0
0
0
0
0
0
0
0
0
0
0
0
0
0
0
0
0
0
0
0
0
0
0
0
0
0
0
0
0
0
0
0
0
-4.6888
0
0
0
0
0
0
0
0
0
0
0
0
0
0
0
0
0
0
0
0
0
0
0
0
0
0
0
0
0
0
0
0
0
0
0
0
0
0
0
0
0
0
0
0
0
0
0
0
0
-3.9943
0
0
0
0
0
0
0
0
0
0
0
0
0
0
0
0
0
0
0
0
0
0
0
0
0
0
0
0
0
8.6831
0
0
0
0
0
0
0
0
0
0
0
0
0
0
0
0
0
0
0
0
0
0
0
0
0
0
0
0
0
0
0
0
0
0
0
0
0
0
0
0
0
0
-4.1026
0
0
0
0
0
0
0
0
0
0
0
0
0
0
0
0
0
0
0
0
0
-3.7812
0
0
0
0
0
0
0
0
0
0
0
0
0
0
0
0
0
0
0
0
0
0
0
0
0
0
0
0
0
0
0
0
0
0
0
0
0
0
0
0
0
0
0
0
0
0
0
0
0
7.8838
0
0
0
0
0
0
0
0
0
0
0
0
0
0
0
0
0
0
0
0
0
0
0
0
0
0
0
0
0
0
0
0
0
0
0
0
0
0
0
0
0
0
0
0
0
-4.8953
0
0
0
0
0
0
0
0
0
0
0
0
0
0
0
0
0
0
0
0
0
0
0
0
0
0
0
0
0
0
0
0
0
0
0
0
0
0
0
0
0
0
0
0
0
0
0
0
0
0
0
0
0
0
0
0
0
0
0
-3.892
0
0
0
0
0
0
0
0
8.7873
0
0
0
0
0
0
0
0
0
0
0
0
0
0
0
0
0
0
0
0
0
0
0
0
0
0
0
0
0
0
0
0
0
0
0
0
0
0
0
0
0
0
0
0
0
0
0
0
0
0
0
0
0
0
0
0
0
0
0
0
0
0
0
0
0
0
0
0
0
0
0
0
0
0
0
0
0
0
0
0
0
0
0
0
0
0
0
0
0
-3.9041
0
0
0
0
0
0
0
0
0
0
0
0
0
0
0
0
0
0
0
0
0
0
0
0
8.1544
0
0
0
0
0
-4.2502
0
0
0
0
0
0
0
0
0
0
0
0
0
0
0
0
0
0
0
0
0
0
0
0
0
0
0
0
0
0
0
0
0
0
0
0
0
0
0
0
0
0
0
0
0
0
0
0
0
0
0
0
0
0
0
0
0
0
0
0
0
0
0
0
0
0
0
-2.661
0
0
0
0
0
0
0
0
0
0
0
0
0
0
0
0
0
0
0
0
0
0
0
0
0
0
0
0
0
0
0
0
0
0
0
0
0
0
0
0
7.1773
0
-4.5163
0
0
0
0
0
0
0
0
0
0
0
0
0
0
0
0
0
0
0
-5.584
0
0
0
0
0
0
0
0
0
0
0
0
0
0
0
0
0
0
0
0
0
0
0
0
0
0
0
0
0
0
0
0
0
0
0
0
0
0
0
-4.4605
0
0
0
0
0
0
0
0
0
0
0
0
0
0
0
0
0
0
0
0
0
0
0
0
0
0
0
0
0
0
0
0
0
0
0
0
0
0
0
0
0
0
0
0
0
0
0
0
0
0
0
0
10.0445
0
0
0
0
0
0
0
0
0
0
0
0
0
0
0
0
0
0
0
0
0
0
0
0
0
0
0
0
0
0
0
0
0
0
0
0
0
0
0
0
0
0
0
0
0
0
0
0
0
0
0
0
0
0
0
0
0
0
0
0
0
0
0
0
0
0
0
0
0
0
0
0
0
0
0
0
0
0
0
0
0
0
0
0
0
-2.9361
0
0
0
0
0
0
0
0
0
0
0
0
0
0
0
0
0
0
0
0
0
0
0
0
0
0
-4.5163
0
7.4524
0
0
0
0
0
0
0
0
0
0
0
0
0
0
0
0
0
0
0
0
0
0
0
0
0
0
0
0
0
0
0
0
0
0
0
0
0
0
0
0
0
0
-3.9938
0
0
0
0
0
0
0
0
0
0
0
0
0
0
0
0
0
0
0
0
0
0
0
0
0
0
0
0
0
0
0
0
0
0
0
0
0
-3.8224
0
0
0
0
0
0
0
0
0
0
0
0
0
0
0
0
0
0
0
0
0
0
0
0
0
0
0
0
0
0
0
0
0
7.8162
0
0
0
0
0
0
0
0
0
0
0
0
0
0
0
0
0
0
0
0
0
0
0
0
0
0
0
0
0
0
0
0
0
0
0
0
0
0
0
0
0
0
0
0
0
0
0
0
0
0
0
0
0
0
0
0
0
0
0
0
0
0
0
0
0
0
0
0
0
0
0
0
0
0
0
0
0
-3.8826
0
-4.1048
0
0
0
0
0
0
0
0
0
0
0
0
0
0
0
0
0
0
0
0
0
0
0
0
0
0
0
0
0
0
0
0
0
0
7.9874
0
0
0
0
0
0
0
0
0
0
0
0
0
0
0
0
0
0
0
0
0
0
-3.7544
0
0
0
0
0
0
0
0
0
0
0
0
0
0
0
0
0
0
0
0
0
0
0
0
0
0
0
0
0
0
0
0
0
0
0
0
0
0
0
0
0
0
0
0
0
0
0
0
0
0
0
0
0
0
0
0
0
0
0
0
0
0
0
0
0
0
0
0
0
0
0
0
0
0
0
0
0
0
0
0
0
0
0
0
0
-4.2502
0
0
0
0
0
8.0046
0
0
0
0
0
0
0
0
0
0
0
0
0
0
0
0
0
0
0
0
0
0
0
0
0
0
0
0
0
0
0
0
0
0
0
0
-5.0847
0
0
0
0
0
0
0
0
0
0
0
0
0
0
0
-4.9025
0
0
0
0
0
0
0
0
0
0
0
0
0
0
0
0
0
0
0
0
0
0
0
0
0
0
0
0
0
0
0
0
0
0
0
0
0
0
0
0
0
0
0
0
0
0
0
0
0
0
0
0
0
0
0
0
0
0
0
0
0
9.9872
0
0
0
0
0
0
0
0
0
0
0
0
0
0
0
0
0
0
0
0
0
0
0
0
0
0
0
0
0
0
0
0
0
0
0
0
0
0
0
0
0
0
0
0
0
0
0
0
0
0
0
0
0
0
0
0
0
0
0
0
0
0
0
0
-3.9222
0
0
0
-4.0407
0
0
0
0
0
0
0
0
0
0
0
0
0
0
0
0
0
0
0
0
0
0
0
0
0
0
0
0
0
0
0
0
0
0
0
0
0
0
0
0
0
0
0
0
0
7.9629
0
0
0
0
0
0
0
0
0
0
0
0
0
0
0
0
0
0
0
0
0
0
0
0
0
0
0
0
0
0
0
0
0
0
0
0
0
0
0
0
0
0
0
0
0
0
0
0
0
0
0
0
0
0
0
0
0
0
0
0
0
0
0
0
0
0
0
0
0
0
0
0
0
0
0
-5.2528
0
0
0
0
0
0
0
0
0
0
0
0
0
0
0
0
0
0
0
0
0
0
0
0
0
0
0
0
0
0
0
0
0
0
0
0
0
0
5.2528
0
0
0
0
0
0
0
0
0
0
0
0
0
0
0
0
0
0
0
0
-6.1833
0
0
0
0
0
0
0
0
0
0
0
0
0
0
0
0
0
0
0
0
0
0
0
0
0
0
0
0
0
0
0
0
0
0
0
0
0
0
0
0
0
0
0
0
0
0
0
0
0
0
0
0
0
0
0
0
0
0
0
0
0
0
0
0
0
0
0
0
0
0
0
0
0
0
0
0
0
0
0
0
0
0
0
0
0
0
0
0
0
0
0
0
0
6.1833
0
0
0
0
0
0
0
0
0
0
0
0
0
0
0
0
0
0
0
0
0
0
0
0
0
0
0
0
0
0
0
0
0
0
0
0
0
0
0
0
0
0
0
0
0
0
0
0
0
0
0
0
0
0
0
0
0
0
0
0
0
0
0
0
0
0
0
0
0
0
0
0
0
0
0
0
0
0
0
0
0
-0.85848
0
0
0
0
0
0
0
0
0
0
0
0
0
0
0
0
0
0
0
0
0
0
0
0
0
0
0
0
0
0
0
0
0.85848
0
0
0
0
0
0
0
0
0
0
0
0
0
0
0
0
0
0
0
0
0
0
0
0
0
0
0
0
0
0
0
0
0
0
0
0
0
0
0
0
0
0
0
0
0
0
0
0
0
0
0
0
0
0
0
0
0
0
0
0
0
0
0
0
0
0
0
0
0
0
0
0
0
0
0
0
0
0
0
0
0
0
0
-4.7128
0
0
0
0
0
0
0
0
0
0
0
0
0
0
0
0
0
0
0
0
0
0
0
0
0
0
0
0
0
0
4.7128
0
0
0
0
0
0
0
0
0
0
0
0
0
0
0
0
0
0
0
0
0
0
0
0
0
0
0
0
0
0
0
0
0
0
0
0
0
0
0
0
0
0
0
0
0
0
0
0
0
0
0
0
0
0
0
0
0
0
0
0
0
0
0
0
0
0
0
0
0
0
0
0
0
0
0
0
0
0
0
0
0
0
0
0
0
-4.7282
0
0
0
0
0
0
0
0
0
0
0
0
0
0
0
0
0
0
0
0
0
0
0
0
0
0
0
0
4.7282
0
0
0
0
0
0
0
0
0
0
0
0
0
0
0
0
0
0
0
0
0
0
0
0
0
0
0
0
0
0
0
0
0
0
0
0
0
0
0
0
0
0
0
0
0
0
0
0
0
0
0
0
0
0
0
0
0
0
0
0
0
0
0
0
0
0
0
0
0
0
0
0
0
-5.3577
0
0
0
0
0
0
0
0
0
0
0
0
0
0
0
0
0
0
0
0
0
0
0
0
0
0
0
0
0
0
0
0
0
0
0
0
0
0
0
0
5.3577
0
0
0
0
0
0
0
0
0
0
0
0
0
0
0
0
0
0
0
0
0
0
0
0
0
0
0
0
0
0
0
0
0
0
0
0
0
0
0
0
0
0
0
0
0
0
0
0
0
0
0
0
0
0
0
0
0
0
0
0
0
0
0
0
0
0
0
0
0
0
0
0
0
0
-4.8726
0
0
0
0
0
0
0
0
0
0
0
0
0
0
0
0
0
0
0
0
0
0
0
0
0
0
0
0
0
0
0
0
0
0
0
0
0
0
0
4.8726
0
0
0
0
0
0
0
0
0
0
0
0
0
0
0
0
0
0
0
0
0
0
0
0
0
0
0
0
0
0
0
0
0
0
0
0
0
0
0
0
0
0
0
0
0
0
0
0
0
0
0
0
0
0
0
0
0
-4.4492
0
0
0
0
0
0
0
0
0
0
0
0
0
0
0
0
0
0
0
0
0
0
0
0
0
0
0
0
0
0
0
0
0
0
0
0
0
0
0
0
0
0
0
0
0
0
0
0
0
0
0
0
0
0
0
0
4.4492
0
0
0
0
0
0
0
0
0
0
0
0
0
0
0
0
0
0
0
0
0
0
0
0
0
0
0
0
0
0
0
0
0
0
0
0
0
0
0
0
0
0
0
0
0
0
0
0
-6.4623
0
0
0
0
0
0
0
0
0
0
0
0
0
0
0
0
0
0
0
0
0
0
0
0
0
0
0
0
0
0
0
0
0
0
0
0
0
0
0
0
0
0
0
0
0
0
0
0
0
0
0
0
0
0
0
0
0
0
0
0
0
0
0
0
0
6.4623
0
0
0
0
0
0
0
0
0
0
0
0
0
0
0
0
0
0
0
0
0
0
0
0
0
0
0
0
0
0
0
0
0
0
0
0
0
0
0
0
0
0
0
0
0
0
0
0
0
0
0
0
-6.2308
0
0
0
0
0
0
0
0
0
0
0
0
0
0
0
0
0
0
0
0
0
0
0
0
0
0
0
0
0
0
0
0
0
0
0
0
0
0
0
0
0
0
0
0
0
0
0
0
0
0
0
0
0
0
0
0
0
0
0
0
0
6.2308
0
0
0
0
0
0
0
0
0
0
0
0
0
0
0
0
0
0
0
0
0
0
0
0
0
0
0
0
0
0
0
0
0
0
0
0
0
0
0
0
0
0
0
0
0
0
0
0
0
0
0
0
0
0
0
0
0
0
0
0
0
0
0
0
0
0
0
0
0
-4.1745
0
0
0
0
0
0
0
0
0
0
0
0
0
0
0
0
0
0
0
0
0
0
0
0
0
0
0
0
0
0
0
0
0
0
0
0
0
0
0
0
0
0
0
0
4.1745
0
0
0
0
0
0
0
0
0
0
0
0
0
0
0
0
0
0
0
0
0
0
0
0
0
0
-6.625
0
0
0
0
0
0
0
0
0
0
0
0
0
0
0
0
0
0
0
0
0
0
0
0
0
0
0
0
0
0
0
0
0
0
0
0
0
0
0
0
0
0
0
0
0
0
0
0
0
0
0
0
0
0
0
0
0
0
0
0
0
0
0
0
0
0
0
0
0
0
0
0
0
0
0
0
0
0
0
0
0
0
0
0
0
0
0
6.625
0
0
0
0
0
0
0
0
0
0
0
0
0
0
0
0
0
0
0
0
0
0
0
0
0
0
0
0
0
0
0
0
0
0
0
0
0
0
0
0
0
0
0
0
0
0
0
0
0
0
-5.036
0
0
0
0
0
0
0
0
0
0
0
0
0
0
0
0
0
0
0
0
0
0
0
0
0
0
0
0
0
0
0
0
0
0
0
0
0
0
0
0
0
0
0
0
0
0
0
0
0
0
0
0
0
0
0
0
0
0
0
0
0
0
0
5.036
