1
0.95163
0.93612
0.92887
0.92303
0.91815
0.9144
0.91086
0.90773
0.90577
0.89876
0.89224
0.89175
0.89167
0.88551
0.87973
0.8742
0.86892
0.86387
0.859
0.85434
0.84984
0.84557
0.84146
0.83759
0.83386
0.83033
0.82694
0.82374
0.82067
0.81776
0.81497
0.81233
0.80982
0.80743
0.80512
0.80285
0.80064
0.79847
0.79633
0.79419
0.79203
0.78984
0.78763
0.7854
0.78318
0.78097
0.77877
0.77658
0.77441
0.77225
0.7701
0.76796
0.7658
0.76364
0.76146
0.75926
0.75705
0.75482
0.75259
0.75039
0.74821
0.74609
0.74402
0.74202
0.74009
0.73821
0.7364
0.73466
0.73297
0.73135
0.72978
0.72827
0.72682
0.72541
0.72405
0.72272
0.72141
0.72011
0.71883
0.71755
0.71628
0.71502
0.71377
0.71252
0.71128
0.71004
0.70879
0.70754
0.70628
0.70502
0.70374
0.70245
0.70116
0.69987
0.69857
0.69728
0.69599
0.6947
0.69342
0.69216
