1
0.9476
0.93654
0.93267
0.93114
0.92961
0.92843
0.92703
0.92668
0.92497
0.92395
0.92256
0.9211
0.9202
0.91956
0.9163
0.91356
0.91091
0.90864
0.90655
0.90452
0.90274
0.90104
0.89952
0.89814
0.89691
0.89567
0.89453
0.89327
0.89206
0.8907
0.88931
0.88782
0.88633
0.88483
0.88336
0.8819
0.88047
0.87905
0.87762
0.8762
0.8748
0.87344
0.87214
0.87091
0.86975
0.86865
0.86763
0.86667
0.86577
0.86492
0.86413
0.86337
0.86266
0.86199
0.86136
0.86076
0.86021
0.85969
0.8592
0.85873
0.85828
0.85783
0.85736
0.85683
0.85621
0.85548
