1
0.94574
0.93212
0.92608
0.92288
0.91962
0.91692
0.91389
0.9123
0.90975
0.90818
0.9065
0.90498
0.9036
0.90274
0.89714
0.89208
0.88705
0.88221
0.87743
0.87266
0.86808
0.86364
0.85938
0.85535
0.85151
0.84785
0.84437
0.84103
0.83786
0.83484
0.83196
0.82922
0.82659
0.82408
0.82166
0.81929
0.81696
0.81465
0.81235
0.81004
0.80773
0.80543
0.80312
0.80084
0.79859
0.79637
0.79422
0.79212
0.7901
0.78814
0.78625
0.78442
0.78264
0.78092
0.77925
0.77764
0.77608
0.77458
0.77315
0.77178
0.77047
0.76924
0.76809
0.76701
0.76601
0.76508
