1
0.96122
0.94216
0.92906
0.91907
0.91154
0.90549
0.90068
0.89685
0.89375
0.88314
0.87389
0.86578
0.85861
0.85233
0.84678
0.84196
0.83778
0.83423
0.83127
0.82889
0.82704
0.82573
0.825
0.82489
0.82533
0.82624
0.82747
0.82889
0.83026
0.83123
0.83138
0.83054
0.82922
0.82816
0.82754
0.82694
0.82585
0.82408
0.822
0.82028
0.81925
0.81886
0.81894
0.81933
0.81991
0.82059
0.82128
0.82189
0.82233
0.82249
0.82228
0.82161
0.82047
0.81889
0.81698
0.81492
0.81287
0.81097
0.80927
0.80778
0.80646
0.80527
0.80416
0.80308
0.80198
0.80083
0.7996
0.79826
0.79679
0.79518
0.7934
0.79147
0.78937
0.78712
0.78474
0.78225
0.77968
0.77707
0.77444
0.77183
0.76924
0.76669
0.76417
0.76167
0.75918
0.75667
0.75412
0.75147
0.74868
0.74572
0.74255
0.73915
0.73551
0.73168
0.72775
0.72383
0.72009
0.71666
0.7136
0.71094
0.70865
0.70667
0.70494
0.7034
0.702
0.70071
0.69948
0.69829
0.69712
0.69594
0.69474
0.69352
0.69225
0.69093
0.68954
0.6881
0.68658
0.685
0.68334
0.68162
0.67985
0.67802
0.67615
0.67424
0.67232
0.67038
0.66845
0.66653
0.66463
0.66277
0.66096
0.65919
0.65749
0.65585
0.65428
0.65279
0.65138
0.65003
0.64876
0.64756
0.64642
0.64535
0.64434
0.64338
0.64246
0.6416
0.64077
0.63998
0.6392
0.63845
0.6377
0.63695
0.63621
0.63545
0.63469
0.63392
0.63314
0.63234
0.63154
0.63072
0.6299
0.62906
0.62821
0.62736
0.6265
0.62563
0.62475
0.62387
0.62299
0.6221
0.62122
0.62033
0.61945
0.61857
0.61769
0.61682
0.61595
0.61509
0.61423
0.61338
0.61253
0.61169
0.61086
0.61003
0.60921
0.6084
0.6076
0.60681
0.60603
0.60526
0.60449
0.60374
0.603
0.60227
0.60155
0.60084
0.60014
0.59946
0.59878
0.59812
0.59746
0.59682
0.59619
0.59556
0.59495
0.59435
0.59375
0.59317
0.59259
0.59203
0.59147
0.59092
0.59038
0.58985
0.58932
0.5888
0.58829
0.58778
0.58728
0.58679
0.5863
0.58582
0.58534
0.58487
0.58441
0.58394
0.58349
0.58303
0.58258
0.58213
0.58168
0.58124
0.5808
0.58036
0.57992
0.57948
0.57904
0.57861
0.57817
0.57774
0.5773
0.57686
0.57643
0.57599
0.57555
0.57511
0.57467
0.57423
0.57379
0.57334
0.57289
0.57244
0.57199
0.57154
0.57108
0.57063
0.57017
0.56971
0.56924
0.56878
0.56831
0.56783
0.56736
0.56688
0.5664
0.56591
0.56542
0.56492
0.56442
0.56391
0.5634
0.56288
0.56236
0.56182
0.56128
0.56073
0.56017
0.55961
0.55903
0.55844
0.55784
0.55723
0.55661
0.55598
0.55534
0.55468
0.55402
0.55334
0.55265
0.55194
0.55123
0.5505
0.54976
0.54901
0.54825
0.54747
0.54669
0.54589
0.54508
0.54426
0.54343
0.54259
0.54174
