1
0.94623
0.93442
0.92726
0.92261
0.91981
0.91767
0.91628
0.91504
0.91061
0.90605
0.90165
0.89723
0.8929
0.88897
0.88541
0.88207
0.87894
0.87589
0.87295
0.87002
0.86718
0.86436
0.86161
0.8588
0.8559
0.85284
0.84966
0.84637
0.84302
0.83962
0.83616
0.83265
0.82907
0.82543
0.82176
0.81807
0.8144
0.81075
0.80715
0.8036
0.80011
0.79669
0.79333
0.79006
0.78687
0.78378
0.7808
0.77792
0.77514
0.77243
0.7698
0.76725
0.76477
0.76238
0.76007
0.75785
0.75572
0.75369
0.75174
0.74986
0.74804
0.74624
0.74448
0.74273
0.74102
0.73934
0.7377
0.73609
0.7345
0.73294
0.73139
0.72986
0.72833
0.72681
0.72527
0.7237
0.72209
0.72041
0.71868
