1
0.973
0.96138
0.95462
0.9494
0.94536
0.9384
0.93205
0.9261
0.92045
0.91505
0.90991
0.905
0.90033
0.89587
0.8916
0.88752
0.8836
0.87984
0.87622
0.87272
0.86934
0.86605
0.86284
0.85972
0.85666
0.85365
0.8507
0.84779
0.84493
0.84211
0.83934
0.83662
0.83397
0.83138
0.82886
0.82642
0.82406
0.82178
0.81958
0.81745
0.81539
0.81338
0.81144
0.80955
0.8077
0.80591
0.80416
0.80245
0.80078
0.79915
0.79754
0.79596
0.7944
0.79286
0.79133
0.78981
0.7883
0.78679
0.78529
0.78379
0.7823
0.78081
0.77933
0.77784
0.77636
0.77488
0.77339
0.7719
0.7704
0.76889
0.76737
0.76583
0.76429
0.76274
0.76119
0.75964
0.75812
0.75663
0.75517
0.75377
0.75243
0.75115
0.74995
0.74883
0.74778
0.7468
0.7459
0.74506
0.74428
0.74356
0.7429
0.74229
0.74172
0.7412
0.74072
0.74027
0.73986
0.73948
0.73914
0.73882
0.73852
0.73825
0.738
0.73777
0.73755
0.73733
0.73711
0.73688
0.73663
0.73636
0.73605
0.73569
0.73529
0.73483
0.73432
0.73378
0.73319
0.73259
0.73196
0.73131
0.73066
0.72999
0.72931
0.72861
0.7279
0.72717
0.72642
0.72566
0.72488
0.72409
0.72328
0.72245
0.72161
0.72076
0.71989
0.71902
0.71815
0.71728
0.71641
0.71555
0.7147
0.71387
0.71307
0.7123
0.71157
0.71088
0.71024
0.70965
0.70911
0.70862
0.70818
