1
2.8011
2.2552
2.3853
2.4585
2.2561
2.4669
2.3252
2.4326
2.4209
2.4899
2.3447
2.4565
2.4048
2.4277
2.4525
2.523
2.6057
2.6609
2.7255
2.7762
2.8285
2.8744
2.9207
2.9634
3.0057
3.0457
3.0847
3.1223
3.1588
3.1943
3.2289
3.2627
3.2959
3.3284
3.3603
3.3917
3.4226
3.4528
3.4825
3.5116
3.54
3.5679
3.5953
3.6222
3.6486
3.6747
3.7003
3.7257
3.7507
3.7753
3.7996
3.8235
3.8471
3.8702
3.893
3.9153
3.9374
3.9591
3.9804
4.0015
4.0224
4.0429
4.0631
4.0831
4.1027
4.1219
4.1408
4.1592
4.1773
4.195
4.2123
4.2293
4.246
4.2625
4.2788
4.295
4.3112
4.3272
4.3433
4.3592
4.375
4.3907
4.4063
4.4218
4.437
4.4521
4.4671
4.4818
4.4964
4.5108
4.525
4.539
4.5529
4.5666
4.5802
4.5936
4.6069
4.62
4.633
4.6459
4.6587
4.6713
4.6839
4.6963
4.7086
4.7208
4.733
4.745
4.757
4.7689
4.7808
4.7926
4.8043
4.816
4.8276
4.8392
4.8507
4.8622
4.8737
4.8851
4.8964
4.9077
4.9189
4.9301
4.9412
4.9522
4.9632
4.9741
4.9849
4.9957
5.0063
5.0169
5.0275
5.0379
5.0483
5.0585
5.0687
5.0788
5.0889
5.0988
5.1087
5.1185
5.1283
5.138
5.1476
5.1572
5.1667
5.1762
5.1856
5.195
5.2043
5.2135
5.2228
5.2319
5.241
5.2501
5.2591
5.2681
5.277
5.2859
5.2948
5.3036
5.3124
5.3211
5.3299
5.3386
5.3473
5.356
5.3646
5.3732
5.3818
5.3904
5.399
5.4075
5.416
