1
0.97518
0.9718
0.96955
0.96827
0.96774
0.96708
0.96663
0.96555
0.96521
0.96371
0.96267
0.96023
0.95866
0.95727
0.95612
0.95402
0.95224
0.95075
0.94945
0.94833
0.94733
0.94645
0.94565
0.94493
0.94428
0.94369
0.94314
0.94264
0.94218
0.94175
0.94136
0.94098
0.94063
0.94029
0.93995
0.93962
0.93928
0.93892
0.93854
0.93814
0.93772
0.93728
0.93682
0.93636
0.9359
0.93546
0.93504
0.93463
0.93424
0.93387
0.93351
0.93317
0.93284
0.93252
0.93222
0.93192
0.93164
0.93136
0.93109
0.93083
0.93057
0.93032
0.93007
0.92983
0.9296
0.92938
0.92917
0.92897
0.92878
0.92861
0.92846
0.92833
0.92823
0.92815
0.92811
0.92809
0.9281
0.92815
0.92822
0.92831
0.92844
0.92858
0.92876
0.92895
0.92918
0.92943
0.92971
0.93001
0.93033
0.93067
0.93104
0.93142
0.93182
0.93222
0.93264
0.93306
0.93348
0.9339
0.93432
0.93472
0.93511
0.93548
0.93584
0.93618
0.93649
0.93679
0.93706
0.93731
0.93755
0.93776
0.93795
0.93812
0.93828
0.93842
0.93854
0.93865
0.93874
0.93882
0.93889
0.93894
0.93898
0.93901
0.93903
0.93905
0.93905
0.93906
0.93906
0.93905
0.93904
0.93903
0.93902
0.939
0.93898
0.93895
0.93892
0.93889
0.93885
0.93881
0.93877
0.93872
0.93867
0.93862
0.93857
0.93851
0.93846
0.9384
0.93834
0.93828
0.93822
0.93816
0.93809
0.93803
0.93797
0.93791
0.93784
0.93778
0.93772
0.93765
0.93759
0.93753
0.93747
0.93741
0.93735
0.93729
0.93723
0.93718
0.93712
0.93706
0.93701
0.93696
0.93691
0.93686
0.93681
0.93676
0.93672
