1
0.97261
0.9685
0.96488
0.96233
0.95917
0.95774
0.95618
0.95492
0.95371
0.95288
0.95189
0.94903
0.94833
0.94769
0.94714
0.94443
0.94183
0.93932
0.9369
0.93457
0.93228
0.93005
0.92783
0.92565
0.92347
0.9213
0.91914
0.91699
0.91486
0.91276
0.91067
0.90862
0.9066
0.90462
0.90269
0.90079
0.89894
0.89712
0.89533
0.89358
0.89185
0.89016
0.88849
0.88685
0.88523
0.88364
0.88206
0.8805
0.87896
0.87743
0.87592
0.87442
0.87294
0.87147
0.87002
0.86859
0.86718
0.86579
0.86442
0.86307
0.86174
0.86042
0.85912
0.85784
0.85657
0.85532
0.85408
0.85284
0.85162
0.8504
0.8492
0.848
0.8468
0.84561
0.84442
0.84323
0.84205
0.84086
0.83966
0.83845
0.83724
0.836
0.83476
0.8335
0.83223
0.83094
0.82965
0.82835
0.82705
0.82575
0.82447
0.8232
0.82194
0.82071
0.8195
0.81832
0.81718
0.81606
0.81498
0.81393
0.81292
0.81193
0.81098
0.81006
0.80917
0.8083
0.80746
0.80665
0.80586
0.80509
0.80434
0.80362
0.80291
0.80222
0.80154
0.80088
0.80022
0.79958
0.79895
0.79833
0.79772
0.79711
0.79651
0.79591
0.79532
0.79474
0.79416
0.79358
0.79301
0.79244
0.79187
0.7913
0.79074
0.79016
0.78959
0.78901
0.78843
0.78785
0.78726
0.78667
0.78607
0.78548
0.78487
0.78427
0.78366
0.78306
0.78245
0.78185
0.78125
0.78066
0.78007
0.77949
0.77892
0.77835
0.7778
0.77726
0.77673
0.77622
0.77571
0.77522
0.77474
0.77427
0.77381
0.77336
0.77292
0.77249
0.77207
0.77165
0.77125
0.77085
0.77045
0.77006
0.76968
0.76931
0.76893
