1
0.95255
0.93421
0.92286
0.91217
0.90598
0.89988
0.8886
0.87784
0.86748
0.85733
0.84757
0.83798
0.82901
0.8201
0.81131
0.8021
0.79295
0.78378
0.77512
0.76719
0.7604
0.75451
0.74924
0.74419
0.73917
0.73418
0.72934
0.72475
0.72044
0.71635
0.71244
0.70868
0.70506
0.70155
0.69809
0.69465
0.69124
0.68789
0.68464
0.68151
0.67851
0.67558
0.67268
0.66974
0.66673
0.66365
0.66054
0.65743
0.65439
0.65144
0.64864
0.64603
0.64363
0.64147
0.63953
0.63781
0.63632
0.63503
0.63391
0.6329
0.63192
0.6309
0.62977
0.62852
0.62718
0.62577
0.62437
0.62303
0.62178
0.62066
0.61969
0.61883
0.61805
0.6173
0.61653
0.61571
0.61483
0.61388
0.61288
0.61183
0.61075
0.60964
0.60851
0.60736
0.60617
0.60494
0.60367
0.60239
0.60111
0.59987
0.59868
0.59756
0.59653
0.59562
0.59482
0.59416
0.59364
0.59326
0.59301
0.59287
0.59282
0.59283
0.59285
0.59286
0.59282
0.59271
0.59252
0.59226
0.59191
0.59149
0.591
0.59046
0.58987
0.58923
0.58857
0.58788
0.58717
0.58645
0.58574
0.58503
