1
0.97528
0.96597
0.95703
0.95221
0.94854
0.94544
0.93943
0.93408
0.92889
0.92422
0.91964
0.91541
0.91126
0.90727
0.90343
0.89974
0.89614
0.89266
0.88932
0.88607
0.88295
0.87991
0.877
0.87414
0.87138
0.86865
0.86597
0.8633
0.86064
0.85797
0.85528
0.85258
0.84987
0.84716
0.84447
0.84183
0.83925
0.83677
0.83439
0.83211
0.82993
0.82786
0.82588
0.82399
0.82218
0.82045
0.81877
0.81715
0.81558
0.81405
0.81256
0.81111
0.8097
0.80832
0.80697
0.80564
0.80435
0.80307
0.80182
0.80058
0.79936
0.79816
0.79697
0.79579
0.79463
0.79349
0.79235
0.79123
0.79013
0.78903
0.78795
0.78688
0.78582
0.78477
0.78373
0.7827
0.78168
0.78067
0.77966
0.77866
0.77767
0.77668
0.7757
0.77472
0.77374
0.77277
0.7718
0.77084
0.76987
0.76892
0.76796
0.76701
0.76607
0.76513
0.76419
0.76326
0.76234
0.76142
0.76052
0.75962
0.75874
0.75787
0.75701
0.75617
0.75534
0.75453
0.75373
0.75296
0.7522
0.75145
0.75072
0.75001
0.74932
0.74864
0.74797
0.74731
0.74666
0.74603
0.7454
0.74478
0.74417
0.74357
0.74298
0.74239
0.74181
0.74124
0.74068
0.74012
0.73957
0.73902
0.73848
0.73794
0.7374
0.73687
0.73634
0.73581
0.73528
0.73476
0.73423
0.73371
0.73319
0.73267
0.73215
0.73164
0.73112
0.73061
0.7301
0.72959
0.72908
0.72858
0.72807
0.72757
0.72706
0.72656
0.72607
0.72557
0.72508
