1
1.8971
1.946
2.0672
2.0794
2.128
2.1781
2.2815
2.3646
2.4391
2.5055
2.5677
2.6267
2.6835
2.7378
2.7899
2.8394
2.8867
2.9318
2.975
3.0163
3.0561
3.0946
3.1319
3.1681
3.2032
3.2373
3.2704
3.3025
3.3338
3.3643
3.394
3.4231
3.4515
3.4794
3.5067
3.5335
3.5599
3.5858
3.6113
3.6364
3.6612
3.6856
3.7097
3.7335
3.757
3.7802
3.8031
3.8258
3.8481
3.8702
3.8919
3.9134
3.9346
3.9556
3.9763
3.9967
4.017
4.037
4.0567
4.0762
4.0955
4.1145
4.1333
4.1519
4.1702
4.1884
4.2062
4.2239
4.2413
4.2586
4.2756
4.2924
4.3091
4.3255
4.3417
4.3578
4.3737
4.3894
4.4049
4.4203
4.4355
4.4506
4.4654
4.4802
4.4948
4.5092
4.5235
4.5376
4.5517
4.5655
4.5793
4.5929
4.6064
4.6198
4.6331
4.6462
4.6592
4.6721
4.6849
4.6976
4.7102
4.7227
4.7351
4.7473
4.7595
4.7716
4.7836
4.7955
4.8073
4.8191
4.8307
4.8423
4.8537
4.8651
4.8765
4.8877
4.8989
4.91
4.921
4.932
4.9429
4.9538
4.9646
4.9753
4.986
4.9966
5.0072
5.0178
5.0283
5.0387
5.0491
5.0594
5.0697
5.0799
5.0901
5.1002
5.1102
5.1202
5.1302
5.14
5.1499
5.1596
5.1693
5.179
5.1886
5.1981
5.2076
5.217
5.2264
5.2357
5.245
5.2542
5.2634
5.2725
5.2816
5.2906
5.2995
