57.8026
-0.89956
-0.91306
-0.91078
-0.9009
-0.9009
-0.90581
-0.90031
-0.89876
-0.90581
-0.89846
-0.89623
-0.89624
-0.89945
-0.89336
-0.89257
-0.88607
-0.89798
-0.88607
-0.89513
-0.89512
-0.89735
-0.89889
-0.89552
-0.89552
-0.89551
-0.88509
-0.9007
-0.89313
-0.89061
-0.90123
-0.8972
-0.8972
-0.89179
-0.89313
-0.89661
-0.89462
-0.89344
-0.88783
-0.88835
-0.89255
-0.88656
-0.89975
-0.89976
-0.89023
-0.89938
-0.90436
-0.90342
-0.90036
-0.89219
-0.8882
-0.88468
0
0
0
0
-0.68157
0
0
-1.4779
0
0
0
0
0
0
0
0
0
0
0
0
0
0
0
0
0
0
0
0
0
0
0
-4.9677
0
0
0
0
0
0
0
0
0
0
0
0
0
-4.9677
0
0
0
0
0
0
0
0
0
0
0
-0.89956
57.7235
-0.91304
-0.91077
-0.90071
-0.90071
-0.90559
-0.90026
-0.89865
-0.90559
-0.89834
-0.89605
-0.89606
-0.89919
-0.89317
-0.89237
-0.88588
-0.89777
-0.88588
-0.89492
-0.89491
-0.89718
-0.89871
-0.89533
-0.89532
-0.89532
-0.885
-0.90074
-0.8932
-0.89044
-0.90122
-0.89703
-0.89701
-0.8916
-0.89304
-0.89651
-0.89447
-0.89336
-0.88763
-0.88815
-0.89255
-0.88666
-0.89953
-0.89954
-0.88999
-0.89914
-0.90467
-0.90331
-0.90035
-0.89072
-0.88818
-0.88452
-1.2315
0
0
0
0
0
0
0
-0.87926
0
0
0
0
0
0
0
0
0
0
0
0
0
0
0
0
0
0
0
0
0
0
0
0
0
0
0
0
0
0
0
0
0
0
0
0
0
0
0
0
0
0
-4.9564
0
0
-4.9564
0
0
-0.91306
-0.91304
54.5519
-0.92214
-0.90986
-0.90985
-0.91831
-0.90996
-0.90856
-0.91831
-0.90817
-0.90582
-0.90582
-0.91192
-0.90308
-0.9021
-0.89556
-0.91246
-0.89555
-0.90593
-0.90593
-0.907
-0.90855
-0.90515
-0.90515
-0.90513
-0.89471
-0.91149
-0.90303
-0.90112
-0.91378
-0.90683
-0.90682
-0.9013
-0.90306
-0.90694
-0.90495
-0.90458
-0.89722
-0.89855
-0.90289
-0.89838
-0.909
-0.909
-0.89936
-0.90852
-0.91434
-0.91389
-0.90963
-0.8996
-0.89671
-0.89468
-1.2176
0
0
0
0
0
0
0
0
0
0
0
0
0
0
0
0
0
-1.7688
0
0
0
0
0
0
0
0
0
0
0
0
0
0
0
0
0
0
0
0
0
0
0
0
0
0
0
0
0
0
0
0
0
0
0
0
-5.3487
0
-0.91078
-0.91077
-0.92214
52.4775
-0.90815
-0.90817
-0.91645
-0.90835
-0.90676
-0.91646
-0.90644
-0.90404
-0.90404
-0.90978
-0.90133
-0.90032
-0.89375
-0.90967
-0.89376
-0.90375
-0.90374
-0.90517
-0.90672
-0.90333
-0.90333
-0.90332
-0.89285
-0.9095
-0.90142
-0.89896
-0.9108
-0.90498
-0.90497
-0.89947
-0.90123
-0.90487
-0.9029
-0.90235
-0.89541
-0.89657
-0.90096
-0.89667
-0.90723
-0.90723
-0.8976
-0.90676
-0.91272
-0.91228
-0.90804
-0.89809
-0.89534
-0.89279
-1.2202
0
0
0
0
0
0
0
0
0
0
0
0
0
0
0
0
0
0
0
0
0
0
0
0
0
0
0
0
0
0
0
0
0
0
0
0
0
0
0
0
0
0
0
0
0
0
0
0
0
0
0
-5.1347
0
0
0
0
-0.9009
-0.90071
-0.90986
-0.90815
47.7993
-0.89977
-0.90495
-0.90003
-0.8986
-0.90494
-0.89834
-0.89592
-0.89591
-0.89988
-0.89332
-0.8922
-0.8856
-0.90006
-0.8856
-0.89558
-0.89558
-0.89708
-0.89865
-0.89528
-0.8953
-0.89529
-0.88495
-0.9014
-0.89321
-0.89088
-0.9033
-0.897
-0.897
-0.89151
-0.89312
-0.89674
-0.8948
-0.89435
-0.8875
-0.88864
-0.89313
-0.88813
-0.89939
-0.89938
-0.88981
-0.89889
-0.90465
-0.90302
-0.90033
-0.89037
-0.88765
-0.88483
-1.2182
0
0
0
0
0
0
0
-0.87965
0
0
0
0
0
0
0
0
0
0
0
0
0
0
0
0
0
0
0
0
0
0
0
0
0
0
0
0
0
0
0
0
0
0
0
0
0
0
0
0
0
0
0
0
0
0
0
0
-0.9009
-0.90071
-0.90985
-0.90817
-0.89977
47.7993
-0.90493
-0.90002
-0.8986
-0.90494
-0.89833
-0.89591
-0.89592
-0.89989
-0.89332
-0.8922
-0.8856
-0.90006
-0.8856
-0.89559
-0.89559
-0.89708
-0.89865
-0.89528
-0.89529
-0.89529
-0.88494
-0.9014
-0.89321
-0.89088
-0.9033
-0.89699
-0.897
-0.89151
-0.89313
-0.89674
-0.8948
-0.89435
-0.88749
-0.88864
-0.89313
-0.88814
-0.89938
-0.89939
-0.88982
-0.89889
-0.90464
-0.90304
-0.90034
-0.89036
-0.88766
-0.88482
-1.2182
0
0
0
0
0
0
0
-0.87964
0
0
0
0
0
0
0
0
0
0
0
0
0
0
0
0
0
0
0
0
0
0
0
0
0
0
0
0
0
0
0
0
0
0
0
0
0
0
0
0
0
0
0
0
0
0
0
0
-0.90581
-0.90559
-0.91831
-0.91645
-0.90495
-0.90493
50.83
-0.90437
-0.90281
-0.91196
-0.90249
-0.90012
-0.90012
-0.90506
-0.89736
-0.89639
-0.88983
-0.90449
-0.88983
-0.89949
-0.89948
-0.90121
-0.90276
-0.89937
-0.89936
-0.89935
-0.88892
-0.90513
-0.89732
-0.89476
-0.90602
-0.90101
-0.90101
-0.89551
-0.8972
-0.90072
-0.89877
-0.89806
-0.89148
-0.89251
-0.8969
-0.89218
-0.90335
-0.90334
-0.89375
-0.90289
-0.90858
-0.90792
-0.90412
-0.89435
-0.89164
-0.8888
0
0
0
0
0
0
0
0
0
0
0
0
0
0
0
0
0
0
0
0
0
0
0
0
0
0
0
0
0
0
0
0
0
0
-4.9119
0
0
0
0
0
0
0
0
0
0
0
0
0
0
0
0
0
0
0
0
0
0
-0.90031
-0.90026
-0.90996
-0.90835
-0.90003
-0.90002
-0.90437
47.672
-0.89813
-0.90437
-0.89785
-0.89547
-0.89547
-0.89936
-0.8928
-0.89176
-0.88516
-0.89941
-0.88516
-0.89516
-0.89516
-0.89666
-0.89826
-0.89491
-0.89491
-0.8949
-0.88437
-0.90067
-0.89244
-0.89042
-0.90271
-0.89661
-0.89661
-0.89112
-0.89269
-0.89631
-0.89444
-0.89404
-0.8871
-0.88837
-0.89283
-0.88763
-0.89903
-0.89903
-0.88948
-0.89855
-0.90334
-0.90239
-0.89994
-0.89002
-0.88726
-0.88493
0
0
0
0
0
0
0
0
0
0
0
0
0
0
0
0
0
0
0
-1.9915
0
0
0
0
0
0
0
0
0
0
0
0
0
0
0
0
0
0
0
0
0
0
0
0
0
0
0
0
0
0
0
0
0
0
0
0
0
-0.89876
-0.89865
-0.90856
-0.90676
-0.8986
-0.8986
-0.90281
-0.89813
46.6337
-0.9028
-0.89652
-0.89401
-0.89401
-0.89784
-0.89132
-0.89023
-0.88355
-0.89803
-0.88355
-0.89362
-0.89361
-0.8951
-0.89667
-0.89333
-0.89332
-0.89332
-0.88295
-0.89908
-0.89104
-0.88878
-0.90104
-0.89503
-0.89503
-0.88952
-0.89108
-0.89466
-0.89278
-0.89231
-0.88551
-0.8867
-0.89119
-0.88606
-0.89742
-0.89743
-0.88786
-0.89693
-0.90237
-0.90093
-0.89828
-0.88841
-0.88569
-0.88306
0
0
-1.0309
0
0
0
0
0
0
0
0
0
0
0
0
0
0
0
0
0
0
0
0
0
0
0
0
0
0
0
0
0
0
0
0
0
0
0
0
0
0
0
0
0
0
0
0
0
0
0
0
0
0
0
0
0
0
-0.90581
-0.90559
-0.91831
-0.91646
-0.90494
-0.90494
-0.91196
-0.90437
-0.9028
50.8302
-0.90249
-0.90012
-0.90012
-0.90507
-0.89736
-0.8964
-0.88983
-0.90449
-0.88983
-0.89948
-0.89949
-0.90121
-0.90275
-0.89937
-0.89936
-0.89936
-0.88893
-0.90514
-0.89732
-0.89476
-0.90602
-0.90102
-0.90102
-0.89551
-0.8972
-0.90072
-0.89879
-0.89805
-0.89148
-0.8925
-0.8969
-0.89218
-0.90334
-0.90335
-0.89375
-0.90288
-0.90857
-0.90792
-0.90412
-0.89432
-0.89164
-0.8888
0
0
0
0
0
0
0
0
0
0
0
0
0
0
0
0
0
0
0
0
0
0
0
0
0
0
0
0
0
0
0
0
0
0
0
0
0
0
0
0
0
0
0
-4.912
0
0
0
0
0
0
0
0
0
0
0
0
0
-0.89846
-0.89834
-0.90817
-0.90644
-0.89834
-0.89833
-0.90249
-0.89785
-0.89652
-0.90249
46.308
-0.89358
-0.89358
-0.89756
-0.89091
-0.88982
-0.88313
-0.89769
-0.88313
-0.89325
-0.89325
-0.89472
-0.8963
-0.89295
-0.89294
-0.89295
-0.88256
-0.89873
-0.89069
-0.88845
-0.90099
-0.89467
-0.89466
-0.88917
-0.89074
-0.89432
-0.89244
-0.89198
-0.88516
-0.88638
-0.89077
-0.88572
-0.89707
-0.89707
-0.88753
-0.89659
-0.90199
-0.90056
-0.89793
-0.88805
-0.88632
-0.88277
0
0
0
0
0
0
0
0
0
0
-0.72149
0
0
0
0
0
0
0
0
0
0
0
0
0
0
0
0
0
0
0
0
0
0
0
0
0
0
0
0
0
0
0
0
0
0
0
0
0
0
0
0
0
0
0
0
0
0
-0.89623
-0.89605
-0.90582
-0.90404
-0.89592
-0.89591
-0.90012
-0.89547
-0.89401
-0.90012
-0.89358
45.4657
-0.891
-0.89522
-0.88845
-0.88731
-0.88062
-0.89543
-0.88062
-0.89084
-0.89084
-0.89227
-0.89384
-0.89053
-0.89052
-0.89053
-0.88019
-0.89631
-0.8883
-0.88603
-0.89904
-0.89223
-0.89224
-0.88675
-0.88836
-0.8919
-0.89002
-0.88963
-0.88273
-0.884
-0.88844
-0.88339
-0.89462
-0.89462
-0.8851
-0.89413
-0.89968
-0.89814
-0.89548
-0.88572
-0.88299
-0.88035
0
0
0
0
0
0
0
0
0
0
0
0
0
0
0
0
0
0
0
0
0
0
0
0
0
0
0
0
0
0
0
0
0
0
0
0
0
0
0
0
0
0
0
0
0
0
0
0
0
0
0
0
0
0
0
0
0
-0.89624
-0.89606
-0.90582
-0.90404
-0.89591
-0.89592
-0.90012
-0.89547
-0.89401
-0.90012
-0.89358
-0.891
45.4657
-0.89521
-0.88844
-0.88731
-0.88062
-0.89544
-0.88062
-0.89084
-0.89083
-0.89228
-0.89385
-0.89053
-0.89053
-0.89052
-0.88019
-0.8963
-0.8883
-0.88603
-0.89904
-0.89224
-0.89224
-0.88676
-0.88836
-0.89191
-0.89002
-0.88963
-0.88273
-0.88399
-0.88844
-0.8834
-0.89461
-0.89462
-0.8851
-0.89413
-0.89968
-0.89812
-0.89549
-0.88573
-0.88299
-0.88035
0
0
0
0
0
0
0
0
0
0
0
0
0
0
0
0
0
0
0
0
0
0
0
0
0
0
0
0
0
0
0
0
0
0
0
0
0
0
0
0
0
0
0
0
0
0
0
0
0
0
0
0
0
0
0
0
0
-0.89945
-0.89919
-0.91192
-0.90978
-0.89988
-0.89989
-0.90506
-0.89936
-0.89784
-0.90507
-0.89756
-0.89522
-0.89521
49.1383
-0.89237
-0.89147
-0.88488
-0.89846
-0.88488
-0.89434
-0.89434
-0.89622
-0.89776
-0.89438
-0.89438
-0.89438
-0.884
-0.89996
-0.89217
-0.88969
-0.90072
-0.89604
-0.89604
-0.89055
-0.8921
-0.89569
-0.89377
-0.89301
-0.88653
-0.88753
-0.89193
-0.88674
-0.89841
-0.89841
-0.88884
-0.89795
-0.90348
-0.90237
-0.89921
-0.88953
-0.8869
0
0
0
0
0
0
0
0
0
0
0
0
0
0
0
0
0
0
0
0
0
0
0
0
0
0
0
0
0
0
0
0
0
0
0
0
0
0
0
0
0
0
0
0
0
0
0
-4.3634
0
0
0
0
0
0
0
0
0
0
-0.89336
-0.89317
-0.90308
-0.90133
-0.89332
-0.89332
-0.89736
-0.8928
-0.89132
-0.89736
-0.89091
-0.88845
-0.88844
-0.89237
45.0073
-0.88444
-0.87739
-0.89259
-0.8774
-0.88791
-0.88791
-0.88941
-0.89101
-0.8877
-0.88769
-0.8877
-0.87725
-0.89296
-0.8852
-0.88309
-0.8968
-0.88939
-0.88939
-0.8839
-0.88543
-0.88896
-0.88709
-0.88671
-0.87989
-0.88118
-0.88554
-0.88029
-0.89179
-0.8918
-0.88229
-0.8913
-0.89645
-0.89513
-0.89267
-0.88291
0
0
0
0
0
0
0
0
0
-1.4421
0
0
0
0
0
0
0
0
0
0
0
0
0
0
0
0
0
0
0
0
0
0
0
0
0
0
0
0
0
0
0
0
0
0
0
0
0
0
0
0
0
0
0
0
0
0
0
0
0
-0.89257
-0.89237
-0.9021
-0.90032
-0.8922
-0.8922
-0.89639
-0.89176
-0.89023
-0.8964
-0.88982
-0.88731
-0.88731
-0.89147
-0.88444
44.3991
-0.87651
-0.89182
-0.8765
-0.88703
-0.88704
-0.88848
-0.89009
-0.88675
-0.88676
-0.88675
-0.87637
-0.89209
-0.88439
-0.88215
-0.8958
-0.88842
-0.88843
-0.88294
-0.88453
-0.88806
-0.88619
-0.88584
-0.87893
-0.88023
-0.88465
-0.87958
-0.89077
-0.89079
-0.88128
-0.89029
-0.89578
-0.89426
-0.89166
-0.88192
-0.87918
0
0
0
0
0
0
0
0
0
0
0
0
0
0
0
0
0
0
0
0
0
0
0
0
0
0
0
0
0
0
0
0
0
0
0
0
0
0
0
0
0
0
0
0
0
0
0
0
0
0
0
0
0
0
0
0
0
0
-0.88607
-0.88588
-0.89556
-0.89375
-0.8856
-0.8856
-0.88983
-0.88516
-0.88355
-0.88983
-0.88313
-0.88062
-0.88062
-0.88488
-0.87739
-0.87651
43.2001
-0.88536
-0.86966
-0.87995
-0.87994
-0.88217
-0.88368
-0.88033
-0.88034
-0.88033
-0.86985
-0.88433
-0.87762
-0.87544
-0.88919
-0.88185
-0.88185
-0.87635
-0.87792
-0.88135
-0.8795
-0.87909
-0.87234
-0.87363
-0.87795
-0.87274
-0.88411
-0.88412
-0.87468
-0.88363
-0.889
-0.88752
-0.885
-0.87534
0
0
0
0
0
0
0
0
0
0
0
0
0
0
0
0
0
0
0
0
0
0
0
0
0
0
0
0
0
0
0
0
0
0
0
0
0
0
0
0
0
0
0
0
0
0
0
0
0
0
0
0
0
0
0
0
0
0
0
-0.89798
-0.89777
-0.91246
-0.90967
-0.90006
-0.90006
-0.90449
-0.89941
-0.89803
-0.90449
-0.89769
-0.89543
-0.89544
-0.89846
-0.89259
-0.89182
-0.88536
52.7215
-0.88538
-0.89441
-0.89441
-0.89649
-0.89804
-0.89466
-0.89466
-0.89466
-0.884
-0.8998
-0.89207
-0.88984
-0.90144
-0.89631
-0.89631
-0.89087
-0.89231
-0.89592
-0.89384
-0.89291
-0.88686
-0.88758
-0.89203
-0.88764
-0.89879
-0.89881
-0.88925
-0.8984
-0.90338
0
0
0
0
0
0
0
0
0
0
0
0
0
0
0
0
0
0
0
0
0
0
0
0
0
0
0
-1.8622
0
0
0
0
-4.8285
0
0
0
0
0
0
0
0
0
0
-4.8285
0
0
0
0
0
0
0
0
0
0
0
0
0
0
0
0
0
0
-0.88607
-0.88588
-0.89555
-0.89376
-0.8856
-0.8856
-0.88983
-0.88516
-0.88355
-0.88983
-0.88313
-0.88062
-0.88062
-0.88488
-0.8774
-0.8765
-0.86966
-0.88538
43.2003
-0.87995
-0.87995
-0.88219
-0.88369
-0.88034
-0.88033
-0.88034
-0.86985
-0.88433
-0.87762
-0.87545
-0.8892
-0.88185
-0.88186
-0.87635
-0.87793
-0.88135
-0.8795
-0.8791
-0.87234
-0.87364
-0.87795
-0.87274
-0.88411
-0.88412
-0.87468
-0.88364
-0.88901
-0.88751
-0.885
-0.87534
0
0
0
0
0
0
0
0
0
0
0
0
0
0
0
0
0
0
0
0
0
0
0
0
0
0
0
0
0
0
0
0
0
0
0
0
0
0
0
0
0
0
0
0
0
0
0
0
0
0
0
0
0
0
0
0
0
0
0
-0.89513
-0.89492
-0.90593
-0.90375
-0.89558
-0.89559
-0.89949
-0.89516
-0.89362
-0.89948
-0.89325
-0.89084
-0.89084
-0.89434
-0.88791
-0.88703
-0.87995
-0.89441
-0.87995
43.8441
-0.88916
-0.89107
-0.89278
-0.88943
-0.88943
-0.88942
-0.87886
-0.89362
-0.88678
-0.88447
-0.89894
-0.89105
-0.89104
-0.8855
-0.88706
-0.89053
-0.88863
-0.88805
-0.88145
-0.88266
-0.88691
-0.88166
-0.89348
-0.89348
-0.88388
-0.89305
0
0
0
0
0
0
0
0
0
0
0
0
0
0
0
0
0
0
0
0
0
0
0
0
0
0
0
0
0
0
0
0
0
0
0
0
0
0
0
0
0
0
0
0
0
0
0
0
-3.7646
0
0
0
0
0
0
0
0
0
0
0
0
0
0
-0.89512
-0.89491
-0.90593
-0.90374
-0.89558
-0.89559
-0.89948
-0.89516
-0.89361
-0.89949
-0.89325
-0.89084
-0.89083
-0.89434
-0.88791
-0.88704
-0.87994
-0.89441
-0.87995
-0.88916
43.8442
-0.89108
-0.89279
-0.88944
-0.88944
-0.88943
-0.87887
-0.89361
-0.88678
-0.88447
-0.89896
-0.89104
-0.89104
-0.8855
-0.88706
-0.89053
-0.88863
-0.88806
-0.88144
-0.88266
-0.88692
-0.88165
-0.89348
-0.89349
-0.88388
-0.89305
0
0
0
0
0
0
0
0
0
0
0
0
0
0
0
0
0
0
0
0
0
0
0
0
0
0
0
0
0
0
0
0
-3.7646
0
0
0
0
0
0
0
0
0
0
0
0
0
0
0
0
0
0
0
0
0
0
0
0
0
0
0
0
0
0
-0.89735
-0.89718
-0.907
-0.90517
-0.89708
-0.89708
-0.90121
-0.89666
-0.8951
-0.90121
-0.89472
-0.89227
-0.89228
-0.89622
-0.88941
-0.88848
-0.88217
-0.89649
-0.88219
-0.89107
-0.89108
41.0792
-0.89572
-0.8922
-0.89219
-0.8922
-0.88152
-0.89772
-0.88994
-0.88776
-0.89766
-0.89374
-0.89374
-0.8881
-0.8898
-0.89341
-0.89154
-0.89102
-0.88405
-0.88534
-0.88986
-0.88512
-0.89605
-0.89605
-0.88642
-0.8956
-0.90102
0
0
0
0
0
0
0
0
0
0
0
0
0
0
0
0
0
0
0
0
0
0
0
0
0
0
0
0
0
0
0
0
0
0
0
0
0
0
0
0
0
0
0
0
0
0
0
0
0
0
0
0
0
0
0
0
0
0
0
0
0
0
-0.89889
-0.89871
-0.90855
-0.90672
-0.89865
-0.89865
-0.90276
-0.89826
-0.89667
-0.90275
-0.8963
-0.89384
-0.89385
-0.89776
-0.89101
-0.89009
-0.88368
-0.89804
-0.88369
-0.89278
-0.89279
-0.89572
40.2481
-0.89362
-0.89362
-0.89361
-0.8829
-0.89919
-0.8919
-0.88964
-0.89905
-0.89535
-0.89534
-0.88965
-0.89139
-0.89505
-0.89319
-0.89275
-0.8856
-0.88695
-0.8915
-0.88698
-0.89772
-0.89772
-0.88801
-0.89723
0
0
0
0
0
0
0
0
0
0
0
0
0
0
0
0
0
0
0
0
0
0
0
0
0
0
0
0
0
0
0
0
0
0
0
0
0
0
0
0
0
0
0
0
0
0
0
0
0
0
0
0
0
0
0
0
0
0
0
0
0
0
0
-0.89552
-0.89533
-0.90515
-0.90333
-0.89528
-0.89528
-0.89937
-0.89491
-0.89333
-0.89937
-0.89295
-0.89053
-0.89053
-0.89438
-0.8877
-0.88675
-0.88033
-0.89466
-0.88034
-0.88943
-0.88944
-0.8922
-0.89362
39.1998
-0.88821
-0.88822
-0.8787
-0.89627
-0.88915
-0.88636
-0.89592
-0.89187
-0.89187
-0.88606
-0.88778
-0.89134
-0.88948
-0.88896
-0.88198
-0.88335
-0.88804
-0.88341
-0.89428
-0.89428
-0.88451
0
0
0
0
0
0
0
0
0
0
0
0
0
0
0
0
0
0
0
0
0
0
0
0
0
0
0
0
0
0
0
0
0
0
0
0
0
0
0
0
0
0
0
0
0
0
0
0
0
0
0
0
0
0
0
0
0
0
0
0
0
0
0
0
-0.89552
-0.89532
-0.90515
-0.90333
-0.8953
-0.89529
-0.89936
-0.89491
-0.89332
-0.89936
-0.89294
-0.89052
-0.89053
-0.89438
-0.88769
-0.88676
-0.88034
-0.89466
-0.88033
-0.88943
-0.88944
-0.89219
-0.89362
-0.88821
39.1997
-0.88821
-0.8787
-0.89628
-0.88915
-0.88635
-0.89591
-0.89185
-0.89187
-0.88605
-0.88778
-0.89134
-0.88948
-0.88896
-0.88198
-0.88335
-0.88803
-0.8834
-0.89429
-0.89428
-0.8845
0
0
0
0
0
0
0
0
0
0
0
0
0
0
0
0
0
0
0
0
0
0
0
0
0
0
0
0
0
0
0
0
0
0
0
0
0
0
0
0
0
0
0
0
0
0
0
0
0
0
0
0
0
0
0
0
0
0
0
0
0
0
0
0
-0.89551
-0.89532
-0.90513
-0.90332
-0.89529
-0.89529
-0.89935
-0.8949
-0.89332
-0.89936
-0.89295
-0.89053
-0.89052
-0.89438
-0.8877
-0.88675
-0.88033
-0.89466
-0.88034
-0.88942
-0.88943
-0.8922
-0.89361
-0.88822
-0.88821
39.1996
-0.8787
-0.89627
-0.88915
-0.88635
-0.89592
-0.89186
-0.89186
-0.88606
-0.88778
-0.89133
-0.88947
-0.88896
-0.88198
-0.88334
-0.88804
-0.8834
-0.89427
-0.89428
-0.8845
0
0
0
0
0
0
0
0
0
0
0
0
0
0
0
0
0
0
0
0
0
0
0
0
0
0
0
0
0
0
0
0
0
0
0
0
0
0
0
0
0
0
0
0
0
0
0
0
0
0
0
0
0
0
0
0
0
0
0
0
0
0
0
0
-0.88509
-0.885
-0.89471
-0.89285
-0.88495
-0.88494
-0.88892
-0.88437
-0.88295
-0.88893
-0.88256
-0.88019
-0.88019
-0.884
-0.87725
-0.87637
-0.86985
-0.884
-0.86985
-0.87886
-0.87887
-0.88152
-0.8829
-0.8787
-0.8787
-0.8787
38.0612
-0.88579
-0.87678
-0.87386
-0.8862
-0.88159
-0.88158
-0.8747
-0.87616
-0.87877
-0.87714
-0.8755
-0.8706
-0.87152
-0.87649
0
-0.88314
-0.88315
0
0
0
0
0
0
0
0
0
-1.073
0
0
0
0
0
0
0
0
0
0
0
0
0
0
0
0
0
0
0
0
0
0
0
0
0
0
0
0
0
0
0
0
0
0
0
0
0
0
0
0
0
0
0
0
0
0
0
0
0
0
0
0
0
0
0
-0.9007
-0.90074
-0.91149
-0.9095
-0.9014
-0.9014
-0.90513
-0.90067
-0.89908
-0.90514
-0.89873
-0.89631
-0.8963
-0.89996
-0.89296
-0.89209
-0.88433
-0.8998
-0.88433
-0.89362
-0.89361
-0.89772
-0.89919
-0.89627
-0.89628
-0.89627
-0.88579
42.0739
-0.89352
-0.89217
-0.89939
-0.89794
-0.89794
-0.89181
-0.89332
-0.89728
-0.89535
-0.89446
-0.88782
-0.88896
0
0
0
0
0
0
0
0
0
0
0
0
0
0
0
0
0
0
0
0
0
-1.2618
0
0
0
-2.293
0
0
0
0
0
0
0
0
0
0
0
0
0
0
0
0
0
0
0
0
0
0
0
0
0
0
0
0
0
0
0
0
0
0
-3.5504
0
0
0
0
0
0
0
0
-0.89313
-0.8932
-0.90303
-0.90142
-0.89321
-0.89321
-0.89732
-0.89244
-0.89104
-0.89732
-0.89069
-0.8883
-0.8883
-0.89217
-0.8852
-0.88439
-0.87762
-0.89207
-0.87762
-0.88678
-0.88678
-0.88994
-0.8919
-0.88915
-0.88915
-0.88915
-0.87678
-0.89352
38.8859
-0.8821
-0.89293
-0.88955
-0.88954
-0.88235
-0.88373
-0.88644
-0.8848
-0.883
-0.8781
-0.8793
0
0
0
0
0
0
0
0
0
0
0
0
0
0
0
0
0
0
0
0
0
0
0
-1.9488
0
0
0
0
0
0
0
0
0
0
0
0
-2.2804
0
0
0
0
0
0
0
0
0
0
0
0
0
0
0
0
0
0
0
0
0
0
0
0
0
0
0
0
0
0
0
0
-0.89061
-0.89044
-0.90112
-0.89896
-0.89088
-0.89088
-0.89476
-0.89042
-0.88878
-0.89476
-0.88845
-0.88603
-0.88603
-0.88969
-0.88309
-0.88215
-0.87544
-0.88984
-0.87545
-0.88447
-0.88447
-0.88776
-0.88964
-0.88636
-0.88635
-0.88635
-0.87386
-0.89217
-0.8821
37.9836
-0.892
-0.88705
-0.88705
-0.87967
-0.88107
-0.88355
-0.88187
-0.87962
-0.87531
-0.87631
0
0
0
0
0
0
0
0
0
0
0
0
0
0
0
0
0
0
0
0
0
0
0
0
0
0
0
0
0
0
0
0
0
0
0
0
0
0
0
0
0
0
0
0
0
0
0
0
0
0
0
0
0
0
0
0
0
0
0
0
0
0
0
0
0
0
0
0
-3.4187
-0.90123
-0.90122
-0.91378
-0.9108
-0.9033
-0.9033
-0.90602
-0.90271
-0.90104
-0.90602
-0.90099
-0.89904
-0.89904
-0.90072
-0.8968
-0.8958
-0.88919
-0.90144
-0.8892
-0.89894
-0.89896
-0.89766
-0.89905
-0.89592
-0.89591
-0.89592
-0.8862
-0.89939
-0.89293
-0.892
45.0431
-0.8977
-0.89769
-0.89204
-0.89339
-0.89668
-0.89446
0
-0.8881
0
0
0
0
0
0
0
0
0
0
0
0
0
0
0
0
0
0
0
0
0
0
0
0
0
0
0
0
0
0
0
0
0
-3.3284
0
0
0
0
0
0
0
0
-4.24
0
0
0
0
0
-4.24
0
0
0
0
0
0
0
0
0
0
0
0
0
0
0
0
0
0
0
0
0
-0.8972
-0.89703
-0.90683
-0.90498
-0.897
-0.89699
-0.90101
-0.89661
-0.89503
-0.90102
-0.89467
-0.89223
-0.89224
-0.89604
-0.88939
-0.88842
-0.88185
-0.89631
-0.88185
-0.89105
-0.89104
-0.89374
-0.89535
-0.89187
-0.89185
-0.89186
-0.88159
-0.89794
-0.88955
-0.88705
-0.8977
34.8218
-0.89148
-0.88636
-0.88934
-0.89394
-0.89162
-0.89353
-0.88321
-0.88501
0
0
0
0
0
0
0
0
0
0
0
0
0
0
0
0
0
0
0
0
0
0
0
0
0
0
0
0
0
0
0
0
0
0
0
0
0
0
0
0
0
0
0
0
0
0
0
0
0
0
0
0
0
0
0
0
0
0
0
0
0
0
0
0
0
0
0
0
0
-0.8972
-0.89701
-0.90682
-0.90497
-0.897
-0.897
-0.90101
-0.89661
-0.89503
-0.90102
-0.89466
-0.89224
-0.89224
-0.89604
-0.88939
-0.88843
-0.88185
-0.89631
-0.88186
-0.89104
-0.89104
-0.89374
-0.89534
-0.89187
-0.89187
-0.89186
-0.88158
-0.89794
-0.88954
-0.88705
-0.89769
-0.89148
34.8217
-0.88637
-0.88933
-0.89393
-0.89162
-0.89353
-0.8832
-0.885
0
0
0
0
0
0
0
0
0
0
0
0
0
0
0
0
0
0
0
0
0
0
0
0
0
0
0
0
0
0
0
0
0
0
0
0
0
0
0
0
0
0
0
0
0
0
0
0
0
0
0
0
0
0
0
0
0
0
0
0
0
0
0
0
0
0
0
0
0
-0.89179
-0.8916
-0.9013
-0.89947
-0.89151
-0.89151
-0.89551
-0.89112
-0.88952
-0.89551
-0.88917
-0.88675
-0.88676
-0.89055
-0.8839
-0.88294
-0.87635
-0.89087
-0.87635
-0.8855
-0.8855
-0.8881
-0.88965
-0.88606
-0.88605
-0.88606
-0.8747
-0.89181
-0.88235
-0.87967
-0.89204
-0.88636
-0.88637
32.8393
-0.88422
-0.88873
-0.88483
0
-0.8788
0
0
0
0
0
0
0
0
0
0
0
0
0
0
0
0
0
0
0
0
0
0
0
0
0
0
0
0
0
0
0
0
0
0
0
0
0
0
0
0
0
0
0
0
0
0
0
0
0
0
0
0
0
0
0
0
0
0
0
0
0
0
0
0
0
0
0
0
0
0
-0.89313
-0.89304
-0.90306
-0.90123
-0.89312
-0.89313
-0.8972
-0.89269
-0.89108
-0.8972
-0.89074
-0.88836
-0.88836
-0.8921
-0.88543
-0.88453
-0.87792
-0.89231
-0.87793
-0.88706
-0.88706
-0.8898
-0.89139
-0.88778
-0.88778
-0.88778
-0.87616
-0.89332
-0.88373
-0.88107
-0.89339
-0.88934
-0.88933
-0.88422
32.3738
-0.8895
0
0
0
0
0
0
0
0
0
0
0
0
0
0
0
0
0
0
0
0
0
0
0
0
0
-1.2425
0
0
0
0
0
0
0
0
0
0
0
0
0
0
0
0
0
0
0
0
0
0
0
0
0
0
0
0
0
0
0
0
0
0
0
0
0
0
0
0
0
0
0
0
0
0
0
-0.89661
-0.89651
-0.90694
-0.90487
-0.89674
-0.89674
-0.90072
-0.89631
-0.89466
-0.90072
-0.89432
-0.8919
-0.89191
-0.89569
-0.88896
-0.88806
-0.88135
-0.89592
-0.88135
-0.89053
-0.89053
-0.89341
-0.89505
-0.89134
-0.89134
-0.89133
-0.87877
-0.89728
-0.88644
-0.88355
-0.89668
-0.89394
-0.89393
-0.88873
-0.8895
34.342
0
0
0
0
0
0
0
0
0
0
0
0
0
0
0
0
0
0
0
0
0
0
0
0
0
0
0
0
0
0
0
0
0
0
0
0
0
0
0
0
0
0
0
0
0
0
0
0
0
0
0
0
0
0
0
0
0
0
0
0
0
0
0
0
0
-3.0894
0
0
0
0
0
0
0
-0.89462
-0.89447
-0.90495
-0.9029
-0.8948
-0.8948
-0.89877
-0.89444
-0.89278
-0.89879
-0.89244
-0.89002
-0.89002
-0.89377
-0.88709
-0.88619
-0.8795
-0.89384
-0.8795
-0.88863
-0.88863
-0.89154
-0.89319
-0.88948
-0.88948
-0.88947
-0.87714
-0.89535
-0.8848
-0.88187
-0.89446
-0.89162
-0.89162
-0.88483
0
0
33.0708
0
0
0
0
0
0
0
0
0
0
0
0
0
0
0
0
0
0
0
0
0
0
0
0
0
0
0
0
0
0
0
0
0
0
0
0
0
0
0
0
0
0
0
-2.775
0
0
0
0
0
0
0
0
0
0
0
0
0
0
0
0
0
0
0
0
0
0
0
0
0
0
0
0
-0.89344
-0.89336
-0.90458
-0.90235
-0.89435
-0.89435
-0.89806
-0.89404
-0.89231
-0.89805
-0.89198
-0.88963
-0.88963
-0.89301
-0.88671
-0.88584
-0.87909
-0.89291
-0.8791
-0.88805
-0.88806
-0.89102
-0.89275
-0.88896
-0.88896
-0.88896
-0.8755
-0.89446
-0.883
-0.87962
0
-0.89353
-0.89353
0
0
0
0
34.9037
0
0
0
0
0
0
0
0
0
0
0
0
0
0
0
0
0
0
0
0
0
0
0
0
0
0
0
0
0
0
0
0
0
0
0
0
0
0
0
0
0
0
0
0
0
0
0
0
0
0
0
0
0
0
-3.2022
0
0
0
0
0
0
0
0
0
-3.2023
0
0
0
0
0
0
-0.88783
-0.88763
-0.89722
-0.89541
-0.8875
-0.88749
-0.89148
-0.8871
-0.88551
-0.89148
-0.88516
-0.88273
-0.88273
-0.88653
-0.87989
-0.87893
-0.87234
-0.88686
-0.87234
-0.88145
-0.88144
-0.88405
-0.8856
-0.88198
-0.88198
-0.88198
-0.8706
-0.88782
-0.8781
-0.87531
-0.8881
-0.88321
-0.8832
-0.8788
0
0
0
0
30.0498
0
0
0
0
0
0
0
0
0
0
0
0
0
0
0
0
0
0
0
0
0
0
0
0
0
0
0
0
0
0
0
0
0
0
0
0
0
0
0
0
0
0
0
0
0
0
0
0
0
0
0
0
0
0
0
0
0
0
0
0
0
0
0
0
0
0
0
0
0
0
-0.88835
-0.88815
-0.89855
-0.89657
-0.88864
-0.88864
-0.89251
-0.88837
-0.8867
-0.8925
-0.88638
-0.884
-0.88399
-0.88753
-0.88118
-0.88023
-0.87363
-0.88758
-0.87364
-0.88266
-0.88266
-0.88534
-0.88695
-0.88335
-0.88335
-0.88334
-0.87152
-0.88896
-0.8793
-0.87631
0
-0.88501
-0.885
0
0
0
0
0
0
30.658
0
0
0
0
0
0
0
0
0
0
0
0
0
0
0
0
0
0
0
0
0
0
0
0
0
0
0
0
0
0
0
0
0
0
0
0
0
0
0
0
0
0
0
0
-2.3371
0
0
0
0
0
0
0
0
0
0
0
0
0
0
0
0
0
0
0
0
0
0
0
0
-0.89255
-0.89255
-0.90289
-0.90096
-0.89313
-0.89313
-0.8969
-0.89283
-0.89119
-0.8969
-0.89077
-0.88844
-0.88844
-0.89193
-0.88554
-0.88465
-0.87795
-0.89203
-0.87795
-0.88691
-0.88692
-0.88986
-0.8915
-0.88804
-0.88803
-0.88804
-0.87649
0
0
0
0
0
0
0
0
0
0
0
0
0
27.011
0
0
0
0
0
0
0
0
0
0
0
0
0
-1.0218
0
0
0
0
0
0
0
0
0
0
0
0
0
0
0
0
0
0
0
0
0
0
0
0
0
0
0
-1.9627
0
0
0
0
0
0
0
0
0
0
0
0
0
0
0
0
0
0
0
0
0
0
0
0
0
0
-0.88656
-0.88666
-0.89838
-0.89667
-0.88813
-0.88814
-0.89218
-0.88763
-0.88606
-0.89218
-0.88572
-0.88339
-0.8834
-0.88674
-0.88029
-0.87958
-0.87274
-0.88764
-0.87274
-0.88166
-0.88165
-0.88512
-0.88698
-0.88341
-0.8834
-0.8834
0
0
0
0
0
0
0
0
0
0
0
0
0
0
0
31.3655
0
0
0
0
0
0
0
0
0
0
0
0
0
0
0
0
0
0
0
0
0
0
0
0
0
0
-2.9129
0
0
0
0
0
0
0
0
0
0
0
0
0
0
0
0
0
0
0
0
-2.7161
0
0
0
0
0
0
0
0
0
-2.7161
0
0
0
0
0
0
0
0
0
-0.89975
-0.89953
-0.909
-0.90723
-0.89939
-0.89938
-0.90335
-0.89903
-0.89742
-0.90334
-0.89707
-0.89462
-0.89461
-0.89841
-0.89179
-0.89077
-0.88411
-0.89879
-0.88411
-0.89348
-0.89348
-0.89605
-0.89772
-0.89428
-0.89429
-0.89427
-0.88314
0
0
0
0
0
0
0
0
0
0
0
0
0
0
0
24.1984
0
0
0
0
0
0
0
0
0
0
0
0
0
0
0
0
0
0
0
0
0
0
0
0
0
0
0
0
0
0
0
0
0
0
0
0
0
0
0
0
0
0
0
0
0
0
0
0
0
0
0
0
0
0
0
0
0
0
0
0
0
0
0
0
0
0
-0.89976
-0.89954
-0.909
-0.90723
-0.89938
-0.89939
-0.90334
-0.89903
-0.89743
-0.90335
-0.89707
-0.89462
-0.89462
-0.89841
-0.8918
-0.89079
-0.88412
-0.89881
-0.88412
-0.89348
-0.89349
-0.89605
-0.89772
-0.89428
-0.89428
-0.89428
-0.88315
0
0
0
0
0
0
0
0
0
0
0
0
0
0
0
0
24.1986
0
0
0
0
0
0
0
0
0
0
0
0
0
0
0
0
0
0
0
0
0
0
0
0
0
0
0
0
0
0
0
0
0
0
0
0
0
0
0
0
0
0
0
0
0
0
0
0
0
0
0
0
0
0
0
0
0
0
0
0
0
0
0
0
0
-0.89023
-0.88999
-0.89936
-0.8976
-0.88981
-0.88982
-0.89375
-0.88948
-0.88786
-0.89375
-0.88753
-0.8851
-0.8851
-0.88884
-0.88229
-0.88128
-0.87468
-0.88925
-0.87468
-0.88388
-0.88388
-0.88642
-0.88801
-0.88451
-0.8845
-0.8845
0
0
0
0
0
0
0
0
0
0
0
0
0
0
0
0
0
0
23.0661
0
0
0
0
0
0
0
0
0
0
0
0
0
0
0
0
0
0
0
0
0
0
0
0
0
0
0
0
0
0
0
0
0
0
0
0
0
0
0
0
0
0
0
0
0
0
0
0
0
0
0
0
0
0
0
0
0
0
0
0
0
0
0
0
-0.89938
-0.89914
-0.90852
-0.90676
-0.89889
-0.89889
-0.90289
-0.89855
-0.89693
-0.90288
-0.89659
-0.89413
-0.89413
-0.89795
-0.8913
-0.89029
-0.88363
-0.8984
-0.88364
-0.89305
-0.89305
-0.8956
-0.89723
0
0
0
0
0
0
0
0
0
0
0
0
0
0
0
0
0
0
0
0
0
0
20.6218
0
0
0
0
0
0
0
0
0
0
0
0
0
0
0
0
0
0
0
0
0
0
0
0
0
0
0
0
0
0
0
0
0
0
0
0
0
0
0
0
0
0
0
0
0
0
0
0
0
0
0
0
0
0
0
0
0
0
0
0
0
0
0
-0.90436
-0.90467
-0.91434
-0.91272
-0.90465
-0.90464
-0.90858
-0.90334
-0.90237
-0.90857
-0.90199
-0.89968
-0.89968
-0.90348
-0.89645
-0.89578
-0.889
-0.90338
-0.88901
0
0
-0.90102
0
0
0
0
0
0
0
0
0
0
0
0
0
0
0
0
0
0
0
0
0
0
0
0
21.7921
0
0
0
0
0
0
0
0
-1.8096
0
0
0
0
0
0
0
0
-1.9348
0
0
0
0
0
0
0
0
0
0
0
0
0
0
0
0
0
0
0
0
0
0
0
0
0
0
0
0
0
0
0
0
0
0
0
0
0
0
0
0
0
0
0
0
-0.90342
-0.90331
-0.91389
-0.91228
-0.90302
-0.90304
-0.90792
-0.90239
-0.90093
-0.90792
-0.90056
-0.89814
-0.89812
-0.90237
-0.89513
-0.89426
-0.88752
0
-0.88751
0
0
0
0
0
0
0
0
0
0
0
0
0
0
0
0
0
0
0
0
0
0
0
0
0
0
0
0
19.2197
0
0
0
0
0
0
0
0
0
0
0
0
0
0
0
0
0
0
0
0
0
0
0
0
0
-2.998
0
0
0
0
0
0
0
0
0
0
0
0
0
0
0
0
0
0
0
0
0
0
0
0
0
0
0
0
0
0
0
0
0
0
0
-0.90036
-0.90035
-0.90963
-0.90804
-0.90033
-0.90034
-0.90412
-0.89994
-0.89828
-0.90412
-0.89793
-0.89548
-0.89549
-0.89921
-0.89267
-0.89166
-0.885
0
-0.885
0
0
0
0
0
0
0
0
0
0
0
0
0
0
0
0
0
0
0
0
0
0
0
0
0
0
0
0
0
18.0193
0
0
0
0
0
0
0
0
0
0
0
0
0
0
0
0
0
0
0
0
0
0
0
0
0
0
0
0
0
0
0
0
0
0
0
0
0
0
0
0
0
0
0
0
-1.8513
0
0
0
0
0
0
0
0
0
0
0
0
0
0
0
-0.89219
-0.89072
-0.8996
-0.89809
-0.89037
-0.89036
-0.89435
-0.89002
-0.88841
-0.89432
-0.88805
-0.88572
-0.88573
-0.88953
-0.88291
-0.88192
-0.87534
0
-0.87534
0
0
0
0
0
0
0
0
0
0
0
0
0
0
0
0
0
0
0
0
0
0
0
0
0
0
0
0
0
0
16.6951
0
0
0
0
0
0
-0.70213
0
0
0
0
0
0
0
0
0
0
0
0
0
0
0
0
0
0
0
0
0
0
0
0
0
0
0
0
0
0
0
0
0
0
0
0
0
0
0
0
0
0
0
0
0
0
0
0
0
0
0
0
-0.8882
-0.88818
-0.89671
-0.89534
-0.88765
-0.88766
-0.89164
-0.88726
-0.88569
-0.89164
-0.88632
-0.88299
-0.88299
-0.8869
0
-0.87918
0
0
0
0
0
0
0
0
0
0
0
0
0
0
0
0
0
0
0
0
0
0
0
0
0
0
0
0
0
0
0
0
0
0
14.043
0
0
0
0
0
0
0
0
0
0
0
-0.72462
0
0
0
0
0
0
0
0
0
0
0
0
0
0
0
0
0
0
0
0
0
0
0
0
0
0
0
0
0
0
0
0
0
0
0
0
0
0
0
0
0
0
0
0
0
0
-0.88468
-0.88452
-0.89468
-0.89279
-0.88483
-0.88482
-0.8888
-0.88493
-0.88306
-0.8888
-0.88277
-0.88035
-0.88035
0
0
0
0
0
0
0
0
0
0
0
0
0
0
0
0
0
0
0
0
0
0
0
0
0
0
0
0
0
0
0
0
0
0
0
0
0
0
13.9896
0
0
0
0
0
0
0
0
0
0
0
0
0
0
0
0
0
0
0
0
0
0
0
0
0
0
0
0
0
0
0
0
0
0
0
0
-2.4742
0
0
0
0
0
0
0
0
0
0
0
0
0
0
0
0
0
0
0
0
0
-1.2315
-1.2176
-1.2202
-1.2182
-1.2182
0
0
0
0
0
0
0
0
0
0
0
0
0
0
0
0
0
0
0
0
0
0
0
0
0
0
0
0
0
0
0
0
0
0
0
0
0
0
0
0
0
0
0
0
0
0
6.1058
0
0
0
0
0
0
0
0
0
0
0
0
0
0
0
0
0
0
0
0
0
0
0
0
0
0
0
0
0
0
0
0
0
0
0
0
0
0
0
0
0
0
0
0
0
0
0
0
0
0
0
0
0
0
0
0
0
0
0
0
0
0
0
0
0
0
0
0
0
0
0
0
0
0
0
0
0
0
0
0
0
0
-1.073
0
0
0
0
0
0
0
0
0
0
0
0
0
0
0
0
0
0
0
0
0
0
0
0
0
0
6.9353
0
0
0
-1.8218
0
0
0
0
0
0
0
0
-2.1806
0
0
0
0
0
0
0
-1.8599
0
0
0
0
0
0
0
0
0
0
0
0
0
0
0
0
0
0
0
0
0
0
0
0
0
0
0
0
0
0
0
0
0
0
0
0
0
0
0
0
0
0
-1.0309
0
0
0
0
0
0
0
0
0
0
0
0
0
0
0
0
0
0
0
0
0
0
0
0
0
0
0
0
0
0
0
-1.0218
0
0
0
0
0
0
0
0
0
0
0
0
0
3.3797
0
0
0
0
0
0
0
0
0
0
0
0
0
0
0
0
0
0
0
0
0
0
0
0
0
0
0
0
0
0
0
0
0
0
0
0
0
0
0
0
0
-1.3271
0
0
0
0
0
0
0
0
0
0
0
0
0
0
0
0
0
0
0
0
0
0
0
0
0
0
0
0
0
0
0
0
0
0
0
0
0
0
0
0
0
0
0
0
0
0
0
0
0
0
0
0
0
0
0
0
0
0
-1.8096
0
0
0
0
0
0
0
0
5.6904
0
0
-1.9281
0
0
0
0
0
0
0
0
0
0
0
0
0
0
-1.9527
0
0
0
0
0
0
0
0
0
0
0
0
0
0
0
0
0
0
0
0
0
0
0
0
0
0
0
0
0
0
0
0
0
0
0
-0.68157
0
0
0
0
0
0
0
0
0
0
0
0
0
0
0
0
0
0
0
0
0
0
0
0
0
0
0
0
0
0
0
0
0
0
0
0
0
0
0
0
0
0
0
0
0
0
0
0
-0.70213
0
0
0
0
0
0
1.9185
0
0
0
0
0
0
0
0
0
0
0
0
0
0
0
0
0
0
0
0
-0.53476
0
0
0
0
0
0
0
0
0
0
0
0
0
0
0
0
0
0
0
0
0
0
0
0
0
0
0
0
0
0
0
0
0
0
0
0
0
0
0
0
0
0
0
0
0
0
0
0
0
0
0
0
0
0
0
0
0
0
0
0
0
0
0
0
0
0
0
0
0
0
0
0
0
0
0
0
0
0
0
0
0
0
0
0
-1.8218
0
0
0
6.3953
0
0
0
0
0
0
0
0
0
-2.4281
-2.1454
0
0
0
0
0
0
0
0
0
0
0
0
0
0
0
0
0
0
0
0
0
0
0
0
0
0
0
0
0
0
0
0
0
0
0
0
0
0
0
0
0
0
0
0
0
0
0
0
0
0
0
0
0
0
0
0
0
0
0
0
0
0
0
0
0
0
0
0
0
0
0
0
0
0
0
0
0
0
0
0
0
0
0
0
0
0
0
0
0
0
0
0
0
0
0
-1.9281
0
0
6.2444
0
0
0
0
-2.0642
0
0
0
-2.2521
0
0
0
0
0
0
0
0
0
0
0
0
0
0
0
0
0
0
0
0
0
0
0
0
0
0
0
0
0
0
0
0
0
0
0
0
0
0
0
0
0
-1.4779
0
0
0
0
0
0
0
0
0
0
0
0
0
-1.4421
0
0
0
0
0
0
0
0
0
0
0
0
0
0
0
0
0
0
0
0
0
0
0
0
0
0
0
0
0
0
0
0
0
0
0
0
0
0
0
0
0
0
0
0
5.0394
0
0
0
0
0
0
0
0
0
0
0
0
0
0
0
0
0
0
0
0
0
0
0
0
0
0
0
0
0
0
0
0
0
0
0
0
0
0
0
0
0
0
0
0
0
-2.1194
0
0
0
0
-0.87926
0
0
-0.87965
-0.87964
0
0
0
0
0
0
0
0
0
0
0
0
0
0
0
0
0
0
0
0
0
0
0
0
0
0
0
0
0
0
0
0
0
0
0
0
0
0
0
0
0
0
0
0
0
0
0
0
0
0
0
0
0
0
2.6385
0
0
0
0
0
0
0
0
0
0
0
0
0
0
0
0
0
0
0
0
0
0
0
0
0
0
0
0
0
0
0
0
0
0
0
0
0
0
0
0
0
0
0
0
0
0
0
0
0
0
0
0
0
0
0
0
0
0
0
0
0
0
0
0
0
0
0
0
0
0
0
0
0
0
0
-1.2618
0
0
0
0
0
0
-1.2425
0
0
0
0
0
0
0
0
0
0
0
0
0
0
0
0
0
0
0
0
0
0
0
0
0
0
4.3911
0
0
0
0
0
0
0
0
0
0
0
0
0
0
0
0
0
0
0
0
0
0
0
-1.8868
0
0
0
0
0
0
0
0
0
0
0
0
0
0
0
0
0
0
0
0
0
0
0
0
0
0
0
0
0
0
0
0
0
-0.72149
0
0
0
0
0
0
0
0
0
0
0
0
0
0
0
0
0
0
0
0
0
0
0
0
0
0
0
0
0
0
0
0
0
0
0
0
0
0
0
-0.72462
0
0
0
0
0
0
0
0
0
0
0
2.0554
0
0
0
0
0
0
0
0
0
0
0
0
0
0
0
0
0
0
0
0
0
0
0
0
0
0
0
0
-0.60933
0
0
0
0
0
0
0
0
0
0
0
0
0
0
0
0
0
0
0
0
0
0
0
0
0
0
0
0
0
0
0
0
0
0
0
0
0
0
0
0
0
0
0
0
0
-1.9488
0
0
0
0
0
0
0
0
0
0
0
0
0
0
0
0
0
0
0
0
0
0
0
0
0
0
0
0
0
-2.0642
0
0
0
0
5.9424
0
0
0
0
0
0
0
0
-1.9295
0
0
0
0
0
0
0
0
0
0
0
0
0
0
0
0
0
0
0
0
0
0
0
0
0
0
0
0
0
0
0
0
0
0
0
0
0
0
0
0
0
0
0
0
0
0
0
0
0
0
0
0
0
0
0
0
0
0
0
0
0
0
0
0
0
0
0
0
0
0
0
0
0
0
0
0
0
0
0
0
0
0
-1.9348
0
0
0
0
0
0
0
0
0
0
0
0
0
0
0
0
0
3.9674
0
0
0
0
0
0
0
0
0
0
-2.0326
0
0
0
0
0
0
0
0
0
0
0
0
0
0
0
0
0
0
0
0
0
0
0
0
0
0
0
0
0
0
0
0
0
0
0
0
0
0
0
0
0
0
0
0
0
0
0
0
0
0
0
0
0
0
0
0
0
0
0
0
-2.293
0
0
0
0
0
0
0
0
0
0
0
0
0
0
0
0
0
0
0
0
0
0
0
0
0
0
0
0
0
0
0
0
0
0
0
0
0
4.6274
0
0
0
-2.3343
0
0
0
0
0
0
0
0
0
0
0
0
0
0
0
0
0
0
0
0
0
0
0
0
0
0
0
0
0
0
0
0
0
0
0
0
0
0
0
0
0
0
0
0
0
0
0
0
0
0
0
0
0
0
0
0
0
0
0
0
0
0
0
0
0
0
0
0
0
0
0
0
0
0
0
0
0
0
0
0
0
0
0
0
0
0
0
0
0
0
0
0
-2.1806
0
0
0
0
0
0
0
0
0
0
0
0
4.1615
0
0
0
-1.9809
0
0
0
0
0
0
0
0
0
0
0
0
0
0
0
0
0
0
0
0
0
0
0
0
0
0
0
0
0
0
0
0
0
0
0
0
0
0
0
0
0
0
0
0
0
0
0
0
0
0
0
0
0
0
0
0
0
0
0
0
0
0
0
0
0
0
0
0
0
0
0
0
0
0
0
0
0
0
0
0
0
0
0
0
0
0
0
0
0
0
0
0
0
0
0
-2.4281
-2.2521
0
0
0
0
0
0
0
0
4.6802
0
0
0
0
0
0
0
0
0
0
0
0
0
0
0
0
0
0
0
0
0
0
0
0
0
0
0
0
0
0
0
0
0
0
0
0
0
0
0
0
0
0
0
0
0
0
0
0
0
0
0
0
0
0
0
0
0
0
0
0
0
0
0
0
0
0
0
0
0
0
0
0
0
0
0
0
0
0
0
0
0
0
-2.9129
0
0
0
0
0
0
0
0
0
0
0
0
0
0
0
-2.1454
0
0
0
0
0
0
0
0
0
0
5.0583
0
0
0
0
0
0
0
0
0
0
0
0
0
0
0
0
0
0
0
0
0
0
0
0
0
0
0
0
0
0
0
0
0
0
0
0
0
0
0
0
0
0
0
0
0
0
0
0
0
0
0
0
0
0
0
0
0
0
0
0
0
0
0
0
0
0
0
0
0
0
0
0
0
0
0
0
0
0
0
0
0
0
0
0
0
0
0
0
0
0
0
0
0
0
0
0
0
0
0
0
0
0
0
0
0
-2.3343
0
0
0
4.673
0
0
0
0
0
0
-2.3387
0
0
0
0
0
0
0
0
0
0
0
0
0
0
0
0
0
0
0
0
0
0
0
0
0
0
0
0
0
0
0
0
0
0
-1.7688
0
0
0
0
0
0
0
0
0
0
0
0
0
0
0
0
0
0
0
0
0
0
0
0
0
0
0
0
0
0
0
0
0
0
0
0
0
0
0
0
0
0
0
0
0
0
0
0
0
0
0
0
0
0
0
0
0
0
0
0
0
0
0
-1.9809
0
0
0
3.7497
0
0
0
0
0
0
0
0
0
0
0
0
0
0
0
0
0
0
0
0
0
0
0
0
0
0
0
0
0
0
0
0
0
0
0
0
0
0
0
0
0
0
0
0
0
-1.9915
0
0
0
0
0
0
0
0
0
0
0
0
0
0
0
0
0
0
0
0
0
0
0
0
0
0
0
0
0
0
0
0
0
0
0
0
0
0
0
0
0
0
0
0
0
0
0
0
0
0
0
0
0
0
0
0
0
0
0
0
0
0
0
4.004
0
0
0
-2.0125
0
0
0
0
0
0
0
0
0
0
0
0
0
0
0
0
0
0
0
0
0
0
0
0
0
0
0
0
0
0
0
0
0
0
0
0
0
0
0
0
0
0
0
0
0
0
0
0
0
0
0
0
0
0
0
0
0
0
0
0
0
0
0
-3.3284
0
0
0
0
0
0
0
0
0
0
0
0
0
0
0
0
0
0
0
0
0
0
0
0
0
0
0
0
0
0
0
0
-1.9295
0
0
0
0
0
0
0
0
5.2579
0
0
0
0
0
0
0
0
0
0
0
0
0
0
0
0
0
0
0
0
0
0
0
0
0
0
0
0
0
0
0
0
0
0
0
0
0
0
0
0
0
0
0
0
0
0
0
0
0
0
0
0
0
0
0
0
0
0
0
0
0
0
0
0
0
0
0
0
0
0
0
0
0
0
0
0
0
0
0
0
0
0
0
-2.998
0
0
0
0
0
0
0
-1.9527
0
0
0
0
0
0
0
0
0
0
0
0
0
0
0
0
0
4.9507
0
0
0
0
0
0
0
0
0
0
0
0
0
0
0
0
0
0
0
0
0
0
0
0
0
0
0
0
0
0
0
0
0
0
0
0
0
0
0
0
0
0
0
0
0
0
0
0
0
0
0
0
-1.8622
0
0
0
0
0
0
0
0
0
0
0
0
0
0
0
0
0
0
0
0
0
0
0
0
0
0
0
0
0
0
0
0
0
0
0
-1.8599
0
0
0
0
0
0
0
0
0
0
0
0
0
0
0
0
0
0
0
0
3.7222
0
0
0
0
0
0
0
0
0
0
0
0
0
0
0
0
0
0
0
0
0
0
0
0
0
0
0
0
0
0
0
0
0
0
0
0
0
0
0
0
0
0
0
0
0
0
0
0
0
0
0
0
0
0
0
0
0
0
0
0
0
0
0
0
0
0
0
0
0
0
0
0
0
0
0
0
0
0
0
0
0
0
0
0
0
0
0
0
0
0
0
0
0
0
0
0
0
0
-2.0326
0
0
0
0
0
0
-2.0125
0
0
0
4.0451
0
0
0
0
0
0
0
0
0
0
0
0
0
0
0
0
0
0
0
0
0
0
0
0
0
0
0
0
0
0
0
0
0
0
0
0
0
0
0
0
0
0
0
0
0
0
0
0
0
0
0
0
0
0
0
0
0
0
0
0
0
-2.2804
0
0
0
0
0
0
0
0
0
0
0
0
0
0
0
0
0
0
0
0
0
0
0
0
0
0
0
0
0
0
0
0
0
0
0
0
0
0
0
0
-2.3387
0
0
0
0
0
0
4.6191
0
0
0
0
0
0
0
0
0
0
0
0
0
0
0
0
0
0
0
0
0
0
0
0
0
0
0
0
0
0
0
0
0
0
0
0
0
0
0
0
0
0
0
0
0
0
0
0
0
0
0
0
0
0
0
0
0
0
0
0
0
0
0
0
0
0
0
0
0
0
0
0
0
0
0
0
0
0
0
0
0
0
0
0
0
0
0
0
-0.53476
0
0
0
0
0
0
0
0
0
0
0
0
0
0
0
0
0
0
0
0
0.53476
0
0
0
0
0
0
0
0
0
0
0
0
0
0
0
0
0
0
0
0
0
0
0
0
0
0
0
0
0
0
0
0
0
0
0
0
0
0
0
0
0
0
0
0
0
0
0
0
0
0
0
-3.7646
0
0
0
0
0
0
0
0
0
0
0
0
0
0
0
0
0
0
0
0
0
0
0
0
0
0
0
0
0
0
0
0
0
0
0
0
0
0
0
0
0
0
0
0
0
0
0
0
0
0
0
0
0
0
0
0
0
3.7646
0
0
0
0
0
0
0
0
0
0
0
0
0
0
0
0
0
0
0
0
0
0
0
0
0
0
0
0
0
0
0
0
0
0
0
0
0
0
0
0
0
0
0
0
0
0
0
-4.8285
0
0
0
0
0
0
0
0
0
0
0
0
0
0
0
0
0
0
0
0
0
0
0
0
0
0
0
0
0
0
0
0
0
0
0
0
0
0
0
0
0
0
0
0
0
0
0
0
0
0
0
0
0
0
0
0
0
0
0
0
0
4.8285
0
0
0
0
0
0
0
0
0
0
0
0
0
0
0
0
0
0
0
0
0
0
0
0
0
0
0
0
0
0
0
0
0
0
0
0
0
0
0
0
0
0
0
0
0
0
0
0
0
0
0
0
0
0
0
0
0
0
0
0
0
0
0
0
0
-2.775
0
0
0
0
0
0
0
0
0
0
0
0
0
0
0
0
0
0
0
0
0
0
0
0
0
0
0
0
0
0
0
0
0
0
0
0
0
0
0
0
0
0
0
2.775
0
0
0
0
0
0
0
0
0
0
0
0
0
0
0
0
0
0
0
0
0
0
0
0
0
0
0
0
0
0
0
0
0
0
0
0
0
0
0
0
0
0
0
0
0
0
0
0
0
0
0
0
0
0
0
0
0
0
-4.24
0
0
0
0
0
0
0
0
0
0
0
0
0
0
0
0
0
0
0
0
0
0
0
0
0
0
0
0
0
0
0
0
0
0
0
0
0
0
0
0
0
0
0
0
0
0
0
0
0
0
4.24
0
0
0
0
0
0
0
0
0
0
0
0
0
0
0
0
0
0
0
0
0
0
0
0
0
0
0
0
0
0
0
0
0
0
0
0
0
0
0
0
0
0
0
0
0
0
0
0
0
0
0
0
0
0
0
0
0
0
0
0
0
0
0
0
0
0
0
-1.9627
0
0
0
0
0
0
0
0
0
0
0
0
0
0
0
0
0
0
0
0
0
0
0
0
0
0
0
0
0
0
0
0
0
0
0
0
0
0
0
0
0
1.9627
0
0
0
0
0
0
0
0
0
0
0
0
0
0
0
0
0
0
0
0
0
0
0
0
0
0
-4.9677
0
0
0
0
0
0
0
0
0
0
0
0
0
0
0
0
0
0
0
0
0
0
0
0
0
0
0
0
0
0
0
0
0
0
0
0
0
0
0
0
0
0
0
0
0
0
0
0
0
0
0
0
0
0
0
0
0
0
0
0
0
0
0
0
0
0
0
0
0
0
0
0
0
0
0
0
0
0
0
0
0
0
4.9677
0
0
0
0
0
0
0
0
0
0
0
0
0
0
0
0
0
0
0
0
0
0
0
0
0
0
0
0
0
0
0
0
0
0
0
0
0
0
0
0
0
0
0
0
0
0
0
0
0
0
0
0
0
0
0
0
0
0
0
0
0
0
0
0
-2.3371
0
0
0
0
0
0
0
0
0
0
0
0
0
0
0
0
0
0
0
0
0
0
0
0
0
0
0
0
0
0
0
0
0
0
0
0
0
0
0
0
0
0
0
0
2.3371
0
0
0
0
0
0
0
0
0
0
0
0
0
0
0
0
0
0
0
0
0
0
0
0
0
0
0
0
0
0
0
0
0
0
0
0
0
0
0
0
0
0
0
0
0
0
0
0
0
0
0
0
0
0
0
0
0
0
0
0
0
0
0
0
0
0
0
0
0
0
0
0
0
0
0
0
0
0
0
0
0
0
0
0
0
-1.8868
0
0
0
0
0
0
0
0
0
0
0
0
0
0
0
0
0
0
0
0
0
0
0
1.8868
0
0
0
0
0
0
0
0
0
0
0
0
0
0
0
0
0
0
0
0
0
0
0
0
0
0
0
0
0
-4.9119
0
0
0
0
0
0
0
0
0
0
0
0
0
0
0
0
0
0
0
0
0
0
0
0
0
0
0
0
0
0
0
0
0
0
0
0
0
0
0
0
0
0
0
0
0
0
0
0
0
0
0
0
0
0
0
0
0
0
0
0
0
0
0
0
0
0
0
0
0
0
0
0
0
0
0
0
0
0
0
4.9119
0
0
0
0
0
0
0
0
0
0
0
0
0
0
0
0
0
0
0
0
0
0
0
0
0
0
0
0
0
0
0
0
0
0
0
0
0
0
0
0
0
0
0
0
0
0
0
0
0
0
0
0
-4.24
0
0
0
0
0
0
0
0
0
0
0
0
0
0
0
0
0
0
0
0
0
0
0
0
0
0
0
0
0
0
0
0
0
0
0
0
0
0
0
0
0
0
0
0
0
0
0
0
0
0
0
0
0
0
0
0
4.24
0
0
0
0
0
0
0
0
0
0
0
0
0
0
0
0
0
0
0
0
0
0
0
0
0
0
0
0
0
0
0
0
0
0
0
0
0
0
0
0
0
0
0
0
0
0
0
0
0
0
0
0
0
0
0
0
0
0
0
0
0
0
0
0
0
0
0
0
0
0
0
0
-2.4742
0
0
0
0
0
0
0
0
0
0
0
0
0
0
0
0
0
0
0
0
0
0
0
0
0
0
0
0
0
0
0
0
0
0
0
0
2.4742
0
0
0
0
0
0
0
0
0
0
0
0
0
0
0
0
0
0
0
0
0
0
0
0
0
0
0
0
0
0
0
0
0
0
0
0
0
0
0
0
0
0
0
0
0
0
0
0
0
0
0
0
0
0
0
0
0
0
0
0
0
-2.7161
0
0
0
0
0
0
0
0
0
0
0
0
0
0
0
0
0
0
0
0
0
0
0
0
0
0
0
0
0
0
0
0
0
0
0
0
0
0
0
0
0
0
0
0
0
0
0
2.7161
0
0
0
0
0
0
0
0
0
0
0
0
0
0
0
0
0
0
0
0
0
0
0
0
0
0
0
0
0
0
0
0
0
0
0
0
-4.8285
0
0
0
0
0
0
0
0
0
0
0
0
0
0
0
0
0
0
0
0
0
0
0
0
0
0
0
0
0
0
0
0
0
0
0
0
0
0
0
0
0
0
0
0
0
0
0
0
0
0
0
0
0
0
0
0
0
0
0
0
0
0
0
0
0
0
0
0
0
0
0
0
4.8285
0
0
0
0
0
0
0
0
0
0
0
0
0
0
0
0
0
0
0
0
0
0
0
0
0
0
0
0
0
0
0
0
0
0
0
0
0
0
0
0
0
0
0
0
0
0
0
0
0
0
0
0
0
0
0
0
0
0
0
0
0
0
0
0
0
0
0
0
0
0
0
0
0
0
0
0
0
0
0
0
-0.60933
0
0
0
0
0
0
0
0
0
0
0
0
0
0
0
0
0
0
0
0
0
0
0
0
0
0
0
0
0.60933
0
0
0
0
0
0
0
0
0
0
0
0
0
0
0
0
0
0
0
0
0
0
0
0
0
0
0
0
0
0
0
0
0
0
0
0
0
0
0
0
0
0
0
0
0
0
0
0
0
0
0
0
0
0
-3.2022
0
0
0
0
0
0
0
0
0
0
0
0
0
0
0
0
0
0
0
0
0
0
0
0
0
0
0
0
0
0
0
0
0
0
0
0
0
0
0
0
0
0
0
0
0
0
0
0
0
0
0
0
0
0
3.2022
0
0
0
0
0
0
0
0
0
0
0
0
0
0
0
0
0
0
0
0
0
0
0
0
0
0
0
0
0
0
0
0
0
0
0
0
0
0
0
0
0
0
0
0
0
0
0
0
0
0
0
0
0
0
0
0
0
0
0
0
0
0
0
0
-1.8513
0
0
0
0
0
0
0
0
0
0
0
0
0
0
0
0
0
0
0
0
0
0
0
0
0
0
0
0
0
0
0
0
0
0
0
0
0
0
0
0
0
0
0
0
1.8513
0
0
0
0
0
0
0
0
0
0
0
0
0
0
0
0
0
0
0
0
0
0
0
0
0
0
0
0
0
0
0
0
0
0
-3.7646
0
0
0
0
0
0
0
0
0
0
0
0
0
0
0
0
0
0
0
0
0
0
0
0
0
0
0
0
0
0
0
0
0
0
0
0
0
0
0
0
0
0
0
0
0
0
0
0
0
0
0
0
0
0
0
0
0
0
0
0
0
0
0
0
0
0
0
0
0
0
0
0
0
0
3.7646
0
0
0
0
0
0
0
0
0
0
0
0
0
0
0
0
0
0
0
0
0
0
0
-4.912
0
0
0
0
0
0
0
0
0
0
0
0
0
0
0
0
0
0
0
0
0
0
0
0
0
0
0
0
0
0
0
0
0
0
0
0
0
0
0
0
0
0
0
0
0
0
0
0
0
0
0
0
0
0
0
0
0
0
0
0
0
0
0
0
0
0
0
0
0
0
0
0
0
0
0
0
0
0
0
0
0
0
0
0
0
4.912
0
0
0
0
0
0
0
0
0
0
0
0
0
0
0
0
0
0
0
0
0
0
0
0
0
0
0
0
0
0
0
0
0
0
0
0
0
0
0
0
0
0
0
0
0
0
0
0
0
0
0
0
0
0
0
0
0
0
0
0
0
0
0
0
0
0
0
-1.3271
0
0
0
0
0
0
0
0
0
0
0
0
0
0
0
0
0
0
0
0
0
0
0
0
0
0
0
0
0
0
0
0
0
0
0
0
0
0
0
0
0
1.3271
0
0
0
0
0
0
0
0
0
0
0
0
-4.9677
0
0
0
0
0
0
0
0
0
0
0
0
0
0
0
0
0
0
0
0
0
0
0
0
0
0
0
0
0
0
0
0
0
0
0
0
0
0
0
0
0
0
0
0
0
0
0
0
0
0
0
0
0
0
0
0
0
0
0
0
0
0
0
0
0
0
0
0
0
0
0
0
0
0
0
0
0
0
0
0
0
0
0
0
0
0
0
0
0
0
0
0
0
0
0
0
4.9677
0
0
0
0
0
0
0
0
0
0
0
0
0
0
0
0
0
0
0
0
0
0
0
0
-4.3634
0
0
0
0
0
0
0
0
0
0
0
0
0
0
0
0
0
0
0
0
0
0
0
0
0
0
0
0
0
0
0
0
0
0
0
0
0
0
0
0
0
0
0
0
0
0
0
0
0
0
0
0
0
0
0
0
0
0
0
0
0
0
0
0
0
0
0
0
0
0
0
0
0
0
0
0
0
0
0
0
0
0
0
0
4.3634
0
0
0
0
0
0
0
0
0
0
0
0
0
0
0
0
0
0
0
0
0
0
0
0
0
0
0
0
0
0
0
0
0
0
0
0
0
0
0
0
0
0
0
0
0
0
0
0
0
0
0
-2.7161
0
0
0
0
0
0
0
0
0
0
0
0
0
0
0
0
0
0
0
0
0
0
0
0
0
0
0
0
0
0
0
0
0
0
0
0
0
0
0
0
0
0
0
0
0
0
0
0
0
0
0
0
0
0
0
0
0
2.7161
0
0
0
0
0
0
0
0
0
0
0
0
0
0
0
0
0
0
0
0
0
0
0
0
0
0
0
0
0
0
0
0
0
0
0
0
-3.5504
0
0
0
0
0
0
0
0
0
0
0
0
0
0
0
0
0
0
0
0
0
0
0
0
0
0
0
0
0
0
0
0
0
0
0
0
0
0
0
0
0
0
0
0
0
0
0
0
0
0
0
0
0
0
0
0
0
0
0
0
0
0
0
0
0
0
0
0
0
0
0
0
3.5504
0
0
0
0
0
0
0
0
0
0
0
0
0
0
0
0
0
0
0
0
0
0
0
0
0
0
0
0
0
0
0
0
0
0
0
0
0
0
0
0
0
0
0
-3.0894
0
0
0
0
0
0
0
0
0
0
0
0
0
0
0
0
0
0
0
0
0
0
0
0
0
0
0
0
0
0
0
0
0
0
0
0
0
0
0
0
0
0
0
0
0
0
0
0
0
0
0
0
0
0
0
0
0
0
0
0
0
0
0
0
0
3.0894
0
0
0
0
0
0
0
0
0
0
0
0
0
0
0
0
0
0
0
0
0
0
0
0
0
0
0
0
0
0
0
0
0
0
0
0
0
0
0
0
0
0
0
0
-3.2023
0
0
0
0
0
0
0
0
0
0
0
0
0
0
0
0
0
0
0
0
0
0
0
0
0
0
0
0
0
0
0
0
0
0
0
0
0
0
0
0
0
0
0
0
0
0
0
0
0
0
0
0
0
0
0
0
0
0
0
0
0
0
0
0
3.2023
0
0
0
0
0
0
0
-4.9564
0
0
0
0
0
0
0
0
0
0
0
0
0
0
0
0
0
0
0
0
0
0
0
0
0
0
0
0
0
0
0
0
0
0
0
0
0
0
0
0
0
0
0
0
0
0
0
0
0
0
0
0
0
0
0
0
0
0
0
0
0
0
0
0
0
0
0
0
0
0
0
0
0
0
0
0
0
0
0
0
0
0
0
0
0
0
0
0
0
0
0
0
0
0
0
0
0
0
0
0
0
4.9564
0
0
0
0
0
0
0
0
-5.1347
0
0
0
0
0
0
0
0
0
0
0
0
0
0
0
0
0
0
0
0
0
0
0
0
0
0
0
0
0
0
0
0
0
0
0
0
0
0
0
0
0
0
0
0
0
0
0
0
0
0
0
0
0
0
0
0
0
0
0
0
0
0
0
0
0
0
0
0
0
0
0
0
0
0
0
0
0
0
0
0
0
0
0
0
0
0
0
0
0
0
0
0
0
0
0
0
0
0
0
0
5.1347
0
0
0
0
0
0
0
0
0
0
0
0
0
0
0
0
0
0
0
0
0
0
0
0
0
0
0
0
0
0
0
0
0
0
0
0
0
0
0
0
0
0
0
0
0
0
0
0
0
0
0
0
0
0
0
0
0
0
0
0
0
0
0
-2.1194
0
0
0
0
0
0
0
0
0
0
0
0
0
0
0
0
0
0
0
0
0
0
0
0
0
0
0
0
0
0
0
0
0
0
0
0
0
0
0
0
0
0
0
0
0
2.1194
0
0
0
0
-4.9564
0
0
0
0
0
0
0
0
0
0
0
0
0
0
0
0
0
0
0
0
0
0
0
0
0
0
0
0
0
0
0
0
0
0
0
0
0
0
0
0
0
0
0
0
0
0
0
0
0
0
0
0
0
0
0
0
0
0
0
0
0
0
0
0
0
0
0
0
0
0
0
0
0
0
0
0
0
0
0
0
0
0
0
0
0
0
0
0
0
0
0
0
0
0
0
0
0
0
0
0
0
0
0
0
4.9564
0
0
0
0
-5.3487
0
0
0
0
0
0
0
0
0
0
0
0
0
0
0
0
0
0
0
0
0
0
0
0
0
0
0
0
0
0
0
0
0
0
0
0
0
0
0
0
0
0
0
0
0
0
0
0
0
0
0
0
0
0
0
0
0
0
0
0
0
0
0
0
0
0
0
0
0
0
0
0
0
0
0
0
0
0
0
0
0
0
0
0
0
0
0
0
0
0
0
0
0
0
0
0
0
0
0
0
0
0
0
0
5.3487
0
0
0
0
0
0
0
0
0
0
0
0
0
0
0
0
0
0
0
0
0
0
0
0
0
0
0
0
0
0
-3.4187
0
0
0
0
0
0
0
0
0
0
0
0
0
0
0
0
0
0
0
0
0
0
0
0
0
0
0
0
0
0
0
0
0
0
0
0
0
0
0
0
0
0
0
0
0
0
0
0
0
0
0
0
0
0
0
0
0
0
0
0
0
0
0
0
0
0
0
0
0
0
0
0
0
0
0
0
0
0
3.4187
