1
0.95319
0.93972
0.9329
0.93045
0.92833
0.92739
0.92783
0.92799
0.92507
0.92422
0.92133
0.92069
0.91985
0.91973
0.9166
0.91347
0.90998
0.90651
0.90278
0.89896
0.89501
0.89115
0.88722
0.88332
0.87948
0.87569
0.87195
0.86825
0.86462
0.86103
0.85755
0.85411
0.85076
0.84747
0.84425
0.84107
0.83795
0.83487
0.83185
0.82885
0.82589
0.82297
0.82007
0.81719
0.81434
0.81152
0.80871
0.80594
0.80318
0.80044
0.79773
0.79504
0.79237
0.78973
0.78711
0.78452
0.78195
0.77941
0.77689
0.7744
0.77194
0.7695
0.76709
0.7647
0.76234
0.76
0.75769
0.7554
0.75314
0.75091
0.7487
0.74653
0.74437
0.74225
0.74016
0.73809
0.73606
0.73405
0.73207
0.73013
0.72822
0.72635
0.72453
0.72275
0.72104
0.71939
0.71783
0.71636
0.71501
0.7138
0.71275
0.71188
0.71123
0.71078
0.71053
0.7104
0.71029
0.71013
0.70984
0.70939
0.70879
0.70805
0.70718
0.70621
0.70514
0.70401
0.70281
0.70157
0.70029
0.69898
0.69765
0.69631
0.69495
0.6936
0.69224
0.69089
0.68954
0.6882
0.68687
0.68555
0.68424
0.68295
