1
1.9813
1.2752
1.2282
1.5167
1.2561
1.6045
1.4157
1.6006
1.5608
1.6637
1.6794
1.7375
1.7737
1.8145
1.8519
1.8877
1.9233
1.9568
1.9902
2.0217
2.0524
2.0812
2.1095
2.1362
2.1623
2.187
2.2112
2.2344
2.2573
2.2796
2.3014
2.3226
2.3431
2.3631
2.3826
2.4016
2.4204
2.4388
2.4569
2.4747
2.4922
2.5093
2.526
2.5424
2.5584
2.5741
2.5896
2.6048
2.6198
2.6346
2.6492
2.6636
2.6778
2.6916
2.7051
2.7183
2.7312
2.7438
2.7563
2.7685
2.7806
2.7925
2.8043
2.816
2.8276
2.8392
2.8507
2.8621
2.8735
2.8846
2.8957
2.9066
2.9173
2.9279
2.9384
2.9488
2.959
2.9692
2.9794
2.9894
2.9994
3.0093
3.019
3.0287
3.0383
3.0478
3.0573
3.0667
3.0761
3.0855
3.0949
3.1043
3.1138
3.1233
3.1329
3.1424
3.1519
3.1613
3.1705
3.1794
3.1881
3.1966
3.2049
3.2129
3.2208
3.2284
3.2359
3.2433
3.2506
3.2577
3.2648
3.2717
3.2786
3.2855
3.2923
3.2991
3.3058
3.3126
3.3193
3.326
3.3328
3.3396
3.3465
3.3533
3.3603
3.3672
3.3742
3.3812
3.3881
3.395
3.4018
3.4085
3.4151
3.4217
