85.94
-0.80387
-0.83843
-0.81128
-0.79525
-0.80929
-0.82536
-0.79655
-0.79548
-0.82509
-0.81891
-0.78858
-0.81595
-0.80633
-0.81444
-0.91889
-0.85547
-0.82579
-0.85548
-0.84278
-0.84278
-0.80909
-0.8211
-0.79603
-0.80048
-0.80997
-0.81077
-0.79326
-0.78554
-0.77338
-0.78311
-0.89161
-0.8832
-0.86839
-0.87293
-0.80579
-0.80837
-0.8073
-0.85606
-0.79987
-0.79989
-0.84942
-0.79945
-0.80968
-0.83614
-0.83428
-0.87989
-0.83675
-0.88329
-0.84358
-0.81443
-0.89746
-0.86474
-0.84533
-0.85339
-0.94821
-0.94363
-1.0238
-1.1883
-1.1467
-1.1109
-1.1874
-1.3807
-1.1067
-1.2303
-1.1995
-1.3142
-1.6245
-2.6586
-2.7288
0
0
0
0
-3.3557
0
-4.3494
0
0
0
0
0
-4.0387
0
0
0
0
0
0
0
0
0
0
0
0
0
0
0
0
0
0
0
0
0
0
0
0
-8.6939
0
0
0
0
0
0
0
0
-0.80387
84.8188
-0.83141
-0.80403
-0.7881
-0.79983
-0.81723
-0.7894
-0.78834
-0.81696
-0.80987
-0.77965
-0.80692
-0.7973
-0.80539
-0.90862
-0.84627
-0.81612
-0.84627
-0.8336
-0.83361
-0.79999
-0.81194
-0.78697
-0.79126
-0.80085
-0.80157
-0.78414
-0.77644
-0.76432
-0.77425
-0.8859
-0.8749
-0.86012
-0.86465
-0.79683
-0.79941
-0.79835
-0.84772
-0.79094
-0.79095
-0.84189
-0.79052
-0.80066
-0.82703
-0.82517
-0.87193
-0.82877
-0.87374
-0.82312
-0.8051
-0.8899
-0.85624
-0.83702
-0.84571
-0.93851
-0.93394
-1.0142
-1.1792
-1.1367
-1.1007
-1.1775
-1.3692
-1.0989
-1.2201
-1.1895
-1.3042
-1.6946
-2.648
-2.7178
0
0
0
0
-3.3428
0
0
0
0
0
0
-3.7988
-4.0501
0
0
0
0
0
-8.663
0
0
0
0
0
0
0
0
0
0
0
0
0
0
0
0
0
0
0
0
0
0
0
0
0
0
0
-0.83843
-0.83141
73.6045
-0.8221
-0.79489
-0.80701
-0.82944
-0.7962
-0.79513
-0.8292
-0.81296
-0.78625
-0.81348
-0.80395
-0.81187
-0.91172
-0.85283
-0.82327
-0.85284
-0.84017
-0.84018
-0.80632
-0.81865
-0.79355
-0.7983
-0.80739
-0.8081
-0.79062
-0.78289
-0.77075
-0.7805
-0.89503
-0.88253
-0.86835
-0.87268
-0.80318
-0.80576
-0.8047
-0.85564
-0.79723
-0.79725
-0.84956
-0.79682
-0.80697
-0.83337
-0.83152
-0.87953
-0.83595
-0.87994
-0.83304
-0.81102
-0.89848
-0.86477
-0.84456
-0.83954
-0.94464
-0.93997
-1.0205
-1.1896
-1.1438
-1.1077
-1.1849
-1.383
-1.1075
-1.2276
-1.1992
-1.3134
-1.7021
0
-2.7232
0
0
0
0
0
0
0
-2.3637
0
0
0
0
0
0
-8.4158
0
0
0
0
0
0
0
0
0
0
0
0
0
0
0
0
0
0
0
0
0
0
0
0
0
0
0
0
0
0
0
-0.81128
-0.80403
-0.8221
67.6557
-0.77818
-0.79
-0.8135
-0.77952
-0.77842
-0.81324
-0.80217
-0.76941
-0.79679
-0.78731
-0.79521
-0.9012
-0.83607
-0.80685
-0.83608
-0.82354
-0.82356
-0.78998
-0.80179
-0.77681
-0.78159
-0.79046
-0.79111
-0.77377
-0.76609
-0.75402
-0.76359
-0.88108
-0.86629
-0.85229
-0.85656
-0.78613
-0.78868
-0.78763
-0.84008
-0.7802
-0.7802
-0.83391
-0.77979
-0.78983
-0.81604
-0.8142
-0.86419
-0.82083
-0.86204
-0.81622
-0.79343
-0.88506
-0.84979
-0.82924
-0.83825
-0.92615
-0.92131
-1.0014
-1.1761
-1.1231
-1.0866
-1.1646
-1.3702
-1.092
-1.2061
-1.1744
-1.2906
-1.6833
-2.6466
-2.703
0
0
0
0
-3.3206
0
0
0
0
0
0
0
0
0
0
0
0
0
0
0
0
0
0
0
0
0
0
0
0
0
0
0
0
0
0
0
0
0
0
0
0
0
0
0
0
0
-0.79525
-0.7881
-0.79489
-0.77818
56.8903
-0.76214
-0.77854
-0.72444
-0.72327
-0.77829
-0.7722
-0.73651
-0.76577
-0.75653
-0.76431
-0.86114
-0.80493
-0.77576
-0.80493
-0.79266
-0.79267
-0.7595
-0.77099
-0.7461
-0.75107
-0.75942
-0.76028
-0.74318
-0.73561
-0.72367
-0.733
-0.85056
-0.83322
-0.81973
-0.82384
-0.75524
-0.75776
-0.75672
-0.808
-0.74939
-0.74941
-0.80197
-0.74897
-0.75886
-0.78477
-0.78295
-0.83287
-0.79017
-0.8306
-0.78538
-0.76256
-0.85451
-0.81959
-0.79898
-0.80687
-0.89409
-0.88938
-0.96873
-1.1436
-1.0902
-1.054
-1.1313
-1.3371
-1.0598
-1.173
-1.1419
-1.2575
-1.6533
0
0
0
0
0
0
0
0
0
0
0
0
0
0
0
0
0
0
0
0
0
0
0
0
0
0
0
0
0
0
0
0
0
0
0
0
0
0
0
0
0
0
0
0
0
0
0
0
-0.80929
-0.79983
-0.80701
-0.79
-0.76214
59.986
-0.78872
-0.76356
-0.7624
-0.78846
-0.78266
-0.75066
-0.77761
-0.76777
-0.77569
-0.87179
-0.81586
-0.77378
-0.81587
-0.80342
-0.80343
-0.77017
-0.78181
-0.75697
-0.76128
-0.77039
-0.77101
-0.75383
-0.74623
-0.73426
-0.74373
-0.85923
-0.84355
-0.83005
-0.83416
-0.76605
-0.76858
-0.76754
-0.81873
-0.76014
-0.76015
-0.81269
-0.75972
-0.76968
-0.79571
-0.79389
-0.84422
-0.80161
-0.84147
-0.78947
-0.7733
-0.86735
-0.82986
-0.81094
-0.81688
-0.90539
-0.90054
-0.98083
-1.1612
-1.1019
-1.065
-1.1433
-1.3533
-1.0766
-1.1836
-1.1549
-1.2687
0
0
0
0
0
0
0
0
-3.9761
0
0
0
0
0
0
0
0
0
0
0
0
0
0
0
0
0
0
0
0
0
0
0
0
0
0
0
0
0
0
0
0
0
0
0
0
0
0
0
0
-0.82536
-0.81723
-0.82944
-0.8135
-0.77854
-0.78872
65.2373
-0.77986
-0.77878
-0.81379
-0.79927
-0.76841
-0.79531
-0.78575
-0.79363
-0.89402
-0.83416
-0.80497
-0.83415
-0.82163
-0.82163
-0.78784
-0.79991
-0.77491
-0.77969
-0.78855
-0.78934
-0.77203
-0.76436
-0.75229
-0.76195
-0.87442
-0.86187
-0.84791
-0.85217
-0.78442
-0.78697
-0.78592
-0.83562
-0.7785
-0.77852
-0.82985
-0.77809
-0.78814
-0.81435
-0.81251
-0.86002
-0.81694
-0.86071
-0.81137
-0.79217
-0.87938
-0.84611
-0.82578
-0.83472
-0.92507
-0.92044
-1.0004
-1.1702
-1.1238
-1.0878
-1.1646
-1.365
-1.0876
-1.2073
-1.1775
-1.292
0
0
0
0
0
0
0
0
0
0
0
0
0
0
0
0
0
0
0
0
0
0
0
0
0
0
0
0
0
0
0
0
-8.0302
0
0
0
0
0
0
0
0
0
0
0
0
0
0
0
0
-0.79655
-0.7894
-0.7962
-0.77952
-0.72444
-0.76356
-0.77986
56.979
-0.7247
-0.77961
-0.77353
-0.73761
-0.767
-0.75779
-0.76557
-0.86242
-0.80623
-0.77707
-0.80624
-0.79397
-0.79397
-0.76079
-0.77229
-0.74739
-0.75237
-0.76071
-0.76158
-0.74446
-0.73689
-0.72495
-0.73428
-0.85209
-0.83459
-0.82108
-0.8252
-0.75653
-0.75906
-0.75802
-0.80935
-0.75068
-0.75069
-0.80331
-0.75026
-0.76017
-0.7861
-0.78427
-0.83424
-0.7915
-0.83196
-0.78671
-0.76388
-0.85589
-0.82094
-0.80031
-0.80821
-0.89548
-0.89075
-0.97014
-1.1451
-1.0917
-1.0554
-1.1328
-1.3387
-1.0612
-1.1744
-1.1434
-1.259
-1.6549
0
0
0
0
0
0
0
0
0
0
0
0
0
0
0
0
0
0
0
0
0
0
0
0
0
0
0
0
0
0
0
0
0
0
0
0
0
0
0
0
0
0
0
0
0
0
0
0
-0.79548
-0.78834
-0.79513
-0.77842
-0.72327
-0.7624
-0.77878
-0.7247
56.9061
-0.77853
-0.77243
-0.73671
-0.76598
-0.75676
-0.76454
-0.86137
-0.80516
-0.77599
-0.80515
-0.79289
-0.7929
-0.75973
-0.77122
-0.74633
-0.75131
-0.75965
-0.76051
-0.74341
-0.73584
-0.7239
-0.73322
-0.85084
-0.83347
-0.81997
-0.82409
-0.75546
-0.75799
-0.75696
-0.80824
-0.74962
-0.74963
-0.80221
-0.7492
-0.7591
-0.78502
-0.78319
-0.83311
-0.7904
-0.83084
-0.78562
-0.7628
-0.85475
-0.81983
-0.79921
-0.80711
-0.89435
-0.88962
-0.96898
-1.1439
-1.0905
-1.0542
-1.1316
-1.3374
-1.06
-1.1732
-1.1422
-1.2578
-1.6536
0
0
0
0
0
0
0
0
0
0
0
0
0
0
0
0
0
0
0
0
0
0
0
0
0
0
0
0
0
0
0
0
0
0
0
0
0
0
0
0
0
0
0
0
0
0
0
0
-0.82509
-0.81696
-0.8292
-0.81324
-0.77829
-0.78846
-0.81379
-0.77961
-0.77853
65.2185
-0.79902
-0.76816
-0.79506
-0.78549
-0.79338
-0.89377
-0.83389
-0.80471
-0.83389
-0.82137
-0.82137
-0.78757
-0.79966
-0.77466
-0.77942
-0.78829
-0.78908
-0.77176
-0.76411
-0.75205
-0.7617
-0.87414
-0.8616
-0.84763
-0.8519
-0.78416
-0.78671
-0.78566
-0.83536
-0.77824
-0.77825
-0.82959
-0.77783
-0.78788
-0.81409
-0.81224
-0.85975
-0.81667
-0.86044
-0.81111
-0.7919
-0.87911
-0.84583
-0.82551
-0.83447
-0.92481
-0.92017
-1.0001
-1.1699
-1.1235
-1.0875
-1.1643
-1.3647
-1.0873
-1.207
-1.1773
-1.2917
0
0
0
0
0
0
0
0
0
0
0
0
0
0
0
0
0
0
0
-8.0286
0
0
0
0
0
0
0
0
0
0
0
0
0
0
0
0
0
0
0
0
0
0
0
0
0
0
0
0
0
-0.81891
-0.80987
-0.81296
-0.80217
-0.7722
-0.78266
-0.79927
-0.77353
-0.77243
-0.79902
61.5047
-0.76159
-0.78779
-0.77776
-0.78597
-0.86859
-0.82635
-0.79654
-0.82636
-0.8139
-0.8139
-0.78096
-0.79296
-0.76788
-0.77213
-0.78139
-0.78217
-0.76491
-0.75727
-0.74525
-0.75484
-0.86953
-0.85416
-0.84055
-0.8447
-0.77726
-0.77982
-0.77876
-0.82893
-0.77136
-0.77137
-0.8229
-0.77094
-0.78096
-0.80713
-0.8053
-0.8544
-0.8116
-0.85355
-0.80053
-0.78501
-0.87606
-0.83965
-0.821
-0.79176
-0.91772
-0.91305
-0.99309
-1.1679
-1.1166
-1.0803
-1.1577
-1.359
-1.086
-1.1998
0
0
0
0
0
0
0
-3.511
0
0
0
0
0
0
-3.7639
0
0
0
0
0
0
0
0
0
0
0
0
0
0
0
0
0
0
0
0
0
0
0
0
0
0
0
0
0
0
0
0
0
0
0
0
-0.78858
-0.77965
-0.78625
-0.76941
-0.73651
-0.75066
-0.76841
-0.73761
-0.73671
-0.76816
-0.76159
54.5992
-0.75773
-0.74715
-0.75498
-0.85185
-0.79478
-0.76539
-0.79477
-0.78264
-0.78265
-0.74942
-0.76093
-0.73601
-0.74075
-0.74906
-0.75007
-0.7331
-0.72555
-0.71367
-0.72303
-0.83776
-0.8219
-0.80854
-0.81262
-0.74502
-0.74755
-0.74651
-0.79705
-0.73929
-0.7393
-0.79118
-0.73883
-0.74862
-0.77433
-0.77251
-0.82177
-0.77949
-0.81987
-0.77078
-0.75209
-0.84354
-0.80891
-0.7885
-0.79629
-0.88307
-0.87852
-0.95711
-1.1315
-1.0786
-1.0426
-1.1193
-1.3246
-1.048
-1.161
-1.1306
-1.2451
0
0
0
0
0
0
0
0
0
0
0
0
0
0
0
0
0
0
0
0
0
0
0
0
0
0
0
0
0
0
0
0
0
0
0
0
0
0
0
0
0
0
0
0
0
0
0
0
0
-0.81595
-0.80692
-0.81348
-0.79679
-0.76577
-0.77761
-0.79531
-0.767
-0.76598
-0.79506
-0.78779
-0.75773
52.5547
-0.77099
-0.77977
-0.87665
-0.82101
-0.79122
-0.82101
-0.80881
-0.80882
-0.77502
-0.78664
-0.76127
-0.76645
-0.77467
-0.7756
-0.75849
-0.75088
-0.73888
-0.74802
-0.8714
-0.84813
-0.83483
-0.8389
-0.77049
-0.77303
-0.77198
-0.82288
-0.76451
-0.76451
-0.81705
-0.76409
-0.77409
-0.80022
-0.79839
-0.84888
-0.80578
-0.84674
-0.79705
-0.77844
-0.87027
-0.83582
-0.81425
-0.82349
-0.91067
-0.90582
-0.98599
-1.1604
-1.1081
-1.0715
-1.1494
0
-1.077
-1.191
0
0
0
0
0
0
0
0
0
0
0
0
0
0
0
0
0
0
0
0
0
0
0
0
0
0
0
0
0
0
0
0
0
0
0
0
0
0
0
0
0
0
0
0
0
0
0
0
0
0
0
-0.80633
-0.7973
-0.80395
-0.78731
-0.75653
-0.76777
-0.78575
-0.75779
-0.75676
-0.78549
-0.77776
-0.74715
-0.77099
51.3439
-0.771
-0.86543
-0.81114
-0.78057
-0.81114
-0.79897
-0.79897
-0.76489
-0.77666
-0.7512
-0.75606
-0.76442
-0.76548
-0.74847
-0.7409
-0.72894
-0.73797
-0.85742
-0.83692
-0.82375
-0.82779
-0.76028
-0.76281
-0.76177
-0.8118
-0.75434
-0.75436
-0.80607
-0.7539
-0.76383
-0.78985
-0.78801
-0.83775
-0.79496
-0.83618
-0.786
-0.76806
-0.85919
-0.82454
-0.80367
-0.80779
-0.89993
-0.89524
-0.9751
-1.1469
-1.0971
-1.0605
-1.1383
0
0
0
0
0
0
0
0
0
0
0
-1.6866
0
0
0
0
0
0
0
0
0
0
0
0
0
0
0
0
0
0
0
0
0
0
0
0
0
0
0
0
0
0
0
0
0
0
0
0
0
0
0
0
0
0
-0.81444
-0.80539
-0.81187
-0.79521
-0.76431
-0.77569
-0.79363
-0.76557
-0.76454
-0.79338
-0.78597
-0.75498
-0.77977
-0.771
50.144
-0.87377
-0.81988
-0.78906
-0.81987
-0.80756
-0.80755
-0.77277
-0.7846
-0.75874
-0.76392
-0.77197
-0.77311
-0.75608
-0.74848
-0.73648
-0.74542
-0.86344
-0.8457
-0.83257
-0.83661
-0.76786
-0.7704
-0.76936
-0.82005
-0.76188
-0.76188
-0.81439
-0.76144
-0.77141
-0.79751
-0.79568
-0.84598
-0.80301
-0.84398
-0.79423
-0.77562
-0.86795
-0.8332
-0.81176
-0.82103
-0.90784
-0.90314
-0.98317
-1.157
-1.1054
-1.0687
-1.1467
0
0
0
0
0
0
0
0
0
0
0
0
0
0
0
0
0
0
0
0
0
0
0
0
0
0
0
0
0
0
0
0
0
0
0
0
0
0
0
0
0
0
0
0
0
0
0
0
0
0
0
0
0
0
-0.91889
-0.90862
-0.91172
-0.9012
-0.86114
-0.87179
-0.89402
-0.86242
-0.86137
-0.89377
-0.86859
-0.85185
-0.87665
-0.86543
-0.87377
71.2875
-0.91299
-0.88281
-0.91299
-0.90013
-0.90012
-0.86518
-0.87789
-0.85204
-0.85652
-0.86631
-0.86703
-0.84922
-0.84136
-0.82896
-0.83882
-0.95531
-0.94866
-0.9333
-0.938
-0.86215
-0.86477
-0.8637
-0.91549
-0.85593
-0.85595
-0.9095
-0.85556
-0.86597
-0.89298
-0.89109
-0.93883
-0.89406
-0.94019
-0.88558
-0.87003
-0.9576
-0.9223
-0.90253
-0.90811
-1.0058
-1.0009
-1.083
0
0
0
0
0
0
0
0
0
0
0
0
0
0
-3.5427
0
0
0
0
0
0
0
0
0
0
0
0
-8.3769
0
0
0
0
0
0
0
0
0
0
0
0
0
0
0
-8.3769
0
0
0
0
0
0
0
0
0
0
0
0
0
0
-0.85547
-0.84627
-0.85283
-0.83607
-0.80493
-0.81586
-0.83416
-0.80623
-0.80516
-0.83389
-0.82635
-0.79478
-0.82101
-0.81114
-0.81988
-0.91299
47.9376
-0.8306
-0.85647
-0.84872
-0.84873
-0.81154
-0.82356
-0.79659
-0.80341
-0.81066
-0.81219
-0.79503
-0.78734
-0.77514
-0.78372
-0.90061
-0.8919
-0.87891
-0.88302
-0.8071
-0.80968
-0.80862
-0.86154
-0.80078
-0.80079
-0.85576
-0.8004
-0.81074
-0.83746
-0.8356
-0.88866
-0.84427
-0.88564
-0.83509
-0.81606
-0.91099
-0.87522
-0.85269
-0.86302
-0.95015
-0.94506
-1.0271
0
0
0
0
0
0
0
0
0
0
0
0
0
0
0
0
0
0
0
0
0
0
0
0
0
0
0
0
0
0
0
0
0
0
0
0
0
0
0
0
0
0
0
0
0
0
0
0
0
0
0
0
0
0
0
0
0
0
-0.82579
-0.81612
-0.82327
-0.80685
-0.77576
-0.77378
-0.80497
-0.77707
-0.77599
-0.80471
-0.79654
-0.76539
-0.79122
-0.78057
-0.78906
-0.88281
-0.8306
49.1507
-0.8306
-0.8184
-0.8184
-0.7823
-0.79447
-0.76805
-0.77278
-0.78142
-0.78254
-0.76553
-0.75791
-0.74586
-0.75447
-0.87436
-0.85461
-0.84178
-0.84574
-0.7771
-0.77964
-0.77861
-0.82896
-0.77094
-0.77095
-0.82344
-0.77052
-0.78057
-0.80682
-0.80499
-0.85625
-0.81325
-0.85383
-0.80056
-0.78518
-0.88008
-0.84227
-0.82245
-0.83002
-0.91795
-0.913
0
0
0
0
0
0
0
0
0
0
0
0
0
0
0
0
0
0
-3.9336
0
0
0
0
0
0
0
0
0
0
0
0
0
0
0
0
0
0
0
0
0
0
0
0
0
0
0
0
0
0
0
0
0
0
0
0
0
0
0
0
-0.85548
-0.84627
-0.85284
-0.83608
-0.80493
-0.81587
-0.83415
-0.80624
-0.80515
-0.83389
-0.82636
-0.79477
-0.82101
-0.81114
-0.81987
-0.91299
-0.85647
-0.8306
47.9376
-0.84872
-0.84872
-0.81155
-0.82356
-0.7966
-0.80341
-0.81067
-0.8122
-0.79503
-0.78734
-0.77513
-0.78372
-0.9006
-0.8919
-0.87891
-0.88302
-0.8071
-0.80968
-0.80862
-0.86153
-0.80077
-0.80079
-0.85575
-0.80041
-0.81074
-0.83746
-0.8356
-0.88866
-0.84427
-0.88564
-0.83509
-0.81607
-0.91099
-0.87522
-0.85269
-0.86302
-0.95015
-0.94506
-1.0271
0
0
0
0
0
0
0
0
0
0
0
0
0
0
0
0
0
0
0
0
0
0
0
0
0
0
0
0
0
0
0
0
0
0
0
0
0
0
0
0
0
0
0
0
0
0
0
0
0
0
0
0
0
0
0
0
0
0
-0.84278
-0.8336
-0.84017
-0.82354
-0.79266
-0.80342
-0.82163
-0.79397
-0.79289
-0.82137
-0.8139
-0.78264
-0.80881
-0.79897
-0.80756
-0.90013
-0.84872
-0.8184
-0.84872
46.1794
-0.82637
-0.79614
-0.80764
-0.78147
-0.78808
-0.79565
-0.79793
-0.78105
-0.77342
-0.76131
-0.76976
-0.8888
-0.88501
-0.86925
-0.8744
-0.79322
-0.79578
-0.79474
-0.84598
-0.78691
-0.78692
-0.84075
-0.78654
-0.79674
-0.82323
-0.82138
-0.87516
-0.83087
-0.8722
-0.8218
-0.80285
-0.89734
-0.86155
-0.83917
-0.84922
-0.93599
-0.93092
0
0
0
0
0
0
0
0
0
0
0
0
0
0
0
0
0
0
0
0
0
0
0
0
0
0
0
0
0
0
0
0
0
0
0
0
0
0
0
0
0
0
0
0
0
0
0
0
0
0
0
0
0
0
0
0
0
0
0
-0.84278
-0.83361
-0.84018
-0.82356
-0.79267
-0.80343
-0.82163
-0.79397
-0.7929
-0.82137
-0.8139
-0.78265
-0.80882
-0.79897
-0.80755
-0.90012
-0.84873
-0.8184
-0.84872
-0.82637
46.1798
-0.79615
-0.80766
-0.78147
-0.78809
-0.79566
-0.79795
-0.78105
-0.77343
-0.76131
-0.76976
-0.88881
-0.88502
-0.86926
-0.87441
-0.79323
-0.7958
-0.79473
-0.84599
-0.78692
-0.78693
-0.84076
-0.78654
-0.79675
-0.82323
-0.82138
-0.87516
-0.83088
-0.87221
-0.82181
-0.80285
-0.89736
-0.86156
-0.83917
-0.84922
-0.936
-0.93093
0
0
0
0
0
0
0
0
0
0
0
0
0
0
0
0
0
0
0
0
0
0
0
0
0
0
0
0
0
0
0
0
0
0
0
0
0
0
0
0
0
0
0
0
0
0
0
0
0
0
0
0
0
0
0
0
0
0
0
-0.80909
-0.79999
-0.80632
-0.78998
-0.7595
-0.77017
-0.78784
-0.76079
-0.75973
-0.78757
-0.78096
-0.74942
-0.77502
-0.76489
-0.77277
-0.86518
-0.81154
-0.7823
-0.81155
-0.79614
-0.79615
43.1491
-0.77436
-0.74689
-0.75125
-0.76084
-0.76443
-0.74816
-0.74067
-0.72867
-0.73622
-0.85397
-0.84205
-0.82729
-0.83173
-0.75926
-0.76178
-0.76075
-0.81354
-0.75307
-0.75307
-0.80569
-0.75262
-0.76266
-0.78901
-0.78719
-0.83852
-0.79523
-0.83688
-0.78637
-0.76822
-0.86055
-0.82534
-0.80401
0
-0.89992
0
0
0
0
0
0
0
0
0
0
0
0
0
0
0
0
0
0
0
0
0
0
-0.59198
0
0
0
0
0
0
0
0
0
0
0
0
0
0
0
0
0
0
0
0
0
0
0
0
0
0
0
0
0
0
0
0
0
0
0
0
0
-0.8211
-0.81194
-0.81865
-0.80179
-0.77099
-0.78181
-0.79991
-0.77229
-0.77122
-0.79966
-0.79296
-0.76093
-0.78664
-0.77666
-0.7846
-0.87789
-0.82356
-0.79447
-0.82356
-0.80764
-0.80766
-0.77436
44.1165
-0.75923
-0.76611
-0.77335
-0.77638
-0.75975
-0.75219
-0.74015
-0.74804
-0.86621
-0.85815
-0.84259
-0.84732
-0.77128
-0.77382
-0.77278
-0.82343
-0.765
-0.76502
-0.81845
-0.76459
-0.7747
-0.801
-0.79916
-0.85171
-0.80798
-0.84922
-0.799
-0.78038
-0.87392
-0.83854
-0.81661
0
-0.91253
-0.90756
0
0
0
0
0
0
0
0
0
0
0
0
0
0
0
0
0
0
0
0
0
0
0
0
0
0
0
0
0
0
0
0
0
0
0
0
0
0
0
0
0
0
0
0
0
0
0
0
0
0
0
0
0
0
0
0
0
0
0
-0.79603
-0.78697
-0.79355
-0.77681
-0.7461
-0.75697
-0.77491
-0.74739
-0.74633
-0.77466
-0.76788
-0.73601
-0.76127
-0.7512
-0.75874
-0.85204
-0.79659
-0.76805
-0.7966
-0.78147
-0.78147
-0.74689
-0.75923
40.9313
-0.74088
-0.74807
-0.75296
-0.73757
-0.73015
-0.71815
-0.72299
-0.83754
-0.82182
-0.80781
-0.81203
-0.74563
-0.74814
-0.74711
-0.79845
-0.7393
-0.73931
-0.79068
-0.73883
-0.74868
-0.77481
-0.77298
-0.82342
-0.78065
-0.82166
-0.77187
-0.75316
-0.847
-0.81196
-0.79055
0
0
0
0
0
0
0
0
0
0
0
0
0
0
0
0
0
0
0
0
0
0
0
0
0
0
0
0
0
0
0
0
0
0
0
0
0
0
0
0
0
0
0
0
0
0
0
0
0
0
0
0
0
0
0
0
0
0
0
0
0
0
-0.80048
-0.79126
-0.7983
-0.78159
-0.75107
-0.76128
-0.77969
-0.75237
-0.75131
-0.77942
-0.77213
-0.74075
-0.76645
-0.75606
-0.76392
-0.85652
-0.80341
-0.77278
-0.80341
-0.78808
-0.78809
-0.75125
-0.76611
-0.74088
42.3046
-0.75403
-0.75789
-0.7421
-0.73467
-0.72269
-0.72797
-0.84245
-0.8297
-0.81532
-0.81962
-0.75062
-0.75314
-0.7521
-0.80245
-0.74417
-0.74419
-0.7934
-0.74368
-0.75343
-0.77963
-0.77781
-0.82841
-0.78553
-0.82831
-0.77569
-0.7606
-0.8517
0
0
0
0
0
0
0
0
0
0
0
0
0
0
0
0
0
0
0
-2.7168
0
0
0
0
0
0
0
0
0
0
0
0
0
0
0
0
0
0
0
0
0
0
0
0
0
0
0
0
0
0
0
0
0
0
0
0
0
0
0
0
0
0
0
0
-0.80997
-0.80085
-0.80739
-0.79046
-0.75942
-0.77039
-0.78855
-0.76071
-0.75965
-0.78829
-0.78139
-0.74906
-0.77467
-0.76442
-0.77197
-0.86631
-0.81066
-0.78142
-0.81067
-0.79565
-0.79566
-0.76084
-0.77335
-0.74807
-0.75403
40.0336
-0.77149
-0.75736
-0.74995
-0.73767
-0.73706
-0.8503
-0.83352
-0.81957
-0.82376
-0.75986
-0.76237
-0.76134
-0.81123
-0.75302
-0.75303
-0.80165
-0.75252
-0.76221
-0.78863
-0.78681
-0.83759
-0.79435
-0.83674
-0.7851
-0.76868
-0.86391
0
0
0
0
0
0
0
0
0
0
0
0
0
0
0
0
0
0
0
0
0
0
0
0
0
0
0
0
0
0
0
0
0
0
0
0
0
0
0
0
0
0
0
0
0
0
0
0
0
0
0
0
0
0
0
0
0
0
0
0
0
0
0
0
-0.81077
-0.80157
-0.8081
-0.79111
-0.76028
-0.77101
-0.78934
-0.76158
-0.76051
-0.78908
-0.78217
-0.75007
-0.7756
-0.76548
-0.77311
-0.86703
-0.81219
-0.78254
-0.8122
-0.79793
-0.79795
-0.76443
-0.77638
-0.75296
-0.75789
-0.77149
39.2087
-0.7496
-0.74087
-0.72616
-0.73037
-0.85268
-0.84001
-0.82616
-0.8303
-0.75766
-0.76016
-0.75913
-0.82297
-0.75178
-0.75178
-0.81244
-0.7512
-0.76212
-0.78912
-0.7873
-0.83526
-0.79508
-0.83794
-0.78606
-0.76978
0
0
0
0
0
0
0
0
0
0
0
0
0
0
0
0
0
0
0
0
0
0
0
0
0
0
0
0
0
0
0
0
0
0
0
0
0
0
0
0
0
0
0
0
0
0
0
0
0
0
0
0
0
0
0
0
0
0
0
0
0
0
0
0
0
-0.79326
-0.78414
-0.79062
-0.77377
-0.74318
-0.75383
-0.77203
-0.74446
-0.74341
-0.77176
-0.76491
-0.7331
-0.75849
-0.74847
-0.75608
-0.84922
-0.79503
-0.76553
-0.79503
-0.78105
-0.78105
-0.74816
-0.75975
-0.73757
-0.7421
-0.75736
-0.7496
38.3294
-0.7168
-0.70085
-0.70903
-0.83605
-0.82481
-0.81113
-0.81524
-0.7361
-0.73854
-0.73754
-0.81042
-0.73126
-0.73127
-0.8025
-0.73063
-0.74237
-0.76952
-0.76771
-0.81409
-0.77502
-0.81836
-0.76627
-0.75089
0
0
0
0
0
0
0
0
0
0
0
0
0
0
0
0
0
0
0
0
0
0
0
0
0
0
0
0
0
0
0
0
0
0
0
0
0
0
0
0
0
0
0
0
0
0
0
0
0
0
0
0
0
0
0
0
0
0
0
0
0
0
0
0
0
-0.78554
-0.77644
-0.78289
-0.76609
-0.73561
-0.74623
-0.76436
-0.73689
-0.73584
-0.76411
-0.75727
-0.72555
-0.75088
-0.7409
-0.74848
-0.84136
-0.78734
-0.75791
-0.78734
-0.77342
-0.77343
-0.74067
-0.75219
-0.73015
-0.73467
-0.74995
-0.74087
-0.7168
37.9401
-0.69085
-0.70029
-0.82854
-0.81766
-0.80405
-0.80813
-0.72701
-0.7294
-0.72843
-0.80398
-0.7225
-0.72251
-0.79663
-0.72189
-0.73385
-0.76096
-0.75918
-0.80481
-0.76623
-0.80978
-0.75761
-0.74264
0
0
0
0
0
0
0
0
0
0
0
0
0
0
0
0
0
0
0
0
0
0
0
0
0
0
0
0
0
0
0
0
0
0
0
0
0
0
0
0
0
0
0
0
0
0
0
0
0
0
0
0
0
0
0
0
0
0
0
0
0
0
0
0
0
-0.77338
-0.76432
-0.77075
-0.75402
-0.72367
-0.73426
-0.75229
-0.72495
-0.7239
-0.75205
-0.74525
-0.71367
-0.73888
-0.72894
-0.73648
-0.82896
-0.77514
-0.74586
-0.77513
-0.76131
-0.76131
-0.72867
-0.74015
-0.71815
-0.72269
-0.73767
-0.72616
-0.70085
-0.69085
37.3266
-0.6873
-0.81653
-0.80601
-0.7925
-0.79655
-0.71324
-0.71557
-0.71461
-0.79303
-0.70918
-0.70918
-0.78623
-0.70857
-0.72075
-0.74779
-0.74601
-0.79049
-0.75273
-0.79649
-0.74428
-0.72985
0
0
0
0
0
0
0
0
0
0
0
0
0
0
0
0
0
0
0
0
0
0
0
0
0
0
0
0
0
0
0
0
0
0
0
0
0
0
0
0
0
0
0
0
0
0
0
0
0
0
0
0
0
0
0
0
0
0
0
0
0
0
0
0
0
-0.78311
-0.77425
-0.7805
-0.76359
-0.733
-0.74373
-0.76195
-0.73428
-0.73322
-0.7617
-0.75484
-0.72303
-0.74802
-0.73797
-0.74542
-0.83882
-0.78372
-0.75447
-0.78372
-0.76976
-0.76976
-0.73622
-0.74804
-0.72299
-0.72797
-0.73706
-0.73037
-0.70903
-0.70029
-0.6873
36.2791
-0.82237
-0.79928
-0.7858
-0.78985
-0.74409
-0.74644
-0.74548
-0.77808
-0.73109
-0.73111
-0.76564
-0.7303
-0.73852
-0.76434
-0.76256
-0.81066
0
-0.81134
0
-0.744
0
0
0
0
0
0
0
0
0
0
0
0
0
0
0
0
0
0
0
0
0
0
0
0
0
0
0
0
0
0
0
0
0
0
0
0
0
0
0
0
0
0
0
0
0
0
0
0
0
0
0
0
0
0
0
0
0
0
0
0
0
0
0
0
0
-0.89161
-0.8859
-0.89503
-0.88108
-0.85056
-0.85923
-0.87442
-0.85209
-0.85084
-0.87414
-0.86953
-0.83776
-0.8714
-0.85742
-0.86344
-0.95531
-0.90061
-0.87436
-0.9006
-0.8888
-0.88881
-0.85397
-0.86621
-0.83754
-0.84245
-0.8503
-0.85268
-0.83605
-0.82854
-0.81653
-0.82237
52.383
-0.92337
-0.90994
-0.91409
-0.8454
-0.84798
-0.84693
-0.89526
-0.83849
-0.83849
-0.88284
-0.8379
-0.84894
-0.87613
-0.87425
0
0
0
0
0
0
0
0
0
0
0
0
0
0
0
0
0
0
0
0
0
0
0
0
0
0
0
0
0
0
0
0
0
0
0
0
0
0
0
0
0
-6.6867
0
0
0
0
-6.6867
0
0
0
0
0
0
0
0
0
0
0
0
0
0
0
0
0
0
0
0
0
0
0
-0.8832
-0.8749
-0.88253
-0.86629
-0.83322
-0.84355
-0.86187
-0.83459
-0.83347
-0.8616
-0.85416
-0.8219
-0.84813
-0.83692
-0.8457
-0.94866
-0.8919
-0.85461
-0.8919
-0.88501
-0.88502
-0.84205
-0.85815
-0.82182
-0.8297
-0.83352
-0.84001
-0.82481
-0.81766
-0.80601
-0.79928
-0.92337
45.6583
-0.89719
-0.90417
-0.82319
-0.82572
-0.82468
-0.86295
-0.81564
-0.81564
-0.86249
-0.81477
-0.82501
-0.85117
-0.84932
0
0
0
0
0
0
0
0
0
0
0
0
0
0
0
0
0
0
0
0
0
0
0
0
0
0
0
0
0
0
0
0
0
0
0
0
0
0
0
0
0
0
0
0
0
0
0
0
0
0
0
0
-7.3509
0
0
0
0
0
0
0
0
0
0
0
0
0
0
0
0
0
-0.86839
-0.86012
-0.86835
-0.85229
-0.81973
-0.83005
-0.84791
-0.82108
-0.81997
-0.84763
-0.84055
-0.80854
-0.83483
-0.82375
-0.83257
-0.9333
-0.87891
-0.84178
-0.87891
-0.86925
-0.86926
-0.82729
-0.84259
-0.80781
-0.81532
-0.81957
-0.82616
-0.81113
-0.80405
-0.7925
-0.7858
-0.90994
-0.89719
44.8996
-0.88202
-0.80972
-0.81224
-0.81121
-0.84911
-0.80219
-0.8022
-0.84877
-0.80133
-0.81146
-0.83747
-0.83564
0
0
0
0
0
0
0
0
0
0
0
0
0
0
0
0
0
0
0
0
0
0
0
0
0
0
0
0
0
0
0
0
0
0
0
0
0
0
0
0
0
0
0
0
0
0
0
0
0
0
0
0
0
0
0
0
0
0
0
0
-7.2098
0
0
0
0
0
0
0
0
0
-0.87293
-0.86465
-0.87268
-0.85656
-0.82384
-0.83416
-0.85217
-0.8252
-0.82409
-0.8519
-0.8447
-0.81262
-0.8389
-0.82779
-0.83661
-0.938
-0.88302
-0.84574
-0.88302
-0.8744
-0.87441
-0.83173
-0.84732
-0.81203
-0.81962
-0.82376
-0.8303
-0.81524
-0.80813
-0.79655
-0.78985
-0.91409
-0.90417
-0.88202
45.1344
-0.81376
-0.81629
-0.81525
-0.85306
-0.80621
-0.80622
-0.85274
-0.80535
-0.81551
-0.84156
-0.83972
0
0
0
0
0
0
0
0
0
0
0
0
0
0
0
0
0
0
0
0
0
0
0
0
0
0
0
0
0
0
0
0
0
0
0
0
0
0
0
0
0
0
0
0
0
0
0
0
0
0
0
0
0
0
0
0
0
0
0
0
0
0
0
0
0
0
0
-7.2565
0
0
-0.80579
-0.79683
-0.80318
-0.78613
-0.75524
-0.76605
-0.78442
-0.75653
-0.75546
-0.78416
-0.77726
-0.74502
-0.77049
-0.76028
-0.76786
-0.86215
-0.8071
-0.7771
-0.8071
-0.79322
-0.79323
-0.75926
-0.77128
-0.74563
-0.75062
-0.75986
-0.75766
-0.7361
-0.72701
-0.71324
-0.74409
-0.8454
-0.82319
-0.80972
-0.81376
34.9261
-0.8026
-0.80109
-0.80662
-0.73558
-0.7356
-0.8046
-0.73442
-0.74821
-0.77384
-0.77208
0
0
0
0
0
0
0
0
0
0
0
0
0
0
0
0
0
0
0
0
0
0
0
0
0
0
0
0
0
0
0
0
0
0
0
0
0
0
0
0
0
0
0
0
0
0
0
0
0
0
0
0
0
0
0
0
0
0
0
0
0
0
0
0
0
0
0
0
0
0
-0.80837
-0.79941
-0.80576
-0.78868
-0.75776
-0.76858
-0.78697
-0.75906
-0.75799
-0.78671
-0.77982
-0.74755
-0.77303
-0.76281
-0.7704
-0.86477
-0.80968
-0.77964
-0.80968
-0.79578
-0.7958
-0.76178
-0.77382
-0.74814
-0.75314
-0.76237
-0.76016
-0.73854
-0.7294
-0.71557
-0.74644
-0.84798
-0.82572
-0.81224
-0.81629
-0.8026
35.0427
-0.80478
-0.80896
-0.73896
-0.73897
-0.80681
-0.73779
-0.75148
-0.77714
-0.77538
0
0
0
0
0
0
0
0
0
0
0
0
0
0
0
0
0
0
0
0
0
0
0
0
0
0
0
0
0
0
0
0
0
0
0
0
0
0
0
0
0
0
0
0
0
0
0
0
0
0
0
0
0
0
0
0
0
0
0
0
0
0
0
0
0
0
0
0
0
0
-0.8073
-0.79835
-0.8047
-0.78763
-0.75672
-0.76754
-0.78592
-0.75802
-0.75696
-0.78566
-0.77876
-0.74651
-0.77198
-0.76177
-0.76936
-0.8637
-0.80862
-0.77861
-0.80862
-0.79474
-0.79473
-0.76075
-0.77278
-0.74711
-0.7521
-0.76134
-0.75913
-0.73754
-0.72843
-0.71461
-0.74548
-0.84693
-0.82468
-0.81121
-0.81525
-0.80109
-0.80478
34.9948
-0.80801
-0.73757
-0.73758
-0.80591
-0.73642
-0.75014
-0.77577
-0.77401
0
0
0
0
0
0
0
0
0
0
0
0
0
0
0
0
0
0
0
0
0
0
0
0
0
0
0
0
0
0
0
0
0
0
0
0
0
0
0
0
0
0
0
0
0
0
0
0
0
0
0
0
0
0
0
0
0
0
0
0
0
0
0
0
0
0
0
0
0
0
-0.85606
-0.84772
-0.85564
-0.84008
-0.808
-0.81873
-0.83562
-0.80935
-0.80824
-0.83536
-0.82893
-0.79705
-0.82288
-0.8118
-0.82005
-0.91549
-0.86154
-0.82896
-0.86153
-0.84598
-0.84599
-0.81354
-0.82343
-0.79845
-0.80245
-0.81123
-0.82297
-0.81042
-0.80398
-0.79303
-0.77808
-0.89526
-0.86295
-0.84911
-0.85306
-0.80662
-0.80896
-0.80801
42.2303
-0.79038
-0.79039
-0.85303
-0.7892
-0.8005
0
0
0
0
0
0
0
0
0
0
0
0
0
0
0
0
0
0
0
0
0
0
0
0
0
0
0
0
0
0
0
0
0
0
0
0
0
0
0
0
0
0
0
0
0
0
0
0
0
0
0
0
0
-6.7102
0
0
0
0
0
0
0
0
0
0
0
0
0
0
0
0
0
0
-0.79987
-0.79094
-0.79723
-0.7802
-0.74939
-0.76014
-0.7785
-0.75068
-0.74962
-0.77824
-0.77136
-0.73929
-0.76451
-0.75434
-0.76188
-0.85593
-0.80078
-0.77094
-0.80077
-0.78691
-0.78692
-0.75307
-0.765
-0.7393
-0.74417
-0.75302
-0.75178
-0.73126
-0.7225
-0.70918
-0.73109
-0.83849
-0.81564
-0.80219
-0.80621
-0.73558
-0.73896
-0.73757
-0.79038
33.0417
-0.7628
-0.78176
-0.74666
-0.75668
0
0
0
0
0
0
0
0
0
0
0
0
0
0
0
0
0
0
0
0
0
0
0
0
0
0
0
0
0
0
0
0
0
0
0
0
0
0
0
0
0
0
0
0
0
0
0
0
0
0
0
0
0
0
0
0
0
0
0
0
0
0
0
0
0
0
0
0
0
0
0
0
-0.79989
-0.79095
-0.79725
-0.7802
-0.74941
-0.76015
-0.77852
-0.75069
-0.74963
-0.77825
-0.77137
-0.7393
-0.76451
-0.75436
-0.76188
-0.85595
-0.80079
-0.77095
-0.80079
-0.78692
-0.78693
-0.75307
-0.76502
-0.73931
-0.74419
-0.75303
-0.75178
-0.73127
-0.72251
-0.70918
-0.73111
-0.83849
-0.81564
-0.8022
-0.80622
-0.7356
-0.73897
-0.73758
-0.79039
-0.7628
33.0422
-0.78177
-0.74669
-0.7567
0
0
0
0
0
0
0
0
0
0
0
0
0
0
0
0
0
0
0
0
0
0
0
0
0
0
0
0
0
0
0
0
0
0
0
0
0
0
0
0
0
0
0
0
0
0
0
0
0
0
0
0
0
0
0
0
0
0
0
0
0
0
0
0
0
0
0
0
0
0
0
0
-0.84942
-0.84189
-0.84956
-0.83391
-0.80197
-0.81269
-0.82985
-0.80331
-0.80221
-0.82959
-0.8229
-0.79118
-0.81705
-0.80607
-0.81439
-0.9095
-0.85576
-0.82344
-0.85575
-0.84075
-0.84076
-0.80569
-0.81845
-0.79068
-0.7934
-0.80165
-0.81244
-0.8025
-0.79663
-0.78623
-0.76564
-0.88284
-0.86249
-0.84877
-0.85274
-0.8046
-0.80681
-0.80591
-0.85303
-0.78176
-0.78177
41.0155
-0.77693
0
0
0
0
0
0
0
0
0
0
0
0
0
0
0
0
0
0
0
0
0
0
0
0
0
0
0
0
0
0
0
0
0
0
0
0
0
0
0
0
0
0
0
0
0
0
0
0
0
0
0
0
0
-6.5526
0
0
0
0
0
0
0
0
0
0
0
0
0
0
0
0
0
0
0
-0.79945
-0.79052
-0.79682
-0.77979
-0.74897
-0.75972
-0.77809
-0.75026
-0.7492
-0.77783
-0.77094
-0.73883
-0.76409
-0.7539
-0.76144
-0.85556
-0.8004
-0.77052
-0.80041
-0.78654
-0.78654
-0.75262
-0.76459
-0.73883
-0.74368
-0.75252
-0.7512
-0.73063
-0.72189
-0.70857
-0.7303
-0.8379
-0.81477
-0.80133
-0.80535
-0.73442
-0.73779
-0.73642
-0.7892
-0.74666
-0.74669
-0.77693
32.2421
0
0
0
0
0
0
0
0
0
0
0
0
0
0
0
0
0
0
0
0
0
0
0
0
0
0
0
0
0
0
0
0
0
0
0
0
0
0
0
0
0
0
0
0
0
0
0
0
0
0
0
0
0
0
0
0
0
0
0
0
0
0
0
0
0
0
0
0
0
0
0
0
0
-0.80968
-0.80066
-0.80697
-0.78983
-0.75886
-0.76968
-0.78814
-0.76017
-0.7591
-0.78788
-0.78096
-0.74862
-0.77409
-0.76383
-0.77141
-0.86597
-0.81074
-0.78057
-0.81074
-0.79674
-0.79675
-0.76266
-0.7747
-0.74868
-0.75343
-0.76221
-0.76212
-0.74237
-0.73385
-0.72075
-0.73852
-0.84894
-0.82501
-0.81146
-0.81551
-0.74821
-0.75148
-0.75014
-0.8005
-0.75668
-0.7567
0
0
31.8953
0
0
0
0
0
0
0
0
0
0
0
0
0
0
0
0
0
0
0
0
0
0
0
0
0
0
0
0
0
0
0
0
0
0
0
0
0
0
0
0
0
0
0
0
0
0
0
0
0
0
0
0
0
0
0
0
0
0
0
0
0
0
0
0
0
0
0
0
0
0
0
0
-0.83614
-0.82703
-0.83337
-0.81604
-0.78477
-0.79571
-0.81435
-0.7861
-0.78502
-0.81409
-0.80713
-0.77433
-0.80022
-0.78985
-0.79751
-0.89298
-0.83746
-0.80682
-0.83746
-0.82323
-0.82323
-0.78901
-0.801
-0.77481
-0.77963
-0.78863
-0.78912
-0.76952
-0.76096
-0.74779
-0.76434
-0.87613
-0.85117
-0.83747
-0.84156
-0.77384
-0.77714
-0.77577
0
0
0
0
0
0
30.5807
0
0
0
0
0
0
0
0
0
0
0
0
0
0
0
0
0
0
0
0
0
0
0
0
0
0
0
0
0
0
0
0
0
0
0
0
0
0
0
0
0
0
0
0
0
0
0
0
0
0
0
0
0
0
0
0
0
0
0
0
0
0
0
0
0
0
0
0
0
0
0
-0.83428
-0.82517
-0.83152
-0.8142
-0.78295
-0.79389
-0.81251
-0.78427
-0.78319
-0.81224
-0.8053
-0.77251
-0.79839
-0.78801
-0.79568
-0.89109
-0.8356
-0.80499
-0.8356
-0.82138
-0.82138
-0.78719
-0.79916
-0.77298
-0.77781
-0.78681
-0.7873
-0.76771
-0.75918
-0.74601
-0.76256
-0.87425
-0.84932
-0.83564
-0.83972
-0.77208
-0.77538
-0.77401
0
0
0
0
0
0
0
30.5113
0
0
0
0
0
0
0
0
0
0
0
0
0
0
0
0
0
0
0
0
0
0
0
0
0
0
0
0
0
0
0
0
0
0
0
0
0
0
0
0
0
0
0
0
0
0
0
0
0
0
0
0
0
0
0
0
0
0
0
0
0
0
0
0
0
0
0
0
0
0
-0.87989
-0.87193
-0.87953
-0.86419
-0.83287
-0.84422
-0.86002
-0.83424
-0.83311
-0.85975
-0.8544
-0.82177
-0.84888
-0.83775
-0.84598
-0.93883
-0.88866
-0.85625
-0.88866
-0.87516
-0.87516
-0.83852
-0.85171
-0.82342
-0.82841
-0.83759
-0.83526
-0.81409
-0.80481
-0.79049
-0.81066
0
0
0
0
0
0
0
0
0
0
0
0
0
0
0
31.5907
0
0
0
0
0
0
0
0
0
0
0
0
0
0
0
0
0
0
0
0
0
0
0
0
0
0
0
0
0
0
0
0
0
0
0
0
0
0
0
0
0
0
0
0
0
0
0
0
0
0
0
0
0
0
0
0
0
-5.2645
0
0
0
0
0
0
0
0
0
0
0
-0.83675
-0.82877
-0.83595
-0.82083
-0.79017
-0.80161
-0.81694
-0.7915
-0.7904
-0.81667
-0.8116
-0.77949
-0.80578
-0.79496
-0.80301
-0.89406
-0.84427
-0.81325
-0.84427
-0.83087
-0.83088
-0.79523
-0.80798
-0.78065
-0.78553
-0.79435
-0.79508
-0.77502
-0.76623
-0.75273
0
0
0
0
0
0
0
0
0
0
0
0
0
0
0
0
0
29.2083
0
0
0
0
0
0
0
0
0
0
0
0
0
0
0
0
0
0
0
0
0
0
0
0
0
0
0
0
0
0
0
0
0
0
0
0
0
0
0
0
0
0
0
0
0
0
0
0
0
0
0
0
0
0
0
0
0
0
0
0
0
0
0
0
-4.9735
0
0
0
-0.88329
-0.87374
-0.87994
-0.86204
-0.8306
-0.84147
-0.86071
-0.83196
-0.83084
-0.86044
-0.85355
-0.81987
-0.84674
-0.83618
-0.84398
-0.94019
-0.88564
-0.85383
-0.88564
-0.8722
-0.87221
-0.83688
-0.84922
-0.82166
-0.82831
-0.83674
-0.83794
-0.81836
-0.80978
-0.79649
-0.81134
0
0
0
0
0
0
0
0
0
0
0
0
0
0
0
0
0
26.3118
0
0
0
0
0
0
0
0
0
0
0
0
0
0
0
0
0
0
0
0
0
0
0
0
0
0
0
0
0
0
0
0
0
0
0
0
0
0
0
0
0
0
0
0
0
0
0
0
0
0
0
0
0
0
0
0
0
0
0
0
0
0
0
0
0
0
0
-0.84358
-0.82312
-0.83304
-0.81622
-0.78538
-0.78947
-0.81137
-0.78671
-0.78562
-0.81111
-0.80053
-0.77078
-0.79705
-0.786
-0.79423
-0.88558
-0.83509
-0.80056
-0.83509
-0.8218
-0.82181
-0.78637
-0.799
-0.77187
-0.77569
-0.7851
-0.78606
-0.76627
-0.75761
-0.74428
0
0
0
0
0
0
0
0
0
0
0
0
0
0
0
0
0
0
0
28.3215
0
0
0
0
0
0
0
0
0
0
0
0
0
0
0
0
0
0
0
0
0
0
0
0
0
0
0
0
0
0
-4.3151
0
0
0
0
0
0
0
0
0
0
0
0
0
0
0
0
0
0
0
0
0
0
0
0
0
0
0
0
0
0
0
0
0
0
0
-0.81443
-0.8051
-0.81102
-0.79343
-0.76256
-0.7733
-0.79217
-0.76388
-0.7628
-0.7919
-0.78501
-0.75209
-0.77844
-0.76806
-0.77562
-0.87003
-0.81606
-0.78518
-0.81607
-0.80285
-0.80285
-0.76822
-0.78038
-0.75316
-0.7606
-0.76868
-0.76978
-0.75089
-0.74264
-0.72985
-0.744
0
0
0
0
0
0
0
0
0
0
0
0
0
0
0
0
0
0
0
24.1911
0
0
0
0
0
0
0
0
0
0
0
0
0
0
0
0
0
0
0
0
0
0
0
0
0
0
0
0
0
0
0
0
0
0
0
0
0
0
0
0
0
0
0
0
0
0
0
0
0
0
0
0
0
0
0
0
0
0
0
0
0
0
0
0
0
-0.89746
-0.8899
-0.89848
-0.88506
-0.85451
-0.86735
-0.87938
-0.85589
-0.85475
-0.87911
-0.87606
-0.84354
-0.87027
-0.85919
-0.86795
-0.9576
-0.91099
-0.88008
-0.91099
-0.89734
-0.89736
-0.86055
-0.87392
-0.847
-0.8517
-0.86391
0
0
0
0
0
0
0
0
0
0
0
0
0
0
0
0
0
0
0
0
0
0
0
0
0
32.8281
0
0
0
0
0
0
0
0
0
0
0
0
0
0
0
0
0
0
0
0
0
0
0
0
0
0
0
0
0
0
0
0
0
0
0
0
0
0
0
0
0
0
0
-4.9989
0
0
0
0
0
0
0
-4.9989
0
0
0
0
0
0
0
0
0
0
0
0
-0.86474
-0.85624
-0.86477
-0.84979
-0.81959
-0.82986
-0.84611
-0.82094
-0.81983
-0.84583
-0.83965
-0.80891
-0.83582
-0.82454
-0.8332
-0.9223
-0.87522
-0.84227
-0.87522
-0.86155
-0.86156
-0.82534
-0.83854
-0.81196
0
0
0
0
0
0
0
0
0
0
0
0
0
0
0
0
0
0
0
0
0
0
0
0
0
0
0
0
27.6712
0
0
0
0
0
0
0
0
0
0
0
0
0
0
0
0
0
0
-2.6116
0
0
0
0
0
0
0
0
0
0
0
0
0
0
0
0
0
0
-4.7857
0
0
0
0
0
0
0
0
0
0
0
0
0
0
0
0
0
0
0
0
0
0
0
0
0
-0.84533
-0.83702
-0.84456
-0.82924
-0.79898
-0.81094
-0.82578
-0.80031
-0.79921
-0.82551
-0.821
-0.7885
-0.81425
-0.80367
-0.81176
-0.90253
-0.85269
-0.82245
-0.85269
-0.83917
-0.83917
-0.80401
-0.81661
-0.79055
0
0
0
0
0
0
0
0
0
0
0
0
0
0
0
0
0
0
0
0
0
0
0
0
0
0
0
0
0
24.3998
0
0
0
0
0
0
0
0
0
0
0
0
0
0
0
0
0
0
0
0
0
0
0
0
0
0
0
0
0
0
0
0
0
0
0
0
0
0
0
0
0
0
0
0
0
0
0
0
0
0
0
0
0
0
0
0
0
0
0
0
-4.6238
0
-0.85339
-0.84571
-0.83954
-0.83825
-0.80687
-0.81688
-0.83472
-0.80821
-0.80711
-0.83447
-0.79176
-0.79629
-0.82349
-0.80779
-0.82103
-0.90811
-0.86302
-0.83002
-0.86302
-0.84922
-0.84922
0
0
0
0
0
0
0
0
0
0
0
0
0
0
0
0
0
0
0
0
0
0
0
0
0
0
0
0
0
0
0
0
0
22.2922
0
0
0
0
0
0
0
0
0
0
0
0
0
0
0
0
0
0
-1.6032
0
0
0
0
0
-3.2009
0
0
0
0
0
0
0
0
0
0
0
0
0
0
0
0
0
0
0
0
0
0
0
0
0
0
0
0
0
0
0
0
0
0
0
0
-0.94821
-0.93851
-0.94464
-0.92615
-0.89409
-0.90539
-0.92507
-0.89548
-0.89435
-0.92481
-0.91772
-0.88307
-0.91067
-0.89993
-0.90784
-1.0058
-0.95015
-0.91795
-0.95015
-0.93599
-0.936
-0.89992
-0.91253
0
0
0
0
0
0
0
0
0
0
0
0
0
0
0
0
0
0
0
0
0
0
0
0
0
0
0
0
0
0
0
0
21.2245
0
0
0
0
0
0
0
0
0
0
0
0
0
0
0
0
0
0
0
0
0
0
0
0
0
0
0
0
0
0
0
0
0
0
0
0
0
0
0
0
0
0
0
0
0
0
0
0
0
0
0
0
0
0
0
0
0
0
0
0
-0.94363
-0.93394
-0.93997
-0.92131
-0.88938
-0.90054
-0.92044
-0.89075
-0.88962
-0.92017
-0.91305
-0.87852
-0.90582
-0.89524
-0.90314
-1.0009
-0.94506
-0.913
-0.94506
-0.93092
-0.93093
0
-0.90756
0
0
0
0
0
0
0
0
0
0
0
0
0
0
0
0
0
0
0
0
0
0
0
0
0
0
0
0
0
0
0
0
0
20.219
0
0
0
0
0
0
0
0
0
0
0
0
0
0
0
0
0
0
0
0
0
0
0
0
0
0
0
0
0
0
0
0
0
0
0
0
0
0
0
0
0
0
0
0
0
0
0
0
0
0
0
0
0
0
0
0
0
0
0
-1.0238
-1.0142
-1.0205
-1.0014
-0.96873
-0.98083
-1.0004
-0.97014
-0.96898
-1.0001
-0.99309
-0.95711
-0.98599
-0.9751
-0.98317
-1.083
-1.0271
0
-1.0271
0
0
0
0
0
0
0
0
0
0
0
0
0
0
0
0
0
0
0
0
0
0
0
0
0
0
0
0
0
0
0
0
0
0
0
0
0
0
17.9807
0
0
0
0
0
0
0
0
0
0
0
0
0
0
0
0
0
0
0
0
0
0
0
0
0
0
0
0
0
0
0
0
0
0
0
0
0
0
0
0
0
0
0
0
0
0
0
0
0
0
0
0
0
0
0
0
0
0
-1.1883
-1.1792
-1.1896
-1.1761
-1.1436
-1.1612
-1.1702
-1.1451
-1.1439
-1.1699
-1.1679
-1.1315
-1.1604
-1.1469
-1.157
0
0
0
0
0
0
0
0
0
0
0
0
0
0
0
0
0
0
0
0
0
0
0
0
0
0
0
0
0
0
0
0
0
0
0
0
0
0
0
0
0
0
0
26.8715
0
0
0
0
0
0
0
0
0
0
0
0
0
0
0
0
0
0
0
0
0
0
0
0
0
0
0
0
0
0
-4.7202
0
0
0
0
0
0
0
0
0
0
0
0
0
0
0
0
0
0
0
0
0
-4.7202
0
0
0
0
-1.1467
-1.1367
-1.1438
-1.1231
-1.0902
-1.1019
-1.1238
-1.0917
-1.0905
-1.1235
-1.1166
-1.0786
-1.1081
-1.0971
-1.1054
0
0
0
0
0
0
0
0
0
0
0
0
0
0
0
0
0
0
0
0
0
0
0
0
0
0
0
0
0
0
0
0
0
0
0
0
0
0
0
0
0
0
0
0
16.6778
0
0
0
0
0
0
0
0
0
0
0
0
0
0
0
0
0
0
0
0
0
0
0
0
0
0
0
0
0
0
0
0
0
0
0
0
0
0
0
0
0
0
0
0
0
0
0
0
0
0
0
0
0
0
0
0
-1.1109
-1.1007
-1.1077
-1.0866
-1.054
-1.065
-1.0878
-1.0554
-1.0542
-1.0875
-1.0803
-1.0426
-1.0715
-1.0605
-1.0687
0
0
0
0
0
0
0
0
0
0
0
0
0
0
0
0
0
0
0
0
0
0
0
0
0
0
0
0
0
0
0
0
0
0
0
0
0
0
0
0
0
0
0
0
0
16.1336
0
0
0
0
0
0
0
0
0
0
0
0
0
0
0
0
0
0
0
0
0
0
0
0
0
0
0
0
0
0
0
0
0
0
0
0
0
0
0
0
0
0
0
0
0
0
0
0
0
0
0
0
0
0
0
-1.1874
-1.1775
-1.1849
-1.1646
-1.1313
-1.1433
-1.1646
-1.1328
-1.1316
-1.1643
-1.1577
-1.1193
-1.1494
-1.1383
-1.1467
0
0
0
0
0
0
0
0
0
0
0
0
0
0
0
0
0
0
0
0
0
0
0
0
0
0
0
0
0
0
0
0
0
0
0
0
0
0
0
0
0
0
0
0
0
0
17.2939
0
0
0
0
0
0
0
0
0
0
0
0
0
0
0
0
0
0
0
0
0
0
0
0
0
0
0
0
0
0
0
0
0
0
0
0
0
0
0
0
0
0
0
0
0
0
0
0
0
0
0
0
0
0
-1.3807
-1.3692
-1.383
-1.3702
-1.3371
-1.3533
-1.365
-1.3387
-1.3374
-1.3647
-1.359
-1.3246
0
0
0
0
0
0
0
0
0
0
0
0
0
0
0
0
0
0
0
0
0
0
0
0
0
0
0
0
0
0
0
0
0
0
0
0
0
0
0
0
0
0
0
0
0
0
0
0
0
0
25.2678
0
0
0
0
0
0
0
0
0
0
0
0
0
0
0
0
0
0
0
0
0
0
0
0
0
0
0
0
0
0
0
0
0
0
0
0
0
-4.4925
0
-4.4925
0
0
0
0
0
0
0
0
0
0
0
0
0
-1.1067
-1.0989
-1.1075
-1.092
-1.0598
-1.0766
-1.0876
-1.0612
-1.06
-1.0873
-1.086
-1.048
-1.077
0
0
0
0
0
0
0
0
0
0
0
0
0
0
0
0
0
0
0
0
0
0
0
0
0
0
0
0
0
0
0
0
0
0
0
0
0
0
0
0
0
0
0
0
0
0
0
0
0
0
18.6013
0
0
0
0
0
0
0
0
0
0
0
0
0
0
0
0
0
0
0
0
0
0
0
0
0
0
0
0
0
0
-4.5527
0
0
0
0
0
0
0
0
0
0
0
0
0
0
0
0
0
0
0
0
0
-1.2303
-1.2201
-1.2276
-1.2061
-1.173
-1.1836
-1.2073
-1.1744
-1.1732
-1.207
-1.1998
-1.161
-1.191
0
0
0
0
0
0
0
0
0
0
0
0
0
0
0
0
0
0
0
0
0
0
0
0
0
0
0
0
0
0
0
0
0
0
0
0
0
0
0
0
0
0
0
0
0
0
0
0
0
0
0
15.5543
0
0
0
0
0
0
0
0
0
0
0
0
0
0
0
0
0
0
0
0
0
0
0
0
0
0
0
0
0
0
0
0
0
0
0
0
0
0
0
0
0
0
0
0
0
0
0
0
0
0
0
-1.1995
-1.1895
-1.1992
-1.1744
-1.1419
-1.1549
-1.1775
-1.1434
-1.1422
-1.1773
0
-1.1306
0
0
0
0
0
0
0
0
0
0
0
0
0
0
0
0
0
0
0
0
0
0
0
0
0
0
0
0
0
0
0
0
0
0
0
0
0
0
0
0
0
0
0
0
0
0
0
0
0
0
0
0
0
12.8305
0
0
0
0
0
0
0
0
0
0
0
0
0
0
0
0
0
0
0
0
0
0
0
0
0
0
0
0
0
0
0
0
0
0
0
0
0
0
0
0
0
0
0
0
0
0
0
0
0
0
-1.3142
-1.3042
-1.3134
-1.2906
-1.2575
-1.2687
-1.292
-1.259
-1.2578
-1.2917
0
-1.2451
0
0
0
0
0
0
0
0
0
0
0
0
0
0
0
0
0
0
0
0
0
0
0
0
0
0
0
0
0
0
0
0
0
0
0
0
0
0
0
0
0
0
0
0
0
0
0
0
0
0
0
0
0
0
14.0941
0
0
0
0
0
0
0
0
0
0
0
0
0
0
0
0
0
0
0
0
0
0
0
0
0
0
0
0
0
0
0
0
0
0
0
0
0
0
0
0
0
0
0
0
0
0
0
0
0
-1.6245
-1.6946
-1.7021
-1.6833
-1.6533
0
0
-1.6549
-1.6536
0
0
0
0
0
0
0
0
0
0
0
0
0
0
0
0
0
0
0
0
0
0
0
0
0
0
0
0
0
0
0
0
0
0
0
0
0
0
0
0
0
0
0
0
0
0
0
0
0
0
0
0
0
0
0
0
0
0
14.4282
0
0
0
0
0
0
0
0
-2.7619
0
0
0
0
0
0
0
0
0
0
0
0
0
0
0
0
0
0
0
0
0
0
0
0
0
0
0
0
0
0
0
0
0
0
0
0
0
0
0
-2.6586
-2.648
0
-2.6466
0
0
0
0
0
0
0
0
0
0
0
0
0
0
0
0
0
0
0
0
0
0
0
0
0
0
0
0
0
0
0
0
0
0
0
0
0
0
0
0
0
0
0
0
0
0
0
0
0
0
0
0
0
0
0
0
0
0
0
0
0
0
0
0
10.5252
0
0
0
0
0
0
0
0
0
-1.9455
0
0
0
0
0
0
0
0
0
0
0
0
0
0
0
0
0
0
0
0
0
0
0
0
0
0
0
0
0
-0.62654
0
0
0
0
0
0
0
-2.7288
-2.7178
-2.7232
-2.703
0
0
0
0
0
0
0
0
0
0
0
0
0
0
0
0
0
0
0
0
0
0
0
0
0
0
0
0
0
0
0
0
0
0
0
0
0
0
0
0
0
0
0
0
0
0
0
0
0
0
0
0
0
0
0
0
0
0
0
0
0
0
0
0
0
10.8726
0
0
0
0
0
0
0
0
0
0
0
0
0
0
0
0
0
0
0
0
0
0
0
0
0
0
0
0
0
0
0
0
0
0
0
0
0
0
0
0
0
0
0
0
0
0
0
0
0
0
0
0
0
0
0
0
0
0
0
0
0
0
0
0
0
0
0
0
0
0
0
0
0
0
0
0
0
0
0
0
0
0
0
0
0
0
0
0
0
0
0
0
0
0
0
0
0
0
0
0
0
0
0
0
0
0
0
0
0
0
0
0
0
0
0
0
12.8625
0
0
0
0
0
-4.1377
0
0
0
-4.757
0
0
-3.9678
0
0
0
0
0
0
0
0
0
0
0
0
0
0
0
0
0
0
0
0
0
0
0
0
0
0
0
0
0
0
0
0
0
0
0
0
0
0
0
0
0
0
0
0
0
0
0
0
0
0
0
0
0
0
0
0
-2.7168
0
0
0
0
0
0
0
0
0
0
0
0
0
0
0
0
0
0
0
0
0
0
0
0
0
0
0
-2.6116
0
0
0
0
0
0
0
0
0
0
0
0
0
0
0
0
0
0
9.8038
0
0
0
0
0
0
0
0
0
0
0
0
0
0
0
0
0
0
0
0
0
0
0
0
0
0
0
0
0
0
0
0
0
0
0
0
0
-4.4754
0
0
0
0
0
0
0
0
0
0
0
0
0
0
0
0
-3.511
0
0
0
0
-3.5427
0
0
0
0
0
0
0
0
0
0
0
0
0
0
0
0
0
0
0
0
0
0
0
0
0
0
0
0
0
0
0
0
0
0
0
0
0
0
0
0
0
0
0
0
0
0
0
0
0
0
0
0
0
0
0
0
11.7311
0
0
0
0
0
0
0
0
0
0
0
0
0
0
0
0
0
0
0
0
0
0
0
0
0
0
0
0
0
0
0
0
-4.6775
0
0
0
0
0
0
0
0
0
0
0
0
0
0
0
0
0
0
0
0
0
0
0
-1.6866
0
0
0
0
0
0
0
0
0
0
0
0
0
0
0
0
0
0
0
0
0
0
0
0
0
0
0
0
0
0
0
0
0
0
0
0
0
0
0
0
-1.6032
0
0
0
0
0
0
0
0
0
0
0
0
0
0
0
0
0
0
7.5594
0
0
0
0
0
0
0
0
0
0
0
0
0
0
0
0
0
0
0
0
0
0
0
0
0
0
0
0
0
0
0
0
0
0
0
0
0
0
0
0
0
-4.2696
-3.3557
-3.3428
0
-3.3206
0
0
0
0
0
0
0
0
0
0
0
0
0
0
0
0
0
0
0
0
0
0
0
0
0
0
0
0
0
0
0
0
0
0
0
0
0
0
0
0
0
0
0
0
0
0
0
0
0
0
0
0
0
0
0
0
0
0
0
0
0
0
0
0
0
0
0
0
0
0
10.0191
0
0
0
0
0
0
0
0
0
0
0
0
0
0
0
0
0
0
0
0
0
0
0
0
0
0
0
0
0
0
0
0
0
0
0
0
0
0
0
0
0
0
0
0
0
0
-3.9761
0
0
0
0
0
0
0
0
0
0
0
-3.9336
0
0
0
0
0
0
0
0
0
0
0
0
0
0
0
0
0
0
0
0
0
0
0
0
0
0
0
0
0
0
0
0
0
0
0
0
0
0
0
0
0
0
0
0
0
0
0
0
0
0
0
0
0
0
0
0
0
12.9086
0
0
0
0
0
0
0
0
0
0
0
0
0
0
0
0
0
-4.9989
0
0
0
0
0
0
0
0
0
0
0
0
0
0
0
0
0
0
0
0
0
0
-4.3494
0
0
0
0
0
0
0
0
0
0
0
0
0
0
0
0
0
0
0
0
0
0
0
0
0
0
0
0
0
0
0
0
0
0
0
0
0
0
0
0
0
0
0
0
0
0
0
0
0
0
0
0
0
0
0
0
0
0
0
0
0
0
0
0
0
0
-2.7619
0
0
-4.1377
0
0
0
0
0
11.2491
0
0
0
0
0
0
0
0
0
0
0
0
0
0
0
0
0
0
0
0
0
0
0
0
0
0
0
0
0
0
0
0
0
0
0
0
0
0
0
0
0
-2.3637
0
0
0
0
0
0
0
0
0
0
0
0
0
0
0
0
0
0
0
0
0
0
0
0
0
0
0
0
0
0
0
0
0
0
0
0
0
0
0
0
0
0
0
0
0
0
0
0
0
0
0
0
0
0
0
0
0
0
0
0
0
0
0
0
0
0
0
0
0
0
0
0
0
0
9.4851
0
-2.7437
0
0
0
0
0
0
0
0
0
0
0
0
0
0
0
0
0
0
0
0
0
0
0
0
0
0
0
0
0
0
-4.3777
0
0
0
0
0
0
0
0
0
0
0
0
0
0
0
0
0
0
0
0
0
0
0
0
0
0
-0.59198
0
0
0
0
0
0
0
0
0
0
0
0
0
0
0
0
0
0
0
0
0
0
0
0
0
0
0
0
0
0
0
0
0
0
0
0
0
0
0
0
0
0
0
0
0
0
-1.9455
0
0
0
0
0
0
0
0
0
7.2982
0
0
0
0
0
0
0
0
0
0
0
0
-4.7607
0
0
0
0
0
0
0
0
0
0
0
0
0
0
0
0
0
0
0
0
0
0
0
0
0
0
0
0
0
0
0
0
0
0
-3.7639
0
0
0
0
0
0
0
0
0
0
0
0
0
0
0
0
0
0
0
0
0
0
0
0
0
0
0
0
0
0
0
0
0
0
0
0
0
0
0
0
0
0
0
-3.2009
0
0
0
0
0
0
0
0
0
0
0
0
0
0
0
0
0
0
0
0
0
0
-2.7437
0
9.7085
0
0
0
0
0
0
0
0
0
0
0
0
0
0
0
0
0
0
0
0
0
0
0
0
0
0
0
0
0
0
0
0
0
0
0
0
0
0
0
0
0
0
0
0
0
0
0
0
0
0
0
0
0
0
0
0
0
0
0
0
0
0
0
0
0
0
0
0
0
0
0
0
0
0
0
0
0
0
0
0
0
0
0
0
0
-4.3151
0
0
0
0
0
0
0
0
0
0
0
0
0
0
0
0
0
0
0
0
-4.757
0
0
0
0
0
0
0
0
0
9.0721
0
0
0
0
0
0
0
0
0
0
0
0
0
0
0
0
0
0
0
0
0
0
0
0
0
0
0
0
0
0
0
0
0
0
0
0
-3.7988
0
0
0
0
0
0
0
0
0
0
0
0
0
0
0
0
0
0
0
0
0
0
0
0
0
0
0
0
0
0
0
0
0
0
0
0
0
0
0
0
0
0
0
0
0
0
0
0
0
0
0
0
0
0
0
0
0
0
0
0
0
0
0
0
0
0
0
0
0
0
0
0
0
0
0
0
0
0
0
7.767
0
-3.9682
0
0
0
0
0
0
0
0
0
0
0
0
0
0
0
0
0
0
0
0
0
0
0
0
0
0
0
0
0
0
0
0
-4.0387
-4.0501
0
0
0
0
0
0
0
0
0
0
0
0
0
0
0
0
0
0
0
0
0
0
0
0
0
0
0
0
0
0
0
0
0
0
0
0
0
0
0
0
0
0
0
0
0
0
0
0
0
0
0
0
0
0
0
0
0
0
0
0
0
0
0
0
0
0
0
0
0
0
0
0
0
0
0
0
0
0
0
0
8.0888
0
0
0
0
0
0
0
0
0
0
0
0
0
0
0
0
0
0
0
0
0
0
0
0
0
0
0
0
0
0
0
0
0
0
0
0
0
0
0
0
0
0
0
0
0
0
0
0
0
0
0
0
0
0
0
0
0
0
0
0
0
0
0
0
0
0
0
0
0
0
0
0
0
0
0
0
0
0
0
0
0
0
0
0
0
0
0
0
0
0
0
0
0
0
0
0
0
0
0
0
0
0
0
-3.9678
0
0
0
0
0
0
0
0
0
0
-3.9682
0
7.9359
0
0
0
0
0
0
0
0
0
0
0
0
0
0
0
0
0
0
0
0
0
0
0
0
0
0
0
0
0
0
0
0
0
0
-8.4158
0
0
0
0
0
0
0
0
0
0
0
0
0
0
0
0
0
0
0
0
0
0
0
0
0
0
0
0
0
0
0
0
0
0
0
0
0
0
0
0
0
0
0
0
0
0
0
0
0
0
0
0
0
0
0
0
0
0
0
0
0
0
0
0
0
0
0
0
0
0
0
0
0
0
0
0
0
0
0
0
0
8.4158
0
0
0
0
0
0
0
0
0
0
0
0
0
0
0
0
0
0
0
0
0
0
0
0
0
0
0
0
0
0
0
0
0
0
0
0
0
0
0
0
0
0
0
0
0
0
-8.3769
0
0
0
0
0
0
0
0
0
0
0
0
0
0
0
0
0
0
0
0
0
0
0
0
0
0
0
0
0
0
0
0
0
0
0
0
0
0
0
0
0
0
0
0
0
0
0
0
0
0
0
0
0
0
0
0
0
0
0
0
0
0
0
0
0
0
0
0
0
8.3769
0
0
0
0
0
0
0
0
0
0
0
0
0
0
0
0
0
0
0
0
0
0
0
0
0
0
0
0
0
0
0
0
0
0
0
0
0
0
0
-8.0286
0
0
0
0
0
0
0
0
0
0
0
0
0
0
0
0
0
0
0
0
0
0
0
0
0
0
0
0
0
0
0
0
0
0
0
0
0
0
0
0
0
0
0
0
0
0
0
0
0
0
0
0
0
0
0
0
0
0
0
0
0
0
0
0
0
0
0
0
0
0
0
0
0
0
0
0
8.0286
0
0
0
0
0
0
0
0
0
0
0
0
0
0
0
0
0
0
0
0
0
0
0
0
0
0
0
0
0
0
0
0
0
0
0
0
0
0
0
0
0
0
0
0
0
0
0
0
0
0
0
0
0
0
0
0
0
0
0
0
-6.6867
0
0
0
0
0
0
0
0
0
0
0
0
0
0
0
0
0
0
0
0
0
0
0
0
0
0
0
0
0
0
0
0
0
0
0
0
0
0
0
0
0
0
0
0
0
0
0
0
0
0
0
0
0
0
0
6.6867
0
0
0
0
0
0
0
0
0
0
0
0
0
0
0
0
0
0
0
0
0
0
0
0
0
0
0
0
0
-8.663
0
0
0
0
0
0
0
0
0
0
0
0
0
0
0
0
0
0
0
0
0
0
0
0
0
0
0
0
0
0
0
0
0
0
0
0
0
0
0
0
0
0
0
0
0
0
0
0
0
0
0
0
0
0
0
0
0
0
0
0
0
0
0
0
0
0
0
0
0
0
0
0
0
0
0
0
0
0
0
0
0
0
0
0
0
0
8.663
0
0
0
0
0
0
0
0
0
0
0
0
0
0
0
0
0
0
0
0
0
0
0
0
0
0
0
0
0
0
0
0
0
0
0
0
0
0
0
0
0
0
0
0
0
0
0
0
0
0
0
0
0
0
0
0
0
0
0
0
0
0
0
0
0
0
0
0
0
0
0
0
0
0
0
0
0
0
0
0
0
0
0
0
0
-4.7202
0
0
0
0
0
0
0
0
0
0
0
0
0
0
0
0
0
0
0
0
0
0
0
0
0
0
0
0
0
0
4.7202
0
0
0
0
0
0
0
0
0
0
0
0
0
0
0
0
0
0
0
0
0
0
0
0
0
0
0
0
0
0
0
0
0
0
0
0
0
0
0
0
0
0
0
0
0
0
0
0
0
0
0
0
0
0
0
0
0
0
0
0
0
0
0
0
0
0
0
0
0
0
0
0
0
0
0
0
0
0
-4.7857
0
0
0
0
0
0
0
0
0
0
0
0
0
0
0
0
0
0
0
0
0
0
0
0
0
0
0
0
0
0
0
0
0
0
0
0
0
4.7857
0
0
0
0
0
0
0
0
0
0
0
0
0
0
0
0
0
0
0
0
0
0
0
0
0
0
0
0
0
0
0
0
0
0
0
0
0
0
0
0
0
0
0
0
0
0
0
0
0
0
0
0
0
0
0
0
0
0
0
0
0
0
0
0
0
0
0
0
0
0
0
0
0
0
0
0
0
0
0
0
0
0
0
0
0
0
0
0
0
0
0
0
0
0
0
0
0
0
0
0
0
0
0
-4.7607
0
0
0
0
0
0
0
0
0
0
0
0
4.7607
0
0
0
0
0
0
0
0
0
0
0
0
0
0
0
0
0
0
0
0
0
0
0
0
0
0
0
0
0
0
0
0
0
0
0
0
0
0
0
0
0
0
0
0
0
0
0
0
0
0
0
0
0
0
0
-6.6867
0
0
0
0
0
0
0
0
0
0
0
0
0
0
0
0
0
0
0
0
0
0
0
0
0
0
0
0
0
0
0
0
0
0
0
0
0
0
0
0
0
0
0
0
0
0
0
0
0
0
0
0
0
0
0
0
0
0
0
0
6.6867
0
0
0
0
0
0
0
0
0
0
0
0
0
0
0
0
0
0
0
0
0
0
0
0
0
0
0
0
0
0
0
0
0
0
0
0
0
0
0
0
0
0
0
0
0
0
0
0
0
0
0
0
0
0
0
0
0
0
0
0
0
0
0
0
0
0
0
0
0
0
0
0
0
0
0
0
0
0
0
0
0
0
0
0
0
0
0
0
0
0
0
0
0
0
0
0
0
0
-4.9989
0
0
0
0
0
0
0
0
0
0
0
0
0
0
0
0
0
4.9989
0
0
0
0
0
0
0
0
0
0
0
0
0
0
0
0
0
0
0
0
0
0
0
0
0
0
0
0
0
0
0
0
0
0
0
0
0
0
0
0
0
0
0
0
0
0
0
0
0
0
0
0
0
0
0
0
0
0
0
0
0
0
0
0
0
0
0
0
0
0
0
0
0
0
0
0
0
0
0
0
0
0
0
0
0
-4.5527
0
0
0
0
0
0
0
0
0
0
0
0
0
0
0
0
0
0
0
0
0
0
0
0
0
0
0
0
0
0
4.5527
0
0
0
0
0
0
0
0
0
0
0
0
0
0
0
0
0
0
0
0
0
0
0
0
0
0
0
0
0
0
0
0
0
0
0
0
0
0
0
0
0
0
0
0
0
0
0
0
0
0
0
0
0
0
0
0
0
0
0
0
0
0
0
0
0
0
0
0
0
0
0
0
-4.9989
0
0
0
0
0
0
0
0
0
0
0
0
0
0
0
0
0
0
0
0
0
0
0
0
0
0
0
0
0
0
0
0
0
0
0
0
0
0
0
0
0
0
0
4.9989
0
0
0
0
0
0
0
0
0
0
0
0
0
0
0
0
0
0
0
0
0
0
0
0
0
0
0
0
0
0
0
0
0
0
0
0
0
0
0
0
0
0
0
0
0
0
0
0
0
0
0
0
0
0
0
0
0
0
0
0
0
-6.5526
0
0
0
0
0
0
0
0
0
0
0
0
0
0
0
0
0
0
0
0
0
0
0
0
0
0
0
0
0
0
0
0
0
0
0
0
0
0
0
0
0
0
0
0
0
0
0
0
0
0
0
0
0
0
6.5526
0
0
0
0
0
0
0
0
0
0
0
0
0
0
0
0
0
0
0
0
0
0
0
0
0
0
0
0
0
0
0
0
0
0
0
0
0
0
0
0
0
0
0
0
0
0
0
0
0
0
0
0
0
0
0
0
0
-6.7102
0
0
0
0
0
0
0
0
0
0
0
0
0
0
0
0
0
0
0
0
0
0
0
0
0
0
0
0
0
0
0
0
0
0
0
0
0
0
0
0
0
0
0
0
0
0
0
0
0
0
0
0
0
0
0
0
0
0
6.7102
0
0
0
0
0
0
0
0
0
0
0
0
0
0
0
0
0
0
0
0
0
0
0
0
0
0
0
0
0
0
0
0
0
0
0
0
0
0
0
0
0
0
0
0
0
0
0
0
0
0
-7.3509
0
0
0
0
0
0
0
0
0
0
0
0
0
0
0
0
0
0
0
0
0
0
0
0
0
0
0
0
0
0
0
0
0
0
0
0
0
0
0
0
0
0
0
0
0
0
0
0
0
0
0
0
0
0
0
0
0
0
0
0
0
0
0
0
0
7.3509
0
0
0
0
0
0
0
0
0
0
0
0
0
0
0
0
0
0
0
0
0
0
0
-8.0302
0
0
0
0
0
0
0
0
0
0
0
0
0
0
0
0
0
0
0
0
0
0
0
0
0
0
0
0
0
0
0
0
0
0
0
0
0
0
0
0
0
0
0
0
0
0
0
0
0
0
0
0
0
0
0
0
0
0
0
0
0
0
0
0
0
0
0
0
0
0
0
0
0
0
0
0
0
0
0
0
0
0
0
0
0
0
0
0
0
0
0
0
8.0302
0
0
0
0
0
0
0
0
0
0
0
0
0
0
0
0
0
0
0
0
0
0
0
0
0
0
0
0
0
0
0
0
0
0
0
0
0
0
0
0
0
0
0
0
0
0
0
0
0
0
0
0
0
0
0
0
0
0
0
0
0
0
0
0
0
0
0
0
0
0
0
0
0
0
0
0
0
0
-4.4925
0
0
0
0
0
0
0
0
0
0
0
0
0
0
0
0
0
0
0
0
0
0
0
0
0
0
0
0
0
0
0
0
0
0
0
0
0
4.4925
0
0
0
0
0
0
0
0
0
0
0
0
0
0
0
0
0
0
0
0
0
0
0
0
0
0
0
0
0
0
-8.3769
0
0
0
0
0
0
0
0
0
0
0
0
0
0
0
0
0
0
0
0
0
0
0
0
0
0
0
0
0
0
0
0
0
0
0
0
0
0
0
0
0
0
0
0
0
0
0
0
0
0
0
0
0
0
0
0
0
0
0
0
0
0
0
0
0
0
0
0
0
0
0
0
0
0
0
0
0
0
0
0
0
0
0
0
0
8.3769
0
0
0
0
0
0
0
0
0
0
0
0
0
0
0
0
0
0
0
0
0
0
0
0
0
0
0
0
0
0
0
0
0
0
0
0
0
0
0
0
0
0
0
0
0
0
0
0
0
0
0
0
0
0
0
0
0
0
0
0
0
0
0
0
0
0
0
0
0
0
0
0
0
0
0
0
-4.4925
0
0
0
0
0
0
0
0
0
0
0
0
0
0
0
0
0
0
0
0
0
0
0
0
0
0
0
0
0
0
0
0
0
0
0
0
0
0
0
4.4925
0
0
0
0
0
0
0
0
0
0
0
0
0
0
0
0
0
0
0
0
0
0
0
0
0
0
0
0
0
0
0
0
0
0
0
0
0
0
0
0
0
0
0
0
0
0
0
0
0
0
0
0
0
0
0
0
0
0
0
0
0
0
0
0
-4.9989
0
0
0
0
0
0
0
0
0
0
0
0
0
0
0
0
0
0
0
0
0
0
0
0
0
0
0
0
0
0
0
0
0
0
0
0
0
0
0
0
0
0
0
0
0
0
0
0
0
0
0
4.9989
0
0
0
0
0
0
0
0
0
0
0
0
0
0
0
0
0
0
0
0
0
0
0
0
0
0
0
0
0
0
0
0
0
0
0
0
0
0
0
0
0
0
0
0
0
0
0
0
0
0
0
0
0
0
0
0
0
0
-5.2645
0
0
0
0
0
0
0
0
0
0
0
0
0
0
0
0
0
0
0
0
0
0
0
0
0
0
0
0
0
0
0
0
0
0
0
0
0
0
0
0
0
0
0
0
0
0
0
0
0
0
0
0
0
0
0
0
0
5.2645
0
0
0
0
0
0
0
0
0
0
0
0
0
0
0
0
0
0
0
0
0
0
0
0
0
0
0
0
0
0
0
0
0
0
0
0
0
0
0
0
0
0
0
0
0
0
0
0
0
0
0
0
0
0
0
0
0
0
0
0
0
0
0
0
0
0
0
0
0
0
0
0
0
0
0
0
0
0
0
0
0
0
0
-4.6775
0
0
0
0
0
0
0
0
0
0
0
0
0
0
0
0
0
0
0
0
0
0
0
0
0
0
0
0
0
0
0
0
4.6775
0
0
0
0
0
0
0
0
0
0
0
0
0
0
0
0
0
0
0
0
0
0
0
0
0
0
0
0
0
0
0
0
0
0
0
0
0
0
0
0
0
0
0
-7.2098
0
0
0
0
0
0
0
0
0
0
0
0
0
0
0
0
0
0
0
0
0
0
0
0
0
0
0
0
0
0
0
0
0
0
0
0
0
0
0
0
0
0
0
0
0
0
0
0
0
0
0
0
0
0
0
0
0
0
0
0
0
0
0
0
0
0
0
0
0
0
0
0
7.2098
0
0
0
0
0
0
0
0
0
-8.6939
0
0
0
0
0
0
0
0
0
0
0
0
0
0
0
0
0
0
0
0
0
0
0
0
0
0
0
0
0
0
0
0
0
0
0
0
0
0
0
0
0
0
0
0
0
0
0
0
0
0
0
0
0
0
0
0
0
0
0
0
0
0
0
0
0
0
0
0
0
0
0
0
0
0
0
0
0
0
0
0
0
0
0
0
0
0
0
0
0
0
0
0
0
0
0
0
0
0
0
0
0
0
0
0
0
0
8.6939
0
0
0
0
0
0
0
0
0
0
0
0
0
0
0
0
0
0
0
0
0
0
0
0
0
0
0
0
0
0
0
0
0
0
0
0
0
0
0
0
0
0
0
0
0
0
0
0
0
0
0
0
0
0
0
0
0
0
0
0
0
0
0
0
0
0
0
0
0
0
0
0
0
0
0
0
-0.62654
0
0
0
0
0
0
0
0
0
0
0
0
0
0
0
0
0
0
0
0
0
0
0
0
0
0
0
0
0
0
0
0
0
0
0
0
0
0
0
0.62654
0
0
0
0
0
0
0
0
0
0
0
0
0
0
0
0
0
0
0
0
0
0
0
0
0
0
0
0
0
0
0
0
0
0
0
0
0
0
0
0
0
0
0
0
0
0
0
0
0
0
0
0
0
0
0
0
0
0
0
0
0
0
0
0
0
0
0
0
0
0
0
0
0
0
0
0
0
0
-4.4754
0
0
0
0
0
0
0
0
0
0
0
0
0
0
0
0
0
0
0
0
0
0
0
0
0
0
0
0
0
0
0
0
0
0
0
0
0
4.4754
0
0
0
0
0
0
0
0
0
0
0
0
0
0
0
0
0
0
0
0
0
0
0
0
0
0
0
0
0
0
0
0
0
0
0
0
0
0
0
0
0
0
0
0
0
0
0
0
0
0
0
0
0
0
0
0
0
0
0
0
0
0
0
0
0
0
0
0
0
0
0
0
0
0
0
0
0
0
0
0
0
0
0
-4.3777
0
0
0
0
0
0
0
0
0
0
0
0
0
0
0
0
0
0
0
0
0
0
0
0
0
0
0
0
0
0
0
0
4.3777
0
0
0
0
0
0
0
0
0
0
0
0
0
0
0
0
0
0
0
0
0
0
0
0
0
0
0
0
0
0
0
0
0
0
0
0
0
0
0
0
0
0
0
0
0
0
0
0
0
0
0
0
0
0
0
0
0
0
0
0
0
0
0
-4.7202
0
0
0
0
0
0
0
0
0
0
0
0
0
0
0
0
0
0
0
0
0
0
0
0
0
0
0
0
0
0
0
0
0
0
0
0
0
0
0
0
0
0
0
0
0
0
0
0
0
0
0
0
4.7202
0
0
0
0
0
0
0
0
0
0
0
0
0
0
0
0
0
0
0
0
0
0
0
0
0
0
0
0
0
0
0
0
0
0
0
0
0
0
0
0
0
0
0
0
0
0
0
0
0
0
0
-4.9735
0
0
0
0
0
0
0
0
0
0
0
0
0
0
0
0
0
0
0
0
0
0
0
0
0
0
0
0
0
0
0
0
0
0
0
0
0
0
0
0
0
0
0
0
0
0
0
0
0
0
0
0
0
0
0
0
0
0
0
0
0
0
0
0
4.9735
0
0
0
0
0
0
0
0
0
0
0
0
0
0
0
0
0
0
0
0
0
0
0
0
0
0
0
0
0
0
0
0
0
0
0
0
0
-7.2565
0
0
0
0
0
0
0
0
0
0
0
0
0
0
0
0
0
0
0
0
0
0
0
0
0
0
0
0
0
0
0
0
0
0
0
0
0
0
0
0
0
0
0
0
0
0
0
0
0
0
0
0
0
0
0
0
0
0
0
0
0
0
0
0
0
0
0
0
0
0
0
0
0
0
0
0
0
0
7.2565
0
0
0
0
0
0
0
0
0
0
0
0
0
0
0
0
0
0
0
0
0
0
0
0
0
0
0
0
0
0
0
0
0
0
0
0
0
0
0
0
0
0
0
0
0
0
0
0
0
0
0
0
0
0
0
-4.6238
0
0
0
0
0
0
0
0
0
0
0
0
0
0
0
0
0
0
0
0
0
0
0
0
0
0
0
0
0
0
0
0
0
0
0
0
0
0
0
0
0
0
0
0
0
0
0
0
0
0
0
0
0
0
0
0
0
0
0
0
4.6238
0
0
0
0
0
0
0
0
0
0
0
0
0
0
0
0
0
0
0
0
0
0
0
0
0
0
0
0
0
0
0
0
0
0
0
0
0
0
0
0
0
0
0
0
0
0
0
0
0
0
0
0
0
0
0
0
0
0
0
0
0
0
0
0
0
0
0
0
0
0
0
0
0
0
-4.2696
0
0
0
0
0
0
0
0
0
0
0
0
0
0
0
0
0
0
0
0
0
0
0
0
0
0
0
0
0
0
0
0
0
0
0
0
0
0
0
0
0
4.2696
