1
0.97096
0.95626
0.94899
0.94409
0.94039
0.93721
0.93438
0.93194
0.92968
0.92777
0.92185
0.91648
0.91162
0.90725
0.90328
0.89957
0.89593
0.89227
0.88854
0.8847
0.88071
0.87663
0.87255
0.86849
0.86458
0.86077
0.8571
0.85348
0.84993
0.84634
0.84277
0.83919
0.8357
0.83233
0.82913
0.82609
0.8232
0.82042
0.81773
0.8151
0.81252
0.80997
0.80746
0.80497
0.80251
0.8001
0.79774
0.79544
0.79319
0.79101
0.78889
0.78683
0.78484
0.78291
0.78103
0.77921
0.77745
0.77574
0.77407
0.77245
0.77086
0.7693
0.76777
0.76626
0.76477
0.76329
0.76182
0.76038
0.75897
0.75759
0.75626
0.75497
0.75372
0.7525
0.75132
0.75017
0.74904
0.74793
0.74684
0.74577
0.7447
0.74364
0.74259
0.74153
0.74047
0.7394
0.73832
0.73723
0.73612
0.73499
0.73384
0.73267
0.73147
0.73024
0.72899
0.7277
0.72638
0.72504
0.72366
0.72227
0.72084
0.7194
0.71793
0.71645
0.71495
0.71343
0.71189
0.71034
0.70877
0.70719
0.70561
0.70403
0.70247
0.70094
0.69945
0.69801
0.69662
0.69529
0.69401
0.69279
0.69161
0.69047
0.68938
0.68833
0.68732
0.68635
0.68541
0.68451
0.68363
0.68279
0.68197
