1
0.96474
0.95458
0.94855
0.94346
0.93912
0.93492
0.93161
0.92872
0.92643
0.92019
0.91457
0.90975
0.90543
0.90172
0.89842
0.89554
0.89296
0.89066
0.88856
0.88662
0.88479
0.88306
0.8814
0.87981
0.87829
0.87683
0.8754
0.87398
0.87255
0.87106
0.86949
0.8678
0.86602
0.86416
0.86229
0.86044
0.85864
0.8569
0.85522
0.85358
0.85199
0.85043
0.8489
0.84741
0.84595
0.84452
0.84315
0.84181
0.84051
0.83926
0.83804
0.83685
0.83571
0.83461
0.83356
0.83255
0.83159
0.83067
0.8298
0.82897
0.82818
0.82742
0.82669
0.82597
0.82527
0.82457
0.82387
0.82316
0.82243
0.82168
0.8209
0.82009
0.81923
0.81833
0.81739
0.8164
0.81536
0.81428
0.81314
0.81197
0.81075
0.8095
0.80821
0.80689
0.80556
0.80421
0.80287
0.80152
0.80019
0.79888
0.7976
0.79634
0.79511
0.79392
0.79276
0.79164
0.79055
0.7895
0.78849
0.78751
0.78656
0.78565
0.78477
0.78392
0.78309
0.78228
0.78149
0.78071
0.77994
0.77918
0.77841
0.77764
0.77686
0.77606
0.77525
0.77442
0.77356
0.77267
0.77175
0.7708
0.76982
0.76881
0.76776
0.76669
