1
0.9795
0.97169
0.96756
0.96484
0.96303
0.96168
0.95874
0.95621
0.9538
0.95163
0.94946
0.94747
0.94546
0.94357
0.9417
0.93991
0.93814
0.93643
0.93474
0.93309
0.93145
0.92981
0.92817
0.92651
0.92485
0.92319
0.92154
0.9199
0.91827
0.91665
0.91502
0.91338
0.91176
0.91017
0.90862
0.90712
0.90569
0.9043
0.90298
0.90171
0.90049
0.89931
0.89818
0.8971
0.89606
0.89506
0.89409
0.89315
0.89224
0.89136
0.89049
0.88964
0.88881
0.88799
0.88719
0.88639
0.8856
0.88481
0.88404
0.88326
0.8825
0.88173
0.88098
0.88023
0.87949
0.87876
0.87803
0.87731
0.87661
0.87591
0.87522
0.87454
0.87386
0.87319
0.87253
0.87188
0.87123
0.87059
0.86995
0.86933
0.86871
0.8681
0.8675
0.86691
0.86633
0.86576
0.86518
0.86462
0.86405
0.86348
0.86292
0.86236
0.8618
0.86124
0.86068
0.86012
0.85957
0.85902
0.85848
0.85793
0.85739
0.85685
0.85631
0.85577
0.85522
0.85468
0.85414
0.8536
0.85306
0.85252
0.85199
0.85145
0.85092
0.8504
0.84987
0.84936
0.84884
0.84833
0.84783
0.84732
0.84683
0.84633
0.84584
0.84535
0.84486
0.84437
0.8439
0.84342
0.84295
0.84249
0.84203
0.84157
0.84111
0.84065
0.84019
0.83973
0.83928
0.83882
0.83837
0.83791
0.83745
0.837
0.83655
0.83609
0.83564
0.83519
0.83473
0.83428
0.83383
0.83338
0.83293
0.83248
0.83204
0.83159
0.83114
0.8307
0.83025
0.82981
0.82936
0.82891
0.82846
0.82801
0.82756
0.82711
0.82666
0.82621
0.82576
0.82531
0.82485
0.8244
0.82395
0.8235
0.82304
0.82259
0.82213
0.82167
0.82121
0.82075
0.82029
0.81983
0.81937
0.81891
0.81845
0.81799
0.81754
0.81709
0.81664
0.81619
0.81575
0.8153
0.81486
0.81442
0.81397
0.81353
0.81309
0.81265
0.81221
0.81177
0.81133
