1
0.95159
0.92332
0.90329
0.88705
0.8736
0.86252
0.85357
0.84681
0.84148
0.83772
0.83471
0.83266
0.83097
0.82975
0.8287
0.8279
0.82716
0.8266
0.82606
0.82567
0.82528
0.82502
0.82476
0.82466
0.82455
0.8246
0.82463
0.82476
0.82483
0.82493
0.8109
0.79862
0.78745
0.77711
0.76712
0.75753
0.74829
0.7392
0.7299
0.72042
0.71125
0.70274
0.69494
0.68781
0.68126
0.67518
0.66945
0.66396
0.65865
0.65349
0.64848
0.64361
0.63893
0.63446
0.63024
0.62629
0.62259
0.61911
0.61581
0.61258
0.60929
0.60574
0.60175
0.59734
0.59285
0.58857
0.58458
0.58081
0.57721
0.57376
0.57051
0.56754
0.56488
0.5625
0.56033
0.55827
0.55624
0.55421
0.55218
0.5502
0.54835
0.54666
0.54518
0.54388
0.54274
0.54175
0.54087
0.54007
0.53932
0.53859
0.53786
0.53711
0.53634
0.53553
0.53465
0.5337
0.53266
0.53151
0.53023
0.52876
0.52707
0.5251
0.52279
0.52014
0.51718
0.51405
0.51093
0.50796
0.50519
0.50261
0.5002
0.4979
0.49572
0.49362
0.49161
0.48969
0.48787
0.48615
0.48455
0.48305
0.48167
0.48039
0.47921
0.4781
0.47707
0.4761
0.47518
0.4743
0.47346
0.47262
0.4718
0.47096
0.47011
0.46922
0.46828
0.46729
0.46624
0.46514
0.46401
0.46291
0.46186
0.46092
0.46011
0.45946
0.45897
0.45861
0.45837
0.45823
0.45816
0.45816
0.45819
0.45826
0.45835
0.45844
0.45854
0.45863
0.45872
0.45879
0.45885
0.45889
0.4589
0.45889
0.45885
0.45878
0.45868
0.45856
0.45839
0.4582
0.45798
0.45772
0.45742
0.45708
0.4567
0.45628
0.45582
0.4553
0.45472
0.45407
0.45336
0.45256
0.45169
0.45074
0.4497
0.4486
0.44745
0.44626
0.44507
0.4439
0.44277
0.4417
0.44071
0.4398
0.43897
0.43822
0.43754
0.43693
0.43638
0.43589
0.43544
0.43504
0.43468
0.43435
0.43405
0.43378
0.43353
0.43331
0.4331
0.43291
0.43274
0.43258
0.43244
0.4323
0.43218
0.43207
0.43196
0.43186
0.43177
0.43168
0.4316
0.43153
0.43146
0.43139
0.43132
0.43126
0.4312
0.43114
0.43109
0.43104
0.43099
0.43094
0.43089
0.43084
0.43079
0.43075
0.4307
0.43066
0.43061
0.43057
0.43052
0.43048
0.43044
0.43039
0.43035
0.43031
0.43027
0.43024
0.4302
0.43016
0.43012
0.43008
0.43004
0.43001
0.42997
0.42994
0.4299
0.42987
0.42983
0.42979
0.42976
0.42972
0.42969
0.42965
0.42962
0.42958
0.42954
0.42951
0.42947
0.42944
0.4294
0.42936
0.42932
0.42928
0.42925
0.42921
0.42917
0.42913
0.42909
0.42906
0.42902
0.42898
0.42895
0.42891
0.42887
0.42883
0.42879
0.42875
0.42871
0.42868
0.42864
0.4286
0.42856
0.42852
0.42849
0.42845
0.42841
0.42837
0.42833
0.42829
0.42824
0.4282
0.42816
0.42811
0.42807
0.42802
0.42797
0.42792
0.42786
0.4278
0.42774
0.42768
0.42762
0.42755
0.42748
0.42741
0.42733
0.42725
0.42716
0.42708
0.42698
0.42689
0.42679
0.42669
0.42658
0.42647
0.42636
0.42625
0.42613
0.42601
0.42589
0.42576
0.42563
0.4255
0.42537
0.42523
0.42509
0.42495
0.42481
0.42467
0.42453
0.42439
0.42424
0.4241
0.42395
0.42381
0.42367
0.42352
0.42338
0.42324
0.42309
0.42295
0.4228
0.42266
0.42252
0.42237
0.42223
0.42209
0.42195
0.42181
0.42167
0.42153
0.42139
0.42125
0.42111
0.42097
0.42083
0.42069
0.42055
0.42041
0.42027
0.42013
0.41999
0.41985
0.41971
0.41957
0.41943
0.41929
0.41915
0.41901
0.41886
0.41872
0.41858
0.41844
0.41829
0.41815
0.41801
0.41786
0.41772
0.41757
0.41743
0.41728
0.41714
0.41699
0.41685
0.4167
0.41655
0.4164
0.41626
0.41611
0.41596
0.41581
0.41566
0.41552
0.41537
0.41521
0.41507
0.41492
0.41477
0.41462
0.41447
0.41432
0.41417
0.41402
0.41387
0.41372
0.41357
0.41342
0.41327
0.41312
0.41297
0.41282
0.41268
0.41253
0.41238
0.41223
0.41208
0.41194
0.41179
0.41164
0.4115
0.41135
0.41121
0.41106
0.41092
0.41078
0.41064
0.4105
0.41036
0.41022
0.41009
0.40995
0.40982
0.40968
0.40955
0.40942
0.40929
0.40917
0.40904
0.40891
0.40879
0.40867
0.40855
0.40844
0.40832
0.4082
0.40809
0.40798
0.40787
0.40776
0.40765
0.40754
0.40744
0.40733
0.40723
0.40713
0.40703
0.40693
0.40683
0.40673
0.40664
0.40655
0.40646
0.40636
0.40627
0.40618
0.40609
0.40601
0.40592
0.40583
0.40575
0.40567
0.40559
0.40551
0.40543
0.40535
0.40528
0.4052
0.40512
0.40505
0.40498
0.40491
0.40484
0.40477
0.4047
0.40463
0.40456
0.4045
0.40443
0.40437
0.4043
0.40424
0.40418
0.40412
0.40406
0.404
0.40394
0.40388
0.40382
0.40376
0.40371
0.40365
0.40359
0.40354
0.40348
0.40342
0.40337
0.40332
0.40326
0.40321
0.40315
0.4031
0.40305
0.403
0.40295
0.4029
0.40284
0.40279
0.40274
0.40269
0.40265
0.4026
0.40255
0.4025
0.40246
0.40241
0.40236
0.40232
0.40227
0.40223
0.40218
0.40214
0.40209
0.40205
0.402
0.40196
0.40192
0.40187
0.40183
0.40178
0.40174
0.4017
0.40165
0.40161
0.40157
0.40153
0.40149
0.40144
0.4014
0.40136
0.40132
0.40128
0.40124
0.4012
0.40116
0.40112
0.40108
0.40105
0.40101
0.40098
0.40094
0.4009
0.40087
0.40083
0.4008
0.40077
0.40074
0.40071
0.40067
0.40064
0.40061
0.40058
0.40054
0.40052
0.40049
0.40046
0.40043
0.4004
0.40037
0.40034
0.40031
0.40029
0.40026
0.40023
0.4002
0.40018
0.40015
0.40012
0.40009
0.40006
0.40003
0.4
0.39997
0.39995
0.39992
0.39989
0.39986
0.39983
0.3998
0.39977
0.39974
0.39972
0.39969
0.39966
0.39963
0.3996
0.39957
0.39954
0.39951
0.39948
0.39945
0.39942
0.3994
0.39937
0.39934
0.39931
0.39928
0.39925
0.39922
0.3992
0.39917
0.39914
0.39911
0.39908
0.39906
0.39903
0.399
0.39897
0.39894
0.39892
0.39889
0.39886
0.39883
0.39881
0.39878
0.39875
0.39873
0.3987
0.39867
0.39864
0.39862
0.39859
0.39856
0.39853
0.39851
0.39848
0.39846
0.39843
0.3984
0.39837
0.39834
0.39832
0.39829
0.39827
0.39824
0.39821
0.39819
0.39816
0.39814
0.39811
0.39808
0.39805
0.39803
0.398
0.39797
0.39794
0.39792
0.39789
0.39786
0.39783
0.39781
0.39778
0.39775
0.39773
0.3977
0.39767
0.39764
0.39762
0.39759
0.39756
0.39753
0.3975
0.39747
0.39744
0.39741
0.39738
0.39736
0.39733
0.3973
0.39727
0.39724
0.39721
0.39718
0.39715
0.39712
0.39709
0.39707
0.39704
0.39701
0.39698
0.39695
0.39692
0.39689
0.39686
0.39683
0.3968
0.39677
0.39674
0.39671
0.39667
0.39664
0.39661
0.39658
0.39655
0.39652
0.39649
0.39646
0.39643
0.39639
0.39636
0.39633
0.3963
0.39627
0.39623
0.3962
0.39617
0.39614
0.39611
0.39607
0.39604
0.39601
0.39598
0.39595
0.39591
0.39588
0.39585
0.39582
0.39579
0.39576
0.39573
0.3957
0.39567
