1
0.95309
0.93326
0.91913
0.91056
0.90444
0.8972
0.89195
0.87898
0.86548
0.85162
0.84055
0.83292
0.82757
0.82286
0.81751
0.81121
0.80496
0.79995
0.7965
0.79415
0.79247
0.7912
0.7901
0.78886
0.78723
0.78518
0.78276
0.77983
0.77668
0.77418
0.77295
0.77305
0.77421
0.77617
0.77875
0.7818
0.78512
0.78852
0.79182
0.79483
0.79748
0.7997
0.80149
0.80289
0.80406
0.80517
0.80642
0.80793
0.80981
0.8121
0.81481
0.8179
0.82132
0.82501
0.82893
0.83302
0.83723
0.84154
0.8459
0.85027
0.85464
0.85899
0.8633
0.86755
0.87174
0.87586
0.87989
0.88385
0.88773
0.89155
0.89531
0.89903
0.9027
0.90633
0.90993
0.91348
0.917
0.92046
0.92388
0.92725
0.93055
0.9338
0.93699
0.94011
0.94316
0.94613
0.94902
0.95181
0.95449
0.95705
0.95948
0.96178
0.96393
0.96595
0.96782
0.96957
0.97119
0.9727
0.97411
0.97543
0.97667
0.97783
0.97891
0.97991
0.98083
0.98167
0.98242
0.98307
0.98362
0.98405
0.98437
0.98455
0.98461
0.98453
0.9843
0.98394
0.98345
0.98284
0.98212
0.9813
0.98041
0.97947
0.9785
0.97753
0.97658
0.97565
0.97477
0.97395
0.97318
0.97248
0.97184
0.97128
0.97077
0.97033
0.96996
0.96964
0.96938
0.96918
0.96902
0.96891
0.96884
0.96881
0.96881
0.96884
0.96889
0.96896
0.96905
0.96915
0.96926
0.96938
0.96952
0.96967
0.96984
0.97003
0.97025
0.9705
0.97078
0.9711
0.97146
0.97184
0.97227
0.97272
0.97321
0.97373
0.97426
0.97482
0.97539
0.97598
0.97657
0.97718
0.97778
0.97839
0.97899
0.97958
0.98017
0.98075
0.98132
0.98188
0.98241
0.98294
0.98345
0.98395
0.98442
0.98489
0.98534
0.98577
0.9862
0.98661
0.98701
0.98741
0.9878
0.98819
0.98858
0.98897
0.98938
0.98981
0.99026
0.99075
0.99127
0.99183
0.99244
0.99309
0.99379
0.99454
0.99534
0.99617
0.99705
0.99796
0.9989
0.99987
1.0009
1.0019
1.0029
1.004
1.0051
1.0061
1.0072
1.0083
1.0095
1.0106
1.0117
1.0128
1.0139
1.015
1.0162
1.0173
1.0183
1.0194
1.0205
1.0215
1.0226
1.0236
1.0246
1.0256
1.0266
1.0276
1.0286
1.0296
1.0306
1.0315
1.0325
1.0335
1.0344
1.0354
1.0363
1.0373
1.0382
1.0392
1.0401
1.041
1.042
1.0429
1.0438
1.0447
1.0456
1.0465
1.0474
1.0483
1.0492
1.0501
1.051
1.0519
1.0528
1.0537
1.0545
1.0554
1.0562
1.0571
1.0579
1.0587
1.0596
1.0604
1.0612
1.062
1.0628
1.0635
1.0643
1.0651
1.0658
1.0666
1.0673
1.0681
1.0688
1.0695
1.0703
1.071
1.0717
1.0724
1.0731
1.0738
1.0744
1.0751
1.0758
1.0764
1.0771
1.0777
1.0784
1.079
1.0796
1.0803
1.0809
1.0815
1.0821
1.0827
1.0833
1.0838
1.0844
1.0849
1.0855
1.086
1.0866
1.0871
1.0876
1.0881
1.0886
1.089
1.0895
1.0899
1.0903
1.0907
1.0911
1.0914
1.0918
1.0921
1.0923
1.0926
1.0928
1.0931
1.0932
1.0934
1.0936
1.0937
1.0938
1.0939
1.094
1.094
1.0941
1.0941
1.0942
1.0942
1.0943
1.0944
1.0945
1.0946
1.0947
1.0948
1.095
1.0952
1.0954
1.0957
1.096
1.0963
1.0966
1.097
1.0974
1.0978
1.0982
1.0987
1.0991
1.0996
1.1001
1.1007
1.1012
1.1017
1.1023
1.1029
1.1035
1.1041
1.1047
1.1053
1.1059
1.1065
1.1072
1.1078
1.1085
1.1091
1.1098
1.1104
1.1111
1.1118
1.1124
1.1131
1.1138
1.1145
1.1151
1.1158
1.1165
1.1172
1.1179
1.1185
1.1192
1.1199
1.1205
1.1212
1.1218
1.1225
1.1231
1.1238
1.1244
1.125
1.1256
1.1262
1.1268
1.1274
1.128
1.1286
1.1292
1.1297
1.1303
1.1308
1.1314
1.1319
1.1324
1.133
1.1335
1.134
1.1345
1.135
1.1354
1.1359
1.1364
1.1368
1.1373
1.1377
1.1381
1.1386
1.139
1.1394
1.1398
1.1401
1.1405
1.1409
1.1412
1.1415
1.1419
1.1422
1.1424
1.1427
1.143
1.1432
1.1434
1.1436
1.1438
1.144
1.1441
1.1442
1.1443
1.1444
1.1445
1.1445
1.1445
1.1446
1.1446
1.1446
1.1446
1.1446
1.1447
1.1447
1.1448
1.1449
1.145
1.1451
1.1453
1.1455
1.1457
1.1459
1.1461
1.1464
1.1467
1.1469
1.1472
1.1475
1.1479
1.1482
1.1485
1.1488
1.1492
1.1495
1.1498
1.1502
1.1505
1.1509
1.1512
1.1515
1.1518
1.1522
1.1525
1.1528
1.1531
1.1534
1.1538
1.1541
1.1544
1.1547
1.1549
1.1552
1.1555
1.1558
1.1561
1.1563
1.1566
1.1568
1.1571
1.1573
1.1576
1.1578
1.158
1.1582
1.1584
1.1586
1.1588
1.159
1.1592
1.1594
1.1595
1.1597
1.1599
1.16
1.1601
1.1603
1.1604
1.1605
1.1606
1.1608
1.1609
1.161
1.1611
1.1612
1.1613
1.1614
1.1616
1.1617
1.1618
1.1619
1.1621
1.1622
1.1624
1.1626
1.1627
1.1629
1.1631
1.1633
1.1636
1.1638
1.164
1.1643
1.1645
1.1648
1.165
1.1653
1.1656
1.1659
1.1662
1.1665
1.1668
1.1671
1.1674
1.1677
1.1681
1.1684
1.1687
1.1691
1.1694
1.1697
1.1701
1.1704
1.1708
1.1711
1.1715
1.1718
1.1722
1.1726
1.1729
1.1733
1.1736
1.174
1.1744
1.1747
1.1751
1.1755
1.1758
1.1762
1.1766
1.1769
1.1773
1.1777
1.178
1.1784
1.1788
1.1791
1.1795
1.1799
1.1802
1.1806
1.181
1.1813
1.1817
1.1821
1.1825
1.1828
1.1832
1.1836
1.1839
1.1843
1.1846
1.185
1.1854
1.1857
1.1861
1.1865
1.1868
1.1872
1.1875
1.1879
1.1882
1.1886
1.1889
1.1893
1.1896
1.19
1.1903
1.1907
1.191
1.1914
1.1917
1.192
1.1924
1.1927
1.193
1.1933
1.1937
1.194
1.1943
1.1946
1.1949
1.1952
1.1955
1.1958
1.1961
1.1964
1.1967
1.197
1.1972
1.1975
1.1978
1.198
1.1983
1.1985
1.1988
1.199
1.1992
1.1995
1.1997
1.1999
1.2001
1.2003
1.2005
1.2007
1.2009
1.201
1.2012
1.2014
1.2015
1.2016
1.2018
1.2019
1.202
1.2022
1.2023
1.2024
1.2025
1.2026
1.2026
1.2027
1.2028
1.2028
1.2029
1.2029
1.203
1.203
1.203
1.203
1.2031
1.2031
1.2031
1.2031
1.203
1.203
1.203
1.203
1.2029
1.2029
1.2028
1.2028
1.2027
1.2027
1.2026
1.2025
1.2025
1.2024
1.2023
1.2022
1.2021
1.202
1.2019
1.2018
1.2017
1.2016
1.2015
1.2013
1.2012
1.2011
1.201
1.2008
1.2007
1.2006
1.2004
1.2003
1.2002
1.2
1.1999
1.1997
1.1996
1.1994
1.1993
1.1991
1.199
1.1988
1.1987
1.1985
1.1984
1.1982
1.1981
1.1979
1.1977
1.1976
1.1974
1.1973
1.1971
1.197
1.1968
1.1967
1.1965
1.1964
1.1962
1.1961
1.1959
1.1958
1.1956
1.1955
