1
0.95795
0.93857
0.92716
0.91841
0.90621
0.89548
0.88601
0.87742
0.86955
0.86225
0.85542
0.84899
0.84289
0.8371
0.83157
0.8263
0.82125
0.8164
0.81175
0.80729
0.80301
0.79888
0.79489
0.79101
0.78723
0.78354
0.77994
0.77642
0.77297
0.76959
0.76629
0.76307
0.75993
0.75687
0.75387
0.75094
0.74806
0.74524
0.74249
0.73982
0.73723
0.73472
0.73229
0.72994
0.72764
0.72539
0.72318
0.72098
0.71878
0.71657
0.71432
0.71205
0.70974
0.7074
0.70503
0.70262
0.7002
0.69775
0.69529
0.69282
0.69034
0.68786
0.68537
0.68287
0.68038
0.67787
0.67537
0.67287
0.67037
0.66788
0.66539
0.66289
0.66039
0.65787
0.65534
0.65279
0.65023
0.64767
0.6451
0.64252
0.63995
0.63738
0.63482
0.63226
0.62972
0.62719
0.62467
0.62217
0.61969
0.61722
0.61477
0.61233
0.60991
0.60751
0.60512
0.60275
0.60039
0.59806
0.59576
0.59347
0.59122
0.58898
0.58675
0.58455
0.58235
0.58015
0.57797
0.57579
0.57361
0.57145
0.56929
0.56715
0.56503
0.56292
0.56082
0.55874
0.55668
0.55463
0.5526
0.55059
0.54859
0.5466
0.54464
0.54269
0.54076
0.53885
0.53696
0.53509
0.53324
0.53141
0.5296
0.52781
0.52604
0.52429
0.52256
0.52085
0.51914
0.51745
0.51577
0.5141
0.51243
0.51078
0.50913
0.50748
0.50585
0.50422
0.5026
0.50099
