1
0.93536
0.92605
0.9177
0.90963
0.90209
0.89722
0.89391
0.89042
0.88761
0.88593
0.88404
0.8832
0.88172
0.88116
0.8744
0.86841
0.86258
0.85715
0.85187
0.84692
0.84211
0.83757
0.83318
0.82908
0.82517
0.82158
0.81814
0.81492
0.81173
0.80866
0.80557
0.80257
0.79959
0.79672
0.79388
0.79116
0.7885
0.78596
0.78351
0.7812
0.77903
0.77706
0.77527
0.77367
0.77224
0.77094
0.76972
0.76854
0.76736
0.76617
0.76495
0.76372
0.76246
0.76117
0.75985
0.7585
0.7571
0.75566
0.75418
0.75265
0.75109
0.7495
0.74789
0.74627
0.74464
0.74304
0.74145
0.7399
0.73841
0.73697
0.73561
0.73434
0.73315
0.73204
0.731
0.73004
0.72914
0.72833
0.7276
0.72696
0.7264
0.72593
0.72553
0.72517
0.72484
0.72453
0.72423
0.72391
0.72358
0.72322
0.72284
