1
0.95688
0.94638
0.93912
0.93578
0.93296
0.93132
0.92988
0.92603
0.92529
0.92474
0.92419
0.9236
0.92325
0.92279
0.9225
0.91914
0.91588
0.9127
0.90964
0.90668
0.90382
0.90103
0.89834
0.89572
0.89316
0.89061
0.88809
0.88555
0.88303
0.8805
0.87804
0.87559
0.87323
0.87091
0.86866
0.86646
0.86434
0.86227
0.86029
0.85841
0.85662
0.85494
0.85336
0.85188
0.85049
0.84919
0.84797
0.84684
0.84578
0.8448
0.84388
0.84304
0.84228
0.84161
0.84104
0.8406
0.8403
0.84014
0.84012
0.84023
0.84045
0.84077
0.84115
0.84158
0.84202
0.84247
0.8429
0.8433
0.84367
0.84398
0.84425
0.84447
0.84463
0.84472
0.84475
0.84472
0.84461
0.84443
0.84418
0.84386
0.84347
0.84303
0.84254
0.84202
0.84149
0.84096
0.84045
0.83996
0.83951
0.83909
0.8387
0.83836
0.83804
0.83775
0.83748
0.83724
0.83701
0.8368
0.83662
0.83645
0.8363
0.83619
0.83609
0.83603
0.836
0.836
0.83602
0.83608
0.83617
0.83628
0.83642
0.83658
0.83676
0.83696
0.83717
0.8374
