1
0.97148
0.96208
0.95615
0.95311
0.9504
0.94875
0.94755
0.94653
0.94563
0.945
0.94439
0.944
0.94125
0.93882
0.93661
0.93458
0.93263
0.93078
0.929
0.92731
0.92566
0.92407
0.92253
0.92104
0.91961
0.91821
0.91685
0.91552
0.91422
0.91297
0.91175
0.91057
0.90943
0.90833
0.90727
0.90624
0.90523
0.90426
0.90331
0.90238
0.90149
0.90061
0.89977
0.89894
0.89813
0.89734
0.89657
0.89581
0.89507
0.89435
0.89365
0.89297
0.8923
0.89164
0.891
0.89036
0.88972
0.88909
0.88847
0.88784
0.88722
0.8866
0.88598
0.88536
0.88475
0.88413
0.88351
0.88289
0.88227
0.88166
0.88104
0.88041
0.87979
0.87916
0.87853
0.87789
0.87725
0.87661
0.87597
0.87533
0.87469
0.87404
0.8734
0.87275
0.87211
0.87147
0.87083
0.8702
0.86957
0.86894
0.86832
0.8677
0.86709
0.86648
0.86588
0.86528
0.86469
0.8641
0.86352
0.86294
0.86236
0.86178
0.86121
0.86063
0.86005
0.85948
0.85891
0.85833
0.85777
0.85721
0.85665
0.8561
0.85556
0.85503
0.8545
0.85398
0.85347
0.85297
0.85248
0.85199
0.85151
0.85103
0.85056
0.85009
0.84963
0.84917
0.84871
0.84825
0.8478
0.84735
0.8469
0.84645
0.84601
0.84557
0.84514
0.8447
0.84427
0.84384
0.8434
0.84297
0.84252
0.84208
0.84163
0.84117
0.84071
0.84024
0.83977
0.83929
0.83879
0.83829
0.83778
0.83727
0.83674
0.8362
0.83565
