1
0.9747
0.97514
0.98539
0.99692
1.001
1.0048
1.0093
1.0147
1.019
1.0216
1.0198
1.0161
1.0179
1.0251
1.0298
1.0332
1.0393
1.0459
1.0502
1.0523
1.0564
1.0642
1.0746
1.0862
1.0983
1.1106
1.1228
1.1349
1.1467
1.1582
1.1694
1.1802
1.1907
1.201
1.2109
1.2205
1.2299
1.239
1.2479
1.2565
1.2651
1.2735
1.2818
1.2899
1.298
1.3059
1.3138
1.3215
1.3291
1.3366
1.344
1.3512
1.3583
1.3652
1.372
1.3785
1.3848
1.391
1.397
1.403
1.4088
1.4146
1.4204
1.4261
1.4318
1.4374
1.443
1.4486
1.4541
1.4597
1.4651
1.4706
1.476
1.4814
1.4868
1.4921
1.4974
1.5026
1.5078
1.513
1.5181
1.5232
1.5282
1.5332
1.5382
1.5431
1.5479
1.5527
1.5575
1.5622
1.5668
1.5714
1.5759
1.5804
1.5849
1.5893
1.5937
1.5981
1.6024
1.6067
1.611
1.6152
1.6194
1.6235
1.6276
1.6316
1.6356
1.6396
1.6435
1.6474
1.6512
1.655
1.6588
1.6625
1.6661
1.6698
1.6734
1.6769
1.6804
1.6839
1.6873
1.6907
1.694
1.6973
1.7005
1.7037
1.7069
1.71
1.713
1.716
1.719
1.722
1.7249
1.7278
1.7307
1.7335
1.7363
1.7391
1.7419
1.7446
1.7473
1.75
1.7527
1.7553
1.7578
1.7603
1.7628
1.7652
1.7676
1.7699
1.7722
1.7744
1.7766
1.7787
1.7808
