1
0.94525
0.93651
0.93172
0.92862
0.92613
0.92276
0.92096
0.91938
0.91762
0.91575
0.91446
0.91357
0.91267
0.9119
0.91111
0.91033
0.90957
0.90887
0.90821
0.90761
0.90704
0.90653
0.90606
0.90565
0.90528
0.90496
0.90467
0.90455
0.90115
0.89839
0.89623
0.89457
0.89328
0.89222
0.89127
0.89028
0.88916
0.88776
0.88596
0.8837
0.88113
0.87847
0.87594
0.87356
0.87136
0.86928
0.86732
0.86544
0.86363
0.86185
0.86009
0.85831
0.85649
0.8546
0.85265
0.85065
0.84864
0.84668
0.84482
0.84309
0.84153
0.84013
0.83888
0.83778
0.83681
0.83595
0.83522
0.83459
0.83406
0.83362
0.83326
0.83298
0.83278
0.83263
0.83252
0.83246
0.83242
0.83241
0.8324
0.8324
0.83238
0.83236
0.83231
0.83222
0.83208
0.83186
0.83153
0.83108
0.83052
0.82985
0.8291
0.8283
0.82751
0.82676
0.82609
0.82551
0.82503
0.82464
0.82436
0.8242
0.82416
0.82425
0.82444
0.82472
0.82506
0.82547
0.82592
0.82641
0.82695
0.82753
0.82815
0.82883
0.82955
0.83033
