1
0.97852
0.96724
0.96162
0.95829
0.95548
0.95315
0.95123
0.94676
0.94271
0.939
0.93556
0.93232
0.92922
0.92626
0.92342
0.92071
0.91811
0.9156
0.91317
0.9108
0.90849
0.90623
0.90402
0.90187
0.89977
0.8977
0.89568
0.89368
0.89171
0.88977
0.88784
0.88593
0.88403
0.88214
0.88027
0.87842
0.87657
0.87474
0.87292
0.87112
0.86932
0.86754
0.86576
0.86399
0.86222
0.86045
0.85868
0.8569
0.85512
0.85332
0.85151
0.8497
0.84787
0.84602
0.84416
0.84229
0.84039
0.83848
0.83654
0.83458
0.8326
0.8306
0.82858
0.82654
0.8245
0.82245
0.8204
0.81835
0.8163
0.81427
0.81225
0.81025
0.80827
0.8063
0.80436
0.80243
0.80053
0.79865
0.79679
0.79495
0.79313
0.79133
0.78955
0.7878
0.78606
0.78435
0.78266
0.78098
0.77933
0.7777
0.77609
0.77449
0.77292
0.77136
0.76983
0.76831
0.76681
0.76533
0.76388
0.76244
0.76102
0.75963
0.75826
0.75692
0.75559
0.7543
0.75303
0.75179
0.75057
0.74938
0.74822
0.7471
0.746
0.74492
0.74388
0.74287
0.74189
0.74094
0.74002
0.73913
0.73827
0.73744
0.73663
0.73585
0.7351
0.73437
0.73367
0.73299
0.73233
0.7317
0.73109
0.7305
0.72993
0.72938
0.72885
0.72833
0.72784
0.72737
0.72691
0.72646
0.72603
0.72562
0.72521
0.72482
0.72444
0.72407
0.72371
0.72336
0.72302
0.72269
0.72236
0.72204
0.72173
0.72143
0.72113
0.72084
0.72056
0.72028
0.72001
0.71975
0.7195
0.71926
0.71902
0.71879
0.71857
0.71835
0.71814
0.71794
0.71775
0.71756
0.71738
0.71721
0.71704
0.71687
0.71671
