1
0.97881
0.96827
0.96211
0.95842
0.95522
0.95257
0.95032
0.94548
0.94105
0.93698
0.93323
0.92974
0.92648
0.92344
0.92061
0.91797
0.91552
0.91321
0.911
0.90883
0.90669
0.90454
0.90238
0.9002
0.89801
0.8958
0.89357
0.89132
0.88907
0.88682
0.88456
0.88231
0.88008
0.87786
0.87566
0.87349
0.87136
0.86926
0.86721
0.86521
0.86325
0.86135
0.8595
0.85771
0.85597
0.85429
0.85265
0.85108
0.84955
0.84809
0.84667
0.8453
0.84398
0.8427
0.84146
0.84026
0.83908
0.83792
0.83678
0.83566
0.83454
0.83343
0.83232
0.83121
0.8301
0.829
0.82789
0.82679
0.82568
0.82457
0.82346
0.82235
0.82124
0.82013
0.81903
0.81792
0.81682
0.81572
0.81462
0.81353
0.81244
0.81135
0.81027
0.80919
0.80811
0.80703
0.80595
0.80487
0.80378
0.8027
0.80161
0.80052
0.79943
0.79833
0.79724
0.79614
0.79504
0.79395
0.79285
0.79176
0.79068
0.7896
0.78852
0.78746
0.7864
0.78535
0.78432
0.7833
0.78229
0.78129
0.78031
0.77934
0.77839
0.77745
0.77653
0.77563
0.77474
0.77387
0.77301
0.77218
0.77136
0.77056
0.76977
0.76901
0.76826
0.76753
0.76682
0.76613
0.76546
0.7648
0.76417
0.76356
0.76297
0.7624
0.76185
0.76132
0.76081
0.76031
0.75984
0.75938
0.75893
0.7585
0.75808
0.75766
0.75726
0.75686
0.75647
0.75608
0.7557
0.75532
0.75495
0.75458
0.75421
0.75385
0.75349
0.75314
0.75279
0.75244
0.7521
0.75176
0.75143
0.7511
0.75078
0.75047
0.75016
0.74986
0.74956
0.74927
0.74899
0.74871
0.74844
0.74817
0.74791
0.74766
0.74741
