1
0.95267
0.93766
0.92819
0.92164
0.9171
0.9134
0.90519
0.8978
0.89122
0.88525
0.87985
0.87499
0.87078
0.86733
0.8649
0.86376
0.86381
0.86455
0.86528
0.86528
0.8638
0.86093
0.85867
0.85814
0.85867
0.85944
0.85983
0.85966
0.85944
0.85988
0.8609
0.86166
0.86123
0.85919
0.85555
0.85131
0.84788
0.84578
0.84481
0.84469
0.8452
0.8462
0.84755
0.84917
0.85094
0.85277
0.85458
0.85636
0.85811
0.85987
0.86164
0.86344
0.86526
0.86711
0.86898
0.87087
0.87276
0.87464
0.87647
0.87825
0.87995
0.88158
0.88314
0.88464
0.88608
0.88748
0.88883
0.89015
0.89146
0.89274
0.89401
0.89527
0.89651
0.89774
0.89894
0.90014
0.90131
0.90248
0.90364
0.9048
0.90596
0.90712
0.90828
0.90944
0.91058
0.91169
0.91278
0.91383
0.91486
0.91586
0.91684
0.91779
0.91871
0.91961
0.92047
0.92131
0.92214
0.92296
0.92378
0.92462
0.92546
0.92631
0.92716
0.92802
0.92887
0.92971
0.93053
0.93132
0.93208
0.93279
0.93347
0.93409
0.93465
0.93515
