1
0.96395
0.94945
0.94033
0.9352
0.9322
0.92535
0.92357
0.92216
0.91647
0.91149
0.90676
0.90242
0.89824
0.8943
0.89043
0.88665
0.88284
0.87909
0.8754
0.87185
0.86843
0.86517
0.86204
0.85905
0.85617
0.8534
0.85073
0.84815
0.84566
0.84325
0.84092
0.83867
0.83649
0.83436
0.83226
0.83021
0.82818
0.82618
0.82421
0.82226
0.82035
0.81845
0.81656
0.81469
0.81281
0.81094
0.80905
0.80715
0.80522
0.80328
0.80131
0.79932
0.7973
0.79526
0.79319
0.79109
0.78898
0.78684
0.78468
0.78251
0.78033
0.77815
0.77597
0.7738
0.77164
0.7695
0.7674
0.76533
0.7633
0.76131
0.75937
0.75747
0.75561
0.75378
0.75198
0.75021
0.74847
0.74675
0.74507
0.74342
0.74179
0.74019
0.73861
0.73706
0.73552
0.73402
0.73253
0.73107
0.72963
0.72821
0.72682
0.72544
0.72409
0.72274
0.72141
0.7201
0.7188
0.71752
0.71625
0.71499
0.71375
0.71253
0.71131
