1
0.96885
0.9558
0.94973
0.94549
0.94214
0.93945
0.93717
0.93196
0.92713
0.9226
0.91815
0.91383
0.90961
0.90567
0.90193
0.89836
0.89478
0.89109
0.88718
0.88313
0.87903
0.87508
0.87136
0.86792
0.86474
0.86182
0.85911
0.85659
0.85424
0.85202
0.8499
0.84786
0.84588
0.84392
0.84197
0.84003
0.83808
0.83611
0.8341
0.83206
0.82999
0.82788
0.82574
0.82358
0.82143
0.8193
0.8172
0.81516
0.81318
0.81128
0.80944
0.80768
0.80598
0.80434
0.80274
0.80118
0.79964
0.79811
0.79656
0.795
0.79338
0.7917
0.78994
0.78807
0.78609
0.78401
0.78184
0.77966
0.7775
0.77544
0.77352
0.77174
0.77013
0.76869
0.7674
0.76626
0.76526
0.76438
0.76363
0.76299
0.76245
0.76201
0.76166
0.76139
0.7612
0.76109
0.76105
0.76108
0.76116
0.76131
0.76151
0.76177
0.76207
0.76241
0.76279
0.76321
0.76366
0.76415
0.76467
0.76521
0.76578
0.76637
0.76699
0.76763
0.7683
0.76898
0.76969
0.77043
0.77118
0.77195
0.77275
0.77357
0.77441
0.77526
