1
0.93923
0.91176
0.89226
0.87802
0.86617
0.85683
0.83812
0.8207
0.80371
0.78768
0.77287
0.75892
0.74558
0.73286
0.7206
0.70882
0.69837
0.68943
0.68086
0.67255
0.66562
0.66001
0.6551
0.65028
0.64532
0.64067
0.6367
0.63313
0.62971
0.62636
0.62311
0.6202
0.61804
0.61677
0.61623
0.61616
0.61632
0.61649
0.61651
0.61627
0.61571
0.61481
0.61367
0.61241
0.61112
0.60974
0.60811
0.6061
0.60357
0.60037
0.59641
0.59187
0.58722
0.58296
0.57925
0.57606
0.57333
0.571
0.56905
0.5674
0.56597
0.56461
0.56318
0.56155
0.55963
0.5574
0.55507
0.55294
0.5512
0.5499
0.54899
0.54838
0.548
0.54779
0.54767
0.5476
0.54753
0.54744
0.54732
0.54717
0.54699
0.54681
0.54662
0.54641
0.5462
0.54597
0.5457
0.54539
0.54503
0.54461
0.54417
0.5437
0.54322
0.54272
0.54218
0.54159
0.54092
0.54015
0.53929
0.53832
0.53725
0.53612
0.53494
0.53376
0.5326
0.53147
0.53037
0.52928
0.52818
0.52703
0.52582
0.5245
0.52306
0.52149
0.51976
0.51789
0.5159
0.51381
0.51167
0.50952
0.50742
0.50541
0.50354
0.50182
0.50026
0.49885
0.49759
0.49645
0.49541
0.49446
0.49357
0.49275
0.49197
0.49124
0.49056
0.48991
0.4893
0.48872
0.48818
0.48767
0.48719
0.48672
0.48628
0.48584
0.4854
0.48496
0.4845
0.48401
0.48349
0.48292
0.48229
0.4816
0.48084
0.47999
0.47905
0.47802
0.47689
0.47568
0.47441
0.47312
0.47185
0.47066
0.46959
0.46868
0.46792
0.46733
0.46688
0.46655
0.46632
0.46616
0.46606
0.46601
0.46599
0.466
0.46603
0.46607
0.46612
0.46618
0.46624
0.46631
0.46638
0.46645
0.46652
0.46659
0.46665
0.46672
0.46678
0.46685
0.46691
0.46696
0.46702
0.46707
0.46712
0.46716
0.46719
0.46721
0.46722
0.46722
0.4672
0.46717
0.46712
0.46706
0.46697
0.46688
0.46677
0.46666
0.46655
0.46644
0.46634
0.46624
0.46616
0.46609
0.46603
0.46598
0.46593
0.46589
0.46585
0.46582
0.46578
0.46574
0.46571
0.46567
0.46562
0.46558
0.46553
0.46547
0.46542
0.46535
0.46529
0.46523
0.46516
0.46509
0.46502
0.46495
0.46487
0.46479
0.46471
0.46463
0.46454
0.46445
0.46436
0.46427
0.46417
0.46408
0.46398
0.46388
0.46378
0.46367
0.46356
0.46345
0.46334
0.46322
