1
0.98078
0.97043
0.964
0.95843
0.95468
0.94805
0.9423
0.93698
0.9322
0.9277
0.92361
0.91974
0.91619
0.91283
0.9097
0.90672
0.90388
0.90116
0.89856
0.89603
0.89357
0.89114
0.88874
0.88637
0.88401
0.88167
0.87934
0.87703
0.87474
0.87248
0.87025
0.86806
0.86591
0.86382
0.86179
0.85982
0.85792
0.85608
0.85431
0.8526
0.85096
0.84938
0.84784
0.84635
0.84491
0.8435
0.84214
0.84081
0.83951
0.83825
0.83702
0.83581
0.83461
0.83342
0.83224
0.83106
0.82988
0.82871
0.82754
0.82637
0.82519
0.82403
0.82286
0.8217
0.82053
0.81938
0.81823
0.81709
0.81596
0.81483
0.81372
0.81261
0.81151
0.81042
0.80932
0.80822
0.80713
0.80603
0.80494
0.80385
0.80276
0.80168
0.80061
0.79953
0.79846
0.79738
0.7963
0.79522
0.79414
0.79306
0.79197
0.79088
0.7898
0.78871
0.78763
0.78655
0.78546
0.78438
0.7833
0.78222
0.78115
0.78007
0.77898
0.77789
0.7768
0.7757
0.77458
0.77346
0.77232
0.77118
0.77003
0.76887
0.7677
0.76653
0.76535
0.76417
0.76299
0.76181
0.76063
0.75946
0.75829
0.75714
0.75599
0.75486
0.75374
0.75264
0.75155
0.75048
0.74942
0.74838
0.74734
0.74632
0.74531
0.7443
0.7433
0.7423
0.74131
0.74031
0.73932
0.73832
0.73732
0.73631
0.7353
0.73428
0.73326
0.73222
0.73118
0.73013
0.72906
0.72799
0.7269
0.7258
0.72469
0.72357
0.72244
0.7213
0.72014
0.71899
0.71782
0.71665
0.71547
0.7143
0.71314
0.71198
0.71083
0.70969
0.70857
0.70748
0.7064
0.70535
0.70433
0.70333
0.70235
0.7014
0.70048
0.69957
0.69869
0.69783
0.69699
0.69617
0.69537
0.69458
0.6938
0.69304
0.69229
0.69155
0.69083
0.69011
