1
0.94631
0.92724
0.91834
0.91373
0.9088
0.906
0.89908
0.8931
0.88746
0.88244
0.87749
0.87303
0.86852
0.86429
0.85991
0.85582
0.8516
0.84769
0.8438
0.8403
0.83688
0.83381
0.83088
0.82827
0.8259
0.82381
0.82187
0.82001
0.81817
0.81633
0.81454
0.81278
0.81102
0.80923
0.80741
0.80555
0.80361
0.80157
0.79947
0.79744
0.79559
0.79401
0.79272
0.79174
0.79103
0.79053
0.79015
0.78987
0.78965
0.78949
0.78937
0.78928
0.78922
0.78921
0.78923
0.78928
0.78935
0.7894
0.78941
0.78936
0.78924
0.78907
0.78885
0.78857
0.78825
0.78788
0.78748
0.78706
0.78663
