87.3716
-0.88241
-0.86222
-0.86222
-0.88964
-0.85179
-0.93243
-0.86377
-0.91241
-0.94178
-0.87934
-0.90204
-0.89366
-0.89257
-0.88419
-0.88017
-0.87688
-0.87114
-0.89149
-0.89323
-0.90613
-0.86977
-0.86978
-0.82739
-0.88441
-0.87994
-0.87875
-0.87833
-0.87834
-0.87834
-0.85484
-0.89081
-0.85484
-0.84104
-0.87978
-0.8735
-0.87349
-0.87662
-0.85583
-0.85603
-0.85587
-0.90061
-0.88469
-0.86149
-0.81914
-0.82641
-0.85894
-0.92836
-0.91077
-0.86999
-0.93826
-0.93057
-0.85813
-0.85837
-0.89644
-0.89071
-0.89913
-0.92484
-0.85697
-0.89689
-0.90194
-0.86921
-0.83999
-1.5804
-1.4804
-1.4681
-1.7509
-1.4114
-1.6453
-1.5201
-2.1185
-2.0439
-2.2625
0
0
0
0
0
0
0
0
0
0
0
0
0
0
0
0
0
0
0
0
0
0
0
0
0
0
0
0
0
0
0
0
0
0
0
-7.7705
0
0
0
-7.7705
0
0
0
0
0
0
0
0
0
-0.88241
77.9229
-0.83935
-0.83935
-0.87074
-0.82871
-0.90304
-0.8406
-0.88735
-0.91533
-0.85591
-0.87635
-0.86871
-0.86769
-0.86079
-0.85679
-0.85353
-0.84781
-0.86803
-0.86974
-0.88405
-0.84639
-0.84638
-0.80526
-0.86101
-0.85647
-0.85536
-0.85487
-0.85487
-0.85486
-0.83154
-0.86848
-0.83155
-0.81796
-0.8563
-0.85005
-0.85006
-0.85312
-0.83238
-0.83259
-0.83243
-0.87789
-0.86235
-0.83891
-0.79682
-0.80401
-0.83532
-0.90683
-0.889
-0.84738
-0.91406
-0.90636
-0.83437
-0.83461
-0.87267
-0.86807
-0.87748
-0.90045
-0.8329
-0.87258
-0.88055
-0.84529
-0.81564
-1.5591
-1.4538
-1.4415
-1.7247
-1.384
-1.6193
-1.494
-2.0885
-2.014
-2.2289
0
0
0
0
0
0
0
0
0
0
0
0
0
0
0
0
0
0
0
0
0
0
-7.7934
0
0
0
0
0
0
0
0
0
0
0
0
0
0
0
0
0
0
0
0
0
0
0
0
0
0
-0.86222
-0.83935
68.6057
-0.80989
-0.84774
-0.80608
-0.8808
-0.81934
-0.86694
-0.89921
-0.83469
-0.85511
-0.84771
-0.84673
-0.83996
-0.83599
-0.83275
-0.82705
-0.84718
-0.84888
-0.86568
-0.82549
-0.82549
-0.78559
-0.84003
-0.83541
-0.83441
-0.83389
-0.8339
-0.83389
-0.81074
-0.84869
-0.81074
-0.79734
-0.83532
-0.82912
-0.82912
-0.8321
-0.81141
-0.81162
-0.81144
-0.85746
-0.84248
-0.81889
-0.777
-0.78412
-0.81417
-0.88796
-0.86999
-0.82735
-0.8924
-0.8847
-0.81309
-0.81332
-0.85103
-0.84772
-0.85872
-0.87863
-0.81129
-0.85079
-0.86215
-0.82364
-0.79365
-1.5423
-1.4295
-1.416
-1.7011
-1.3568
-1.5956
-1.4697
-2.0615
-1.987
-2.1965
0
0
0
0
0
0
0
0
0
0
0
0
0
0
0
0
0
0
0
0
0
0
0
0
0
0
0
0
0
0
0
0
0
0
0
0
0
0
0
0
0
0
0
0
0
0
0
0
0
-0.86222
-0.83935
-0.80989
68.6055
-0.84773
-0.80607
-0.8808
-0.81932
-0.86694
-0.8992
-0.83467
-0.8551
-0.8477
-0.84671
-0.83996
-0.83597
-0.83273
-0.82706
-0.84717
-0.84887
-0.86569
-0.82548
-0.82548
-0.78559
-0.84002
-0.8354
-0.83441
-0.83391
-0.8339
-0.8339
-0.81073
-0.84869
-0.81073
-0.79734
-0.83532
-0.82911
-0.82911
-0.83211
-0.81142
-0.8116
-0.81144
-0.85746
-0.84247
-0.81889
-0.777
-0.78412
-0.81417
-0.88798
-0.86998
-0.82734
-0.8924
-0.8847
-0.81309
-0.81332
-0.85101
-0.84771
-0.85871
-0.87863
-0.81129
-0.85078
-0.86215
-0.82363
-0.79364
-1.5424
-1.4295
-1.416
-1.7011
-1.3568
-1.5956
-1.4697
-2.0615
-1.987
-2.1965
0
0
0
0
0
0
0
0
0
0
0
0
0
0
0
0
0
0
0
0
0
0
0
0
0
0
0
0
0
0
0
0
0
0
0
0
0
0
0
0
0
0
0
0
0
0
0
0
0
-0.88964
-0.87074
-0.84774
-0.84773
74.7699
-0.83454
-0.89972
-0.8416
-0.88627
-0.91319
-0.85655
-0.87548
-0.86801
-0.86701
-0.86157
-0.85757
-0.85431
-0.84859
-0.86882
-0.87054
-0.88325
-0.84705
-0.84704
-0.80539
-0.86149
-0.85672
-0.8557
-0.85547
-0.85547
-0.85546
-0.83243
-0.86819
-0.83244
-0.81857
-0.85717
-0.85093
-0.85094
-0.85399
-0.83325
-0.83345
-0.83327
-0.87803
-0.86316
-0.8396
-0.79761
-0.80472
-0.83619
-0.90739
-0.88944
-0.84853
-0.915
-0.90737
-0.83539
-0.83563
-0.85877
-0.8694
-0.87938
-0.90163
-0.83409
-0.87377
-0.88431
-0.8464
-0.81706
-1.5526
-1.4569
-1.4464
-1.7287
-1.3889
-1.6236
-1.4982
0
0
0
0
0
0
-3.2748
0
0
0
0
0
0
0
0
0
0
0
0
0
0
0
0
0
0
0
0
0
0
0
0
0
0
0
-7.6296
0
0
0
0
0
0
0
0
0
0
0
0
0
0
0
0
0
-0.85179
-0.82871
-0.80608
-0.80607
-0.83454
65.5416
-0.86704
-0.80786
-0.85292
-0.88295
-0.82219
-0.84172
-0.83443
-0.83345
-0.82762
-0.82366
-0.82043
-0.81475
-0.83481
-0.83651
-0.85356
-0.81311
-0.81313
-0.77302
-0.82751
-0.82288
-0.82189
-0.82147
-0.82147
-0.82146
-0.79843
-0.8355
-0.79842
-0.78508
-0.82282
-0.81665
-0.81667
-0.81965
-0.79906
-0.79925
-0.79909
-0.84441
-0.82975
-0.8063
-0.76465
-0.77169
-0.80182
-0.87471
-0.85689
-0.81482
-0.87968
-0.87202
-0.80074
-0.80097
-0.83844
-0.83519
-0.84594
-0.86598
-0.79901
-0.83833
-0.84954
-0.8113
-0.78153
-1.5276
-1.416
-1.4035
-1.6876
-1.3445
-1.5826
-1.4571
-2.0526
-1.9787
0
0
0
0
0
0
0
0
0
0
0
0
0
0
0
0
0
0
0
0
0
0
0
0
0
0
0
0
0
0
0
0
0
0
0
0
0
0
0
0
0
0
0
0
0
0
0
0
0
0
-0.93243
-0.90304
-0.8808
-0.8808
-0.89972
-0.86704
81.1572
-0.87326
-0.92232
-0.94774
-0.88849
-0.9089
-0.90052
-0.89944
-0.89333
-0.88929
-0.886
-0.88024
-0.90065
-0.90238
-0.91318
-0.87877
-0.87878
-0.83545
-0.89343
-0.88894
-0.88774
-0.88736
-0.88736
-0.88737
-0.86379
-0.89903
-0.86379
-0.84989
-0.8888
-0.88249
-0.88249
-0.88565
-0.86478
-0.86497
-0.86482
-0.9091
-0.89341
-0.87009
-0.82775
-0.83499
-0.86794
-0.93679
-0.9192
-0.87892
-0.9475
-0.93984
-0.86716
-0.86742
-0.90538
-0.89984
-0.90809
-0.93413
-0.86607
-0.90613
-0.91128
-0.87854
-0.84912
-1.5908
-1.493
-1.4825
-1.7647
-1.4253
-1.6595
-1.5347
0
0
0
0
0
0
0
0
0
0
0
0
0
0
0
0
0
0
0
-7.5413
0
0
0
0
0
0
0
0
0
0
0
-7.5414
0
0
0
0
0
0
0
0
0
0
0
0
0
0
0
0
0
0
0
0
-0.86377
-0.8406
-0.81934
-0.81932
-0.8416
-0.80786
-0.87326
62.1004
-0.86302
-0.88765
-0.83067
-0.84956
-0.84249
-0.84156
-0.83614
-0.83216
-0.82891
-0.8232
-0.84336
-0.84507
-0.85797
-0.82133
-0.82135
-0.78068
-0.83574
-0.83111
-0.8301
-0.82971
-0.82972
-0.82971
-0.80659
-0.84314
-0.80659
-0.79317
-0.83105
-0.82489
-0.82487
-0.82787
-0.80721
-0.80741
-0.80724
-0.85253
-0.83776
-0.81421
-0.77246
-0.77951
-0.81
-0.88252
-0.86466
-0.82294
-0.88814
-0.88047
-0.80896
-0.80919
-0.84652
-0.84355
-0.85402
-0.87447
-0.80726
-0.84675
-0.85781
-0.81968
-0.7897
-1.5368
-1.4267
-1.416
-1.6995
-1.3565
-1.595
-1.4698
0
0
0
0
0
0
0
0
0
0
0
0
0
0
0
0
0
0
0
0
0
0
0
0
0
0
0
0
0
0
0
0
0
0
0
0
0
0
0
0
0
0
0
0
0
0
0
0
0
0
0
0
-0.91241
-0.88735
-0.86694
-0.86694
-0.88627
-0.85292
-0.92232
-0.86302
62.8943
-0.92754
-0.86964
-0.88908
-0.88185
-0.8809
-0.87503
-0.87099
-0.8677
-0.86193
-0.88235
-0.88407
-0.89521
-0.85995
-0.85995
-0.81813
-0.87463
-0.87033
-0.86924
-0.86851
-0.86851
-0.8685
-0.84501
-0.88175
-0.84501
-0.83172
-0.86983
-0.86359
-0.8636
-0.86663
-0.84571
-0.84592
-0.84576
-0.89129
-0.8758
-0.85212
-0.80979
-0.81699
-0.84862
-0.92012
-0.90227
-0.86084
-0.92786
-0.92012
-0.84768
-0.84793
-0.88693
-0.88181
-0.89093
-0.91408
-0.846
-0.886
-0.89353
-0.85869
-0.82811
0
-1.469
0
0
0
0
0
0
0
0
0
0
0
0
0
0
0
0
0
0
0
0
0
0
0
0
0
0
0
0
0
0
0
0
0
-7.411
0
0
0
0
0
0
0
0
0
0
0
0
0
0
0
0
0
0
0
0
0
0
0
-0.94178
-0.91533
-0.89921
-0.8992
-0.91319
-0.88295
-0.94774
-0.88765
-0.92754
69.9138
-0.89509
-0.90885
-0.90104
-0.90002
-0.89906
-0.89502
-0.89173
-0.88592
-0.90641
-0.90814
-0.91679
-0.88426
-0.88426
-0.84013
-0.89893
-0.8947
-0.89354
-0.8929
-0.8929
-0.8929
-0.86924
-0.90421
-0.86923
-0.85567
-0.89426
-0.88797
-0.88796
-0.89111
-0.87017
-0.87036
-0.8702
-0.91436
-0.89862
-0.8753
-0.83282
-0.8401
-0.87329
-0.94173
-0.92429
-0.88421
-0.95314
-0.94544
-0.87253
-0.87278
-0.91203
-0.90532
-0.91306
-0.93962
-0.8713
-0.91153
-0.9156
-0.88396
-0.85394
0
0
0
0
0
0
0
0
0
0
0
0
0
0
0
0
0
0
0
0
0
0
0
0
0
0
0
0
0
0
0
0
0
0
0
0
0
0
0
0
0
0
0
0
0
0
0
0
-7.2056
0
0
0
0
0
0
0
0
0
-7.2056
-0.87934
-0.85591
-0.83469
-0.83467
-0.85655
-0.82219
-0.88849
-0.83067
-0.86964
-0.89509
55.9066
-0.85644
-0.84893
-0.84793
-0.84816
-0.84408
-0.84075
-0.83489
-0.85551
-0.85723
-0.86621
-0.83129
-0.8313
-0.79083
-0.84568
-0.8412
-0.84031
-0.83972
-0.83971
-0.8397
-0.81638
-0.85179
-0.81639
-0.80326
-0.84092
-0.83475
-0.83475
-0.83773
-0.81692
-0.8171
-0.81694
-0.85865
-0.84758
-0.82383
-0.78198
-0.78902
-0.81983
-0.89228
-0.87444
-0.83283
-0.89835
-0.89063
-0.81879
-0.81904
-0.8572
-0.8534
-0.86356
-0.8846
-0.81703
-0.85675
-0.86701
-0.82962
-0.799
0
-1.4376
0
0
0
0
0
0
0
0
0
0
-2.2394
0
0
0
0
0
0
0
0
0
0
0
0
0
0
0
0
0
0
0
0
0
0
0
0
0
0
0
0
0
0
0
0
0
0
0
0
0
0
0
0
0
0
0
0
0
0
-0.90204
-0.87635
-0.85511
-0.8551
-0.87548
-0.84172
-0.9089
-0.84956
-0.88908
-0.90885
-0.85644
60.0599
-0.87174
-0.87068
-0.86183
-0.8578
-0.8545
-0.84872
-0.86913
-0.87085
-0.87829
-0.84637
-0.84638
-0.80343
-0.86066
-0.85632
-0.85533
-0.85479
-0.85479
-0.85479
-0.83143
-0.86568
-0.83142
-0.81813
-0.85597
-0.84979
-0.8498
-0.85282
-0.83203
-0.83221
-0.83205
-0.87616
-0.86115
-0.83782
-0.79583
-0.80296
-0.83495
-0.9044
-0.88702
-0.84673
-0.9138
-0.90612
-0.83406
-0.83431
-0.87311
-0.86756
-0.87642
-0.90019
-0.83251
-0.87239
-0.87937
-0.84516
-0.81497
0
0
0
0
0
0
0
0
0
0
0
0
0
0
0
0
0
0
0
0
0
0
0
0
0
0
0
0
0
0
0
0
0
0
0
0
-6.8765
0
0
0
0
0
0
0
0
0
0
0
0
0
0
0
0
0
0
0
0
0
0
-0.89366
-0.86871
-0.84771
-0.8477
-0.86801
-0.83443
-0.90052
-0.84249
-0.88185
-0.90104
-0.84893
-0.87174
59.445
-0.8628
-0.85446
-0.85044
-0.84716
-0.8414
-0.86175
-0.86347
-0.87111
-0.83904
-0.83903
-0.79609
-0.85322
-0.84887
-0.8479
-0.8474
-0.84741
-0.8474
-0.8241
-0.85783
-0.82409
-0.81081
-0.84855
-0.8424
-0.84239
-0.8454
-0.82466
-0.82485
-0.82469
-0.86855
-0.85364
-0.83038
-0.78851
-0.79562
-0.82758
-0.89665
-0.87935
-0.8393
-0.90621
-0.89855
-0.82669
-0.82693
-0.8656
-0.86008
-0.86887
-0.89264
-0.82514
-0.86491
-0.87186
-0.83777
-0.80766
0
0
0
0
0
0
0
0
0
0
0
0
0
0
0
0
0
0
0
0
0
0
0
-6.717
0
0
0
0
0
0
0
0
0
0
0
0
0
0
0
0
0
0
0
0
0
0
0
0
0
0
0
0
0
0
0
0
0
0
0
-0.89257
-0.86769
-0.84673
-0.84671
-0.86701
-0.83345
-0.89944
-0.84156
-0.8809
-0.90002
-0.84793
-0.87068
-0.8628
59.3651
-0.85348
-0.84948
-0.84618
-0.84043
-0.86078
-0.86248
-0.8702
-0.83805
-0.83804
-0.79513
-0.85224
-0.84788
-0.84691
-0.84641
-0.84642
-0.84641
-0.82311
-0.85678
-0.82312
-0.80984
-0.84757
-0.84142
-0.84141
-0.84442
-0.82368
-0.82388
-0.82371
-0.86753
-0.85264
-0.82938
-0.78754
-0.79465
-0.82659
-0.89562
-0.87834
-0.83831
-0.90521
-0.89755
-0.82572
-0.82595
-0.8646
-0.85908
-0.86788
-0.89163
-0.82416
-0.86392
-0.87085
-0.83677
-0.80668
0
0
0
0
0
0
0
0
0
0
0
0
0
0
0
0
0
0
0
0
0
0
0
0
0
0
0
0
0
-6.6975
0
0
0
0
0
0
0
0
0
0
0
0
0
0
0
0
0
0
0
0
0
0
0
0
0
0
0
0
0
-0.88419
-0.86079
-0.83996
-0.83996
-0.86157
-0.82762
-0.89333
-0.83614
-0.87503
-0.89906
-0.84816
-0.86183
-0.85446
-0.85348
52.4752
-0.83223
-0.82868
-0.82255
-0.84493
-0.84695
-0.87031
-0.83363
-0.83363
-0.79715
-0.84983
-0.84622
-0.84455
-0.84387
-0.84388
-0.84388
-0.82057
-0.88099
-0.82058
-0.80787
-0.84548
-0.83936
-0.83936
-0.84238
-0.82153
-0.82173
-0.82158
-0.86838
-0.85288
-0.82891
-0.78674
-0.79384
-0.82439
-0.89873
-0.8805
-0.83774
-0.90324
-0.8963
-0.82404
-0.82428
-0.86339
-0.85924
-0.86954
-0.88978
-0.82189
-0.86176
-0.87263
-0.83457
-0.80317
0
0
0
0
0
0
0
0
0
0
0
0
0
0
0
0
0
0
0
0
0
0
0
0
0
0
0
0
0
0
0
0
0
0
0
0
0
0
0
0
0
0
0
0
0
0
0
0
0
0
0
0
0
0
0
0
0
0
0
-0.88017
-0.85679
-0.83599
-0.83597
-0.85757
-0.82366
-0.88929
-0.83216
-0.87099
-0.89502
-0.84408
-0.8578
-0.85044
-0.84948
-0.83223
52.225
-0.82435
-0.81828
-0.84047
-0.84247
-0.86631
-0.82967
-0.82968
-0.79297
-0.84575
-0.84212
-0.84047
-0.83982
-0.83982
-0.83981
-0.81655
-0.87756
-0.81656
-0.80384
-0.84138
-0.83528
-0.83528
-0.83827
-0.81745
-0.81765
-0.81749
-0.86402
-0.84865
-0.82473
-0.78266
-0.78974
-0.82028
-0.89418
-0.8761
-0.83359
-0.89899
-0.89212
-0.81997
-0.82021
-0.85923
-0.85511
-0.86536
-0.88562
-0.8178
-0.85763
-0.86847
-0.83048
-0.79915
0
0
0
0
0
0
0
0
0
0
0
0
0
0
0
0
0
0
0
0
0
0
0
0
0
0
0
0
0
0
0
0
0
0
0
0
0
0
0
0
0
0
0
0
0
0
0
0
0
0
0
0
0
0
0
0
0
0
0
-0.87688
-0.85353
-0.83275
-0.83273
-0.85431
-0.82043
-0.886
-0.82891
-0.8677
-0.89173
-0.84075
-0.8545
-0.84716
-0.84618
-0.82868
-0.82435
52.021
-0.81485
-0.83685
-0.83883
-0.86306
-0.82647
-0.82647
-0.78954
-0.84242
-0.83878
-0.83713
-0.83651
-0.83653
-0.83651
-0.81327
-0.8747
-0.81328
-0.80057
-0.83807
-0.83194
-0.83196
-0.83494
-0.81412
-0.81432
-0.81416
-0.86047
-0.84521
-0.82133
-0.77934
-0.78641
-0.81694
-0.89049
-0.87251
-0.8302
-0.89554
-0.88869
-0.81664
-0.81687
-0.85583
-0.85173
-0.86195
-0.88221
-0.81449
-0.85426
-0.86507
-0.82715
-0.79585
0
0
0
0
0
0
0
0
0
0
0
0
0
0
0
0
0
0
0
0
0
0
0
0
0
0
0
0
0
0
0
0
0
0
0
0
0
0
0
0
0
0
0
0
0
0
0
0
0
0
0
0
0
0
0
0
0
0
0
-0.87114
-0.84781
-0.82705
-0.82706
-0.84859
-0.81475
-0.88024
-0.8232
-0.86193
-0.88592
-0.83489
-0.84872
-0.8414
-0.84043
-0.82255
-0.81828
-0.81485
51.6633
-0.83058
-0.83254
-0.85734
-0.8209
-0.82089
-0.78357
-0.83659
-0.83293
-0.83129
-0.83074
-0.83074
-0.83074
-0.80755
-0.86954
-0.80755
-0.79484
-0.83223
-0.82613
-0.82612
-0.82908
-0.80828
-0.80847
-0.80831
-0.85422
-0.83915
-0.81534
-0.7735
-0.78055
-0.81105
-0.88394
-0.86618
-0.82425
-0.88948
-0.88267
-0.81079
-0.81102
-0.84986
-0.84581
-0.85598
-0.87624
-0.80867
-0.84834
-0.85912
-0.82131
-0.79008
0
0
0
0
0
0
0
0
0
0
0
0
0
0
0
0
0
0
0
0
0
0
0
0
0
0
0
0
0
0
0
0
0
0
0
0
0
0
0
0
0
0
0
0
0
0
0
0
0
0
0
0
0
0
0
0
0
0
0
-0.89149
-0.86803
-0.84718
-0.84717
-0.86882
-0.83481
-0.90065
-0.84336
-0.88235
-0.90641
-0.85551
-0.86913
-0.86175
-0.86078
-0.84493
-0.84047
-0.83685
-0.83058
52.9304
-0.85529
-0.87755
-0.84089
-0.8409
-0.80481
-0.85729
-0.85369
-0.85205
-0.85127
-0.85129
-0.85127
-0.82791
-0.88689
-0.82791
-0.81519
-0.85292
-0.84679
-0.84678
-0.84984
-0.82896
-0.82915
-0.829
-0.87624
-0.86053
-0.83648
-0.79414
-0.80128
-0.83186
-0.90691
-0.88845
-0.84529
-0.91092
-0.90391
-0.83144
-0.83168
-0.87092
-0.86677
-0.87711
-0.89736
-0.82928
-0.86928
-0.88019
-0.84198
-0.81052
0
0
0
0
0
0
0
0
0
0
0
0
0
0
0
0
0
0
0
0
0
0
0
0
0
0
0
0
0
0
0
0
0
0
0
0
0
0
0
0
0
0
0
0
0
0
0
0
0
0
0
0
0
0
0
0
0
0
0
-0.89323
-0.86974
-0.84888
-0.84887
-0.87054
-0.83651
-0.90238
-0.84507
-0.88407
-0.90814
-0.85723
-0.87085
-0.86347
-0.86248
-0.84695
-0.84247
-0.83883
-0.83254
-0.85529
53.0378
-0.87926
-0.84262
-0.84262
-0.80662
-0.85904
-0.85547
-0.85382
-0.85301
-0.85303
-0.85302
-0.82963
-0.88822
-0.82963
-0.81693
-0.85466
-0.84854
-0.84853
-0.8516
-0.83071
-0.8309
-0.83075
-0.87809
-0.86234
-0.83826
-0.79589
-0.80303
-0.83363
-0.9088
-0.89031
-0.84706
-0.91272
-0.90569
-0.83318
-0.83342
-0.87268
-0.86855
-0.8789
-0.89913
-0.83101
-0.87104
-0.88197
-0.84374
-0.81224
0
0
0
0
0
0
0
0
0
0
0
0
0
0
0
0
0
0
0
0
0
0
0
0
0
0
0
0
0
0
0
0
0
0
0
0
0
0
0
0
0
0
0
0
0
0
0
0
0
0
0
0
0
0
0
0
0
0
0
-0.90613
-0.88405
-0.86568
-0.86569
-0.88325
-0.85356
-0.91318
-0.85797
-0.89521
-0.91679
-0.86621
-0.87829
-0.87111
-0.8702
-0.87031
-0.86631
-0.86306
-0.85734
-0.87755
-0.87926
66.2254
-0.85571
-0.85571
-0.81232
-0.86998
-0.8658
-0.86468
-0.86432
-0.86433
-0.86431
-0.84088
-0.87584
-0.84089
-0.82724
-0.86561
-0.85941
-0.85941
-0.86251
-0.84174
-0.84193
-0.84177
-0.88527
-0.86977
-0.84682
-0.80472
-0.81195
-0.84484
-0.91241
-0.89534
-0.85562
-0.92395
-0.91637
-0.84418
-0.84442
-0.88269
-0.87581
-0.88444
-0.91068
-0.84297
-0.88293
0
0
0
0
0
0
0
0
0
0
0
0
0
0
0
0
0
0
-1.3614
0
0
0
0
0
0
0
0
0
0
0
0
0
0
0
0
0
0
0
0
0
0
0
0
0
0
0
0
0
0
0
-6.8565
0
0
0
0
0
0
0
-6.8568
0
0
0
-0.86977
-0.84639
-0.82549
-0.82548
-0.84705
-0.81311
-0.87877
-0.82133
-0.85995
-0.88426
-0.83129
-0.84637
-0.83904
-0.83805
-0.83363
-0.82967
-0.82647
-0.8209
-0.84089
-0.84262
-0.85571
49.12
-0.81693
-0.77771
-0.83494
-0.82995
-0.82915
-0.82976
-0.82977
-0.82976
-0.80631
-0.84144
-0.8063
-0.79326
-0.83049
-0.82451
-0.82451
-0.82747
-0.80667
-0.80688
-0.8067
-0.85267
-0.83755
-0.8138
-0.77175
-0.77884
-0.8095
-0.88281
-0.86499
-0.82264
-0.88789
-0.88021
-0.80853
-0.80876
-0.84735
-0.84334
-0.85372
-0.87404
-0.8065
-0.8463
0
0
0
0
0
0
0
0
0
0
0
0
0
0
0
0
0
0
0
0
0
0
0
0
0
0
0
0
0
0
0
0
0
0
0
0
0
0
0
0
0
0
0
0
0
0
0
0
0
0
0
0
0
0
0
0
0
0
0
0
0
0
-0.86978
-0.84638
-0.82549
-0.82548
-0.84704
-0.81313
-0.87878
-0.82135
-0.85995
-0.88426
-0.8313
-0.84638
-0.83903
-0.83804
-0.83363
-0.82968
-0.82647
-0.82089
-0.8409
-0.84262
-0.85571
-0.81693
49.12
-0.77771
-0.83495
-0.82995
-0.82914
-0.82977
-0.82978
-0.82977
-0.80631
-0.84144
-0.80631
-0.79326
-0.83048
-0.82451
-0.82451
-0.82747
-0.80667
-0.80686
-0.8067
-0.85267
-0.83754
-0.8138
-0.77176
-0.77885
-0.80951
-0.88281
-0.86499
-0.82263
-0.88789
-0.88019
-0.80854
-0.80877
-0.84734
-0.84334
-0.85372
-0.87403
-0.80651
-0.84631
0
0
0
0
0
0
0
0
0
0
0
0
0
0
0
0
0
0
0
0
0
0
0
0
0
0
0
0
0
0
0
0
0
0
0
0
0
0
0
0
0
0
0
0
0
0
0
0
0
0
0
0
0
0
0
0
0
0
0
0
0
0
-0.82739
-0.80526
-0.78559
-0.78559
-0.80539
-0.77302
-0.83545
-0.78068
-0.81813
-0.84013
-0.79083
-0.80343
-0.79609
-0.79513
-0.79715
-0.79297
-0.78954
-0.78357
-0.80481
-0.80662
-0.81232
-0.77771
-0.77771
50.652
-0.78991
-0.78478
-0.78392
-0.78514
-0.78516
-0.78515
-0.76226
-0.80691
-0.76225
-0.74864
-0.78509
-0.77916
-0.77916
-0.78173
-0.76113
-0.76132
-0.76115
-0.80027
-0.78751
-0.76542
-0.7248
-0.73173
-0.76354
-0.82563
-0.81107
-0.77451
-0.84015
-0.83337
-0.76345
-0.76368
-0.80104
-0.79582
-0.80459
-0.82795
0
0
0
0
0
0
0
0
0
0
0
0
0
0
0
0
0
0
0
0
0
0
0
0
0
0
0
0
0
0
0
0
0
0
0
0
0
0
0
0
0
0
0
0
0
0
0
0
0
0
0
0
0
0
0
0
0
0
0
-5.6501
0
0
0
0
-0.88441
-0.86101
-0.84003
-0.84002
-0.86149
-0.82751
-0.89343
-0.83574
-0.87463
-0.89893
-0.84568
-0.86066
-0.85322
-0.85224
-0.84983
-0.84575
-0.84242
-0.83659
-0.85729
-0.85904
-0.86998
-0.83494
-0.83495
-0.78991
46.6377
-0.84612
-0.84622
-0.84777
-0.84777
-0.84776
-0.8217
-0.85283
-0.8217
-0.8083
-0.8456
-0.8398
-0.8398
-0.84259
-0.82127
-0.82145
-0.82129
-0.8668
-0.85229
-0.82831
-0.78591
-0.79305
-0.82409
-0.89585
-0.87964
-0.83733
-0.90315
-0.89548
-0.82371
-0.82395
-0.86187
0
0
0
0
0
0
0
0
0
0
0
0
0
0
0
0
0
0
0
0
0
0
-0.94464
0
0
0
0
0
0
0
0
0
0
0
0
0
0
0
0
0
0
0
0
0
0
0
0
0
0
0
0
0
0
0
0
0
0
0
0
0
0
0
0
0
0
0
0
-0.87994
-0.85647
-0.83541
-0.8354
-0.85672
-0.82288
-0.88894
-0.83111
-0.87033
-0.8947
-0.8412
-0.85632
-0.84887
-0.84788
-0.84622
-0.84212
-0.83878
-0.83293
-0.85369
-0.85547
-0.8658
-0.82995
-0.82995
-0.78478
-0.84612
48.0403
-0.8399
-0.84126
-0.84125
-0.84125
-0.81694
-0.84185
-0.81694
-0.80362
-0.84118
-0.83526
-0.83527
-0.83805
-0.81689
-0.81707
-0.81692
-0.86201
-0.84779
-0.82384
-0.78169
-0.78878
-0.81967
-0.89164
-0.87474
-0.83298
-0.89857
-0.89098
-0.81937
-0.81961
-0.85674
0
0
0
0
0
0
0
0
0
0
0
0
0
0
0
0
0
0
0
-2.5963
0
0
0
0
0
0
0
0
0
0
0
0
0
0
0
0
0
0
0
0
0
0
0
0
0
0
0
0
0
0
0
0
0
0
0
0
0
0
0
0
0
0
0
0
0
0
0
-0.87875
-0.85536
-0.83441
-0.83441
-0.8557
-0.82189
-0.88774
-0.8301
-0.86924
-0.89354
-0.84031
-0.85533
-0.8479
-0.84691
-0.84455
-0.84047
-0.83713
-0.83129
-0.85205
-0.85382
-0.86468
-0.82915
-0.82914
-0.78392
-0.84622
-0.8399
47.3465
-0.84155
-0.84154
-0.84153
-0.81673
-0.84694
-0.81673
-0.79952
-0.84047
-0.83453
-0.83454
-0.8373
-0.81599
-0.81618
-0.81601
-0.86074
-0.84677
-0.8228
-0.78064
-0.78772
-0.81874
-0.88972
-0.87363
-0.83195
-0.89766
-0.88991
-0.81836
-0.81859
-0.85603
0
0
0
0
0
0
0
0
0
0
0
0
0
0
0
0
0
0
-1.9498
0
0
0
0
0
0
0
0
0
0
0
0
0
0
0
0
0
0
0
0
0
0
0
0
0
0
0
0
0
0
0
0
0
0
0
0
0
0
0
0
0
0
0
0
0
0
0
0
-0.87833
-0.85487
-0.83389
-0.83391
-0.85547
-0.82147
-0.88736
-0.82971
-0.86851
-0.8929
-0.83972
-0.85479
-0.8474
-0.84641
-0.84387
-0.83982
-0.83651
-0.83074
-0.85127
-0.85301
-0.86432
-0.82976
-0.82977
-0.78514
-0.84777
-0.84126
-0.84155
45.3537
-0.83041
-0.8304
-0.81316
-0.84851
-0.81316
-0.80028
-0.83797
-0.83262
-0.83263
-0.83576
-0.8149
-0.8151
-0.81492
-0.86282
-0.84661
-0.82271
-0.78012
-0.78731
-0.81797
-0.89388
-0.87544
-0.83129
-0.89666
-0.88907
-0.81736
-0.81759
-0.85551
0
0
0
0
0
0
0
0
0
0
0
0
0
0
0
0
0
0
0
0
0
0
0
0
0
0
0
0
0
0
0
0
0
0
0
0
0
0
0
0
0
0
0
0
0
0
0
0
0
0
0
0
0
0
0
0
0
0
0
0
0
0
0
0
0
0
0
-0.87834
-0.85487
-0.8339
-0.8339
-0.85547
-0.82147
-0.88736
-0.82972
-0.86851
-0.8929
-0.83971
-0.85479
-0.84741
-0.84642
-0.84388
-0.83982
-0.83653
-0.83074
-0.85129
-0.85303
-0.86433
-0.82977
-0.82978
-0.78516
-0.84777
-0.84125
-0.84154
-0.83041
45.354
-0.83041
-0.81315
-0.84852
-0.81316
-0.80029
-0.83798
-0.83264
-0.83263
-0.83576
-0.8149
-0.8151
-0.81494
-0.86283
-0.8466
-0.82272
-0.78013
-0.78732
-0.81797
-0.89389
-0.87546
-0.83128
-0.89667
-0.88908
-0.81736
-0.8176
-0.85553
0
0
0
0
0
0
0
0
0
0
0
0
0
0
0
0
0
0
0
0
0
0
0
0
0
0
0
0
0
0
0
0
0
0
0
0
0
0
0
0
0
0
0
0
0
0
0
0
0
0
0
0
0
0
0
0
0
0
0
0
0
0
0
0
0
0
0
-0.87834
-0.85486
-0.83389
-0.8339
-0.85546
-0.82146
-0.88737
-0.82971
-0.8685
-0.8929
-0.8397
-0.85479
-0.8474
-0.84641
-0.84388
-0.83981
-0.83651
-0.83074
-0.85127
-0.85302
-0.86431
-0.82976
-0.82977
-0.78515
-0.84776
-0.84125
-0.84153
-0.8304
-0.83041
45.3536
-0.81314
-0.8485
-0.81315
-0.80028
-0.83797
-0.83263
-0.83263
-0.83575
-0.81488
-0.8151
-0.81493
-0.86282
-0.84658
-0.82271
-0.78011
-0.78731
-0.81796
-0.89389
-0.87545
-0.83128
-0.89667
-0.88907
-0.81734
-0.81759
-0.85552
0
0
0
0
0
0
0
0
0
0
0
0
0
0
0
0
0
0
0
0
0
0
0
0
0
0
0
0
0
0
0
0
0
0
0
0
0
0
0
0
0
0
0
0
0
0
0
0
0
0
0
0
0
0
0
0
0
0
0
0
0
0
0
0
0
0
0
-0.85484
-0.83154
-0.81074
-0.81073
-0.83243
-0.79843
-0.86379
-0.80659
-0.84501
-0.86924
-0.81638
-0.83143
-0.8241
-0.82311
-0.82057
-0.81655
-0.81327
-0.80755
-0.82791
-0.82963
-0.84088
-0.80631
-0.80631
-0.76226
-0.8217
-0.81694
-0.81673
-0.81316
-0.81315
-0.81314
43.2452
-0.82581
-0.78177
-0.76786
-0.81112
-0.80723
-0.80723
-0.81031
-0.79028
-0.79047
-0.7903
-0.84057
-0.82044
-0.79786
-0.75539
-0.76255
-0.79336
-0.8715
-0.84923
-0.80623
-0.87103
-0.86388
-0.7931
-0.79332
0
0
0
0
0
0
0
0
0
0
0
0
0
0
0
0
0
0
0
0
0
0
0
0
0
0
0
0
0
0
0
0
0
0
0
0
0
0
0
0
0
0
0
0
0
0
0
0
0
0
0
0
0
0
0
0
0
0
0
0
0
0
0
0
0
0
0
0
-0.89081
-0.86848
-0.84869
-0.84869
-0.86819
-0.8355
-0.89903
-0.84314
-0.88175
-0.90421
-0.85179
-0.86568
-0.85783
-0.85678
-0.88099
-0.87756
-0.8747
-0.86954
-0.88689
-0.88822
-0.87584
-0.84144
-0.84144
-0.80691
-0.85283
-0.84185
-0.84694
-0.84851
-0.84852
-0.8485
-0.82581
53.8426
-0.82581
-0.81167
-0.84862
-0.84278
-0.84277
-0.84535
-0.82406
-0.82426
-0.8241
-0.86396
-0.85148
-0.8284
-0.78641
-0.7935
-0.82656
-0.89126
-0.87551
-0.83803
-0.90556
0
0
0
0
0
0
0
0
0
0
0
0
0
0
0
0
0
0
0
0
0
0
0
-2.5914
0
0
0
0
0
-2.8453
0
0
0
0
0
0
0
0
0
0
0
0
0
-5.7788
0
0
0
0
0
0
0
0
0
0
0
0
0
0
0
0
0
0
0
0
0
0
0
0
0
0
0
-0.85484
-0.83155
-0.81074
-0.81073
-0.83244
-0.79842
-0.86379
-0.80659
-0.84501
-0.86923
-0.81639
-0.83142
-0.82409
-0.82312
-0.82058
-0.81656
-0.81328
-0.80755
-0.82791
-0.82963
-0.84089
-0.8063
-0.80631
-0.76225
-0.8217
-0.81694
-0.81673
-0.81316
-0.81316
-0.81315
-0.78177
-0.82581
43.2452
-0.76785
-0.81111
-0.80725
-0.80723
-0.81031
-0.79027
-0.79046
-0.79029
-0.84055
-0.82043
-0.79784
-0.75538
-0.76255
-0.79335
-0.87149
-0.84922
-0.80624
-0.87104
-0.86389
-0.79309
-0.79334
0
0
0
0
0
0
0
0
0
0
0
0
0
0
0
0
0
0
0
0
0
0
0
0
0
0
0
0
0
0
0
0
0
0
0
0
0
0
0
0
0
0
0
0
0
0
0
0
0
0
0
0
0
0
0
0
0
0
0
0
0
0
0
0
0
0
0
0
-0.84104
-0.81796
-0.79734
-0.79734
-0.81857
-0.78508
-0.84989
-0.79317
-0.83172
-0.85567
-0.80326
-0.81813
-0.81081
-0.80984
-0.80787
-0.80384
-0.80057
-0.79484
-0.81519
-0.81693
-0.82724
-0.79326
-0.79326
-0.74864
-0.8083
-0.80362
-0.79952
-0.80028
-0.80029
-0.80028
-0.76786
-0.81167
-0.76785
42.86
-0.79928
-0.79515
-0.79514
-0.79641
-0.77638
-0.77657
-0.77641
-0.82295
-0.80433
-0.78223
-0.73999
-0.74711
-0.77861
-0.85663
-0.82932
-0.79168
-0.85656
-0.84966
0
0
0
0
0
0
0
0
0
0
0
0
0
0
0
0
0
0
0
0
0
-1.8945
0
0
0
0
0
0
0
0
0
0
0
0
0
0
0
0
0
0
0
0
0
0
0
0
0
0
0
0
0
0
0
0
0
0
0
0
0
0
0
0
0
0
0
0
0
0
0
0
-0.87978
-0.8563
-0.83532
-0.83532
-0.85717
-0.82282
-0.8888
-0.83105
-0.86983
-0.89426
-0.84092
-0.85597
-0.84855
-0.84757
-0.84548
-0.84138
-0.83807
-0.83223
-0.85292
-0.85466
-0.86561
-0.83049
-0.83048
-0.78509
-0.8456
-0.84118
-0.84047
-0.83797
-0.83798
-0.83797
-0.81112
-0.84862
-0.81111
-0.79928
41.1237
-0.83977
-0.83975
-0.83719
-0.814
-0.81423
-0.81403
-0.85908
-0.84989
-0.82377
-0.77905
-0.78663
-0.81662
-0.89251
-0.87232
-0.83351
0
0
0
0
0
0
0
0
0
0
0
0
0
0
0
0
0
0
0
0
0
0
0
0
0
0
0
0
0
0
0
0
0
0
0
0
0
0
0
0
0
0
0
0
0
0
0
0
0
0
0
0
0
0
0
0
0
0
0
0
0
0
0
0
0
0
0
0
0
0
0
0
-0.8735
-0.85005
-0.82912
-0.82911
-0.85093
-0.81665
-0.88249
-0.82489
-0.86359
-0.88797
-0.83475
-0.84979
-0.8424
-0.84142
-0.83936
-0.83528
-0.83194
-0.82613
-0.84679
-0.84854
-0.85941
-0.82451
-0.82451
-0.77916
-0.8398
-0.83526
-0.83453
-0.83262
-0.83264
-0.83263
-0.80723
-0.84278
-0.80725
-0.79515
-0.83977
39.9941
-0.81583
-0.82876
-0.80618
-0.80641
-0.80621
-0.85751
-0.84121
-0.81785
-0.77179
-0.77957
-0.81019
-0.88954
-0.87113
0
0
0
0
0
0
0
0
0
0
0
0
0
0
0
0
0
0
0
0
0
0
0
0
0
0
0
0
0
0
0
0
0
0
0
0
0
0
0
0
0
0
0
0
0
0
0
0
0
0
0
0
0
0
0
0
0
0
0
0
0
0
0
0
0
0
0
0
0
0
0
0
0
-0.87349
-0.85006
-0.82912
-0.82911
-0.85094
-0.81667
-0.88249
-0.82487
-0.8636
-0.88796
-0.83475
-0.8498
-0.84239
-0.84141
-0.83936
-0.83528
-0.83196
-0.82612
-0.84678
-0.84853
-0.85941
-0.82451
-0.82451
-0.77916
-0.8398
-0.83527
-0.83454
-0.83263
-0.83263
-0.83263
-0.80723
-0.84277
-0.80723
-0.79514
-0.83975
-0.81583
39.994
-0.82876
-0.80617
-0.80639
-0.8062
-0.85751
-0.84119
-0.81786
-0.77178
-0.77956
-0.81018
-0.88956
-0.87111
0
0
0
0
0
0
0
0
0
0
0
0
0
0
0
0
0
0
0
0
0
0
0
0
0
0
0
0
0
0
0
0
0
0
0
0
0
0
0
0
0
0
0
0
0
0
0
0
0
0
0
0
0
0
0
0
0
0
0
0
0
0
0
0
0
0
0
0
0
0
0
0
0
-0.87662
-0.85312
-0.8321
-0.83211
-0.85399
-0.81965
-0.88565
-0.82787
-0.86663
-0.89111
-0.83773
-0.85282
-0.8454
-0.84442
-0.84238
-0.83827
-0.83494
-0.82908
-0.84984
-0.8516
-0.86251
-0.82747
-0.82747
-0.78173
-0.84259
-0.83805
-0.8373
-0.83576
-0.83576
-0.83575
-0.81031
-0.84535
-0.81031
-0.79641
-0.83719
-0.82876
-0.82876
39.2595
-0.815
-0.81524
-0.81504
-0.85851
-0.83791
-0.82032
-0.77446
-0.78224
-0.81198
-0.88199
0
0
0
0
0
0
0
0
0
0
0
0
0
0
0
0
0
0
0
0
0
0
0
0
0
0
0
0
0
0
0
0
0
0
0
0
0
0
0
0
0
0
0
0
0
0
0
0
0
0
0
0
0
0
0
0
0
0
0
0
0
0
0
0
0
0
0
0
0
0
0
0
0
0
-0.85583
-0.83238
-0.81141
-0.81142
-0.83325
-0.79906
-0.86478
-0.80721
-0.84571
-0.87017
-0.81692
-0.83203
-0.82466
-0.82368
-0.82153
-0.81745
-0.81412
-0.80828
-0.82896
-0.83071
-0.84174
-0.80667
-0.80667
-0.76113
-0.82127
-0.81689
-0.81599
-0.8149
-0.8149
-0.81488
-0.79028
-0.82406
-0.79027
-0.77638
-0.814
-0.80618
-0.80617
-0.815
37.419
-0.78389
-0.78367
-0.83951
-0.82066
-0.80096
-0.75278
-0.7601
-0.79053
0
0
0
0
0
0
0
0
0
0
0
0
0
0
0
0
0
0
0
0
0
0
0
0
0
0
0
0
0
0
0
0
0
0
0
0
0
0
0
0
0
0
0
0
0
0
0
0
0
0
0
0
0
0
0
0
0
0
0
0
0
0
0
0
0
0
0
0
0
0
0
0
0
0
0
-0.85603
-0.83259
-0.81162
-0.8116
-0.83345
-0.79925
-0.86497
-0.80741
-0.84592
-0.87036
-0.8171
-0.83221
-0.82485
-0.82388
-0.82173
-0.81765
-0.81432
-0.80847
-0.82915
-0.8309
-0.84193
-0.80688
-0.80686
-0.76132
-0.82145
-0.81707
-0.81618
-0.8151
-0.8151
-0.8151
-0.79047
-0.82426
-0.79046
-0.77657
-0.81423
-0.80641
-0.80639
-0.81524
-0.78389
37.428
-0.78393
-0.8397
-0.82084
-0.80118
-0.75298
-0.7603
-0.79072
0
0
0
0
0
0
0
0
0
0
0
0
0
0
0
0
0
0
0
0
0
0
0
0
0
0
0
0
0
0
0
0
0
0
0
0
0
0
0
0
0
0
0
0
0
0
0
0
0
0
0
0
0
0
0
0
0
0
0
0
0
0
0
0
0
0
0
0
0
0
0
0
0
0
0
-0.85587
-0.83243
-0.81144
-0.81144
-0.83327
-0.79909
-0.86482
-0.80724
-0.84576
-0.8702
-0.81694
-0.83205
-0.82469
-0.82371
-0.82158
-0.81749
-0.81416
-0.80831
-0.829
-0.83075
-0.84177
-0.8067
-0.8067
-0.76115
-0.82129
-0.81692
-0.81601
-0.81492
-0.81494
-0.81493
-0.7903
-0.8241
-0.79029
-0.77641
-0.81403
-0.80621
-0.8062
-0.81504
-0.78367
-0.78393
37.4205
-0.83955
-0.82069
-0.80101
-0.75282
-0.76012
-0.79057
0
0
0
0
0
0
0
0
0
0
0
0
0
0
0
0
0
0
0
0
0
0
0
0
0
0
0
0
0
0
0
0
0
0
0
0
0
0
0
0
0
0
0
0
0
0
0
0
0
0
0
0
0
0
0
0
0
0
0
0
0
0
0
0
0
0
0
0
0
0
0
0
0
0
0
-0.90061
-0.87789
-0.85746
-0.85746
-0.87803
-0.84441
-0.9091
-0.85253
-0.89129
-0.91436
-0.85865
-0.87616
-0.86855
-0.86753
-0.86838
-0.86402
-0.86047
-0.85422
-0.87624
-0.87809
-0.88527
-0.85267
-0.85267
-0.80027
-0.8668
-0.86201
-0.86074
-0.86282
-0.86283
-0.86282
-0.84057
-0.86396
-0.84055
-0.82295
-0.85908
-0.85751
-0.85751
-0.85851
-0.83951
-0.8397
-0.83955
43.7154
-0.86057
0
0
0
0
0
0
0
0
0
0
0
0
0
0
0
0
0
0
0
0
0
0
0
0
0
0
0
0
0
0
0
0
-2.2131
0
0
0
0
0
0
-5.298
0
0
0
0
0
0
0
0
0
0
0
0
0
0
0
0
0
0
0
0
0
0
0
0
0
0
0
0
0
0
0
0
0
0
0
0
0
0
0
-0.88469
-0.86235
-0.84248
-0.84247
-0.86316
-0.82975
-0.89341
-0.83776
-0.8758
-0.89862
-0.84758
-0.86115
-0.85364
-0.85264
-0.85288
-0.84865
-0.84521
-0.83915
-0.86053
-0.86234
-0.86977
-0.83755
-0.83754
-0.78751
-0.85229
-0.84779
-0.84677
-0.84661
-0.8466
-0.84658
-0.82044
-0.85148
-0.82043
-0.80433
-0.84989
-0.84121
-0.84119
-0.83791
-0.82066
-0.82084
-0.82069
-0.86057
40.4279
0
0
0
0
0
0
0
0
0
0
0
0
0
0
0
0
0
0
0
0
0
0
0
0
0
0
0
0
0
0
0
0
0
0
0
0
0
0
0
0
0
0
0
0
0
0
0
0
0
0
0
0
0
0
0
0
0
-4.865
0
0
0
0
0
0
0
0
0
0
0
0
0
0
0
0
0
0
0
0
0
-0.86149
-0.83891
-0.81889
-0.81889
-0.8396
-0.8063
-0.87009
-0.81421
-0.85212
-0.8753
-0.82383
-0.83782
-0.83038
-0.82938
-0.82891
-0.82473
-0.82133
-0.81534
-0.83648
-0.83826
-0.84682
-0.8138
-0.8138
-0.76542
-0.82831
-0.82384
-0.8228
-0.82271
-0.82272
-0.82271
-0.79786
-0.8284
-0.79784
-0.78223
-0.82377
-0.81785
-0.81786
-0.82032
-0.80096
-0.80118
-0.80101
0
0
38.5186
0
0
0
0
0
0
0
0
0
0
0
0
0
0
0
0
0
0
0
0
0
0
0
0
0
0
0
0
0
0
0
0
0
0
0
0
0
0
0
0
0
0
0
0
-4.7641
0
0
0
0
0
0
0
0
0
0
0
0
0
0
0
0
0
0
0
0
0
0
0
0
0
0
0
0
0
0
0
0
0
-0.81914
-0.79682
-0.777
-0.777
-0.79761
-0.76465
-0.82775
-0.77246
-0.80979
-0.83282
-0.78198
-0.79583
-0.78851
-0.78754
-0.78674
-0.78266
-0.77934
-0.7735
-0.79414
-0.79589
-0.80472
-0.77175
-0.77176
-0.7248
-0.78591
-0.78169
-0.78064
-0.78012
-0.78013
-0.78011
-0.75539
-0.78641
-0.75538
-0.73999
-0.77905
-0.77179
-0.77178
-0.77446
-0.75278
-0.75298
-0.75282
0
0
0
35.9745
0
0
0
0
0
0
0
0
0
0
0
0
0
0
0
0
0
0
0
0
0
0
0
0
0
0
0
0
0
0
0
0
0
0
0
0
0
0
0
0
0
0
0
0
0
0
0
0
0
0
0
0
0
0
0
0
0
-3.9789
0
0
0
0
0
0
0
0
0
0
0
0
0
0
0
0
0
0
0
-0.82641
-0.80401
-0.78412
-0.78412
-0.80472
-0.77169
-0.83499
-0.77951
-0.81699
-0.8401
-0.78902
-0.80296
-0.79562
-0.79465
-0.79384
-0.78974
-0.78641
-0.78055
-0.80128
-0.80303
-0.81195
-0.77884
-0.77885
-0.73173
-0.79305
-0.78878
-0.78772
-0.78731
-0.78732
-0.78731
-0.76255
-0.7935
-0.76255
-0.74711
-0.78663
-0.77957
-0.77956
-0.78224
-0.7601
-0.7603
-0.76012
0
0
0
0
36.6189
0
0
0
0
0
0
0
0
0
0
0
0
0
0
0
0
0
0
0
0
0
0
0
0
0
0
0
0
0
0
0
0
0
0
0
0
0
0
0
0
0
0
0
0
0
0
0
0
0
0
0
0
0
0
0
0
0
0
0
0
0
0
0
-4.328
0
0
0
0
0
0
0
0
0
0
0
0
-0.85894
-0.83532
-0.81417
-0.81417
-0.83619
-0.80182
-0.86794
-0.81
-0.84862
-0.87329
-0.81983
-0.83495
-0.82758
-0.82659
-0.82439
-0.82028
-0.81694
-0.81105
-0.83186
-0.83363
-0.84484
-0.8095
-0.80951
-0.76354
-0.82409
-0.81967
-0.81874
-0.81797
-0.81797
-0.81796
-0.79336
-0.82656
-0.79335
-0.77861
-0.81662
-0.81019
-0.81018
-0.81198
-0.79053
-0.79072
-0.79057
0
0
0
0
0
33.564
0
0
0
0
0
0
0
0
0
0
0
0
0
0
0
0
0
0
0
0
0
0
0
0
0
0
0
0
0
0
0
0
0
0
0
0
0
0
0
0
0
0
0
0
0
0
0
0
0
0
0
0
0
0
0
0
0
0
0
0
0
0
0
0
0
0
0
0
0
0
0
0
0
0
0
-0.92836
-0.90683
-0.88796
-0.88798
-0.90739
-0.87471
-0.93679
-0.88252
-0.92012
-0.94173
-0.89228
-0.9044
-0.89665
-0.89562
-0.89873
-0.89418
-0.89049
-0.88394
-0.90691
-0.9088
-0.91241
-0.88281
-0.88281
-0.82563
-0.89585
-0.89164
-0.88972
-0.89388
-0.89389
-0.89389
-0.8715
-0.89126
-0.87149
-0.85663
-0.89251
-0.88954
-0.88956
-0.88199
0
0
0
0
0
0
0
0
0
44.9042
0
0
0
0
0
0
0
0
0
0
0
0
0
0
0
0
0
0
0
0
0
0
0
0
0
0
0
0
0
0
0
0
0
0
0
0
0
0
0
0
0
0
0
0
0
-5.4754
0
0
0
-5.4754
0
0
0
0
0
0
0
0
0
0
0
0
0
0
0
0
0
0
0
0
0
0
0
0
-0.91077
-0.889
-0.86999
-0.86998
-0.88944
-0.85689
-0.9192
-0.86466
-0.90227
-0.92429
-0.87444
-0.88702
-0.87935
-0.87834
-0.8805
-0.8761
-0.87251
-0.86618
-0.88845
-0.89031
-0.89534
-0.86499
-0.86499
-0.81107
-0.87964
-0.87474
-0.87363
-0.87544
-0.87546
-0.87545
-0.84923
-0.87551
-0.84922
-0.82932
-0.87232
-0.87113
-0.87111
0
0
0
0
0
0
0
0
0
0
0
42.5958
0
0
0
0
0
0
0
0
0
0
0
0
0
0
0
0
0
0
0
0
0
0
0
0
0
0
0
0
0
0
0
0
0
0
-5.0988
0
0
0
0
0
0
0
0
0
0
0
0
0
0
0
0
0
0
0
0
0
0
0
0
0
0
0
0
0
0
0
0
-5.0987
0
0
0
0
0
-0.86999
-0.84738
-0.82735
-0.82734
-0.84853
-0.81482
-0.87892
-0.82294
-0.86084
-0.88421
-0.83283
-0.84673
-0.8393
-0.83831
-0.83774
-0.83359
-0.8302
-0.82425
-0.84529
-0.84706
-0.85562
-0.82264
-0.82263
-0.77451
-0.83733
-0.83298
-0.83195
-0.83129
-0.83128
-0.83128
-0.80623
-0.83803
-0.80624
-0.79168
-0.83351
0
0
0
0
0
0
0
0
0
0
0
0
0
0
32.6471
0
0
0
0
0
0
0
0
0
0
0
0
0
0
0
0
0
0
0
0
0
0
0
0
0
0
0
0
0
0
0
-3.4423
0
0
0
0
0
0
0
0
0
0
0
0
0
0
0
0
0
0
0
0
0
0
0
0
0
0
0
0
0
0
0
0
0
0
0
0
0
0
0
0
-0.93826
-0.91406
-0.8924
-0.8924
-0.915
-0.87968
-0.9475
-0.88814
-0.92786
-0.95314
-0.89835
-0.9138
-0.90621
-0.90521
-0.90324
-0.89899
-0.89554
-0.88948
-0.91092
-0.91272
-0.92395
-0.88789
-0.88789
-0.84015
-0.90315
-0.89857
-0.89766
-0.89666
-0.89667
-0.89667
-0.87103
-0.90556
-0.87104
-0.85656
0
0
0
0
0
0
0
0
0
0
0
0
0
0
0
0
30.6164
0
0
0
0
0
0
0
0
0
0
0
0
0
0
0
0
0
0
0
0
0
0
0
0
0
0
0
0
0
0
0
0
0
0
0
0
0
0
0
0
0
0
0
0
0
0
0
0
0
0
0
0
0
0
0
0
0
0
0
0
0
0
0
0
0
0
0
0
0
0
0
-0.93057
-0.90636
-0.8847
-0.8847
-0.90737
-0.87202
-0.93984
-0.88047
-0.92012
-0.94544
-0.89063
-0.90612
-0.89855
-0.89755
-0.8963
-0.89212
-0.88869
-0.88267
-0.90391
-0.90569
-0.91637
-0.88021
-0.88019
-0.83337
-0.89548
-0.89098
-0.88991
-0.88907
-0.88908
-0.88907
-0.86388
0
-0.86389
-0.84966
0
0
0
0
0
0
0
0
0
0
0
0
0
0
0
0
0
29.4649
0
0
0
0
0
0
0
0
0
0
0
0
0
0
0
0
0
0
0
0
0
0
0
0
0
0
0
0
0
0
0
0
0
0
0
0
0
0
0
0
0
0
0
0
0
0
0
0
0
0
0
0
0
0
0
0
0
0
0
0
0
0
0
0
0
0
0
0
0
0
-0.85813
-0.83437
-0.81309
-0.81309
-0.83539
-0.80074
-0.86716
-0.80896
-0.84768
-0.87253
-0.81879
-0.83406
-0.82669
-0.82572
-0.82404
-0.81997
-0.81664
-0.81079
-0.83144
-0.83318
-0.84418
-0.80853
-0.80854
-0.76345
-0.82371
-0.81937
-0.81836
-0.81736
-0.81736
-0.81734
-0.7931
0
-0.79309
0
0
0
0
0
0
0
0
0
0
0
0
0
0
0
0
0
0
0
26.3169
0
0
0
0
0
0
0
0
0
0
0
0
0
0
0
0
0
0
0
0
0
0
0
0
0
0
0
0
0
0
0
0
0
0
0
0
0
0
0
0
0
0
0
0
0
0
0
0
0
0
0
0
0
0
0
0
0
0
0
0
0
0
0
0
0
0
0
0
0
-0.85837
-0.83461
-0.81332
-0.81332
-0.83563
-0.80097
-0.86742
-0.80919
-0.84793
-0.87278
-0.81904
-0.83431
-0.82693
-0.82595
-0.82428
-0.82021
-0.81687
-0.81102
-0.83168
-0.83342
-0.84442
-0.80876
-0.80877
-0.76368
-0.82395
-0.81961
-0.81859
-0.81759
-0.8176
-0.81759
-0.79332
0
-0.79334
0
0
0
0
0
0
0
0
0
0
0
0
0
0
0
0
0
0
0
0
26.3244
0
0
0
0
0
0
0
0
0
0
0
0
0
0
0
0
0
0
0
0
0
0
0
0
0
0
0
0
0
0
0
0
0
0
0
0
0
0
0
0
0
0
0
0
0
0
0
0
0
0
0
0
0
0
0
0
0
0
0
0
0
0
0
0
0
0
0
0
-0.89644
-0.87267
-0.85103
-0.85101
-0.85877
-0.83844
-0.90538
-0.84652
-0.88693
-0.91203
-0.8572
-0.87311
-0.8656
-0.8646
-0.86339
-0.85923
-0.85583
-0.84986
-0.87092
-0.87268
-0.88269
-0.84735
-0.84734
-0.80104
-0.86187
-0.85674
-0.85603
-0.85551
-0.85553
-0.85552
0
0
0
0
0
0
0
0
0
0
0
0
0
0
0
0
0
0
0
0
0
0
0
0
28.9207
0
0
0
0
0
0
0
0
0
0
0
0
0
0
0
0
0
0
0
0
0
-3.0495
0
0
0
0
0
0
0
0
0
0
0
0
0
0
0
0
0
0
0
0
0
0
0
0
0
0
0
0
0
0
0
0
0
0
0
0
0
0
0
0
0
0
0
0
0
-0.89071
-0.86807
-0.84772
-0.84771
-0.8694
-0.83519
-0.89984
-0.84355
-0.88181
-0.90532
-0.8534
-0.86756
-0.86008
-0.85908
-0.85924
-0.85511
-0.85173
-0.84581
-0.86677
-0.86855
-0.87581
-0.84334
-0.84334
-0.79582
0
0
0
0
0
0
0
0
0
0
0
0
0
0
0
0
0
0
0
0
0
0
0
0
0
0
0
0
0
0
0
25.0712
0
0
0
0
0
0
0
0
0
0
0
0
0
0
0
0
0
0
0
0
0
0
-1.3381
0
0
0
0
0
0
0
0
0
0
0
0
0
0
0
0
0
0
0
0
0
0
0
0
0
0
0
0
0
0
0
0
0
0
0
0
-3.0981
0
0
0
0
0
0
-0.89913
-0.87748
-0.85872
-0.85871
-0.87938
-0.84594
-0.90809
-0.85402
-0.89093
-0.91306
-0.86356
-0.87642
-0.86887
-0.86788
-0.86954
-0.86536
-0.86195
-0.85598
-0.87711
-0.8789
-0.88444
-0.85372
-0.85372
-0.80459
0
0
0
0
0
0
0
0
0
0
0
0
0
0
0
0
0
0
0
0
0
0
0
0
0
0
0
0
0
0
0
0
27.8249
0
0
0
0
0
0
0
0
0
0
0
0
0
0
0
0
0
0
0
0
0
0
0
0
0
0
0
-3.4787
0
0
0
0
0
0
-3.4787
0
0
0
0
0
0
0
0
0
0
0
0
0
0
0
0
0
0
0
0
0
0
0
0
0
0
0
0
0
0
-0.92484
-0.90045
-0.87863
-0.87863
-0.90163
-0.86598
-0.93413
-0.87447
-0.91408
-0.93962
-0.8846
-0.90019
-0.89264
-0.89163
-0.88978
-0.88562
-0.88221
-0.87624
-0.89736
-0.89913
-0.91068
-0.87404
-0.87403
-0.82795
0
0
0
0
0
0
0
0
0
0
0
0
0
0
0
0
0
0
0
0
0
0
0
0
0
0
0
0
0
0
0
0
0
21.3986
0
0
0
0
0
0
0
0
0
0
0
0
0
0
0
0
0
0
0
0
0
0
0
0
0
0
0
0
0
0
0
0
0
0
0
0
0
0
0
0
0
0
0
0
0
0
0
0
0
0
0
0
0
0
0
0
0
0
0
0
0
0
0
0
-0.85697
-0.8329
-0.81129
-0.81129
-0.83409
-0.79901
-0.86607
-0.80726
-0.846
-0.8713
-0.81703
-0.83251
-0.82514
-0.82416
-0.82189
-0.8178
-0.81449
-0.80867
-0.82928
-0.83101
-0.84297
-0.8065
-0.80651
0
0
0
0
0
0
0
0
0
0
0
0
0
0
0
0
0
0
0
0
0
0
0
0
0
0
0
0
0
0
0
0
0
0
0
19.0141
0
0
0
0
0
0
0
0
0
0
0
0
0
0
0
0
0
0
0
0
0
0
0
0
0
0
0
0
0
0
0
0
0
0
0
0
0
0
0
0
0
0
0
0
0
0
0
0
0
0
0
0
0
0
0
0
0
0
0
0
0
0
0
-0.89689
-0.87258
-0.85079
-0.85078
-0.87377
-0.83833
-0.90613
-0.84675
-0.886
-0.91153
-0.85675
-0.87239
-0.86491
-0.86392
-0.86176
-0.85763
-0.85426
-0.84834
-0.86928
-0.87104
-0.88293
-0.8463
-0.84631
0
0
0
0
0
0
0
0
0
0
0
0
0
0
0
0
0
0
0
0
0
0
0
0
0
0
0
0
0
0
0
0
0
0
0
0
19.9294
0
0
0
0
0
0
0
0
0
0
0
0
0
0
0
0
0
0
0
0
0
0
0
0
0
0
0
0
0
0
0
0
0
0
0
0
0
0
0
0
0
0
0
0
0
0
0
0
0
0
0
0
0
0
0
0
0
0
0
0
0
0
-0.90194
-0.88055
-0.86215
-0.86215
-0.88431
-0.84954
-0.91128
-0.85781
-0.89353
-0.9156
-0.86701
-0.87937
-0.87186
-0.87085
-0.87263
-0.86847
-0.86507
-0.85912
-0.88019
-0.88197
0
0
0
0
0
0
0
0
0
0
0
0
0
0
0
0
0
0
0
0
0
0
0
0
0
0
0
0
0
0
0
0
0
0
0
0
0
0
0
0
24.0806
0
0
0
0
0
0
0
0
0
0
0
0
0
0
0
0
0
0
0
0
0
0
0
0
0
0
-3.2727
0
0
0
0
0
0
0
0
0
0
0
0
0
0
0
0
0
0
0
-3.2725
0
0
0
0
0
0
0
0
0
0
0
0
0
0
-0.86921
-0.84529
-0.82364
-0.82363
-0.8464
-0.8113
-0.87854
-0.81968
-0.85869
-0.88396
-0.82962
-0.84516
-0.83777
-0.83677
-0.83457
-0.83048
-0.82715
-0.82131
-0.84198
-0.84374
0
0
0
0
0
0
0
0
0
0
0
0
0
0
0
0
0
0
0
0
0
0
0
0
0
0
0
0
0
0
0
0
0
0
0
0
0
0
0
0
0
17.7021
0
0
0
0
0
0
0
0
0
0
0
0
0
0
0
-0.89325
0
0
0
0
0
0
0
0
0
0
0
0
0
0
0
0
0
0
0
0
0
0
0
0
0
0
0
0
0
0
0
0
0
0
0
0
0
0
0
0
0
0
0
0
-0.83999
-0.81564
-0.79365
-0.79364
-0.81706
-0.78153
-0.84912
-0.7897
-0.82811
-0.85394
-0.799
-0.81497
-0.80766
-0.80668
-0.80317
-0.79915
-0.79585
-0.79008
-0.81052
-0.81224
0
0
0
0
0
0
0
0
0
0
0
0
0
0
0
0
0
0
0
0
0
0
0
0
0
0
0
0
0
0
0
0
0
0
0
0
0
0
0
0
0
0
16.2017
0
0
0
0
0
0
0
0
0
0
0
0
0
0
0
0
0
0
0
0
0
0
0
0
0
0
0
0
0
0
0
0
0
0
0
0
0
0
0
0
0
0
0
0
0
0
0
0
0
0
0
0
0
0
0
0
0
0
0
-1.5804
-1.5591
-1.5423
-1.5424
-1.5526
-1.5276
-1.5908
-1.5368
0
0
0
0
0
0
0
0
0
0
0
0
0
0
0
0
0
0
0
0
0
0
0
0
0
0
0
0
0
0
0
0
0
0
0
0
0
0
0
0
0
0
0
0
0
0
0
0
0
0
0
0
0
0
0
26.3118
0
0
0
0
0
0
0
0
0
0
0
0
0
0
0
0
0
0
0
0
0
0
0
0
0
0
0
0
0
0
0
0
0
0
0
0
0
0
0
-4.6267
0
-4.6271
0
0
0
0
0
0
0
0
0
0
0
0
0
-4.6259
0
0
-1.4804
-1.4538
-1.4295
-1.4295
-1.4569
-1.416
-1.493
-1.4267
-1.469
0
-1.4376
0
0
0
0
0
0
0
0
0
0
0
0
0
0
0
0
0
0
0
0
0
0
0
0
0
0
0
0
0
0
0
0
0
0
0
0
0
0
0
0
0
0
0
0
0
0
0
0
0
0
0
0
0
14.4926
0
0
0
0
0
0
0
0
0
0
0
0
0
0
0
0
0
0
0
0
0
0
0
0
0
0
0
0
0
0
0
0
0
0
0
0
0
0
0
0
0
0
0
0
0
0
0
0
0
0
0
0
0
0
0
0
0
-1.4681
-1.4415
-1.416
-1.416
-1.4464
-1.4035
-1.4825
-1.416
0
0
0
0
0
0
0
0
0
0
0
0
0
0
0
0
0
0
0
0
0
0
0
0
0
0
0
0
0
0
0
0
0
0
0
0
0
0
0
0
0
0
0
0
0
0
0
0
0
0
0
0
0
0
0
0
0
11.4901
0
0
0
0
0
0
0
0
0
0
0
0
0
0
0
0
0
0
0
0
0
0
0
0
0
0
0
0
0
0
0
0
0
0
0
0
0
0
0
0
0
0
0
0
0
0
0
0
0
0
0
0
0
0
0
0
-1.7509
-1.7247
-1.7011
-1.7011
-1.7287
-1.6876
-1.7647
-1.6995
0
0
0
0
0
0
0
0
0
0
0
0
0
0
0
0
0
0
0
0
0
0
0
0
0
0
0
0
0
0
0
0
0
0
0
0
0
0
0
0
0
0
0
0
0
0
0
0
0
0
0
0
0
0
0
0
0
0
13.7583
0
0
0
0
0
0
0
0
0
0
0
0
0
0
0
0
0
0
0
0
0
0
0
0
0
0
0
0
0
0
0
0
0
0
0
0
0
0
0
0
0
0
0
0
0
0
0
0
0
0
0
0
0
0
0
-1.4114
-1.384
-1.3568
-1.3568
-1.3889
-1.3445
-1.4253
-1.3565
0
0
0
0
0
0
0
0
0
0
0
0
0
0
0
0
0
0
0
0
0
0
0
0
0
0
0
0
0
0
0
0
0
0
0
0
0
0
0
0
0
0
0
0
0
0
0
0
0
0
0
0
0
0
0
0
0
0
0
11.0242
0
0
0
0
0
0
0
0
0
0
0
0
0
0
0
0
0
0
0
0
0
0
0
0
0
0
0
0
0
0
0
0
0
0
0
0
0
0
0
0
0
0
0
0
0
0
0
0
0
0
0
0
0
0
-1.6453
-1.6193
-1.5956
-1.5956
-1.6236
-1.5826
-1.6595
-1.595
0
0
0
0
0
0
0
0
0
0
0
0
0
0
0
0
0
0
0
0
0
0
0
0
0
0
0
0
0
0
0
0
0
0
0
0
0
0
0
0
0
0
0
0
0
0
0
0
0
0
0
0
0
0
0
0
0
0
0
0
12.9165
0
0
0
0
0
0
0
0
0
0
0
0
0
0
0
0
0
0
0
0
0
0
0
0
0
0
0
0
0
0
0
0
0
0
0
0
0
0
0
0
0
0
0
0
0
0
0
0
0
0
0
0
0
-1.5201
-1.494
-1.4697
-1.4697
-1.4982
-1.4571
-1.5347
-1.4698
0
0
0
0
0
0
0
0
0
0
0
0
0
0
0
0
0
0
0
0
0
0
0
0
0
0
0
0
0
0
0
0
0
0
0
0
0
0
0
0
0
0
0
0
0
0
0
0
0
0
0
0
0
0
0
0
0
0
0
0
0
11.9133
0
0
0
0
0
0
0
0
0
0
0
0
0
0
0
0
0
0
0
0
0
0
0
0
0
0
0
0
0
0
0
0
0
0
0
0
0
0
0
0
0
0
0
0
0
0
0
0
0
0
0
0
-2.1185
-2.0885
-2.0615
-2.0615
0
-2.0526
0
0
0
0
0
0
0
0
0
0
0
0
0
0
0
0
0
0
0
0
0
0
0
0
0
0
0
0
0
0
0
0
0
0
0
0
0
0
0
0
0
0
0
0
0
0
0
0
0
0
0
0
0
0
0
0
0
0
0
0
0
0
0
0
10.3826
0
0
0
0
0
0
0
0
0
0
0
0
0
0
0
0
0
0
0
0
0
0
0
0
0
0
0
0
0
0
0
0
0
0
0
0
0
0
0
0
0
0
0
0
0
0
0
0
0
0
0
-2.0439
-2.014
-1.987
-1.987
0
-1.9787
0
0
0
0
0
0
0
0
0
0
0
0
0
0
0
0
0
0
0
0
0
0
0
0
0
0
0
0
0
0
0
0
0
0
0
0
0
0
0
0
0
0
0
0
0
0
0
0
0
0
0
0
0
0
0
0
0
0
0
0
0
0
0
0
0
10.0106
0
0
0
0
0
0
0
0
0
0
0
0
0
0
0
0
0
0
0
0
0
0
0
0
0
0
0
0
0
0
0
0
0
0
0
0
0
0
0
0
0
0
0
0
0
0
0
0
0
0
-2.2625
-2.2289
-2.1965
-2.1965
0
0
0
0
0
0
0
0
0
0
0
0
0
0
0
0
0
0
0
0
0
0
0
0
0
0
0
0
0
0
0
0
0
0
0
0
0
0
0
0
0
0
0
0
0
0
0
0
0
0
0
0
0
0
0
0
0
0
0
0
0
0
0
0
0
0
0
0
9.3635
0
0
0
0
0
0
0
0
0
0
0
0
0
0
0
0
0
0
0
0
0
0
0
0
0
0
0
0
0
0
0
0
0
0
0
0
0
0
0
0
-0.4791
0
0
0
0
0
0
0
0
0
0
0
0
0
0
0
0
0
0
0
0
0
0
0
0
0
0
0
0
0
0
0
0
0
0
-1.9498
0
0
0
0
0
0
-1.8945
0
0
0
0
0
0
0
0
0
0
0
0
0
0
0
0
0
0
0
0
0
0
0
0
0
0
0
0
0
0
0
0
0
0
0
0
0
0
0
10.0924
0
0
0
0
0
-2.8801
0
0
0
0
0
0
0
0
0
0
0
0
0
0
0
0
-3.368
0
0
0
0
0
0
0
0
0
0
0
0
0
0
0
0
0
0
0
0
0
0
0
0
0
0
0
0
0
0
0
0
0
0
0
0
0
0
0
0
0
0
0
0
0
0
0
0
0
0
-2.5963
0
0
0
0
0
-2.5914
0
0
0
0
0
0
0
0
0
0
0
0
0
0
0
0
0
0
0
0
0
0
0
0
0
0
0
0
0
0
0
0
0
0
0
0
0
0
0
0
0
0
9.0299
0
0
0
0
0
0
0
0
0
0
0
0
0
0
0
0
0
0
0
0
0
0
0
0
0
0
0
0
0
0
0
0
0
0
0
0
0
0
0
-3.8422
0
0
0
0
0
0
0
0
0
0
0
0
0
0
0
0
0
-2.2394
0
0
0
0
0
0
0
0
0
0
0
0
0
0
0
0
0
0
0
0
0
0
0
0
0
0
0
0
0
0
-2.2131
0
0
0
0
0
0
0
0
0
0
0
0
0
0
0
0
0
0
0
0
0
0
0
0
0
0
0
0
0
0
0
0
0
8.0145
0
0
0
0
0
0
0
0
0
0
0
0
0
0
-3.5619
0
0
0
0
0
0
0
0
0
0
0
0
0
0
0
0
0
0
0
0
0
0
0
0
0
0
0
0
0
0
0
0
0
0
0
-3.2748
0
0
0
0
0
0
0
0
0
0
0
0
0
0
0
0
0
0
0
0
0
0
0
0
0
0
0
0
0
0
0
0
0
0
0
0
0
0
0
0
0
0
0
0
0
0
0
0
0
-3.0495
0
0
0
0
0
0
0
0
0
0
0
0
0
0
0
0
0
0
0
0
0
10.6369
0
0
0
0
0
0
0
0
-4.3126
0
0
0
0
0
0
0
0
0
0
0
0
0
0
0
0
0
0
0
0
0
0
0
0
0
0
0
0
0
0
0
0
0
0
0
0
0
0
0
0
0
0
0
0
0
0
0
0
0
0
0
0
0
0
0
0
0
0
0
0
-0.94464
0
0
0
0
0
0
0
0
0
0
0
0
0
0
0
0
0
0
0
0
0
0
0
0
0
0
0
0
0
0
0
0
0
0
0
0
-0.89325
0
0
0
0
0
0
0
0
0
0
0
0
0
0
0
5.5835
0
0
0
0
0
0
0
0
0
0
0
0
0
0
0
0
0
0
0
0
0
0
0
0
0
0
0
0
-3.7457
0
0
0
0
0
0
0
0
0
0
0
0
0
0
0
0
0
0
0
0
0
0
0
0
0
0
0
0
0
0
0
0
0
0
0
-1.3614
0
0
0
0
0
0
0
0
0
0
0
0
0
0
0
0
0
0
0
0
0
0
0
0
0
0
0
0
0
0
0
0
0
0
-1.3381
0
0
0
0
0
0
0
0
0
0
0
0
0
0
0
0
0
0
0
0
0
0
6.3067
0
0
0
0
0
0
0
0
0
0
0
0
0
0
0
0
0
0
0
0
0
0
0
0
0
0
0
0
0
0
0
0
0
0
0
0
0
0
0
0
0
-3.6072
0
0
0
0
0
0
0
0
0
0
0
0
0
0
0
0
0
0
0
0
0
0
0
0
0
0
0
0
0
0
0
0
0
0
0
0
0
0
0
0
0
0
0
0
0
0
0
0
0
0
0
0
0
0
0
0
0
0
0
0
0
0
0
0
0
0
0
0
0
0
0
0
0
0
-2.8801
0
0
0
0
0
6.6521
-3.7719
0
0
0
0
0
0
0
0
0
0
0
0
0
0
0
0
0
0
0
0
0
0
0
0
0
0
0
0
0
0
0
0
0
0
0
0
0
0
0
0
0
0
0
0
0
0
0
0
0
0
0
0
0
0
0
0
0
0
0
0
0
0
0
0
0
0
0
0
0
0
0
0
-2.8453
0
0
0
0
0
0
0
0
0
0
0
0
0
0
0
0
0
0
0
0
0
0
0
0
0
0
0
0
0
0
0
0
0
0
0
0
0
0
0
0
0
0
0
0
0
0
0
-3.7719
6.6172
0
0
0
0
0
0
0
0
0
0
0
0
0
0
0
0
0
0
0
0
0
0
0
0
0
0
0
0
0
0
0
0
0
0
0
0
0
0
0
0
0
0
0
0
0
0
0
0
0
0
0
0
0
0
0
0
0
0
0
0
0
0
0
0
0
0
0
0
0
0
0
0
0
0
0
0
0
0
0
0
0
0
0
0
0
0
0
0
0
0
-3.4423
0
0
0
0
0
0
0
0
0
0
0
0
0
0
0
0
0
0
0
0
0
0
0
0
0
0
0
0
0
0
0
3.4423
0
0
0
0
0
0
0
0
0
0
0
0
0
0
0
0
0
0
0
0
0
0
0
0
0
0
0
0
0
0
0
0
0
0
0
0
0
0
0
0
0
0
0
0
0
0
0
0
0
0
0
0
0
0
0
0
0
0
0
0
0
0
0
0
0
0
0
0
0
0
0
0
0
0
0
0
0
0
0
0
0
-5.298
0
0
0
0
0
0
0
0
0
0
0
0
0
0
0
0
0
0
0
0
0
0
0
0
0
0
0
0
0
0
0
0
0
0
0
0
0
0
0
0
5.298
0
0
0
0
0
0
0
0
0
0
0
0
0
0
0
0
0
0
0
0
0
0
0
0
0
0
0
0
0
0
0
0
0
0
0
0
0
0
0
0
0
0
0
0
0
0
0
0
0
0
0
0
0
0
0
0
0
0
0
0
0
0
0
0
0
0
0
0
0
0
0
0
0
0
0
0
0
0
0
0
0
0
0
0
0
0
0
-5.0988
0
0
0
0
0
0
0
0
0
0
0
0
0
0
0
0
0
0
0
0
0
0
0
0
0
0
0
0
0
0
0
0
0
0
5.0988
0
0
0
0
0
0
0
0
0
0
0
0
0
0
0
0
0
0
0
0
0
0
0
0
0
0
0
0
0
0
0
0
0
0
0
0
0
0
0
0
0
0
0
0
0
0
0
0
0
0
0
0
0
0
0
0
0
0
0
0
0
0
0
0
0
0
0
0
0
0
0
0
0
0
0
0
0
0
0
0
0
0
0
0
0
0
0
0
0
0
0
0
0
0
-3.4787
0
0
0
0
0
0
0
0
0
0
0
0
0
0
0
0
0
0
0
0
0
0
0
0
0
0
0
3.4787
0
0
0
0
0
0
0
0
0
0
0
0
0
0
0
0
0
0
0
0
0
0
0
0
0
0
0
0
0
0
0
0
0
0
0
0
0
0
0
0
0
0
0
0
0
0
0
0
0
0
0
0
0
0
0
0
0
0
0
0
0
0
0
0
0
0
0
0
0
0
0
0
0
0
0
0
0
0
0
0
0
0
0
0
0
0
0
0
0
0
0
0
0
0
0
0
0
0
0
0
0
0
0
0
0
0
0
0
0
0
0
0
0
-4.3126
0
0
0
0
0
0
0
0
4.3126
0
0
0
0
0
0
0
0
0
0
0
0
0
0
0
0
0
0
0
0
0
0
0
0
0
0
0
0
0
0
0
0
0
0
0
0
0
0
0
0
0
0
0
0
0
0
0
0
-6.717
0
0
0
0
0
0
0
0
0
0
0
0
0
0
0
0
0
0
0
0
0
0
0
0
0
0
0
0
0
0
0
0
0
0
0
0
0
0
0
0
0
0
0
0
0
0
0
0
0
0
0
0
0
0
0
0
0
0
0
0
0
0
0
0
0
0
0
0
0
0
0
0
0
6.717
0
0
0
0
0
0
0
0
0
0
0
0
0
0
0
0
0
0
0
0
0
0
0
0
0
0
0
0
0
0
0
0
0
0
0
0
0
0
0
0
0
0
0
0
0
0
0
0
0
0
0
0
0
0
0
0
0
0
0
0
0
0
0
0
0
0
0
0
0
0
0
0
0
0
0
0
0
0
0
0
0
0
0
0
0
0
0
0
0
0
0
0
0
0
0
-3.2727
0
0
0
0
0
0
0
0
0
0
0
0
0
0
0
0
0
0
0
0
0
0
0
0
0
0
3.2727
0
0
0
0
0
0
0
0
0
0
0
0
0
0
0
0
0
0
0
0
0
0
0
0
0
0
0
0
0
0
0
0
0
0
0
0
0
0
0
0
0
0
0
0
0
0
0
0
0
0
0
0
0
0
0
0
0
0
0
0
0
0
0
0
0
0
0
0
0
0
0
0
0
0
0
0
0
-4.7641
0
0
0
0
0
0
0
0
0
0
0
0
0
0
0
0
0
0
0
0
0
0
0
0
0
0
0
0
0
0
0
0
0
0
0
0
0
0
0
0
0
0
0
0
4.7641
0
0
0
0
0
0
0
0
0
0
0
0
0
0
0
0
0
0
0
0
0
0
0
0
0
0
0
0
0
0
0
0
0
0
0
0
0
0
0
-7.5413
0
0
0
0
0
0
0
0
0
0
0
0
0
0
0
0
0
0
0
0
0
0
0
0
0
0
0
0
0
0
0
0
0
0
0
0
0
0
0
0
0
0
0
0
0
0
0
0
0
0
0
0
0
0
0
0
0
0
0
0
0
0
0
0
0
0
0
0
0
0
0
0
0
0
0
0
0
0
0
0
0
0
7.5413
0
0
0
0
0
0
0
0
0
0
0
0
0
0
0
0
0
0
0
0
0
0
0
0
0
0
0
0
0
0
0
0
0
0
0
0
0
0
0
0
0
0
0
0
0
0
0
0
0
0
0
0
0
0
0
0
0
0
0
0
0
0
0
0
0
0
0
0
0
0
0
0
0
0
0
0
0
0
0
0
0
0
0
0
0
0
0
0
0
0
0
0
0
0
0
0
0
0
0
0
0
0
0
0
0
0
0
-3.5619
0
0
0
0
0
0
0
0
0
0
0
0
0
0
3.5619
0
0
0
0
0
0
0
0
0
0
0
0
0
0
0
0
0
0
0
0
0
0
0
0
0
0
0
0
0
0
0
0
0
0
0
0
0
0
0
0
0
0
0
0
0
0
0
0
0
0
0
0
0
0
0
0
0
0
0
0
0
0
0
0
0
0
0
0
0
0
0
0
0
0
0
0
0
0
0
0
0
0
0
0
0
0
0
-3.4787
0
0
0
0
0
0
0
0
0
0
0
0
0
0
0
0
0
0
0
0
0
0
0
0
0
0
0
0
0
0
0
0
0
0
3.4787
0
0
0
0
0
0
0
0
0
0
0
0
0
0
0
0
0
0
0
0
0
0
0
0
0
0
0
0
0
0
0
0
0
0
0
0
0
0
0
0
0
0
0
-6.6975
0
0
0
0
0
0
0
0
0
0
0
0
0
0
0
0
0
0
0
0
0
0
0
0
0
0
0
0
0
0
0
0
0
0
0
0
0
0
0
0
0
0
0
0
0
0
0
0
0
0
0
0
0
0
0
0
0
0
0
0
0
0
0
0
0
0
0
0
0
0
0
0
0
0
0
0
0
0
6.6975
0
0
0
0
0
0
0
0
0
0
0
0
0
0
0
0
0
0
0
0
0
0
0
0
0
0
0
0
0
0
0
0
0
0
0
0
0
0
0
0
0
0
0
0
0
0
0
0
0
0
0
0
0
0
0
0
0
0
0
0
0
0
0
0
0
0
0
0
0
0
0
0
0
0
0
0
-5.4754
0
0
0
0
0
0
0
0
0
0
0
0
0
0
0
0
0
0
0
0
0
0
0
0
0
0
0
0
0
0
0
0
0
0
0
0
0
0
0
0
0
0
0
0
0
5.4754
0
0
0
0
0
0
0
0
0
0
0
0
0
0
0
0
0
0
0
0
0
0
0
0
0
0
0
0
0
0
0
0
0
0
0
0
0
0
0
0
0
0
0
0
0
0
0
0
0
0
0
0
0
0
0
0
0
0
0
-5.7788
0
0
0
0
0
0
0
0
0
0
0
0
0
0
0
0
0
0
0
0
0
0
0
0
0
0
0
0
0
0
0
0
0
0
0
0
0
0
0
0
0
0
0
0
0
0
0
0
0
0
0
0
0
0
0
0
0
0
0
0
0
0
5.7788
0
0
0
0
0
0
0
0
0
0
0
0
0
0
0
0
0
0
0
0
0
0
0
0
0
0
0
0
-7.7934
0
0
0
0
0
0
0
0
0
0
0
0
0
0
0
0
0
0
0
0
0
0
0
0
0
0
0
0
0
0
0
0
0
0
0
0
0
0
0
0
0
0
0
0
0
0
0
0
0
0
0
0
0
0
0
0
0
0
0
0
0
0
0
0
0
0
0
0
0
0
0
0
0
0
0
0
0
0
0
0
0
0
0
0
0
0
0
0
0
0
0
0
0
7.7934
0
0
0
0
0
0
0
0
0
0
0
0
0
0
0
0
0
0
0
0
0
0
0
0
0
0
0
0
0
0
0
0
0
0
0
0
0
0
0
0
0
0
0
0
0
0
0
0
0
0
0
0
0
0
0
0
0
0
0
0
0
0
0
0
0
0
0
0
0
0
0
0
0
0
0
0
0
0
0
0
0
0
0
0
0
0
0
0
0
0
0
0
0
0
0
0
0
0
0
-3.368
0
0
0
0
0
0
0
0
0
0
0
0
0
0
0
0
0
0
0
0
0
0
3.368
0
0
0
0
0
0
0
0
0
0
0
0
0
0
0
0
0
0
0
0
0
0
0
0
0
0
0
0
0
0
0
0
0
0
0
0
0
0
0
0
0
0
0
0
0
0
0
0
0
0
0
0
0
0
0
0
0
0
0
0
0
0
0
0
0
0
0
0
0
0
0
0
-5.4754
0
0
0
0
0
0
0
0
0
0
0
0
0
0
0
0
0
0
0
0
0
0
0
0
0
0
0
0
0
0
0
0
0
0
0
0
0
0
0
0
0
0
0
0
0
0
0
0
0
5.4754
0
0
0
0
0
0
0
0
0
0
0
0
0
0
0
0
0
0
0
0
0
0
0
0
0
0
0
0
0
0
0
0
-7.411
0
0
0
0
0
0
0
0
0
0
0
0
0
0
0
0
0
0
0
0
0
0
0
0
0
0
0
0
0
0
0
0
0
0
0
0
0
0
0
0
0
0
0
0
0
0
0
0
0
0
0
0
0
0
0
0
0
0
0
0
0
0
0
0
0
0
0
0
0
0
0
0
0
0
0
0
0
0
0
0
0
0
0
0
0
0
0
0
0
7.411
0
0
0
0
0
0
0
0
0
0
0
0
0
0
0
0
0
0
0
0
0
0
0
0
0
0
0
0
0
0
0
0
0
0
-6.8765
0
0
0
0
0
0
0
0
0
0
0
0
0
0
0
0
0
0
0
0
0
0
0
0
0
0
0
0
0
0
0
0
0
0
0
0
0
0
0
0
0
0
0
0
0
0
0
0
0
0
0
0
0
0
0
0
0
0
0
0
0
0
0
0
0
0
0
0
0
0
0
0
0
0
0
0
0
0
0
0
0
0
0
0
0
0
0
6.8765
0
0
0
0
0
0
0
0
0
0
0
0
0
0
0
0
0
0
0
0
0
0
0
0
0
0
0
0
0
0
0
0
0
0
0
0
0
0
0
0
0
0
0
0
0
0
0
0
0
0
0
0
0
0
0
0
0
0
0
0
0
0
0
0
-4.865
0
0
0
0
0
0
0
0
0
0
0
0
0
0
0
0
0
0
0
0
0
0
0
0
0
0
0
0
0
0
0
0
0
0
0
0
0
0
0
0
0
0
0
0
0
0
0
0
0
0
0
0
0
0
0
0
0
4.865
0
0
0
0
0
0
0
0
0
0
0
0
0
0
0
0
0
0
0
0
0
0
0
0
0
0
0
-7.5414
0
0
0
0
0
0
0
0
0
0
0
0
0
0
0
0
0
0
0
0
0
0
0
0
0
0
0
0
0
0
0
0
0
0
0
0
0
0
0
0
0
0
0
0
0
0
0
0
0
0
0
0
0
0
0
0
0
0
0
0
0
0
0
0
0
0
0
0
0
0
0
0
0
0
0
0
0
0
0
0
0
0
0
0
0
0
0
0
0
0
0
0
0
0
7.5414
0
0
0
0
0
0
0
0
0
0
0
0
0
0
0
0
0
0
0
0
0
0
0
0
0
0
0
0
0
0
0
0
0
0
0
0
0
0
0
0
0
0
0
0
0
0
0
0
0
0
0
0
0
0
0
0
0
0
0
0
0
0
0
0
-3.9789
0
0
0
0
0
0
0
0
0
0
0
0
0
0
0
0
0
0
0
0
0
0
0
0
0
0
0
0
0
0
0
0
0
0
0
0
0
0
0
0
0
0
0
0
0
0
0
0
0
0
0
0
0
0
0
0
0
3.9789
0
0
0
0
0
0
0
0
0
0
0
0
0
0
0
0
0
0
0
0
0
0
0
0
0
0
0
0
0
0
0
0
0
0
0
0
0
0
0
0
0
0
0
0
0
0
0
0
0
0
0
0
0
0
0
0
0
0
0
0
0
0
0
0
0
0
0
0
0
0
0
0
0
0
0
0
0
0
0
0
0
0
-4.6267
0
0
0
0
0
0
0
0
0
0
0
0
0
0
0
0
0
0
0
0
0
0
0
0
0
0
0
0
0
0
0
0
0
0
0
0
0
0
0
4.6267
0
0
0
0
0
0
0
0
0
0
0
0
0
0
0
0
0
0
0
0
0
0
-7.6296
0
0
0
0
0
0
0
0
0
0
0
0
0
0
0
0
0
0
0
0
0
0
0
0
0
0
0
0
0
0
0
0
0
0
0
0
0
0
0
0
0
0
0
0
0
0
0
0
0
0
0
0
0
0
0
0
0
0
0
0
0
0
0
0
0
0
0
0
0
0
0
0
0
0
0
0
0
0
0
0
0
0
0
0
0
0
0
0
0
0
0
0
0
0
0
0
0
0
0
7.6296
0
0
0
0
0
0
0
0
0
0
0
0
0
0
0
0
0
0
0
0
0
0
0
0
0
0
0
0
0
0
0
0
0
0
0
0
0
0
0
0
0
0
0
0
0
0
0
0
0
0
0
0
0
0
0
0
0
0
0
0
0
0
0
0
0
0
0
0
0
0
0
0
0
0
0
0
0
0
0
0
-4.6271
0
0
0
0
0
0
0
0
0
0
0
0
0
0
0
0
0
0
0
0
0
0
0
0
0
0
0
0
0
0
0
0
0
0
0
0
0
0
0
0
0
4.6271
0
0
0
0
0
0
0
0
0
0
0
0
0
0
0
0
0
0
0
0
0
0
0
0
0
0
0
0
0
0
0
0
0
0
0
0
0
0
0
0
0
0
0
0
0
0
0
0
0
0
0
0
0
0
0
0
0
0
0
0
0
0
0
0
0
0
0
0
0
0
0
0
0
0
0
0
0
0
0
0
0
0
0
0
0
0
0
0
0
0
0
0
0
-3.7457
0
0
0
0
0
0
0
0
0
0
0
0
0
0
0
0
0
0
0
0
0
0
0
0
0
0
0
0
3.7457
0
0
0
0
0
0
0
0
0
0
0
0
0
0
0
0
0
0
0
0
0
0
0
0
0
0
0
0
0
0
0
0
0
0
0
0
0
0
0
0
0
0
0
0
0
0
0
0
0
0
0
0
0
0
0
0
0
0
0
0
0
0
0
0
0
0
0
0
0
0
0
0
0
0
0
-3.2725
0
0
0
0
0
0
0
0
0
0
0
0
0
0
0
0
0
0
0
0
0
0
0
0
0
0
0
0
0
0
0
0
0
0
0
0
0
0
0
0
0
0
0
0
0
0
3.2725
0
0
0
0
0
0
0
0
0
0
0
0
0
0
-7.7705
0
0
0
0
0
0
0
0
0
0
0
0
0
0
0
0
0
0
0
0
0
0
0
0
0
0
0
0
0
0
0
0
0
0
0
0
0
0
0
0
0
0
0
0
0
0
0
0
0
0
0
0
0
0
0
0
0
0
0
0
0
0
0
0
0
0
0
0
0
0
0
0
0
0
0
0
0
0
0
0
0
0
0
0
0
0
0
0
0
0
0
0
0
0
0
0
0
0
0
0
0
0
0
0
0
0
0
7.7705
0
0
0
0
0
0
0
0
0
0
0
0
0
0
0
0
0
0
0
0
0
0
0
0
0
0
0
0
0
0
0
0
0
0
0
0
0
0
0
0
0
0
0
0
0
0
0
0
0
0
0
0
0
0
0
0
0
0
-4.328
0
0
0
0
0
0
0
0
0
0
0
0
0
0
0
0
0
0
0
0
0
0
0
0
0
0
0
0
0
0
0
0
0
0
0
0
0
0
0
0
0
0
0
0
0
0
0
0
0
0
0
0
0
0
0
0
0
0
0
0
0
0
0
4.328
0
0
0
0
0
0
0
0
0
0
0
0
0
0
0
0
0
0
0
0
0
0
0
0
0
0
0
0
0
0
0
0
-6.8565
0
0
0
0
0
0
0
0
0
0
0
0
0
0
0
0
0
0
0
0
0
0
0
0
0
0
0
0
0
0
0
0
0
0
0
0
0
0
0
0
0
0
0
0
0
0
0
0
0
0
0
0
0
0
0
0
0
0
0
0
0
0
0
0
0
0
0
0
0
0
0
0
0
0
0
0
0
0
0
0
0
0
0
0
0
0
0
0
0
6.8565
0
0
0
0
0
0
0
0
0
0
0
0
0
0
0
0
0
0
0
0
-7.2056
0
0
0
0
0
0
0
0
0
0
0
0
0
0
0
0
0
0
0
0
0
0
0
0
0
0
0
0
0
0
0
0
0
0
0
0
0
0
0
0
0
0
0
0
0
0
0
0
0
0
0
0
0
0
0
0
0
0
0
0
0
0
0
0
0
0
0
0
0
0
0
0
0
0
0
0
0
0
0
0
0
0
0
0
0
0
0
0
0
0
0
0
0
0
0
0
0
0
0
0
0
7.2056
0
0
0
0
0
0
0
0
0
0
-7.7705
0
0
0
0
0
0
0
0
0
0
0
0
0
0
0
0
0
0
0
0
0
0
0
0
0
0
0
0
0
0
0
0
0
0
0
0
0
0
0
0
0
0
0
0
0
0
0
0
0
0
0
0
0
0
0
0
0
0
0
0
0
0
0
0
0
0
0
0
0
0
0
0
0
0
0
0
0
0
0
0
0
0
0
0
0
0
0
0
0
0
0
0
0
0
0
0
0
0
0
0
0
0
0
0
0
0
0
0
0
0
0
7.7705
0
0
0
0
0
0
0
0
0
0
0
0
0
0
0
0
0
0
0
0
0
0
0
0
0
0
0
0
0
0
0
0
0
0
0
0
0
0
0
0
0
0
0
0
0
0
0
0
0
0
0
0
0
0
0
0
0
0
0
0
0
0
0
0
0
0
0
0
0
0
0
0
0
0
0
0
0
0
0
0
0
-0.4791
0
0
0
0
0
0
0
0
0
0
0
0
0
0
0
0
0
0
0
0
0
0
0
0
0
0
0
0
0
0
0
0
0
0
0
0
0
0
0
0
0.4791
0
0
0
0
0
0
0
0
0
0
0
0
0
0
0
0
0
0
0
0
0
0
0
0
0
0
0
0
0
0
0
0
0
0
0
0
0
0
0
0
0
0
0
0
0
0
0
0
0
0
0
0
0
0
0
0
0
0
0
0
0
0
0
0
0
0
0
0
0
0
0
0
0
0
0
0
0
0
0
0
0
0
-3.8422
0
0
0
0
0
0
0
0
0
0
0
0
0
0
0
0
0
0
0
0
0
0
0
0
0
0
0
0
0
0
0
0
0
0
0
0
0
0
0
3.8422
0
0
0
0
0
0
0
0
0
0
0
0
0
0
0
0
0
0
0
0
0
0
0
0
0
0
0
0
0
0
0
0
0
0
0
0
0
0
0
0
0
0
0
0
0
0
0
0
0
0
0
0
0
0
0
0
0
0
0
0
0
0
-3.0981
0
0
0
0
0
0
0
0
0
0
0
0
0
0
0
0
0
0
0
0
0
0
0
0
0
0
0
0
0
0
0
0
0
0
0
0
0
0
0
0
0
0
0
0
0
0
0
0
0
0
0
0
0
0
0
0
0
0
0
3.0981
0
0
0
0
0
0
0
0
0
0
0
0
0
0
0
0
0
0
0
0
0
0
0
0
0
0
0
0
0
0
0
0
0
0
0
0
0
0
0
0
0
0
0
0
0
0
0
0
0
0
0
0
0
0
-5.0987
0
0
0
0
0
0
0
0
0
0
0
0
0
0
0
0
0
0
0
0
0
0
0
0
0
0
0
0
0
0
0
0
0
0
0
0
0
0
0
0
0
0
0
0
0
0
0
0
0
0
0
0
0
0
0
0
0
0
0
0
0
0
0
0
0
0
0
5.0987
0
0
0
0
0
0
0
0
0
0
0
0
0
0
0
0
0
0
0
0
0
0
0
0
0
0
0
0
-5.6501
0
0
0
0
0
0
0
0
0
0
0
0
0
0
0
0
0
0
0
0
0
0
0
0
0
0
0
0
0
0
0
0
0
0
0
0
0
0
0
0
0
0
0
0
0
0
0
0
0
0
0
0
0
0
0
0
0
0
0
0
0
0
0
0
0
0
0
0
0
0
0
0
0
0
0
0
0
0
0
0
0
0
0
0
0
0
0
0
0
0
0
0
0
5.6501
0
0
0
0
0
0
0
0
0
0
0
0
0
0
0
0
0
0
0
0
0
0
0
0
-6.8568
0
0
0
0
0
0
0
0
0
0
0
0
0
0
0
0
0
0
0
0
0
0
0
0
0
0
0
0
0
0
0
0
0
0
0
0
0
0
0
0
0
0
0
0
0
0
0
0
0
0
0
0
0
0
0
0
0
0
0
0
0
0
0
0
0
0
0
0
0
0
0
0
0
0
0
0
0
0
0
0
0
0
0
0
0
0
0
0
0
0
0
0
0
0
0
0
0
6.8568
0
0
0
0
0
0
0
0
0
0
0
0
0
0
0
0
0
0
0
0
0
0
0
0
0
0
0
0
0
0
0
0
0
0
0
0
0
0
0
0
0
0
0
0
0
0
0
0
0
0
0
0
0
0
0
0
0
0
0
0
0
0
0
0
0
0
-4.6259
0
0
0
0
0
0
0
0
0
0
0
0
0
0
0
0
0
0
0
0
0
0
0
0
0
0
0
0
0
0
0
0
0
0
0
0
0
0
0
0
0
0
0
0
0
0
0
0
0
0
0
0
0
0
0
4.6259
0
0
0
0
0
0
0
0
0
0
0
0
0
0
0
0
0
0
0
0
0
0
0
0
0
0
0
0
0
0
0
0
0
0
0
0
0
0
0
0
0
0
0
0
0
0
0
0
0
0
0
0
0
0
0
0
0
0
0
0
0
0
0
0
0
0
0
0
0
0
0
0
0
0
0
0
0
0
0
0
-3.6072
0
0
0
0
0
0
0
0
0
0
0
0
0
0
0
0
0
0
0
0
0
0
0
0
0
0
0
0
0
0
0
0
0
0
0
0
0
0
0
0
0
3.6072
0
0
0
0
0
0
0
0
0
0
-7.2056
0
0
0
0
0
0
0
0
0
0
0
0
0
0
0
0
0
0
0
0
0
0
0
0
0
0
0
0
0
0
0
0
0
0
0
0
0
0
0
0
0
0
0
0
0
0
0
0
0
0
0
0
0
0
0
0
0
0
0
0
0
0
0
0
0
0
0
0
0
0
0
0
0
0
0
0
0
0
0
0
0
0
0
0
0
0
0
0
0
0
0
0
0
0
0
0
0
0
0
0
0
0
0
0
0
0
0
0
0
0
0
7.2056
