1
0.97691
0.96724
0.96281
0.96017
0.9571
0.9552
0.95333
0.95185
0.95055
0.94942
0.94841
0.94751
0.94672
0.94346
0.94043
0.93754
0.93482
0.93222
0.92974
0.92736
0.92507
0.92284
0.92069
0.91859
0.91653
0.91449
0.91247
0.91046
0.90849
0.90653
0.90459
0.90266
0.90073
0.89879
0.89684
0.89487
0.8929
0.89091
0.88893
0.88694
0.88494
0.88294
0.88094
0.87893
0.87691
0.87488
0.87285
0.87083
0.86881
0.8668
0.8648
0.86281
0.86083
0.85887
0.85691
0.85497
0.85304
0.85113
0.84924
0.84736
0.84551
0.84368
0.84186
0.84007
0.8383
0.83654
0.83481
0.8331
0.83142
0.82975
0.82811
0.82649
0.82489
0.82332
0.82177
0.82024
0.81873
0.81724
0.81578
0.81434
0.81293
0.81153
0.81016
0.8088
0.80747
0.80616
0.80487
0.8036
0.80235
0.80112
0.7999
0.79871
0.79752
0.79636
0.7952
0.79406
0.79294
0.79182
0.79072
0.78964
0.78856
0.7875
0.78645
0.78542
0.78439
0.78338
0.78239
0.7814
0.78043
0.77946
0.77851
0.77757
0.77664
0.77571
0.7748
0.77389
0.773
0.77211
0.77123
0.77035
0.76948
0.76863
0.76778
0.76693
0.7661
0.76527
0.76445
0.76364
0.76283
0.76203
0.76124
0.76046
0.75968
0.7589
0.75814
0.75737
0.75662
0.75587
0.75512
0.75438
0.75364
0.75291
0.75218
0.75146
0.75075
0.75004
0.74933
0.74863
0.74794
0.74725
0.74657
0.7459
0.74523
0.74456
0.74391
0.74326
0.74261
0.74197
0.74133
