1
0.97783
0.96801
0.96338
0.96045
0.95722
0.95508
0.95312
0.95158
0.95025
0.94911
0.94811
0.94724
0.94647
0.94322
0.94021
0.93741
0.93477
0.93221
0.92977
0.92737
0.92503
0.9227
0.92041
0.91815
0.91591
0.91368
0.91148
0.9093
0.90717
0.9051
0.90307
0.9011
0.89918
0.8973
0.89547
0.89369
0.89196
0.8903
0.8887
0.88715
0.88567
0.88424
0.88285
0.88151
0.8802
0.87893
0.8777
0.8765
0.87533
0.8742
0.8731
0.87202
0.87097
0.86993
0.86891
0.86792
0.86693
0.86596
0.865
0.86406
0.86313
0.86221
0.86129
0.86039
0.8595
0.85861
0.85772
0.85685
0.85598
0.85512
0.85427
0.85342
0.85259
0.85176
0.85094
0.85013
0.84933
0.84854
0.84776
0.84699
0.84623
0.84548
0.84475
0.84402
0.8433
0.8426
0.84191
0.84124
0.84057
0.83992
0.83928
0.83865
0.83802
0.83741
0.83679
0.83619
0.83559
0.835
0.83441
0.83382
0.83325
0.83267
0.83211
0.83154
0.83099
0.83043
0.82988
0.82934
0.82879
0.82825
0.82771
0.82717
0.82663
0.82609
0.82554
0.825
0.82446
0.82391
0.82336
0.82281
0.82226
0.82171
0.82116
0.8206
0.82005
0.81949
0.81894
0.81838
0.81783
0.81728
0.81672
0.81617
0.81562
0.81507
0.81453
0.81398
0.81344
0.8129
0.81236
0.81182
0.81129
0.81076
0.81023
0.8097
0.80918
0.80865
0.80814
0.80762
0.80711
0.8066
0.80609
0.80558
0.80507
0.80457
0.80407
0.80357
0.80307
0.80257
0.80207
