1
0.97788
0.96992
0.9662
0.96387
0.96112
0.95969
0.95805
0.95687
0.95579
0.95479
0.95393
0.95311
0.95241
0.94987
0.94753
0.94533
0.9433
0.9413
0.93942
0.93756
0.93577
0.93399
0.93225
0.93052
0.9288
0.92706
0.92533
0.92358
0.92185
0.92013
0.91842
0.91673
0.91505
0.91338
0.91172
0.91008
0.90846
0.90686
0.90529
0.90375
0.90224
0.90076
0.89931
0.89788
0.89647
0.89509
0.89373
0.8924
0.89109
0.88981
0.88856
0.88734
0.88613
0.88495
0.88379
0.88265
0.88153
0.88044
0.87936
0.8783
0.87726
0.87623
0.87523
0.87424
0.87326
0.87229
0.87134
0.8704
0.86948
0.86857
0.86767
0.86678
0.8659
0.86504
0.86418
0.86334
0.86252
0.86169
0.86089
0.86009
0.8593
0.85852
0.85775
0.85699
0.85624
0.85549
0.85475
0.85402
0.8533
0.85258
0.85187
0.85116
0.85045
0.84974
0.84903
0.84831
0.8476
0.84688
0.84617
0.84544
0.84472
0.844
0.84327
0.84254
0.84181
0.84107
0.84033
0.8396
0.83886
0.83811
0.83737
0.83663
0.83588
0.83514
0.83439
0.83364
0.83289
0.83215
0.8314
0.83066
0.82991
0.82918
0.82844
0.82771
0.82698
0.82626
0.82555
0.82484
0.82414
0.82344
0.82275
0.82207
0.82139
0.82073
0.82006
0.81941
0.81876
0.81812
0.81749
0.81686
0.81624
0.81562
0.81501
0.81441
0.81381
0.81322
0.81264
0.81206
0.81148
0.81092
0.81036
0.8098
0.80925
0.8087
0.80816
0.80763
0.80709
0.80656
0.80604
