1
0.96469
0.95797
0.9547
0.95213
0.9501
0.94862
0.94698
0.94586
0.94309
0.94077
0.93886
0.9373
0.93609
0.93509
0.93432
0.93363
0.93299
0.93226
0.93153
0.9307
0.92981
0.92884
0.92785
0.92677
0.92569
0.92453
0.92339
0.92217
0.921
0.91976
0.91858
0.91736
0.9162
0.915
0.91388
0.91272
0.91163
0.91052
0.90947
0.90843
0.90745
0.90651
0.90563
0.90479
0.904
0.90327
0.9026
0.902
0.90147
0.901
0.90058
0.90019
0.89984
0.8995
0.89917
0.89886
0.89855
0.89823
0.8979
0.89755
0.89717
0.89677
0.89634
0.89587
0.89537
0.89483
0.89425
0.89363
0.89295
0.89222
0.89144
0.89059
0.88967
0.88869
0.88763
0.88651
0.88532
0.88409
0.88281
0.88152
0.88023
0.87895
0.8777
0.8765
0.87534
0.87424
0.8732
0.87222
0.87131
0.87047
0.86968
0.86896
0.8683
0.86769
0.86714
0.86663
0.86618
0.86578
0.86541
0.86508
0.86478
0.86451
0.86424
0.86396
0.86366
0.86332
0.86289
0.86236
0.86168
0.86085
0.85987
0.85878
0.85764
0.85651
0.85545
0.85448
0.8536
0.85281
0.8521
0.85146
0.85088
0.85035
0.84987
0.84941
0.84899
0.84859
0.84821
0.84784
0.84749
0.84714
0.84681
0.84648
0.84615
0.84583
0.84551
0.84519
0.84487
0.84456
0.84425
0.84394
0.84364
0.84333
0.84303
0.84274
0.84244
0.84215
0.84186
