1
0.96495
0.95277
0.94881
0.9438
0.94093
0.93832
0.93703
0.93561
0.93184
0.92877
0.92681
0.92586
0.92596
0.92638
0.92715
0.92711
0.92621
0.92381
0.92113
0.9183
0.91604
0.91396
0.91223
0.91043
0.90885
0.90715
0.90565
0.90403
0.90261
0.9011
0.89975
0.89835
0.89709
0.89578
0.8946
0.89337
0.89223
0.89106
0.88997
0.88889
0.88787
0.88689
0.88596
0.88507
0.88424
0.88345
0.88274
0.88212
0.88161
0.88122
0.88098
0.8809
0.88101
0.88135
0.88196
0.88282
0.88387
0.88498
0.886
0.88684
0.88743
0.88779
0.88791
0.88785
0.88763
0.88727
0.88681
0.88627
0.88566
0.885
0.88431
0.88358
0.88284
0.88208
0.8813
0.88052
0.87973
0.87893
0.87814
0.87735
0.87656
0.87577
0.87498
0.87419
0.8734
0.87262
0.87185
0.87111
0.8704
0.86973
0.86912
0.8686
0.86819
0.86792
0.86782
0.86789
0.86815
0.86854
0.86898
0.86939
0.8697
0.86987
0.86988
0.86975
0.86948
0.86911
0.86865
0.86811
0.86752
0.86688
0.86621
0.86551
0.86479
0.86406
0.86333
0.8626
0.86189
0.86119
0.86052
0.85989
0.85929
0.85872
0.85821
0.85774
0.85734
0.857
0.85674
0.85657
0.85651
0.85655
0.85672
0.857
0.85739
0.85786
0.85838
0.85889
0.85938
0.85981
0.86017
0.86047
0.8607
0.86089
0.86104
0.86117
0.86131
0.86148
0.86169
