1
0.96501
0.9588
0.9532
0.95132
0.94939
0.94721
0.94721
0.94626
0.94437
0.94312
0.94257
0.94229
0.94218
0.9418
0.94153
0.94104
0.94068
0.94016
0.93989
0.9394
0.93917
0.93889
0.93889
0.93881
0.93901
0.93902
0.93908
0.93857
0.93766
0.93587
0.93371
0.93122
0.92897
0.92677
0.92484
0.9229
0.92111
0.91928
0.91755
0.9158
0.91413
0.91247
0.91086
0.90927
0.90773
0.90626
0.9049
0.90366
0.9026
0.90173
0.90108
0.90066
0.90046
0.90046
0.90059
0.90076
0.90088
0.90089
0.90076
0.90049
0.90008
0.89955
0.89892
0.89819
0.89739
0.89651
0.89556
0.89453
0.89343
0.89226
0.89101
0.8897
0.88833
0.88691
0.88547
0.88402
0.88258
0.8812
0.87988
0.87865
0.87752
0.87652
0.87565
0.87492
0.87431
0.87382
0.87342
0.87306
0.87271
0.87232
0.87187
0.87135
0.87077
0.87012
0.86943
0.86871
0.86798
0.86726
0.86658
0.86596
0.86544
0.86502
0.86472
0.86454
0.86446
0.86444
0.86443
0.86442
0.86436
0.86426
0.86411
0.86393
0.86373
0.86353
0.86335
0.8632
0.86311
0.8631
0.86318
0.86336
0.86364
0.86402
0.86446
0.86493
0.8654
0.86583
0.8662
0.86651
0.86677
0.86697
0.86715
0.8673
0.86745
0.86762
0.86782
0.86806
0.86835
0.86871
0.86913
0.86959
0.87008
0.87057
0.87102
0.87142
0.87175
0.872
0.87219
