1
0.96394
0.95685
0.95358
0.9515
0.94928
0.94834
0.94708
0.94628
0.94387
0.94156
0.93951
0.93774
0.93634
0.93515
0.93425
0.93343
0.93271
0.93192
0.9312
0.93036
0.92955
0.9287
0.92795
0.92715
0.92647
0.92572
0.92508
0.92435
0.92371
0.92298
0.92232
0.92155
0.92085
0.92007
0.91934
0.91855
0.91782
0.91705
0.91633
0.91561
0.91495
0.91431
0.9137
0.91312
0.91258
0.91205
0.91155
0.91109
0.91065
0.91024
0.90984
0.90944
0.90903
0.90862
0.90819
0.90775
0.90731
0.90685
0.90638
0.90588
0.90537
0.90485
0.90431
0.90376
0.90321
0.90266
0.90212
0.90158
0.90106
0.90055
0.90006
0.89959
0.89913
0.89869
0.89827
0.89786
0.89747
0.8971
0.89674
0.89639
0.89606
0.89573
0.8954
0.89507
0.89474
0.89442
0.89409
0.89375
0.89342
0.89308
0.89274
0.89239
0.89204
0.89168
0.89132
0.89096
0.8906
0.89022
0.88985
0.88946
0.88907
0.88867
0.88827
0.88786
0.88744
0.88702
0.88659
0.88616
0.88573
0.88529
0.88484
0.88439
0.88392
0.88344
0.88296
0.88247
0.88197
0.88147
0.88097
0.88046
0.87995
0.87943
0.87891
0.87839
0.87786
0.87733
0.8768
0.87627
0.87575
0.87522
0.87471
0.87419
0.87369
0.87319
0.87269
0.8722
0.87172
0.87123
0.87076
0.87028
0.86979
0.86931
0.86881
0.8683
0.86777
0.86721
0.8666
