1
0.96354
0.95745
0.95169
0.9481
0.94519
0.94278
0.94121
0.93966
0.93856
0.93735
0.93649
0.93267
0.92932
0.92614
0.92328
0.92055
0.91802
0.91562
0.91335
0.91118
0.90911
0.90714
0.90525
0.90344
0.90168
0.89996
0.89827
0.8966
0.89494
0.89329
0.89164
0.88998
0.88832
0.88667
0.88506
0.88347
0.88192
0.88042
0.87896
0.87754
0.87616
0.87483
0.87354
0.8723
0.87109
0.86993
0.86881
0.86772
0.86668
0.86567
0.86469
0.86373
0.86279
0.86184
0.86088
0.8599
0.85888
0.85783
0.85673
0.8556
0.85443
0.85324
0.85201
0.85076
0.84948
0.84819
0.84687
0.84555
0.84421
0.84285
0.84147
0.84007
0.83865
0.83721
0.83576
0.83429
0.83282
0.83135
0.82988
0.82841
0.82695
0.8255
0.82407
0.82264
0.82122
0.81982
0.81844
0.81706
0.8157
0.81436
0.81304
0.81173
0.81044
0.80918
0.80794
0.80672
0.80553
0.80437
0.80323
0.80211
0.80102
0.79996
0.79891
0.79788
0.79687
0.79587
0.79489
0.79393
0.79298
0.79204
0.79112
0.7902
0.7893
0.78841
0.78753
0.78666
0.7858
0.78495
0.78411
0.78328
0.78246
0.78165
0.78085
0.78005
0.77926
0.77847
0.77769
0.77691
0.77613
0.77535
0.77457
0.7738
0.77303
0.77226
0.77149
0.77073
0.76997
0.76921
0.76846
0.7677
0.76695
0.7662
0.76545
0.76469
0.76393
0.76316
0.76239
0.76162
0.76085
0.76008
0.7593
0.75853
0.75776
