1
0.98396
0.97496
0.97508
0.97447
0.97638
0.97564
0.97686
0.97804
0.97936
0.98062
0.98164
0.98254
0.98327
0.98391
0.9845
0.98506
0.98562
0.98618
0.98673
0.98725
0.98771
0.98809
0.98837
0.98851
0.9885
0.98831
0.98792
0.98731
0.98646
0.98535
0.98395
0.98225
0.98021
0.97784
0.97515
0.97224
0.96921
0.96618
0.96326
0.96051
0.95796
0.9556
0.95342
0.95141
0.94955
0.94783
0.9462
0.94466
0.94318
0.94176
0.94038
0.93906
0.93778
0.93655
0.93535
0.93419
0.93305
0.93191
0.93077
0.92961
0.92841
0.92715
0.92582
0.92439
0.92283
0.92112
0.91922
0.9171
0.91471
0.91206
0.9092
0.90623
0.90331
0.90056
0.89809
0.89591
0.89402
0.89238
0.89096
0.88972
0.88862
0.88763
0.88675
0.88595
0.88524
0.88459
0.88401
0.88349
0.883
0.88255
0.88213
0.88173
0.88135
0.88098
0.88064
0.88031
0.87999
0.8797
0.87943
0.87917
0.87893
0.87872
0.87851
0.87833
0.87816
0.87801
0.87787
0.87775
0.87765
0.87756
0.87748
0.87742
0.87737
0.87733
0.8773
0.87728
0.87728
0.87728
0.87729
0.87731
0.87734
0.87737
0.87741
0.87746
0.87751
0.87756
0.87762
0.87767
0.87774
0.8778
0.87787
0.87794
0.87801
0.87808
0.87815
0.87822
0.8783
0.87837
0.87845
0.87853
0.87861
0.87869
0.87877
0.87885
0.87892
0.87899
0.87905
0.87911
0.87916
0.87921
0.87925
