1
0.98128
0.97014
0.96362
0.96025
0.95666
0.95153
0.94634
0.94205
0.93814
0.93457
0.93131
0.92829
0.92549
0.92284
0.9203
0.91783
0.91541
0.913
0.91059
0.90817
0.90574
0.9033
0.90086
0.89842
0.89599
0.89358
0.8912
0.88886
0.88657
0.88435
0.88221
0.88016
0.87821
0.87634
0.87456
0.87284
0.87116
0.86951
0.86787
0.86623
0.86457
0.8629
0.86121
0.85951
0.85781
0.85612
0.85445
0.85281
0.85122
0.84968
0.8482
0.84681
0.8455
0.8443
0.8432
0.84222
0.84136
0.8406
0.83996
0.83939
0.83889
0.83841
0.83793
0.83742
0.83686
0.83624
0.83557
0.83484
0.83406
0.83323
0.83237
0.83149
0.83058
0.82965
0.82871
0.82776
0.8268
0.82584
0.82488
0.82392
0.82296
0.822
0.82105
0.82011
0.81918
0.81826
0.81736
0.81647
0.8156
0.81475
0.81391
0.81309
0.81229
0.81151
0.81075
0.81001
0.80929
0.80858
0.80789
0.8072
0.80652
0.80585
0.80516
0.80448
0.80378
0.80307
0.80235
0.80162
0.80088
0.80013
0.79936
0.79859
0.79781
0.79702
0.79622
0.79542
0.79461
0.7938
0.79298
0.79217
0.79135
0.79052
0.7897
0.78887
0.78804
0.78721
0.78639
0.78555
0.78472
0.78389
0.78306
0.78223
0.7814
0.78058
0.77975
0.77893
0.77811
0.7773
0.77649
0.77569
0.7749
0.77411
0.77333
0.77257
0.77181
0.77105
0.77031
0.76957
0.76885
0.76813
0.76743
