1
0.97191
0.96013
0.95546
0.95181
0.94873
0.94368
0.94144
0.93701
0.9326
0.92854
0.92463
0.9209
0.91734
0.91393
0.91068
0.90757
0.9046
0.90177
0.89907
0.89649
0.89404
0.8917
0.88947
0.88733
0.88529
0.88334
0.88146
0.87966
0.87793
0.87627
0.87466
0.87311
0.87161
0.87016
0.86876
0.86739
0.86606
0.86475
0.86347
0.86222
0.86098
0.85974
0.8585
0.85727
0.85603
0.85478
0.85353
0.85228
0.85102
0.84977
0.84851
0.84727
0.84603
0.84481
0.8436
0.84241
0.84123
0.84008
0.83894
0.83783
0.83673
0.83566
0.83461
0.83357
0.83256
0.83157
0.83059
0.82963
0.82869
0.82777
0.82686
0.82596
0.82508
0.82421
0.82336
0.82252
0.82169
0.82088
0.82008
0.81929
0.81852
0.81776
0.81701
0.81627
0.81554
0.81483
0.81412
0.81343
0.81274
0.81207
0.81141
0.81075
0.8101
0.80947
0.80883
0.80821
0.8076
0.80699
0.80638
0.80579
0.8052
0.80462
0.80405
0.80348
0.80293
0.80238
0.80184
0.80131
0.80079
0.80028
0.79978
0.79928
0.79879
0.79831
0.79783
0.79735
0.79688
0.79641
0.79594
0.79548
0.79502
0.79455
