1
0.94707
0.93292
0.91732
0.91082
0.9061
0.90233
0.89391
0.89124
0.88893
0.88142
0.87463
0.8683
0.86246
0.85678
0.85155
0.84635
0.84146
0.83651
0.83179
0.82709
0.82265
0.81824
0.81413
0.81011
0.80635
0.80268
0.79922
0.79582
0.79259
0.78943
0.78643
0.78352
0.78074
0.77801
0.77535
0.77273
0.77017
0.76763
0.76514
0.76269
0.76029
0.75793
0.7556
0.75329
0.75102
0.74877
0.74655
0.74435
0.74215
0.73994
0.73771
0.73544
0.73315
0.73082
0.72847
0.72609
0.72368
0.72126
0.71882
0.71636
0.71388
0.71139
0.70889
0.7064
0.7039
0.7014
0.69889
0.69639
