1
0.95398
0.94473
0.93929
0.93465
0.9315
0.92921
0.92725
0.92579
0.92441
0.92006
0.91584
0.91508
0.91111
0.9074
0.90397
0.9008
0.89788
0.89519
0.89271
0.8904
0.88821
0.8861
0.88402
0.88194
0.87985
0.87775
0.87567
0.87359
0.87152
0.86947
0.86743
0.8654
0.86339
0.86138
0.85942
0.85754
0.85576
0.85406
0.85242
0.85084
0.8493
0.84779
0.8463
0.84483
0.84337
0.84193
0.84052
0.83913
0.83776
0.83641
0.83507
0.83374
0.83241
0.83111
0.82981
0.82854
0.82729
0.82605
0.82484
0.82364
0.82246
0.8213
0.82016
0.81902
0.81788
0.81674
0.8156
0.81446
0.81331
0.81214
0.81096
0.80976
0.80853
0.80726
0.80593
0.80454
0.80308
0.80153
0.7999
0.79819
0.7964
0.79458
0.79276
0.79096
0.78923
0.78757
0.786
0.78452
0.7831
0.78176
0.78047
0.77922
0.77799
0.77679
0.77559
0.7744
0.77321
0.77202
0.77082
0.76962
0.76842
0.76723
0.76603
0.76484
0.76364
0.76246
0.76128
0.76011
0.75895
0.75779
0.75665
0.75551
0.75437
0.75323
0.75208
0.75093
0.74977
0.74858
0.74738
