1
0.95772
0.94747
0.94299
0.93832
0.93514
0.93319
0.93171
0.93052
0.92908
0.92524
0.92163
0.92099
0.91803
0.91486
0.91176
0.90868
0.90576
0.903
0.90042
0.89797
0.89562
0.89331
0.89101
0.88871
0.88643
0.88419
0.88202
0.87996
0.87801
0.87616
0.8744
0.8727
0.87101
0.86933
0.86765
0.86604
0.86452
0.86312
0.86184
0.8607
0.8597
0.85884
0.85807
0.85736
0.8567
0.85607
0.85546
0.85488
0.8543
0.85372
0.85312
0.85251
0.85188
0.85124
0.85059
0.84993
0.84927
0.8486
0.84793
0.84727
0.8466
0.84593
0.84525
0.84455
0.84381
0.84304
0.84224
0.84142
0.8406
0.83978
0.83898
0.83819
0.83744
0.83673
0.83607
0.83546
0.83491
0.83442
0.83399
0.83363
0.83333
0.83309
0.83288
0.8327
0.83253
0.83235
0.83216
0.83197
0.83176
0.83155
0.83134
0.83114
0.83095
0.83078
0.83064
0.83053
0.83046
0.83043
0.83046
0.83053
0.83065
0.83081
0.83101
0.83122
0.83144
0.83164
0.83184
0.83202
0.83217
0.83231
0.83242
0.83251
0.83259
0.83266
0.83273
0.8328
0.83287
0.83295
0.83303
