1
0.9647
0.95325
0.94763
0.94438
0.94037
0.93765
0.93538
0.93034
0.92544
0.92086
0.91646
0.91234
0.90841
0.90484
0.90132
0.89812
0.89491
0.89187
0.88878
0.88563
0.88254
0.87935
0.8762
0.87299
0.86978
0.86649
0.86316
0.85983
0.85642
0.85314
0.84978
0.84666
0.84348
0.84054
0.83763
0.83494
0.83234
0.82994
0.82765
0.82552
0.82347
0.82147
0.81951
0.81755
0.81561
0.8137
0.81183
0.81002
0.80827
0.80659
0.80498
0.80344
0.80196
0.80055
0.7992
0.79791
0.79666
0.79547
0.79431
0.79318
0.79206
0.79093
0.78978
0.78859
0.78734
0.786
0.78455
0.78298
0.78125
0.77934
0.77725
0.77497
0.77254
0.77005
0.76756
0.76516
0.76286
0.76067
0.75857
0.75654
0.75458
0.75265
0.75076
0.7489
0.74707
0.74528
0.74351
0.74178
0.74007
0.73838
0.73671
0.73505
0.73341
0.73176
0.73013
0.7285
0.72687
0.72525
0.72364
0.72204
0.72044
0.71884
0.71725
0.71566
0.71407
0.71249
