1
0.96998
0.95587
0.94674
0.94094
0.93252
0.9256
0.91984
0.9149
0.91064
0.9069
0.90357
0.90053
0.89771
0.895
0.89237
0.88976
0.88717
0.88456
0.88196
0.87935
0.87678
0.87428
0.87187
0.86953
0.8673
0.86518
0.86319
0.86133
0.85958
0.85793
0.85635
0.85482
0.85332
0.85184
0.85041
0.84899
0.84759
0.84618
0.84475
0.84328
0.84175
0.84013
0.83842
0.83661
0.83473
0.83282
0.83089
0.82897
0.8271
0.82529
0.82356
0.8219
0.82033
0.81883
0.81741
0.81605
0.81476
0.81352
0.81232
0.81116
0.81001
0.80887
0.80774
0.80659
0.80543
0.80424
0.803
0.80171
0.80034
0.79888
0.7973
0.79559
0.79373
0.79172
0.78958
0.78734
0.78507
0.78284
0.78072
0.77873
0.77689
0.77517
0.77358
0.7721
0.77071
0.7694
0.76817
0.76699
0.76587
0.7648
0.76377
0.76278
0.76183
0.76091
0.76003
0.75917
0.75834
0.75755
0.75679
0.75607
0.75539
0.75477
0.75419
0.75367
0.75319
0.75276
0.75237
0.75202
0.75171
0.75142
0.75117
0.75093
0.75072
0.75052
0.75033
0.75015
0.74998
0.74981
0.74965
0.7495
0.74935
0.7492
0.74907
0.74894
0.74882
0.74871
0.74861
0.74853
0.74846
0.74839
0.74835
0.74831
0.74829
0.74828
0.74828
0.74829
0.74831
0.74834
0.74838
0.74842
0.74847
0.74852
0.74857
0.74862
0.74866
0.7487
0.74872
0.74873
0.74872
0.7487
0.74865
0.74858
0.74848
0.74835
0.74818
