62.1168
-0.97391
-0.9738
-0.97408
-0.97407
-0.97407
-0.97386
-0.97376
-0.97437
-0.97342
-0.97363
-0.97424
-0.97318
-0.97318
-0.97318
-0.97318
-0.97318
-0.97318
-0.97201
-0.97268
-0.97265
-0.97264
-0.97278
-0.97265
-0.97532
-0.97529
-0.97309
-0.97317
-0.97308
-0.97309
-0.97309
-0.97174
-0.97353
-0.97395
-0.97395
-0.97308
-0.97308
-0.97295
-0.97279
-0.97225
-0.97226
-0.97224
-0.97213
-0.97319
-0.97324
-0.97434
-0.97453
-0.97187
-0.97354
-0.97495
-0.97558
-0.97366
-0.97427
-0.97623
-0.97418
-0.9725
-0.96747
-1.0007
-1.0471
0
-1.0324
0
0
0
0
0
0
0
-1.3181
0
0
-1.2364
0
0
0
0
0
0
0
0
0
0
0
0
0
0
0
0
0
0
0
0
0
0
0
0
0
0
0
0
0
0
0
0
0
0
0
0
-1.9747
0
0
0
0
0
-0.97391
59.9992
-0.97323
-0.97356
-0.97349
-0.9735
-0.97328
-0.97341
-0.97378
-0.97283
-0.97309
-0.97367
-0.97261
-0.97261
-0.97261
-0.9726
-0.97261
-0.97261
-0.97143
-0.97224
-0.97209
-0.97204
-0.97227
-0.97207
-0.97481
-0.97469
-0.97251
-0.97258
-0.9725
-0.9725
-0.9725
-0.97117
-0.97294
-0.97344
-0.97377
-0.97251
-0.97251
-0.97235
-0.97224
-0.97167
-0.97167
-0.97167
-0.97154
-0.97285
-0.97276
-0.97348
-0.97389
-0.97127
-0.97293
-0.97438
-0.97493
-0.97306
-0.97386
-0.97572
-0.97354
-0.97175
-0.96741
-0.99842
-1.048
-1.2091
-1.0316
0
0
0
0
0
0
0
0
0
0
-1.2351
0
0
0
0
0
0
0
0
0
0
0
0
0
0
0
0
0
0
0
0
0
0
0
0
0
0
0
0
0
0
0
0
0
0
0
0
0
0
0
0
0
0
-0.9738
-0.97323
59.7307
-0.97346
-0.97343
-0.97343
-0.9732
-0.97326
-0.97374
-0.97276
-0.97294
-0.97357
-0.97252
-0.97252
-0.97252
-0.97251
-0.97252
-0.97251
-0.97133
-0.97213
-0.97199
-0.97193
-0.97216
-0.97197
-0.97471
-0.97458
-0.97242
-0.97248
-0.97243
-0.97242
-0.97242
-0.97107
-0.97294
-0.97334
-0.97361
-0.97241
-0.97241
-0.97227
-0.97208
-0.97158
-0.97159
-0.97158
-0.97144
-0.9727
-0.97264
-0.97365
-0.97386
-0.97118
-0.97284
-0.97425
-0.97481
-0.97295
-0.97361
-0.97563
-0.97343
-0.97173
-0.96714
-0.99987
-1.048
0
-1.0315
0
0
0
0
0
0
0
0
0
0
-1.2352
0
0
0
0
0
0
-0.94459
0
0
0
0
0
0
0
0
0
0
0
0
0
0
0
0
0
0
0
0
0
0
0
0
0
0
0
0
0
0
0
0
0
0
0
-0.97408
-0.97356
-0.97346
59.5103
-0.97359
-0.97359
-0.97336
-0.97346
-0.97381
-0.97293
-0.97312
-0.97375
-0.97269
-0.9727
-0.97268
-0.9727
-0.97269
-0.97269
-0.97151
-0.9723
-0.97217
-0.97212
-0.97228
-0.97215
-0.97482
-0.9748
-0.97259
-0.97269
-0.97259
-0.97259
-0.97259
-0.97125
-0.97305
-0.97345
-0.97371
-0.97258
-0.97258
-0.97243
-0.97229
-0.97176
-0.97176
-0.97175
-0.97163
-0.97272
-0.97275
-0.97382
-0.97398
-0.97135
-0.97303
-0.97447
-0.97507
-0.97315
-0.97376
-0.97581
-0.9737
-0.97188
-0.96697
-1.0001
-1.0477
0
-1.0318
0
0
0
0
0
0
0
0
0
0
0
0
0
0
0
0
0
0
0
0
0
0
0
0
0
0
0
0
0
0
0
0
0
0
0
0
0
0
0
0
0
-1.9501
0
0
0
0
0
0
0
0
0
0
0
-0.97407
-0.97349
-0.97343
-0.97359
57.5579
-0.97352
-0.97333
-0.97343
-0.97385
-0.97287
-0.97307
-0.9737
-0.97262
-0.97263
-0.97263
-0.97262
-0.97263
-0.97263
-0.97144
-0.97225
-0.9721
-0.97207
-0.97229
-0.97208
-0.97484
-0.9747
-0.97252
-0.97262
-0.97253
-0.97253
-0.97253
-0.97118
-0.97309
-0.97347
-0.97373
-0.97251
-0.97252
-0.97238
-0.97225
-0.97168
-0.97168
-0.97169
-0.97155
-0.97288
-0.97281
-0.97376
-0.97391
-0.97127
-0.97294
-0.97439
-0.97492
-0.97305
-0.97373
-0.97586
-0.9736
-0.97181
-0.96737
-0.99985
-1.0479
0
-1.0315
0
0
0
0
0
0
0
0
0
0
0
0
0
0
0
0
0
0
0
0
0
0
0
0
0
0
0
0
0
0
0
0
0
0
0
0
0
0
0
0
0
0
0
0
0
0
0
0
0
0
0
0
0
-0.97407
-0.9735
-0.97343
-0.97359
-0.97352
57.5579
-0.97332
-0.97343
-0.97385
-0.97287
-0.97307
-0.97369
-0.97263
-0.97263
-0.97262
-0.97263
-0.97262
-0.97262
-0.97144
-0.97226
-0.9721
-0.97206
-0.97229
-0.97209
-0.97483
-0.97471
-0.97253
-0.97262
-0.97253
-0.97252
-0.97252
-0.97118
-0.97308
-0.97348
-0.97374
-0.9725
-0.97252
-0.97238
-0.97225
-0.97168
-0.97168
-0.97168
-0.97154
-0.97289
-0.97281
-0.97375
-0.97391
-0.97127
-0.97294
-0.9744
-0.97492
-0.97305
-0.97372
-0.97585
-0.9736
-0.97181
-0.96737
-0.99985
-1.0479
0
-1.0315
0
0
0
0
0
0
0
0
0
0
0
0
0
0
0
0
0
0
0
0
0
0
0
0
0
0
0
0
0
0
0
0
0
0
0
0
0
0
0
0
0
0
0
0
0
0
0
0
0
0
0
0
0
-0.97386
-0.97328
-0.9732
-0.97336
-0.97333
-0.97332
57.0676
-0.97314
-0.97355
-0.97256
-0.97274
-0.9734
-0.97233
-0.97233
-0.97233
-0.97233
-0.97233
-0.97233
-0.97116
-0.97193
-0.97181
-0.97174
-0.97195
-0.97177
-0.97453
-0.97439
-0.97223
-0.97224
-0.97223
-0.97222
-0.97223
-0.97088
-0.97273
-0.97316
-0.97348
-0.97222
-0.97222
-0.97207
-0.97193
-0.97138
-0.97139
-0.97137
-0.97125
-0.97255
-0.97247
-0.97342
-0.97359
-0.97097
-0.97263
-0.97366
-0.97461
-0.97275
-0.97333
-0.9766
-0.97308
-0.97149
-0.96706
-0.99945
0
0
0
0
0
0
0
0
0
0
0
0
0
0
0
0
0
0
0
0
0
0
0
0
0
0
0
0
0
0
-1.6057
0
0
0
0
0
0
0
0
0
0
0
0
0
0
0
0
0
0
0
0
0
0
0
0
0
-0.97376
-0.97341
-0.97326
-0.97346
-0.97343
-0.97343
-0.97314
57.2258
-0.97343
-0.97266
-0.97285
-0.97343
-0.97238
-0.97238
-0.97238
-0.97237
-0.97238
-0.97238
-0.9712
-0.97192
-0.97185
-0.97183
-0.97204
-0.97184
-0.9746
-0.97445
-0.97229
-0.97236
-0.97228
-0.97229
-0.9723
-0.97094
-0.97287
-0.97323
-0.9733
-0.97228
-0.97228
-0.97205
-0.97204
-0.97145
-0.97145
-0.97145
-0.97132
-0.97227
-0.97255
-0.97362
-0.97349
-0.97105
-0.97271
-0.97413
-0.97471
-0.97284
-0.97349
-0.97552
-0.97336
-0.97134
0
0
0
0
0
0
0
-1.0507
0
0
0
0
-1.3185
0
0
0
0
0
-1.3591
0
0
0
0
0
0
0
0
0
0
0
0
0
0
0
0
0
0
0
0
0
0
0
0
0
0
0
0
0
0
0
0
0
0
0
0
0
0
0
-0.97437
-0.97378
-0.97374
-0.97381
-0.97385
-0.97385
-0.97355
-0.97343
58.8216
-0.97308
-0.97329
-0.97387
-0.97283
-0.97282
-0.97283
-0.97282
-0.97283
-0.97282
-0.97166
-0.97251
-0.97233
-0.97226
-0.9724
-0.9723
-0.97493
-0.97497
-0.97275
-0.97281
-0.97275
-0.97275
-0.97275
-0.9714
-0.97318
-0.97357
-0.97404
-0.97274
-0.97274
-0.97256
-0.9724
-0.97193
-0.97192
-0.97192
-0.9718
-0.97243
-0.9728
-0.97394
-0.97394
-0.97152
-0.9732
-0.97457
-0.97532
-0.97331
-0.97402
-0.97582
-0.97384
-0.97121
0
0
0
0
0
0
0
0
0
0
0
0
0
0
0
0
0
0
0
0
0
0
0
0
-1.6239
0
0
-1.7323
0
0
0
0
0
0
0
0
0
0
0
0
0
0
0
0
0
0
0
0
0
-1.9445
0
0
0
0
0
0
0
0
-0.97342
-0.97283
-0.97276
-0.97293
-0.97287
-0.97287
-0.97256
-0.97266
-0.97308
55.4366
-0.97229
-0.97296
-0.97187
-0.97187
-0.97187
-0.97187
-0.97188
-0.97187
-0.97069
-0.9715
-0.97134
-0.97131
-0.97153
-0.97132
-0.9741
-0.97393
-0.97177
-0.97187
-0.97177
-0.97178
-0.97178
-0.97044
-0.97233
-0.97273
-0.97307
-0.97177
-0.97177
-0.97162
-0.97151
-0.97093
-0.97093
-0.97093
-0.97081
-0.97214
-0.97208
-0.97298
-0.97314
-0.97052
-0.97218
-0.97364
-0.97412
-0.97229
-0.97292
-0.97512
-0.97285
-0.97106
-0.96668
-0.99892
0
0
0
0
0
0
0
0
0
0
0
0
0
0
0
0
0
0
0
0
0
0
0
0
0
0
0
0
0
0
0
0
0
0
0
0
0
0
0
0
0
0
0
0
0
0
0
0
0
0
0
0
0
0
0
0
-0.97363
-0.97309
-0.97294
-0.97312
-0.97307
-0.97307
-0.97274
-0.97285
-0.97329
-0.97229
55.9317
-0.97311
-0.97205
-0.97204
-0.97205
-0.97205
-0.97205
-0.97204
-0.97086
-0.9717
-0.97151
-0.97149
-0.97172
-0.97151
-0.97427
-0.97412
-0.97197
-0.97206
-0.97197
-0.97196
-0.97197
-0.97062
-0.97254
-0.9729
-0.97324
-0.97195
-0.97196
-0.97182
-0.9717
-0.97112
-0.97112
-0.97111
-0.97099
-0.97228
-0.97221
-0.97328
-0.97334
-0.9707
-0.97237
-0.97379
-0.97433
-0.97248
-0.97206
-0.97526
-0.97302
-0.97132
-0.96579
0
0
0
0
0
0
0
0
-1.4858
0
0
0
0
0
0
0
0
0
0
0
0
0
0
0
0
0
0
0
0
0
0
0
0
0
0
0
0
0
0
0
0
0
0
0
0
0
0
0
0
0
0
0
0
0
0
0
0
-0.97424
-0.97367
-0.97357
-0.97375
-0.9737
-0.97369
-0.9734
-0.97343
-0.97387
-0.97296
-0.97311
54.4833
-0.97269
-0.97268
-0.97268
-0.97268
-0.97268
-0.97268
-0.97149
-0.97235
-0.97217
-0.97214
-0.97237
-0.97217
-0.97495
-0.97477
-0.97261
-0.97271
-0.97262
-0.97261
-0.97262
-0.97127
-0.97317
-0.97355
-0.97389
-0.9726
-0.97259
-0.97247
-0.97236
-0.97177
-0.97177
-0.97177
-0.97163
-0.97298
-0.97291
-0.97388
-0.97399
-0.97135
-0.97302
-0.97448
-0.97497
-0.97313
-0.97371
-0.97599
-0.97368
-0.97188
-0.96747
0
0
0
0
0
0
0
0
0
0
0
0
0
0
0
0
0
0
0
0
0
0
0
0
0
0
0
0
0
0
0
0
0
0
0
0
0
0
0
0
0
0
0
0
0
0
0
0
0
0
0
0
0
0
0
0
0
-0.97318
-0.97261
-0.97252
-0.97269
-0.97262
-0.97263
-0.97233
-0.97238
-0.97283
-0.97187
-0.97205
-0.97269
53.4569
-0.97151
-0.97151
-0.97151
-0.9715
-0.9715
-0.97039
-0.97126
-0.97108
-0.97105
-0.97129
-0.97106
-0.97385
-0.97367
-0.97153
-0.97162
-0.97152
-0.97152
-0.97152
-0.97018
-0.97209
-0.97248
-0.97281
-0.97151
-0.97151
-0.97137
-0.97126
-0.97068
-0.97068
-0.97068
-0.97054
-0.97191
-0.97184
-0.97278
-0.9729
-0.97026
-0.97191
-0.97337
-0.97385
-0.97203
-0.97266
-0.97489
-0.97257
-0.97079
0
0
0
0
0
0
0
0
0
0
0
0
0
0
0
0
0
0
0
0
0
0
0
0
0
0
0
0
0
0
0
0
0
0
0
0
0
0
0
0
0
0
0
0
0
0
0
0
0
0
0
0
0
0
0
0
0
0
-0.97318
-0.97261
-0.97252
-0.9727
-0.97263
-0.97263
-0.97233
-0.97238
-0.97282
-0.97187
-0.97204
-0.97268
-0.97151
53.4568
-0.97151
-0.9715
-0.97151
-0.97151
-0.97039
-0.97126
-0.97108
-0.97105
-0.97129
-0.97106
-0.97385
-0.97367
-0.97153
-0.97161
-0.97153
-0.97152
-0.97152
-0.97018
-0.9721
-0.97248
-0.97282
-0.97151
-0.97152
-0.97137
-0.97126
-0.97067
-0.97068
-0.97067
-0.97053
-0.97192
-0.97184
-0.97277
-0.97289
-0.97024
-0.97191
-0.97338
-0.97386
-0.97203
-0.97266
-0.97489
-0.97258
-0.97079
0
0
0
0
0
0
0
0
0
0
0
0
0
0
0
0
0
0
0
0
0
0
0
0
0
0
0
0
0
0
0
0
0
0
0
0
0
0
0
0
0
0
0
0
0
0
0
0
0
0
0
0
0
0
0
0
0
0
-0.97318
-0.97261
-0.97252
-0.97268
-0.97263
-0.97262
-0.97233
-0.97238
-0.97283
-0.97187
-0.97205
-0.97268
-0.97151
-0.97151
53.4568
-0.97151
-0.9715
-0.97151
-0.9704
-0.97126
-0.97108
-0.97104
-0.97128
-0.97107
-0.97385
-0.97367
-0.97152
-0.97161
-0.97152
-0.97152
-0.97152
-0.97017
-0.97209
-0.97247
-0.97281
-0.97151
-0.97151
-0.97137
-0.97126
-0.97067
-0.97068
-0.97068
-0.97054
-0.97191
-0.97185
-0.97278
-0.97289
-0.97025
-0.97191
-0.97337
-0.97386
-0.97202
-0.97265
-0.9749
-0.97257
-0.97079
0
0
0
0
0
0
0
0
0
0
0
0
0
0
0
0
0
0
0
0
0
0
0
0
0
0
0
0
0
0
0
0
0
0
0
0
0
0
0
0
0
0
0
0
0
0
0
0
0
0
0
0
0
0
0
0
0
0
-0.97318
-0.9726
-0.97251
-0.9727
-0.97262
-0.97263
-0.97233
-0.97237
-0.97282
-0.97187
-0.97205
-0.97268
-0.97151
-0.9715
-0.97151
53.4568
-0.97151
-0.97151
-0.97039
-0.97126
-0.97108
-0.97105
-0.97129
-0.97107
-0.97384
-0.97366
-0.97152
-0.97161
-0.97152
-0.97151
-0.97152
-0.97017
-0.97209
-0.97248
-0.97281
-0.97151
-0.97151
-0.97138
-0.97126
-0.97068
-0.97068
-0.97068
-0.97053
-0.97192
-0.97184
-0.97278
-0.9729
-0.97025
-0.97191
-0.97338
-0.97385
-0.97203
-0.97266
-0.97489
-0.97258
-0.9708
0
0
0
0
0
0
0
0
0
0
0
0
0
0
0
0
0
0
0
0
0
0
0
0
0
0
0
0
0
0
0
0
0
0
0
0
0
0
0
0
0
0
0
0
0
0
0
0
0
0
0
0
0
0
0
0
0
0
-0.97318
-0.97261
-0.97252
-0.97269
-0.97263
-0.97262
-0.97233
-0.97238
-0.97283
-0.97188
-0.97205
-0.97268
-0.9715
-0.97151
-0.9715
-0.97151
53.4568
-0.97151
-0.97039
-0.97126
-0.97108
-0.97104
-0.97129
-0.97106
-0.97384
-0.97367
-0.97152
-0.97161
-0.97153
-0.97153
-0.97152
-0.97018
-0.97208
-0.97248
-0.97281
-0.97151
-0.97151
-0.97137
-0.97126
-0.97067
-0.97069
-0.97067
-0.97054
-0.97191
-0.97183
-0.97278
-0.9729
-0.97025
-0.97192
-0.97337
-0.97385
-0.97203
-0.97266
-0.97489
-0.97258
-0.9708
0
0
0
0
0
0
0
0
0
0
0
0
0
0
0
0
0
0
0
0
0
0
0
0
0
0
0
0
0
0
0
0
0
0
0
0
0
0
0
0
0
0
0
0
0
0
0
0
0
0
0
0
0
0
0
0
0
0
-0.97318
-0.97261
-0.97251
-0.97269
-0.97263
-0.97262
-0.97233
-0.97238
-0.97282
-0.97187
-0.97204
-0.97268
-0.9715
-0.97151
-0.97151
-0.97151
-0.97151
53.4568
-0.9704
-0.97125
-0.97109
-0.97104
-0.97129
-0.97107
-0.97384
-0.97367
-0.97152
-0.97161
-0.97153
-0.97152
-0.97152
-0.97017
-0.97209
-0.97248
-0.97282
-0.97151
-0.97151
-0.97137
-0.97125
-0.97068
-0.97068
-0.97068
-0.97054
-0.97191
-0.97184
-0.97278
-0.9729
-0.97025
-0.97192
-0.97338
-0.97385
-0.97203
-0.97266
-0.97489
-0.97258
-0.97078
0
0
0
0
0
0
0
0
0
0
0
0
0
0
0
0
0
0
0
0
0
0
0
0
0
0
0
0
0
0
0
0
0
0
0
0
0
0
0
0
0
0
0
0
0
0
0
0
0
0
0
0
0
0
0
0
0
0
-0.97201
-0.97143
-0.97133
-0.97151
-0.97144
-0.97144
-0.97116
-0.9712
-0.97166
-0.97069
-0.97086
-0.97149
-0.97039
-0.97039
-0.9704
-0.97039
-0.97039
-0.9704
52.4218
-0.97001
-0.9699
-0.96981
-0.97005
-0.96985
-0.97259
-0.97242
-0.97029
-0.97037
-0.97029
-0.9703
-0.9703
-0.96894
-0.97084
-0.97124
-0.97155
-0.97028
-0.97028
-0.97013
-0.97001
-0.96944
-0.96944
-0.96944
-0.96931
-0.97067
-0.9706
-0.97154
-0.97168
-0.96902
-0.97068
-0.97213
-0.9726
-0.97079
-0.97141
-0.97365
-0.97133
0
0
0
0
0
0
0
0
0
0
0
0
0
0
0
0
0
0
0
0
0
0
0
0
0
0
0
0
0
0
0
0
0
0
0
0
0
0
0
0
0
0
0
0
0
0
0
0
0
0
0
0
0
0
0
0
0
0
0
-0.97268
-0.97224
-0.97213
-0.9723
-0.97225
-0.97226
-0.97193
-0.97192
-0.97251
-0.9715
-0.9717
-0.97235
-0.97126
-0.97126
-0.97126
-0.97126
-0.97126
-0.97125
-0.97001
51.8973
-0.9707
-0.97065
-0.97086
-0.97067
-0.9734
-0.97326
-0.97114
-0.9712
-0.97113
-0.97113
-0.97112
-0.96978
-0.97165
-0.97205
-0.97228
-0.9711
-0.97111
-0.97099
-0.9709
-0.97027
-0.97027
-0.97027
-0.97014
-0.97144
-0.97137
-0.9724
-0.97257
-0.96985
-0.97152
-0.97289
-0.97345
-0.97164
-0.97216
0
0
0
0
0
0
0
0
0
0
0
0
0
0
0
0
0
0
0
0
0
0
0
0
0
0
-1.3785
0
0
0
0
0
0
0
0
0
0
0
0
0
0
0
0
0
0
0
0
0
0
0
0
0
0
0
0
0
0
0
0
0
0
-0.97265
-0.97209
-0.97199
-0.97217
-0.9721
-0.9721
-0.97181
-0.97185
-0.97233
-0.97134
-0.97151
-0.97217
-0.97108
-0.97108
-0.97108
-0.97108
-0.97108
-0.97109
-0.9699
-0.9707
51.4856
-0.97049
-0.97073
-0.97052
-0.97327
-0.97309
-0.97098
-0.97106
-0.97098
-0.97097
-0.97097
-0.96964
-0.97154
-0.97193
-0.97224
-0.97095
-0.97096
-0.97082
-0.9707
-0.97013
-0.97012
-0.97012
-0.96999
-0.97135
-0.97127
-0.97222
-0.97235
-0.96969
-0.97136
-0.97282
-0.97329
-0.97148
-0.9721
-0.97431
0
0
0
0
0
0
0
0
0
0
0
0
0
0
0
0
0
0
0
0
0
0
0
0
0
0
0
0
0
0
0
0
0
0
0
0
0
0
0
0
0
0
0
0
0
0
0
0
0
0
0
0
0
0
0
0
0
0
0
0
-0.97264
-0.97204
-0.97193
-0.97212
-0.97207
-0.97206
-0.97174
-0.97183
-0.97226
-0.97131
-0.97149
-0.97214
-0.97105
-0.97105
-0.97104
-0.97105
-0.97104
-0.97104
-0.96981
-0.97065
-0.97049
50.7527
-0.97068
-0.97046
-0.97319
-0.97304
-0.97092
-0.971
-0.97093
-0.97094
-0.97093
-0.96957
-0.97147
-0.97186
-0.97217
-0.97091
-0.97091
-0.97075
-0.97062
-0.97007
-0.97007
-0.97006
-0.96994
-0.97131
-0.97114
-0.97216
-0.97231
-0.96965
-0.97131
-0.97232
-0.97321
-0.97144
0
0
0
0
0
0
0
0
0
0
0
0
0
0
0
0
0
0
-1.2165
0
0
0
0
0
0
0
0
0
0
0
0
0
0
0
0
0
0
0
0
0
0
0
0
0
0
0
0
0
0
0
0
0
0
0
0
0
0
0
0
0
0
0
-0.97278
-0.97227
-0.97216
-0.97228
-0.97229
-0.97229
-0.97195
-0.97204
-0.9724
-0.97153
-0.97172
-0.97237
-0.97129
-0.97129
-0.97128
-0.97129
-0.97129
-0.97129
-0.97005
-0.97086
-0.97073
-0.97068
51.4059
-0.97071
-0.97334
-0.97333
-0.97116
-0.97122
-0.97115
-0.97115
-0.97115
-0.96979
-0.97158
-0.97201
-0.9723
-0.97113
-0.97113
-0.97098
-0.97082
-0.9703
-0.9703
-0.9703
-0.97016
-0.97126
-0.97131
-0.97237
-0.97252
-0.96989
-0.97156
-0.97295
-0.97357
-0.97168
0
0
0
0
0
0
0
0
0
0
0
0
0
0
0
0
0
0
0
0
0
0
0
0
0
0
0
0
0
0
0
0
0
0
0
0
0
0
0
0
0
0
0
0
0
0
0
-1.8587
0
0
0
0
0
0
0
0
0
0
0
0
0
0
-0.97265
-0.97207
-0.97197
-0.97215
-0.97208
-0.97209
-0.97177
-0.97184
-0.9723
-0.97132
-0.97151
-0.97217
-0.97106
-0.97106
-0.97107
-0.97107
-0.97106
-0.97107
-0.96985
-0.97067
-0.97052
-0.97046
-0.97071
49.5378
-0.97319
-0.97308
-0.97096
-0.97103
-0.97096
-0.97096
-0.97097
-0.96959
-0.97149
-0.9719
-0.97219
-0.97092
-0.97093
-0.97078
-0.97066
-0.97009
-0.97009
-0.97008
-0.96995
-0.97132
-0.97124
-0.97218
-0.97232
-0.96966
-0.97133
-0.97275
-0.97326
-0.97145
0
0
0
0
0
0
0
0
0
0
0
0
0
0
0
0
0
0
0
0
0
0
0
0
0
0
0
0
0
0
0
0
0
0
0
0
0
0
0
0
0
0
0
0
0
0
0
0
0
0
0
0
0
0
0
0
0
0
0
0
0
0
-0.97532
-0.97481
-0.97471
-0.97482
-0.97484
-0.97483
-0.97453
-0.9746
-0.97493
-0.9741
-0.97427
-0.97495
-0.97385
-0.97385
-0.97385
-0.97384
-0.97384
-0.97384
-0.97259
-0.9734
-0.97327
-0.97319
-0.97334
-0.97319
48.5904
-0.97616
-0.97391
-0.97397
-0.97391
-0.97391
-0.9739
-0.97238
-0.97446
-0.97478
-0.97515
-0.97387
-0.97387
-0.97376
-0.97363
-0.97307
-0.97307
-0.97306
-0.97293
-0.97406
-0.97416
-0.97518
-0.97532
-0.97267
0
0
0
0
0
0
0
0
0
0
0
0
0
0
0
0
0
0
-0.98595
0
0
0
0
0
0
0
0
0
0
0
0
0
0
0
0
0
0
0
0
0
0
0
0
0
0
0
0
0
0
0
0
0
0
0
0
-1.8245
0
0
0
0
0
0
0
0
0
0
-0.97529
-0.97469
-0.97458
-0.9748
-0.9747
-0.97471
-0.97439
-0.97445
-0.97497
-0.97393
-0.97412
-0.97477
-0.97367
-0.97367
-0.97367
-0.97366
-0.97367
-0.97367
-0.97242
-0.97326
-0.97309
-0.97304
-0.97333
-0.97308
-0.97616
48.1341
-0.97358
-0.97384
-0.97358
-0.97359
-0.97358
-0.97224
-0.97444
-0.97476
-0.97521
-0.9737
-0.9737
-0.9736
-0.97352
-0.97289
-0.97288
-0.97288
-0.97275
-0.97431
-0.97416
-0.97504
-0.97514
-0.97247
-0.97415
0
0
0
0
0
0
0
0
0
0
0
0
0
0
0
0
0
0
0
0
0
0
0
0
0
0
0
0
0
0
0
0
0
0
0
0
0
-1.3863
0
0
0
0
0
0
0
0
0
0
0
0
0
0
0
0
0
0
0
0
0
0
0
0
0
0
0
-0.97309
-0.97251
-0.97242
-0.97259
-0.97252
-0.97253
-0.97223
-0.97229
-0.97275
-0.97177
-0.97197
-0.97261
-0.97153
-0.97153
-0.97152
-0.97152
-0.97152
-0.97152
-0.97029
-0.97114
-0.97098
-0.97092
-0.97116
-0.97096
-0.97391
-0.97358
46.642
-0.97145
-0.9711
-0.9711
-0.9711
-0.96993
-0.97202
-0.97241
-0.97274
-0.97143
-0.97143
-0.9713
-0.9712
-0.9706
-0.97059
-0.97059
-0.97046
-0.97186
-0.97179
-0.97271
-0.97285
-0.97017
-0.97185
0
0
0
0
0
0
0
0
0
0
0
0
0
0
0
0
0
0
0
0
0
0
0
0
0
0
0
0
0
0
0
0
0
0
0
0
0
0
0
0
0
0
0
0
0
0
0
0
0
0
0
0
0
0
0
0
0
0
0
0
0
0
0
0
0
-0.97317
-0.97258
-0.97248
-0.97269
-0.97262
-0.97262
-0.97224
-0.97236
-0.97281
-0.97187
-0.97206
-0.97271
-0.97162
-0.97161
-0.97161
-0.97161
-0.97161
-0.97161
-0.97037
-0.9712
-0.97106
-0.971
-0.97122
-0.97103
-0.97397
-0.97384
-0.97145
46.8841
-0.97145
-0.97145
-0.97145
-0.96998
-0.97203
-0.97245
-0.97273
-0.97149
-0.97149
-0.97132
-0.97121
-0.97065
-0.97065
-0.97065
-0.9705
-0.97187
-0.9718
-0.97274
-0.97288
-0.97022
0
0
0
0
0
0
0
0
0
0
0
0
0
0
0
0
0
0
0
0
0
0
0
0
-1.2101
0
0
0
0
0
0
0
0
0
0
0
0
0
0
0
0
0
0
0
0
0
0
0
0
0
0
0
0
0
0
0
0
0
0
0
0
0
0
0
0
0
-0.97308
-0.9725
-0.97243
-0.97259
-0.97253
-0.97253
-0.97223
-0.97228
-0.97275
-0.97177
-0.97197
-0.97262
-0.97152
-0.97153
-0.97152
-0.97152
-0.97153
-0.97153
-0.97029
-0.97113
-0.97098
-0.97093
-0.97115
-0.97096
-0.97391
-0.97358
-0.9711
-0.97145
46.642
-0.97111
-0.9711
-0.96993
-0.97203
-0.97241
-0.97274
-0.97143
-0.97144
-0.9713
-0.9712
-0.97059
-0.97059
-0.97059
-0.97046
-0.97186
-0.97179
-0.9727
-0.97284
-0.97017
-0.97184
0
0
0
0
0
0
0
0
0
0
0
0
0
0
0
0
0
0
0
0
0
0
0
0
0
0
0
0
0
0
0
0
0
0
0
0
0
0
0
0
0
0
0
0
0
0
0
0
0
0
0
0
0
0
0
0
0
0
0
0
0
0
0
0
0
-0.97309
-0.9725
-0.97242
-0.97259
-0.97253
-0.97252
-0.97222
-0.97229
-0.97275
-0.97178
-0.97196
-0.97261
-0.97152
-0.97152
-0.97152
-0.97151
-0.97153
-0.97152
-0.9703
-0.97113
-0.97097
-0.97094
-0.97115
-0.97096
-0.97391
-0.97359
-0.9711
-0.97145
-0.97111
46.642
-0.9711
-0.96993
-0.97203
-0.9724
-0.97274
-0.97143
-0.97143
-0.9713
-0.9712
-0.97059
-0.97059
-0.97059
-0.97045
-0.97186
-0.97179
-0.9727
-0.97286
-0.97017
-0.97184
0
0
0
0
0
0
0
0
0
0
0
0
0
0
0
0
0
0
0
0
0
0
0
0
0
0
0
0
0
0
0
0
0
0
0
0
0
0
0
0
0
0
0
0
0
0
0
0
0
0
0
0
0
0
0
0
0
0
0
0
0
0
0
0
0
-0.97309
-0.9725
-0.97242
-0.97259
-0.97253
-0.97252
-0.97223
-0.9723
-0.97275
-0.97178
-0.97197
-0.97262
-0.97152
-0.97152
-0.97152
-0.97152
-0.97152
-0.97152
-0.9703
-0.97112
-0.97097
-0.97093
-0.97115
-0.97097
-0.9739
-0.97358
-0.9711
-0.97145
-0.9711
-0.9711
46.642
-0.96993
-0.97203
-0.97241
-0.97274
-0.97144
-0.97143
-0.97131
-0.9712
-0.97059
-0.97059
-0.9706
-0.97046
-0.97186
-0.97179
-0.97271
-0.97285
-0.97018
-0.97184
0
0
0
0
0
0
0
0
0
0
0
0
0
0
0
0
0
0
0
0
0
0
0
0
0
0
0
0
0
0
0
0
0
0
0
0
0
0
0
0
0
0
0
0
0
0
0
0
0
0
0
0
0
0
0
0
0
0
0
0
0
0
0
0
0
-0.97174
-0.97117
-0.97107
-0.97125
-0.97118
-0.97118
-0.97088
-0.97094
-0.9714
-0.97044
-0.97062
-0.97127
-0.97018
-0.97018
-0.97017
-0.97017
-0.97018
-0.97017
-0.96894
-0.96978
-0.96964
-0.96957
-0.96979
-0.96959
-0.97238
-0.97224
-0.96993
-0.96998
-0.96993
-0.96993
-0.96993
45.6059
-0.97045
-0.97095
-0.97104
-0.97001
-0.97001
-0.9698
-0.96967
-0.96913
-0.96913
-0.96913
-0.96898
-0.97031
-0.97023
-0.97121
-0.97134
-0.96869
0
0
0
0
0
0
0
0
0
0
0
0
0
0
0
0
0
0
0
0
0
0
0
0
0
0
0
0
0
0
0
0
0
0
0
0
0
0
0
0
0
0
0
0
0
0
0
0
0
0
0
0
0
0
0
0
0
0
0
0
0
0
0
0
0
0
-0.97353
-0.97294
-0.97294
-0.97305
-0.97309
-0.97308
-0.97273
-0.97287
-0.97318
-0.97233
-0.97254
-0.97317
-0.97209
-0.9721
-0.97209
-0.97209
-0.97208
-0.97209
-0.97084
-0.97165
-0.97154
-0.97147
-0.97158
-0.97149
-0.97446
-0.97444
-0.97202
-0.97203
-0.97203
-0.97203
-0.97203
-0.97045
45.8359
-0.97286
-0.97287
-0.97198
-0.97198
-0.97178
-0.97171
-0.97109
-0.97108
-0.97108
-0.97093
-0.972
-0.97208
0
0
0
0
0
0
0
0
0
0
0
0
0
0
0
0
0
0
0
0
0
0
0
0
0
0
0
0
0
0
0
-1.2704
0
0
0
0
0
0
0
0
0
0
0
0
0
0
0
0
0
0
0
0
0
0
0
0
0
0
0
0
0
0
0
0
0
0
-1.788
0
0
-0.97395
-0.97344
-0.97334
-0.97345
-0.97347
-0.97348
-0.97316
-0.97323
-0.97357
-0.97273
-0.9729
-0.97355
-0.97248
-0.97248
-0.97247
-0.97248
-0.97248
-0.97248
-0.97124
-0.97205
-0.97193
-0.97186
-0.97201
-0.9719
-0.97478
-0.97476
-0.97241
-0.97245
-0.97241
-0.9724
-0.97241
-0.97095
-0.97286
44.5689
-0.97359
-0.9723
-0.9723
-0.97223
-0.97217
-0.97153
-0.97153
-0.97152
-0.97139
-0.97255
-0.97263
0
0
0
0
0
0
0
0
0
0
0
0
0
0
0
0
0
0
0
0
0
0
0
0
0
0
0
0
0
0
0
0
0
0
0
0
0
0
0
0
0
0
0
0
0
0
0
0
0
0
0
0
0
0
0
0
0
0
0
-1.7736
0
0
0
0
0
0
0
0
0
-0.97395
-0.97377
-0.97361
-0.97371
-0.97373
-0.97374
-0.97348
-0.9733
-0.97404
-0.97307
-0.97324
-0.97389
-0.97281
-0.97282
-0.97281
-0.97281
-0.97281
-0.97282
-0.97155
-0.97228
-0.97224
-0.97217
-0.9723
-0.97219
-0.97515
-0.97521
-0.97274
-0.97273
-0.97274
-0.97274
-0.97274
-0.97104
-0.97287
-0.97359
45.5982
-0.97283
-0.97283
-0.97262
-0.97251
-0.97189
-0.97188
-0.97189
-0.97174
0
0
0
0
0
0
-0.97449
0
0
0
0
0
0
0
0
0
0
0
0
0
0
0
0
0
0
0
0
0
0
0
-1.9615
0
0
0
0
0
0
0
0
0
0
0
0
0
0
0
0
0
0
0
0
0
0
0
0
-1.7993
0
0
0
0
0
0
0
0
0
0
0
0
0
0
0
-0.97308
-0.97251
-0.97241
-0.97258
-0.97251
-0.9725
-0.97222
-0.97228
-0.97274
-0.97177
-0.97195
-0.9726
-0.97151
-0.97151
-0.97151
-0.97151
-0.97151
-0.97151
-0.97028
-0.9711
-0.97095
-0.97091
-0.97113
-0.97092
-0.97387
-0.9737
-0.97143
-0.97149
-0.97143
-0.97143
-0.97144
-0.97001
-0.97198
-0.9723
-0.97283
42.7541
-0.97117
-0.97117
-0.97109
-0.97047
-0.97046
-0.97047
-0.97031
-0.97178
-0.97172
0
0
0
0
0
0
0
0
0
0
0
0
0
0
0
0
0
0
0
0
0
0
0
0
0
0
0
0
0
0
0
0
0
0
0
0
0
0
0
0
0
0
0
0
0
0
0
0
0
0
0
0
0
0
0
0
0
0
0
0
0
0
0
0
0
0
0
0
0
-0.97308
-0.97251
-0.97241
-0.97258
-0.97252
-0.97252
-0.97222
-0.97228
-0.97274
-0.97177
-0.97196
-0.97259
-0.97151
-0.97152
-0.97151
-0.97151
-0.97151
-0.97151
-0.97028
-0.97111
-0.97096
-0.97091
-0.97113
-0.97093
-0.97387
-0.9737
-0.97143
-0.97149
-0.97144
-0.97143
-0.97143
-0.97001
-0.97198
-0.9723
-0.97283
-0.97117
42.7541
-0.97117
-0.97109
-0.97047
-0.97048
-0.97047
-0.9703
-0.9718
-0.97171
0
0
0
0
0
0
0
0
0
0
0
0
0
0
0
0
0
0
0
0
0
0
0
0
0
0
0
0
0
0
0
0
0
0
0
0
0
0
0
0
0
0
0
0
0
0
0
0
0
0
0
0
0
0
0
0
0
0
0
0
0
0
0
0
0
0
0
0
0
-0.97295
-0.97235
-0.97227
-0.97243
-0.97238
-0.97238
-0.97207
-0.97205
-0.97256
-0.97162
-0.97182
-0.97247
-0.97137
-0.97137
-0.97137
-0.97138
-0.97137
-0.97137
-0.97013
-0.97099
-0.97082
-0.97075
-0.97098
-0.97078
-0.97376
-0.9736
-0.9713
-0.97132
-0.9713
-0.9713
-0.97131
-0.9698
-0.97178
-0.97223
-0.97262
-0.97117
-0.97117
41.8539
-0.97092
-0.97031
-0.9703
-0.9703
-0.9701
0
0
0
0
0
0
0
0
0
0
0
0
0
0
0
0
0
0
0
0
-1.0493
0
0
0
0
0
0
0
0
0
0
0
0
0
0
0
0
0
0
0
0
0
0
0
0
0
0
0
0
0
0
0
0
0
0
0
0
0
0
0
0
0
0
0
0
0
0
0
0
0
0
-0.97279
-0.97224
-0.97208
-0.97229
-0.97225
-0.97225
-0.97193
-0.97204
-0.9724
-0.97151
-0.9717
-0.97236
-0.97126
-0.97126
-0.97126
-0.97126
-0.97126
-0.97125
-0.97001
-0.9709
-0.9707
-0.97062
-0.97082
-0.97066
-0.97363
-0.97352
-0.9712
-0.97121
-0.9712
-0.9712
-0.9712
-0.96967
-0.97171
-0.97217
-0.97251
-0.97109
-0.97109
-0.97092
41.7892
-0.97026
-0.97027
-0.97027
0
0
0
0
0
0
0
0
0
0
0
0
0
0
0
0
0
0
0
0
0
0
0
0
-0.98196
0
0
0
0
0
0
0
0
0
0
0
0
0
0
0
-0.97701
0
0
0
0
0
0
0
0
0
0
0
0
0
0
0
0
0
0
0
0
0
0
0
0
0
0
0
0
0
0
0
-0.97225
-0.97167
-0.97158
-0.97176
-0.97168
-0.97168
-0.97138
-0.97145
-0.97193
-0.97093
-0.97112
-0.97177
-0.97068
-0.97067
-0.97067
-0.97068
-0.97067
-0.97068
-0.96944
-0.97027
-0.97013
-0.97007
-0.9703
-0.97009
-0.97307
-0.97289
-0.9706
-0.97065
-0.97059
-0.97059
-0.97059
-0.96913
-0.97109
-0.97153
-0.97189
-0.97047
-0.97047
-0.97031
-0.97026
40.7752
-0.96913
-0.96913
-0.96931
0
0
0
0
0
0
0
0
0
0
0
0
0
0
0
0
0
0
0
0
0
0
0
0
0
0
0
0
0
0
0
0
0
0
0
0
0
0
0
0
0
0
0
0
0
0
0
0
0
0
0
0
0
0
0
0
0
0
0
0
0
0
0
0
0
0
0
0
0
0
0
-0.97226
-0.97167
-0.97159
-0.97176
-0.97168
-0.97168
-0.97139
-0.97145
-0.97192
-0.97093
-0.97112
-0.97177
-0.97068
-0.97068
-0.97068
-0.97068
-0.97069
-0.97068
-0.96944
-0.97027
-0.97012
-0.97007
-0.9703
-0.97009
-0.97307
-0.97288
-0.97059
-0.97065
-0.97059
-0.97059
-0.97059
-0.96913
-0.97108
-0.97153
-0.97188
-0.97046
-0.97048
-0.9703
-0.97027
-0.96913
40.7753
-0.96913
-0.96931
0
0
0
0
0
0
0
0
0
0
0
0
0
0
0
0
0
0
0
0
0
0
0
0
0
0
0
0
0
0
0
0
0
0
0
0
0
0
0
0
0
0
0
0
0
0
0
0
0
0
0
0
0
0
0
0
0
0
0
0
0
0
0
0
0
0
0
0
0
0
0
-0.97224
-0.97167
-0.97158
-0.97175
-0.97169
-0.97168
-0.97137
-0.97145
-0.97192
-0.97093
-0.97111
-0.97177
-0.97068
-0.97067
-0.97068
-0.97068
-0.97067
-0.97068
-0.96944
-0.97027
-0.97012
-0.97006
-0.9703
-0.97008
-0.97306
-0.97288
-0.97059
-0.97065
-0.97059
-0.97059
-0.9706
-0.96913
-0.97108
-0.97152
-0.97189
-0.97047
-0.97047
-0.9703
-0.97027
-0.96913
-0.96913
40.7752
-0.96931
0
0
0
0
0
0
0
0
0
0
0
0
0
0
0
0
0
0
0
0
0
0
0
0
0
0
0
0
0
0
0
0
0
0
0
0
0
0
0
0
0
0
0
0
0
0
0
0
0
0
0
0
0
0
0
0
0
0
0
0
0
0
0
0
0
0
0
0
0
0
0
-0.97213
-0.97154
-0.97144
-0.97163
-0.97155
-0.97154
-0.97125
-0.97132
-0.9718
-0.97081
-0.97099
-0.97163
-0.97054
-0.97053
-0.97054
-0.97053
-0.97054
-0.97054
-0.96931
-0.97014
-0.96999
-0.96994
-0.97016
-0.96995
-0.97293
-0.97275
-0.97046
-0.9705
-0.97046
-0.97045
-0.97046
-0.96898
-0.97093
-0.97139
-0.97174
-0.97031
-0.9703
-0.9701
0
-0.96931
-0.96931
-0.96931
39.8
0
0
0
0
0
0
0
0
0
0
0
0
0
0
0
0
0
0
0
0
0
0
0
0
0
0
0
0
0
0
0
0
0
0
0
0
0
0
0
0
0
0
0
0
0
0
0
0
0
0
0
0
0
0
0
0
0
0
0
0
0
0
0
0
0
0
0
0
0
0
0
-0.97319
-0.97285
-0.9727
-0.97272
-0.97288
-0.97289
-0.97255
-0.97227
-0.97243
-0.97214
-0.97228
-0.97298
-0.97191
-0.97192
-0.97191
-0.97192
-0.97191
-0.97191
-0.97067
-0.97144
-0.97135
-0.97131
-0.97126
-0.97132
-0.97406
-0.97431
-0.97186
-0.97187
-0.97186
-0.97186
-0.97186
-0.97031
-0.972
-0.97255
0
-0.97178
-0.9718
0
0
0
0
0
0
39.8451
0
0
0
0
0
0
0
0
0
0
0
0
0
0
0
0
0
0
0
0
0
0
0
0
0
0
0
0
0
0
-1.3543
0
0
0
0
0
0
0
0
0
0
0
0
0
0
0
0
0
0
0
0
0
0
0
0
0
0
0
0
0
0
0
0
0
0
-1.747
0
0
0
-1.747
-0.97324
-0.97276
-0.97264
-0.97275
-0.97281
-0.97281
-0.97247
-0.97255
-0.9728
-0.97208
-0.97221
-0.97291
-0.97184
-0.97184
-0.97185
-0.97184
-0.97183
-0.97184
-0.9706
-0.97137
-0.97127
-0.97114
-0.97131
-0.97124
-0.97416
-0.97416
-0.97179
-0.9718
-0.97179
-0.97179
-0.97179
-0.97023
-0.97208
-0.97263
0
-0.97172
-0.97171
0
0
0
0
0
0
0
38.4694
0
0
0
0
0
0
0
0
0
0
0
0
0
0
0
0
0
0
0
0
0
-0.9837
0
0
0
0
0
0
0
0
0
0
-0.82634
0
0
0
0
0
0
0
0
0
0
0
0
0
0
0
0
0
0
0
0
0
0
0
-1.6637
0
0
0
0
0
0
0
0
0
0
0
0
-0.97434
-0.97348
-0.97365
-0.97382
-0.97376
-0.97375
-0.97342
-0.97362
-0.97394
-0.97298
-0.97328
-0.97388
-0.97278
-0.97277
-0.97278
-0.97278
-0.97278
-0.97278
-0.97154
-0.9724
-0.97222
-0.97216
-0.97237
-0.97218
-0.97518
-0.97504
-0.97271
-0.97274
-0.9727
-0.9727
-0.97271
-0.97121
0
0
0
0
0
0
0
0
0
0
0
0
0
32.3422
0
0
0
0
0
0
0
0
0
0
0
0
0
-1.2038
0
0
0
0
0
0
0
0
0
0
0
0
0
0
0
0
0
0
0
0
0
0
0
0
0
0
0
0
0
0
0
0
0
0
0
0
0
0
0
0
0
0
0
0
0
0
0
0
0
0
0
0
0
0
-0.97453
-0.97389
-0.97386
-0.97398
-0.97391
-0.97391
-0.97359
-0.97349
-0.97394
-0.97314
-0.97334
-0.97399
-0.9729
-0.97289
-0.97289
-0.9729
-0.9729
-0.9729
-0.97168
-0.97257
-0.97235
-0.97231
-0.97252
-0.97232
-0.97532
-0.97514
-0.97285
-0.97288
-0.97284
-0.97286
-0.97285
-0.97134
0
0
0
0
0
0
0
0
0
0
0
0
0
0
32.497
0
0
0
0
0
0
0
0
0
0
0
0
0
0
0
0
0
0
0
0
0
0
0
0
0
0
0
0
0
0
0
0
0
0
-1.3542
0
0
0
0
0
0
0
0
0
0
0
0
0
0
0
0
0
0
0
0
0
0
0
0
0
0
0
0
0
0
0
0
-0.97187
-0.97127
-0.97118
-0.97135
-0.97127
-0.97127
-0.97097
-0.97105
-0.97152
-0.97052
-0.9707
-0.97135
-0.97026
-0.97024
-0.97025
-0.97025
-0.97025
-0.97025
-0.96902
-0.96985
-0.96969
-0.96965
-0.96989
-0.96966
-0.97267
-0.97247
-0.97017
-0.97022
-0.97017
-0.97017
-0.97018
-0.96869
0
0
0
0
0
0
0
0
0
0
0
0
0
0
0
31.0583
0
0
0
0
0
0
0
0
0
0
0
0
0
0
0
0
0
0
0
0
0
0
0
0
0
0
0
0
0
0
0
0
0
0
0
0
0
0
0
0
0
0
0
0
0
0
0
0
0
0
0
0
0
0
0
0
0
0
0
0
0
0
0
0
0
0
-0.97354
-0.97293
-0.97284
-0.97303
-0.97294
-0.97294
-0.97263
-0.97271
-0.9732
-0.97218
-0.97237
-0.97302
-0.97191
-0.97191
-0.97191
-0.97191
-0.97192
-0.97192
-0.97068
-0.97152
-0.97136
-0.97131
-0.97156
-0.97133
0
-0.97415
-0.97185
0
-0.97184
-0.97184
-0.97184
0
0
0
0
0
0
0
0
0
0
0
0
0
0
0
0
0
28.1951
0
0
0
0
0
0
0
0
0
0
0
0
0
0
0
0
0
0
0
0
0
0
0
0
0
0
0
0
0
0
0
0
0
0
0
0
0
0
0
0
0
0
0
0
0
0
0
0
0
0
0
0
0
0
0
0
0
0
0
0
0
0
0
0
0
-0.97495
-0.97438
-0.97425
-0.97447
-0.97439
-0.9744
-0.97366
-0.97413
-0.97457
-0.97364
-0.97379
-0.97448
-0.97337
-0.97338
-0.97337
-0.97338
-0.97337
-0.97338
-0.97213
-0.97289
-0.97282
-0.97232
-0.97295
-0.97275
0
0
0
0
0
0
0
0
0
0
-0.97449
0
0
0
0
0
0
0
0
0
0
0
0
0
0
27.1531
0
0
0
0
0
0
0
0
0
0
0
0
0
0
0
0
0
0
0
0
-1.208
0
0
0
0
0
0
0
0
0
0
0
0
0
0
0
0
0
0
0
-1.6035
0
0
0
0
0
0
0
0
0
0
0
0
0
0
0
0
0
0
0
0
0
0
0
-0.97558
-0.97493
-0.97481
-0.97507
-0.97492
-0.97492
-0.97461
-0.97471
-0.97532
-0.97412
-0.97433
-0.97497
-0.97385
-0.97386
-0.97386
-0.97385
-0.97385
-0.97385
-0.9726
-0.97345
-0.97329
-0.97321
-0.97357
-0.97326
0
0
0
0
0
0
0
0
0
0
0
0
0
0
0
0
0
0
0
0
0
0
0
0
0
0
24.748
0
0
0
0
0
0
0
0
0
0
0
0
0
0
0
0
0
0
0
0
0
0
0
0
0
0
0
0
0
0
0
0
0
0
0
-1.3672
0
0
0
0
0
0
0
0
0
0
0
0
0
0
0
0
0
0
0
0
0
0
0
0
0
0
0
-0.97366
-0.97306
-0.97295
-0.97315
-0.97305
-0.97305
-0.97275
-0.97284
-0.97331
-0.97229
-0.97248
-0.97313
-0.97203
-0.97203
-0.97202
-0.97203
-0.97203
-0.97203
-0.97079
-0.97164
-0.97148
-0.97144
-0.97168
-0.97145
0
0
0
0
0
0
0
0
0
0
0
0
0
0
0
0
0
0
0
0
0
0
0
0
0
0
0
23.3364
0
0
0
0
0
0
0
0
0
0
0
0
0
0
0
0
0
0
0
0
0
0
0
0
0
0
0
0
0
0
0
0
0
0
0
0
0
0
0
0
0
0
0
0
0
0
0
0
0
0
0
0
0
0
0
0
0
0
0
0
0
0
-0.97427
-0.97386
-0.97361
-0.97376
-0.97373
-0.97372
-0.97333
-0.97349
-0.97402
-0.97292
-0.97206
-0.97371
-0.97266
-0.97266
-0.97265
-0.97266
-0.97266
-0.97266
-0.97141
-0.97216
-0.9721
0
0
0
0
0
0
0
0
0
0
0
0
0
0
0
0
0
0
0
0
0
0
0
0
0
0
0
0
0
0
0
23.2829
0
0
0
0
0
0
0
0
0
-0.90647
0
0
0
0
0
0
0
0
0
0
0
0
0
0
0
0
0
0
0
0
0
0
0
0
0
0
0
0
-1.9423
0
0
0
0
0
0
0
0
0
0
0
0
0
0
0
0
0
0
0
0
0
0
-0.97623
-0.97572
-0.97563
-0.97581
-0.97586
-0.97585
-0.9766
-0.97552
-0.97582
-0.97512
-0.97526
-0.97599
-0.97489
-0.97489
-0.9749
-0.97489
-0.97489
-0.97489
-0.97365
0
-0.97431
0
0
0
0
0
0
0
0
0
0
0
0
0
0
0
0
0
0
0
0
0
0
0
0
0
0
0
0
0
0
0
0
21.0462
0
0
0
0
0
0
0
0
0
0
0
0
0
0
0
0
0
0
0
0
0
0
0
0
0
0
0
0
0
0
0
0
0
0
0
0
0
0
0
-1.5395
0
0
0
0
0
0
0
0
0
0
0
0
0
0
0
0
0
0
0
0
-0.97418
-0.97354
-0.97343
-0.9737
-0.9736
-0.9736
-0.97308
-0.97336
-0.97384
-0.97285
-0.97302
-0.97368
-0.97257
-0.97258
-0.97257
-0.97258
-0.97258
-0.97258
-0.97133
0
0
0
0
0
0
0
0
0
0
0
0
0
0
0
0
0
0
0
0
0
0
0
0
0
0
0
0
0
0
0
0
0
0
0
19.6829
0
0
0
0
0
0
0
0
0
0
0
0
0
0
0
0
0
-1.1942
0
0
0
0
0
0
0
0
0
0
0
0
0
0
0
0
0
0
0
0
0
0
0
0
0
0
0
0
0
0
0
0
0
0
0
0
0
0
0
0
0
-0.9725
-0.97175
-0.97173
-0.97188
-0.97181
-0.97181
-0.97149
-0.97134
-0.97121
-0.97106
-0.97132
-0.97188
-0.97079
-0.97079
-0.97079
-0.9708
-0.9708
-0.97078
0
0
0
0
0
0
0
0
0
0
0
0
0
0
0
0
0
0
0
0
0
0
0
0
0
0
0
0
0
0
0
0
0
0
0
0
0
18.7896
0
0
0
0
0
0
0
0
0
0
0
-1.3051
0
0
0
0
0
0
0
0
0
0
0
0
0
0
0
0
0
0
0
0
0
0
0
0
0
0
0
0
0
0
0
0
0
0
0
0
0
0
0
0
0
0
0
0
0
0
-0.96747
-0.96741
-0.96714
-0.96697
-0.96737
-0.96737
-0.96706
0
0
-0.96668
-0.96579
-0.96747
0
0
0
0
0
0
0
0
0
0
0
0
0
0
0
0
0
0
0
0
0
0
0
0
0
0
0
0
0
0
0
0
0
0
0
0
0
0
0
0
0
0
0
0
11.5761
0
0
0
0
0
0
0
0
-1.4407
0
0
0
0
0
0
0
0
0
0
0
0
0
0
0
0
0
0
0
0
0
0
0
0
0
0
0
0
0
0
0
0
0
0
-0.46464
0
0
0
0
0
0
0
0
0
0
0
0
0
-1.0007
-0.99842
-0.99987
-1.0001
-0.99985
-0.99985
-0.99945
0
0
-0.99892
0
0
0
0
0
0
0
0
0
0
0
0
0
0
0
0
0
0
0
0
0
0
0
0
0
0
0
0
0
0
0
0
0
0
0
0
0
0
0
0
0
0
0
0
0
0
0
9.65
0
0
0
0
0
0
0
0
0
0
0
0
0
0
0
0
0
0
0
0
0
0
0
0
0
0
0
0
0
-1.6528
0
0
0
0
0
0
0
0
0
0
0
0
0
0
0
0
0
0
0
0
0
0
0
0
0
0
-1.0471
-1.048
-1.048
-1.0477
-1.0479
-1.0479
0
0
0
0
0
0
0
0
0
0
0
0
0
0
0
0
0
0
0
0
0
0
0
0
0
0
0
0
0
0
0
0
0
0
0
0
0
0
0
0
0
0
0
0
0
0
0
0
0
0
0
0
10.3448
0
0
0
0
0
0
0
0
0
0
0
0
0
0
0
0
0
0
0
0
0
0
0
0
0
-2.2891
0
0
0
0
0
0
0
0
0
0
0
-1.7692
0
0
0
0
0
0
0
0
0
0
0
0
0
0
0
0
0
0
-1.2091
0
0
0
0
0
0
0
0
0
0
0
0
0
0
0
0
0
0
0
0
0
0
0
0
0
0
0
0
0
0
0
0
0
0
0
0
0
0
0
0
0
0
0
-1.2038
0
0
0
0
0
0
0
0
0
0
0
0
0
7.7389
0
0
0
0
-1.3447
0
0
0
0
0
0
0
0
0
0
0
-1.2142
0
0
0
0
0
0
0
0
0
0
-1.4
0
0
0
0
-1.367
0
0
0
0
0
0
0
0
0
0
0
0
0
0
0
0
0
0
0
0
0
-1.0324
-1.0316
-1.0315
-1.0318
-1.0315
-1.0315
0
0
0
0
0
0
0
0
0
0
0
0
0
0
0
0
0
0
0
0
0
0
0
0
0
0
0
0
0
0
0
0
0
0
0
0
0
0
0
0
0
0
0
0
0
0
0
0
0
0
0
0
0
0
6.1904
0
0
0
0
0
0
0
0
0
0
0
0
0
0
0
0
0
0
0
0
0
0
0
0
0
0
0
0
0
0
0
0
0
0
0
0
0
0
0
0
0
0
0
0
0
0
0
0
0
0
0
0
0
0
0
0
0
0
0
0
0
0
0
0
0
0
0
0
0
0
0
0
0
0
0
0
0
0
0
0
0
0
0
0
0
0
0
0
0
0
0
0
0
0
0
0
0
0
0
0
0
0
0
0
0
0
0
0
0
0
0
0
0
0
7.9743
0
-1.0403
0
0
0
0
0
0
0
0
0
0
0
0
0
0
0
-1.2792
0
0
0
0
0
-1.9732
0
0
0
0
0
0
-1.7265
0
0
0
0
0
0
0
0
0
0
0
0
0
0
0
0
0
-1.9551
0
0
0
0
0
0
0
0
0
0
0
0
0
0
0
0
0
0
0
0
0
0
0
0
0
0
0
0
0
0
0
0
0
0
0
0
0
0
0
0
0
0
0
0
0
0
0
0
0
0
0
0
0
0
0
-0.90647
0
0
0
0
0
0
0
0
0
5.2113
0
0
0
0
0
0
0
0
0
0
0
0
-1.5773
-1.1908
0
0
0
0
0
0
0
0
0
0
0
0
0
0
0
0
0
-0.71591
0
0
0
0
0
0
0
0
0
0
0
0
0
0
0
0
0
-0.82082
0
0
0
0
0
0
0
0
-1.0507
0
0
0
0
0
0
0
0
0
0
0
0
0
0
0
0
0
0
0
0
0
0
0
0
0
0
0
0
0
-1.0493
0
0
0
0
0
0
0
0
0
0
0
0
0
0
0
0
0
0
0
0
0
0
0
-1.0403
0
5.4636
0
0
0
0
0
0
0
0
0
0
0
0
0
0
0
0
0
-1.2774
-1.046
0
0
0
0
0
0
0
0
0
0
0
0
0
0
0
0
0
0
0
0
0
0
0
0
0
0
0
0
0
0
0
0
0
0
0
0
0
0
0
0
0
0
0
0
0
0
0
0
0
0
0
0
0
0
0
0
0
0
0
0
0
0
0
0
0
0
0
0
0
0
0
0
0
0
0
0
0
0
0
0
0
0
0
0
0
0
0
0
0
0
-1.3447
0
0
0
0
6.6365
0
0
-1.3196
0
0
0
0
0
0
0
0
0
0
-1.289
0
0
0
0
-1.2822
0
0
0
0
0
0
0
0
0
0
0
0
-1.401
0
0
0
0
0
0
0
0
0
0
0
0
0
0
0
0
0
0
0
0
0
0
0
0
0
0
0
-1.4858
0
0
0
0
0
0
0
0
0
0
0
0
0
0
0
0
0
0
0
0
0
0
0
0
0
0
0
0
0
0
0
0
0
0
0
0
0
0
0
0
0
0
0
0
0
-1.4407
0
0
0
0
0
0
0
0
5.5745
0
0
0
0
0
0
0
0
0
0
0
0
0
0
0
0
0
0
0
-1.315
0
0
0
0
0
-1.3329
0
0
0
0
0
0
0
0
0
0
0
0
0
0
0
0
0
0
0
0
0
0
0
0
0
0
0
0
0
0
0
0
0
0
0
0
0
0
0
0
0
0
0
0
0
0
-0.98595
0
0
0
0
0
0
0
0
0
0
0
0
0
-0.98196
0
0
0
0
0
-0.9837
0
0
0
0
0
0
0
0
0
0
0
0
0
0
0
0
0
0
0
0
0
3.7038
0
0
0
0
0
0
0
0
0
0
0
0
0
0
0
0
0
0
0
0
0
0
0
0
0
0
0
0
-0.7522
0
0
0
0
0
0
0
0
0
0
0
0
0
0
0
0
0
0
0
0
0
0
0
0
0
0
0
0
0
0
0
0
0
0
0
0
0
0
0
0
0
0
0
0
0
0
0
0
0
0
0
0
0
0
0
0
0
0
0
0
0
0
0
0
0
0
0
0
0
0
0
0
0
-1.3051
0
0
0
0
0
0
0
0
-1.3196
0
0
5.1112
0
0
0
0
0
0
0
-1.3199
0
0
0
0
0
-1.1666
0
0
0
0
0
0
0
0
0
0
0
0
0
0
0
0
0
0
0
0
0
0
0
0
0
0
0
0
0
0
0
0
-1.3181
0
0
0
0
0
0
-1.3185
0
0
0
0
0
0
0
0
0
0
0
0
0
0
0
0
0
0
0
0
0
0
0
0
0
0
0
0
0
0
0
0
0
0
0
0
0
0
0
0
0
0
0
0
0
0
0
0
0
0
0
0
0
0
0
0
0
0
0
0
5.4544
0
0
0
0
-1.4825
0
0
0
0
0
-1.3353
0
0
0
0
0
0
0
0
0
0
0
0
0
0
0
0
0
0
0
0
0
0
0
0
0
0
0
0
0
0
0
0
0
0
0
0
0
0
0
0
0
0
0
0
0
0
0
0
0
0
0
0
0
0
0
0
0
0
0
0
0
0
0
0
0
0
0
0
0
0
0
0
0
0
0
0
0
0
0
0
0
0
0
0
0
0
0
0
0
0
0
0
0
0
0
0
0
0
0
0
0
0
0
5.8142
0
0
-1.1743
0
0
0
0
0
0
0
0
0
0
0
0
0
0
0
-1.3211
-1.9845
-1.3342
0
0
0
0
0
0
0
0
0
0
0
0
0
0
0
0
0
0
0
0
0
0
0
0
0
0
0
0
0
0
0
0
0
0
0
0
0
0
0
0
0
0
0
0
-1.2165
0
0
0
0
0
0
0
0
0
0
0
0
0
0
0
0
0
0
0
0
0
0
0
0
0
0
0
-1.208
0
0
0
0
0
0
0
0
0
0
0
0
0
0
0
0
0
0
0
0
3.3152
0
0
0
0
0
0
-0.8908
0
0
0
0
0
0
0
0
0
0
0
0
0
0
0
0
0
0
0
0
0
0
0
0
0
0
0
0
0
0
0
0
0
0
0
0
-1.2364
-1.2351
-1.2352
0
0
0
0
0
0
0
0
0
0
0
0
0
0
0
0
0
0
0
0
0
0
0
0
0
0
0
0
0
0
0
0
0
0
0
0
0
0
0
0
0
0
0
0
0
0
0
0
0
0
0
0
0
0
0
0
0
0
0
0
0
0
0
0
0
0
0
0
3.7067
0
0
0
0
0
0
0
0
0
0
0
0
0
0
0
0
0
0
0
0
0
0
0
0
0
0
0
0
0
0
0
0
0
0
0
0
0
0
0
0
0
0
0
0
0
0
0
0
0
0
0
0
0
0
0
0
0
0
0
0
0
0
0
0
0
0
0
0
0
-1.2101
0
0
0
0
0
0
0
0
0
0
0
0
0
0
0
0
0
0
0
0
0
0
0
0
0
0
-1.1942
0
0
0
0
0
0
0
0
0
0
0
0
0
0
-1.1743
0
0
3.5786
0
0
0
0
0
0
0
0
0
0
0
0
0
0
0
0
0
0
0
0
0
0
0
0
0
0
0
0
0
0
0
0
0
0
0
0
0
0
0
0
0
0
0
0
0
0
0
0
0
0
0
0
0
0
0
0
0
0
0
0
0
0
0
0
0
0
0
0
0
0
0
0
0
0
0
-1.9615
0
0
0
0
0
0
0
0
0
0
0
0
0
0
0
0
0
0
0
0
0
0
0
0
0
0
0
0
0
0
0
0
0
-1.4825
0
0
0
0
5.2435
0
0
0
0
0
0
0
0
0
0
-1.7995
0
0
0
0
0
0
0
0
0
0
0
0
0
0
0
0
0
0
0
0
0
0
0
0
0
0
0
0
0
0
0
0
0
0
0
0
-1.3591
0
0
0
0
0
0
0
0
0
0
0
0
0
0
0
0
0
0
0
0
0
0
0
0
0
0
0
0
0
0
0
0
0
0
0
-1.3543
0
0
0
0
0
0
0
0
0
0
0
0
0
0
0
0
0
0
0
0
0
0
0
0
0
0
0
0
0
0
3.8635
0
0
0
0
0
-1.1501
0
0
0
0
0
0
0
0
0
0
0
0
0
0
0
0
0
0
0
0
0
0
0
0
0
0
0
0
0
0
0
0
0
0
0
0
0
0
0
0
0
0
0
0
0
0
0
0
0
0
0
0
0
0
0
0
0
0
0
0
0
0
0
0
0
0
0
0
0
0
0
0
0
0
0
0
0
0
0
0
0
0
0
0
0
0
0
0
0
0
0
0
0
0
0
-1.5773
0
0
0
0
-1.3199
0
0
0
0
0
0
0
4.1269
0
0
0
0
-1.2297
0
0
0
0
0
0
0
0
0
0
0
0
0
0
0
0
0
0
0
0
0
0
0
0
0
0
0
0
0
0
0
0
0
0
0
0
0
0
0
0
0
0
0
0
0
0
0
0
0
0
0
0
0
0
0
0
0
0
0
0
0
0
0
0
0
-1.2704
0
0
0
0
0
0
0
0
0
0
0
0
0
0
0
0
0
0
0
0
0
0
0
0
0
0
-1.2142
0
0
-1.1908
0
0
0
0
0
0
0
0
0
0
0
0
0
3.6754
0
0
0
0
0
0
0
0
0
0
0
0
0
0
0
0
0
0
0
0
0
0
0
0
0
0
0
0
0
0
0
0
0
0
0
0
0
0
0
0
0
0
0
0
0
0
0
0
0
0
0
0
0
0
0
0
0
0
0
0
0
0
0
0
0
0
0
0
0
0
0
0
0
0
0
0
0
0
0
0
0
-0.82634
0
0
0
0
0
0
0
0
0
0
0
0
0
0
0
0
0
0
0
0
0
0
0
0
0
-0.8908
0
0
0
0
0
0
2.792
0
0
0
0
0
0
0
0
0
0
0
0
0
0
0
0
0
0
0
0
0
0
0
0
0
0
0
0
-1.0749
0
0
0
0
0
0
0
0
0
-0.94459
0
0
0
0
0
0
0
0
0
0
0
0
0
0
0
0
0
0
0
0
0
0
0
0
0
0
0
0
0
0
0
0
0
0
0
0
0
0
0
0
0
0
0
0
0
0
0
0
0
0
0
0
0
0
0
0
0
0
0
0
0
-1.289
0
0
0
0
0
0
0
0
0
0
0
0
0
3.6244
0
0
0
0
0
0
0
0
0
0
0
0
0
0
0
0
0
0
0
0
0
0
0
0
0
0
0
0
-1.3908
0
0
0
0
0
0
0
0
0
0
0
0
0
0
0
0
0
0
0
0
0
0
0
0
0
-1.3785
0
0
0
0
0
0
0
0
0
0
0
0
0
0
0
0
0
0
0
0
0
0
0
0
0
0
0
0
0
0
0
0
0
0
0
0
0
0
0
0
0
-1.2792
0
0
0
0
0
0
-1.3353
0
0
0
0
0
0
0
0
0
0
3.9931
0
0
0
0
0
0
0
0
0
0
0
0
0
0
0
0
0
0
0
0
0
0
0
0
0
0
0
0
0
0
0
0
0
0
0
0
0
0
0
0
0
0
-1.6239
0
0
0
0
0
0
0
0
0
0
0
0
0
0
0
0
0
0
0
0
0
0
0
0
0
0
0
0
0
0
0
0
0
0
0
0
0
0
0
0
0
0
0
0
0
0
0
0
0
0
0
0
0
0
0
0
0
0
0
0
0
0
0
0
0
-1.1501
-1.2297
0
0
0
0
4.0037
0
0
0
0
0
0
0
0
0
0
0
0
0
0
0
0
0
0
0
0
0
0
0
0
0
0
0
0
0
0
0
0
0
0
0
0
0
0
0
0
0
0
0
0
0
0
0
0
0
0
0
0
0
0
0
0
0
0
0
0
0
0
0
0
0
0
0
0
0
0
0
0
0
0
0
0
0
0
0
-1.3542
0
0
0
0
0
0
0
0
0
0
0
0
0
0
0
0
-1.2774
0
0
0
-1.1666
0
0
0
0
0
0
0
0
0
0
0
0
0
3.7981
0
0
0
0
0
0
0
0
0
0
0
0
0
0
0
0
0
0
0
0
0
0
0
0
0
0
0
0
0
0
0
0
0
0
0
0
0
0
0
0
0
0
0
0
0
0
0
0
0
0
0
0
0
0
0
0
0
0
0
0
0
0
0
0
0
0
0
0
0
0
-0.97701
0
0
0
0
0
0
0
0
0
0
0
0
0
0
0
0
0
0
0
0
0
0
0
0
-1.046
0
0
0
0
0
0
0
0
0
0
0
0
0
0
0
0
0
0
3.2218
0
0
0
0
0
0
0
0
0
0
0
0
0
0
-1.1988
0
0
0
0
0
0
0
0
0
0
0
0
0
0
0
0
0
0
0
0
0
0
0
0
-1.7323
0
0
0
0
0
0
0
0
0
0
0
0
0
0
0
0
0
0
0
0
0
0
0
0
0
0
0
0
0
0
0
0
0
0
0
0
0
0
0
0
0
0
0
0
0
0
0
0
0
0
0
0
0
0
0
-1.2822
0
0
0
0
0
0
0
0
0
0
0
0
0
0
0
0
0
0
3.0145
0
0
0
0
0
0
0
0
0
0
0
0
0
0
0
0
0
0
0
0
0
0
0
0
0
0
0
0
0
0
0
0
0
0
0
0
0
0
0
0
0
0
0
0
0
0
0
0
0
0
0
0
0
0
0
0
0
0
0
0
0
0
0
0
0
0
0
0
0
0
0
0
0
0
0
0
0
0
0
0
0
0
0
0
0
0
0
0
-2.2891
0
0
0
0
0
0
0
0
0
0
0
0
0
0
-1.7995
0
0
0
0
0
0
0
0
0
0
4.0886
0
0
0
0
0
0
0
0
0
0
0
0
0
0
0
0
0
0
0
0
0
0
0
0
0
0
0
0
0
0
0
0
0
0
0
0
0
0
0
0
0
0
0
0
0
0
0
0
0
0
0
0
0
0
0
0
0
0
0
0
0
0
0
0
0
0
0
0
0
0
0
0
0
0
0
0
0
0
0
0
0
0
0
0
0
0
0
0
0
0
-1.9732
0
0
0
-1.315
0
0
0
0
0
0
0
0
0
0
0
0
0
0
0
0
0
0
0
3.2882
0
0
0
0
0
0
0
0
0
0
0
0
0
0
0
0
0
0
0
0
0
0
0
0
0
0
0
0
0
0
0
0
0
0
0
0
0
0
0
0
0
0
0
0
0
0
0
0
0
0
0
0
0
-1.3863
0
0
0
0
0
0
0
0
0
0
0
0
0
0
0
0
0
0
0
0
0
0
0
0
-1.3672
0
0
0
0
0
0
0
0
0
0
0
0
0
0
0
0
0
0
0
0
0
0
0
0
0
0
0
0
0
0
0
0
0
0
0
2.7535
0
0
0
0
0
0
0
0
0
0
0
0
0
0
0
0
0
0
0
0
0
0
0
0
0
0
0
0
0
0
0
0
0
0
0
0
0
0
0
0
0
0
0
0
0
0
0
0
0
0
0
0
0
0
0
0
0
0
0
0
0
0
0
0
0
0
0
0
0
0
0
0
0
0
0
0
0
0
0
0
0
0
0
0
-1.6528
0
-1.4
0
0
0
0
0
0
0
0
0
0
0
0
0
0
0
0
0
0
0
0
0
0
0
0
0
0
0
3.0529
0
0
0
0
0
0
0
0
0
0
0
0
0
0
0
0
0
0
0
0
0
0
0
0
0
0
0
0
0
0
0
0
-1.6057
0
0
0
0
0
0
0
0
0
0
0
0
0
0
0
0
0
0
0
0
0
0
0
0
0
0
0
0
0
0
0
0
0
0
0
0
0
0
0
0
0
0
0
0
0
0
0
0
0
0
0
0
0
0
0
0
0
0
0
0
0
0
-1.3211
0
0
0
0
0
0
0
0
0
0
0
0
0
0
0
0
0
0
2.9268
0
0
0
0
0
0
0
0
0
0
0
0
0
0
0
0
0
0
0
0
0
0
0
0
0
0
0
0
0
0
0
0
0
0
0
0
0
0
0
0
0
0
0
0
0
0
0
0
0
0
0
0
0
0
0
0
0
0
0
0
0
0
0
0
0
0
0
0
0
0
0
0
0
0
0
0
0
0
0
0
0
0
0
0
0
0
0
0
0
0
0
0
0
0
-1.9845
0
0
0
0
0
0
0
0
0
0
0
0
0
0
0
0
0
0
0
3.4485
0
0
0
-1.464
0
0
0
0
0
0
0
0
0
0
0
0
0
0
0
0
0
0
0
0
0
0
0
0
0
0
0
0
0
0
0
0
0
0
0
0
0
0
0
0
0
0
0
0
0
0
0
0
0
0
0
0
0
0
0
0
0
0
0
0
0
0
0
0
0
0
0
0
0
-1.6035
0
0
0
0
0
0
0
0
0
0
0
0
0
0
0
0
0
0
0
-1.3342
0
0
0
0
0
0
0
0
0
0
0
0
0
0
0
0
0
0
0
0
2.9377
0
0
0
0
0
0
0
0
0
0
0
0
0
0
0
0
0
0
0
0
0
0
0
0
0
0
0
0
0
0
0
0
0
0
0
0
0
0
0
0
0
0
0
0
0
0
0
0
0
0
0
0
0
0
0
0
0
0
0
0
0
0
0
0
0
0
0
0
0
0
0
0
0
0
0
-1.9423
0
0
0
0
0
0
0
0
0
0
0
0
-1.3329
0
0
0
0
0
0
0
0
0
0
0
0
0
0
0
0
0
0
0
0
0
0
0
0
0
3.2753
0
0
0
0
0
0
0
0
0
0
0
0
0
0
0
0
0
0
0
0
0
0
0
0
0
0
0
0
0
0
0
0
0
0
0
0
0
0
0
0
0
0
0
0
0
0
0
0
0
0
0
0
0
0
0
0
0
0
0
0
0
0
0
0
0
0
0
0
0
0
0
0
0
0
0
0
0
0
0
0
0
-1.367
0
-1.7265
0
0
0
0
0
0
0
0
0
0
0
0
0
0
0
0
0
0
0
0
0
0
0
0
0
0
0
0
0
0
3.0936
0
0
0
0
0
0
0
0
0
0
0
0
0
0
0
0
0
0
0
0
0
0
0
0
0
0
0
0
0
0
0
0
0
0
0
0
0
0
0
0
0
0
0
0
0
0
0
0
0
0
0
0
0
0
0
0
0
0
0
0
0
0
0
0
0
0
0
0
0
0
0
0
0
0
-1.5395
0
0
0
0
0
0
0
0
0
0
0
0
0
0
0
0
0
0
0
0
0
0
0
0
0
0
0
0
0
0
0
0
0
0
0
-1.464
0
0
0
3.0035
0
0
0
0
0
0
0
0
0
0
0
0
0
0
0
0
0
0
0
0
0
0
0
0
0
0
0
0
0
0
0
0
0
0
0
0
0
0
0
0
0
0
0
0
0
0
0
0
0
0
0
0
0
0
0
0
0
0
0
0
0
0
0
0
0
0
0
0
0
0
0
0
0
0
0
0
0
0
0
0
0
0
-0.71591
0
0
0
0
0
0
0
0
0
0
0
0
0
0
0
0
0
0
0
0
0
0
0
0
0
0
0
0
0
0
0
2.1784
-1.4625
0
0
0
0
0
0
0
0
0
0
0
0
0
0
0
0
0
0
0
0
0
0
0
0
0
0
0
0
0
0
0
0
0
0
0
0
0
0
0
0
0
0
0
0
0
0
0
0
0
0
0
0
0
0
0
0
0
0
0
0
0
0
0
0
0
0
0
0
0
0
0
0
0
0
0
0
0
0
0
0
0
0
0
0
-0.7522
0
0
0
0
0
0
0
0
0
0
0
0
0
0
0
0
0
0
0
0
0
0
0
0
0
0
0
-1.4625
2.2147
0
0
0
0
0
0
0
0
0
0
0
0
0
0
0
0
0
0
0
0
0
0
0
0
0
0
0
0
0
0
0
0
0
0
0
0
0
0
0
0
0
0
0
0
0
0
0
0
0
0
0
0
0
0
0
0
0
0
0
0
0
0
0
0
0
0
0
0
0
0
0
0
0
0
0
0
-1.7692
0
0
0
0
0
-1.401
0
0
0
0
0
0
0
0
0
0
0
0
0
0
0
0
0
0
0
0
0
0
0
0
0
0
0
0
0
0
0
3.1702
0
0
0
0
0
0
0
0
0
0
0
0
0
0
0
0
0
0
0
0
0
0
0
0
0
0
0
0
0
0
0
0
0
0
0
0
0
0
0
0
0
0
0
0
0
0
0
0
0
0
0
0
0
0
0
0
0
0
0
0
0
0
0
0
0
0
0
0
0
0
0
0
0
0
0
0
0
0
0
0
0
0
0
0
0
0
0
0
0
0
0
0
0
0
0
0
0
0
0
-1.1988
0
0
0
0
0
0
0
0
0
0
0
0
0
0
1.1988
0
0
0
0
0
0
0
0
0
0
0
0
0
0
0
0
0
0
0
0
0
0
0
0
0
0
0
0
0
0
0
0
0
0
0
0
0
0
0
0
0
0
0
0
0
0
0
0
0
0
-1.7993
0
0
0
0
0
0
0
0
0
0
0
0
0
0
0
0
0
0
0
0
0
0
0
0
0
0
0
0
0
0
0
0
0
0
0
0
0
0
0
0
0
0
0
0
0
0
0
0
0
0
0
0
0
0
0
0
0
0
0
0
0
0
0
1.7993
0
0
0
0
0
0
0
0
0
0
0
0
0
0
0
0
0
0
0
0
0
0
0
0
0
0
0
0
0
0
0
0
0
0
0
0
0
-1.8587
0
0
0
0
0
0
0
0
0
0
0
0
0
0
0
0
0
0
0
0
0
0
0
0
0
0
0
0
0
0
0
0
0
0
0
0
0
0
0
0
0
0
0
0
0
0
0
0
0
0
0
0
0
0
0
0
0
0
0
0
0
0
0
0
0
0
0
0
0
0
0
0
0
0
0
0
1.8587
0
0
0
0
0
0
0
0
0
0
0
0
0
0
0
0
0
0
0
0
0
0
0
0
0
0
0
0
0
0
0
0
0
0
0
0
0
0
0
0
0
0
0
0
0
0
0
0
0
0
0
0
0
0
0
0
0
0
0
0
0
0
0
0
0
0
0
0
0
0
-0.46464
0
0
0
0
0
0
0
0
0
0
0
0
0
0
0
0
0
0
0
0
0
0
0
0
0
0
0
0
0
0
0
0
0
0
0
0
0
0
0
0
0
0
0
0.46464
0
0
0
0
0
0
0
0
0
0
0
0
0
0
0
0
0
0
0
0
0
0
0
0
0
0
0
0
0
0
0
0
0
0
0
0
0
0
0
0
0
0
0
0
0
0
0
0
0
0
0
0
0
0
0
0
0
-1.6637
0
0
0
0
0
0
0
0
0
0
0
0
0
0
0
0
0
0
0
0
0
0
0
0
0
0
0
0
0
0
0
0
0
0
0
0
0
0
0
0
0
0
0
0
0
0
0
0
0
0
0
0
0
0
0
0
1.6637
0
0
0
0
0
0
0
0
0
0
0
0
0
0
0
-1.9501
0
0
0
0
0
0
0
0
0
0
0
0
0
0
0
0
0
0
0
0
0
0
0
0
0
0
0
0
0
0
0
0
0
0
0
0
0
0
0
0
0
0
0
0
0
0
0
0
0
0
0
0
0
0
0
0
0
0
0
0
0
0
0
0
0
0
0
0
0
0
0
0
0
0
0
0
0
0
0
0
0
0
0
0
0
0
0
0
0
0
0
0
0
0
0
0
0
0
1.9501
0
0
0
0
0
0
0
0
0
0
0
0
0
0
0
0
0
0
0
0
0
0
0
0
0
0
0
0
0
0
0
0
0
0
0
-1.8245
0
0
0
0
0
0
0
0
0
0
0
0
0
0
0
0
0
0
0
0
0
0
0
0
0
0
0
0
0
0
0
0
0
0
0
0
0
0
0
0
0
0
0
0
0
0
0
0
0
0
0
0
0
0
0
0
0
0
0
0
0
0
0
0
0
0
0
0
0
0
0
0
0
0
0
0
0
0
1.8245
0
0
0
0
0
0
0
0
0
0
0
0
0
0
0
0
0
0
0
0
0
0
0
0
0
0
0
0
0
0
0
0
0
0
0
0
0
0
0
0
0
0
0
-1.7736
0
0
0
0
0
0
0
0
0
0
0
0
0
0
0
0
0
0
0
0
0
0
0
0
0
0
0
0
0
0
0
0
0
0
0
0
0
0
0
0
0
0
0
0
0
0
0
0
0
0
0
0
0
0
0
0
0
0
0
0
0
0
0
0
0
0
0
0
0
0
1.7736
0
0
0
0
0
0
0
0
0
0
0
0
0
0
0
0
0
-1.9445
0
0
0
0
0
0
0
0
0
0
0
0
0
0
0
0
0
0
0
0
0
0
0
0
0
0
0
0
0
0
0
0
0
0
0
0
0
0
0
0
0
0
0
0
0
0
0
0
0
0
0
0
0
0
0
0
0
0
0
0
0
0
0
0
0
0
0
0
0
0
0
0
0
0
0
0
0
0
0
0
0
0
0
0
0
0
0
0
0
0
0
0
0
0
0
0
1.9445
0
0
0
0
0
0
0
0
0
0
0
0
0
0
0
0
0
0
0
0
0
0
0
0
0
0
0
0
0
0
0
0
0
0
0
0
0
0
0
0
0
0
0
0
0
0
0
0
0
0
0
0
0
0
0
0
0
0
0
0
0
0
0
0
0
0
0
0
0
0
0
0
0
0
0
0
0
0
0
0
0
0
0
0
0
-1.0749
0
0
0
0
0
0
0
0
0
0
0
0
0
0
0
0
0
0
0
0
0
0
0
0
0
0
0
0
1.0749
0
0
0
0
0
0
0
0
0
0
0
0
0
0
0
0
0
0
0
0
0
0
0
0
0
0
0
0
0
0
0
0
0
0
0
0
0
0
0
0
0
0
0
0
0
0
0
0
0
0
0
0
0
0
0
0
0
0
0
0
0
0
0
0
0
0
0
0
0
0
0
0
0
0
0
0
0
0
0
0
0
0
0
0
0
-1.3908
0
0
0
0
0
0
0
0
0
0
0
0
0
0
0
0
0
0
0
0
0
0
0
0
0
0
0
0
1.3908
0
0
0
0
0
0
-1.9747
0
0
0
0
0
0
0
0
0
0
0
0
0
0
0
0
0
0
0
0
0
0
0
0
0
0
0
0
0
0
0
0
0
0
0
0
0
0
0
0
0
0
0
0
0
0
0
0
0
0
0
0
0
0
0
0
0
0
0
0
0
0
0
0
0
0
0
0
0
0
0
0
0
0
0
0
0
0
0
0
0
0
0
0
0
0
0
0
0
0
0
0
0
0
0
0
0
0
0
0
0
0
0
0
0
0
0
1.9747
0
0
0
0
0
0
0
0
0
0
0
0
0
0
0
0
0
0
0
0
0
0
0
0
0
0
0
0
0
0
0
0
0
0
0
0
0
0
0
0
0
0
0
0
0
0
0
0
-1.747
0
0
0
0
0
0
0
0
0
0
0
0
0
0
0
0
0
0
0
0
0
0
0
0
0
0
0
0
0
0
0
0
0
0
0
0
0
0
0
0
0
0
0
0
0
0
0
0
0
0
0
0
0
0
0
0
0
0
0
0
0
0
0
0
0
1.747
0
0
0
0
0
0
0
0
0
0
0
0
0
0
0
0
0
0
0
0
0
0
0
0
0
0
0
0
0
0
0
0
0
0
0
0
0
0
0
0
0
0
0
0
0
0
0
0
0
0
0
0
0
0
0
0
0
0
0
0
0
0
0
0
0
-1.9551
0
0
0
0
0
0
0
0
0
0
0
0
0
0
0
0
0
0
0
0
0
0
0
0
0
0
0
0
0
0
0
0
0
0
0
0
0
0
0
0
0
0
0
0
0
0
0
0
1.9551
0
0
0
0
0
0
0
0
0
0
0
0
0
0
0
0
0
0
0
0
0
0
0
0
0
0
0
0
0
0
0
0
0
0
0
-1.788
0
0
0
0
0
0
0
0
0
0
0
0
0
0
0
0
0
0
0
0
0
0
0
0
0
0
0
0
0
0
0
0
0
0
0
0
0
0
0
0
0
0
0
0
0
0
0
0
0
0
0
0
0
0
0
0
0
0
0
0
0
0
0
0
0
0
0
0
0
0
0
0
0
0
0
0
0
0
1.788
0
0
0
0
0
0
0
0
0
0
0
0
0
0
0
0
0
0
0
0
0
0
0
0
0
0
0
0
0
0
0
0
0
0
0
0
0
0
0
0
0
0
0
0
0
0
0
0
0
0
0
0
0
0
0
0
0
0
0
0
0
0
0
0
-0.82082
0
0
0
0
0
0
0
0
0
0
0
0
0
0
0
0
0
0
0
0
0
0
0
0
0
0
0
0
0
0
0
0
0
0
0
0
0
0
0
0
0
0
0
0
0
0
0
0
0
0.82082
0
0
0
0
0
0
0
0
0
0
0
0
0
0
0
0
0
0
0
0
0
0
0
0
0
0
0
0
0
0
0
0
0
0
0
0
0
0
0
0
0
0
0
0
-1.747
0
0
0
0
0
0
0
0
0
0
0
0
0
0
0
0
0
0
0
0
0
0
0
0
0
0
0
0
0
0
0
0
0
0
0
0
0
0
0
0
0
0
0
0
0
0
0
0
0
0
0
0
0
0
0
0
0
0
0
0
0
0
0
0
0
0
0
0
0
1.747
