1
0.90921
0.87159
0.85635
0.84136
0.83566
0.82304
0.82213
0.80559
0.81096
0.79901
0.793
0.78832
0.78321
0.77714
0.77219
0.76648
0.76218
0.7575
0.75383
0.75057
0.74815
0.74617
0.74458
0.74345
0.74284
0.74243
0.74224
0.74243
0.74326
0.7449
0.74738
0.75037
0.75327
0.75555
0.75713
0.7582
0.75896
0.75953
0.75995
0.76022
0.76031
0.76022
0.75994
0.75944
0.75869
0.75767
0.75647
0.75523
0.75409
0.75316
0.75253
0.75219
0.75212
0.7523
0.7527
0.75331
0.75407
0.75495
0.7559
0.75688
0.75785
0.75874
0.75952
0.76012
0.76051
0.76066
0.76058
0.76026
0.75973
0.75901
