1
0.91125
0.8748
0.86058
0.84647
0.8419
0.82987
0.82935
0.81394
0.81862
0.80724
0.80054
0.79395
0.78651
0.77808
0.77135
0.76424
0.7581
0.75148
0.74687
0.7445
0.74516
0.7477
0.74964
0.74978
0.75003
0.75189
0.75553
0.76046
0.76628
0.7728
0.77988
0.78713
0.79379
0.79924
0.80347
0.8069
0.8099
0.81246
0.81424
0.81503
0.81506
0.81517
0.81627
0.8186
0.82202
0.82627
0.83114
0.83639
0.84172
0.84686
0.85154
0.85564
0.85919
0.8623
0.86507
0.86752
0.86966
0.87146
0.87292
0.87402
0.87471
0.87493
0.87461
0.87372
0.87228
0.87033
0.868
0.86547
0.86291
0.86056
