1
0.98144
0.96961
0.96102
0.95467
0.94602
0.94276
0.94014
0.93788
0.93618
0.93456
0.93334
0.93217
0.93128
0.93042
0.92978
0.92912
0.92866
0.92816
0.92782
0.92744
0.92722
0.92709
0.92113
0.91555
0.91033
0.90537
0.9007
0.89623
0.892
0.88792
0.88402
0.88024
0.87658
0.87301
0.86954
0.86613
0.8628
0.85953
0.85634
0.85322
0.85018
0.84722
0.84434
0.84155
0.83884
0.83621
0.83365
0.83116
0.82873
0.82636
0.82405
0.82179
0.81958
0.81741
0.81529
0.81321
0.81117
0.80917
0.8072
0.80526
0.80336
0.80148
0.79963
0.7978
0.79599
0.79421
0.79245
0.79071
0.78899
0.78728
0.7856
0.78393
0.78228
0.78064
0.77902
0.77741
0.77581
0.77423
0.77267
0.77111
0.76957
0.76804
0.76653
0.76502
0.76352
0.76204
0.76056
0.75909
0.75763
0.75618
0.75473
0.75329
0.75186
0.75044
0.74903
0.74762
0.74622
0.74483
0.74345
0.74207
0.7407
0.73934
0.73799
0.73664
0.73529
0.73396
0.73262
0.73129
0.72997
0.72866
0.72734
0.72604
0.72474
0.72344
0.72215
0.72087
0.71959
0.71832
0.71705
0.71579
0.71454
0.7133
0.71206
0.71083
0.7096
0.70839
0.70718
0.70598
0.70478
0.70359
0.70241
0.70123
0.70006
0.6989
0.69774
0.69658
0.69543
0.69429
0.69316
0.69202
0.6909
0.68978
0.68866
0.68755
0.68645
0.68535
0.68426
0.68318
0.6821
0.68102
0.67996
0.67889
0.67784
0.67679
0.67575
0.67472
0.67369
0.67267
0.67166
0.67066
0.66966
0.66867
0.66769
0.66672
0.66575
0.66479
0.66383
0.66289
0.66195
0.66101
0.66009
0.65917
0.65826
0.65736
0.65647
0.65558
0.6547
0.65383
0.65297
0.65212
0.65127
0.65043
0.6496
0.64878
0.64797
0.64716
0.64636
0.64557
0.64478
0.644
0.64323
0.64246
0.64171
0.64096
0.64021
0.63947
0.63874
0.63802
0.6373
0.63659
0.63588
0.63518
0.63449
0.63381
0.63313
0.63245
0.63178
0.63111
0.63046
0.6298
0.62915
0.6285
0.62786
0.62722
0.62658
0.62594
0.62531
0.62468
0.62405
0.62342
0.62279
0.62216
0.62154
0.62092
0.62029
0.61967
0.61905
0.61844
0.61782
0.6172
0.61659
0.61597
0.61536
0.61475
0.61414
0.61353
0.61293
0.61232
0.61172
0.61112
0.61052
0.60992
0.60933
0.60874
0.60815
0.60756
0.60697
0.60639
0.60581
0.60523
0.60466
0.60408
0.60351
0.60294
0.60238
0.60182
0.60126
0.6007
0.60015
0.5996
0.59905
0.59851
0.59797
0.59743
0.5969
0.59637
0.59584
0.59532
0.5948
0.59428
0.59377
0.59326
0.59275
0.59225
0.59174
0.59124
0.59074
0.59024
0.58975
0.58925
0.58876
0.58827
0.58778
0.58729
0.58681
0.58632
0.58584
0.58537
0.58489
0.58442
0.58395
0.58348
0.58302
0.58256
0.5821
0.58164
0.58119
0.58074
0.5803
0.57986
0.57942
0.57898
0.57855
0.57812
0.57769
0.57727
0.57685
0.57643
0.57602
0.57561
0.5752
0.57479
0.57439
0.57399
0.57359
0.5732
0.57281
0.57242
0.57203
0.57165
0.57127
0.57089
0.57051
0.57014
0.56977
0.5694
0.56903
0.56867
0.56831
0.56795
0.56759
0.56723
0.56688
0.56653
0.56619
0.56584
0.5655
0.56516
0.56482
0.56448
0.56415
0.56382
0.56349
0.56317
