1
0.97283
0.95687
0.94871
0.94313
0.93856
0.93053
0.92314
0.91617
0.90958
0.90335
0.8975
0.89197
0.88671
0.88169
0.87689
0.87228
0.86783
0.86349
0.85927
0.85517
0.85119
0.84734
0.84361
0.83999
0.83649
0.8331
0.82982
0.82661
0.82349
0.82043
0.81745
0.81454
0.81169
0.80891
0.80619
0.80354
0.80095
0.79841
0.79593
0.79349
0.79109
0.78873
0.78642
0.78414
0.7819
0.7797
0.77752
0.77537
0.77325
0.77115
0.7691
0.76707
0.76509
0.76315
0.76125
0.7594
0.75759
0.7558
0.75404
0.7523
0.7506
0.74892
0.74729
0.74569
0.74413
0.74261
0.74113
0.73968
0.73828
0.73691
0.73559
0.73429
0.73302
0.73178
0.73056
0.72935
0.72816
0.72698
0.72581
0.72465
0.72349
0.72234
0.72119
0.72004
0.71888
0.71772
0.71653
0.71533
0.7141
0.71285
0.71156
0.71024
0.70888
0.7075
0.70609
0.70467
0.70323
0.70178
0.70035
0.69892
0.69752
0.69614
0.6948
0.69349
0.69222
0.69099
0.68979
0.68863
0.6875
0.68641
0.68534
0.68429
0.68327
0.68228
0.6813
0.68035
0.67941
0.67848
0.67757
0.67668
0.67579
0.67492
0.67405
0.6732
0.67236
