1
0.9734
0.96053
0.95464
0.95151
0.94914
0.94439
0.94047
0.93717
0.93441
0.93207
0.93011
0.92843
0.92696
0.92567
0.92454
0.92355
0.92267
0.92185
0.9211
0.9204
0.91975
0.91914
0.91856
0.918
0.91747
0.91694
0.91642
0.91589
0.91535
0.91479
0.91421
0.91361
0.91299
0.91236
0.91171
0.91104
0.91036
0.90967
0.90896
0.90824
0.90751
0.90679
0.90607
0.90536
0.90467
0.90398
0.90329
0.90261
0.90193
0.90126
0.9006
0.89996
0.89933
0.89872
0.89814
0.89757
0.89701
0.89644
0.89587
0.89529
0.89471
0.89412
0.89355
0.89297
0.8924
0.89182
0.89125
0.89069
0.89012
0.88956
0.889
0.88844
0.88787
0.88729
0.88669
0.88609
0.88547
0.88484
0.8842
0.88356
0.88291
0.88226
0.88161
0.88096
0.88031
0.87966
0.87901
0.87836
0.8777
0.87704
0.87637
0.8757
0.87503
0.87435
0.87367
0.87299
0.87231
0.87163
0.87096
0.87028
0.86961
0.86893
0.86826
0.86758
0.86691
0.86623
0.86555
0.86486
0.86417
0.86348
0.86278
0.86209
0.86139
0.8607
0.86001
0.85933
0.85866
0.85799
0.85733
0.85669
0.85605
0.85542
0.85479
0.85417
0.85356
