1
0.96693
0.95273
0.94428
0.93822
0.93279
0.92872
0.92509
0.92242
0.92013
0.918
0.91638
0.91501
0.90861
0.90264
0.89704
0.89173
0.88667
0.88183
0.8772
0.87274
0.86843
0.86423
0.86013
0.85612
0.85219
0.84834
0.84457
0.84086
0.83721
0.83362
0.83009
0.82661
0.8232
0.81984
0.81655
0.81333
0.81016
0.80703
0.80393
0.80088
0.79786
0.79487
0.79193
0.78903
0.78617
0.78335
0.78057
0.77784
0.77515
0.7725
0.7699
0.76734
0.76482
0.76235
0.75992
0.75752
0.75516
0.75283
0.75052
0.74823
0.74596
0.74371
0.74147
0.73926
0.73706
0.73488
0.73272
0.73058
0.72847
0.72638
0.72432
0.72229
0.72028
0.71831
0.71637
0.71446
0.71258
0.71074
0.70894
0.70717
0.70544
0.70375
0.70208
0.70045
0.69885
0.69729
0.69577
0.69428
0.69283
0.69141
0.69003
0.68868
0.68737
0.6861
0.68486
0.68365
0.68248
0.68134
0.68024
0.67919
0.67817
0.67719
0.67626
0.67538
0.67454
0.67375
0.67301
0.67232
0.67167
0.67107
0.67051
0.66999
0.66952
0.66907
0.66865
0.66825
0.66786
0.66748
0.66709
0.6667
0.6663
0.66588
0.66544
0.66499
0.66452
0.66403
0.66352
0.663
0.66246
0.6619
0.66133
0.66075
0.66016
0.65955
0.65895
0.65833
0.65771
0.65709
0.65645
