1
0.9596
0.94126
0.93009
0.92263
0.91764
0.90913
0.90243
0.89698
0.89219
0.88771
0.8833
0.87922
0.8751
0.87107
0.86702
0.86338
0.86005
0.85741
0.85523
0.85344
0.85162
0.84974
0.8476
0.84531
0.84283
0.84033
0.83779
0.83528
0.83287
0.8306
0.82852
0.82665
0.82499
0.8235
0.8221
0.82071
0.81924
0.81763
0.81588
0.814
0.81204
0.81003
0.80801
0.80598
0.8039
0.80174
0.79942
0.79692
0.79427
0.79154
0.78877
0.78596
0.78309
0.78016
0.77721
0.7743
0.77146
0.76872
0.76609
0.76356
0.7611
0.75872
0.7564
0.75415
0.75194
0.74978
0.74765
0.74556
0.74351
0.7415
0.73956
0.73769
0.7359
0.73419
0.73254
0.73096
0.72943
0.72795
0.72654
0.72522
0.72402
0.72294
0.72196
0.72107
0.72023
0.71943
0.71864
0.71787
0.71712
0.71638
0.71566
0.71497
0.71428
0.7136
0.71292
0.71225
0.71157
0.71091
0.71025
0.70961
0.70899
0.70839
0.70782
0.70726
0.70672
0.7062
0.70569
0.7052
0.70473
0.70428
0.70386
0.70346
0.70307
0.70271
0.70235
0.70199
0.70163
0.70128
0.70092
0.70057
0.70023
0.6999
0.69959
0.69929
0.69902
0.69878
0.69857
0.69839
0.69826
0.69817
0.69814
0.69818
0.69828
0.69846
0.69871
0.69904
0.69942
0.69984
0.7003
0.70078
0.70129
0.7018
0.70233
0.70287
0.7034
0.70393
0.70445
0.70496
0.70545
0.70594
0.7064
0.70685
0.70728
0.70768
0.70807
