1
0.96814
0.95109
0.94116
0.9333
0.92776
0.91798
0.90972
0.90239
0.89582
0.88974
0.88407
0.87872
0.87362
0.8687
0.86391
0.8593
0.85485
0.8505
0.84622
0.84199
0.83782
0.83372
0.82972
0.82581
0.82198
0.81824
0.81455
0.81091
0.80733
0.80381
0.80035
0.79695
0.7936
0.79029
0.78701
0.78377
0.78054
0.77733
0.77415
0.77101
0.76789
0.76482
0.76179
0.7588
0.75585
0.75294
0.75007
0.74724
0.74443
0.74163
0.73885
0.73608
0.73332
0.73058
0.72786
0.72517
0.72251
0.71986
0.71724
0.71463
0.71203
0.70946
0.7069
0.70437
0.70187
0.69939
0.69693
0.69448
0.69205
0.68964
0.68724
0.68487
0.68252
0.6802
0.6779
0.67561
0.67332
0.67104
0.66876
0.66649
0.66424
0.662
0.65978
0.65758
0.65541
0.65326
0.65114
0.64903
0.64694
0.64486
0.64279
0.64074
0.63869
0.63666
0.63463
0.63262
0.63062
0.62864
0.62667
0.62473
0.6228
0.62089
0.619
0.61712
0.61527
0.61343
0.6116
0.60978
0.60797
0.60616
0.60436
0.60257
0.60078
0.599
0.59723
0.59546
0.5937
0.59194
0.5902
0.58846
0.58674
0.58503
0.58333
0.58165
0.57999
0.57834
0.5767
0.57508
0.57347
0.57187
0.57028
0.5687
0.56712
0.56555
0.564
0.56245
0.56091
0.55939
0.55788
0.55638
0.55488
0.55341
0.55194
0.55048
0.54905
0.54762
0.5462
0.5448
0.54341
0.54203
0.54067
0.53932
0.53799
0.53667
0.53536
0.53407
