1
0.99559
1.0354
1.0748
1.0887
1.0886
1.0919
1.0869
1.0979
1.1123
1.1229
1.1283
1.1318
1.1389
1.1502
1.1637
1.1779
1.1922
1.2063
1.2198
1.2327
1.2449
1.2563
1.267
1.2769
1.2863
1.295
1.3035
1.3117
1.3198
1.3277
1.3355
1.3432
1.3506
1.3579
1.3651
1.3721
1.3791
1.3861
1.3932
1.4003
1.4074
1.4146
1.4217
1.4288
1.4359
1.443
1.4499
1.4568
1.4636
1.4703
1.4769
1.4833
1.4896
1.4958
1.5019
1.5079
1.5138
1.5196
1.5253
1.5309
1.5365
1.5419
1.5473
1.5526
1.5579
1.5631
1.5682
1.5733
1.5783
1.5832
1.5881
1.5929
1.5976
1.6024
1.607
1.6116
1.6161
1.6206
1.6249
1.6292
1.6334
1.6376
1.6417
1.6458
1.6499
1.6538
1.6578
1.6617
1.6655
1.6693
1.673
1.6767
1.6803
1.6839
1.6874
1.6908
1.6942
1.6976
1.7009
1.7041
1.7074
1.7106
1.7137
1.7168
1.7199
1.723
1.726
1.729
1.732
1.735
1.738
1.7409
1.7438
1.7468
1.7497
1.7526
1.7555
1.7584
1.7613
1.7641
1.767
1.7698
1.7727
1.7755
1.7783
1.7811
1.7838
1.7866
1.7893
1.7919
1.7946
1.7972
1.7997
1.8023
1.8048
1.8073
1.8097
1.8121
1.8145
1.8168
1.8192
1.8214
1.8237
1.8259
1.8281
1.8302
1.8323
1.8344
1.8365
1.8385
1.8404
1.8424
1.8443
1.8461
1.848
1.8498
