1
0.96518
0.95484
0.94891
0.94576
0.94293
0.9406
0.93845
0.93415
0.92988
0.92575
0.92166
0.91787
0.91419
0.91074
0.90738
0.90419
0.90106
0.89808
0.89522
0.89251
0.88994
0.88747
0.88511
0.88285
0.88068
0.87859
0.87656
0.87458
0.87263
0.87071
0.8688
0.86689
0.86498
0.86308
0.86117
0.85927
0.85737
0.8555
0.85364
0.85181
0.85002
0.84827
0.84656
0.84491
0.8433
0.84173
0.8402
0.83869
0.8372
0.83569
0.83415
0.83256
0.83092
0.82925
0.82757
0.82588
0.82421
0.82252
0.82079
0.81899
0.81709
0.81506
0.81291
0.81065
0.80834
0.80603
0.80375
0.80155
0.79945
0.79744
0.79552
0.79369
0.79193
0.79024
0.78862
0.78705
0.78554
0.78408
0.78267
0.7813
0.77998
0.77871
0.77747
0.77628
0.77513
0.77403
0.77297
0.77195
0.77098
0.77005
0.76917
0.76834
0.76756
0.76682
0.76614
0.7655
0.76489
0.76432
0.76376
0.7632
0.76262
0.76202
0.76139
0.76072
0.76001
0.75925
0.75844
0.75758
0.75666
0.75569
0.75467
0.75361
0.75251
0.7514
0.75027
0.74913
0.74801
0.74691
0.74582
0.74477
0.74374
0.74274
0.74177
