1
0.97809
0.96569
0.95731
0.95064
0.94543
0.93678
0.93377
0.92599
0.92447
0.92328
0.9221
0.92119
0.92028
0.91957
0.91888
0.91833
0.91779
0.91736
0.91694
0.9166
0.91643
0.90957
0.90302
0.89684
0.8909
0.88524
0.87981
0.87464
0.8697
0.86499
0.8605
0.85619
0.85204
0.84801
0.84404
0.8401
0.83617
0.83223
0.82828
0.82432
0.82039
0.81651
0.8127
0.809
0.80542
0.80196
0.79862
0.79539
0.79227
0.78925
0.78632
0.78346
0.78067
0.77793
0.77525
0.7726
0.76999
0.76741
0.76486
0.76232
0.7598
0.75728
0.75478
0.75228
0.74978
0.74727
0.74477
0.74226
0.73974
0.73723
0.73471
0.7322
0.72971
0.72724
0.7248
0.7224
0.72006
0.71777
0.71555
0.71339
0.7113
0.70928
0.70732
0.70543
0.70359
0.7018
0.70007
0.69838
0.69673
0.69513
0.69355
0.69201
0.6905
0.68901
0.68754
0.6861
0.68467
0.68325
0.68185
0.68046
0.67907
0.67769
0.67631
0.67494
0.67357
0.6722
0.67083
0.66947
0.6681
0.66675
0.66539
0.66404
0.6627
0.66136
0.66003
0.65871
0.65739
0.65608
0.65479
0.6535
0.65222
0.65095
0.64969
0.64844
0.64719
0.64596
0.64474
0.64352
0.64231
0.64111
0.63992
0.63873
0.63754
0.63636
0.63518
0.63401
0.63283
0.63166
0.6305
0.62933
0.62816
0.62699
0.62582
0.62464
0.62346
0.62228
0.62109
0.61989
0.61868
0.61747
0.61625
0.61501
0.61377
0.61252
0.61126
0.60999
0.60872
0.60745
0.60618
0.60492
0.60366
0.60243
0.60121
0.60003
0.59887
0.59775
0.59667
0.59564
0.59466
0.59372
0.59284
0.59201
0.59123
0.5905
0.58983
0.5892
0.58862
0.58808
0.58758
0.58713
0.58671
0.58633
0.58598
0.58566
0.58537
0.5851
0.58486
0.58464
0.58445
0.58427
0.58411
0.58396
0.58383
0.58371
0.5836
0.5835
0.58342
0.58334
0.58328
0.58322
0.58317
0.58313
0.5831
0.58308
0.58306
0.58305
0.58306
0.58306
0.58308
0.5831
0.58313
0.58316
0.58321
0.58326
0.58332
0.58338
0.58346
0.58353
0.58362
0.58371
0.58381
0.58391
0.58401
0.58413
0.58424
0.58436
0.58449
