1
0.97798
0.96591
0.95839
0.95223
0.94754
0.93957
0.93681
0.92962
0.92814
0.92699
0.92588
0.92503
0.9242
0.92359
0.92299
0.92257
0.92216
0.92189
0.92162
0.92146
0.92138
0.91532
0.9097
0.90457
0.89981
0.8954
0.89125
0.88736
0.88367
0.88016
0.87681
0.8736
0.87051
0.86754
0.86467
0.8619
0.85921
0.85661
0.85407
0.8516
0.84919
0.84683
0.84452
0.84225
0.84003
0.83785
0.83569
0.83357
0.83148
0.82942
0.82738
0.82536
0.82336
0.82138
0.81941
0.81747
0.81553
0.81361
0.8117
0.80981
0.80793
0.80607
0.80422
0.80238
0.80056
0.79876
0.79697
0.7952
0.79345
0.79171
0.78999
0.78829
0.7866
0.78493
0.78327
0.78162
0.77999
0.77837
0.77677
0.77518
0.77361
0.77205
0.7705
0.76897
0.76745
0.76595
0.76447
0.763
0.76155
0.76011
0.7587
0.75729
0.7559
0.75453
0.75317
0.75182
0.75048
0.74915
0.74782
0.74651
0.7452
0.74389
0.74258
0.74128
0.73998
0.73868
0.73739
0.73611
0.73483
0.73357
0.73232
0.73108
0.72987
0.72867
0.7275
0.72635
0.72523
0.72414
0.72307
0.72202
0.72101
0.72002
0.71905
0.71811
0.7172
0.7163
0.71542
0.71456
0.71372
0.7129
0.71209
0.71129
0.71051
0.70974
0.70898
0.70823
0.70749
0.70676
0.70603
0.70532
0.70461
0.70391
0.70322
0.70254
0.70186
0.70119
0.70052
0.69986
0.6992
0.69856
0.69791
0.69727
0.69664
0.69601
0.69539
0.69477
0.69416
0.69355
0.69295
0.69236
0.69177
0.69119
0.69061
0.69004
0.68948
0.68892
0.68837
0.68783
0.68729
0.68676
0.68624
0.68573
0.68522
0.68472
0.68423
0.68374
0.68326
0.68278
0.68232
0.68185
0.6814
0.68094
0.6805
0.68006
0.67962
0.67918
0.67875
0.67832
0.6779
0.67747
0.67705
0.67663
0.67621
0.67579
0.67537
0.67495
0.67453
0.67411
0.67368
0.67326
0.67284
0.67241
0.67199
0.67156
0.67114
0.67071
0.67028
0.66986
0.66943
0.669
0.66857
0.66814
0.66771
0.66729
0.66686
0.66643
0.666
0.66557
0.66514
0.66471
0.66428
0.66386
0.66343
0.663
0.66258
0.66215
0.66172
