1
0.95342
0.94459
0.93854
0.93261
0.92818
0.92552
0.92298
0.9207
0.91912
0.91771
0.91644
0.91527
0.91427
0.91331
0.91246
0.9117
0.91102
0.91043
0.90988
0.90943
0.90897
0.90859
0.90818
0.90362
0.89924
0.89521
0.89137
0.88784
0.88453
0.88145
0.87848
0.87562
0.87284
0.87013
0.86744
0.86476
0.86207
0.85937
0.85667
0.85395
0.85123
0.84849
0.84575
0.843
0.84026
0.83752
0.83482
0.83217
0.82958
0.82706
0.82462
0.82225
0.81996
0.81775
0.81561
0.81355
0.81156
0.80964
0.80777
0.80596
0.80419
0.80247
0.80079
0.79916
0.79758
0.79605
0.79458
0.79316
0.7918
0.79048
0.7892
0.78795
0.78673
0.78554
0.78437
0.78322
0.78209
0.78098
0.77989
0.77881
0.77776
0.77671
0.77569
0.77468
0.77368
0.7727
0.77173
0.77077
0.76982
0.76888
0.76795
0.76703
0.76612
0.76522
0.76432
0.76343
0.76255
0.76167
0.76079
0.75991
0.75903
0.75813
0.75723
0.75632
0.7554
0.75447
0.75351
0.75254
0.75156
0.75055
0.74953
0.74848
0.74741
0.74632
0.7452
0.74406
0.74289
0.7417
0.74048
0.73924
0.73799
0.73672
0.73546
0.7342
0.73295
0.73172
0.73052
0.72935
