72.0428
-0.82968
-0.82616
-0.81824
-0.81824
-0.87466
-0.83701
-0.82098
-0.82099
-0.86734
-0.8103
-0.81031
-0.85921
-0.84258
-0.82576
-0.83758
-0.82499
-0.88579
-0.83232
-0.81188
-0.82434
-0.84328
-0.8517
-0.83027
-0.83028
-0.86669
-0.84512
-0.82989
-0.83566
-0.8355
-0.88259
-0.88261
-0.82345
-0.82345
-0.87207
-0.87445
-0.83389
-0.86771
-0.89944
-0.86669
-0.84027
-0.93803
-0.87439
-0.8214
-0.92649
-0.92605
-0.8355
-0.92137
-0.88684
-0.86138
-0.91696
-0.88592
-0.86752
-0.83245
-0.89074
-0.85185
-1.0438
-0.92479
-0.95611
-1.1294
-1.0639
-1.1447
-1.216
-1.2629
-1.219
-2.0082
-1.9242
0
0
0
0
0
0
0
0
0
0
0
0
-4.0505
0
0
0
0
0
0
0
0
0
0
0
-7.1491
0
0
0
0
0
0
0
0
0
0
0
0
0
0
0
0
0
0
0
0
-0.82968
61.5412
-0.81746
-0.79845
-0.79845
-0.85087
-0.81657
-0.80107
-0.80108
-0.84683
-0.79043
-0.79045
-0.83569
-0.82278
-0.80595
-0.81752
-0.80456
-0.86914
-0.81256
-0.79247
-0.80452
-0.82341
-0.83167
-0.81052
-0.81055
-0.84673
-0.82519
-0.81008
-0.81575
-0.81561
-0.86259
-0.8626
-0.80363
-0.80363
-0.85282
-0.85491
-0.81389
-0.8489
-0.87903
-0.84642
-0.82012
-0.91826
-0.85398
-0.80074
-0.90697
-0.90653
-0.81539
-0.89876
-0.8669
-0.83904
-0.89623
-0.8654
-0.84881
-0.81203
-0.87203
-0.82859
-1.0226
-0.89775
-0.93813
-1.109
-1.0442
-1.125
-1.1941
-1.2415
-1.1893
-1.9913
-1.9074
0
-2.0066
0
0
0
0
0
0
0
0
0
0
0
0
0
0
0
0
0
0
0
0
0
0
0
0
0
0
0
0
0
0
0
0
0
0
0
0
0
0
0
0
0
0
0
-0.82616
-0.81746
64.0634
-0.80594
-0.80593
-0.86148
-0.82497
-0.80896
-0.80897
-0.85559
-0.7984
-0.79841
-0.84759
-0.83195
-0.81404
-0.82636
-0.81308
-0.87576
-0.82065
-0.80045
-0.8125
-0.83139
-0.84054
-0.81847
-0.81848
-0.85559
-0.83317
-0.81801
-0.8237
-0.82401
-0.87144
-0.87144
-0.81155
-0.81154
-0.86156
-0.86341
-0.82183
-0.85707
-0.88709
-0.85438
-0.828
-0.92688
-0.8624
-0.80918
-0.91536
-0.91492
-0.82324
-0.90878
-0.87528
-0.84869
-0.90477
-0.87331
-0.8565
-0.81982
-0.87955
-0.84132
-1.0301
-0.91359
-0.94677
-1.1153
-1.0495
-1.1304
-1.2007
-1.2471
-1.2016
-1.993
-1.9085
0
0
0
0
0
0
0
0
0
0
0
0
-4.0095
0
0
0
0
0
0
0
0
0
0
0
0
0
0
0
0
0
0
0
0
0
0
0
0
0
0
0
0
0
0
0
0
-0.81824
-0.79845
-0.80594
58.7646
-0.7784
-0.83944
-0.80508
-0.78946
-0.78947
-0.83527
-0.77895
-0.77897
-0.83141
-0.81634
-0.79449
-0.80588
-0.79335
-0.85692
-0.80106
-0.78097
-0.79293
-0.8117
-0.82005
-0.79893
-0.79895
-0.83502
-0.81342
-0.7984
-0.80404
-0.80407
-0.85084
-0.85086
-0.79199
-0.79199
-0.84126
-0.84316
-0.80216
-0.83713
-0.8669
-0.83442
-0.80836
-0.90615
-0.84205
-0.78948
-0.89494
-0.8945
-0.80367
-0.88695
-0.85516
-0.82731
-0.88401
-0.85342
-0.83681
-0.80025
-0.85975
-0.82185
-1.0098
-0.89314
-0.92728
-1.0949
-1.0295
-1.1101
-1.1801
-1.2271
-1.1769
-1.9744
-1.8904
0
0
0
0
0
0
0
0
0
0
0
0
0
0
0
0
0
0
0
0
0
0
0
0
0
0
0
0
0
0
0
0
0
0
0
0
0
0
0
0
0
0
0
0
0
-0.81824
-0.79845
-0.80593
-0.7784
58.7646
-0.83944
-0.80507
-0.78946
-0.78947
-0.83527
-0.77895
-0.77897
-0.83141
-0.81635
-0.79449
-0.80588
-0.79336
-0.85692
-0.80106
-0.78097
-0.79293
-0.8117
-0.82006
-0.79893
-0.79895
-0.83503
-0.81343
-0.7984
-0.80404
-0.80407
-0.85084
-0.85085
-0.79199
-0.792
-0.84125
-0.84315
-0.80216
-0.83713
-0.86691
-0.83441
-0.80836
-0.90615
-0.84205
-0.78949
-0.89493
-0.8945
-0.80367
-0.88695
-0.85516
-0.82731
-0.88402
-0.85342
-0.83681
-0.80025
-0.85975
-0.82184
-1.0098
-0.89314
-0.92728
-1.0949
-1.0295
-1.1101
-1.1801
-1.2271
-1.1768
-1.9744
-1.8903
0
0
0
0
0
0
0
0
0
0
0
0
0
0
0
0
0
0
0
0
0
0
0
0
0
0
0
0
0
0
0
0
0
0
0
0
0
0
0
0
0
0
0
0
0
-0.87466
-0.85087
-0.86148
-0.83944
-0.83944
65.1848
-0.85336
-0.83711
-0.83713
-0.88412
-0.82635
-0.82636
-0.87569
-0.85962
-0.84208
-0.85381
-0.84129
-0.90318
-0.8487
-0.82811
-0.84059
-0.8597
-0.86803
-0.84659
-0.84661
-0.88318
-0.86156
-0.84622
-0.85199
-0.8519
-0.89925
-0.89926
-0.83967
-0.83967
-0.88901
-0.89121
-0.85016
-0.88474
-0.91623
-0.88327
-0.8565
-0.95528
-0.89116
-0.83738
-0.94379
-0.94334
-0.85166
-0.93718
-0.9037
-0.87692
-0.93419
-0.90243
-0.88452
-0.84851
-0.90787
-0.86881
-1.0612
-0.94247
-0.97473
-1.1476
-1.0816
-1.163
-1.2345
-1.2813
-1.2348
0
0
0
0
0
0
0
0
0
0
0
0
0
0
0
0
0
0
0
0
0
-7.1888
0
0
0
0
0
0
0
0
0
0
0
0
0
0
0
0
0
0
0
0
0
0
0
0
0
-0.83701
-0.81657
-0.82497
-0.80508
-0.80507
-0.85336
55.2966
-0.80407
-0.80409
-0.84769
-0.79296
-0.79298
-0.8385
-0.82054
-0.809
-0.82125
-0.80602
-0.8666
-0.81568
-0.79533
-0.80747
-0.82644
-0.83452
-0.81355
-0.81357
-0.84959
-0.82824
-0.81309
-0.81874
-0.81849
-0.86542
-0.86544
-0.80657
-0.80657
-0.85566
-0.8578
-0.81685
-0.85333
-0.88217
-0.84947
-0.82316
-0.92123
-0.85696
-0.80392
-0.91017
-0.90973
-0.81843
-0.90521
-0.86959
-0.8458
-0.8993
-0.86862
-0.85198
-0.81499
-0.87517
-0.83541
-1.026
-0.90752
-0.94195
-1.1119
-1.0466
-1.1278
-1.1975
0
0
0
0
0
0
0
0
0
-1.8879
0
0
0
0
0
0
0
0
0
0
0
0
0
0
0
0
0
0
0
0
0
0
0
0
0
0
0
0
0
0
0
0
0
0
0
0
0
0
0
-0.82098
-0.80107
-0.80896
-0.78946
-0.78946
-0.83711
-0.80407
53.6566
-0.78216
-0.83222
-0.77751
-0.77752
-0.82467
-0.80767
-0.79336
-0.80619
-0.79234
-0.85231
-0.79998
-0.77968
-0.79168
-0.81048
-0.81848
-0.79772
-0.79774
-0.83344
-0.8122
-0.79716
-0.8028
-0.80268
-0.84927
-0.84928
-0.79074
-0.79074
-0.83966
-0.84176
-0.80091
-0.83605
-0.86572
-0.83321
-0.80715
-0.90475
-0.84084
-0.78804
-0.89377
-0.89332
-0.80246
-0.88908
-0.85344
-0.82989
-0.8829
-0.8523
-0.83582
-0.79896
-0.85879
-0.82071
-1.0087
-0.89219
-0.92671
-1.0941
-1.029
-1.1098
-1.1791
-1.2263
0
0
0
0
0
0
0
0
0
0
0
0
0
0
0
0
0
0
0
0
0
0
0
0
0
0
0
0
0
0
0
0
0
0
0
0
0
0
0
0
0
0
0
0
0
0
0
0
-0.82099
-0.80108
-0.80897
-0.78947
-0.78947
-0.83713
-0.80409
-0.78216
53.6575
-0.83224
-0.77752
-0.77754
-0.82468
-0.80769
-0.79337
-0.8062
-0.79235
-0.85232
-0.8
-0.7797
-0.7917
-0.81048
-0.81849
-0.79773
-0.79775
-0.83345
-0.81221
-0.79718
-0.80281
-0.80269
-0.84929
-0.8493
-0.79075
-0.79075
-0.83968
-0.84177
-0.80092
-0.83607
-0.86574
-0.83322
-0.80717
-0.90477
-0.84085
-0.78806
-0.89379
-0.89334
-0.80247
-0.88909
-0.85346
-0.82991
-0.88291
-0.85231
-0.83584
-0.79898
-0.8588
-0.82073
-1.0087
-0.89221
-0.92673
-1.0941
-1.029
-1.1099
-1.1792
-1.2263
0
0
0
0
0
0
0
0
0
0
0
0
0
0
0
0
0
0
0
0
0
0
0
0
0
0
0
0
0
0
0
0
0
0
0
0
0
0
0
0
0
0
0
0
0
0
0
0
-0.86734
-0.84683
-0.85559
-0.83527
-0.83527
-0.88412
-0.84769
-0.83222
-0.83224
62.0473
-0.82074
-0.82075
-0.87067
-0.85454
-0.83644
-0.8478
-0.83563
-0.89992
-0.84308
-0.82244
-0.83492
-0.854
-0.86194
-0.84094
-0.84096
-0.87703
-0.85585
-0.84054
-0.84627
-0.846
-0.89308
-0.8931
-0.83396
-0.83396
-0.88276
-0.88519
-0.84443
-0.88051
-0.91038
-0.87747
-0.85081
-0.94911
-0.88482
-0.83197
-0.9378
-0.93735
-0.846
-0.93292
-0.89742
-0.87283
-0.92763
-0.89669
-0.87881
-0.84281
-0.90215
-0.86327
-1.0555
-0.93647
-0.96917
-1.1419
-1.0764
-1.1578
-1.2286
0
0
0
0
0
0
0
0
0
0
0
0
0
0
0
0
0
0
0
0
0
0
0
0
0
-6.9073
0
0
0
0
0
0
0
0
0
0
0
0
0
0
0
0
0
0
0
0
0
0
0
-0.8103
-0.79043
-0.7984
-0.77895
-0.77895
-0.82635
-0.79296
-0.77751
-0.77752
-0.82074
50.5412
-0.76007
-0.81253
-0.79583
-0.78196
-0.79361
-0.78071
-0.83983
-0.78845
-0.768
-0.78002
-0.79876
-0.80615
-0.78613
-0.78614
-0.821
-0.80039
-0.78543
-0.79101
-0.79071
-0.83677
-0.83679
-0.77898
-0.77898
-0.82726
-0.82946
-0.78906
-0.82513
-0.85353
-0.82115
-0.79535
-0.8921
-0.82871
-0.77684
-0.88135
-0.88092
-0.7907
-0.8765
-0.84126
-0.81769
-0.87053
-0.84032
-0.82389
-0.78708
-0.8468
-0.80875
-0.99628
-0.87997
-0.91481
-1.0815
-1.0164
-1.0975
0
0
0
0
0
0
0
0
0
0
0
0
0
0
0
0
0
0
0
0
0
0
0
0
0
0
0
0
0
0
0
0
0
0
0
0
0
0
0
0
0
0
0
0
0
0
0
0
0
0
-0.81031
-0.79045
-0.79841
-0.77897
-0.77897
-0.82636
-0.79298
-0.77752
-0.77754
-0.82075
-0.76007
50.542
-0.81255
-0.79584
-0.78197
-0.79362
-0.78072
-0.83983
-0.78845
-0.76801
-0.78003
-0.79878
-0.80616
-0.78614
-0.78615
-0.82102
-0.8004
-0.78544
-0.79102
-0.79071
-0.83679
-0.8368
-0.77899
-0.779
-0.82727
-0.82947
-0.78906
-0.82514
-0.85355
-0.82117
-0.79537
-0.89211
-0.82872
-0.77686
-0.88137
-0.88094
-0.79071
-0.87651
-0.84128
-0.81771
-0.87054
-0.84034
-0.8239
-0.78709
-0.84681
-0.80876
-0.99628
-0.87998
-0.91483
-1.0815
-1.0164
-1.0975
0
0
0
0
0
0
0
0
0
0
0
0
0
0
0
0
0
0
0
0
0
0
0
0
0
0
0
0
0
0
0
0
0
0
0
0
0
0
0
0
0
0
0
0
0
0
0
0
0
0
-0.85921
-0.83569
-0.84759
-0.83141
-0.83141
-0.87569
-0.8385
-0.82467
-0.82468
-0.87067
-0.81253
-0.81255
59.4064
-0.84604
-0.82718
-0.83687
-0.82566
-0.88601
-0.83314
-0.81243
-0.8252
-0.84432
-0.85086
-0.83133
-0.83134
-0.86581
-0.84615
-0.83088
-0.8366
-0.83593
-0.88194
-0.88195
-0.82432
-0.82432
-0.87167
-0.87437
-0.83477
-0.86978
-0.90057
-0.86778
-0.84137
-0.9381
-0.87453
-0.82224
-0.92706
-0.92661
-0.83656
-0.91852
-0.8876
-0.85876
-0.91717
-0.88756
-0.86853
-0.83379
-0.89178
-0.85959
-1.0459
0
0
0
0
0
0
0
-1.2121
0
0
0
0
0
0
0
0
0
0
0
-3.4635
0
0
0
0
0
0
0
0
0
0
0
0
0
0
0
0
0
0
0
0
-6.6332
0
0
0
0
0
0
0
0
0
0
0
0
0
0
-0.84258
-0.82278
-0.83195
-0.81634
-0.81635
-0.85962
-0.82054
-0.80767
-0.80769
-0.85454
-0.79583
-0.79584
-0.84604
58.1889
-0.80945
-0.81898
-0.80761
-0.86879
-0.81519
-0.79474
-0.8072
-0.82612
-0.83217
-0.81323
-0.81325
-0.84709
-0.82815
-0.81309
-0.81879
-0.80756
-0.86302
-0.86303
-0.80656
-0.80656
-0.85078
-0.85579
-0.81697
-0.85162
-0.88263
-0.85013
-0.82389
-0.91945
-0.85673
-0.78973
-0.90879
-0.90835
-0.81919
-0.90331
-0.86383
-0.8441
-0.89924
-0.86985
-0.85166
-0.81647
-0.87517
-0.83514
0
0
0
0
0
0
0
0
0
0
0
0
0
-2.8571
0
0
0
-2.8811
0
0
0
0
0
0
0
0
0
0
0
0
0
-6.3796
0
0
0
0
0
0
0
0
0
0
0
0
0
0
0
0
0
0
0
0
0
0
0
0
-0.82576
-0.80595
-0.81404
-0.79449
-0.79449
-0.84208
-0.809
-0.79336
-0.79337
-0.83644
-0.78196
-0.78197
-0.82718
-0.80945
48.4554
-0.80626
-0.79533
-0.8532
-0.80334
-0.78247
-0.79482
-0.81385
-0.82115
-0.80109
-0.80112
-0.83595
-0.81552
-0.80042
-0.80604
-0.80558
-0.85172
-0.85173
-0.79389
-0.79389
-0.84211
-0.84437
-0.80408
-0.84026
-0.86915
-0.83657
-0.8105
-0.90749
-0.84379
-0.79172
-0.89683
-0.89639
-0.8058
-0.89143
-0.85657
-0.83232
-0.88595
-0.85613
-0.83885
-0.80247
-0.86167
-0.82424
-1.0126
0
0
-1.0985
0
0
0
0
0
0
0
0
0
0
0
0
0
0
0
0
0
-0.96877
0
0
0
0
0
0
0
0
0
0
0
0
0
0
0
0
0
0
0
0
0
0
0
0
0
0
0
0
0
0
0
0
0
0
-0.83758
-0.81752
-0.82636
-0.80588
-0.80588
-0.85381
-0.82125
-0.80619
-0.8062
-0.8478
-0.79361
-0.79362
-0.83687
-0.81898
-0.80626
52.9991
-0.80485
-0.8624
-0.81231
-0.79162
-0.80412
-0.82301
-0.82979
-0.81018
-0.8102
-0.8444
-0.82469
-0.80958
-0.81522
-0.81487
-0.86042
-0.86043
-0.80306
-0.80306
-0.85032
-0.8529
-0.81332
-0.84854
-0.87847
-0.84586
-0.81978
-0.916
-0.8527
-0.80114
-0.90526
-0.90482
-0.81507
-0.89924
-0.86596
-0.83963
-0.89485
-0.86551
-0.84717
-0.81186
-0.87004
-0.83301
-1.0226
0
0
0
0
0
0
0
0
0
0
0
0
0
0
0
0
0
0
0
0
0
0
0
0
0
0
0
0
0
0
0
0
0
0
0
0
0
-6.0831
0
0
0
0
0
0
0
0
0
0
0
0
0
0
0
0
0
-0.82499
-0.80456
-0.81308
-0.79335
-0.79336
-0.84129
-0.80602
-0.79234
-0.79235
-0.83563
-0.78071
-0.78072
-0.82566
-0.80761
-0.79533
-0.80485
47.1475
-0.8515
-0.80234
-0.78054
-0.79305
-0.81212
-0.81934
-0.79939
-0.79941
-0.83401
-0.81373
-0.79862
-0.80422
-0.80372
-0.84984
-0.84985
-0.79206
-0.79206
-0.84026
-0.8425
-0.80222
-0.83844
-0.8673
-0.83472
-0.80863
-0.90558
-0.84197
-0.7897
-0.89499
-0.89456
-0.8039
-0.8897
-0.85476
-0.8308
-0.88418
-0.8542
-0.83717
-0.8002
-0.86005
-0.82155
0
0
0
0
0
0
0
0
0
0
0
0
0
0
0
0
-1.8625
0
0
0
0
0
0
0
0
0
0
0
0
0
0
0
0
0
0
0
0
0
0
0
0
0
0
0
0
0
0
0
0
0
0
0
0
0
0
0
-0.88579
-0.86914
-0.87576
-0.85692
-0.85692
-0.90318
-0.8666
-0.85231
-0.85232
-0.89992
-0.83983
-0.83983
-0.88601
-0.86879
-0.8532
-0.8624
-0.8515
61.3797
-0.85861
-0.83767
-0.85074
-0.87001
-0.87699
-0.85685
-0.85686
-0.8916
-0.87192
-0.8565
-0.86227
-0.862
-0.90798
-0.90799
-0.84986
-0.84986
-0.89717
-0.89997
-0.86048
-0.8955
-0.9269
-0.89386
-0.86711
-0.96409
-0.89984
-0.84815
-0.95303
-0.95258
-0.86226
-0.94619
-0.91394
-0.88539
-0.9427
-0.91372
-0.8937
-0.85962
-0.91694
0
0
0
0
0
0
0
0
0
0
0
0
0
0
0
0
0
0
0
0
0
0
0
0
0
0
0
0
0
0
0
0
0
0
0
0
0
0
-6.8992
0
0
-6.8992
0
0
0
0
0
0
0
0
0
0
0
0
0
0
0
-0.83232
-0.81256
-0.82065
-0.80106
-0.80106
-0.8487
-0.81568
-0.79998
-0.8
-0.84308
-0.78845
-0.78845
-0.83314
-0.81519
-0.80334
-0.81231
-0.80234
-0.85861
45.8507
-0.78455
-0.80031
-0.81982
-0.82864
-0.80708
-0.8071
-0.84214
-0.82151
-0.80634
-0.81198
-0.81155
-0.85776
-0.85777
-0.79976
-0.79975
-0.84822
-0.85039
-0.80996
-0.8465
-0.87532
-0.8426
-0.81647
-0.91362
-0.84982
-0.79784
-0.90314
-0.9027
-0.81174
-0.89777
-0.86276
-0.8386
-0.89219
-0.8625
-0.845
-0.80853
-0.86767
0
0
0
0
0
0
0
0
0
0
0
0
0
0
0
0
0
0
0
0
0
0
-0.97439
0
0
0
0
0
0
0
0
0
0
0
0
0
0
0
0
0
0
0
0
0
0
0
0
0
0
0
0
0
0
0
0
0
0
-0.81188
-0.79247
-0.80045
-0.78097
-0.78097
-0.82811
-0.79533
-0.77968
-0.7797
-0.82244
-0.768
-0.76801
-0.81243
-0.79474
-0.78247
-0.79162
-0.78054
-0.83767
-0.78455
44.746
-0.78012
-0.79914
-0.8068
-0.78649
-0.78651
-0.81924
-0.80046
-0.78544
-0.79099
-0.79025
-0.83538
-0.83539
-0.77887
-0.77886
-0.82582
-0.82834
-0.7889
-0.82453
-0.85359
-0.82114
-0.79537
-0.8909
-0.82422
-0.77735
-0.88059
-0.88017
-0.79068
-0.87492
-0.84106
-0.81707
-0.86534
-0.84163
-0.82304
-0.78779
0
0
0
0
0
0
0
0
0
0
0
0
0
0
0
0
-1.8476
0
0
0
0
0
0
0
0
0
0
0
0
0
0
0
0
0
0
0
0
0
0
0
0
0
0
0
0
0
0
0
0
0
0
0
0
0
0
0
0
0
-0.82434
-0.80452
-0.8125
-0.79293
-0.79293
-0.84059
-0.80747
-0.79168
-0.7917
-0.83492
-0.78002
-0.78003
-0.8252
-0.8072
-0.79482
-0.80412
-0.79305
-0.85074
-0.80031
-0.78012
41.0977
-0.8127
-0.81832
-0.79964
-0.79966
-0.8368
-0.81278
-0.79761
-0.80307
-0.80256
-0.84781
-0.84782
-0.79079
-0.79079
-0.83837
-0.84084
-0.80075
-0.83703
-0.86597
-0.83347
-0.80723
-0.90359
-0.84007
-0.78907
-0.89387
-0.89344
-0.80245
-0.89106
-0.85382
0
-0.88299
-0.85411
0
0
0
0
0
0
0
0
0
0
0
0
0
0
0
0
0
0
0
0
0
0
0
0
0
0
0
0
0
0
0
0
0
0
0
0
0
0
0
0
0
0
0
0
0
0
0
0
0
0
0
0
0
0
0
0
0
0
0
0
-0.84328
-0.82341
-0.83139
-0.8117
-0.8117
-0.8597
-0.82644
-0.81048
-0.81048
-0.854
-0.79876
-0.79878
-0.84432
-0.82612
-0.81385
-0.82301
-0.81212
-0.87001
-0.81982
-0.79914
-0.8127
39.3636
-0.83671
-0.81807
-0.81808
-0.85267
-0.83225
-0.81684
-0.82254
-0.82264
-0.86911
-0.86912
-0.81004
-0.81004
-0.86032
-0.86154
-0.82029
-0.85794
-0.88659
-0.85359
-0.827
-0.924
-0.86136
-0.80872
-0.91338
-0.91297
-0.82227
0
0
0
0
-0.87425
0
0
0
0
0
0
0
0
0
0
0
0
0
0
0
0
0
0
0
0
0
0
0
0
0
0
0
0
0
0
0
0
0
0
0
0
0
0
0
0
0
0
0
0
0
0
0
0
0
0
0
0
0
0
0
0
0
0
0
0
-0.8517
-0.83167
-0.84054
-0.82005
-0.82006
-0.86803
-0.83452
-0.81848
-0.81849
-0.86194
-0.80615
-0.80616
-0.85086
-0.83217
-0.82115
-0.82979
-0.81934
-0.87699
-0.82864
-0.8068
-0.81832
-0.83671
44.4856
-0.82363
-0.82365
-0.8544
-0.83783
-0.82251
-0.82808
-0.82734
-0.87241
-0.87242
-0.81564
-0.81564
-0.86221
-0.86501
-0.82587
-0.86065
-0.89186
-0.85905
-0.83247
-0.9278
-0.86634
-0.81386
-0.91732
-0.9169
-0.82766
0
0
0
0
0
0
0
0
0
0
0
0
0
0
0
0
0
0
0
0
0
0
0
0
0
0
0
0
0
0
0
0
0
0
0
0
0
0
0
0
0
0
-5.7265
0
0
0
0
0
0
0
0
0
0
0
0
0
0
0
0
0
0
0
0
0
0
-0.83027
-0.81052
-0.81847
-0.79893
-0.79893
-0.84659
-0.81355
-0.79772
-0.79773
-0.84094
-0.78613
-0.78614
-0.83133
-0.81323
-0.80109
-0.81018
-0.79939
-0.85685
-0.80708
-0.78649
-0.79964
-0.81807
-0.82363
37.8743
-0.78527
-0.8396
-0.81822
-0.80297
-0.80877
-0.80892
-0.85577
-0.85578
-0.79636
-0.79636
-0.84811
-0.84802
-0.80666
-0.84469
-0.87269
-0.83973
-0.81344
-0.90973
-0.84764
-0.7954
-0.89947
-0.89905
-0.80876
0
0
0
0
0
0
0
0
0
0
0
0
0
0
0
0
0
0
0
0
0
0
0
0
0
0
0
0
0
0
0
0
0
0
0
0
0
0
0
0
0
0
0
0
0
0
0
0
0
0
0
0
0
0
0
0
0
0
0
0
0
0
0
0
0
-0.83028
-0.81055
-0.81848
-0.79895
-0.79895
-0.84661
-0.81357
-0.79774
-0.79775
-0.84096
-0.78614
-0.78615
-0.83134
-0.81325
-0.80112
-0.8102
-0.79941
-0.85686
-0.8071
-0.78651
-0.79966
-0.81808
-0.82365
-0.78527
37.8752
-0.83962
-0.81825
-0.80298
-0.80879
-0.80893
-0.85579
-0.8558
-0.79638
-0.79638
-0.84813
-0.84804
-0.80669
-0.84472
-0.87271
-0.83974
-0.81347
-0.90976
-0.84766
-0.79541
-0.89949
-0.89907
-0.80878
0
0
0
0
0
0
0
0
0
0
0
0
0
0
0
0
0
0
0
0
0
0
0
0
0
0
0
0
0
0
0
0
0
0
0
0
0
0
0
0
0
0
0
0
0
0
0
0
0
0
0
0
0
0
0
0
0
0
0
0
0
0
0
0
0
-0.86669
-0.84673
-0.85559
-0.83502
-0.83503
-0.88318
-0.84959
-0.83344
-0.83345
-0.87703
-0.821
-0.82102
-0.86581
-0.84709
-0.83595
-0.8444
-0.83401
-0.8916
-0.84214
-0.81924
-0.8368
-0.85267
-0.8544
-0.8396
-0.83962
42.3534
-0.85382
-0.83823
-0.8438
-0.84296
-0.88913
-0.88914
-0.83104
-0.83104
-0.87901
-0.88142
-0.84136
-0.87749
-0.90868
-0.87583
-0.84863
-0.94336
-0.88245
0
0
0
-0.8436
0
0
0
0
0
0
0
0
0
0
0
0
0
0
0
0
0
0
0
0
0
0
0
0
0
0
0
0
0
0
0
0
0
0
0
0
0
-5.5913
0
0
0
0
0
0
0
0
0
0
0
0
0
0
0
0
0
0
0
0
0
0
0
0
0
0
0
-0.84512
-0.82519
-0.83317
-0.81342
-0.81343
-0.86156
-0.82824
-0.8122
-0.81221
-0.85585
-0.80039
-0.8004
-0.84615
-0.82815
-0.81552
-0.82469
-0.81373
-0.87192
-0.82151
-0.80046
-0.81278
-0.83225
-0.83783
-0.81822
-0.81825
-0.85382
33.3093
-0.81608
-0.82365
-0.82827
-0.87039
-0.8704
-0.80952
-0.80952
-0.85193
-0.87231
-0.82008
-0.86361
-0.88984
-0.85776
-0.82941
0
0
0
0
0
0
0
0
0
0
0
0
0
0
0
0
0
0
0
0
0
0
0
0
0
0
0
0
0
0
0
0
0
0
0
0
0
0
0
0
0
0
0
0
0
0
0
0
0
0
0
0
0
0
0
0
0
0
0
0
0
0
0
0
0
0
0
0
0
0
0
-0.82989
-0.81008
-0.81801
-0.7984
-0.7984
-0.84622
-0.81309
-0.79716
-0.79718
-0.84054
-0.78543
-0.78544
-0.83088
-0.81309
-0.80042
-0.80958
-0.79862
-0.8565
-0.80634
-0.78544
-0.79761
-0.81684
-0.82251
-0.80297
-0.80298
-0.83823
-0.81608
31.8697
-0.80588
-0.80343
-0.85523
-0.85525
-0.79092
-0.79093
-0.8436
-0.85075
-0.80288
-0.84087
-0.87184
-0.84017
0
0
0
0
0
0
0
0
0
0
0
0
0
0
0
0
0
0
0
0
0
0
0
0
0
0
0
0
0
0
0
0
0
0
0
0
0
0
0
0
0
0
0
0
0
0
0
0
0
0
0
0
0
0
0
0
0
0
0
0
0
0
0
0
0
0
0
0
0
0
0
0
-0.83566
-0.81575
-0.8237
-0.80404
-0.80404
-0.85199
-0.81874
-0.8028
-0.80281
-0.84627
-0.79101
-0.79102
-0.8366
-0.81879
-0.80604
-0.81522
-0.80422
-0.86227
-0.81198
-0.79099
-0.80307
-0.82254
-0.82808
-0.80877
-0.80879
-0.8438
-0.82365
-0.80588
30.3786
-0.80048
-0.85678
-0.8568
-0.80196
-0.80197
-0.84905
-0.84469
-0.80961
0
-0.87868
0
0
0
0
0
0
0
0
0
0
0
0
0
0
0
0
0
0
0
0
0
0
0
0
0
0
0
0
0
0
0
0
0
0
0
0
0
0
0
0
0
0
0
0
0
0
0
0
0
0
0
0
0
0
0
0
0
0
0
0
0
0
0
0
0
0
0
0
0
0
0
0
0
-0.8355
-0.81561
-0.82401
-0.80407
-0.80407
-0.8519
-0.81849
-0.80268
-0.80269
-0.846
-0.79071
-0.79071
-0.83593
-0.80756
-0.80558
-0.81487
-0.80372
-0.862
-0.81155
-0.79025
-0.80256
-0.82264
-0.82734
-0.80892
-0.80893
-0.84296
-0.82827
-0.80343
-0.80048
32.1942
-0.85844
-0.85845
-0.78993
-0.78992
-0.84652
-0.84845
-0.80387
0
0
0
0
0
0
0
0
0
0
0
0
0
0
0
0
0
0
0
0
0
0
0
0
0
0
0
0
0
0
0
0
-2.7352
0
0
0
0
0
0
0
0
0
0
0
0
0
0
0
0
0
0
0
0
0
0
0
0
0
0
0
0
0
0
0
0
0
0
0
0
0
0
0
0
0
0
-0.88259
-0.86259
-0.87144
-0.85084
-0.85084
-0.89925
-0.86542
-0.84927
-0.84929
-0.89308
-0.83677
-0.83679
-0.88194
-0.86302
-0.85172
-0.86042
-0.84984
-0.90798
-0.85776
-0.83538
-0.84781
-0.86911
-0.87241
-0.85577
-0.85579
-0.88913
-0.87039
-0.85523
-0.85678
-0.85844
36.3819
-0.90659
-0.84221
-0.84221
-0.88791
-0.89613
-0.85321
0
0
0
0
0
0
0
0
0
0
0
0
0
0
0
0
0
0
0
0
0
0
0
0
0
0
0
0
0
0
0
0
0
0
0
0
0
0
0
0
0
0
0
0
0
0
0
0
0
0
0
0
0
0
0
0
0
0
0
0
0
0
0
0
0
0
0
0
0
0
0
-5.2665
0
0
0
-0.88261
-0.8626
-0.87144
-0.85086
-0.85085
-0.89926
-0.86544
-0.84928
-0.8493
-0.8931
-0.83679
-0.8368
-0.88195
-0.86303
-0.85173
-0.86043
-0.84985
-0.90799
-0.85777
-0.83539
-0.84782
-0.86912
-0.87242
-0.85578
-0.8558
-0.88914
-0.8704
-0.85525
-0.8568
-0.85845
-0.90659
36.3825
-0.84223
-0.84223
-0.88795
-0.89615
-0.85322
0
0
0
0
0
0
0
0
0
0
0
0
0
0
0
0
0
0
0
0
0
0
0
0
0
0
0
0
0
0
0
0
0
0
0
0
0
0
0
0
0
0
0
0
0
0
0
0
0
0
0
0
0
0
0
-5.2667
0
0
0
0
0
0
0
0
0
0
0
0
0
0
0
0
0
0
0
-0.82345
-0.80363
-0.81155
-0.79199
-0.79199
-0.83967
-0.80657
-0.79074
-0.79075
-0.83396
-0.77898
-0.77899
-0.82432
-0.80656
-0.79389
-0.80306
-0.79206
-0.84986
-0.79976
-0.77887
-0.79079
-0.81004
-0.81564
-0.79636
-0.79638
-0.83104
-0.80952
-0.79092
-0.80196
-0.78993
-0.84221
-0.84223
29.03
-0.7645
-0.83482
-0.83175
-0.79124
0
0
0
0
0
0
0
0
0
0
0
0
0
0
0
0
0
0
0
0
0
0
0
0
0
0
0
0
0
0
0
0
0
0
0
0
0
0
0
0
0
0
0
0
0
0
0
0
0
0
0
0
0
0
0
0
0
0
0
0
0
0
0
0
0
0
0
0
0
0
0
0
0
0
0
-0.82345
-0.80363
-0.81154
-0.79199
-0.792
-0.83967
-0.80657
-0.79074
-0.79075
-0.83396
-0.77898
-0.779
-0.82432
-0.80656
-0.79389
-0.80306
-0.79206
-0.84986
-0.79975
-0.77886
-0.79079
-0.81004
-0.81564
-0.79636
-0.79638
-0.83104
-0.80952
-0.79093
-0.80197
-0.78992
-0.84221
-0.84223
-0.7645
29.03
-0.83482
-0.83175
-0.79124
0
0
0
0
0
0
0
0
0
0
0
0
0
0
0
0
0
0
0
0
0
0
0
0
0
0
0
0
0
0
0
0
0
0
0
0
0
0
0
0
0
0
0
0
0
0
0
0
0
0
0
0
0
0
0
0
0
0
0
0
0
0
0
0
0
0
0
0
0
0
0
0
0
0
0
-0.87207
-0.85282
-0.86156
-0.84126
-0.84125
-0.88901
-0.85566
-0.83966
-0.83968
-0.88276
-0.82726
-0.82727
-0.87167
-0.85078
-0.84211
-0.85032
-0.84026
-0.89717
-0.84822
-0.82582
-0.83837
-0.86032
-0.86221
-0.84811
-0.84813
-0.87901
-0.85193
-0.8436
-0.84905
-0.84652
-0.88791
-0.88795
-0.83482
-0.83482
36.2227
0
0
0
0
0
0
0
0
0
0
0
0
0
0
0
0
0
0
0
0
0
0
0
0
0
0
0
0
0
0
0
0
-2.2481
0
0
0
0
0
0
0
0
0
0
0
0
0
0
0
0
0
0
0
0
0
0
0
0
0
0
0
0
0
0
0
0
0
0
0
0
0
-4.9453
0
0
0
0
0
0
-0.87445
-0.85491
-0.86341
-0.84316
-0.84315
-0.89121
-0.8578
-0.84176
-0.84177
-0.88519
-0.82946
-0.82947
-0.87437
-0.85579
-0.84437
-0.8529
-0.8425
-0.89997
-0.85039
-0.82834
-0.84084
-0.86154
-0.86501
-0.84802
-0.84804
-0.88142
-0.87231
-0.85075
-0.84469
-0.84845
-0.89613
-0.89615
-0.83175
-0.83175
0
33.9848
0
0
0
0
0
0
0
0
0
0
0
0
0
0
0
0
0
0
0
0
0
0
0
0
0
0
0
0
0
0
0
0
0
0
0
0
0
0
0
0
0
0
0
0
0
0
-4.8635
0
0
0
0
0
0
0
0
0
0
0
0
0
0
0
0
0
0
0
0
0
0
0
0
0
0
0
0
0
-0.83389
-0.81389
-0.82183
-0.80216
-0.80216
-0.85016
-0.81685
-0.80091
-0.80092
-0.84443
-0.78906
-0.78906
-0.83477
-0.81697
-0.80408
-0.81332
-0.80222
-0.86048
-0.80996
-0.7889
-0.80075
-0.82029
-0.82587
-0.80666
-0.80669
-0.84136
-0.82008
-0.80288
-0.80961
-0.80387
-0.85321
-0.85322
-0.79124
-0.79124
0
0
27.723
0
0
0
0
0
0
0
0
0
0
0
0
0
0
0
0
0
0
0
0
0
0
0
0
0
0
0
0
0
0
0
0
0
0
0
0
0
0
0
0
0
0
0
0
0
0
0
0
0
0
0
0
0
0
0
0
0
0
0
0
0
0
0
0
0
0
0
0
0
0
0
0
0
0
0
-0.86771
-0.8489
-0.85707
-0.83713
-0.83713
-0.88474
-0.85333
-0.83605
-0.83607
-0.88051
-0.82513
-0.82514
-0.86978
-0.85162
-0.84026
-0.84854
-0.83844
-0.8955
-0.8465
-0.82453
-0.83703
-0.85794
-0.86065
-0.84469
-0.84472
-0.87749
-0.86361
-0.84087
0
0
0
0
0
0
0
0
0
31.8797
0
0
0
0
0
0
0
0
0
0
0
0
0
0
0
0
0
0
0
0
0
0
0
0
0
-1.2459
0
0
0
0
0
0
0
0
0
0
-2.1137
0
0
0
0
0
0
0
0
0
0
0
0
0
0
0
0
0
0
0
0
-4.6891
0
0
0
0
0
0
0
0
0
0
0
0
0
0
0
0
-0.89944
-0.87903
-0.88709
-0.8669
-0.86691
-0.91623
-0.88217
-0.86572
-0.86574
-0.91038
-0.85353
-0.85355
-0.90057
-0.88263
-0.86915
-0.87847
-0.8673
-0.9269
-0.87532
-0.85359
-0.86597
-0.88659
-0.89186
-0.87269
-0.87271
-0.90868
-0.88984
-0.87184
-0.87868
0
0
0
0
0
0
0
0
0
25.5395
0
0
0
0
0
0
0
0
0
0
0
0
0
0
0
0
0
0
0
0
0
0
0
0
0
0
0
0
0
0
0
0
0
0
0
0
0
0
0
0
0
0
0
0
0
0
0
0
0
0
0
0
0
0
0
0
0
0
0
0
0
0
0
0
0
0
0
0
0
0
0
0
0
-0.86669
-0.84642
-0.85438
-0.83442
-0.83441
-0.88327
-0.84947
-0.83321
-0.83322
-0.87747
-0.82115
-0.82117
-0.86778
-0.85013
-0.83657
-0.84586
-0.83472
-0.89386
-0.8426
-0.82114
-0.83347
-0.85359
-0.85905
-0.83973
-0.83974
-0.87583
-0.85776
-0.84017
0
0
0
0
0
0
0
0
0
0
0
23.7473
0
0
0
0
0
0
0
0
0
0
0
0
0
0
0
0
0
0
0
0
0
0
0
0
0
0
0
0
0
0
0
0
0
0
0
0
0
0
0
0
0
0
0
0
0
0
0
0
0
0
0
0
0
0
0
0
0
0
0
0
0
0
0
0
0
0
0
0
0
0
0
0
-0.84027
-0.82012
-0.828
-0.80836
-0.80836
-0.8565
-0.82316
-0.80715
-0.80717
-0.85081
-0.79535
-0.79537
-0.84137
-0.82389
-0.8105
-0.81978
-0.80863
-0.86711
-0.81647
-0.79537
-0.80723
-0.827
-0.83247
-0.81344
-0.81347
-0.84863
-0.82941
0
0
0
0
0
0
0
0
0
0
0
0
0
22.1954
0
0
0
0
0
0
0
0
0
0
0
0
0
0
0
0
0
0
0
0
0
0
0
0
0
0
0
0
0
0
0
0
0
0
0
0
0
0
0
0
0
0
0
0
0
0
0
0
0
0
0
0
0
0
0
0
0
0
0
0
0
0
0
0
0
0
0
0
0
0
0
-0.93803
-0.91826
-0.92688
-0.90615
-0.90615
-0.95528
-0.92123
-0.90475
-0.90477
-0.94911
-0.8921
-0.89211
-0.9381
-0.91945
-0.90749
-0.916
-0.90558
-0.96409
-0.91362
-0.8909
-0.90359
-0.924
-0.9278
-0.90973
-0.90976
-0.94336
0
0
0
0
0
0
0
0
0
0
0
0
0
0
0
28.4853
0
0
0
0
0
0
0
0
0
0
0
0
0
0
0
0
0
0
0
0
0
0
0
0
0
0
0
0
0
0
0
0
0
0
0
0
0
0
0
0
0
0
0
-4.597
0
0
0
0
0
0
0
0
0
0
0
0
0
0
0
0
0
0
0
0
0
0
0
0
0
0
-0.87439
-0.85398
-0.8624
-0.84205
-0.84205
-0.89116
-0.85696
-0.84084
-0.84085
-0.88482
-0.82871
-0.82872
-0.87453
-0.85673
-0.84379
-0.8527
-0.84197
-0.89984
-0.84982
-0.82422
-0.84007
-0.86136
-0.86634
-0.84764
-0.84766
-0.88245
0
0
0
0
0
0
0
0
0
0
0
0
0
0
0
0
24.8403
0
0
0
0
0
0
0
0
0
0
0
0
0
0
0
0
0
0
0
0
0
0
0
0
0
0
0
0
-2.6043
0
0
0
0
0
0
0
0
0
0
0
0
0
0
0
0
0
0
0
0
0
0
0
0
0
0
0
0
0
0
0
0
0
0
0
0
0
0
0
0
-0.8214
-0.80074
-0.80918
-0.78948
-0.78949
-0.83738
-0.80392
-0.78804
-0.78806
-0.83197
-0.77684
-0.77686
-0.82224
-0.78973
-0.79172
-0.80114
-0.7897
-0.84815
-0.79784
-0.77735
-0.78907
-0.80872
-0.81386
-0.7954
-0.79541
0
0
0
0
0
0
0
0
0
0
0
0
0
0
0
0
0
0
22.6648
0
0
0
0
0
0
0
0
0
0
0
0
0
0
0
0
0
0
0
0
0
0
0
0
0
0
0
0
0
-2.6311
0
0
0
0
0
0
0
0
0
0
0
0
0
0
0
0
0
0
0
0
0
0
0
0
0
0
0
0
0
0
0
0
0
0
0
0
0
0
-0.92649
-0.90697
-0.91536
-0.89494
-0.89493
-0.94379
-0.91017
-0.89377
-0.89379
-0.9378
-0.88135
-0.88137
-0.92706
-0.90879
-0.89683
-0.90526
-0.89499
-0.95303
-0.90314
-0.88059
-0.89387
-0.91338
-0.91732
-0.89947
-0.89949
0
0
0
0
0
0
0
0
0
0
0
0
0
0
0
0
0
0
0
26.7102
0
0
0
0
0
0
0
0
0
0
0
0
0
0
0
0
0
0
0
0
0
0
0
0
0
0
0
0
0
0
0
0
0
0
0
0
0
0
0
0
0
0
0
0
0
0
0
0
0
0
0
0
0
0
0
0
0
0
0
0
0
0
-4.0363
0
0
0
0
-0.92605
-0.90653
-0.91492
-0.8945
-0.8945
-0.94334
-0.90973
-0.89332
-0.89334
-0.93735
-0.88092
-0.88094
-0.92661
-0.90835
-0.89639
-0.90482
-0.89456
-0.95258
-0.9027
-0.88017
-0.89344
-0.91297
-0.9169
-0.89905
-0.89907
0
0
0
0
0
0
0
0
0
0
0
0
0
0
0
0
0
0
0
0
26.6961
0
0
0
0
0
0
0
0
0
0
0
0
0
0
0
0
0
0
0
0
0
0
0
0
0
0
0
0
0
0
0
0
0
0
0
0
0
0
0
0
0
0
0
0
0
0
0
0
0
0
0
0
0
0
0
-4.0331
0
0
0
0
0
0
0
0
0
0
-0.8355
-0.81539
-0.82324
-0.80367
-0.80367
-0.85166
-0.81843
-0.80246
-0.80247
-0.846
-0.7907
-0.79071
-0.83656
-0.81919
-0.8058
-0.81507
-0.8039
-0.86226
-0.81174
-0.79068
-0.80245
-0.82227
-0.82766
-0.80876
-0.80878
-0.8436
0
0
0
0
0
0
0
0
0
0
0
0
0
0
0
0
0
0
0
0
21.2426
0
0
0
0
0
0
0
0
0
0
0
0
0
0
0
0
0
0
0
0
0
0
0
0
0
0
0
0
0
0
0
0
0
0
0
0
0
0
0
0
0
0
0
0
0
0
0
0
0
0
0
0
0
0
0
0
0
0
0
0
0
0
0
0
0
-0.92137
-0.89876
-0.90878
-0.88695
-0.88695
-0.93718
-0.90521
-0.88908
-0.88909
-0.93292
-0.8765
-0.87651
-0.91852
-0.90331
-0.89143
-0.89924
-0.8897
-0.94619
-0.89777
-0.87492
-0.89106
0
0
0
0
0
0
0
0
0
0
0
0
0
0
0
0
0
0
0
0
0
0
0
0
0
0
26.8499
0
0
0
0
0
0
0
0
0
0
0
0
0
0
0
0
0
0
0
0
0
0
0
0
0
0
0
0
0
0
-3.318
0
0
-4.6104
0
0
0
0
0
0
0
0
0
0
0
0
0
0
0
0
0
0
0
0
0
0
0
0
0
0
0
0
0
0
-0.88684
-0.8669
-0.87528
-0.85516
-0.85516
-0.9037
-0.86959
-0.85344
-0.85346
-0.89742
-0.84126
-0.84128
-0.8876
-0.86383
-0.85657
-0.86596
-0.85476
-0.91394
-0.86276
-0.84106
-0.85382
0
0
0
0
0
0
0
0
0
0
0
0
0
0
0
0
0
0
0
0
0
0
0
0
0
0
0
20.3242
0
0
0
0
0
0
0
0
0
0
0
0
0
0
0
0
0
0
-2.1243
0
0
0
0
0
0
0
0
0
0
0
0
0
0
0
0
0
0
0
0
0
0
0
0
0
0
0
0
0
0
0
0
0
0
0
0
0
0
0
0
0
0
0
0
-0.86138
-0.83904
-0.84869
-0.82731
-0.82731
-0.87692
-0.8458
-0.82989
-0.82991
-0.87283
-0.81769
-0.81771
-0.85876
-0.8441
-0.83232
-0.83963
-0.8308
-0.88539
-0.8386
-0.81707
0
0
0
0
0
0
0
0
0
0
0
0
0
0
0
0
0
0
0
0
0
0
0
0
0
0
0
0
0
23.6518
0
0
0
0
0
0
0
0
0
0
0
0
0
0
0
0
0
0
0
0
0
0
0
0
0
0
0
0
-3.2141
0
0
0
0
0
0
0
0
0
0
0
0
0
0
0
0
0
0
0
0
0
0
0
0
0
-3.5965
0
0
0
0
0
0
0
-0.91696
-0.89623
-0.90477
-0.88401
-0.88402
-0.93419
-0.8993
-0.8829
-0.88291
-0.92763
-0.87053
-0.87054
-0.91717
-0.89924
-0.88595
-0.89485
-0.88418
-0.9427
-0.89219
-0.86534
-0.88299
0
0
0
0
0
0
0
0
0
0
0
0
0
0
0
0
0
0
0
0
0
0
0
0
0
0
0
0
0
21.3989
0
0
0
0
0
0
0
0
0
0
0
0
0
0
0
0
0
0
0
0
-2.5803
0
0
0
0
0
0
0
0
0
0
0
0
0
0
0
0
0
0
0
0
0
0
0
0
0
0
0
0
0
0
0
0
0
0
0
0
0
0
0
0
-0.88592
-0.8654
-0.87331
-0.85342
-0.85342
-0.90243
-0.86862
-0.8523
-0.85231
-0.89669
-0.84032
-0.84034
-0.88756
-0.86985
-0.85613
-0.86551
-0.8542
-0.91372
-0.8625
-0.84163
-0.85411
-0.87425
0
0
0
0
0
0
0
0
0
0
0
0
0
0
0
0
0
0
0
0
0
0
0
0
0
0
0
0
0
19.064
0
0
0
0
0
0
0
0
0
0
0
0
0
0
0
0
0
0
0
0
0
0
0
0
0
0
0
0
0
0
0
0
0
0
0
0
0
0
0
0
0
0
0
0
0
0
0
0
0
0
0
0
0
0
0
0
0
0
0
0
-0.86752
-0.84881
-0.8565
-0.83681
-0.83681
-0.88452
-0.85198
-0.83582
-0.83584
-0.87881
-0.82389
-0.8239
-0.86853
-0.85166
-0.83885
-0.84717
-0.83717
-0.8937
-0.845
-0.82304
0
0
0
0
0
0
0
0
0
0
0
0
0
0
0
0
0
0
0
0
0
0
0
0
0
0
0
0
0
0
0
0
19.8346
0
0
0
0
0
0
0
0
0
0
0
0
0
0
0
0
0
0
0
0
0
0
0
0
0
0
0
0
0
0
0
0
0
0
0
0
0
0
0
0
0
0
0
0
0
0
0
0
0
0
-2.8482
0
0
0
0
0
0
0
0
-0.83245
-0.81203
-0.81982
-0.80025
-0.80025
-0.84851
-0.81499
-0.79896
-0.79898
-0.84281
-0.78708
-0.78709
-0.83379
-0.81647
-0.80247
-0.81186
-0.8002
-0.85962
-0.80853
-0.78779
0
0
0
0
0
0
0
0
0
0
0
0
0
0
0
0
0
0
0
0
0
0
0
0
0
0
0
0
0
0
0
0
0
16.2639
0
0
0
0
0
0
0
0
0
0
0
0
0
0
0
0
0
0
0
0
0
0
0
0
0
0
0
0
0
0
0
0
0
0
0
0
0
0
0
0
0
0
0
0
0
0
0
0
0
0
0
0
0
0
0
0
0
0
-0.89074
-0.87203
-0.87955
-0.85975
-0.85975
-0.90787
-0.87517
-0.85879
-0.8588
-0.90215
-0.8468
-0.84681
-0.89178
-0.87517
-0.86167
-0.87004
-0.86005
-0.91694
-0.86767
0
0
0
0
0
0
0
0
0
0
0
0
0
0
0
0
0
0
0
0
0
0
0
0
0
0
0
0
0
0
0
0
0
0
0
19.2153
0
0
0
0
0
0
0
0
0
0
0
0
0
0
0
0
0
0
0
0
0
0
0
0
0
0
0
0
0
0
0
0
0
0
0
0
0
0
0
0
0
0
0
0
-2.6138
0
0
0
0
0
0
0
0
0
0
0
0
-0.85185
-0.82859
-0.84132
-0.82185
-0.82184
-0.86881
-0.83541
-0.82071
-0.82073
-0.86327
-0.80875
-0.80876
-0.85959
-0.83514
-0.82424
-0.83301
-0.82155
0
0
0
0
0
0
0
0
0
0
0
0
0
0
0
0
0
0
0
0
0
0
0
0
0
0
0
0
0
0
0
0
0
0
0
0
0
0
17.1451
0
0
0
0
0
0
0
0
0
0
0
0
0
0
0
0
0
0
0
0
0
0
0
0
-2.9797
0
0
0
0
0
0
0
0
0
0
0
0
0
0
0
0
0
0
0
0
0
0
0
0
0
0
0
0
0
0
0
-1.0438
-1.0226
-1.0301
-1.0098
-1.0098
-1.0612
-1.026
-1.0087
-1.0087
-1.0555
-0.99628
-0.99628
-1.0459
0
-1.0126
-1.0226
0
0
0
0
0
0
0
0
0
0
0
0
0
0
0
0
0
0
0
0
0
0
0
0
0
0
0
0
0
0
0
0
0
0
0
0
0
0
0
0
15.3498
0
0
0
0
0
0
0
0
0
0
0
0
0
0
0
0
0
0
0
0
0
0
0
0
0
0
0
0
0
0
0
0
0
0
0
0
0
0
0
0
0
0
0
0
0
0
0
0
0
0
0
0
0
0
0
-0.92479
-0.89775
-0.91359
-0.89314
-0.89314
-0.94247
-0.90752
-0.89219
-0.89221
-0.93647
-0.87997
-0.87998
0
0
0
0
0
0
0
0
0
0
0
0
0
0
0
0
0
0
0
0
0
0
0
0
0
0
0
0
0
0
0
0
0
0
0
0
0
0
0
0
0
0
0
0
0
17.0725
0
0
0
0
0
0
0
0
0
0
0
0
0
0
0
0
0
0
-2.736
0
0
0
0
0
0
0
0
0
0
0
0
0
0
0
0
0
0
0
0
0
-3.4833
0
0
0
0
0
0
0
0
0
0
0
0
0
-0.95611
-0.93813
-0.94677
-0.92728
-0.92728
-0.97473
-0.94195
-0.92671
-0.92673
-0.96917
-0.91481
-0.91483
0
0
0
0
0
0
0
0
0
0
0
0
0
0
0
0
0
0
0
0
0
0
0
0
0
0
0
0
0
0
0
0
0
0
0
0
0
0
0
0
0
0
0
0
0
0
17.6257
0
0
0
0
0
0
0
0
0
0
0
0
0
0
0
0
0
0
0
0
0
0
0
0
0
0
0
0
0
0
0
0
0
0
0
0
0
0
0
0
0
0
0
0
0
0
0
0
0
0
0
-3.1806
-3.1806
-1.1294
-1.109
-1.1153
-1.0949
-1.0949
-1.1476
-1.1119
-1.0941
-1.0941
-1.1419
-1.0815
-1.0815
0
0
-1.0985
0
0
0
0
0
0
0
0
0
0
0
0
0
0
0
0
0
0
0
0
0
0
0
0
0
0
0
0
0
0
0
0
0
0
0
0
0
0
0
0
0
0
0
0
14.3946
0
0
0
0
0
0
0
0
0
0
0
0
0
0
0
0
0
0
0
0
0
0
0
0
0
0
0
0
0
0
0
0
0
0
0
0
0
0
0
0
0
0
0
0
0
0
0
0
0
0
0
0
-1.0639
-1.0442
-1.0495
-1.0295
-1.0295
-1.0816
-1.0466
-1.029
-1.029
-1.0764
-1.0164
-1.0164
0
0
0
0
0
0
0
0
0
0
0
0
0
0
0
0
0
0
0
0
0
0
0
0
0
0
0
0
0
0
0
0
0
0
0
0
0
0
0
0
0
0
0
0
0
0
0
0
12.5118
0
0
0
0
0
0
0
0
0
0
0
0
0
0
0
0
0
0
0
0
0
0
0
0
0
0
0
0
0
0
0
0
0
0
0
0
0
0
0
0
0
0
0
0
0
0
0
0
0
0
0
-1.1447
-1.125
-1.1304
-1.1101
-1.1101
-1.163
-1.1278
-1.1098
-1.1099
-1.1578
-1.0975
-1.0975
0
0
0
0
0
0
0
0
0
0
0
0
0
0
0
0
0
0
0
0
0
0
0
0
0
0
0
0
0
0
0
0
0
0
0
0
0
0
0
0
0
0
0
0
0
0
0
0
0
13.4837
0
0
0
0
0
0
0
0
0
0
0
0
0
0
0
0
0
0
0
0
0
0
0
0
0
0
0
0
0
0
0
0
0
0
0
0
0
0
0
0
0
0
0
0
0
0
0
0
0
0
-1.216
-1.1941
-1.2007
-1.1801
-1.1801
-1.2345
-1.1975
-1.1791
-1.1792
-1.2286
0
0
0
0
0
0
0
0
0
0
0
0
0
0
0
0
0
0
0
0
0
0
0
0
0
0
0
0
0
0
0
0
0
0
0
0
0
0
0
0
0
0
0
0
0
0
0
0
0
0
0
0
11.9901
0
0
0
0
0
0
0
0
0
0
0
0
0
0
0
0
0
0
0
0
0
0
0
0
0
0
0
0
0
0
0
0
0
0
0
0
0
0
0
0
0
0
0
0
0
0
0
0
0
-1.2629
-1.2415
-1.2471
-1.2271
-1.2271
-1.2813
0
-1.2263
-1.2263
0
0
0
0
0
0
0
0
0
0
0
0
0
0
0
0
0
0
0
0
0
0
0
0
0
0
0
0
-1.2459
0
0
0
0
0
0
0
0
0
0
0
0
0
0
0
0
0
0
0
0
0
0
0
0
0
11.1855
0
0
0
0
0
0
0
0
0
0
0
0
0
0
0
0
0
0
0
0
0
0
0
0
0
0
0
0
0
0
0
0
0
0
0
0
0
0
0
0
0
0
0
0
0
0
0
0
-1.219
-1.1893
-1.2016
-1.1769
-1.1768
-1.2348
0
0
0
0
0
0
-1.2121
0
0
0
0
0
0
0
0
0
0
0
0
0
0
0
0
0
0
0
0
0
0
0
0
0
0
0
0
0
0
0
0
0
0
0
0
0
0
0
0
0
0
0
0
0
0
0
0
0
0
0
11.9573
0
0
0
0
0
0
0
0
0
0
-1.2952
0
0
-2.2516
0
0
0
0
0
0
0
0
0
0
0
0
0
0
0
0
0
0
0
0
0
0
0
0
0
0
0
0
0
0
0
0
0
-2.0082
-1.9913
-1.993
-1.9744
-1.9744
0
0
0
0
0
0
0
0
0
0
0
0
0
0
0
0
0
0
0
0
0
0
0
0
0
0
0
0
0
0
0
0
0
0
0
0
0
0
0
0
0
0
0
0
0
0
0
0
0
0
0
0
0
0
0
0
0
0
0
0
9.9413
0
0
0
0
0
0
0
0
0
0
0
0
0
0
0
0
0
0
0
0
0
0
0
0
0
0
0
0
0
0
0
0
0
0
0
0
0
0
0
0
0
0
0
0
0
0
-1.9242
-1.9074
-1.9085
-1.8904
-1.8903
0
0
0
0
0
0
0
0
0
0
0
0
0
0
0
0
0
0
0
0
0
0
0
0
0
0
0
0
0
0
0
0
0
0
0
0
0
0
0
0
0
0
0
0
0
0
0
0
0
0
0
0
0
0
0
0
0
0
0
0
0
9.5208
0
0
0
0
0
0
0
0
0
0
0
0
0
0
0
0
0
0
0
0
0
0
0
0
0
0
0
0
0
0
0
0
0
0
0
0
0
0
0
0
0
0
0
0
0
0
0
0
0
0
0
0
0
0
0
0
0
0
0
0
0
0
0
0
0
0
0
0
0
0
0
0
0
0
0
0
0
0
0
-2.2481
0
0
0
0
0
0
0
0
0
0
0
0
0
-2.1243
0
0
0
0
0
0
0
0
0
0
0
0
0
0
0
0
0
0
9.4462
0
-2.6408
0
0
0
0
0
-2.433
0
0
0
0
0
0
0
0
0
0
0
0
0
0
0
0
0
0
0
0
0
0
0
0
0
0
0
0
0
0
0
0
0
0
0
0
0
-2.0066
0
0
0
0
0
0
0
0
0
0
0
0
0
0
0
0
0
0
0
0
0
0
0
0
0
0
0
0
0
0
0
0
0
0
0
0
0
0
0
0
0
0
0
0
0
0
0
0
0
0
0
0
0
0
0
0
0
0
0
0
0
0
0
0
0
0
11.6531
0
0
0
0
0
0
0
-2.6905
0
0
0
-3.2146
0
0
0
0
0
0
0
0
0
0
0
0
0
0
0
0
0
0
0
-3.7414
0
0
0
0
0
0
0
0
0
0
0
0
0
0
0
0
0
0
0
0
0
0
0
0
-2.8571
0
0
0
0
0
0
0
0
0
0
0
0
0
0
0
-2.7352
0
0
0
0
0
0
0
0
0
0
0
0
0
0
0
0
0
0
0
0
0
0
0
0
0
0
0
0
0
0
0
0
0
0
0
0
0
-2.6408
0
8.2331
0
0
0
0
0
0
0
0
0
0
0
0
0
0
0
0
0
0
0
0
0
0
0
0
0
0
0
0
0
0
0
0
0
0
0
0
0
0
0
0
0
0
0
0
0
0
0
0
0
0
0
0
0
0
0
0
0
0
0
0
0
-1.8476
0
0
0
0
0
0
0
0
0
0
0
0
0
0
0
0
0
0
0
0
0
0
0
0
0
0
0
0
0
0
0
0
0
0
0
0
0
0
0
0
0
0
0
0
0
0
0
0
0
0
7.5912
-2.6346
0
0
-3.109
0
0
0
0
0
0
0
0
0
0
0
0
0
0
0
0
0
0
0
0
0
0
0
0
0
0
0
0
0
0
0
0
0
0
0
0
0
0
0
0
0
0
0
0
0
0
0
0
0
0
0
0
0
0
0
0
0
0
0
0
0
0
0
0
0
0
0
0
0
0
0
0
0
0
0
0
0
0
0
-2.6043
0
0
0
0
0
0
0
-2.5803
0
0
0
0
0
0
0
0
0
0
0
0
0
0
0
0
0
0
0
-2.6346
7.8192
0
0
0
0
0
0
0
0
0
0
0
0
0
0
0
0
0
0
0
0
0
0
0
0
0
0
0
0
0
0
0
0
0
0
0
0
0
0
0
0
0
0
0
0
0
0
-1.8879
0
0
0
0
0
0
0
0
0
-1.8625
0
0
0
0
0
0
0
0
0
0
0
0
0
0
0
0
0
0
0
0
0
0
0
0
0
0
0
0
0
0
0
0
0
0
0
0
0
0
0
0
0
0
0
0
0
0
0
0
0
0
0
0
0
0
0
7.1575
0
0
0
0
0
0
0
0
0
0
0
0
0
0
0
0
0
0
0
0
0
0
0
0
0
0
0
0
0
0
0
0
0
0
0
0
-3.4072
0
0
0
0
0
0
0
0
0
0
0
0
0
0
0
-2.8811
0
0
0
0
0
0
0
0
0
0
0
0
0
0
0
0
0
0
0
0
0
0
0
0
0
0
0
0
0
-2.6311
0
0
0
0
0
0
0
0
0
0
0
0
0
0
0
0
0
0
0
0
0
0
0
0
0
0
0
0
0
9.2733
0
0
0
0
0
0
0
0
0
-3.7611
0
0
0
0
0
0
0
0
0
0
0
0
0
0
0
0
0
0
0
0
0
0
0
0
0
0
0
0
0
0
0
0
0
0
0
0
0
0
0
0
0
0
0
0
0
0
0
0
0
0
0
0
0
0
0
0
0
0
0
0
0
0
0
0
0
-2.1137
0
0
0
0
0
0
0
0
0
0
0
0
0
0
0
0
0
0
0
0
0
0
0
0
0
0
0
0
0
0
0
0
-3.109
0
0
0
5.8242
0
0
0
0
0
0
0
0
0
0
0
0
0
0
0
0
0
0
0
0
0
0
0
0
0
0
0
0
0
0
0
-0.60152
0
0
0
0
0
0
0
0
0
0
0
0
0
0
0
0
0
0
0
0
0
0
0
0
0
0
0
0
0
0
0
0
0
0
0
0
0
0
0
0
0
0
0
0
0
0
0
0
0
0
0
0
0
0
0
0
0
0
0
0
0
0
0
0
0
0
0
0
0
-1.2952
0
0
-2.433
0
0
0
0
0
0
0
7.384
0
0
0
0
0
0
0
0
0
0
0
0
0
0
0
0
0
0
0
0
0
0
0
0
0
0
-3.6557
0
0
0
0
0
0
0
0
0
0
0
0
0
0
0
0
0
0
0
0
0
-3.4635
0
0
0
0
0
0
0
0
0
0
0
0
0
0
0
0
0
0
0
0
0
0
0
0
0
0
0
0
0
0
0
0
0
0
0
0
0
0
0
0
0
0
0
0
-2.736
0
0
0
0
0
0
0
0
0
0
-2.6905
0
0
0
0
0
0
0
8.89
0
0
0
0
0
0
0
0
0
0
0
0
0
0
0
0
0
0
0
0
0
0
0
0
0
0
0
0
0
0
0
0
0
0
0
0
0
0
0
0
0
0
0
0
0
0
0
0
0
-0.96877
0
0
0
-0.97439
0
0
0
0
0
0
0
0
0
0
0
0
0
0
0
0
0
0
0
0
0
0
0
0
0
0
0
0
0
0
0
0
0
0
0
0
0
0
0
0
0
0
0
0
0
0
0
0
0
0
0
0
0
0
0
0
0
0
5.5918
0
0
0
0
0
0
0
0
0
0
0
0
-3.6486
0
0
0
0
0
0
0
0
0
0
0
0
0
0
0
0
0
0
0
0
0
0
0
0
0
0
0
0
0
0
0
0
0
0
0
0
0
0
0
0
0
0
0
0
0
0
0
0
0
0
0
0
0
0
0
0
0
0
0
0
0
0
0
0
0
0
0
0
-3.318
0
-3.2141
0
0
0
0
0
0
0
0
0
0
0
0
0
0
-2.2516
0
0
0
0
0
0
0
0
0
0
0
0
0
8.7837
0
0
0
0
0
0
0
0
0
0
0
0
0
0
0
0
0
0
0
0
0
0
0
0
0
0
0
0
0
0
0
0
0
-4.0505
0
-4.0095
0
0
0
0
0
0
0
0
0
0
0
0
0
0
0
0
0
0
0
0
0
0
0
0
0
0
0
0
0
0
0
0
0
0
0
0
0
0
0
0
0
0
0
0
0
0
0
0
0
0
0
0
0
0
0
0
0
0
0
0
0
0
0
0
0
0
0
0
0
0
0
0
0
0
0
0
8.06
0
0
0
0
0
0
0
0
0
0
0
0
0
0
0
0
0
0
0
0
0
0
0
0
0
0
0
0
0
0
0
0
0
0
0
0
0
0
0
0
0
0
0
0
0
0
0
0
0
0
0
0
0
0
0
0
0
0
0
0
0
0
0
0
0
0
0
0
0
0
0
0
0
0
0
0
0
0
0
0
0
0
0
0
0
0
0
-2.9797
0
0
0
0
0
0
0
0
0
0
0
0
-3.2146
0
0
0
0
0
0
0
0
0
0
0
6.1944
0
0
0
0
0
0
0
0
0
0
0
0
0
0
0
0
0
0
0
0
0
0
0
0
0
0
0
0
0
0
0
0
0
0
0
0
0
0
0
0
0
0
0
0
0
0
0
0
0
0
0
0
0
0
0
0
0
0
0
0
0
0
0
0
0
0
0
0
0
0
0
0
0
0
0
0
0
0
-4.6104
0
0
0
0
0
0
0
0
0
0
0
0
0
0
0
0
0
0
0
0
0
0
0
0
0
0
0
0
0
0
0
0
0
4.6104
0
0
0
0
0
0
0
0
0
0
0
0
0
0
0
0
0
0
0
0
0
0
0
0
0
0
0
0
0
0
0
0
0
0
0
0
0
0
0
0
0
0
0
0
0
0
0
0
0
0
0
0
0
0
0
0
0
0
0
0
0
0
0
0
0
-4.8635
0
0
0
0
0
0
0
0
0
0
0
0
0
0
0
0
0
0
0
0
0
0
0
0
0
0
0
0
0
0
0
0
0
0
0
0
0
0
0
0
0
0
0
0
0
0
4.8635
0
0
0
0
0
0
0
0
0
0
0
0
0
0
0
0
0
0
0
0
0
0
0
0
0
0
0
0
0
0
0
0
0
0
0
0
0
0
0
0
0
0
0
0
0
0
0
0
0
0
0
0
0
0
0
0
0
0
0
0
0
0
0
0
0
0
0
0
0
0
0
0
0
0
0
0
0
0
0
0
0
0
0
0
0
0
0
0
0
0
0
0
0
0
0
0
0
0
0
0
0
0
-3.7611
0
0
0
0
0
0
0
0
0
3.7611
0
0
0
0
0
0
0
0
0
0
0
0
0
0
0
0
0
0
0
0
0
0
0
0
0
0
0
0
0
0
0
0
0
0
0
0
0
0
0
0
0
0
0
0
0
0
0
0
0
0
0
0
0
-5.5913
0
0
0
0
0
0
0
0
0
0
0
0
0
0
0
0
0
0
0
0
0
0
0
0
0
0
0
0
0
0
0
0
0
0
0
0
0
0
0
0
0
0
0
0
0
0
0
0
0
0
0
0
0
0
0
0
0
0
5.5913
0
0
0
0
0
0
0
0
0
0
0
0
0
0
0
0
0
0
0
0
0
0
0
0
0
0
0
0
0
0
0
0
0
0
0
0
0
0
0
0
0
0
0
0
0
0
0
0
0
0
0
0
0
0
0
0
0
0
0
0
0
0
0
0
0
0
0
0
-4.597
0
0
0
0
0
0
0
0
0
0
0
0
0
0
0
0
0
0
0
0
0
0
0
0
0
0
0
0
0
0
0
0
0
0
0
0
0
0
0
0
0
0
0
4.597
0
0
0
0
0
0
0
0
0
0
0
0
0
0
0
0
0
0
0
0
0
0
0
0
0
0
0
0
0
0
0
-7.1888
0
0
0
0
0
0
0
0
0
0
0
0
0
0
0
0
0
0
0
0
0
0
0
0
0
0
0
0
0
0
0
0
0
0
0
0
0
0
0
0
0
0
0
0
0
0
0
0
0
0
0
0
0
0
0
0
0
0
0
0
0
0
0
0
0
0
0
0
0
0
0
0
0
0
0
0
0
0
0
0
7.1888
0
0
0
0
0
0
0
0
0
0
0
0
0
0
0
0
0
0
0
0
0
0
0
0
0
0
0
0
0
0
0
0
0
0
0
0
0
0
-6.3796
0
0
0
0
0
0
0
0
0
0
0
0
0
0
0
0
0
0
0
0
0
0
0
0
0
0
0
0
0
0
0
0
0
0
0
0
0
0
0
0
0
0
0
0
0
0
0
0
0
0
0
0
0
0
0
0
0
0
0
0
0
0
0
0
0
0
0
0
0
0
0
0
0
6.3796
0
0
0
0
0
0
0
0
0
0
0
0
0
0
0
0
0
0
0
0
0
0
0
0
0
0
0
0
0
0
0
0
0
-6.9073
0
0
0
0
0
0
0
0
0
0
0
0
0
0
0
0
0
0
0
0
0
0
0
0
0
0
0
0
0
0
0
0
0
0
0
0
0
0
0
0
0
0
0
0
0
0
0
0
0
0
0
0
0
0
0
0
0
0
0
0
0
0
0
0
0
0
0
0
0
0
0
0
0
0
0
0
0
0
6.9073
0
0
0
0
0
0
0
0
0
0
0
0
0
0
0
0
0
0
0
0
0
0
0
0
0
0
0
0
0
0
0
0
0
0
0
0
0
0
0
0
0
0
0
0
0
-5.7265
0
0
0
0
0
0
0
0
0
0
0
0
0
0
0
0
0
0
0
0
0
0
0
0
0
0
0
0
0
0
0
0
0
0
0
0
0
0
0
0
0
0
0
0
0
0
0
0
0
0
0
0
0
0
0
0
0
0
0
0
0
0
0
0
0
0
5.7265
0
0
0
0
0
0
0
0
0
0
0
0
0
0
0
0
0
0
0
0
0
0
0
0
0
0
0
0
0
0
0
0
0
0
0
0
0
0
0
0
0
0
0
0
0
0
0
0
0
0
0
0
0
0
0
0
0
0
0
0
0
0
0
0
0
0
0
0
0
0
0
0
0
0
0
0
0
0
0
0
0
0
0
0
0
0
0
0
0
0
0
0
0
0
0
0
0
0
0
-3.6486
0
0
0
0
0
0
0
0
0
0
0
0
3.6486
0
0
0
0
0
0
0
0
0
0
0
0
0
0
0
0
0
0
0
0
0
-7.1491
0
0
0
0
0
0
0
0
0
0
0
0
0
0
0
0
0
0
0
0
0
0
0
0
0
0
0
0
0
0
0
0
0
0
0
0
0
0
0
0
0
0
0
0
0
0
0
0
0
0
0
0
0
0
0
0
0
0
0
0
0
0
0
0
0
0
0
0
0
0
0
0
0
0
0
0
0
0
0
0
0
0
0
0
0
0
0
0
0
0
7.1491
0
0
0
0
0
0
0
0
0
0
0
0
0
0
0
0
0
0
0
0
0
0
0
0
0
0
0
0
0
0
0
0
0
0
0
0
0
0
0
0
0
0
0
0
0
0
0
0
0
0
0
-5.2667
0
0
0
0
0
0
0
0
0
0
0
0
0
0
0
0
0
0
0
0
0
0
0
0
0
0
0
0
0
0
0
0
0
0
0
0
0
0
0
0
0
0
0
0
0
0
0
0
0
0
0
0
0
0
0
0
0
0
0
0
5.2667
0
0
0
0
0
0
0
0
0
0
0
0
0
0
0
0
0
0
0
0
0
0
0
0
0
0
0
0
0
0
0
0
0
0
0
0
-6.8992
0
0
0
0
0
0
0
0
0
0
0
0
0
0
0
0
0
0
0
0
0
0
0
0
0
0
0
0
0
0
0
0
0
0
0
0
0
0
0
0
0
0
0
0
0
0
0
0
0
0
0
0
0
0
0
0
0
0
0
0
0
0
0
0
0
0
0
0
0
0
0
0
0
0
0
6.8992
0
0
0
0
0
0
0
0
0
0
0
0
0
0
0
0
0
0
0
0
0
0
0
0
0
0
0
0
0
0
0
0
0
-6.0831
0
0
0
0
0
0
0
0
0
0
0
0
0
0
0
0
0
0
0
0
0
0
0
0
0
0
0
0
0
0
0
0
0
0
0
0
0
0
0
0
0
0
0
0
0
0
0
0
0
0
0
0
0
0
0
0
0
0
0
0
0
0
0
0
0
0
0
0
0
0
0
0
0
0
0
0
0
0
6.0831
0
0
0
0
0
0
0
0
0
0
0
0
0
0
0
0
0
0
0
0
0
0
0
0
0
0
0
0
0
0
0
0
0
0
0
0
0
0
0
0
0
0
0
0
0
0
0
0
0
0
0
0
0
0
-4.6891
0
0
0
0
0
0
0
0
0
0
0
0
0
0
0
0
0
0
0
0
0
0
0
0
0
0
0
0
0
0
0
0
0
0
0
0
0
0
0
0
0
0
0
0
0
0
0
0
0
0
0
0
0
0
0
0
0
4.6891
0
0
0
0
0
0
0
0
0
0
0
0
0
0
0
0
0
0
0
0
0
0
0
0
0
0
0
0
0
0
0
0
0
-6.8992
0
0
0
0
0
0
0
0
0
0
0
0
0
0
0
0
0
0
0
0
0
0
0
0
0
0
0
0
0
0
0
0
0
0
0
0
0
0
0
0
0
0
0
0
0
0
0
0
0
0
0
0
0
0
0
0
0
0
0
0
0
0
0
0
0
0
0
0
0
0
0
0
0
0
0
0
0
0
6.8992
0
0
0
0
0
0
0
0
0
0
0
0
0
0
0
0
0
0
0
0
0
0
0
0
0
0
0
-6.6332
0
0
0
0
0
0
0
0
0
0
0
0
0
0
0
0
0
0
0
0
0
0
0
0
0
0
0
0
0
0
0
0
0
0
0
0
0
0
0
0
0
0
0
0
0
0
0
0
0
0
0
0
0
0
0
0
0
0
0
0
0
0
0
0
0
0
0
0
0
0
0
0
0
0
0
0
0
0
0
0
0
0
0
0
6.6332
0
0
0
0
0
0
0
0
0
0
0
0
0
0
0
0
0
0
0
0
0
0
0
0
0
0
0
0
0
0
0
0
0
0
0
0
0
0
0
0
0
0
0
0
0
0
0
0
0
0
0
0
0
0
0
0
0
0
0
0
0
0
0
0
0
0
0
0
0
0
0
-3.4833
0
0
0
0
0
0
0
0
0
0
0
0
0
0
0
0
0
0
0
0
0
0
0
0
0
0
0
0
0
0
0
0
0
0
0
0
0
0
0
0
3.4833
0
0
0
0
0
0
0
0
0
0
0
0
0
0
0
0
0
0
0
0
0
0
0
0
0
0
0
0
0
0
0
0
0
0
0
0
0
0
0
0
0
0
0
0
0
0
0
0
0
0
0
0
0
0
0
0
0
0
0
0
0
0
0
0
0
0
0
-2.6138
0
0
0
0
0
0
0
0
0
0
0
0
0
0
0
0
0
0
0
0
0
0
0
0
0
0
0
0
0
0
0
0
0
0
0
0
0
0
0
0
0
0
0
0
2.6138
0
0
0
0
0
0
0
0
0
0
0
0
0
0
0
0
0
0
0
0
0
0
0
0
0
0
0
0
0
0
0
0
0
0
0
0
0
0
0
0
0
0
0
0
0
0
0
0
0
0
0
0
0
0
0
0
0
0
0
0
0
0
0
0
0
0
0
0
0
0
0
0
0
0
0
0
0
0
0
0
-3.7414
0
0
0
0
0
0
0
0
0
0
0
0
0
0
0
0
0
0
0
0
0
0
0
0
0
0
0
0
0
0
0
3.7414
0
0
0
0
0
0
0
0
0
0
0
0
0
0
0
0
0
0
0
0
0
0
0
0
0
0
0
0
0
0
0
0
0
0
0
0
0
0
0
0
0
0
0
0
0
0
0
0
0
0
0
0
0
0
0
0
-4.0331
0
0
0
0
0
0
0
0
0
0
0
0
0
0
0
0
0
0
0
0
0
0
0
0
0
0
0
0
0
0
0
0
0
0
0
0
0
0
0
0
0
0
0
0
0
0
0
0
0
0
0
0
0
0
0
4.0331
0
0
0
0
0
0
0
0
0
0
0
0
0
0
0
0
0
0
0
0
0
0
0
0
0
0
0
0
0
0
0
0
0
0
0
0
0
0
0
0
0
0
0
0
0
0
0
0
0
0
0
0
0
0
0
0
0
0
0
0
0
0
0
0
0
0
0
0
0
0
0
0
0
0
0
0
0
0
0
0
0
0
0
0
0
-3.6557
0
0
0
0
0
0
0
0
0
0
0
0
0
0
0
0
0
0
0
0
0
0
0
0
0
0
3.6557
0
0
0
0
0
0
0
0
0
0
0
0
0
0
0
0
0
0
0
0
0
0
0
0
0
0
0
0
0
0
0
0
0
0
0
0
0
0
0
0
0
0
0
0
0
0
0
0
0
0
0
0
0
0
0
0
0
0
0
0
0
-2.8482
0
0
0
0
0
0
0
0
0
0
0
0
0
0
0
0
0
0
0
0
0
0
0
0
0
0
0
0
0
0
0
0
0
0
0
0
0
0
0
0
0
0
0
0
0
0
0
0
0
0
2.8482
0
0
0
0
0
0
0
0
0
0
0
0
0
0
0
0
0
0
0
0
0
0
0
0
0
0
0
0
0
0
0
0
0
0
0
0
0
0
0
0
0
0
0
0
0
0
0
0
0
0
0
0
0
0
0
0
0
-3.5965
0
0
0
0
0
0
0
0
0
0
0
0
0
0
0
0
0
0
0
0
0
0
0
0
0
0
0
0
0
0
0
0
0
0
0
0
0
0
0
0
0
0
0
0
0
0
0
0
0
0
0
0
0
0
3.5965
0
0
0
0
0
0
0
0
0
0
0
0
0
0
0
0
0
0
0
0
0
0
0
0
0
0
0
0
0
0
0
0
0
0
0
0
0
0
0
0
0
-4.9453
0
0
0
0
0
0
0
0
0
0
0
0
0
0
0
0
0
0
0
0
0
0
0
0
0
0
0
0
0
0
0
0
0
0
0
0
0
0
0
0
0
0
0
0
0
0
0
0
0
0
0
0
0
0
0
0
0
0
0
0
0
0
0
0
0
0
0
0
0
0
4.9453
0
0
0
0
0
0
0
0
0
0
0
0
0
0
0
0
0
0
0
0
0
0
0
0
0
0
0
0
0
0
0
0
0
0
0
0
0
0
0
0
0
0
0
0
0
0
0
0
0
0
0
0
0
0
0
0
0
0
0
0
0
0
0
0
0
0
0
0
0
0
0
0
0
0
0
0
0
0
0
0
-0.60152
0
0
0
0
0
0
0
0
0
0
0
0
0
0
0
0
0
0
0
0
0
0
0
0
0
0
0
0
0
0
0
0.60152
0
0
0
0
0
0
0
0
0
0
0
0
0
0
0
0
0
0
0
0
0
0
0
0
0
0
0
0
0
0
0
0
0
0
0
0
0
0
0
0
0
0
0
0
0
0
0
0
0
-4.0363
0
0
0
0
0
0
0
0
0
0
0
0
0
0
0
0
0
0
0
0
0
0
0
0
0
0
0
0
0
0
0
0
0
0
0
0
0
0
0
0
0
0
0
0
0
0
0
0
0
0
0
0
0
0
0
0
0
0
0
0
0
0
4.0363
0
0
0
0
0
0
0
0
0
0
0
0
0
0
0
0
0
0
0
0
0
0
0
0
0
0
0
0
0
0
0
0
0
0
-5.2665
0
0
0
0
0
0
0
0
0
0
0
0
0
0
0
0
0
0
0
0
0
0
0
0
0
0
0
0
0
0
0
0
0
0
0
0
0
0
0
0
0
0
0
0
0
0
0
0
0
0
0
0
0
0
0
0
0
0
0
0
0
0
0
0
0
0
0
0
0
0
0
0
0
0
0
0
0
5.2665
0
0
0
0
0
0
0
0
0
0
0
0
0
0
0
0
0
0
0
0
0
0
0
0
0
0
0
0
0
0
0
0
0
0
0
0
0
0
0
0
0
0
0
0
0
0
0
0
0
0
0
0
0
0
0
0
0
0
0
0
0
0
0
0
0
0
0
0
0
0
0
0
0
0
0
-3.4072
0
0
0
0
0
0
0
0
0
0
0
0
0
0
0
0
0
0
0
0
0
0
0
0
0
0
0
0
0
0
0
0
0
0
0
0
3.4072
0
0
0
0
0
0
0
0
0
0
0
0
0
0
0
0
0
0
0
0
0
0
0
0
0
0
0
0
0
0
0
0
0
0
0
0
0
0
0
0
0
0
0
0
0
0
0
0
0
0
0
0
0
0
0
0
0
0
0
0
-3.1806
0
0
0
0
0
0
0
0
0
0
0
0
0
0
0
0
0
0
0
0
0
0
0
0
0
0
0
0
0
0
0
0
0
0
0
0
0
0
0
0
0
0
0
0
0
0
0
0
0
0
0
3.1806
0
0
0
0
0
0
0
0
0
0
0
0
0
0
0
0
0
0
0
0
0
0
0
0
0
0
0
0
0
0
0
0
0
0
0
0
0
0
0
0
0
0
0
0
0
0
0
0
0
0
0
0
0
0
0
0
0
0
0
-3.1806
0
0
0
0
0
0
0
0
0
0
0
0
0
0
0
0
0
0
0
0
0
0
0
0
0
0
0
0
0
0
0
0
0
0
0
0
0
0
0
0
0
0
0
0
0
0
0
0
0
0
0
0
3.1806
