72.4128
-0.80212
-0.80099
-0.78575
-0.78574
-0.8593
-0.81512
-0.79067
-0.7907
-0.85058
-0.78446
-0.78449
-0.84354
-0.8271
-0.80163
-0.82347
-0.80221
-0.87815
-0.80878
-0.78031
-0.80294
-0.82818
-0.83648
-0.81216
-0.81222
-0.84542
-0.82452
-0.81065
-0.82028
-0.81439
-0.86512
-0.86516
-0.81137
-0.81137
-0.85848
-0.86461
-0.80996
-0.86114
-0.89851
-0.85683
-0.84111
-0.93814
-0.85829
-0.81258
-0.90809
-0.90689
-0.83332
-0.922
-0.88662
-0.84664
-0.91818
-0.84517
-0.86324
-0.84956
-0.8787
-0.81618
-1.0755
-0.9178
-1.0348
-1.1543
-1.1168
-1.164
-1.2631
-1.2809
-1.3045
-2.1285
-2.0441
0
0
0
0
0
0
0
0
0
0
0
0
-4.3071
0
0
0
0
0
0
0
0
0
0
0
-7.5717
0
0
0
0
0
0
0
0
0
0
0
0
0
0
0
0
0
0
0
0
-0.80212
60.8835
-0.78793
-0.75925
-0.75925
-0.82765
-0.78787
-0.76405
-0.76409
-0.8216
-0.7579
-0.75793
-0.81214
-0.79969
-0.77503
-0.79628
-0.77493
-0.85447
-0.78217
-0.75429
-0.77626
-0.80131
-0.80924
-0.78552
-0.78559
-0.81851
-0.79759
-0.78386
-0.79335
-0.78722
-0.83794
-0.83797
-0.78452
-0.78451
-0.83217
-0.83798
-0.78297
-0.8354
-0.87081
-0.8294
-0.81377
-0.91125
-0.83133
-0.78437
-0.88155
-0.88038
-0.80602
-0.89262
-0.85947
-0.81815
-0.89083
-0.81752
-0.83783
-0.82193
-0.85342
-0.78629
-1.0469
-0.88334
-1.0088
-1.1265
-1.0894
-1.1369
-1.2338
-1.2526
-1.27
-2.1068
-2.0228
0
-2.1083
0
0
0
0
0
0
0
0
0
0
0
0
0
0
0
0
0
0
0
0
0
0
0
0
0
0
0
0
0
0
0
0
0
0
0
0
0
0
0
0
0
0
0
-0.80099
-0.78793
63.9162
-0.77162
-0.77162
-0.84417
-0.80148
-0.77703
-0.77707
-0.83677
-0.77101
-0.77103
-0.83042
-0.81508
-0.78839
-0.81076
-0.78879
-0.86766
-0.7956
-0.76752
-0.78954
-0.81466
-0.82384
-0.79877
-0.79883
-0.83301
-0.8109
-0.7971
-0.80664
-0.80116
-0.8525
-0.85252
-0.79777
-0.79776
-0.84664
-0.85214
-0.7962
-0.84907
-0.88436
-0.84275
-0.82703
-0.92561
-0.84531
-0.79852
-0.89559
-0.89439
-0.81925
-0.90881
-0.87343
-0.83373
-0.90505
-0.83077
-0.85083
-0.83492
-0.86615
-0.80453
-1.0598
-0.90504
-1.0241
-1.1382
-1.1
-1.1476
-1.2456
-1.263
-1.2893
-2.1123
-2.0273
0
0
0
0
0
0
0
0
0
0
0
0
-4.2687
0
0
0
0
0
0
0
0
0
0
0
0
0
0
0
0
0
0
0
0
0
0
0
0
0
0
0
0
0
0
0
0
-0.78575
-0.75925
-0.77162
57.6739
-0.73081
-0.81132
-0.77169
-0.74771
-0.74775
-0.8054
-0.74171
-0.74174
-0.80403
-0.7908
-0.75875
-0.77958
-0.75893
-0.83747
-0.76584
-0.73805
-0.75984
-0.78468
-0.7927
-0.76906
-0.76913
-0.80187
-0.78089
-0.76728
-0.77669
-0.7708
-0.82117
-0.8212
-0.76794
-0.76794
-0.81562
-0.82117
-0.76634
-0.81854
-0.85347
-0.81233
-0.79695
-0.89387
-0.81435
-0.76843
-0.86442
-0.86324
-0.78928
-0.8756
-0.8426
-0.80139
-0.87333
-0.80065
-0.82064
-0.80482
-0.83585
-0.77478
-1.0283
-0.87411
-0.99321
-1.1066
-1.0689
-1.1162
-1.2138
-1.2322
-1.2517
-2.083
-1.9989
0
0
0
0
0
0
0
0
0
0
0
0
0
0
0
0
0
0
0
0
0
0
0
0
0
0
0
0
0
0
0
0
0
0
0
0
0
0
0
0
0
0
0
0
0
-0.78574
-0.75925
-0.77162
-0.73081
57.6739
-0.81132
-0.77169
-0.74771
-0.74775
-0.8054
-0.74172
-0.74175
-0.80403
-0.7908
-0.75875
-0.77959
-0.75893
-0.83747
-0.76583
-0.73805
-0.75984
-0.78468
-0.7927
-0.76906
-0.76913
-0.80188
-0.78089
-0.76728
-0.77669
-0.77081
-0.82116
-0.8212
-0.76794
-0.76795
-0.81562
-0.82117
-0.76634
-0.81853
-0.85348
-0.81232
-0.79695
-0.89388
-0.81435
-0.76843
-0.86441
-0.86324
-0.78928
-0.8756
-0.8426
-0.80139
-0.87333
-0.80064
-0.82064
-0.80482
-0.83585
-0.77477
-1.0283
-0.87411
-0.99321
-1.1066
-1.0689
-1.1162
-1.2138
-1.2322
-1.2517
-2.083
-1.9989
0
0
0
0
0
0
0
0
0
0
0
0
0
0
0
0
0
0
0
0
0
0
0
0
0
0
0
0
0
0
0
0
0
0
0
0
0
0
0
0
0
0
0
0
0
-0.8593
-0.82765
-0.84417
-0.81132
-0.81132
65.2753
-0.83466
-0.80984
-0.80989
-0.86995
-0.80356
-0.80359
-0.86313
-0.84726
-0.82103
-0.84274
-0.82163
-0.89898
-0.82827
-0.79954
-0.82227
-0.84779
-0.85589
-0.83164
-0.83171
-0.86514
-0.8441
-0.83009
-0.83977
-0.83389
-0.88493
-0.88497
-0.83073
-0.83073
-0.87865
-0.88464
-0.82931
-0.88168
-0.91869
-0.87667
-0.86062
-0.95892
-0.8781
-0.83138
-0.9288
-0.92759
-0.85272
-0.94111
-0.90681
-0.86535
-0.93858
-0.86474
-0.88373
-0.86899
-0.89937
-0.83625
-1.0969
-0.93927
-1.0576
-1.1766
-1.1386
-1.1864
-1.286
-1.3041
-1.3242
0
0
0
0
0
0
0
0
0
0
0
0
0
0
0
0
0
0
0
0
0
-7.6113
0
0
0
0
0
0
0
0
0
0
0
0
0
0
0
0
0
0
0
0
0
0
0
0
0
-0.81512
-0.78787
-0.80148
-0.77169
-0.77169
-0.83466
54.5866
-0.77081
-0.77085
-0.82671
-0.76462
-0.76465
-0.81956
-0.80153
-0.78239
-0.80426
-0.78038
-0.8555
-0.78968
-0.76139
-0.78356
-0.80879
-0.81645
-0.79301
-0.79308
-0.82584
-0.80505
-0.79125
-0.80077
-0.7945
-0.84514
-0.84517
-0.79187
-0.79187
-0.83938
-0.84529
-0.7903
-0.84458
-0.87857
-0.837
-0.82135
-0.91882
-0.83869
-0.79189
-0.88937
-0.88819
-0.81358
-0.90441
-0.8666
-0.83019
-0.89838
-0.82524
-0.84553
-0.82938
-0.86113
-0.79741
-1.0552
-0.89836
-1.0178
-1.1345
-1.0971
-1.145
-1.2426
0
0
0
0
0
0
0
0
0
-1.9796
0
0
0
0
0
0
0
0
0
0
0
0
0
0
0
0
0
0
0
0
0
0
0
0
0
0
0
0
0
0
0
0
0
0
0
0
0
0
0
-0.79067
-0.76405
-0.77703
-0.74771
-0.74771
-0.80984
-0.77081
52.3336
-0.73635
-0.80287
-0.74139
-0.74142
-0.79768
-0.78082
-0.7586
-0.78173
-0.7589
-0.83305
-0.76572
-0.73761
-0.75947
-0.78435
-0.79183
-0.7688
-0.76887
-0.8011
-0.78054
-0.7669
-0.77632
-0.77033
-0.82035
-0.82038
-0.76756
-0.76756
-0.81476
-0.82056
-0.76593
-0.81835
-0.85321
-0.81203
-0.79664
-0.89334
-0.81394
-0.76739
-0.86418
-0.863
-0.78896
-0.87941
-0.84169
-0.80572
-0.87305
-0.80039
-0.82064
-0.8045
-0.83592
-0.77452
-1.0283
-0.87436
-0.99373
-1.1069
-1.0697
-1.1172
-1.2141
-1.233
0
0
0
0
0
0
0
0
0
0
0
0
0
0
0
0
0
0
0
0
0
0
0
0
0
0
0
0
0
0
0
0
0
0
0
0
0
0
0
0
0
0
0
0
0
0
0
0
-0.7907
-0.76409
-0.77707
-0.74775
-0.74775
-0.80989
-0.77085
-0.73635
52.3361
-0.80291
-0.74142
-0.74146
-0.79771
-0.78086
-0.75864
-0.78175
-0.75894
-0.83308
-0.76576
-0.73765
-0.75951
-0.78437
-0.79187
-0.76882
-0.7689
-0.80114
-0.78058
-0.76695
-0.77635
-0.77035
-0.82039
-0.82042
-0.7676
-0.7676
-0.8148
-0.8206
-0.76597
-0.8184
-0.85325
-0.81207
-0.79668
-0.89339
-0.81398
-0.76743
-0.86422
-0.86305
-0.789
-0.87945
-0.84173
-0.80576
-0.87309
-0.80042
-0.82068
-0.80454
-0.83597
-0.77456
-1.0283
-0.8744
-0.99378
-1.1069
-1.0697
-1.1172
-1.2141
-1.233
0
0
0
0
0
0
0
0
0
0
0
0
0
0
0
0
0
0
0
0
0
0
0
0
0
0
0
0
0
0
0
0
0
0
0
0
0
0
0
0
0
0
0
0
0
0
0
0
-0.85058
-0.8216
-0.83677
-0.8054
-0.8054
-0.86995
-0.82671
-0.80287
-0.80291
61.9284
-0.79572
-0.79574
-0.85533
-0.83942
-0.8131
-0.83413
-0.81366
-0.89454
-0.82033
-0.79159
-0.81428
-0.83969
-0.84721
-0.82364
-0.82371
-0.85641
-0.83597
-0.82202
-0.83163
-0.82534
-0.87616
-0.87619
-0.82261
-0.82261
-0.86972
-0.87602
-0.82117
-0.87511
-0.91033
-0.86842
-0.8525
-0.95007
-0.86958
-0.82366
-0.92025
-0.91906
-0.84463
-0.93525
-0.89785
-0.85999
-0.92984
-0.85659
-0.87554
-0.86086
-0.89118
-0.82833
-1.0886
-0.9307
-1.0493
-1.1683
-1.1309
-1.1787
-1.2775
0
0
0
0
0
0
0
0
0
0
0
0
0
0
0
0
0
0
0
0
0
0
0
0
0
-7.3752
0
0
0
0
0
0
0
0
0
0
0
0
0
0
0
0
0
0
0
0
0
0
0
-0.78446
-0.7579
-0.77101
-0.74171
-0.74172
-0.80356
-0.76462
-0.74139
-0.74142
-0.79572
49.4373
-0.72403
-0.78958
-0.77303
-0.75136
-0.77243
-0.75153
-0.82452
-0.75844
-0.73005
-0.75205
-0.77693
-0.7838
-0.76155
-0.76161
-0.79302
-0.77301
-0.75944
-0.76882
-0.76256
-0.81213
-0.81217
-0.76007
-0.76007
-0.80665
-0.81252
-0.75836
-0.81195
-0.84536
-0.8043
-0.78914
-0.88504
-0.8061
-0.76078
-0.85615
-0.85499
-0.78149
-0.87118
-0.83386
-0.79785
-0.86497
-0.79276
-0.81303
-0.79693
-0.82832
-0.76687
-1.0203
-0.86661
-0.98609
-1.0989
-1.0617
-1.1094
0
0
0
0
0
0
0
0
0
0
0
0
0
0
0
0
0
0
0
0
0
0
0
0
0
0
0
0
0
0
0
0
0
0
0
0
0
0
0
0
0
0
0
0
0
0
0
0
0
0
-0.78449
-0.75793
-0.77103
-0.74174
-0.74175
-0.80359
-0.76465
-0.74142
-0.74146
-0.79574
-0.72403
49.4389
-0.78961
-0.77305
-0.75138
-0.77246
-0.75155
-0.82454
-0.75846
-0.73007
-0.75207
-0.77696
-0.78382
-0.76157
-0.76164
-0.79305
-0.77304
-0.75947
-0.76884
-0.76258
-0.81216
-0.81219
-0.76009
-0.7601
-0.80667
-0.81255
-0.75838
-0.81198
-0.84538
-0.80433
-0.78917
-0.88506
-0.80612
-0.76081
-0.85618
-0.85502
-0.78151
-0.8712
-0.8339
-0.79788
-0.86499
-0.79279
-0.81306
-0.79696
-0.82834
-0.7669
-1.0204
-0.86664
-0.98612
-1.0989
-1.0617
-1.1095
0
0
0
0
0
0
0
0
0
0
0
0
0
0
0
0
0
0
0
0
0
0
0
0
0
0
0
0
0
0
0
0
0
0
0
0
0
0
0
0
0
0
0
0
0
0
0
0
0
0
-0.84354
-0.81214
-0.83042
-0.80403
-0.80403
-0.86313
-0.81956
-0.79768
-0.79771
-0.85533
-0.78958
-0.78961
59.4342
-0.8329
-0.80581
-0.82492
-0.80549
-0.88025
-0.81219
-0.78331
-0.80638
-0.83186
-0.83766
-0.8159
-0.81597
-0.84668
-0.82812
-0.81419
-0.8238
-0.81708
-0.86663
-0.86667
-0.81481
-0.8148
-0.86019
-0.86678
-0.81337
-0.86588
-0.90238
-0.86065
-0.84498
-0.94064
-0.8612
-0.81574
-0.91116
-0.90996
-0.83715
-0.92156
-0.88979
-0.84668
-0.92122
-0.84966
-0.86682
-0.85364
-0.88231
-0.82779
-1.081
0
0
0
0
0
0
0
-1.3009
0
0
0
0
0
0
0
0
0
0
0
-3.6895
0
0
0
0
0
0
0
0
0
0
0
0
0
0
0
0
0
0
0
0
-7.0611
0
0
0
0
0
0
0
0
0
0
0
0
0
0
-0.8271
-0.79969
-0.81508
-0.7908
-0.7908
-0.84726
-0.80153
-0.78082
-0.78086
-0.83942
-0.77303
-0.77305
-0.8329
58.3233
-0.78795
-0.80703
-0.78714
-0.86299
-0.79401
-0.76551
-0.78809
-0.81331
-0.81878
-0.7975
-0.79756
-0.82769
-0.80979
-0.79618
-0.8057
-0.78435
-0.84738
-0.84741
-0.79671
-0.79671
-0.83802
-0.84777
-0.79532
-0.84745
-0.88408
-0.8428
-0.82718
-0.92164
-0.84327
-0.77943
-0.89282
-0.89163
-0.8195
-0.90721
-0.86304
-0.83321
-0.90311
-0.83183
-0.85013
-0.83612
-0.86611
-0.8017
0
0
0
0
0
0
0
0
0
0
0
0
0
-3.1147
0
0
0
-3.0805
0
0
0
0
0
0
0
0
0
0
0
0
0
-6.8206
0
0
0
0
0
0
0
0
0
0
0
0
0
0
0
0
0
0
0
0
0
0
0
0
-0.80163
-0.77503
-0.78839
-0.75875
-0.75875
-0.82103
-0.78239
-0.7586
-0.75864
-0.8131
-0.75136
-0.75138
-0.80581
-0.78795
47.377
-0.7864
-0.76765
-0.83919
-0.77467
-0.74556
-0.76821
-0.79348
-0.8001
-0.77802
-0.77809
-0.80935
-0.78953
-0.7758
-0.78525
-0.77874
-0.8284
-0.82843
-0.77638
-0.77638
-0.82282
-0.82878
-0.7747
-0.82842
-0.86254
-0.82122
-0.80587
-0.90194
-0.82257
-0.77716
-0.87309
-0.87192
-0.79817
-0.88761
-0.85065
-0.81384
-0.88185
-0.81006
-0.82938
-0.8139
-0.84443
-0.78392
-1.0386
0
0
-1.1179
0
0
0
0
0
0
0
0
0
0
0
0
0
0
0
0
0
-1.0232
0
0
0
0
0
0
0
0
0
0
0
0
0
0
0
0
0
0
0
0
0
0
0
0
0
0
0
0
0
0
0
0
0
0
-0.82347
-0.79628
-0.81076
-0.77958
-0.77959
-0.84274
-0.80426
-0.78173
-0.78175
-0.83413
-0.77243
-0.77246
-0.82492
-0.80703
-0.7864
52.8282
-0.78623
-0.85808
-0.79288
-0.76399
-0.78676
-0.81196
-0.81819
-0.79626
-0.79634
-0.82682
-0.80807
-0.79428
-0.8038
-0.79752
-0.84658
-0.84661
-0.79491
-0.79491
-0.84034
-0.8467
-0.79331
-0.84602
-0.88153
-0.84003
-0.82465
-0.91992
-0.84076
-0.79622
-0.89093
-0.88974
-0.81692
-0.90457
-0.86966
-0.82989
-0.90021
-0.82888
-0.84691
-0.83297
-0.86198
-0.80181
-1.0587
0
0
0
0
0
0
0
0
0
0
0
0
0
0
0
0
0
0
0
0
0
0
0
0
0
0
0
0
0
0
0
0
0
0
0
0
0
-6.5438
0
0
0
0
0
0
0
0
0
0
0
0
0
0
0
0
0
-0.80221
-0.77493
-0.78879
-0.75893
-0.75893
-0.82163
-0.78038
-0.7589
-0.75894
-0.81366
-0.75153
-0.75155
-0.80549
-0.78714
-0.76765
-0.78623
46.1229
-0.83854
-0.77486
-0.7444
-0.76758
-0.79295
-0.79955
-0.77756
-0.77763
-0.80871
-0.78892
-0.77516
-0.7846
-0.77802
-0.82768
-0.82771
-0.77572
-0.77572
-0.82209
-0.82807
-0.77399
-0.82784
-0.8619
-0.82058
-0.8052
-0.90124
-0.82197
-0.77633
-0.8725
-0.87134
-0.79746
-0.88714
-0.85
-0.81357
-0.88134
-0.80926
-0.82896
-0.81282
-0.84412
-0.78242
0
0
0
0
0
0
0
0
0
0
0
0
0
0
0
0
-1.9506
0
0
0
0
0
0
0
0
0
0
0
0
0
0
0
0
0
0
0
0
0
0
0
0
0
0
0
0
0
0
0
0
0
0
0
0
0
0
0
-0.87815
-0.85447
-0.86766
-0.83747
-0.83747
-0.89898
-0.8555
-0.83305
-0.83308
-0.89454
-0.82452
-0.82454
-0.88025
-0.86299
-0.83919
-0.85808
-0.83854
61.9033
-0.84486
-0.81552
-0.83913
-0.86487
-0.87148
-0.84868
-0.84875
-0.87954
-0.86118
-0.84707
-0.8568
-0.8504
-0.90008
-0.90012
-0.84766
-0.84766
-0.89296
-0.89972
-0.84632
-0.89882
-0.93635
-0.8942
-0.87824
-0.97414
-0.8938
-0.84939
-0.94463
-0.94341
-0.87032
-0.95737
-0.92374
-0.88099
-0.95431
-0.88297
-0.89931
-0.8871
-0.9147
0
0
0
0
0
0
0
0
0
0
0
0
0
0
0
0
0
0
0
0
0
0
0
0
0
0
0
0
0
0
0
0
0
0
0
0
0
0
-7.3191
0
0
-7.3191
0
0
0
0
0
0
0
0
0
0
0
0
0
0
0
-0.80878
-0.78217
-0.7956
-0.76584
-0.76583
-0.82827
-0.78968
-0.76572
-0.76576
-0.82033
-0.75844
-0.75846
-0.81219
-0.79401
-0.77467
-0.79288
-0.77486
-0.84486
44.7903
-0.74653
-0.77403
-0.7999
-0.80913
-0.78458
-0.78465
-0.81618
-0.79588
-0.78206
-0.79154
-0.78502
-0.83473
-0.83476
-0.78262
-0.78261
-0.82921
-0.83509
-0.78088
-0.83501
-0.86913
-0.82768
-0.8123
-0.90847
-0.82898
-0.78375
-0.87985
-0.87869
-0.80456
-0.89452
-0.85727
-0.82062
-0.88853
-0.8168
-0.83599
-0.82027
-0.85086
0
0
0
0
0
0
0
0
0
0
0
0
0
0
0
0
0
0
0
0
0
0
-1.0292
0
0
0
0
0
0
0
0
0
0
0
0
0
0
0
0
0
0
0
0
0
0
0
0
0
0
0
0
0
0
0
0
0
0
-0.78031
-0.75429
-0.76752
-0.73805
-0.73805
-0.79954
-0.76139
-0.73761
-0.73765
-0.79159
-0.73005
-0.73007
-0.78331
-0.76551
-0.74556
-0.76399
-0.7444
-0.81552
-0.74653
43.3484
-0.74648
-0.77142
-0.77823
-0.75628
-0.75635
-0.78433
-0.76676
-0.75315
-0.76244
-0.75551
-0.80349
-0.80352
-0.75363
-0.75363
-0.79776
-0.80419
-0.75175
-0.80401
-0.83876
-0.79788
-0.78289
-0.8766
-0.7938
-0.75524
-0.84825
-0.84712
-0.77529
-0.86228
-0.82685
-0.79046
-0.85142
-0.78791
-0.80547
-0.79113
0
0
0
0
0
0
0
0
0
0
0
0
0
0
0
0
-1.9832
0
0
0
0
0
0
0
0
0
0
0
0
0
0
0
0
0
0
0
0
0
0
0
0
0
0
0
0
0
0
0
0
0
0
0
0
0
0
0
0
0
-0.80294
-0.77626
-0.78954
-0.75984
-0.75984
-0.82227
-0.78356
-0.75947
-0.75951
-0.81428
-0.75205
-0.75207
-0.80638
-0.78809
-0.76821
-0.78676
-0.76758
-0.83913
-0.77403
-0.74648
40.1172
-0.79579
-0.79935
-0.78055
-0.78063
-0.81151
-0.78913
-0.77529
-0.78463
-0.77799
-0.82682
-0.82686
-0.77566
-0.77566
-0.8212
-0.82732
-0.77356
-0.8274
-0.86171
-0.82045
-0.80505
-0.90036
-0.82078
-0.77688
-0.87275
-0.8716
-0.79733
-0.89072
-0.85021
0
-0.88121
-0.81049
0
0
0
0
0
0
0
0
0
0
0
0
0
0
0
0
0
0
0
0
0
0
0
0
0
0
0
0
0
0
0
0
0
0
0
0
0
0
0
0
0
0
0
0
0
0
0
0
0
0
0
0
0
0
0
0
0
0
0
0
-0.82818
-0.80131
-0.81466
-0.78468
-0.78468
-0.84779
-0.80879
-0.78435
-0.78437
-0.83969
-0.77693
-0.77696
-0.83186
-0.81331
-0.79348
-0.81196
-0.79295
-0.86487
-0.7999
-0.77142
-0.79579
38.6871
-0.82416
-0.80684
-0.80693
-0.83396
-0.81462
-0.80048
-0.81029
-0.80437
-0.85529
-0.85533
-0.80118
-0.80118
-0.85031
-0.85458
-0.79927
-0.85506
-0.88906
-0.84708
-0.83145
-0.92728
-0.84894
-0.80294
-0.89942
-0.89827
-0.82367
0
0
0
0
-0.83719
0
0
0
0
0
0
0
0
0
0
0
0
0
0
0
0
0
0
0
0
0
0
0
0
0
0
0
0
0
0
0
0
0
0
0
0
0
0
0
0
0
0
0
0
0
0
0
0
0
0
0
0
0
0
0
0
0
0
0
0
-0.83648
-0.80924
-0.82384
-0.7927
-0.7927
-0.85589
-0.81645
-0.79183
-0.79187
-0.84721
-0.7838
-0.78382
-0.83766
-0.81878
-0.8001
-0.81819
-0.79955
-0.87148
-0.80913
-0.77823
-0.79935
-0.82416
44.2017
-0.80874
-0.80882
-0.83422
-0.81935
-0.80534
-0.81485
-0.80799
-0.85627
-0.8563
-0.80575
-0.80576
-0.84981
-0.85641
-0.80393
-0.8556
-0.89307
-0.85138
-0.83577
-0.92911
-0.85246
-0.80712
-0.90133
-0.90015
-0.82798
0
0
0
0
0
0
0
0
0
0
0
0
0
0
0
0
0
0
0
0
0
0
0
0
0
0
0
0
0
0
0
0
0
0
0
0
0
0
0
0
0
0
-6.1317
0
0
0
0
0
0
0
0
0
0
0
0
0
0
0
0
0
0
0
0
0
0
-0.81216
-0.78552
-0.79877
-0.76906
-0.76906
-0.83164
-0.79301
-0.7688
-0.76882
-0.82364
-0.76155
-0.76157
-0.8159
-0.7975
-0.77802
-0.79626
-0.77756
-0.84868
-0.78458
-0.75628
-0.78055
-0.80684
-0.80874
37.0973
-0.75151
-0.81876
-0.79683
-0.78309
-0.79331
-0.78743
-0.83975
-0.8398
-0.7844
-0.7844
-0.84049
-0.8393
-0.7831
-0.83985
-0.87256
-0.83062
-0.81528
-0.91036
-0.83251
-0.78694
-0.88307
-0.88192
-0.80754
0
0
0
0
0
0
0
0
0
0
0
0
0
0
0
0
0
0
0
0
0
0
0
0
0
0
0
0
0
0
0
0
0
0
0
0
0
0
0
0
0
0
0
0
0
0
0
0
0
0
0
0
0
0
0
0
0
0
0
0
0
0
0
0
0
-0.81222
-0.78559
-0.79883
-0.76913
-0.76913
-0.83171
-0.79308
-0.76887
-0.7689
-0.82371
-0.76161
-0.76164
-0.81597
-0.79756
-0.77809
-0.79634
-0.77763
-0.84875
-0.78465
-0.75635
-0.78063
-0.80693
-0.80882
-0.75151
37.1006
-0.81883
-0.7969
-0.78315
-0.79338
-0.7875
-0.83984
-0.83988
-0.78447
-0.78447
-0.84058
-0.83937
-0.78317
-0.83994
-0.87263
-0.83069
-0.81536
-0.91043
-0.83257
-0.78701
-0.88315
-0.882
-0.80761
0
0
0
0
0
0
0
0
0
0
0
0
0
0
0
0
0
0
0
0
0
0
0
0
0
0
0
0
0
0
0
0
0
0
0
0
0
0
0
0
0
0
0
0
0
0
0
0
0
0
0
0
0
0
0
0
0
0
0
0
0
0
0
0
0
-0.84542
-0.81851
-0.83301
-0.80187
-0.80188
-0.86514
-0.82584
-0.8011
-0.80114
-0.85641
-0.79302
-0.79305
-0.84668
-0.82769
-0.80935
-0.82682
-0.80871
-0.87954
-0.81618
-0.78433
-0.81151
-0.83396
-0.83422
-0.81876
-0.81883
41.7746
-0.82938
-0.81513
-0.82473
-0.81732
-0.8672
-0.86723
-0.81544
-0.81544
-0.86052
-0.86656
-0.81343
-0.86598
-0.90379
-0.86209
-0.84575
-0.93796
-0.86264
0
0
0
-0.83782
0
0
0
0
0
0
0
0
0
0
0
0
0
0
0
0
0
0
0
0
0
0
0
0
0
0
0
0
0
0
0
0
0
0
0
0
0
-5.9132
0
0
0
0
0
0
0
0
0
0
0
0
0
0
0
0
0
0
0
0
0
0
0
0
0
0
0
-0.82452
-0.79759
-0.8109
-0.78089
-0.78089
-0.8441
-0.80505
-0.78054
-0.78058
-0.83597
-0.77301
-0.77304
-0.82812
-0.80979
-0.78953
-0.80807
-0.78892
-0.86118
-0.79588
-0.76676
-0.78913
-0.81462
-0.81935
-0.79683
-0.7969
-0.82938
32.4805
-0.79374
-0.80657
-0.80616
-0.84869
-0.84872
-0.79633
-0.79633
-0.83411
-0.86054
-0.79379
-0.85281
-0.88707
-0.84585
-0.82826
0
0
0
0
0
0
0
0
0
0
0
0
0
0
0
0
0
0
0
0
0
0
0
0
0
0
0
0
0
0
0
0
0
0
0
0
0
0
0
0
0
0
0
0
0
0
0
0
0
0
0
0
0
0
0
0
0
0
0
0
0
0
0
0
0
0
0
0
0
0
0
-0.81065
-0.78386
-0.7971
-0.76728
-0.76728
-0.83009
-0.79125
-0.7669
-0.76695
-0.82202
-0.75944
-0.75947
-0.81419
-0.79618
-0.7758
-0.79428
-0.77516
-0.84707
-0.78206
-0.75315
-0.77529
-0.80048
-0.80534
-0.78309
-0.78315
-0.81513
-0.79374
31.0913
-0.79277
-0.77536
-0.83443
-0.83446
-0.78068
-0.78069
-0.82677
-0.83882
-0.77802
-0.83348
-0.86998
-0.82945
0
0
0
0
0
0
0
0
0
0
0
0
0
0
0
0
0
0
0
0
0
0
0
0
0
0
0
0
0
0
0
0
0
0
0
0
0
0
0
0
0
0
0
0
0
0
0
0
0
0
0
0
0
0
0
0
0
0
0
0
0
0
0
0
0
0
0
0
0
0
0
0
-0.82028
-0.79335
-0.80664
-0.77669
-0.77669
-0.83977
-0.80077
-0.77632
-0.77635
-0.83163
-0.76882
-0.76884
-0.8238
-0.8057
-0.78525
-0.8038
-0.7846
-0.8568
-0.79154
-0.76244
-0.78463
-0.81029
-0.81485
-0.79331
-0.79338
-0.82473
-0.80657
-0.79277
29.7646
-0.77934
-0.84026
-0.84029
-0.79588
-0.79588
-0.83638
-0.83729
-0.78757
0
-0.88114
0
0
0
0
0
0
0
0
0
0
0
0
0
0
0
0
0
0
0
0
0
0
0
0
0
0
0
0
0
0
0
0
0
0
0
0
0
0
0
0
0
0
0
0
0
0
0
0
0
0
0
0
0
0
0
0
0
0
0
0
0
0
0
0
0
0
0
0
0
0
0
0
0
-0.81439
-0.78722
-0.80116
-0.7708
-0.77081
-0.83389
-0.7945
-0.77033
-0.77035
-0.82534
-0.76256
-0.76258
-0.81708
-0.78435
-0.77874
-0.79752
-0.77802
-0.8504
-0.78502
-0.75551
-0.77799
-0.80437
-0.80799
-0.78743
-0.7875
-0.81732
-0.80616
-0.77536
-0.77934
31.5698
-0.83595
-0.83598
-0.77404
-0.77404
-0.82521
-0.83651
-0.7743
0
0
0
0
0
0
0
0
0
0
0
0
0
0
0
0
0
0
0
0
0
0
0
0
0
0
0
0
0
0
0
0
-2.9598
0
0
0
0
0
0
0
0
0
0
0
0
0
0
0
0
0
0
0
0
0
0
0
0
0
0
0
0
0
0
0
0
0
0
0
0
0
0
0
0
0
0
-0.86512
-0.83794
-0.8525
-0.82117
-0.82116
-0.88493
-0.84514
-0.82035
-0.82039
-0.87616
-0.81213
-0.81216
-0.86663
-0.84738
-0.8284
-0.84658
-0.82768
-0.90008
-0.83473
-0.80349
-0.82682
-0.85529
-0.85627
-0.83975
-0.83984
-0.8672
-0.84869
-0.83443
-0.84026
-0.83595
36.0444
-0.8753
-0.8293
-0.8293
-0.87129
-0.88153
-0.82698
0
0
0
0
0
0
0
0
0
0
0
0
0
0
0
0
0
0
0
0
0
0
0
0
0
0
0
0
0
0
0
0
0
0
0
0
0
0
0
0
0
0
0
0
0
0
0
0
0
0
0
0
0
0
0
0
0
0
0
0
0
0
0
0
0
0
0
0
0
0
0
-5.6621
0
0
0
-0.86516
-0.83797
-0.85252
-0.8212
-0.8212
-0.88497
-0.84517
-0.82038
-0.82042
-0.87619
-0.81217
-0.81219
-0.86667
-0.84741
-0.82843
-0.84661
-0.82771
-0.90012
-0.83476
-0.80352
-0.82686
-0.85533
-0.8563
-0.8398
-0.83988
-0.86723
-0.84872
-0.83446
-0.84029
-0.83598
-0.8753
36.0459
-0.82934
-0.82933
-0.87139
-0.88158
-0.82701
0
0
0
0
0
0
0
0
0
0
0
0
0
0
0
0
0
0
0
0
0
0
0
0
0
0
0
0
0
0
0
0
0
0
0
0
0
0
0
0
0
0
0
0
0
0
0
0
0
0
0
0
0
0
0
-5.6623
0
0
0
0
0
0
0
0
0
0
0
0
0
0
0
0
0
0
0
-0.81137
-0.78452
-0.79777
-0.76794
-0.76794
-0.83073
-0.79187
-0.76756
-0.7676
-0.82261
-0.76007
-0.76009
-0.81481
-0.79671
-0.77638
-0.79491
-0.77572
-0.84766
-0.78262
-0.75363
-0.77566
-0.80118
-0.80575
-0.7844
-0.78447
-0.81544
-0.79633
-0.78068
-0.79588
-0.77404
-0.8293
-0.82934
28.5328
-0.76685
-0.82619
-0.82848
-0.7663
0
0
0
0
0
0
0
0
0
0
0
0
0
0
0
0
0
0
0
0
0
0
0
0
0
0
0
0
0
0
0
0
0
0
0
0
0
0
0
0
0
0
0
0
0
0
0
0
0
0
0
0
0
0
0
0
0
0
0
0
0
0
0
0
0
0
0
0
0
0
0
0
0
0
0
-0.81137
-0.78451
-0.79776
-0.76794
-0.76795
-0.83073
-0.79187
-0.76756
-0.7676
-0.82261
-0.76007
-0.7601
-0.8148
-0.79671
-0.77638
-0.79491
-0.77572
-0.84766
-0.78261
-0.75363
-0.77566
-0.80118
-0.80576
-0.7844
-0.78447
-0.81544
-0.79633
-0.78069
-0.79588
-0.77404
-0.8293
-0.82933
-0.76685
28.5328
-0.82619
-0.82848
-0.76629
0
0
0
0
0
0
0
0
0
0
0
0
0
0
0
0
0
0
0
0
0
0
0
0
0
0
0
0
0
0
0
0
0
0
0
0
0
0
0
0
0
0
0
0
0
0
0
0
0
0
0
0
0
0
0
0
0
0
0
0
0
0
0
0
0
0
0
0
0
0
0
0
0
0
0
-0.85848
-0.83217
-0.84664
-0.81562
-0.81562
-0.87865
-0.83938
-0.81476
-0.8148
-0.86972
-0.80665
-0.80667
-0.86019
-0.83802
-0.82282
-0.84034
-0.82209
-0.89296
-0.82921
-0.79776
-0.8212
-0.85031
-0.84981
-0.84049
-0.84058
-0.86052
-0.83411
-0.82677
-0.83638
-0.82521
-0.87129
-0.87139
-0.82619
-0.82619
36.2408
0
0
0
0
0
0
0
0
0
0
0
0
0
0
0
0
0
0
0
0
0
0
0
0
0
0
0
0
0
0
0
0
-2.4495
0
0
0
0
0
0
0
0
0
0
0
0
0
0
0
0
0
0
0
0
0
0
0
0
0
0
0
0
0
0
0
0
0
0
0
0
0
-5.3084
0
0
0
0
0
0
-0.86461
-0.83798
-0.85214
-0.82117
-0.82117
-0.88464
-0.84529
-0.82056
-0.8206
-0.87602
-0.81252
-0.81255
-0.86678
-0.84777
-0.82878
-0.8467
-0.82807
-0.89972
-0.83509
-0.80419
-0.82732
-0.85458
-0.85641
-0.8393
-0.83937
-0.86656
-0.86054
-0.83882
-0.83729
-0.83651
-0.88153
-0.88158
-0.82848
-0.82848
0
33.9106
0
0
0
0
0
0
0
0
0
0
0
0
0
0
0
0
0
0
0
0
0
0
0
0
0
0
0
0
0
0
0
0
0
0
0
0
0
0
0
0
0
0
0
0
0
0
-5.2075
0
0
0
0
0
0
0
0
0
0
0
0
0
0
0
0
0
0
0
0
0
0
0
0
0
0
0
0
0
-0.80996
-0.78297
-0.7962
-0.76634
-0.76634
-0.82931
-0.7903
-0.76593
-0.76597
-0.82117
-0.75836
-0.75838
-0.81337
-0.79532
-0.7747
-0.79331
-0.77399
-0.84632
-0.78088
-0.75175
-0.77356
-0.79927
-0.80393
-0.7831
-0.78317
-0.81343
-0.79379
-0.77802
-0.78757
-0.7743
-0.82698
-0.82701
-0.7663
-0.76629
0
0
26.8176
0
0
0
0
0
0
0
0
0
0
0
0
0
0
0
0
0
0
0
0
0
0
0
0
0
0
0
0
0
0
0
0
0
0
0
0
0
0
0
0
0
0
0
0
0
0
0
0
0
0
0
0
0
0
0
0
0
0
0
0
0
0
0
0
0
0
0
0
0
0
0
0
0
0
0
-0.86114
-0.8354
-0.84907
-0.81854
-0.81853
-0.88168
-0.84458
-0.81835
-0.8184
-0.87511
-0.81195
-0.81198
-0.86588
-0.84745
-0.82842
-0.84602
-0.82784
-0.89882
-0.83501
-0.80401
-0.8274
-0.85506
-0.8556
-0.83985
-0.83994
-0.86598
-0.85281
-0.83348
0
0
0
0
0
0
0
0
0
32.2201
0
0
0
0
0
0
0
0
0
0
0
0
0
0
0
0
0
0
0
0
0
0
0
0
0
-1.2749
0
0
0
0
0
0
0
0
0
0
-2.365
0
0
0
0
0
0
0
0
0
0
0
0
0
0
0
0
0
0
0
0
-5.0119
0
0
0
0
0
0
0
0
0
0
0
0
0
0
0
0
-0.89851
-0.87081
-0.88436
-0.85347
-0.85348
-0.91869
-0.87857
-0.85321
-0.85325
-0.91033
-0.84536
-0.84538
-0.90238
-0.88408
-0.86254
-0.88153
-0.8619
-0.93635
-0.86913
-0.83876
-0.86171
-0.88906
-0.89307
-0.87256
-0.87263
-0.90379
-0.88707
-0.86998
-0.88114
0
0
0
0
0
0
0
0
0
25.4331
0
0
0
0
0
0
0
0
0
0
0
0
0
0
0
0
0
0
0
0
0
0
0
0
0
0
0
0
0
0
0
0
0
0
0
0
0
0
0
0
0
0
0
0
0
0
0
0
0
0
0
0
0
0
0
0
0
0
0
0
0
0
0
0
0
0
0
0
0
0
0
0
0
-0.85683
-0.8294
-0.84275
-0.81233
-0.81232
-0.87667
-0.837
-0.81203
-0.81207
-0.86842
-0.8043
-0.80433
-0.86065
-0.8428
-0.82122
-0.84003
-0.82058
-0.8942
-0.82768
-0.79788
-0.82045
-0.84708
-0.85138
-0.83062
-0.83069
-0.86209
-0.84585
-0.82945
0
0
0
0
0
0
0
0
0
0
0
23.3911
0
0
0
0
0
0
0
0
0
0
0
0
0
0
0
0
0
0
0
0
0
0
0
0
0
0
0
0
0
0
0
0
0
0
0
0
0
0
0
0
0
0
0
0
0
0
0
0
0
0
0
0
0
0
0
0
0
0
0
0
0
0
0
0
0
0
0
0
0
0
0
0
-0.84111
-0.81377
-0.82703
-0.79695
-0.79695
-0.86062
-0.82135
-0.79664
-0.79668
-0.8525
-0.78914
-0.78917
-0.84498
-0.82718
-0.80587
-0.82465
-0.8052
-0.87824
-0.8123
-0.78289
-0.80505
-0.83145
-0.83577
-0.81528
-0.81536
-0.84575
-0.82826
0
0
0
0
0
0
0
0
0
0
0
0
0
22.1401
0
0
0
0
0
0
0
0
0
0
0
0
0
0
0
0
0
0
0
0
0
0
0
0
0
0
0
0
0
0
0
0
0
0
0
0
0
0
0
0
0
0
0
0
0
0
0
0
0
0
0
0
0
0
0
0
0
0
0
0
0
0
0
0
0
0
0
0
0
0
0
-0.93814
-0.91125
-0.92561
-0.89387
-0.89388
-0.95892
-0.91882
-0.89334
-0.89339
-0.95007
-0.88504
-0.88506
-0.94064
-0.92164
-0.90194
-0.91992
-0.90124
-0.97414
-0.90847
-0.8766
-0.90036
-0.92728
-0.92911
-0.91036
-0.91043
-0.93796
0
0
0
0
0
0
0
0
0
0
0
0
0
0
0
28.7315
0
0
0
0
0
0
0
0
0
0
0
0
0
0
0
0
0
0
0
0
0
0
0
0
0
0
0
0
0
0
0
0
0
0
0
0
0
0
0
0
0
0
0
-4.924
0
0
0
0
0
0
0
0
0
0
0
0
0
0
0
0
0
0
0
0
0
0
0
0
0
0
-0.85829
-0.83133
-0.84531
-0.81435
-0.81435
-0.8781
-0.83869
-0.81394
-0.81398
-0.86958
-0.8061
-0.80612
-0.8612
-0.84327
-0.82257
-0.84076
-0.82197
-0.8938
-0.82898
-0.7938
-0.82078
-0.84894
-0.85246
-0.83251
-0.83257
-0.86264
0
0
0
0
0
0
0
0
0
0
0
0
0
0
0
0
24.5555
0
0
0
0
0
0
0
0
0
0
0
0
0
0
0
0
0
0
0
0
0
0
0
0
0
0
0
0
-2.809
0
0
0
0
0
0
0
0
0
0
0
0
0
0
0
0
0
0
0
0
0
0
0
0
0
0
0
0
0
0
0
0
0
0
0
0
0
0
0
0
-0.81258
-0.78437
-0.79852
-0.76843
-0.76843
-0.83138
-0.79189
-0.76739
-0.76743
-0.82366
-0.76078
-0.76081
-0.81574
-0.77943
-0.77716
-0.79622
-0.77633
-0.84939
-0.78375
-0.75524
-0.77688
-0.80294
-0.80712
-0.78694
-0.78701
0
0
0
0
0
0
0
0
0
0
0
0
0
0
0
0
0
0
22.5457
0
0
0
0
0
0
0
0
0
0
0
0
0
0
0
0
0
0
0
0
0
0
0
0
0
0
0
0
0
-2.8158
0
0
0
0
0
0
0
0
0
0
0
0
0
0
0
0
0
0
0
0
0
0
0
0
0
0
0
0
0
0
0
0
0
0
0
0
0
0
-0.90809
-0.88155
-0.89559
-0.86442
-0.86441
-0.9288
-0.88937
-0.86418
-0.86422
-0.92025
-0.85615
-0.85618
-0.91116
-0.89282
-0.87309
-0.89093
-0.8725
-0.94463
-0.87985
-0.84825
-0.87275
-0.89942
-0.90133
-0.88307
-0.88315
0
0
0
0
0
0
0
0
0
0
0
0
0
0
0
0
0
0
0
26.4813
0
0
0
0
0
0
0
0
0
0
0
0
0
0
0
0
0
0
0
0
0
0
0
0
0
0
0
0
0
0
0
0
0
0
0
0
0
0
0
0
0
0
0
0
0
0
0
0
0
0
0
0
0
0
0
0
0
0
0
0
0
0
-4.3352
0
0
0
0
-0.90689
-0.88038
-0.89439
-0.86324
-0.86324
-0.92759
-0.88819
-0.863
-0.86305
-0.91906
-0.85499
-0.85502
-0.90996
-0.89163
-0.87192
-0.88974
-0.87134
-0.94341
-0.87869
-0.84712
-0.8716
-0.89827
-0.90015
-0.88192
-0.882
0
0
0
0
0
0
0
0
0
0
0
0
0
0
0
0
0
0
0
0
26.4368
0
0
0
0
0
0
0
0
0
0
0
0
0
0
0
0
0
0
0
0
0
0
0
0
0
0
0
0
0
0
0
0
0
0
0
0
0
0
0
0
0
0
0
0
0
0
0
0
0
0
0
0
0
0
0
-4.32
0
0
0
0
0
0
0
0
0
0
-0.83332
-0.80602
-0.81925
-0.78928
-0.78928
-0.85272
-0.81358
-0.78896
-0.789
-0.84463
-0.78149
-0.78151
-0.83715
-0.8195
-0.79817
-0.81692
-0.79746
-0.87032
-0.80456
-0.77529
-0.79733
-0.82367
-0.82798
-0.80754
-0.80761
-0.83782
0
0
0
0
0
0
0
0
0
0
0
0
0
0
0
0
0
0
0
0
21.1103
0
0
0
0
0
0
0
0
0
0
0
0
0
0
0
0
0
0
0
0
0
0
0
0
0
0
0
0
0
0
0
0
0
0
0
0
0
0
0
0
0
0
0
0
0
0
0
0
0
0
0
0
0
0
0
0
0
0
0
0
0
0
0
0
0
-0.922
-0.89262
-0.90881
-0.8756
-0.8756
-0.94111
-0.90441
-0.87941
-0.87945
-0.93525
-0.87118
-0.8712
-0.92156
-0.90721
-0.88761
-0.90457
-0.88714
-0.95737
-0.89452
-0.86228
-0.89072
0
0
0
0
0
0
0
0
0
0
0
0
0
0
0
0
0
0
0
0
0
0
0
0
0
0
27.404
0
0
0
0
0
0
0
0
0
0
0
0
0
0
0
0
0
0
0
0
0
0
0
0
0
0
0
0
0
0
-3.5629
0
0
-4.9715
0
0
0
0
0
0
0
0
0
0
0
0
0
0
0
0
0
0
0
0
0
0
0
0
0
0
0
0
0
0
-0.88662
-0.85947
-0.87343
-0.8426
-0.8426
-0.90681
-0.8666
-0.84169
-0.84173
-0.89785
-0.83386
-0.8339
-0.88979
-0.86304
-0.85065
-0.86966
-0.85
-0.92374
-0.85727
-0.82685
-0.85021
0
0
0
0
0
0
0
0
0
0
0
0
0
0
0
0
0
0
0
0
0
0
0
0
0
0
0
20.416
0
0
0
0
0
0
0
0
0
0
0
0
0
0
0
0
0
0
-2.3076
0
0
0
0
0
0
0
0
0
0
0
0
0
0
0
0
0
0
0
0
0
0
0
0
0
0
0
0
0
0
0
0
0
0
0
0
0
0
0
0
0
0
0
0
-0.84664
-0.81815
-0.83373
-0.80139
-0.80139
-0.86535
-0.83019
-0.80572
-0.80576
-0.85999
-0.79785
-0.79788
-0.84668
-0.83321
-0.81384
-0.82989
-0.81357
-0.88099
-0.82062
-0.79046
0
0
0
0
0
0
0
0
0
0
0
0
0
0
0
0
0
0
0
0
0
0
0
0
0
0
0
0
0
23.735
0
0
0
0
0
0
0
0
0
0
0
0
0
0
0
0
0
0
0
0
0
0
0
0
0
0
0
0
-3.4324
0
0
0
0
0
0
0
0
0
0
0
0
0
0
0
0
0
0
0
0
0
0
0
0
0
-3.8093
0
0
0
0
0
0
0
-0.91818
-0.89083
-0.90505
-0.87333
-0.87333
-0.93858
-0.89838
-0.87305
-0.87309
-0.92984
-0.86497
-0.86499
-0.92122
-0.90311
-0.88185
-0.90021
-0.88134
-0.95431
-0.88853
-0.85142
-0.88121
0
0
0
0
0
0
0
0
0
0
0
0
0
0
0
0
0
0
0
0
0
0
0
0
0
0
0
0
0
21.5596
0
0
0
0
0
0
0
0
0
0
0
0
0
0
0
0
0
0
0
0
-2.7928
0
0
0
0
0
0
0
0
0
0
0
0
0
0
0
0
0
0
0
0
0
0
0
0
0
0
0
0
0
0
0
0
0
0
0
0
0
0
0
0
-0.84517
-0.81752
-0.83077
-0.80065
-0.80064
-0.86474
-0.82524
-0.80039
-0.80042
-0.85659
-0.79276
-0.79279
-0.84966
-0.83183
-0.81006
-0.82888
-0.80926
-0.88297
-0.8168
-0.78791
-0.81049
-0.83719
0
0
0
0
0
0
0
0
0
0
0
0
0
0
0
0
0
0
0
0
0
0
0
0
0
0
0
0
0
18.0927
0
0
0
0
0
0
0
0
0
0
0
0
0
0
0
0
0
0
0
0
0
0
0
0
0
0
0
0
0
0
0
0
0
0
0
0
0
0
0
0
0
0
0
0
0
0
0
0
0
0
0
0
0
0
0
0
0
0
0
0
-0.86324
-0.83783
-0.85083
-0.82064
-0.82064
-0.88373
-0.84553
-0.82064
-0.82068
-0.87554
-0.81303
-0.81306
-0.86682
-0.85013
-0.82938
-0.84691
-0.82896
-0.89931
-0.83599
-0.80547
0
0
0
0
0
0
0
0
0
0
0
0
0
0
0
0
0
0
0
0
0
0
0
0
0
0
0
0
0
0
0
0
19.9101
0
0
0
0
0
0
0
0
0
0
0
0
0
0
0
0
0
0
0
0
0
0
0
0
0
0
0
0
0
0
0
0
0
0
0
0
0
0
0
0
0
0
0
0
0
0
0
0
0
0
-3.0817
0
0
0
0
0
0
0
0
-0.84956
-0.82193
-0.83492
-0.80482
-0.80482
-0.86899
-0.82938
-0.8045
-0.80454
-0.86086
-0.79693
-0.79696
-0.85364
-0.83612
-0.8139
-0.83297
-0.81282
-0.8871
-0.82027
-0.79113
0
0
0
0
0
0
0
0
0
0
0
0
0
0
0
0
0
0
0
0
0
0
0
0
0
0
0
0
0
0
0
0
0
16.5261
0
0
0
0
0
0
0
0
0
0
0
0
0
0
0
0
0
0
0
0
0
0
0
0
0
0
0
0
0
0
0
0
0
0
0
0
0
0
0
0
0
0
0
0
0
0
0
0
0
0
0
0
0
0
0
0
0
0
-0.8787
-0.85342
-0.86615
-0.83585
-0.83585
-0.89937
-0.86113
-0.83592
-0.83597
-0.89118
-0.82832
-0.82834
-0.88231
-0.86611
-0.84443
-0.86198
-0.84412
-0.9147
-0.85086
0
0
0
0
0
0
0
0
0
0
0
0
0
0
0
0
0
0
0
0
0
0
0
0
0
0
0
0
0
0
0
0
0
0
0
19.0946
0
0
0
0
0
0
0
0
0
0
0
0
0
0
0
0
0
0
0
0
0
0
0
0
0
0
0
0
0
0
0
0
0
0
0
0
0
0
0
0
0
0
0
0
-2.7798
0
0
0
0
0
0
0
0
0
0
0
0
-0.81618
-0.78629
-0.80453
-0.77478
-0.77477
-0.83625
-0.79741
-0.77452
-0.77456
-0.82833
-0.76687
-0.7669
-0.82779
-0.8017
-0.78392
-0.80181
-0.78242
0
0
0
0
0
0
0
0
0
0
0
0
0
0
0
0
0
0
0
0
0
0
0
0
0
0
0
0
0
0
0
0
0
0
0
0
0
0
16.6383
0
0
0
0
0
0
0
0
0
0
0
0
0
0
0
0
0
0
0
0
0
0
0
0
-3.1393
0
0
0
0
0
0
0
0
0
0
0
0
0
0
0
0
0
0
0
0
0
0
0
0
0
0
0
0
0
0
0
-1.0755
-1.0469
-1.0598
-1.0283
-1.0283
-1.0969
-1.0552
-1.0283
-1.0283
-1.0886
-1.0203
-1.0204
-1.081
0
-1.0386
-1.0587
0
0
0
0
0
0
0
0
0
0
0
0
0
0
0
0
0
0
0
0
0
0
0
0
0
0
0
0
0
0
0
0
0
0
0
0
0
0
0
0
15.7552
0
0
0
0
0
0
0
0
0
0
0
0
0
0
0
0
0
0
0
0
0
0
0
0
0
0
0
0
0
0
0
0
0
0
0
0
0
0
0
0
0
0
0
0
0
0
0
0
0
0
0
0
0
0
0
-0.9178
-0.88334
-0.90504
-0.87411
-0.87411
-0.93927
-0.89836
-0.87436
-0.8744
-0.9307
-0.86661
-0.86664
0
0
0
0
0
0
0
0
0
0
0
0
0
0
0
0
0
0
0
0
0
0
0
0
0
0
0
0
0
0
0
0
0
0
0
0
0
0
0
0
0
0
0
0
0
17.2821
0
0
0
0
0
0
0
0
0
0
0
0
0
0
0
0
0
0
-2.8357
0
0
0
0
0
0
0
0
0
0
0
0
0
0
0
0
0
0
0
0
0
-3.7417
0
0
0
0
0
0
0
0
0
0
0
0
0
-1.0348
-1.0088
-1.0241
-0.99321
-0.99321
-1.0576
-1.0178
-0.99373
-0.99378
-1.0493
-0.98609
-0.98612
0
0
0
0
0
0
0
0
0
0
0
0
0
0
0
0
0
0
0
0
0
0
0
0
0
0
0
0
0
0
0
0
0
0
0
0
0
0
0
0
0
0
0
0
0
0
18.9029
0
0
0
0
0
0
0
0
0
0
0
0
0
0
0
0
0
0
0
0
0
0
0
0
0
0
0
0
0
0
0
0
0
0
0
0
0
0
0
0
0
0
0
0
0
0
0
0
0
0
0
-3.3822
-3.3822
-1.1543
-1.1265
-1.1382
-1.1066
-1.1066
-1.1766
-1.1345
-1.1069
-1.1069
-1.1683
-1.0989
-1.0989
0
0
-1.1179
0
0
0
0
0
0
0
0
0
0
0
0
0
0
0
0
0
0
0
0
0
0
0
0
0
0
0
0
0
0
0
0
0
0
0
0
0
0
0
0
0
0
0
0
14.6411
0
0
0
0
0
0
0
0
0
0
0
0
0
0
0
0
0
0
0
0
0
0
0
0
0
0
0
0
0
0
0
0
0
0
0
0
0
0
0
0
0
0
0
0
0
0
0
0
0
0
0
0
-1.1168
-1.0894
-1.1
-1.0689
-1.0689
-1.1386
-1.0971
-1.0697
-1.0697
-1.1309
-1.0617
-1.0617
0
0
0
0
0
0
0
0
0
0
0
0
0
0
0
0
0
0
0
0
0
0
0
0
0
0
0
0
0
0
0
0
0
0
0
0
0
0
0
0
0
0
0
0
0
0
0
0
13.0734
0
0
0
0
0
0
0
0
0
0
0
0
0
0
0
0
0
0
0
0
0
0
0
0
0
0
0
0
0
0
0
0
0
0
0
0
0
0
0
0
0
0
0
0
0
0
0
0
0
0
0
-1.164
-1.1369
-1.1476
-1.1162
-1.1162
-1.1864
-1.145
-1.1172
-1.1172
-1.1787
-1.1094
-1.1095
0
0
0
0
0
0
0
0
0
0
0
0
0
0
0
0
0
0
0
0
0
0
0
0
0
0
0
0
0
0
0
0
0
0
0
0
0
0
0
0
0
0
0
0
0
0
0
0
0
13.6444
0
0
0
0
0
0
0
0
0
0
0
0
0
0
0
0
0
0
0
0
0
0
0
0
0
0
0
0
0
0
0
0
0
0
0
0
0
0
0
0
0
0
0
0
0
0
0
0
0
0
-1.2631
-1.2338
-1.2456
-1.2138
-1.2138
-1.286
-1.2426
-1.2141
-1.2141
-1.2775
0
0
0
0
0
0
0
0
0
0
0
0
0
0
0
0
0
0
0
0
0
0
0
0
0
0
0
0
0
0
0
0
0
0
0
0
0
0
0
0
0
0
0
0
0
0
0
0
0
0
0
0
12.4043
0
0
0
0
0
0
0
0
0
0
0
0
0
0
0
0
0
0
0
0
0
0
0
0
0
0
0
0
0
0
0
0
0
0
0
0
0
0
0
0
0
0
0
0
0
0
0
0
0
-1.2809
-1.2526
-1.263
-1.2322
-1.2322
-1.3041
0
-1.233
-1.233
0
0
0
0
0
0
0
0
0
0
0
0
0
0
0
0
0
0
0
0
0
0
0
0
0
0
0
0
-1.2749
0
0
0
0
0
0
0
0
0
0
0
0
0
0
0
0
0
0
0
0
0
0
0
0
0
11.306
0
0
0
0
0
0
0
0
0
0
0
0
0
0
0
0
0
0
0
0
0
0
0
0
0
0
0
0
0
0
0
0
0
0
0
0
0
0
0
0
0
0
0
0
0
0
0
0
-1.3045
-1.27
-1.2893
-1.2517
-1.2517
-1.3242
0
0
0
0
0
0
-1.3009
0
0
0
0
0
0
0
0
0
0
0
0
0
0
0
0
0
0
0
0
0
0
0
0
0
0
0
0
0
0
0
0
0
0
0
0
0
0
0
0
0
0
0
0
0
0
0
0
0
0
0
12.7571
0
0
0
0
0
0
0
0
0
0
-1.3478
0
0
-2.4169
0
0
0
0
0
0
0
0
0
0
0
0
0
0
0
0
0
0
0
0
0
0
0
0
0
0
0
0
0
0
0
0
0
-2.1285
-2.1068
-2.1123
-2.083
-2.083
0
0
0
0
0
0
0
0
0
0
0
0
0
0
0
0
0
0
0
0
0
0
0
0
0
0
0
0
0
0
0
0
0
0
0
0
0
0
0
0
0
0
0
0
0
0
0
0
0
0
0
0
0
0
0
0
0
0
0
0
10.5135
0
0
0
0
0
0
0
0
0
0
0
0
0
0
0
0
0
0
0
0
0
0
0
0
0
0
0
0
0
0
0
0
0
0
0
0
0
0
0
0
0
0
0
0
0
0
-2.0441
-2.0228
-2.0273
-1.9989
-1.9989
0
0
0
0
0
0
0
0
0
0
0
0
0
0
0
0
0
0
0
0
0
0
0
0
0
0
0
0
0
0
0
0
0
0
0
0
0
0
0
0
0
0
0
0
0
0
0
0
0
0
0
0
0
0
0
0
0
0
0
0
0
10.0922
0
0
0
0
0
0
0
0
0
0
0
0
0
0
0
0
0
0
0
0
0
0
0
0
0
0
0
0
0
0
0
0
0
0
0
0
0
0
0
0
0
0
0
0
0
0
0
0
0
0
0
0
0
0
0
0
0
0
0
0
0
0
0
0
0
0
0
0
0
0
0
0
0
0
0
0
0
0
0
-2.4495
0
0
0
0
0
0
0
0
0
0
0
0
0
-2.3076
0
0
0
0
0
0
0
0
0
0
0
0
0
0
0
0
0
0
10.0771
0
-2.7282
0
0
0
0
0
-2.5918
0
0
0
0
0
0
0
0
0
0
0
0
0
0
0
0
0
0
0
0
0
0
0
0
0
0
0
0
0
0
0
0
0
0
0
0
0
-2.1083
0
0
0
0
0
0
0
0
0
0
0
0
0
0
0
0
0
0
0
0
0
0
0
0
0
0
0
0
0
0
0
0
0
0
0
0
0
0
0
0
0
0
0
0
0
0
0
0
0
0
0
0
0
0
0
0
0
0
0
0
0
0
0
0
0
0
12.6441
0
0
0
0
0
0
0
-2.8966
0
0
0
-3.536
0
0
0
0
0
0
0
0
0
0
0
0
0
0
0
0
0
0
0
-4.1032
0
0
0
0
0
0
0
0
0
0
0
0
0
0
0
0
0
0
0
0
0
0
0
0
-3.1147
0
0
0
0
0
0
0
0
0
0
0
0
0
0
0
-2.9598
0
0
0
0
0
0
0
0
0
0
0
0
0
0
0
0
0
0
0
0
0
0
0
0
0
0
0
0
0
0
0
0
0
0
0
0
0
-2.7282
0
8.8026
0
0
0
0
0
0
0
0
0
0
0
0
0
0
0
0
0
0
0
0
0
0
0
0
0
0
0
0
0
0
0
0
0
0
0
0
0
0
0
0
0
0
0
0
0
0
0
0
0
0
0
0
0
0
0
0
0
0
0
0
0
-1.9832
0
0
0
0
0
0
0
0
0
0
0
0
0
0
0
0
0
0
0
0
0
0
0
0
0
0
0
0
0
0
0
0
0
0
0
0
0
0
0
0
0
0
0
0
0
0
0
0
0
0
8.2412
-2.8683
0
0
-3.3898
0
0
0
0
0
0
0
0
0
0
0
0
0
0
0
0
0
0
0
0
0
0
0
0
0
0
0
0
0
0
0
0
0
0
0
0
0
0
0
0
0
0
0
0
0
0
0
0
0
0
0
0
0
0
0
0
0
0
0
0
0
0
0
0
0
0
0
0
0
0
0
0
0
0
0
0
0
0
0
-2.809
0
0
0
0
0
0
0
-2.7928
0
0
0
0
0
0
0
0
0
0
0
0
0
0
0
0
0
0
0
-2.8683
8.4701
0
0
0
0
0
0
0
0
0
0
0
0
0
0
0
0
0
0
0
0
0
0
0
0
0
0
0
0
0
0
0
0
0
0
0
0
0
0
0
0
0
0
0
0
0
0
-1.9796
0
0
0
0
0
0
0
0
0
-1.9506
0
0
0
0
0
0
0
0
0
0
0
0
0
0
0
0
0
0
0
0
0
0
0
0
0
0
0
0
0
0
0
0
0
0
0
0
0
0
0
0
0
0
0
0
0
0
0
0
0
0
0
0
0
0
0
7.5862
0
0
0
0
0
0
0
0
0
0
0
0
0
0
0
0
0
0
0
0
0
0
0
0
0
0
0
0
0
0
0
0
0
0
0
0
-3.656
0
0
0
0
0
0
0
0
0
0
0
0
0
0
0
-3.0805
0
0
0
0
0
0
0
0
0
0
0
0
0
0
0
0
0
0
0
0
0
0
0
0
0
0
0
0
0
-2.8158
0
0
0
0
0
0
0
0
0
0
0
0
0
0
0
0
0
0
0
0
0
0
0
0
0
0
0
0
0
9.8142
0
0
0
0
0
0
0
0
0
-3.9179
0
0
0
0
0
0
0
0
0
0
0
0
0
0
0
0
0
0
0
0
0
0
0
0
0
0
0
0
0
0
0
0
0
0
0
0
0
0
0
0
0
0
0
0
0
0
0
0
0
0
0
0
0
0
0
0
0
0
0
0
0
0
0
0
0
-2.365
0
0
0
0
0
0
0
0
0
0
0
0
0
0
0
0
0
0
0
0
0
0
0
0
0
0
0
0
0
0
0
0
-3.3898
0
0
0
6.378
0
0
0
0
0
0
0
0
0
0
0
0
0
0
0
0
0
0
0
0
0
0
0
0
0
0
0
0
0
0
0
-0.62329
0
0
0
0
0
0
0
0
0
0
0
0
0
0
0
0
0
0
0
0
0
0
0
0
0
0
0
0
0
0
0
0
0
0
0
0
0
0
0
0
0
0
0
0
0
0
0
0
0
0
0
0
0
0
0
0
0
0
0
0
0
0
0
0
0
0
0
0
0
-1.3478
0
0
-2.5918
0
0
0
0
0
0
0
7.8344
0
0
0
0
0
0
0
0
0
0
0
0
0
0
0
0
0
0
0
0
0
0
0
0
0
0
-3.8947
0
0
0
0
0
0
0
0
0
0
0
0
0
0
0
0
0
0
0
0
0
-3.6895
0
0
0
0
0
0
0
0
0
0
0
0
0
0
0
0
0
0
0
0
0
0
0
0
0
0
0
0
0
0
0
0
0
0
0
0
0
0
0
0
0
0
0
0
-2.8357
0
0
0
0
0
0
0
0
0
0
-2.8966
0
0
0
0
0
0
0
9.4219
0
0
0
0
0
0
0
0
0
0
0
0
0
0
0
0
0
0
0
0
0
0
0
0
0
0
0
0
0
0
0
0
0
0
0
0
0
0
0
0
0
0
0
0
0
0
0
0
0
-1.0232
0
0
0
-1.0292
0
0
0
0
0
0
0
0
0
0
0
0
0
0
0
0
0
0
0
0
0
0
0
0
0
0
0
0
0
0
0
0
0
0
0
0
0
0
0
0
0
0
0
0
0
0
0
0
0
0
0
0
0
0
0
0
0
0
5.9249
0
0
0
0
0
0
0
0
0
0
0
0
-3.8724
0
0
0
0
0
0
0
0
0
0
0
0
0
0
0
0
0
0
0
0
0
0
0
0
0
0
0
0
0
0
0
0
0
0
0
0
0
0
0
0
0
0
0
0
0
0
0
0
0
0
0
0
0
0
0
0
0
0
0
0
0
0
0
0
0
0
0
0
-3.5629
0
-3.4324
0
0
0
0
0
0
0
0
0
0
0
0
0
0
-2.4169
0
0
0
0
0
0
0
0
0
0
0
0
0
9.4121
0
0
0
0
0
0
0
0
0
0
0
0
0
0
0
0
0
0
0
0
0
0
0
0
0
0
0
0
0
0
0
0
0
-4.3071
0
-4.2687
0
0
0
0
0
0
0
0
0
0
0
0
0
0
0
0
0
0
0
0
0
0
0
0
0
0
0
0
0
0
0
0
0
0
0
0
0
0
0
0
0
0
0
0
0
0
0
0
0
0
0
0
0
0
0
0
0
0
0
0
0
0
0
0
0
0
0
0
0
0
0
0
0
0
0
0
8.5757
0
0
0
0
0
0
0
0
0
0
0
0
0
0
0
0
0
0
0
0
0
0
0
0
0
0
0
0
0
0
0
0
0
0
0
0
0
0
0
0
0
0
0
0
0
0
0
0
0
0
0
0
0
0
0
0
0
0
0
0
0
0
0
0
0
0
0
0
0
0
0
0
0
0
0
0
0
0
0
0
0
0
0
0
0
0
0
-3.1393
0
0
0
0
0
0
0
0
0
0
0
0
-3.536
0
0
0
0
0
0
0
0
0
0
0
6.6753
0
0
0
0
0
0
0
0
0
0
0
0
0
0
0
0
0
0
0
0
0
0
0
0
0
0
0
0
0
0
0
0
0
0
0
0
0
0
0
0
0
0
0
0
0
0
0
0
0
0
0
0
0
0
0
0
0
0
0
0
0
0
0
0
0
0
0
0
0
0
0
0
0
0
0
0
0
0
-4.9715
0
0
0
0
0
0
0
0
0
0
0
0
0
0
0
0
0
0
0
0
0
0
0
0
0
0
0
0
0
0
0
0
0
4.9715
0
0
0
0
0
0
0
0
0
0
0
0
0
0
0
0
0
0
0
0
0
0
0
0
0
0
0
0
0
0
0
0
0
0
0
0
0
0
0
0
0
0
0
0
0
0
0
0
0
0
0
0
0
0
0
0
0
0
0
0
0
0
0
0
0
-5.2075
0
0
0
0
0
0
0
0
0
0
0
0
0
0
0
0
0
0
0
0
0
0
0
0
0
0
0
0
0
0
0
0
0
0
0
0
0
0
0
0
0
0
0
0
0
0
5.2075
0
0
0
0
0
0
0
0
0
0
0
0
0
0
0
0
0
0
0
0
0
0
0
0
0
0
0
0
0
0
0
0
0
0
0
0
0
0
0
0
0
0
0
0
0
0
0
0
0
0
0
0
0
0
0
0
0
0
0
0
0
0
0
0
0
0
0
0
0
0
0
0
0
0
0
0
0
0
0
0
0
0
0
0
0
0
0
0
0
0
0
0
0
0
0
0
0
0
0
0
0
0
-3.9179
0
0
0
0
0
0
0
0
0
3.9179
0
0
0
0
0
0
0
0
0
0
0
0
0
0
0
0
0
0
0
0
0
0
0
0
0
0
0
0
0
0
0
0
0
0
0
0
0
0
0
0
0
0
0
0
0
0
0
0
0
0
0
0
0
-5.9132
0
0
0
0
0
0
0
0
0
0
0
0
0
0
0
0
0
0
0
0
0
0
0
0
0
0
0
0
0
0
0
0
0
0
0
0
0
0
0
0
0
0
0
0
0
0
0
0
0
0
0
0
0
0
0
0
0
0
5.9132
0
0
0
0
0
0
0
0
0
0
0
0
0
0
0
0
0
0
0
0
0
0
0
0
0
0
0
0
0
0
0
0
0
0
0
0
0
0
0
0
0
0
0
0
0
0
0
0
0
0
0
0
0
0
0
0
0
0
0
0
0
0
0
0
0
0
0
0
-4.924
0
0
0
0
0
0
0
0
0
0
0
0
0
0
0
0
0
0
0
0
0
0
0
0
0
0
0
0
0
0
0
0
0
0
0
0
0
0
0
0
0
0
0
4.924
0
0
0
0
0
0
0
0
0
0
0
0
0
0
0
0
0
0
0
0
0
0
0
0
0
0
0
0
0
0
0
-7.6113
0
0
0
0
0
0
0
0
0
0
0
0
0
0
0
0
0
0
0
0
0
0
0
0
0
0
0
0
0
0
0
0
0
0
0
0
0
0
0
0
0
0
0
0
0
0
0
0
0
0
0
0
0
0
0
0
0
0
0
0
0
0
0
0
0
0
0
0
0
0
0
0
0
0
0
0
0
0
0
0
7.6113
0
0
0
0
0
0
0
0
0
0
0
0
0
0
0
0
0
0
0
0
0
0
0
0
0
0
0
0
0
0
0
0
0
0
0
0
0
0
-6.8206
0
0
0
0
0
0
0
0
0
0
0
0
0
0
0
0
0
0
0
0
0
0
0
0
0
0
0
0
0
0
0
0
0
0
0
0
0
0
0
0
0
0
0
0
0
0
0
0
0
0
0
0
0
0
0
0
0
0
0
0
0
0
0
0
0
0
0
0
0
0
0
0
0
6.8206
0
0
0
0
0
0
0
0
0
0
0
0
0
0
0
0
0
0
0
0
0
0
0
0
0
0
0
0
0
0
0
0
0
-7.3752
0
0
0
0
0
0
0
0
0
0
0
0
0
0
0
0
0
0
0
0
0
0
0
0
0
0
0
0
0
0
0
0
0
0
0
0
0
0
0
0
0
0
0
0
0
0
0
0
0
0
0
0
0
0
0
0
0
0
0
0
0
0
0
0
0
0
0
0
0
0
0
0
0
0
0
0
0
0
7.3752
0
0
0
0
0
0
0
0
0
0
0
0
0
0
0
0
0
0
0
0
0
0
0
0
0
0
0
0
0
0
0
0
0
0
0
0
0
0
0
0
0
0
0
0
0
-6.1317
0
0
0
0
0
0
0
0
0
0
0
0
0
0
0
0
0
0
0
0
0
0
0
0
0
0
0
0
0
0
0
0
0
0
0
0
0
0
0
0
0
0
0
0
0
0
0
0
0
0
0
0
0
0
0
0
0
0
0
0
0
0
0
0
0
0
6.1317
0
0
0
0
0
0
0
0
0
0
0
0
0
0
0
0
0
0
0
0
0
0
0
0
0
0
0
0
0
0
0
0
0
0
0
0
0
0
0
0
0
0
0
0
0
0
0
0
0
0
0
0
0
0
0
0
0
0
0
0
0
0
0
0
0
0
0
0
0
0
0
0
0
0
0
0
0
0
0
0
0
0
0
0
0
0
0
0
0
0
0
0
0
0
0
0
0
0
0
-3.8724
0
0
0
0
0
0
0
0
0
0
0
0
3.8724
0
0
0
0
0
0
0
0
0
0
0
0
0
0
0
0
0
0
0
0
0
-7.5717
0
0
0
0
0
0
0
0
0
0
0
0
0
0
0
0
0
0
0
0
0
0
0
0
0
0
0
0
0
0
0
0
0
0
0
0
0
0
0
0
0
0
0
0
0
0
0
0
0
0
0
0
0
0
0
0
0
0
0
0
0
0
0
0
0
0
0
0
0
0
0
0
0
0
0
0
0
0
0
0
0
0
0
0
0
0
0
0
0
0
7.5717
0
0
0
0
0
0
0
0
0
0
0
0
0
0
0
0
0
0
0
0
0
0
0
0
0
0
0
0
0
0
0
0
0
0
0
0
0
0
0
0
0
0
0
0
0
0
0
0
0
0
0
-5.6623
0
0
0
0
0
0
0
0
0
0
0
0
0
0
0
0
0
0
0
0
0
0
0
0
0
0
0
0
0
0
0
0
0
0
0
0
0
0
0
0
0
0
0
0
0
0
0
0
0
0
0
0
0
0
0
0
0
0
0
0
5.6623
0
0
0
0
0
0
0
0
0
0
0
0
0
0
0
0
0
0
0
0
0
0
0
0
0
0
0
0
0
0
0
0
0
0
0
0
-7.3191
0
0
0
0
0
0
0
0
0
0
0
0
0
0
0
0
0
0
0
0
0
0
0
0
0
0
0
0
0
0
0
0
0
0
0
0
0
0
0
0
0
0
0
0
0
0
0
0
0
0
0
0
0
0
0
0
0
0
0
0
0
0
0
0
0
0
0
0
0
0
0
0
0
0
0
7.3191
0
0
0
0
0
0
0
0
0
0
0
0
0
0
0
0
0
0
0
0
0
0
0
0
0
0
0
0
0
0
0
0
0
-6.5438
0
0
0
0
0
0
0
0
0
0
0
0
0
0
0
0
0
0
0
0
0
0
0
0
0
0
0
0
0
0
0
0
0
0
0
0
0
0
0
0
0
0
0
0
0
0
0
0
0
0
0
0
0
0
0
0
0
0
0
0
0
0
0
0
0
0
0
0
0
0
0
0
0
0
0
0
0
0
6.5438
0
0
0
0
0
0
0
0
0
0
0
0
0
0
0
0
0
0
0
0
0
0
0
0
0
0
0
0
0
0
0
0
0
0
0
0
0
0
0
0
0
0
0
0
0
0
0
0
0
0
0
0
0
0
-5.0119
0
0
0
0
0
0
0
0
0
0
0
0
0
0
0
0
0
0
0
0
0
0
0
0
0
0
0
0
0
0
0
0
0
0
0
0
0
0
0
0
0
0
0
0
0
0
0
0
0
0
0
0
0
0
0
0
0
5.0119
0
0
0
0
0
0
0
0
0
0
0
0
0
0
0
0
0
0
0
0
0
0
0
0
0
0
0
0
0
0
0
0
0
-7.3191
0
0
0
0
0
0
0
0
0
0
0
0
0
0
0
0
0
0
0
0
0
0
0
0
0
0
0
0
0
0
0
0
0
0
0
0
0
0
0
0
0
0
0
0
0
0
0
0
0
0
0
0
0
0
0
0
0
0
0
0
0
0
0
0
0
0
0
0
0
0
0
0
0
0
0
0
0
0
7.3191
0
0
0
0
0
0
0
0
0
0
0
0
0
0
0
0
0
0
0
0
0
0
0
0
0
0
0
-7.0611
0
0
0
0
0
0
0
0
0
0
0
0
0
0
0
0
0
0
0
0
0
0
0
0
0
0
0
0
0
0
0
0
0
0
0
0
0
0
0
0
0
0
0
0
0
0
0
0
0
0
0
0
0
0
0
0
0
0
0
0
0
0
0
0
0
0
0
0
0
0
0
0
0
0
0
0
0
0
0
0
0
0
0
0
7.0611
0
0
0
0
0
0
0
0
0
0
0
0
0
0
0
0
0
0
0
0
0
0
0
0
0
0
0
0
0
0
0
0
0
0
0
0
0
0
0
0
0
0
0
0
0
0
0
0
0
0
0
0
0
0
0
0
0
0
0
0
0
0
0
0
0
0
0
0
0
0
0
-3.7417
0
0
0
0
0
0
0
0
0
0
0
0
0
0
0
0
0
0
0
0
0
0
0
0
0
0
0
0
0
0
0
0
0
0
0
0
0
0
0
0
3.7417
0
0
0
0
0
0
0
0
0
0
0
0
0
0
0
0
0
0
0
0
0
0
0
0
0
0
0
0
0
0
0
0
0
0
0
0
0
0
0
0
0
0
0
0
0
0
0
0
0
0
0
0
0
0
0
0
0
0
0
0
0
0
0
0
0
0
0
-2.7798
0
0
0
0
0
0
0
0
0
0
0
0
0
0
0
0
0
0
0
0
0
0
0
0
0
0
0
0
0
0
0
0
0
0
0
0
0
0
0
0
0
0
0
0
2.7798
0
0
0
0
0
0
0
0
0
0
0
0
0
0
0
0
0
0
0
0
0
0
0
0
0
0
0
0
0
0
0
0
0
0
0
0
0
0
0
0
0
0
0
0
0
0
0
0
0
0
0
0
0
0
0
0
0
0
0
0
0
0
0
0
0
0
0
0
0
0
0
0
0
0
0
0
0
0
0
0
-4.1032
0
0
0
0
0
0
0
0
0
0
0
0
0
0
0
0
0
0
0
0
0
0
0
0
0
0
0
0
0
0
0
4.1032
0
0
0
0
0
0
0
0
0
0
0
0
0
0
0
0
0
0
0
0
0
0
0
0
0
0
0
0
0
0
0
0
0
0
0
0
0
0
0
0
0
0
0
0
0
0
0
0
0
0
0
0
0
0
0
0
-4.32
0
0
0
0
0
0
0
0
0
0
0
0
0
0
0
0
0
0
0
0
0
0
0
0
0
0
0
0
0
0
0
0
0
0
0
0
0
0
0
0
0
0
0
0
0
0
0
0
0
0
0
0
0
0
0
4.32
0
0
0
0
0
0
0
0
0
0
0
0
0
0
0
0
0
0
0
0
0
0
0
0
0
0
0
0
0
0
0
0
0
0
0
0
0
0
0
0
0
0
0
0
0
0
0
0
0
0
0
0
0
0
0
0
0
0
0
0
0
0
0
0
0
0
0
0
0
0
0
0
0
0
0
0
0
0
0
0
0
0
0
0
0
-3.8947
0
0
0
0
0
0
0
0
0
0
0
0
0
0
0
0
0
0
0
0
0
0
0
0
0
0
3.8947
0
0
0
0
0
0
0
0
0
0
0
0
0
0
0
0
0
0
0
0
0
0
0
0
0
0
0
0
0
0
0
0
0
0
0
0
0
0
0
0
0
0
0
0
0
0
0
0
0
0
0
0
0
0
0
0
0
0
0
0
0
-3.0817
0
0
0
0
0
0
0
0
0
0
0
0
0
0
0
0
0
0
0
0
0
0
0
0
0
0
0
0
0
0
0
0
0
0
0
0
0
0
0
0
0
0
0
0
0
0
0
0
0
0
3.0817
0
0
0
0
0
0
0
0
0
0
0
0
0
0
0
0
0
0
0
0
0
0
0
0
0
0
0
0
0
0
0
0
0
0
0
0
0
0
0
0
0
0
0
0
0
0
0
0
0
0
0
0
0
0
0
0
0
-3.8093
0
0
0
0
0
0
0
0
0
0
0
0
0
0
0
0
0
0
0
0
0
0
0
0
0
0
0
0
0
0
0
0
0
0
0
0
0
0
0
0
0
0
0
0
0
0
0
0
0
0
0
0
0
0
3.8093
0
0
0
0
0
0
0
0
0
0
0
0
0
0
0
0
0
0
0
0
0
0
0
0
0
0
0
0
0
0
0
0
0
0
0
0
0
0
0
0
0
-5.3084
0
0
0
0
0
0
0
0
0
0
0
0
0
0
0
0
0
0
0
0
0
0
0
0
0
0
0
0
0
0
0
0
0
0
0
0
0
0
0
0
0
0
0
0
0
0
0
0
0
0
0
0
0
0
0
0
0
0
0
0
0
0
0
0
0
0
0
0
0
0
5.3084
0
0
0
0
0
0
0
0
0
0
0
0
0
0
0
0
0
0
0
0
0
0
0
0
0
0
0
0
0
0
0
0
0
0
0
0
0
0
0
0
0
0
0
0
0
0
0
0
0
0
0
0
0
0
0
0
0
0
0
0
0
0
0
0
0
0
0
0
0
0
0
0
0
0
0
0
0
0
0
0
-0.62329
0
0
0
0
0
0
0
0
0
0
0
0
0
0
0
0
0
0
0
0
0
0
0
0
0
0
0
0
0
0
0
0.62329
0
0
0
0
0
0
0
0
0
0
0
0
0
0
0
0
0
0
0
0
0
0
0
0
0
0
0
0
0
0
0
0
0
0
0
0
0
0
0
0
0
0
0
0
0
0
0
0
0
-4.3352
0
0
0
0
0
0
0
0
0
0
0
0
0
0
0
0
0
0
0
0
0
0
0
0
0
0
0
0
0
0
0
0
0
0
0
0
0
0
0
0
0
0
0
0
0
0
0
0
0
0
0
0
0
0
0
0
0
0
0
0
0
0
4.3352
0
0
0
0
0
0
0
0
0
0
0
0
0
0
0
0
0
0
0
0
0
0
0
0
0
0
0
0
0
0
0
0
0
0
-5.6621
0
0
0
0
0
0
0
0
0
0
0
0
0
0
0
0
0
0
0
0
0
0
0
0
0
0
0
0
0
0
0
0
0
0
0
0
0
0
0
0
0
0
0
0
0
0
0
0
0
0
0
0
0
0
0
0
0
0
0
0
0
0
0
0
0
0
0
0
0
0
0
0
0
0
0
0
0
5.6621
0
0
0
0
0
0
0
0
0
0
0
0
0
0
0
0
0
0
0
0
0
0
0
0
0
0
0
0
0
0
0
0
0
0
0
0
0
0
0
0
0
0
0
0
0
0
0
0
0
0
0
0
0
0
0
0
0
0
0
0
0
0
0
0
0
0
0
0
0
0
0
0
0
0
0
-3.656
0
0
0
0
0
0
0
0
0
0
0
0
0
0
0
0
0
0
0
0
0
0
0
0
0
0
0
0
0
0
0
0
0
0
0
0
3.656
0
0
0
0
0
0
0
0
0
0
0
0
0
0
0
0
0
0
0
0
0
0
0
0
0
0
0
0
0
0
0
0
0
0
0
0
0
0
0
0
0
0
0
0
0
0
0
0
0
0
0
0
0
0
0
0
0
0
0
0
-3.3822
0
0
0
0
0
0
0
0
0
0
0
0
0
0
0
0
0
0
0
0
0
0
0
0
0
0
0
0
0
0
0
0
0
0
0
0
0
0
0
0
0
0
0
0
0
0
0
0
0
0
0
3.3822
0
0
0
0
0
0
0
0
0
0
0
0
0
0
0
0
0
0
0
0
0
0
0
0
0
0
0
0
0
0
0
0
0
0
0
0
0
0
0
0
0
0
0
0
0
0
0
0
0
0
0
0
0
0
0
0
0
0
0
-3.3822
0
0
0
0
0
0
0
0
0
0
0
0
0
0
0
0
0
0
0
0
0
0
0
0
0
0
0
0
0
0
0
0
0
0
0
0
0
0
0
0
0
0
0
0
0
0
0
0
0
0
0
0
3.3822
