72.4495
-0.93913
-0.94634
-0.93497
-0.91114
-0.91351
-0.92434
-0.9112
-0.91624
-0.91629
-0.91627
-0.9005
-0.90051
-0.90051
-0.89234
-0.93597
-0.90452
-0.90247
-0.9228
-0.91997
-0.91997
-0.89627
-0.89622
-0.89629
-0.89115
-0.88513
-0.90567
-0.89411
-0.93562
-0.91263
-0.91768
-0.91706
-0.92866
-0.90887
-0.90888
-0.90758
-0.87081
-0.90382
-0.88781
-0.88385
-0.91528
-0.92518
-0.92518
-0.89598
-0.90284
-0.90854
-0.92377
-0.90502
-0.90729
-0.8977
-0.91969
-0.93794
-0.94485
-0.93332
-0.97689
-0.979
-0.95444
-0.99038
-0.96825
-0.97547
-0.9128
-1.2409
0
0
0
-2.1377
0
0
0
0
0
-2.8934
0
0
-4.4468
0
0
0
0
0
0
0
0
0
0
0
0
0
0
0
0
0
0
0
0
0
0
0
0
0
0
0
-6.6539
0
0
-0.93913
64.8127
-0.94356
-0.93592
-0.91288
-0.91523
-0.92634
-0.91293
-0.91778
-0.91781
-0.9178
-0.90195
-0.90194
-0.90196
-0.8937
-0.93742
-0.9059
-0.9034
-0.92421
-0.92138
-0.92138
-0.89763
-0.8976
-0.89766
-0.89255
-0.8853
-0.9072
-0.89543
-0.93272
-0.91002
-0.91905
-0.91798
-0.93004
-0.91018
-0.91018
-0.90898
-0.87994
-0.90527
-0.88948
-0.88517
-0.91652
-0.92639
-0.92641
-0.89716
-0.90444
-0.90991
-0.92525
-0.9063
-0.90872
-0.8991
-0.92129
-0.93957
-0.9465
-0.93497
-0.97863
-0.98161
-0.95879
-0.99239
-0.96931
-0.97751
-0.91468
-1.244
0
0
0
-2.1521
0
0
0
0
0
0
0
0
0
0
0
0
0
0
0
0
0
0
0
0
0
0
-6.2561
0
0
0
0
0
0
0
0
0
0
0
0
0
0
0
0
-0.94634
-0.94356
69.3896
-0.93725
-0.91786
-0.92191
-0.92951
-0.91792
-0.92163
-0.92167
-0.92165
-0.90582
-0.90582
-0.90582
-0.89762
-0.94316
-0.90979
-0.90655
-0.92807
-0.92523
-0.92522
-0.90148
-0.90144
-0.9015
-0.89625
-0.88892
-0.91044
-0.89927
-0.93482
-0.91375
-0.92289
-0.92173
-0.93389
-0.91399
-0.914
-0.91246
-0.88386
-0.90849
-0.89262
-0.88835
-0.92043
-0.9303
-0.93029
-0.9022
-0.90813
-0.91313
-0.92923
-0.90954
-0.91272
-0.90312
-0.92537
-0.94365
-0.95057
-0.93909
-0.98279
-0.98473
-0.96178
-0.99643
-0.97224
-0.98167
-0.91889
-1.2481
0
0
0
0
0
0
0
0
0
0
0
0
0
0
0
0
0
0
0
0
0
0
-6.3764
0
-6.3763
0
0
0
0
0
0
0
0
0
0
0
0
0
0
0
0
0
0
-0.93497
-0.93592
-0.93725
64.0899
-0.90546
-0.9103
-0.91858
-0.90551
-0.91079
-0.91083
-0.91082
-0.89498
-0.89498
-0.895
-0.88672
-0.92914
-0.8989
-0.89625
-0.91713
-0.9143
-0.9143
-0.89062
-0.89057
-0.89063
-0.88574
-0.8782
-0.90005
-0.88839
-0.92487
-0.90275
-0.91194
-0.91009
-0.9229
-0.90314
-0.90316
-0.90104
-0.87296
-0.89808
-0.88237
-0.87806
-0.90945
-0.91937
-0.91938
-0.88876
-0.89748
-0.90285
-0.91828
-0.89927
-0.9018
-0.89221
-0.91434
-0.93257
-0.93948
-0.92802
-0.9716
-0.97438
-0.95157
-0.98542
-0.9622
-0.97062
-0.90791
-1.2369
-1.7893
0
0
0
0
0
0
0
0
0
0
0
0
0
0
0
0
0
0
0
0
0
0
0
0
-6.319
0
0
0
0
0
0
0
0
0
0
0
0
0
0
0
0
0
-0.91114
-0.91288
-0.91786
-0.90546
59.8662
-0.8889
-0.89849
-0.88325
-0.88974
-0.88977
-0.88976
-0.87402
-0.87401
-0.87402
-0.86569
-0.90631
-0.87775
-0.87427
-0.89586
-0.89305
-0.89306
-0.86955
-0.86951
-0.86957
-0.86424
-0.85718
-0.87873
-0.86731
-0.90335
-0.88132
-0.89069
-0.8882
-0.90158
-0.88192
-0.88192
-0.87911
-0.85179
-0.87665
-0.86109
-0.85684
-0.88816
-0.89802
-0.89802
-0.86914
-0.87639
-0.88153
-0.89698
-0.87803
-0.8806
-0.87108
-0.89309
-0.91123
-0.9181
-0.90666
-0.95002
-0.95154
-0.93058
-0.96434
-0.94125
-0.94978
-0.88735
-1.2158
0
0
0
0
0
0
0
0
0
0
0
0
0
0
0
0
0
0
0
0
0
0
0
0
0
0
0
0
0
0
0
0
0
-5.1627
0
0
0
0
0
0
0
0
0
-0.91351
-0.91523
-0.92191
-0.9103
-0.8889
57.2131
-0.90394
-0.88895
-0.89618
-0.89621
-0.89621
-0.88021
-0.8802
-0.88021
-0.87177
-0.91307
-0.88402
-0.88235
-0.90225
-0.89946
-0.89946
-0.87585
-0.87581
-0.87587
-0.8709
-0.86392
-0.88604
-0.87365
-0.91375
-0.8882
-0.89717
-0.896
-0.90809
-0.88836
-0.88837
-0.88738
-0.85809
-0.88407
-0.86852
-0.86411
-0.89455
-0.90439
-0.9044
-0.87529
-0.88302
-0.88881
-0.90317
-0.88522
-0.88669
-0.8771
-0.8991
-0.9173
-0.92419
-0.91261
-0.95604
-0.9608
-0.93731
-0.9694
-0.94828
-0.95453
-0.89189
-1.22
0
0
0
-2.1305
0
0
0
0
0
0
0
0
0
0
0
0
0
0
0
0
0
0
0
0
0
0
0
0
0
0
0
0
0
0
0
0
0
0
0
0
0
0
0
-0.92434
-0.92634
-0.92951
-0.91858
-0.89849
-0.90394
62.0069
-0.89855
-0.90433
-0.90437
-0.90436
-0.88821
-0.88821
-0.88821
-0.88029
-0.92101
-0.89245
-0.88958
-0.91069
-0.90786
-0.90787
-0.88423
-0.88419
-0.88425
-0.87896
-0.87166
-0.89345
-0.88201
-0.9177
-0.89611
-0.90553
-0.90339
-0.91643
-0.89664
-0.89665
-0.894
-0.86636
-0.89143
-0.87573
-0.87131
-0.90296
-0.91286
-0.91287
-0.8841
-0.8935
-0.89623
-0.91196
-0.89272
-0.89539
-0.88581
-0.90797
-0.9262
-0.9331
-0.9216
-0.9652
-0.96668
-0.92623
-0.97933
-0.95605
-0.96465
-0.90188
0
0
0
0
0
0
0
0
-2.878
0
0
0
0
0
0
0
0
0
0
0
-4.7944
0
0
0
0
0
0
0
0
0
0
0
0
0
0
0
0
0
0
0
0
0
0
0
-0.9112
-0.91293
-0.91792
-0.90551
-0.88325
-0.88895
-0.89855
59.8717
-0.8898
-0.88982
-0.88981
-0.87407
-0.87406
-0.87407
-0.86574
-0.90638
-0.87781
-0.87432
-0.89591
-0.89311
-0.8931
-0.86961
-0.86957
-0.86963
-0.86429
-0.85724
-0.87878
-0.86737
-0.90341
-0.88137
-0.89076
-0.88825
-0.90162
-0.88196
-0.88197
-0.87918
-0.85184
-0.8767
-0.86115
-0.85691
-0.88823
-0.89807
-0.89808
-0.86921
-0.87644
-0.88157
-0.89703
-0.87808
-0.88065
-0.87113
-0.89314
-0.91129
-0.91816
-0.90672
-0.95009
-0.95159
-0.93064
-0.96439
-0.94132
-0.94983
-0.88741
-1.2159
0
0
0
0
0
0
0
0
0
0
0
0
0
0
0
0
0
0
0
0
0
0
0
0
0
0
0
0
-5.1648
0
0
0
0
0
0
0
0
0
0
0
0
0
0
-0.91624
-0.91778
-0.92163
-0.91079
-0.88974
-0.89618
-0.90433
-0.8898
55.1037
-0.89358
-0.89357
-0.88009
-0.88008
-0.88011
-0.87173
-0.91451
-0.88418
-0.88302
-0.90252
-0.89975
-0.89976
-0.87614
-0.8761
-0.87616
-0.87112
-0.86427
-0.88652
-0.87394
-0.91508
-0.88861
-0.89751
-0.89654
-0.90845
-0.88869
-0.88869
-0.88796
-0.85846
-0.8845
-0.86902
-0.8646
-0.89484
-0.9047
-0.9047
-0.87672
-0.88343
-0.88926
-0.90349
-0.88567
-0.88699
-0.87739
-0.89938
-0.91758
-0.92446
-0.91285
-0.95629
-0.96125
-0.93761
-0.9696
-0.94884
-0.95473
-0.89201
-1.2201
0
0
0
0
0
0
0
0
0
0
0
0
0
0
0
0
0
0
0
0
0
0
0
0
0
0
0
0
0
0
0
0
0
0
0
0
0
0
0
0
0
0
0
-0.91629
-0.91781
-0.92167
-0.91083
-0.88977
-0.89621
-0.90437
-0.88982
-0.89358
55.1057
-0.8936
-0.88013
-0.88012
-0.88013
-0.87176
-0.91455
-0.88421
-0.88305
-0.90255
-0.89978
-0.89979
-0.87618
-0.87613
-0.87619
-0.87115
-0.86431
-0.88656
-0.87397
-0.9151
-0.88866
-0.89756
-0.89657
-0.90849
-0.88872
-0.88872
-0.88801
-0.8585
-0.88453
-0.86905
-0.86464
-0.89487
-0.90472
-0.90474
-0.87676
-0.88347
-0.88929
-0.90351
-0.88569
-0.88702
-0.87741
-0.89941
-0.91761
-0.92451
-0.91288
-0.95634
-0.96129
-0.93765
-0.96964
-0.94887
-0.95476
-0.89205
-1.2202
0
0
0
0
0
0
0
0
0
0
0
0
0
0
0
0
0
0
0
0
0
0
0
0
0
0
0
0
0
0
0
0
0
0
0
0
0
0
0
0
0
0
0
-0.91627
-0.9178
-0.92165
-0.91082
-0.88976
-0.89621
-0.90436
-0.88981
-0.89357
-0.8936
55.1049
-0.88011
-0.8801
-0.88012
-0.87174
-0.91454
-0.88419
-0.88305
-0.90254
-0.89977
-0.89977
-0.87616
-0.87612
-0.87618
-0.87114
-0.8643
-0.88656
-0.87396
-0.91509
-0.88864
-0.89754
-0.89655
-0.90847
-0.8887
-0.88871
-0.88799
-0.85848
-0.8845
-0.86904
-0.86462
-0.89486
-0.90472
-0.90473
-0.87675
-0.88345
-0.88929
-0.90351
-0.88568
-0.887
-0.8774
-0.8994
-0.91759
-0.92449
-0.91287
-0.95632
-0.96127
-0.93764
-0.96963
-0.94887
-0.95476
-0.89203
-1.2202
0
0
0
0
0
0
0
0
0
0
0
0
0
0
0
0
0
0
0
0
0
0
0
0
0
0
0
0
0
0
0
0
0
0
0
0
0
0
0
0
0
0
0
-0.9005
-0.90195
-0.90582
-0.89498
-0.87402
-0.88021
-0.88821
-0.87407
-0.88009
-0.88013
-0.88011
52.9114
-0.86011
-0.8601
-0.85488
-0.89907
-0.86759
-0.86638
-0.88584
-0.88314
-0.88314
-0.85972
-0.85968
-0.85974
-0.85469
-0.84783
-0.86986
-0.8575
-0.89924
-0.87194
-0.88093
-0.87989
-0.89183
-0.87219
-0.87219
-0.87134
-0.84207
-0.86785
-0.85247
-0.84808
-0.87825
-0.88805
-0.88806
-0.86023
-0.86694
-0.87269
-0.88689
-0.86914
-0.87049
-0.86096
-0.8828
-0.90092
-0.9078
-0.8962
-0.93944
-0.94422
-0.9208
-0.95264
-0.93215
-0.93797
-0.87541
0
0
0
0
0
0
0
0
0
0
0
0
0
0
0
0
0
0
0
0
0
0
0
0
0
0
0
0
0
0
0
0
0
0
0
0
0
0
0
0
0
0
0
0
-0.90051
-0.90194
-0.90582
-0.89498
-0.87401
-0.8802
-0.88821
-0.87406
-0.88008
-0.88012
-0.8801
-0.86011
52.9109
-0.86009
-0.85487
-0.89906
-0.86758
-0.86637
-0.88583
-0.88313
-0.88313
-0.85972
-0.85967
-0.85973
-0.85469
-0.84782
-0.86986
-0.8575
-0.89923
-0.87192
-0.88094
-0.87988
-0.89182
-0.87218
-0.87218
-0.87133
-0.84206
-0.86785
-0.85245
-0.84807
-0.87824
-0.88805
-0.88806
-0.86024
-0.86693
-0.87268
-0.88688
-0.86912
-0.87048
-0.86094
-0.88279
-0.90092
-0.90778
-0.89618
-0.93943
-0.94422
-0.92079
-0.95263
-0.93213
-0.93796
-0.8754
0
0
0
0
0
0
0
0
0
0
0
0
0
0
0
0
0
0
0
0
0
0
0
0
0
0
0
0
0
0
0
0
0
0
0
0
0
0
0
0
0
0
0
0
-0.90051
-0.90196
-0.90582
-0.895
-0.87402
-0.88021
-0.88821
-0.87407
-0.88011
-0.88013
-0.88012
-0.8601
-0.86009
52.9116
-0.85488
-0.89907
-0.86758
-0.86638
-0.88584
-0.88314
-0.88314
-0.85972
-0.85968
-0.85975
-0.85469
-0.84783
-0.86987
-0.85751
-0.89924
-0.87194
-0.88095
-0.87991
-0.89183
-0.87217
-0.87219
-0.87134
-0.84208
-0.86785
-0.85245
-0.84808
-0.87826
-0.88806
-0.88806
-0.86023
-0.86695
-0.87269
-0.88689
-0.86913
-0.8705
-0.86095
-0.8828
-0.90093
-0.9078
-0.89619
-0.93944
-0.94422
-0.92081
-0.95264
-0.93214
-0.93798
-0.87542
0
0
0
0
0
0
0
0
0
0
0
0
0
0
0
0
0
0
0
0
0
0
0
0
0
0
0
0
0
0
0
0
0
0
0
0
0
0
0
0
0
0
0
0
-0.89234
-0.8937
-0.89762
-0.88672
-0.86569
-0.87177
-0.88029
-0.86574
-0.87173
-0.87176
-0.87174
-0.85488
-0.85487
-0.85488
50.5741
-0.8903
-0.85992
-0.85699
-0.8777
-0.87493
-0.87492
-0.85148
-0.85143
-0.85149
-0.84626
-0.83941
-0.86125
-0.84904
-0.88625
-0.86314
-0.87236
-0.87123
-0.88322
-0.86364
-0.86366
-0.8627
-0.83347
-0.8591
-0.84379
-0.83946
-0.86957
-0.87938
-0.87939
-0.85165
-0.85815
-0.86394
-0.87808
-0.86038
-0.86173
-0.85221
-0.87406
-0.89214
-0.89898
-0.88744
-0.93066
-0.9356
0
-0.94404
0
-0.92909
-0.86679
0
0
0
0
0
0
0
0
0
0
0
0
0
0
0
0
0
0
0
0
0
0
0
0
0
0
0
0
0
0
0
0
0
0
0
0
0
0
0
0
0
0
0
0
-0.93597
-0.93742
-0.94316
-0.92914
-0.90631
-0.91307
-0.92101
-0.90638
-0.91451
-0.91455
-0.91454
-0.89907
-0.89906
-0.89907
-0.8903
61.2133
-0.90187
-0.89634
-0.91985
-0.91701
-0.91702
-0.89332
-0.89327
-0.89333
-0.88763
-0.88047
-0.90149
-0.89096
-0.92471
-0.90492
-0.91452
-0.91045
-0.92552
-0.90575
-0.90576
-0.9008
-0.87535
-0.89942
-0.88365
-0.87969
-0.91208
-0.92211
-0.92212
-0.89199
-0.89989
-0.90454
-0.92133
-0.90105
-0.90486
-0.8953
-0.91776
-0.93605
-0.94298
-0.93149
-0.97519
0
0
0
0
0
0
0
0
0
0
0
0
0
0
0
0
0
0
0
0
0
0
0
0
0
0
0
0
0
0
0
0
0
0
0
0
0
0
0
0
0
0
0
-6.0441
0
0
-6.0438
0
0
0
-0.90452
-0.9059
-0.90979
-0.8989
-0.87775
-0.88402
-0.89245
-0.87781
-0.88418
-0.88421
-0.88419
-0.86759
-0.86758
-0.86758
-0.85992
-0.90187
49.4586
-0.86865
-0.89044
-0.88755
-0.88756
-0.86378
-0.86372
-0.86379
-0.85847
-0.85164
-0.87384
-0.86124
-0.89791
-0.87562
-0.88476
-0.88361
-0.89569
-0.87603
-0.87604
-0.87506
-0.84571
-0.87151
-0.85613
-0.85188
-0.88194
-0.89184
-0.89185
-0.86397
-0.87051
-0.87633
-0.89052
-0.87276
-0.8741
-0.86451
-0.88653
-0.90469
-0.91157
-0.89996
-0.94338
-0.94833
0
-0.95689
0
0
0
0
0
0
0
0
0
0
0
0
0
0
0
0
0
0
0
0
0
0
0
0
0
0
0
0
0
0
0
0
0
0
0
0
0
0
0
0
0
0
0
0
0
0
0
-0.90247
-0.9034
-0.90655
-0.89625
-0.87427
-0.88235
-0.88958
-0.87432
-0.88302
-0.88305
-0.88305
-0.86638
-0.86637
-0.86638
-0.85699
-0.89634
-0.86865
52.0185
-0.88699
-0.88418
-0.88417
-0.86063
-0.86059
-0.86065
-0.85514
-0.84819
-0.86961
-0.85808
-0.89323
-0.87195
-0.88143
-0.87965
-0.89232
-0.87272
-0.87273
-0.8708
-0.84243
-0.86736
-0.8519
-0.84762
-0.87868
-0.88856
-0.88857
-0.86037
-0.86703
-0.8723
-0.88736
-0.86876
-0.87098
-0.86146
-0.88359
-0.90173
-0.90859
-0.897
-0.94026
0
0
0
0
0
0
0
0
0
0
0
0
0
0
0
0
0
0
0
0
0
0
0
0
0
0
0
0
0
0
-4.6315
0
0
0
0
0
0
0
0
0
0
0
0
0
0
0
0
0
0
0
-0.9228
-0.92421
-0.92807
-0.91713
-0.89586
-0.90225
-0.91069
-0.89591
-0.90252
-0.90255
-0.90254
-0.88584
-0.88583
-0.88584
-0.8777
-0.91985
-0.89044
-0.88699
48.5423
-0.90641
-0.90641
-0.88203
-0.88199
-0.88206
-0.87688
-0.87021
-0.89345
-0.87964
-0.91738
-0.89484
-0.90353
-0.9025
-0.9146
-0.89482
-0.89482
-0.894
-0.86434
-0.89056
-0.87508
-0.87094
-0.90073
-0.91078
-0.91079
-0.88274
-0.88933
-0.89534
-0.90948
-0.89172
-0.89289
-0.8832
-0.90561
-0.92389
-0.93081
-0.91897
-0.96254
0
0
0
0
0
0
0
0
0
0
0
0
0
0
0
0
0
0
0
0
0
0
0
0
0
0
0
0
0
0
0
0
0
0
0
0
0
0
0
0
0
0
0
0
0
0
0
0
0
0
-0.91997
-0.92138
-0.92523
-0.9143
-0.89305
-0.89946
-0.90786
-0.89311
-0.89975
-0.89978
-0.89977
-0.88314
-0.88313
-0.88314
-0.87493
-0.91701
-0.88755
-0.88418
-0.90641
47.4236
-0.90224
-0.87848
-0.87843
-0.87849
-0.87357
-0.86688
-0.89064
-0.87638
-0.91696
-0.89173
-0.90039
-0.89932
-0.91147
-0.89172
-0.89172
-0.89084
-0.8612
-0.88733
-0.87189
-0.86779
-0.89755
-0.90762
-0.90763
-0.8796
-0.88619
-0.89231
-0.90645
-0.8887
-0.88985
-0.88014
-0.90256
-0.92086
-0.92776
-0.9158
0
0
0
0
0
0
0
0
0
0
0
0
0
0
0
0
0
0
0
0
0
0
0
0
0
0
0
0
0
0
0
0
0
0
0
0
0
0
0
0
0
0
0
0
0
0
0
0
0
0
0
-0.91997
-0.92138
-0.92522
-0.9143
-0.89306
-0.89946
-0.90787
-0.8931
-0.89976
-0.89979
-0.89977
-0.88314
-0.88313
-0.88314
-0.87492
-0.91702
-0.88756
-0.88417
-0.90641
-0.90224
47.4237
-0.87846
-0.87842
-0.87849
-0.87357
-0.86688
-0.89065
-0.87638
-0.91696
-0.89172
-0.90039
-0.89934
-0.91147
-0.89173
-0.89174
-0.89084
-0.8612
-0.88733
-0.8719
-0.86779
-0.89755
-0.90762
-0.90763
-0.87961
-0.8862
-0.89231
-0.90645
-0.8887
-0.88985
-0.88015
-0.90257
-0.92085
-0.92776
-0.91581
0
0
0
0
0
0
0
0
0
0
0
0
0
0
0
0
0
0
0
0
0
0
0
0
0
0
0
0
0
0
0
0
0
0
0
0
0
0
0
0
0
0
0
0
0
0
0
0
0
0
0
-0.89627
-0.89763
-0.90148
-0.89062
-0.86955
-0.87585
-0.88423
-0.86961
-0.87614
-0.87618
-0.87616
-0.85972
-0.85972
-0.85972
-0.85148
-0.89332
-0.86378
-0.86063
-0.88203
-0.87848
-0.87846
45.2609
-0.84822
-0.84828
-0.84886
-0.84171
-0.86852
-0.85185
-0.89535
-0.86653
-0.87574
-0.87441
-0.88674
-0.86718
-0.86718
-0.86584
-0.8365
-0.86205
-0.84679
-0.84269
-0.87266
-0.88267
-0.88268
-0.85486
-0.86144
-0.86751
-0.88169
-0.86396
-0.86523
-0.85562
-0.87794
-0.89614
-0.90302
0
0
0
0
0
0
0
0
0
0
0
0
0
0
0
0
0
0
0
0
0
0
0
0
0
0
0
0
0
0
0
0
0
0
0
0
0
0
0
0
0
0
0
0
0
0
0
0
0
0
0
0
-0.89622
-0.8976
-0.90144
-0.89057
-0.86951
-0.87581
-0.88419
-0.86957
-0.8761
-0.87613
-0.87612
-0.85968
-0.85967
-0.85968
-0.85143
-0.89327
-0.86372
-0.86059
-0.88199
-0.87843
-0.87842
-0.84822
45.2587
-0.84824
-0.84882
-0.84166
-0.86847
-0.85181
-0.89531
-0.86649
-0.87569
-0.87436
-0.8867
-0.86713
-0.86715
-0.8658
-0.83646
-0.862
-0.84675
-0.84265
-0.87261
-0.88263
-0.88263
-0.85482
-0.86139
-0.86748
-0.88165
-0.86391
-0.86519
-0.85558
-0.8779
-0.8961
-0.90297
0
0
0
0
0
0
0
0
0
0
0
0
0
0
0
0
0
0
0
0
0
0
0
0
0
0
0
0
0
0
0
0
0
0
0
0
0
0
0
0
0
0
0
0
0
0
0
0
0
0
0
0
-0.89629
-0.89766
-0.9015
-0.89063
-0.86957
-0.87587
-0.88425
-0.86963
-0.87616
-0.87619
-0.87618
-0.85974
-0.85973
-0.85975
-0.85149
-0.89333
-0.86379
-0.86065
-0.88206
-0.87849
-0.87849
-0.84828
-0.84824
45.2619
-0.84889
-0.84173
-0.86853
-0.85187
-0.89537
-0.86655
-0.87575
-0.87443
-0.88677
-0.86721
-0.86721
-0.86586
-0.83652
-0.86207
-0.84682
-0.84272
-0.87267
-0.88268
-0.88269
-0.85488
-0.86146
-0.86753
-0.88172
-0.86398
-0.86526
-0.85565
-0.87797
-0.89616
-0.90304
0
0
0
0
0
0
0
0
0
0
0
0
0
0
0
0
0
0
0
0
0
0
0
0
0
0
0
0
0
0
0
0
0
0
0
0
0
0
0
0
0
0
0
0
0
0
0
0
0
0
0
0
-0.89115
-0.89255
-0.89625
-0.88574
-0.86424
-0.8709
-0.87896
-0.86429
-0.87112
-0.87115
-0.87114
-0.85469
-0.85469
-0.85469
-0.84626
-0.88763
-0.85847
-0.85514
-0.87688
-0.87357
-0.87357
-0.84886
-0.84882
-0.84889
42.7491
-0.83659
-0.85761
-0.84606
-0.88668
-0.86119
-0.8702
-0.86827
-0.8811
-0.86157
-0.86156
-0.8594
-0.82995
-0.85461
-0.83972
-0.83561
-0.86614
-0.8763
-0.8763
-0.84916
-0.85512
-0.86118
-0.8754
-0.8577
-0.85876
-0.84883
0
0
0
0
0
0
0
0
0
0
0
0
0
0
0
0
0
0
0
0
0
0
0
0
0
0
0
0
-0.43451
0
0
0
0
0
0
0
0
0
0
0
0
0
0
0
0
0
0
0
0
0
0
0
0
0
0
-0.88513
-0.8853
-0.88892
-0.8782
-0.85718
-0.86392
-0.87166
-0.85724
-0.86427
-0.86431
-0.8643
-0.84783
-0.84782
-0.84783
-0.83941
-0.88047
-0.85164
-0.84819
-0.87021
-0.86688
-0.86688
-0.84171
-0.84166
-0.84173
-0.83659
44.0213
-0.84979
-0.83909
-0.88016
-0.84495
-0.86249
-0.86013
-0.87331
-0.85388
-0.85387
-0.85093
-0.82243
-0.84672
-0.83179
-0.82759
-0.85865
-0.86874
-0.86873
-0.8408
-0.84731
-0.8533
-0.86805
-0.84988
-0.85154
-0.84171
0
0
0
0
0
0
0
0
0
0
0
0
0
-2.0662
0
0
0
0
0
0
0
0
0
0
0
0
0
0
0
0
0
0
0
0
0
0
0
0
0
0
0
0
0
0
0
0
0
0
0
0
0
0
0
0
0
-0.90567
-0.9072
-0.91044
-0.90005
-0.87873
-0.88604
-0.89345
-0.87878
-0.88652
-0.88656
-0.88656
-0.86986
-0.86986
-0.86987
-0.86125
-0.90149
-0.87384
-0.86961
-0.89345
-0.89064
-0.89065
-0.86852
-0.86847
-0.86853
-0.85761
-0.84979
46.7149
-0.86069
-0.90353
-0.8745
-0.88469
-0.88261
-0.89571
-0.87613
-0.87612
-0.8734
-0.84519
-0.87002
-0.85446
-0.85057
-0.88143
-0.89156
-0.89157
-0.86319
-0.86985
-0.87576
-0.89081
-0.87226
-0.87416
-0.86426
0
0
0
0
0
0
0
0
0
0
0
0
0
0
0
0
0
0
0
0
0
0
0
0
0
0
0
0
0
0
0
0
0
0
0
0
0
0
0
0
0
0
-3.669
0
0
0
0
0
0
0
0
0
0
0
0
-0.89411
-0.89543
-0.89927
-0.88839
-0.86731
-0.87365
-0.88201
-0.86737
-0.87394
-0.87397
-0.87396
-0.8575
-0.8575
-0.85751
-0.84904
-0.89096
-0.86124
-0.85808
-0.87964
-0.87638
-0.87638
-0.85185
-0.85181
-0.85187
-0.84606
-0.83909
-0.86069
41.6058
-0.8889
-0.86411
-0.8741
-0.87151
-0.88478
-0.8651
-0.86511
-0.86229
-0.83293
-0.85738
-0.84251
-0.83883
-0.86896
-0.87927
-0.87928
-0.85163
-0.85833
-0.86432
-0.8786
-0.86089
-0.86191
0
0
0
0
0
0
0
0
0
0
0
0
0
0
0
0
0
0
0
0
0
0
0
0
0
0
0
0
0
0
0
0
0
0
0
0
0
0
0
0
0
0
0
0
0
0
0
0
0
0
0
0
0
0
0
0
-0.93562
-0.93272
-0.93482
-0.92487
-0.90335
-0.91375
-0.9177
-0.90341
-0.91508
-0.9151
-0.91509
-0.89924
-0.89923
-0.89924
-0.88625
-0.92471
-0.89791
-0.89323
-0.91738
-0.91696
-0.91696
-0.89535
-0.89531
-0.89537
-0.88668
-0.88016
-0.90353
-0.8889
51.2514
-0.90774
-0.91193
-0.90863
-0.92318
-0.9035
-0.9035
-0.89715
-0.87204
-0.89565
-0.87985
-0.87624
-0.90878
-0.91941
-0.91942
-0.88971
-0.89637
0
0
0
0
0
0
0
0
0
0
0
0
0
0
0
0
0
0
0
-2.5473
0
0
0
0
0
0
0
0
0
0
-4.408
0
0
0
0
0
0
0
0
0
0
0
0
0
0
0
0
0
0
0
0
0
0
0
0
0
0
0
0
-4.4751
-0.91263
-0.91002
-0.91375
-0.90275
-0.88132
-0.8882
-0.89611
-0.88137
-0.88861
-0.88866
-0.88864
-0.87194
-0.87192
-0.87194
-0.86314
-0.90492
-0.87562
-0.87195
-0.89484
-0.89173
-0.89172
-0.86653
-0.86649
-0.86655
-0.86119
-0.84495
-0.8745
-0.86411
-0.90774
43.051
-0.88693
-0.884
-0.89862
-0.87894
-0.87895
-0.87387
-0.84568
-0.8692
-0.8544
-0.85072
-0.88201
-0.89284
-0.89285
-0.86449
-0.87157
0
0
0
0
0
0
0
0
0
0
0
0
0
0
0
0
0
0
0
0
0
0
0
0
0
0
0
0
0
0
0
0
-4.3121
0
0
0
0
0
0
0
0
0
0
0
0
0
0
0
0
0
0
0
0
0
0
0
0
0
0
0
-0.91768
-0.91905
-0.92289
-0.91194
-0.89069
-0.89717
-0.90553
-0.89076
-0.89751
-0.89756
-0.89754
-0.88093
-0.88094
-0.88095
-0.87236
-0.91452
-0.88476
-0.88143
-0.90353
-0.90039
-0.90039
-0.87574
-0.87569
-0.87575
-0.8702
-0.86249
-0.88469
-0.8741
-0.91193
-0.88693
40.0775
-0.89251
-0.91115
-0.89104
-0.89104
-0.88895
-0.8581
-0.88439
-0.86943
-0.8671
-0.89427
-0.9054
-0.90541
-0.87766
-0.88487
-0.89011
0
0
0
0
0
0
0
0
0
0
0
0
0
0
0
0
0
0
0
0
0
0
0
0
0
0
0
0
0
0
0
0
0
0
0
0
0
0
0
0
0
0
0
0
0
0
0
0
0
0
0
0
0
0
0
0
0
0
0
-0.91706
-0.91798
-0.92173
-0.91009
-0.8882
-0.896
-0.90339
-0.88825
-0.89654
-0.89657
-0.89655
-0.87989
-0.87988
-0.87991
-0.87123
-0.91045
-0.88361
-0.87965
-0.9025
-0.89932
-0.89934
-0.87441
-0.87436
-0.87443
-0.86827
-0.86013
-0.88261
-0.87151
-0.90863
-0.884
-0.89251
40.5253
-0.91187
-0.89109
-0.8911
-0.88143
-0.85696
-0.88082
-0.86608
-0.86562
-0.89241
-0.90439
-0.9044
-0.87479
0
0
0
0
0
0
0
0
0
0
0
0
0
0
0
0
0
0
0
0
0
0
0
0
0
0
0
0
0
-2.2953
0
0
0
0
0
0
0
0
0
0
0
0
0
0
0
0
0
0
0
0
0
0
0
0
0
0
0
0
0
0
0
-0.92866
-0.93004
-0.93389
-0.9229
-0.90158
-0.90809
-0.91643
-0.90162
-0.90845
-0.90849
-0.90847
-0.89183
-0.89182
-0.89183
-0.88322
-0.92552
-0.89569
-0.89232
-0.9146
-0.91147
-0.91147
-0.88674
-0.8867
-0.88677
-0.8811
-0.87331
-0.89571
-0.88478
-0.92318
-0.89862
-0.91115
-0.91187
38.7873
-0.90293
-0.90292
-0.90275
-0.86807
-0.89743
-0.88207
-0.88239
-0.90519
-0.91775
-0.91776
-0.88978
0
0
0
0
0
0
0
0
0
0
0
0
0
0
0
0
0
0
0
0
0
0
0
0
0
0
0
0
0
0
0
0
0
0
0
0
0
0
0
0
0
0
0
0
0
0
0
0
0
0
0
0
0
0
0
0
0
0
0
0
0
-0.90887
-0.91018
-0.91399
-0.90314
-0.88192
-0.88836
-0.89664
-0.88196
-0.88869
-0.88872
-0.8887
-0.87219
-0.87218
-0.87217
-0.86364
-0.90575
-0.87603
-0.87272
-0.89482
-0.89172
-0.89173
-0.86718
-0.86713
-0.86721
-0.86157
-0.85388
-0.87613
-0.8651
-0.9035
-0.87894
-0.89104
-0.89109
-0.90293
37.0588
-0.85507
-0.88024
-0.83758
-0.88463
-0.8656
-0.86474
-0.88494
-0.89806
-0.89807
0
0
0
0
0
0
0
0
0
0
0
0
0
0
0
0
0
0
0
0
0
0
0
0
0
0
0
0
0
0
0
0
0
0
0
0
0
0
0
0
0
0
0
0
0
0
0
0
0
0
0
0
0
0
0
0
0
0
0
0
0
0
-0.90888
-0.91018
-0.914
-0.90316
-0.88192
-0.88837
-0.89665
-0.88197
-0.88869
-0.88872
-0.88871
-0.87219
-0.87218
-0.87219
-0.86366
-0.90576
-0.87604
-0.87273
-0.89482
-0.89172
-0.89174
-0.86718
-0.86715
-0.86721
-0.86156
-0.85387
-0.87612
-0.86511
-0.9035
-0.87895
-0.89104
-0.8911
-0.90292
-0.85507
37.059
-0.88025
-0.83758
-0.88464
-0.8656
-0.86475
-0.88495
-0.89807
-0.89807
0
0
0
0
0
0
0
0
0
0
0
0
0
0
0
0
0
0
0
0
0
0
0
0
0
0
0
0
0
0
0
0
0
0
0
0
0
0
0
0
0
0
0
0
0
0
0
0
0
0
0
0
0
0
0
0
0
0
0
0
0
0
-0.90758
-0.90898
-0.91246
-0.90104
-0.87911
-0.88738
-0.894
-0.87918
-0.88796
-0.88801
-0.88799
-0.87134
-0.87133
-0.87134
-0.8627
-0.9008
-0.87506
-0.8708
-0.894
-0.89084
-0.89084
-0.86584
-0.8658
-0.86586
-0.8594
-0.85093
-0.8734
-0.86229
-0.89715
-0.87387
-0.88895
-0.88143
-0.90275
-0.88024
-0.88025
38.1794
-0.82121
-0.88894
-0.86856
0
-0.87548
0
0
0
0
0
0
0
0
0
0
0
0
0
0
0
0
0
0
0
0
0
0
0
0
0
-1.5741
0
0
0
0
0
0
-2.2702
0
0
0
0
0
0
0
0
0
0
0
0
0
0
0
0
0
0
0
0
0
0
0
0
0
0
0
0
0
0
0
-0.87081
-0.87994
-0.88386
-0.87296
-0.85179
-0.85809
-0.86636
-0.85184
-0.85846
-0.8585
-0.85848
-0.84207
-0.84206
-0.84208
-0.83347
-0.87535
-0.84571
-0.84243
-0.86434
-0.8612
-0.8612
-0.8365
-0.83646
-0.83652
-0.82995
-0.82243
-0.84519
-0.83293
-0.87204
-0.84568
-0.8581
-0.85696
-0.86807
-0.83758
-0.83758
-0.82121
35.887
-0.843
-0.81338
0
-0.8408
0
0
0
0
0
0
0
0
0
0
0
0
0
0
0
0
0
0
0
0
0
0
0
0
0
0
0
0
0
0
-2.7316
0
0
0
0
0
0
0
0
0
0
0
0
0
0
0
0
0
0
0
0
0
0
0
0
0
0
0
0
0
0
0
0
0
-0.90382
-0.90527
-0.90849
-0.89808
-0.87665
-0.88407
-0.89143
-0.8767
-0.8845
-0.88453
-0.8845
-0.86785
-0.86785
-0.86785
-0.8591
-0.89942
-0.87151
-0.86736
-0.89056
-0.88733
-0.88733
-0.86205
-0.862
-0.86207
-0.85461
-0.84672
-0.87002
-0.85738
-0.89565
-0.8692
-0.88439
-0.88082
-0.89743
-0.88463
-0.88464
-0.88894
-0.843
38.3456
0
0
0
0
0
0
0
0
0
0
0
0
0
0
0
0
0
0
0
0
0
0
0
0
0
0
0
0
0
0
0
0
0
0
-2.4874
0
0
0
0
0
0
0
0
0
0
-3.3504
0
0
0
0
0
0
0
0
0
0
0
0
0
0
0
0
0
0
0
0
0
-0.88781
-0.88948
-0.89262
-0.88237
-0.86109
-0.86852
-0.87573
-0.86115
-0.86902
-0.86905
-0.86904
-0.85247
-0.85245
-0.85245
-0.84379
-0.88365
-0.85613
-0.8519
-0.87508
-0.87189
-0.8719
-0.84679
-0.84675
-0.84682
-0.83972
-0.83179
-0.85446
-0.84251
-0.87985
-0.8544
-0.86943
-0.86608
-0.88207
-0.8656
-0.8656
-0.86856
-0.81338
0
37.1121
0
0
0
0
0
0
0
0
0
0
0
0
0
0
0
0
0
0
0
0
0
0
0
0
0
0
0
0
-2.0257
0
0
0
0
0
0
0
0
0
0
0
0
0
0
0
0
0
0
0
0
0
0
0
0
0
0
0
0
0
-3.175
0
0
0
0
0
0
0
-0.88385
-0.88517
-0.88835
-0.87806
-0.85684
-0.86411
-0.87131
-0.85691
-0.8646
-0.86464
-0.86462
-0.84808
-0.84807
-0.84808
-0.83946
-0.87969
-0.85188
-0.84762
-0.87094
-0.86779
-0.86779
-0.84269
-0.84265
-0.84272
-0.83561
-0.82759
-0.85057
-0.83883
-0.87624
-0.85072
-0.8671
-0.86562
-0.88239
-0.86474
-0.86475
0
0
0
0
36.7855
0
0
0
0
0
0
0
0
0
0
0
0
0
0
0
0
0
0
0
0
0
0
0
0
0
0
0
-2.013
0
0
0
0
-2.4527
0
0
0
0
0
0
0
-2.2198
0
0
0
0
0
0
0
0
0
0
0
0
0
0
0
0
0
0
0
0
0
0
0
0
-0.91528
-0.91652
-0.92043
-0.90945
-0.88816
-0.89455
-0.90296
-0.88823
-0.89484
-0.89487
-0.89486
-0.87825
-0.87824
-0.87826
-0.86957
-0.91208
-0.88194
-0.87868
-0.90073
-0.89755
-0.89755
-0.87266
-0.87261
-0.87267
-0.86614
-0.85865
-0.88143
-0.86896
-0.90878
-0.88201
-0.89427
-0.89241
-0.90519
-0.88494
-0.88495
-0.87548
-0.8408
0
0
0
32.8549
0
0
0
0
0
0
0
0
0
0
0
0
0
0
0
0
0
0
0
0
0
0
0
0
0
0
0
0
0
0
0
0
0
0
0
0
0
0
0
0
0
0
0
0
0
0
0
0
0
0
0
0
0
0
0
0
0
0
0
0
0
0
0
0
-0.92518
-0.92639
-0.9303
-0.91937
-0.89802
-0.90439
-0.91286
-0.89807
-0.9047
-0.90472
-0.90472
-0.88805
-0.88805
-0.88806
-0.87938
-0.92211
-0.89184
-0.88856
-0.91078
-0.90762
-0.90762
-0.88267
-0.88263
-0.88268
-0.8763
-0.86874
-0.89156
-0.87927
-0.91941
-0.89284
-0.9054
-0.90439
-0.91775
-0.89806
-0.89807
0
0
0
0
0
0
31.5005
0
0
0
0
0
0
0
0
0
0
0
0
0
0
0
0
0
0
0
0
0
0
0
0
0
0
0
0
0
0
0
0
0
0
0
0
0
0
0
0
0
0
0
0
0
0
0
0
0
0
0
0
0
0
0
0
0
0
0
0
0
0
0
-0.92518
-0.92641
-0.93029
-0.91938
-0.89802
-0.9044
-0.91287
-0.89808
-0.9047
-0.90474
-0.90473
-0.88806
-0.88806
-0.88806
-0.87939
-0.92212
-0.89185
-0.88857
-0.91079
-0.90763
-0.90763
-0.88268
-0.88263
-0.88269
-0.8763
-0.86873
-0.89157
-0.87928
-0.91942
-0.89285
-0.90541
-0.9044
-0.91776
-0.89807
-0.89807
0
0
0
0
0
0
0
31.5008
0
0
0
0
0
0
0
0
0
0
0
0
0
0
0
0
0
0
0
0
0
0
0
0
0
0
0
0
0
0
0
0
0
0
0
0
0
0
0
0
0
0
0
0
0
0
0
0
0
0
0
0
0
0
0
0
0
0
0
0
0
0
-0.89598
-0.89716
-0.9022
-0.88876
-0.86914
-0.87529
-0.8841
-0.86921
-0.87672
-0.87676
-0.87675
-0.86023
-0.86024
-0.86023
-0.85165
-0.89199
-0.86397
-0.86037
-0.88274
-0.8796
-0.87961
-0.85486
-0.85482
-0.85488
-0.84916
-0.8408
-0.86319
-0.85163
-0.88971
-0.86449
-0.87766
-0.87479
-0.88978
0
0
0
0
0
0
0
0
0
0
30.4674
0
0
0
0
0
0
0
0
0
0
0
0
0
0
0
0
0
0
-1.6989
0
0
0
0
0
0
0
0
0
0
0
0
0
0
0
0
0
0
0
0
0
0
0
0
0
0
0
0
0
0
0
0
0
0
0
0
0
0
0
0
0
0
-0.90284
-0.90444
-0.90813
-0.89748
-0.87639
-0.88302
-0.8935
-0.87644
-0.88343
-0.88347
-0.88345
-0.86694
-0.86693
-0.86695
-0.85815
-0.89989
-0.87051
-0.86703
-0.88933
-0.88619
-0.8862
-0.86144
-0.86139
-0.86146
-0.85512
-0.84731
-0.86985
-0.85833
-0.89637
-0.87157
-0.88487
0
0
0
0
0
0
0
0
0
0
0
0
0
29.1178
0
-0.88027
0
0
0
0
0
0
0
0
0
0
0
0
0
0
0
0
0
0
0
0
0
0
0
-1.0191
0
0
0
0
0
0
0
0
0
0
0
0
0
0
0
0
0
0
0
0
0
0
0
0
0
0
0
0
0
0
0
0
0
0
-0.90854
-0.90991
-0.91313
-0.90285
-0.88153
-0.88881
-0.89623
-0.88157
-0.88926
-0.88929
-0.88929
-0.87269
-0.87268
-0.87269
-0.86394
-0.90454
-0.87633
-0.8723
-0.89534
-0.89231
-0.89231
-0.86751
-0.86748
-0.86753
-0.86118
-0.8533
-0.87576
-0.86432
0
0
-0.89011
0
0
0
0
0
0
0
0
0
0
0
0
0
0
28.6265
0
0
0
0
0
0
0
0
0
0
0
0
0
0
0
0
0
0
0
0
0
0
0
0
0
0
0
0
0
0
0
0
0
0
0
0
-3.0137
0
0
0
0
0
0
0
0
0
0
0
0
0
0
0
0
0
0
0
0
0
0
-0.92377
-0.92525
-0.92923
-0.91828
-0.89698
-0.90317
-0.91196
-0.89703
-0.90349
-0.90351
-0.90351
-0.88689
-0.88688
-0.88689
-0.87808
-0.92133
-0.89052
-0.88736
-0.90948
-0.90645
-0.90645
-0.88169
-0.88165
-0.88172
-0.8754
-0.86805
-0.89081
-0.8786
0
0
0
0
0
0
0
0
0
0
0
0
0
0
0
0
-0.88027
0
26.0147
0
0
0
0
0
0
0
0
0
0
0
0
0
0
0
0
0
0
0
0
0
0
0
0
0
0
0
0
0
0
0
0
0
0
0
0
0
0
0
0
0
0
0
0
0
0
0
0
0
0
0
0
0
0
0
0
0
0
-0.90502
-0.9063
-0.90954
-0.89927
-0.87803
-0.88522
-0.89272
-0.87808
-0.88567
-0.88569
-0.88568
-0.86914
-0.86912
-0.86913
-0.86038
-0.90105
-0.87276
-0.86876
-0.89172
-0.8887
-0.8887
-0.86396
-0.86391
-0.86398
-0.8577
-0.84988
-0.87226
-0.86089
0
0
0
0
0
0
0
0
0
0
0
0
0
0
0
0
0
0
0
27.4264
0
0
0
0
0
0
0
0
0
0
0
0
0
0
0
0
0
0
0
0
0
0
0
0
0
0
0
0
0
0
0
0
0
0
0
0
0
0
0
0
0
-2.8031
0
0
0
0
0
0
0
0
0
0
0
0
0
0
0
-0.90729
-0.90872
-0.91272
-0.9018
-0.8806
-0.88669
-0.89539
-0.88065
-0.88699
-0.88702
-0.887
-0.87049
-0.87048
-0.8705
-0.86173
-0.90486
-0.8741
-0.87098
-0.89289
-0.88985
-0.88985
-0.86523
-0.86519
-0.86526
-0.85876
-0.85154
-0.87416
-0.86191
0
0
0
0
0
0
0
0
0
0
0
0
0
0
0
0
0
0
0
0
24.6727
0
0
0
0
0
0
0
0
0
0
0
0
0
0
0
0
0
0
0
0
0
0
0
0
0
0
0
0
0
0
0
0
0
0
0
0
0
0
0
0
0
0
0
0
0
0
0
0
0
0
0
0
0
0
0
0
-0.8977
-0.8991
-0.90312
-0.89221
-0.87108
-0.8771
-0.88581
-0.87113
-0.87739
-0.87741
-0.8774
-0.86096
-0.86094
-0.86095
-0.85221
-0.8953
-0.86451
-0.86146
-0.8832
-0.88014
-0.88015
-0.85562
-0.85558
-0.85565
-0.84883
-0.84171
-0.86426
0
0
0
0
0
0
0
0
0
0
0
0
0
0
0
0
0
0
0
0
0
0
23.5509
0
0
0
0
0
0
0
0
0
0
0
0
0
0
0
0
0
0
0
0
0
0
0
0
0
0
0
0
0
0
0
0
0
0
0
0
0
0
0
0
0
0
0
0
0
0
0
0
0
0
0
0
0
0
0
-0.91969
-0.92129
-0.92537
-0.91434
-0.89309
-0.8991
-0.90797
-0.89314
-0.89938
-0.89941
-0.8994
-0.8828
-0.88279
-0.8828
-0.87406
-0.91776
-0.88653
-0.88359
-0.90561
-0.90256
-0.90257
-0.87794
-0.8779
-0.87797
0
0
0
0
0
0
0
0
0
0
0
0
0
0
0
0
0
0
0
0
0
0
0
0
0
0
21.5271
0
0
0
0
0
0
0
0
0
0
0
0
0
0
0
0
0
0
0
0
0
0
0
0
0
0
0
0
0
0
0
0
0
0
0
0
0
0
0
0
0
0
0
0
0
0
0
0
0
0
0
0
0
0
-0.93794
-0.93957
-0.94365
-0.93257
-0.91123
-0.9173
-0.9262
-0.91129
-0.91758
-0.91761
-0.91759
-0.90092
-0.90092
-0.90093
-0.89214
-0.93605
-0.90469
-0.90173
-0.92389
-0.92086
-0.92085
-0.89614
-0.8961
-0.89616
0
0
0
0
0
0
0
0
0
0
0
0
0
0
0
0
0
0
0
0
0
0
0
0
0
0
0
21.9639
0
0
0
0
0
0
0
0
0
0
0
0
0
0
0
0
0
0
0
0
0
0
0
0
0
0
0
0
0
0
0
0
0
0
0
0
0
0
0
0
0
0
0
0
0
0
0
0
0
0
0
0
0
-0.94485
-0.9465
-0.95057
-0.93948
-0.9181
-0.92419
-0.9331
-0.91816
-0.92446
-0.92451
-0.92449
-0.9078
-0.90778
-0.9078
-0.89898
-0.94298
-0.91157
-0.90859
-0.93081
-0.92776
-0.92776
-0.90302
-0.90297
-0.90304
0
0
0
0
0
0
0
0
0
0
0
0
0
0
0
0
0
0
0
0
0
0
0
0
0
0
0
0
22.1293
0
0
0
0
0
0
0
0
0
0
0
0
0
0
0
0
0
0
0
0
0
0
0
0
0
0
0
0
0
0
0
0
0
0
0
0
0
0
0
0
0
0
0
0
0
0
0
0
0
0
0
0
-0.93332
-0.93497
-0.93909
-0.92802
-0.90666
-0.91261
-0.9216
-0.90672
-0.91285
-0.91288
-0.91287
-0.8962
-0.89618
-0.89619
-0.88744
-0.93149
-0.89996
-0.897
-0.91897
-0.9158
-0.91581
0
0
0
0
0
0
0
0
0
0
0
0
0
0
0
0
0
0
0
0
0
0
0
0
0
0
0
0
0
0
0
0
19.1766
0
0
0
0
0
0
0
0
0
0
0
0
0
0
0
0
0
0
0
0
0
0
0
0
0
0
0
0
0
0
0
0
0
0
0
0
0
0
0
0
0
0
0
0
0
0
0
0
0
0
0
-0.97689
-0.97863
-0.98279
-0.9716
-0.95002
-0.95604
-0.9652
-0.95009
-0.95629
-0.95634
-0.95632
-0.93944
-0.93943
-0.93944
-0.93066
-0.97519
-0.94338
-0.94026
-0.96254
0
0
0
0
0
0
0
0
0
0
0
0
0
0
0
0
0
0
0
0
0
0
0
0
0
0
0
0
0
0
0
0
0
0
0
18.1705
0
0
0
0
0
0
0
0
0
0
0
0
0
0
0
0
0
0
0
0
0
0
0
0
0
0
0
0
0
0
0
0
0
0
0
0
0
0
0
0
0
0
0
0
0
0
0
0
0
0
-0.979
-0.98161
-0.98473
-0.97438
-0.95154
-0.9608
-0.96668
-0.95159
-0.96125
-0.96129
-0.96127
-0.94422
-0.94422
-0.94422
-0.9356
0
-0.94833
0
0
0
0
0
0
0
0
0
0
0
0
0
0
0
0
0
0
0
0
0
0
0
0
0
0
0
0
0
0
0
0
0
0
0
0
0
0
19.8394
0
0
0
0
0
0
0
0
0
0
0
0
0
0
0
0
0
0
0
0
0
0
0
0
0
0
0
0
0
0
0
0
0
0
0
-4.4886
0
0
0
0
0
0
0
0
0
0
0
0
0
-0.95444
-0.95879
-0.96178
-0.95157
-0.93058
-0.93731
-0.92623
-0.93064
-0.93761
-0.93765
-0.93764
-0.9208
-0.92079
-0.92081
0
0
0
0
0
0
0
0
0
0
0
0
0
0
0
0
0
0
0
0
0
0
0
0
0
0
0
0
0
0
0
0
0
0
0
0
0
0
0
0
0
0
16.8762
0
0
0
0
0
0
0
0
0
0
0
-1.3896
-2.3599
0
0
0
0
0
0
0
0
0
0
0
0
0
0
0
0
0
0
0
0
0
0
0
0
0
0
0
0
0
0
0
0
0
0
0
-0.99038
-0.99239
-0.99643
-0.98542
-0.96434
-0.9694
-0.97933
-0.96439
-0.9696
-0.96964
-0.96963
-0.95264
-0.95263
-0.95264
-0.94404
0
-0.95689
0
0
0
0
0
0
0
0
0
0
0
0
0
0
0
0
0
0
0
0
0
0
0
0
0
0
0
0
0
0
0
0
0
0
0
0
0
0
0
0
15.5098
0
0
0
0
0
0
0
0
0
0
0
0
0
0
0
0
0
0
0
0
0
0
0
0
0
0
0
0
0
0
0
0
0
0
0
0
0
0
0
0
0
0
0
0
0
0
0
-0.96825
-0.96931
-0.97224
-0.9622
-0.94125
-0.94828
-0.95605
-0.94132
-0.94884
-0.94887
-0.94887
-0.93215
-0.93213
-0.93214
0
0
0
0
0
0
0
0
0
0
0
0
0
0
0
0
0
0
0
0
0
0
0
0
0
0
0
0
0
0
0
0
0
0
0
0
0
0
0
0
0
0
0
0
16.1421
0
0
0
0
0
0
0
0
0
0
0
0
0
0
0
0
0
0
0
0
0
0
0
0
0
0
0
0
0
0
0
0
0
0
-2.8402
0
0
0
0
0
0
0
0
0
0
0
-0.97547
-0.97751
-0.98167
-0.97062
-0.94978
-0.95453
-0.96465
-0.94983
-0.95473
-0.95476
-0.95476
-0.93797
-0.93796
-0.93798
-0.92909
0
0
0
0
0
0
0
0
0
0
0
0
0
0
0
0
0
0
0
0
0
0
0
0
0
0
0
0
0
0
0
0
0
0
0
0
0
0
0
0
0
0
0
0
14.3313
0
0
0
0
0
0
0
0
0
0
0
0
0
0
0
0
0
0
0
0
0
0
0
0
0
0
0
0
0
0
0
0
0
0
0
0
0
0
0
0
0
0
0
0
0
-0.9128
-0.91468
-0.91889
-0.90791
-0.88735
-0.89189
-0.90188
-0.88741
-0.89201
-0.89205
-0.89203
-0.87541
-0.8754
-0.87542
-0.86679
0
0
0
0
0
0
0
0
0
0
0
0
0
0
0
0
0
0
0
0
0
0
0
0
0
0
0
0
0
0
0
0
0
0
0
0
0
0
0
0
0
0
0
0
0
13.3919
0
0
0
0
0
0
0
0
0
0
0
0
0
0
0
0
0
0
0
0
0
0
0
0
0
0
0
0
0
0
0
0
0
0
0
0
0
0
0
0
0
0
0
0
-1.2409
-1.244
-1.2481
-1.2369
-1.2158
-1.22
0
-1.2159
-1.2201
-1.2202
-1.2202
0
0
0
0
0
0
0
0
0
0
0
0
0
0
0
0
0
0
0
0
0
0
0
0
0
0
0
0
0
0
0
0
0
0
0
0
0
0
0
0
0
0
0
0
0
0
0
0
0
0
12.282
0
0
0
0
0
0
0
0
0
0
0
0
0
0
0
0
0
0
0
0
0
0
0
0
0
0
0
0
0
0
0
0
0
0
0
0
0
0
0
0
0
0
0
0
0
0
-1.7893
0
0
0
0
0
0
0
0
0
0
0
0
0
0
0
0
0
0
0
0
0
0
0
0
0
0
0
0
0
0
0
0
0
0
0
0
0
0
0
-1.6989
0
0
0
0
0
0
0
0
0
0
0
0
0
0
0
0
0
0
10.0526
0
0
-2.2103
0
0
0
0
0
0
0
-2.6803
0
0
0
0
0
-1.6737
0
0
0
0
0
0
0
0
0
0
0
0
0
0
0
0
0
0
0
0
0
0
0
0
0
0
0
0
0
0
0
0
0
0
0
0
0
0
0
0
0
0
0
0
0
0
0
0
0
0
-2.0662
0
0
0
0
0
0
0
0
0
0
0
0
0
0
0
0
0
0
0
0
0
0
0
0
0
0
0
0
0
0
0
0
0
0
0
0
0
10.0783
-2.5241
0
0
0
-2.6346
0
0
0
0
0
0
0
0
-2.8535
0
0
0
0
0
0
0
0
0
0
0
0
0
0
0
0
0
0
0
0
0
0
0
0
0
0
0
0
0
0
0
0
0
0
0
0
0
0
0
0
0
0
0
0
0
0
0
0
0
0
0
0
0
0
0
-2.5473
0
0
0
0
0
0
0
0
0
0
0
0
0
0
0
0
0
0
0
0
0
0
0
0
0
0
0
0
0
0
0
0
0
0
-2.5241
10.7131
0
0
0
0
0
0
0
0
0
-2.8553
-2.7865
0
0
0
0
0
0
0
0
0
0
0
0
0
0
0
0
0
0
0
0
0
0
0
0
0
0
0
0
0
-2.1377
-2.1521
0
0
0
-2.1305
0
0
0
0
0
0
0
0
0
0
0
0
0
0
0
0
0
0
0
0
0
0
0
0
0
0
0
0
0
0
0
0
0
0
0
0
0
0
0
0
0
0
0
0
0
0
0
0
0
0
0
0
0
0
0
0
-2.2103
0
0
8.6306
0
0
0
0
0
0
0
0
0
0
0
0
0
0
0
0
0
0
0
0
0
0
0
0
0
0
0
0
0
0
0
0
0
0
0
0
0
0
0
0
0
0
0
0
0
0
0
0
0
0
0
0
0
0
0
0
0
0
0
0
0
0
0
0
0
0
0
0
0
0
0
0
0
0
-1.5741
0
0
0
0
0
0
0
0
0
0
0
0
0
0
0
0
0
0
0
0
0
0
0
0
0
0
0
0
0
0
7.2673
0
0
-2.6715
-3.0216
0
0
0
0
0
0
0
0
0
0
0
0
0
0
0
0
0
0
0
0
0
0
0
0
0
0
0
0
0
0
0
0
0
0
0
0
0
0
0
0
0
0
0
0
0
0
0
0
0
0
0
0
0
0
0
0
0
0
0
0
0
0
0
0
0
0
0
0
0
0
0
0
-2.0257
-2.013
0
0
0
0
0
0
0
0
0
0
0
0
0
0
0
0
0
0
0
0
0
0
0
0
0
0
0
7.2984
0
0
0
0
0
0
0
0
0
0
0
0
0
0
0
0
0
0
0
0
0
0
0
0
0
0
0
0
0
0
0
0
-3.2597
0
0
0
0
0
0
0
0
0
0
0
0
0
0
0
0
0
0
0
0
0
0
0
0
0
0
0
0
0
0
0
0
0
0
0
0
0
0
0
0
0
0
0
0
0
0
0
0
0
0
0
0
0
0
0
0
0
0
0
0
-1.3896
0
0
0
0
0
0
-2.6346
0
0
0
0
7.4724
0
0
0
0
0
0
0
0
0
0
0
0
0
0
0
0
0
0
0
0
0
0
0
0
0
-3.4483
0
0
0
0
0
0
0
0
0
0
0
0
0
0
0
0
-2.878
0
0
0
0
0
0
0
0
0
0
0
0
0
0
0
0
0
0
0
0
0
0
0
0
0
0
0
0
0
0
0
0
0
0
0
0
0
0
0
0
0
0
0
0
0
0
0
0
0
-2.3599
0
0
0
0
0
0
0
0
0
-2.6715
0
0
7.9094
0
0
0
0
0
0
0
0
0
0
0
0
0
0
0
0
0
0
0
0
0
0
0
0
0
0
0
0
0
0
0
0
0
0
0
0
0
0
0
0
0
0
0
0
0
0
0
0
0
0
0
0
0
0
0
0
0
0
0
0
0
0
0
0
0
0
0
0
0
0
0
0
0
0
0
0
0
0
0
-1.0191
0
0
0
0
0
0
0
0
0
0
0
0
0
0
0
0
0
0
0
0
0
-3.0216
0
0
0
6.4979
0
0
0
0
0
0
0
0
0
0
0
0
0
0
0
0
0
0
0
0
0
0
0
0
0
0
0
0
0
0
0
0
-2.4572
0
-2.8934
0
0
0
0
0
0
0
0
0
0
0
0
0
0
0
0
0
0
0
0
0
0
0
0
0
0
0
0
0
0
0
0
0
0
0
-2.7316
0
0
0
0
0
0
0
0
0
0
0
0
0
0
0
0
0
0
0
0
0
0
0
0
0
0
0
0
0
0
0
0
0
0
9.2397
0
0
0
0
0
0
0
0
0
0
0
0
0
0
0
0
0
0
0
0
0
0
0
0
-3.6146
0
0
0
0
0
0
0
0
0
0
0
0
0
0
0
0
0
0
0
0
0
0
0
0
0
0
0
0
0
0
0
0
0
0
0
0
0
0
0
0
0
0
0
0
0
-2.4874
0
-2.4527
0
0
0
0
0
0
0
0
0
0
0
0
0
0
0
0
0
0
0
0
0
0
0
0
0
0
0
0
0
0
0
0
8.2559
0
0
0
0
0
0
0
0
0
0
0
0
0
0
0
0
0
0
0
0
0
0
0
0
0
0
-3.3158
0
0
0
0
0
0
0
0
0
0
0
0
0
0
0
0
0
0
0
0
0
0
0
0
0
0
0
0
0
0
0
0
0
0
0
0
-2.2953
0
0
0
-2.2702
0
0
0
0
0
0
0
0
0
0
0
0
0
0
0
0
0
0
0
0
0
0
0
0
0
0
-2.6803
0
0
0
0
0
0
0
0
0
0
7.2459
0
0
0
0
0
0
0
0
0
0
0
0
0
0
0
0
0
0
0
0
0
0
0
0
0
0
0
0
0
0
0
-4.4468
0
0
0
0
0
0
0
0
0
0
0
0
0
0
0
0
0
0
0
0
0
0
0
0
0
0
0
0
0
0
0
0
0
0
0
0
0
0
0
0
0
0
0
0
0
0
0
0
0
0
0
0
0
0
0
0
0
0
0
0
0
0
0
-2.8553
0
0
0
0
0
0
0
0
0
7.3021
0
0
0
0
0
0
0
0
0
0
0
0
0
0
0
0
0
0
0
0
0
0
0
0
0
0
0
0
0
0
0
0
0
0
0
0
0
0
0
0
0
0
0
0
0
0
0
0
0
0
0
0
0
0
0
0
0
0
-4.408
0
0
0
0
0
0
0
0
0
0
0
0
0
0
0
0
0
0
0
0
0
0
0
0
0
0
0
0
0
0
0
0
0
0
0
-2.7865
0
0
0
0
0
0
0
0
0
0
7.1945
0
0
0
0
0
0
0
0
0
0
0
0
0
0
0
0
0
0
0
0
0
0
0
0
0
0
0
0
0
0
0
0
0
0
0
0
0
0
0
0
0
0
0
0
0
0
0
0
0
0
0
0
0
0
0
0
0
0
0
0
0
0
0
0
0
0
0
0
0
0
0
0
0
0
0
0
0
0
0
0
0
0
0
0
0
0
0
0
0
0
0
0
0
0
0
0
0
0
0
0
0
0
0
0
0
6.5739
0
-3.2458
-3.3281
0
0
0
0
0
0
0
0
0
0
0
0
0
0
0
0
0
0
0
0
0
0
0
0
0
0
0
0
0
0
0
0
0
0
0
0
0
0
0
0
0
0
0
0
0
0
0
0
0
0
0
0
0
0
-4.3121
0
0
0
0
0
0
0
0
0
0
0
0
0
0
0
0
0
0
0
0
0
0
0
0
0
0
0
0
0
0
0
0
0
-2.8535
0
0
0
0
0
0
0
0
0
0
0
0
0
7.1657
0
0
0
0
0
0
0
0
0
0
0
0
0
0
0
0
0
0
0
0
0
0
0
0
0
0
0
0
0
0
0
0
0
0
0
0
0
0
0
0
0
0
0
0
0
0
0
0
0
0
0
-0.43451
0
0
0
0
0
0
0
0
0
0
0
0
0
0
0
0
0
0
0
0
0
0
0
0
0
0
0
0
0
0
0
0
0
0
0
0
0
0
0
0
0
0
0
0
0
0
0
0
0
0
0
-3.2458
0
3.6803
0
0
0
0
0
0
0
0
0
0
0
0
0
0
0
0
0
0
0
0
0
0
0
0
0
0
0
0
0
0
0
0
0
0
0
0
0
0
0
0
0
0
0
0
0
0
0
0
0
0
0
0
0
0
0
0
0
0
0
0
0
0
0
0
0
0
0
0
0
0
0
0
0
0
0
0
0
0
0
0
0
0
0
0
0
0
0
0
-1.6737
0
0
0
0
0
0
0
0
0
0
0
0
0
-3.3281
0
0
5.0017
0
0
0
0
0
0
0
0
0
0
0
0
0
0
0
0
0
0
0
0
0
0
0
0
0
0
0
0
0
0
0
0
0
0
0
0
0
0
0
0
0
0
0
0
0
0
0
0
0
0
0
0
0
0
0
0
0
0
0
0
0
0
0
0
-2.2198
0
0
0
0
0
0
0
0
0
0
0
0
0
0
0
0
0
0
0
0
0
0
0
0
0
0
0
0
0
0
0
0
0
0
0
0
0
0
0
0
2.2198
0
0
0
0
0
0
0
0
0
0
0
0
0
0
0
0
0
0
0
0
0
0
0
0
0
0
0
0
0
0
-4.7944
0
0
0
0
0
0
0
0
0
0
0
0
0
0
0
0
0
0
0
0
0
0
0
0
0
0
0
0
0
0
0
0
0
0
0
0
0
0
0
0
0
0
0
0
0
0
0
0
0
0
0
0
0
0
0
0
0
0
0
0
0
0
0
0
0
0
0
0
0
0
0
0
0
0
4.7944
0
0
0
0
0
0
0
0
0
0
0
0
0
0
0
0
0
0
0
0
0
0
0
0
0
0
0
0
0
0
0
0
0
0
0
0
0
0
0
0
0
0
0
0
0
0
0
0
0
0
0
0
0
0
0
0
0
0
0
0
0
0
0
0
0
0
0
0
-3.0137
0
0
0
0
0
0
0
0
0
0
0
0
0
0
0
0
0
0
0
0
0
0
0
0
0
0
0
0
0
0
0
0
0
0
0
0
3.0137
0
0
0
0
0
0
0
0
0
0
0
0
0
0
0
0
0
0
0
0
0
0
0
0
0
0
0
0
0
0
0
0
0
0
0
0
0
0
0
0
0
0
0
0
0
0
0
0
0
0
0
0
0
0
0
0
0
0
0
-3.3504
0
0
0
0
0
0
0
0
0
0
0
0
0
0
0
0
0
0
0
0
0
0
0
0
0
0
0
0
0
0
0
0
0
0
0
0
0
0
0
0
0
0
0
0
0
3.3504
0
0
0
0
0
0
0
0
0
0
0
0
0
0
0
0
0
0
0
0
0
0
0
-6.3764
0
0
0
0
0
0
0
0
0
0
0
0
0
0
0
0
0
0
0
0
0
0
0
0
0
0
0
0
0
0
0
0
0
0
0
0
0
0
0
0
0
0
0
0
0
0
0
0
0
0
0
0
0
0
0
0
0
0
0
0
0
0
0
0
0
0
0
0
0
0
0
0
0
0
0
0
0
0
0
0
0
6.3764
0
0
0
0
0
0
0
0
0
0
0
0
0
0
0
0
0
0
0
0
0
0
0
0
0
0
0
0
0
0
0
0
0
0
0
0
0
-4.6315
0
0
0
0
0
0
0
0
0
0
0
0
0
0
0
0
0
0
0
0
0
0
0
0
0
0
0
0
0
0
0
0
0
0
0
0
0
0
0
0
0
0
0
0
0
0
0
0
0
0
0
0
0
0
0
0
0
0
0
0
0
0
0
0
0
0
0
4.6315
0
0
0
0
0
0
0
0
0
0
0
0
0
0
0
0
0
0
0
0
0
-6.3763
0
0
0
0
0
0
0
0
0
0
0
0
0
0
0
0
0
0
0
0
0
0
0
0
0
0
0
0
0
0
0
0
0
0
0
0
0
0
0
0
0
0
0
0
0
0
0
0
0
0
0
0
0
0
0
0
0
0
0
0
0
0
0
0
0
0
0
0
0
0
0
0
0
0
0
0
0
0
0
0
0
0
0
6.3763
0
0
0
0
0
0
0
0
0
0
0
0
0
0
0
0
0
0
0
0
0
-6.319
0
0
0
0
0
0
0
0
0
0
0
0
0
0
0
0
0
0
0
0
0
0
0
0
0
0
0
0
0
0
0
0
0
0
0
0
0
0
0
0
0
0
0
0
0
0
0
0
0
0
0
0
0
0
0
0
0
0
0
0
0
0
0
0
0
0
0
0
0
0
0
0
0
0
0
0
0
0
0
0
0
0
0
6.319
0
0
0
0
0
0
0
0
0
0
0
0
0
0
0
0
0
0
-6.2561
0
0
0
0
0
0
0
0
0
0
0
0
0
0
0
0
0
0
0
0
0
0
0
0
0
0
0
0
0
0
0
0
0
0
0
0
0
0
0
0
0
0
0
0
0
0
0
0
0
0
0
0
0
0
0
0
0
0
0
0
0
0
0
0
0
0
0
0
0
0
0
0
0
0
0
0
0
0
0
0
0
0
0
0
0
0
6.2561
0
0
0
0
0
0
0
0
0
0
0
0
0
0
0
0
0
0
0
0
0
0
0
0
0
0
0
0
0
0
0
0
0
0
0
0
0
0
0
0
0
0
0
0
0
0
0
0
0
0
0
0
0
0
0
0
0
0
0
0
0
0
0
-2.8031
0
0
0
0
0
0
0
0
0
0
0
0
0
0
0
0
0
0
0
0
0
0
0
0
0
0
0
0
0
0
0
0
0
0
0
0
0
0
0
0
0
2.8031
0
0
0
0
0
0
0
0
0
0
0
0
0
0
0
0
0
0
0
0
0
0
-5.1648
0
0
0
0
0
0
0
0
0
0
0
0
0
0
0
0
0
0
0
0
0
0
0
0
0
0
0
0
0
0
0
0
0
0
0
0
0
0
0
0
0
0
0
0
0
0
0
0
0
0
0
0
0
0
0
0
0
0
0
0
0
0
0
0
0
0
0
0
0
0
0
0
0
0
0
0
0
0
0
0
0
0
5.1648
0
0
0
0
0
0
0
0
0
0
0
0
0
0
0
0
0
0
0
0
0
0
0
0
0
0
0
0
0
0
0
0
0
0
0
0
0
0
0
0
0
0
0
0
0
0
0
0
0
0
0
0
0
0
0
0
0
0
0
0
0
0
0
0
0
0
0
0
0
-4.4886
0
0
0
0
0
0
0
0
0
0
0
0
0
0
0
0
0
0
0
0
0
0
0
0
0
0
0
0
0
0
0
0
0
0
0
4.4886
0
0
0
0
0
0
0
0
0
0
0
0
0
0
0
0
0
0
0
0
0
0
0
0
0
0
0
0
0
0
0
0
0
0
0
0
0
0
0
-3.669
0
0
0
0
0
0
0
0
0
0
0
0
0
0
0
0
0
0
0
0
0
0
0
0
0
0
0
0
0
0
0
0
0
0
0
0
0
0
0
0
0
0
0
0
0
0
0
0
0
0
0
0
0
0
0
0
0
0
0
0
0
0
0
0
0
3.669
0
0
0
0
0
0
0
0
0
0
0
0
0
0
0
0
0
0
0
0
0
0
0
0
0
0
0
0
0
0
0
0
0
0
0
0
0
0
0
0
0
0
0
0
0
0
0
0
0
0
0
0
0
0
0
0
0
0
0
0
0
0
0
0
0
0
0
0
0
0
-2.8402
0
0
0
0
0
0
0
0
0
0
0
0
0
0
0
0
0
0
0
0
0
0
0
0
0
0
0
0
0
0
0
0
0
0
2.8402
0
0
0
0
0
0
0
0
0
0
0
0
0
0
0
0
0
0
0
0
0
0
0
0
0
0
0
0
0
0
0
0
0
0
0
0
0
0
0
0
0
0
0
0
0
0
0
0
0
0
0
0
0
0
0
0
0
0
0
0
0
0
0
0
0
0
0
0
0
0
0
0
0
0
0
0
0
0
0
-3.4483
0
0
0
0
0
0
0
0
0
0
0
0
0
0
0
0
0
0
0
0
0
0
0
0
0
3.4483
0
0
0
0
0
0
0
0
0
0
0
0
0
0
-5.1627
0
0
0
0
0
0
0
0
0
0
0
0
0
0
0
0
0
0
0
0
0
0
0
0
0
0
0
0
0
0
0
0
0
0
0
0
0
0
0
0
0
0
0
0
0
0
0
0
0
0
0
0
0
0
0
0
0
0
0
0
0
0
0
0
0
0
0
0
0
0
0
0
0
0
0
0
0
0
0
0
0
0
0
0
0
0
0
0
0
0
5.1627
0
0
0
0
0
0
0
0
0
0
0
0
0
0
0
0
0
0
0
0
0
0
0
0
0
0
0
0
0
0
0
0
0
0
0
0
0
0
0
0
0
0
0
0
0
0
0
0
0
0
0
0
0
0
0
0
0
0
0
0
0
0
0
0
0
0
0
0
0
0
0
0
0
0
0
0
0
0
0
0
-3.6146
0
0
0
0
0
0
0
0
0
0
0
0
0
0
0
0
0
0
0
0
0
0
0
0
3.6146
0
0
0
0
0
0
0
0
0
0
0
0
0
0
0
0
0
0
0
0
0
0
0
0
0
0
0
0
0
0
0
0
0
0
0
0
0
0
0
0
0
0
0
0
0
0
-3.175
0
0
0
0
0
0
0
0
0
0
0
0
0
0
0
0
0
0
0
0
0
0
0
0
0
0
0
0
0
0
0
0
0
0
0
0
0
0
0
0
0
0
0
0
0
0
0
0
0
0
0
0
0
0
0
0
0
0
3.175
0
0
0
0
0
0
0
0
0
0
0
0
0
0
0
0
0
0
0
0
0
0
-6.0441
0
0
0
0
0
0
0
0
0
0
0
0
0
0
0
0
0
0
0
0
0
0
0
0
0
0
0
0
0
0
0
0
0
0
0
0
0
0
0
0
0
0
0
0
0
0
0
0
0
0
0
0
0
0
0
0
0
0
0
0
0
0
0
0
0
0
0
0
0
0
0
0
0
0
0
0
0
0
0
0
0
0
6.0441
0
0
0
0
0
0
0
0
0
0
0
0
0
0
0
0
0
0
0
0
0
0
0
0
0
0
0
0
0
0
0
0
0
0
0
0
0
0
0
0
0
0
0
0
0
0
0
0
0
0
0
0
0
0
0
0
0
0
0
0
0
0
0
0
0
0
0
0
0
0
0
0
0
0
0
0
0
0
-3.3158
0
0
0
0
0
0
0
0
0
0
0
0
0
0
0
0
0
0
0
0
0
0
0
0
0
0
3.3158
0
0
0
0
0
0
0
0
0
0
0
0
0
0
0
0
0
0
0
0
0
0
0
0
0
0
0
0
0
0
0
0
0
0
0
0
0
0
0
0
0
0
0
0
0
0
0
0
0
0
0
0
0
0
0
0
0
0
0
0
0
0
0
0
0
0
0
0
0
0
0
0
-3.2597
0
0
0
0
0
0
0
0
0
0
0
0
0
0
0
0
0
0
0
0
0
0
0
0
0
0
0
0
0
0
0
0
3.2597
0
0
0
0
0
0
0
0
0
0
0
0
0
0
0
0
0
0
0
-6.0438
0
0
0
0
0
0
0
0
0
0
0
0
0
0
0
0
0
0
0
0
0
0
0
0
0
0
0
0
0
0
0
0
0
0
0
0
0
0
0
0
0
0
0
0
0
0
0
0
0
0
0
0
0
0
0
0
0
0
0
0
0
0
0
0
0
0
0
0
0
0
0
0
0
0
0
0
0
0
0
0
0
0
0
0
0
6.0438
0
0
0
-6.6539
0
0
0
0
0
0
0
0
0
0
0
0
0
0
0
0
0
0
0
0
0
0
0
0
0
0
0
0
0
0
0
0
0
0
0
0
0
0
0
0
0
0
0
0
0
0
0
0
0
0
0
0
0
0
0
0
0
0
0
0
0
0
0
0
0
0
0
0
0
0
0
0
0
0
0
0
0
0
0
0
0
0
0
0
0
0
0
0
0
0
0
0
0
0
0
0
0
0
0
0
0
6.6539
0
0
0
0
0
0
0
0
0
0
0
0
0
0
0
0
0
0
0
0
0
0
0
0
0
0
0
0
0
0
0
0
0
0
0
0
0
0
0
0
0
0
0
0
0
0
0
0
0
0
0
0
0
0
0
0
0
0
0
0
0
0
0
0
0
0
0
0
0
0
0
0
-2.4572
0
0
0
0
0
0
0
0
0
0
0
0
0
0
0
0
0
0
0
0
0
0
0
0
0
0
0
0
0
0
0
0
2.4572
0
0
0
0
0
0
0
0
0
0
0
0
0
0
0
0
0
0
0
0
0
0
0
0
0
0
0
0
0
-4.4751
0
0
0
0
0
0
0
0
0
0
0
0
0
0
0
0
0
0
0
0
0
0
0
0
0
0
0
0
0
0
0
0
0
0
0
0
0
0
0
0
0
0
0
0
0
0
0
0
0
0
0
0
0
0
0
0
0
0
0
0
0
0
0
0
0
0
0
0
0
0
0
0
0
0
0
4.4751
