1
0.95899
0.94078
0.92575
0.91451
0.90563
0.89167
0.8792
0.86831
0.85873
0.85047
0.84319
0.83666
0.8305
0.82473
0.81905
0.81366
0.80829
0.80306
0.79763
0.79227
0.78681
0.78156
0.7763
0.77126
0.76628
0.76154
0.75692
0.75259
0.74842
0.74453
0.74077
0.73715
0.73347
0.72968
0.72561
0.72121
0.71642
0.71134
0.70614
0.70111
0.69645
0.69227
0.68859
0.6854
0.68267
0.68033
0.67831
0.67651
0.67485
0.67319
0.67142
0.6694
0.66706
0.66435
0.66127
0.65788
0.65427
0.65053
0.64676
0.64304
0.63945
0.63606
0.63292
0.63005
0.62744
0.62511
0.623
0.62108
0.6193
0.61764
0.61606
0.61454
0.61303
0.61153
0.61
0.60844
0.60685
0.60521
0.60353
0.60181
0.60004
0.59823
0.59637
0.59446
0.5925
0.5905
0.58846
0.58639
0.58433
0.58228
0.58028
0.57834
0.57648
0.57469
