1
0.96809
0.95654
0.94852
0.94339
0.9384
0.93456
0.93064
0.9278
0.9248
0.92272
0.9205
0.91901
0.91253
0.90675
0.90124
0.8961
0.89119
0.88655
0.88203
0.87769
0.87341
0.8692
0.86499
0.86075
0.8564
0.8519
0.84715
0.84213
0.83686
0.83149
0.82626
0.82146
0.81728
0.81378
0.81093
0.80866
0.8068
0.8051
0.80328
0.80102
0.79803
0.79415
0.78964
0.78517
0.78133
0.77827
0.77589
0.77402
0.77251
0.77126
0.77021
0.76934
0.76862
0.76804
0.76759
0.76725
0.76699
0.7668
0.76665
0.76654
0.76645
0.76639
0.76635
0.76633
0.76634
0.76638
0.76644
0.76654
0.76666
0.7668
0.76697
0.76716
0.76737
0.76759
0.76781
0.76804
0.76827
0.76847
0.76865
0.7688
0.76889
0.76893
0.7689
0.76882
0.76868
0.76851
0.7683
0.7681
0.76791
0.76776
0.76765
0.76759
0.76757
0.7676
0.76767
0.76776
0.76789
0.76803
0.76819
0.76835
0.76851
0.76866
0.7688
0.76893
0.76903
0.76911
0.76915
0.76916
0.76914
0.76908
0.76899
0.76887
0.76871
0.76853
0.76833
0.76812
0.76789
0.76767
0.76744
0.76722
0.76701
0.76682
0.76664
0.76649
0.76635
0.76623
0.76614
0.76606
0.76601
0.76599
0.76599
0.76604
0.76612
0.76624
0.76642
0.76665
0.76695
0.7673
0.76772
0.7682
0.76874
0.76933
0.76996
0.77063
0.77131
0.772
0.77269
0.77336
0.77401
0.77462
0.7752
0.77574
0.77623
0.77668
0.77708
0.77744
0.77776
0.77804
0.77829
0.7785
0.77868
