1
0.96816
0.95372
0.94534
0.93921
0.93502
0.9316
0.92933
0.92733
0.92591
0.9246
0.9235
0.92253
0.91712
0.91212
0.90724
0.90255
0.89795
0.89355
0.8892
0.88506
0.881
0.87713
0.87338
0.86983
0.86642
0.86322
0.86023
0.8575
0.85504
0.85284
0.85082
0.84897
0.8472
0.84548
0.84375
0.84197
0.84012
0.83822
0.83629
0.83438
0.83253
0.83079
0.82917
0.82768
0.82631
0.825
0.82369
0.82235
0.82096
0.81949
0.81796
0.81638
0.81475
0.81309
0.81141
0.80973
0.80805
0.80636
0.80466
0.80296
0.80125
0.79955
0.79787
0.79622
0.79461
0.79306
0.79157
0.79014
0.78878
0.78749
0.78626
0.78508
0.78395
0.78285
0.78177
0.7807
0.77963
0.77855
0.77747
0.77639
0.77531
0.77427
0.77326
0.77231
0.77143
0.77059
0.76979
0.76899
0.76816
0.76729
0.76636
0.76535
0.76427
0.76314
0.76195
0.76072
0.75947
0.75819
0.75692
0.75565
0.7544
0.75317
0.75197
0.75082
0.7497
0.74865
0.74764
0.74669
0.7458
0.74496
0.74417
0.74342
0.74271
0.74201
0.74134
0.74068
0.74003
0.73939
0.73876
0.73814
0.73756
0.737
0.73649
0.73602
0.73561
0.73527
0.73498
0.73475
0.73456
0.7344
0.73425
0.7341
0.73394
0.73375
0.73353
0.73328
0.73301
0.73272
0.73241
0.73209
0.73177
0.73144
0.73113
0.73083
0.73055
0.73029
0.73005
0.72985
0.72968
0.72953
0.72941
0.72932
0.72923
0.72916
0.72908
0.729
0.72891
0.72881
0.7287
0.72857
0.72842
