1
0.96566
0.94889
0.94338
0.93834
0.93366
0.93002
0.92286
0.91652
0.91105
0.9106
0.9103
0.90504
0.90045
0.89629
0.89248
0.88894
0.88567
0.8826
0.87975
0.87705
0.87451
0.87208
0.86978
0.86754
0.86534
0.86315
0.86098
0.85883
0.85668
0.85452
0.85234
0.85014
0.84791
0.84565
0.84336
0.84105
0.83873
0.83641
0.83409
0.83179
0.82953
0.8273
0.82512
0.82299
0.82092
0.8189
0.81697
0.81512
0.81336
0.81168
0.81007
0.80853
0.80704
0.80559
0.80418
0.80279
0.80142
0.80007
0.79872
0.79738
0.79602
0.79466
0.79329
0.79192
0.79053
0.78914
0.78774
0.78632
0.7849
0.78347
0.78203
0.78057
0.7791
0.7776
0.77609
0.77456
0.77303
0.7715
0.76998
0.76846
0.76696
0.76547
0.76401
0.76257
0.76116
0.75979
0.75844
0.75712
0.75582
0.75454
0.75328
0.75202
0.75078
0.74955
0.74834
0.74715
0.74598
0.74484
0.74372
0.74262
0.74153
0.74044
0.73933
0.73822
0.7371
0.73598
0.73486
0.73374
0.73263
0.73152
0.73042
0.72933
0.72826
0.7272
0.72617
0.72515
0.72416
0.72318
0.72221
0.72123
0.72024
0.71923
0.71821
0.71717
0.71612
0.71506
