1
0.97235
0.96611
0.96331
0.95877
0.95705
0.95505
0.9537
0.95056
0.94751
0.94478
0.94211
0.93956
0.93957
0.93711
0.93477
0.93253
0.9304
0.92836
0.92644
0.92462
0.92291
0.9213
0.9198
0.91837
0.91703
0.91575
0.91453
0.91335
0.9122
0.91107
0.90997
0.90891
0.90788
0.90688
0.90591
0.90498
0.90408
0.9032
0.90234
0.9015
0.90068
0.89988
0.89909
0.89834
0.89761
0.89691
0.89623
0.89559
0.89499
0.89445
0.89396
0.89354
0.89318
0.89289
0.89267
0.89251
0.89241
0.89235
0.89231
0.89228
0.89225
0.89219
0.89209
0.89196
0.89178
0.89154
0.89126
0.89093
0.89054
0.89011
0.88964
0.88913
0.88858
0.88799
0.88736
0.8867
0.88599
0.88524
0.88443
0.88358
0.88268
0.88173
0.88074
0.87971
0.87865
0.87756
0.87644
0.87531
0.87416
0.87301
0.87185
0.87069
0.86953
0.86837
0.86721
0.86605
0.86488
0.86371
0.86253
0.86135
0.86017
0.85898
0.8578
0.85662
0.85545
0.85428
0.85314
0.85202
0.85093
0.84988
0.84888
0.84794
0.84706
0.84626
0.84555
0.84491
0.84436
0.84389
0.8435
0.84318
0.84292
0.8427
0.84253
0.84238
0.84226
0.84215
0.84204
0.84194
0.84184
0.84173
0.84161
0.84147
0.84133
0.84117
0.84099
0.8408
0.84059
0.84037
0.84014
0.83989
0.83964
0.83937
0.83909
0.83881
0.83853
0.83824
0.83795
0.83767
0.83739
0.83711
0.83683
0.83656
0.83628
0.83601
0.83573
0.83545
0.83517
0.83488
0.83459
0.83429
0.83397
0.83365
0.83331
0.83296
0.83259
0.83219
0.83178
0.83134
0.83087
0.83038
0.82987
0.82935
0.8288
0.82825
0.8277
0.82714
0.82659
0.82604
0.8255
