1
0.97021
0.95759
0.94865
0.94207
0.93692
0.92847
0.92089
0.91408
0.90783
0.90225
0.89704
0.89238
0.888
0.88406
0.88034
0.87693
0.87368
0.87064
0.86771
0.86492
0.8622
0.85958
0.85701
0.85447
0.85196
0.84947
0.84698
0.84451
0.84207
0.83967
0.83731
0.835
0.83274
0.83053
0.82836
0.82621
0.82406
0.82189
0.81969
0.81745
0.81519
0.81291
0.81065
0.80843
0.80626
0.80417
0.80216
0.80022
0.79836
0.79657
0.79483
0.79312
0.79144
0.78976
0.78808
0.78638
0.78467
0.78295
0.78122
0.77951
0.77782
0.77616
0.77453
0.77293
0.77137
0.76984
0.76835
0.76688
0.76544
0.76404
0.76267
0.76132
0.76001
0.75872
0.75746
0.7562
0.75495
0.75371
0.75247
0.75123
0.74999
0.74875
0.74751
0.74626
0.745
0.74374
0.74248
0.74121
0.73993
0.73865
0.73735
0.73604
0.73472
0.73338
0.73204
0.73069
0.72933
0.72798
0.72661
0.72525
0.72389
0.72252
0.72113
0.71972
0.71828
0.71682
0.71532
0.7138
0.71226
0.71069
0.7091
0.7075
0.70589
0.70429
0.70269
0.70109
0.69952
0.69795
0.69641
0.69489
0.6934
0.69194
0.69052
0.68915
0.68782
0.68655
0.68534
0.68419
0.68311
0.68208
0.68111
0.6802
0.67935
0.67855
0.6778
0.67711
0.67645
0.67584
0.67526
0.67472
0.67422
