1
0.9794
0.96885
0.96206
0.95696
0.95311
0.94656
0.94068
0.93523
0.93007
0.92515
0.92043
0.91592
0.91159
0.90744
0.90345
0.89961
0.8959
0.89229
0.88877
0.88531
0.88191
0.87855
0.87525
0.87198
0.86876
0.8656
0.86249
0.85945
0.85647
0.85356
0.85072
0.84794
0.84521
0.84252
0.83988
0.83728
0.83473
0.83222
0.82977
0.82738
0.82505
0.8228
0.82063
0.81854
0.81653
0.8146
0.81275
0.81098
0.80927
0.80764
0.80606
0.80455
0.80308
0.80166
0.80029
0.79895
0.79765
0.79638
0.79514
0.79391
0.79271
0.79152
0.79035
0.78919
0.78805
0.78691
0.78579
0.78468
0.78358
0.7825
0.78143
0.78037
0.77933
0.77829
0.77727
0.77626
0.77526
0.77427
0.77329
0.77233
0.77137
0.77041
0.76947
0.76854
0.76761
0.7667
0.76579
0.76488
0.76398
0.76309
0.76221
0.76133
0.76046
0.75959
0.75873
0.75787
0.75702
0.75617
0.75532
0.75449
0.75365
0.75282
0.752
0.75118
0.75036
0.74955
0.74874
0.74793
0.74713
0.74633
0.74553
0.74473
0.74394
0.74315
0.74236
0.74157
0.74079
0.74
0.73922
0.73844
0.73767
0.73689
0.73612
0.73535
0.73459
0.73383
0.73307
0.73231
0.73156
0.73082
0.73007
0.72934
0.72861
0.72788
0.72716
0.72644
0.72573
0.72503
0.72433
0.72363
0.72294
0.72226
0.72159
0.72092
0.72025
0.71959
0.71894
0.71829
0.71765
0.71701
0.71637
0.71574
0.71512
0.7145
0.71388
0.71327
0.71266
0.71206
0.71146
0.71087
0.71028
0.7097
0.70912
0.70855
0.70798
0.70742
0.70686
0.70631
0.70576
0.70522
0.70468
0.70415
0.70363
0.70311
0.7026
0.7021
0.7016
0.7011
0.70061
0.70012
0.69964
0.69916
0.69869
0.69822
0.69776
0.69729
0.69684
0.69638
0.69593
0.69549
0.69505
0.69461
0.69418
0.69376
