1
0.98214
0.97303
0.96719
0.96263
0.95894
0.95306
0.9477
0.94278
0.93822
0.93397
0.92998
0.92621
0.92262
0.9192
0.91593
0.91278
0.90976
0.90683
0.904
0.90124
0.89856
0.89596
0.89342
0.89095
0.88853
0.88616
0.88385
0.8816
0.8794
0.87725
0.87515
0.87311
0.87111
0.86915
0.86723
0.86535
0.8635
0.8617
0.85993
0.85821
0.85652
0.85487
0.85326
0.85168
0.85014
0.84863
0.84715
0.8457
0.84428
0.84289
0.84152
0.84018
0.83886
0.83757
0.8363
0.83504
0.8338
0.83258
0.83138
0.83018
0.82899
0.82781
0.82663
0.82545
0.82428
0.82312
0.82196
0.8208
0.81965
0.8185
0.81735
0.81621
0.81508
0.81395
0.81282
0.8117
0.81058
0.80946
0.80834
0.80723
0.80613
0.80502
0.80392
0.80282
0.80172
0.80063
0.79954
0.79845
0.79736
0.79628
0.7952
0.79411
0.79303
0.79195
0.79087
0.78979
0.78871
0.78763
0.78654
0.78545
0.78436
0.78327
0.78217
0.78107
0.77997
0.77886
0.77775
0.77664
0.77552
0.7744
0.77327
0.77214
0.77101
0.76987
0.76874
0.76759
0.76645
0.7653
0.76415
0.76301
0.76186
0.76071
0.75956
0.75841
0.75726
0.75612
0.75497
0.75383
0.7527
0.75157
0.75044
0.74933
0.74822
0.74712
0.74603
0.74494
0.74387
0.74281
0.74177
0.74073
0.73971
0.7387
0.73771
0.73673
0.73577
0.73483
0.73391
0.733
0.73211
0.73123
0.73038
0.72954
0.72873
0.72793
0.72715
0.72639
0.72565
0.72492
0.72421
0.72352
0.72284
0.72218
0.72154
0.72091
0.72029
0.71969
0.7191
0.71852
0.71795
0.7174
0.71686
0.71633
0.71581
0.7153
0.7148
0.71431
0.71383
0.71335
0.71289
0.71244
0.712
0.71156
0.71113
0.71071
0.71029
0.70989
0.70949
0.7091
0.70871
0.70834
0.70797
0.7076
0.70724
0.70689
