1
0.98376
0.97608
0.97086
0.96679
0.96355
0.9586
0.95413
0.95008
0.94636
0.9429
0.93966
0.93658
0.93366
0.93087
0.9282
0.92566
0.92322
0.92088
0.91863
0.91646
0.91438
0.91238
0.91046
0.90861
0.90682
0.9051
0.90343
0.90183
0.90028
0.89878
0.89734
0.89594
0.89458
0.89325
0.89196
0.89069
0.88945
0.88823
0.88703
0.88586
0.88472
0.88359
0.88249
0.8814
0.88033
0.87928
0.87825
0.87723
0.87623
0.87524
0.87426
0.87329
0.87234
0.87138
0.87044
0.8695
0.86856
0.86762
0.86668
0.86573
0.86477
0.86381
0.86283
0.86185
0.86085
0.85985
0.85883
0.85782
0.85681
0.85579
0.85478
0.85378
0.8528
0.85182
0.85086
0.84992
0.849
0.84809
0.84719
0.84632
0.84546
0.84461
0.84378
0.84296
0.84216
0.84137
0.84059
0.83982
0.83906
0.83831
0.83757
0.83685
0.83612
0.83541
0.83471
0.83402
0.83333
0.83265
0.83198
0.83132
0.83066
0.83001
0.82937
0.82873
0.82811
0.82749
0.82688
0.82627
0.82567
0.82508
0.8245
0.82392
0.82335
0.82278
0.82222
0.82167
0.82112
0.82057
0.82003
0.8195
0.81897
0.81844
0.81791
0.81739
0.81687
0.81636
0.81584
0.81533
0.81481
0.8143
0.81379
0.81329
0.81278
0.81227
0.81176
0.81126
0.81075
0.81025
0.80974
0.80923
0.80873
0.80822
0.80772
0.80721
0.8067
0.8062
0.80569
0.80518
0.80467
0.80417
0.80366
0.80314
0.80263
0.80212
0.8016
0.80108
0.80056
0.80004
0.79952
0.79899
0.79846
0.79793
0.7974
0.79686
0.79632
0.79578
0.79523
0.79469
0.79414
0.79358
0.79303
0.79248
0.79193
0.79137
0.79082
0.79027
0.78972
0.78917
0.78863
0.78809
0.78755
0.78702
0.78649
0.78597
0.78545
0.78493
0.78442
0.78391
0.78341
0.78292
0.78243
0.78194
0.78146
0.78098
