1
0.95753
0.94124
0.92944
0.92143
0.91018
0.90115
0.89352
0.88648
0.87959
0.87255
0.86532
0.8577
0.84998
0.84314
0.83733
0.83066
0.82223
0.81432
0.80851
0.80442
0.80152
0.79952
0.79824
0.79755
0.79731
0.79738
0.79767
0.79808
0.79856
0.79904
0.79946
0.79982
0.80015
0.80049
0.80087
0.80129
0.80173
0.80218
0.8026
0.80299
0.80335
0.80367
0.8039
0.80403
0.80402
0.80386
0.80354
0.80305
0.80242
0.80164
0.80075
0.79976
0.79869
0.79756
0.79641
0.79527
0.79419
0.79321
0.79235
0.79164
0.79105
0.79058
0.7902
0.78988
0.78957
0.78927
0.78896
0.78863
0.78829
0.78797
0.7877
0.78751
0.78742
0.78745
0.78759
0.78783
0.78817
0.78858
0.78904
0.78953
0.79003
0.79054
0.79104
0.79153
0.79199
0.79242
0.79281
0.79314
0.79341
0.7936
0.79369
0.79368
0.79356
0.79331
0.79295
0.79249
0.79192
0.79127
0.79054
0.78976
0.78892
0.78805
0.78717
0.78632
0.78554
0.78486
0.78431
0.78389
0.78361
0.78345
0.78341
0.78347
0.78361
0.78383
0.78411
0.78444
0.78482
0.78524
0.7857
0.78618
0.78669
0.78722
0.78776
0.78831
0.78887
0.78944
0.79
0.79055
0.7911
0.79163
0.79214
0.79263
0.7931
0.79354
0.79395
0.79433
0.79468
0.795
0.79528
0.79553
0.79575
0.79592
0.79606
0.79615
0.7962
0.79621
0.79618
0.7961
0.79598
0.79582
0.79563
0.7954
0.79513
0.79483
0.7945
0.79413
0.79371
0.79324
0.79273
0.79216
0.79154
0.79087
0.79015
0.78937
0.78854
0.78764
0.78669
0.78566
0.78457
0.78342
0.7822
0.78091
0.77956
0.77816
0.77671
0.77521
0.77366
0.77209
0.77048
0.76885
0.7672
0.76554
0.76388
0.76221
0.76056
0.75893
0.75732
