1
0.9558
0.95109
0.94633
0.9446
0.94363
0.94261
0.94033
0.93713
0.93417
0.92924
0.92419
0.91986
0.91649
0.91401
0.91217
0.91091
0.91004
0.90956
0.90931
0.90959
0.9102
0.91111
0.91204
0.91303
0.91396
0.91484
0.91558
0.91613
0.91638
0.91622
0.91545
0.91379
0.91103
0.90727
0.9032
0.8996
0.89672
0.89451
0.89288
0.89173
0.89099
0.8906
0.89053
0.89074
0.89121
0.8919
0.8928
0.8939
0.89517
0.8966
0.89817
0.89985
0.90164
0.90352
0.90547
0.90747
0.90951
0.91157
0.91366
0.91575
0.91785
0.91994
0.92204
0.92414
0.92623
0.92832
0.9304
0.93249
0.93457
0.93665
0.93872
0.94078
0.94282
0.94486
0.94688
0.94888
0.95087
0.95283
0.95477
0.95667
0.95854
0.96036
0.96213
0.96386
0.96553
0.96714
0.96871
0.97022
0.97169
0.97312
0.97453
0.97591
0.97729
0.97867
0.98005
0.98144
0.98284
0.98423
0.98563
0.98702
0.98839
0.98974
0.99106
0.99234
0.99359
0.9948
0.99597
0.9971
0.99817
0.9992
1.0002
1.0011
1.002
1.0028
1.0035
1.0043
1.0049
1.0056
1.0063
1.0069
1.0076
1.0083
1.009
1.0097
1.0104
1.0111
1.0118
1.0125
