1
3.8254
4.0066
4.0911
4.1156
4.1535
4.1725
4.1711
4.2231
4.2045
4.2999
4.3636
4.4469
4.5372
4.6311
4.7219
4.8072
4.8865
4.9606
5.0312
5.0971
5.1595
5.2167
5.27
5.3182
5.3625
5.4029
5.4408
5.4773
5.5138
5.5509
5.5891
5.6284
5.6688
5.7101
5.752
5.7944
5.837
5.8797
5.9224
5.965
6.0073
6.0494
6.0912
6.1326
6.1737
6.2144
6.2546
6.2943
6.3335
6.372
6.4099
6.4472
6.4838
6.5198
6.5553
6.5903
6.6248
6.6589
6.6926
6.726
6.759
6.7918
6.8243
6.8565
6.8885
6.9202
6.9518
6.9831
7.0142
7.045
7.0757
7.1061
7.1362
7.1661
7.1958
7.2253
7.2545
7.2836
7.3125
7.3412
7.3698
7.3982
7.4263
7.4543
7.482
7.5095
7.5367
7.5636
7.5902
7.6164
7.6423
7.6679
7.6932
7.7181
7.7428
7.7671
7.7912
7.815
7.8386
7.8619
7.885
7.9079
7.9307
7.9532
7.9756
7.9978
8.0199
8.0418
8.0637
8.0854
8.107
8.1285
8.1498
8.1711
8.1922
8.2132
8.234
8.2547
8.2751
8.2954
8.3155
8.3353
8.355
8.3744
8.3936
8.4126
8.4314
8.45
