1
0.95944
0.95297
0.9493
0.94609
0.94408
0.94176
0.94015
0.93903
0.93792
0.93692
0.93622
0.93543
0.93438
0.93435
0.93327
0.93052
0.92798
0.9256
0.92334
0.92122
0.91921
0.91731
0.91548
0.91373
0.91205
0.91043
0.90887
0.90736
0.9059
0.90447
0.90306
0.90167
0.90029
0.89891
0.89752
0.89612
0.89468
0.89319
0.89161
0.88992
0.88806
0.886
0.88372
0.88125
0.87867
0.8761
0.87362
0.87126
0.86902
0.8669
0.86488
0.86294
0.86108
0.85927
0.8575
0.85577
0.85408
0.85242
0.8508
0.84921
0.84765
0.84613
0.84465
0.8432
0.84179
0.84041
0.83905
0.83772
0.83641
0.8351
0.8338
0.83249
0.83117
0.82983
0.82848
0.82709
0.82569
0.82426
0.82281
0.82135
0.81987
0.81839
0.8169
0.81541
0.81392
0.81244
0.81096
0.8095
0.80805
0.80661
0.8052
0.80381
0.80245
0.80112
0.79981
0.79855
0.79731
0.79611
0.79494
0.79381
0.79271
0.79165
0.79062
0.78962
0.78865
0.78772
0.78682
0.78595
0.78511
0.7843
0.78352
0.78277
0.78204
0.78134
0.78067
0.78003
0.7794
0.7788
0.77821
0.77764
0.77709
0.77655
0.77601
0.77549
0.77497
0.77445
0.77394
0.77342
0.7729
0.77237
