54.6507
-0.93757
-0.91306
-0.86163
-0.89729
-0.84351
-0.86038
-0.87931
-0.90531
-0.87609
-0.84015
-0.86864
-0.88453
-0.85724
-0.93453
-0.85545
-0.8704
-0.84598
-0.87215
-0.88792
-0.87102
-0.87121
-0.84577
-0.88084
-0.80012
-0.79483
-0.82058
-0.79623
-0.7869
-0.81112
-0.78691
-0.77457
-0.79322
-0.78296
-0.79367
-0.77215
-0.8013
-0.79187
-0.77216
-0.8507
-0.76536
-0.76536
-0.79229
-0.75088
-0.87818
-0.7625
-0.87753
-0.92717
-0.81553
-0.80292
-0.93606
-1.2745
-1.5281
-1.7658
0
-2.5588
0
0
0
-2.0924
0
0
0
0
0
0
0
0
0
0
0
0
0
0
0
0
0
0
0
0
0
-3.4681
0
0
0
0
0
0
0
0
0
0
0
0
0
0
0
0
0
0
0
-0.93757
60.0165
-0.94552
-0.90136
-0.93442
-0.87876
-0.89417
-0.91362
-0.99415
-0.90973
-0.87836
-0.90332
-0.92198
-0.8991
-0.98171
-0.88939
-0.90546
-0.88307
-0.90556
-0.93307
-0.90442
-0.90462
-0.88481
-0.90169
-0.83368
-0.82753
-0.85832
-0.8302
-0.81943
-0.84379
-0.81944
-0.80702
-0.83177
-0.81516
-0.85035
-0.80342
-0.83501
-0.82467
-0.80342
-0.88912
-0.79649
-0.79649
-0.82917
-0.78164
-0.92409
-0.81808
-0.90812
-0.95796
-0.84908
-0.83424
-0.96603
-1.3672
-1.5441
-1.7918
0
-2.5811
0
0
0
0
0
0
0
0
0
0
0
0
0
0
0
0
0
0
0
0
0
0
0
0
0
0
0
0
0
-8.9727
0
0
0
0
0
0
0
0
0
0
0
0
0
0
0
-0.91306
-0.94552
53.0614
-0.86129
-0.90905
-0.84987
-0.86651
-0.86984
-0.91563
-0.88571
-0.85146
-0.87633
-0.89344
-0.86993
-0.95244
-0.86342
-0.87812
-0.8599
-0.88042
-0.90272
-0.87929
-0.87948
-0.86075
-0.89106
-0.80985
-0.80323
-0.82945
-0.80462
-0.79532
-0.81831
-0.79533
-0.78285
-0.8025
-0.79128
-0.80022
-0.77975
-0.80813
-0.79963
-0.77975
-0.86104
-0.77313
-0.77312
-0.80044
-0.75812
-0.89216
-0.79341
-0.8857
-0.93568
-0.82469
-0.78298
-0.94289
-1.2794
-1.5356
-1.7792
0
-2.575
0
0
0
0
0
0
0
0
0
0
-3.5132
0
0
0
0
0
0
0
0
0
0
0
0
0
0
0
0
0
0
0
0
0
0
0
0
0
0
0
0
0
0
0
0
0
0
-0.86163
-0.90136
-0.86129
50.5684
-0.86138
-0.80676
-0.82233
-0.83828
-0.87578
-0.83379
-0.80441
-0.83074
-0.84695
-0.82293
-0.90418
-0.81826
-0.83214
-0.80829
-0.83524
-0.85503
-0.83413
-0.83432
-0.81295
-0.84654
-0.76439
-0.75848
-0.76546
-0.75931
-0.75073
-0.77337
-0.75073
-0.73859
-0.7578
-0.74669
-0.74775
-0.73542
-0.76263
-0.75549
-0.73543
-0.81435
-0.72883
-0.72883
-0.75636
-0.71176
-0.84064
-0.74866
-0.83923
-0.88834
-0.77951
-0.77017
-0.89727
-1.2085
-1.486
-1.7186
0
-2.5046
0
0
0
0
0
0
0
0
0
0
0
-3.4958
0
0
0
0
0
0
0
0
0
0
0
0
0
0
0
0
0
0
0
0
0
0
0
0
0
0
0
0
0
0
0
0
0
-0.89729
-0.93442
-0.90905
-0.86138
52.0891
-0.83947
-0.84816
-0.86711
-0.89975
-0.85491
-0.82871
-0.85728
-0.87006
-0.84295
-0.93603
-0.83772
-0.8589
-0.84109
-0.86107
-0.88262
-0.85994
-0.86013
-0.83964
-0.86774
-0.78939
-0.78358
-0.81125
-0.78527
-0.77589
-0.79933
-0.7759
-0.76344
-0.77724
-0.77184
-0.78197
-0.75995
-0.7867
-0.77184
-0.75996
-0.84128
-0.75425
-0.75425
-0.75357
-0.73914
-0.87211
-0.77433
-0.866
-0.91561
-0.80574
-0.79617
-0.92543
-1.2605
-1.5154
-1.7504
0
0
0
-2.4356
0
0
0
0
0
0
0
0
0
0
0
0
0
0
-3.6804
0
0
0
0
0
0
0
0
0
0
0
0
0
0
0
0
0
0
0
0
0
0
0
0
0
0
0
0
-0.84351
-0.87876
-0.84987
-0.80676
-0.83947
46.1212
-0.80088
-0.8215
-0.85519
-0.81836
-0.78843
-0.81351
-0.82966
-0.80569
-0.87638
-0.79983
-0.81482
-0.78934
-0.81781
-0.83338
-0.8167
-0.81689
-0.7959
-0.82517
-0.74683
-0.74039
-0.76662
-0.74192
-0.73309
-0.75616
-0.73309
-0.72097
-0.74031
-0.72886
-0.7372
-0.71788
-0.74608
-0.73742
-0.71788
-0.79677
-0.71115
-0.71115
-0.73771
-0.69673
-0.82746
-0.73078
-0.82027
-0.8689
-0.7612
-0.75229
-0.87725
-1.2035
-1.4568
-1.693
0
-2.4737
0
0
0
0
0
0
0
0
0
0
0
0
0
0
0
0
0
0
0
0
0
0
0
0
0
0
0
0
0
0
0
0
0
0
0
0
0
0
0
0
0
0
0
0
0
-0.86038
-0.89417
-0.86651
-0.82233
-0.84816
-0.80088
47.7175
-0.83191
-0.86255
-0.83165
-0.79349
-0.81888
-0.83409
-0.81011
-0.88531
-0.80591
-0.82037
-0.81128
-0.82333
-0.85257
-0.82223
-0.82243
-0.80228
-0.83077
-0.75408
-0.74699
-0.7724
-0.74831
-0.73908
-0.73849
-0.73909
-0.7271
-0.74643
-0.73488
-0.74343
-0.72372
-0.72692
-0.7436
-0.72372
-0.80333
-0.71696
-0.71695
-0.74453
-0.70323
-0.83461
-0.7381
-0.82669
-0.87577
-0.77044
-0.7584
-0.88502
-1.2131
-1.4703
-1.7075
0
0
0
0
0
0
0
0
0
0
-3.6928
0
0
0
0
0
0
0
0
0
0
0
0
0
0
0
0
0
0
0
0
0
0
0
0
0
0
0
0
0
0
0
0
0
0
0
0
-0.87931
-0.91362
-0.86984
-0.83828
-0.86711
-0.8215
-0.83191
49.156
-0.88181
-0.85291
-0.81344
-0.83728
-0.85332
-0.82955
-0.89872
-0.82422
-0.8389
-0.82218
-0.84185
-0.86528
-0.84074
-0.84094
-0.82165
-0.85134
-0.772
-0.76542
-0.79155
-0.75855
-0.75807
-0.7801
-0.75807
-0.74583
-0.76441
-0.75394
-0.76052
-0.74275
-0.77077
-0.76209
-0.74275
-0.82249
-0.73613
-0.73613
-0.76315
-0.7209
-0.85175
-0.75598
-0.8467
-0.89574
-0.7733
-0.7439
-0.9028
-1.228
-1.4899
0
0
0
0
0
0
0
0
-2.487
0
0
0
0
-3.4396
0
0
0
0
0
0
0
0
0
0
0
0
0
0
0
0
0
0
0
0
0
0
0
0
0
0
0
0
0
0
0
0
0
0
-0.90531
-0.99415
-0.91563
-0.87578
-0.89975
-0.85519
-0.86255
-0.88181
57.7706
-0.87618
-0.84694
-0.87395
-0.89072
-0.8655
-0.94796
-0.86001
-0.87579
-0.84826
-0.87636
-0.90132
-0.87524
-0.87543
-0.85524
-0.87068
-0.80559
-0.79916
-0.82969
-0.79963
-0.79124
-0.81407
-0.79125
-0.77899
-0.80003
-0.787
-0.81628
-0.77551
-0.80421
-0.7964
-0.77552
-0.85962
-0.76877
-0.76877
-0.79772
-0.75077
-0.89078
-0.7895
-0.87932
-0.92856
-0.81977
-0.80561
-0.93226
-1.3213
-1.5178
0
0
0
0
0
0
0
0
0
-3.8906
0
0
0
0
0
0
0
0
0
0
0
0
0
0
0
0
0
0
0
0
0
0
0
0
0
0
0
0
0
0
0
0
0
0
0
-8.7552
0
0
-0.87609
-0.90973
-0.88571
-0.83379
-0.85491
-0.81836
-0.83165
-0.85291
-0.87618
49.414
-0.79556
-0.83289
-0.84446
-0.81799
-0.8929
-0.81159
-0.83338
-0.8166
-0.83549
-0.85831
-0.83437
-0.83456
-0.81409
-0.839
-0.76445
-0.75846
-0.78321
-0.76059
-0.75085
-0.7736
-0.75087
-0.73849
-0.75174
-0.74657
-0.75714
-0.73513
-0.75136
-0.74728
-0.73513
-0.81583
-0.7304
-0.7304
-0.75294
-0.68064
-0.84548
-0.7501
-0.83992
-0.88868
-0.78382
-0.76827
-0.89618
0
0
0
0
0
0
-2.3888
0
0
0
0
0
-2.8151
0
0
0
0
0
-4.022
0
0
0
0
0
0
0
0
0
0
0
0
0
0
0
0
0
0
0
0
0
0
0
0
0
0
0
0
0
0
0
-0.84015
-0.87836
-0.85146
-0.80441
-0.82871
-0.78843
-0.79349
-0.81344
-0.84694
-0.79556
45.6662
-0.80198
-0.81386
-0.785
-0.8604
-0.78633
-0.80211
-0.7695
-0.80517
-0.81566
-0.80406
-0.80425
-0.78145
-0.80575
-0.73354
-0.72774
-0.7534
-0.73066
-0.72029
-0.74274
-0.7203
-0.7083
-0.72436
-0.71591
-0.72496
-0.70514
-0.71956
-0.72421
-0.70514
-0.78665
-0.69837
-0.69837
-0.7213
-0.68558
-0.81536
-0.71346
-0.80692
-0.85508
-0.75232
-0.74259
-0.86501
-1.1893
0
0
0
0
0
0
0
0
0
0
0
-2.7672
0
0
0
0
0
0
0
0
0
0
0
0
0
0
0
0
-3.0358
0
0
0
0
0
0
0
0
0
0
0
0
0
0
0
0
0
0
0
0
-0.86864
-0.90332
-0.87633
-0.83074
-0.85728
-0.81351
-0.81888
-0.83728
-0.87395
-0.83289
-0.80198
42.8109
-0.84566
-0.82105
-0.89083
-0.81462
-0.82989
-0.80241
-0.83582
-0.84793
-0.8347
-0.8349
-0.81639
-0.84708
-0.76264
-0.75487
-0.78368
-0.75782
-0.74766
-0.77204
-0.74767
-0.73518
-0.7567
-0.74346
-0.75173
-0.73224
-0.76172
-0.75261
-0.73225
-0.81469
-0.72528
-0.72528
-0.75316
-0.71175
-0.84521
-0.74675
-0.83587
-0.88485
-0.77944
-0.7704
-0.8946
-1.2185
-1.4768
0
0
0
0
0
0
0
0
0
0
0
0
0
0
0
0
0
0
0
0
0
0
0
0
0
0
0
0
0
0
0
0
0
0
0
0
0
0
0
0
0
0
0
0
0
0
0
0
-0.88453
-0.92198
-0.89344
-0.84695
-0.87006
-0.82966
-0.83409
-0.85332
-0.89072
-0.84446
-0.81386
-0.84566
44.0147
-0.83245
-0.90451
-0.83061
-0.84446
-0.81406
-0.84962
-0.8598
-0.8485
-0.8487
-0.83211
-0.86126
-0.77709
-0.76924
-0.79857
-0.77231
-0.76186
-0.78685
-0.76187
-0.74934
-0.76525
-0.75803
-0.76826
-0.7467
-0.77496
-0.76749
-0.7467
-0.82985
-0.73979
-0.73979
-0.76327
-0.72696
-0.86364
-0.76144
-0.85152
-0.90075
-0.79474
-0.78835
-0.91061
-1.2433
0
0
-1.9414
0
0
0
0
0
0
0
0
0
0
0
0
0
0
0
0
0
0
0
0
0
0
0
0
0
0
0
0
0
0
0
0
0
0
0
0
0
0
0
0
0
0
0
0
0
0
-0.85724
-0.8991
-0.86993
-0.82293
-0.84295
-0.80569
-0.81011
-0.82955
-0.8655
-0.81799
-0.785
-0.82105
-0.83245
44.8957
-0.87709
-0.80515
-0.82084
-0.79199
-0.82411
-0.83172
-0.823
-0.82319
-0.79639
-0.82388
-0.7505
-0.74453
-0.77224
-0.74672
-0.73719
-0.76107
-0.7372
-0.72485
-0.73549
-0.73291
-0.74845
-0.72184
-0.74597
-0.74198
-0.72184
-0.79727
-0.7151
-0.7151
-0.73227
-0.7025
-0.83142
-0.73441
-0.82505
-0.87368
-0.76706
-0.76787
-0.88335
0
0
0
-1.7897
0
0
0
0
0
0
0
0
0
0
0
0
0
-3.5613
0
0
0
0
0
0
0
0
0
0
0
0
0
0
0
0
0
0
0
0
0
0
0
0
0
0
0
0
0
0
0
0
-0.93453
-0.98171
-0.95244
-0.90418
-0.93603
-0.87638
-0.88531
-0.89872
-0.94796
-0.8929
-0.8604
-0.89083
-0.90451
-0.87709
50.8619
-0.87433
-0.89039
-0.863
-0.89162
-0.91087
-0.89049
-0.89068
-0.86628
-0.89351
-0.81759
-0.81272
-0.84091
-0.81465
-0.80484
-0.82814
-0.80485
-0.79227
-0.81172
-0.8006
-0.81915
-0.78905
-0.81832
-0.81006
-0.78907
-0.86954
-0.782
-0.782
-0.81159
-0.76817
-0.89759
-0.80016
-0.89426
-0.94406
-0.83345
-0.82041
-0.95295
0
0
0
0
0
0
0
0
0
0
0
0
0
0
0
0
0
0
0
0
0
0
0
0
0
0
0
0
0
0
0
0
0
0
0
0
0
0
0
-7.8376
0
0
0
0
0
0
0
0
0
0
-0.85545
-0.88939
-0.86342
-0.81826
-0.83772
-0.79983
-0.80591
-0.82422
-0.86001
-0.81159
-0.78633
-0.81462
-0.83061
-0.80515
-0.87433
41.7051
-0.81771
-0.78933
-0.82567
-0.83241
-0.82451
-0.82471
-0.79711
-0.82634
-0.74745
-0.73959
-0.77011
-0.74242
-0.73272
-0.75691
-0.73273
-0.7199
-0.73515
-0.72774
-0.7391
-0.71673
-0.74545
-0.72636
-0.71674
-0.79684
-0.70971
-0.70971
-0.737
-0.69734
-0.82285
-0.73041
-0.81919
-0.86781
-0.76367
-0.7502
-0.87893
0
0
0
0
0
0
-2.3577
0
0
0
0
0
0
0
0
0
0
0
0
0
0
0
0
0
0
0
0
0
0
0
0
0
0
0
0
0
0
0
0
0
0
0
0
0
0
0
0
0
0
0
-0.8704
-0.90546
-0.87812
-0.83214
-0.8589
-0.81482
-0.82037
-0.8389
-0.87579
-0.83338
-0.80211
-0.82989
-0.84446
-0.82084
-0.89039
-0.81771
41.3561
-0.80435
-0.84477
-0.84846
-0.84353
-0.84375
-0.80884
-0.8407
-0.76283
-0.75394
-0.78498
-0.75732
-0.74713
-0.77256
-0.74713
-0.7345
-0.75627
-0.74276
-0.75109
-0.73163
-0.76166
-0.75214
-0.73164
-0.81494
-0.72452
-0.72451
-0.75279
-0.71229
-0.84466
-0.74628
-0.83515
-0.88409
-0.77907
-0.77023
-0.89408
-1.2178
0
0
0
0
0
0
0
0
0
0
0
0
0
0
0
0
0
0
0
0
0
0
0
0
0
0
0
0
0
0
0
0
0
0
0
0
0
0
0
0
0
0
0
0
0
0
0
0
0
-0.84598
-0.88307
-0.8599
-0.80829
-0.84109
-0.78934
-0.81128
-0.82218
-0.84826
-0.8166
-0.7695
-0.80241
-0.81406
-0.79199
-0.863
-0.78933
-0.80435
47.4112
-0.80762
-0.826
-0.80652
-0.80671
-0.785
-0.81497
-0.73645
-0.7317
-0.75366
-0.73229
-0.72457
-0.748
-0.72457
-0.71246
-0.72857
-0.72035
-0.72152
-0.70976
-0.73936
-0.7282
-0.70976
-0.78806
-0.70293
-0.70293
-0.73377
-0.68864
-0.80916
-0.71516
-0.81162
-0.85979
-0.75056
0
0
0
0
0
0
0
0
0
-2.3747
0
0
0
0
0
0
0
0
0
0
0
0
0
0
0
0
0
0
0
0
0
-3.0779
0
0
-4.6672
0
0
0
0
0
0
0
0
0
0
0
0
0
0
0
0
0
-0.87215
-0.90556
-0.88042
-0.83524
-0.86107
-0.81781
-0.82333
-0.84185
-0.87636
-0.83549
-0.80517
-0.83582
-0.84962
-0.82411
-0.89162
-0.82567
-0.84477
-0.80762
40.1961
-0.85089
-0.82277
-0.82307
-0.81404
-0.84432
-0.75693
-0.75032
-0.7767
-0.75475
-0.74498
-0.76945
-0.74499
-0.73286
-0.76333
-0.74367
-0.7555
-0.73262
-0.76525
-0.75394
-0.73262
-0.82212
-0.72554
-0.72554
-0.75513
-0.71471
-0.86714
-0.74868
-0.83727
-0.88565
-0.78047
-0.77203
-0.89511
0
0
0
0
0
0
0
0
0
0
0
0
0
0
0
0
0
0
0
0
0
0
0
0
0
0
0
0
0
0
0
0
0
0
0
0
0
0
0
0
0
0
0
0
0
0
0
0
0
0
-0.88792
-0.93307
-0.90272
-0.85503
-0.88262
-0.83338
-0.85257
-0.86528
-0.90132
-0.85831
-0.81566
-0.84793
-0.8598
-0.83172
-0.91087
-0.83241
-0.84846
-0.826
-0.85089
46.9196
-0.84978
-0.84997
-0.82364
-0.8536
-0.77662
-0.77209
-0.7993
-0.77376
-0.76461
-0.78776
-0.76461
-0.75215
-0.76907
-0.76025
-0.77508
-0.74921
-0.77727
-0.76915
-0.74921
-0.82772
-0.74218
-0.74218
-0.76925
-0.72906
-0.85265
-0.75385
-0.85274
-0.90179
-0.79226
-0.78165
0
0
0
0
0
0
0
0
0
0
0
0
0
0
0
0
0
0
0
0
0
0
0
0
0
0
0
0
0
0
0
0
0
0
-6.8612
0
0
0
0
0
0
0
0
0
0
0
0
0
0
0
0
-0.87102
-0.90442
-0.87929
-0.83413
-0.85994
-0.8167
-0.82223
-0.84074
-0.87524
-0.83437
-0.80406
-0.8347
-0.8485
-0.823
-0.89049
-0.82451
-0.84353
-0.80652
-0.82277
-0.84978
40.1394
-0.82135
-0.81298
-0.84323
-0.75567
-0.74917
-0.77523
-0.75355
-0.74385
-0.76814
-0.74386
-0.73173
-0.76222
-0.74257
-0.75436
-0.73152
-0.76406
-0.75282
-0.73152
-0.82081
-0.72444
-0.72444
-0.754
-0.7136
-0.86628
-0.74756
-0.8361
-0.88445
-0.77927
-0.77084
-0.89388
0
0
0
0
0
0
0
0
0
0
0
0
0
0
0
0
0
0
0
0
0
0
0
0
0
0
0
0
0
0
0
0
0
0
0
0
0
0
0
0
0
0
0
0
0
0
0
0
0
0
-0.87121
-0.90462
-0.87948
-0.83432
-0.86013
-0.81689
-0.82243
-0.84094
-0.87543
-0.83456
-0.80425
-0.8349
-0.8487
-0.82319
-0.89068
-0.82471
-0.84375
-0.80671
-0.82307
-0.84997
-0.82135
40.1492
-0.81317
-0.84343
-0.75589
-0.74937
-0.77547
-0.75376
-0.74405
-0.76837
-0.74405
-0.73192
-0.7624
-0.74276
-0.75455
-0.73171
-0.76426
-0.75301
-0.73172
-0.82103
-0.72464
-0.72464
-0.7542
-0.71379
-0.86644
-0.74775
-0.8363
-0.88466
-0.77948
-0.77105
-0.89409
0
0
0
0
0
0
0
0
0
0
0
0
0
0
0
0
0
0
0
0
0
0
0
0
0
0
0
0
0
0
0
0
0
0
0
0
0
0
0
0
0
0
0
0
0
0
0
0
0
0
-0.84577
-0.88481
-0.86075
-0.81295
-0.83964
-0.7959
-0.80228
-0.82165
-0.85524
-0.81409
-0.78145
-0.81639
-0.83211
-0.79639
-0.86628
-0.79711
-0.80884
-0.785
-0.81404
-0.82364
-0.81298
-0.81317
42.5854
-0.82314
-0.73664
-0.73409
-0.76128
-0.7367
-0.72699
-0.75139
-0.727
-0.71439
-0.73228
-0.72251
-0.73362
-0.71181
-0.74081
-0.73098
-0.71182
-0.78501
-0.70477
-0.70477
-0.73152
-0.69361
-0.81074
-0.72315
-0.814
-0.86201
0
0
0
0
0
0
0
0
0
0
0
-1.9801
0
0
0
0
0
0
0
0
0
0
0
0
0
0
0
0
0
0
0
0
0
0
-3.8998
0
0
0
0
0
0
0
0
0
0
0
0
0
0
0
0
0
0
-0.88084
-0.90169
-0.89106
-0.84654
-0.86774
-0.82517
-0.83077
-0.85134
-0.87068
-0.839
-0.80575
-0.84708
-0.86126
-0.82388
-0.89351
-0.82634
-0.8407
-0.81497
-0.84432
-0.8536
-0.84323
-0.84343
-0.82314
43.6638
-0.76888
-0.76243
-0.79595
-0.76666
-0.75551
-0.78052
-0.75551
-0.74277
-0.76064
-0.75125
-0.77436
-0.74021
-0.7683
-0.75972
-0.74021
-0.81772
-0.7333
-0.7333
-0.75851
-0.71986
-0.85286
-0.75382
-0.84394
-0.89287
-0.78672
0
0
0
0
0
0
0
0
0
0
0
0
0
0
0
0
0
0
0
0
0
0
0
0
0
0
0
0
0
0
-4.822
0
0
0
0
0
0
0
0
0
0
0
0
0
0
0
0
0
0
0
0
0
-0.80012
-0.83368
-0.80985
-0.76439
-0.78939
-0.74683
-0.75408
-0.772
-0.80559
-0.76445
-0.73354
-0.76264
-0.77709
-0.7505
-0.81759
-0.74745
-0.76283
-0.73645
-0.75693
-0.77662
-0.75567
-0.75589
-0.73664
-0.76888
37.4854
-0.68308
-0.7093
-0.68494
-0.67922
-0.6912
-0.67922
-0.66593
-0.68279
-0.675
-0.68387
-0.66467
-0.6901
-0.68326
-0.66467
-0.73551
-0.65737
-0.65738
-0.6826
-0.64589
-0.77842
-0.67551
-0.76314
-0.80863
0
0
0
0
0
0
0
0
0
0
0
0
0
0
0
0
0
0
0
0
0
0
0
0
0
0
-3.0646
0
0
0
0
0
0
0
0
0
0
0
0
0
0
0
0
0
0
0
0
0
0
0
0
0
0
-0.79483
-0.82753
-0.80323
-0.75848
-0.78358
-0.74039
-0.74699
-0.76542
-0.79916
-0.75846
-0.72774
-0.75487
-0.76924
-0.74453
-0.81272
-0.73959
-0.75394
-0.7317
-0.75032
-0.77209
-0.74917
-0.74937
-0.73409
-0.76243
-0.68308
34.8819
-0.70339
-0.67792
-0.68011
-0.69273
-0.68012
-0.66275
-0.68217
-0.67055
-0.66986
-0.6601
-0.68143
-0.68028
-0.66011
-0.73495
-0.65259
-0.65259
-0.67874
-0.64123
-0.7698
-0.67149
-0.75775
-0.80446
-0.70385
0
0
0
0
0
0
0
0
0
0
0
0
0
0
0
0
0
0
0
0
0
0
0
0
0
0
0
0
0
0
0
0
0
0
0
0
0
0
0
0
0
0
0
0
0
0
0
0
0
0
0
0
-0.82058
-0.85832
-0.82945
-0.76546
-0.81125
-0.76662
-0.7724
-0.79155
-0.82969
-0.78321
-0.7534
-0.78368
-0.79857
-0.77224
-0.84091
-0.77011
-0.78498
-0.75366
-0.7767
-0.7993
-0.77523
-0.77547
-0.76128
-0.79595
-0.7093
-0.70339
38.712
-0.705
-0.69763
-0.71971
-0.69763
-0.68476
-0.70634
-0.69409
-0.69436
-0.6836
-0.71021
-0.70341
-0.68361
-0.76182
-0.67656
-0.67656
-0.7042
-0.66204
-0.79835
-0.69652
-0.78423
-0.83125
0
0
0
0
0
0
0
0
0
0
0
0
0
0
0
0
0
0
0
-3.3574
0
0
0
0
0
0
0
0
0
0
0
0
0
0
0
0
0
0
0
0
0
0
0
0
0
0
0
0
0
0
0
0
0
-0.79623
-0.8302
-0.80462
-0.75931
-0.78527
-0.74192
-0.74831
-0.75855
-0.79963
-0.76059
-0.73066
-0.75782
-0.77231
-0.74672
-0.81465
-0.74242
-0.75732
-0.73229
-0.75475
-0.77376
-0.75355
-0.75376
-0.7367
-0.76666
-0.68494
-0.67792
-0.705
35.7808
-0.67802
-0.69085
-0.67803
-0.66134
-0.68544
-0.67012
-0.67275
-0.66003
-0.69042
-0.67898
-0.66004
-0.73611
-0.65227
-0.65227
-0.67972
-0.64101
-0.76701
-0.67296
-0.75874
0
0
0
0
0
0
0
0
0
0
0
0
0
0
-2.3489
0
0
0
0
0
0
0
0
0
0
0
0
0
0
0
0
0
0
0
0
0
0
0
0
0
0
0
0
0
0
0
0
0
0
0
0
0
0
0
-0.7869
-0.81943
-0.79532
-0.75073
-0.77589
-0.73309
-0.73908
-0.75807
-0.79124
-0.75085
-0.72029
-0.74766
-0.76186
-0.73719
-0.80484
-0.73272
-0.74713
-0.72457
-0.74498
-0.76461
-0.74385
-0.74405
-0.72699
-0.75551
-0.67922
-0.68011
-0.69763
-0.67802
33.8203
-0.6864
-0.65307
-0.6487
-0.67613
-0.66006
-0.67097
-0.6506
-0.67996
-0.66656
-0.65061
-0.72957
-0.64271
-0.64271
-0.66876
-0.63203
-0.76438
-0.66282
-0.74824
-0.79424
0
0
0
0
0
0
0
0
0
0
0
0
0
0
0
0
0
0
0
0
0
0
0
0
0
0
0
0
0
0
0
0
0
0
0
0
0
0
0
0
0
0
0
0
0
0
0
0
0
0
0
0
0
-0.81112
-0.84379
-0.81831
-0.77337
-0.79933
-0.75616
-0.73849
-0.7801
-0.81407
-0.7736
-0.74274
-0.77204
-0.78685
-0.76107
-0.82814
-0.75691
-0.77256
-0.748
-0.76945
-0.78776
-0.76814
-0.76837
-0.75139
-0.78052
-0.6912
-0.69273
-0.71971
-0.69085
-0.6864
37.5046
-0.68641
-0.67152
-0.69479
-0.68095
-0.68982
-0.67047
-0.67037
-0.68972
-0.67048
-0.74633
-0.66279
-0.6628
-0.69062
-0.65289
-0.7902
-0.68459
-0.76979
0
0
0
0
0
0
0
0
0
0
0
0
0
0
0
0
0
-3.5369
0
0
0
0
0
0
0
0
0
0
0
0
0
0
0
0
0
0
0
0
0
0
0
0
0
0
0
0
0
0
0
0
0
0
0
0
-0.78691
-0.81944
-0.79533
-0.75073
-0.7759
-0.73309
-0.73909
-0.75807
-0.79125
-0.75087
-0.7203
-0.74767
-0.76187
-0.7372
-0.80485
-0.73273
-0.74713
-0.72457
-0.74499
-0.76461
-0.74386
-0.74405
-0.727
-0.75551
-0.67922
-0.68012
-0.69763
-0.67803
-0.65307
-0.68641
33.8207
-0.64871
-0.67614
-0.66007
-0.67098
-0.65061
-0.67997
-0.66657
-0.65061
-0.72957
-0.64272
-0.64272
-0.66877
-0.63203
-0.76438
-0.66283
-0.74826
-0.79426
0
0
0
0
0
0
0
0
0
0
0
0
0
0
0
0
0
0
0
0
0
0
0
0
0
0
0
0
0
0
0
0
0
0
0
0
0
0
0
0
0
0
0
0
0
0
0
0
0
0
0
0
0
-0.77457
-0.80702
-0.78285
-0.73859
-0.76344
-0.72097
-0.7271
-0.74583
-0.77899
-0.73849
-0.7083
-0.73518
-0.74934
-0.72485
-0.79227
-0.7199
-0.7345
-0.71246
-0.73286
-0.75215
-0.73173
-0.73192
-0.71439
-0.74277
-0.66593
-0.66275
-0.68476
-0.66134
-0.6487
-0.67152
-0.64871
32.4568
-0.66135
-0.64684
-0.65916
-0.63878
-0.66378
-0.66563
-0.63879
-0.71339
-0.62916
-0.62916
-0.65508
-0.62159
-0.74237
-0.65219
-0.73533
0
0
0
0
0
0
0
0
0
0
0
0
0
0
0
0
0
0
0
0
0
0
0
0
0
0
0
0
0
0
0
0
0
0
0
0
0
0
0
0
0
0
0
0
0
0
0
0
0
0
0
0
0
0
-0.79322
-0.83177
-0.8025
-0.7578
-0.77724
-0.74031
-0.74643
-0.76441
-0.80003
-0.75174
-0.72436
-0.7567
-0.76525
-0.73549
-0.81172
-0.73515
-0.75627
-0.72857
-0.76333
-0.76907
-0.76222
-0.7624
-0.73228
-0.76064
-0.68279
-0.68217
-0.70634
-0.68544
-0.67613
-0.69479
-0.67614
-0.66135
37.5085
-0.6629
-0.67755
-0.65525
-0.67241
-0.66573
-0.65526
-0.7324
-0.64609
-0.64609
-0.66764
-0.63481
0
0
0
0
0
0
0
0
0
0
-1.7933
0
0
0
0
0
0
0
0
0
0
0
0
0
0
0
0
-1.3022
0
0
0
0
0
0
-3.3028
0
0
0
0
0
0
0
0
0
0
0
0
0
0
0
0
0
0
0
0
0
0
-0.78296
-0.81516
-0.79128
-0.74669
-0.77184
-0.72886
-0.73488
-0.75394
-0.787
-0.74657
-0.71591
-0.74346
-0.75803
-0.73291
-0.8006
-0.72774
-0.74276
-0.72035
-0.74367
-0.76025
-0.74257
-0.74276
-0.72251
-0.75125
-0.675
-0.67055
-0.69409
-0.67012
-0.66006
-0.68095
-0.66007
-0.64684
-0.6629
31.3007
-0.66051
-0.6497
-0.66706
-0.66981
-0.64972
-0.71644
-0.63186
-0.63186
-0.65464
-0.62556
0
-0.659
0
0
0
0
0
0
0
0
0
0
0
0
0
0
0
0
0
0
0
0
0
0
0
0
0
0
0
0
0
0
0
0
0
0
0
0
0
0
0
0
0
0
0
0
0
0
0
0
0
0
0
0
0
0
0
-0.79367
-0.85035
-0.80022
-0.74775
-0.78197
-0.7372
-0.74343
-0.76052
-0.81628
-0.75714
-0.72496
-0.75173
-0.76826
-0.74845
-0.81915
-0.7391
-0.75109
-0.72152
-0.7555
-0.77508
-0.75436
-0.75455
-0.73362
-0.77436
-0.68387
-0.66986
-0.69436
-0.67275
-0.67097
-0.68982
-0.67098
-0.65916
-0.67755
-0.66051
35.2787
-0.65487
-0.68182
-0.66917
-0.65487
-0.72847
-0.64376
-0.64376
-0.67302
-0.63408
0
0
0
0
0
0
0
0
0
0
0
0
0
0
0
0
0
0
0
0
0
0
0
0
0
0
0
0
0
-4.1848
0
0
0
0
0
0
0
0
0
0
0
0
0
0
0
0
0
0
0
0
0
0
0
0
0
0
0
-0.77215
-0.80342
-0.77975
-0.73542
-0.75995
-0.71788
-0.72372
-0.74275
-0.77551
-0.73513
-0.70514
-0.73224
-0.7467
-0.72184
-0.78905
-0.71673
-0.73163
-0.70976
-0.73262
-0.74921
-0.73152
-0.73171
-0.71181
-0.74021
-0.66467
-0.6601
-0.6836
-0.66003
-0.6506
-0.67047
-0.65061
-0.63878
-0.65525
-0.6497
-0.65487
30.181
-0.66042
-0.65964
-0.60783
-0.7078
-0.61623
-0.61623
-0.65814
-0.62013
0
0
0
0
0
0
0
0
0
0
0
0
0
0
0
0
0
0
0
0
0
0
0
0
0
0
0
0
0
0
0
0
0
0
0
0
0
0
0
0
0
0
0
0
0
0
0
0
0
0
0
0
0
0
0
0
0
-0.8013
-0.83501
-0.80813
-0.76263
-0.7867
-0.74608
-0.72692
-0.77077
-0.80421
-0.75136
-0.71956
-0.76172
-0.77496
-0.74597
-0.81832
-0.74545
-0.76166
-0.73936
-0.76525
-0.77727
-0.76406
-0.76426
-0.74081
-0.7683
-0.6901
-0.68143
-0.71021
-0.69042
-0.67996
-0.67037
-0.67997
-0.66378
-0.67241
-0.66706
-0.68182
-0.66042
36.084
-0.67847
-0.66042
-0.72894
-0.65077
-0.65078
0
0
0
0
0
0
0
0
0
0
0
0
0
0
0
0
0
0
0
0
0
-2.6429
-3.4838
0
0
0
0
0
0
0
0
0
0
0
0
0
0
0
0
0
0
0
0
0
0
0
0
0
0
0
0
0
0
0
0
0
0
0
0
-0.79187
-0.82467
-0.79963
-0.75549
-0.77184
-0.73742
-0.7436
-0.76209
-0.7964
-0.74728
-0.72421
-0.75261
-0.76749
-0.74198
-0.81006
-0.72636
-0.75214
-0.7282
-0.75394
-0.76915
-0.75282
-0.75301
-0.73098
-0.75972
-0.68326
-0.68028
-0.70341
-0.67898
-0.66656
-0.68972
-0.66657
-0.66563
-0.66573
-0.66981
-0.66917
-0.65964
-0.67847
32.5986
-0.65965
-0.7258
-0.64487
-0.64487
-0.66464
0
0
0
0
0
0
0
0
0
0
0
0
0
0
-2.2285
0
0
0
0
0
0
0
0
0
0
0
0
0
0
0
0
0
0
0
0
0
0
0
0
0
0
0
0
0
0
0
0
0
0
0
0
0
0
0
0
0
0
0
-0.77216
-0.80342
-0.77975
-0.73543
-0.75996
-0.71788
-0.72372
-0.74275
-0.77552
-0.73513
-0.70514
-0.73225
-0.7467
-0.72184
-0.78907
-0.71674
-0.73164
-0.70976
-0.73262
-0.74921
-0.73152
-0.73172
-0.71182
-0.74021
-0.66467
-0.66011
-0.68361
-0.66004
-0.65061
-0.67048
-0.65061
-0.63879
-0.65526
-0.64972
-0.65487
-0.60783
-0.66042
-0.65965
30.1812
-0.70781
-0.61623
-0.61624
-0.65815
-0.62014
0
0
0
0
0
0
0
0
0
0
0
0
0
0
0
0
0
0
0
0
0
0
0
0
0
0
0
0
0
0
0
0
0
0
0
0
0
0
0
0
0
0
0
0
0
0
0
0
0
0
0
0
0
0
0
0
0
-0.8507
-0.88912
-0.86104
-0.81435
-0.84128
-0.79677
-0.80333
-0.82249
-0.85962
-0.81583
-0.78665
-0.81469
-0.82985
-0.79727
-0.86954
-0.79684
-0.81494
-0.78806
-0.82212
-0.82772
-0.82081
-0.82103
-0.78501
-0.81772
-0.73551
-0.73495
-0.76182
-0.73611
-0.72957
-0.74633
-0.72957
-0.71339
-0.7324
-0.71644
-0.72847
-0.7078
-0.72894
-0.7258
-0.70781
38.3379
-0.69921
-0.69922
0
0
0
0
0
0
0
0
0
0
0
0
0
0
0
0
0
0
0
0
0
0
0
0
0
0
0
0
0
0
0
0
0
0
0
0
0
0
0
0
0
0
0
0
0
0
0
-6.2578
0
0
0
0
0
0
0
0
0
0
0
-0.76536
-0.79649
-0.77313
-0.72883
-0.75425
-0.71115
-0.71696
-0.73613
-0.76877
-0.7304
-0.69837
-0.72528
-0.73979
-0.7151
-0.782
-0.70971
-0.72452
-0.70293
-0.72554
-0.74218
-0.72444
-0.72464
-0.70477
-0.7333
-0.65737
-0.65259
-0.67656
-0.65227
-0.64271
-0.66279
-0.64272
-0.62916
-0.64609
-0.63186
-0.64376
-0.61623
-0.65077
-0.64487
-0.61623
-0.69921
28.6647
-0.66546
0
0
0
0
0
0
0
0
0
0
0
0
0
0
0
0
0
0
0
0
0
0
0
0
0
0
0
0
0
0
0
0
0
0
0
0
0
0
0
0
0
0
0
0
0
0
0
0
0
0
0
0
0
0
0
0
0
0
0
-0.76536
-0.79649
-0.77312
-0.72883
-0.75425
-0.71115
-0.71695
-0.73613
-0.76877
-0.7304
-0.69837
-0.72528
-0.73979
-0.7151
-0.782
-0.70971
-0.72451
-0.70293
-0.72554
-0.74218
-0.72444
-0.72464
-0.70477
-0.7333
-0.65738
-0.65259
-0.67656
-0.65227
-0.64271
-0.6628
-0.64272
-0.62916
-0.64609
-0.63186
-0.64376
-0.61623
-0.65078
-0.64487
-0.61624
-0.69922
-0.66546
28.6647
0
0
0
0
0
0
0
0
0
0
0
0
0
0
0
0
0
0
0
0
0
0
0
0
0
0
0
0
0
0
0
0
0
0
0
0
0
0
0
0
0
0
0
0
0
0
0
0
0
0
0
0
0
0
0
0
0
0
0
-0.79229
-0.82917
-0.80044
-0.75636
-0.75357
-0.73771
-0.74453
-0.76315
-0.79772
-0.75294
-0.7213
-0.75316
-0.76327
-0.73227
-0.81159
-0.737
-0.75279
-0.73377
-0.75513
-0.76925
-0.754
-0.7542
-0.73152
-0.75851
-0.6826
-0.67874
-0.7042
-0.67972
-0.66876
-0.69062
-0.66877
-0.65508
-0.66764
-0.65464
-0.67302
-0.65814
0
-0.66464
-0.65815
0
0
0
30.986
0
0
0
0
0
0
0
0
0
0
0
0
0
0
0
0
0
0
0
0
0
0
0
0
0
0
0
0
0
-3.3257
0
0
0
0
0
0
0
0
0
0
0
0
0
0
0
0
0
0
0
0
0
0
0
0
0
0
0
0
-0.75088
-0.78164
-0.75812
-0.71176
-0.73914
-0.69673
-0.70323
-0.7209
-0.75077
-0.68064
-0.68558
-0.71175
-0.72696
-0.7025
-0.76817
-0.69734
-0.71229
-0.68864
-0.71471
-0.72906
-0.7136
-0.71379
-0.69361
-0.71986
-0.64589
-0.64123
-0.66204
-0.64101
-0.63203
-0.65289
-0.63203
-0.62159
-0.63481
-0.62556
-0.63408
-0.62013
0
0
-0.62014
0
0
0
0
29.1507
0
0
0
0
0
0
0
0
0
0
0
0
0
0
0
0
0
0
0
0
0
0
0
0
0
-3.6157
0
0
0
0
0
0
0
0
0
0
0
0
0
0
0
0
0
0
0
0
0
0
0
0
0
0
0
0
0
0
0
-0.87818
-0.92409
-0.89216
-0.84064
-0.87211
-0.82746
-0.83461
-0.85175
-0.89078
-0.84548
-0.81536
-0.84521
-0.86364
-0.83142
-0.89759
-0.82285
-0.84466
-0.80916
-0.86714
-0.85265
-0.86628
-0.86644
-0.81074
-0.85286
-0.77842
-0.7698
-0.79835
-0.76701
-0.76438
-0.7902
-0.76438
-0.74237
0
0
0
0
0
0
0
0
0
0
0
0
40.465
0
0
0
0
0
0
0
0
0
0
0
0
0
-2.3318
-2.0126
0
0
0
0
0
0
0
0
0
0
0
0
0
0
0
0
0
0
-3.3795
0
0
0
0
0
0
0
0
0
0
0
0
0
0
0
0
0
0
0
0
-6.0629
0
-0.7625
-0.81808
-0.79341
-0.74866
-0.77433
-0.73078
-0.7381
-0.75598
-0.7895
-0.7501
-0.71346
-0.74675
-0.76144
-0.73441
-0.80016
-0.73041
-0.74628
-0.71516
-0.74868
-0.75385
-0.74756
-0.74775
-0.72315
-0.75382
-0.67551
-0.67149
-0.69652
-0.67296
-0.66282
-0.68459
-0.66283
-0.65219
0
-0.659
0
0
0
0
0
0
0
0
0
0
0
27.1981
0
0
0
0
0
0
0
0
0
0
0
0
0
0
0
0
0
0
0
0
0
0
0
0
0
0
0
0
0
0
0
0
0
0
0
-3.0759
0
0
0
0
0
0
0
0
0
0
0
0
0
0
0
0
0
0
0
-0.87753
-0.90812
-0.8857
-0.83923
-0.866
-0.82027
-0.82669
-0.8467
-0.87932
-0.83992
-0.80692
-0.83587
-0.85152
-0.82505
-0.89426
-0.81919
-0.83515
-0.81162
-0.83727
-0.85274
-0.8361
-0.8363
-0.814
-0.84394
-0.76314
-0.75775
-0.78423
-0.75874
-0.74824
-0.76979
-0.74826
-0.73533
0
0
0
0
0
0
0
0
0
0
0
0
0
0
26.3549
0
0
0
0
0
0
0
0
0
0
0
0
0
0
0
0
0
0
0
0
0
0
0
0
0
0
0
0
0
0
0
0
0
0
0
0
0
0
0
0
0
0
0
0
0
0
0
0
0
0
0
0
0
0
-0.92717
-0.95796
-0.93568
-0.88834
-0.91561
-0.8689
-0.87577
-0.89574
-0.92856
-0.88868
-0.85508
-0.88485
-0.90075
-0.87368
-0.94406
-0.86781
-0.88409
-0.85979
-0.88565
-0.90179
-0.88445
-0.88466
-0.86201
-0.89287
-0.80863
-0.80446
-0.83125
0
-0.79424
0
-0.79426
0
0
0
0
0
0
0
0
0
0
0
0
0
0
0
0
25.4968
0
0
0
0
0
0
0
0
0
0
0
0
0
0
0
0
0
0
0
0
0
0
0
0
0
0
0
0
0
0
0
0
0
0
0
0
0
0
0
0
0
0
0
0
0
0
0
0
0
0
0
0
0
-0.81553
-0.84908
-0.82469
-0.77951
-0.80574
-0.7612
-0.77044
-0.7733
-0.81977
-0.78382
-0.75232
-0.77944
-0.79474
-0.76706
-0.83345
-0.76367
-0.77907
-0.75056
-0.78047
-0.79226
-0.77927
-0.77948
0
-0.78672
0
-0.70385
0
0
0
0
0
0
0
0
0
0
0
0
0
0
0
0
0
0
0
0
0
0
23.7908
0
0
0
0
0
0
0
0
0
0
0
0
-2.1777
0
0
0
0
0
0
0
0
0
0
0
0
-2.7876
0
0
0
0
0
0
0
0
0
0
0
0
0
0
0
0
0
0
0
0
0
0
0
0
0
0
-0.80292
-0.83424
-0.78298
-0.77017
-0.79617
-0.75229
-0.7584
-0.7439
-0.80561
-0.76827
-0.74259
-0.7704
-0.78835
-0.76787
-0.82041
-0.7502
-0.77023
0
-0.77203
-0.78165
-0.77084
-0.77105
0
0
0
0
0
0
0
0
0
0
0
0
0
0
0
0
0
0
0
0
0
0
0
0
0
0
0
27.1331
0
0
0
0
0
0
-2.2484
0
0
0
0
0
0
0
0
0
-2.9528
0
0
0
-2.8833
0
0
0
0
0
0
-2.7279
0
0
0
0
0
0
0
0
0
0
0
0
0
0
0
0
0
0
0
0
0
0
0
-0.93606
-0.96603
-0.94289
-0.89727
-0.92543
-0.87725
-0.88502
-0.9028
-0.93226
-0.89618
-0.86501
-0.8946
-0.91061
-0.88335
-0.95295
-0.87893
-0.89408
0
-0.89511
0
-0.89388
-0.89409
0
0
0
0
0
0
0
0
0
0
0
0
0
0
0
0
0
0
0
0
0
0
0
0
0
0
0
0
22.4237
0
0
0
0
0
0
0
0
0
0
0
0
0
0
0
0
0
0
0
0
0
0
0
0
0
-1.4456
-2.8543
0
0
0
0
0
0
0
0
0
0
0
0
0
0
0
0
0
0
0
0
0
0
0
-1.2745
-1.3672
-1.2794
-1.2085
-1.2605
-1.2035
-1.2131
-1.228
-1.3213
0
-1.1893
-1.2185
-1.2433
0
0
0
-1.2178
0
0
0
0
0
0
0
0
0
0
0
0
0
0
0
0
0
0
0
0
0
0
0
0
0
0
0
0
0
0
0
0
0
0
19.9588
0
0
0
0
0
0
0
0
0
0
0
0
0
0
0
0
0
0
0
0
0
-3.7337
0
0
0
0
0
0
0
0
0
0
0
0
0
0
0
0
0
0
0
0
0
0
0
0
0
0
0
-1.5281
-1.5441
-1.5356
-1.486
-1.5154
-1.4568
-1.4703
-1.4899
-1.5178
0
0
-1.4768
0
0
0
0
0
0
0
0
0
0
0
0
0
0
0
0
0
0
0
0
0
0
0
0
0
0
0
0
0
0
0
0
0
0
0
0
0
0
0
0
15.0208
0
0
0
0
0
0
0
0
0
0
0
0
0
0
0
0
0
0
0
0
0
0
0
0
0
0
0
0
0
0
0
0
0
0
0
0
0
0
0
0
0
0
0
0
0
0
0
0
-1.7658
-1.7918
-1.7792
-1.7186
-1.7504
-1.693
-1.7075
0
0
0
0
0
0
0
0
0
0
0
0
0
0
0
0
0
0
0
0
0
0
0
0
0
0
0
0
0
0
0
0
0
0
0
0
0
0
0
0
0
0
0
0
0
0
21.1732
0
0
0
0
0
0
0
0
-3.3308
0
0
0
0
0
0
0
0
0
0
0
0
0
0
0
0
0
0
0
0
0
0
0
0
-5.6361
0
0
0
0
0
0
0
0
0
0
0
0
0
0
0
0
0
0
0
0
0
0
0
0
0
-1.9414
-1.7897
0
0
0
0
0
0
0
0
0
0
0
0
0
0
0
0
0
0
-1.7933
0
0
0
0
0
0
0
0
0
0
0
0
0
0
0
0
0
0
0
0
0
17.4807
0
0
0
0
0
-2.937
0
0
-2.7119
0
0
0
0
-3.2347
0
0
0
-3.0727
0
0
0
0
0
0
0
0
0
0
0
0
0
0
0
0
0
0
0
0
0
0
0
0
0
0
0
0
-2.5588
-2.5811
-2.575
-2.5046
0
-2.4737
0
0
0
0
0
0
0
0
0
0
0
0
0
0
0
0
0
0
0
0
0
0
0
0
0
0
0
0
0
0
0
0
0
0
0
0
0
0
0
0
0
0
0
0
0
0
0
0
0
18.7112
0
0
0
0
0
0
0
0
0
0
0
0
0
0
0
0
0
0
0
0
0
0
0
0
0
0
0
0
0
0
0
0
0
0
0
-6.0179
0
0
0
0
0
0
0
0
0
0
0
0
0
0
0
0
0
0
0
0
0
0
0
0
0
0
0
0
0
0
0
0
0
0
0
0
0
0
0
0
0
0
0
0
0
0
0
0
0
0
0
0
0
0
0
0
0
0
-2.2484
0
0
0
0
0
0
13.3046
-2.9177
0
0
0
0
0
0
0
0
0
0
0
0
0
-2.679
0
0
0
0
-2.7234
0
-2.736
0
0
0
0
0
0
0
0
0
0
0
0
0
0
0
0
0
0
0
0
0
0
0
0
0
0
-2.4356
0
0
0
0
-2.3888
0
0
0
0
0
-2.3577
0
0
0
0
0
0
0
0
0
0
0
0
0
0
0
0
0
0
0
0
0
-2.2285
0
0
0
0
0
0
0
0
0
0
0
0
0
0
0
0
0
0
-2.9177
12.3284
0
0
0
0
0
0
0
0
0
0
0
0
0
0
0
0
0
0
0
0
0
0
0
0
0
0
0
0
0
0
0
0
0
0
0
0
0
0
0
0
0
0
0
0
0
0
0
0
0
0
0
0
0
0
0
0
0
0
0
0
-2.3747
0
0
0
0
0
0
0
0
0
0
0
0
0
0
0
0
0
0
0
0
0
0
0
0
0
0
-2.3318
0
0
0
0
0
0
0
0
0
0
0
0
0
14.5899
0
0
0
0
0
0
-3.1216
0
0
0
0
0
0
0
-3.2195
0
-3.5422
0
0
0
0
0
0
0
0
0
0
0
0
0
0
0
0
0
0
0
0
0
0
0
0
0
-2.0924
0
0
0
0
0
0
0
0
0
0
0
0
0
0
0
0
0
0
0
0
0
-1.9801
0
0
0
0
0
0
0
0
0
0
0
0
0
0
0
0
0
0
0
0
0
-2.0126
0
0
0
0
0
0
0
0
0
0
0
0
0
0
13.1799
0
0
0
0
0
0
0
0
-3.433
0
-3.6617
0
0
0
0
0
0
0
0
0
0
0
0
0
0
0
0
0
0
0
0
0
0
0
0
0
0
0
0
0
0
0
0
0
0
0
0
0
0
0
0
0
0
0
0
0
0
0
0
0
0
0
0
0
0
0
0
0
0
0
0
0
0
0
0
0
0
0
0
0
0
0
0
0
0
0
0
0
0
0
0
0
0
0
0
-2.937
0
0
0
0
0
16.3423
-2.8523
-3.2994
0
0
0
0
0
0
0
0
0
0
0
0
-3.4556
0
0
0
0
0
0
0
-3.7979
0
0
0
0
0
0
0
0
0
0
0
0
0
0
0
0
0
0
0
0
0
0
0
0
-2.487
0
0
0
0
0
0
0
0
0
0
0
0
0
0
0
0
0
0
0
-2.3489
0
0
0
0
0
0
0
0
0
0
0
0
0
0
0
0
0
0
0
0
-2.1777
0
0
0
0
0
0
0
0
0
0
0
-2.8523
12.734
0
0
0
-2.8681
0
0
0
0
0
0
0
0
0
0
0
0
0
0
0
0
0
0
0
0
0
0
0
0
0
0
0
0
0
0
0
0
0
0
0
0
0
0
0
0
0
0
0
-3.8906
0
0
0
0
0
0
0
0
0
0
0
0
0
0
0
0
0
0
0
0
0
0
0
0
0
0
0
0
0
0
0
0
0
0
0
0
0
0
0
0
0
0
0
0
-3.3308
0
0
0
0
0
0
-3.2994
0
15.9269
0
0
0
0
0
0
0
0
0
0
0
0
0
0
0
0
0
0
0
0
0
0
0
0
0
0
0
0
0
0
0
0
0
0
0
0
0
-5.4061
0
0
0
0
0
0
0
0
0
-2.8151
-2.7672
0
0
0
0
0
0
0
0
0
0
0
0
0
0
0
0
0
0
0
0
0
0
0
0
0
-2.6429
0
0
0
0
0
0
0
0
0
0
0
0
0
0
0
0
0
-2.7119
0
0
0
0
0
0
0
0
10.9372
0
0
0
0
0
0
0
0
0
0
0
0
0
0
0
0
0
0
0
0
0
0
0
0
0
0
0
0
0
0
0
0
0
0
0
0
0
0
0
0
0
0
0
-3.6928
0
0
0
0
0
0
0
0
0
0
0
0
0
0
0
0
0
0
0
0
0
0
-3.5369
0
0
0
0
0
0
-3.4838
0
0
0
0
0
0
0
0
0
0
0
0
0
0
0
0
0
0
0
0
0
0
0
0
0
0
0
16.8217
0
0
0
0
0
0
0
0
0
0
0
0
0
0
0
0
0
0
0
0
0
0
0
0
0
0
0
0
0
0
-6.1083
0
0
0
0
0
0
0
0
0
0
0
0
0
0
0
0
0
0
0
0
0
0
0
0
0
0
0
0
0
0
0
0
0
0
0
0
0
0
0
0
0
0
0
0
0
0
0
0
0
0
0
0
0
0
0
0
0
0
0
0
0
0
0
-3.1216
0
0
-2.8681
0
0
0
14.1843
0
-3.2064
0
0
0
0
0
0
0
0
0
0
0
0
0
0
0
0
0
0
0
0
0
0
0
0
0
-4.9881
0
0
0
0
0
0
0
0
0
-3.5132
0
0
0
0
-3.4396
0
0
0
0
0
0
0
0
0
0
0
0
0
0
0
0
0
0
0
0
0
0
0
0
0
0
0
0
0
0
0
0
0
0
0
0
0
0
0
0
0
-2.9528
0
0
0
0
0
0
0
0
0
0
0
0
0
0
0
0
15.6282
0
0
0
0
0
0
0
0
0
0
0
0
0
0
0
0
0
0
0
0
0
0
0
0
0
0
0
-5.7227
0
0
0
0
0
0
0
0
0
-3.4958
0
0
0
0
0
0
0
0
0
0
0
0
0
0
0
0
0
0
0
0
0
0
-3.3574
0
0
0
0
0
0
0
0
0
0
0
0
0
0
0
0
0
0
0
0
0
0
0
0
0
0
0
0
0
0
0
0
0
0
0
0
0
0
-3.2064
0
10.0596
0
0
0
0
0
0
0
0
0
0
0
0
0
0
0
0
0
0
0
0
0
0
0
0
0
0
0
0
0
0
0
0
0
0
0
0
0
0
0
0
0
0
0
0
0
0
-3.5613
0
0
0
0
0
0
0
0
0
0
0
0
0
0
0
0
0
0
0
0
0
0
0
0
0
0
0
0
0
0
0
0
0
0
0
0
0
0
0
0
-3.2347
0
0
0
0
-3.433
0
0
0
0
0
0
0
0
10.2291
0
0
0
0
0
0
0
0
0
0
0
0
0
0
0
0
0
0
0
0
0
0
0
0
0
0
0
0
0
0
0
0
0
0
0
0
0
0
0
0
0
-4.022
0
0
0
0
0
0
0
0
0
0
0
0
0
0
0
0
0
0
0
0
0
0
0
0
0
0
0
0
0
0
0
0
0
-3.6157
0
0
0
0
0
0
0
0
0
0
0
0
0
0
0
0
0
0
0
0
0
0
0
0
0
12.8173
0
0
0
0
0
0
0
0
0
0
0
0
0
0
0
0
-5.1797
0
0
0
0
0
0
0
0
0
0
0
0
0
0
0
0
0
0
0
0
0
0
0
0
0
0
0
0
0
0
0
0
0
0
0
0
0
0
0
0
0
0
0
0
0
0
0
0
0
0
0
0
0
0
0
0
0
0
0
0
0
0
0
-2.8833
0
0
0
0
0
0
0
0
0
-3.6617
0
0
0
0
0
0
0
0
0
0
7.3833
0
0
0
0
0
0
0
0
0
0
0
0
0
0
0
0
0
0
0
0
0
-0.83823
0
0
0
0
0
0
0
0
0
0
0
0
0
0
0
0
0
0
0
0
0
0
0
0
0
0
0
0
0
0
0
0
0
0
0
0
0
0
0
0
-1.3022
0
0
0
0
0
0
0
0
0
0
0
0
0
0
0
0
0
0
0
0
0
0
0
-2.679
0
0
0
0
0
0
0
0
0
0
0
0
0
0
8.4446
0
0
0
0
0
0
0
0
0
0
0
0
0
0
0
0
-4.4634
0
0
0
0
0
0
0
0
0
0
0
0
0
0
0
0
-3.6804
0
0
0
0
0
0
0
0
0
0
0
0
0
0
0
0
0
0
0
0
0
0
0
0
0
0
0
0
0
0
0
0
0
0
0
0
0
-3.3257
0
0
0
0
0
0
0
0
0
0
0
-3.0727
0
0
0
0
0
0
0
0
0
0
0
0
0
0
0
0
0
10.0787
0
0
0
0
0
0
0
0
0
0
0
0
0
0
0
0
0
0
0
0
0
0
0
0
0
0
0
0
0
0
0
0
0
0
0
0
0
0
0
0
0
0
0
0
0
0
0
0
0
0
0
0
0
0
0
0
0
0
0
0
0
0
-4.1848
0
0
0
0
0
0
0
0
0
0
0
0
0
0
0
0
-3.7337
0
0
0
0
0
0
-3.2195
0
0
0
0
0
0
0
0
0
0
0
0
0
0
11.1379
0
0
0
0
0
0
0
0
0
0
0
0
0
0
0
0
0
0
0
0
0
0
0
0
0
0
0
0
0
0
0
0
0
0
0
0
0
0
0
0
0
0
0
0
0
0
0
0
0
0
0
-3.0646
0
0
0
0
0
0
0
0
0
0
0
0
0
0
0
0
0
0
0
0
0
0
0
-2.7876
0
0
0
0
0
0
0
0
0
0
0
0
0
0
0
0
0
0
0
0
0
0
0
0
0
10.3399
0
0
0
0
0
0
0
-4.4877
0
0
0
0
0
0
0
0
0
0
0
0
0
0
0
0
0
0
0
0
0
0
0
0
0
0
0
0
0
0
0
0
0
0
0
0
0
0
0
0
0
0
0
0
0
0
0
0
0
0
0
0
0
0
0
0
0
0
0
0
0
0
0
0
0
0
0
0
0
0
0
0
0
0
0
0
-3.5422
0
-3.4556
0
0
0
0
0
0
0
0
0
0
0
0
0
0
11.2
0
0
0
-4.2022
0
0
0
0
0
0
0
0
0
0
0
0
0
0
0
0
0
0
0
0
0
0
0
0
0
0
0
0
0
0
0
0
0
0
0
0
0
0
0
0
0
0
0
0
0
0
0
0
0
0
0
0
0
0
0
0
0
0
0
0
0
0
0
0
0
0
0
0
0
0
0
-1.4456
0
0
0
0
0
-2.7234
0
0
0
0
0
0
0
0
0
0
0
0
0
0
0
0
0
0
0
8.4592
0
0
0
0
0
0
0
0
0
0
0
0
0
0
0
0
0
0
0
0
-4.2902
0
0
0
0
0
0
0
0
0
0
0
0
0
0
0
0
0
0
0
0
0
0
0
0
0
0
0
0
0
0
0
0
0
0
0
0
0
0
0
0
0
0
0
0
0
0
0
0
0
0
0
0
-2.7279
-2.8543
0
0
0
0
0
0
0
0
0
0
0
0
0
0
0
0
0
0
0
0
0
0
0
0
0
0
10.2787
0
0
0
0
0
0
0
0
0
0
0
0
0
0
0
0
0
0
-4.6965
0
0
0
0
0
0
0
0
0
0
0
0
0
0
0
0
0
0
0
0
0
0
0
0
0
0
0
0
0
0
0
0
0
0
0
0
-3.3028
0
0
0
0
0
0
0
0
0
0
0
-3.3795
0
0
0
0
0
0
0
0
0
0
0
-2.736
0
0
0
0
0
0
0
0
0
0
0
0
0
0
0
0
0
0
0
0
0
9.4183
0
0
0
0
0
0
0
0
0
0
0
0
0
0
0
0
0
0
0
0
0
0
0
0
0
0
0
0
0
0
0
0
0
0
0
0
0
0
0
0
0
0
0
0
0
-4.822
0
0
0
0
0
0
0
0
0
0
0
0
0
0
0
0
0
0
0
0
0
0
0
0
0
0
0
0
0
0
0
0
0
0
0
0
0
0
0
0
0
0
0
0
0
0
0
0
0
0
0
-4.2022
0
0
0
9.0241
0
0
0
0
0
0
0
0
0
0
0
0
0
0
0
0
0
0
0
0
0
0
0
0
0
0
0
0
0
0
0
-3.0358
0
0
0
0
0
0
-3.0779
0
0
0
0
0
0
0
0
0
0
0
0
0
0
0
0
0
0
0
0
0
0
0
0
0
0
0
0
0
0
0
0
0
0
0
0
0
0
0
0
0
0
0
0
0
0
0
0
0
0
0
0
0
0
0
0
0
0
0
0
0
0
6.1138
0
0
0
0
0
0
0
0
0
0
0
0
0
0
0
0
0
0
0
0
-3.4681
0
0
0
0
0
0
0
0
0
0
0
0
0
0
0
0
0
0
0
0
0
0
0
0
0
0
0
0
0
0
0
0
0
0
0
0
0
0
0
0
0
0
0
0
-3.0759
0
0
0
0
0
0
0
0
0
0
0
0
0
0
0
0
0
0
0
0
0
0
0
0
0
0
0
0
0
0
0
0
0
0
0
6.544
0
0
0
0
0
0
0
0
0
0
0
0
0
0
0
0
0
0
0
0
0
0
0
0
0
0
0
0
0
0
0
0
0
0
0
0
0
0
0
0
0
-3.8998
0
0
0
0
0
0
0
0
0
0
0
0
0
0
0
0
0
0
0
0
0
0
0
0
0
0
0
0
0
0
0
0
0
0
0
0
0
0
0
0
0
0
0
0
0
0
0
0
0
0
0
-4.4877
0
0
0
0
0
0
0
8.3875
0
0
0
0
0
0
0
0
0
0
0
0
0
0
0
0
0
0
0
0
0
0
0
0
0
0
0
0
0
0
0
0
0
0
0
-4.6672
0
0
0
0
0
0
0
0
0
0
0
0
0
0
0
0
0
0
0
0
0
0
0
0
0
0
0
0
0
0
0
0
0
0
0
0
0
0
0
0
0
0
-3.7979
0
0
0
0
0
0
0
0
0
0
0
0
0
0
0
0
0
0
0
0
0
0
8.4651
0
0
0
0
0
0
0
0
0
0
0
0
0
0
0
0
0
0
0
0
0
0
0
0
0
0
0
0
0
0
0
0
0
0
0
0
-6.8612
0
0
0
0
0
0
0
0
0
0
0
0
0
0
0
0
0
0
0
0
0
0
0
0
0
0
0
0
0
0
0
0
0
0
0
0
0
0
0
0
0
0
0
0
0
0
0
0
0
0
0
0
0
0
0
0
0
0
0
0
0
0
0
0
6.8612
0
0
0
0
0
0
0
0
0
0
0
0
0
0
0
0
0
-8.9727
0
0
0
0
0
0
0
0
0
0
0
0
0
0
0
0
0
0
0
0
0
0
0
0
0
0
0
0
0
0
0
0
0
0
0
0
0
0
0
0
0
0
0
0
0
0
0
0
0
0
0
0
0
0
0
0
0
0
0
0
0
0
0
0
0
0
0
0
0
0
0
0
0
0
0
0
0
0
0
0
0
0
0
8.9727
0
0
0
0
0
0
0
0
0
0
0
0
0
0
0
0
0
0
0
0
0
0
0
0
0
0
0
0
0
0
0
0
0
0
0
0
0
0
0
0
0
0
0
0
0
0
0
0
0
0
0
0
0
0
0
0
0
0
0
0
0
0
0
0
0
0
0
0
0
0
0
0
0
0
0
0
0
0
0
0
0
0
0
0
-5.1797
0
0
0
0
0
0
0
0
0
0
0
0
0
0
0
0
5.1797
0
0
0
0
0
0
0
0
0
0
0
0
0
0
0
0
0
0
0
0
0
0
0
0
0
0
0
0
0
0
0
0
0
0
0
0
0
0
0
0
0
0
0
0
0
0
0
0
0
0
0
0
0
0
0
0
0
0
0
0
0
0
0
0
0
0
0
-5.6361
0
0
0
0
0
0
0
0
0
0
0
0
0
0
0
0
0
0
0
0
0
0
0
0
0
0
0
0
0
0
0
0
0
5.6361
0
0
0
0
0
0
0
0
0
0
0
0
0
0
0
0
0
0
0
0
0
0
0
0
0
0
0
0
0
0
0
0
0
0
0
0
0
0
0
0
0
0
0
0
0
0
0
0
0
0
0
0
0
0
0
0
0
0
0
0
0
0
0
0
0
0
0
0
0
0
0
0
0
0
0
0
0
0
0
0
0
0
0
0
-4.4634
0
0
0
0
0
0
0
0
0
0
0
0
0
0
0
0
4.4634
0
0
0
0
0
0
0
0
0
0
0
0
0
0
0
0
0
0
0
0
0
0
0
0
0
0
0
0
0
0
0
0
0
0
0
0
0
0
0
0
0
0
0
0
0
0
0
0
0
0
0
-6.2578
0
0
0
0
0
0
0
0
0
0
0
0
0
0
0
0
0
0
0
0
0
0
0
0
0
0
0
0
0
0
0
0
0
0
0
0
0
0
0
0
0
0
0
0
0
0
0
0
0
6.2578
0
0
0
0
0
0
0
0
0
0
0
0
0
0
0
0
0
0
0
0
0
0
0
0
0
-7.8376
0
0
0
0
0
0
0
0
0
0
0
0
0
0
0
0
0
0
0
0
0
0
0
0
0
0
0
0
0
0
0
0
0
0
0
0
0
0
0
0
0
0
0
0
0
0
0
0
0
0
0
0
0
0
0
0
0
0
0
0
0
0
0
0
0
0
0
0
0
0
0
0
0
0
0
7.8376
0
0
0
0
0
0
0
0
0
0
0
0
0
0
0
0
0
0
0
0
0
0
0
0
0
0
0
0
0
0
0
0
0
0
0
0
0
0
0
0
0
0
0
0
0
0
0
0
0
0
0
0
0
0
0
0
0
0
0
0
0
0
0
0
0
-6.0179
0
0
0
0
0
0
0
0
0
0
0
0
0
0
0
0
0
0
0
0
0
0
0
0
0
0
0
0
0
0
0
0
0
0
0
6.0179
0
0
0
0
0
0
0
0
0
0
0
0
0
0
0
0
0
0
0
0
0
0
0
0
0
0
0
0
0
0
0
0
0
0
0
0
0
0
0
0
0
0
0
0
0
0
0
0
0
0
0
0
0
0
0
0
0
0
0
0
0
0
0
0
0
0
0
0
0
0
0
0
0
0
0
0
0
0
0
-0.83823
0
0
0
0
0
0
0
0
0
0
0
0
0
0
0
0
0
0
0
0
0
0.83823
0
0
0
0
0
0
0
0
0
0
0
0
0
0
0
0
0
0
0
0
0
0
0
0
0
0
0
0
0
0
0
0
0
0
0
0
0
0
0
0
0
0
0
0
0
0
0
0
0
0
0
0
0
0
0
0
0
0
0
0
0
0
0
0
0
0
0
0
0
0
0
0
0
-4.9881
0
0
0
0
0
0
0
0
0
0
0
0
0
0
0
0
0
0
0
0
0
0
0
0
0
0
0
4.9881
0
0
0
0
0
0
0
0
0
0
0
0
0
0
0
0
0
0
0
0
0
0
0
0
0
0
0
0
0
0
0
0
0
0
0
0
0
0
0
0
0
0
0
0
0
0
0
0
0
0
0
0
0
0
0
0
0
0
0
0
0
0
0
0
0
0
0
0
0
0
0
0
0
-5.7227
0
0
0
0
0
0
0
0
0
0
0
0
0
0
0
0
0
0
0
0
0
0
0
0
0
0
0
5.7227
0
0
0
0
0
0
0
0
0
0
0
0
0
0
0
0
0
0
0
0
0
0
0
0
0
0
0
0
0
0
0
0
0
0
0
0
0
0
0
0
0
0
0
0
0
0
0
0
0
0
0
0
0
0
0
0
0
0
0
0
0
0
0
0
0
0
0
0
0
0
-6.1083
0
0
0
0
0
0
0
0
0
0
0
0
0
0
0
0
0
0
0
0
0
0
0
0
0
0
0
0
0
0
6.1083
0
0
0
0
0
0
0
0
0
0
0
0
0
0
0
0
0
0
0
0
0
0
0
0
0
0
0
0
0
0
0
0
0
0
0
0
0
0
0
0
0
0
0
0
0
0
0
0
0
0
0
0
0
0
0
0
0
0
0
0
0
0
0
0
0
0
0
0
0
0
0
0
0
0
0
0
0
0
0
0
0
0
-4.6965
0
0
0
0
0
0
0
0
0
0
0
0
0
0
0
0
0
0
4.6965
0
0
0
0
0
0
0
0
0
0
0
0
0
0
0
0
0
0
0
0
0
0
0
0
0
0
0
0
0
0
0
0
0
0
0
0
0
0
0
0
0
0
0
0
0
0
0
0
0
0
0
0
0
0
0
0
0
0
0
0
0
0
0
0
0
0
0
0
0
0
0
0
0
0
0
0
0
0
0
0
-4.2902
0
0
0
0
0
0
0
0
0
0
0
0
0
0
0
0
0
0
0
0
4.2902
0
0
0
0
0
0
0
0
0
0
0
-8.7552
0
0
0
0
0
0
0
0
0
0
0
0
0
0
0
0
0
0
0
0
0
0
0
0
0
0
0
0
0
0
0
0
0
0
0
0
0
0
0
0
0
0
0
0
0
0
0
0
0
0
0
0
0
0
0
0
0
0
0
0
0
0
0
0
0
0
0
0
0
0
0
0
0
0
0
0
0
0
0
0
0
0
0
0
0
0
0
0
0
8.7552
0
0
0
0
0
0
0
0
0
0
0
0
0
0
0
0
0
0
0
0
0
0
0
0
0
0
0
0
0
0
0
0
0
0
0
0
0
0
0
0
0
0
0
0
0
0
-6.0629
0
0
0
0
0
0
0
0
0
0
0
0
0
0
0
0
0
0
0
0
0
0
0
0
0
0
0
0
0
0
0
0
0
0
0
0
0
0
0
0
0
0
0
0
0
0
0
0
0
0
0
0
0
0
6.0629
0
0
0
0
0
0
0
0
0
0
0
0
0
0
0
0
0
0
0
0
0
0
0
0
0
0
0
0
0
0
0
0
0
0
0
0
0
0
0
0
0
0
0
0
0
0
0
0
0
0
0
0
0
0
0
0
0
0
0
0
0
0
0
-5.4061
0
0
0
0
0
0
0
0
0
0
0
0
0
0
0
0
0
0
0
0
0
0
0
0
0
0
0
0
0
0
0
0
0
0
0
0
0
5.4061
