1
0.66799
2.2307
2.1482
2.1921
2.2335
2.3382
2.4311
2.5141
2.5947
2.6708
2.7412
2.8097
2.8782
2.9424
3.0018
3.056
3.1068
3.1545
3.2006
3.245
3.2892
3.3332
3.3776
3.4208
3.4619
3.5006
3.5373
3.5725
3.6065
3.6396
3.672
3.704
3.7357
3.767
3.7978
3.8276
3.8561
3.8831
3.9085
3.9324
3.9549
3.9761
3.9963
4.0155
4.0339
4.0516
4.0689
4.0858
4.1024
4.119
4.1354
4.1519
4.1683
4.1849
4.2016
4.2183
4.2352
4.2521
4.2691
4.2862
4.3033
4.3204
4.3375
4.3547
4.3718
4.3888
4.4059
4.4228
4.4398
4.4566
4.4733
4.4898
4.5062
4.5224
4.5383
4.554
4.5695
4.5848
4.5999
4.6147
4.6293
4.6437
4.6579
4.6719
4.6857
4.6993
4.7128
4.726
4.7391
4.752
4.7647
4.7773
4.7897
4.802
4.8142
4.8262
4.8382
4.85
4.8617
4.8734
4.885
4.8967
4.9082
4.9198
4.9314
4.943
4.9546
4.9661
4.9777
4.9892
5.0008
5.0123
5.0237
5.0352
5.0466
5.058
5.0694
5.0807
5.0919
5.1031
5.1143
5.1254
5.1364
5.1475
5.1584
5.1694
5.1803
5.1912
5.2021
5.213
5.2239
5.2347
5.2456
5.2564
5.2672
5.278
5.2887
5.2994
5.3101
5.3207
5.3313
5.3418
5.3523
5.3628
5.3732
5.3836
5.3939
5.4042
5.4145
5.4248
5.435
5.4453
5.4554
