1
0.97585
0.96752
0.96301
0.9594
0.95623
0.95373
0.95141
0.94723
0.94294
0.93913
0.93528
0.93175
0.92825
0.92495
0.92167
0.91847
0.91527
0.91213
0.90901
0.90593
0.90288
0.89983
0.89679
0.89376
0.89073
0.88773
0.88475
0.88179
0.87887
0.87598
0.87312
0.87031
0.86755
0.86484
0.86219
0.85961
0.85709
0.85463
0.85223
0.84989
0.84759
0.84533
0.84311
0.84092
0.83876
0.83663
0.83451
0.83243
0.83036
0.82831
0.82629
0.82428
0.8223
0.82034
0.81841
0.81652
0.81466
0.81285
0.81108
0.80936
0.8077
0.80609
0.80455
0.80307
0.80165
0.8003
0.79901
0.79779
0.79663
0.79554
0.7945
0.79353
0.79261
0.79175
0.79094
0.79017
0.78945
0.78875
0.78808
0.78742
0.78677
0.78611
0.78543
0.78473
0.78399
0.78322
0.7824
0.78154
0.78064
0.77969
0.77868
0.77764
0.77655
0.77542
0.77426
0.77306
0.77183
0.77057
0.76929
0.76798
0.76666
0.76533
0.76398
0.76262
0.76126
0.75989
0.75852
0.75715
0.75578
0.75441
0.75305
0.7517
0.75035
0.74902
0.7477
0.74639
0.74509
0.74381
0.74254
0.74129
0.74006
0.73884
0.73765
0.73647
0.73532
0.73419
0.73308
0.73199
0.73093
0.72989
0.72888
0.72789
0.72694
0.72601
0.72511
0.72423
0.72339
0.72258
0.72181
0.72106
0.72035
0.71968
0.71904
0.71843
0.71786
0.71733
0.71683
0.71636
0.71593
0.71552
0.71514
0.71479
0.71445
0.71414
0.71385
0.71357
0.7133
0.71304
0.71278
0.71253
0.71227
0.71202
0.71176
0.71149
0.71122
0.71094
0.71065
