1
0.96651
0.96062
0.9546
0.95154
0.94869
0.94698
0.94529
0.94426
0.94144
0.93908
0.93711
0.93538
0.93396
0.93263
0.93145
0.93028
0.92924
0.92819
0.92723
0.92626
0.92533
0.9244
0.92349
0.92255
0.92156
0.92048
0.91927
0.91794
0.91655
0.91516
0.91382
0.91256
0.91139
0.91032
0.90934
0.90843
0.9076
0.90682
0.90609
0.9054
0.90471
0.90402
0.9033
0.90255
0.90175
0.90093
0.90009
0.89925
0.89842
0.89761
0.89684
0.8961
0.89539
0.89471
0.89407
0.89346
0.89288
0.89233
0.89179
0.89128
0.89078
0.89029
0.8898
0.88932
0.88885
0.88837
0.88789
0.88741
0.88693
0.88644
0.88594
0.88543
0.88491
0.88437
0.88381
0.88324
0.88265
0.88204
0.88141
0.88076
0.88009
0.8794
0.87869
0.87796
0.87721
0.87644
0.87567
0.87489
0.8741
0.87332
0.87255
0.87178
0.87102
0.87029
0.86956
0.86886
0.86818
0.86751
0.86687
0.86625
0.86564
0.86506
0.86449
0.86394
0.86341
0.86289
0.86239
0.86191
0.86144
0.86099
0.86056
0.86014
0.85973
0.85933
0.85895
0.85858
0.85822
