1
0.96391
0.95641
0.94968
0.94609
0.94346
0.94248
0.94149
0.94098
0.93816
0.93563
0.93323
0.93083
0.92845
0.92604
0.92364
0.92125
0.91896
0.91672
0.91462
0.91259
0.91065
0.90875
0.9069
0.90509
0.90332
0.90159
0.8999
0.89826
0.89667
0.89511
0.89359
0.89209
0.89059
0.88907
0.88752
0.88593
0.88431
0.88265
0.88097
0.87929
0.87762
0.87596
0.87435
0.87276
0.87121
0.86969
0.8682
0.86674
0.86531
0.8639
0.86251
0.86113
0.85977
0.8584
0.85704
0.85567
0.85429
0.85289
0.85148
0.85006
0.84863
0.84719
0.84574
0.8443
0.84288
0.84149
0.84012
0.8388
0.83752
0.83629
0.83511
0.83398
0.83289
0.83185
0.83084
0.82987
0.82894
0.82804
0.82717
0.82633
0.82551
0.82472
0.82395
0.82319
0.82245
0.82172
0.821
0.82028
0.81957
0.81887
0.81817
0.81748
0.81678
0.81608
0.81539
0.81469
0.81399
0.81328
0.81256
0.81184
0.81111
0.81037
0.80963
0.80888
0.80812
0.80735
0.80657
0.80579
0.80501
0.80421
0.80342
0.80262
0.80181
0.80099
0.80017
0.79934
0.7985
