1
0.97317
0.97056
0.96846
0.96738
0.96652
0.96517
0.96381
0.96285
0.96211
0.96143
0.96093
0.95969
0.95862
0.9572
0.95593
0.95464
0.95332
0.95192
0.95045
0.94893
0.94738
0.94584
0.94434
0.94292
0.9416
0.94036
0.93919
0.93804
0.93689
0.93573
0.93454
0.93331
0.93205
0.93077
0.92948
0.92818
0.92688
0.92558
0.9243
0.92304
0.9218
0.92061
0.91947
0.9184
0.91742
0.91653
0.91574
0.91506
0.91447
0.91399
0.91361
0.91333
0.91314
0.91303
0.913
0.91304
0.91314
0.9133
0.9135
0.91372
0.9139
0.914
0.91394
0.91363
0.91298
0.91188
0.91026
0.90812
0.90562
0.90302
0.90052
0.89826
0.89625
0.89448
0.89292
0.89154
0.89032
0.88924
0.88827
0.8874
0.88661
0.88588
0.88519
0.88455
0.88393
0.88334
0.88279
0.88225
0.88175
0.88126
0.8808
0.88035
0.87993
0.87952
0.87914
0.87877
0.87843
0.8781
0.8778
0.87751
0.87725
0.87701
0.8768
0.87661
0.87644
0.87629
0.87616
0.87605
0.87597
0.87591
0.87587
0.87585
0.87585
0.87587
0.8759
0.87595
0.87601
0.87608
0.87615
0.87622
0.8763
0.87639
0.87647
0.87656
0.87665
0.87674
0.87683
0.87693
0.87703
0.87713
0.87723
0.87733
0.87743
0.87754
0.87764
0.87775
0.87785
0.87795
0.87805
0.87815
0.87825
0.87835
