1
0.97079
0.96542
0.96393
0.96261
0.96054
0.95941
0.95875
0.95783
0.95629
0.95495
0.9536
0.95153
0.94959
0.94789
0.94644
0.94514
0.94395
0.94282
0.94176
0.94068
0.93958
0.93845
0.9373
0.9361
0.93489
0.9337
0.93258
0.93149
0.93044
0.92941
0.92842
0.92745
0.92651
0.9256
0.92471
0.92386
0.92304
0.92225
0.92149
0.92076
0.92007
0.9194
0.91875
0.91812
0.91752
0.91692
0.91635
0.9158
0.91526
0.91474
0.91423
0.91374
0.91326
0.9128
0.91235
0.91191
0.91149
0.91107
0.91067
0.91027
0.90989
0.90951
0.90914
0.90879
0.90843
0.90809
0.90776
0.90742
0.9071
0.90677
0.90645
0.90613
0.9058
0.90548
0.90515
0.90483
0.9045
0.90417
0.90385
0.90352
0.90319
0.90287
0.90254
0.90222
0.90189
0.90156
0.90124
0.90091
0.90059
0.90026
0.89994
0.89961
0.89928
0.89896
0.89863
0.8983
0.89796
0.89763
0.89729
0.89695
0.89661
0.89628
0.89594
0.89559
0.89525
0.8949
0.89455
0.89419
0.89383
0.89346
0.89308
0.8927
0.89232
0.89194
0.89155
0.89116
0.89078
0.89039
0.89001
0.88963
0.88925
0.88888
0.88852
0.88816
0.88781
0.88747
0.88712
0.88678
0.88644
0.8861
0.88576
0.88542
0.88508
0.88475
0.88441
0.88408
0.88374
0.88341
0.88307
0.88274
0.88241
0.88208
0.88175
0.88142
0.8811
0.88077
0.88045
0.88012
0.8798
0.87947
0.87915
0.87883
0.87851
0.8782
0.87788
0.87756
0.87725
0.87693
0.87661
0.8763
