1
0.9827
0.97159
0.96392
0.95803
0.95292
0.94522
0.9384
0.93232
0.92689
0.92196
0.91747
0.91335
0.90956
0.90606
0.90283
0.89981
0.89701
0.89439
0.89192
0.8896
0.88739
0.88528
0.88325
0.88129
0.87938
0.87752
0.87569
0.87388
0.8721
0.87032
0.86854
0.86676
0.86496
0.86314
0.8613
0.85943
0.85755
0.85565
0.85376
0.8519
0.85008
0.84834
0.84668
0.84512
0.84366
0.8423
0.84104
0.83986
0.83877
0.83776
0.83682
0.83595
0.83513
0.83438
0.83368
0.83303
0.83243
0.83187
0.83134
0.83083
0.83035
0.8299
0.82945
0.82903
0.82861
0.8282
0.82781
0.82742
0.82704
0.82668
0.82632
0.82597
0.82562
0.82528
0.82494
0.8246
0.82426
0.82389
0.82349
0.82302
0.82248
0.82181
0.82099
0.82001
0.81885
0.81752
0.81603
0.81445
0.81283
0.81122
0.80969
0.80824
0.80691
0.80568
0.80455
0.80352
0.80258
0.80171
0.80091
0.80016
0.79948
0.79884
0.79825
0.79769
0.79717
0.79668
0.79621
0.79576
0.79534
0.79492
0.79452
0.79413
0.79375
0.79339
0.79303
0.79269
0.79236
0.79205
0.79174
0.79146
0.79118
0.79092
0.79067
0.79044
0.79021
0.79
0.78981
0.78962
0.78945
0.78929
0.78913
0.78899
0.78885
0.78872
0.7886
0.78848
0.78836
0.78825
0.78814
0.78804
0.78793
0.78783
0.78774
0.78765
0.78756
0.78748
0.7874
0.78732
0.78726
0.78719
0.78714
0.78709
0.78704
0.787
0.78696
0.78693
0.78691
0.78689
0.78687
0.78686
0.78685
0.78685
0.78685
0.78686
0.78687
0.78688
0.78689
0.78691
0.78693
0.78695
0.78697
0.78699
0.78702
0.78704
0.78707
0.78709
0.78712
0.78714
0.78716
0.78719
0.78721
0.78723
0.78726
0.78728
0.78731
0.78733
0.78736
0.78739
0.78742
0.78745
0.78749
0.78752
0.78756
0.7876
0.78764
0.78768
0.78773
0.78777
0.78782
0.78786
0.78791
0.78796
0.78802
0.78807
0.78812
0.78818
0.78823
0.78829
0.78834
0.7884
0.78846
0.78852
0.78858
0.78864
0.7887
0.78876
0.78882
0.78888
0.78894
0.789
0.78906
0.78912
0.78918
0.78924
0.78929
0.78935
0.7894
0.78946
0.78951
0.78957
0.78962
0.78967
0.78973
0.78978
0.78983
0.78988
