1
0.98224
0.97213
0.96602
0.96153
0.95786
0.95193
0.94663
0.94183
0.93743
0.93332
0.92944
0.92573
0.92213
0.91859
0.91506
0.91154
0.90801
0.90447
0.90094
0.89745
0.89401
0.89064
0.88733
0.88409
0.88092
0.8778
0.87473
0.87172
0.86875
0.86583
0.86297
0.86016
0.85741
0.85473
0.85212
0.84958
0.84712
0.84473
0.84242
0.84019
0.83802
0.83591
0.83387
0.83188
0.82995
0.82807
0.82623
0.82444
0.82269
0.82098
0.81931
0.81767
0.81607
0.8145
0.81296
0.81145
0.80996
0.80851
0.80706
0.80564
0.80423
0.80283
0.80144
0.80006
0.79869
0.79734
0.79598
0.79464
0.7933
0.79196
0.79063
0.7893
0.78798
0.78666
0.78533
0.78401
0.78269
0.78137
0.78005
0.77873
0.7774
0.77606
0.77473
0.77338
0.77204
0.77069
0.76934
0.76799
0.76664
0.76529
0.76395
0.76262
0.7613
0.75999
0.75869
0.7574
0.75613
0.75487
0.75362
0.75239
0.75117
0.74996
0.74877
0.74759
0.74642
0.74527
0.74412
0.743
0.74188
0.74077
0.73968
0.7386
0.73753
0.73648
0.73544
0.73441
0.73339
0.73239
0.73141
0.73043
0.72948
0.72854
0.72761
0.7267
0.7258
0.72492
0.72406
0.72321
0.72238
0.72156
0.72076
0.71997
0.71919
0.71843
0.71768
0.71695
0.71622
0.71551
0.7148
0.71411
0.71342
0.71274
0.71207
0.71141
0.71075
0.7101
0.70945
0.70882
0.70818
0.70755
0.70693
0.70631
0.70569
0.70508
0.70448
0.70387
0.70328
0.70268
0.70209
0.7015
0.70092
0.70034
0.69976
0.69919
0.69862
0.69805
0.69749
0.69693
0.69637
0.69582
0.69527
0.69472
0.69418
0.69364
0.6931
0.69257
0.69204
0.69151
0.69099
0.69046
0.68994
0.68943
0.68891
0.68839
0.68788
0.68737
0.68686
0.68635
0.68585
0.68534
0.68484
0.68433
0.68383
0.68334
0.68284
0.68235
0.68186
0.68137
0.68088
0.68039
0.67991
0.67943
0.67895
0.67848
0.67801
0.67754
0.67707
0.67661
0.67614
0.67568
0.67523
0.67477
0.67432
0.67387
0.67342
0.67297
0.67253
0.67208
0.67164
0.6712
0.67075
0.67031
0.66987
0.66943
0.66899
0.66855
0.66811
0.66767
0.66723
0.66679
0.66636
0.66592
0.66548
0.66504
0.66461
0.66417
