1
0.97157
0.96149
0.95503
0.95024
0.94602
0.94274
0.93993
0.93424
0.92878
0.9237
0.9188
0.91423
0.90983
0.90577
0.90186
0.89828
0.89482
0.89164
0.88859
0.88572
0.88294
0.88029
0.8777
0.87517
0.87268
0.87023
0.86782
0.86544
0.8631
0.86079
0.85853
0.85631
0.85413
0.85201
0.84992
0.84788
0.84588
0.84392
0.842
0.84011
0.83826
0.83644
0.83466
0.8329
0.83118
0.82948
0.82782
0.82618
0.82457
0.82299
0.82143
0.81989
0.81838
0.8169
0.81543
0.81399
0.81256
0.81115
0.80977
0.80839
0.80704
0.8057
0.80437
0.80306
0.80177
0.80049
0.79923
0.79797
0.79673
0.79551
0.79429
0.79308
0.79189
0.7907
0.78952
0.78835
0.78719
0.78603
0.78487
0.78373
0.78259
0.78145
0.78032
0.77919
0.77807
0.77696
0.77585
0.77475
0.77366
0.77257
0.77149
0.77042
0.76936
0.7683
0.76725
0.7662
0.76515
0.7641
0.76306
0.76201
0.76097
0.75993
0.75889
0.75786
0.75682
0.75579
0.75476
0.75374
0.75272
0.75171
0.7507
0.7497
0.74871
0.74772
0.74674
0.74578
0.74482
0.74387
0.74293
0.74201
0.74109
0.74019
