1
0.97114
0.96026
0.95224
0.94629
0.94131
0.93753
0.93425
0.92754
0.92121
0.91535
0.90974
0.90444
0.89923
0.89428
0.88944
0.88493
0.88059
0.87658
0.87274
0.86912
0.86565
0.86233
0.85911
0.85599
0.85295
0.84999
0.84711
0.84431
0.84159
0.83894
0.83638
0.83389
0.83148
0.82914
0.82687
0.82468
0.82254
0.82047
0.81845
0.81647
0.81455
0.81266
0.81081
0.80898
0.80719
0.80543
0.80368
0.80196
0.80027
0.79859
0.79692
0.79528
0.79364
0.79202
0.7904
0.78879
0.78719
0.78559
0.78399
0.78239
0.78078
0.77918
0.77756
0.77595
0.77432
0.7727
0.77107
0.76945
0.76782
0.7662
0.76458
0.76297
0.76136
0.75977
0.75818
0.7566
0.75504
0.75349
0.75195
0.75043
0.74893
0.74745
0.74599
0.74455
0.74314
0.74175
0.7404
0.73907
0.73778
0.73652
0.73529
0.7341
0.73294
0.73182
0.73072
0.72965
0.72861
0.72759
0.72659
0.72562
0.72466
0.72373
0.72281
0.72191
0.72103
0.72016
0.71931
0.71847
0.71765
0.71684
0.71605
0.71527
0.7145
0.71375
0.71301
0.71229
0.71157
0.71087
0.71018
0.7095
0.70883
0.70817
