55.6427
-0.80269
-0.7626
-0.74131
-0.69399
-0.72359
-0.74277
-0.75873
-0.68677
-0.68836
-0.67411
-0.66567
-0.70003
-0.69481
-0.69093
-0.71131
-0.70091
-0.67747
-0.69355
-0.63423
-0.65264
-0.64201
-0.67114
-0.73635
-0.65372
-0.66495
-0.70644
-0.71371
-0.70847
-0.75193
-0.72056
-0.81244
-0.83217
-0.82263
-0.8031
-0.73362
-0.85359
-0.84424
-0.84413
-0.80477
-0.82482
-0.8775
-0.88088
-0.84355
-0.90886
-0.85368
-0.88865
-0.85724
-0.90016
-1.006
-0.97413
-1.0627
0
-2.1157
-2.9576
0
0
0
0
0
0
0
0
0
-2.6893
0
0
0
0
0
0
0
0
0
0
0
0
0
0
0
0
0
0
0
0
0
0
0
0
0
0
0
0
0
0
0
0
0
0
-8.5855
0
0
-0.80269
57.3359
-0.79353
-0.77873
-0.73416
-0.76642
-0.78704
-0.79407
-0.72005
-0.72369
-0.70799
-0.6987
-0.67264
-0.72975
-0.72607
-0.74631
-0.73653
-0.71189
-0.72823
-0.66143
-0.68666
-0.67586
-0.70387
-0.80826
-0.69367
-0.69947
-0.74144
-0.74878
-0.74232
-0.79011
-0.74823
-0.8492
-0.86836
-0.85731
-0.8382
-0.79121
-0.89
-0.88269
-0.88258
-0.83901
-0.85802
-0.91839
-0.92042
-0.88113
-0.95672
-0.88397
-0.92819
-0.8942
-0.93977
-1.0441
-1.0201
-1.1067
0
0
0
-2.6543
0
0
0
0
0
0
0
0
0
0
0
0
0
0
0
0
0
0
0
0
0
0
0
0
0
-5.0738
0
0
0
0
0
0
0
0
0
0
0
-8.4991
0
0
0
0
0
0
0
0
-0.7626
-0.79353
49.8489
-0.74961
-0.70524
-0.73487
-0.75348
-0.78236
-0.69788
-0.70148
-0.68522
-0.67919
-0.72127
-0.7073
-0.70528
-0.72436
-0.71719
-0.68994
-0.70631
-0.63569
-0.6654
-0.65457
-0.68218
-0.76259
-0.66275
-0.67666
-0.72104
-0.72809
-0.73348
-0.75623
-0.72821
-0.83164
-0.84819
-0.8412
-0.81463
-0.77175
-0.869
-0.861
-0.86088
-0.77271
-0.83641
-0.87972
-0.897
-0.86198
-0.93317
-0.86036
-0.9104
-0.87276
-0.88267
-1.0279
-0.99944
-1.0937
0
0
0
0
0
0
0
0
0
0
0
0
0
0
0
0
0
0
0
0
0
0
-4.7977
-5.1008
0
0
0
0
0
0
0
0
0
0
0
0
0
0
0
0
0
0
0
0
0
0
0
0
0
0
-0.74131
-0.77873
-0.74961
47.4286
-0.67797
-0.71818
-0.73663
-0.75116
-0.66602
-0.66812
-0.65669
-0.64762
-0.69262
-0.67521
-0.67648
-0.69113
-0.68926
-0.65752
-0.67342
-0.62215
-0.64088
-0.63017
-0.65632
-0.75715
-0.64358
-0.62121
-0.69373
-0.70068
-0.69751
-0.73563
-0.71312
-0.8091
-0.81769
-0.80948
-0.78986
-0.74276
-0.83747
-0.83073
-0.83062
-0.7982
-0.81007
-0.86148
-0.86605
-0.83053
-0.89735
-0.82874
-0.87751
-0.78298
-0.65475
-0.99095
-0.94785
-1.0577
0
0
0
0
0
0
0
-3.3451
0
0
0
0
0
0
0
0
0
0
0
0
0
0
0
0
-5.7517
0
0
0
0
0
0
0
0
0
0
0
0
0
0
0
0
0
0
0
0
0
0
0
0
0
-0.69399
-0.73416
-0.70524
-0.67797
41.7388
-0.65328
-0.67199
-0.69835
-0.62658
-0.62911
-0.61879
-0.61086
-0.64411
-0.63526
-0.633
-0.65182
-0.65093
-0.61854
-0.63429
-0.57687
-0.59299
-0.58267
-0.60847
-0.65187
-0.53562
-0.60422
-0.64367
-0.65102
-0.64715
-0.6861
-0.66103
-0.74692
-0.76394
-0.76356
-0.74096
-0.68877
-0.78467
-0.77744
-0.77733
-0.74748
-0.75522
-0.80807
-0.8141
-0.77868
-0.84279
-0.78167
-0.82676
-0.79438
-0.82756
-0.94081
-0.91672
-1.0211
0
0
0
0
0
0
0
0
0
0
0
0
0
-4.5006
0
0
0
0
-1.1094
0
0
0
0
0
0
0
0
0
0
0
0
0
0
0
0
0
0
0
0
0
0
0
0
0
0
0
0
0
0
0
-0.72359
-0.76642
-0.73487
-0.71818
-0.65328
45.0746
-0.69632
-0.72222
-0.65155
-0.65273
-0.64065
-0.63044
-0.66466
-0.66012
-0.64989
-0.67657
-0.6592
-0.64309
-0.659
-0.60219
-0.6189
-0.60837
-0.63519
-0.72392
-0.61334
-0.63115
-0.67005
-0.67749
-0.66826
-0.71687
-0.68776
-0.77135
-0.79159
-0.78132
-0.76502
-0.71694
-0.8122
-0.8053
-0.80519
-0.76636
-0.78317
-0.83953
-0.84039
-0.80492
-0.87097
-0.79912
-0.85044
-0.81975
-0.85802
-0.96418
-0.93559
-1.0231
0
0
0
0
0
0
0
0
0
0
0
0
0
0
0
0
0
0
0
0
0
0
0
0
0
0
0
0
0
0
0
0
0
0
0
0
0
0
0
0
0
0
0
0
0
-7.6139
0
0
0
0
-0.74277
-0.78704
-0.75348
-0.73663
-0.67199
-0.69632
46.1764
-0.74036
-0.66961
-0.67119
-0.65869
-0.64806
-0.68559
-0.67826
-0.66808
-0.69508
-0.67874
-0.66123
-0.67733
-0.62036
-0.63682
-0.62618
-0.65343
-0.74137
-0.63188
-0.65033
-0.68871
-0.69621
-0.68696
-0.73772
-0.70679
-0.79111
-0.81185
-0.80077
-0.78491
-0.73621
-0.83235
-0.82542
-0.8253
-0.78608
-0.80305
-0.86123
-0.86075
-0.82491
-0.89192
-0.81901
-0.87075
-0.8401
-0.87955
-0.98529
-0.95642
-1.0433
0
0
0
0
0
0
0
0
0
0
0
0
0
0
0
0
0
0
0
0
0
0
0
0
0
0
0
0
0
0
0
0
0
0
0
0
0
0
0
0
0
0
0
-7.7489
0
0
0
0
0
0
-0.75873
-0.79407
-0.78236
-0.75116
-0.69835
-0.72222
-0.74036
48.3305
-0.69279
-0.69574
-0.68229
-0.67705
-0.69371
-0.70069
-0.70079
-0.71667
-0.7112
-0.68237
-0.69868
-0.64001
-0.65759
-0.64685
-0.67597
-0.77207
-0.65414
-0.66934
-0.71135
-0.71857
-0.71485
-0.7512
-0.71824
-0.81783
-0.81204
-0.83804
-0.81071
-0.76207
-0.85868
-0.8507
-0.85058
-0.81666
-0.82955
-0.87649
-0.8875
-0.84949
-0.92212
-0.85202
-0.89685
-0.86229
-0.89644
-1.013
-0.98737
0
0
0
0
0
0
-3.1201
0
0
0
0
0
0
0
0
0
0
0
0
0
0
0
0
0
0
0
0
0
0
0
0
0
0
0
0
0
0
0
0
0
0
0
0
0
0
-6.6906
0
0
0
0
0
-0.68677
-0.72005
-0.69788
-0.66602
-0.62658
-0.65155
-0.66961
-0.69279
36.9673
-0.62196
-0.60997
-0.60609
-0.63798
-0.62811
-0.62453
-0.651
-0.63264
-0.61445
-0.6316
-0.56976
-0.58833
-0.57768
-0.60123
-0.69574
-0.58408
-0.59843
-0.63724
-0.64476
-0.64633
-0.67618
-0.65718
-0.74374
-0.75716
-0.75247
-0.73202
-0.68536
-0.77691
-0.77148
-0.77138
-0.74275
-0.7509
-0.79504
-0.8043
-0.7693
-0.84151
-0.77522
-0.81346
-0.78188
-0.80473
-0.92691
-0.90494
-0.99817
-1.1212
0
0
0
0
0
0
0
0
0
0
0
0
0
0
0
0
0
0
0
0
0
0
0
0
0
0
0
0
0
0
0
0
0
0
0
0
0
0
0
0
0
0
0
0
0
0
0
0
0
-0.68836
-0.72369
-0.70148
-0.66812
-0.62911
-0.65273
-0.67119
-0.69574
-0.62196
39.7489
-0.61481
-0.60293
-0.63854
-0.63015
-0.63477
-0.64503
-0.60033
-0.61163
-0.62729
-0.57233
-0.58921
-0.57875
-0.60519
-0.70064
-0.58762
-0.55325
-0.63903
-0.64621
-0.64674
-0.67627
-0.66003
-0.74424
-0.76076
-0.75288
-0.73326
-0.68714
-0.77942
-0.7721
-0.77198
-0.74262
-0.75082
-0.79689
-0.80767
-0.77252
-0.84621
-0.7765
-0.81775
-0.78264
-0.81367
-0.93308
-0.91336
-1.0019
0
0
0
0
0
0
0
0
0
0
0
0
0
0
0
0
-3.8784
0
0
0
0
0
0
0
0
0
0
0
0
0
0
0
0
0
0
0
0
0
0
0
0
0
0
0
0
0
0
0
0
0
-0.67411
-0.70799
-0.68522
-0.65669
-0.61879
-0.64065
-0.65869
-0.68229
-0.60997
-0.61481
38.6722
-0.58763
-0.6272
-0.61782
-0.62023
-0.63553
-0.63522
-0.60154
-0.61766
-0.55728
-0.5775
-0.56708
-0.5925
-0.6896
-0.57416
-0.58489
-0.62584
-0.63334
-0.6376
-0.66443
-0.64447
-0.73067
-0.74347
-0.73734
-0.68292
-0.67417
-0.76712
-0.75844
-0.75833
-0.7302
-0.73661
-0.78316
-0.79195
-0.75673
-0.82997
-0.76299
-0.8014
-0.76928
-0.79804
-0.91358
-0.89043
-0.97535
0
0
0
0
0
0
0
0
0
0
0
0
0
0
0
-3.4393
0
0
0
0
0
0
0
0
0
0
0
0
0
0
0
0
0
0
0
0
0
0
0
0
0
0
0
0
0
0
0
0
0
0
-0.66567
-0.6987
-0.67919
-0.64762
-0.61086
-0.63044
-0.64806
-0.67705
-0.60609
-0.60293
-0.58763
37.8296
-0.62128
-0.61278
-0.60863
-0.63354
-0.61722
-0.59872
-0.61519
-0.5541
-0.5739
-0.56348
-0.58814
-0.67549
-0.57386
-0.57886
-0.62147
-0.62916
-0.62749
-0.65648
-0.63947
-0.72197
-0.73497
-0.71222
-0.71148
-0.66886
-0.76157
-0.75385
-0.75374
-0.72454
-0.7322
-0.77488
-0.78758
-0.75324
-0.82702
-0.75649
-0.79724
-0.76321
-0.78993
-0.908
-0.88202
-0.87333
0
0
0
0
0
0
0
0
0
0
-2.9977
0
0
0
0
0
0
0
0
0
0
0
0
0
0
0
0
0
0
0
0
0
0
0
0
0
0
0
0
0
0
0
0
0
0
0
0
0
0
0
-0.70003
-0.67264
-0.72127
-0.69262
-0.64411
-0.66466
-0.68559
-0.69371
-0.63798
-0.63854
-0.6272
-0.62128
43.9501
-0.64522
-0.64529
-0.66082
-0.65609
-0.62755
-0.64334
-0.58213
-0.60367
-0.5932
-0.62104
-0.70764
-0.60344
-0.60992
-0.65404
-0.66131
-0.66016
-0.69371
-0.65476
-0.75808
-0.75105
-0.77241
-0.74783
-0.70174
-0.79643
-0.78915
-0.78904
-0.75715
-0.77171
-0.81851
-0.82438
-0.7871
-0.86206
-0.79749
-0.83316
-0.79733
0
-0.94746
0
0
0
-2.0859
0
0
0
-3.031
0
0
0
0
0
0
0
0
0
0
0
0
0
0
0
0
0
0
0
0
0
0
0
-5.0083
0
0
0
0
0
0
0
0
0
0
0
0
0
0
0
0
0
0
0
0
-0.69481
-0.72975
-0.7073
-0.67521
-0.63526
-0.66012
-0.67826
-0.70069
-0.62811
-0.63015
-0.61782
-0.61278
-0.64522
36.3081
-0.63328
-0.66598
-0.64124
-0.6262
-0.64449
-0.578
-0.59691
-0.58611
-0.61098
-0.7019
-0.59287
-0.60721
-0.64552
-0.65341
-0.65528
-0.6855
-0.66663
-0.75283
-0.76496
-0.76131
-0.7407
-0.69433
-0.78699
-0.78067
-0.78056
-0.75452
-0.75729
-0.80453
-0.8144
-0.77867
-0.85098
-0.78499
-0.82354
-0.79053
-0.81837
-0.93642
-0.91541
-1.0091
0
0
0
0
0
0
0
0
0
0
0
0
0
0
0
0
0
0
0
0
0
0
0
0
0
0
0
0
0
0
0
0
0
0
0
0
0
0
0
0
0
0
0
0
0
0
0
0
0
0
-0.69093
-0.72607
-0.70528
-0.67648
-0.633
-0.64989
-0.66808
-0.70079
-0.62453
-0.63477
-0.62023
-0.60863
-0.64529
-0.63328
40.5778
-0.65075
-0.64551
-0.61678
-0.6329
-0.57197
-0.59242
-0.58191
-0.60745
-0.70275
-0.58602
-0.59751
-0.6407
-0.64867
-0.64151
-0.67523
-0.6586
-0.73969
-0.75853
-0.76005
-0.73397
-0.68738
-0.7801
-0.7737
-0.77359
-0.73921
-0.75103
-0.79587
-0.80743
-0.77268
-0.83914
-0.76947
-0.81731
-0.78469
-0.81318
-0.93008
0
0
0
0
0
0
0
0
0
0
0
0
0
0
0
0
0
0
0
0
0
0
0
0
0
0
0
0
0
0
0
0
0
0
0
0
0
0
0
0
0
0
0
0
0
0
0
0
-6.4827
0
0
0
-0.71131
-0.74631
-0.72436
-0.69113
-0.65182
-0.67657
-0.69508
-0.71667
-0.651
-0.64503
-0.63553
-0.63354
-0.66082
-0.66598
-0.65075
35.115
-0.65597
-0.5911
-0.60955
-0.59727
-0.60791
-0.5968
-0.62361
-0.7136
-0.60159
-0.6472
-0.65952
-0.66748
-0.67257
-0.7059
-0.6829
-0.76928
-0.78184
-0.78617
-0.75889
-0.71088
-0.80334
-0.79749
-0.79738
-0.77654
-0.775
-0.82322
-0.83336
-0.79685
-0.86877
-0.80286
-0.84254
-0.80871
-0.83717
-0.95589
0
0
0
0
0
0
0
0
0
0
0
0
0
0
0
0
0
0
0
0
0
0
0
0
0
0
0
0
0
0
0
0
0
0
0
0
0
0
0
0
0
0
0
0
0
0
0
0
0
0
0
0
-0.70091
-0.73653
-0.71719
-0.68926
-0.65093
-0.6592
-0.67874
-0.7112
-0.63264
-0.60033
-0.63522
-0.61722
-0.65609
-0.64124
-0.64551
-0.65597
42.7039
-0.62297
-0.63852
-0.58086
-0.60032
-0.58978
-0.61604
-0.705
-0.59441
-0.56554
-0.64967
-0.65712
-0.65049
-0.68467
-0.66949
-0.74746
-0.77091
-0.76707
-0.74451
-0.69742
-0.78998
-0.7837
-0.78359
-0.74893
-0.76485
-0.80712
-0.81914
-0.78453
-0.85167
-0.77983
-0.83034
-0.79566
0
0
0
0
0
0
0
0
0
0
0
0
0
0
0
0
0
0
0
0
-3.8821
0
0
0
0
0
0
0
0
0
0
0
0
0
0
0
0
0
0
0
0
0
0
0
0
0
-6.102
0
0
0
0
0
0
0
-0.67747
-0.71189
-0.68994
-0.65752
-0.61854
-0.64309
-0.66123
-0.68237
-0.61445
-0.61163
-0.60154
-0.59872
-0.62755
-0.6262
-0.61678
-0.5911
-0.62297
33.4283
-0.57071
-0.56445
-0.57788
-0.56675
-0.59132
-0.68066
-0.56879
-0.61391
-0.62647
-0.63448
-0.63783
-0.67018
-0.64768
-0.73289
-0.74493
-0.7494
-0.72255
-0.6758
-0.76662
-0.76087
-0.76076
-0.7391
-0.73876
-0.78578
-0.79596
-0.76048
-0.83041
-0.7659
-0.80512
-0.77202
-0.79997
-0.91687
0
0
0
0
0
0
0
0
0
0
0
0
0
0
0
0
0
0
0
0
0
0
0
0
0
0
0
0
0
0
0
0
0
0
0
0
0
0
0
0
0
0
0
0
0
0
0
0
0
0
0
0
-0.69355
-0.72823
-0.70631
-0.67342
-0.63429
-0.659
-0.67733
-0.69868
-0.6316
-0.62729
-0.61766
-0.61519
-0.64334
-0.64449
-0.6329
-0.60955
-0.63852
-0.57071
34.2297
-0.58177
-0.59196
-0.58085
-0.60662
-0.69632
-0.58472
-0.63185
-0.64209
-0.65005
-0.65401
-0.68696
-0.66414
-0.74999
-0.76226
-0.76664
-0.73959
-0.69226
-0.7839
-0.7781
-0.77798
-0.75672
-0.75592
-0.80344
-0.81373
-0.7777
-0.84877
-0.78354
-0.82301
-0.78955
-0.81769
-0.93553
0
0
0
0
0
0
0
0
0
0
0
0
0
0
0
0
0
0
0
0
0
0
0
0
0
0
0
0
0
0
0
0
0
0
0
0
0
0
0
0
0
0
0
0
0
0
0
0
0
0
0
0
-0.63423
-0.66143
-0.63569
-0.62215
-0.57687
-0.60219
-0.62036
-0.64001
-0.56976
-0.57233
-0.55728
-0.5541
-0.58213
-0.578
-0.57197
-0.59727
-0.58086
-0.56445
-0.58177
32.5752
-0.54058
-0.52961
-0.55011
-0.62752
-0.5296
-0.48751
-0.57931
-0.58714
-0.57613
-0.5396
-0.58148
-0.67682
-0.69075
-0.69301
-0.66572
-0.62419
-0.7112
-0.7095
-0.70938
-0.6742
-0.69011
-0.71772
-0.74674
-0.70899
0
0
0
0
0
0
0
0
0
0
0
-2.3637
0
0
0
0
0
0
0
0
0
0
0
0
0
0
0
0
-3.7617
0
0
0
0
0
0
0
0
0
0
0
0
0
0
0
0
0
0
0
0
0
0
0
0
0
0
0
0
0
-0.65264
-0.68666
-0.6654
-0.64088
-0.59299
-0.6189
-0.63682
-0.65759
-0.58833
-0.58921
-0.5775
-0.5739
-0.60367
-0.59691
-0.59242
-0.60791
-0.60032
-0.57788
-0.59196
-0.54058
29.017
-0.44729
-0.58713
-0.65443
-0.56242
-0.56305
-0.59213
-0.60468
-0.61564
-0.65645
-0.619
-0.69967
-0.70921
-0.72014
-0.69438
-0.64816
-0.73307
-0.7335
-0.73338
-0.7171
-0.71116
-0.75333
-0.76303
-0.73017
-0.79944
0
-0.77655
0
0
0
0
0
0
0
0
0
0
0
0
0
0
0
0
0
0
0
0
0
0
0
0
0
0
0
0
0
0
0
0
0
0
0
0
0
0
0
0
0
0
0
0
0
0
0
0
0
0
0
0
0
0
0
-0.64201
-0.67586
-0.65457
-0.63017
-0.58267
-0.60837
-0.62618
-0.64685
-0.57768
-0.57875
-0.56708
-0.56348
-0.5932
-0.58611
-0.58191
-0.5968
-0.58978
-0.56675
-0.58085
-0.52961
-0.44729
28.5286
-0.57308
-0.64398
-0.55096
-0.55302
-0.58282
-0.59523
-0.60506
-0.64655
-0.60697
-0.68788
-0.69686
-0.70823
-0.68281
-0.6371
-0.72147
-0.72203
-0.72192
-0.70307
-0.69989
-0.74179
-0.75157
-0.71898
-0.7868
0
-0.76462
0
0
0
0
0
0
0
0
0
0
0
0
0
0
0
0
0
0
0
0
0
0
0
0
0
0
0
0
0
0
0
0
0
0
0
0
0
0
0
0
0
0
0
0
0
0
0
0
0
0
0
0
0
0
0
-0.67114
-0.70387
-0.68218
-0.65632
-0.60847
-0.63519
-0.65343
-0.67597
-0.60123
-0.60519
-0.5925
-0.58814
-0.62104
-0.61098
-0.60745
-0.62361
-0.61604
-0.59132
-0.60662
-0.55011
-0.58713
-0.57308
30.1801
-0.67591
-0.57648
-0.57534
-0.61472
-0.62355
-0.63375
-0.66487
-0.62594
-0.71592
-0.72613
-0.73392
-0.70978
-0.66315
-0.74666
-0.75043
-0.75031
-0.72109
-0.73234
-0.77013
-0.78082
-0.74773
0
0
0
0
0
0
-0.88249
0
-1.0976
0
0
0
0
0
0
0
0
0
0
0
0
0
0
0
0
0
0
0
0
0
0
0
0
0
0
0
0
0
0
0
0
0
0
0
0
0
0
0
0
0
0
0
0
0
0
0
0
0
-0.73635
-0.80826
-0.76259
-0.75715
-0.65187
-0.72392
-0.74137
-0.77207
-0.69574
-0.70064
-0.6896
-0.67549
-0.70764
-0.7019
-0.70275
-0.7136
-0.705
-0.68066
-0.69632
-0.62752
-0.65443
-0.64398
-0.67591
54.0215
-0.59885
-0.66895
-0.70689
-0.71358
-0.70136
-0.75275
-0.67242
-0.80194
-0.83439
-0.81816
-0.80765
-0.73117
-0.85192
-0.84771
-0.8476
0
0
0
0
0
0
0
0
0
0
0
0
0
0
0
-2.8848
0
0
0
0
0
0
-4.0375
0
0
-2.6535
0
0
0
0
0
0
0
0
0
0
0
0
-6.5324
0
-5.3091
-5.0241
0
0
0
0
0
0
0
0
0
0
0
0
0
0
0
0
0
0
0
0
0
-0.65372
-0.69367
-0.66275
-0.64358
-0.53562
-0.61334
-0.63188
-0.65414
-0.58408
-0.58762
-0.57416
-0.57386
-0.60344
-0.59287
-0.58602
-0.60159
-0.59441
-0.56879
-0.58472
-0.5296
-0.56242
-0.55096
-0.57648
-0.59885
31.4074
-0.56252
-0.59566
-0.60412
-0.59787
-0.6282
-0.60552
-0.68989
-0.70429
-0.71601
-0.68325
-0.63727
-0.72465
-0.72464
-0.72453
-0.69498
-0.70369
-0.7509
-0.75886
-0.72621
0
0
0
0
0
0
0
0
0
0
0
0
0
0
0
0
0
0
0
0
0
-4.2158
0
0
0
0
0
0
0
0
0
0
0
0
0
0
0
0
0
0
0
0
0
0
0
0
0
0
0
0
0
0
0
0
0
0
0
0
-0.66495
-0.69947
-0.67666
-0.62121
-0.60422
-0.63115
-0.65033
-0.66934
-0.59843
-0.55325
-0.58489
-0.57886
-0.60992
-0.60721
-0.59751
-0.6472
-0.56554
-0.61391
-0.63185
-0.48751
-0.56305
-0.55302
-0.57534
-0.66895
-0.56252
34.3847
-0.59845
-0.60836
-0.59329
-0.56435
-0.60807
-0.70272
-0.71108
-0.70764
-0.68597
-0.64491
-0.72814
-0.72821
-0.7281
0
0
0
0
0
0
0
0
0
0
0
0
0
0
0
0
0
0
0
0
-3.1229
0
0
0
0
0
0
0
0
-3.6679
0
0
0
-3.7684
0
0
0
0
0
0
0
0
0
0
0
0
0
0
0
0
0
0
0
0
0
0
0
0
0
0
0
0
0
-0.70644
-0.74144
-0.72104
-0.69373
-0.64367
-0.67005
-0.68871
-0.71135
-0.63724
-0.63903
-0.62584
-0.62147
-0.65404
-0.64552
-0.6407
-0.65952
-0.64967
-0.62647
-0.64209
-0.57931
-0.59213
-0.58282
-0.61472
-0.70689
-0.59566
-0.59845
26.4209
-0.68412
-0.65247
-0.68402
-0.64838
-0.76146
-0.76139
-0.77124
-0.74434
-0.70002
-0.7787
-0.78921
-0.78909
0
-0.7685
0
0
0
0
0
0
0
0
0
0
0
0
0
0
0
0
0
0
0
0
0
0
0
0
0
0
0
0
0
0
0
0
0
0
0
0
0
0
0
0
0
0
0
0
0
0
0
0
0
0
0
0
0
0
0
0
0
0
0
0
0
-0.71371
-0.74878
-0.72809
-0.70068
-0.65102
-0.67749
-0.69621
-0.71857
-0.64476
-0.64621
-0.63334
-0.62916
-0.66131
-0.65341
-0.64867
-0.66748
-0.65712
-0.63448
-0.65005
-0.58714
-0.60468
-0.59523
-0.62355
-0.71358
-0.60412
-0.60836
-0.68412
25.9352
-0.66133
-0.69218
-0.67914
-0.76759
-0.75489
-0.77752
-0.75119
-0.7044
-0.77362
-0.79607
-0.79595
0
0
0
0
0
0
0
0
0
0
0
0
0
0
0
0
0
0
0
0
0
0
0
0
0
0
0
0
0
0
0
0
0
0
0
0
0
0
0
0
0
0
0
0
0
0
0
0
0
0
0
0
0
0
0
0
0
0
0
0
0
0
0
-0.70847
-0.74232
-0.73348
-0.69751
-0.64715
-0.66826
-0.68696
-0.71485
-0.64633
-0.64674
-0.6376
-0.62749
-0.66016
-0.65528
-0.64151
-0.67257
-0.65049
-0.63783
-0.65401
-0.57613
-0.61564
-0.60506
-0.63375
-0.70136
-0.59787
-0.59329
-0.65247
-0.66133
30.2913
-0.73662
-0.62356
-0.73728
-0.73491
-0.75556
0
0
-0.75987
0
0
0
0
0
0
0
0
0
0
0
0
0
0
0
0
0
0
0
0
0
0
0
0
0
0
0
0
0
0
0
0
-2.5285
0
0
0
0
0
0
0
0
0
0
0
0
0
0
0
0
0
0
0
0
0
-5.0491
0
0
0
0
0
0
0
0
0
0
-0.75193
-0.79011
-0.75623
-0.73563
-0.6861
-0.71687
-0.73772
-0.7512
-0.67618
-0.67627
-0.66443
-0.65648
-0.69371
-0.6855
-0.67523
-0.7059
-0.68467
-0.67018
-0.68696
-0.5396
-0.65645
-0.64655
-0.66487
-0.75275
-0.6282
-0.56435
-0.68402
-0.69218
-0.73662
30.9279
-0.62
-0.74693
-0.74245
0
0
0
0
0
0
0
0
0
0
0
0
0
0
0
0
0
0
0
0
0
0
0
0
0
0
0
0
0
0
0
0
0
0
0
0
0
0
0
-3.6721
0
0
0
0
0
0
0
0
0
-5.1795
0
0
0
0
0
0
0
0
0
0
0
0
0
0
0
0
0
0
0
-0.72056
-0.74823
-0.72821
-0.71312
-0.66103
-0.68776
-0.70679
-0.71824
-0.65718
-0.66003
-0.64447
-0.63947
-0.65476
-0.66663
-0.6586
-0.6829
-0.66949
-0.64768
-0.66414
-0.58148
-0.619
-0.60697
-0.62594
-0.67242
-0.60552
-0.60807
-0.64838
-0.67914
-0.62356
-0.62
27.085
0
0
0
0
0
0
0
0
0
0
0
0
0
0
0
0
0
0
0
0
0
0
0
0
0
-3.4662
0
0
0
0
-3.799
0
0
0
0
0
0
0
0
0
0
0
0
0
0
0
0
0
0
0
0
0
0
0
0
0
0
0
0
0
0
0
0
0
0
0
0
0
0
0
0
-0.81244
-0.8492
-0.83164
-0.8091
-0.74692
-0.77135
-0.79111
-0.81783
-0.74374
-0.74424
-0.73067
-0.72197
-0.75808
-0.75283
-0.73969
-0.76928
-0.74746
-0.73289
-0.74999
-0.67682
-0.69967
-0.68788
-0.71592
-0.80194
-0.68989
-0.70272
-0.76146
-0.76759
-0.73728
-0.74693
0
25.0097
0
0
0
0
0
0
0
0
0
0
0
0
0
0
0
0
0
0
0
0
0
0
0
0
0
0
0
0
0
0
0
0
0
0
0
0
0
0
0
0
0
-2.4012
0
0
0
0
0
0
0
0
0
0
0
0
0
0
0
0
0
0
0
0
0
0
0
0
0
0
0
0
-0.83217
-0.86836
-0.84819
-0.81769
-0.76394
-0.79159
-0.81185
-0.81204
-0.75716
-0.76076
-0.74347
-0.73497
-0.75105
-0.76496
-0.75853
-0.78184
-0.77091
-0.74493
-0.76226
-0.69075
-0.70921
-0.69686
-0.72613
-0.83439
-0.70429
-0.71108
-0.76139
-0.75489
-0.73491
-0.74245
0
0
25.9066
0
0
0
0
0
0
0
0
0
0
0
0
0
0
0
0
0
0
0
0
0
0
0
0
-2.9636
0
0
0
0
0
0
0
0
0
0
0
0
0
0
0
0
0
0
0
0
0
0
0
0
0
0
0
0
0
0
0
0
0
0
0
0
0
0
0
0
0
0
0
0
-0.82263
-0.85731
-0.8412
-0.80948
-0.76356
-0.78132
-0.80077
-0.83804
-0.75247
-0.75288
-0.73734
-0.71222
-0.77241
-0.76131
-0.76005
-0.78617
-0.76707
-0.7494
-0.76664
-0.69301
-0.72014
-0.70823
-0.73392
-0.81816
-0.71601
-0.70764
-0.77124
-0.77752
-0.75556
0
0
0
0
25.2766
0
0
0
0
0
0
0
0
0
0
0
0
0
0
0
0
0
0
0
0
0
0
0
0
0
0
0
0
-3.0429
0
0
0
0
0
0
0
0
0
0
0
0
0
0
0
0
0
0
0
0
0
0
0
0
0
0
0
0
0
0
0
0
0
0
0
0
0
0
0
-0.8031
-0.8382
-0.81463
-0.78986
-0.74096
-0.76502
-0.78491
-0.81071
-0.73202
-0.73326
-0.68292
-0.71148
-0.74783
-0.7407
-0.73397
-0.75889
-0.74451
-0.72255
-0.73959
-0.66572
-0.69438
-0.68281
-0.70978
-0.80765
-0.68325
-0.68597
-0.74434
-0.75119
0
0
0
0
0
0
24.1071
0
0
0
0
0
0
0
0
0
0
0
0
0
0
0
0
0
0
0
0
0
0
0
0
0
0
0
0
0
0
0
0
-3.2869
0
0
0
0
0
0
0
0
0
0
0
0
0
0
0
0
0
0
0
0
0
0
0
0
0
0
0
0
0
0
0
0
0
0
-0.73362
-0.79121
-0.77175
-0.74276
-0.68877
-0.71694
-0.73621
-0.76207
-0.68536
-0.68714
-0.67417
-0.66886
-0.70174
-0.69433
-0.68738
-0.71088
-0.69742
-0.6758
-0.69226
-0.62419
-0.64816
-0.6371
-0.66315
-0.73117
-0.63727
-0.64491
-0.70002
-0.7044
0
0
0
0
0
0
0
22.2899
0
0
0
0
0
0
0
0
0
0
0
0
0
0
0
0
0
0
-2.7808
0
0
0
0
0
0
0
0
0
0
0
0
0
0
0
0
0
0
0
0
0
0
0
0
0
0
0
0
0
0
0
0
0
0
0
0
0
0
0
0
0
0
0
0
0
0
0
-0.85359
-0.89
-0.869
-0.83747
-0.78467
-0.8122
-0.83235
-0.85868
-0.77691
-0.77942
-0.76712
-0.76157
-0.79643
-0.78699
-0.7801
-0.80334
-0.78998
-0.76662
-0.7839
-0.7112
-0.73307
-0.72147
-0.74666
-0.85192
-0.72465
-0.72814
-0.7787
-0.77362
-0.75987
0
0
0
0
0
0
0
22.8596
0
0
0
0
0
0
0
0
0
0
0
0
0
0
0
0
0
0
0
0
0
0
0
0
0
0
0
0
0
0
0
0
0
0
0
0
0
0
0
0
0
0
0
0
0
0
0
0
0
0
0
0
0
0
0
0
0
0
0
0
0
0
0
0
0
-0.84424
-0.88269
-0.861
-0.83073
-0.77744
-0.8053
-0.82542
-0.8507
-0.77148
-0.7721
-0.75844
-0.75385
-0.78915
-0.78067
-0.7737
-0.79749
-0.7837
-0.76087
-0.7781
-0.7095
-0.7335
-0.72203
-0.75043
-0.84771
-0.72464
-0.72821
-0.78921
-0.79607
0
0
0
0
0
0
0
0
0
21.9984
0
0
0
0
0
0
0
0
0
0
0
0
0
0
0
0
0
0
0
0
0
0
0
0
0
0
0
0
0
0
0
0
0
0
0
0
0
0
0
0
0
0
0
0
0
0
0
0
0
0
0
0
0
0
0
0
0
0
0
0
0
0
0
0
-0.84413
-0.88258
-0.86088
-0.83062
-0.77733
-0.80519
-0.8253
-0.85058
-0.77138
-0.77198
-0.75833
-0.75374
-0.78904
-0.78056
-0.77359
-0.79738
-0.78359
-0.76076
-0.77798
-0.70938
-0.73338
-0.72192
-0.75031
-0.8476
-0.72453
-0.7281
-0.78909
-0.79595
0
0
0
0
0
0
0
0
0
0
21.9952
0
0
0
0
0
0
0
0
0
0
0
0
0
0
0
0
0
0
0
0
0
0
0
0
0
0
0
0
0
0
0
0
0
0
0
0
0
0
0
0
0
0
0
0
0
0
0
0
0
0
0
0
0
0
0
0
0
0
0
0
0
0
0
-0.80477
-0.83901
-0.77271
-0.7982
-0.74748
-0.76636
-0.78608
-0.81666
-0.74275
-0.74262
-0.7302
-0.72454
-0.75715
-0.75452
-0.73921
-0.77654
-0.74893
-0.7391
-0.75672
-0.6742
-0.7171
-0.70307
-0.72109
0
-0.69498
0
0
0
0
0
0
0
0
0
0
0
0
0
0
27.8538
0
0
0
0
0
0
0
0
0
0
0
0
0
0
0
0
0
0
0
0
-2.7056
0
0
0
0
0
-2.7834
0
0
0
0
0
0
0
0
0
0
0
0
0
0
0
0
0
-4.3108
0
0
0
0
0
0
0
0
0
0
0
0
0
0
0
0
0
-0.82482
-0.85802
-0.83641
-0.81007
-0.75522
-0.78317
-0.80305
-0.82955
-0.7509
-0.75082
-0.73661
-0.7322
-0.77171
-0.75729
-0.75103
-0.775
-0.76485
-0.73876
-0.75592
-0.69011
-0.71116
-0.69989
-0.73234
0
-0.70369
0
-0.7685
0
0
0
0
0
0
0
0
0
0
0
0
0
20.4152
0
0
0
0
0
0
0
0
0
0
0
-1.3241
0
0
0
0
0
0
0
0
0
0
0
0
0
0
0
0
0
0
0
0
0
0
0
0
0
0
0
0
0
0
0
0
0
0
0
0
0
0
0
0
0
0
0
0
0
0
0
0
0
-0.8775
-0.91839
-0.87972
-0.86148
-0.80807
-0.83953
-0.86123
-0.87649
-0.79504
-0.79689
-0.78316
-0.77488
-0.81851
-0.80453
-0.79587
-0.82322
-0.80712
-0.78578
-0.80344
-0.71772
-0.75333
-0.74179
-0.77013
0
-0.7509
0
0
0
0
0
0
0
0
0
0
0
0
0
0
0
0
24.2849
0
0
0
0
0
0
0
0
0
0
0
0
0
0
0
0
0
0
0
0
0
0
0
0
0
0
0
0
0
0
0
0
0
0
0
0
0
0
0
0
-4.8402
0
0
0
0
0
0
0
0
0
0
0
0
0
0
0
0
0
0
0
-0.88088
-0.92042
-0.897
-0.86605
-0.8141
-0.84039
-0.86075
-0.8875
-0.8043
-0.80767
-0.79195
-0.78758
-0.82438
-0.8144
-0.80743
-0.83336
-0.81914
-0.79596
-0.81373
-0.74674
-0.76303
-0.75157
-0.78082
0
-0.75886
0
0
0
0
0
0
0
0
0
0
0
0
0
0
0
0
0
19.668
0
0
0
0
0
0
0
0
0
0
0
0
0
0
0
0
0
0
0
0
0
0
0
0
0
0
0
0
0
0
0
0
0
0
0
0
0
0
0
0
0
0
0
0
0
0
0
0
0
0
0
0
0
0
0
0
0
0
0
-0.84355
-0.88113
-0.86198
-0.83053
-0.77868
-0.80492
-0.82491
-0.84949
-0.7693
-0.77252
-0.75673
-0.75324
-0.7871
-0.77867
-0.77268
-0.79685
-0.78453
-0.76048
-0.7777
-0.70899
-0.73017
-0.71898
-0.74773
0
-0.72621
0
0
0
0
0
0
0
0
0
0
0
0
0
0
0
0
0
0
18.8171
0
0
0
0
0
0
0
0
0
0
0
0
0
0
0
0
0
0
0
0
0
0
0
0
0
0
0
0
0
0
0
0
0
0
0
0
0
0
0
0
0
0
0
0
0
0
0
0
0
0
0
0
0
0
0
0
0
0
-0.90886
-0.95672
-0.93317
-0.89735
-0.84279
-0.87097
-0.89192
-0.92212
-0.84151
-0.84621
-0.82997
-0.82702
-0.86206
-0.85098
-0.83914
-0.86877
-0.85167
-0.83041
-0.84877
0
-0.79944
-0.7868
0
0
0
0
0
0
0
0
0
0
0
0
0
0
0
0
0
0
0
0
0
0
22.5388
0
0
0
0
0
0
0
0
0
0
0
0
0
0
0
0
0
0
0
0
0
0
0
0
0
0
0
0
0
0
0
0
0
0
-4.4322
0
0
0
0
0
0
0
0
0
0
0
0
0
0
0
0
0
0
0
0
0
0
-0.85368
-0.88397
-0.86036
-0.82874
-0.78167
-0.79912
-0.81901
-0.85202
-0.77522
-0.7765
-0.76299
-0.75649
-0.79749
-0.78499
-0.76947
-0.80286
-0.77983
-0.7659
-0.78354
0
0
0
0
0
0
0
0
0
0
0
0
0
0
0
0
0
0
0
0
0
0
0
0
0
0
20.7747
0
0
0
0
0
0
-1.268
0
0
0
0
0
0
0
0
0
0
0
0
0
0
0
0
0
0
0
0
0
0
0
0
0
0
0
0
0
0
0
0
0
0
0
0
-4.2728
0
0
0
0
0
0
0
0
0
0
0
0
-0.88865
-0.92819
-0.9104
-0.87751
-0.82676
-0.85044
-0.87075
-0.89685
-0.81346
-0.81775
-0.8014
-0.79724
-0.83316
-0.82354
-0.81731
-0.84254
-0.83034
-0.80512
-0.82301
0
-0.77655
-0.76462
0
0
0
0
0
0
0
0
0
0
0
0
0
0
0
0
0
0
0
0
0
0
0
0
17.5956
0
0
0
0
0
0
0
0
0
0
0
0
0
0
0
0
0
0
0
0
0
0
0
0
0
0
0
0
0
0
0
0
0
0
0
0
0
0
0
0
0
0
0
0
0
0
0
0
0
0
0
0
0
0
0
-0.85724
-0.8942
-0.87276
-0.78298
-0.79438
-0.81975
-0.8401
-0.86229
-0.78188
-0.78264
-0.76928
-0.76321
-0.79733
-0.79053
-0.78469
-0.80871
-0.79566
-0.77202
-0.78955
0
0
0
0
0
0
0
0
0
0
0
0
0
0
0
0
0
0
0
0
0
0
0
0
0
0
0
0
18.1019
0
0
0
0
0
0
0
0
0
0
0
-2.7427
0
0
0
0
0
0
0
0
0
0
0
0
0
0
0
0
0
0
0
0
0
0
0
0
0
0
0
0
0
0
0
0
0
0
0
0
0
0
0
0
0
0
-0.90016
-0.93977
-0.88267
-0.65475
-0.82756
-0.85802
-0.87955
-0.89644
-0.80473
-0.81367
-0.79804
-0.78993
0
-0.81837
-0.81318
-0.83717
0
-0.79997
-0.81769
0
0
0
0
0
0
0
0
0
0
0
0
0
0
0
0
0
0
0
0
0
0
0
0
0
0
0
0
0
19.3725
0
0
0
-1.1996
0
0
0
0
0
0
0
0
0
0
0
0
0
0
0
0
0
0
0
0
0
0
0
-4.0413
0
0
0
0
0
0
0
0
0
0
0
0
0
0
0
0
0
0
0
0
0
0
0
0
0
-1.006
-1.0441
-1.0279
-0.99095
-0.94081
-0.96418
-0.98529
-1.013
-0.92691
-0.93308
-0.91358
-0.908
-0.94746
-0.93642
-0.93008
-0.95589
0
-0.91687
-0.93553
0
0
0
0
0
0
0
0
0
0
0
0
0
0
0
0
0
0
0
0
0
0
0
0
0
0
0
0
0
0
17.276
0
0
0
0
0
0
0
0
0
0
0
0
0
0
0
0
0
0
0
0
0
0
0
0
0
0
0
0
0
0
0
0
0
0
0
0
0
0
0
0
0
0
0
0
0
0
0
0
0
0
0
0
-0.97413
-1.0201
-0.99944
-0.94785
-0.91672
-0.93559
-0.95642
-0.98737
-0.90494
-0.91336
-0.89043
-0.88202
0
-0.91541
0
0
0
0
0
0
0
0
-0.88249
0
0
0
0
0
0
0
0
0
0
0
0
0
0
0
0
0
0
0
0
0
0
0
0
0
0
0
15.1502
0
0
0
0
0
0
0
-2.024
0
0
0
0
0
0
0
0
0
0
0
0
0
0
0
0
0
0
0
0
0
0
0
0
0
0
0
0
0
0
0
0
0
0
0
0
0
0
0
0
0
0
0
-1.0627
-1.1067
-1.0937
-1.0577
-1.0211
-1.0231
-1.0433
0
-0.99817
-1.0019
-0.97535
-0.87333
0
-1.0091
0
0
0
0
0
0
0
0
0
0
0
0
0
0
0
0
0
0
0
0
0
0
0
0
0
0
0
0
0
0
0
0
0
0
0
0
0
14.4146
0
0
0
0
0
0
0
0
0
0
-2.1485
0
0
0
0
0
0
0
0
0
0
0
0
0
0
0
0
0
0
0
0
0
0
0
0
0
0
0
0
0
0
0
0
0
0
0
0
0
0
0
0
0
0
0
0
0
0
0
-1.1212
0
0
0
0
0
0
0
0
0
0
0
0
0
-1.0976
0
0
0
0
0
0
0
0
0
0
0
0
0
0
0
0
0
-1.3241
0
0
0
0
-1.268
0
0
-1.1996
0
0
0
15.5783
0
0
0
0
0
0
0
-2.8799
0
0
-3.3593
0
0
0
0
0
0
0
0
0
0
0
0
0
0
0
0
0
0
0
0
0
0
0
0
0
0
0
0
-3.3286
0
0
0
0
0
0
0
0
0
-2.1157
0
0
0
0
0
0
0
0
0
0
0
-2.0859
0
0
0
0
0
0
0
0
0
0
0
0
0
0
0
0
0
0
0
0
0
0
0
0
0
0
0
0
0
0
0
0
0
0
0
0
0
0
0
0
13.7664
0
0
0
0
0
0
0
0
0
-3.417
0
0
0
0
0
0
0
-2.4663
0
0
0
0
0
0
0
0
0
0
0
-3.6814
0
0
0
0
0
0
0
0
0
0
0
0
0
0
0
0
0
0
-2.9576
0
0
0
0
0
0
0
0
0
0
0
0
0
0
0
0
0
0
0
0
0
0
-2.8848
0
0
0
0
0
0
0
0
0
0
0
-2.7808
0
0
0
0
0
0
0
0
0
0
0
0
0
0
0
0
0
0
17.1688
0
0
0
0
0
0
0
0
0
0
0
0
0
0
0
0
0
0
0
0
0
0
0
-3.4077
0
0
0
0
0
0
0
0
-5.1378
0
0
0
0
0
0
0
0
0
0
0
0
0
0
0
-2.6543
0
0
0
0
0
0
0
0
0
0
0
0
0
0
0
0
0
-2.3637
0
0
0
0
0
0
0
0
0
0
0
0
0
0
0
0
0
0
0
0
0
0
0
0
0
0
0
0
0
0
0
0
0
0
0
16.1789
0
0
0
0
0
-3.0907
0
0
0
0
0
0
0
0
0
0
0
0
0
-3.8753
0
0
0
0
0
0
0
-4.1949
0
0
0
0
0
0
0
0
0
0
0
0
0
0
0
0
0
0
0
0
0
0
0
0
0
0
0
0
0
0
0
0
0
0
0
0
0
0
0
0
0
0
0
0
0
0
0
0
-3.4662
0
0
0
0
0
0
0
0
0
0
0
0
0
0
0
0
0
0
0
0
0
0
0
0
0
16.4822
-3.4805
0
0
-3.7405
0
0
0
0
0
0
0
0
0
0
0
0
0
0
0
0
0
0
0
0
0
0
0
0
-5.7951
0
0
0
0
0
0
0
0
0
0
0
0
0
0
0
0
0
0
0
0
0
0
0
-3.1201
0
0
0
0
-3.031
0
0
0
0
0
0
0
0
0
0
0
0
0
0
0
0
0
0
0
-2.9636
0
0
0
0
0
0
0
0
0
0
0
0
0
0
0
0
0
0
0
0
0
0
0
-3.4805
12.5951
0
0
0
0
0
0
0
0
0
0
0
0
0
0
0
0
0
0
0
0
0
0
0
0
0
0
0
0
0
0
0
0
0
0
0
0
0
0
0
0
0
0
0
0
0
0
0
0
0
0
0
0
0
0
0
0
0
0
0
0
0
0
0
0
0
0
0
0
0
0
0
0
0
0
0
0
0
0
0
0
0
0
0
0
0
0
0
0
0
0
0
0
0
0
-2.024
0
0
0
0
0
0
0
11.6329
-2.6047
0
0
0
0
0
0
0
0
0
0
0
0
0
-3.651
0
0
0
0
0
0
0
0
0
0
0
0
0
0
0
0
-3.3533
0
0
0
0
0
0
0
0
0
0
0
0
0
0
-3.3451
0
0
0
0
0
0
0
0
0
0
0
0
0
0
0
0
0
0
0
0
0
-3.1229
0
0
0
0
0
0
0
0
0
0
0
0
0
0
0
0
0
0
0
0
0
-2.7427
0
0
0
0
0
0
0
0
0
0
-2.6047
11.8154
0
0
0
0
0
0
0
0
0
0
0
0
0
0
0
0
0
0
0
0
0
0
0
0
0
0
0
0
0
0
0
0
0
0
0
0
0
0
0
0
0
0
0
0
0
0
0
0
0
0
0
0
0
0
0
0
0
0
0
0
0
0
0
0
0
0
0
0
0
0
0
0
0
0
0
0
0
0
0
0
0
-2.7056
0
0
0
0
0
0
0
0
0
0
0
0
-2.8799
0
0
0
-3.7405
0
0
0
12.9309
0
0
0
0
0
-3.6049
0
0
0
0
0
0
0
0
0
0
0
0
0
0
0
0
0
0
0
0
0
0
0
0
0
0
0
0
0
0
0
0
0
0
0
0
0
0
0
0
0
0
0
0
0
0
0
0
0
0
0
0
0
0
0
0
0
0
-4.0375
0
0
0
0
0
0
-3.799
0
0
0
0
0
0
0
0
0
0
0
0
0
0
0
0
0
0
0
0
0
0
0
0
-3.0907
0
0
0
0
0
16.8101
0
0
0
0
0
0
0
0
0
0
0
0
0
0
0
0
0
0
0
0
0
0
0
0
-5.8829
0
0
0
0
0
0
0
0
0
0
0
0
0
0
0
0
0
0
0
0
0
0
0
0
0
0
-2.9977
0
0
0
0
0
0
0
0
0
0
0
0
0
0
0
0
0
0
0
0
0
-3.0429
0
0
0
0
0
0
0
0
0
0
0
0
0
0
0
0
0
-2.1485
0
0
0
0
0
0
0
0
0
0
12.2657
0
0
0
0
0
0
0
0
0
0
0
0
0
0
0
0
0
-4.0766
0
0
0
0
0
0
0
0
0
0
0
0
0
0
0
0
0
0
0
0
0
0
0
0
0
0
0
0
0
0
0
0
0
0
0
0
0
0
0
0
0
0
0
0
0
0
0
0
0
0
0
0
0
0
0
0
0
0
0
0
0
0
0
0
0
0
0
0
0
0
0
0
0
-3.3593
-3.417
0
0
0
0
0
0
0
0
0
7.6341
0
0
0
0
0
0
0
0
0
0
0
0
0
0
0
0
0
0
0
0
0
0
0
0
-0.85779
0
0
0
0
0
0
0
0
0
0
0
0
0
-2.6893
0
0
0
0
0
0
0
0
0
0
0
0
0
0
0
0
0
0
0
0
0
0
-2.6535
0
0
0
0
0
0
0
0
0
0
0
0
0
0
0
0
0
0
0
0
0
0
0
0
0
0
0
0
0
0
0
0
0
0
0
0
0
0
0
0
9.5579
0
0
0
0
0
0
0
0
0
0
0
0
0
0
0
0
0
0
0
0
0
0
0
0
0
0
0
0
0
0
0
0
0
0
0
0
-4.2151
0
0
0
0
-4.5006
0
0
0
0
0
0
0
0
0
0
0
0
0
0
0
0
0
0
0
-4.2158
0
0
0
0
0
0
0
0
0
0
0
0
0
0
0
0
0
0
0
0
0
0
0
0
0
0
0
0
0
0
0
0
0
0
0
0
0
0
0
0
12.6491
0
0
0
0
0
0
0
0
0
0
0
-3.9327
0
0
0
0
0
0
0
0
0
0
0
0
0
0
0
0
0
0
0
0
0
0
0
0
0
0
0
0
0
0
0
0
0
0
0
0
0
0
0
0
0
0
0
0
0
0
0
0
0
0
0
0
0
0
0
0
0
0
0
0
0
0
0
-2.7834
0
0
0
0
0
0
0
0
0
0
0
0
0
0
0
0
0
0
0
0
-3.6049
0
0
0
0
0
11.2432
0
0
0
0
0
0
0
0
0
0
0
-4.8549
0
0
0
0
0
0
0
0
0
0
0
0
0
0
0
0
0
0
0
0
0
0
0
0
0
0
0
0
0
0
0
0
0
-3.4393
0
0
0
0
0
0
0
0
0
0
0
0
0
0
0
0
0
0
0
0
0
0
0
-3.2869
0
0
0
0
0
0
0
0
0
0
0
0
0
0
0
0
0
0
0
0
0
0
0
0
0
0
0
0
0
0
0
0
10.1544
0
0
0
-3.4282
0
0
0
0
0
0
0
0
0
0
0
0
0
0
0
0
0
0
0
0
0
0
0
0
0
0
0
0
0
0
0
0
0
0
0
0
0
0
0
-3.8784
0
0
0
0
0
0
-3.8821
0
0
0
0
0
0
0
0
-3.6679
0
0
0
0
0
0
0
0
0
0
0
0
0
0
0
0
0
0
0
0
0
0
0
0
0
0
0
0
0
0
0
0
0
0
0
0
0
0
0
0
0
0
11.4283
0
0
0
0
0
0
0
0
0
0
0
0
0
0
0
0
0
0
0
0
0
0
0
0
0
0
0
0
0
0
0
0
0
0
0
0
0
0
0
0
0
0
0
0
0
0
0
0
0
0
0
0
0
0
0
0
0
0
0
0
0
-2.5285
0
0
0
0
0
0
0
0
0
0
0
0
0
0
0
0
0
0
0
0
0
0
0
0
0
0
0
0
0
0
0
0
0
0
0
0
0
0
0
0
9.7696
-3.2234
-4.0177
0
0
0
0
0
0
0
0
0
0
0
0
0
0
0
0
0
0
0
0
0
0
0
0
0
0
0
0
0
0
0
0
0
0
-1.1094
0
0
0
0
0
0
0
0
0
0
0
0
0
0
0
0
0
0
0
0
0
0
0
0
0
0
0
0
0
0
0
0
0
0
0
0
0
0
0
0
0
0
0
0
0
0
0
0
0
0
0
0
0
0
0
0
0
0
0
0
0
0
0
0
-3.2234
9.0444
0
0
0
0
0
0
0
0
0
0
0
0
0
0
0
0
0
0
0
0
0
0
0
0
0
0
0
0
0
-4.7116
0
0
0
0
0
0
0
0
0
0
0
0
0
0
0
0
0
0
0
0
0
0
0
0
0
0
0
0
0
0
0
0
0
0
0
0
0
0
0
0
0
0
0
0
0
0
0
0
0
0
0
0
0
0
-2.4663
0
0
0
0
0
0
0
0
0
0
0
0
0
-3.4282
0
-4.0177
0
9.9123
0
0
0
0
0
0
0
0
0
0
0
0
0
0
0
0
0
0
0
0
0
0
0
0
0
0
0
0
0
0
0
0
0
0
0
0
0
0
0
0
0
0
0
0
0
0
0
0
0
-3.7617
0
0
0
0
0
-3.7684
0
0
0
-3.6721
0
0
0
0
0
0
0
0
0
0
0
0
0
0
0
0
0
0
0
0
0
0
0
0
0
0
0
0
0
0
0
0
0
0
0
0
0
0
0
0
0
0
11.2022
0
0
0
0
0
0
0
0
0
0
0
0
0
0
0
0
0
0
0
0
0
0
0
0
0
0
0
0
0
0
0
0
0
0
0
0
0
0
0
0
0
0
0
0
0
0
0
0
0
0
0
0
0
0
0
0
0
0
0
0
-2.4012
0
0
0
0
0
0
0
0
0
0
0
0
0
0
0
0
0
0
0
0
0
0
0
0
0
0
-3.651
0
0
0
0
0
0
0
0
0
0
0
0
0
0
6.0522
0
0
0
0
0
0
0
0
0
0
0
0
0
0
0
0
0
0
0
0
0
0
0
0
0
0
0
0
0
0
-4.7977
0
0
0
0
0
0
0
0
0
0
0
0
0
0
0
0
0
0
0
0
0
0
0
0
0
0
0
0
0
0
0
0
0
0
0
0
0
0
0
0
0
0
0
0
0
0
0
0
0
0
0
0
0
0
0
0
0
0
0
0
0
0
0
0
0
0
0
0
0
0
0
9.1911
0
0
0
0
0
0
0
0
0
-4.3934
0
0
0
0
0
0
0
0
0
0
0
0
0
0
0
0
0
0
0
-5.1008
0
0
0
0
0
0
0
0
0
0
0
0
0
0
0
0
0
0
0
0
0
0
0
0
0
0
0
0
0
0
0
0
0
0
0
0
0
0
0
0
0
0
0
0
0
0
0
0
0
0
0
0
-3.8753
0
0
0
0
0
0
0
0
0
0
0
0
0
0
0
0
0
0
0
8.9761
0
0
0
0
0
0
0
0
0
0
0
0
0
0
0
0
0
0
0
0
0
0
0
0
0
0
0
0
0
-5.7517
0
0
0
0
0
0
0
0
0
0
0
0
0
0
0
0
0
0
0
0
0
0
0
0
0
0
0
0
0
0
0
0
0
0
0
0
0
0
0
0
0
0
0
0
-4.0413
0
0
0
0
0
0
0
0
0
0
0
0
0
0
0
0
0
0
0
0
0
0
0
0
0
0
0
9.793
0
0
0
0
0
0
0
0
0
0
0
0
0
0
0
0
0
0
0
0
0
0
0
0
0
0
0
0
0
0
0
0
0
0
0
0
0
0
0
0
0
0
0
0
0
0
0
0
-6.5324
0
0
0
0
0
0
0
0
0
0
0
0
0
0
0
0
0
0
0
0
0
0
0
0
0
0
0
0
0
0
0
0
0
0
0
0
0
0
0
0
0
-3.9327
0
0
0
0
0
0
0
0
0
0
0
10.465
0
0
0
0
0
0
0
0
0
0
0
0
0
0
0
0
0
0
0
0
0
0
0
0
0
0
0
0
0
0
0
0
0
0
0
0
0
0
0
0
0
0
0
0
0
0
0
0
0
0
0
0
0
0
0
0
0
0
0
0
0
0
0
0
0
0
0
0
0
0
0
0
0
0
0
0
0
0
-3.4077
0
0
0
0
0
0
0
0
0
0
0
-4.8549
0
0
0
0
0
0
0
0
0
0
0
8.2625
0
0
0
0
0
0
0
0
0
0
0
0
0
0
0
0
0
0
0
0
0
0
0
0
0
0
0
0
0
0
0
0
0
0
0
0
0
0
0
0
0
0
0
0
0
0
-5.3091
0
0
0
0
0
0
0
0
0
0
0
0
0
0
0
0
0
0
0
0
-4.4322
0
0
0
0
0
0
0
0
0
0
0
0
0
0
0
0
0
0
0
0
0
0
0
0
0
0
0
0
0
0
0
0
0
0
9.7414
0
0
0
0
0
0
0
0
0
0
0
0
0
0
0
0
0
0
0
0
0
0
0
0
0
0
0
0
0
0
0
0
0
0
0
0
0
0
0
0
0
0
0
0
0
-5.0241
0
0
0
0
0
0
0
0
0
0
0
0
0
0
0
0
0
0
0
0
0
0
0
0
0
0
0
0
0
0
0
0
0
0
0
0
0
0
-4.0766
0
0
0
0
0
0
0
0
0
0
0
0
0
0
0
0
0
9.1007
0
0
0
0
0
0
0
0
0
0
0
0
0
0
0
0
0
0
0
0
0
0
-5.0738
0
0
0
0
0
0
0
0
0
0
-5.0083
0
0
0
0
0
0
0
0
0
0
0
0
0
0
0
0
0
0
0
0
0
0
0
0
0
0
0
0
0
0
0
0
0
0
0
0
0
0
0
0
0
0
0
0
0
0
0
0
0
0
0
0
0
0
0
0
0
0
0
0
0
0
0
0
0
0
0
0
10.082
0
0
0
0
0
0
0
0
0
0
0
0
0
0
0
0
0
0
0
0
0
0
0
0
0
0
0
0
0
0
0
0
0
0
0
0
0
0
0
0
0
0
0
0
0
0
0
0
0
-5.1795
0
0
0
0
0
0
0
0
0
0
0
-4.8402
0
0
0
0
0
0
0
0
0
0
0
0
0
0
0
0
0
0
0
0
0
0
0
0
0
0
0
0
0
0
0
0
0
0
0
0
0
0
0
0
10.0197
0
0
0
0
0
0
0
0
0
0
0
0
0
0
0
0
0
0
0
0
0
0
0
0
0
0
0
0
0
0
0
0
0
0
0
0
0
0
0
0
0
0
0
0
0
0
0
0
0
0
0
0
0
0
0
0
0
0
0
0
0
0
0
0
0
0
0
0
0
0
0
0
-3.6814
0
-4.1949
0
0
0
0
0
0
0
0
0
0
0
0
0
0
0
0
0
0
0
0
0
0
0
0
0
0
0
7.8764
0
0
0
0
0
0
0
0
0
0
0
0
0
0
0
0
0
0
0
0
0
0
0
0
0
0
0
0
0
0
0
0
0
0
0
0
0
0
0
0
0
0
0
0
0
0
0
0
0
0
0
0
0
0
0
0
0
-4.3108
0
0
0
0
0
0
0
0
0
0
0
0
0
0
0
0
0
0
0
0
0
0
0
0
0
0
0
0
0
0
0
0
0
0
-4.3934
0
0
0
0
0
0
0
0
0
8.7042
0
0
0
0
0
0
0
0
0
0
0
0
0
0
0
0
0
0
0
0
0
0
0
0
0
0
0
0
0
0
0
0
0
0
0
0
0
0
0
0
0
0
0
0
0
0
0
0
0
0
0
0
0
0
0
0
0
0
0
0
0
0
0
0
0
0
0
0
0
0
0
0
0
-5.7951
0
0
0
0
0
0
0
0
0
0
0
0
0
0
0
0
0
0
0
0
0
0
0
0
0
0
0
0
5.7951
0
0
0
0
0
0
0
0
0
0
0
0
0
0
0
0
0
0
0
0
0
0
0
0
0
0
0
0
0
0
0
0
0
0
0
0
0
0
0
0
0
0
0
0
0
0
0
0
0
0
0
0
0
0
0
0
0
0
0
0
0
0
0
0
0
0
0
0
0
0
0
0
0
0
0
0
0
-5.8829
0
0
0
0
0
0
0
0
0
0
0
0
0
0
0
0
0
0
0
0
0
0
0
0
5.8829
0
0
0
0
0
0
0
0
0
0
0
0
0
0
0
0
0
0
0
0
0
0
0
0
0
0
0
0
0
0
0
0
0
0
0
0
0
0
0
0
0
0
0
0
0
0
0
0
0
0
0
0
0
0
0
0
0
0
0
0
0
0
0
0
0
0
0
0
0
-5.1378
0
0
0
0
0
0
0
0
0
0
0
0
0
0
0
0
0
0
0
0
0
0
0
0
0
0
0
0
0
0
0
0
5.1378
0
0
0
0
0
0
0
0
0
0
0
0
0
0
0
0
0
0
0
0
0
0
0
0
0
0
0
0
0
0
0
0
0
0
0
0
0
0
0
0
0
0
0
0
0
0
0
0
0
0
0
0
0
0
0
0
0
0
0
0
0
0
0
0
0
0
0
0
0
0
0
0
0
0
0
0
0
-0.85779
0
0
0
0
0
0
0
0
0
0
0
0
0
0
0
0
0
0
0
0
0
0
0
0
0.85779
0
0
0
0
0
0
0
0
0
0
0
0
0
0
0
0
0
0
0
0
0
0
0
0
0
0
0
0
0
0
0
0
0
0
0
0
0
0
0
0
0
0
0
0
0
0
0
0
0
0
0
0
0
0
0
0
0
0
-4.2728
0
0
0
0
0
0
0
0
0
0
0
0
0
0
0
0
0
0
0
0
0
0
0
0
0
0
0
0
0
0
0
0
0
0
0
0
0
0
0
0
0
0
0
4.2728
0
0
0
0
0
0
0
0
0
0
0
0
0
0
0
0
0
0
0
0
0
0
0
0
0
0
0
0
0
0
0
0
0
0
0
0
0
0
0
0
0
0
0
0
0
0
0
0
0
0
0
0
0
0
0
0
0
0
0
0
0
0
0
0
0
0
0
0
0
0
-3.3533
0
0
0
0
0
0
0
0
0
0
0
0
0
0
0
0
0
0
0
0
0
0
0
0
0
0
0
0
0
0
0
3.3533
0
0
0
0
0
0
0
0
0
0
0
0
0
0
0
0
0
0
0
0
0
0
0
0
0
0
0
0
0
0
0
0
0
0
0
0
0
0
0
-5.0491
0
0
0
0
0
0
0
0
0
0
0
0
0
0
0
0
0
0
0
0
0
0
0
0
0
0
0
0
0
0
0
0
0
0
0
0
0
0
0
0
0
0
0
0
0
0
0
0
0
0
0
0
0
0
0
0
0
0
0
0
0
0
5.0491
0
0
0
0
0
0
0
0
0
0
0
0
0
0
0
0
0
0
0
0
0
0
0
0
0
0
0
0
0
0
0
0
0
0
0
0
0
0
0
0
0
0
0
0
0
0
0
0
0
0
0
0
0
0
0
0
0
0
0
0
0
0
-3.3286
0
0
0
0
0
0
0
0
0
0
0
0
0
0
0
0
0
0
0
0
0
0
0
0
0
0
0
0
0
0
0
0
0
0
0
0
0
0
0
3.3286
0
0
0
0
0
0
0
0
0
0
-8.4991
0
0
0
0
0
0
0
0
0
0
0
0
0
0
0
0
0
0
0
0
0
0
0
0
0
0
0
0
0
0
0
0
0
0
0
0
0
0
0
0
0
0
0
0
0
0
0
0
0
0
0
0
0
0
0
0
0
0
0
0
0
0
0
0
0
0
0
0
0
0
0
0
0
0
0
0
0
0
0
0
0
0
0
0
0
0
0
0
0
0
0
8.4991
0
0
0
0
0
0
0
0
0
0
0
0
0
0
0
0
0
0
0
0
0
0
0
0
-6.102
0
0
0
0
0
0
0
0
0
0
0
0
0
0
0
0
0
0
0
0
0
0
0
0
0
0
0
0
0
0
0
0
0
0
0
0
0
0
0
0
0
0
0
0
0
0
0
0
0
0
0
0
0
0
0
0
0
0
0
0
0
0
0
0
0
0
0
0
0
0
0
0
0
0
0
0
0
6.102
0
0
0
0
0
0
0
0
0
0
0
0
0
-7.7489
0
0
0
0
0
0
0
0
0
0
0
0
0
0
0
0
0
0
0
0
0
0
0
0
0
0
0
0
0
0
0
0
0
0
0
0
0
0
0
0
0
0
0
0
0
0
0
0
0
0
0
0
0
0
0
0
0
0
0
0
0
0
0
0
0
0
0
0
0
0
0
0
0
0
0
0
0
0
0
0
0
0
0
0
0
0
0
0
7.7489
0
0
0
0
0
0
0
0
0
0
0
0
0
-6.6906
0
0
0
0
0
0
0
0
0
0
0
0
0
0
0
0
0
0
0
0
0
0
0
0
0
0
0
0
0
0
0
0
0
0
0
0
0
0
0
0
0
0
0
0
0
0
0
0
0
0
0
0
0
0
0
0
0
0
0
0
0
0
0
0
0
0
0
0
0
0
0
0
0
0
0
0
0
0
0
0
0
0
0
0
0
0
0
0
6.6906
0
0
0
0
0
0
0
0
0
0
-7.6139
0
0
0
0
0
0
0
0
0
0
0
0
0
0
0
0
0
0
0
0
0
0
0
0
0
0
0
0
0
0
0
0
0
0
0
0
0
0
0
0
0
0
0
0
0
0
0
0
0
0
0
0
0
0
0
0
0
0
0
0
0
0
0
0
0
0
0
0
0
0
0
0
0
0
0
0
0
0
0
0
0
0
0
0
0
0
0
0
0
0
0
7.6139
0
0
0
0
0
0
0
0
0
0
0
0
0
0
0
0
0
0
-6.4827
0
0
0
0
0
0
0
0
0
0
0
0
0
0
0
0
0
0
0
0
0
0
0
0
0
0
0
0
0
0
0
0
0
0
0
0
0
0
0
0
0
0
0
0
0
0
0
0
0
0
0
0
0
0
0
0
0
0
0
0
0
0
0
0
0
0
0
0
0
0
0
0
0
0
0
0
0
0
0
0
0
0
0
6.4827
0
0
0
-8.5855
0
0
0
0
0
0
0
0
0
0
0
0
0
0
0
0
0
0
0
0
0
0
0
0
0
0
0
0
0
0
0
0
0
0
0
0
0
0
0
0
0
0
0
0
0
0
0
0
0
0
0
0
0
0
0
0
0
0
0
0
0
0
0
0
0
0
0
0
0
0
0
0
0
0
0
0
0
0
0
0
0
0
0
0
0
0
0
0
0
0
0
0
0
0
0
0
0
0
8.5855
0
0
0
0
0
0
0
0
0
0
0
0
0
0
0
0
0
0
0
0
0
0
0
0
0
0
0
0
0
0
0
0
0
0
0
0
0
0
0
0
0
0
0
0
0
0
0
0
0
0
0
0
0
0
0
0
0
0
0
0
0
0
0
0
0
0
0
0
0
0
0
0
-4.7116
0
0
0
0
0
0
0
0
0
0
0
0
0
0
0
0
0
0
0
0
0
0
0
0
0
0
0
0
0
4.7116
0
0
0
0
0
0
0
0
0
0
0
0
0
0
0
0
0
0
0
0
0
0
0
0
0
0
0
0
0
0
0
0
0
0
0
0
0
0
0
0
0
0
0
0
0
0
0
0
0
0
0
0
0
0
0
0
0
0
0
0
0
0
0
0
0
-4.2151
0
0
0
0
0
0
0
0
0
0
0
0
0
0
0
0
0
0
0
0
0
0
0
0
0
0
0
0
0
0
0
0
0
0
0
0
4.2151
