1
0.94881
0.93317
0.92277
0.91466
0.90869
0.9043
0.89979
0.89551
0.89263
0.88393
0.87627
0.86969
0.86388
0.85904
0.85447
0.85028
0.84608
0.84223
0.83847
0.83504
0.83163
0.8284
0.8249
0.82139
0.81753
0.81368
0.80961
0.80574
0.80191
0.79846
0.7952
0.79237
0.78971
0.7874
0.78518
0.78324
0.78132
0.77957
0.77778
0.77605
0.77424
0.77245
0.77059
0.76877
0.76693
0.76511
0.76326
0.76143
0.75955
0.75764
0.75566
0.75363
0.75157
0.74951
0.74748
0.74551
0.74363
0.74183
0.74014
0.73856
0.73707
0.73566
0.73431
0.73304
0.73182
0.73067
0.72959
0.72858
0.72764
0.72677
0.72596
0.72518
0.72441
0.72364
0.72284
0.72198
0.72102
0.71995
0.71872
0.71731
0.71568
0.71381
0.71173
0.70949
0.70721
0.70499
0.70295
0.70114
0.69956
0.69822
0.69711
0.69618
0.69543
0.69483
