1
0.95886
0.96361
0.97607
0.9735
0.9866
1.0011
1.0159
1.0288
1.0403
1.0589
1.0576
1.0524
1.0494
1.0595
1.0718
1.081
1.0859
1.0871
1.0916
1.1025
1.1167
1.1319
1.1472
1.1622
1.1768
1.1908
1.2043
1.2173
1.2297
1.2417
1.2532
1.2642
1.2747
1.2846
1.294
1.3028
1.3109
1.3184
1.325
1.3306
1.3353
1.3391
1.3422
1.3451
1.3484
1.3522
1.3568
1.362
1.3677
1.3737
1.38
1.3865
1.3931
1.3998
1.4065
1.4133
1.4201
1.4269
1.4336
1.4404
1.4471
1.4538
1.4604
1.467
1.4735
1.48
1.4864
1.4927
1.499
1.5052
1.5113
1.5173
1.5232
1.529
1.5347
1.5403
1.5457
1.5511
1.5563
1.5615
1.5665
1.5715
1.5765
1.5814
1.5862
1.591
1.5957
1.6004
1.605
1.6096
1.6142
1.6188
1.6233
1.6277
1.6322
1.6366
1.6409
1.6453
1.6496
1.6538
1.6581
1.6623
1.6665
1.6706
1.6747
1.6788
1.6829
1.6869
1.6909
1.6948
1.6988
1.7027
1.7066
1.7105
1.7143
1.7181
1.7219
