1
0.96746
0.95421
0.94618
0.93989
0.93518
0.93055
0.92702
0.91941
0.91225
0.9057
0.89965
0.89401
0.88875
0.8838
0.87918
0.87482
0.8707
0.86676
0.86294
0.85921
0.85556
0.85197
0.84845
0.845
0.84161
0.83831
0.83508
0.83193
0.82886
0.82588
0.82298
0.82015
0.8174
0.81471
0.81209
0.80951
0.80698
0.80449
0.80205
0.79964
0.79727
0.79491
0.79259
0.79029
0.78803
0.78581
0.78364
0.78151
0.77944
0.77741
0.77543
0.7735
0.7716
0.76973
0.7679
0.76611
0.76433
0.76258
0.76086
0.75914
0.75745
0.75577
0.75411
0.75246
0.75082
0.74921
0.74762
0.74604
0.74448
0.74295
0.74143
0.73994
0.73848
0.73703
0.73562
0.73423
0.73286
0.73153
0.73022
0.72894
0.72768
0.72645
0.72523
0.72404
0.72286
0.72169
0.72054
0.71939
0.71826
0.71713
0.71602
0.71491
0.71381
0.71271
0.71162
0.71052
0.70942
0.70831
0.70719
0.70605
0.70491
0.70375
0.70258
0.70139
0.70019
0.69899
0.69777
0.69653
0.69529
0.69403
0.69277
0.69149
0.69021
0.68894
0.68766
0.68639
0.68513
0.68388
0.68265
0.68143
0.68024
0.67906
0.6779
0.67675
0.67562
0.67451
0.67342
0.67234
0.67129
0.67025
0.66922
0.66822
0.66722
