1
0.96874
0.95336
0.94294
0.93609
0.93044
0.92614
0.92225
0.91408
0.90637
0.89943
0.89282
0.88672
0.88089
0.87542
0.87018
0.86521
0.86044
0.85588
0.85151
0.84729
0.8432
0.83923
0.83537
0.83163
0.828
0.82446
0.82096
0.81749
0.81402
0.81057
0.80713
0.80371
0.80031
0.79694
0.79361
0.7903
0.78702
0.78377
0.78055
0.77736
0.77422
0.77112
0.76806
0.76503
0.76205
0.75911
0.75622
0.75337
0.75055
0.74776
0.74499
0.74224
0.73951
0.7368
0.73414
0.73151
0.72892
0.72637
0.72384
0.72135
0.71886
0.7164
0.71395
0.71153
0.70913
0.70675
0.70438
0.70204
0.69971
0.69741
0.69514
0.69289
0.69066
0.68847
0.6863
0.68416
0.68205
0.67995
0.67789
0.67584
0.67381
0.67179
0.66979
0.66781
0.66584
0.66388
0.66193
0.65999
0.65806
0.65615
0.65425
0.65237
0.6505
0.64864
0.6468
0.64497
0.64316
0.64135
0.63956
0.63777
0.63599
0.63421
0.63243
0.63064
0.62886
0.62708
0.62529
0.6235
0.62171
0.61992
0.61813
0.61633
0.61453
0.61273
0.61092
0.60909
0.60726
0.60541
0.60355
0.60166
0.59976
0.59783
0.59588
0.59391
0.59191
0.58989
0.58785
0.5858
0.58375
0.58171
0.57969
0.5777
0.57573
0.5738
0.57189
0.57002
0.56817
0.56635
0.56454
0.56275
0.56098
