1
0.96755
0.95523
0.95313
0.9508
0.94745
0.9458
0.94415
0.9421
0.94046
0.93874
0.93822
0.93737
0.9368
0.93642
0.93381
0.93334
0.93297
0.93046
0.92807
0.92576
0.92358
0.92145
0.91943
0.91743
0.91553
0.91365
0.91186
0.91006
0.90831
0.90655
0.90483
0.90311
0.90144
0.89978
0.89815
0.89655
0.89497
0.8934
0.89184
0.89029
0.88876
0.88725
0.88577
0.8843
0.88285
0.88141
0.87997
0.87855
0.87715
0.87577
0.8744
0.87306
0.87174
0.87045
0.86917
0.86791
0.86666
0.86542
0.86418
0.86294
0.8617
0.86046
0.85923
0.858
0.85677
0.85555
0.85434
0.85314
0.85195
0.85078
0.84963
0.84848
0.84735
0.84623
0.84513
0.84403
0.84294
0.84187
0.84081
0.83976
0.83871
0.83768
0.83667
0.83567
0.83469
0.83373
0.83279
0.83187
0.83097
0.83009
0.82922
0.82834
0.82747
0.82661
0.82575
0.8249
0.82406
0.82324
0.82242
0.82162
0.82083
0.82005
0.81927
0.81849
0.81772
0.81694
0.81616
0.81538
0.81458
0.81378
0.81298
0.81216
0.81133
0.8105
0.80967
0.80883
0.808
0.80716
0.80633
0.8055
0.80467
0.80384
0.80301
0.80217
0.80132
0.80048
0.79963
0.79879
0.79795
