1
0.96549
0.95873
0.95652
0.95479
0.95298
0.95161
0.95045
0.94864
0.94725
0.94584
0.94457
0.94366
0.94285
0.94251
0.94055
0.93989
0.93939
0.93756
0.93588
0.93427
0.93277
0.93131
0.92993
0.92857
0.92731
0.92607
0.92493
0.92378
0.92269
0.92158
0.92052
0.91944
0.9184
0.91737
0.91637
0.91538
0.91441
0.91343
0.91244
0.91147
0.9105
0.90955
0.90861
0.90767
0.90674
0.90581
0.90488
0.90396
0.90305
0.90215
0.90126
0.90039
0.89953
0.89868
0.89784
0.89701
0.89617
0.89534
0.89449
0.89364
0.89278
0.89192
0.89105
0.89018
0.8893
0.88843
0.88755
0.88668
0.88582
0.88496
0.88411
0.88326
0.88241
0.88157
0.88074
0.87991
0.87909
0.87828
0.87747
0.87666
0.87587
0.87508
0.87429
0.87352
0.87276
0.87202
0.87129
0.87057
0.86988
0.86919
0.8685
0.8678
0.8671
0.86639
0.86567
0.86496
0.86425
0.86354
0.86284
0.86213
0.86143
0.86073
0.86003
0.85932
0.85861
0.8579
0.85718
0.85645
0.85573
0.85499
0.85426
0.85352
0.85279
0.85205
0.85133
0.85061
0.84991
0.84921
0.84853
0.84786
0.8472
0.84654
0.84589
0.84524
0.84459
0.84395
0.84332
0.8427
0.8421
