1
0.94719
0.92318
0.91289
0.90705
0.90172
0.89779
0.88824
0.88573
0.87689
0.86845
0.86048
0.85296
0.84576
0.83883
0.83217
0.82578
0.81963
0.81368
0.80791
0.80229
0.79682
0.79145
0.78617
0.78095
0.77577
0.77057
0.76536
0.76008
0.75474
0.74934
0.7439
0.73845
0.73304
0.72772
0.72253
0.71747
0.71255
0.70775
0.70309
0.69856
0.69416
0.68988
0.6857
0.68159
0.67754
0.67355
0.66962
0.66578
0.662
0.65828
0.65462
0.651
0.6474
0.64384
0.64029
0.63677
0.63328
0.62983
0.62641
0.62303
0.6197
0.6164
0.61313
0.60991
0.60671
0.60355
0.60041
0.5973
0.59422
0.59118
0.58816
0.58518
0.58223
0.57932
0.57645
0.57362
0.57083
0.56809
0.5654
0.56277
0.5602
0.55767
0.5552
0.55278
0.55041
0.54808
0.54578
0.54351
0.54128
0.53906
