1
0.97336
0.97068
0.99127
0.98613
0.98132
0.99022
1.0061
1.02
1.0319
1.0418
1.0509
1.0579
1.0647
1.0817
1.0963
1.1034
1.1077
1.1139
1.1223
1.1309
1.1389
1.1473
1.1562
1.1649
1.1728
1.179
1.1835
1.1866
1.1891
1.1919
1.196
1.2015
1.2078
1.2147
1.2215
1.2281
1.2343
1.2401
1.2454
1.2503
1.255
1.2595
1.2638
1.2679
1.2717
1.2752
1.2782
1.2808
1.2828
1.2845
1.2859
1.2874
1.2889
1.2905
1.2923
1.2943
1.2966
1.2993
1.3023
1.3057
1.3094
1.3134
1.3175
1.3217
1.326
1.3303
1.3346
1.3389
1.3432
1.3475
1.3517
1.3559
1.3601
1.3641
1.3681
1.372
1.3758
1.3796
1.3832
1.3867
1.3901
1.3934
1.3966
1.3996
1.4025
1.4053
1.4079
1.4103
1.4127
1.4148
1.4168
1.4187
1.4203
1.4219
1.4233
1.4246
1.4257
1.4268
1.4277
1.4286
1.4294
1.4301
1.4308
1.4315
1.4322
1.433
1.4338
1.4348
1.4359
1.4372
1.4386
1.4402
1.442
1.4439
1.4459
1.4481
1.4504
1.4527
1.4552
1.4576
1.4602
1.4627
1.4653
1.4679
1.4705
1.4732
1.4758
1.4784
1.4811
1.4837
1.4863
1.489
1.4916
1.4942
1.4969
1.4995
