1
0.96479
0.95289
0.94793
0.94324
0.93952
0.93764
0.93505
0.9341
0.93225
0.93139
0.93003
0.92929
0.92826
0.9245
0.9209
0.9179
0.91507
0.91252
0.9101
0.90793
0.90583
0.90391
0.90205
0.90036
0.89874
0.89729
0.89598
0.89487
0.89389
0.89316
0.89256
0.89222
0.89203
0.8921
0.89234
0.89282
0.89347
0.89433
0.89532
0.89647
0.89771
0.89906
0.90047
0.90195
0.90346
0.90499
0.90652
0.90803
0.90951
0.91093
0.91227
0.9135
0.9146
0.91555
0.9163
0.91684
0.91711
0.91708
0.91669
0.91591
0.91472
0.91316
0.91131
0.90933
0.90739
0.90563
0.90414
0.90295
0.90207
0.90147
0.90113
0.90102
0.90112
0.90138
0.90178
0.90228
0.90286
0.90349
0.90414
0.90481
0.90549
0.90619
0.90693
0.9077
0.9085
0.90934
0.91021
0.91112
0.91206
0.91303
0.91402
0.91502
0.91604
0.91707
0.9181
0.91912
0.92012
0.9211
0.92204
0.92295
0.92382
0.92466
0.92547
0.92626
0.92703
0.92779
0.92855
0.9293
0.93004
0.93079
0.93153
0.93227
0.93301
0.93375
0.93449
0.93523
0.93596
0.93669
0.93743
0.93817
0.93893
0.93971
0.94052
0.94138
0.94229
0.94327
0.94432
0.94547
0.94671
0.94806
0.9495
0.95102
0.95259
0.95418
0.95574
0.95723
