1
0.96553
0.95318
0.948
0.94261
0.93863
0.93557
0.93309
0.93116
0.92911
0.92774
0.92605
0.92516
0.92415
0.91989
0.91587
0.9124
0.90911
0.90593
0.9028
0.89977
0.8968
0.89389
0.89109
0.88847
0.88598
0.88361
0.8813
0.87908
0.87685
0.87467
0.87242
0.87019
0.86793
0.86572
0.86351
0.86138
0.8593
0.85731
0.85538
0.85354
0.85175
0.85003
0.84837
0.84677
0.84522
0.84374
0.84231
0.84093
0.8396
0.83833
0.83709
0.83589
0.83472
0.83358
0.83247
0.83138
0.83031
0.82926
0.82822
0.8272
0.82619
0.82519
0.8242
0.82323
0.82227
0.82131
0.82036
0.81942
0.81849
0.81757
0.81666
0.81576
0.81488
0.81401
0.81316
0.81231
0.81148
0.81065
0.80982
0.80899
0.80816
0.80732
0.80647
0.80562
0.80476
0.80389
0.80301
0.80213
0.80124
0.80035
0.79945
0.79854
0.79764
0.79673
0.79581
0.7949
0.79397
0.79303
0.79208
0.79111
0.79012
0.78911
0.78807
0.787
0.78591
0.7848
0.78366
0.78251
0.78134
0.78017
0.77899
0.77781
0.77663
0.77546
0.7743
0.77315
0.772
0.77087
0.76975
0.76864
0.76754
0.76644
0.76536
0.76428
0.76321
0.76216
0.76111
0.76008
0.75905
0.75804
0.75704
0.75605
0.75507
0.7541
0.75314
0.75219
