1
0.96345
0.94957
0.94184
0.9352
0.93011
0.92644
0.92332
0.92094
0.91853
0.91692
0.91503
0.91396
0.91268
0.90681
0.90142
0.8969
0.89284
0.88916
0.88581
0.88284
0.8801
0.8775
0.87483
0.87208
0.86913
0.86602
0.86279
0.85956
0.85632
0.85315
0.84997
0.84685
0.84373
0.84065
0.83755
0.8345
0.83146
0.82846
0.82549
0.82258
0.81971
0.81689
0.81413
0.81142
0.80876
0.80616
0.80361
0.8011
0.79864
0.7962
0.79379
0.79139
0.78899
0.78657
0.78414
0.78169
0.77921
0.77671
0.77419
0.77166
0.76912
0.76659
0.76408
0.76159
0.75913
0.75672
0.75435
0.75204
0.74979
0.74762
0.74553
0.74352
0.7416
0.73975
0.73798
0.73626
0.73457
0.73289
0.73119
0.72942
0.72757
0.7256
0.72352
0.72136
0.71917
0.717
0.71491
0.71294
0.71113
0.70949
0.70802
0.70672
0.70559
0.70461
0.70375
0.703
0.70231
0.70167
0.70103
0.70037
0.69967
0.69894
0.69816
0.69733
0.69646
0.69556
0.69463
0.69368
0.69271
0.69174
0.69075
0.68976
0.68878
0.68779
0.68681
0.68583
0.68487
0.68391
0.68296
0.68202
0.68109
0.68017
0.67926
0.67836
0.67748
0.67661
0.67576
0.67493
0.67412
0.67333
0.67258
0.67186
0.67118
0.67053
0.66992
0.66936
