1
0.96613
0.95454
0.95045
0.94484
0.9415
0.93853
0.93589
0.93379
0.93196
0.93068
0.92931
0.92843
0.92723
0.92322
0.91915
0.91556
0.91201
0.90866
0.90545
0.90247
0.89962
0.89688
0.89423
0.89175
0.88939
0.88714
0.88498
0.88297
0.88103
0.87925
0.87753
0.87599
0.87451
0.87322
0.872
0.87092
0.86988
0.86894
0.86802
0.86714
0.86627
0.86544
0.86463
0.86385
0.8631
0.86239
0.86172
0.86107
0.86045
0.85985
0.85926
0.85867
0.85808
0.85748
0.85686
0.85622
0.85555
0.85486
0.85414
0.85339
0.85261
0.8518
0.85096
0.8501
0.84923
0.84834
0.84744
0.84655
0.84566
0.84479
0.84394
0.84311
0.84231
0.84154
0.84079
0.84006
0.83935
0.83865
0.83796
0.83727
0.83658
0.83589
0.83519
0.83449
0.83378
0.83306
0.83234
0.83161
0.83088
0.83015
0.82942
0.82869
0.82796
0.82723
0.8265
0.82579
0.82507
0.82435
0.82364
0.82292
0.82221
0.82149
0.82077
0.82005
0.81934
0.81863
0.81793
0.81723
0.81653
0.81585
0.81517
0.8145
0.81384
0.81319
0.81254
0.81191
0.81129
0.81067
0.81006
0.80946
0.80886
0.80827
0.80768
0.80709
0.80651
0.80592
0.80534
0.80476
0.80418
0.8036
0.80301
0.80242
0.80183
0.80124
0.80065
0.80005
