1
0.96441
0.95254
0.94824
0.94261
0.93919
0.93652
0.93406
0.9323
0.93071
0.9298
0.92869
0.92815
0.92713
0.92337
0.91986
0.91714
0.91466
0.91248
0.9105
0.90882
0.90727
0.90581
0.90421
0.90251
0.90059
0.89851
0.89632
0.89416
0.892
0.88997
0.88796
0.88608
0.88421
0.88246
0.88069
0.87902
0.87734
0.87572
0.87411
0.87253
0.87096
0.86942
0.86788
0.86637
0.86488
0.86341
0.86196
0.86052
0.8591
0.85768
0.85625
0.85482
0.85337
0.8519
0.8504
0.84888
0.84734
0.84577
0.8442
0.84262
0.84105
0.83949
0.83797
0.83648
0.83503
0.83363
0.83227
0.83094
0.82966
0.82842
0.8272
0.82602
0.82487
0.82374
0.82264
0.82156
0.8205
0.81946
0.81843
0.81742
0.81643
0.81546
0.81451
0.8136
0.81272
0.81189
0.81111
0.81038
0.80973
0.80915
0.80866
0.80826
0.80795
0.80774
0.80761
0.80754
0.80752
0.8075
0.80748
0.80742
0.80732
0.80717
0.80695
0.80669
0.80638
0.80603
0.80564
0.80522
0.80478
0.80432
0.80384
0.80335
0.80286
0.80236
0.80186
0.80136
0.80086
0.80037
0.79988
0.79941
0.79894
0.79849
0.79805
0.79763
0.79722
0.79685
0.79649
0.79617
0.79588
0.79563
0.79543
0.79528
0.79518
0.79515
0.79517
0.79526
