1
0.97326
0.96511
0.96029
0.95619
0.95337
0.95094
0.94899
0.94724
0.94301
0.93906
0.93545
0.93224
0.92921
0.92656
0.92406
0.92181
0.91967
0.91771
0.91585
0.91414
0.91252
0.91103
0.90963
0.90833
0.90709
0.90593
0.90483
0.90377
0.90275
0.90174
0.90075
0.89976
0.89876
0.89775
0.89671
0.89562
0.89448
0.89327
0.89196
0.89052
0.88896
0.88724
0.8854
0.88346
0.88151
0.87962
0.87785
0.87623
0.87474
0.87337
0.8721
0.87091
0.86978
0.86868
0.86762
0.86658
0.86556
0.86455
0.86355
0.86256
0.86158
0.8606
0.85963
0.85866
0.8577
0.85674
0.85577
0.85479
0.85379
0.85276
0.8517
0.8506
0.84944
0.84823
0.84693
0.84554
0.84403
0.84239
0.84058
0.83858
0.83639
0.83399
0.83142
0.82869
0.82578
0.82271
0.81949
0.81615
0.81282
0.80961
0.80663
0.80391
0.80146
0.79927
0.79731
0.79554
0.79396
0.79253
0.79124
0.79006
0.78898
0.78799
0.78708
0.78624
0.78545
0.78472
0.78405
0.78342
0.78282
0.78227
0.78175
0.78126
0.78081
0.78037
0.77996
0.77956
0.77918
0.7788
0.77843
0.77806
0.77769
0.77731
0.77693
0.77655
0.77617
0.77578
0.77539
0.775
0.77461
0.77422
0.77383
0.77345
0.77306
0.77268
0.77229
0.77191
0.77153
0.77116
0.77078
0.77041
0.77004
0.76968
0.76931
0.76895
0.76859
0.76823
0.76788
0.76753
0.76718
0.76684
0.7665
0.76617
0.76583
0.76549
0.76515
0.76481
0.76447
0.76413
0.76379
0.76346
0.76313
0.76281
0.76249
0.76218
0.76188
0.76158
0.76129
