1
0.97419
0.96733
0.96484
0.96261
0.96157
0.96045
0.95966
0.95904
0.95725
0.95565
0.95416
0.95289
0.9516
0.95055
0.94953
0.94868
0.94788
0.9472
0.94659
0.94607
0.94562
0.94524
0.94492
0.94467
0.94446
0.9443
0.94418
0.9441
0.94405
0.94403
0.94403
0.94406
0.9441
0.94413
0.94415
0.94413
0.94405
0.9439
0.94364
0.94325
0.94271
0.94212
0.94156
0.94111
0.94077
0.94054
0.94038
0.94024
0.94012
0.94
0.93989
0.93976
0.93963
0.93949
0.93933
0.93914
0.93893
0.9387
0.93843
0.93814
0.93783
0.93749
0.93715
0.9368
0.93645
0.93612
0.93581
0.93552
0.93525
0.935
0.93477
0.93457
0.93439
0.93423
0.93409
0.93397
0.93386
0.93376
0.93368
0.93361
0.93356
0.93352
0.93349
0.93347
0.93346
0.93347
0.93348
0.93352
0.93356
0.93361
0.93367
0.93375
0.93383
0.93392
0.93403
0.93414
0.93427
0.93441
0.93456
0.93472
0.93488
0.93506
0.93523
0.93541
0.9356
0.93579
0.93599
0.9362
0.93641
0.93664
0.93687
0.93711
0.93736
0.93763
0.93789
0.93817
0.93845
0.93873
0.93901
0.93929
0.93956
0.93983
0.94009
0.94034
0.94058
0.94082
0.94104
0.94126
0.94147
0.94167
0.94186
0.94204
0.94221
0.94237
0.94253
0.94268
0.94282
0.94295
0.94307
0.94319
0.9433
0.9434
0.9435
0.94359
0.94368
0.94377
0.94385
0.94394
0.94402
0.94411
0.94419
0.94427
0.94434
0.94442
0.94448
0.94454
0.94459
0.94464
0.94468
0.94473
0.94477
0.9448
0.94484
0.94487
0.94491
0.94493
0.94496
