1
0.97552
0.96713
0.96346
0.96079
0.95938
0.95807
0.95718
0.95643
0.95407
0.95183
0.94973
0.94771
0.94582
0.94399
0.94228
0.94063
0.93904
0.93748
0.93595
0.93445
0.93298
0.93153
0.93012
0.92874
0.92738
0.92606
0.92477
0.9235
0.92227
0.92106
0.91987
0.91871
0.91756
0.91644
0.91535
0.91428
0.91324
0.91224
0.91128
0.91035
0.90947
0.90862
0.90781
0.90702
0.90625
0.90549
0.90476
0.90405
0.90335
0.90266
0.90198
0.90132
0.90067
0.90003
0.8994
0.89879
0.89819
0.8976
0.89701
0.89643
0.89586
0.89528
0.89471
0.89413
0.89355
0.89296
0.89237
0.89176
0.89114
0.8905
0.88985
0.88917
0.88848
0.88777
0.88703
0.88627
0.88549
0.88469
0.88387
0.88302
0.88215
0.88126
0.88036
0.87943
0.87849
0.87753
0.87655
0.87556
0.87456
0.87354
0.8725
0.87145
0.87039
0.86931
0.86824
0.86716
0.86608
0.86502
0.86397
0.86293
0.86192
0.86094
0.85998
0.85905
0.85816
0.85731
0.85649
0.8557
0.85496
0.85425
0.85357
0.85293
0.85233
0.85175
0.85121
0.85069
0.8502
0.84973
0.84928
0.84884
0.84842
0.84801
0.84762
0.84724
0.84686
0.8465
0.84615
0.84581
0.84548
0.84516
0.84484
0.84454
0.84423
0.84394
0.84365
0.84336
0.84309
0.84281
0.84254
0.84228
0.84201
0.84176
0.8415
0.84125
0.84101
0.84077
0.84053
0.8403
0.84007
0.83985
0.83963
0.8394
0.83918
0.83895
0.83872
0.83849
0.83824
0.83799
0.83774
0.83747
0.8372
0.83691
0.83662
0.83631
0.83598
0.83564
0.83528
