1
0.96335
0.95155
0.94407
0.93878
0.93543
0.93
0.92665
0.92372
0.91965
0.91593
0.91251
0.90684
0.90168
0.89825
0.89578
0.89389
0.8924
0.89122
0.89026
0.88946
0.88875
0.88804
0.88722
0.88614
0.88463
0.8824
0.8792
0.87505
0.87072
0.86709
0.86446
0.86276
0.86187
0.86166
0.86204
0.8629
0.86415
0.86571
0.86749
0.86943
0.87145
0.8735
0.8755
0.8774
0.87913
0.88065
0.88188
0.8828
0.88341
0.88378
0.88402
0.88433
0.88485
0.88568
0.88684
0.88828
0.88998
0.89185
0.89384
0.89592
0.89804
0.90019
0.90234
0.90447
0.90656
0.9086
0.91056
0.91242
0.91417
0.9158
0.91729
0.91863
0.91979
0.92074
0.92147
0.92196
0.92218
0.92214
0.92185
0.92135
0.92069
0.91996
0.91926
0.91868
0.91829
0.91812
0.91817
0.9184
0.91878
0.91929
0.91987
0.92051
0.92117
0.92182
0.92244
0.923
0.92348
0.92386
0.92412
0.92423
0.92418
0.92396
0.92356
0.92297
0.92219
0.92124
0.92012
0.91888
0.91756
0.91624
0.91501
0.91393
0.91308
0.91248
0.91215
0.91206
0.91219
0.91251
0.91299
0.9136
0.91432
0.91512
