1
0.95268
0.93298
0.92006
0.91244
0.90634
0.90124
0.89714
0.89383
0.89119
0.88909
0.88055
0.87282
0.8657
0.85895
0.85259
0.84651
0.84076
0.83537
0.83025
0.82549
0.82096
0.8167
0.81247
0.80836
0.80432
0.80041
0.79655
0.79279
0.78907
0.78542
0.78178
0.77815
0.77451
0.77083
0.7671
0.76331
0.75948
0.7556
0.75172
0.74785
0.74404
0.74028
0.7366
0.733
0.7295
0.72609
0.72276
0.71948
0.71625
0.71303
0.70984
0.70665
0.70347
0.70029
0.69711
0.69393
0.69075
0.68758
0.68442
0.68126
0.67809
0.67493
0.67178
0.66866
0.66557
0.66252
0.65952
0.65656
0.65366
0.65083
0.64807
0.6454
0.64281
0.64031
0.63789
0.63556
0.63332
0.63117
0.6291
0.62711
0.62522
0.62339
0.62164
0.61995
0.6183
0.61666
0.61502
0.61336
0.61166
0.60993
0.60816
0.60634
0.60449
0.6026
0.60068
0.59872
0.59675
0.59475
0.59275
0.59075
0.58877
0.58682
0.58491
0.58305
0.58125
0.57953
0.5779
0.57638
0.575
0.57376
0.57267
0.57174
0.57093
0.57024
0.56965
0.56913
0.56868
0.56827
0.56788
0.56752
0.56716
0.56679
0.56643
