1
0.95289
0.93367
0.92098
0.91278
0.90638
0.90132
0.89721
0.89407
0.89157
0.88973
0.88142
0.87421
0.86769
0.86164
0.85597
0.85063
0.84563
0.84103
0.83678
0.83296
0.82939
0.82601
0.82266
0.81961
0.81694
0.81476
0.81306
0.81189
0.81109
0.81041
0.80945
0.80785
0.80539
0.80234
0.79928
0.79666
0.79459
0.79301
0.79185
0.79104
0.79047
0.79007
0.78973
0.7894
0.78905
0.78863
0.78813
0.78752
0.7868
0.78598
0.78504
0.78402
0.78291
0.78171
0.78044
0.77909
0.77769
0.77623
0.77472
0.77317
0.77158
0.76995
0.7683
0.76663
0.76492
0.76315
0.76131
0.75937
0.75733
0.7552
0.75298
0.75067
0.74828
0.74582
0.7433
0.74072
0.73811
0.73545
0.73279
0.73012
0.72746
0.72484
0.72226
0.71972
0.71723
0.71479
0.71238
0.71002
0.7077
0.70544
0.70325
0.70116
0.69918
0.69733
0.69561
0.69402
0.69256
0.69122
0.69
0.68889
0.68789
0.68697
0.68614
0.68538
0.68467
0.68402
0.6834
0.68283
0.68231
0.68181
0.68136
0.68093
0.68052
0.68013
0.67976
0.67941
0.67907
0.67872
0.67838
0.67803
0.67767
0.6773
0.67691
