1
0.97419
0.96518
0.96161
0.95849
0.95617
0.95194
0.94839
0.94529
0.94246
0.93992
0.93753
0.93529
0.93312
0.93106
0.92897
0.92699
0.92498
0.923
0.92099
0.91899
0.91692
0.91485
0.91273
0.91066
0.90861
0.90666
0.90481
0.90308
0.90147
0.89998
0.89859
0.89726
0.89596
0.89466
0.89331
0.89192
0.89048
0.88898
0.88744
0.88586
0.88427
0.88271
0.88119
0.87975
0.87842
0.8772
0.87612
0.87514
0.87424
0.87338
0.87254
0.87168
0.87079
0.86985
0.86887
0.86785
0.86679
0.86571
0.86461
0.86351
0.8624
0.86131
0.86023
0.85917
0.85815
0.85719
0.85628
0.85546
0.85474
0.85414
0.85365
0.85328
0.85302
0.85287
0.85277
0.85271
0.85267
0.85261
0.85255
0.85247
0.85238
0.85229
0.8522
0.85212
0.85206
0.852
0.85195
0.85191
0.85187
0.85183
0.85179
0.85174
0.8517
0.85166
0.85163
0.85161
0.85158
0.85156
0.85152
0.85147
0.85141
0.85134
0.85126
0.85118
0.8511
0.85103
0.85097
0.85095
0.85096
0.85101
0.8511
0.85124
0.85142
0.85164
0.8519
0.85217
0.85245
0.85272
0.85297
0.85319
0.85337
0.85351
0.85359
0.85363
0.85362
0.85356
0.85346
0.85332
0.85315
0.85294
0.85271
0.85247
0.85221
0.85194
0.85167
0.85142
0.85117
0.85095
0.85075
0.85059
0.85046
0.85037
0.85033
0.85034
0.85039
0.85048
0.85061
0.85078
0.85097
0.85118
0.8514
0.85162
0.85185
