1
0.97454
0.96348
0.95589
0.95153
0.94917
0.94619
0.94388
0.93936
0.93789
0.9339
0.92962
0.92579
0.92198
0.91832
0.91466
0.91107
0.90751
0.90399
0.90047
0.89699
0.89356
0.89016
0.88682
0.88348
0.8802
0.87694
0.87374
0.87055
0.8674
0.86426
0.86116
0.85809
0.85509
0.85213
0.84925
0.84642
0.84366
0.84095
0.83831
0.83571
0.83314
0.83059
0.82803
0.82547
0.82286
0.82022
0.81751
0.81475
0.81193
0.80908
0.80621
0.80336
0.80054
0.79779
0.79512
0.79256
0.7901
0.78775
0.78551
0.78337
0.78134
0.7794
0.77756
0.77581
0.77414
0.77256
0.77104
0.76958
0.7682
0.76686
0.76558
0.76434
0.76314
0.76199
0.76086
0.75977
0.75871
0.75767
0.75665
0.75565
0.75467
0.7537
0.75275
0.75181
0.75088
0.74997
0.74906
0.74817
0.74729
0.74641
0.74554
0.74468
0.74382
0.74296
0.74209
0.74121
0.74033
0.73943
0.73852
0.73759
0.73665
0.7357
0.73473
0.73376
0.73278
0.7318
0.73083
0.72986
0.72889
0.72795
0.72702
0.7261
0.7252
0.72432
0.72345
0.7226
0.72175
0.72091
0.72008
0.71926
0.71845
0.71765
0.71685
0.71606
0.71527
0.71449
0.71371
0.71294
0.71218
0.71141
0.71065
0.7099
0.70914
