1
1.2736
1.1416
1.0907
1.1381
1.149
1.2882
1.3494
1.4188
1.4438
1.5404
1.5965
1.6574
1.7143
1.7685
1.8165
1.8642
1.9083
1.9517
1.9915
2.0317
2.0704
2.1087
2.1459
2.1831
2.2193
2.2555
2.2908
2.326
2.3604
2.3944
2.4276
2.4601
2.4917
2.5225
2.5525
2.5816
2.6099
2.6374
2.6642
2.6902
2.7156
2.7403
2.7643
2.7878
2.8107
2.8331
2.855
2.8763
2.8972
2.9176
2.9375
2.957
2.9761
2.9947
3.0131
3.031
3.0486
3.066
3.083
3.0997
3.1162
3.1325
3.1485
3.1644
3.18
3.1955
3.2109
3.2261
3.2413
3.2564
3.2714
3.2865
3.3016
3.3167
3.3318
3.3471
3.3624
3.3779
3.3935
3.4091
3.4249
3.4408
3.4568
3.4729
3.489
3.5052
3.5214
3.5376
3.5537
3.5698
3.5858
3.6016
3.6173
3.6329
3.6482
3.6633
3.6782
3.693
3.7075
3.7217
3.7358
3.7497
3.7633
3.7768
3.7902
3.8033
3.8164
3.8293
3.8421
3.8549
3.8676
3.8802
3.8928
3.9053
3.9178
3.9302
3.9427
3.9551
3.9675
3.9798
3.9921
4.0044
4.0167
4.0289
4.0411
4.0533
4.0654
4.0775
4.0895
4.1016
4.1135
4.1254
4.1373
