1
0.97194
0.95892
0.9493
0.94299
0.93789
0.93362
0.93022
0.92263
0.92069
0.91377
0.90715
0.90082
0.89477
0.88898
0.88338
0.878
0.87284
0.86791
0.86314
0.85857
0.8542
0.84997
0.84589
0.84189
0.83799
0.83412
0.83031
0.8265
0.82271
0.81892
0.81518
0.81148
0.80788
0.80437
0.80096
0.79764
0.79443
0.79132
0.7883
0.78538
0.78254
0.7798
0.77715
0.77458
0.7721
0.76969
0.76735
0.76507
0.76286
0.76071
0.75862
0.75658
0.7546
0.75268
0.75081
0.74899
0.74722
0.7455
0.74383
0.74221
0.74064
0.73911
0.73763
0.7362
0.7348
0.73345
0.73214
0.73086
0.72962
0.7284
0.72721
0.72605
0.72491
0.7238
0.7227
0.72162
0.72055
0.71948
0.71843
0.71738
0.71633
0.71528
0.71423
0.71317
0.7121
0.71102
0.70993
0.70883
0.70771
0.70659
0.70545
0.70431
0.70317
0.70202
0.70087
0.69973
0.6986
0.69748
0.69638
0.69531
0.69426
0.69323
0.69223
0.69126
0.69032
0.68941
0.68854
0.6877
0.68689
0.68612
0.68538
0.68468
0.68401
0.68337
0.68276
0.68217
0.6816
0.68106
0.68053
0.68002
0.67952
0.67904
0.67856
0.67808
0.67761
0.67714
0.67667
0.67619
0.6757
0.6752
0.67468
0.67415
0.6736
