1
0.95731
0.94691
0.94048
0.93659
0.93134
0.92856
0.92598
0.92434
0.92258
0.91748
0.91598
0.91467
0.91323
0.91237
0.90775
0.90361
0.89981
0.89639
0.89321
0.89017
0.88731
0.88452
0.8819
0.8793
0.87686
0.87443
0.87214
0.8699
0.86778
0.86572
0.86378
0.86189
0.86009
0.85834
0.85664
0.85496
0.85329
0.85161
0.84994
0.8483
0.84669
0.84514
0.84365
0.84222
0.84083
0.83949
0.83818
0.83691
0.83565
0.83442
0.8332
0.832
0.83083
0.82967
0.82855
0.82746
0.8264
0.82538
0.82441
0.82348
0.82258
0.82174
0.82093
0.82017
0.81945
0.81879
0.81817
0.81761
0.8171
0.81664
0.81624
0.8159
0.81561
0.81538
0.8152
0.81508
0.81501
0.81498
0.815
0.81505
0.81514
0.81525
0.81538
0.81554
0.81571
0.81589
0.81608
0.81628
0.81647
0.81667
0.81686
0.81704
0.81722
0.81739
0.81756
0.81771
0.81785
0.81798
0.8181
0.81821
0.8183
0.81838
0.81844
0.81849
0.81854
