1
0.97046
0.9587
0.95124
0.94524
0.93648
0.92839
0.92095
0.91402
0.90763
0.90179
0.89649
0.89165
0.88717
0.88295
0.87895
0.87512
0.87146
0.86795
0.8646
0.8614
0.85834
0.85542
0.8526
0.84985
0.84715
0.84449
0.84186
0.83927
0.83674
0.83427
0.83191
0.82964
0.8275
0.82547
0.82356
0.82175
0.82003
0.81838
0.81678
0.81522
0.8137
0.8122
0.81072
0.80925
0.80779
0.80636
0.80494
0.80354
0.80216
0.80081
0.79948
0.79817
0.79689
0.79563
0.79439
0.79316
0.79195
0.79076
0.78958
0.7884
0.78724
0.78608
0.78492
0.78377
0.78262
0.78147
0.78032
0.77916
0.77801
0.77686
0.77571
0.77455
0.7734
0.77226
0.77112
0.76998
0.76885
0.76772
0.76661
0.7655
0.7644
0.76331
0.76223
0.76117
0.76011
0.75906
0.75802
0.757
0.75599
0.75499
0.75402
0.75306
0.75213
0.75121
0.75031
0.74944
0.74859
0.74776
0.74694
0.74614
0.74536
0.7446
0.74384
0.7431
0.74236
0.74164
0.74093
0.74023
0.73954
0.73886
0.73819
0.73753
0.73688
0.73623
0.7356
0.73496
0.73433
0.7337
0.73306
0.73241
0.73175
0.73108
0.73039
0.72969
0.72898
0.72825
0.7275
0.72674
0.72596
0.72516
0.72435
0.72351
0.72265
0.72177
0.72086
0.71993
0.71897
0.718
0.717
0.71599
0.71497
0.71393
0.7129
0.71186
0.71082
0.70979
0.70877
0.70776
0.70677
0.70578
0.70481
0.70385
0.70291
0.70199
0.70108
0.70018
0.6993
0.69843
0.69757
0.69673
0.69589
0.69507
0.69426
0.69346
0.69266
0.69187
0.69108
0.6903
