1
0.96226
0.95303
0.94668
0.94197
0.94208
0.93832
0.93488
0.93276
0.93102
0.92657
0.92212
0.91792
0.91368
0.90936
0.90486
0.90007
0.89507
0.88992
0.88482
0.8799
0.87521
0.87079
0.86661
0.86268
0.85897
0.85548
0.85218
0.84904
0.846
0.84297
0.83992
0.83687
0.8338
0.83073
0.82767
0.82466
0.82173
0.81888
0.81613
0.81348
0.81094
0.80848
0.80612
0.80383
0.8016
0.79941
0.79725
0.79512
0.79304
0.79099
0.78897
0.78698
0.785
0.78303
0.78106
0.77905
0.77698
0.77484
0.7726
0.77026
0.76781
0.76525
0.7626
0.75989
0.75714
0.7544
0.75167
0.74899
0.7464
0.7439
0.74153
0.73931
0.73723
0.73531
0.73353
0.73191
0.73042
0.72907
0.72786
0.7268
0.72588
0.72512
0.72452
0.72409
0.72385
0.7238
0.72396
0.72433
0.72489
0.7256
0.72638
0.72714
0.72779
0.72827
0.72853
0.72855
0.72833
0.72788
0.72722
0.72634
0.72526
0.72399
0.72256
0.72098
0.7193
0.71755
0.71577
0.71399
0.71224
0.71054
0.70889
0.7073
0.70577
0.70429
0.70288
0.70151
0.7002
0.69894
0.69773
