1
3.126
3.0599
3.199
3.2965
3.2975
3.3283
3.4536
3.5308
3.6064
3.6789
3.7298
3.8055
3.8641
3.9401
4.0134
4.0832
4.1593
4.2334
4.3048
4.374
4.4406
4.5051
4.5672
4.6278
4.6867
4.7445
4.8007
4.8551
4.9077
4.9588
5.0084
5.0565
5.1032
5.1485
5.1926
5.2356
5.2774
5.3183
5.3581
5.3971
5.4353
5.4728
5.5096
5.5455
5.5806
5.6149
5.6485
5.6813
5.7134
5.7449
5.7757
5.8058
5.8353
5.8641
5.8924
5.9202
5.9474
5.9742
6.0004
6.0262
6.0514
6.0762
6.1005
6.1243
6.1475
6.17
6.1918
6.2127
6.2327
6.2516
6.2693
6.2859
6.3011
6.315
6.3273
6.3383
