56.5276
-0.88877
-0.89448
-0.87869
-0.88524
-0.88212
-0.88031
-0.89065
-0.87948
-0.87948
-0.89735
-0.87988
-0.88479
-0.88279
-0.88636
-0.8789
-0.88241
-0.89591
-0.89043
-0.88808
-0.89065
-0.89352
-0.88914
-0.89154
-0.89201
-0.89843
-0.89661
-0.88054
-0.89266
-0.88462
-0.88752
-0.87238
-0.87314
-0.8797
-0.88791
-0.87886
-0.88345
-0.88586
-0.87898
-0.89234
-0.8913
-0.90112
-0.89455
-0.90897
-0.90589
-0.91026
-0.88607
-0.92555
-0.92738
-0.89529
-0.89529
-0.91213
-0.87636
-0.89981
-0.87798
-0.89523
-0.93096
-1.0269
0
0
0
0
0
-1.4312
0
0
0
0
0
0
0
0
0
0
-2.0642
0
-2.1152
0
0
0
0
0
0
0
0
0
0
0
0
0
0
0
0
0
0
0
0
0
0
0
0
0
0
0
0
0
0
0
0
0
0
0
0
0
0
0
0
0
0
0
-0.88877
55.3757
-0.89344
-0.87738
-0.88429
-0.88344
-0.88178
-0.88969
-0.87868
-0.87868
-0.89609
-0.87896
-0.88393
-0.88198
-0.88511
-0.87812
-0.88119
-0.89424
-0.88878
-0.8874
-0.88998
-0.89247
-0.88828
-0.88975
-0.89129
-0.89707
-0.89584
-0.87969
-0.89136
-0.88372
-0.88641
-0.87108
-0.87211
-0.87831
-0.88637
-0.87805
-0.88264
-0.88457
-0.87784
-0.89566
-0.89165
-0.90048
-0.89352
-0.90706
-0.90508
-0.90978
-0.88553
-0.9246
-0.92499
-0.89372
-0.89372
-0.91138
-0.87599
-0.89895
-0.87783
-0.89436
-0.92875
-1.0274
0
0
0
0
0
0
0
0
0
0
0
0
0
0
0
0
0
0
0
0
0
0
-2.0577
0
0
0
0
0
0
0
0
0
0
0
0
0
0
-2.4488
0
0
0
0
0
0
0
0
0
0
0
0
0
0
0
0
0
0
0
0
0
0
0
0
-0.89448
-0.89344
58.0653
-0.88308
-0.88999
-0.88916
-0.88765
-0.89553
-0.8844
-0.88441
-0.90312
-0.88467
-0.88996
-0.88757
-0.89163
-0.88381
-0.88687
-0.89994
-0.89486
-0.89311
-0.89563
-0.89841
-0.89443
-0.89568
-0.89703
-0.9036
-0.90152
-0.88542
-0.89756
-0.88973
-0.89273
-0.8774
-0.87804
-0.88498
-0.89217
-0.88391
-0.88812
-0.89116
-0.88382
-0.89569
-0.8968
-0.90629
-0.89933
-0.91202
-0.91071
-0.91557
-0.89113
-0.92853
-0.93064
-0.90072
-0.90073
-0.91687
-0.88184
-0.90456
-0.88393
-0.89971
-0.93458
-1.0331
0
0
0
0
0
0
0
0
0
0
0
0
0
0
0
0
0
0
0
0
0
0
0
0
0
0
0
0
0
0
0
0
0
0
0
0
0
0
-2.5584
0
0
0
0
0
0
0
0
0
0
0
0
0
0
0
0
0
0
0
0
0
-4.3151
0
-0.87869
-0.87738
-0.88308
51.9243
-0.8732
-0.87235
-0.87055
-0.87872
-0.86842
-0.86842
-0.88691
-0.86866
-0.87348
-0.87158
-0.87456
-0.86771
-0.87028
-0.88406
-0.87807
-0.87694
-0.87947
-0.88238
-0.87781
-0.87947
-0.88078
-0.88667
-0.88534
-0.86925
-0.88103
-0.87333
-0.87605
-0.86109
-0.86181
-0.86828
-0.87649
-0.86757
-0.87206
-0.8743
-0.86726
-0.88493
-0.88201
-0.88973
-0.88298
-0.89675
-0.89452
-0.89889
-0.87506
-0.91357
-0.91039
-0.884
-0.884
-0.90081
-0.8651
-0.88898
-0.86708
-0.88442
-0.91517
-1.0154
0
0
0
0
0
0
0
-1.647
0
0
0
0
0
0
0
0
0
0
0
0
0
0
0
0
0
0
0
0
0
0
0
0
0
0
0
0
0
0
0
0
0
0
0
0
0
0
0
0
0
0
0
0
0
0
0
0
0
0
0
0
0
0
-0.88524
-0.88429
-0.88999
-0.8732
52.8796
-0.87928
-0.8775
-0.88587
-0.87501
-0.87501
-0.89388
-0.8755
-0.88045
-0.87845
-0.88177
-0.87459
-0.87777
-0.89116
-0.88566
-0.88385
-0.88636
-0.88927
-0.88494
-0.88656
-0.88788
-0.89378
-0.89243
-0.87627
-0.88813
-0.88042
-0.88308
-0.86814
-0.86884
-0.8754
-0.88344
-0.87463
-0.87903
-0.8814
-0.87453
-0.89207
-0.88839
-0.89696
-0.88409
-0.9032
-0.90165
-0.90611
-0.88216
-0.9202
-0.9212
-0.89121
-0.89121
-0.90791
-0.87231
-0.8961
-0.87434
-0.89123
-0.92492
-1.0232
0
0
0
0
0
0
0
0
0
0
0
0
0
0
0
0
0
0
0
0
0
0
0
0
0
0
0
0
0
0
0
0
0
0
0
0
0
0
0
0
0
-2.2081
0
0
0
0
0
0
0
0
0
0
0
0
0
0
0
0
0
0
0
0
-0.88212
-0.88344
-0.88916
-0.87235
-0.87928
52.7262
-0.87647
-0.88501
-0.87412
-0.87411
-0.89297
-0.87465
-0.87954
-0.87761
-0.88086
-0.87368
-0.87695
-0.89054
-0.88479
-0.88293
-0.88547
-0.8882
-0.88391
-0.88619
-0.8868
-0.89281
-0.89134
-0.87527
-0.88713
-0.87929
-0.88211
-0.86708
-0.86797
-0.87432
-0.88262
-0.87356
-0.87812
-0.88036
-0.87329
-0.89097
-0.8876
-0.89579
-0.88914
-0.9036
-0.90058
-0.90492
-0.88097
-0.9201
-0.92032
-0.88996
-0.88996
-0.90684
-0.87099
-0.89509
-0.87274
-0.89028
-0.92375
-1.0213
0
0
0
0
0
0
0
0
0
0
0
0
0
0
0
0
0
0
-2.1049
0
0
0
0
0
0
0
0
0
0
0
0
0
0
0
0
0
0
0
0
0
0
0
0
0
0
0
0
0
0
0
0
0
0
0
0
0
0
0
0
0
0
0
-0.88031
-0.88178
-0.88765
-0.87055
-0.8775
-0.87647
52.5642
-0.883
-0.87224
-0.87224
-0.89136
-0.87277
-0.87756
-0.87567
-0.87896
-0.87173
-0.87498
-0.88872
-0.88309
-0.88093
-0.88347
-0.88669
-0.8819
-0.8838
-0.88477
-0.89104
-0.88957
-0.8734
-0.88539
-0.87754
-0.88033
-0.86521
-0.86602
-0.87261
-0.88097
-0.87165
-0.87631
-0.8787
-0.8713
-0.8851
-0.88592
-0.89378
-0.88759
-0.90153
-0.89872
-0.90287
-0.87916
-0.91802
-0.9186
-0.88796
-0.88797
-0.90499
-0.86893
-0.89331
-0.8707
-0.88872
-0.92189
-1.019
0
0
0
0
0
0
0
0
0
0
0
0
0
0
0
0
-2.0512
0
0
0
0
0
0
0
0
0
0
0
0
0
0
0
0
0
0
0
0
0
0
0
0
0
0
0
0
0
0
0
0
0
0
0
0
0
0
0
0
0
0
0
0
0
-0.89065
-0.88969
-0.89553
-0.87872
-0.88587
-0.88501
-0.883
53.3801
-0.88029
-0.88029
-0.89922
-0.88088
-0.88577
-0.88388
-0.88715
-0.87993
-0.88324
-0.8965
-0.89108
-0.88923
-0.89182
-0.89489
-0.8901
-0.8919
-0.89314
-0.89907
-0.89783
-0.88157
-0.89336
-0.88556
-0.88844
-0.87334
-0.87353
-0.88058
-0.88877
-0.87986
-0.88448
-0.88669
-0.87954
-0.89733
-0.89376
-0.90224
-0.89566
-0.91036
-0.90708
-0.91146
-0.88749
-0.92643
-0.92682
-0.89645
-0.89646
-0.91341
-0.87753
-0.90116
-0.87919
-0.9004
-0.93039
-1.0286
0
0
0
0
0
0
0
0
0
0
0
0
0
0
0
0
0
0
0
0
0
0
0
-2.3975
0
0
0
0
0
0
0
0
0
0
0
0
0
0
0
0
0
0
0
0
0
0
0
0
0
0
0
0
0
0
0
0
0
0
0
0
0
0
-0.87948
-0.87868
-0.8844
-0.86842
-0.87501
-0.87412
-0.87224
-0.88029
50.3531
-0.86912
-0.8877
-0.86992
-0.87467
-0.8729
-0.87564
-0.86894
-0.87212
-0.88536
-0.87989
-0.87813
-0.88066
-0.88358
-0.87887
-0.88065
-0.88198
-0.88765
-0.88661
-0.87048
-0.88215
-0.87452
-0.87725
-0.86229
-0.86305
-0.86949
-0.87785
-0.86873
-0.87331
-0.87548
-0.86851
-0.88598
-0.88306
-0.89093
-0.88439
-0.89821
-0.89578
-0.90008
-0.87632
-0.91491
-0.9153
-0.88517
-0.88516
-0.90202
-0.86615
-0.89042
-0.86807
-0.88584
-0.91874
-1.0164
0
0
0
0
0
0
0
0
0
0
0
0
0
0
0
0
0
0
0
0
0
0
0
0
0
0
0
0
0
0
0
0
0
0
0
0
0
0
0
0
0
0
0
0
0
0
0
0
0
0
0
0
0
0
0
0
0
0
0
0
0
0
-0.87948
-0.87868
-0.88441
-0.86842
-0.87501
-0.87411
-0.87224
-0.88029
-0.86912
50.353
-0.8877
-0.86991
-0.87467
-0.8729
-0.87564
-0.86894
-0.87212
-0.88536
-0.87989
-0.87814
-0.88066
-0.88359
-0.87887
-0.88066
-0.88198
-0.88764
-0.88661
-0.87048
-0.88215
-0.87452
-0.87725
-0.86229
-0.86305
-0.86949
-0.87784
-0.86873
-0.87331
-0.87548
-0.8685
-0.88598
-0.88306
-0.89093
-0.88439
-0.89821
-0.89578
-0.90008
-0.87632
-0.91491
-0.9153
-0.88516
-0.88516
-0.90203
-0.86615
-0.89042
-0.86807
-0.88584
-0.91874
-1.0164
0
0
0
0
0
0
0
0
0
0
0
0
0
0
0
0
0
0
0
0
0
0
0
0
0
0
0
0
0
0
0
0
0
0
0
0
0
0
0
0
0
0
0
0
0
0
0
0
0
0
0
0
0
0
0
0
0
0
0
0
0
0
-0.89735
-0.89609
-0.90312
-0.88691
-0.89388
-0.89297
-0.89136
-0.89922
-0.8877
-0.8877
54.2292
-0.88763
-0.89272
-0.89052
-0.89434
-0.88664
-0.88984
-0.90333
-0.89789
-0.89606
-0.89857
-0.90129
-0.89727
-0.89862
-0.89999
-0.90622
-0.90443
-0.88824
-0.90032
-0.89257
-0.8955
-0.88005
-0.88101
-0.88768
-0.89514
-0.8866
-0.89107
-0.89394
-0.88635
-0.90503
-0.89982
-0.90899
-0.90232
-0.91547
-0.91352
-0.91829
-0.89388
-0.93201
-0.93357
-0.90323
-0.90323
-0.91977
-0.88459
0
-0.88627
0
-0.93693
0
0
0
0
0
0
0
0
0
-1.3617
0
0
0
0
0
0
0
0
0
0
0
0
0
0
0
0
0
0
0
0
0
0
0
0
0
0
0
0
0
0
0
0
0
0
0
0
0
0
0
0
0
0
0
-4.3504
0
0
0
0
0
0
0
0
0
-0.87988
-0.87896
-0.88467
-0.86866
-0.8755
-0.87465
-0.87277
-0.88088
-0.86992
-0.86991
-0.88763
47.6912
-0.87387
-0.87179
-0.87603
-0.86876
-0.87211
-0.88791
-0.87952
-0.87816
-0.88063
-0.88308
-0.87889
-0.88041
-0.882
-0.88743
-0.88623
-0.87036
-0.88199
-0.87433
-0.87721
-0.86223
-0.86298
-0.86921
-0.8775
-0.86872
-0.8731
-0.87518
-0.86848
-0.88589
-0.88261
-0.89104
-0.8843
-0.89762
-0.89572
-0.90039
-0.87643
-0.91534
-0.916
-0.88556
-0.88557
-0.90208
-0.86702
0
0
0
0
0
0
0
0
0
0
0
0
0
0
0
0
0
0
0
0
0
0
0
0
0
0
0
0
0
0
0
0
-1.9141
0
0
0
0
0
0
0
0
0
0
0
0
0
0
0
0
0
0
0
0
0
0
0
0
0
0
0
0
0
0
0
0
0
0
-0.88479
-0.88393
-0.88996
-0.87348
-0.88045
-0.87954
-0.87756
-0.88577
-0.87467
-0.87467
-0.89272
-0.87387
48.0626
-0.8769
-0.87845
-0.87324
-0.87703
-0.89299
-0.8852
-0.88284
-0.88537
-0.88854
-0.88076
-0.88566
-0.88669
-0.89236
-0.89119
-0.87513
-0.88719
-0.87923
-0.88206
-0.86692
-0.86778
-0.87435
-0.88277
-0.87334
-0.87802
-0.88043
-0.87307
-0.89133
-0.88766
-0.89557
-0.88956
-0.90346
-0.90068
-0.90495
-0.88163
-0.92024
-0.92103
-0.89014
-0.89015
-0.90728
-0.87132
0
0
0
0
0
0
0
0
0
0
0
0
0
0
0
0
0
0
0
0
0
0
-2.0387
0
0
0
0
0
0
0
0
0
0
0
0
0
0
0
0
0
0
0
0
0
0
0
0
0
0
0
0
0
0
0
0
0
0
0
0
0
0
0
0
0
0
0
0
-0.88279
-0.88198
-0.88757
-0.87158
-0.87845
-0.87761
-0.87567
-0.88388
-0.8729
-0.8729
-0.89052
-0.87179
-0.8769
47.7802
-0.87888
-0.87151
-0.87506
-0.8908
-0.8826
-0.88105
-0.8836
-0.88618
-0.88176
-0.88339
-0.88491
-0.89046
-0.88932
-0.87102
-0.88494
-0.87729
-0.88008
-0.86515
-0.86591
-0.8723
-0.88073
-0.87161
-0.87634
-0.87765
-0.87142
-0.8888
-0.8857
-0.89401
-0.88724
-0.90101
-0.89885
-0.90338
-0.87973
-0.9183
-0.91893
-0.8886
-0.8886
-0.90542
-0.86996
0
0
0
0
0
0
0
0
0
0
0
0
0
0
0
0
0
0
0
0
0
0
0
0
0
0
-1.8532
0
0
0
0
0
0
0
0
0
0
0
0
0
0
0
0
0
0
0
0
0
0
0
0
0
0
0
0
0
0
0
0
0
0
0
0
0
0
0
0
-0.88636
-0.88511
-0.89163
-0.87456
-0.88177
-0.88086
-0.87896
-0.88715
-0.87564
-0.87564
-0.89434
-0.87603
-0.87845
-0.87888
50.1064
-0.87469
-0.87819
-0.89157
-0.88658
-0.88374
-0.88623
-0.88969
-0.88183
-0.88701
-0.88756
-0.88533
-0.89205
-0.87596
-0.88862
-0.88026
-0.88299
-0.8678
-0.86863
-0.87526
-0.88377
-0.87418
-0.87904
-0.88141
-0.87397
-0.8933
-0.88853
-0.8967
-0.89108
-0.90456
-0.90184
-0.90619
-0.88283
-0.92138
-0.92274
-0.89136
-0.89137
0
-0.87253
0
0
0
0
0
0
0
0
0
0
0
0
0
0
0
0
0
0
0
0
0
0
-2.0444
0
0
0
0
0
0
0
0
0
0
-2.8958
0
0
0
0
0
0
0
0
0
0
0
0
0
0
0
0
0
0
0
0
0
0
0
0
0
0
0
0
0
0
0
0
0
-0.8789
-0.87812
-0.88381
-0.86771
-0.87459
-0.87368
-0.87173
-0.87993
-0.86894
-0.86894
-0.88664
-0.86876
-0.87324
-0.87151
-0.87469
45.7298
-0.87136
-0.88474
-0.87925
-0.87723
-0.87975
-0.88247
-0.8779
-0.87957
-0.88104
-0.8865
-0.88543
-0.86951
-0.88111
-0.87347
-0.87627
-0.8613
-0.8621
-0.86843
-0.87681
-0.86775
-0.8723
-0.87441
-0.86755
-0.88501
-0.88201
-0.89002
-0.88344
-0.89704
-0.89487
-0.89932
-0.87583
-0.91414
-0.9148
-0.88448
-0.88448
-0.90116
-0.86572
0
0
0
0
0
0
0
0
0
0
0
0
0
0
0
0
0
0
0
0
0
0
0
0
0
0
0
0
0
0
0
0
0
0
0
0
0
0
0
0
0
0
0
0
0
0
0
0
0
0
0
0
0
0
0
0
0
0
0
0
0
0
0
0
0
0
0
-0.88241
-0.88119
-0.88687
-0.87028
-0.87777
-0.87695
-0.87498
-0.88324
-0.87212
-0.87212
-0.88984
-0.87211
-0.87703
-0.87506
-0.87819
-0.87136
45.4141
-0.88704
-0.87994
-0.88038
-0.8829
-0.88527
-0.881
-0.88255
-0.88419
-0.88975
-0.8885
-0.87249
-0.88425
-0.87648
-0.87931
-0.86469
-0.86497
-0.87144
-0.87959
-0.87078
-0.87524
-0.87745
-0.87039
-0.88804
-0.88584
-0.89315
-0.88633
-0.89995
-0.89773
-0.90282
-0.87882
-0.91739
0
0
0
0
0
0
0
0
0
0
0
0
0
0
-1.8059
0
0
0
0
0
0
0
0
0
0
0
0
0
0
0
0
0
0
0
0
0
0
0
0
0
0
0
0
0
0
0
0
0
0
-2.188
0
0
0
0
0
0
0
0
0
0
0
0
0
0
0
0
0
0
0
0
0
0
-0.89591
-0.89424
-0.89994
-0.88406
-0.89116
-0.89054
-0.88872
-0.8965
-0.88536
-0.88536
-0.90333
-0.88791
-0.89299
-0.8908
-0.89157
-0.88474
-0.88704
48.9101
-0.89496
-0.89291
-0.89533
-0.89779
-0.89402
-0.89498
-0.89683
-0.90261
-0.90158
-0.88472
-0.89679
-0.88903
-0.89243
-0.8768
-0.8761
-0.88342
-0.89076
-0.88335
-0.88735
-0.88961
-0.8829
-0.90079
-0.89582
-0.90614
-0.89875
0
-0.90996
-0.91565
0
0
0
0
0
0
0
0
0
0
0
0
0
0
0
0
0
0
0
0
0
0
-1.5199
0
0
0
0
0
0
0
0
0
0
0
0
0
0
0
0
0
0
0
0
0
0
0
0
0
0
0
0
0
0
0
0
0
0
0
0
0
0
0
0
0
0
0
-4.0543
0
0
0
0
0
0
-4.0543
-0.89043
-0.88878
-0.89486
-0.87807
-0.88566
-0.88479
-0.88309
-0.89108
-0.87989
-0.87989
-0.89789
-0.87952
-0.8852
-0.8826
-0.88658
-0.87925
-0.87994
-0.89496
44.8619
-0.88764
-0.88997
-0.8919
-0.88857
-0.88959
-0.89144
-0.89726
-0.89595
-0.87935
-0.89149
-0.87929
-0.88683
-0.87136
-0.87185
-0.87801
-0.88564
-0.87778
-0.8819
-0.88412
-0.87746
-0.8956
-0.8923
-0.9007
-0.8938
0
0
0
0
0
0
0
0
0
0
0
0
0
0
0
0
0
0
0
-1.8157
0
0
0
0
0
0
0
0
0
0
0
0
0
0
0
-2.1636
0
0
0
0
0
0
0
0
0
0
0
0
0
0
0
0
0
0
0
0
0
0
0
0
0
0
0
0
0
0
0
0
0
0
0
0
0
0
-3.6604
0
0
-0.88808
-0.8874
-0.89311
-0.87694
-0.88385
-0.88293
-0.88093
-0.88923
-0.87813
-0.87814
-0.89606
-0.87816
-0.88284
-0.88105
-0.88374
-0.87723
-0.88038
-0.89291
-0.88764
39.8901
-0.88827
-0.8919
-0.88713
-0.88885
-0.89064
-0.89597
-0.89502
-0.87875
-0.89049
-0.88278
-0.88587
-0.8704
-0.87114
-0.87769
-0.88626
-0.87668
-0.88145
-0.88368
-0.87674
-0.89451
-0.89146
-0.89957
-0.89289
0
-0.90436
-0.90908
0
0
0
0
0
0
0
-0.89974
0
0
0
0
0
0
0
0
0
0
0
0
0
0
0
0
0
0
0
0
0
0
0
0
0
0
0
0
0
0
0
0
0
0
0
0
0
0
0
0
0
0
0
0
0
0
0
0
0
0
0
0
0
0
0
0
0
0
0
0
0
0
0
0
0
0
-0.89065
-0.88998
-0.89563
-0.87947
-0.88636
-0.88547
-0.88347
-0.89182
-0.88066
-0.88066
-0.89857
-0.88063
-0.88537
-0.8836
-0.88623
-0.87975
-0.8829
-0.89533
-0.88997
-0.88827
40.5497
-0.89431
-0.88992
-0.89162
-0.89318
-0.89753
-0.89775
-0.88146
-0.89318
-0.88541
-0.88851
-0.87305
-0.87383
-0.88047
-0.88936
-0.87933
-0.88329
-0.88666
-0.87955
-0.89734
-0.89425
-0.90236
-0.89561
0
-0.90718
-0.91197
0
0
0
0
0
0
0
0
0
0
0
0
0
0
0
0
0
0
0
0
0
0
0
-1.4478
0
0
0
0
0
0
0
0
0
0
0
0
0
0
0
0
0
0
0
0
0
0
0
0
0
0
0
0
0
0
0
0
0
0
0
0
0
0
0
0
0
0
0
0
0
0
0
0
0
0
-0.89352
-0.89247
-0.89841
-0.88238
-0.88927
-0.8882
-0.88669
-0.89489
-0.88358
-0.88359
-0.90129
-0.88308
-0.88854
-0.88618
-0.88969
-0.88247
-0.88527
-0.89779
-0.8919
-0.8919
-0.89431
42.2843
-0.89265
-0.89474
-0.8958
-0.90142
-0.89987
-0.88368
-0.89582
-0.88795
-0.89109
-0.87554
-0.87629
-0.88248
-0.89032
-0.88198
-0.88628
-0.88859
-0.88186
-0.89981
-0.89544
-0.90499
-0.89789
0
0
0
0
0
0
0
0
0
0
0
0
0
0
0
0
0
0
0
0
0
0
0
0
-1.3786
0
0
0
0
0
0
0
0
0
0
0
0
0
0
0
0
0
0
0
0
0
0
0
0
0
0
0
0
0
0
0
0
0
0
0
0
0
0
0
0
0
0
0
0
0
0
-3.5158
0
0
0
0
0
-0.88914
-0.88828
-0.89443
-0.87781
-0.88494
-0.88391
-0.8819
-0.8901
-0.87887
-0.87887
-0.89727
-0.87889
-0.88076
-0.88176
-0.88183
-0.8779
-0.881
-0.89402
-0.88857
-0.88713
-0.88992
-0.89265
39.4334
-0.88986
-0.89136
-0.89637
-0.89569
-0.87928
-0.89156
-0.88363
-0.88669
-0.87082
-0.87098
-0.87833
-0.88682
-0.87699
-0.88193
-0.88443
-0.87694
-0.89566
-0.89165
-0.90025
0
0
0
0
0
0
0
0
0
0
0
0
0
0
0
0
-1.1018
0
0
0
0
0
0
0
0
0
0
0
0
0
0
0
0
-2.0224
0
0
0
0
0
0
0
0
0
0
0
0
0
0
0
0
0
0
0
0
0
0
0
0
0
0
0
0
0
0
0
0
0
0
0
0
0
0
0
0
0
0
0
0
-0.89154
-0.88975
-0.89568
-0.87947
-0.88656
-0.88619
-0.8838
-0.8919
-0.88065
-0.88066
-0.89862
-0.88041
-0.88566
-0.88339
-0.88701
-0.87957
-0.88255
-0.89498
-0.88959
-0.88885
-0.89162
-0.89474
-0.88986
38.6699
-0.89332
-0.89805
-0.89694
-0.88089
-0.88399
-0.88504
-0.88798
-0.87233
-0.87322
-0.87857
-0.88744
-0.87853
-0.88299
-0.88461
-0.87851
-0.89653
0
-0.9023
0
0
0
0
0
0
0
0
0
0
0
0
0
0
0
0
0
0
0
0
0
0
0
0
0
0
0
0
-0.53379
0
0
0
0
0
0
0
0
0
0
0
0
0
0
0
0
0
0
0
0
-2.6618
0
0
0
0
0
0
0
0
0
0
0
0
0
0
0
0
0
0
0
0
0
0
0
0
0
0
0
0
-0.89201
-0.89129
-0.89703
-0.88078
-0.88788
-0.8868
-0.88477
-0.89314
-0.88198
-0.88198
-0.89999
-0.882
-0.88669
-0.88491
-0.88756
-0.88104
-0.88419
-0.89683
-0.89144
-0.89064
-0.89318
-0.8958
-0.89136
-0.89332
36.4519
-0.90063
-0.8998
-0.88173
-0.89434
-0.88601
-0.88922
-0.87274
-0.87437
-0.88275
-0.89289
-0.87982
-0.88565
-0.88818
-0.88072
-0.89863
0
-0.90378
0
0
0
0
0
0
0
0
0
0
0
-0.90402
0
0
0
0
0
0
0
0
0
0
0
0
0
0
0
0
0
0
0
0
0
0
0
0
0
0
0
0
0
0
0
0
0
0
0
0
0
0
0
0
0
0
0
0
0
0
0
0
0
0
0
0
0
0
0
0
0
0
0
0
0
0
0
0
0
0
-0.89843
-0.89707
-0.9036
-0.88667
-0.89378
-0.89281
-0.89104
-0.89907
-0.88765
-0.88764
-0.90622
-0.88743
-0.89236
-0.89046
-0.88533
-0.8865
-0.88975
-0.90261
-0.89726
-0.89597
-0.89753
-0.90142
-0.89637
-0.89805
-0.90063
38.2432
-0.90566
-0.88822
-0.90136
-0.8927
-0.89582
-0.87916
-0.88031
-0.88795
-0.89757
-0.8855
-0.8902
-0.89405
-0.88635
0
0
0
0
0
0
0
0
0
0
0
0
0
0
0
0
0
0
0
0
0
0
0
0
0
0
0
0
0
0
-1.4483
0
0
0
0
0
0
0
0
0
0
0
0
0
0
0
0
-2.8444
0
0
0
0
0
0
0
0
0
0
0
0
0
0
0
0
0
0
0
0
0
0
0
0
0
0
0
0
0
0
0
0
0
-0.89661
-0.89584
-0.90152
-0.88534
-0.89243
-0.89134
-0.88957
-0.89783
-0.88661
-0.88661
-0.90443
-0.88623
-0.89119
-0.88932
-0.89205
-0.88543
-0.8885
-0.90158
-0.89595
-0.89502
-0.89775
-0.89987
-0.89569
-0.89694
-0.8998
-0.90566
37.1432
-0.8866
-0.89943
-0.89165
-0.89422
-0.87737
-0.88024
-0.88775
-0.89807
-0.8844
-0.8907
-0.89324
-0.88549
0
0
0
0
0
0
0
0
0
0
0
0
0
0
0
-0.88653
0
0
0
0
0
0
0
0
0
0
0
0
0
0
0
0
0
0
0
0
0
0
0
0
0
0
0
0
0
-2.3384
0
0
0
0
0
0
0
0
0
0
0
0
0
0
0
0
0
0
0
0
0
0
0
0
0
0
0
0
0
0
0
0
0
0
0
-0.88054
-0.87969
-0.88542
-0.86925
-0.87627
-0.87527
-0.8734
-0.88157
-0.87048
-0.87048
-0.88824
-0.87036
-0.87513
-0.87102
-0.87596
-0.86951
-0.87249
-0.88472
-0.87935
-0.87875
-0.88146
-0.88368
-0.87928
-0.88089
-0.88173
-0.88822
-0.8866
35.1098
-0.88028
-0.87146
-0.87461
-0.85749
-0.8599
-0.8698
-0.88132
-0.86689
-0.87318
-0.87389
-0.86768
0
0
0
0
0
0
0
0
0
0
0
0
0
0
0
0
0
0
0
0
0
0
0
0
0
0
0
0
0
0
0
0
0
0
0
0
0
0
0
0
-1.8236
0
0
0
0
0
0
0
0
0
0
0
0
0
0
0
0
0
0
0
0
0
0
0
0
0
0
0
0
0
0
0
0
0
0
0
0
0
0
0
0
-0.89266
-0.89136
-0.89756
-0.88103
-0.88813
-0.88713
-0.88539
-0.89336
-0.88215
-0.88215
-0.90032
-0.88199
-0.88719
-0.88494
-0.88862
-0.88111
-0.88425
-0.89679
-0.89149
-0.89049
-0.89318
-0.89582
-0.89156
-0.88399
-0.89434
-0.90136
-0.89943
-0.88028
36.3778
-0.88474
-0.88777
-0.87074
-0.87299
-0.88178
-0.89337
-0.87886
-0.88495
-0.88685
-0.88016
0
0
0
0
0
0
0
0
0
0
0
0
0
0
0
0
0
0
0
0
0
0
0
0
0
0
0
0
0
0
0
0
0
0
0
0
0
0
0
0
0
0
0
0
0
0
0
0
0
0
0
0
-2.6475
0
0
0
0
0
0
0
0
0
0
0
0
0
0
0
0
0
0
0
0
0
0
0
0
0
0
0
0
-0.88462
-0.88372
-0.88973
-0.87333
-0.88042
-0.87929
-0.87754
-0.88556
-0.87452
-0.87452
-0.89257
-0.87433
-0.87923
-0.87729
-0.88026
-0.87347
-0.87648
-0.88903
-0.87929
-0.88278
-0.88541
-0.88795
-0.88363
-0.88504
-0.88601
-0.8927
-0.89165
-0.87146
-0.88474
35.5692
-0.87904
-0.86191
-0.86417
-0.87405
-0.88537
-0.87087
-0.877
-0.87899
-0.87179
0
0
0
0
0
0
0
0
0
0
0
0
0
0
0
0
0
0
0
0
0
0
0
0
0
0
0
0
0
0
0
0
0
0
0
0
0
0
0
-2.1295
0
0
0
0
0
0
0
0
0
0
0
0
0
0
0
0
0
0
0
0
0
0
0
0
0
0
0
0
0
0
0
0
0
0
0
0
0
0
0
0
0
-0.88752
-0.88641
-0.89273
-0.87605
-0.88308
-0.88211
-0.88033
-0.88844
-0.87725
-0.87725
-0.8955
-0.87721
-0.88206
-0.88008
-0.88299
-0.87627
-0.87931
-0.89243
-0.88683
-0.88587
-0.88851
-0.89109
-0.88669
-0.88798
-0.88922
-0.89582
-0.89422
-0.87461
-0.88777
-0.87904
36.0221
-0.86514
-0.86761
-0.87735
-0.88867
-0.87398
-0.88017
-0.88235
-0.87514
0
0
0
0
0
0
0
0
0
0
0
0
0
0
0
0
0
0
0
0
0
0
0
0
0
0
0
0
0
0
0
0
0
0
0
0
0
0
0
0
0
0
0
0
0
0
0
0
0
0
0
0
0
-2.467
0
0
0
0
0
0
0
0
0
0
0
0
0
0
0
0
0
0
0
0
0
0
0
0
0
0
0
-0.87238
-0.87108
-0.8774
-0.86109
-0.86814
-0.86708
-0.86521
-0.87334
-0.86229
-0.86229
-0.88005
-0.86223
-0.86692
-0.86515
-0.8678
-0.8613
-0.86469
-0.8768
-0.87136
-0.8704
-0.87305
-0.87554
-0.87082
-0.87233
-0.87274
-0.87916
-0.87737
-0.85749
-0.87074
-0.86191
-0.86514
34.2904
-0.85057
-0.86014
-0.87192
-0.85886
-0.86442
-0.86534
-0.85893
0
0
0
0
0
0
0
0
0
0
0
0
0
0
0
0
0
0
0
0
-1.3169
0
0
0
0
0
0
0
0
0
0
0
0
0
0
0
0
0
0
0
0
0
0
0
0
0
0
0
0
0
0
0
0
0
0
0
0
0
0
0
0
0
0
0
0
0
0
0
0
0
0
0
0
0
0
0
0
0
0
0
0
-0.87314
-0.87211
-0.87804
-0.86181
-0.86884
-0.86797
-0.86602
-0.87353
-0.86305
-0.86305
-0.88101
-0.86298
-0.86778
-0.86591
-0.86863
-0.8621
-0.86497
-0.8761
-0.87185
-0.87114
-0.87383
-0.87629
-0.87098
-0.87322
-0.87437
-0.88031
-0.88024
-0.8599
-0.87299
-0.86417
-0.86761
-0.85057
33.8296
-0.85204
-0.86627
-0.86303
-0.86374
0
0
0
0
0
0
0
0
0
0
0
0
0
0
0
0
0
0
0
0
0
-1.0818
0
0
0
0
0
0
0
0
0
-1.4782
0
0
0
0
0
0
0
0
0
0
0
0
0
0
0
0
0
0
0
0
0
0
0
0
0
0
0
0
0
0
0
0
0
0
0
0
0
0
0
0
0
0
0
0
0
0
0
0
0
0
0
-0.8797
-0.87831
-0.88498
-0.86828
-0.8754
-0.87432
-0.87261
-0.88058
-0.86949
-0.86949
-0.88768
-0.86921
-0.87435
-0.8723
-0.87526
-0.86843
-0.87144
-0.88342
-0.87801
-0.87769
-0.88047
-0.88248
-0.87833
-0.87857
-0.88275
-0.88795
-0.88775
-0.8698
-0.88178
-0.87405
-0.87735
-0.86014
-0.85204
34.576
0
-0.86673
0
0
0
0
0
0
0
0
0
0
0
0
0
0
0
0
0
0
0
0
0
0
0
0
0
0
0
0
0
0
0
0
0
0
0
0
0
0
0
0
0
0
0
0
0
0
0
0
0
0
0
0
-2.524
0
0
0
0
0
0
0
0
0
0
0
0
0
0
0
0
0
0
0
0
0
0
0
0
0
0
0
-2.2809
0
0
0
-0.88791
-0.88637
-0.89217
-0.87649
-0.88344
-0.88262
-0.88097
-0.88877
-0.87785
-0.87784
-0.89514
-0.8775
-0.88277
-0.88073
-0.88377
-0.87681
-0.87959
-0.89076
-0.88564
-0.88626
-0.88936
-0.89032
-0.88682
-0.88744
-0.89289
-0.89757
-0.89807
-0.88132
-0.89337
-0.88537
-0.88867
-0.87192
-0.86627
0
36.0511
-0.87324
0
0
0
0
0
0
0
0
0
0
0
0
0
0
0
0
0
0
0
0
0
0
0
0
0
0
0
0
0
0
0
0
0
0
0
0
0
0
0
0
0
0
0
0
0
0
0
0
0
0
0
0
0
0
0
0
0
0
0
0
0
0
0
0
0
-2.9875
0
0
0
0
0
0
0
0
0
-2.9876
0
0
0
0
0
0
0
0
-0.87886
-0.87805
-0.88391
-0.86757
-0.87463
-0.87356
-0.87165
-0.87986
-0.86873
-0.86873
-0.8866
-0.86872
-0.87334
-0.87161
-0.87418
-0.86775
-0.87078
-0.88335
-0.87778
-0.87668
-0.87933
-0.88198
-0.87699
-0.87853
-0.87982
-0.8855
-0.8844
-0.86689
-0.87886
-0.87087
-0.87398
-0.85886
-0.86303
-0.86673
-0.87324
31.4884
-0.87305
0
0
0
0
0
0
0
0
0
0
0
0
0
0
0
0
0
0
0
0
0
0
0
0
0
0
0
0
0
0
0
0
0
0
0
0
0
0
0
0
0
0
0
0
0
0
0
0
0
0
0
0
0
0
0
0
0
0
0
0
0
0
0
0
0
0
0
0
0
0
0
0
0
0
0
0
0
0
0
0
0
0
0
-0.88345
-0.88264
-0.88812
-0.87206
-0.87903
-0.87812
-0.87631
-0.88448
-0.87331
-0.87331
-0.89107
-0.8731
-0.87802
-0.87634
-0.87904
-0.8723
-0.87524
-0.88735
-0.8819
-0.88145
-0.88329
-0.88628
-0.88193
-0.88299
-0.88565
-0.8902
-0.8907
-0.87318
-0.88495
-0.877
-0.88017
-0.86442
-0.86374
0
0
-0.87305
32.0213
0
0
0
0
0
0
0
0
0
0
0
0
0
0
0
0
0
0
0
0
0
0
0
0
0
0
0
0
0
0
0
0
0
0
0
0
0
0
0
0
0
0
0
0
0
0
0
0
0
0
0
0
0
0
0
0
0
-2.1171
0
0
0
0
0
0
0
0
0
0
0
0
0
0
0
0
0
0
0
0
0
0
0
0
0
-0.88586
-0.88457
-0.89116
-0.8743
-0.8814
-0.88036
-0.8787
-0.88669
-0.87548
-0.87548
-0.89394
-0.87518
-0.88043
-0.87765
-0.88141
-0.87441
-0.87745
-0.88961
-0.88412
-0.88368
-0.88666
-0.88859
-0.88443
-0.88461
-0.88818
-0.89405
-0.89324
-0.87389
-0.88685
-0.87899
-0.88235
-0.86534
0
0
0
0
0
33.0426
0
0
0
0
0
0
0
0
0
0
0
0
0
0
0
0
0
0
0
0
0
0
0
0
0
0
0
0
0
0
0
0
0
0
0
0
0
0
0
0
0
0
0
0
0
0
0
0
0
0
-2.4904
0
0
0
0
0
0
0
0
0
0
0
-2.3131
0
0
0
0
0
0
0
0
0
0
0
0
0
0
0
0
0
0
0
-0.87898
-0.87784
-0.88382
-0.86726
-0.87453
-0.87329
-0.8713
-0.87954
-0.86851
-0.8685
-0.88635
-0.86848
-0.87307
-0.87142
-0.87397
-0.86755
-0.87039
-0.8829
-0.87746
-0.87674
-0.87955
-0.88186
-0.87694
-0.87851
-0.88072
-0.88635
-0.88549
-0.86768
-0.88016
-0.87179
-0.87514
-0.85893
0
0
0
0
0
0
30.6583
0
0
0
0
0
0
0
0
0
0
0
0
0
0
0
-0.86805
0
0
0
0
0
0
0
0
0
0
0
0
0
0
0
0
0
0
0
0
0
0
0
0
0
0
0
0
0
0
0
0
0
0
0
-1.7752
0
0
0
0
0
0
0
0
0
0
0
0
0
0
0
0
0
0
0
0
0
0
0
0
0
0
0
0
0
-0.89234
-0.89566
-0.89569
-0.88493
-0.89207
-0.89097
-0.8851
-0.89733
-0.88598
-0.88598
-0.90503
-0.88589
-0.89133
-0.8888
-0.8933
-0.88501
-0.88804
-0.90079
-0.8956
-0.89451
-0.89734
-0.89981
-0.89566
-0.89653
-0.89863
0
0
0
0
0
0
0
0
0
0
0
0
0
0
28.4343
0
0
0
0
0
0
0
0
0
0
0
0
0
0
0
0
0
0
0
0
0
0
0
0
0
0
0
0
0
0
0
-1.699
0
0
-1.9954
0
0
0
0
0
0
0
0
0
0
0
0
0
0
0
0
0
0
0
0
0
-2.4176
0
0
0
0
0
0
0
0
0
0
0
0
0
0
0
0
0
0
0
0
0
0
0
-0.8913
-0.89165
-0.8968
-0.88201
-0.88839
-0.8876
-0.88592
-0.89376
-0.88306
-0.88306
-0.89982
-0.88261
-0.88766
-0.8857
-0.88853
-0.88201
-0.88584
-0.89582
-0.8923
-0.89146
-0.89425
-0.89544
-0.89165
0
0
0
0
0
0
0
0
0
0
0
0
0
0
0
0
0
25.7769
0
0
0
0
0
0
0
0
0
0
0
0
0
0
0
0
0
0
0
-1.397
0
0
-1.3915
0
0
0
0
0
0
0
0
0
0
0
0
0
0
0
0
0
0
0
0
0
0
0
0
0
0
0
0
0
0
0
0
0
0
0
0
0
0
0
0
0
0
0
-2.5317
0
0
0
0
0
0
0
0
0
0
0
0
-0.90112
-0.90048
-0.90629
-0.88973
-0.89696
-0.89579
-0.89378
-0.90224
-0.89093
-0.89093
-0.90899
-0.89104
-0.89557
-0.89401
-0.8967
-0.89002
-0.89315
-0.90614
-0.9007
-0.89957
-0.90236
-0.90499
-0.90025
-0.9023
-0.90378
0
0
0
0
0
0
0
0
0
0
0
0
0
0
0
0
22.4578
0
0
0
0
0
0
0
0
0
0
0
0
0
0
0
0
0
0
0
0
0
0
0
0
0
0
0
0
0
0
0
0
0
0
0
0
0
0
0
0
0
0
0
0
0
0
0
0
0
0
0
0
0
0
0
0
0
0
0
0
0
0
0
0
0
0
0
0
0
0
0
0
0
0
0
0
0
0
-0.89455
-0.89352
-0.89933
-0.88298
-0.88409
-0.88914
-0.88759
-0.89566
-0.88439
-0.88439
-0.90232
-0.8843
-0.88956
-0.88724
-0.89108
-0.88344
-0.88633
-0.89875
-0.8938
-0.89289
-0.89561
-0.89789
0
0
0
0
0
0
0
0
0
0
0
0
0
0
0
0
0
0
0
0
21.6724
0
0
0
0
0
0
0
0
0
0
0
0
0
0
0
0
0
0
0
0
0
0
0
0
0
0
0
0
0
0
0
0
0
0
0
0
0
0
0
0
0
0
0
0
0
0
0
0
0
0
0
0
0
0
0
0
-2.0736
0
0
0
0
0
0
0
0
0
0
0
0
0
0
0
0
0
0
0
0
-0.90897
-0.90706
-0.91202
-0.89675
-0.9032
-0.9036
-0.90153
-0.91036
-0.89821
-0.89821
-0.91547
-0.89762
-0.90346
-0.90101
-0.90456
-0.89704
-0.89995
0
0
0
0
0
0
0
0
0
0
0
0
0
0
0
0
0
0
0
0
0
0
0
0
0
0
22.3993
0
0
0
0
0
0
0
0
0
0
0
-0.91617
0
0
0
0
0
0
0
0
0
0
0
0
0
0
0
0
0
0
0
0
0
0
0
0
0
0
0
-2.1828
0
0
0
0
0
-1.5491
0
0
-2.3923
0
0
0
0
0
0
0
0
0
0
0
0
0
0
0
0
0
0
0
0
0
0
0
0
0
0
0
-0.90589
-0.90508
-0.91071
-0.89452
-0.90165
-0.90058
-0.89872
-0.90708
-0.89578
-0.89578
-0.91352
-0.89572
-0.90068
-0.89885
-0.90184
-0.89487
-0.89773
-0.90996
0
-0.90436
-0.90718
0
0
0
0
0
0
0
0
0
0
0
0
0
0
0
0
0
0
0
0
0
0
0
20.1796
0
0
0
0
0
0
0
0
0
0
0
0
0
0
0
0
0
0
0
0
0
0
0
0
0
0
0
0
0
0
0
0
0
0
0
0
0
0
0
0
0
0
0
0
0
0
0
0
0
0
0
0
0
0
0
0
0
0
0
0
0
0
0
0
-2.1391
0
0
0
0
0
0
0
0
0
0
-0.91026
-0.90978
-0.91557
-0.89889
-0.90611
-0.90492
-0.90287
-0.91146
-0.90008
-0.90008
-0.91829
-0.90039
-0.90495
-0.90338
-0.90619
-0.89932
-0.90282
-0.91565
0
-0.90908
-0.91197
0
0
0
0
0
0
0
0
0
0
0
0
0
0
0
0
0
0
0
0
0
0
0
0
18.1321
0
0
0
0
0
0
0
0
0
0
0
0
0
0
0
0
0
0
0
0
0
0
0
0
0
0
0
0
0
0
0
0
0
0
0
0
0
0
0
0
0
0
0
0
0
0
0
0
0
0
0
0
0
0
0
0
0
0
0
0
0
0
0
0
0
0
0
0
0
0
0
0
0
0
-0.88607
-0.88553
-0.89113
-0.87506
-0.88216
-0.88097
-0.87916
-0.88749
-0.87632
-0.87632
-0.89388
-0.87643
-0.88163
-0.87973
-0.88283
-0.87583
-0.87882
0
0
0
0
0
0
0
0
0
0
0
0
0
0
0
0
0
0
0
0
0
0
0
0
0
0
0
0
0
19.5539
0
0
0
0
0
0
0
0
-0.89185
0
0
0
0
0
0
0
0
0
0
0
0
0
0
0
0
0
-1.6906
0
0
0
0
0
0
0
0
0
0
0
0
0
0
0
0
0
0
0
0
0
0
0
0
0
0
0
0
0
0
0
0
0
0
-1.9822
0
0
0
0
0
0
0
0
0
0
0
-0.92555
-0.9246
-0.92853
-0.91357
-0.9202
-0.9201
-0.91802
-0.92643
-0.91491
-0.91491
-0.93201
-0.91534
-0.92024
-0.9183
-0.92138
-0.91414
-0.91739
0
0
0
0
0
0
0
0
0
0
0
0
0
0
0
0
0
0
0
0
0
0
0
0
0
0
0
0
0
0
17.7586
0
0
0
0
0
0
0
0
0
0
0
0
0
0
0
0
0
0
0
0
0
0
0
0
0
0
0
0
0
0
0
0
0
0
0
-2.113
0
0
0
0
0
0
0
0
0
0
0
0
0
0
0
0
0
0
0
0
0
0
0
0
0
0
0
0
0
0
0
0
0
0
0
0
-0.92738
-0.92499
-0.93064
-0.91039
-0.9212
-0.92032
-0.9186
-0.92682
-0.9153
-0.9153
-0.93357
-0.916
-0.92103
-0.91893
-0.92274
-0.9148
0
0
0
0
0
0
0
0
0
0
0
0
0
0
0
0
0
0
0
0
0
0
0
0
0
0
0
0
0
0
0
0
16.3187
0
0
0
0
0
0
0
0
0
0
0
0
0
0
0
0
-1.5806
0
0
0
0
0
0
0
0
0
0
0
0
0
0
0
0
0
0
0
0
0
0
0
0
0
0
0
0
0
0
0
0
0
0
0
0
0
0
0
0
0
0
0
0
0
0
0
0
0
0
0
0
0
0
-0.89529
-0.89372
-0.90072
-0.884
-0.89121
-0.88996
-0.88796
-0.89645
-0.88517
-0.88516
-0.90323
-0.88556
-0.89014
-0.8886
-0.89136
-0.88448
0
0
0
0
0
0
0
0
0
0
0
0
0
0
0
0
0
0
0
0
0
0
0
0
0
0
0
0
0
0
0
0
0
15.5406
0
0
0
0
0
0
0
0
0
-1.2876
0
0
0
0
0
0
0
0
0
0
0
0
0
0
0
0
0
0
0
0
0
0
0
0
0
0
0
0
0
0
0
0
0
0
0
0
0
0
0
0
0
0
0
0
0
0
0
0
0
0
0
0
0
0
0
0
0
0
0
0
-0.89529
-0.89372
-0.90073
-0.884
-0.89121
-0.88996
-0.88797
-0.89646
-0.88516
-0.88516
-0.90323
-0.88557
-0.89015
-0.8886
-0.89137
-0.88448
0
0
0
0
0
0
0
0
0
0
0
0
0
0
0
0
0
0
0
0
0
0
0
0
0
0
0
0
0
0
0
0
0
0
15.5407
0
0
0
0
0
0
0
0
-1.2876
0
0
0
0
0
0
0
0
0
0
0
0
0
0
0
0
0
0
0
0
0
0
0
0
0
0
0
0
0
0
0
0
0
0
0
0
0
0
0
0
0
0
0
0
0
0
0
0
0
0
0
0
0
0
0
0
0
0
0
0
-0.91213
-0.91138
-0.91687
-0.90081
-0.90791
-0.90684
-0.90499
-0.91341
-0.90202
-0.90203
-0.91977
-0.90208
-0.90728
-0.90542
0
-0.90116
0
0
0
0
0
0
0
0
0
0
0
0
0
0
0
0
0
0
0
0
0
0
0
0
0
0
0
0
0
0
0
0
0
0
0
17.3247
0
0
0
0
0
0
0
0
0
0
0
0
0
0
0
0
0
-1.4093
0
0
0
0
0
0
0
0
0
0
0
0
0
0
0
0
0
0
0
0
0
0
0
0
0
0
0
0
0
0
0
0
0
0
-2.3013
0
0
0
0
0
0
0
0
0
0
0
0
0
0
0
-0.87636
-0.87599
-0.88184
-0.8651
-0.87231
-0.87099
-0.86893
-0.87753
-0.86615
-0.86615
-0.88459
-0.86702
-0.87132
-0.86996
-0.87253
-0.86572
0
0
0
0
0
0
0
0
0
0
0
0
0
0
0
0
0
0
0
0
0
0
0
0
0
0
0
0
0
0
0
0
0
0
0
0
13.9525
0
0
0
0
0
0
0
0
0
0
0
0
0
0
0
0
0
0
0
0
0
0
0
0
0
0
0
0
0
0
0
0
0
0
0
0
0
0
0
0
0
0
0
0
0
0
0
0
0
0
0
0
0
0
0
0
0
0
0
0
0
0
0
0
0
0
0
-0.89981
-0.89895
-0.90456
-0.88898
-0.8961
-0.89509
-0.89331
-0.90116
-0.89042
-0.89042
0
0
0
0
0
0
0
0
0
-0.89974
0
0
0
0
-0.90402
0
0
0
0
0
0
0
0
0
0
0
0
0
0
0
0
0
0
0
0
0
0
0
0
0
0
0
0
14.8746
0
0
0
0
-1.0679
0
0
0
0
0
-1.1477
0
0
0
0
0
0
0
0
0
0
0
0
0
0
0
0
0
0
0
0
0
0
0
0
0
0
0
0
0
0
0
0
0
0
0
0
0
0
0
0
0
0
0
0
0
0
0
0
-1.8964
0
0
0
0
0
0
-0.87798
-0.87783
-0.88393
-0.86708
-0.87434
-0.87274
-0.8707
-0.87919
-0.86807
-0.86807
-0.88627
0
0
0
0
0
0
0
0
0
0
0
0
0
0
0
-0.88653
0
0
0
0
0
0
0
0
0
0
0
-0.86805
0
0
0
0
0
0
0
0
0
0
0
0
0
0
0
12.9492
0
0
0
0
0
0
0
0
0
0
0
0
0
0
0
0
0
0
-1.5684
0
0
0
0
0
0
0
0
0
0
0
0
0
0
0
0
0
0
0
0
0
0
0
0
0
0
0
0
0
0
0
0
0
0
0
0
0
0
0
0
0
0
0
0
0
0
-0.89523
-0.89436
-0.89971
-0.88442
-0.89123
-0.89028
-0.88872
-0.9004
-0.88584
-0.88584
0
0
0
0
0
0
0
0
0
0
0
0
0
0
0
0
0
0
0
0
0
0
0
0
0
0
0
0
0
0
0
0
0
-0.91617
0
0
-0.89185
0
0
0
0
0
0
0
0
14.2474
0
0
0
0
0
0
0
0
0
0
0
0
0
0
0
0
0
0
0
0
0
-1.7553
0
0
0
0
0
0
0
-1.7681
0
0
0
0
0
0
0
0
0
0
0
0
0
0
0
0
0
0
0
0
0
0
0
0
0
0
0
0
0
0
0
0
0
0
-0.93096
-0.92875
-0.93458
-0.91517
-0.92492
-0.92375
-0.92189
-0.93039
-0.91874
-0.91874
-0.93693
0
0
0
0
0
0
0
0
0
0
0
0
0
0
0
0
0
0
0
0
0
0
0
0
0
0
0
0
0
0
0
0
0
0
0
0
0
0
0
0
0
0
0
0
0
11.7387
0
0
0
0
0
-1.5539
0
0
0
0
0
0
0
0
0
0
0
0
0
0
0
0
0
0
0
0
0
0
0
0
0
0
0
0
0
0
0
0
0
0
0
0
0
0
0
0
0
0
0
0
0
0
0
0
0
0
0
0
0
0
0
0
0
-1.0269
-1.0274
-1.0331
-1.0154
-1.0232
-1.0213
-1.019
-1.0286
-1.0164
-1.0164
0
0
0
0
0
0
0
0
0
0
0
0
0
0
0
0
0
0
0
0
0
0
0
0
0
0
0
0
0
0
0
0
0
0
0
0
0
0
0
0
0
0
0
0
0
0
0
10.2275
0
0
0
0
0
0
0
0
0
0
0
0
0
0
0
0
0
0
0
0
0
0
0
0
0
0
0
0
0
0
0
0
0
0
0
0
0
0
0
0
0
0
0
0
0
0
0
0
0
0
0
0
0
0
0
0
0
0
0
0
0
0
0
0
0
0
0
0
0
0
0
0
0
0
0
0
0
0
0
0
0
0
0
0
-1.1018
0
0
0
0
0
0
0
0
0
-1.0818
0
0
0
0
0
0
0
0
0
0
0
0
0
0
0
0
0
0
0
0
-1.0679
0
0
0
0
8.7217
0
0
0
0
0
0
0
0
-1.5147
0
0
0
0
-1.6995
0
0
0
0
0
0
0
0
0
0
0
0
0
0
0
0
-1.8897
0
0
0
0
0
0
0
0
0
0
0
0
-0.3664
0
0
0
0
0
0
0
0
0
0
0
0
0
0
0
0
0
0
0
0
0
0
0
0
0
0
0
0
0
0
0
0
0
0
0
0
0
0
0
0
0
0
0
0
0
0
0
0
-1.3169
0
0
0
0
0
0
0
0
0
0
0
0
0
0
0
0
0
-1.2876
-1.2876
0
0
0
0
0
0
0
0
7.4579
0
0
0
0
0
0
0
0
0
0
0
-1.8902
0
0
0
0
0
0
0
0
-1.6755
0
0
0
0
0
0
0
0
0
0
0
0
0
0
0
0
0
0
0
0
0
0
0
0
0
0
0
0
0
0
0
0
0
0
0
0
0
0
0
0
0
0
0
0
0
0
0
0
0
0
0
0
0
0
0
0
0
0
0
0
0
0
0
0
0
0
0
0
0
0
0
0
0
0
0
0
0
0
0
-1.397
0
0
0
0
0
0
0
0
0
0
0
0
0
0
0
0
0
0
0
6.7743
0
0
-1.6437
0
-1.8295
0
0
0
0
0
0
0
0
0
0
0
0
0
0
0
0
-1.9041
0
0
0
0
0
0
0
0
0
0
0
0
0
0
0
0
0
0
0
0
0
0
0
0
0
0
0
0
0
0
0
0
0
0
0
0
0
0
0
0
0
0
0
0
0
0
0
0
0
0
0
0
0
0
0
0
0
0
0
0
0
0
0
0
0
0
0
0
0
0
0
0
0
0
0
0
0
0
0
0
0
0
0
0
0
0
0
0
0
0
0
0
0
0
0
0
0
0
8.1291
0
0
0
0
-1.8629
0
-1.8214
0
0
0
0
0
0
0
0
0
-1.896
0
0
0
0
0
0
0
0
0
0
0
0
0
0
0
0
0
0
0
0
0
0
0
0
0
0
0
-2.5487
0
0
0
0
0
0
0
0
0
0
0
0
0
0
0
0
0
0
0
0
0
0
0
0
0
0
0
0
0
-1.8059
0
-1.8157
0
0
0
0
0
0
0
0
0
0
0
0
0
0
0
0
0
0
0
0
0
0
0
0
0
0
0
0
0
0
0
0
0
0
0
0
0
-1.5539
0
0
0
0
0
6.957
0
0
-1.7816
0
0
0
0
0
0
0
0
0
0
0
0
0
0
0
0
0
0
0
0
0
0
0
0
0
0
0
0
0
0
0
0
0
0
0
0
0
0
0
0
0
0
0
0
0
0
0
0
0
0
0
0
0
0
-1.4312
0
0
0
0
0
0
0
0
0
0
0
0
0
0
0
0
0
0
0
0
0
0
0
0
0
0
0
0
0
0
0
0
0
0
0
0
0
0
0
-1.3915
0
0
0
0
0
0
0
0
0
0
0
0
0
0
0
0
0
0
0
-1.6437
0
0
5.9574
0
0
0
0
0
0
0
0
0
0
0
0
0
0
0
0
0
0
0
0
0
0
0
0
0
0
0
0
0
0
0
0
0
0
0
0
0
0
0
-1.4911
0
0
0
0
0
0
0
0
0
0
0
0
0
0
0
0
0
0
0
0
0
0
0
0
0
0
0
0
0
0
0
0
0
0
0
0
0
0
0
0
0
0
0
0
0
0
0
0
0
0
0
0
0
0
0
0
0
0
0
0
0
0
0
0
0
0
0
0
0
-1.1477
0
0
0
0
0
0
0
0
0
0
7.6434
0
0
0
0
0
0
0
0
0
0
0
0
-2.0397
0
0
0
-2.3701
0
0
0
0
0
0
0
0
0
0
0
-2.0859
0
0
0
0
0
0
0
0
0
0
0
0
0
0
0
0
0
0
0
0
0
0
0
0
0
0
0
0
0
-1.647
0
0
0
0
0
0
0
0
0
0
0
0
0
0
0
0
0
0
0
0
0
0
0
0
0
0
0
0
0
0
0
0
0
0
0
0
0
0
0
0
0
0
0
0
-1.5806
0
0
0
0
0
0
0
0
0
0
0
-1.8295
0
-1.7816
0
0
6.8387
0
0
0
0
0
0
0
0
0
0
0
0
0
0
0
0
0
0
0
0
0
0
0
0
0
0
0
0
0
0
0
0
0
0
0
0
0
0
0
0
0
0
0
0
0
0
0
0
0
0
0
0
0
0
0
0
0
0
0
0
0
0
0
0
-1.3617
0
0
0
0
0
0
0
0
0
0
0
0
0
0
0
0
0
0
0
0
0
0
0
0
0
0
0
0
0
0
0
0
0
0
0
0
0
0
0
0
0
0
0
0
0
0
0
0
0
0
-1.8629
0
0
0
0
7.7279
0
0
0
0
0
0
0
0
0
0
-2.1135
0
0
0
0
0
0
-2.3897
0
0
0
0
0
0
0
0
0
0
0
0
0
0
0
0
0
0
0
0
0
0
0
0
0
0
0
0
0
0
0
0
0
0
0
0
0
0
0
0
0
0
0
0
0
0
0
0
0
0
0
0
0
0
0
0
-1.3786
0
0
0
0
0
0
0
0
0
0
0
0
0
0
0
0
0
0
0
0
0
0
0
0
0
0
0
0
0
0
0
0
0
0
0
0
-1.5147
0
0
0
0
0
0
0
0
6.5822
0
0
-1.7799
0
0
0
0
0
-1.9089
0
0
0
0
0
0
0
0
0
0
0
0
0
0
0
0
0
0
0
0
0
0
0
0
0
0
0
0
0
0
0
0
0
0
0
0
0
0
0
0
0
0
0
0
0
0
0
0
0
0
0
0
0
0
0
0
0
0
0
0
-1.5199
0
0
0
0
0
0
0
0
0
0
0
0
0
0
-1.4782
0
0
0
0
0
0
0
0
0
0
0
0
0
0
0
0
0
0
0
0
0
0
0
0
0
0
0
0
-1.8214
0
0
0
0
0
0
6.6234
0
0
0
-1.8038
0
0
0
0
0
0
0
0
0
0
0
0
0
0
0
0
0
0
0
0
0
0
0
0
0
0
0
0
0
0
0
0
0
0
0
0
0
0
0
0
0
0
0
0
0
0
0
0
0
0
0
0
0
0
0
0
0
0
0
0
0
0
0
0
0
0
0
-1.4478
0
0
0
0
-1.4483
0
0
0
0
0
0
0
0
0
0
0
0
0
0
0
0
0
0
0
0
0
0
0
0
0
-1.4093
0
0
0
0
0
0
0
0
0
0
0
0
0
0
0
0
0
6.243
0
0
0
0
0
0
0
0
0
0
0
0
0
0
0
0
0
0
0
0
0
0
0
0
-1.9375
0
0
0
0
0
0
0
0
0
0
0
0
0
0
0
0
0
0
0
0
0
0
0
0
0
0
0
0
0
0
0
0
0
0
0
0
0
0
0
0
0
0
0
0
0
0
0
0
-0.53379
0
0
0
0
0
0
0
0
0
0
0
0
0
0
0
0
0
0
0
0
0
0
0
0
0
0
0
0
0
0
0
0
0
0
0
0
0
0
0
0
0
0
0
-1.7799
0
0
4.3076
0
0
0
0
0
0
0
0
0
0
0
0
0
0
0
0
0
0
0
0
0
0
0
0
0
0
0
0
0
0
0
0
0
0
0
0
0
0
0
0
0
0
0
0
-1.9939
0
0
0
0
0
0
0
0
0
0
0
0
0
0
0
0
0
0
0
0
0
0
0
0
0
0
0
0
0
0
0
0
0
0
0
0
0
0
0
0
0
0
0
-1.699
0
0
0
0
0
0
0
0
0
0
0
0
0
0
0
0
0
0
0
-1.8902
0
0
0
0
0
0
0
0
0
0
0
5.6788
0
0
0
0
0
0
0
0
0
0
0
0
0
0
0
0
0
0
0
0
0
0
0
-2.0896
0
0
0
0
0
0
0
0
0
0
0
0
0
0
0
0
0
0
0
0
0
0
0
0
0
0
0
0
0
0
0
0
0
0
0
0
0
0
0
0
0
0
0
0
0
0
0
0
0
0
0
0
0
0
0
0
0
0
0
0
0
0
0
0
0
0
0
0
0
0
0
0
0
0
0
0
0
0
0
0
0
0
-1.6995
0
0
0
0
0
0
0
0
0
-1.8038
0
0
0
5.8379
0
0
0
0
0
0
0
0
0
0
0
0
0
0
0
0
0
0
0
0
0
0
0
0
0
-2.3345
0
0
0
0
0
0
0
0
0
0
0
0
0
0
0
0
0
0
0
0
0
0
0
0
0
0
0
0
0
0
0
0
0
0
0
0
0
0
0
0
0
0
0
0
0
0
0
0
0
0
0
0
0
0
0
0
0
0
0
0
0
0
0
0
0
0
0
-1.6906
0
0
0
0
0
0
0
-1.5684
0
0
0
0
0
0
0
0
0
0
0
0
0
0
0
0
0
0
5.8624
0
0
0
0
0
0
0
0
0
0
0
0
0
0
0
0
0
0
0
0
0
0
0
0
0
0
0
0
0
0
0
-2.6034
0
0
0
0
0
0
0
0
0
0
0
0
0
0
-2.0642
0
0
0
0
0
-2.0512
0
0
0
0
0
0
0
0
0
0
0
0
0
0
0
0
0
0
0
0
0
0
0
0
0
0
0
0
0
0
0
0
-1.9954
0
0
0
0
0
0
0
0
0
0
0
0
0
0
0
0
0
0
0
0
0
0
0
0
0
0
0
0
0
0
0
0
0
0
6.1108
0
0
0
0
0
0
0
0
0
0
0
0
0
0
0
0
0
0
0
0
0
0
0
0
0
0
0
0
0
0
0
0
0
0
0
0
0
0
0
0
0
0
0
0
0
0
0
0
0
0
0
0
0
0
0
0
0
-2.0387
0
-2.0444
0
0
0
0
0
0
0
-2.0224
0
0
0
0
0
0
0
0
0
0
0
0
0
0
0
0
0
0
0
0
0
0
0
0
0
0
0
0
0
0
0
0
0
0
0
0
0
0
0
0
0
0
0
0
0
0
0
0
0
0
0
0
6.1055
0
0
0
0
0
0
0
0
0
0
0
0
0
0
0
0
0
0
0
0
0
0
0
0
0
0
0
0
0
0
0
0
0
0
0
0
0
0
0
0
0
0
0
0
-2.1152
0
0
0
0
-2.1049
0
0
0
0
0
0
0
0
0
0
0
0
0
0
0
0
0
0
0
0
0
0
0
0
0
0
0
0
0
0
0
0
0
0
0
0
0
0
0
0
0
0
0
0
0
0
0
0
0
0
0
0
0
0
0
0
0
0
0
0
0
-1.9089
0
0
0
0
0
0
0
0
6.1291
0
0
0
0
0
0
0
0
0
0
0
0
0
0
0
0
0
0
0
0
0
0
0
0
0
0
0
0
0
0
0
0
0
0
0
0
0
0
0
0
0
0
0
0
0
0
0
0
0
0
0
0
0
0
0
0
0
0
0
0
0
0
0
0
0
0
0
0
0
0
0
0
0
0
0
0
0
0
0
0
0
0
0
0
0
0
0
0
0
0
0
0
0
0
0
0
0
0
-1.7553
0
0
0
0
0
0
0
0
-2.0397
0
-2.1135
0
0
0
0
0
0
0
0
0
0
5.9085
0
0
0
0
0
0
0
0
0
0
0
0
0
0
0
0
0
0
0
0
0
0
0
0
0
0
0
0
0
0
0
0
0
0
0
0
0
0
0
0
0
0
0
0
0
0
0
0
0
0
0
0
0
0
0
0
0
0
0
0
-2.1636
0
0
0
0
0
0
0
0
0
0
-2.1295
0
0
0
0
0
0
0
0
0
0
0
0
0
0
0
0
0
0
0
0
0
0
0
0
0
0
0
0
0
0
0
-1.896
0
0
0
0
0
0
0
0
0
0
0
0
0
0
0
0
6.1891
0
0
0
0
0
0
0
0
0
0
0
0
0
0
0
0
0
0
0
0
0
0
0
0
0
0
0
0
0
0
0
0
0
0
0
0
0
0
0
0
0
0
0
0
0
0
0
0
0
0
0
0
0
0
-1.8532
0
0
0
0
0
0
0
0
0
0
0
0
0
-1.8236
0
0
0
0
0
0
0
0
0
0
0
0
0
0
0
0
0
0
0
0
0
0
0
0
0
0
0
0
0
0
0
0
0
0
0
0
0
0
0
0
0
0
0
0
0
0
0
0
0
0
0
6.0637
0
0
0
0
0
0
0
0
0
0
0
0
0
0
0
0
0
0
0
0
-2.387
0
0
0
0
0
0
0
0
0
0
0
0
0
0
0
0
0
0
0
0
-2.0577
0
0
0
0
0
0
0
0
0
0
0
0
0
0
0
0
0
0
0
0
0
0
0
0
0
0
0
0
0
0
0
0
0
0
0
0
0
0
0
0
0
0
0
0
0
0
0
0
0
0
0
0
0
0
0
0
0
-1.6755
0
0
0
0
0
0
0
0
0
0
0
0
0
0
0
0
0
0
0
0
6.0613
0
0
0
0
0
0
-2.328
0
0
0
0
0
0
0
0
0
0
0
0
0
0
0
0
0
0
0
0
0
0
0
0
0
0
0
0
0
0
0
0
0
0
0
0
0
0
0
-2.3975
0
0
0
0
0
0
0
0
0
0
0
0
0
0
0
0
0
0
0
0
0
0
0
0
0
0
0
0
0
0
0
0
0
0
0
0
0
0
0
0
0
0
0
0
0
0
0
0
0
0
0
0
0
0
0
0
-2.3701
0
0
0
0
0
0
0
0
0
0
0
0
0
0
0
0
4.7676
0
0
0
0
0
0
0
0
0
0
0
0
0
0
0
0
0
0
0
0
0
0
0
0
0
0
0
0
0
0
0
0
0
0
0
0
0
0
0
0
0
0
0
0
0
0
0
0
0
0
0
0
0
0
0
0
0
0
0
0
0
0
0
0
0
0
0
0
0
0
0
0
0
0
0
0
0
0
0
0
0
0
0
0
0
0
0
0
0
0
0
0
0
0
0
0
0
0
-1.9041
0
0
0
0
0
0
0
0
0
0
0
0
0
0
0
0
0
0
0
0
0
4.4887
0
0
0
0
0
0
0
-2.5846
0
0
0
0
0
0
0
0
0
0
0
0
0
0
0
0
0
0
0
0
0
0
0
0
0
0
0
0
0
0
0
0
0
0
0
0
0
0
0
0
0
0
0
0
0
0
0
0
0
0
0
0
0
0
0
0
0
0
0
0
0
0
0
0
0
0
0
0
0
0
0
0
-2.1828
0
0
0
-2.113
0
0
0
0
0
0
0
0
0
0
0
0
0
0
0
0
0
0
0
0
0
0
0
0
0
0
0
0
0
0
0
0
0
0
0
4.2957
0
0
0
0
0
0
0
0
0
0
0
0
0
0
0
0
0
0
0
0
0
0
0
0
0
0
0
0
0
0
0
0
0
0
0
0
0
0
0
0
0
0
0
0
0
0
0
0
0
0
0
0
0
0
0
0
0
0
0
0
0
0
-2.3384
0
0
0
0
0
0
0
0
0
0
0
0
0
0
0
0
0
0
0
0
0
0
0
0
0
0
0
0
0
0
0
0
0
0
0
0
0
0
0
-2.3897
0
0
0
0
0
0
0
0
0
0
0
0
0
0
0
0
0
4.7281
0
0
0
0
0
0
0
0
0
0
0
0
0
0
0
0
0
0
0
0
0
0
0
0
0
0
0
0
0
0
0
0
0
0
0
0
0
0
0
0
0
0
0
0
0
0
-1.9141
0
0
0
0
0
0
0
0
0
0
0
0
0
0
0
0
0
0
0
0
0
0
0
0
0
0
0
0
0
0
0
0
0
0
0
0
0
0
0
0
0
0
0
-1.7681
0
0
0
0
0
0
0
0
0
0
0
0
0
0
0
0
0
0
0
0
0
0
0
0
0
0
0
0
0
3.6822
0
0
0
0
0
0
0
0
0
0
0
0
0
0
0
0
0
0
0
0
0
0
0
0
0
0
0
0
0
0
0
0
0
0
0
0
0
0
0
0
0
0
0
0
0
0
0
0
-2.8958
0
0
0
0
0
0
0
0
0
0
-2.8444
0
0
0
0
0
0
0
0
0
0
0
0
0
0
0
0
0
0
0
0
0
0
0
0
0
0
0
0
0
0
0
0
0
0
0
0
0
0
0
0
0
0
0
0
0
0
0
0
0
0
0
0
0
0
0
0
0
0
0
0
5.7402
0
0
0
0
0
0
0
0
0
0
0
0
0
0
0
0
0
0
0
0
0
0
0
0
0
0
0
0
0
0
0
0
0
0
0
0
0
0
0
0
0
0
0
0
0
0
0
0
0
0
0
0
0
0
0
0
0
0
0
0
0
0
0
0
0
0
0
0
0
0
0
0
0
0
0
0
0
0
0
0
0
0
0
0
0
0
0
0
0
0
0
0
0
0
0
0
0
0
0
0
0
0
0
0
0
0
0
0
0
0
0
0
0
-2.328
0
0
0
0
0
0
4.9842
0
0
0
0
0
0
0
0
0
-2.6562
0
0
0
0
0
0
0
0
0
0
0
0
0
0
0
0
0
0
0
0
0
0
0
0
0
0
0
0
0
0
0
0
0
0
0
0
0
0
0
0
0
0
0
0
0
0
0
0
0
0
0
0
0
0
0
-2.524
0
0
0
-2.4904
0
0
0
0
0
0
0
0
0
0
0
0
0
0
0
0
0
0
0
0
0
0
0
0
0
0
0
0
0
0
0
0
0
0
0
0
0
0
0
0
0
0
0
0
0
0
0
0
0
0
5.0144
0
0
0
0
0
0
0
0
0
0
0
0
0
0
0
0
0
0
0
0
0
0
0
0
0
0
0
0
0
0
0
0
0
0
0
0
0
0
0
0
0
0
0
0
0
0
0
0
0
0
0
0
0
0
0
0
0
0
0
0
0
0
0
0
0
0
0
0
0
0
0
0
0
0
-1.5491
0
0
0
0
0
0
0
0
0
0
0
0
0
0
-1.8897
0
0
0
0
0
0
0
0
0
0
0
0
0
0
0
0
0
0
0
0
0
0
0
0
0
0
0
0
0
0
3.4387
0
0
0
0
0
0
0
0
0
0
0
0
0
0
0
0
0
0
0
0
0
0
0
0
0
0
0
0
0
0
0
0
0
0
0
0
0
0
0
0
0
0
0
0
0
0
0
0
0
0
0
0
0
0
0
0
0
0
0
0
0
0
0
0
0
0
0
0
-1.7752
0
0
0
0
0
0
0
0
0
0
0
0
0
0
0
0
0
0
0
0
0
0
0
0
0
0
0
0
0
0
0
0
0
0
0
0
0
0
0
0
0
0
0
-2.5846
0
0
0
0
0
0
0
4.3598
0
0
0
0
0
0
0
0
0
0
0
0
0
0
0
0
0
0
0
0
0
0
0
0
0
0
0
0
0
0
0
0
0
0
0
0
0
0
0
0
0
0
0
0
0
0
0
0
0
0
0
0
-2.6618
0
0
0
0
-2.6475
0
0
0
0
0
0
0
0
0
0
0
0
0
0
0
0
0
0
0
0
0
0
0
0
0
0
0
0
0
0
0
0
0
0
0
0
0
0
0
0
0
0
0
0
0
0
0
0
0
0
0
0
0
0
0
0
0
0
0
0
0
0
5.3093
0
0
0
0
0
0
0
0
0
0
0
0
0
0
0
0
0
0
0
0
0
0
0
0
0
0
0
0
0
0
0
0
0
0
0
0
0
0
0
0
0
0
0
0
0
0
0
0
0
0
0
0
0
0
0
0
0
0
-2.467
0
0
0
0
0
0
0
0
0
0
0
0
-2.3923
0
0
0
0
0
0
0
0
0
0
0
0
0
0
0
0
0
0
0
0
0
0
0
0
0
0
0
0
0
0
0
0
0
0
0
0
0
0
0
0
0
0
0
0
0
0
0
0
4.8593
0
0
0
0
0
0
0
0
0
0
0
0
0
0
0
0
0
0
0
0
0
0
0
0
0
0
0
0
0
0
0
0
0
0
0
0
0
0
0
0
0
0
0
0
0
0
0
0
0
0
0
0
0
0
0
0
0
0
0
0
0
0
0
0
0
0
0
0
0
0
0
0
0
0
0
0
0
0
0
0
0
0
0
0
0
0
0
0
0
0
0
-2.0859
0
0
0
0
0
0
0
0
0
0
0
0
0
0
0
0
0
0
0
0
0
0
0
0
0
0
0
0
4.5002
0
0
0
0
-2.4144
0
0
0
0
0
0
0
0
0
0
0
0
0
0
0
0
0
0
0
0
0
0
0
0
0
0
0
0
0
0
0
0
0
0
0
0
0
0
0
0
0
0
0
0
0
0
0
0
0
0
0
0
0
0
0
0
0
-2.1171
0
0
0
0
0
0
0
0
0
0
0
0
0
0
0
0
0
0
0
0
0
0
0
0
0
0
0
0
0
0
0
0
-1.9375
0
0
0
0
0
0
0
0
0
0
0
0
0
0
0
0
0
0
0
0
0
0
0
0
4.0546
0
0
0
0
0
0
0
0
0
0
0
0
0
0
0
0
0
0
0
0
0
0
0
0
0
0
-2.4488
0
0
0
0
0
0
0
0
0
0
0
0
0
0
0
0
0
0
0
0
0
0
0
0
0
0
0
0
0
0
0
0
0
0
0
0
0
0
0
0
0
0
0
0
0
0
0
0
0
0
0
0
0
0
0
0
0
0
0
0
0
0
0
0
0
0
0
0
0
-2.0896
0
0
0
0
0
0
0
0
0
0
0
0
0
0
0
0
0
0
0
0
0
0
0
4.5384
0
0
0
0
0
0
0
0
0
0
0
0
0
0
0
0
0
0
0
0
0
0
0
0
0
0
-2.5584
0
0
0
0
0
0
0
0
0
0
0
0
0
0
0
0
0
0
0
0
0
0
0
0
0
0
0
0
0
0
0
0
0
0
0
0
-2.4176
0
0
0
0
0
0
0
0
0
0
0
0
0
0
0
0
0
0
0
0
0
0
0
0
0
0
0
0
0
0
0
0
0
0
0
0
0
0
0
0
0
0
0
0
0
0
0
0
0
0
0
0
0
0
0
0
4.9761
0
0
0
0
0
0
0
0
0
0
0
0
0
0
0
0
0
0
0
0
0
0
0
0
0
0
0
0
0
0
0
0
0
0
0
0
0
0
0
-2.188
0
0
0
0
0
0
0
0
0
0
0
0
0
0
0
0
0
0
0
0
0
0
0
0
0
0
0
0
0
0
0
0
0
0
0
0
0
0
0
0
0
0
0
0
0
0
0
0
0
0
0
0
0
0
0
0
0
0
0
0
0
0
0
0
0
0
0
0
0
0
-2.6562
0
0
0
0
0
0
0
0
0
4.8442
0
0
0
0
0
0
0
0
0
0
0
0
0
0
0
0
0
0
0
0
0
0
0
0
0
0
0
0
0
0
0
0
0
0
0
0
0
0
0
0
0
0
0
0
0
0
0
0
0
0
0
0
0
0
0
0
0
0
0
0
0
0
0
0
0
0
0
0
0
0
0
0
0
0
0
0
0
0
0
0
0
0
0
0
0
0
0
0
0
0
0
0
0
0
-2.3345
0
0
0
0
0
0
0
0
0
0
0
0
0
0
0
0
0
0
0
0
-2.4144
0
0
0
0
4.7489
0
0
0
0
0
0
0
0
0
0
0
0
0
0
0
0
0
0
0
0
0
0
0
0
0
-2.2081
0
0
0
0
0
0
0
0
0
0
0
0
0
0
0
0
0
0
0
0
0
0
0
0
0
0
0
0
0
0
0
0
0
0
0
0
0
-2.0736
0
0
0
0
0
0
0
0
0
0
0
0
0
0
0
0
0
0
0
0
0
0
0
0
0
0
0
0
0
0
0
0
0
0
0
0
0
0
0
0
0
0
0
0
0
0
0
0
0
0
0
0
0
0
0
0
4.2817
0
0
0
0
0
0
0
0
0
0
0
0
0
0
0
0
0
0
0
0
0
0
0
0
0
0
0
0
0
0
0
0
0
0
0
0
0
0
0
0
0
0
0
0
0
0
0
0
0
0
0
0
0
0
0
0
0
-2.3131
0
0
0
0
0
0
0
0
0
0
0
0
0
0
0
0
0
0
0
0
0
0
0
0
0
0
0
0
0
0
0
0
0
0
0
0
0
0
0
0
0
-2.387
0
0
0
0
0
0
0
0
0
0
0
0
0
0
0
0
0
0
0
0
4.7001
0
0
0
0
0
0
0
0
0
0
0
0
0
0
0
0
0
0
0
0
0
0
0
0
0
0
0
0
0
0
0
0
0
0
0
0
0
0
0
0
0
0
0
0
0
0
0
0
0
0
0
0
0
-2.9875
0
0
0
0
0
0
0
0
0
0
0
0
0
0
0
0
0
0
0
0
0
0
0
0
0
0
0
0
0
0
0
0
0
0
0
0
0
0
0
0
0
0
0
0
0
0
0
0
0
0
0
0
0
0
0
0
0
0
0
0
0
0
0
0
0
0
2.9875
0
0
0
0
0
0
0
0
0
0
0
0
0
0
0
0
0
0
0
0
0
0
0
0
0
0
0
0
0
0
0
0
0
0
0
0
0
0
0
0
0
0
0
0
0
0
0
0
0
0
0
0
0
0
0
0
0
0
0
0
0
0
0
0
0
0
0
0
0
0
0
0
0
0
0
0
-0.3664
0
0
0
0
0
0
0
0
0
0
0
0
0
0
0
0
0
0
0
0
0
0
0
0
0
0
0
0
0
0
0
0
0
0
0
0
0
0
0
0
0
0
0
0.3664
0
0
0
0
0
0
0
0
0
0
0
0
0
0
0
0
0
0
0
0
0
0
0
0
0
0
0
0
0
0
0
0
0
0
0
0
0
0
0
0
0
0
0
0
0
0
0
0
0
0
0
0
0
0
0
0
0
0
0
0
0
0
0
0
0
0
0
0
0
0
0
0
0
0
0
0
0
0
0
0
-1.4911
0
0
0
0
0
0
0
0
0
0
0
0
0
0
0
0
0
0
0
0
0
0
0
0
0
0
0
0
0
0
0
0
0
0
0
0
0
0
0
1.4911
0
0
0
0
0
0
0
0
0
0
0
0
0
0
0
0
0
0
0
0
0
0
0
0
0
0
0
0
0
0
0
0
0
0
0
0
0
0
0
0
0
0
0
0
0
0
0
0
0
0
0
0
0
0
0
0
0
0
0
0
0
0
0
0
0
0
0
-2.3013
0
0
0
0
0
0
0
0
0
0
0
0
0
0
0
0
0
0
0
0
0
0
0
0
0
0
0
0
0
0
0
0
0
0
0
0
0
0
0
0
0
0
0
0
0
0
0
0
0
0
0
0
2.3013
0
0
0
0
0
0
0
0
0
0
0
0
0
0
0
0
0
0
0
0
0
0
0
0
0
0
0
0
0
0
0
0
0
0
0
0
0
0
0
0
0
0
0
0
0
0
0
0
0
0
0
0
0
0
0
0
0
0
0
0
0
0
0
0
0
0
0
0
0
0
0
0
0
0
0
0
0
0
0
0
0
0
0
0
0
0
0
0
-2.6034
0
0
0
0
0
0
0
0
0
0
0
0
0
0
0
0
0
0
0
0
0
0
0
0
0
0
0
0
0
0
0
2.6034
0
0
0
0
0
0
0
0
0
0
0
0
0
0
0
0
0
0
0
0
0
0
0
0
0
0
0
0
0
0
0
0
0
0
0
0
0
0
0
0
0
0
0
0
0
0
0
0
0
0
0
0
0
0
0
0
0
0
0
0
0
0
0
0
0
0
0
0
0
0
0
0
0
0
0
-2.5487
0
0
0
0
0
0
0
0
0
0
0
0
0
0
0
0
0
0
0
0
0
0
0
0
0
0
0
0
0
0
0
0
0
0
0
0
0
0
0
0
0
0
0
0
2.5487
0
0
0
0
0
0
0
0
0
0
0
0
0
0
0
0
0
0
0
0
0
0
0
0
0
0
0
0
0
0
0
0
0
0
0
0
0
0
0
0
0
0
0
0
0
0
0
0
0
0
0
0
0
-2.5317
0
0
0
0
0
0
0
0
0
0
0
0
0
0
0
0
0
0
0
0
0
0
0
0
0
0
0
0
0
0
0
0
0
0
0
0
0
0
0
0
0
0
0
0
0
0
0
0
0
0
0
0
0
0
0
0
0
0
0
0
0
0
0
0
0
0
2.5317
0
0
0
0
0
0
0
0
0
0
0
0
0
0
0
0
0
0
0
0
0
0
0
0
0
0
0
0
0
0
0
0
0
0
0
0
0
0
0
0
0
0
0
0
0
0
0
0
0
0
0
0
0
0
0
0
0
0
-1.9822
0
0
0
0
0
0
0
0
0
0
0
0
0
0
0
0
0
0
0
0
0
0
0
0
0
0
0
0
0
0
0
0
0
0
0
0
0
0
0
0
0
0
0
0
0
0
0
0
0
0
0
0
0
0
0
0
0
0
0
0
0
1.9822
0
0
0
0
0
0
0
0
0
0
0
0
0
0
0
0
0
0
0
0
0
0
0
0
0
0
0
0
0
0
0
0
0
0
0
0
0
0
0
0
0
0
0
0
0
0
0
0
0
0
0
0
0
0
0
-2.1391
0
0
0
0
0
0
0
0
0
0
0
0
0
0
0
0
0
0
0
0
0
0
0
0
0
0
0
0
0
0
0
0
0
0
0
0
0
0
0
0
0
0
0
0
0
0
0
0
0
0
0
0
0
0
0
0
0
0
0
0
0
0
0
0
2.1391
0
0
0
0
0
0
0
0
0
0
0
0
0
0
0
0
0
0
0
0
-4.3504
0
0
0
0
0
0
0
0
0
0
0
0
0
0
0
0
0
0
0
0
0
0
0
0
0
0
0
0
0
0
0
0
0
0
0
0
0
0
0
0
0
0
0
0
0
0
0
0
0
0
0
0
0
0
0
0
0
0
0
0
0
0
0
0
0
0
0
0
0
0
0
0
0
0
0
0
0
0
0
0
0
0
0
0
0
0
0
0
0
0
0
0
0
0
0
0
0
0
0
4.3504
0
0
0
0
0
0
0
0
0
0
0
0
0
0
0
0
0
0
0
0
0
0
0
0
0
0
0
0
0
0
0
0
0
0
0
0
0
0
0
0
0
0
0
-2.9876
0
0
0
0
0
0
0
0
0
0
0
0
0
0
0
0
0
0
0
0
0
0
0
0
0
0
0
0
0
0
0
0
0
0
0
0
0
0
0
0
0
0
0
0
0
0
0
0
0
0
0
0
0
0
0
0
0
0
0
0
0
0
0
0
0
0
0
0
0
0
0
0
0
0
0
0
2.9876
0
0
0
0
0
0
0
0
0
0
0
0
0
0
0
0
0
0
0
0
0
0
0
0
0
-4.0543
0
0
0
0
0
0
0
0
0
0
0
0
0
0
0
0
0
0
0
0
0
0
0
0
0
0
0
0
0
0
0
0
0
0
0
0
0
0
0
0
0
0
0
0
0
0
0
0
0
0
0
0
0
0
0
0
0
0
0
0
0
0
0
0
0
0
0
0
0
0
0
0
0
0
0
0
0
0
0
0
0
0
0
0
0
0
0
0
0
0
0
0
0
0
4.0543
0
0
0
0
0
0
0
0
0
0
0
0
0
0
0
0
0
0
0
0
0
0
0
0
0
0
0
0
0
0
0
0
0
0
0
0
0
0
0
0
0
0
0
0
0
0
0
0
0
0
0
0
0
0
0
0
0
0
0
0
-1.8964
0
0
0
0
0
0
0
0
0
0
0
0
0
0
0
0
0
0
0
0
0
0
0
0
0
0
0
0
0
0
0
0
0
0
0
0
0
0
0
0
0
0
0
0
0
0
0
0
0
0
0
0
0
0
0
0
0
0
0
1.8964
0
0
0
0
0
0
0
0
0
0
0
0
0
0
0
0
0
0
0
0
0
0
0
0
0
0
0
-3.5158
0
0
0
0
0
0
0
0
0
0
0
0
0
0
0
0
0
0
0
0
0
0
0
0
0
0
0
0
0
0
0
0
0
0
0
0
0
0
0
0
0
0
0
0
0
0
0
0
0
0
0
0
0
0
0
0
0
0
0
0
0
0
0
0
0
0
0
0
0
0
0
0
0
0
0
0
0
0
0
0
0
0
0
0
0
0
0
0
0
0
0
0
3.5158
0
0
0
0
0
0
0
0
0
0
0
0
0
0
0
0
0
0
0
0
0
0
0
0
0
0
0
0
0
0
0
0
0
0
0
0
0
0
0
0
0
0
0
0
0
0
0
0
0
0
0
0
0
0
0
0
0
0
0
0
0
0
0
0
0
0
0
0
0
0
0
0
0
0
0
-1.9939
0
0
0
0
0
0
0
0
0
0
0
0
0
0
0
0
0
0
0
0
0
0
0
0
0
0
0
0
0
0
0
0
0
0
0
0
0
0
0
0
0
0
0
0
1.9939
0
0
0
0
0
0
0
0
0
0
0
0
0
0
0
0
0
0
0
0
0
0
0
0
0
0
0
0
0
0
0
0
0
0
0
0
0
-2.2809
0
0
0
0
0
0
0
0
0
0
0
0
0
0
0
0
0
0
0
0
0
0
0
0
0
0
0
0
0
0
0
0
0
0
0
0
0
0
0
0
0
0
0
0
0
0
0
0
0
0
0
0
0
0
0
0
0
0
0
0
0
0
0
0
0
0
0
0
0
0
0
0
0
0
0
0
0
0
0
0
0
0
2.2809
0
0
0
0
0
0
0
0
0
0
0
0
0
0
0
0
0
0
0
0
0
-3.6604
0
0
0
0
0
0
0
0
0
0
0
0
0
0
0
0
0
0
0
0
0
0
0
0
0
0
0
0
0
0
0
0
0
0
0
0
0
0
0
0
0
0
0
0
0
0
0
0
0
0
0
0
0
0
0
0
0
0
0
0
0
0
0
0
0
0
0
0
0
0
0
0
0
0
0
0
0
0
0
0
0
0
0
0
0
0
0
0
0
0
0
0
0
0
0
0
0
0
3.6604
0
0
0
0
-4.3151
0
0
0
0
0
0
0
0
0
0
0
0
0
0
0
0
0
0
0
0
0
0
0
0
0
0
0
0
0
0
0
0
0
0
0
0
0
0
0
0
0
0
0
0
0
0
0
0
0
0
0
0
0
0
0
0
0
0
0
0
0
0
0
0
0
0
0
0
0
0
0
0
0
0
0
0
0
0
0
0
0
0
0
0
0
0
0
0
0
0
0
0
0
0
0
0
0
0
0
0
0
0
0
0
0
0
0
0
0
0
0
0
0
0
0
4.3151
0
0
0
0
0
0
0
0
0
0
0
0
0
0
0
0
0
0
-4.0543
0
0
0
0
0
0
0
0
0
0
0
0
0
0
0
0
0
0
0
0
0
0
0
0
0
0
0
0
0
0
0
0
0
0
0
0
0
0
0
0
0
0
0
0
0
0
0
0
0
0
0
0
0
0
0
0
0
0
0
0
0
0
0
0
0
0
0
0
0
0
0
0
0
0
0
0
0
0
0
0
0
0
0
0
0
0
0
0
0
0
0
0
0
0
0
0
0
0
0
0
0
4.0543
