51.9503
-0.67832
-0.69562
-0.63148
-0.67009
-0.65303
-0.63569
-0.68402
-0.65462
-0.65461
-0.69884
-0.65102
-0.65591
-0.623
-0.67215
-0.65456
-0.64697
-0.75823
-0.71417
-0.68362
-0.72564
-0.6932
-0.70663
-0.70447
-0.67103
-0.73093
-0.71078
-0.66669
-0.71613
-0.67734
-0.68625
-0.62755
-0.64269
-0.69776
-0.81498
-0.6543
-0.64474
-0.70805
-0.65309
-0.7129
-0.7067
-0.82729
-0.87372
-0.82051
-0.88374
-0.92239
-0.79566
-0.93333
-0.92494
-0.89596
-0.89596
-0.92846
-0.92614
-0.90956
-0.99481
-0.98388
-1.0302
-1.32
0
0
0
0
0
-1.9234
0
0
0
0
0
0
0
0
0
0
-3.5337
0
-3.3589
0
0
0
0
0
0
0
0
0
0
0
0
0
0
0
0
0
0
0
0
0
0
0
0
0
0
0
0
0
0
0
0
0
0
0
0
0
0
0
0
0
0
0
-0.67832
50.7299
-0.68164
-0.61941
-0.65836
-0.65703
-0.64591
-0.67391
-0.64452
-0.64451
-0.6839
-0.63879
-0.6434
-0.61199
-0.65551
-0.64409
-0.63471
-0.74335
-0.69825
-0.67363
-0.71475
-0.68379
-0.69401
-0.68826
-0.66086
-0.71327
-0.69896
-0.65489
-0.69963
-0.66522
-0.67232
-0.60931
-0.63286
-0.68301
-0.80483
-0.64305
-0.6316
-0.6924
-0.63494
-0.72733
-0.70428
-0.81683
-0.8587
-0.80194
-0.87088
-0.91272
-0.79018
-0.91868
-0.90895
-0.87143
-0.87143
-0.91539
-0.92052
-0.90388
-0.98997
-0.9745
-1.0095
-1.3095
0
0
0
0
0
0
0
0
0
0
0
0
0
0
0
0
0
0
0
0
0
0
-3.664
0
0
0
0
0
0
0
0
0
0
0
0
0
0
-4.5801
0
0
0
0
0
0
0
0
0
0
0
0
0
0
0
0
0
0
0
0
0
0
0
0
-0.69562
-0.68164
54.9026
-0.637
-0.67607
-0.67443
-0.66202
-0.69099
-0.66098
-0.66096
-0.69715
-0.65456
-0.66133
-0.6274
-0.67629
-0.6599
-0.64955
-0.75478
-0.71121
-0.68904
-0.73013
-0.69886
-0.71238
-0.70562
-0.67614
-0.7344
-0.71644
-0.67115
-0.71903
-0.68267
-0.68809
-0.63315
-0.65017
-0.69973
-0.81831
-0.66055
-0.64719
-0.70873
-0.65331
-0.69037
-0.71869
-0.83494
-0.87904
-0.80941
-0.88799
-0.93145
-0.80602
-0.92753
-0.93068
-0.90673
-0.90673
-0.93127
-0.93681
-0.91951
-1.0134
-0.98846
-1.0334
-1.341
0
0
0
0
0
0
0
0
0
0
0
0
0
0
0
0
0
0
0
0
0
0
0
0
0
0
0
0
0
0
0
0
0
0
0
0
0
0
-4.9305
0
0
0
0
0
0
0
0
0
0
0
0
0
0
0
0
0
0
0
0
0
-6.5517
0
-0.63148
-0.61941
-0.637
42.5873
-0.61058
-0.60385
-0.59428
-0.62443
-0.60663
-0.60661
-0.64123
-0.59657
-0.59939
-0.56889
-0.61027
-0.59975
-0.58465
-0.6969
-0.64752
-0.62788
-0.66799
-0.63947
-0.64729
-0.64276
-0.61492
-0.6668
-0.65175
-0.6101
-0.65349
-0.61998
-0.62717
-0.57151
-0.58817
-0.63778
-0.74904
-0.59703
-0.5872
-0.64725
-0.59341
-0.68963
-0.65619
-0.76468
-0.80655
-0.75771
-0.81925
-0.86148
-0.73811
-0.86675
-0.81989
-0.83347
-0.83348
-0.86385
-0.86034
-0.8515
-0.93462
-0.92471
-0.93341
-1.2574
0
0
0
0
0
0
0
-2.7939
0
0
0
0
0
0
0
0
0
0
0
0
0
0
0
0
0
0
0
0
0
0
0
0
0
0
0
0
0
0
0
0
0
0
0
0
0
0
0
0
0
0
0
0
0
0
0
0
0
0
0
0
0
0
-0.67009
-0.65836
-0.67607
-0.61058
46.5431
-0.65126
-0.6377
-0.6627
-0.63748
-0.63747
-0.68043
-0.63187
-0.63672
-0.60503
-0.65093
-0.63631
-0.62697
-0.73982
-0.69251
-0.66495
-0.70602
-0.67779
-0.68871
-0.68198
-0.65386
-0.70879
-0.69302
-0.6486
-0.69294
-0.6593
-0.66607
-0.60936
-0.62701
-0.67695
-0.79339
-0.63544
-0.62542
-0.68658
-0.62956
-0.73076
-0.69766
-0.80804
-0.77607
-0.80013
-0.86274
-0.90262
-0.78123
-0.91307
-0.89994
-0.87853
-0.87853
-0.90805
-0.90657
-0.89733
-0.98233
-0.96887
-1.0014
-1.3077
0
0
0
0
0
0
0
0
0
0
0
0
0
0
0
0
0
0
0
0
0
0
0
0
0
0
0
0
0
0
0
0
0
0
0
0
0
0
0
0
0
-4.4736
0
0
0
0
0
0
0
0
0
0
0
0
0
0
0
0
0
0
0
0
-0.65303
-0.65703
-0.67443
-0.60385
-0.65126
45.2553
-0.62007
-0.66506
-0.6341
-0.63408
-0.67704
-0.62908
-0.63228
-0.60206
-0.64561
-0.63375
-0.62426
-0.73257
-0.69348
-0.66293
-0.70429
-0.67074
-0.68277
-0.68027
-0.6502
-0.70474
-0.68935
-0.64509
-0.69097
-0.65517
-0.66292
-0.6057
-0.62355
-0.67464
-0.79112
-0.63215
-0.62221
-0.68404
-0.62598
-0.72366
-0.69382
-0.80404
-0.84745
-0.79839
-0.85984
-0.89943
-0.77711
-0.90828
-0.89553
-0.87372
-0.87372
-0.90458
-0.90397
-0.8947
-0.9772
-0.96508
-0.99535
-1.3032
0
0
0
0
0
0
0
0
0
0
0
0
0
0
0
0
0
0
-3.3344
0
0
0
0
0
0
0
0
0
0
0
0
0
0
0
0
0
0
0
0
0
0
0
0
0
0
0
0
0
0
0
0
0
0
0
0
0
0
0
0
0
0
0
-0.63569
-0.64591
-0.66202
-0.59428
-0.6377
-0.62007
44.6961
-0.65136
-0.62262
-0.6226
-0.66611
-0.61849
-0.62328
-0.59066
-0.63833
-0.62172
-0.61355
-0.72317
-0.68312
-0.65041
-0.69141
-0.66554
-0.67423
-0.67048
-0.63765
-0.69613
-0.67836
-0.63376
-0.68215
-0.64584
-0.65321
-0.59522
-0.61315
-0.66483
-0.77973
-0.62098
-0.61223
-0.67502
-0.61475
-0.67858
-0.68201
-0.79033
-0.83697
-0.7868
-0.8465
-0.88321
-0.76355
-0.89578
-0.88464
-0.85752
-0.85752
-0.89092
-0.88402
-0.88057
-0.9562
-0.95196
-0.98319
-1.2755
0
0
0
0
0
0
0
0
0
0
0
0
0
0
0
0
-3.4846
0
0
0
0
0
0
0
0
0
0
0
0
0
0
0
0
0
0
0
0
0
0
0
0
0
0
0
0
0
0
0
0
0
0
0
0
0
0
0
0
0
0
0
0
0
-0.68402
-0.67391
-0.69099
-0.62443
-0.6627
-0.66506
-0.65136
47.3436
-0.65193
-0.65191
-0.69341
-0.64661
-0.65102
-0.61953
-0.66496
-0.65132
-0.64172
-0.75613
-0.71076
-0.68098
-0.72272
-0.69461
-0.7039
-0.69822
-0.66839
-0.72287
-0.70487
-0.66282
-0.70933
-0.67608
-0.68197
-0.62308
-0.64619
-0.69221
-0.80782
-0.64988
-0.64003
-0.70242
-0.63963
-0.74548
-0.70276
-0.82397
-0.86726
-0.82433
-0.87875
-0.91902
-0.7908
-0.93114
-0.91393
-0.89317
-0.89317
-0.92346
-0.92281
-0.91709
-0.98897
-1.0056
-1.0154
-1.3262
0
0
0
0
0
0
0
0
0
0
0
0
0
0
0
0
0
0
0
0
0
0
0
-4.3404
0
0
0
0
0
0
0
0
0
0
0
0
0
0
0
0
0
0
0
0
0
0
0
0
0
0
0
0
0
0
0
0
0
0
0
0
0
0
-0.65462
-0.64452
-0.66098
-0.60663
-0.63748
-0.6341
-0.62262
-0.65193
41.2259
-0.61002
-0.66426
-0.61342
-0.61777
-0.58823
-0.63398
-0.62121
-0.61262
-0.71937
-0.67967
-0.65067
-0.69161
-0.66446
-0.67042
-0.66688
-0.6379
-0.69141
-0.67681
-0.633
-0.6778
-0.64338
-0.6508
-0.59399
-0.61223
-0.66291
-0.77981
-0.61971
-0.61032
-0.67235
-0.61335
-0.71407
-0.68305
-0.79052
-0.83367
-0.78483
-0.8462
-0.88507
-0.76355
-0.8943
-0.88167
-0.85967
-0.85967
-0.89096
-0.887
-0.88118
-0.95902
-0.95198
-0.97922
-1.287
0
0
0
0
0
0
0
0
0
0
0
0
0
0
0
0
0
0
0
0
0
0
0
0
0
0
0
0
0
0
0
0
0
0
0
0
0
0
0
0
0
0
0
0
0
0
0
0
0
0
0
0
0
0
0
0
0
0
0
0
0
0
-0.65461
-0.64451
-0.66096
-0.60661
-0.63747
-0.63408
-0.6226
-0.65191
-0.61002
41.225
-0.66425
-0.61341
-0.61775
-0.58821
-0.63396
-0.62119
-0.6126
-0.71936
-0.67965
-0.65066
-0.6916
-0.66445
-0.6704
-0.66687
-0.63788
-0.69139
-0.67679
-0.63299
-0.67778
-0.64337
-0.65078
-0.59397
-0.61222
-0.66289
-0.77979
-0.61969
-0.61031
-0.67233
-0.61333
-0.71405
-0.68304
-0.79049
-0.83366
-0.78481
-0.84618
-0.88506
-0.76353
-0.89429
-0.88165
-0.85965
-0.85965
-0.89095
-0.88698
-0.88117
-0.95901
-0.95197
-0.97921
-1.287
0
0
0
0
0
0
0
0
0
0
0
0
0
0
0
0
0
0
0
0
0
0
0
0
0
0
0
0
0
0
0
0
0
0
0
0
0
0
0
0
0
0
0
0
0
0
0
0
0
0
0
0
0
0
0
0
0
0
0
0
0
0
-0.69884
-0.6839
-0.69715
-0.64123
-0.68043
-0.67704
-0.66611
-0.69341
-0.66426
-0.66425
49.2018
-0.6587
-0.6616
-0.62789
-0.67558
-0.66085
-0.65135
-0.76096
-0.71287
-0.69033
-0.73099
-0.69965
-0.71278
-0.70631
-0.67752
-0.73194
-0.71047
-0.66982
-0.71778
-0.68227
-0.69053
-0.63139
-0.65065
-0.69972
-0.81512
-0.65823
-0.64608
-0.70932
-0.64867
-0.75316
-0.71632
-0.83293
-0.88057
-0.82491
-0.88654
-0.92974
-0.80381
-0.94075
-0.93352
-0.90456
-0.90456
-0.92995
-0.93645
0
-1.0066
0
-1.035
0
0
0
0
0
0
0
0
0
-2.0677
0
0
0
0
0
0
0
0
0
0
0
0
0
0
0
0
0
0
0
0
0
0
0
0
0
0
0
0
0
0
0
0
0
0
0
0
0
0
0
0
0
0
0
-6.8588
0
0
0
0
0
0
0
0
0
-0.65102
-0.63879
-0.65456
-0.59657
-0.63187
-0.62908
-0.61849
-0.64661
-0.61342
-0.61341
-0.6587
40.1475
-0.60828
-0.57881
-0.62757
-0.61602
-0.60889
-0.71355
-0.67715
-0.64449
-0.68439
-0.65652
-0.66406
-0.65816
-0.63147
-0.68204
-0.66771
-0.62488
-0.66904
-0.63506
-0.64301
-0.58692
-0.6052
-0.65333
-0.76926
-0.61211
-0.60208
-0.66285
-0.60693
-0.70684
-0.67444
-0.78283
-0.82471
-0.77372
-0.83687
-0.87852
-0.75532
-0.88585
-0.87835
-0.85184
-0.85185
-0.87996
-0.8837
0
0
0
0
0
0
0
0
0
0
0
0
0
0
0
0
0
0
0
0
0
0
0
0
0
0
0
0
0
0
0
0
-4.3404
0
0
0
0
0
0
0
0
0
0
0
0
0
0
0
0
0
0
0
0
0
0
0
0
0
0
0
0
0
0
0
0
0
0
-0.65591
-0.6434
-0.66133
-0.59939
-0.63672
-0.63228
-0.62328
-0.65102
-0.61777
-0.61775
-0.6616
-0.60828
39.3888
-0.58072
-0.60682
-0.61625
-0.61144
-0.71599
-0.68182
-0.64493
-0.68483
-0.66041
-0.63743
-0.66492
-0.63197
-0.68122
-0.67085
-0.62576
-0.6754
-0.63732
-0.64545
-0.58728
-0.60532
-0.65831
-0.77213
-0.61212
-0.60397
-0.66882
-0.60909
-0.71595
-0.67638
-0.78114
-0.8304
-0.78454
-0.83964
-0.87738
-0.76412
-0.88923
-0.87893
-0.85132
-0.85133
-0.88594
-0.88017
0
0
0
0
0
0
0
0
0
0
0
0
0
0
0
0
0
0
0
0
0
0
-3.483
0
0
0
0
0
0
0
0
0
0
0
0
0
0
0
0
0
0
0
0
0
0
0
0
0
0
0
0
0
0
0
0
0
0
0
0
0
0
0
0
0
0
0
0
-0.623
-0.61199
-0.6274
-0.56889
-0.60503
-0.60206
-0.59066
-0.61953
-0.58823
-0.58821
-0.62789
-0.57881
-0.58072
37.4091
-0.59762
-0.59131
-0.57368
-0.68223
-0.64579
-0.61551
-0.65344
-0.62456
-0.63131
-0.62695
-0.60193
-0.64911
-0.63811
-0.57464
-0.6383
-0.60543
-0.61208
-0.55802
-0.57512
-0.62551
-0.74889
-0.5837
-0.574
-0.62374
-0.5794
-0.67446
-0.64664
-0.7515
-0.7928
-0.74251
-0.80526
-0.84625
-0.72978
-0.85195
-0.84417
-0.82098
-0.82097
-0.84848
-0.85186
0
0
0
0
0
0
0
0
0
0
0
0
0
0
0
0
0
0
0
0
0
0
0
0
0
0
-3.1387
0
0
0
0
0
0
0
0
0
0
0
0
0
0
0
0
0
0
0
0
0
0
0
0
0
0
0
0
0
0
0
0
0
0
0
0
0
0
0
0
-0.67215
-0.65551
-0.67629
-0.61027
-0.65093
-0.64561
-0.63833
-0.66496
-0.63398
-0.63396
-0.67558
-0.62757
-0.60682
-0.59762
44.1309
-0.6279
-0.6205
-0.73104
-0.68554
-0.65512
-0.69481
-0.6701
-0.64791
-0.68212
-0.64222
-0.62297
-0.68116
-0.63586
-0.69284
-0.64768
-0.65706
-0.59764
-0.61494
-0.67062
-0.78154
-0.62221
-0.61666
-0.68163
-0.61945
-0.7377
-0.68861
-0.79433
-0.84615
-0.79854
-0.8526
-0.88978
-0.77957
-0.90283
-0.89275
-0.86658
-0.86658
0
-0.89356
0
0
0
0
0
0
0
0
0
0
0
0
0
0
0
0
0
0
0
0
0
0
-3.5245
0
0
0
0
0
0
0
0
0
0
-5.0077
0
0
0
0
0
0
0
0
0
0
0
0
0
0
0
0
0
0
0
0
0
0
0
0
0
0
0
0
0
0
0
0
0
-0.65456
-0.64409
-0.6599
-0.59975
-0.63631
-0.63375
-0.62172
-0.65132
-0.62121
-0.62119
-0.66085
-0.61602
-0.61625
-0.59131
-0.6279
36.0021
-0.61174
-0.71323
-0.67539
-0.64809
-0.68999
-0.65581
-0.66748
-0.66228
-0.63434
-0.68825
-0.67293
-0.62841
-0.67318
-0.63807
-0.64617
-0.58959
-0.60791
-0.65743
-0.76582
-0.61429
-0.60447
-0.66701
-0.61021
-0.71055
-0.68061
-0.78545
-0.82811
-0.78302
-0.8407
-0.88171
-0.76438
-0.889
-0.87858
-0.85532
-0.85532
-0.88513
-0.88599
0
0
0
0
0
0
0
0
0
0
0
0
0
0
0
0
0
0
0
0
0
0
0
0
0
0
0
0
0
0
0
0
0
0
0
0
0
0
0
0
0
0
0
0
0
0
0
0
0
0
0
0
0
0
0
0
0
0
0
0
0
0
0
0
0
0
0
-0.64697
-0.63471
-0.64955
-0.58465
-0.62697
-0.62426
-0.61355
-0.64172
-0.61262
-0.6126
-0.65135
-0.60889
-0.61144
-0.57368
-0.6205
-0.61174
38.0677
-0.70024
-0.64402
-0.63697
-0.67612
-0.6452
-0.65371
-0.64697
-0.6231
-0.67006
-0.65882
-0.61549
-0.65812
-0.62449
-0.63284
-0.58579
-0.59538
-0.64389
-0.75832
-0.60332
-0.59423
-0.65416
-0.59723
-0.69791
-0.67072
-0.77357
-0.81357
-0.76766
-0.82644
-0.87251
-0.75719
-0.87472
0
0
0
0
0
0
0
0
0
0
0
0
0
0
-2.9948
0
0
0
0
0
0
0
0
0
0
0
0
0
0
0
0
0
0
0
0
0
0
0
0
0
0
0
0
0
0
0
0
0
0
-3.9749
0
0
0
0
0
0
0
0
0
0
0
0
0
0
0
0
0
0
0
0
0
0
-0.75823
-0.74335
-0.75478
-0.6969
-0.73982
-0.73257
-0.72317
-0.75613
-0.71937
-0.71936
-0.76096
-0.71355
-0.71599
-0.68223
-0.73104
-0.71323
-0.70024
48.8806
-0.77273
-0.73916
-0.78116
-0.75221
-0.76168
-0.75213
-0.72583
-0.78049
-0.76912
-0.71703
-0.76406
-0.73101
-0.73914
-0.67908
-0.68424
-0.74513
-0.86517
-0.70551
-0.69551
-0.75558
-0.69732
-0.80218
-0.75975
-0.8857
-0.92823
0
-0.93679
-0.98515
0
0
0
0
0
0
0
0
0
0
0
0
0
0
0
0
0
0
0
0
0
0
-2.3697
0
0
0
0
0
0
0
0
0
0
0
0
0
0
0
0
0
0
0
0
0
0
0
0
0
0
0
0
0
0
0
0
0
0
0
0
0
0
0
0
0
0
0
-6.6195
0
0
0
0
0
0
-6.6195
-0.71417
-0.69825
-0.71121
-0.64752
-0.69251
-0.69348
-0.68312
-0.71076
-0.67967
-0.67965
-0.71287
-0.67715
-0.68182
-0.64579
-0.68554
-0.67539
-0.64402
-0.77273
42.7391
-0.69916
-0.73835
-0.70657
-0.721
-0.71018
-0.68369
-0.73607
-0.72634
-0.67567
-0.72219
-0.6466
-0.69711
-0.63803
-0.65657
-0.7033
-0.81882
-0.66248
-0.65252
-0.71518
-0.65647
-0.76365
-0.72752
-0.84137
-0.8826
0
0
0
0
0
0
0
0
0
0
0
0
0
0
0
0
0
0
0
-3.0901
0
0
0
0
0
0
0
0
0
0
0
0
0
0
0
-3.771
0
0
0
0
0
0
0
0
0
0
0
0
0
0
0
0
0
0
0
0
0
0
0
0
0
0
0
0
0
0
0
0
0
0
0
0
0
0
-6.2909
0
0
-0.68362
-0.67363
-0.68904
-0.62788
-0.66495
-0.66293
-0.65041
-0.68098
-0.65067
-0.65066
-0.69033
-0.64449
-0.64493
-0.61551
-0.65512
-0.64809
-0.63697
-0.73916
-0.69916
31.3207
-0.71484
-0.68506
-0.69546
-0.68864
-0.65718
-0.71855
-0.70956
-0.65067
-0.70239
-0.66006
-0.66617
-0.61462
-0.63355
-0.69417
-0.80076
-0.6372
-0.63005
-0.7005
-0.63532
-0.74181
-0.70914
-0.81737
-0.85546
0
-0.86935
-0.91807
0
0
0
0
0
0
0
-0.90618
0
0
0
0
0
0
0
0
0
0
0
0
0
0
0
0
0
0
0
0
0
0
0
0
0
0
0
0
0
0
0
0
0
0
0
0
0
0
0
0
0
0
0
0
0
0
0
0
0
0
0
0
0
0
0
0
0
0
0
0
0
0
0
0
0
0
-0.72564
-0.71475
-0.73013
-0.66799
-0.70602
-0.70429
-0.69141
-0.72272
-0.69161
-0.6916
-0.73099
-0.68439
-0.68483
-0.65344
-0.69481
-0.68999
-0.67612
-0.78116
-0.73835
-0.71484
34.8105
-0.72229
-0.74569
-0.73866
-0.70371
-0.74401
-0.74929
-0.69707
-0.74892
-0.70847
-0.72033
-0.65814
-0.67697
-0.73362
-0.83809
-0.68088
-0.65994
-0.74419
-0.6796
-0.7909
-0.75751
-0.86644
-0.90788
0
-0.9207
-0.97046
0
0
0
0
0
0
0
0
0
0
0
0
0
0
0
0
0
0
0
0
0
0
0
-2.5516
0
0
0
0
0
0
0
0
0
0
0
0
0
0
0
0
0
0
0
0
0
0
0
0
0
0
0
0
0
0
0
0
0
0
0
0
0
0
0
0
0
0
0
0
0
0
0
0
0
0
-0.6932
-0.68379
-0.69886
-0.63947
-0.67779
-0.67074
-0.66554
-0.69461
-0.66446
-0.66445
-0.69965
-0.65652
-0.66041
-0.62456
-0.6701
-0.65581
-0.6452
-0.75221
-0.70657
-0.68506
-0.72229
37.3067
-0.70112
-0.69293
-0.66873
-0.71662
-0.70691
-0.65973
-0.70408
-0.67116
-0.68133
-0.62296
-0.63894
-0.68672
-0.81454
-0.64596
-0.6372
-0.69714
-0.64222
-0.74402
-0.71107
-0.82435
-0.86198
0
0
0
0
0
0
0
0
0
0
0
0
0
0
0
0
0
0
0
0
0
0
0
0
-2.3721
0
0
0
0
0
0
0
0
0
0
0
0
0
0
0
0
0
0
0
0
0
0
0
0
0
0
0
0
0
0
0
0
0
0
0
0
0
0
0
0
0
0
0
0
0
0
-5.9736
0
0
0
0
0
-0.70663
-0.69401
-0.71238
-0.64729
-0.68871
-0.68277
-0.67423
-0.7039
-0.67042
-0.6704
-0.71278
-0.66406
-0.63743
-0.63131
-0.64791
-0.66748
-0.65371
-0.76168
-0.721
-0.69546
-0.74569
-0.70112
33.6193
-0.706
-0.67699
-0.75223
-0.71959
-0.66819
-0.72216
-0.68272
-0.69345
-0.63075
-0.64433
-0.70409
-0.82726
-0.65159
-0.64752
-0.71629
-0.65059
-0.77288
-0.72764
-0.83483
0
0
0
0
0
0
0
0
0
0
0
0
0
0
0
0
-1.6419
0
0
0
0
0
0
0
0
0
0
0
0
0
0
0
0
-3.4579
0
0
0
0
0
0
0
0
0
0
0
0
0
0
0
0
0
0
0
0
0
0
0
0
0
0
0
0
0
0
0
0
0
0
0
0
0
0
0
0
0
0
0
0
-0.70447
-0.68826
-0.70562
-0.64276
-0.68198
-0.68027
-0.67048
-0.69822
-0.66688
-0.66687
-0.70631
-0.65816
-0.66492
-0.62695
-0.68212
-0.66228
-0.64697
-0.75213
-0.71018
-0.68864
-0.73866
-0.69293
-0.706
32.6879
-0.67273
-0.73404
-0.7052
-0.66283
-0.61061
-0.67621
-0.68791
-0.62525
-0.64243
-0.68186
-0.8113
-0.64568
-0.63489
-0.69818
-0.64425
-0.76027
0
-0.83007
0
0
0
0
0
0
0
0
0
0
0
0
0
0
0
0
0
0
0
0
0
0
0
0
0
0
0
0
-0.47801
0
0
0
0
0
0
0
0
0
0
0
0
0
0
0
0
0
0
0
0
-4.7442
0
0
0
0
0
0
0
0
0
0
0
0
0
0
0
0
0
0
0
0
0
0
0
0
0
0
0
0
-0.67103
-0.66086
-0.67614
-0.61492
-0.65386
-0.6502
-0.63765
-0.66839
-0.6379
-0.63788
-0.67752
-0.63147
-0.63197
-0.60193
-0.64222
-0.63434
-0.6231
-0.72583
-0.68369
-0.65718
-0.70371
-0.66873
-0.67699
-0.67273
27.3505
-0.69843
-0.68853
-0.63565
-0.68179
-0.64934
-0.66201
-0.592
-0.61956
-0.67459
-0.78675
-0.61412
-0.60268
-0.67817
-0.61002
-0.72749
0
-0.80072
0
0
0
0
0
0
0
0
0
0
0
-0.88843
0
0
0
0
0
0
0
0
0
0
0
0
0
0
0
0
0
0
0
0
0
0
0
0
0
0
0
0
0
0
0
0
0
0
0
0
0
0
0
0
0
0
0
0
0
0
0
0
0
0
0
0
0
0
0
0
0
0
0
0
0
0
0
0
0
0
-0.73093
-0.71327
-0.7344
-0.6668
-0.70879
-0.70474
-0.69613
-0.72287
-0.69141
-0.69139
-0.73194
-0.68204
-0.68122
-0.64911
-0.62297
-0.68825
-0.67006
-0.78049
-0.73607
-0.71855
-0.74401
-0.71662
-0.75223
-0.73404
-0.69843
34.1308
-0.73563
-0.68476
-0.7475
-0.69774
-0.7109
-0.64876
-0.66741
-0.72008
-0.83731
-0.66905
-0.65181
-0.73314
-0.66804
0
0
0
0
0
0
0
0
0
0
0
0
0
0
0
0
0
0
0
0
0
0
0
0
0
0
0
0
0
0
-2.4922
0
0
0
0
0
0
0
0
0
0
0
0
0
0
0
0
-4.7997
0
0
0
0
0
0
0
0
0
0
0
0
0
0
0
0
0
0
0
0
0
0
0
0
0
0
0
0
0
0
0
0
0
-0.71078
-0.69896
-0.71644
-0.65175
-0.69302
-0.68935
-0.67836
-0.70487
-0.67681
-0.67679
-0.71047
-0.66771
-0.67085
-0.63811
-0.68116
-0.67293
-0.65882
-0.76912
-0.72634
-0.70956
-0.74929
-0.70691
-0.71959
-0.7052
-0.68853
-0.73563
31.7127
-0.67094
-0.73102
-0.68992
-0.69642
-0.63537
-0.66675
-0.71792
-0.81883
-0.65734
-0.65307
-0.7269
-0.65097
0
0
0
0
0
0
0
0
0
0
0
0
0
0
0
-1.0078
0
0
0
0
0
0
0
0
0
0
0
0
0
0
0
0
0
0
0
0
0
0
0
0
0
0
0
0
0
-4.2821
0
0
0
0
0
0
0
0
0
0
0
0
0
0
0
0
0
0
0
0
0
0
0
0
0
0
0
0
0
0
0
0
0
0
0
-0.66669
-0.65489
-0.67115
-0.6101
-0.6486
-0.64509
-0.63376
-0.66282
-0.633
-0.63299
-0.66982
-0.62488
-0.62576
-0.57464
-0.63586
-0.62841
-0.61549
-0.71703
-0.67567
-0.65067
-0.69707
-0.65973
-0.66819
-0.66283
-0.63565
-0.68476
-0.67094
27.6514
-0.66234
-0.6282
-0.63948
-0.59766
-0.61791
-0.66457
-0.78039
-0.60758
-0.60213
-0.63865
-0.6069
0
0
0
0
0
0
0
0
0
0
0
0
0
0
0
0
0
0
0
0
0
0
0
0
0
0
0
0
0
0
0
0
0
0
0
0
0
0
0
0
-3.0491
0
0
0
0
0
0
0
0
0
0
0
0
0
0
0
0
0
0
0
0
0
0
0
0
0
0
0
0
0
0
0
0
0
0
0
0
0
0
0
0
-0.71613
-0.69963
-0.71903
-0.65349
-0.69294
-0.69097
-0.68215
-0.70933
-0.6778
-0.67778
-0.71778
-0.66904
-0.6754
-0.6383
-0.69284
-0.67318
-0.65812
-0.76406
-0.72219
-0.70239
-0.74892
-0.70408
-0.72216
-0.61061
-0.68179
-0.7475
-0.73102
-0.66234
30.9598
-0.67505
-0.68062
-0.62893
-0.64881
-0.70777
-0.82476
-0.65059
-0.6447
-0.7146
-0.6526
0
0
0
0
0
0
0
0
0
0
0
0
0
0
0
0
0
0
0
0
0
0
0
0
0
0
0
0
0
0
0
0
0
0
0
0
0
0
0
0
0
0
0
0
0
0
0
0
0
0
0
0
-4.6905
0
0
0
0
0
0
0
0
0
0
0
0
0
0
0
0
0
0
0
0
0
0
0
0
0
0
0
0
-0.67734
-0.66522
-0.68267
-0.61998
-0.6593
-0.65517
-0.64584
-0.67608
-0.64338
-0.64337
-0.68227
-0.63506
-0.63732
-0.60543
-0.64768
-0.63807
-0.62449
-0.73101
-0.6466
-0.66006
-0.70847
-0.67116
-0.68272
-0.67621
-0.64934
-0.69774
-0.68992
-0.6282
-0.67505
28.5615
-0.65268
-0.59845
-0.62113
-0.67489
-0.78705
-0.6176
-0.61349
-0.66906
-0.6152
0
0
0
0
0
0
0
0
0
0
0
0
0
0
0
0
0
0
0
0
0
0
0
0
0
0
0
0
0
0
0
0
0
0
0
0
0
0
0
-3.5568
0
0
0
0
0
0
0
0
0
0
0
0
0
0
0
0
0
0
0
0
0
0
0
0
0
0
0
0
0
0
0
0
0
0
0
0
0
0
0
0
0
-0.68625
-0.67232
-0.68809
-0.62717
-0.66607
-0.66292
-0.65321
-0.68197
-0.6508
-0.65078
-0.69053
-0.64301
-0.64545
-0.61208
-0.65706
-0.64617
-0.63284
-0.73914
-0.69711
-0.66617
-0.72033
-0.68133
-0.69345
-0.68791
-0.66201
-0.7109
-0.69642
-0.63948
-0.68062
-0.65268
29.7073
-0.60742
-0.62618
-0.67804
-0.80328
-0.62919
-0.62212
-0.68172
-0.62788
0
0
0
0
0
0
0
0
0
0
0
0
0
0
0
0
0
0
0
0
0
0
0
0
0
0
0
0
0
0
0
0
0
0
0
0
0
0
0
0
0
0
0
0
0
0
0
0
0
0
0
0
0
-4.3372
0
0
0
0
0
0
0
0
0
0
0
0
0
0
0
0
0
0
0
0
0
0
0
0
0
0
0
-0.62755
-0.60931
-0.63315
-0.57151
-0.60936
-0.6057
-0.59522
-0.62308
-0.59399
-0.59397
-0.63139
-0.58692
-0.58728
-0.55802
-0.59764
-0.58959
-0.58579
-0.67908
-0.63803
-0.61462
-0.65814
-0.62296
-0.63075
-0.62525
-0.592
-0.64876
-0.63537
-0.59766
-0.62893
-0.59845
-0.60742
25.4153
-0.56054
-0.6234
-0.73904
-0.56843
-0.53698
-0.63477
-0.55234
0
0
0
0
0
0
0
0
0
0
0
0
0
0
0
0
0
0
0
0
-2.2229
0
0
0
0
0
0
0
0
0
0
0
0
0
0
0
0
0
0
0
0
0
0
0
0
0
0
0
0
0
0
0
0
0
0
0
0
0
0
0
0
0
0
0
0
0
0
0
0
0
0
0
0
0
0
0
0
0
0
0
0
-0.64269
-0.63286
-0.65017
-0.58817
-0.62701
-0.62355
-0.61315
-0.64619
-0.61223
-0.61222
-0.65065
-0.6052
-0.60532
-0.57512
-0.61494
-0.60791
-0.59538
-0.68424
-0.65657
-0.63355
-0.67697
-0.63894
-0.64433
-0.64243
-0.61956
-0.66741
-0.66675
-0.61791
-0.64881
-0.62113
-0.62618
-0.56054
26.3489
-0.62609
-0.74742
-0.58458
-0.56081
0
0
0
0
0
0
0
0
0
0
0
0
0
0
0
0
0
0
0
0
0
-1.5403
0
0
0
0
0
0
0
0
0
-2.1816
0
0
0
0
0
0
0
0
0
0
0
0
0
0
0
0
0
0
0
0
0
0
0
0
0
0
0
0
0
0
0
0
0
0
0
0
0
0
0
0
0
0
0
0
0
0
0
0
0
0
0
-0.69776
-0.68301
-0.69973
-0.63778
-0.67695
-0.67464
-0.66483
-0.69221
-0.66291
-0.66289
-0.69972
-0.65333
-0.65831
-0.62551
-0.67062
-0.65743
-0.64389
-0.74513
-0.7033
-0.69417
-0.73362
-0.68672
-0.70409
-0.68186
-0.67459
-0.72008
-0.71792
-0.66457
-0.70777
-0.67489
-0.67804
-0.6234
-0.62609
31.6546
0
-0.63969
0
0
0
0
0
0
0
0
0
0
0
0
0
0
0
0
0
0
0
0
0
0
0
0
0
0
0
0
0
0
0
0
0
0
0
0
0
0
0
0
0
0
0
0
0
0
0
0
0
0
0
0
-4.4686
0
0
0
0
0
0
0
0
0
0
0
0
0
0
0
0
0
0
0
0
0
0
0
0
0
0
0
-4.1486
0
0
0
-0.81498
-0.80483
-0.81831
-0.74904
-0.79339
-0.79112
-0.77973
-0.80782
-0.77981
-0.77979
-0.81512
-0.76926
-0.77213
-0.74889
-0.78154
-0.76582
-0.75832
-0.86517
-0.81882
-0.80076
-0.83809
-0.81454
-0.82726
-0.8113
-0.78675
-0.83731
-0.81883
-0.78039
-0.82476
-0.78705
-0.80328
-0.73904
-0.74742
0
38.205
-0.74907
0
0
0
0
0
0
0
0
0
0
0
0
0
0
0
0
0
0
0
0
0
0
0
0
0
0
0
0
0
0
0
0
0
0
0
0
0
0
0
0
0
0
0
0
0
0
0
0
0
0
0
0
0
0
0
0
0
0
0
0
0
0
0
0
0
-5.6126
0
0
0
0
0
0
0
0
0
-5.6126
0
0
0
0
0
0
0
0
-0.6543
-0.64305
-0.66055
-0.59703
-0.63544
-0.63215
-0.62098
-0.64988
-0.61971
-0.61969
-0.65823
-0.61211
-0.61212
-0.5837
-0.62221
-0.61429
-0.60332
-0.70551
-0.66248
-0.6372
-0.68088
-0.64596
-0.65159
-0.64568
-0.61412
-0.66905
-0.65734
-0.60758
-0.65059
-0.6176
-0.62919
-0.56843
-0.58458
-0.63969
-0.74907
22.8397
-0.58443
0
0
0
0
0
0
0
0
0
0
0
0
0
0
0
0
0
0
0
0
0
0
0
0
0
0
0
0
0
0
0
0
0
0
0
0
0
0
0
0
0
0
0
0
0
0
0
0
0
0
0
0
0
0
0
0
0
0
0
0
0
0
0
0
0
0
0
0
0
0
0
0
0
0
0
0
0
0
0
0
0
0
0
-0.64474
-0.6316
-0.64719
-0.5872
-0.62542
-0.62221
-0.61223
-0.64003
-0.61032
-0.61031
-0.64608
-0.60208
-0.60397
-0.574
-0.61666
-0.60447
-0.59423
-0.69551
-0.65252
-0.63005
-0.65994
-0.6372
-0.64752
-0.63489
-0.60268
-0.65181
-0.65307
-0.60213
-0.6447
-0.61349
-0.62212
-0.53698
-0.56081
0
0
-0.58443
25.0093
0
0
0
0
0
0
0
0
0
0
0
0
0
0
0
0
0
0
0
0
0
0
0
0
0
0
0
0
0
0
0
0
0
0
0
0
0
0
0
0
0
0
0
0
0
0
0
0
0
0
0
0
0
0
0
0
0
-3.9067
0
0
0
0
0
0
0
0
0
0
0
0
0
0
0
0
0
0
0
0
0
0
0
0
0
-0.70805
-0.6924
-0.70873
-0.64725
-0.68658
-0.68404
-0.67502
-0.70242
-0.67235
-0.67233
-0.70932
-0.66285
-0.66882
-0.62374
-0.68163
-0.66701
-0.65416
-0.75558
-0.71518
-0.7005
-0.74419
-0.69714
-0.71629
-0.69818
-0.67817
-0.73314
-0.7269
-0.63865
-0.7146
-0.66906
-0.68172
-0.63477
0
0
0
0
0
30.3804
0
0
0
0
0
0
0
0
0
0
0
0
0
0
0
0
0
0
0
0
0
0
0
0
0
0
0
0
0
0
0
0
0
0
0
0
0
0
0
0
0
0
0
0
0
0
0
0
0
0
-4.3702
0
0
0
0
0
0
0
0
0
0
0
-3.9894
0
0
0
0
0
0
0
0
0
0
0
0
0
0
0
0
0
0
0
-0.65309
-0.63494
-0.65331
-0.59341
-0.62956
-0.62598
-0.61475
-0.63963
-0.61335
-0.61333
-0.64867
-0.60693
-0.60909
-0.5794
-0.61945
-0.61021
-0.59723
-0.69732
-0.65647
-0.63532
-0.6796
-0.64222
-0.65059
-0.64425
-0.61002
-0.66804
-0.65097
-0.6069
-0.6526
-0.6152
-0.62788
-0.55234
0
0
0
0
0
0
23.6961
0
0
0
0
0
0
0
0
0
0
0
0
0
0
0
-0.91635
0
0
0
0
0
0
0
0
0
0
0
0
0
0
0
0
0
0
0
0
0
0
0
0
0
0
0
0
0
0
0
0
0
0
0
-2.6478
0
0
0
0
0
0
0
0
0
0
0
0
0
0
0
0
0
0
0
0
0
0
0
0
0
0
0
0
0
-0.7129
-0.72733
-0.69037
-0.68963
-0.73076
-0.72366
-0.67858
-0.74548
-0.71407
-0.71405
-0.75316
-0.70684
-0.71595
-0.67446
-0.7377
-0.71055
-0.69791
-0.80218
-0.76365
-0.74181
-0.7909
-0.74402
-0.77288
-0.76027
-0.72749
0
0
0
0
0
0
0
0
0
0
0
0
0
0
28.7879
0
0
0
0
0
0
0
0
0
0
0
0
0
0
0
0
0
0
0
0
0
0
0
0
0
0
0
0
0
0
0
-3.0266
0
0
-3.2496
0
0
0
0
0
0
0
0
0
0
0
0
0
0
0
0
0
0
0
0
0
-4.2852
0
0
0
0
0
0
0
0
0
0
0
0
0
0
0
0
0
0
0
0
0
0
0
-0.7067
-0.70428
-0.71869
-0.65619
-0.69766
-0.69382
-0.68201
-0.70276
-0.68305
-0.68304
-0.71632
-0.67444
-0.67638
-0.64664
-0.68861
-0.68061
-0.67072
-0.75975
-0.72752
-0.70914
-0.75751
-0.71107
-0.72764
0
0
0
0
0
0
0
0
0
0
0
0
0
0
0
0
0
24.6742
0
0
0
0
0
0
0
0
0
0
0
0
0
0
0
0
0
0
0
-2.1523
0
0
-1.7924
0
0
0
0
0
0
0
0
0
0
0
0
0
0
0
0
0
0
0
0
0
0
0
0
0
0
0
0
0
0
0
0
0
0
0
0
0
0
0
0
0
0
0
-4.6548
0
0
0
0
0
0
0
0
0
0
0
0
-0.82729
-0.81683
-0.83494
-0.76468
-0.80804
-0.80404
-0.79033
-0.82397
-0.79052
-0.79049
-0.83293
-0.78283
-0.78114
-0.7515
-0.79433
-0.78545
-0.77357
-0.8857
-0.84137
-0.81737
-0.86644
-0.82435
-0.83483
-0.83007
-0.80072
0
0
0
0
0
0
0
0
0
0
0
0
0
0
0
0
20.2537
0
0
0
0
0
0
0
0
0
0
0
0
0
0
0
0
0
0
0
0
0
0
0
0
0
0
0
0
0
0
0
0
0
0
0
0
0
0
0
0
0
0
0
0
0
0
0
0
0
0
0
0
0
0
0
0
0
0
0
0
0
0
0
0
0
0
0
0
0
0
0
0
0
0
0
0
0
0
-0.87372
-0.8587
-0.87904
-0.80655
-0.77607
-0.84745
-0.83697
-0.86726
-0.83367
-0.83366
-0.88057
-0.82471
-0.8304
-0.7928
-0.84615
-0.82811
-0.81357
-0.92823
-0.8826
-0.85546
-0.90788
-0.86198
0
0
0
0
0
0
0
0
0
0
0
0
0
0
0
0
0
0
0
0
22.6186
0
0
0
0
0
0
0
0
0
0
0
0
0
0
0
0
0
0
0
0
0
0
0
0
0
0
0
0
0
0
0
0
0
0
0
0
0
0
0
0
0
0
0
0
0
0
0
0
0
0
0
0
0
0
0
0
-3.953
0
0
0
0
0
0
0
0
0
0
0
0
0
0
0
0
0
0
0
0
-0.82051
-0.80194
-0.80941
-0.75771
-0.80013
-0.79839
-0.7868
-0.82433
-0.78483
-0.78481
-0.82491
-0.77372
-0.78454
-0.74251
-0.79854
-0.78302
-0.76766
0
0
0
0
0
0
0
0
0
0
0
0
0
0
0
0
0
0
0
0
0
0
0
0
0
0
26.3172
0
0
0
0
0
0
0
0
0
0
0
-1.089
0
0
0
0
0
0
0
0
0
0
0
0
0
0
0
0
0
0
0
0
0
0
0
0
0
0
0
-4.0164
0
0
0
0
0
-3.6689
0
0
-4.0992
0
0
0
0
0
0
0
0
0
0
0
0
0
0
0
0
0
0
0
0
0
0
0
0
0
0
0
-0.88374
-0.87088
-0.88799
-0.81925
-0.86274
-0.85984
-0.8465
-0.87875
-0.8462
-0.84618
-0.88654
-0.83687
-0.83964
-0.80526
-0.8526
-0.8407
-0.82644
-0.93679
0
-0.86935
-0.9207
0
0
0
0
0
0
0
0
0
0
0
0
0
0
0
0
0
0
0
0
0
0
0
21.4538
0
0
0
0
0
0
0
0
0
0
0
0
0
0
0
0
0
0
0
0
0
0
0
0
0
0
0
0
0
0
0
0
0
0
0
0
0
0
0
0
0
0
0
0
0
0
0
0
0
0
0
0
0
0
0
0
0
0
0
0
0
0
0
0
-4.2369
0
0
0
0
0
0
0
0
0
0
-0.92239
-0.91272
-0.93145
-0.86148
-0.90262
-0.89943
-0.88321
-0.91902
-0.88507
-0.88506
-0.92974
-0.87852
-0.87738
-0.84625
-0.88978
-0.88171
-0.87251
-0.98515
0
-0.91807
-0.97046
0
0
0
0
0
0
0
0
0
0
0
0
0
0
0
0
0
0
0
0
0
0
0
0
18.052
0
0
0
0
0
0
0
0
0
0
0
0
0
0
0
0
0
0
0
0
0
0
0
0
0
0
0
0
0
0
0
0
0
0
0
0
0
0
0
0
0
0
0
0
0
0
0
0
0
0
0
0
0
0
0
0
0
0
0
0
0
0
0
0
0
0
0
0
0
0
0
0
0
0
-0.79566
-0.79018
-0.80602
-0.73811
-0.78123
-0.77711
-0.76355
-0.7908
-0.76355
-0.76353
-0.80381
-0.75532
-0.76412
-0.72978
-0.77957
-0.76438
-0.75719
0
0
0
0
0
0
0
0
0
0
0
0
0
0
0
0
0
0
0
0
0
0
0
0
0
0
0
0
0
20.7914
0
0
0
0
0
0
0
0
-1.03
0
0
0
0
0
0
0
0
0
0
0
0
0
0
0
0
0
-3.0478
0
0
0
0
0
0
0
0
0
0
0
0
0
0
0
0
0
0
0
0
0
0
0
0
0
0
0
0
0
0
0
0
0
0
-3.5897
0
0
0
0
0
0
0
0
0
0
0
-0.93333
-0.91868
-0.92753
-0.86675
-0.91307
-0.90828
-0.89578
-0.93114
-0.8943
-0.89429
-0.94075
-0.88585
-0.88923
-0.85195
-0.90283
-0.889
-0.87472
0
0
0
0
0
0
0
0
0
0
0
0
0
0
0
0
0
0
0
0
0
0
0
0
0
0
0
0
0
0
19.1218
0
0
0
0
0
0
0
0
0
0
0
0
0
0
0
0
0
0
0
0
0
0
0
0
0
0
0
0
0
0
0
0
0
0
0
-3.8043
0
0
0
0
0
0
0
0
0
0
0
0
0
0
0
0
0
0
0
0
0
0
0
0
0
0
0
0
0
0
0
0
0
0
0
0
-0.92494
-0.90895
-0.93068
-0.81989
-0.89994
-0.89553
-0.88464
-0.91393
-0.88167
-0.88165
-0.93352
-0.87835
-0.87893
-0.84417
-0.89275
-0.87858
0
0
0
0
0
0
0
0
0
0
0
0
0
0
0
0
0
0
0
0
0
0
0
0
0
0
0
0
0
0
0
0
16.826
0
0
0
0
0
0
0
0
0
0
0
0
0
0
0
0
-2.5779
0
0
0
0
0
0
0
0
0
0
0
0
0
0
0
0
0
0
0
0
0
0
0
0
0
0
0
0
0
0
0
0
0
0
0
0
0
0
0
0
0
0
0
0
0
0
0
0
0
0
0
0
0
0
-0.89596
-0.87143
-0.90673
-0.83347
-0.87853
-0.87372
-0.85752
-0.89317
-0.85967
-0.85965
-0.90456
-0.85184
-0.85132
-0.82098
-0.86658
-0.85532
0
0
0
0
0
0
0
0
0
0
0
0
0
0
0
0
0
0
0
0
0
0
0
0
0
0
0
0
0
0
0
0
0
16.0002
0
0
0
0
0
0
0
0
0
-2.1197
0
0
0
0
0
0
0
0
0
0
0
0
0
0
0
0
0
0
0
0
0
0
0
0
0
0
0
0
0
0
0
0
0
0
0
0
0
0
0
0
0
0
0
0
0
0
0
0
0
0
0
0
0
0
0
0
0
0
0
0
-0.89596
-0.87143
-0.90673
-0.83348
-0.87853
-0.87372
-0.85752
-0.89317
-0.85967
-0.85965
-0.90456
-0.85185
-0.85133
-0.82097
-0.86658
-0.85532
0
0
0
0
0
0
0
0
0
0
0
0
0
0
0
0
0
0
0
0
0
0
0
0
0
0
0
0
0
0
0
0
0
0
16.0002
0
0
0
0
0
0
0
0
-2.1197
0
0
0
0
0
0
0
0
0
0
0
0
0
0
0
0
0
0
0
0
0
0
0
0
0
0
0
0
0
0
0
0
0
0
0
0
0
0
0
0
0
0
0
0
0
0
0
0
0
0
0
0
0
0
0
0
0
0
0
0
-0.92846
-0.91539
-0.93127
-0.86385
-0.90805
-0.90458
-0.89092
-0.92346
-0.89096
-0.89095
-0.92995
-0.87996
-0.88594
-0.84848
0
-0.88513
0
0
0
0
0
0
0
0
0
0
0
0
0
0
0
0
0
0
0
0
0
0
0
0
0
0
0
0
0
0
0
0
0
0
0
20.2102
0
0
0
0
0
0
0
0
0
0
0
0
0
0
0
0
0
-2.5322
0
0
0
0
0
0
0
0
0
0
0
0
0
0
0
0
0
0
0
0
0
0
0
0
0
0
0
0
0
0
0
0
0
0
-4.2006
0
0
0
0
0
0
0
0
0
0
0
0
0
0
0
-0.92614
-0.92052
-0.93681
-0.86034
-0.90657
-0.90397
-0.88402
-0.92281
-0.887
-0.88698
-0.93645
-0.8837
-0.88017
-0.85186
-0.89356
-0.88599
0
0
0
0
0
0
0
0
0
0
0
0
0
0
0
0
0
0
0
0
0
0
0
0
0
0
0
0
0
0
0
0
0
0
0
0
14.3669
0
0
0
0
0
0
0
0
0
0
0
0
0
0
0
0
0
0
0
0
0
0
0
0
0
0
0
0
0
0
0
0
0
0
0
0
0
0
0
0
0
0
0
0
0
0
0
0
0
0
0
0
0
0
0
0
0
0
0
0
0
0
0
0
0
0
0
-0.90956
-0.90388
-0.91951
-0.8515
-0.89733
-0.8947
-0.88057
-0.91709
-0.88118
-0.88117
0
0
0
0
0
0
0
0
0
-0.90618
0
0
0
0
-0.88843
0
0
0
0
0
0
0
0
0
0
0
0
0
0
0
0
0
0
0
0
0
0
0
0
0
0
0
0
17.8825
0
0
0
0
-1.8298
0
0
0
0
0
-1.7316
0
0
0
0
0
0
0
0
0
0
0
0
0
0
0
0
0
0
0
0
0
0
0
0
0
0
0
0
0
0
0
0
0
0
0
0
0
0
0
0
0
0
0
0
0
0
0
0
-3.5899
0
0
0
0
0
0
-0.99481
-0.98997
-1.0134
-0.93462
-0.98233
-0.9772
-0.9562
-0.98897
-0.95902
-0.95901
-1.0066
0
0
0
0
0
0
0
0
0
0
0
0
0
0
0
-1.0078
0
0
0
0
0
0
0
0
0
0
0
-0.91635
0
0
0
0
0
0
0
0
0
0
0
0
0
0
0
15.8257
0
0
0
0
0
0
0
0
0
0
0
0
0
0
0
0
0
0
-3.1395
0
0
0
0
0
0
0
0
0
0
0
0
0
0
0
0
0
0
0
0
0
0
0
0
0
0
0
0
0
0
0
0
0
0
0
0
0
0
0
0
0
0
0
0
0
0
-0.98388
-0.9745
-0.98846
-0.92471
-0.96887
-0.96508
-0.95196
-1.0056
-0.95198
-0.95197
0
0
0
0
0
0
0
0
0
0
0
0
0
0
0
0
0
0
0
0
0
0
0
0
0
0
0
0
0
0
0
0
0
-1.089
0
0
-1.03
0
0
0
0
0
0
0
0
18.3738
0
0
0
0
0
0
0
0
0
0
0
0
0
0
0
0
0
0
0
0
0
-3.0085
0
0
0
0
0
0
0
-3.5793
0
0
0
0
0
0
0
0
0
0
0
0
0
0
0
0
0
0
0
0
0
0
0
0
0
0
0
0
0
0
0
0
0
0
-1.0302
-1.0095
-1.0334
-0.93341
-1.0014
-0.99535
-0.98319
-1.0154
-0.97922
-0.97921
-1.035
0
0
0
0
0
0
0
0
0
0
0
0
0
0
0
0
0
0
0
0
0
0
0
0
0
0
0
0
0
0
0
0
0
0
0
0
0
0
0
0
0
0
0
0
0
13.1497
0
0
0
0
0
-2.1544
0
0
0
0
0
0
0
0
0
0
0
0
0
0
0
0
0
0
0
0
0
0
0
0
0
0
0
0
0
0
0
0
0
0
0
0
0
0
0
0
0
0
0
0
0
0
0
0
0
0
0
0
0
0
0
0
0
-1.32
-1.3095
-1.341
-1.2574
-1.3077
-1.3032
-1.2755
-1.3262
-1.287
-1.287
0
0
0
0
0
0
0
0
0
0
0
0
0
0
0
0
0
0
0
0
0
0
0
0
0
0
0
0
0
0
0
0
0
0
0
0
0
0
0
0
0
0
0
0
0
0
0
13.0146
0
0
0
0
0
0
0
0
0
0
0
0
0
0
0
0
0
0
0
0
0
0
0
0
0
0
0
0
0
0
0
0
0
0
0
0
0
0
0
0
0
0
0
0
0
0
0
0
0
0
0
0
0
0
0
0
0
0
0
0
0
0
0
0
0
0
0
0
0
0
0
0
0
0
0
0
0
0
0
0
0
0
0
0
-1.6419
0
0
0
0
0
0
0
0
0
-1.5403
0
0
0
0
0
0
0
0
0
0
0
0
0
0
0
0
0
0
0
0
-1.8298
0
0
0
0
14.6836
0
0
0
0
0
0
0
0
-2.665
0
0
0
0
-2.5984
0
0
0
0
0
0
0
0
0
0
0
0
0
0
0
0
-3.7582
0
0
0
0
0
0
0
0
0
0
0
0
-0.64995
0
0
0
0
0
0
0
0
0
0
0
0
0
0
0
0
0
0
0
0
0
0
0
0
0
0
0
0
0
0
0
0
0
0
0
0
0
0
0
0
0
0
0
0
0
0
0
0
-2.2229
0
0
0
0
0
0
0
0
0
0
0
0
0
0
0
0
0
-2.1197
-2.1197
0
0
0
0
0
0
0
0
12.4998
0
0
0
0
0
0
0
0
0
0
0
-3.3869
0
0
0
0
0
0
0
0
-2.6505
0
0
0
0
0
0
0
0
0
0
0
0
0
0
0
0
0
0
0
0
0
0
0
0
0
0
0
0
0
0
0
0
0
0
0
0
0
0
0
0
0
0
0
0
0
0
0
0
0
0
0
0
0
0
0
0
0
0
0
0
0
0
0
0
0
0
0
0
0
0
0
0
0
0
0
0
0
0
0
-2.1523
0
0
0
0
0
0
0
0
0
0
0
0
0
0
0
0
0
0
0
11.518
0
0
-2.6007
0
-3.2492
0
0
0
0
0
0
0
0
0
0
0
0
0
0
0
0
-3.5157
0
0
0
0
0
0
0
0
0
0
0
0
0
0
0
0
0
0
0
0
0
0
0
0
0
0
0
0
0
0
0
0
0
0
0
0
0
0
0
0
0
0
0
0
0
0
0
0
0
0
0
0
0
0
0
0
0
0
0
0
0
0
0
0
0
0
0
0
0
0
0
0
0
0
0
0
0
0
0
0
0
0
0
0
0
0
0
0
0
0
0
0
0
0
0
0
0
0
14.1722
0
0
0
0
-3.2138
0
-3.0559
0
0
0
0
0
0
0
0
0
-3.1549
0
0
0
0
0
0
0
0
0
0
0
0
0
0
0
0
0
0
0
0
0
0
0
0
0
0
0
-4.7477
0
0
0
0
0
0
0
0
0
0
0
0
0
0
0
0
0
0
0
0
0
0
0
0
0
0
0
0
0
-2.9948
0
-3.0901
0
0
0
0
0
0
0
0
0
0
0
0
0
0
0
0
0
0
0
0
0
0
0
0
0
0
0
0
0
0
0
0
0
0
0
0
0
-2.1544
0
0
0
0
0
11.2011
0
0
-2.9617
0
0
0
0
0
0
0
0
0
0
0
0
0
0
0
0
0
0
0
0
0
0
0
0
0
0
0
0
0
0
0
0
0
0
0
0
0
0
0
0
0
0
0
0
0
0
0
0
0
0
0
0
0
0
-1.9234
0
0
0
0
0
0
0
0
0
0
0
0
0
0
0
0
0
0
0
0
0
0
0
0
0
0
0
0
0
0
0
0
0
0
0
0
0
0
0
-1.7924
0
0
0
0
0
0
0
0
0
0
0
0
0
0
0
0
0
0
0
-2.6007
0
0
9.9449
0
0
0
0
0
0
0
0
0
0
0
0
0
0
0
0
0
0
0
0
0
0
0
0
0
0
0
0
0
0
0
0
0
0
0
0
0
0
0
-3.6283
0
0
0
0
0
0
0
0
0
0
0
0
0
0
0
0
0
0
0
0
0
0
0
0
0
0
0
0
0
0
0
0
0
0
0
0
0
0
0
0
0
0
0
0
0
0
0
0
0
0
0
0
0
0
0
0
0
0
0
0
0
0
0
0
0
0
0
0
0
-1.7316
0
0
0
0
0
0
0
0
0
0
13.0456
0
0
0
0
0
0
0
0
0
0
0
0
-3.7478
0
0
0
-4.0542
0
0
0
0
0
0
0
0
0
0
0
-3.512
0
0
0
0
0
0
0
0
0
0
0
0
0
0
0
0
0
0
0
0
0
0
0
0
0
0
0
0
0
-2.7939
0
0
0
0
0
0
0
0
0
0
0
0
0
0
0
0
0
0
0
0
0
0
0
0
0
0
0
0
0
0
0
0
0
0
0
0
0
0
0
0
0
0
0
0
-2.5779
0
0
0
0
0
0
0
0
0
0
0
-3.2492
0
-2.9617
0
0
11.5827
0
0
0
0
0
0
0
0
0
0
0
0
0
0
0
0
0
0
0
0
0
0
0
0
0
0
0
0
0
0
0
0
0
0
0
0
0
0
0
0
0
0
0
0
0
0
0
0
0
0
0
0
0
0
0
0
0
0
0
0
0
0
0
0
-2.0677
0
0
0
0
0
0
0
0
0
0
0
0
0
0
0
0
0
0
0
0
0
0
0
0
0
0
0
0
0
0
0
0
0
0
0
0
0
0
0
0
0
0
0
0
0
0
0
0
0
0
-3.2138
0
0
0
0
12.7919
0
0
0
0
0
0
0
0
0
0
-3.5773
0
0
0
0
0
0
-3.9331
0
0
0
0
0
0
0
0
0
0
0
0
0
0
0
0
0
0
0
0
0
0
0
0
0
0
0
0
0
0
0
0
0
0
0
0
0
0
0
0
0
0
0
0
0
0
0
0
0
0
0
0
0
0
0
0
-2.3721
0
0
0
0
0
0
0
0
0
0
0
0
0
0
0
0
0
0
0
0
0
0
0
0
0
0
0
0
0
0
0
0
0
0
0
0
-2.665
0
0
0
0
0
0
0
0
10.8443
0
0
-2.9271
0
0
0
0
0
-2.8801
0
0
0
0
0
0
0
0
0
0
0
0
0
0
0
0
0
0
0
0
0
0
0
0
0
0
0
0
0
0
0
0
0
0
0
0
0
0
0
0
0
0
0
0
0
0
0
0
0
0
0
0
0
0
0
0
0
0
0
0
-2.3697
0
0
0
0
0
0
0
0
0
0
0
0
0
0
-2.1816
0
0
0
0
0
0
0
0
0
0
0
0
0
0
0
0
0
0
0
0
0
0
0
0
0
0
0
0
-3.0559
0
0
0
0
0
0
10.584
0
0
0
-2.9768
0
0
0
0
0
0
0
0
0
0
0
0
0
0
0
0
0
0
0
0
0
0
0
0
0
0
0
0
0
0
0
0
0
0
0
0
0
0
0
0
0
0
0
0
0
0
0
0
0
0
0
0
0
0
0
0
0
0
0
0
0
0
0
0
0
0
0
-2.5516
0
0
0
0
-2.4922
0
0
0
0
0
0
0
0
0
0
0
0
0
0
0
0
0
0
0
0
0
0
0
0
0
-2.5322
0
0
0
0
0
0
0
0
0
0
0
0
0
0
0
0
0
11.0972
0
0
0
0
0
0
0
0
0
0
0
0
0
0
0
0
0
0
0
0
0
0
0
0
-3.5211
0
0
0
0
0
0
0
0
0
0
0
0
0
0
0
0
0
0
0
0
0
0
0
0
0
0
0
0
0
0
0
0
0
0
0
0
0
0
0
0
0
0
0
0
0
0
0
0
-0.47801
0
0
0
0
0
0
0
0
0
0
0
0
0
0
0
0
0
0
0
0
0
0
0
0
0
0
0
0
0
0
0
0
0
0
0
0
0
0
0
0
0
0
0
-2.9271
0
0
7.7322
0
0
0
0
0
0
0
0
0
0
0
0
0
0
0
0
0
0
0
0
0
0
0
0
0
0
0
0
0
0
0
0
0
0
0
0
0
0
0
0
0
0
0
0
-4.3271
0
0
0
0
0
0
0
0
0
0
0
0
0
0
0
0
0
0
0
0
0
0
0
0
0
0
0
0
0
0
0
0
0
0
0
0
0
0
0
0
0
0
0
-3.0266
0
0
0
0
0
0
0
0
0
0
0
0
0
0
0
0
0
0
0
-3.3869
0
0
0
0
0
0
0
0
0
0
0
10.1365
0
0
0
0
0
0
0
0
0
0
0
0
0
0
0
0
0
0
0
0
0
0
0
-3.723
0
0
0
0
0
0
0
0
0
0
0
0
0
0
0
0
0
0
0
0
0
0
0
0
0
0
0
0
0
0
0
0
0
0
0
0
0
0
0
0
0
0
0
0
0
0
0
0
0
0
0
0
0
0
0
0
0
0
0
0
0
0
0
0
0
0
0
0
0
0
0
0
0
0
0
0
0
0
0
0
0
0
-2.5984
0
0
0
0
0
0
0
0
0
-2.9768
0
0
0
9.3977
0
0
0
0
0
0
0
0
0
0
0
0
0
0
0
0
0
0
0
0
0
0
0
0
0
-3.8225
0
0
0
0
0
0
0
0
0
0
0
0
0
0
0
0
0
0
0
0
0
0
0
0
0
0
0
0
0
0
0
0
0
0
0
0
0
0
0
0
0
0
0
0
0
0
0
0
0
0
0
0
0
0
0
0
0
0
0
0
0
0
0
0
0
0
0
-3.0478
0
0
0
0
0
0
0
-3.1395
0
0
0
0
0
0
0
0
0
0
0
0
0
0
0
0
0
0
10.6623
0
0
0
0
0
0
0
0
0
0
0
0
0
0
0
0
0
0
0
0
0
0
0
0
0
0
0
0
0
0
0
-4.4751
0
0
0
0
0
0
0
0
0
0
0
0
0
0
-3.5337
0
0
0
0
0
-3.4846
0
0
0
0
0
0
0
0
0
0
0
0
0
0
0
0
0
0
0
0
0
0
0
0
0
0
0
0
0
0
0
0
-3.2496
0
0
0
0
0
0
0
0
0
0
0
0
0
0
0
0
0
0
0
0
0
0
0
0
0
0
0
0
0
0
0
0
0
0
10.2679
0
0
0
0
0
0
0
0
0
0
0
0
0
0
0
0
0
0
0
0
0
0
0
0
0
0
0
0
0
0
0
0
0
0
0
0
0
0
0
0
0
0
0
0
0
0
0
0
0
0
0
0
0
0
0
0
0
-3.483
0
-3.5245
0
0
0
0
0
0
0
-3.4579
0
0
0
0
0
0
0
0
0
0
0
0
0
0
0
0
0
0
0
0
0
0
0
0
0
0
0
0
0
0
0
0
0
0
0
0
0
0
0
0
0
0
0
0
0
0
0
0
0
0
0
0
10.4655
0
0
0
0
0
0
0
0
0
0
0
0
0
0
0
0
0
0
0
0
0
0
0
0
0
0
0
0
0
0
0
0
0
0
0
0
0
0
0
0
0
0
0
0
-3.3589
0
0
0
0
-3.3344
0
0
0
0
0
0
0
0
0
0
0
0
0
0
0
0
0
0
0
0
0
0
0
0
0
0
0
0
0
0
0
0
0
0
0
0
0
0
0
0
0
0
0
0
0
0
0
0
0
0
0
0
0
0
0
0
0
0
0
0
0
-2.8801
0
0
0
0
0
0
0
0
9.5734
0
0
0
0
0
0
0
0
0
0
0
0
0
0
0
0
0
0
0
0
0
0
0
0
0
0
0
0
0
0
0
0
0
0
0
0
0
0
0
0
0
0
0
0
0
0
0
0
0
0
0
0
0
0
0
0
0
0
0
0
0
0
0
0
0
0
0
0
0
0
0
0
0
0
0
0
0
0
0
0
0
0
0
0
0
0
0
0
0
0
0
0
0
0
0
0
0
0
-3.0085
0
0
0
0
0
0
0
0
-3.7478
0
-3.5773
0
0
0
0
0
0
0
0
0
0
10.3335
0
0
0
0
0
0
0
0
0
0
0
0
0
0
0
0
0
0
0
0
0
0
0
0
0
0
0
0
0
0
0
0
0
0
0
0
0
0
0
0
0
0
0
0
0
0
0
0
0
0
0
0
0
0
0
0
0
0
0
0
-3.771
0
0
0
0
0
0
0
0
0
0
-3.5568
0
0
0
0
0
0
0
0
0
0
0
0
0
0
0
0
0
0
0
0
0
0
0
0
0
0
0
0
0
0
0
-3.1549
0
0
0
0
0
0
0
0
0
0
0
0
0
0
0
0
10.4826
0
0
0
0
0
0
0
0
0
0
0
0
0
0
0
0
0
0
0
0
0
0
0
0
0
0
0
0
0
0
0
0
0
0
0
0
0
0
0
0
0
0
0
0
0
0
0
0
0
0
0
0
0
0
-3.1387
0
0
0
0
0
0
0
0
0
0
0
0
0
-3.0491
0
0
0
0
0
0
0
0
0
0
0
0
0
0
0
0
0
0
0
0
0
0
0
0
0
0
0
0
0
0
0
0
0
0
0
0
0
0
0
0
0
0
0
0
0
0
0
0
0
0
0
10.3562
0
0
0
0
0
0
0
0
0
0
0
0
0
0
0
0
0
0
0
0
-4.1683
0
0
0
0
0
0
0
0
0
0
0
0
0
0
0
0
0
0
0
0
-3.664
0
0
0
0
0
0
0
0
0
0
0
0
0
0
0
0
0
0
0
0
0
0
0
0
0
0
0
0
0
0
0
0
0
0
0
0
0
0
0
0
0
0
0
0
0
0
0
0
0
0
0
0
0
0
0
0
0
-2.6505
0
0
0
0
0
0
0
0
0
0
0
0
0
0
0
0
0
0
0
0
10.4566
0
0
0
0
0
0
-4.142
0
0
0
0
0
0
0
0
0
0
0
0
0
0
0
0
0
0
0
0
0
0
0
0
0
0
0
0
0
0
0
0
0
0
0
0
0
0
0
-4.3404
0
0
0
0
0
0
0
0
0
0
0
0
0
0
0
0
0
0
0
0
0
0
0
0
0
0
0
0
0
0
0
0
0
0
0
0
0
0
0
0
0
0
0
0
0
0
0
0
0
0
0
0
0
0
0
0
-4.0542
0
0
0
0
0
0
0
0
0
0
0
0
0
0
0
0
8.3947
0
0
0
0
0
0
0
0
0
0
0
0
0
0
0
0
0
0
0
0
0
0
0
0
0
0
0
0
0
0
0
0
0
0
0
0
0
0
0
0
0
0
0
0
0
0
0
0
0
0
0
0
0
0
0
0
0
0
0
0
0
0
0
0
0
0
0
0
0
0
0
0
0
0
0
0
0
0
0
0
0
0
0
0
0
0
0
0
0
0
0
0
0
0
0
0
0
0
-3.5157
0
0
0
0
0
0
0
0
0
0
0
0
0
0
0
0
0
0
0
0
0
7.9449
0
0
0
0
0
0
0
-4.4291
0
0
0
0
0
0
0
0
0
0
0
0
0
0
0
0
0
0
0
0
0
0
0
0
0
0
0
0
0
0
0
0
0
0
0
0
0
0
0
0
0
0
0
0
0
0
0
0
0
0
0
0
0
0
0
0
0
0
0
0
0
0
0
0
0
0
0
0
0
0
0
0
-4.0164
0
0
0
-3.8043
0
0
0
0
0
0
0
0
0
0
0
0
0
0
0
0
0
0
0
0
0
0
0
0
0
0
0
0
0
0
0
0
0
0
0
7.8207
0
0
0
0
0
0
0
0
0
0
0
0
0
0
0
0
0
0
0
0
0
0
0
0
0
0
0
0
0
0
0
0
0
0
0
0
0
0
0
0
0
0
0
0
0
0
0
0
0
0
0
0
0
0
0
0
0
0
0
0
0
0
-4.2821
0
0
0
0
0
0
0
0
0
0
0
0
0
0
0
0
0
0
0
0
0
0
0
0
0
0
0
0
0
0
0
0
0
0
0
0
0
0
0
-3.9331
0
0
0
0
0
0
0
0
0
0
0
0
0
0
0
0
0
8.2152
0
0
0
0
0
0
0
0
0
0
0
0
0
0
0
0
0
0
0
0
0
0
0
0
0
0
0
0
0
0
0
0
0
0
0
0
0
0
0
0
0
0
0
0
0
0
-4.3404
0
0
0
0
0
0
0
0
0
0
0
0
0
0
0
0
0
0
0
0
0
0
0
0
0
0
0
0
0
0
0
0
0
0
0
0
0
0
0
0
0
0
0
-3.5793
0
0
0
0
0
0
0
0
0
0
0
0
0
0
0
0
0
0
0
0
0
0
0
0
0
0
0
0
0
7.9197
0
0
0
0
0
0
0
0
0
0
0
0
0
0
0
0
0
0
0
0
0
0
0
0
0
0
0
0
0
0
0
0
0
0
0
0
0
0
0
0
0
0
0
0
0
0
0
0
-5.0077
0
0
0
0
0
0
0
0
0
0
-4.7997
0
0
0
0
0
0
0
0
0
0
0
0
0
0
0
0
0
0
0
0
0
0
0
0
0
0
0
0
0
0
0
0
0
0
0
0
0
0
0
0
0
0
0
0
0
0
0
0
0
0
0
0
0
0
0
0
0
0
0
0
9.8074
0
0
0
0
0
0
0
0
0
0
0
0
0
0
0
0
0
0
0
0
0
0
0
0
0
0
0
0
0
0
0
0
0
0
0
0
0
0
0
0
0
0
0
0
0
0
0
0
0
0
0
0
0
0
0
0
0
0
0
0
0
0
0
0
0
0
0
0
0
0
0
0
0
0
0
0
0
0
0
0
0
0
0
0
0
0
0
0
0
0
0
0
0
0
0
0
0
0
0
0
0
0
0
0
0
0
0
0
0
0
0
0
0
-4.142
0
0
0
0
0
0
8.6396
0
0
0
0
0
0
0
0
0
-4.4975
0
0
0
0
0
0
0
0
0
0
0
0
0
0
0
0
0
0
0
0
0
0
0
0
0
0
0
0
0
0
0
0
0
0
0
0
0
0
0
0
0
0
0
0
0
0
0
0
0
0
0
0
0
0
0
-4.4686
0
0
0
-4.3702
0
0
0
0
0
0
0
0
0
0
0
0
0
0
0
0
0
0
0
0
0
0
0
0
0
0
0
0
0
0
0
0
0
0
0
0
0
0
0
0
0
0
0
0
0
0
0
0
0
0
8.8388
0
0
0
0
0
0
0
0
0
0
0
0
0
0
0
0
0
0
0
0
0
0
0
0
0
0
0
0
0
0
0
0
0
0
0
0
0
0
0
0
0
0
0
0
0
0
0
0
0
0
0
0
0
0
0
0
0
0
0
0
0
0
0
0
0
0
0
0
0
0
0
0
0
0
-3.6689
0
0
0
0
0
0
0
0
0
0
0
0
0
0
-3.7582
0
0
0
0
0
0
0
0
0
0
0
0
0
0
0
0
0
0
0
0
0
0
0
0
0
0
0
0
0
0
7.4271
0
0
0
0
0
0
0
0
0
0
0
0
0
0
0
0
0
0
0
0
0
0
0
0
0
0
0
0
0
0
0
0
0
0
0
0
0
0
0
0
0
0
0
0
0
0
0
0
0
0
0
0
0
0
0
0
0
0
0
0
0
0
0
0
0
0
0
0
-2.6478
0
0
0
0
0
0
0
0
0
0
0
0
0
0
0
0
0
0
0
0
0
0
0
0
0
0
0
0
0
0
0
0
0
0
0
0
0
0
0
0
0
0
0
-4.4291
0
0
0
0
0
0
0
7.0769
0
0
0
0
0
0
0
0
0
0
0
0
0
0
0
0
0
0
0
0
0
0
0
0
0
0
0
0
0
0
0
0
0
0
0
0
0
0
0
0
0
0
0
0
0
0
0
0
0
0
0
0
-4.7442
0
0
0
0
-4.6905
0
0
0
0
0
0
0
0
0
0
0
0
0
0
0
0
0
0
0
0
0
0
0
0
0
0
0
0
0
0
0
0
0
0
0
0
0
0
0
0
0
0
0
0
0
0
0
0
0
0
0
0
0
0
0
0
0
0
0
0
0
0
9.4347
0
0
0
0
0
0
0
0
0
0
0
0
0
0
0
0
0
0
0
0
0
0
0
0
0
0
0
0
0
0
0
0
0
0
0
0
0
0
0
0
0
0
0
0
0
0
0
0
0
0
0
0
0
0
0
0
0
0
-4.3372
0
0
0
0
0
0
0
0
0
0
0
0
-4.0992
0
0
0
0
0
0
0
0
0
0
0
0
0
0
0
0
0
0
0
0
0
0
0
0
0
0
0
0
0
0
0
0
0
0
0
0
0
0
0
0
0
0
0
0
0
0
0
0
8.4364
0
0
0
0
0
0
0
0
0
0
0
0
0
0
0
0
0
0
0
0
0
0
0
0
0
0
0
0
0
0
0
0
0
0
0
0
0
0
0
0
0
0
0
0
0
0
0
0
0
0
0
0
0
0
0
0
0
0
0
0
0
0
0
0
0
0
0
0
0
0
0
0
0
0
0
0
0
0
0
0
0
0
0
0
0
0
0
0
0
0
0
-3.512
0
0
0
0
0
0
0
0
0
0
0
0
0
0
0
0
0
0
0
0
0
0
0
0
0
0
0
0
7.9984
0
0
0
0
-4.4864
0
0
0
0
0
0
0
0
0
0
0
0
0
0
0
0
0
0
0
0
0
0
0
0
0
0
0
0
0
0
0
0
0
0
0
0
0
0
0
0
0
0
0
0
0
0
0
0
0
0
0
0
0
0
0
0
0
-3.9067
0
0
0
0
0
0
0
0
0
0
0
0
0
0
0
0
0
0
0
0
0
0
0
0
0
0
0
0
0
0
0
0
-3.5211
0
0
0
0
0
0
0
0
0
0
0
0
0
0
0
0
0
0
0
0
0
0
0
0
7.4278
0
0
0
0
0
0
0
0
0
0
0
0
0
0
0
0
0
0
0
0
0
0
0
0
0
0
-4.5801
0
0
0
0
0
0
0
0
0
0
0
0
0
0
0
0
0
0
0
0
0
0
0
0
0
0
0
0
0
0
0
0
0
0
0
0
0
0
0
0
0
0
0
0
0
0
0
0
0
0
0
0
0
0
0
0
0
0
0
0
0
0
0
0
0
0
0
0
0
-3.723
0
0
0
0
0
0
0
0
0
0
0
0
0
0
0
0
0
0
0
0
0
0
0
8.3031
0
0
0
0
0
0
0
0
0
0
0
0
0
0
0
0
0
0
0
0
0
0
0
0
0
0
-4.9305
0
0
0
0
0
0
0
0
0
0
0
0
0
0
0
0
0
0
0
0
0
0
0
0
0
0
0
0
0
0
0
0
0
0
0
0
-4.2852
0
0
0
0
0
0
0
0
0
0
0
0
0
0
0
0
0
0
0
0
0
0
0
0
0
0
0
0
0
0
0
0
0
0
0
0
0
0
0
0
0
0
0
0
0
0
0
0
0
0
0
0
0
0
0
0
9.2157
0
0
0
0
0
0
0
0
0
0
0
0
0
0
0
0
0
0
0
0
0
0
0
0
0
0
0
0
0
0
0
0
0
0
0
0
0
0
0
-3.9749
0
0
0
0
0
0
0
0
0
0
0
0
0
0
0
0
0
0
0
0
0
0
0
0
0
0
0
0
0
0
0
0
0
0
0
0
0
0
0
0
0
0
0
0
0
0
0
0
0
0
0
0
0
0
0
0
0
0
0
0
0
0
0
0
0
0
0
0
0
0
-4.4975
0
0
0
0
0
0
0
0
0
8.4724
0
0
0
0
0
0
0
0
0
0
0
0
0
0
0
0
0
0
0
0
0
0
0
0
0
0
0
0
0
0
0
0
0
0
0
0
0
0
0
0
0
0
0
0
0
0
0
0
0
0
0
0
0
0
0
0
0
0
0
0
0
0
0
0
0
0
0
0
0
0
0
0
0
0
0
0
0
0
0
0
0
0
0
0
0
0
0
0
0
0
0
0
0
0
-3.8225
0
0
0
0
0
0
0
0
0
0
0
0
0
0
0
0
0
0
0
0
-4.4864
0
0
0
0
8.3089
0
0
0
0
0
0
0
0
0
0
0
0
0
0
0
0
0
0
0
0
0
0
0
0
0
-4.4736
0
0
0
0
0
0
0
0
0
0
0
0
0
0
0
0
0
0
0
0
0
0
0
0
0
0
0
0
0
0
0
0
0
0
0
0
0
-3.953
0
0
0
0
0
0
0
0
0
0
0
0
0
0
0
0
0
0
0
0
0
0
0
0
0
0
0
0
0
0
0
0
0
0
0
0
0
0
0
0
0
0
0
0
0
0
0
0
0
0
0
0
0
0
0
0
8.4266
0
0
0
0
0
0
0
0
0
0
0
0
0
0
0
0
0
0
0
0
0
0
0
0
0
0
0
0
0
0
0
0
0
0
0
0
0
0
0
0
0
0
0
0
0
0
0
0
0
0
0
0
0
0
0
0
0
-3.9894
0
0
0
0
0
0
0
0
0
0
0
0
0
0
0
0
0
0
0
0
0
0
0
0
0
0
0
0
0
0
0
0
0
0
0
0
0
0
0
0
0
-4.1683
0
0
0
0
0
0
0
0
0
0
0
0
0
0
0
0
0
0
0
0
8.1577
0
0
0
0
0
0
0
0
0
0
0
0
0
0
0
0
0
0
0
0
0
0
0
0
0
0
0
0
0
0
0
0
0
0
0
0
0
0
0
0
0
0
0
0
0
0
0
0
0
0
0
0
0
-5.6126
0
0
0
0
0
0
0
0
0
0
0
0
0
0
0
0
0
0
0
0
0
0
0
0
0
0
0
0
0
0
0
0
0
0
0
0
0
0
0
0
0
0
0
0
0
0
0
0
0
0
0
0
0
0
0
0
0
0
0
0
0
0
0
0
0
0
5.6126
0
0
0
0
0
0
0
0
0
0
0
0
0
0
0
0
0
0
0
0
0
0
0
0
0
0
0
0
0
0
0
0
0
0
0
0
0
0
0
0
0
0
0
0
0
0
0
0
0
0
0
0
0
0
0
0
0
0
0
0
0
0
0
0
0
0
0
0
0
0
0
0
0
0
0
0
-0.64995
0
0
0
0
0
0
0
0
0
0
0
0
0
0
0
0
0
0
0
0
0
0
0
0
0
0
0
0
0
0
0
0
0
0
0
0
0
0
0
0
0
0
0
0.64995
0
0
0
0
0
0
0
0
0
0
0
0
0
0
0
0
0
0
0
0
0
0
0
0
0
0
0
0
0
0
0
0
0
0
0
0
0
0
0
0
0
0
0
0
0
0
0
0
0
0
0
0
0
0
0
0
0
0
0
0
0
0
0
0
0
0
0
0
0
0
0
0
0
0
0
0
0
0
0
0
-3.6283
0
0
0
0
0
0
0
0
0
0
0
0
0
0
0
0
0
0
0
0
0
0
0
0
0
0
0
0
0
0
0
0
0
0
0
0
0
0
0
3.6283
0
0
0
0
0
0
0
0
0
0
0
0
0
0
0
0
0
0
0
0
0
0
0
0
0
0
0
0
0
0
0
0
0
0
0
0
0
0
0
0
0
0
0
0
0
0
0
0
0
0
0
0
0
0
0
0
0
0
0
0
0
0
0
0
0
0
0
-4.2006
0
0
0
0
0
0
0
0
0
0
0
0
0
0
0
0
0
0
0
0
0
0
0
0
0
0
0
0
0
0
0
0
0
0
0
0
0
0
0
0
0
0
0
0
0
0
0
0
0
0
0
0
4.2006
0
0
0
0
0
0
0
0
0
0
0
0
0
0
0
0
0
0
0
0
0
0
0
0
0
0
0
0
0
0
0
0
0
0
0
0
0
0
0
0
0
0
0
0
0
0
0
0
0
0
0
0
0
0
0
0
0
0
0
0
0
0
0
0
0
0
0
0
0
0
0
0
0
0
0
0
0
0
0
0
0
0
0
0
0
0
0
0
-4.4751
0
0
0
0
0
0
0
0
0
0
0
0
0
0
0
0
0
0
0
0
0
0
0
0
0
0
0
0
0
0
0
4.4751
0
0
0
0
0
0
0
0
0
0
0
0
0
0
0
0
0
0
0
0
0
0
0
0
0
0
0
0
0
0
0
0
0
0
0
0
0
0
0
0
0
0
0
0
0
0
0
0
0
0
0
0
0
0
0
0
0
0
0
0
0
0
0
0
0
0
0
0
0
0
0
0
0
0
0
-4.7477
0
0
0
0
0
0
0
0
0
0
0
0
0
0
0
0
0
0
0
0
0
0
0
0
0
0
0
0
0
0
0
0
0
0
0
0
0
0
0
0
0
0
0
0
4.7477
0
0
0
0
0
0
0
0
0
0
0
0
0
0
0
0
0
0
0
0
0
0
0
0
0
0
0
0
0
0
0
0
0
0
0
0
0
0
0
0
0
0
0
0
0
0
0
0
0
0
0
0
0
-4.6548
0
0
0
0
0
0
0
0
0
0
0
0
0
0
0
0
0
0
0
0
0
0
0
0
0
0
0
0
0
0
0
0
0
0
0
0
0
0
0
0
0
0
0
0
0
0
0
0
0
0
0
0
0
0
0
0
0
0
0
0
0
0
0
0
0
0
4.6548
0
0
0
0
0
0
0
0
0
0
0
0
0
0
0
0
0
0
0
0
0
0
0
0
0
0
0
0
0
0
0
0
0
0
0
0
0
0
0
0
0
0
0
0
0
0
0
0
0
0
0
0
0
0
0
0
0
0
-3.5897
0
0
0
0
0
0
0
0
0
0
0
0
0
0
0
0
0
0
0
0
0
0
0
0
0
0
0
0
0
0
0
0
0
0
0
0
0
0
0
0
0
0
0
0
0
0
0
0
0
0
0
0
0
0
0
0
0
0
0
0
0
3.5897
0
0
0
0
0
0
0
0
0
0
0
0
0
0
0
0
0
0
0
0
0
0
0
0
0
0
0
0
0
0
0
0
0
0
0
0
0
0
0
0
0
0
0
0
0
0
0
0
0
0
0
0
0
0
0
-4.2369
0
0
0
0
0
0
0
0
0
0
0
0
0
0
0
0
0
0
0
0
0
0
0
0
0
0
0
0
0
0
0
0
0
0
0
0
0
0
0
0
0
0
0
0
0
0
0
0
0
0
0
0
0
0
0
0
0
0
0
0
0
0
0
0
4.2369
0
0
0
0
0
0
0
0
0
0
0
0
0
0
0
0
0
0
0
0
-6.8588
0
0
0
0
0
0
0
0
0
0
0
0
0
0
0
0
0
0
0
0
0
0
0
0
0
0
0
0
0
0
0
0
0
0
0
0
0
0
0
0
0
0
0
0
0
0
0
0
0
0
0
0
0
0
0
0
0
0
0
0
0
0
0
0
0
0
0
0
0
0
0
0
0
0
0
0
0
0
0
0
0
0
0
0
0
0
0
0
0
0
0
0
0
0
0
0
0
0
0
6.8588
0
0
0
0
0
0
0
0
0
0
0
0
0
0
0
0
0
0
0
0
0
0
0
0
0
0
0
0
0
0
0
0
0
0
0
0
0
0
0
0
0
0
0
-5.6126
0
0
0
0
0
0
0
0
0
0
0
0
0
0
0
0
0
0
0
0
0
0
0
0
0
0
0
0
0
0
0
0
0
0
0
0
0
0
0
0
0
0
0
0
0
0
0
0
0
0
0
0
0
0
0
0
0
0
0
0
0
0
0
0
0
0
0
0
0
0
0
0
0
0
0
0
5.6126
0
0
0
0
0
0
0
0
0
0
0
0
0
0
0
0
0
0
0
0
0
0
0
0
0
-6.6195
0
0
0
0
0
0
0
0
0
0
0
0
0
0
0
0
0
0
0
0
0
0
0
0
0
0
0
0
0
0
0
0
0
0
0
0
0
0
0
0
0
0
0
0
0
0
0
0
0
0
0
0
0
0
0
0
0
0
0
0
0
0
0
0
0
0
0
0
0
0
0
0
0
0
0
0
0
0
0
0
0
0
0
0
0
0
0
0
0
0
0
0
0
0
6.6195
0
0
0
0
0
0
0
0
0
0
0
0
0
0
0
0
0
0
0
0
0
0
0
0
0
0
0
0
0
0
0
0
0
0
0
0
0
0
0
0
0
0
0
0
0
0
0
0
0
0
0
0
0
0
0
0
0
0
0
0
-3.5899
0
0
0
0
0
0
0
0
0
0
0
0
0
0
0
0
0
0
0
0
0
0
0
0
0
0
0
0
0
0
0
0
0
0
0
0
0
0
0
0
0
0
0
0
0
0
0
0
0
0
0
0
0
0
0
0
0
0
0
3.5899
0
0
0
0
0
0
0
0
0
0
0
0
0
0
0
0
0
0
0
0
0
0
0
0
0
0
0
-5.9736
0
0
0
0
0
0
0
0
0
0
0
0
0
0
0
0
0
0
0
0
0
0
0
0
0
0
0
0
0
0
0
0
0
0
0
0
0
0
0
0
0
0
0
0
0
0
0
0
0
0
0
0
0
0
0
0
0
0
0
0
0
0
0
0
0
0
0
0
0
0
0
0
0
0
0
0
0
0
0
0
0
0
0
0
0
0
0
0
0
0
0
0
5.9736
0
0
0
0
0
0
0
0
0
0
0
0
0
0
0
0
0
0
0
0
0
0
0
0
0
0
0
0
0
0
0
0
0
0
0
0
0
0
0
0
0
0
0
0
0
0
0
0
0
0
0
0
0
0
0
0
0
0
0
0
0
0
0
0
0
0
0
0
0
0
0
0
0
0
0
-4.3271
0
0
0
0
0
0
0
0
0
0
0
0
0
0
0
0
0
0
0
0
0
0
0
0
0
0
0
0
0
0
0
0
0
0
0
0
0
0
0
0
0
0
0
0
4.3271
0
0
0
0
0
0
0
0
0
0
0
0
0
0
0
0
0
0
0
0
0
0
0
0
0
0
0
0
0
0
0
0
0
0
0
0
0
-4.1486
0
0
0
0
0
0
0
0
0
0
0
0
0
0
0
0
0
0
0
0
0
0
0
0
0
0
0
0
0
0
0
0
0
0
0
0
0
0
0
0
0
0
0
0
0
0
0
0
0
0
0
0
0
0
0
0
0
0
0
0
0
0
0
0
0
0
0
0
0
0
0
0
0
0
0
0
0
0
0
0
0
0
4.1486
0
0
0
0
0
0
0
0
0
0
0
0
0
0
0
0
0
0
0
0
0
-6.2909
0
0
0
0
0
0
0
0
0
0
0
0
0
0
0
0
0
0
0
0
0
0
0
0
0
0
0
0
0
0
0
0
0
0
0
0
0
0
0
0
0
0
0
0
0
0
0
0
0
0
0
0
0
0
0
0
0
0
0
0
0
0
0
0
0
0
0
0
0
0
0
0
0
0
0
0
0
0
0
0
0
0
0
0
0
0
0
0
0
0
0
0
0
0
0
0
0
0
6.2909
0
0
0
0
-6.5517
0
0
0
0
0
0
0
0
0
0
0
0
0
0
0
0
0
0
0
0
0
0
0
0
0
0
0
0
0
0
0
0
0
0
0
0
0
0
0
0
0
0
0
0
0
0
0
0
0
0
0
0
0
0
0
0
0
0
0
0
0
0
0
0
0
0
0
0
0
0
0
0
0
0
0
0
0
0
0
0
0
0
0
0
0
0
0
0
0
0
0
0
0
0
0
0
0
0
0
0
0
0
0
0
0
0
0
0
0
0
0
0
0
0
0
6.5517
0
0
0
0
0
0
0
0
0
0
0
0
0
0
0
0
0
0
-6.6195
0
0
0
0
0
0
0
0
0
0
0
0
0
0
0
0
0
0
0
0
0
0
0
0
0
0
0
0
0
0
0
0
0
0
0
0
0
0
0
0
0
0
0
0
0
0
0
0
0
0
0
0
0
0
0
0
0
0
0
0
0
0
0
0
0
0
0
0
0
0
0
0
0
0
0
0
0
0
0
0
0
0
0
0
0
0
0
0
0
0
0
0
0
0
0
0
0
0
0
0
0
6.6195
