1
0.96129
0.95272
0.95071
0.95
0.94857
0.94741
0.94664
0.94459
0.94269
0.94082
0.93888
0.93688
0.9348
0.93272
0.93062
0.92855
0.92651
0.92454
0.92261
0.92073
0.91891
0.91715
0.91547
0.91385
0.91231
0.91086
0.90949
0.90819
0.90695
0.90578
0.90466
0.90359
0.90256
0.90156
0.90059
0.89964
0.89872
0.89781
0.89692
0.89604
0.89515
0.89425
0.89335
0.89242
0.89149
0.89054
0.88957
0.88859
0.88761
0.88661
0.88561
0.88461
0.88359
0.88256
0.88152
0.88046
0.87939
0.8783
0.87719
0.87605
0.87489
0.87372
0.87255
0.87138
0.87023
0.86909
0.86798
0.8669
0.86584
0.86482
0.86383
0.86288
0.86197
0.86108
0.86023
0.85942
0.85864
0.85788
0.85715
0.85643
0.85573
0.85504
0.85434
0.85363
