1
0.95587
0.94279
0.93745
0.93423
0.93107
0.92874
0.92711
0.92203
0.91749
0.9134
0.90959
0.90601
0.90256
0.89919
0.89588
0.89266
0.8896
0.88674
0.88408
0.8816
0.8793
0.87715
0.87512
0.87318
0.87133
0.86954
0.86782
0.86616
0.86454
0.86298
0.86147
0.86002
0.85862
0.85725
0.85591
0.85458
0.85328
0.85201
0.85078
0.8496
0.84848
0.84744
0.84648
0.8456
0.84481
0.84411
0.8435
0.84299
0.84257
0.84226
0.84204
0.84191
0.84187
0.84188
0.84194
0.84202
0.84209
0.84214
0.84214
0.8421
0.842
0.84186
0.84167
0.84144
0.84117
0.84087
0.84055
0.84021
0.83987
0.83951
0.83916
0.83882
0.83849
0.83817
0.83787
0.83759
0.83734
0.83711
0.8369
0.83672
0.83655
0.83642
0.8363
0.8362
