1
0.9588
0.93711
0.92373
0.91287
0.90449
0.8976
0.89196
0.87876
0.86656
0.85525
0.84468
0.8347
0.82523
0.81624
0.80769
0.79958
0.79188
0.78459
0.7777
0.7712
0.76511
0.75942
0.75416
0.74927
0.74469
0.74032
0.73609
0.73195
0.72786
0.72374
0.71952
0.71521
0.71082
0.70638
0.7019
0.69743
0.693
0.68864
0.68438
0.68026
0.67629
0.67251
0.66892
0.66552
0.66229
0.65921
0.65629
0.65355
0.65098
0.64857
0.64632
0.6442
0.64219
0.64029
0.63849
0.63678
0.63517
0.63365
0.63223
0.63091
0.62968
0.62854
0.62747
0.62647
0.62553
0.62464
0.62379
0.62299
0.62222
0.62148
0.62076
0.62007
0.61938
0.61869
0.61797
0.61722
0.61641
0.61554
0.61462
0.61367
0.61269
0.61169
0.6107
0.60972
0.60877
0.60786
0.60701
0.60621
0.60547
0.60477
0.6041
0.60346
0.60281
0.60216
0.60148
0.60077
0.60002
0.59923
0.5984
0.59753
0.59663
0.59571
0.59477
0.59382
0.59285
0.59188
0.5909
0.58991
0.58892
0.58791
0.58691
0.58589
0.58487
0.58383
0.5828
0.58175
0.58068
0.57961
0.57853
0.57744
0.57633
0.57521
0.57408
0.57294
0.57179
0.57064
0.56948
0.56831
0.56714
0.56598
0.56481
0.56365
0.56249
0.56134
0.56019
0.55904
0.55789
0.55675
0.55562
0.5545
0.55339
0.5523
0.55124
0.5502
0.54919
0.54822
0.54728
0.54638
0.54552
0.5447
0.54391
0.54316
0.54245
0.54177
0.54114
0.54055
0.53999
0.53948
0.53901
0.53859
0.5382
0.53786
0.53756
0.53731
0.53709
0.53691
0.53677
0.53666
0.53657
0.5365
0.53644
0.53639
0.53634
0.53628
0.53621
0.53611
0.53597
0.53579
0.53555
0.53526
0.53491
0.53449
0.534
0.53343
0.53279
0.53207
0.53128
0.53042
0.5295
0.52853
0.52752
0.52648
0.52542
0.52436
0.52329
0.52222
0.52116
0.5201
0.51906
0.51803
0.517
0.51599
0.51499
0.514
0.51301
0.51204
0.51108
0.51013
0.50919
0.50827
0.50736
0.50646
0.50558
0.50472
0.50388
0.50306
0.50227
0.50152
0.50079
0.50011
0.49946
0.49886
0.49831
0.49782
0.49737
0.49697
0.49662
0.49631
0.49604
0.49581
0.49561
0.49542
0.49525
0.49509
0.49492
0.49476
0.49459
0.4944
0.4942
0.49398
0.49374
0.49348
0.49319
0.49288
0.49254
0.49218
0.49179
0.49139
0.49097
0.49054
0.4901
0.48966
0.4892
0.48875
0.4883
0.48784
0.48737
0.4869
