1
0.96003
0.93931
0.92524
0.91456
0.90623
0.89957
0.89417
0.88154
0.87012
0.85964
0.84993
0.84088
0.83243
0.8245
0.81701
0.80993
0.8032
0.79676
0.79055
0.78449
0.77852
0.77263
0.76682
0.76108
0.75543
0.74987
0.74442
0.73909
0.73387
0.72875
0.72371
0.71873
0.71379
0.70888
0.70402
0.69919
0.6944
0.68963
0.68487
0.68009
0.67528
0.67042
0.66553
0.66061
0.65571
0.65087
0.64616
0.6416
0.63722
0.63301
0.62898
0.6251
0.62137
0.61776
0.61425
0.61082
0.60746
0.60414
0.60088
0.59767
0.59449
0.59136
0.58826
0.58521
0.58219
0.5792
0.57625
0.57334
0.57046
0.56761
0.56481
0.56206
0.55937
0.55674
0.55417
0.55166
0.54919
0.54676
0.54436
0.542
0.53968
0.5374
0.53516
0.53296
0.53081
0.5287
0.52662
0.52459
0.5226
0.52064
0.51871
0.51681
0.51493
0.51308
0.51125
0.50943
0.50763
0.50584
0.50406
0.5023
0.50055
0.49881
0.49708
0.49535
0.49364
0.49192
0.49022
0.48852
0.48682
0.48513
0.48346
0.48179
0.48014
0.47851
0.4769
0.4753
0.47372
0.47217
0.47062
0.4691
0.46758
0.46608
0.46459
0.46311
0.46165
0.46019
0.45875
0.45732
0.4559
0.45449
0.45309
0.45169
0.45031
0.44893
0.44755
0.44617
0.44479
0.4434
0.44202
0.44062
0.43923
0.43782
0.43641
0.43499
0.43357
0.43213
0.43068
0.42922
0.42774
0.42625
0.42474
0.42322
0.42169
0.42014
0.41858
0.41701
0.41541
0.4138
0.41216
0.4105
0.4088
0.40707
0.4053
0.40348
0.40161
0.39969
0.39771
0.39569
0.39361
0.39149
0.38934
0.38715
0.38495
0.38275
0.38058
0.37845
0.37639
0.3744
0.37252
0.37073
0.36906
0.3675
0.36603
0.36467
0.36339
0.3622
0.36108
0.36002
0.35903
0.35808
0.35717
0.35631
0.35549
0.35469
0.35393
0.3532
0.35249
0.3518
0.35114
0.35049
0.34986
0.34925
0.34865
0.34807
0.34751
0.34696
0.34643
0.34591
0.34541
0.34492
0.34444
0.34398
0.34352
0.34307
0.34262
0.34217
0.34173
0.34128
0.34082
0.34036
0.33989
0.33941
0.33892
0.33841
0.33789
0.33736
0.33681
0.33624
0.33567
0.33508
0.33448
0.33387
0.33325
0.33261
0.33197
0.33132
0.33066
0.32999
0.32931
0.32863
0.32793
0.32723
0.32651
0.32579
0.32506
0.32432
0.32357
0.32283
0.32208
0.32133
0.32059
0.31985
0.31911
0.31838
0.31766
0.31694
0.31623
0.31552
