1
0.97458
0.95956
0.94916
0.94139
0.93058
0.921
0.9125
0.9048
0.89774
0.89121
0.88514
0.87946
0.87412
0.86909
0.86432
0.85978
0.85542
0.8512
0.84707
0.84301
0.83899
0.835
0.83103
0.82712
0.82327
0.81951
0.81588
0.81237
0.80902
0.8058
0.80273
0.79978
0.79697
0.79426
0.79167
0.78916
0.78675
0.78441
0.78214
0.77993
0.77777
0.77566
0.77359
0.77154
0.76951
0.76748
0.76544
0.76338
0.76128
0.75912
0.75692
0.75464
0.7523
0.74988
0.7474
0.74484
0.74221
0.73953
0.73679
0.734
0.73119
0.72836
0.72554
0.72273
0.71995
0.71722
0.71454
0.71191
0.70935
0.70686
0.70444
0.70208
0.6998
0.69758
0.69543
0.69334
0.69132
0.68935
0.68745
0.6856
0.6838
0.68206
0.68036
0.6787
0.67709
0.67552
0.67398
0.67247
0.67099
0.66955
0.66812
0.66672
0.66534
0.66398
0.66264
0.66131
0.65999
0.65867
0.65736
0.65604
0.65472
0.65339
0.65205
0.65069
0.64932
0.64792
0.64652
0.64509
0.64365
0.64219
0.64073
0.63925
0.63777
0.63628
0.63479
0.63331
0.63183
0.63036
0.62891
0.62747
0.62604
0.62464
0.62325
0.62188
0.62054
0.61922
0.61791
0.61663
0.61537
0.61413
0.61291
0.6117
0.61052
0.60934
0.60819
0.60705
0.60592
0.6048
0.60369
0.6026
0.60151
0.60043
0.59936
0.59829
0.59722
0.59615
0.59509
0.59402
0.59295
0.59187
0.59079
0.5897
0.58861
0.5875
0.58639
0.58527
0.58414
0.583
0.58185
0.5807
0.57955
0.5784
0.57725
0.5761
0.57496
0.57383
0.57272
0.57162
0.57055
0.56949
0.56846
0.56745
0.56647
0.56551
0.56458
0.56367
0.56279
0.56193
0.56109
0.56027
0.55947
0.55869
0.55793
0.55719
0.55646
0.55574
0.55504
0.55435
0.55367
0.553
0.55235
0.55169
0.55105
0.55042
0.5498
0.54919
0.54858
0.54799
0.5474
0.54682
0.54626
0.5457
0.54515
0.54462
0.54409
0.54357
0.54307
0.54258
0.54209
0.54162
0.54116
0.54071
0.54026
0.53983
0.5394
0.53898
0.53857
0.53816
0.53777
0.53737
0.53699
0.53661
