1
0.97985
0.96936
0.96244
0.95641
0.94803
0.94016
0.93292
0.9262
0.91993
0.91403
0.90854
0.90347
0.89877
0.89439
0.89027
0.88636
0.88255
0.87878
0.87502
0.87127
0.86755
0.86387
0.86027
0.85677
0.8534
0.85018
0.84712
0.84425
0.84157
0.83906
0.83672
0.83451
0.83242
0.83041
0.82843
0.82647
0.8245
0.82251
0.8205
0.81848
0.81647
0.81448
0.81252
0.8106
0.80873
0.8069
0.8051
0.80332
0.80154
0.79976
0.79795
0.79613
0.79429
0.79245
0.7906
0.78875
0.78691
0.78509
0.78328
0.78149
0.77972
0.77795
0.7762
0.77443
0.77266
0.77088
0.76907
0.76724
0.7654
0.76353
0.76163
0.75971
0.75778
0.75583
0.75386
0.75188
0.74991
0.74793
0.74596
0.74401
0.74208
0.74019
0.73833
0.73653
0.73478
0.73309
0.73147
0.72992
0.72843
0.727
0.72563
0.72433
0.72307
0.72186
0.72069
0.71957
0.71848
0.71743
0.71641
0.71542
0.71445
0.71351
0.71258
0.71166
0.71075
0.70985
0.70894
0.70804
0.70713
0.70622
0.7053
0.70439
0.70348
0.70256
0.70166
0.70075
0.69984
0.69895
0.69805
0.69716
0.69627
0.69539
0.69451
0.69364
0.69277
0.6919
0.69104
0.69019
0.68934
0.6885
0.68767
0.68684
0.68602
0.6852
0.68439
0.68359
0.6828
0.68202
0.68124
0.68048
0.67971
0.67896
0.67822
0.67748
0.67675
0.67602
0.6753
0.67459
0.67389
0.67319
0.67251
0.67183
0.67117
0.67051
0.66987
0.66924
0.66863
0.66803
0.66744
0.66686
0.6663
0.66574
0.66519
0.66465
0.6641
0.66355
0.663
0.66244
0.66187
0.66129
0.66069
0.66007
0.65944
0.65879
0.65812
0.65742
0.6567
0.65596
0.6552
0.65441
0.6536
0.65276
0.6519
0.65102
0.65011
0.64919
0.64824
0.64728
0.6463
0.64532
0.64432
0.64331
0.6423
0.64129
0.64027
0.63926
0.63824
0.63723
0.63622
0.63521
0.63421
0.63321
0.63221
0.63121
0.63022
0.62923
0.62825
0.62726
0.62628
0.6253
0.62433
0.62336
0.62239
0.62142
0.62046
0.6195
0.61854
0.61759
0.61664
0.61569
0.61476
0.61383
