1
0.97028
0.95617
0.94697
0.94027
0.9307
0.92239
0.91486
0.90797
0.90149
0.89548
0.88976
0.8844
0.87923
0.87434
0.86963
0.8652
0.86103
0.85719
0.85368
0.85056
0.84784
0.84554
0.84368
0.84226
0.84126
0.84067
0.84037
0.84025
0.84015
0.83991
0.8394
0.83854
0.83732
0.8359
0.83449
0.83322
0.83211
0.83109
0.83008
0.82902
0.82786
0.82657
0.82518
0.82379
0.82257
0.82166
0.82112
0.8209
0.82095
0.82119
0.82159
0.82209
0.82267
0.8233
0.82396
0.82461
0.82522
0.82579
0.82628
0.82668
0.82699
0.8272
0.82732
0.82737
0.82738
0.82739
0.82742
0.82749
0.8276
0.82773
0.82784
0.82793
0.82797
0.82796
0.82791
0.8278
0.82764
0.82744
0.8272
0.82694
0.82666
0.82637
0.82606
0.82573
0.82537
0.82499
0.82459
0.82417
0.82374
0.82333
0.82295
0.82262
0.82235
0.82214
0.82201
0.82195
0.82196
0.82203
0.82217
0.82237
0.82261
0.82289
0.82321
0.82356
0.82393
0.8243
0.82468
0.82505
0.8254
0.82574
0.82606
0.82634
0.8266
0.82682
0.827
0.82714
0.82724
0.82729
0.82729
0.82722
0.82708
0.82687
0.82657
0.82617
0.82566
0.82504
0.82429
0.82341
0.82241
0.82129
0.82005
0.81872
0.81732
0.81585
0.81434
0.81281
0.81126
0.8097
0.80813
0.80657
0.805
0.80344
0.80189
0.80036
0.79886
0.7974
0.79599
0.79465
0.79338
0.79219
0.79108
0.79006
0.78912
0.78827
0.7875
0.78682
0.7862
0.78565
0.78516
0.78473
0.78436
0.78402
0.78373
0.78348
0.78327
0.78309
0.78295
