1
0.97027
0.96019
0.95705
0.95414
0.94796
0.94095
0.93396
0.92738
0.92098
0.91496
0.90929
0.90436
0.9
0.89638
0.8932
0.89047
0.88798
0.88566
0.88341
0.88116
0.87883
0.87639
0.87377
0.87094
0.86785
0.86449
0.8609
0.85714
0.85326
0.84935
0.84548
0.8417
0.83807
0.83462
0.83137
0.82835
0.82557
0.82303
0.82074
0.81868
0.81685
0.81522
0.81379
0.81252
0.8114
0.8104
0.8095
0.8087
0.80799
0.80735
0.80677
0.80626
0.80581
0.80541
0.80507
0.80478
0.80453
0.80434
0.80419
0.80409
0.80404
0.80402
0.80404
0.80409
0.80417
0.80426
0.80436
0.80447
0.80458
0.8047
0.80481
0.80492
0.80501
0.8051
0.80518
0.80524
0.80529
0.80533
0.80535
0.80537
0.80538
0.80539
0.8054
0.8054
0.80542
0.80545
0.80548
0.80551
0.80554
0.80557
0.80559
0.8056
0.80561
0.80561
0.80561
0.80561
0.80563
0.80566
0.8057
0.80577
0.80586
0.80598
0.80613
0.80632
0.80653
0.80679
0.80709
0.80743
0.80783
0.80828
0.80879
0.80937
0.81001
0.81072
0.81151
0.81237
0.81329
0.81428
0.81533
0.81643
0.81759
0.81879
0.82003
0.8213
0.82261
0.82395
0.82532
0.82672
0.82815
0.8296
0.83108
0.83258
0.8341
0.83565
0.8372
0.83877
0.84035
0.84193
0.84351
0.84508
0.84665
0.84821
0.84976
0.8513
0.85283
0.85435
0.85586
0.85735
0.85883
0.86031
0.86177
0.86322
0.86466
0.8661
0.86752
0.86893
0.87032
0.87171
0.87308
0.87444
0.87579
0.87712
0.87843
0.87972
0.88098
0.88222
0.88343
