56.0557
-0.80827
-0.80526
-0.81083
-0.81986
-0.80892
-0.88022
-0.89911
-0.80893
-0.88021
-0.80405
-0.82509
-0.7984
-0.86015
-0.79866
-0.79928
-0.8601
-0.80586
-0.79853
-0.84809
-0.7721
-0.77218
-0.7721
-0.75573
-0.84991
-0.89897
-0.75156
-0.74199
-0.77779
-0.82772
-0.82774
-0.82782
-0.82183
-0.80642
-0.84818
-0.7935
-0.76986
-0.7697
-0.76971
-0.7894
-0.78282
-0.71421
-0.81173
-0.80272
-0.84037
-0.83259
-0.86741
-0.85837
-0.847
-0.87818
-0.79639
-0.79007
-0.8414
-0.78633
-1.2559
-2.2204
0
0
0
0
0
0
-2.0501
0
0
0
0
0
0
0
0
0
-2.65
0
0
0
0
0
0
0
0
0
-4.7657
0
0
0
0
0
0
0
0
0
0
0
0
0
0
0
0
0
0
0
0
0
0
0
0
0
0
0
0
0
0
0
0
0
0
-0.80827
50.5764
-0.78015
-0.78199
-0.79001
-0.77895
-0.84717
-0.85193
-0.77896
-0.84716
-0.77572
-0.79466
-0.76849
-0.83584
-0.76874
-0.76937
-0.83579
-0.77636
-0.76861
-0.81506
-0.74246
-0.74256
-0.74246
-0.72698
-0.81835
-0.86745
-0.72232
-0.71397
-0.74811
-0.79728
-0.79728
-0.79897
-0.79145
-0.77645
-0.81617
-0.76347
-0.74026
-0.74009
-0.74012
-0.76053
-0.75273
-0.68745
-0.78142
-0.77262
-0.81654
-0.79496
-0.835
-0.8256
-0.81179
-0.84688
-0.76913
-0.76027
-0.80807
-0.74585
-1.2142
-2.1874
0
0
0
0
0
0
0
0
0
0
0
-2.958
0
0
0
0
0
0
0
0
0
0
0
-2.6886
0
0
0
0
0
0
0
0
0
0
0
0
0
0
0
0
0
0
0
0
0
0
0
0
0
0
0
0
0
0
0
0
0
0
0
0
0
-0.80526
-0.78015
48.873
-0.77906
-0.78598
-0.77848
-0.84113
-0.85799
-0.77847
-0.84113
-0.7733
-0.79132
-0.76542
-0.82312
-0.76567
-0.76631
-0.82306
-0.77254
-0.76555
-0.81542
-0.73905
-0.73914
-0.73905
-0.72344
-0.81221
-0.86217
-0.71899
-0.71093
-0.74506
-0.79448
-0.79447
-0.796
-0.78862
-0.76945
-0.8122
-0.76073
-0.73751
-0.73734
-0.73737
-0.7575
-0.74972
-0.68422
-0.77894
-0.77024
-0.81269
-0.78622
-0.83165
-0.82076
-0.80787
-0.84411
-0.76657
-0.75791
-0.80062
-0.7288
0
0
0
0
0
0
0
0
0
0
0
0
0
0
0
-2.3883
0
-2.0936
0
0
0
-3.0657
0
0
0
0
0
0
0
0
0
0
0
0
0
0
0
0
0
0
0
0
0
0
0
0
0
0
0
0
0
0
0
0
0
0
0
0
0
0
0
0
0
-0.81083
-0.78199
-0.77906
46.8107
-0.79464
-0.78259
-0.84971
-0.8674
-0.78259
-0.84971
-0.77836
-0.7996
-0.77313
-0.83221
-0.7734
-0.77403
-0.83217
-0.78064
-0.77327
-0.82078
-0.74635
-0.74646
-0.74635
-0.73054
-0.82172
-0.87413
-0.7258
-0.71794
-0.75205
-0.80145
-0.80145
-0.80297
-0.7955
-0.78102
-0.82245
-0.76735
-0.74406
-0.74389
-0.74392
-0.76504
-0.75686
-0.69185
-0.78533
-0.77648
-0.82634
-0.80442
-0.84204
-0.83287
-0.81897
-0.85107
-0.77241
-0.76379
-0.81317
-0.75029
-1.2162
-2.1906
0
0
0
0
0
0
0
-1.6516
0
0
0
0
0
0
0
0
0
0
0
0
0
0
0
0
0
0
0
0
0
0
0
0
0
0
0
0
0
0
0
0
0
0
0
0
0
0
0
0
0
0
0
0
0
0
0
0
0
0
0
0
0
-0.81986
-0.79001
-0.78598
-0.79464
46.1768
-0.79204
-0.8571
-0.87463
-0.79203
-0.85709
-0.78471
-0.80531
-0.77892
-0.83941
-0.77919
-0.77984
-0.83937
-0.77604
-0.77905
-0.82747
-0.75152
-0.75163
-0.75153
-0.73745
-0.82824
-0.88354
-0.73081
-0.72356
-0.75756
-0.80713
-0.80714
-0.80773
-0.80109
-0.78691
-0.83025
-0.77283
-0.74941
-0.74925
-0.74927
-0.77129
-0.76276
-0.69683
-0.79076
-0.78179
-0.83567
-0.81198
-0.85057
-0.84152
-0.82726
-0.85681
-0.77648
-0.76864
-0.81771
-0.75751
-1.2222
0
0
0
0
0
0
0
0
0
0
-2.8775
0
0
0
0
0
0
0
0
0
0
0
0
0
0
0
0
0
0
0
0
0
0
0
0
0
0
0
0
0
0
0
0
0
0
0
0
0
0
0
0
0
0
0
0
0
0
0
0
0
0
0
-0.80892
-0.77895
-0.77848
-0.78259
-0.79204
45.032
-0.84792
-0.8655
-0.77287
-0.84791
-0.77789
-0.79766
-0.77145
-0.83063
-0.77172
-0.77238
-0.83059
-0.77685
-0.77159
-0.81891
-0.74361
-0.74371
-0.74361
-0.72953
-0.82046
-0.8738
-0.72283
-0.71552
-0.7493
-0.7985
-0.79849
-0.79965
-0.79248
-0.77838
-0.82051
-0.76434
-0.74105
-0.74088
-0.7409
-0.76299
-0.75415
-0.68961
-0.78222
-0.77333
-0.82728
-0.80375
-0.84076
-0.83173
-0.81782
-0.84791
-0.76878
-0.76044
-0.8103
-0.74861
-1.2141
-2.1858
0
0
0
0
0
0
0
0
0
0
0
0
0
0
0
0
0
0
0
0
0
0
0
0
0
0
0
0
0
0
0
0
0
0
0
0
0
0
0
0
0
0
0
0
0
0
0
0
0
0
0
0
0
0
0
0
0
0
0
0
0
-0.88022
-0.84717
-0.84113
-0.84971
-0.8571
-0.84792
54.3202
-0.94392
-0.84792
-0.9295
-0.84206
-0.86057
-0.8335
-0.89997
-0.83375
-0.8344
-0.89994
-0.8433
-0.83362
-0.88468
-0.8071
-0.8072
-0.8071
-0.79272
-0.89052
-0.93829
-0.78647
-0.77837
-0.81324
-0.86382
-0.86384
-0.86492
-0.85781
-0.84251
-0.88462
-0.82916
-0.80522
-0.80505
-0.80507
-0.82726
-0.8179
-0.75165
-0.84743
-0.8383
-0.88726
-0.85844
-0.90476
-0.89496
-0.88066
-0.91444
-0.83378
-0.82568
-0.86944
-0.81049
-1.2751
0
0
0
0
0
0
0
0
0
0
0
0
0
0
0
0
0
0
0
0
0
0
0
0
0
0
0
0
0
0
0
0
0
0
0
0
0
0
0
0
0
0
0
0
0
0
0
0
0
0
0
-8.0293
0
0
0
0
0
0
0
0
0
0
-0.89911
-0.85193
-0.85799
-0.8674
-0.87463
-0.8655
-0.94392
56.6998
-0.86551
-0.9439
-0.85835
-0.87734
-0.8508
-0.9161
-0.85105
-0.85169
-0.91605
-0.86002
-0.85093
-0.90087
-0.82355
-0.82364
-0.82354
-0.80877
-0.90551
-0.95117
-0.80285
-0.79491
-0.82993
-0.88125
-0.88126
-0.88217
-0.87523
-0.85943
-0.90115
-0.84639
-0.82224
-0.82208
-0.8221
-0.84399
-0.83468
-0.76776
-0.86497
-0.85577
-0.90294
-0.87277
-0.92119
-0.91093
-0.89661
-0.93231
-0.85067
-0.84319
-0.88517
-0.82549
0
0
0
0
0
0
0
0
0
0
0
0
0
-3.007
0
0
0
0
0
0
0
0
0
0
0
0
0
0
0
0
0
0
0
0
-7.824
0
0
0
0
0
0
0
0
0
0
0
0
0
0
0
0
0
0
0
0
0
0
0
0
0
0
0
0
-0.80893
-0.77896
-0.77847
-0.78259
-0.79203
-0.77287
-0.84792
-0.86551
45.0321
-0.84791
-0.7779
-0.79767
-0.77146
-0.83062
-0.77173
-0.77239
-0.8306
-0.77685
-0.77159
-0.81891
-0.74361
-0.74371
-0.74361
-0.72952
-0.82047
-0.8738
-0.72283
-0.71552
-0.74931
-0.7985
-0.79851
-0.79966
-0.79249
-0.77837
-0.82052
-0.76435
-0.74105
-0.74088
-0.74091
-0.76298
-0.75415
-0.68961
-0.78221
-0.77332
-0.82728
-0.80375
-0.84077
-0.83173
-0.81783
-0.84792
-0.76878
-0.76045
-0.8103
-0.74861
-1.2141
-2.1857
0
0
0
0
0
0
0
0
0
0
0
0
0
0
0
0
0
0
0
0
0
0
0
0
0
0
0
0
0
0
0
0
0
0
0
0
0
0
0
0
0
0
0
0
0
0
0
0
0
0
0
0
0
0
0
0
0
0
0
0
0
-0.88021
-0.84716
-0.84113
-0.84971
-0.85709
-0.84791
-0.9295
-0.9439
-0.84791
54.3197
-0.84205
-0.86056
-0.83349
-0.89997
-0.83374
-0.83439
-0.89992
-0.84329
-0.83362
-0.88467
-0.80709
-0.80719
-0.80708
-0.79272
-0.89049
-0.93828
-0.78646
-0.77837
-0.81324
-0.86381
-0.86382
-0.86491
-0.8578
-0.8425
-0.8846
-0.82916
-0.80523
-0.80505
-0.80508
-0.82725
-0.81791
-0.75165
-0.84743
-0.8383
-0.88725
-0.85843
-0.90475
-0.89495
-0.88064
-0.91443
-0.83377
-0.82569
-0.86945
-0.81048
-1.2751
0
0
0
0
0
0
0
0
0
0
0
0
0
0
0
0
0
0
0
0
0
0
0
0
0
0
0
0
0
0
0
0
0
0
0
0
0
-8.0291
0
0
0
0
0
0
0
0
0
0
0
0
0
0
0
0
0
0
0
0
0
0
0
0
-0.80405
-0.77572
-0.7733
-0.77836
-0.78471
-0.77789
-0.84206
-0.85835
-0.7779
-0.84205
48.0587
-0.79093
-0.76504
-0.82422
-0.76529
-0.76593
-0.82419
-0.77156
-0.76517
-0.81554
-0.73864
-0.73873
-0.73863
-0.72249
-0.81949
-0.86485
-0.71821
-0.71052
-0.74428
-0.79339
-0.79339
-0.79322
-0.78749
-0.7724
-0.81203
-0.7595
-0.73636
-0.73619
-0.73622
-0.75589
-0.7479
-0.68184
-0.77764
-0.76893
-0.81084
-0.78854
-0.83193
-0.82005
-0.80916
-0.84289
-0.76273
-0.75658
-0.80082
-0.74212
0
0
0
0
0
0
0
0
0
0
0
0
0
0
0
0
0
0
0
-2.4477
0
0
0
0
0
0
0
0
0
0
-4.2948
0
0
0
0
0
0
0
0
0
0
0
0
0
0
0
0
0
0
0
0
0
0
0
0
0
0
0
0
0
0
0
0
-0.82509
-0.79466
-0.79132
-0.7996
-0.80531
-0.79766
-0.86057
-0.87734
-0.79767
-0.86056
-0.79093
43.3432
-0.78119
-0.84293
-0.78148
-0.78223
-0.8429
-0.79363
-0.78133
-0.83152
-0.75349
-0.75359
-0.7535
-0.73582
-0.83249
-0.88519
-0.73274
-0.72582
-0.76084
-0.81169
-0.8117
-0.81334
-0.80564
-0.79147
-0.83532
-0.77715
-0.75372
-0.75356
-0.75358
-0.77686
-0.76786
-0.70184
-0.7954
-0.78647
-0.8418
-0.81746
-0.85503
-0.84693
-0.83026
-0.86141
-0.78224
-0.77323
-0.82038
-0.75996
0
0
0
0
0
-1.0476
0
0
0
0
0
0
0
0
0
0
0
0
0
0
0
0
0
0
0
0
0
0
0
0
0
0
0
0
0
0
0
0
0
0
0
0
0
0
0
0
0
0
0
0
0
0
0
0
0
0
0
0
0
0
0
0
0
-0.7984
-0.76849
-0.76542
-0.77313
-0.77892
-0.77145
-0.8335
-0.8508
-0.77146
-0.83349
-0.76504
-0.78119
42.0584
-0.81654
-0.73701
-0.73783
-0.8165
-0.76641
-0.73683
-0.80512
-0.72667
-0.72677
-0.72667
-0.70639
-0.80637
-0.85907
-0.70637
-0.69924
-0.73407
-0.78456
-0.78458
-0.78645
-0.7786
-0.7649
-0.8096
-0.75044
-0.7273
-0.72714
-0.72716
-0.74963
-0.74097
-0.67639
-0.76845
-0.75961
-0.81611
-0.79079
-0.82846
-0.81987
-0.80424
-0.83392
-0.75587
-0.74656
-0.79412
-0.73559
-1.1979
0
0
0
0
0
0
0
0
0
0
0
0
0
0
0
0
0
0
0
0
0
0
0
0
0
0
0
0
0
0
0
0
0
0
0
0
0
0
0
0
0
0
0
0
0
0
0
0
0
0
0
0
0
0
0
0
0
0
0
0
0
0
-0.86015
-0.83584
-0.82312
-0.83221
-0.83941
-0.83063
-0.89997
-0.9161
-0.83062
-0.89997
-0.82422
-0.84293
-0.81654
51.3667
-0.81679
-0.81742
-0.88687
-0.82533
-0.81667
-0.86283
-0.7897
-0.78982
-0.78971
-0.77514
-0.86593
-0.91626
-0.76909
-0.76132
-0.79573
-0.84609
-0.8461
-0.84708
-0.8401
-0.8247
-0.86482
-0.81158
-0.78789
-0.78771
-0.78774
-0.80956
-0.80044
-0.73466
-0.82995
-0.82101
-0.86855
-0.83782
-0.88547
-0.87596
-0.86122
-0.89637
-0.81634
-0.80858
-0.85016
-0.79193
0
0
0
0
0
0
0
0
0
0
0
0
0
0
0
0
0
0
0
0
0
0
0
0
0
0
0
0
0
0
0
0
0
0
0
0
0
0
0
0
0
0
0
0
0
0
0
0
0
0
0
0
0
0
0
0
0
0
-7.3045
0
0
0
0
-0.79866
-0.76874
-0.76567
-0.7734
-0.77919
-0.77172
-0.83375
-0.85105
-0.77173
-0.83374
-0.76529
-0.78148
-0.73701
-0.81679
42.072
-0.73816
-0.81674
-0.76669
-0.73716
-0.80538
-0.72689
-0.72701
-0.7269
-0.70664
-0.80661
-0.85933
-0.7066
-0.69947
-0.73432
-0.78482
-0.78483
-0.78671
-0.77886
-0.76516
-0.80987
-0.7507
-0.72755
-0.72738
-0.7274
-0.74987
-0.74121
-0.67664
-0.7687
-0.75986
-0.81638
-0.79106
-0.82872
-0.82013
-0.8045
-0.83417
-0.75612
-0.7468
-0.79437
-0.73584
-1.1982
0
0
0
0
0
0
0
0
0
0
0
0
0
0
0
0
0
0
0
0
0
0
0
0
0
0
0
0
0
0
0
0
0
0
0
0
0
0
0
0
0
0
0
0
0
0
0
0
0
0
0
0
0
0
0
0
0
0
0
0
0
0
-0.79928
-0.76937
-0.76631
-0.77403
-0.77984
-0.77238
-0.8344
-0.85169
-0.77239
-0.83439
-0.76593
-0.78223
-0.73783
-0.81742
-0.73816
42.106
-0.81738
-0.76735
-0.738
-0.80601
-0.72747
-0.72758
-0.72748
-0.70726
-0.80724
-0.85996
-0.7072
-0.70007
-0.73491
-0.78545
-0.78546
-0.78734
-0.77949
-0.76578
-0.81056
-0.75131
-0.72816
-0.72799
-0.72803
-0.7505
-0.74184
-0.67723
-0.76933
-0.76049
-0.81704
-0.79172
-0.82937
-0.82078
-0.80515
-0.83483
-0.75675
-0.74743
-0.79501
-0.73646
-1.1989
0
0
0
0
0
0
0
0
0
0
0
0
0
0
0
0
0
0
0
0
0
0
0
0
0
0
0
0
0
0
0
0
0
0
0
0
0
0
0
0
0
0
0
0
0
0
0
0
0
0
0
0
0
0
0
0
0
0
0
0
0
0
-0.8601
-0.83579
-0.82306
-0.83217
-0.83937
-0.83059
-0.89994
-0.91605
-0.8306
-0.89992
-0.82419
-0.8429
-0.8165
-0.88687
-0.81674
-0.81738
51.3641
-0.82529
-0.81662
-0.86278
-0.78967
-0.78977
-0.78967
-0.77511
-0.86589
-0.91621
-0.76905
-0.76128
-0.79568
-0.84605
-0.84606
-0.84704
-0.84006
-0.82467
-0.86477
-0.81154
-0.78785
-0.78768
-0.7877
-0.80953
-0.80039
-0.73462
-0.82989
-0.82098
-0.86851
-0.83778
-0.88543
-0.87591
-0.86117
-0.89632
-0.81629
-0.80855
-0.85012
-0.79189
0
0
0
0
0
0
0
0
0
0
0
0
0
0
0
0
0
0
0
0
0
0
0
0
0
0
0
0
0
0
0
0
0
-7.3041
0
0
0
0
0
0
0
0
0
0
0
0
0
0
0
0
0
0
0
0
0
0
0
0
0
0
0
0
0
-0.80586
-0.77636
-0.77254
-0.78064
-0.77604
-0.77685
-0.8433
-0.86002
-0.77685
-0.84329
-0.77156
-0.79363
-0.76641
-0.82533
-0.76669
-0.76735
-0.82529
44.1837
-0.76655
-0.81379
-0.73756
-0.73766
-0.73755
-0.72227
-0.81472
-0.86959
-0.71661
-0.70965
-0.74344
-0.79222
-0.79221
-0.79248
-0.78612
-0.77206
-0.81419
-0.75805
-0.73491
-0.73474
-0.73477
-0.75652
-0.74806
-0.68275
-0.7759
-0.76715
-0.8205
-0.79556
-0.83537
-0.82632
-0.81151
-0.84121
-0.76149
-0.75404
-0.80171
-0.74199
0
0
0
0
0
0
0
0
0
0
0
-2.8545
0
0
0
0
0
0
0
0
0
0
0
0
0
0
0
0
0
0
0
0
0
0
0
0
0
0
0
0
0
0
0
0
0
0
0
0
0
0
0
0
0
0
0
0
0
0
0
0
0
0
0
-0.79853
-0.76861
-0.76555
-0.77327
-0.77905
-0.77159
-0.83362
-0.85093
-0.77159
-0.83362
-0.76517
-0.78133
-0.73683
-0.81667
-0.73716
-0.738
-0.81662
-0.76655
42.0653
-0.80525
-0.72679
-0.72689
-0.72678
-0.70652
-0.80649
-0.85921
-0.70648
-0.69935
-0.73419
-0.7847
-0.7847
-0.78657
-0.77873
-0.76504
-0.80975
-0.75058
-0.72744
-0.72727
-0.72729
-0.74974
-0.74109
-0.67651
-0.76857
-0.75974
-0.81626
-0.79094
-0.82858
-0.82
-0.80438
-0.83406
-0.756
-0.74668
-0.79425
-0.73572
-1.1981
0
0
0
0
0
0
0
0
0
0
0
0
0
0
0
0
0
0
0
0
0
0
0
0
0
0
0
0
0
0
0
0
0
0
0
0
0
0
0
0
0
0
0
0
0
0
0
0
0
0
0
0
0
0
0
0
0
0
0
0
0
0
-0.84809
-0.81506
-0.81542
-0.82078
-0.82747
-0.81891
-0.88468
-0.90087
-0.81891
-0.88467
-0.81554
-0.83152
-0.80512
-0.86283
-0.80538
-0.80601
-0.86278
-0.81379
-0.80525
49.4633
-0.77852
-0.77861
-0.77852
-0.76369
-0.85258
-0.90663
-0.75755
-0.7501
-0.78443
-0.83462
-0.83462
-0.83557
-0.8286
-0.81326
-0.85487
-0.80017
-0.77661
-0.77644
-0.77646
-0.79833
-0.78919
-0.72373
-0.81846
-0.80962
-0.85854
-0.82716
-0.87543
-0.86575
-0.84997
-0.88449
-0.80449
-0.79691
-0.83822
0
0
0
0
0
0
0
0
0
0
0
0
0
0
0
0
0
0
0
0
0
0
0
0
0
0
0
0
0
0
0
0
0
0
0
0
0
0
0
0
0
-6.7981
0
0
0
0
0
0
0
0
0
0
0
0
0
0
0
0
0
0
0
0
0
0
-0.7721
-0.74246
-0.73905
-0.74635
-0.75152
-0.74361
-0.8071
-0.82355
-0.74361
-0.80709
-0.73864
-0.75349
-0.72667
-0.7897
-0.72689
-0.72747
-0.78967
-0.73756
-0.72679
-0.77852
39.4806
-0.69079
-0.69068
-0.69632
-0.78045
-0.83297
-0.679
-0.66865
-0.70732
-0.75646
-0.75645
-0.75738
-0.75049
-0.73694
-0.78408
-0.72269
-0.70022
-0.70006
-0.70008
-0.72183
-0.71331
-0.64987
-0.74084
-0.7324
-0.78763
-0.76079
-0.79998
-0.79125
-0.77498
-0.80492
-0.72807
-0.71938
-0.76478
-0.70771
0
0
0
0
0
0
0
0
0
0
0
0
0
0
0
0
0
0
0
0
0
0
0
0
0
0
0
0
0
0
0
0
0
0
0
0
0
0
0
0
0
0
0
0
0
0
0
0
0
0
0
0
0
0
0
0
0
0
0
0
0
0
0
-0.77218
-0.74256
-0.73914
-0.74646
-0.75163
-0.74371
-0.8072
-0.82364
-0.74371
-0.80719
-0.73873
-0.75359
-0.72677
-0.78982
-0.72701
-0.72758
-0.78977
-0.73766
-0.72689
-0.77861
-0.69079
39.4857
-0.69078
-0.69642
-0.78056
-0.83307
-0.67907
-0.66873
-0.70742
-0.75655
-0.75656
-0.75749
-0.75058
-0.73704
-0.78415
-0.7228
-0.70033
-0.70015
-0.70018
-0.72192
-0.71342
-0.64995
-0.74094
-0.73249
-0.78775
-0.76091
-0.80009
-0.79135
-0.77508
-0.80503
-0.72816
-0.71947
-0.76488
-0.7078
0
0
0
0
0
0
0
0
0
0
0
0
0
0
0
0
0
0
0
0
0
0
0
0
0
0
0
0
0
0
0
0
0
0
0
0
0
0
0
0
0
0
0
0
0
0
0
0
0
0
0
0
0
0
0
0
0
0
0
0
0
0
0
-0.7721
-0.74246
-0.73905
-0.74635
-0.75153
-0.74361
-0.8071
-0.82354
-0.74361
-0.80708
-0.73863
-0.7535
-0.72667
-0.78971
-0.7269
-0.72748
-0.78967
-0.73755
-0.72678
-0.77852
-0.69068
-0.69078
39.4807
-0.69631
-0.78046
-0.83297
-0.679
-0.66864
-0.70732
-0.75645
-0.75646
-0.75739
-0.75049
-0.73694
-0.78408
-0.72269
-0.70023
-0.70006
-0.70008
-0.72183
-0.71332
-0.64987
-0.74083
-0.7324
-0.78764
-0.7608
-0.79999
-0.79125
-0.77499
-0.80492
-0.72806
-0.71938
-0.76478
-0.70772
0
0
0
0
0
0
0
0
0
0
0
0
0
0
0
0
0
0
0
0
0
0
0
0
0
0
0
0
0
0
0
0
0
0
0
0
0
0
0
0
0
0
0
0
0
0
0
0
0
0
0
0
0
0
0
0
0
0
0
0
0
0
0
-0.75573
-0.72698
-0.72344
-0.73054
-0.73745
-0.72953
-0.79272
-0.80877
-0.72952
-0.79272
-0.72249
-0.73582
-0.70639
-0.77514
-0.70664
-0.70726
-0.77511
-0.72227
-0.70652
-0.76369
-0.69632
-0.69642
-0.69631
40.7775
-0.7648
-0.81811
-0.67118
-0.66236
-0.69684
-0.74294
-0.74294
-0.74312
-0.73684
-0.72249
-0.75911
-0.70928
-0.68699
-0.68684
-0.68686
-0.70268
-0.69914
-0.63511
-0.72688
-0.71875
-0.76526
-0.74389
-0.78344
-0.77455
-0.76007
-0.79032
-0.71356
-0.70621
-0.75146
0
0
0
0
-2.7377
0
0
0
0
0
0
0
0
0
0
0
0
0
0
0
0
0
0
0
0
0
0
0
0
0
0
0
0
0
0
0
0
0
0
0
0
0
0
0
0
0
0
0
0
0
0
0
0
0
0
0
0
0
0
0
0
0
0
0
-0.84991
-0.81835
-0.81221
-0.82172
-0.82824
-0.82046
-0.89052
-0.90551
-0.82047
-0.89049
-0.81949
-0.83249
-0.80637
-0.86593
-0.80661
-0.80724
-0.86589
-0.81472
-0.80649
-0.85258
-0.78045
-0.78056
-0.78046
-0.7648
53.3305
-0.90723
-0.75992
-0.75158
-0.78622
-0.83657
-0.83657
-0.83647
-0.83059
-0.81469
-0.85497
-0.80219
-0.77862
-0.77843
-0.77847
-0.7988
-0.79004
-0.72442
-0.82065
-0.81187
-0.85534
-0.82705
-0.87614
-0.86434
-0.85109
-0.88652
-0.80493
-0.79944
0
0
0
0
0
0
0
0
0
0
0
0
0
0
0
0
0
0
0
0
0
0
0
0
0
0
-4.3854
0
0
0
0
0
0
0
0
0
0
0
0
0
0
0
0
0
0
0
0
-7.0401
0
0
0
0
0
0
0
0
0
0
0
0
0
0
0
0
0
-0.89897
-0.86745
-0.86217
-0.87413
-0.88354
-0.8738
-0.93829
-0.95117
-0.8738
-0.93828
-0.86485
-0.88519
-0.85907
-0.91626
-0.85933
-0.85996
-0.91621
-0.86959
-0.85921
-0.90663
-0.83297
-0.83307
-0.83297
-0.81811
-0.90723
66.5812
-0.81253
-0.80376
-0.83865
-0.89051
-0.89052
-0.8908
-0.88432
-0.86636
-0.90257
-0.85545
-0.83143
-0.83127
-0.83128
-0.8518
-0.84305
-0.77635
-0.87452
-0.8656
-0.90714
-0.86271
-0.93781
-0.92256
-0.89994
-0.94135
0
0
0
0
0
0
0
0
0
0
0
0
0
0
0
0
0
0
0
0
0
0
0
0
0
0
0
0
0
0
0
0
0
0
0
0
0
0
0
0
0
0
0
0
0
0
0
0
0
0
0
0
0
-7.9289
0
0
0
-7.9289
0
0
0
0
0
0
0
-7.9289
0
-0.75156
-0.72232
-0.71899
-0.7258
-0.73081
-0.72283
-0.78647
-0.80285
-0.72283
-0.78646
-0.71821
-0.73274
-0.70637
-0.76909
-0.7066
-0.7072
-0.76905
-0.71661
-0.70648
-0.75755
-0.679
-0.67907
-0.679
-0.67118
-0.75992
-0.81253
37.7392
-0.65939
-0.69151
-0.73614
-0.73615
-0.73548
-0.72993
-0.7163
-0.75696
-0.70236
-0.68034
-0.68018
-0.68019
-0.70125
-0.69288
-0.63023
-0.72008
-0.71206
-0.76515
-0.73777
-0.77831
-0.76935
-0.75271
-0.78302
-0.70702
-0.69922
-0.74375
0
0
0
0
0
0
0
0
0
0
0
0
0
0
0
0
0
0
0
0
0
0
0
0
0
0
0
0
0
0
0
0
0
0
0
0
0
0
0
0
0
0
0
0
0
0
0
0
0
0
0
0
0
0
0
0
0
0
0
0
0
0
0
0
-0.74199
-0.71397
-0.71093
-0.71794
-0.72356
-0.71552
-0.77837
-0.79491
-0.71552
-0.77837
-0.71052
-0.72582
-0.69924
-0.76132
-0.69947
-0.70007
-0.76128
-0.70965
-0.69935
-0.7501
-0.66865
-0.66873
-0.66864
-0.66236
-0.75158
-0.80376
-0.65939
38.3025
-0.68511
-0.72831
-0.72831
-0.7274
-0.72217
-0.70823
-0.75016
-0.69479
-0.67288
-0.67272
-0.67274
-0.69299
-0.68537
-0.62239
-0.71259
-0.70472
-0.75564
-0.7282
-0.76948
-0.76106
-0.74418
-0.7748
-0.6991
-0.69203
0
0
0
0
-1.7062
0
0
0
0
0
0
0
0
0
0
0
0
0
0
0
0
0
0
0
0
0
0
0
0
0
0
0
0
0
0
0
0
0
0
0
0
0
0
0
0
0
0
0
0
0
0
0
0
0
0
0
0
0
0
0
0
0
0
0
0
-0.77779
-0.74811
-0.74506
-0.75205
-0.75756
-0.7493
-0.81324
-0.82993
-0.74931
-0.81324
-0.74428
-0.76084
-0.73407
-0.79573
-0.73432
-0.73491
-0.79568
-0.74344
-0.73419
-0.78443
-0.70732
-0.70742
-0.70732
-0.69684
-0.78622
-0.83865
-0.69151
-0.68511
36.8666
-0.76296
-0.76298
-0.7609
-0.75629
-0.74255
-0.7826
-0.72799
-0.70553
-0.70536
-0.70539
-0.72724
-0.71875
-0.65476
-0.74621
-0.73809
-0.79302
-0.76604
-0.80719
-0.79793
-0.77784
-0.80909
0
0
0
0
0
0
0
0
0
0
0
0
0
0
0
0
0
0
0
0
0
0
0
0
0
0
0
0
0
0
0
0
0
0
0
0
0
0
0
0
0
0
0
0
0
0
0
0
0
0
0
0
0
0
0
0
0
0
0
0
0
0
0
0
0
0
0
-0.82772
-0.79728
-0.79448
-0.80145
-0.80713
-0.7985
-0.86382
-0.88125
-0.7985
-0.86381
-0.79339
-0.81169
-0.78456
-0.84609
-0.78482
-0.78545
-0.84605
-0.79222
-0.7847
-0.83462
-0.75646
-0.75655
-0.75645
-0.74294
-0.83657
-0.89051
-0.73614
-0.72831
-0.76296
35.1207
-0.81575
-0.82097
-0.8133
-0.80099
-0.82833
-0.77971
-0.7565
-0.75632
-0.75635
-0.78612
-0.77543
-0.70584
-0.79987
-0.79033
0
0
-0.87046
0
0
0
0
0
0
0
0
0
0
0
0
0
0
0
0
0
0
0
0
0
0
0
0
0
0
0
0
0
0
0
0
0
0
0
0
0
0
0
0
0
0
0
0
0
0
0
0
0
0
0
0
0
0
0
0
0
0
0
0
0
0
0
0
0
0
0
0
0
0
-0.82774
-0.79728
-0.79447
-0.80145
-0.80714
-0.79849
-0.86384
-0.88126
-0.79851
-0.86382
-0.79339
-0.8117
-0.78458
-0.8461
-0.78483
-0.78546
-0.84606
-0.79221
-0.7847
-0.83462
-0.75645
-0.75656
-0.75646
-0.74294
-0.83657
-0.89052
-0.73615
-0.72831
-0.76298
-0.81575
35.1209
-0.82095
-0.81329
-0.80098
-0.82834
-0.77971
-0.75651
-0.75633
-0.75636
-0.78612
-0.77545
-0.70584
-0.79988
-0.79033
0
0
-0.87047
0
0
0
0
0
0
0
0
0
0
0
0
0
0
0
0
0
0
0
0
0
0
0
0
0
0
0
0
0
0
0
0
0
0
0
0
0
0
0
0
0
0
0
0
0
0
0
0
0
0
0
0
0
0
0
0
0
0
0
0
0
0
0
0
0
0
0
0
0
0
-0.82782
-0.79897
-0.796
-0.80297
-0.80773
-0.79965
-0.86492
-0.88217
-0.79966
-0.86491
-0.79322
-0.81334
-0.78645
-0.84708
-0.78671
-0.78734
-0.84704
-0.79248
-0.78657
-0.83557
-0.75738
-0.75749
-0.75739
-0.74312
-0.83647
-0.8908
-0.73548
-0.7274
-0.7609
-0.82097
-0.82095
36.4997
-0.81651
-0.80288
-0.82324
-0.78388
-0.76162
-0.76146
-0.76148
-0.78753
-0.77786
-0.7097
-0.80339
-0.79375
0
0
0
0
0
0
0
0
0
0
0
0
0
0
0
0
0
-2.1874
0
0
0
0
0
0
0
0
0
0
0
0
0
0
0
0
0
0
0
0
0
0
0
0
0
0
0
0
0
0
0
0
0
0
0
0
0
0
0
0
0
0
0
0
0
0
0
0
0
0
0
0
0
0
0
-0.82183
-0.79145
-0.78862
-0.7955
-0.80109
-0.79248
-0.85781
-0.87523
-0.79249
-0.8578
-0.78749
-0.80564
-0.7786
-0.8401
-0.77886
-0.77949
-0.84006
-0.78612
-0.77873
-0.8286
-0.75049
-0.75058
-0.75049
-0.73684
-0.83059
-0.88432
-0.72993
-0.72217
-0.75629
-0.8133
-0.81329
-0.81651
34.0165
-0.79823
-0.82574
-0.76927
-0.7515
-0.75134
-0.75136
-0.78394
-0.76968
-0.70228
-0.7953
-0.78505
0
0
0
0
0
0
0
0
0
0
0
0
0
0
0
0
0
0
0
0
0
0
0
0
0
0
0
0
0
0
0
0
0
0
0
0
0
0
0
0
0
0
0
0
0
0
0
0
0
0
0
0
0
0
0
0
0
0
0
0
0
0
0
0
0
0
0
0
0
0
0
0
0
-0.80642
-0.77645
-0.76945
-0.78102
-0.78691
-0.77838
-0.84251
-0.85943
-0.77837
-0.8425
-0.7724
-0.79147
-0.7649
-0.8247
-0.76516
-0.76578
-0.82467
-0.77206
-0.76504
-0.81326
-0.73694
-0.73704
-0.73694
-0.72249
-0.81469
-0.86636
-0.7163
-0.70823
-0.74255
-0.80099
-0.80098
-0.80288
-0.79823
33.8914
-0.81141
-0.74986
-0.73266
-0.73249
-0.73251
-0.76478
-0.74759
-0.68381
0
0
0
0
0
0
0
0
0
0
0
0
0
0
0
0
0
0
0
0
0
0
0
0
0
0
0
0
0
-2.0708
0
0
0
0
0
0
0
0
0
0
0
0
0
0
0
0
0
0
0
0
0
0
0
0
0
0
0
0
0
0
0
0
0
0
0
0
0
0
0
0
0
0
0
0
0
-0.84818
-0.81617
-0.8122
-0.82245
-0.83025
-0.82051
-0.88462
-0.90115
-0.82052
-0.8846
-0.81203
-0.83532
-0.8096
-0.86482
-0.80987
-0.81056
-0.86477
-0.81419
-0.80975
-0.85487
-0.78408
-0.78415
-0.78408
-0.75911
-0.85497
-0.90257
-0.75696
-0.75016
-0.7826
-0.82833
-0.82834
-0.82324
-0.82574
-0.81141
39.7425
-0.79755
-0.77508
-0.77491
-0.77494
-0.79652
-0.78766
-0.72136
0
0
0
0
0
0
0
0
0
0
0
0
0
0
0
0
0
0
0
0
0
0
0
0
0
0
0
0
0
0
0
0
0
0
0
0
0
0
0
0
0
0
0
0
0
0
0
0
0
0
0
0
0
0
0
0
0
0
0
0
0
0
0
0
0
0
0
0
0
0
0
0
-6.3123
0
0
-0.7935
-0.76347
-0.76073
-0.76735
-0.77283
-0.76434
-0.82916
-0.84639
-0.76435
-0.82916
-0.7595
-0.77715
-0.75044
-0.81158
-0.7507
-0.75131
-0.81154
-0.75805
-0.75058
-0.80017
-0.72269
-0.7228
-0.72269
-0.70928
-0.80219
-0.85545
-0.70236
-0.69479
-0.72799
-0.77971
-0.77971
-0.78388
-0.76927
-0.74986
-0.79755
32.0208
-0.72958
-0.72941
-0.72943
-0.73807
-0.7288
-0.66846
-0.76457
0
0
0
0
0
0
0
0
0
0
0
0
0
0
0
0
0
0
0
0
0
0
0
0
0
0
0
0
0
0
0
0
0
0
0
0
0
0
0
0
0
0
0
0
0
0
0
0
0
0
0
0
0
0
0
0
0
0
0
0
0
0
0
0
0
0
0
0
0
0
0
0
0
0
-0.76986
-0.74026
-0.73751
-0.74406
-0.74941
-0.74105
-0.80522
-0.82224
-0.74105
-0.80523
-0.73636
-0.75372
-0.7273
-0.78789
-0.72755
-0.72816
-0.78785
-0.73491
-0.72744
-0.77661
-0.70022
-0.70033
-0.70023
-0.68699
-0.77862
-0.83143
-0.68034
-0.67288
-0.70553
-0.7565
-0.75651
-0.76162
-0.7515
-0.73266
-0.77508
-0.72958
30.2945
-0.68031
-0.68034
-0.72269
-0.71651
-0.63092
0
0
0
0
0
0
0
0
0
0
0
0
0
0
0
0
0
0
0
0
0
0
0
0
0
0
0
0
0
0
0
0
0
0
0
0
0
0
0
0
0
0
0
0
0
0
0
0
0
0
0
0
0
0
0
0
0
0
0
0
0
0
0
0
0
0
0
0
0
0
0
0
0
0
0
-0.7697
-0.74009
-0.73734
-0.74389
-0.74925
-0.74088
-0.80505
-0.82208
-0.74088
-0.80505
-0.73619
-0.75356
-0.72714
-0.78771
-0.72738
-0.72799
-0.78768
-0.73474
-0.72727
-0.77644
-0.70006
-0.70015
-0.70006
-0.68684
-0.77843
-0.83127
-0.68018
-0.67272
-0.70536
-0.75632
-0.75633
-0.76146
-0.75134
-0.73249
-0.77491
-0.72941
-0.68031
30.2876
-0.68003
-0.72251
-0.71635
-0.63073
0
0
0
0
0
0
0
0
0
0
0
0
0
0
0
0
0
0
0
0
0
0
0
0
0
0
0
0
0
0
0
0
0
0
0
0
0
0
0
0
0
0
0
0
0
0
0
0
0
0
0
0
0
0
0
0
0
0
0
0
0
0
0
0
0
0
0
0
0
0
0
0
0
0
0
-0.76971
-0.74012
-0.73737
-0.74392
-0.74927
-0.7409
-0.80507
-0.8221
-0.74091
-0.80508
-0.73622
-0.75358
-0.72716
-0.78774
-0.7274
-0.72803
-0.7877
-0.73477
-0.72729
-0.77646
-0.70008
-0.70018
-0.70008
-0.68686
-0.77847
-0.83128
-0.68019
-0.67274
-0.70539
-0.75635
-0.75636
-0.76148
-0.75136
-0.73251
-0.77494
-0.72943
-0.68034
-0.68003
30.2886
-0.72254
-0.71639
-0.63076
0
0
0
0
0
0
0
0
0
0
0
0
0
0
0
0
0
0
0
0
0
0
0
0
0
0
0
0
0
0
0
0
0
0
0
0
0
0
0
0
0
0
0
0
0
0
0
0
0
0
0
0
0
0
0
0
0
0
0
0
0
0
0
0
0
0
0
0
0
0
0
0
0
0
0
-0.7894
-0.76053
-0.7575
-0.76504
-0.77129
-0.76299
-0.82726
-0.84399
-0.76298
-0.82725
-0.75589
-0.77686
-0.74963
-0.80956
-0.74987
-0.7505
-0.80953
-0.75652
-0.74974
-0.79833
-0.72183
-0.72192
-0.72183
-0.70268
-0.7988
-0.8518
-0.70125
-0.69299
-0.72724
-0.78612
-0.78612
-0.78753
-0.78394
-0.76478
-0.79652
-0.73807
-0.72269
-0.72251
-0.72254
33.4488
-0.71785
0
0
0
0
0
0
0
0
0
0
0
0
0
0
0
0
0
0
0
0
0
0
0
0
0
0
0
0
0
0
0
0
0
-2.9052
0
0
0
0
0
0
0
0
0
0
0
0
0
0
0
0
0
0
0
0
0
0
0
0
0
0
0
0
0
0
0
0
0
0
0
0
0
0
0
0
0
0
-0.78282
-0.75273
-0.74972
-0.75686
-0.76276
-0.75415
-0.8179
-0.83468
-0.75415
-0.81791
-0.7479
-0.76786
-0.74097
-0.80044
-0.74121
-0.74184
-0.80039
-0.74806
-0.74109
-0.78919
-0.71331
-0.71342
-0.71332
-0.69914
-0.79004
-0.84305
-0.69288
-0.68537
-0.71875
-0.77543
-0.77545
-0.77786
-0.76968
-0.74759
-0.78766
-0.7288
-0.71651
-0.71635
-0.71639
-0.71785
32.9767
0
0
0
0
0
0
0
0
0
0
0
0
0
0
0
0
0
0
0
-2.7752
0
0
0
0
0
0
0
0
0
0
0
0
0
0
0
0
0
0
0
0
0
0
0
0
0
0
0
0
0
0
0
0
0
0
0
0
0
0
0
0
0
0
0
0
0
0
0
0
0
0
0
0
0
0
0
0
-0.71421
-0.68745
-0.68422
-0.69185
-0.69683
-0.68961
-0.75165
-0.76776
-0.68961
-0.75165
-0.68184
-0.70184
-0.67639
-0.73466
-0.67664
-0.67723
-0.73462
-0.68275
-0.67651
-0.72373
-0.64987
-0.64995
-0.64987
-0.63511
-0.72442
-0.77635
-0.63023
-0.62239
-0.65476
-0.70584
-0.70584
-0.7097
-0.70228
-0.68381
-0.72136
-0.66846
-0.63092
-0.63073
-0.63076
0
0
29.0839
0
0
0
0
0
0
0
0
0
0
0
0
0
0
0
0
-2.2102
0
0
0
0
0
0
0
0
0
0
0
0
0
0
0
0
0
0
0
0
0
0
0
0
0
0
0
0
0
0
0
0
0
0
0
0
0
0
0
0
0
0
0
0
0
0
0
0
0
0
0
0
0
0
0
0
0
0
-0.81173
-0.78142
-0.77894
-0.78533
-0.79076
-0.78222
-0.84743
-0.86497
-0.78221
-0.84743
-0.77764
-0.7954
-0.76845
-0.82995
-0.7687
-0.76933
-0.82989
-0.7759
-0.76857
-0.81846
-0.74084
-0.74094
-0.74083
-0.72688
-0.82065
-0.87452
-0.72008
-0.71259
-0.74621
-0.79987
-0.79988
-0.80339
-0.7953
0
0
-0.76457
0
0
0
0
0
0
26.7613
0
0
0
0
0
0
0
0
0
0
0
0
0
0
0
0
0
0
0
0
0
0
0
0
0
0
0
0
0
0
0
0
0
0
0
0
0
0
0
0
0
0
0
0
0
0
0
0
0
0
0
0
0
0
0
0
0
0
0
0
0
0
0
0
0
0
0
0
0
0
0
0
0
0
-0.80272
-0.77262
-0.77024
-0.77648
-0.78179
-0.77333
-0.8383
-0.85577
-0.77332
-0.8383
-0.76893
-0.78647
-0.75961
-0.82101
-0.75986
-0.76049
-0.82098
-0.76715
-0.75974
-0.80962
-0.7324
-0.73249
-0.7324
-0.71875
-0.81187
-0.8656
-0.71206
-0.70472
-0.73809
-0.79033
-0.79033
-0.79375
-0.78505
0
0
0
0
0
0
0
0
0
0
25.7046
0
0
0
0
0
0
0
0
0
0
0
0
0
0
0
0
0
0
0
0
0
0
0
0
0
0
0
0
0
0
0
0
0
0
0
0
0
0
0
0
0
0
0
0
0
0
0
0
0
0
0
0
0
0
0
0
0
0
0
0
0
0
0
0
0
0
0
0
0
0
0
0
0
-0.84037
-0.81654
-0.81269
-0.82634
-0.83567
-0.82728
-0.88726
-0.90294
-0.82728
-0.88725
-0.81084
-0.8418
-0.81611
-0.86855
-0.81638
-0.81704
-0.86851
-0.8205
-0.81626
-0.85854
-0.78763
-0.78775
-0.78764
-0.76526
-0.85534
-0.90714
-0.76515
-0.75564
-0.79302
0
0
0
0
0
0
0
0
0
0
0
0
0
0
0
36.7594
0
0
0
0
0
0
0
0
0
0
0
0
0
0
0
0
0
0
0
-2.7555
0
0
0
0
0
0
0
0
0
0
0
0
0
0
0
0
0
0
-4.4836
0
0
0
0
0
0
0
0
0
0
0
0
0
0
0
0
0
0
0
0
0
0
0
0
0
0
0
-5.5176
0
0
0
0
0
-0.83259
-0.79496
-0.78622
-0.80442
-0.81198
-0.80375
-0.85844
-0.87277
-0.80375
-0.85843
-0.78854
-0.81746
-0.79079
-0.83782
-0.79106
-0.79172
-0.83778
-0.79556
-0.79094
-0.82716
-0.76079
-0.76091
-0.7608
-0.74389
-0.82705
-0.86271
-0.73777
-0.7282
-0.76604
0
0
0
0
0
0
0
0
0
0
0
0
0
0
0
0
36.9321
0
0
0
0
0
0
0
0
0
0
0
0
0
0
0
0
0
0
0
0
0
0
0
0
0
0
0
0
0
0
0
-2.2614
0
0
0
0
0
0
0
0
0
0
0
0
0
0
0
0
0
-5.7132
0
0
0
0
0
0
0
0
0
0
0
0
0
0
-5.7132
0
0
0
0
0
0
-0.86741
-0.835
-0.83165
-0.84204
-0.85057
-0.84076
-0.90476
-0.92119
-0.84077
-0.90475
-0.83193
-0.85503
-0.82846
-0.88547
-0.82872
-0.82937
-0.88543
-0.83537
-0.82858
-0.87543
-0.79998
-0.80009
-0.79999
-0.78344
-0.87614
-0.93781
-0.77831
-0.76948
-0.80719
-0.87046
-0.87047
0
0
0
0
0
0
0
0
0
0
0
0
0
0
0
32.3414
0
0
0
0
0
0
0
0
0
0
0
0
0
0
0
0
0
0
0
0
0
0
0
0
0
0
0
0
0
0
0
0
0
0
0
0
0
0
0
0
0
0
0
0
0
0
0
0
0
0
0
0
0
0
0
0
0
0
0
0
0
0
-6.1254
0
0
0
0
0
0
0
-0.85837
-0.8256
-0.82076
-0.83287
-0.84152
-0.83173
-0.89496
-0.91093
-0.83173
-0.89495
-0.82005
-0.84693
-0.81987
-0.87596
-0.82013
-0.82078
-0.87591
-0.82632
-0.82
-0.86575
-0.79125
-0.79135
-0.79125
-0.77455
-0.86434
-0.92256
-0.76935
-0.76106
-0.79793
0
0
0
0
0
0
0
0
0
0
0
0
0
0
0
0
0
0
32.695
0
0
0
0
0
0
0
0
0
0
0
0
-2.7389
0
0
0
0
0
0
0
0
0
0
0
0
0
0
0
0
0
0
0
0
0
0
0
0
0
0
0
0
-5.7573
0
0
0
0
0
0
0
0
0
0
0
0
0
0
0
0
0
0
0
0
0
0
0
0
0
0
0
-0.847
-0.81179
-0.80787
-0.81897
-0.82726
-0.81782
-0.88066
-0.89661
-0.81783
-0.88064
-0.80916
-0.83026
-0.80424
-0.86122
-0.8045
-0.80515
-0.86117
-0.81151
-0.80438
-0.84997
-0.77498
-0.77508
-0.77499
-0.76007
-0.85109
-0.89994
-0.75271
-0.74418
-0.77784
0
0
0
0
0
0
0
0
0
0
0
0
0
0
0
0
0
0
0
28.3234
0
0
0
0
0
0
0
0
0
0
0
0
0
0
0
0
0
0
0
0
0
0
0
0
0
0
0
0
0
0
0
0
0
0
0
0
0
0
0
0
0
0
0
0
0
0
0
0
0
0
0
-4.5646
0
0
0
0
0
0
0
0
0
0
0
0
0
0
0
0
-0.87818
-0.84688
-0.84411
-0.85107
-0.85681
-0.84791
-0.91444
-0.93231
-0.84792
-0.91443
-0.84289
-0.86141
-0.83392
-0.89637
-0.83417
-0.83483
-0.89632
-0.84121
-0.83406
-0.88449
-0.80492
-0.80503
-0.80492
-0.79032
-0.88652
-0.94135
-0.78302
-0.7748
-0.80909
0
0
0
0
0
0
0
0
0
0
0
0
0
0
0
0
0
0
0
0
24.6937
0
0
0
0
0
0
0
0
0
0
0
0
0
0
0
0
0
0
0
0
0
0
0
0
0
0
0
0
0
0
0
0
0
0
0
0
0
0
0
0
0
0
0
0
0
0
0
0
0
0
0
0
0
0
0
0
0
0
0
0
0
0
0
0
0
0
0
-0.79639
-0.76913
-0.76657
-0.77241
-0.77648
-0.76878
-0.83378
-0.85067
-0.76878
-0.83377
-0.76273
-0.78224
-0.75587
-0.81634
-0.75612
-0.75675
-0.81629
-0.76149
-0.756
-0.80449
-0.72807
-0.72816
-0.72806
-0.71356
-0.80493
0
-0.70702
-0.6991
0
0
0
0
0
0
0
0
0
0
0
0
0
0
0
0
0
0
0
0
0
0
22.851
0
0
0
0
0
0
0
0
0
0
-2.0371
0
0
0
0
0
0
0
0
0
0
0
0
0
0
0
0
0
0
0
0
0
0
0
0
0
0
0
0
0
0
0
0
0
0
0
0
0
0
0
0
0
0
0
0
0
0
0
0
0
0
0
0
0
0
0
-0.79007
-0.76027
-0.75791
-0.76379
-0.76864
-0.76044
-0.82568
-0.84319
-0.76045
-0.82569
-0.75658
-0.77323
-0.74656
-0.80858
-0.7468
-0.74743
-0.80855
-0.75404
-0.74668
-0.79691
-0.71938
-0.71947
-0.71938
-0.70621
-0.79944
0
-0.69922
-0.69203
0
0
0
0
0
0
0
0
0
0
0
0
0
0
0
0
0
0
0
0
0
0
0
20.5966
0
0
0
0
0
0
0
0
0
0
0
0
0
0
0
0
0
0
0
0
0
0
0
0
0
0
0
0
0
0
0
0
0
0
0
0
0
0
0
0
0
0
0
0
0
0
0
0
0
0
0
0
0
0
0
0
0
0
0
0
0
0
0
0
0
-0.8414
-0.80807
-0.80062
-0.81317
-0.81771
-0.8103
-0.86944
-0.88517
-0.8103
-0.86945
-0.80082
-0.82038
-0.79412
-0.85016
-0.79437
-0.79501
-0.85012
-0.80171
-0.79425
-0.83822
-0.76478
-0.76488
-0.76478
-0.75146
0
0
-0.74375
0
0
0
0
0
0
0
0
0
0
0
0
0
0
0
0
0
0
0
0
0
0
0
0
0
24.3122
0
0
0
0
0
0
0
0
0
0
0
0
0
0
0
0
0
0
0
0
0
0
0
0
0
0
0
0
0
0
0
0
0
0
0
0
0
0
0
0
-4.0577
0
0
0
0
0
0
0
0
0
0
0
0
0
0
0
0
0
0
0
0
0
0
0
-0.78633
-0.74585
-0.7288
-0.75029
-0.75751
-0.74861
-0.81049
-0.82549
-0.74861
-0.81048
-0.74212
-0.75996
-0.73559
-0.79193
-0.73584
-0.73646
-0.79189
-0.74199
-0.73572
0
-0.70771
-0.7078
-0.70772
0
0
0
0
0
0
0
0
0
0
0
0
0
0
0
0
0
0
0
0
0
0
0
0
0
0
0
0
0
0
22.2277
0
0
0
0
0
0
0
0
0
0
0
0
-3.5133
0
0
-2.1072
0
0
0
0
0
0
0
0
0
0
0
0
0
0
0
0
0
0
0
0
0
0
0
0
0
0
0
0
0
0
0
0
0
0
0
0
0
0
0
0
0
0
0
0
0
0
0
-1.2559
-1.2142
0
-1.2162
-1.2222
-1.2141
-1.2751
0
-1.2141
-1.2751
0
0
-1.1979
0
-1.1982
-1.1989
0
0
-1.1981
0
0
0
0
0
0
0
0
0
0
0
0
0
0
0
0
0
0
0
0
0
0
0
0
0
0
0
0
0
0
0
0
0
0
0
27.0284
0
-1.8604
0
0
0
0
0
0
0
0
0
0
0
0
0
0
0
0
0
0
0
-1.8266
0
0
0
0
0
0
0
0
0
0
0
0
0
0
0
0
0
0
0
0
-4.3307
0
0
0
0
0
0
0
0
0
0
0
0
0
0
0
0
0
0
-4.3307
-2.2204
-2.1874
0
-2.1906
0
-2.1858
0
0
-2.1857
0
0
0
0
0
0
0
0
0
0
0
0
0
0
0
0
0
0
0
0
0
0
0
0
0
0
0
0
0
0
0
0
0
0
0
0
0
0
0
0
0
0
0
0
0
0
16.2428
0
0
0
0
0
0
0
0
0
0
0
0
0
0
0
0
0
0
0
0
0
0
0
0
0
0
0
0
0
0
0
0
0
0
0
0
0
0
0
0
0
0
0
0
0
0
-5.2729
0
0
0
0
0
0
0
0
0
0
0
0
0
0
0
0
0
0
0
0
0
0
0
0
0
0
0
0
0
0
0
0
0
0
0
0
0
0
0
0
0
-1.7062
0
0
0
0
0
0
0
0
0
0
0
0
0
0
0
0
0
0
0
0
0
0
0
0
0
0
-1.8604
0
14.0288
0
0
0
0
0
0
0
-3.6194
0
-2.8285
0
0
0
0
0
0
0
0
0
0
0
0
0
0
-4.0143
0
0
0
0
0
0
0
0
0
0
0
0
0
0
0
0
0
0
0
0
0
0
0
0
0
0
0
0
0
0
0
0
0
0
0
0
0
0
0
0
0
0
0
0
0
0
0
0
0
0
0
0
0
0
0
0
0
0
-2.7377
0
0
0
0
0
0
0
0
0
0
0
0
0
0
0
0
0
0
0
0
0
0
0
0
0
0
0
0
0
0
0
0
0
15.4984
0
0
0
0
0
-2.1306
0
0
0
0
0
0
0
0
0
0
-3.084
0
0
0
0
0
0
-3.2674
0
0
0
0
0
0
0
0
0
0
0
0
0
0
0
0
0
0
0
0
0
0
-4.2787
0
0
0
0
0
0
0
0
0
0
0
0
0
0
0
0
0
0
0
0
0
0
0
0
0
0
0
0
0
0
0
0
0
0
0
0
0
0
0
0
0
0
0
0
0
0
0
0
0
0
0
0
0
-2.2102
0
0
0
0
0
0
0
0
0
0
0
0
0
0
0
0
16.5595
0
0
0
0
0
0
0
0
0
0
0
0
0
-3.0826
-2.7836
0
0
0
0
0
0
0
0
0
-3.9143
0
0
0
0
0
0
0
-4.5687
0
0
0
0
0
0
0
0
0
0
0
0
0
0
0
0
0
0
0
0
0
0
0
0
0
0
0
0
0
0
0
0
0
0
0
0
-1.0476
0
0
0
0
0
0
0
0
0
0
0
0
0
0
0
0
0
0
0
0
0
0
0
0
0
0
0
0
0
0
0
0
0
0
0
0
0
0
0
0
0
0
0
0
0
0
0
10.0571
0
0
0
0
0
0
0
0
0
0
-3.3087
0
0
0
0
0
0
-3.3207
0
0
0
0
0
0
0
0
0
0
0
0
0
0
0
0
0
0
0
0
0
0
0
0
0
0
0
-2.3802
0
0
0
0
0
0
0
0
0
0
0
0
0
0
0
0
0
0
0
0
0
0
0
0
0
0
0
0
0
0
0
0
0
0
0
0
0
0
0
0
0
0
0
0
0
0
0
0
0
0
0
-2.7752
0
0
0
0
0
0
-2.7389
0
0
0
0
0
0
0
0
0
0
0
0
12.9004
0
0
0
0
0
0
0
0
0
-2.8987
0
0
0
0
0
0
0
0
0
0
0
0
0
0
0
0
0
0
0
-4.4876
0
0
0
0
0
0
0
0
0
0
0
0
0
0
0
0
0
0
0
0
0
0
0
0
0
0
0
0
0
0
0
0
0
0
0
0
0
0
0
0
0
0
0
0
0
0
0
0
0
0
0
0
0
0
0
0
0
-2.1874
0
0
0
0
0
0
0
0
0
0
0
0
0
0
0
0
0
0
-2.0371
0
0
0
0
0
0
0
0
0
0
12.3431
-3.5486
0
0
0
0
0
0
0
0
0
0
0
0
0
0
0
0
0
0
0
0
0
0
0
0
0
0
0
0
0
0
0
0
0
-4.57
0
0
0
0
0
0
0
0
0
0
0
0
0
0
0
0
0
0
0
0
-2.0501
0
0
0
0
0
0
0
0
0
0
0
0
0
0
0
0
0
0
0
0
0
0
0
0
0
0
0
0
0
0
0
0
0
0
0
0
0
0
0
0
0
0
0
0
0
0
0
0
0
0
0
0
0
0
0
0
0
0
0
0
-3.5486
12.8731
0
0
0
0
0
0
0
0
0
0
0
0
-2.8338
0
0
0
0
0
0
0
0
0
0
0
0
0
0
0
0
0
0
0
0
0
0
0
0
0
-4.4405
0
0
0
0
0
0
0
0
0
0
0
0
0
0
0
0
0
0
-1.6516
0
0
0
0
0
0
0
0
0
0
0
0
0
0
0
0
0
0
0
0
0
0
0
0
0
0
0
0
0
0
0
0
0
0
0
0
0
0
0
0
0
0
0
0
0
0
0
0
0
0
0
0
0
-2.1306
0
0
0
0
0
10.9924
0
0
0
0
0
0
0
0
0
0
0
-3.3858
0
0
0
-3.8244
0
0
0
0
0
0
0
0
0
0
0
0
0
0
0
0
0
0
0
0
0
0
0
0
0
0
0
0
0
0
0
0
0
0
0
0
0
0
0
0
0
0
0
0
0
0
0
0
0
0
0
0
0
0
0
0
0
0
0
0
0
0
0
0
0
0
0
0
0
0
0
0
0
0
0
0
0
0
0
0
0
-2.7555
0
0
0
0
0
0
0
0
0
0
0
-3.6194
0
0
0
0
0
0
0
6.9341
0
0
0
0
0
0
0
0
0
0
0
0
0
0
0
0
0
0
0
0
0
0
0
0
0
0
0
0
0
0
0
0
0
-0.55912
0
0
0
0
0
0
0
0
0
0
0
0
0
0
0
0
0
0
0
0
0
0
-2.8775
0
0
0
0
0
0
0
0
0
0
0
0
-2.8545
0
0
0
0
0
0
0
0
0
0
0
0
0
0
0
0
0
0
0
0
0
0
0
0
0
0
0
0
0
0
0
0
0
0
0
0
0
0
0
0
0
0
0
0
0
0
0
9.6654
0
0
0
0
0
0
0
0
0
0
0
0
0
0
0
0
0
0
0
0
0
0
0
0
0
0
0
0
0
0
0
0
0
0
0
0
0
0
0
0
0
0
0
0
0
0
0
-3.9334
0
0
0
0
0
0
0
0
0
0
0
0
0
0
0
0
0
0
0
0
0
0
0
0
0
0
0
0
0
0
0
0
0
0
0
0
0
0
0
0
0
0
0
0
0
0
0
0
0
0
0
0
0
0
0
0
-3.5133
0
0
-2.8285
0
0
0
0
0
0
0
0
0
10.3167
0
0
0
0
0
0
0
0
0
0
0
0
0
-3.9749
0
0
0
0
0
0
0
0
0
0
0
0
0
0
0
0
0
0
0
0
0
0
0
0
0
0
0
0
0
0
0
0
0
0
0
0
0
-2.958
0
0
0
0
0
-3.007
0
0
0
0
0
0
0
0
0
0
0
0
0
0
0
0
0
0
0
0
0
0
0
0
0
0
0
0
0
0
0
0
0
0
0
0
0
0
0
0
0
0
0
0
0
0
0
0
0
0
0
0
0
0
0
0
0
0
0
8.7716
0
0
0
0
0
0
0
0
-2.8066
0
0
0
0
0
0
0
0
0
0
0
0
0
0
0
0
0
0
0
0
0
0
0
0
0
0
0
0
0
0
0
0
0
0
0
0
0
0
0
0
0
0
0
0
0
0
0
0
0
0
0
0
0
0
0
0
0
0
0
0
0
0
0
0
0
0
0
0
0
0
0
0
0
0
0
0
0
0
0
0
0
0
0
0
0
0
0
0
0
0
0
0
0
0
0
0
0
0
0
0
0
0
0
0
0
0
0
0
10.7227
0
0
0
0
0
0
0
0
0
-3.7552
0
0
0
0
0
-3.7864
-3.1811
0
0
0
0
0
0
0
0
0
0
0
0
0
0
0
0
0
0
0
0
0
0
0
0
0
0
0
0
0
0
0
0
0
-2.3883
0
0
0
0
0
0
0
0
0
0
0
0
0
0
0
0
0
0
0
0
0
0
0
0
0
0
0
0
0
0
0
0
0
0
0
0
0
0
0
0
0
0
0
0
0
0
0
0
0
0
-2.1072
0
0
0
0
0
0
0
0
0
0
0
0
0
0
0
7.4621
0
0
0
-2.9666
0
0
0
0
0
0
0
0
0
0
0
0
0
0
0
0
0
0
0
0
0
0
0
0
0
0
0
0
0
0
0
0
0
0
0
0
0
0
0
0
0
0
0
0
0
0
0
0
0
0
0
0
0
0
0
0
0
0
0
0
0
0
0
0
0
0
0
0
0
0
0
0
0
0
0
0
0
0
0
0
0
0
0
0
0
0
0
0
0
0
0
0
0
0
0
0
0
0
0
0
0
0
-3.3087
-2.8987
0
0
0
0
0
0
0
0
0
9.1164
0
0
0
-2.909
0
0
0
0
0
0
0
0
0
0
0
0
0
0
0
0
0
0
0
0
0
0
0
0
0
0
0
0
0
0
0
0
0
0
0
0
0
0
0
0
0
0
0
0
-2.0936
0
0
0
0
0
0
0
0
0
0
0
0
0
0
0
0
0
0
0
0
0
0
0
0
0
0
0
0
0
0
-2.0708
0
0
0
0
0
0
0
0
0
0
0
0
0
0
0
0
0
0
0
0
0
0
0
0
0
0
0
0
0
0
0
0
0
0
0
0
0
5.3176
0
0
0
0
0
0
0
0
0
0
0
0
0
0
-1.1532
0
0
0
0
0
0
0
0
0
0
0
0
0
0
0
0
0
0
0
0
0
0
0
0
0
0
0
0
0
0
-2.65
0
0
0
0
0
0
0
0
0
0
0
0
0
0
0
0
0
0
0
0
0
0
0
0
0
0
0
0
0
0
0
0
0
0
0
0
0
0
0
0
0
0
0
0
0
0
0
0
0
0
0
0
0
0
0
0
0
-3.0826
0
0
0
0
0
0
0
0
0
0
0
0
0
9.0538
0
0
0
0
0
0
0
0
0
0
0
0
-3.3211
0
0
0
0
0
0
0
0
0
0
0
0
0
0
0
0
0
0
0
0
0
0
0
0
0
0
0
0
0
0
0
0
0
0
0
0
0
0
0
0
0
-2.4477
0
0
0
0
0
0
0
0
0
0
0
0
0
0
0
0
0
0
0
0
0
0
0
0
0
0
0
0
0
0
0
0
0
0
0
0
0
0
0
0
0
0
0
0
0
0
0
-2.7836
0
0
0
0
0
0
0
0
0
0
-2.9666
0
0
0
8.198
0
0
0
0
0
0
0
0
0
0
0
0
0
0
0
0
0
0
0
0
0
0
0
0
0
0
0
0
0
0
0
0
0
0
0
0
0
0
0
0
0
0
0
0
0
0
0
0
0
0
0
0
0
0
0
0
0
0
0
0
0
0
0
0
0
0
0
0
0
0
0
0
0
0
0
0
0
0
0
0
0
0
-2.9052
0
0
0
0
0
0
0
0
0
0
0
0
0
0
0
0
0
-3.084
0
0
0
0
0
0
0
0
0
0
0
0
-2.909
0
0
0
8.8981
0
0
0
0
0
0
0
0
0
0
0
0
0
0
0
0
0
0
0
0
0
0
0
0
0
0
0
0
0
0
0
0
0
0
0
0
0
0
0
0
0
0
0
0
-3.0657
0
0
0
0
0
0
0
0
0
0
0
0
0
0
0
0
0
0
0
0
0
0
0
0
0
0
0
0
0
0
0
0
0
0
0
0
0
0
0
0
0
0
0
0
0
0
0
0
0
0
0
0
0
0
0
0
0
0
0
-2.8338
-3.3858
0
0
0
0
0
0
0
0
0
0
0
9.2853
0
0
0
0
0
0
0
0
0
0
0
0
0
0
0
0
0
0
0
0
0
0
0
0
0
0
0
0
0
0
0
0
0
0
0
0
0
0
0
0
0
0
0
0
0
0
0
0
0
0
0
0
0
0
0
0
0
0
0
0
0
0
0
0
0
0
0
0
0
0
0
0
0
0
0
0
0
0
0
0
0
0
0
0
0
0
0
0
0
0
0
0
0
0
0
-1.8266
0
0
0
0
0
0
0
0
0
0
0
0
-2.8066
0
0
0
0
0
0
0
0
8.7047
0
0
0
0
0
0
0
0
0
0
0
0
0
0
0
0
0
0
0
0
0
0
0
0
0
0
0
0
0
0
0
-4.0715
0
0
0
0
0
0
0
0
0
0
0
0
0
0
0
0
0
0
0
0
0
0
0
0
0
0
0
0
0
0
0
0
0
0
0
0
0
0
0
0
0
0
0
0
0
0
0
0
0
0
0
0
0
-2.2614
0
0
0
0
0
0
0
0
0
0
0
0
0
-3.3207
0
0
0
0
0
0
0
0
0
0
0
0
0
0
0
0
0
5.5821
0
0
0
0
0
0
0
0
0
0
0
0
0
0
0
0
0
0
0
0
0
0
0
0
0
0
0
0
0
0
0
0
0
0
0
0
0
0
0
0
0
0
0
0
0
0
0
0
0
0
0
0
0
0
0
0
0
0
0
0
0
0
0
-4.3854
0
0
0
0
0
0
0
0
0
0
0
0
0
0
0
0
0
0
0
0
0
0
0
0
0
0
0
0
0
0
0
0
0
0
0
0
0
0
0
0
0
0
0
-3.7552
0
0
0
0
0
0
0
0
0
8.1406
0
0
0
0
0
0
0
0
0
0
0
0
0
0
0
0
0
0
0
0
0
0
0
0
0
0
0
0
0
0
0
0
0
0
0
0
0
0
0
-2.6886
0
0
0
0
0
0
0
0
0
0
0
0
0
0
0
0
0
0
0
0
0
0
0
0
0
0
0
0
0
0
0
0
0
0
0
0
0
0
0
0
0
0
0
0
0
0
0
0
0
0
0
0
0
0
0
0
0
0
0
0
0
-3.8244
0
0
0
0
0
0
0
0
0
0
0
0
0
0
0
6.513
0
0
0
0
0
0
0
0
0
0
0
0
0
0
0
0
0
0
0
0
0
0
0
0
0
0
0
0
0
0
0
0
0
0
0
0
0
0
0
0
0
0
0
0
0
0
0
0
0
0
0
0
0
0
0
0
0
0
0
0
0
0
0
0
0
0
0
0
0
0
0
0
0
0
0
0
0
0
0
0
0
0
0
0
0
0
0
0
0
0
0
0
0
0
0
0
0
0
0
0
0
0
0
-3.9749
0
0
0
0
0
0
0
0
0
0
0
0
0
8.2362
0
-4.2613
0
0
0
0
0
0
0
0
0
0
0
0
0
0
0
0
0
0
0
0
0
0
0
0
0
0
0
0
0
0
0
0
0
0
0
0
0
0
0
0
0
0
0
0
0
0
0
0
0
0
0
0
0
0
0
0
0
0
0
0
0
0
0
0
0
0
0
0
0
0
0
0
0
0
0
0
0
0
0
0
0
0
0
0
0
0
0
0
0
0
-4.0143
-3.2674
0
0
0
0
0
0
0
0
0
0
0
0
0
0
0
0
0
0
0
0
0
0
0
7.2817
0
0
0
0
0
0
0
0
0
0
0
0
0
0
0
0
0
0
0
0
0
0
0
0
0
0
0
0
0
0
0
0
0
0
0
-4.7657
0
0
0
0
0
0
0
0
0
0
0
0
0
0
0
0
0
0
0
0
0
0
0
0
0
0
0
0
0
0
0
0
0
0
0
0
0
0
0
0
0
0
0
0
0
0
0
0
0
0
0
0
0
0
0
0
0
0
0
0
0
0
0
0
0
0
0
0
0
0
0
0
0
0
0
0
0
0
0
-4.2613
0
9.027
0
0
0
0
0
0
0
0
0
0
0
0
0
0
0
0
0
0
0
0
0
0
0
0
0
0
0
0
0
0
0
0
0
0
0
0
0
0
0
0
0
0
0
0
0
0
0
0
0
0
0
0
0
0
0
0
0
0
0
0
0
0
0
0
0
0
0
0
0
0
0
0
0
0
0
0
0
0
-4.4836
0
0
0
0
0
0
0
0
0
0
0
0
0
-3.9143
0
0
0
0
0
0
0
0
0
0
0
0
0
0
0
0
0
0
0
0
0
0
0
0
8.3979
0
0
0
0
0
0
0
0
0
0
0
0
0
0
0
0
0
0
0
0
0
0
0
0
0
0
0
0
0
0
0
0
0
0
0
0
0
0
0
0
0
0
0
-4.2948
0
0
0
0
0
0
0
0
0
0
0
0
0
0
0
0
0
0
0
0
0
0
0
0
0
0
0
0
0
0
0
0
0
0
0
0
0
0
0
0
0
0
0
0
0
0
0
0
0
0
0
0
0
0
0
0
0
-3.7864
0
0
0
0
0
0
0
0
0
0
0
0
0
0
0
8.0813
0
0
0
0
0
0
0
0
0
0
0
0
0
0
0
0
0
0
0
0
0
0
0
0
0
0
0
0
0
0
0
0
0
0
0
0
0
0
0
0
0
0
0
0
0
0
0
0
0
0
0
0
0
0
0
0
0
0
0
0
0
0
0
0
0
0
0
0
0
0
0
0
0
0
0
0
0
0
0
0
0
0
0
0
0
0
0
0
0
0
0
0
0
0
0
0
0
0
0
0
-3.1811
0
0
0
-3.3211
0
0
0
0
0
0
0
0
0
0
0
0
6.5021
0
0
0
0
0
0
0
0
0
0
0
0
0
0
0
0
0
0
0
0
0
0
0
0
0
0
0
0
0
0
0
0
0
0
0
0
0
0
0
0
0
0
0
0
0
0
0
0
0
0
0
0
0
0
0
0
0
0
0
0
0
0
0
0
0
0
0
0
0
0
0
0
0
0
0
0
0
0
0
0
0
0
0
0
0
0
0
0
0
0
0
0
0
0
0
0
0
0
0
0
0
0
-1.1532
0
0
0
0
0
0
0
0
0
0
0
0
0
0
1.1532
0
0
0
0
0
0
0
0
0
0
0
0
0
0
0
0
0
0
0
0
0
0
0
0
0
0
0
0
0
0
0
0
0
0
0
0
0
0
0
0
0
0
0
0
0
0
-7.3041
0
0
0
0
0
0
0
0
0
0
0
0
0
0
0
0
0
0
0
0
0
0
0
0
0
0
0
0
0
0
0
0
0
0
0
0
0
0
0
0
0
0
0
0
0
0
0
0
0
0
0
0
0
0
0
0
0
0
0
0
0
0
0
0
0
0
0
0
0
0
7.3041
0
0
0
0
0
0
0
0
0
0
0
0
0
0
0
0
0
0
0
0
0
0
0
0
0
0
0
0
0
0
0
0
0
0
0
0
-7.824
0
0
0
0
0
0
0
0
0
0
0
0
0
0
0
0
0
0
0
0
0
0
0
0
0
0
0
0
0
0
0
0
0
0
0
0
0
0
0
0
0
0
0
0
0
0
0
0
0
0
0
0
0
0
0
0
0
0
0
0
0
0
0
0
0
0
0
0
0
0
0
0
0
0
0
0
0
0
0
0
7.824
0
0
0
0
0
0
0
0
0
0
0
0
0
0
0
0
0
0
0
0
0
0
0
0
0
0
0
0
0
0
0
0
0
0
0
0
0
0
0
0
0
0
0
0
0
0
0
0
0
0
0
0
0
0
0
0
0
0
0
0
0
0
0
0
0
0
0
0
0
0
0
0
0
0
0
-5.7573
0
0
0
0
0
0
0
0
0
0
0
0
0
0
0
0
0
0
0
0
0
0
0
0
0
0
0
0
0
0
0
0
0
0
0
0
0
0
0
0
0
5.7573
0
0
0
0
0
0
0
0
0
0
0
0
0
0
0
0
0
0
0
0
0
0
0
0
0
0
0
0
0
0
0
0
0
0
0
0
0
0
0
0
0
0
0
0
0
0
0
0
0
0
0
0
0
0
0
0
0
0
0
0
0
0
0
0
0
0
0
0
0
0
0
0
0
0
0
0
0
0
0
0
0
0
0
0
0
0
0
-4.4876
0
0
0
0
0
0
0
0
0
0
0
0
0
0
0
0
0
0
0
0
0
0
0
0
0
0
0
0
0
4.4876
0
0
0
0
0
0
0
0
0
0
0
0
0
0
0
0
0
0
0
0
0
0
0
0
0
0
0
0
0
0
0
0
0
0
0
0
0
0
0
0
0
0
0
0
0
0
0
0
0
0
0
0
0
0
0
0
0
0
0
0
0
0
0
0
0
0
0
0
0
0
0
0
0
0
0
0
0
0
0
0
0
0
0
0
-4.5687
0
0
0
0
0
0
0
0
0
0
0
0
0
0
0
0
0
0
0
0
0
0
0
0
0
0
0
0
0
0
0
0
4.5687
0
0
0
0
0
0
0
0
0
0
0
0
0
0
0
0
0
0
0
0
0
0
0
0
0
0
0
0
0
0
0
0
0
0
-8.0291
0
0
0
0
0
0
0
0
0
0
0
0
0
0
0
0
0
0
0
0
0
0
0
0
0
0
0
0
0
0
0
0
0
0
0
0
0
0
0
0
0
0
0
0
0
0
0
0
0
0
0
0
0
0
0
0
0
0
0
0
0
0
0
0
0
0
0
0
0
0
0
0
0
0
0
0
0
0
0
0
0
0
8.0291
0
0
0
0
0
0
0
0
0
0
0
0
0
0
0
0
0
0
0
0
0
0
0
0
0
0
0
0
0
0
0
0
0
0
0
0
0
0
0
0
0
0
0
0
0
0
0
0
0
0
0
0
0
0
0
0
0
0
0
0
0
0
0
0
0
0
0
0
0
0
0
0
0
0
0
0
-4.0577
0
0
0
0
0
0
0
0
0
0
0
0
0
0
0
0
0
0
0
0
0
0
0
0
0
0
0
0
0
0
0
0
0
0
0
0
0
0
0
0
4.0577
0
0
0
0
0
0
0
0
0
0
0
0
0
0
0
0
0
0
0
0
0
0
0
0
0
0
0
0
0
0
0
0
0
0
0
0
0
0
0
0
0
0
-6.7981
0
0
0
0
0
0
0
0
0
0
0
0
0
0
0
0
0
0
0
0
0
0
0
0
0
0
0
0
0
0
0
0
0
0
0
0
0
0
0
0
0
0
0
0
0
0
0
0
0
0
0
0
0
0
0
0
0
0
0
0
0
0
0
0
0
0
0
0
0
0
0
0
0
0
6.7981
0
0
0
0
0
0
0
0
0
0
0
0
0
0
0
0
0
0
0
0
0
0
0
0
0
0
0
0
0
0
0
0
0
0
0
0
0
0
0
0
0
0
0
0
0
0
0
0
0
0
0
0
0
0
0
0
0
0
0
0
0
0
0
0
0
0
0
-5.7132
0
0
0
0
0
0
0
0
0
0
0
0
0
0
0
0
0
0
0
0
0
0
0
0
0
0
0
0
0
0
0
0
0
0
0
0
0
0
0
0
0
0
0
0
0
0
0
0
0
5.7132
0
0
0
0
0
0
0
0
0
0
0
0
0
0
0
0
0
0
0
0
0
0
0
0
0
0
0
0
0
0
0
0
0
0
0
0
0
0
0
0
0
0
0
0
0
0
0
0
0
0
0
0
0
0
0
0
0
0
0
0
0
0
0
0
0
0
0
0
0
0
0
0
0
0
0
0
0
0
0
0
0
0
-4.57
0
0
0
0
0
0
0
0
0
0
0
0
0
0
0
0
0
0
0
0
0
0
0
0
0
0
0
0
0
0
0
0
0
0
4.57
0
0
0
0
0
0
0
0
0
0
0
0
0
0
0
0
0
0
0
0
0
0
0
0
0
0
0
0
0
0
0
0
0
0
0
0
0
0
0
0
0
0
0
0
0
0
0
0
0
0
0
0
0
0
0
0
0
0
0
0
0
0
0
0
0
0
0
0
0
0
0
0
0
0
-4.3307
0
0
0
0
0
0
0
0
0
0
0
0
0
0
0
0
0
0
0
0
0
0
0
0
0
0
0
0
0
0
0
0
0
0
0
0
0
0
0
0
0
0
4.3307
0
0
0
0
0
0
0
0
0
0
0
0
0
0
0
0
0
0
0
0
0
0
0
0
0
0
0
0
0
0
0
0
0
0
0
0
0
0
0
0
0
0
0
0
0
0
0
0
0
0
0
0
0
0
0
0
0
0
0
0
0
0
0
0
0
0
0
0
0
0
0
0
0
0
0
0
0
0
0
0
0
0
0
-0.55912
0
0
0
0
0
0
0
0
0
0
0
0
0
0
0
0
0
0
0
0
0
0
0
0
0
0
0
0
0
0
0
0
0
0.55912
0
0
0
0
0
0
0
0
0
0
0
0
0
0
0
0
0
0
0
0
0
0
0
0
0
0
0
0
0
0
0
0
0
0
0
0
0
0
0
0
0
0
-7.0401
0
0
0
0
0
0
0
0
0
0
0
0
0
0
0
0
0
0
0
0
0
0
0
0
0
0
0
0
0
0
0
0
0
0
0
0
0
0
0
0
0
0
0
0
0
0
0
0
0
0
0
0
0
0
0
0
0
0
0
0
0
0
0
0
0
0
0
0
0
0
0
0
0
0
7.0401
0
0
0
0
0
0
0
0
0
0
0
0
0
0
0
0
0
0
0
0
0
0
0
0
0
0
0
0
0
0
0
0
0
0
0
0
0
0
0
0
0
0
0
0
0
0
0
0
0
0
0
0
0
0
0
0
0
0
0
0
0
0
0
0
0
-4.5646
0
0
0
0
0
0
0
0
0
0
0
0
0
0
0
0
0
0
0
0
0
0
0
0
0
0
0
0
0
0
0
0
0
0
0
0
0
0
0
0
0
0
0
0
0
0
0
0
0
0
0
4.5646
0
0
0
0
0
0
0
0
0
0
0
0
0
0
0
0
0
0
0
0
0
0
0
0
0
0
0
0
0
0
0
0
0
0
0
0
0
0
0
0
0
0
0
0
0
0
0
0
0
0
0
0
0
0
0
0
0
0
0
0
0
0
0
0
0
0
0
0
0
0
0
0
0
0
0
0
0
0
-4.4405
0
0
0
0
0
0
0
0
0
0
0
0
0
0
0
0
0
0
0
0
0
0
0
0
0
0
0
0
0
0
0
0
0
0
0
0
0
0
4.4405
0
0
0
0
0
0
0
0
0
0
0
0
0
0
0
0
0
0
0
0
0
0
0
0
0
0
0
0
0
0
0
0
0
0
0
0
0
0
0
0
0
0
0
0
0
0
0
0
0
0
0
0
0
0
0
0
0
0
0
0
0
0
0
0
0
0
0
0
0
0
-5.2729
0
0
0
0
0
0
0
0
0
0
0
0
0
0
0
0
0
0
0
0
0
0
0
0
0
0
0
0
0
0
0
0
0
0
0
0
0
0
0
0
0
0
0
0
0
0
5.2729
0
0
0
0
0
0
0
0
0
0
0
0
0
0
0
0
0
0
0
0
0
0
0
0
0
0
0
0
0
0
0
0
0
0
0
0
0
0
0
-7.9289
0
0
0
0
0
0
0
0
0
0
0
0
0
0
0
0
0
0
0
0
0
0
0
0
0
0
0
0
0
0
0
0
0
0
0
0
0
0
0
0
0
0
0
0
0
0
0
0
0
0
0
0
0
0
0
0
0
0
0
0
0
0
0
0
0
0
0
0
0
0
0
0
0
0
0
0
0
7.9289
0
0
0
0
0
0
0
0
0
0
0
0
0
0
0
0
0
0
0
0
0
0
0
0
0
0
0
0
0
0
0
0
0
0
0
0
0
0
0
0
0
0
0
0
0
0
0
0
0
0
0
0
0
0
0
0
0
0
0
0
0
0
0
0
0
0
0
0
0
0
-4.2787
0
0
0
0
0
0
0
0
0
0
0
0
0
0
0
0
0
0
0
0
0
0
0
0
0
0
0
0
0
0
0
0
0
0
0
0
0
0
0
0
0
0
0
0
0
0
4.2787
0
0
0
0
0
0
0
0
0
0
0
0
0
0
0
0
0
0
0
0
0
0
0
0
0
0
0
0
0
0
0
0
0
0
0
0
0
0
0
0
0
0
0
0
0
0
0
0
0
0
0
0
0
0
0
0
0
0
0
0
0
0
0
0
0
0
0
0
0
0
0
-2.3802
0
0
0
0
0
0
0
0
0
0
0
0
0
0
0
0
0
0
0
0
0
0
0
0
0
0
0
0
0
0
0
0
0
0
0
0
0
0
0
0
0
0
0
0
0
2.3802
0
0
0
0
0
0
0
0
0
0
0
0
0
0
0
0
0
-8.0293
0
0
0
0
0
0
0
0
0
0
0
0
0
0
0
0
0
0
0
0
0
0
0
0
0
0
0
0
0
0
0
0
0
0
0
0
0
0
0
0
0
0
0
0
0
0
0
0
0
0
0
0
0
0
0
0
0
0
0
0
0
0
0
0
0
0
0
0
0
0
0
0
0
0
0
0
0
0
0
0
0
0
0
0
0
0
0
0
0
0
0
0
0
0
0
0
0
0
0
8.0293
0
0
0
0
0
0
0
0
0
0
0
0
0
0
0
0
0
0
0
0
0
0
0
0
0
0
0
0
0
0
0
0
0
0
0
-7.9289
0
0
0
0
0
0
0
0
0
0
0
0
0
0
0
0
0
0
0
0
0
0
0
0
0
0
0
0
0
0
0
0
0
0
0
0
0
0
0
0
0
0
0
0
0
0
0
0
0
0
0
0
0
0
0
0
0
0
0
0
0
0
0
0
0
0
0
0
0
0
0
0
0
0
0
0
0
0
0
0
0
7.9289
0
0
0
0
0
0
0
0
0
0
0
0
0
0
0
0
0
0
0
0
0
0
0
0
0
0
0
0
0
0
0
0
0
0
0
0
0
0
0
0
0
0
0
0
0
0
0
0
0
0
0
0
0
0
0
0
0
0
0
0
0
0
0
0
0
0
0
0
0
0
0
0
0
0
0
0
0
0
0
0
0
0
0
0
0
-4.0715
0
0
0
0
0
0
0
0
0
0
0
0
0
0
0
0
0
0
0
0
0
0
0
0
0
0
0
0
0
0
0
4.0715
0
0
0
0
0
0
0
0
0
0
0
0
0
0
0
0
0
0
0
0
0
0
0
0
0
0
0
0
0
0
0
0
0
0
0
0
0
0
0
0
0
0
0
0
0
0
0
0
0
0
0
0
0
0
-6.1254
0
0
0
0
0
0
0
0
0
0
0
0
0
0
0
0
0
0
0
0
0
0
0
0
0
0
0
0
0
0
0
0
0
0
0
0
0
0
0
0
0
0
0
0
0
0
0
0
0
0
0
0
0
0
0
0
0
0
0
0
0
0
6.1254
0
0
0
0
0
0
0
0
0
0
0
0
0
0
0
0
0
0
0
0
0
0
0
0
0
0
0
0
0
0
0
0
0
0
0
0
0
0
0
0
0
0
0
0
0
0
0
0
0
0
0
0
-5.7132
0
0
0
0
0
0
0
0
0
0
0
0
0
0
0
0
0
0
0
0
0
0
0
0
0
0
0
0
0
0
0
0
0
0
0
0
0
0
0
0
0
0
0
0
0
0
0
0
0
0
0
0
0
0
0
0
0
0
0
0
0
0
0
0
5.7132
0
0
0
0
0
0
0
0
0
0
0
0
0
0
0
0
0
0
0
0
0
0
0
0
0
0
0
0
0
0
0
0
0
0
0
0
0
0
0
0
0
0
0
0
0
0
0
0
0
0
-5.5176
0
0
0
0
0
0
0
0
0
0
0
0
0
0
0
0
0
0
0
0
0
0
0
0
0
0
0
0
0
0
0
0
0
0
0
0
0
0
0
0
0
0
0
0
0
0
0
0
0
0
0
0
0
0
0
0
0
0
0
0
0
0
0
0
0
0
5.5176
0
0
0
0
0
0
0
0
0
0
0
0
0
0
0
0
0
0
-7.3045
0
0
0
0
0
0
0
0
0
0
0
0
0
0
0
0
0
0
0
0
0
0
0
0
0
0
0
0
0
0
0
0
0
0
0
0
0
0
0
0
0
0
0
0
0
0
0
0
0
0
0
0
0
0
0
0
0
0
0
0
0
0
0
0
0
0
0
0
0
0
0
0
0
0
0
0
0
0
0
0
0
0
0
0
0
0
0
0
0
0
0
0
0
0
0
0
0
0
7.3045
0
0
0
0
0
0
0
0
0
0
0
0
0
0
0
0
0
0
0
0
0
0
0
0
0
0
0
0
0
0
0
0
0
0
0
0
0
0
0
0
0
0
0
0
0
0
0
0
0
0
0
0
0
0
0
0
0
0
0
0
0
0
0
0
0
0
0
0
0
-3.9334
0
0
0
0
0
0
0
0
0
0
0
0
0
0
0
0
0
0
0
0
0
0
0
0
0
0
0
0
0
0
0
0
0
0
0
0
0
0
0
0
0
0
0
0
0
0
0
3.9334
0
0
0
0
0
0
0
0
0
0
0
0
0
0
0
0
0
0
0
0
0
0
0
0
0
0
0
0
0
0
0
0
0
0
0
0
0
-6.3123
0
0
0
0
0
0
0
0
0
0
0
0
0
0
0
0
0
0
0
0
0
0
0
0
0
0
0
0
0
0
0
0
0
0
0
0
0
0
0
0
0
0
0
0
0
0
0
0
0
0
0
0
0
0
0
0
0
0
0
0
0
0
0
0
0
0
0
0
0
0
0
0
0
0
0
0
0
0
0
6.3123
0
0
0
0
0
0
0
0
0
0
0
0
0
0
0
0
0
0
0
0
0
0
0
0
0
0
0
-7.9289
0
0
0
0
0
0
0
0
0
0
0
0
0
0
0
0
0
0
0
0
0
0
0
0
0
0
0
0
0
0
0
0
0
0
0
0
0
0
0
0
0
0
0
0
0
0
0
0
0
0
0
0
0
0
0
0
0
0
0
0
0
0
0
0
0
0
0
0
0
0
0
0
0
0
0
0
0
0
0
0
0
0
0
0
0
0
0
0
0
7.9289
0
0
0
0
0
0
0
0
0
0
0
0
0
0
0
0
0
0
0
0
0
0
0
0
0
0
0
0
0
0
0
0
0
0
0
0
0
0
0
0
0
0
0
0
0
0
0
0
0
0
0
0
0
0
0
-4.3307
0
0
0
0
0
0
0
0
0
0
0
0
0
0
0
0
0
0
0
0
0
0
0
0
0
0
0
0
0
0
0
0
0
0
0
0
0
0
0
0
0
0
0
0
0
0
0
0
0
0
0
0
0
0
0
0
0
0
0
0
0
4.3307
