1
0.88903
1.7122
1.7282
1.849
1.9032
1.9653
2.0094
1.9992
2.011
1.999
2.0883
2.1756
2.2403
2.2955
2.3555
2.4
2.4617
2.5001
2.5562
2.5864
2.6329
2.6642
2.7048
2.7334
2.7705
2.7975
2.8309
2.8566
2.8871
2.9126
2.9416
2.9672
2.9951
3.0206
3.0472
3.0723
3.0977
3.1221
3.1462
3.1693
3.1919
3.2136
3.2347
3.255
3.2747
3.2938
3.3124
3.3306
3.3483
3.3656
3.3826
3.3993
3.4158
3.4321
3.4482
3.464
3.4796
3.4949
3.51
3.5249
3.5397
3.5542
3.5687
3.583
3.5972
3.6113
3.6251
3.6388
3.6523
3.6656
3.6787
3.6916
3.7042
