1
0.95093
0.94727
0.94634
0.94427
0.94216
0.93969
0.9378
0.93548
0.93351
0.93185
0.92889
0.92592
0.92307
0.92031
0.9177
0.91513
0.91254
0.90985
0.9072
0.90449
0.90186
0.89926
0.89686
0.89452
0.89239
0.8903
0.88833
0.88638
0.8845
0.8826
0.88072
0.8788
0.87691
0.87507
0.87333
0.87173
0.87027
0.86893
0.86771
0.86658
0.86554
0.86458
0.86368
0.86283
0.86201
0.86121
0.86041
0.85962
0.85882
0.85803
0.85724
0.85645
0.85565
0.85484
0.85401
0.85316
0.85226
0.8513
0.85029
0.84922
0.84811
0.84696
0.84579
0.84463
0.8435
0.84241
0.84139
0.84041
0.83949
0.83863
0.83781
0.83703
0.83629
