1
0.98125
0.97371
0.97118
0.96832
0.9666
0.96508
0.96427
0.96357
0.96155
0.96138
0.95981
0.95837
0.95706
0.9558
0.95461
0.95346
0.95236
0.9513
0.95032
0.94942
0.94865
0.94801
0.94752
0.94717
0.94696
0.94686
0.94686
0.94694
0.94706
0.94721
0.94737
0.9475
0.94762
0.9477
0.94774
0.94774
0.94771
0.94764
0.94753
0.94739
0.94721
0.94701
0.94677
0.94651
0.94623
0.94592
0.9456
0.94526
0.94491
0.94456
0.9442
0.94383
0.94347
0.94312
0.94279
0.94247
0.94218
0.94192
0.94168
0.94146
0.94127
0.94109
0.94091
0.94073
0.94053
0.94032
0.94008
0.9398
0.9395
0.93916
0.9388
0.9384
0.93797
0.93752
0.93703
0.93653
0.936
0.93545
0.93488
0.93428
0.93367
0.93304
0.93239
0.93172
0.93103
0.93031
0.92957
0.92881
0.92804
0.92725
0.92645
0.92563
0.92481
0.92398
0.92314
0.92229
0.92144
0.92058
0.91972
0.91885
0.91799
0.91712
0.91625
0.91538
0.9145
0.91363
0.91276
0.91189
0.91102
0.91015
0.90928
0.90841
0.90754
0.90668
0.90583
0.90497
0.90412
0.90328
0.90244
0.90161
0.90079
0.89997
0.89916
0.89835
0.89755
0.89676
0.89599
0.89522
0.89446
0.89371
0.89297
0.89225
0.89155
0.89085
0.89018
0.88953
0.88889
0.88828
0.88769
0.88712
0.88658
0.88607
0.88559
0.88515
0.88474
0.88436
0.88402
0.88371
0.88343
0.88318
0.88296
0.88278
0.88262
0.88249
0.88238
0.88229
0.88221
0.88216
0.88211
0.88207
0.88203
0.88199
0.88196
0.88192
0.88188
0.88184
0.88179
0.88173
0.88166
0.88158
0.88149
0.88138
0.88126
0.88112
0.88096
0.88078
0.88058
0.88037
0.88012
0.87986
0.87958
0.87928
0.87896
0.87862
0.87826
0.8779
0.87752
0.87712
0.87672
0.87632
0.8759
0.87548
0.87506
0.87464
0.87422
0.8738
0.87339
0.87298
0.87257
0.87217
0.87177
0.87139
0.87101
0.87065
0.87029
0.86995
0.86963
0.86931
0.86902
0.86874
0.86847
0.86823
