1
0.97896
0.9689
0.96355
0.95869
0.95511
0.95173
0.94927
0.94706
0.94177
0.94075
0.93606
0.93173
0.92781
0.9242
0.9209
0.91785
0.91503
0.91241
0.90994
0.90757
0.9053
0.90309
0.90095
0.89886
0.89683
0.89485
0.89292
0.89106
0.88925
0.8875
0.88581
0.88419
0.88262
0.88111
0.87967
0.87827
0.87693
0.87564
0.8744
0.8732
0.87205
0.87093
0.86985
0.86881
0.86779
0.8668
0.86584
0.8649
0.86399
0.8631
0.86223
0.86137
0.86054
0.85971
0.85891
0.85811
0.85733
0.85656
0.8558
0.85505
0.85431
0.85358
0.85287
0.85217
0.85148
0.85082
0.85016
0.84953
0.84891
0.84832
0.84776
0.84722
0.84671
0.84624
0.8458
0.8454
0.84505
0.84475
0.84449
0.84429
0.84415
0.84406
0.84401
0.84402
0.84405
0.84411
0.84418
0.84425
0.8443
0.84434
0.84434
0.84431
0.84423
0.84411
0.84394
0.84373
0.84347
0.84316
0.84282
0.84242
0.84199
0.8415
0.84098
0.84041
0.83981
0.83915
0.83845
0.8377
0.8369
0.83603
0.8351
0.83408
0.83297
0.83174
0.83038
0.82887
0.8272
0.82536
0.82339
0.82132
0.81922
0.81717
0.8152
0.81337
0.81166
0.81009
0.80865
0.80733
0.80611
0.80499
0.80395
0.803
0.80211
0.80129
0.80053
0.79983
0.79917
0.79856
0.79799
0.79746
0.79696
0.7965
0.79606
0.79565
0.79527
0.7949
0.79454
0.79419
0.79385
0.79351
0.79317
0.79282
0.79249
0.79215
0.79182
0.7915
0.79119
0.79088
0.79059
0.7903
0.79003
0.78977
0.78953
0.7893
0.78908
0.78887
0.78868
0.7885
0.78833
0.78817
0.78802
0.78789
0.78776
0.78764
0.78753
0.78743
0.78733
0.78724
0.78714
0.78705
0.78695
0.78686
0.78677
0.78667
0.78658
0.78648
0.78639
0.7863
0.78621
0.78612
0.78603
0.78594
0.78586
0.78577
0.78569
0.78561
0.78552
0.78544
0.78537
0.78529
0.78521
0.78513
0.78505
0.78497
0.78489
0.78481
0.78473
0.78464
0.78455
0.78446
0.78436
0.78425
