1
0.94893
0.94482
0.94152
0.93838
0.93537
0.93433
0.93222
0.93098
0.92998
0.92938
0.92838
0.9276
0.92716
0.92664
0.92384
0.92348
0.9208
0.91846
0.91824
0.91596
0.91361
0.91144
0.90905
0.90669
0.90386
0.90079
0.8974
0.89387
0.89006
0.88615
0.88223
0.87846
0.87487
0.87153
0.86836
0.86543
0.86264
0.86004
0.85756
0.85524
0.85301
0.8509
0.84887
0.84694
0.84508
0.84329
0.84156
0.8399
0.83831
0.83676
0.83527
0.83384
0.83244
0.83108
0.82975
0.82846
0.8272
0.82597
0.82477
0.8236
0.82247
0.82137
0.82029
0.81924
0.81822
0.81721
0.81623
0.81527
0.81433
0.81342
0.81252
0.81164
0.81079
0.80995
0.80914
0.80834
0.80757
0.80681
0.80608
0.80537
0.80468
0.80401
0.80336
0.80272
0.80209
0.80147
0.80086
0.80026
0.79967
0.79909
0.79852
0.79796
0.79742
