1
0.96542
0.95811
0.95312
0.94873
0.94517
0.94187
0.93893
0.93665
0.93096
0.9257
0.92078
0.91622
0.91196
0.90797
0.9042
0.90066
0.89725
0.89403
0.89092
0.88794
0.88506
0.8823
0.87964
0.87706
0.87456
0.87211
0.86968
0.86724
0.86475
0.86216
0.85942
0.85647
0.85325
0.84974
0.84594
0.84192
0.83774
0.83343
0.82895
0.8242
0.81918
0.81407
0.80918
0.80474
0.80079
0.79727
0.79408
0.79117
0.78848
0.78596
0.78358
0.78131
0.77913
0.77704
0.77501
0.77305
0.77114
0.7693
0.76751
0.76577
0.76407
0.76241
0.76079
0.7592
0.75764
0.7561
0.75459
0.7531
0.75163
0.75017
0.74873
0.74729
0.74585
0.74442
0.74297
0.74151
0.74003
0.73852
0.73696
0.73534
0.73365
0.73188
0.73001
0.72804
0.72599
0.72388
0.72176
0.71968
0.71771
0.71587
0.71418
0.71265
0.71127
0.71003
0.70891
0.7079
0.70699
0.70615
0.70539
0.7047
0.70405
0.70345
0.70288
0.70234
0.70182
0.70131
0.7008
0.70028
0.69974
0.69917
0.69856
0.69791
0.69721
0.69644
0.69561
0.69468
0.69367
0.69256
0.69136
0.69008
0.68875
0.68742
0.68613
0.68494
0.68387
0.68295
0.68217
