1
0.96574
0.95843
0.95402
0.9505
0.94762
0.94517
0.94299
0.94112
0.93944
0.9358
0.93237
0.92926
0.92648
0.92397
0.92162
0.91935
0.9171
0.91486
0.91268
0.91058
0.90855
0.90652
0.90449
0.90242
0.90042
0.89852
0.89671
0.89497
0.8933
0.89169
0.89013
0.88862
0.88716
0.88572
0.88431
0.88293
0.88157
0.88024
0.87892
0.87762
0.87635
0.87508
0.87384
0.87262
0.87142
0.87024
0.86908
0.86793
0.8668
0.86568
0.86457
0.86348
0.86239
0.86131
0.86025
0.85919
0.85815
0.85712
0.8561
0.8551
0.85411
0.85313
0.85216
0.8512
0.85026
0.84932
0.84839
0.84748
0.84657
0.84567
0.84478
0.84391
0.84304
0.84218
0.84133
0.8405
0.83968
0.83887
0.83807
0.83729
0.83653
0.83578
0.83504
0.83432
0.83361
0.83292
0.83223
0.83155
0.83089
0.83023
0.82958
0.82894
0.82831
0.82769
0.82708
0.82649
0.8259
0.82533
0.82476
0.8242
0.82365
0.8231
0.82254
0.82199
0.82143
0.82087
0.82031
0.81975
0.81919
0.81862
0.81804
0.81746
0.81687
0.81626
0.81564
0.81501
0.81435
0.81368
0.81298
0.81226
0.81152
0.81075
0.80995
0.80912
0.80826
0.80736
0.80643
0.80547
0.80448
0.80345
0.8024
0.80133
0.80025
0.79916
0.79808
0.797
0.79595
