1
0.95298
0.93056
0.91599
0.90566
0.89074
0.87777
0.86635
0.85617
0.84703
0.83886
0.83163
0.82535
0.82018
0.81641
0.81422
0.81331
0.81285
0.81177
0.80918
0.8053
0.80121
0.79676
0.79162
0.78719
0.78489
0.78426
0.78438
0.78458
0.7845
0.78404
0.78328
0.78242
0.78167
0.78115
0.78084
0.78059
0.78025
0.77966
0.77871
0.77738
0.77575
0.774
0.77228
0.7707
0.76926
0.7679
0.7666
0.76536
0.76421
0.76319
0.7623
0.76155
0.76089
0.76033
0.75984
0.75941
0.759
0.75859
0.75817
0.75772
0.75721
0.75662
0.75594
0.75516
0.75426
0.75325
0.7521
0.75082
0.74939
0.74777
0.74595
0.74388
0.74151
0.7388
0.73573
0.73227
0.72845
0.72431
0.71991
0.71533
0.71061
0.70579
0.70094
0.69615
0.69152
0.68719
0.68323
0.67967
0.6765
0.67368
0.67118
0.66894
0.66692
0.66508
0.66341
0.66186
0.66045
0.65916
0.658
0.657
0.65616
0.65549
0.65497
0.65457
0.65428
0.65409
0.65398
0.65395
0.65397
0.65403
0.65411
0.65419
0.65424
0.65426
0.65422
0.65412
0.65395
0.6537
0.65338
0.65301
0.65261
0.65217
0.6517
0.6512
0.65067
0.65011
0.64953
0.64891
0.64827
0.64759
0.6469
0.64617
0.64541
0.64463
0.64383
0.643
0.64215
0.64126
0.64036
0.63943
0.63847
0.63748
0.63646
0.6354
0.6343
0.63315
0.63196
0.63073
0.62947
0.62817
0.62683
0.62547
0.62408
0.62267
0.62124
0.61982
0.61841
0.61704
0.6157
0.6144
0.61315
0.61194
0.61077
0.60965
0.60856
0.60752
0.60653
0.60558
0.60467
0.6038
0.60298
0.60219
0.60144
