1
1.155
1.2761
1.2376
1.3014
1.3358
1.3824
1.4168
1.4809
1.5418
1.5914
1.6371
1.678
1.7185
1.7547
1.7908
1.8238
1.8566
1.8874
1.9175
1.9462
1.9741
2.0009
2.0268
2.0519
2.0761
2.0996
2.1223
2.1444
2.1659
2.1868
2.2071
2.227
2.2464
2.2654
2.2842
2.3026
2.3209
2.3389
2.3569
2.3748
2.3927
2.4106
2.4284
2.4463
2.4642
2.4822
2.5002
2.5182
2.5362
2.5543
2.5723
2.5904
2.6084
2.6263
2.6441
2.6617
2.6791
2.6962
2.713
2.7295
2.7456
2.7613
2.7765
2.7914
2.8059
2.82
2.8337
2.8471
2.8601
2.8728
2.8852
2.8974
2.9093
2.9209
2.9323
2.9435
2.9545
2.9653
2.9759
2.9863
2.9966
3.0068
3.0168
3.0267
3.0364
3.046
3.0556
3.0649
3.0742
3.0834
3.0924
3.1014
3.1102
3.1189
3.1275
3.1361
3.1445
3.1528
3.161
3.1692
3.1772
3.1852
3.1931
3.2008
3.2085
3.2162
3.2237
3.2312
3.2385
3.2458
3.2531
3.2603
3.2674
3.2744
3.2813
3.2882
3.2951
3.3018
3.3085
3.3152
3.3217
3.3282
3.3347
3.341
3.3473
3.3535
3.3597
3.3658
3.3718
3.3777
3.3837
3.3895
3.3953
3.4011
3.4069
3.4126
3.4182
3.4239
3.4294
3.435
3.4405
3.446
3.4515
3.4569
3.4623
3.4676
3.4729
3.4782
3.4834
3.4886
3.4937
3.4988
3.5039
3.5089
3.5139
3.5188
3.5237
3.5285
3.5333
3.5381
3.5428
3.5475
3.5522
3.5568
3.5614
3.566
3.5705
3.575
3.5795
3.584
3.5884
3.5928
3.5972
3.6015
3.6059
3.6102
3.6145
3.6187
3.6229
3.6272
3.6313
3.6355
3.6396
3.6438
3.6479
3.6519
3.656
3.66
3.664
3.668
3.672
3.6759
3.6798
3.6837
3.6876
3.6914
3.6952
3.699
3.7028
3.7066
3.7103
3.714
3.7177
3.7214
3.725
3.7286
3.7322
3.7358
3.7394
3.743
3.7465
3.7501
3.7536
3.7571
3.7605
3.764
3.7674
3.7708
3.7743
3.7776
3.781
3.7844
3.7877
3.791
3.7943
3.7976
3.8008
3.804
3.8073
3.8104
3.8136
3.8168
3.8199
3.823
3.8261
3.8292
3.8323
3.8353
3.8383
3.8413
3.8443
3.8472
3.8502
3.8531
3.8559
3.8588
3.8616
3.8644
3.8672
3.87
3.8727
3.8754
3.8781
3.8808
3.8834
3.8861
3.8887
3.8912
3.8938
3.8964
3.8989
3.9014
3.904
3.9065
3.9089
3.9114
3.9139
3.9164
3.9188
3.9212
3.9237
3.9261
3.9285
3.9309
3.9333
3.9357
3.9381
3.9405
3.9429
3.9452
3.9476
3.9499
3.9523
3.9546
3.957
3.9593
3.9616
3.964
3.9663
3.9686
3.9709
3.9732
3.9755
3.9778
3.9801
3.9824
3.9847
3.987
3.9893
3.9916
3.9939
3.9962
3.9984
4.0007
4.003
4.0052
4.0075
4.0098
4.012
4.0143
4.0165
4.0187
4.021
4.0232
4.0254
4.0276
4.0298
4.032
4.0342
4.0364
4.0385
4.0407
4.0429
4.045
4.0471
4.0493
