1
0.97051
0.96472
0.95756
0.9515
0.94778
0.94221
0.93845
0.93385
0.93368
0.93077
0.93183
0.92997
0.93161
0.9333
0.93531
0.93598
0.93882
0.94379
0.94993
0.95609
0.96176
0.96687
0.97148
0.9757
0.97966
0.98346
0.98719
0.99091
0.99466
0.99849
1.0024
1.0065
1.0107
1.0149
1.0192
1.0235
1.0278
1.0321
1.0365
1.0408
1.0451
1.0494
1.0537
1.0579
1.0621
1.0662
1.0702
1.0741
1.0778
1.0814
1.0847
1.0879
1.0908
1.0933
1.0954
1.0968
1.0976
1.0975
1.0966
1.0951
1.0936
1.0926
1.0923
1.0926
1.0936
1.095
1.0968
1.0988
1.1011
1.1036
1.1061
1.1087
1.1113
1.1139
1.1165
1.119
1.1215
1.1239
1.1261
1.1283
1.1305
1.1326
1.1347
1.1368
1.1389
1.141
1.1431
1.1452
1.1474
1.1495
1.1517
1.1538
1.156
1.1581
1.1603
1.1625
1.1646
1.1668
1.1689
1.1711
1.1732
1.1753
1.1774
1.1795
1.1815
1.1836
1.1856
1.1876
1.1896
1.1916
1.1935
1.1955
1.1974
1.1993
1.2012
1.2031
1.205
1.2068
1.2086
1.2105
1.2123
1.2141
1.2158
1.2176
1.2194
1.2211
1.2229
1.2246
1.2263
1.228
1.2297
1.2314
1.2331
1.2348
1.2364
1.238
1.2397
1.2413
1.2429
1.2444
1.246
1.2475
1.249
1.2505
1.252
1.2535
1.255
