1
0.96355
0.95619
0.95158
0.94704
0.9446
0.94216
0.94058
0.93662
0.93569
0.93211
0.93158
0.92817
0.92772
0.92725
0.92679
0.92333
0.92006
0.91698
0.91403
0.91122
0.90852
0.90589
0.90329
0.90074
0.89823
0.89577
0.89338
0.89106
0.88881
0.88662
0.88451
0.88248
0.88053
0.87864
0.87682
0.87503
0.87327
0.87151
0.86974
0.86795
0.86613
0.86429
0.86246
0.86064
0.85884
0.85706
0.85529
0.85351
0.85174
0.84996
0.8482
0.84645
0.84474
0.84306
0.84141
0.83981
0.83825
0.83674
0.83528
0.83385
0.83246
0.8311
0.82976
0.82844
0.82713
0.82585
0.82458
0.82334
0.82211
0.8209
0.81971
0.81853
0.81737
0.81623
0.8151
0.81399
0.8129
0.81181
0.81074
0.80967
0.80862
0.80758
0.80655
0.80554
0.80454
0.80355
0.80257
0.80161
0.80065
0.7997
0.79876
0.79783
0.79691
0.79601
0.79512
0.79424
0.79338
0.79253
0.79168
0.79084
0.79001
0.78918
0.78835
0.78752
0.7867
0.78588
0.78505
0.78424
0.78343
0.78262
0.78182
0.78102
0.78022
0.77943
0.77865
0.77786
0.77708
0.77631
0.77554
0.77478
0.77402
0.77327
0.77253
0.77179
0.77106
0.77033
0.76961
0.76888
0.76815
0.76742
0.76668
0.76594
0.76519
0.76442
0.76365
0.76285
0.76204
0.7612
0.76034
0.75945
0.75853
0.75758
0.7566
0.7556
0.75458
0.75355
0.75252
