1
0.96279
0.94023
0.92451
0.91184
0.9013
0.88462
0.86984
0.85686
0.84556
0.83586
0.82761
0.82064
0.8146
0.80915
0.80407
0.79928
0.79475
0.79047
0.7864
0.78254
0.77886
0.7754
0.77214
0.76905
0.76602
0.76294
0.7597
0.7562
0.75237
0.7482
0.74374
0.73917
0.73472
0.73063
0.72702
0.7239
0.72117
0.71868
0.71629
0.7139
0.71144
0.70891
0.70633
0.70374
0.70116
0.69862
0.69621
0.69402
0.69209
0.69042
0.68894
0.68762
0.68641
0.68526
0.68416
0.68307
0.68196
0.68081
0.6796
0.67829
0.67686
0.67528
0.67353
0.67159
0.66947
0.66716
0.66469
0.66209
0.65937
0.6566
0.65382
0.65108
0.6484
0.6458
0.64331
0.64091
0.6386
0.63635
0.63415
0.63198
0.62982
0.62767
0.62555
0.62343
0.62132
0.61922
0.6171
0.61499
0.61286
0.61075
0.60865
0.60658
0.60454
0.60254
0.6006
0.5987
0.59686
0.59507
0.59333
0.59166
0.59005
0.58851
0.58707
0.58572
0.58449
0.58339
0.58241
0.58155
0.58081
0.58016
0.57957
0.57903
0.57852
0.57805
0.57761
0.57721
0.57684
0.57652
0.57625
0.57604
0.57589
0.5758
0.57579
0.57584
0.57598
0.57619
0.57648
0.57684
0.57727
0.57776
0.57831
0.5789
0.57954
0.58021
0.58092
0.58167
0.58244
0.58324
0.58406
0.5849
0.58576
0.58664
0.58753
0.58841
0.58929
0.59014
0.59094
0.59169
0.59237
0.59298
0.59351
0.59398
0.5944
0.59476
0.59508
0.59537
0.59563
0.59587
0.5961
0.59632
0.59655
0.59678
0.59704
0.59732
0.59763
0.59798
0.59839
0.59885
0.59937
0.59994
0.60056
0.60122
0.60188
0.60254
0.60318
0.60378
0.60434
0.60484
0.60528
0.60568
0.60602
0.60631
0.60656
0.60676
0.60691
0.60703
0.60711
0.60715
0.60717
0.60715
0.6071
0.60703
0.60693
0.60682
0.6067
0.60656
0.6064
0.60624
0.60606
0.60588
0.6057
0.60552
0.60535
0.60518
0.60503
0.6049
0.60479
0.6047
0.60465
0.60462
0.60461
0.60463
0.60466
0.60471
0.60477
0.60484
0.60491
0.60499
0.60506
0.60513
0.6052
0.60527
0.60533
0.60538
0.60543
0.60547
0.6055
0.60553
0.60555
0.60557
0.60557
0.60558
0.60558
0.60557
0.60555
0.60554
0.60552
0.60549
0.60546
0.60543
0.60539
0.60535
0.6053
0.60526
0.60521
0.60515
0.6051
0.60504
0.60498
0.60492
0.60485
0.60478
0.60472
0.60465
0.60457
0.60449
0.60442
0.60434
0.60426
0.60418
0.60409
0.60401
