1
0.96609
0.95595
0.94981
0.94655
0.94385
0.94223
0.94045
0.93661
0.93309
0.93031
0.92786
0.92585
0.92409
0.92261
0.92132
0.92017
0.91914
0.91817
0.91724
0.91631
0.91537
0.91445
0.91359
0.91283
0.9122
0.9117
0.91133
0.91104
0.91082
0.91062
0.91045
0.9103
0.91018
0.91007
0.90997
0.9099
0.90982
0.90974
0.90964
0.90951
0.90937
0.90919
0.90897
0.90867
0.90827
0.90777
0.90715
0.90643
0.90559
0.90465
0.90361
0.90245
0.90119
0.89982
0.89834
0.89675
0.89506
0.89326
0.89135
0.88934
0.88722
0.88501
0.88272
0.88036
0.87796
0.87554
0.87314
0.87078
0.86848
0.86627
0.86416
0.86216
0.86029
0.85854
0.85691
0.8554
0.854
0.8527
0.85151
0.8504
0.84937
0.84842
0.84754
0.84672
0.84596
0.84526
0.8446
0.844
0.84344
0.84292
0.84244
0.842
0.8416
0.84123
0.8409
0.84059
0.84032
0.84007
0.83985
0.83965
0.83946
0.83929
0.83914
0.839
0.83888
0.83877
0.83866
0.83858
0.8385
0.83843
0.83838
0.83833
0.8383
0.83827
0.83825
0.83823
0.83821
0.83819
0.83816
0.83813
0.8381
0.83806
0.83801
