1
1.2933
1.5387
1.5363
1.6982
1.7764
1.896
1.9761
2.0471
2.1121
2.1716
2.2272
2.2792
2.3284
2.3749
2.4192
2.4615
2.5019
2.5406
2.5778
2.6136
2.648
2.6812
2.7133
2.7443
2.7742
2.8032
2.8312
2.8584
2.8847
2.9103
2.9352
2.9595
2.9831
3.0062
3.0287
3.0508
3.0724
3.0936
3.1144
3.1348
3.1549
3.1747
3.1942
3.2134
3.2323
3.2509
3.2693
3.2875
3.3055
3.3232
3.3407
3.358
3.3751
3.392
3.4087
3.4252
3.4414
3.4574
3.4732
3.4889
3.5042
3.5194
3.5344
3.5492
3.5638
3.5783
3.5925
3.6065
3.6204
3.6341
3.6477
3.6611
3.6743
3.6874
3.7004
3.7132
3.7259
3.7384
3.7508
3.7632
3.7753
3.7874
3.7994
3.8112
3.823
3.8346
3.8461
3.8576
3.8689
3.8801
3.8912
3.9022
3.913
3.9238
3.9345
3.945
3.9554
3.9657
3.9759
3.9859
3.9959
4.0057
4.0154
4.0249
4.0344
4.0437
4.0529
4.0619
4.0709
4.0798
4.0885
4.0971
4.1056
4.1141
4.1224
4.1306
4.1387
4.1468
4.1547
4.1626
4.1704
4.1781
4.1857
4.1932
4.2007
4.2081
4.2154
4.2226
4.2298
4.2369
4.2439
4.2509
4.2578
4.2646
4.2714
4.2781
4.2848
4.2914
4.298
4.3045
4.3109
4.3173
4.3237
4.33
4.3363
4.3426
4.3488
4.3549
4.3611
4.3672
4.3732
4.3792
4.3852
4.3911
4.397
4.4029
4.4087
4.4144
4.4202
4.4259
4.4315
4.4371
4.4427
4.4483
4.4538
4.4592
4.4647
4.47
4.4754
4.4807
4.486
4.4912
4.4964
4.5015
4.5067
4.5117
4.5168
4.5218
4.5268
4.5317
4.5366
4.5415
4.5463
4.5511
4.5559
4.5606
4.5654
4.57
4.5747
4.5793
