57.7159
-0.82224
-0.77073
-0.87631
-0.83618
-0.81463
-0.81892
-0.79418
-0.83885
-0.77047
-0.80024
-0.76276
-0.83647
-0.83948
-0.7722
-0.85363
-0.76825
-0.77922
-0.78513
-0.78318
-0.78106
-0.78305
-0.7869
-0.84949
-0.80158
-0.76441
-0.77084
-0.76464
-0.79072
-0.74865
-0.75055
-0.75131
-0.7228
-0.72282
-0.81744
-0.70168
-0.76795
-0.81762
-0.78512
-0.83494
-0.77526
-0.72436
-0.78644
-0.74755
-0.81357
-0.74078
-0.73181
-0.74412
-0.91375
-0.79568
-0.86318
-0.91319
-0.97149
-0.86145
-1.0096
-1.3886
-2.0393
0
-1.8966
0
-2.5068
-2.6614
0
0
0
0
0
0
-0.8092
-3.185
0
0
0
0
0
0
0
0
0
0
0
0
0
0
0
0
0
0
0
0
0
0
0
0
0
0
0
0
0
0
0
0
0
0
0
0
-0.82224
65.3024
-0.82287
-0.92761
-0.88437
-0.86597
-0.87233
-0.84607
-0.89405
-0.8279
-0.85226
-0.81917
-0.88957
-0.89456
-0.82335
-0.88963
-0.81947
-0.83635
-0.8339
-0.83462
-0.83246
-0.83449
-0.83592
-0.89868
-0.85122
-0.81575
-0.82214
-0.81613
-0.84025
-0.79954
-0.80147
-0.80225
-0.77311
-0.77313
-0.87135
-0.75155
-0.81701
-0.86785
-0.84365
-0.88748
-0.82663
-0.77477
-0.83803
-0.79843
-0.86567
-0.79152
-0.78234
-0.7949
-0.96781
-0.84333
-0.91693
-0.96755
-1.0271
-0.90864
-1.0657
-1.4462
-2.1074
0
-1.9997
0
-2.5715
-2.751
0
0
0
0
0
0
0
0
0
0
0
0
0
0
0
0
0
0
0
0
0
0
0
0
0
0
0
0
0
0
0
0
0
0
0
0
0
0
-8.4655
0
0
0
0
0
-0.77073
-0.82287
53.7519
-0.88
-0.83287
-0.81662
-0.82081
-0.79677
-0.84301
-0.78009
-0.80101
-0.77086
-0.83973
-0.84363
-0.77209
-0.84838
-0.76821
-0.78082
-0.78701
-0.78344
-0.78132
-0.78332
-0.78921
-0.85814
-0.80276
-0.76455
-0.77197
-0.76603
-0.79172
-0.74883
-0.75073
-0.75149
-0.72283
-0.72285
-0.81955
-0.70162
-0.76871
-0.82108
-0.78547
-0.835
-0.77533
-0.72431
-0.78652
-0.74756
-0.81366
-0.74066
-0.73164
-0.74395
-0.91379
-0.79644
-0.86276
-0.91293
-0.97089
-0.86187
-1.0085
-1.3848
-2.0335
0
-1.8947
0
-2.5107
-2.6414
0
0
0
0
0
0
0
0
0
0
0
0
0
0
0
0
0
0
0
0
0
0
0
0
0
0
0
0
0
0
0
0
0
0
0
0
0
0
0
0
0
0
0
0
-0.87631
-0.92761
-0.88
67.0718
-0.92667
-0.91924
-0.91223
-0.88441
-0.92715
-0.86613
-0.89617
-0.85702
-0.9248
-0.92773
-0.86249
-0.92257
-0.85853
-0.87754
-0.86956
-0.87392
-0.87172
-0.87378
-0.872
-0.93272
-0.88778
-0.85488
-0.86076
-0.85518
-0.87694
-0.83834
-0.84029
-0.84108
-0.81135
-0.81137
-0.90774
-0.78941
-0.85348
-0.90531
-0.88403
-0.92754
-0.8659
-0.81325
-0.87744
-0.83729
-0.90543
-0.83043
-0.82109
-0.83384
-1.0097
-0.87854
-0.95881
-1.01
-1.0709
-0.94413
-1.1111
-1.4942
0
0
0
0
0
0
0
0
0
0
0
0
0
0
0
0
0
0
0
0
0
0
0
0
0
0
0
-8.762
0
0
0
0
0
0
0
0
0
0
0
0
0
0
0
0
0
0
0
0
-8.762
0
-0.83618
-0.88437
-0.83287
-0.92667
57.5582
-0.86987
-0.86848
-0.8435
-0.88594
-0.82394
-0.84908
-0.81477
-0.88849
-0.88659
-0.81905
-0.89562
-0.81505
-0.83171
-0.82975
-0.8304
-0.82824
-0.83027
-0.83191
-0.89292
-0.84662
-0.81135
-0.81795
-0.81242
-0.83578
-0.79527
-0.7972
-0.79798
-0.7688
-0.76883
-0.86529
-0.74721
-0.81252
-0.86449
-0.83761
-0.88282
-0.82221
-0.77038
-0.83359
-0.79402
-0.86115
-0.78714
-0.77797
-0.79053
-0.96315
-0.8383
-0.91233
-0.96286
-1.0224
-0.90341
-1.0613
-1.4417
-2.1088
0
0
0
0
0
0
0
0
0
0
0
0
0
0
0
0
0
0
0
0
0
0
-8.2291
0
0
0
0
0
0
0
0
0
0
0
0
0
0
0
0
0
0
0
0
0
0
0
0
0
0
-0.81463
-0.86597
-0.81662
-0.91924
-0.86987
51.5184
-0.86626
-0.8361
-0.88117
-0.81909
-0.84393
-0.80743
-0.87553
-0.88178
-0.80821
-0.8849
-0.80455
-0.82189
-0.8266
-0.8207
-0.81856
-0.82058
-0.82895
-0.90095
-0.84117
-0.80142
-0.80955
-0.80376
-0.82958
-0.78548
-0.7874
-0.78818
-0.75879
-0.75881
-0.85986
-0.7371
-0.80586
-0.86188
-0.82259
-0.87303
-0.8125
-0.76051
-0.82387
-0.78424
-0.85141
-0.77722
-0.76798
-0.7805
-0.95325
-0.83362
-0.90136
-0.95228
-1.0107
-0.89982
-1.0489
-1.4286
-2.0851
0
0
0
0
-2.6886
0
0
0
0
0
0
0
0
0
0
0
0
0
0
0
0
0
0
0
0
0
0
0
0
0
0
0
0
0
0
0
0
0
0
0
0
0
0
0
0
0
0
0
0
-0.81892
-0.87233
-0.82081
-0.91223
-0.86848
-0.86626
51.3038
-0.83498
-0.87535
-0.81846
-0.84789
-0.80606
-0.87098
-0.87597
-0.80924
-0.88001
-0.80557
-0.8243
-0.82547
-0.82182
-0.81968
-0.82169
-0.82749
-0.89709
-0.84003
-0.80238
-0.80468
-0.80412
-0.8292
-0.78638
-0.7883
-0.78908
-0.75972
-0.75974
-0.85447
-0.73802
-0.80569
-0.85831
-0.82691
-0.87407
-0.81352
-0.76148
-0.8249
-0.78523
-0.85244
-0.77851
-0.76926
-0.78179
-0.95515
-0.83379
-0.9038
-0.95466
-1.0138
-0.9002
-1.0522
-1.4317
0
0
0
-2.0959
0
0
-2.4532
0
0
0
0
0
0
0
0
0
0
0
0
0
0
0
0
0
0
0
0
0
0
0
0
0
0
0
0
0
0
0
0
0
0
0
0
0
0
0
0
0
0
0
-0.79418
-0.84607
-0.79677
-0.88441
-0.8435
-0.8361
-0.83498
49.1265
-0.84839
-0.79154
-0.81935
-0.77846
-0.84569
-0.849
-0.78209
-0.85334
-0.7784
-0.80061
-0.79746
-0.79459
-0.79247
-0.79447
-0.79855
-0.86975
-0.81161
-0.7753
-0.78373
-0.77705
-0.80112
-0.75966
-0.76156
-0.76233
-0.73334
-0.73335
-0.82994
-0.71191
-0.77821
-0.82899
-0.80114
-0.84584
-0.7861
-0.73476
-0.79736
-0.75818
-0.82456
-0.75142
-0.74233
-0.75473
-0.9258
-0.80492
-0.87499
-0.92532
-0.98388
-0.87025
-1.0223
-1.3982
0
0
0
0
0
0
0
0
0
0
0
0
0
0
0
0
0
-3.846
0
0
0
0
0
0
0
0
0
0
0
0
0
0
0
0
0
0
0
0
0
0
0
0
0
0
0
0
0
0
0
0
-0.83885
-0.89405
-0.84301
-0.92715
-0.88594
-0.88117
-0.87535
-0.84839
61.5689
-0.82951
-0.85876
-0.82207
-0.88614
-0.8986
-0.82707
-0.87698
-0.82167
-0.83921
-0.83201
-0.83686
-0.83471
-0.83674
-0.83512
-0.89496
-0.8504
-0.81789
-0.82379
-0.8183
-0.83992
-0.8017
-0.80363
-0.80441
-0.77521
-0.77523
-0.86868
-0.75358
-0.817
-0.86853
-0.84441
-0.88964
-0.82884
-0.77688
-0.84024
-0.80058
-0.86787
-0.79389
-0.78471
-0.7973
-0.97084
-0.84212
-0.92046
-0.9711
-1.0315
-0.90749
-1.0717
0
0
0
0
0
0
0
0
0
0
0
0
0
0
0
0
0
0
0
0
0
0
0
0
0
0
0
0
0
-7.7434
0
0
0
0
0
0
0
0
0
-7.7434
0
0
0
0
0
0
0
0
0
0
0
-0.77047
-0.8279
-0.78009
-0.86613
-0.82394
-0.81909
-0.81846
-0.79154
-0.82951
48.2033
-0.79974
-0.74492
-0.8267
-0.83012
-0.76416
-0.83449
-0.75896
-0.77379
-0.77688
-0.77487
-0.77277
-0.77475
-0.77729
-0.85092
-0.79075
-0.75548
-0.76236
-0.75671
-0.78081
-0.74005
-0.74194
-0.7427
-0.71412
-0.71413
-0.80986
-0.69293
-0.7584
-0.80771
-0.77344
-0.82532
-0.76623
-0.71541
-0.7774
-0.73857
-0.80432
-0.73166
-0.72272
-0.73503
-0.9045
-0.78543
-0.85422
-0.90416
-0.96224
-0.85143
-1.0006
0
0
-1.7623
0
0
0
0
0
0
0
-3.6329
0
0
0
0
0
0
0
0
0
0
0
0
0
0
0
0
0
0
0
0
0
0
0
0
0
0
0
0
0
0
0
0
0
0
0
0
0
0
0
0
-0.80024
-0.85226
-0.80101
-0.89617
-0.84908
-0.84393
-0.84789
-0.81935
-0.85876
-0.79974
50.2017
-0.79072
-0.85535
-0.85937
-0.79245
-0.86384
-0.78746
-0.8023
-0.80745
-0.80361
-0.80148
-0.80348
-0.80472
-0.88141
-0.82139
-0.78424
-0.79139
-0.78569
-0.81089
-0.76852
-0.77043
-0.7712
-0.74208
-0.7421
-0.83976
-0.72057
-0.78801
-0.83746
-0.80483
-0.85528
-0.7953
-0.74373
-0.80659
-0.76725
-0.83389
-0.76045
-0.7513
-0.76375
-0.93552
-0.81638
-0.88457
-0.93506
-0.99372
-0.88362
-1.0324
0
0
0
0
0
0
0
0
0
-2.0141
0
0
0
0
0
-3.8281
0
0
0
0
0
0
0
0
0
0
0
0
0
0
0
0
0
0
0
0
0
0
0
0
0
0
0
0
0
0
0
0
0
0
0
-0.76276
-0.81917
-0.77086
-0.85702
-0.81477
-0.80743
-0.80606
-0.77846
-0.82207
-0.74492
-0.79072
47.3423
-0.81709
-0.82266
-0.75457
-0.82676
-0.75042
-0.76645
-0.76905
-0.76639
-0.76432
-0.76628
-0.76877
-0.83989
-0.78178
-0.74696
-0.75368
-0.74839
-0.7723
-0.73172
-0.7336
-0.73436
-0.70596
-0.70598
-0.80524
-0.68486
-0.75012
-0.7997
-0.76938
-0.81641
-0.7575
-0.70691
-0.76861
-0.72995
-0.79545
-0.72348
-0.7146
-0.7268
-0.89524
-0.77671
-0.84512
-0.89478
-0.953
-0.84093
-0.99079
-1.3635
0
0
0
0
0
0
0
0
0
-3.6316
0
0
0
0
0
0
0
0
0
0
0
0
0
0
0
0
0
0
0
0
0
0
0
0
0
0
0
0
0
0
0
0
0
0
0
0
0
0
0
0
-0.83647
-0.88957
-0.83973
-0.9248
-0.88849
-0.87553
-0.87098
-0.84569
-0.88614
-0.8267
-0.85535
-0.81709
55.3323
-0.88677
-0.82109
-0.88969
-0.81713
-0.83426
-0.83171
-0.83261
-0.83046
-0.83248
-0.83393
-0.89395
-0.84855
-0.81343
-0.82008
-0.81462
-0.83775
-0.79736
-0.79928
-0.80007
-0.77077
-0.77079
-0.86735
-0.7491
-0.8145
-0.86699
-0.83948
-0.885
-0.82434
-0.77235
-0.83572
-0.79607
-0.86332
-0.7892
-0.78
-0.79256
-0.96554
-0.84019
-0.91467
-0.96536
-1.0249
-0.90538
-1.064
-1.4418
0
0
0
0
0
0
0
0
0
0
0
0
0
0
0
0
0
0
0
0
0
0
0
0
0
0
0
0
0
0
0
0
0
0
0
0
0
0
0
-8.0011
0
0
0
0
0
0
0
0
0
0
-0.83948
-0.89456
-0.84363
-0.92773
-0.88659
-0.88178
-0.87597
-0.849
-0.8986
-0.83012
-0.85937
-0.82266
-0.88677
61.6194
-0.82768
-0.87767
-0.82227
-0.83981
-0.8326
-0.83745
-0.8353
-0.83733
-0.83571
-0.89559
-0.85101
-0.81849
-0.82439
-0.8189
-0.84052
-0.80229
-0.80423
-0.805
-0.77579
-0.77581
-0.86931
-0.75417
-0.8176
-0.86914
-0.84502
-0.89026
-0.82944
-0.77747
-0.84084
-0.80117
-0.86848
-0.79449
-0.7853
-0.7979
-0.97147
-0.84272
-0.92108
-0.97174
-1.0321
-0.90811
-1.0723
0
0
0
0
0
0
0
0
0
0
0
0
0
0
0
0
0
0
0
0
0
0
0
-7.7525
0
0
0
0
0
0
0
0
0
0
0
0
0
0
0
0
0
0
0
0
0
0
-7.7526
0
0
0
0
-0.7722
-0.82335
-0.77209
-0.86249
-0.81905
-0.80821
-0.80924
-0.78209
-0.82707
-0.76416
-0.79245
-0.75457
-0.82109
-0.82768
43.9328
-0.83158
-0.75305
-0.76477
-0.76814
-0.77124
-0.76918
-0.77111
-0.77178
-0.83905
-0.78971
-0.7506
-0.75835
-0.75315
-0.77755
-0.73546
-0.73734
-0.73811
-0.70937
-0.70939
-0.80152
-0.68808
-0.75517
-0.81323
-0.77191
-0.82101
-0.76187
-0.71084
-0.77305
-0.73411
-0.80001
-0.7272
-0.71821
-0.73044
-0.89931
-0.7817
-0.84872
-0.89871
-0.95661
-0.84624
-0.99437
-1.3657
0
0
0
0
0
0
0
0
0
0
0
0
0
0
0
0
0
0
0
0
0
0
0
0
0
0
0
0
0
0
0
0
0
0
0
0
0
0
0
0
0
0
0
0
0
0
0
0
0
0
-0.85363
-0.88963
-0.84838
-0.92257
-0.89562
-0.8849
-0.88001
-0.85334
-0.87698
-0.83449
-0.86384
-0.82676
-0.88969
-0.87767
-0.83158
58.9747
-0.8262
-0.84306
-0.84091
-0.84094
-0.83877
-0.8408
-0.84262
-0.90579
-0.85609
-0.82175
-0.82814
-0.82253
-0.84499
-0.80562
-0.80755
-0.80833
-0.77898
-0.779
-0.87357
-0.75725
-0.8218
-0.87452
-0.84721
-0.89363
-0.83277
-0.78061
-0.84419
-0.80441
-0.87187
-0.79766
-0.78843
-0.80104
-0.97468
-0.84727
-0.92399
-0.97468
-1.0344
0
0
0
0
0
0
0
0
0
0
0
0
0
0
0
0
0
0
0
0
0
0
0
0
0
0
0
0
0
0
0
0
-7.3348
0
0
0
0
0
0
0
0
0
0
0
0
0
-7.3347
0
0
0
0
0
0
-0.76825
-0.81947
-0.76821
-0.85853
-0.81505
-0.80455
-0.80557
-0.7784
-0.82167
-0.75896
-0.78746
-0.75042
-0.81713
-0.82227
-0.75305
-0.8262
42.3043
-0.76084
-0.76359
-0.76896
-0.76693
-0.76884
-0.76789
-0.8335
-0.78259
-0.74575
-0.75355
-0.74841
-0.77284
-0.73072
-0.73261
-0.73337
-0.70443
-0.70445
-0.7964
-0.68307
-0.75042
-0.80171
-0.766
-0.81495
-0.75618
-0.70525
-0.76733
-0.72846
-0.79413
-0.72161
-0.71264
-0.7249
-0.89355
-0.77641
-0.843
-0.89292
-0.9509
-0.84162
-0.98839
0
0
0
0
0
0
0
0
0
0
0
0
0
0
0
0
0
0
0
0
0
0
0
0
0
0
0
0
0
0
0
0
0
0
0
0
0
0
0
0
0
0
0
0
0
0
0
0
0
0
0
-0.77922
-0.83635
-0.78082
-0.87754
-0.83171
-0.82189
-0.8243
-0.80061
-0.83921
-0.77379
-0.8023
-0.76645
-0.83426
-0.83981
-0.76477
-0.84306
-0.76084
49.0221
-0.78032
-0.77525
-0.77313
-0.77512
-0.78085
-0.85551
-0.79289
-0.75627
-0.76541
-0.75751
-0.78376
-0.74078
-0.74266
-0.74342
-0.71491
-0.71493
-0.8167
-0.69354
-0.76208
-0.77717
-0.74428
-0.82867
-0.76862
-0.71786
-0.77978
-0.74099
-0.80698
-0.73404
-0.72512
-0.73745
-0.90634
-0.79474
-0.856
-0.90563
-0.96347
0
0
0
0
0
0
0
0
0
0
0
0
0
-3.7824
-4.1506
0
0
0
0
0
0
0
0
0
0
0
0
0
0
0
0
0
0
0
0
0
0
0
0
0
0
0
0
0
0
0
0
0
0
0
0
0
0
-0.78513
-0.8339
-0.78701
-0.86956
-0.82975
-0.8266
-0.82547
-0.79746
-0.83201
-0.77688
-0.80745
-0.76905
-0.83171
-0.8326
-0.76814
-0.84091
-0.76359
-0.78032
46.3617
-0.77977
-0.77768
-0.77964
-0.77616
-0.85063
-0.79128
-0.75956
-0.76601
-0.76081
-0.78279
-0.74432
-0.74622
-0.74698
-0.71824
-0.71826
-0.81939
-0.69693
-0.76125
-0.80834
-0.78121
-0.82883
-0.7699
-0.71899
-0.78106
-0.7422
-0.80793
-0.73584
-0.72687
-0.73919
-0.90863
-0.78722
-0.85862
-0.90829
0
0
0
0
0
0
0
0
0
0
0
0
0
0
0
0
0
0
0
0
0
0
0
0
0
0
0
0
0
0
0
0
0
0
0
0
0
0
0
0
0
0
0
0
0
0
-6.1251
0
0
0
0
0
0
0
-0.78318
-0.83462
-0.78344
-0.87392
-0.8304
-0.8207
-0.82182
-0.79459
-0.83686
-0.77487
-0.80361
-0.76639
-0.83261
-0.83745
-0.77124
-0.84094
-0.76896
-0.77525
-0.77977
40.2515
-0.77388
-0.77658
-0.78383
-0.84752
-0.80115
-0.75545
-0.76123
-0.75697
-0.79844
-0.7423
-0.7442
-0.74497
-0.71586
-0.71587
-0.81464
-0.6944
-0.76139
-0.83525
-0.78061
-0.82925
-0.77056
-0.7191
-0.78178
-0.74262
-0.8086
-0.73553
-0.72628
-0.73848
-0.90804
-0.79076
-0.85768
-0.90764
0
0
0
0
0
0
0
0
0
0
0
0
0
0
0
0
0
0
0
0
0
0
0
0
0
0
0
0
0
0
0
0
0
0
0
0
0
0
0
0
0
0
0
0
0
0
0
0
0
0
0
0
0
0
-0.78106
-0.83246
-0.78132
-0.87172
-0.82824
-0.81856
-0.81968
-0.79247
-0.83471
-0.77277
-0.80148
-0.76432
-0.83046
-0.8353
-0.76918
-0.83877
-0.76693
-0.77313
-0.77768
-0.77388
40.1407
-0.7737
-0.78182
-0.8454
-0.79918
-0.75311
-0.75847
-0.75438
-0.79666
-0.74002
-0.74191
-0.74269
-0.71364
-0.71366
-0.81265
-0.69223
-0.75867
-0.83355
-0.77829
-0.8269
-0.7683
-0.71691
-0.7795
-0.74039
-0.80629
-0.73331
-0.72408
-0.73625
-0.9056
-0.78845
-0.85534
-0.90525
0
0
0
0
0
0
0
0
0
0
0
0
0
0
0
0
0
0
0
0
0
0
0
0
0
0
0
0
0
0
0
0
0
0
0
0
0
0
0
0
0
0
0
0
0
0
0
0
0
0
0
0
0
0
-0.78305
-0.83449
-0.78332
-0.87378
-0.83027
-0.82058
-0.82169
-0.79447
-0.83674
-0.77475
-0.80348
-0.76628
-0.83248
-0.83733
-0.77111
-0.8408
-0.76884
-0.77512
-0.77964
-0.77658
-0.7737
40.2449
-0.78372
-0.84739
-0.80103
-0.75531
-0.76106
-0.75682
-0.79834
-0.74217
-0.74406
-0.74484
-0.71572
-0.71574
-0.81451
-0.69426
-0.76123
-0.83515
-0.78048
-0.82912
-0.77043
-0.71897
-0.78166
-0.74248
-0.80847
-0.7354
-0.72615
-0.73835
-0.90789
-0.79062
-0.85754
-0.9075
0
0
0
0
0
0
0
0
0
0
0
0
0
0
0
0
0
0
0
0
0
0
0
0
0
0
0
0
0
0
0
0
0
0
0
0
0
0
0
0
0
0
0
0
0
0
0
0
0
0
0
0
0
0
-0.7869
-0.83592
-0.78921
-0.872
-0.83191
-0.82895
-0.82749
-0.79855
-0.83512
-0.77729
-0.80472
-0.76877
-0.83393
-0.83571
-0.77178
-0.84262
-0.76789
-0.78085
-0.77616
-0.78383
-0.78182
-0.78372
45.5564
-0.84151
-0.79384
-0.76271
-0.76884
-0.76427
-0.78704
-0.74773
-0.74964
-0.7504
-0.72113
-0.72115
-0.81559
-0.69957
-0.76447
-0.81068
-0.78436
-0.83198
-0.77321
-0.72206
-0.78439
-0.74541
-0.81121
-0.73882
-0.72975
-0.74213
-0.91173
0
0
0
0
0
0
0
0
0
0
0
0
0
0
0
-1.9814
0
0
0
0
0
0
0
0
0
0
0
0
0
0
0
0
0
0
0
0
0
-5.7862
0
0
0
0
0
0
0
0
0
0
0
0
0
0
0
0
0
0
0
-0.84949
-0.89868
-0.85814
-0.93272
-0.89292
-0.90095
-0.89709
-0.86975
-0.89496
-0.85092
-0.88141
-0.83989
-0.89395
-0.89559
-0.83905
-0.90579
-0.8335
-0.85551
-0.85063
-0.84752
-0.8454
-0.84739
-0.84151
53.4187
-0.85839
-0.82659
-0.83182
-0.82662
-0.84895
-0.81023
-0.81217
-0.81296
-0.78317
-0.78319
-0.87594
-0.76116
-0.82596
-0.87914
-0.85024
-0.89768
-0.83708
-0.78451
-0.84855
-0.80853
-0.87616
-0.80169
-0.79235
-0.80497
0
0
0
0
0
0
0
0
0
0
0
0
0
0
0
0
0
0
0
0
0
0
0
0
0
0
0
0
0
-6.779
0
0
0
-6.779
0
0
0
0
0
0
0
0
0
0
0
0
0
0
0
0
0
0
0
0
0
0
0
0
-0.80158
-0.85122
-0.80276
-0.88778
-0.84662
-0.84117
-0.84003
-0.81161
-0.8504
-0.79075
-0.82139
-0.78178
-0.84855
-0.85101
-0.78971
-0.85609
-0.78259
-0.79289
-0.79128
-0.80115
-0.79918
-0.80103
-0.79384
-0.85839
43.7345
-0.77743
-0.78402
-0.77943
-0.80531
-0.76266
-0.76457
-0.76535
-0.73547
-0.73549
-0.82416
-0.71362
-0.78089
-0.84087
-0.80055
-0.84856
-0.7892
-0.73729
-0.80053
-0.76099
-0.82763
-0.75386
-0.74461
-0.75709
-0.92808
0
0
0
0
0
0
0
0
0
0
0
0
0
0
0
0
0
0
0
0
0
0
0
0
0
0
0
0
0
0
0
0
0
0
0
0
0
0
0
0
0
0
0
0
0
0
0
0
0
0
0
0
0
0
0
0
-5.2241
-0.76441
-0.81575
-0.76455
-0.85488
-0.81135
-0.80142
-0.80238
-0.7753
-0.81789
-0.75548
-0.78424
-0.74696
-0.81343
-0.81849
-0.7506
-0.82175
-0.74575
-0.75627
-0.75956
-0.75545
-0.75311
-0.75531
-0.76271
-0.82659
-0.77743
36.7651
-0.74785
-0.74068
-0.76404
-0.73031
-0.73225
-0.73302
-0.69851
-0.69853
-0.79148
-0.67601
-0.7414
-0.79879
-0.7604
-0.80846
-0.75097
-0.69942
-0.76217
-0.72297
-0.78859
-0.71565
-0.70648
-0.71885
-0.88718
0
0
0
0
0
0
0
0
0
0
0
0
0
0
0
0
0
0
0
0
0
0
0
0
0
0
0
0
0
0
0
0
0
0
0
0
0
0
0
0
0
0
0
0
0
0
0
0
0
0
0
0
0
0
0
0
0
-0.77084
-0.82214
-0.77197
-0.86076
-0.81795
-0.80955
-0.80468
-0.78373
-0.82379
-0.76236
-0.79139
-0.75368
-0.82008
-0.82439
-0.75835
-0.82814
-0.75355
-0.76541
-0.76601
-0.76123
-0.75847
-0.76106
-0.76884
-0.83182
-0.78402
-0.74785
38.515
-0.75968
-0.76764
-0.73506
-0.73697
-0.73773
-0.70552
-0.70555
-0.78713
-0.68325
-0.76079
-0.80261
-0.7697
-0.81552
-0.75781
-0.70615
-0.76902
-0.72978
-0.79551
-0.72338
-0.71408
-0.72638
0
0
0
0
0
0
0
0
0
0
0
0
0
0
-2.3237
0
0
0
0
0
0
0
0
0
0
0
0
0
0
0
0
0
0
0
0
0
0
0
0
0
0
0
0
0
0
0
0
0
0
0
0
0
0
0
0
0
0
0
-0.76464
-0.81613
-0.76603
-0.85518
-0.81242
-0.80376
-0.80412
-0.77705
-0.8183
-0.75671
-0.78569
-0.74839
-0.81462
-0.8189
-0.75315
-0.82253
-0.74841
-0.75751
-0.76081
-0.75697
-0.75438
-0.75682
-0.76427
-0.82662
-0.77943
-0.74068
-0.75968
37.9518
-0.76335
-0.72895
-0.73085
-0.73161
-0.69967
-0.69969
-0.79233
-0.6775
-0.75161
-0.79743
-0.76098
-0.8094
-0.75203
-0.70055
-0.76319
-0.72409
-0.78954
-0.71731
-0.70805
-0.72029
0
0
0
0
0
0
0
0
0
0
0
0
0
0
0
-2.0102
0
0
0
0
0
0
0
0
0
0
0
0
0
0
0
0
0
0
0
0
0
0
0
0
0
0
0
0
0
0
0
0
0
0
0
0
0
0
0
0
0
0
-0.79072
-0.84025
-0.79172
-0.87694
-0.83578
-0.82958
-0.8292
-0.80112
-0.83992
-0.78081
-0.81089
-0.7723
-0.83775
-0.84052
-0.77755
-0.84499
-0.77284
-0.78376
-0.78279
-0.79844
-0.79666
-0.79834
-0.78704
-0.84895
-0.80531
-0.76404
-0.76764
-0.76335
41.6604
-0.75016
-0.75206
-0.75283
-0.72259
-0.72261
-0.81942
-0.70068
-0.76772
-0.82856
-0.78588
-0.83438
-0.77573
-0.72387
-0.787
-0.74757
-0.81384
-0.74087
-0.7316
-0.74389
0
0
0
0
0
0
0
0
0
0
0
0
0
0
0
0
0
0
0
0
0
0
0
0
0
0
0
0
0
0
0
0
0
0
0
0
0
0
0
0
0
0
0
0
0
0
0
0
0
0
0
0
0
0
0
-4.59
0
0
-0.74865
-0.79954
-0.74883
-0.83834
-0.79527
-0.78548
-0.78638
-0.75966
-0.8017
-0.74005
-0.76852
-0.73172
-0.79736
-0.80229
-0.73546
-0.80562
-0.73072
-0.74078
-0.74432
-0.7423
-0.74002
-0.74217
-0.74773
-0.81023
-0.76266
-0.73031
-0.73506
-0.72895
-0.75016
35.1034
-0.70487
-0.70585
-0.67594
-0.67597
-0.7766
-0.65484
-0.73018
-0.7956
-0.73696
-0.78668
-0.7312
-0.68023
-0.74229
-0.70345
-0.76803
-0.69715
-0.68781
-0.69947
0
0
0
0
0
0
0
0
0
0
0
0
0
0
0
0
0
0
0
0
0
0
0
0
0
0
0
0
0
0
0
0
0
0
0
0
0
0
0
0
0
0
0
0
0
0
0
0
0
0
0
0
0
0
0
0
0
0
-0.75055
-0.80147
-0.75073
-0.84029
-0.7972
-0.7874
-0.7883
-0.76156
-0.80363
-0.74194
-0.77043
-0.7336
-0.79928
-0.80423
-0.73734
-0.80755
-0.73261
-0.74266
-0.74622
-0.7442
-0.74191
-0.74406
-0.74964
-0.81217
-0.76457
-0.73225
-0.73697
-0.73085
-0.75206
-0.70487
35.1942
-0.70823
-0.67778
-0.6778
-0.77849
-0.65671
-0.73193
-0.79722
-0.73967
-0.78909
-0.73341
-0.6823
-0.74451
-0.70559
-0.77035
-0.69922
-0.68985
-0.7015
0
0
0
0
0
0
0
0
0
0
0
0
0
0
0
0
0
0
0
0
0
0
0
0
0
0
0
0
0
0
0
0
0
0
0
0
0
0
0
0
0
0
0
0
0
0
0
0
0
0
0
0
0
0
0
0
0
0
-0.75131
-0.80225
-0.75149
-0.84108
-0.79798
-0.78818
-0.78908
-0.76233
-0.80441
-0.7427
-0.7712
-0.73436
-0.80007
-0.805
-0.73811
-0.80833
-0.73337
-0.74342
-0.74698
-0.74497
-0.74269
-0.74484
-0.7504
-0.81296
-0.76535
-0.73302
-0.73773
-0.73161
-0.75283
-0.70585
-0.70823
35.231
-0.67852
-0.67855
-0.77924
-0.65746
-0.73264
-0.79787
-0.74077
-0.79008
-0.7343
-0.68315
-0.74542
-0.70645
-0.7713
-0.70006
-0.69068
-0.70233
0
0
0
0
0
0
0
0
0
0
0
0
0
0
0
0
0
0
0
0
0
0
0
0
0
0
0
0
0
0
0
0
0
0
0
0
0
0
0
0
0
0
0
0
0
0
0
0
0
0
0
0
0
0
0
0
0
0
-0.7228
-0.77311
-0.72283
-0.81135
-0.7688
-0.75879
-0.75972
-0.73334
-0.77521
-0.71412
-0.74208
-0.70596
-0.77077
-0.77579
-0.70937
-0.77898
-0.70443
-0.71491
-0.71824
-0.71586
-0.71364
-0.71572
-0.72113
-0.78317
-0.73547
-0.69851
-0.70552
-0.69967
-0.72259
-0.67594
-0.67778
-0.67852
33.1933
-0.63598
-0.74879
-0.6286
-0.69763
-0.75687
-0.71707
-0.7615
-0.7079
-0.65621
-0.71903
-0.67981
-0.74423
-0.67258
-0.66296
0
0
0
0
0
0
0
0
0
0
0
0
0
0
0
0
0
0
0
0
0
0
0
0
0
0
0
0
0
0
0
0
0
0
0
0
0
0
0
0
0
0
0
0
0
0
0
0
0
0
0
0
0
0
0
0
0
0
0
-0.72282
-0.77313
-0.72285
-0.81137
-0.76883
-0.75881
-0.75974
-0.73335
-0.77523
-0.71413
-0.7421
-0.70598
-0.77079
-0.77581
-0.70939
-0.779
-0.70445
-0.71493
-0.71826
-0.71587
-0.71366
-0.71574
-0.72115
-0.78319
-0.73549
-0.69853
-0.70555
-0.69969
-0.72261
-0.67597
-0.6778
-0.67855
-0.63598
33.1942
-0.74881
-0.62862
-0.69765
-0.75689
-0.7171
-0.76152
-0.70791
-0.65623
-0.71905
-0.67984
-0.74425
-0.6726
-0.66298
0
0
0
0
0
0
0
0
0
0
0
0
0
0
0
0
0
0
0
0
0
0
0
0
0
0
0
0
0
0
0
0
0
0
0
0
0
0
0
0
0
0
0
0
0
0
0
0
0
0
0
0
0
0
0
0
0
0
0
-0.81744
-0.87135
-0.81955
-0.90774
-0.86529
-0.85986
-0.85447
-0.82994
-0.86868
-0.80986
-0.83976
-0.80524
-0.86735
-0.86931
-0.80152
-0.87357
-0.7964
-0.8167
-0.81939
-0.81464
-0.81265
-0.81451
-0.81559
-0.87594
-0.82416
-0.79148
-0.78713
-0.79233
-0.81942
-0.7766
-0.77849
-0.77924
-0.74879
-0.74881
46.4432
-0.7262
-0.79414
-0.84757
-0.81804
-0.85958
-0.80137
-0.7487
-0.81269
-0.77289
-0.83942
0
0
0
0
0
0
0
0
0
0
0
0
0
0
0
0
0
0
0
0
0
0
0
0
0
0
0
-5.9479
0
0
0
0
0
0
0
0
0
0
0
0
0
0
0
-4.5015
0
0
0
0
0
0
0
0
0
0
0
0
0
0
0
0
0
-0.70168
-0.75155
-0.70162
-0.78941
-0.74721
-0.7371
-0.73802
-0.71191
-0.75358
-0.69293
-0.72057
-0.68486
-0.7491
-0.75417
-0.68808
-0.75725
-0.68307
-0.69354
-0.69693
-0.6944
-0.69223
-0.69426
-0.69957
-0.76116
-0.71362
-0.67601
-0.68325
-0.6775
-0.70068
-0.65484
-0.65671
-0.65746
-0.6286
-0.62862
-0.7262
31.5585
-0.6743
-0.73431
-0.69447
-0.72723
-0.68324
-0.63213
-0.69403
-0.65553
-0.71647
-0.64911
0
0
0
0
0
0
0
0
0
0
0
0
0
0
0
0
0
0
0
0
0
0
0
0
0
0
0
0
0
0
0
0
0
0
0
0
0
0
0
0
0
0
0
0
0
0
0
0
0
0
0
0
0
0
0
0
0
0
0
0
-0.76795
-0.81701
-0.76871
-0.85348
-0.81252
-0.80586
-0.80569
-0.77821
-0.817
-0.7584
-0.78801
-0.75012
-0.8145
-0.8176
-0.75517
-0.8218
-0.75042
-0.76208
-0.76125
-0.76139
-0.75867
-0.76123
-0.76447
-0.82596
-0.78089
-0.7414
-0.76079
-0.75161
-0.76772
-0.73018
-0.73193
-0.73264
-0.69763
-0.69765
-0.79414
-0.6743
37.9783
-0.8045
-0.75606
-0.80612
-0.75135
-0.69884
-0.76251
-0.72306
-0.78803
0
0
0
0
0
0
0
0
0
0
0
0
0
0
0
0
0
0
0
0
0
0
0
0
0
0
0
0
0
0
0
0
0
0
0
0
0
0
0
0
0
0
0
0
-4.1494
0
0
0
0
0
0
0
0
0
0
0
0
0
0
0
0
-0.81762
-0.86785
-0.82108
-0.90531
-0.86449
-0.86188
-0.85831
-0.82899
-0.86853
-0.80771
-0.83746
-0.7997
-0.86699
-0.86914
-0.81323
-0.87452
-0.80171
-0.77717
-0.80834
-0.83525
-0.83355
-0.83515
-0.81068
-0.87914
-0.84087
-0.79879
-0.80261
-0.79743
-0.82856
-0.7956
-0.79722
-0.79787
-0.75687
-0.75689
-0.84757
-0.73431
-0.8045
43.0762
0
0
0
0
0
0
0
0
0
0
0
0
0
0
0
0
0
0
0
0
0
0
0
0
0
0
0
0
0
-3.9241
0
0
0
0
0
0
0
0
-4.3246
0
0
0
0
0
0
0
0
0
0
0
0
0
0
0
0
0
0
0
0
-4.3246
0
0
0
0
0
0
0
0
-0.78512
-0.84365
-0.78547
-0.88403
-0.83761
-0.82259
-0.82691
-0.80114
-0.84441
-0.77344
-0.80483
-0.76938
-0.83948
-0.84502
-0.77191
-0.84721
-0.766
-0.74428
-0.78121
-0.78061
-0.77829
-0.78048
-0.78436
-0.85024
-0.80055
-0.7604
-0.7697
-0.76098
-0.78588
-0.73696
-0.73967
-0.74077
-0.71707
-0.7171
-0.81804
-0.69447
-0.75606
0
32.7602
0
0
0
0
0
0
0
0
0
0
0
0
0
0
0
0
0
0
0
0
0
0
0
0
0
0
0
-3.6149
0
0
0
0
0
0
0
0
0
0
0
0
0
0
0
0
0
0
0
0
0
0
0
0
0
0
0
0
0
0
0
0
0
0
0
0
0
0
0
-0.83494
-0.88748
-0.835
-0.92754
-0.88282
-0.87303
-0.87407
-0.84584
-0.88964
-0.82532
-0.85528
-0.81641
-0.885
-0.89026
-0.82101
-0.89363
-0.81495
-0.82867
-0.82883
-0.82925
-0.8269
-0.82912
-0.83198
-0.89768
-0.84856
-0.80846
-0.81552
-0.8094
-0.83438
-0.78668
-0.78909
-0.79008
-0.7615
-0.76152
-0.85958
-0.72723
-0.80612
0
0
30.9228
0
0
0
0
0
0
0
0
0
0
0
0
0
0
0
0
0
0
0
0
0
0
0
0
0
0
0
0
0
0
0
0
0
0
0
0
0
0
0
0
0
0
0
0
0
0
0
0
0
0
0
0
0
0
0
0
0
0
0
0
0
0
0
0
0
0
-0.77526
-0.82663
-0.77533
-0.8659
-0.82221
-0.8125
-0.81352
-0.7861
-0.82884
-0.76623
-0.7953
-0.7575
-0.82434
-0.82944
-0.76187
-0.83277
-0.75618
-0.76862
-0.7699
-0.77056
-0.7683
-0.77043
-0.77321
-0.83708
-0.7892
-0.75097
-0.75781
-0.75203
-0.77573
-0.7312
-0.73341
-0.7343
-0.7079
-0.70791
-0.80137
-0.68324
-0.75135
0
0
0
28.7644
0
0
0
0
0
0
0
0
0
0
0
0
0
0
0
0
0
0
0
0
0
0
0
0
0
0
0
0
0
0
0
0
0
0
0
0
0
0
0
0
0
0
0
0
0
0
0
0
0
0
0
0
0
0
0
0
0
0
0
0
0
0
0
0
0
-0.72436
-0.77477
-0.72431
-0.81325
-0.77038
-0.76051
-0.76148
-0.73476
-0.77688
-0.71541
-0.74373
-0.70691
-0.77235
-0.77747
-0.71084
-0.78061
-0.70525
-0.71786
-0.71899
-0.7191
-0.71691
-0.71897
-0.72206
-0.78451
-0.73729
-0.69942
-0.70615
-0.70055
-0.72387
-0.68023
-0.6823
-0.68315
-0.65621
-0.65623
-0.7487
-0.63213
-0.69884
0
0
0
0
26.8567
0
0
0
0
0
0
0
0
0
0
0
0
0
0
0
0
0
0
0
0
0
0
0
0
0
0
0
0
0
0
0
0
0
0
0
0
0
0
0
0
0
0
0
0
0
0
0
0
0
0
0
0
0
0
0
0
0
0
0
0
0
0
0
0
-0.78644
-0.83803
-0.78652
-0.87744
-0.83359
-0.82387
-0.8249
-0.79736
-0.84024
-0.7774
-0.80659
-0.76861
-0.83572
-0.84084
-0.77305
-0.84419
-0.76733
-0.77978
-0.78106
-0.78178
-0.7795
-0.78166
-0.78439
-0.84855
-0.80053
-0.76217
-0.76902
-0.76319
-0.787
-0.74229
-0.74451
-0.74542
-0.71903
-0.71905
-0.81269
-0.69403
-0.76251
0
0
0
0
0
29.1803
0
0
0
0
0
0
0
0
0
0
0
0
0
0
0
0
0
0
0
0
0
0
0
0
0
0
0
0
0
0
0
0
0
0
0
0
0
0
0
0
0
0
0
0
0
0
0
0
0
0
0
0
0
0
0
0
0
0
0
0
0
0
0
-0.74755
-0.79843
-0.74756
-0.83729
-0.79402
-0.78424
-0.78523
-0.75818
-0.80058
-0.73857
-0.76725
-0.72995
-0.79607
-0.80117
-0.73411
-0.80441
-0.72846
-0.74099
-0.7422
-0.74262
-0.74039
-0.74248
-0.74541
-0.80853
-0.76099
-0.72297
-0.72978
-0.72409
-0.74757
-0.70345
-0.70559
-0.70645
-0.67981
-0.67984
-0.77289
-0.65553
-0.72306
0
0
0
0
0
0
27.7277
0
0
0
0
0
0
0
0
0
0
0
0
0
0
0
0
0
0
0
0
0
0
0
0
0
0
0
0
0
0
0
0
0
0
0
0
0
0
0
0
0
0
0
0
0
0
0
0
0
0
0
0
0
0
0
0
0
0
0
0
0
0
-0.81357
-0.86567
-0.81366
-0.90543
-0.86115
-0.85141
-0.85244
-0.82456
-0.86787
-0.80432
-0.83389
-0.79545
-0.86332
-0.86848
-0.80001
-0.87187
-0.79413
-0.80698
-0.80793
-0.8086
-0.80629
-0.80847
-0.81121
-0.87616
-0.82763
-0.78859
-0.79551
-0.78954
-0.81384
-0.76803
-0.77035
-0.7713
-0.74423
-0.74425
-0.83942
-0.71647
-0.78803
0
0
0
0
0
0
0
30.17
0
0
0
0
0
0
0
0
0
0
0
0
0
0
0
0
0
0
0
0
0
0
0
0
0
0
0
0
0
0
0
0
0
0
0
0
0
0
0
0
0
0
0
0
0
0
0
0
0
0
0
0
0
0
0
0
0
0
0
0
0
-0.74078
-0.79152
-0.74066
-0.83043
-0.78714
-0.77722
-0.77851
-0.75142
-0.79389
-0.73166
-0.76045
-0.72348
-0.7892
-0.79449
-0.7272
-0.79766
-0.72161
-0.73404
-0.73584
-0.73553
-0.73331
-0.7354
-0.73882
-0.80169
-0.75386
-0.71565
-0.72338
-0.71731
-0.74087
-0.69715
-0.69922
-0.70006
-0.67258
-0.6726
0
-0.64911
0
0
0
0
0
0
0
0
0
25.9937
0
0
0
0
0
0
0
0
0
0
0
0
0
0
0
0
0
0
0
0
0
0
0
0
0
0
0
0
0
0
0
0
0
0
0
0
0
0
0
0
0
0
0
0
0
0
0
0
0
0
0
0
0
0
0
0
0
0
0
0
-0.73181
-0.78234
-0.73164
-0.82109
-0.77797
-0.76798
-0.76926
-0.74233
-0.78471
-0.72272
-0.7513
-0.7146
-0.78
-0.7853
-0.71821
-0.78843
-0.71264
-0.72512
-0.72687
-0.72628
-0.72408
-0.72615
-0.72975
-0.79235
-0.74461
-0.70648
-0.71408
-0.70805
-0.7316
-0.68781
-0.68985
-0.69068
-0.66296
-0.66298
0
0
0
0
0
0
0
0
0
0
0
0
25.032
0
0
0
0
0
0
0
0
0
0
0
0
0
0
0
0
0
0
0
0
0
0
0
0
0
0
0
0
0
0
0
0
0
0
0
0
0
0
0
0
0
0
0
0
0
0
0
0
0
0
0
0
0
0
0
0
0
0
0
-0.74412
-0.7949
-0.74395
-0.83384
-0.79053
-0.7805
-0.78179
-0.75473
-0.7973
-0.73503
-0.76375
-0.7268
-0.79256
-0.7979
-0.73044
-0.80104
-0.7249
-0.73745
-0.73919
-0.73848
-0.73625
-0.73835
-0.74213
-0.80497
-0.75709
-0.71885
-0.72638
-0.72029
-0.74389
-0.69947
-0.7015
-0.70233
0
0
0
0
0
0
0
0
0
0
0
0
0
0
0
24.1007
0
0
0
0
0
0
0
0
0
0
0
0
0
0
0
0
0
0
0
0
0
0
0
0
0
0
0
0
0
0
0
0
0
0
0
0
0
0
0
0
0
0
0
0
0
0
0
0
0
0
0
0
0
0
0
0
0
0
-0.91375
-0.96781
-0.91379
-1.0097
-0.96315
-0.95325
-0.95515
-0.9258
-0.97084
-0.9045
-0.93552
-0.89524
-0.96554
-0.97147
-0.89931
-0.97468
-0.89355
-0.90634
-0.90863
-0.90804
-0.9056
-0.90789
-0.91173
0
-0.92808
-0.88718
0
0
0
0
0
0
0
0
0
0
0
0
0
0
0
0
0
0
0
0
0
0
23.2766
0
0
0
0
0
0
0
0
0
0
0
0
0
0
0
0
0
0
0
0
0
0
0
0
0
0
0
0
0
0
0
0
0
0
0
0
0
0
0
0
0
0
0
0
0
0
0
0
0
0
0
0
0
0
0
0
0
-0.79568
-0.84333
-0.79644
-0.87854
-0.8383
-0.83362
-0.83379
-0.80492
-0.84212
-0.78543
-0.81638
-0.77671
-0.84019
-0.84272
-0.7817
-0.84727
-0.77641
-0.79474
-0.78722
-0.79076
-0.78845
-0.79062
0
0
0
0
0
0
0
0
0
0
0
0
0
0
0
0
0
0
0
0
0
0
0
0
0
0
0
22.0076
0
0
0
0
0
0
0
0
0
0
0
0
0
0
0
0
0
0
0
0
0
0
0
0
0
0
0
0
0
0
0
0
0
0
0
0
0
0
0
0
0
0
0
-4.1222
0
0
0
0
0
0
0
0
0
0
0
0
-0.86318
-0.91693
-0.86276
-0.95881
-0.91233
-0.90136
-0.9038
-0.87499
-0.92046
-0.85422
-0.88457
-0.84512
-0.91467
-0.92108
-0.84872
-0.92399
-0.843
-0.856
-0.85862
-0.85768
-0.85534
-0.85754
0
0
0
0
0
0
0
0
0
0
0
0
0
0
0
0
0
0
0
0
0
0
0
0
0
0
0
0
19.4352
0
0
0
0
0
0
0
0
0
0
0
0
0
0
0
0
0
0
0
0
0
0
0
0
0
0
0
0
0
0
0
0
0
0
0
0
0
0
0
0
0
0
0
0
0
0
0
0
0
0
0
0
0
0
0
-0.91319
-0.96755
-0.91293
-1.01
-0.96286
-0.95228
-0.95466
-0.92532
-0.9711
-0.90416
-0.93506
-0.89478
-0.96536
-0.97174
-0.89871
-0.97468
-0.89292
-0.90563
-0.90829
-0.90764
-0.90525
-0.9075
0
0
0
0
0
0
0
0
0
0
0
0
0
0
0
0
0
0
0
0
0
0
0
0
0
0
0
0
0
20.5416
0
0
0
0
0
0
0
0
0
0
0
0
0
0
0
0
0
0
0
0
0
0
0
0
0
0
0
0
0
0
0
0
0
0
0
0
0
0
0
0
0
0
0
0
0
0
0
0
0
0
0
0
0
0
-0.97149
-1.0271
-0.97089
-1.0709
-1.0224
-1.0107
-1.0138
-0.98388
-1.0315
-0.96224
-0.99372
-0.953
-1.0249
-1.0321
-0.95661
-1.0344
-0.9509
-0.96347
0
0
0
0
0
0
0
0
0
0
0
0
0
0
0
0
0
0
0
0
0
0
0
0
0
0
0
0
0
0
0
0
0
0
17.9741
0
0
0
0
0
0
0
0
0
0
0
0
0
0
0
0
0
0
0
0
0
0
0
0
0
0
0
0
0
0
0
0
0
0
0
0
0
0
0
0
0
0
0
0
0
0
0
0
0
0
0
0
0
-0.86145
-0.90864
-0.86187
-0.94413
-0.90341
-0.89982
-0.9002
-0.87025
-0.90749
-0.85143
-0.88362
-0.84093
-0.90538
-0.90811
-0.84624
0
-0.84162
0
0
0
0
0
0
0
0
0
0
0
0
0
0
0
0
0
0
0
0
0
0
0
0
0
0
0
0
0
0
0
0
0
0
0
0
18.2087
0
0
0
0
0
0
0
0
0
0
0
0
0
0
0
0
0
0
0
0
0
0
0
0
0
0
-4.0741
0
0
0
0
0
0
0
0
0
0
0
0
0
0
0
0
0
0
0
0
0
0
0
0
0
-1.0096
-1.0657
-1.0085
-1.1111
-1.0613
-1.0489
-1.0522
-1.0223
-1.0717
-1.0006
-1.0324
-0.99079
-1.064
-1.0723
-0.99437
0
-0.98839
0
0
0
0
0
0
0
0
0
0
0
0
0
0
0
0
0
0
0
0
0
0
0
0
0
0
0
0
0
0
0
0
0
0
0
0
0
16.5941
0
0
0
0
0
0
0
0
0
0
0
0
0
0
0
0
0
0
0
0
0
0
0
0
0
0
0
0
0
0
0
0
0
0
0
0
0
0
0
0
0
0
0
0
0
0
0
0
0
0
0
-1.3886
-1.4462
-1.3848
-1.4942
-1.4417
-1.4286
-1.4317
-1.3982
0
0
0
-1.3635
-1.4418
0
-1.3657
0
0
0
0
0
0
0
0
0
0
0
0
0
0
0
0
0
0
0
0
0
0
0
0
0
0
0
0
0
0
0
0
0
0
0
0
0
0
0
0
15.5851
0
0
0
0
0
0
0
0
0
0
0
0
0
0
0
0
0
0
0
0
0
0
0
0
0
0
0
0
0
0
0
0
0
0
0
0
0
0
0
0
0
0
0
0
0
0
0
0
0
0
-2.0393
-2.1074
-2.0335
0
-2.1088
-2.0851
0
0
0
0
0
0
0
0
0
0
0
0
0
0
0
0
0
0
0
0
0
0
0
0
0
0
0
0
0
0
0
0
0
0
0
0
0
0
0
0
0
0
0
0
0
0
0
0
0
0
13.1671
0
0
0
0
0
0
0
0
0
0
0
0
0
-2.7929
0
0
0
0
0
0
0
0
0
0
0
0
0
0
0
0
0
0
0
0
0
0
0
0
0
0
0
0
0
0
0
0
0
0
0
0
0
0
0
0
0
0
0
0
-1.7623
0
0
0
0
0
0
0
0
0
0
0
0
0
0
0
0
0
0
0
0
0
0
0
0
0
0
0
0
0
0
0
0
0
0
0
0
0
0
0
0
0
0
0
0
0
0
0
17.2318
0
-3.4718
0
0
0
0
0
0
-3.3645
0
0
0
0
-3.7673
0
0
0
0
0
0
0
0
0
0
0
0
0
0
0
0
0
0
0
0
0
0
0
0
-4.8659
0
0
0
0
0
0
0
0
0
-1.8966
-1.9997
-1.8947
0
0
0
0
0
0
0
0
0
0
0
0
0
0
0
0
0
0
0
0
0
0
0
0
0
0
0
0
0
0
0
0
0
0
0
0
0
0
0
0
0
0
0
0
0
0
0
0
0
0
0
0
0
0
0
8.5458
0
0
0
0
0
0
0
0
0
-2.0812
0
0
0
0
0
0
0
0
0
0
0
0
0
0
0
0
0
0
0
0
0
0
0
-0.67359
0
0
0
0
0
0
0
0
0
0
0
0
0
0
0
0
0
0
0
-2.0959
0
0
0
0
0
0
0
0
0
0
0
0
0
0
0
0
0
0
0
0
0
0
0
0
0
0
0
0
0
0
0
0
0
0
0
0
0
0
0
0
0
0
0
0
0
0
0
0
0
0
-3.4718
0
13.453
0
0
0
0
0
0
0
0
0
0
0
0
0
-3.3555
0
0
0
0
0
0
0
0
0
0
0
0
0
0
0
0
-4.5298
0
0
0
0
0
0
0
0
0
0
0
0
0
0
0
-2.5068
-2.5715
-2.5107
0
0
0
0
0
0
0
0
0
0
0
0
0
0
0
0
0
0
0
0
0
0
0
0
0
0
0
0
0
0
0
0
0
0
0
0
0
0
0
0
0
0
0
0
0
0
0
0
0
0
0
0
0
0
0
0
0
11.7946
0
0
0
0
0
0
0
0
0
0
0
0
0
-4.2056
0
0
0
0
0
0
0
0
0
0
0
0
0
0
0
0
0
0
0
0
0
0
0
0
0
0
0
0
0
0
0
-2.6614
-2.751
-2.6414
0
0
-2.6886
0
0
0
0
0
0
0
0
0
0
0
0
0
0
0
0
0
0
0
0
0
0
0
0
0
0
0
0
0
0
0
0
0
0
0
0
0
0
0
0
0
0
0
0
0
0
0
0
0
0
0
0
0
0
0
10.7424
0
0
0
0
0
0
0
0
0
0
0
0
0
0
0
0
0
0
0
0
0
0
0
0
0
0
0
0
0
0
0
0
0
0
0
0
0
0
0
0
0
0
0
0
0
0
0
0
0
0
-2.4532
0
0
0
0
0
0
0
0
0
0
0
0
0
0
0
0
0
0
0
-2.3237
0
0
0
0
0
0
0
0
0
0
0
0
0
0
0
0
0
0
0
0
0
0
0
0
0
0
0
0
0
0
0
0
0
0
0
13.5558
0
0
0
0
0
0
0
0
-4.7074
-4.0715
0
0
0
0
0
0
0
0
0
0
0
0
0
0
0
0
0
0
0
0
0
0
0
0
0
0
0
0
0
0
0
0
0
0
0
0
0
0
0
0
0
0
0
0
0
0
0
0
0
0
0
0
0
0
0
0
0
0
0
0
-2.0102
0
0
0
0
0
0
0
0
0
0
0
0
0
0
0
0
0
0
0
0
0
0
0
0
0
0
0
0
0
0
0
0
0
0
0
8.9604
-3.1811
0
0
0
0
0
0
0
0
0
0
0
0
0
0
0
0
0
0
0
0
0
0
0
0
0
0
-3.769
0
0
0
0
0
0
0
0
0
0
0
0
0
0
0
0
0
0
0
0
0
0
0
0
-2.0141
0
0
0
0
0
0
0
0
0
0
0
-1.9814
0
0
0
0
0
0
0
0
0
0
0
0
0
0
0
0
0
0
0
0
0
0
0
0
0
0
0
0
0
0
0
0
0
0
0
0
0
0
0
0
-3.1811
7.1766
0
0
0
0
0
0
0
0
0
0
0
0
0
0
0
0
0
0
0
0
0
0
0
0
0
0
0
0
0
0
0
0
0
0
0
0
0
0
0
0
0
0
0
0
0
0
0
0
0
0
-3.6329
0
-3.6316
0
0
0
0
0
0
0
0
0
0
0
0
0
0
0
0
0
0
0
0
0
0
0
0
0
0
0
0
0
0
0
0
0
0
0
0
0
0
0
0
0
0
0
0
0
0
0
0
0
0
0
0
0
10.1335
0
0
0
-2.869
0
0
0
0
0
0
0
0
0
0
0
0
0
0
0
0
0
0
0
0
0
0
0
0
0
0
0
0
0
0
0
0
0
0
0
0
0
0
0
0
0
0
0
0
0
0
0
0
0
0
0
0
0
-3.7824
0
0
0
0
0
0
0
0
0
0
0
0
0
0
0
0
0
0
0
0
-3.6149
0
0
0
0
0
0
0
0
0
0
0
0
0
0
0
0
0
0
-3.3645
0
0
0
0
0
0
0
0
10.7618
0
0
0
0
0
0
0
0
0
0
0
0
0
0
0
0
0
0
0
0
0
0
0
0
0
0
0
0
0
0
0
0
0
0
0
0
0
0
0
0
0
0
0
0
0
0
0
0
0
0
0
0
0
0
0
0
-4.1506
0
0
0
0
0
0
0
0
0
0
0
0
0
0
0
0
0
0
0
-3.9241
0
0
0
0
0
0
0
0
0
0
0
0
0
0
0
0
0
0
0
0
0
0
0
0
0
0
0
0
0
13.0595
0
0
0
0
0
0
0
0
0
0
0
0
0
0
-4.9847
0
0
0
0
0
0
0
0
0
0
0
0
0
0
0
0
0
0
0
0
0
0
0
-0.8092
0
0
0
0
0
0
0
0
0
0
0
0
0
0
0
0
0
0
0
0
0
0
0
0
0
0
0
0
0
0
0
0
0
0
0
0
0
0
0
0
0
0
0
0
0
0
0
0
0
0
0
0
0
0
0
0
0
-2.0812
0
0
0
0
0
0
0
0
0
6.3586
0
0
0
0
0
0
0
0
0
0
0
0
0
0
0
0
0
0
0
0
0
0
0
0
0
0
0
0
0
0
0
0
0
-3.4681
0
0
0
-3.185
0
0
0
0
0
0
0
0
0
0
0
0
0
0
0
0
0
0
0
0
0
0
0
0
0
0
0
0
0
0
0
0
0
0
0
0
0
0
0
0
0
0
0
0
0
0
0
0
0
0
0
0
0
0
0
0
0
0
0
0
0
0
0
0
-2.869
0
0
0
10.5491
0
0
0
0
0
0
0
0
0
0
0
0
0
0
0
0
0
-4.4951
0
0
0
0
0
0
0
0
0
0
0
0
0
0
0
0
0
0
0
0
0
0
0
0
0
0
0
0
-3.8281
0
0
0
0
0
0
0
0
0
0
0
0
0
0
0
0
0
0
0
0
0
0
0
0
0
0
0
0
0
0
0
0
0
0
0
0
0
0
0
0
0
0
0
0
0
-2.7929
0
0
0
0
0
0
0
0
0
0
0
0
0
11.6136
0
0
0
0
-4.9926
0
0
0
0
0
0
0
0
0
0
0
0
0
0
0
0
0
0
0
0
0
0
0
0
0
0
0
0
0
0
0
0
0
0
0
0
0
0
0
0
0
0
0
0
0
0
0
0
0
0
0
0
0
0
0
0
0
0
0
0
0
0
0
0
0
0
0
0
0
0
0
0
0
0
0
0
0
0
0
0
0
0
0
0
0
0
0
-3.7673
0
0
0
0
-4.7074
0
0
0
0
0
0
0
0
8.4747
0
0
0
0
0
0
0
0
0
0
0
0
0
0
0
0
0
0
0
0
0
0
0
0
0
0
0
0
0
0
0
0
0
0
0
0
0
0
0
0
0
0
0
0
0
0
0
0
0
0
0
0
0
0
0
0
0
0
0
0
0
0
0
0
0
0
0
0
-5.9479
0
0
0
0
0
0
0
0
0
0
0
0
0
0
0
0
0
0
0
0
0
0
0
0
0
0
0
-4.0715
0
0
0
0
0
0
0
0
0
10.0193
0
0
0
0
0
0
0
0
0
0
0
0
0
0
0
0
0
0
0
0
0
0
0
0
0
0
0
0
0
0
0
0
0
0
0
0
0
0
0
0
-3.846
0
0
0
0
0
0
0
0
0
0
0
0
0
0
0
0
0
0
0
0
0
0
0
0
0
0
0
0
0
0
0
0
0
0
0
0
0
0
0
0
0
0
0
0
0
0
0
0
0
0
0
-3.3555
0
0
0
0
0
0
0
0
0
0
0
0
0
7.2015
0
0
0
0
0
0
0
0
0
0
0
0
0
0
0
0
0
0
0
0
0
0
0
0
0
0
0
0
0
0
0
0
0
0
0
0
0
0
0
0
0
0
0
0
0
0
0
0
0
0
0
0
0
0
0
0
0
0
0
0
0
0
0
0
0
0
0
0
0
0
0
0
0
0
0
0
0
0
0
0
0
0
0
0
0
0
0
0
0
0
0
0
-4.2056
0
0
0
0
0
0
0
0
0
0
0
0
0
4.2056
0
0
0
0
0
0
0
0
0
0
0
0
0
0
0
0
0
0
0
0
0
0
0
0
0
0
0
0
0
0
0
0
0
0
0
0
0
0
0
0
0
0
0
0
0
0
0
0
0
0
0
0
0
0
0
0
0
0
0
0
0
0
0
0
0
0
0
0
0
0
0
0
0
0
0
0
0
0
0
0
0
0
0
0
0
0
0
0
0
0
0
0
0
0
0
0
0
0
0
0
0
-4.9926
0
0
0
0
4.9926
0
0
0
0
0
0
0
0
0
0
0
0
0
0
0
0
0
0
0
0
0
0
0
0
0
0
0
0
0
0
0
0
0
0
0
0
0
0
0
0
0
0
0
0
0
0
0
0
0
0
0
0
0
0
0
0
0
0
0
0
0
0
0
0
0
0
0
-4.3246
0
0
0
0
0
0
0
0
0
0
0
0
0
0
0
0
0
0
0
0
0
0
0
0
0
0
0
0
0
0
0
0
0
0
0
0
0
0
4.3246
0
0
0
0
0
0
0
0
0
0
0
0
0
0
0
0
0
0
0
0
0
0
0
0
0
0
0
0
0
0
0
0
0
0
0
0
0
0
0
0
0
0
0
0
0
0
0
0
0
0
0
0
-6.779
0
0
0
0
0
0
0
0
0
0
0
0
0
0
0
0
0
0
0
0
0
0
0
0
0
0
0
0
0
0
0
0
0
0
0
0
0
0
0
0
0
0
0
0
0
0
0
0
0
0
0
0
0
6.779
0
0
0
0
0
0
0
0
0
0
0
0
0
0
0
0
0
0
0
0
0
0
0
0
0
0
0
0
0
0
0
0
0
0
0
0
0
0
0
0
0
-7.7525
0
0
0
0
0
0
0
0
0
0
0
0
0
0
0
0
0
0
0
0
0
0
0
0
0
0
0
0
0
0
0
0
0
0
0
0
0
0
0
0
0
0
0
0
0
0
0
0
0
0
0
0
0
0
0
0
0
0
0
0
0
0
0
0
7.7525
0
0
0
0
0
0
0
0
0
0
0
0
0
0
0
0
0
0
0
0
0
0
0
0
0
0
0
0
0
0
0
-8.2291
0
0
0
0
0
0
0
0
0
0
0
0
0
0
0
0
0
0
0
0
0
0
0
0
0
0
0
0
0
0
0
0
0
0
0
0
0
0
0
0
0
0
0
0
0
0
0
0
0
0
0
0
0
0
0
0
0
0
0
0
0
0
0
0
0
0
0
0
0
0
0
0
0
0
8.2291
0
0
0
0
0
0
0
0
0
0
0
0
0
0
0
0
0
0
0
0
0
0
0
0
0
0
0
0
0
0
0
0
0
0
0
0
0
0
0
0
0
0
0
0
0
0
0
0
0
0
0
0
0
0
0
0
0
0
0
0
0
0
0
0
0
0
0
0
0
0
0
0
0
0
0
0
0
0
0
-4.0741
0
0
0
0
0
0
0
0
0
0
0
0
0
0
0
0
0
0
0
0
0
0
0
0
0
0
4.0741
0
0
0
0
0
0
0
0
0
0
0
0
0
0
0
0
0
0
0
0
0
0
0
0
0
0
0
0
0
0
0
0
0
0
0
0
0
0
0
0
0
0
0
0
0
0
0
0
-6.779
0
0
0
0
0
0
0
0
0
0
0
0
0
0
0
0
0
0
0
0
0
0
0
0
0
0
0
0
0
0
0
0
0
0
0
0
0
0
0
0
0
0
0
0
0
0
0
0
0
0
0
0
0
0
0
0
0
6.779
0
0
0
0
0
0
0
0
0
0
0
0
0
0
0
0
0
0
0
0
0
0
0
0
0
0
0
0
0
0
0
0
0
0
0
0
0
0
0
0
0
0
0
0
0
0
0
0
0
0
0
0
0
0
0
0
0
0
0
0
0
0
0
0
0
0
0
0
0
0
0
0
0
0
0
0
0
0
0
0
0
0
0
0
0
0
0
0
0
0
0
-4.9847
0
0
0
0
0
0
0
0
0
0
0
0
0
0
4.9847
0
0
0
0
0
0
0
0
0
0
0
0
0
0
0
0
0
0
0
0
0
0
0
0
0
0
-8.762
0
0
0
0
0
0
0
0
0
0
0
0
0
0
0
0
0
0
0
0
0
0
0
0
0
0
0
0
0
0
0
0
0
0
0
0
0
0
0
0
0
0
0
0
0
0
0
0
0
0
0
0
0
0
0
0
0
0
0
0
0
0
0
0
0
0
0
0
0
0
0
0
0
0
0
0
0
0
0
8.762
0
0
0
0
0
0
0
0
0
0
0
0
0
0
0
0
0
0
0
0
0
0
0
0
0
0
0
0
0
0
-7.7434
0
0
0
0
0
0
0
0
0
0
0
0
0
0
0
0
0
0
0
0
0
0
0
0
0
0
0
0
0
0
0
0
0
0
0
0
0
0
0
0
0
0
0
0
0
0
0
0
0
0
0
0
0
0
0
0
0
0
0
0
0
0
0
0
0
0
0
0
0
0
0
0
0
0
0
7.7434
0
0
0
0
0
0
0
0
0
0
0
0
0
0
0
0
0
0
0
0
0
0
0
0
0
0
0
0
0
0
0
0
0
0
0
0
-7.3348
0
0
0
0
0
0
0
0
0
0
0
0
0
0
0
0
0
0
0
0
0
0
0
0
0
0
0
0
0
0
0
0
0
0
0
0
0
0
0
0
0
0
0
0
0
0
0
0
0
0
0
0
0
0
0
0
0
0
0
0
0
0
0
0
0
0
0
0
0
7.3348
0
0
0
0
0
0
0
0
0
0
0
0
0
0
0
0
0
0
0
0
0
0
0
0
0
0
0
0
0
0
0
0
0
0
0
0
0
0
0
0
0
0
-5.7862
0
0
0
0
0
0
0
0
0
0
0
0
0
0
0
0
0
0
0
0
0
0
0
0
0
0
0
0
0
0
0
0
0
0
0
0
0
0
0
0
0
0
0
0
0
0
0
0
0
0
0
0
0
0
0
0
0
0
0
0
0
0
0
5.7862
0
0
0
0
0
0
0
0
0
0
0
0
0
0
0
0
0
0
0
0
0
0
0
0
0
0
0
0
0
0
0
0
0
0
0
0
0
0
0
0
0
0
0
0
0
0
0
0
0
0
0
0
0
0
0
0
0
0
0
0
0
0
0
0
0
0
0
0
0
0
0
0
0
0
0
0
0
0
0
0
0
0
0
0
0
0
0
0
-4.4951
0
0
0
0
0
0
0
0
0
0
0
0
0
0
0
0
0
4.4951
0
0
0
0
0
0
0
0
0
0
0
0
0
0
0
0
0
0
0
0
0
0
0
0
0
0
0
0
0
0
0
0
0
0
0
0
0
0
0
0
0
0
0
0
0
0
0
0
0
0
0
0
-4.5015
0
0
0
0
0
0
0
0
0
0
0
0
0
0
0
0
0
0
0
0
0
0
0
0
0
0
0
0
0
0
0
0
0
0
0
0
0
0
0
0
0
0
0
0
0
0
0
0
0
0
0
0
0
4.5015
0
0
0
0
0
0
0
0
0
0
0
0
0
0
0
0
0
0
0
0
0
0
0
0
0
0
0
0
0
0
0
0
0
0
0
0
0
0
0
0
0
0
0
0
0
0
0
0
0
0
0
0
0
-4.1494
0
0
0
0
0
0
0
0
0
0
0
0
0
0
0
0
0
0
0
0
0
0
0
0
0
0
0
0
0
0
0
0
0
0
0
0
0
0
0
0
0
0
0
0
0
0
0
0
0
0
0
0
4.1494
0
0
0
0
0
0
0
0
0
0
0
0
0
0
0
0
0
0
0
0
0
0
0
0
0
0
0
0
0
0
0
0
0
0
0
0
0
0
0
0
0
0
0
0
0
0
0
0
0
0
0
0
0
0
0
0
0
0
0
0
0
0
0
0
0
0
0
0
0
0
0
0
0
0
0
-4.5298
0
0
0
0
0
0
0
0
0
0
0
0
0
0
0
0
0
0
0
0
0
0
0
0
0
0
0
0
0
0
4.5298
0
0
0
0
0
0
0
0
0
0
0
0
0
0
0
0
0
0
0
0
0
0
0
0
0
0
0
0
0
0
0
0
0
0
0
0
0
0
0
0
0
0
0
0
0
0
0
0
0
0
0
0
0
0
0
0
0
0
0
0
0
0
0
0
0
0
0
0
0
0
0
0
0
0
0
0
0
0
-3.769
0
0
0
0
0
0
0
0
0
0
0
0
0
0
0
0
0
0
0
0
0
0
0
0
0
0
0
3.769
0
0
0
0
0
0
0
0
0
0
0
0
0
0
0
0
0
0
0
0
0
0
0
0
0
0
0
0
0
0
0
0
0
0
0
0
0
0
0
0
0
0
0
0
0
0
0
0
0
0
0
0
0
0
0
0
0
0
0
0
0
0
0
0
0
0
0
0
0
0
0
0
-0.67359
0
0
0
0
0
0
0
0
0
0
0
0
0
0
0
0
0
0
0
0
0
0
0
0
0
0
0
0
0
0
0
0
0
0.67359
0
0
0
0
0
0
0
0
0
0
0
0
0
0
0
0
0
0
0
0
0
0
0
0
0
0
0
0
0
0
0
0
0
0
0
0
0
0
0
0
0
0
0
0
0
0
0
0
0
0
0
0
0
0
0
0
0
0
0
0
0
0
-4.1222
0
0
0
0
0
0
0
0
0
0
0
0
0
0
0
0
0
0
0
0
0
0
0
0
0
0
0
0
0
0
0
0
0
0
0
0
0
0
0
0
0
0
0
4.1222
0
0
0
0
0
0
0
0
0
0
0
0
0
0
0
0
0
0
0
0
-7.7434
0
0
0
0
0
0
0
0
0
0
0
0
0
0
0
0
0
0
0
0
0
0
0
0
0
0
0
0
0
0
0
0
0
0
0
0
0
0
0
0
0
0
0
0
0
0
0
0
0
0
0
0
0
0
0
0
0
0
0
0
0
0
0
0
0
0
0
0
0
0
0
0
0
0
0
0
0
0
0
0
0
0
0
0
0
7.7434
0
0
0
0
0
0
0
0
0
0
0
0
0
0
0
0
0
0
0
0
0
0
0
-8.0011
0
0
0
0
0
0
0
0
0
0
0
0
0
0
0
0
0
0
0
0
0
0
0
0
0
0
0
0
0
0
0
0
0
0
0
0
0
0
0
0
0
0
0
0
0
0
0
0
0
0
0
0
0
0
0
0
0
0
0
0
0
0
0
0
0
0
0
0
0
0
0
0
0
0
0
0
0
0
0
0
0
0
8.0011
0
0
0
0
0
0
0
0
0
0
0
0
0
0
0
0
0
0
0
0
0
0
0
0
0
0
0
0
0
0
0
0
0
0
0
0
0
0
0
0
0
0
0
0
0
0
0
0
0
0
0
0
0
0
0
0
0
0
0
0
0
0
0
0
0
0
0
-4.8659
0
0
0
0
0
0
0
0
0
0
0
0
0
0
0
0
0
0
0
0
0
0
0
0
0
0
0
0
0
0
0
0
0
0
0
0
0
0
4.8659
0
0
0
0
0
0
0
0
0
0
0
0
0
0
0
0
0
0
0
0
0
0
0
0
0
0
0
0
0
0
0
0
0
0
0
0
0
0
0
0
0
0
0
0
0
0
-4.3246
0
0
0
0
0
0
0
0
0
0
0
0
0
0
0
0
0
0
0
0
0
0
0
0
0
0
0
0
0
0
0
0
0
0
0
0
0
0
0
0
0
0
0
0
0
0
0
0
0
0
0
0
0
0
0
0
0
0
0
4.3246
0
0
0
0
0
0
0
0
0
0
0
0
0
0
0
0
0
0
0
0
0
0
0
0
0
0
-6.1251
0
0
0
0
0
0
0
0
0
0
0
0
0
0
0
0
0
0
0
0
0
0
0
0
0
0
0
0
0
0
0
0
0
0
0
0
0
0
0
0
0
0
0
0
0
0
0
0
0
0
0
0
0
0
0
0
0
0
0
0
0
0
0
0
0
0
0
0
0
0
0
0
0
0
0
0
0
0
0
6.1251
0
0
0
0
0
0
0
0
0
0
0
0
0
0
0
0
0
0
0
0
0
0
-7.3347
0
0
0
0
0
0
0
0
0
0
0
0
0
0
0
0
0
0
0
0
0
0
0
0
0
0
0
0
0
0
0
0
0
0
0
0
0
0
0
0
0
0
0
0
0
0
0
0
0
0
0
0
0
0
0
0
0
0
0
0
0
0
0
0
0
0
0
0
0
0
0
0
0
0
0
0
0
0
0
0
0
0
0
7.3347
0
0
0
0
0
0
0
-8.4655
0
0
0
0
0
0
0
0
0
0
0
0
0
0
0
0
0
0
0
0
0
0
0
0
0
0
0
0
0
0
0
0
0
0
0
0
0
0
0
0
0
0
0
0
0
0
0
0
0
0
0
0
0
0
0
0
0
0
0
0
0
0
0
0
0
0
0
0
0
0
0
0
0
0
0
0
0
0
0
0
0
0
0
0
0
0
0
0
0
0
0
0
0
0
0
0
0
0
8.4655
0
0
0
0
0
0
0
0
0
0
0
0
0
0
0
0
0
0
-7.7526
0
0
0
0
0
0
0
0
0
0
0
0
0
0
0
0
0
0
0
0
0
0
0
0
0
0
0
0
0
0
0
0
0
0
0
0
0
0
0
0
0
0
0
0
0
0
0
0
0
0
0
0
0
0
0
0
0
0
0
0
0
0
0
0
0
0
0
0
0
0
0
0
0
0
0
0
0
0
0
0
0
0
0
0
0
0
0
7.7526
0
0
0
0
0
0
0
0
0
0
0
0
0
0
0
0
0
0
0
0
0
0
0
0
0
0
0
0
0
0
0
0
0
0
0
0
0
0
0
0
0
0
0
0
0
0
0
0
0
0
0
0
0
0
0
0
0
0
0
0
0
0
0
0
0
0
0
0
0
0
0
0
-3.4681
0
0
0
0
0
0
0
0
0
0
0
0
0
0
0
0
0
0
0
0
0
0
0
0
0
0
0
0
0
0
0
0
0
3.4681
0
0
0
0
0
0
0
0
0
0
0
0
0
0
0
0
0
0
0
0
0
0
0
0
0
0
0
0
0
0
0
-4.59
0
0
0
0
0
0
0
0
0
0
0
0
0
0
0
0
0
0
0
0
0
0
0
0
0
0
0
0
0
0
0
0
0
0
0
0
0
0
0
0
0
0
0
0
0
0
0
0
0
0
0
0
0
0
0
0
0
0
0
0
0
0
0
0
0
0
0
0
0
0
0
0
0
0
4.59
0
0
0
0
0
-8.762
0
0
0
0
0
0
0
0
0
0
0
0
0
0
0
0
0
0
0
0
0
0
0
0
0
0
0
0
0
0
0
0
0
0
0
0
0
0
0
0
0
0
0
0
0
0
0
0
0
0
0
0
0
0
0
0
0
0
0
0
0
0
0
0
0
0
0
0
0
0
0
0
0
0
0
0
0
0
0
0
0
0
0
0
0
0
0
0
0
0
0
0
0
0
0
0
0
0
0
0
8.762
0
0
0
0
0
0
0
0
0
0
0
0
0
0
0
0
0
0
0
0
0
0
0
0
0
-5.2241
0
0
0
0
0
0
0
0
0
0
0
0
0
0
0
0
0
0
0
0
0
0
0
0
0
0
0
0
0
0
0
0
0
0
0
0
0
0
0
0
0
0
0
0
0
0
0
0
0
0
0
0
0
0
0
0
0
0
0
0
0
0
0
0
0
0
0
0
0
0
0
0
0
0
0
0
0
0
0
0
5.2241
