1
0.95572
0.94406
0.93516
0.92955
0.92545
0.92249
0.91954
0.91727
0.91487
0.91304
0.90647
0.90027
0.89416
0.88829
0.88238
0.87667
0.87094
0.86549
0.86006
0.85492
0.8498
0.84498
0.84021
0.83573
0.83132
0.82718
0.82316
0.81939
0.8158
0.81246
0.80936
0.80655
0.80403
0.80176
0.79968
0.79767
0.79564
0.79347
0.79102
0.78811
0.78455
0.78014
0.77483
0.76899
0.7633
0.7582
0.75373
0.7498
0.74629
0.74313
0.74025
0.73761
0.73517
0.73292
0.73084
0.72892
0.72712
0.72544
0.72387
0.72244
0.72112
0.71992
0.7188
0.71774
0.71671
0.71571
0.71471
0.71374
0.71279
0.71187
0.711
0.71018
0.70944
0.70878
0.70819
0.70766
0.70717
0.70672
0.70629
0.70588
0.70549
0.7051
0.70473
0.70436
0.704
0.70365
0.70332
0.703
0.70271
0.70245
0.70221
0.70198
0.70178
0.70157
0.70136
0.70112
0.70086
0.70058
0.70026
0.69991
0.69953
0.69912
0.69868
0.69822
0.69773
0.69723
0.6967
0.69616
0.6956
0.69502
0.69444
0.69384
0.69323
0.6926
0.69195
0.69128
0.69057
0.68983
0.68905
0.68824
0.68739
0.68651
0.68561
0.68467
0.68371
0.68272
0.68171
