1
0.9686
0.95414
0.94442
0.93773
0.93214
0.92334
0.9148
0.907
0.89978
0.89319
0.88719
0.88166
0.87641
0.87131
0.86638
0.86174
0.85747
0.85362
0.85012
0.8469
0.84387
0.84099
0.83819
0.83547
0.83283
0.83027
0.82781
0.82543
0.82312
0.82087
0.81867
0.81652
0.81442
0.81237
0.81038
0.80846
0.80661
0.80484
0.80316
0.80156
0.80005
0.79861
0.7972
0.7958
0.79435
0.79282
0.7912
0.78949
0.78769
0.78583
0.78393
0.78202
0.78012
0.77826
0.77645
0.77469
0.773
0.77138
0.76982
0.76831
0.76686
0.76545
0.76407
0.76271
0.76137
0.76005
0.75873
0.7574
0.75606
0.75471
0.75334
0.75196
0.75057
0.74919
0.74783
0.74648
0.74517
0.74388
0.74265
0.74145
0.74031
0.73919
0.73812
0.73707
0.73604
0.73503
0.73402
0.733
0.73197
0.73092
0.72985
0.72875
0.72762
0.72648
0.72532
0.72415
0.72298
0.7218
0.72062
0.71944
0.71828
0.71712
0.71596
0.71482
0.71369
0.71257
0.71146
0.71035
0.70926
0.70817
0.70709
0.70602
0.70496
0.70391
0.70288
0.70185
0.70084
0.69984
0.69886
0.6979
0.69696
0.69604
0.69513
0.69424
0.69337
0.69252
0.69168
0.69086
0.69005
0.68925
0.68846
0.68768
0.6869
0.68613
0.68537
0.6846
