54.1391
-0.63208
-0.6844
-0.66074
-0.63968
-0.6675
-0.63684
-0.61788
-0.67482
-0.64048
-0.66213
-0.65083
-0.70573
-0.67181
-0.65637
-0.64043
-0.65963
-0.64083
-0.66432
-0.65356
-0.68066
-0.65405
-0.67732
-0.66859
-0.65967
-0.66178
-0.63526
-0.62854
-0.65723
-0.61729
-0.62059
-0.61442
-0.5674
-0.55595
-0.61517
-0.63197
-0.61499
-0.61677
-0.58242
-0.60859
-0.58835
-0.60713
-0.64141
-0.64093
-0.68184
-0.64832
-0.64293
-0.65174
-0.80325
-0.72755
-0.71386
-0.97434
-0.85955
-0.91297
-1.498
-1.2684
-1.4915
-1.6457
0
0
0
0
0
0
-2.39
0
0
-3.2723
0
0
0
-3.2656
0
0
0
0
0
-4.1847
0
0
0
0
0
0
0
0
0
0
0
0
0
0
0
0
0
0
0
0
0
0
0
0
0
0
0
0
0
0
0
0
0
0
0
0
0
0
0
0
0
0
0
-0.63208
57.465
-0.71725
-0.7047
-0.68054
-0.71465
-0.68058
-0.66418
-0.72324
-0.68466
-0.70624
-0.69522
-0.75136
-0.71622
-0.70212
-0.68382
-0.70495
-0.68629
-0.71188
-0.69783
-0.72336
-0.72494
-0.72264
-0.7132
-0.70716
-0.70593
-0.68052
-0.67194
-0.70082
-0.66118
-0.65941
-0.65868
-0.6142
-0.59538
-0.65664
-0.67222
-0.65846
-0.67731
-0.62449
-0.65173
-0.62747
-0.64952
-0.68557
-0.68567
-0.72612
-0.69268
-0.73488
-0.7014
-0.84871
-0.76976
-0.75904
-1.0263
-0.90722
-0.96557
-1.5542
-1.3149
-1.5675
-1.6826
0
0
0
0
0
0
-2.4064
0
0
-3.3212
0
0
0
0
0
0
0
0
0
0
0
0
0
0
-3.3096
0
0
0
0
0
0
0
0
0
0
0
-4.7906
0
0
0
0
0
0
0
0
0
0
0
0
0
0
0
0
0
0
0
0
0
0
0
0
0
0
-0.6844
-0.71725
51.438
-0.73685
-0.7095
-0.74735
-0.7127
-0.69536
-0.73975
-0.71672
-0.74225
-0.72926
-0.79595
-0.75155
-0.7358
-0.71867
-0.74026
-0.71984
-0.7479
-0.7323
-0.76368
-0.76476
-0.76458
-0.74869
-0.74041
-0.74115
-0.71329
-0.7054
-0.73804
-0.69323
-0.69931
-0.69083
-0.64544
-0.62611
-0.6906
-0.70899
-0.69028
-0.71188
-0.6568
-0.6828
-0.66176
-0.68077
-0.72136
-0.71825
-0.76195
-0.72952
-0.77063
-0.73741
-0.88544
-0.8105
-0.80248
-1.0663
-0.93611
-1.0049
-1.5948
-1.3666
-1.5927
-1.7442
0
0
0
0
0
0
-2.4531
0
0
-3.3494
0
0
0
0
0
0
0
0
0
0
0
0
0
0
0
0
0
0
0
0
0
0
0
0
0
0
0
0
0
0
0
0
0
0
0
0
0
0
0
0
0
0
0
0
0
0
0
0
0
0
0
0
0
-0.66074
-0.7047
-0.73685
48.1666
-0.69114
-0.72245
-0.68729
-0.66914
-0.71266
-0.69007
-0.7149
-0.70262
-0.76319
-0.71999
-0.70772
-0.6898
-0.71152
-0.69202
-0.72121
-0.70574
-0.73243
-0.73319
-0.73784
-0.71661
-0.71374
-0.71333
-0.68695
-0.6784
-0.7096
-0.66705
-0.67203
-0.66489
-0.62176
-0.60082
-0.66376
-0.67831
-0.66441
-0.6823
-0.63016
-0.65906
-0.63783
-0.65512
-0.69451
-0.69157
-0.73464
-0.70449
-0.73893
-0.71208
-0.85612
-0.78507
-0.70705
-1.0357
-0.96673
-0.9734
-1.5663
-1.3373
-1.5596
-1.7061
0
0
0
0
0
0
0
0
0
0
0
0
0
0
0
0
-4.0736
0
0
0
0
0
0
0
0
0
0
0
0
0
0
0
0
0
0
0
0
0
0
0
0
0
0
0
0
0
0
0
0
0
0
0
0
0
0
0
0
0
0
0
0
0
0
-0.63968
-0.68054
-0.7095
-0.69114
45.4006
-0.70255
-0.66952
-0.65165
-0.6967
-0.67146
-0.69813
-0.68491
-0.74595
-0.70285
-0.68958
-0.67166
-0.69275
-0.67391
-0.70049
-0.685
-0.71521
-0.71545
-0.71317
-0.69808
-0.69458
-0.69289
-0.66733
-0.659
-0.69072
-0.6477
-0.65301
-0.64558
-0.60208
-0.58301
-0.64427
-0.66054
-0.64521
-0.66625
-0.61254
-0.64003
-0.61753
-0.63601
-0.67416
-0.67178
-0.71427
-0.68237
-0.72005
-0.69063
-0.83381
-0.76113
-0.75309
-1.0111
-0.94202
-0.95056
-1.5352
-1.3084
-1.53
-1.677
0
0
0
0
0
0
-2.3869
0
0
0
0
0
0
0
0
0
0
0
0
0
0
0
0
0
0
0
0
0
0
0
0
0
0
0
0
0
0
0
0
0
0
0
0
0
0
0
0
0
0
0
0
0
0
0
0
0
0
0
0
0
0
0
0
-0.6675
-0.71465
-0.74735
-0.72245
-0.70255
49.8893
-0.69494
-0.67317
-0.71851
-0.69868
-0.72103
-0.71076
-0.77426
-0.72898
-0.71543
-0.69721
-0.71928
-0.69954
-0.72569
-0.65899
-0.74232
-0.7391
-0.74221
-0.72474
-0.71883
-0.72459
-0.69342
-0.68587
-0.7163
-0.67726
-0.68031
-0.67133
-0.62797
-0.60591
-0.67157
-0.68579
-0.67073
-0.68875
-0.63729
-0.6653
-0.64249
-0.66134
-0.7012
-0.69827
-0.74016
-0.70927
-0.74706
-0.71566
-0.86428
-0.78862
-0.77119
-1.0425
-0.97276
-0.98193
-1.5752
-1.3434
-1.567
0
0
-2.0666
0
0
0
0
0
0
0
0
0
0
0
0
0
0
0
0
0
0
0
0
0
0
0
0
0
0
0
0
0
0
0
0
0
0
0
0
0
0
0
0
0
0
0
0
0
0
0
0
-5.0398
0
0
0
0
0
0
0
0
0
0
0
0
-0.63684
-0.68058
-0.7127
-0.68729
-0.66952
-0.69494
42.8832
-0.63231
-0.68465
-0.66847
-0.68858
-0.67741
-0.73525
-0.69315
-0.68207
-0.66273
-0.68414
-0.66626
-0.7008
-0.67701
-0.71123
-0.70895
-0.70431
-0.68917
-0.68737
-0.68896
-0.65979
-0.65157
-0.68303
-0.64403
-0.6423
-0.63805
-0.59609
-0.57474
-0.63721
-0.65362
-0.6376
-0.65733
-0.60449
-0.63249
-0.60975
-0.62841
-0.66807
-0.66405
-0.7062
-0.6701
-0.71227
-0.68206
-0.82572
-0.75476
-0.743
-1.0024
-0.93557
-0.94353
-1.5299
-1.2977
-1.5155
0
0
0
-1.9573
0
0
0
0
0
0
0
0
0
0
0
0
0
0
0
0
0
0
0
0
0
0
0
0
0
0
0
0
0
0
0
0
0
0
0
0
0
0
0
0
0
0
0
0
0
0
0
0
0
0
0
0
0
0
0
0
0
0
0
0
-0.61788
-0.66418
-0.69536
-0.66914
-0.65165
-0.67317
-0.63231
41.939
-0.67076
-0.64873
-0.67204
-0.66226
-0.71857
-0.67535
-0.66548
-0.64644
-0.66702
-0.65001
-0.68156
-0.66001
-0.69079
-0.69359
-0.69031
-0.67164
-0.67085
-0.67082
-0.64335
-0.63498
-0.6651
-0.62741
-0.63152
-0.62208
-0.58133
-0.55986
-0.62005
-0.63607
-0.62132
-0.63561
-0.58901
-0.61629
-0.59463
-0.61218
-0.65067
-0.64727
-0.68888
-0.65929
-0.69486
-0.66781
-0.80714
-0.73823
-0.71391
-0.98103
-0.91514
-0.92112
-1.5012
-1.2756
-1.4906
0
0
-1.9855
0
0
0
0
0
0
0
0
0
0
0
0
0
0
0
0
0
0
0
0
0
0
0
0
0
0
0
0
0
0
0
0
0
0
0
0
0
0
0
0
0
0
0
0
0
0
0
0
0
0
0
0
0
0
0
0
0
0
0
0
0
-0.67482
-0.72324
-0.73975
-0.71266
-0.6967
-0.71851
-0.68465
-0.67076
56.346
-0.69552
-0.71288
-0.7035
-0.76183
-0.71939
-0.70856
-0.69091
-0.70809
-0.69203
-0.7412
-0.70316
-0.73224
-0.72674
-0.72923
-0.71573
-0.71189
-0.71459
-0.68702
-0.67972
-0.7104
-0.67156
-0.6725
-0.66549
-0.6184
-0.60232
-0.66189
-0.68007
-0.66536
-0.68034
-0.629
-0.66027
-0.63299
-0.65633
-0.68619
-0.69262
-0.72769
-0.69403
-0.73921
-0.69773
-0.85747
-0.75791
-0.73925
-1.0228
-0.96324
0
-1.5649
0
0
0
0
0
0
0
-2.7897
0
0
0
0
0
0
0
0
0
0
0
0
0
0
0
0
0
0
0
0
0
0
0
0
-3.8224
0
-4.3329
0
0
0
0
0
0
0
0
0
0
0
0
0
0
0
0
0
0
0
0
0
0
0
0
-6.8957
0
0
0
0
0
0
-0.64048
-0.68466
-0.71672
-0.69007
-0.67146
-0.69868
-0.66847
-0.64873
-0.69552
44.3611
-0.69255
-0.68145
-0.7428
-0.69928
-0.68531
-0.66581
-0.68839
-0.67056
-0.69553
-0.68206
-0.71469
-0.70874
-0.70816
-0.69484
-0.69175
-0.69221
-0.66413
-0.65494
-0.68832
-0.64813
-0.64902
-0.64247
-0.60048
-0.57769
-0.64012
-0.65698
-0.64182
-0.6612
-0.60947
-0.6371
-0.61466
-0.63306
-0.6502
-0.66891
-0.71225
-0.68375
-0.71736
-0.68751
-0.8301
-0.76512
-0.75094
-1.0032
-0.94075
-0.89653
-1.5369
-1.3085
-1.5369
0
0
0
0
0
0
0
0
0
0
0
0
0
-3.2236
0
0
0
0
0
0
0
0
0
0
0
0
0
0
0
0
0
0
0
0
0
0
0
0
0
0
0
0
0
0
0
0
0
0
0
0
0
0
0
0
0
0
0
0
0
0
0
0
0
0
-0.66213
-0.70624
-0.74225
-0.7149
-0.69813
-0.72103
-0.68858
-0.67204
-0.71288
-0.69255
46.8309
-0.70036
-0.76275
-0.71762
-0.70474
-0.67497
-0.70799
-0.68898
-0.71333
-0.69932
-0.73093
-0.72594
-0.67623
-0.71272
-0.70667
-0.71312
-0.68212
-0.67361
-0.70625
-0.6673
-0.66574
-0.66101
-0.61686
-0.58178
-0.66019
-0.67521
-0.66047
-0.6806
-0.62732
-0.65516
-0.63155
-0.6511
-0.68943
-0.68738
-0.72925
-0.69937
-0.73496
-0.68566
-0.85128
-0.7704
-0.77683
-1.0316
-0.95984
-0.96531
-1.5618
0
0
0
0
0
0
-2.6606
0
0
0
0
0
0
0
0
0
0
0
0
0
0
0
0
0
0
0
0
0
0
0
0
0
0
0
0
0
0
0
0
0
0
-4.8846
0
0
0
0
0
0
0
0
0
0
0
0
0
0
0
0
0
0
0
0
0
0
0
0
-0.65083
-0.69522
-0.72926
-0.70262
-0.68491
-0.71076
-0.67741
-0.66226
-0.7035
-0.68145
-0.70036
40.6
-0.74556
-0.70965
-0.69521
-0.67581
-0.69728
-0.67973
-0.70471
-0.68937
-0.72144
-0.71852
-0.71778
-0.70144
-0.70035
-0.702
-0.67195
-0.66307
-0.69604
-0.65607
-0.65844
-0.65036
-0.60706
-0.58633
-0.6483
-0.66486
-0.64959
-0.66922
-0.61598
-0.64417
-0.62176
-0.64006
-0.68096
-0.67632
-0.71959
-0.69223
-0.72438
-0.69617
-0.83853
-0.77135
-0.75945
-1.0145
-0.94663
-0.95476
-1.5458
0
0
0
0
0
0
0
0
0
0
0
0
0
0
0
0
0
0
0
0
0
0
0
-1.7787
0
0
0
0
0
0
0
0
0
0
0
0
0
0
0
0
0
0
0
0
0
0
0
0
0
0
0
0
0
0
0
0
0
0
0
0
0
0
0
0
0
0
-0.70573
-0.75136
-0.79595
-0.76319
-0.74595
-0.77426
-0.73525
-0.71857
-0.76183
-0.7428
-0.76275
-0.74556
49.0855
-0.75975
-0.74784
-0.73019
-0.74521
-0.73076
-0.76627
-0.74111
-0.77477
-0.77423
-0.7717
-0.75422
-0.75414
-0.75096
-0.72387
-0.71736
-0.74751
-0.70732
-0.70752
-0.70132
-0.65552
-0.63549
-0.69648
-0.71348
-0.70022
-0.71941
-0.67737
-0.6958
-0.66534
-0.69033
-0.73417
-0.72768
-0.77203
-0.74089
-0.77729
-0.74637
-0.89925
-0.81733
-0.81149
-1.0618
0
0
0
0
0
0
0
0
0
0
0
0
0
0
0
0
0
0
0
0
0
0
0
0
0
0
0
0
0
-3.7134
0
0
0
0
0
0
0
0
0
0
0
0
0
0
0
0
0
0
0
0
0
0
0
0
0
0
0
0
-7.3252
0
0
0
0
0
0
0
0
0
0
-0.67181
-0.71622
-0.75155
-0.71999
-0.70285
-0.72898
-0.69315
-0.67535
-0.71939
-0.69928
-0.71762
-0.70965
-0.75975
41.0438
-0.70762
-0.69322
-0.71306
-0.69102
-0.71806
-0.70444
-0.73368
-0.73463
-0.73367
-0.67231
-0.711
-0.7167
-0.6844
-0.67675
-0.7104
-0.6692
-0.67197
-0.66226
-0.61846
-0.60064
-0.66335
-0.63236
-0.66145
-0.68224
-0.62876
-0.65651
-0.63508
-0.65144
-0.69704
-0.68825
-0.73454
-0.70949
-0.74276
-0.71311
-0.85431
-0.78908
-0.77677
-1.0353
-0.98075
0
0
0
0
0
0
0
0
0
0
0
0
0
0
0
0
0
0
0
0
0
0
0
-4.0221
0
0
0
0
0
0
0
0
0
0
0
0
0
0
0
0
0
0
0
0
0
0
0
0
0
0
0
0
0
0
0
0
0
0
0
0
0
0
0
0
0
0
0
0
-0.65637
-0.70212
-0.7358
-0.70772
-0.68958
-0.71543
-0.68207
-0.66548
-0.70856
-0.68531
-0.70474
-0.69521
-0.74784
-0.70762
36.4304
-0.67889
-0.69933
-0.68263
-0.70651
-0.69232
-0.7199
-0.7175
-0.7203
-0.70744
-0.7111
-0.70896
-0.66987
-0.65992
-0.70232
-0.65473
-0.65821
-0.64854
-0.60668
-0.58456
-0.64619
-0.6704
-0.64746
-0.66907
-0.6158
-0.64326
-0.62204
-0.63759
-0.6842
-0.67387
-0.71985
-0.69586
-0.72324
-0.70061
-0.83612
-0.77391
-0.76478
-1.0148
0
-0.95775
0
0
0
0
0
0
0
0
0
0
0
0
0
0
0
0
0
0
0
0
0
0
0
0
0
0
0
0
0
0
0
0
0
0
0
0
0
0
0
0
0
0
0
0
0
0
0
0
0
0
0
0
0
0
0
0
0
0
0
0
0
0
0
0
0
0
0
-0.64043
-0.68382
-0.71867
-0.6898
-0.67166
-0.69721
-0.66273
-0.64644
-0.69091
-0.66581
-0.67497
-0.67581
-0.73019
-0.69322
-0.67889
38.7526
-0.68344
-0.66451
-0.68747
-0.67392
-0.70234
-0.70092
-0.69399
-0.68042
-0.68534
-0.68275
-0.65188
-0.63078
-0.67714
-0.63785
-0.64011
-0.63191
-0.58948
-0.55155
-0.6288
-0.64862
-0.63071
-0.65215
-0.5991
-0.62643
-0.60537
-0.62087
-0.66188
-0.65679
-0.70033
-0.67491
-0.70518
-0.65696
-0.79778
0
-0.74887
0
0
-0.93159
0
0
0
0
0
0
0
-2.6037
0
0
0
-2.5162
0
0
0
0
0
0
0
0
0
0
0
0
0
0
0
0
0
0
0
0
0
0
0
0
0
0
0
0
0
0
0
0
0
0
0
0
0
0
0
0
0
0
0
0
0
0
0
0
0
0
0
0
0
0
0
-0.65963
-0.70495
-0.74026
-0.71152
-0.69275
-0.71928
-0.68414
-0.66702
-0.70809
-0.68839
-0.70799
-0.69728
-0.74521
-0.71306
-0.69933
-0.68344
39.9371
-0.68399
-0.71046
-0.69403
-0.72442
-0.7208
-0.72507
-0.70626
-0.70573
-0.70699
-0.67679
-0.66716
-0.69947
-0.66137
-0.66348
-0.65497
-0.61146
-0.59242
-0.65227
-0.67057
-0.65393
-0.67315
-0.62149
-0.64946
-0.6284
-0.64405
-0.6863
-0.68044
-0.72392
-0.69671
-0.72935
-0.70329
-0.84208
-0.77477
-0.76703
-0.93247
0
0
0
0
0
0
0
0
0
0
0
0
0
0
0
0
0
0
0
0
0
0
0
0
0
0
0
0
0
0
0
0
0
0
0
0
0
0
0
0
-4.3802
0
0
0
0
0
0
0
0
0
0
0
0
0
0
0
0
0
0
0
0
0
0
0
0
0
0
0
0
-0.64083
-0.68629
-0.71984
-0.69202
-0.67391
-0.69954
-0.66626
-0.65001
-0.69203
-0.67056
-0.68898
-0.67973
-0.73076
-0.69102
-0.68263
-0.66451
-0.68399
34.6413
-0.69367
-0.6769
-0.70448
-0.70139
-0.70361
-0.69094
-0.68631
-0.69576
-0.65001
-0.63726
-0.68814
-0.63508
-0.62674
-0.62987
-0.58928
-0.57034
-0.62038
-0.65939
-0.63012
-0.65913
-0.59947
-0.6269
-0.60694
-0.62116
-0.68098
-0.65759
-0.70341
-0.68572
-0.70603
-0.68297
-0.81678
-0.75449
-0.74499
-0.99212
0
0
0
0
0
0
0
0
0
0
0
0
0
0
0
0
0
0
0
0
0
0
0
0
0
0
0
0
0
0
0
0
0
0
0
0
0
0
0
0
0
0
0
0
0
0
0
0
0
0
0
0
0
0
0
0
0
0
0
0
0
0
0
0
0
0
0
0
0
-0.66432
-0.71188
-0.7479
-0.72121
-0.70049
-0.72569
-0.7008
-0.68156
-0.7412
-0.69553
-0.71333
-0.70471
-0.76627
-0.71806
-0.70651
-0.68747
-0.71046
-0.69367
43.5217
-0.70245
-0.73636
-0.7309
-0.73065
-0.7122
-0.70992
-0.7116
-0.68466
-0.67482
-0.70812
-0.6691
-0.67007
-0.66284
-0.6184
-0.59628
-0.65758
-0.67865
-0.66164
-0.67831
-0.62756
-0.65602
-0.63374
-0.6518
-0.68846
-0.68902
-0.73159
-0.69965
-0.73573
-0.70519
-0.85334
0
0
0
-0.96008
0
0
0
0
0
0
0
0
0
0
0
0
0
0
0
0
0
0
0
0
0
0
0
0
0
0
0
0
0
0
0
0
0
0
0
0
0
0
0
0
0
0
0
0
0
0
-4.664
0
0
0
0
0
0
0
-4.44
0
0
0
0
0
0
0
0
0
0
0
0
0
-0.65356
-0.69783
-0.7323
-0.70574
-0.685
-0.65899
-0.67701
-0.66001
-0.70316
-0.68206
-0.69932
-0.68937
-0.74111
-0.70444
-0.69232
-0.67392
-0.69403
-0.6769
-0.70245
39.2343
-0.71405
-0.71443
-0.71632
-0.69508
-0.69575
-0.69853
-0.66722
-0.65826
-0.68951
-0.65177
-0.6527
-0.64554
-0.60253
-0.5827
-0.64531
-0.66052
-0.64413
-0.66818
-0.61202
-0.63955
-0.61741
-0.63439
-0.67661
-0.67014
-0.71353
-0.68588
-0.71859
-0.69126
-0.83269
-0.76192
0
-1.0077
0
0
0
0
0
0
0
0
0
0
0
0
0
0
0
0
0
0
0
0
0
0
0
0
0
0
0
0
0
0
0
0
0
0
0
0
0
0
0
0
0
0
0
0
0
0
0
0
0
0
0
0
0
0
0
0
-4.8405
0
0
0
0
0
0
0
0
0
0
0
0
-0.68066
-0.72336
-0.76368
-0.73243
-0.71521
-0.74232
-0.71123
-0.69079
-0.73224
-0.71469
-0.73093
-0.72144
-0.77477
-0.73368
-0.7199
-0.70234
-0.72442
-0.70448
-0.73636
-0.71405
42.219
-0.74592
-0.7491
-0.7239
-0.72587
-0.72242
-0.69573
-0.68748
-0.71448
-0.67893
-0.6798
-0.67334
-0.62747
-0.60902
-0.66924
-0.68605
-0.67142
-0.69128
-0.63596
-0.66683
-0.63929
-0.66105
-0.70371
-0.69939
-0.73989
-0.71221
-0.74765
-0.71843
-0.86579
0
0
0
0
0
0
0
0
0
-1.4225
0
0
0
0
0
0
0
0
0
0
0
0
0
0
0
0
0
0
0
0
0
0
0
0
0
0
0
0
0
0
0
0
0
0
0
0
0
0
0
0
0
0
0
0
0
0
0
0
0
0
0
0
0
0
0
0
0
0
0
0
-6.7859
0
-0.65405
-0.72494
-0.76476
-0.73319
-0.71545
-0.7391
-0.70895
-0.69359
-0.72674
-0.70874
-0.72594
-0.71852
-0.77423
-0.73463
-0.7175
-0.70092
-0.7208
-0.70139
-0.7309
-0.71443
-0.74592
45.3126
-0.74381
-0.72298
-0.71405
-0.72292
-0.69262
-0.68401
-0.71565
-0.67672
-0.67688
-0.6715
-0.62838
-0.60576
-0.66971
-0.68539
-0.66947
-0.61694
-0.63549
-0.66474
-0.6426
-0.66025
-0.70082
-0.69857
-0.74198
-0.71094
-0.68471
0
0
0
0
0
0
-0.97504
0
0
0
0
0
0
0
0
0
0
0
0
0
0
-3.0231
0
0
0
0
0
0
0
0
-4.1298
0
0
0
0
0
0
0
0
0
0
0
0
-4.9931
0
0
0
0
0
0
0
0
0
0
0
0
0
0
0
0
0
0
0
0
0
0
0
0
0
0
0
0
0
0
-0.67732
-0.72264
-0.76458
-0.73784
-0.71317
-0.74221
-0.70431
-0.69031
-0.72923
-0.70816
-0.67623
-0.71778
-0.7717
-0.73367
-0.7203
-0.69399
-0.72507
-0.70361
-0.73065
-0.71632
-0.7491
-0.74381
46.9951
-0.72428
-0.72195
-0.72377
-0.6949
-0.67411
-0.71899
-0.6779
-0.67851
-0.67318
-0.62682
-0.6087
-0.66964
-0.68749
-0.67097
-0.6935
-0.63299
-0.66584
-0.63788
-0.66079
-0.70423
-0.69879
-0.74193
-0.71275
-0.74527
0
0
0
0
0
0
0
0
0
0
0
0
0
0
0
0
0
0
-2.5943
0
0
0
-3.0868
0
0
0
0
0
0
0
0
0
0
0
0
0
0
0
0
0
0
0
0
0
0
0
-4.1294
0
0
-4.8674
0
0
0
0
0
0
0
0
0
0
0
0
0
0
0
0
0
0
0
0
0
0
0
0
-0.66859
-0.7132
-0.74869
-0.71661
-0.69808
-0.72474
-0.68917
-0.67164
-0.71573
-0.69484
-0.71272
-0.70144
-0.75422
-0.67231
-0.70744
-0.68042
-0.70626
-0.69094
-0.7122
-0.69508
-0.7239
-0.72298
-0.72428
37.1041
-0.71466
-0.71992
-0.67803
-0.66889
-0.70476
-0.66258
-0.66745
-0.65549
-0.61176
-0.59358
-0.65724
-0.62464
-0.65383
-0.6746
-0.62039
-0.64907
-0.62921
-0.64268
-0.68125
-0.68052
-0.72623
-0.70174
-0.73452
-0.7081
-0.84584
0
0
0
0
0
0
0
0
0
0
0
0
0
0
0
0
0
0
0
0
0
0
0
0
0
0
0
-3.9516
0
0
0
0
0
0
0
0
0
0
0
0
0
0
0
0
0
0
0
0
0
0
0
0
0
0
0
0
0
0
0
0
0
0
0
0
0
0
0
0
0
0
0
0
-0.65967
-0.70716
-0.74041
-0.71374
-0.69458
-0.71883
-0.68737
-0.67085
-0.71189
-0.69175
-0.70667
-0.70035
-0.75414
-0.711
-0.7111
-0.68534
-0.70573
-0.68631
-0.70992
-0.69575
-0.72587
-0.71405
-0.72195
-0.71466
36.1032
-0.71359
-0.67111
-0.65945
-0.70985
-0.65476
-0.65129
-0.65018
-0.60682
-0.5886
-0.64033
-0.676
-0.64995
-0.68298
-0.6173
-0.64449
-0.62724
-0.64076
-0.69953
-0.67913
-0.72398
-0.70574
-0.72786
-0.70168
-0.84222
0
0
0
0
0
0
0
0
0
0
0
0
0
0
0
0
0
-2.9993
0
0
0
0
0
0
0
0
0
0
0
0
0
0
0
0
0
0
0
0
0
0
0
0
0
0
0
0
0
0
0
0
0
0
0
0
0
0
0
0
0
0
0
0
0
0
0
0
0
0
0
0
0
0
-0.66178
-0.70593
-0.74115
-0.71333
-0.69289
-0.72459
-0.68896
-0.67082
-0.71459
-0.69221
-0.71312
-0.702
-0.75096
-0.7167
-0.70896
-0.68275
-0.70699
-0.69576
-0.7116
-0.69853
-0.72242
-0.72292
-0.72377
-0.71992
-0.71359
38.0063
-0.67667
-0.66503
-0.70196
-0.654
-0.66762
-0.65459
-0.60988
-0.59083
-0.56376
-0.67465
-0.65192
-0.67904
-0.61893
-0.6475
-0.62661
-0.64145
-0.68205
-0.67858
-0.72153
-0.69778
-0.72765
0
0
0
0
0
0
0
0
0
0
-1.6792
0
0
0
0
0
0
0
0
0
0
0
0
0
0
0
0
0
0
0
0
0
0
0
0
0
0
0
0
0
0
0
0
0
0
0
0
0
0
0
0
0
0
0
0
0
0
0
-4.7988
0
0
0
0
0
0
0
0
0
0
0
0
0
0
0
-0.63526
-0.68052
-0.71329
-0.68695
-0.66733
-0.69342
-0.65979
-0.64335
-0.68702
-0.66413
-0.68212
-0.67195
-0.72387
-0.6844
-0.66987
-0.65188
-0.67679
-0.65001
-0.68466
-0.66722
-0.69573
-0.69262
-0.6949
-0.67803
-0.67111
-0.67667
31.8068
-0.65141
-0.67153
-0.63671
-0.63355
-0.63032
-0.58641
-0.56403
-0.62697
-0.6387
-0.62357
-0.64714
-0.59063
-0.61887
-0.60557
-0.61281
-0.66134
-0.65016
-0.69726
-0.66691
-0.69848
-0.68217
-0.80931
0
0
0
0
0
0
0
0
0
0
0
0
0
0
0
0
0
0
0
0
0
0
0
0
0
0
0
0
0
0
0
0
0
0
0
0
0
0
0
0
0
0
0
0
0
0
0
0
0
0
0
0
0
0
0
0
0
0
0
0
0
0
0
0
0
0
0
0
0
0
0
0
-0.62854
-0.67194
-0.7054
-0.6784
-0.659
-0.68587
-0.65157
-0.63498
-0.67972
-0.65494
-0.67361
-0.66307
-0.71736
-0.67675
-0.65992
-0.63078
-0.66716
-0.63726
-0.67482
-0.65826
-0.68748
-0.68401
-0.67411
-0.66889
-0.65945
-0.66503
-0.65141
32.3589
-0.65976
-0.63519
-0.61665
-0.62962
-0.5802
-0.55701
-0.61082
-0.62468
-0.61731
-0.635
-0.58467
-0.61221
-0.59895
-0.60533
-0.64852
-0.6425
-0.69526
-0.6513
-0.68906
0
0
0
0
0
0
0
0
0
0
0
0
0
0
0
0
0
0
-2.4652
0
0
0
0
0
0
0
0
0
0
0
0
0
0
0
0
0
0
0
0
0
0
0
0
0
0
0
0
0
0
0
0
0
0
0
0
0
0
0
0
0
0
0
0
0
0
0
0
0
0
0
0
0
0
0
-0.65723
-0.70082
-0.73804
-0.7096
-0.69072
-0.7163
-0.68303
-0.6651
-0.7104
-0.68832
-0.70625
-0.69604
-0.74751
-0.7104
-0.70232
-0.67714
-0.69947
-0.68814
-0.70812
-0.68951
-0.71448
-0.71565
-0.71899
-0.70476
-0.70985
-0.70196
-0.67153
-0.65976
37.2882
-0.65383
-0.65679
-0.65017
-0.60479
-0.58483
-0.6417
-0.66059
-0.64479
-0.65938
-0.61069
-0.63934
-0.61705
-0.6335
-0.67001
-0.66978
-0.71977
-0.68393
-0.71508
0
0
0
0
0
0
0
0
0
0
0
0
0
0
0
0
0
0
0
0
0
0
0
0
0
0
0
0
0
0
0
0
0
0
0
0
0
0
0
0
0
0
0
0
0
0
0
0
0
0
0
0
0
0
0
0
0
0
0
0
0
0
0
0
0
0
-5.9908
0
0
0
0
0
0
0
-0.61729
-0.66118
-0.69323
-0.66705
-0.6477
-0.67726
-0.64403
-0.62741
-0.67156
-0.64813
-0.6673
-0.65607
-0.70732
-0.6692
-0.65473
-0.63785
-0.66137
-0.63508
-0.6691
-0.65177
-0.67893
-0.67672
-0.6779
-0.66258
-0.65476
-0.654
-0.63671
-0.63519
-0.65383
31.1683
-0.61635
-0.62462
-0.56958
-0.54726
-0.61118
-0.62171
-0.60679
-0.62819
-0.57186
-0.60192
-0.58878
-0.59566
-0.64333
-0.63166
-0.6751
-0.65627
-0.67495
0
0
0
0
0
0
0
0
0
0
-1.6079
0
0
0
0
0
0
0
0
0
0
0
0
0
0
0
0
0
0
0
0
0
0
0
0
0
0
0
0
0
0
0
0
0
0
0
0
0
0
0
0
0
0
0
0
0
0
0
0
0
0
0
0
0
0
0
0
0
0
0
0
0
0
0
-0.62059
-0.65941
-0.69931
-0.67203
-0.65301
-0.68031
-0.6423
-0.63152
-0.6725
-0.64902
-0.66574
-0.65844
-0.70752
-0.67197
-0.65821
-0.64011
-0.66348
-0.62674
-0.67007
-0.6527
-0.6798
-0.67688
-0.67851
-0.66745
-0.65129
-0.66762
-0.63355
-0.61665
-0.65679
-0.61635
33.2171
-0.61343
-0.5685
-0.54846
-0.58885
-0.62224
-0.60867
-0.6344
-0.57679
-0.60554
-0.5875
-0.59898
-0.6584
-0.63598
-0.67751
-0.64499
-0.67843
0
0
0
0
0
0
0
0
0
0
0
0
0
0
0
0
0
0
0
0
0
0
0
0
0
0
0
0
0
0
0
0
0
0
0
0
-3.6285
0
0
0
0
0
0
0
0
0
0
0
0
0
0
0
0
0
0
0
0
0
0
0
0
0
0
0
0
0
0
0
0
0
0
0
0
0
-0.61442
-0.65868
-0.69083
-0.66489
-0.64558
-0.67133
-0.63805
-0.62208
-0.66549
-0.64247
-0.66101
-0.65036
-0.70132
-0.66226
-0.64854
-0.63191
-0.65497
-0.62987
-0.66284
-0.64554
-0.67334
-0.6715
-0.67318
-0.65549
-0.65018
-0.65459
-0.63032
-0.62962
-0.65017
-0.62462
-0.61343
30.096
-0.55067
-0.53477
-0.60944
-0.61793
-0.59934
-0.62403
-0.56242
-0.59506
-0.58115
-0.58928
-0.63952
-0.62452
-0.66943
-0.6639
-0.66351
0
-0.78213
0
0
0
0
0
0
0
0
0
0
0
0
0
0
0
0
0
0
0
0
0
0
0
0
0
0
0
0
0
0
0
0
0
0
0
0
0
0
0
0
0
0
0
0
0
0
0
0
0
0
0
0
0
0
0
0
0
0
0
0
0
0
0
0
0
0
0
0
0
0
0
0
-0.5674
-0.6142
-0.64544
-0.62176
-0.60208
-0.62797
-0.59609
-0.58133
-0.6184
-0.60048
-0.61686
-0.60706
-0.65552
-0.61846
-0.60668
-0.58948
-0.61146
-0.58928
-0.6184
-0.60253
-0.62747
-0.62838
-0.62682
-0.61176
-0.60682
-0.60988
-0.58641
-0.5802
-0.60479
-0.56958
-0.5685
-0.55067
29.5225
-0.49486
-0.56202
-0.5694
-0.55708
-0.57025
-0.51587
-0.55096
-0.54042
-0.54984
-0.59112
-0.57853
-0.61648
0
0
0
0
0
0
0
0
0
0
0
0
0
0
0
0
0
0
0
0
0
0
0
0
0
0
0
0
-2.7486
0
0
0
0
0
0
0
0
0
0
0
0
-0.71497
0
0
0
0
0
0
0
0
0
0
0
0
0
0
0
0
0
0
0
0
0
0
0
0
0
0
0
0
0
0
0
0
0
0
-0.55595
-0.59538
-0.62611
-0.60082
-0.58301
-0.60591
-0.57474
-0.55986
-0.60232
-0.57769
-0.58178
-0.58633
-0.63549
-0.60064
-0.58456
-0.55155
-0.59242
-0.57034
-0.59628
-0.5827
-0.60902
-0.60576
-0.6087
-0.59358
-0.5886
-0.59083
-0.56403
-0.55701
-0.58483
-0.54726
-0.54846
-0.53477
-0.49486
28.3981
-0.54062
-0.55508
-0.53854
-0.55938
-0.49508
-0.53226
-0.51805
-0.53166
-0.5762
-0.55765
-0.5909
0
0
0
0
0
0
0
0
-0.81027
0
0
0
0
0
0
0
-2.4008
0
0
0
0
0
0
0
0
0
0
0
0
0
0
0
0
0
0
0
0
0
0
0
0
0
0
0
0
0
0
0
0
0
0
0
0
0
0
0
0
0
0
0
0
0
0
0
0
0
0
0
0
0
0
0
0
0
0
0
-0.61517
-0.65664
-0.6906
-0.66376
-0.64427
-0.67157
-0.63721
-0.62005
-0.66189
-0.64012
-0.66019
-0.6483
-0.69648
-0.66335
-0.64619
-0.6288
-0.65227
-0.62038
-0.65758
-0.64531
-0.66924
-0.66971
-0.66964
-0.65724
-0.64033
-0.56376
-0.62697
-0.61082
-0.6417
-0.61118
-0.58885
-0.60944
-0.56202
-0.54062
33.0206
-0.60509
-0.60035
-0.6215
-0.56849
-0.59513
-0.58086
-0.59109
-0.63148
-0.62476
-0.66979
-0.62943
0
0
0
0
0
0
0
0
0
0
0
0
0
0
0
0
0
0
0
0
0
0
0
0
0
0
0
0
0
0
0
0
0
0
0
0
0
0
0
0
0
0
0
0
0
0
0
0
0
0
0
0
0
0
0
0
0
0
0
-4.621
0
0
0
0
0
0
0
0
0
0
0
0
0
0
0
-0.63197
-0.67222
-0.70899
-0.67831
-0.66054
-0.68579
-0.65362
-0.63607
-0.68007
-0.65698
-0.67521
-0.66486
-0.71348
-0.63236
-0.6704
-0.64862
-0.67057
-0.65939
-0.67865
-0.66052
-0.68605
-0.68539
-0.68749
-0.62464
-0.676
-0.67465
-0.6387
-0.62468
-0.66059
-0.62171
-0.62224
-0.61793
-0.5694
-0.55508
-0.60509
35.3332
-0.60941
-0.63731
-0.57107
-0.60585
-0.58958
-0.60193
-0.66022
-0.63612
0
0
0
0
0
0
0
0
0
0
0
0
0
0
0
0
0
0
0
0
0
0
0
0
0
0
0
0
0
0
0
0
-3.8098
0
0
0
0
0
0
0
0
0
0
0
0
0
0
0
0
0
0
0
0
-3.7236
0
0
0
0
0
0
0
0
0
0
0
0
0
0
0
0
0
0
0
0
0
0
0
-0.61499
-0.65846
-0.69028
-0.66441
-0.64521
-0.67073
-0.6376
-0.62132
-0.66536
-0.64182
-0.66047
-0.64959
-0.70022
-0.66145
-0.64746
-0.63071
-0.65393
-0.63012
-0.66164
-0.64413
-0.67142
-0.66947
-0.67097
-0.65383
-0.64995
-0.65192
-0.62357
-0.61731
-0.64479
-0.60679
-0.60867
-0.59934
-0.55708
-0.53854
-0.60035
-0.60941
27.2256
-0.61472
-0.57747
-0.59887
-0.55441
-0.59682
-0.63453
-0.62544
0
0
0
0
0
0
0
0
0
0
0
0
0
0
0
0
0
0
0
0
0
0
0
0
0
0
0
0
0
0
0
0
0
0
0
0
0
0
0
0
0
0
0
0
0
0
0
0
0
0
0
0
0
0
0
0
0
0
0
0
0
0
0
0
0
0
0
0
0
0
0
0
0
0
0
0
0
-0.61677
-0.67731
-0.71188
-0.6823
-0.66625
-0.68875
-0.65733
-0.63561
-0.68034
-0.6612
-0.6806
-0.66922
-0.71941
-0.68224
-0.66907
-0.65215
-0.67315
-0.65913
-0.67831
-0.66818
-0.69128
-0.61694
-0.6935
-0.6746
-0.68298
-0.67904
-0.64714
-0.635
-0.65938
-0.62819
-0.6344
-0.62403
-0.57025
-0.55938
-0.6215
-0.63731
-0.61472
34.6371
-0.581
-0.60891
0
-0.60428
0
0
0
0
0
0
0
0
-0.7243
0
0
0
0
0
0
0
0
0
0
0
0
0
0
0
0
0
0
0
0
-3.0997
0
0
0
0
0
0
0
0
0
0
0
0
0
0
0
0
0
0
-4.7202
0
0
0
0
0
0
0
0
0
0
0
0
0
0
0
0
0
0
0
0
0
0
0
0
0
0
0
0
0
0
-0.58242
-0.62449
-0.6568
-0.63016
-0.61254
-0.63729
-0.60449
-0.58901
-0.629
-0.60947
-0.62732
-0.61598
-0.67737
-0.62876
-0.6158
-0.5991
-0.62149
-0.59947
-0.62756
-0.61202
-0.63596
-0.63549
-0.63299
-0.62039
-0.6173
-0.61893
-0.59063
-0.58467
-0.61069
-0.57186
-0.57679
-0.56242
-0.51587
-0.49508
-0.56849
-0.57107
-0.57747
-0.581
27.7749
-0.56554
-0.50515
-0.56149
0
0
0
0
0
0
0
0
0
0
0
0
0
0
0
0
0
0
0
0
0
0
0
0
0
0
0
0
0
0
0
0
0
0
0
0
0
0
0
0
0
0
0
0
0
0
0
0
0
0
0
0
0
0
0
0
0
0
0
0
0
-3.1751
0
0
0
0
0
0
0
0
0
0
0
0
0
0
0
0
0
-0.60859
-0.65173
-0.6828
-0.65906
-0.64003
-0.6653
-0.63249
-0.61629
-0.66027
-0.6371
-0.65516
-0.64417
-0.6958
-0.65651
-0.64326
-0.62643
-0.64946
-0.6269
-0.65602
-0.63955
-0.66683
-0.66474
-0.66584
-0.64907
-0.64449
-0.6475
-0.61887
-0.61221
-0.63934
-0.60192
-0.60554
-0.59506
-0.55096
-0.53226
-0.59513
-0.60585
-0.59887
-0.60891
-0.56554
26.6537
-0.55332
-0.60148
0
0
0
0
0
0
0
0
0
0
-0.88307
0
0
0
0
0
0
0
0
0
0
0
0
0
0
0
0
0
0
0
0
0
0
0
0
0
0
0
0
0
0
0
0
0
0
0
0
0
0
0
0
0
0
0
0
0
0
0
0
0
0
0
0
0
0
0
0
0
0
0
0
0
0
0
0
0
0
0
0
-0.58835
-0.62747
-0.66176
-0.63783
-0.61753
-0.64249
-0.60975
-0.59463
-0.63299
-0.61466
-0.63155
-0.62176
-0.66534
-0.63508
-0.62204
-0.60537
-0.6284
-0.60694
-0.63374
-0.61741
-0.63929
-0.6426
-0.63788
-0.62921
-0.62724
-0.62661
-0.60557
-0.59895
-0.61705
-0.58878
-0.5875
-0.58115
-0.54042
-0.51805
-0.58086
-0.58958
-0.55441
0
-0.50515
-0.55332
29.0923
-0.5534
0
0
0
0
0
0
0
-0.68338
0
0
0
0
0
0
0
0
0
0
0
0
0
0
0
0
0
0
0
0
0
0
0
0
0
0
0
0
0
0
0
0
0
0
0
0
0
0
0
0
0
0
0
0
0
0
0
0
-4.1368
0
0
0
0
0
0
0
0
0
0
0
0
0
0
0
0
0
0
0
0
0
0
-0.60713
-0.64952
-0.68077
-0.65512
-0.63601
-0.66134
-0.62841
-0.61218
-0.65633
-0.63306
-0.6511
-0.64006
-0.69033
-0.65144
-0.63759
-0.62087
-0.64405
-0.62116
-0.6518
-0.63439
-0.66105
-0.66025
-0.66079
-0.64268
-0.64076
-0.64145
-0.61281
-0.60533
-0.6335
-0.59566
-0.59898
-0.58928
-0.54984
-0.53166
-0.59109
-0.60193
-0.59682
-0.60428
-0.56149
-0.60148
-0.5534
25.5972
0
0
0
0
0
0
0
0
0
0
0
0
0
0
0
0
0
0
0
0
0
0
0
0
0
0
0
0
0
0
0
0
0
0
0
0
0
0
0
0
0
0
0
0
0
0
0
0
0
0
0
0
0
0
0
0
0
0
0
0
0
0
0
0
0
0
0
0
0
0
0
0
0
0
0
0
0
0
0
-0.64141
-0.68557
-0.72136
-0.69451
-0.67416
-0.7012
-0.66807
-0.65067
-0.68619
-0.6502
-0.68943
-0.68096
-0.73417
-0.69704
-0.6842
-0.66188
-0.6863
-0.68098
-0.68846
-0.67661
-0.70371
-0.70082
-0.70423
-0.68125
-0.69953
-0.68205
-0.66134
-0.64852
-0.67001
-0.64333
-0.6584
-0.63952
-0.59112
-0.5762
-0.63148
-0.66022
-0.63453
0
0
0
0
0
35.8074
0
0
0
0
0
0
0
0
0
0
0
0
0
0
0
0
0
0
0
0
0
0
0
0
0
0
0
-3.0769
0
0
0
0
0
0
0
0
0
-3.5857
0
0
0
0
0
0
0
0
0
0
0
0
0
0
0
0
0
0
0
-4.3053
0
0
0
0
0
0
0
0
0
0
0
0
0
0
0
0
0
0
0
0
-0.64093
-0.68567
-0.71825
-0.69157
-0.67178
-0.69827
-0.66405
-0.64727
-0.69262
-0.66891
-0.68738
-0.67632
-0.72768
-0.68825
-0.67387
-0.65679
-0.68044
-0.65759
-0.68902
-0.67014
-0.69939
-0.69857
-0.69879
-0.68052
-0.67913
-0.67858
-0.65016
-0.6425
-0.66978
-0.63166
-0.63598
-0.62452
-0.57853
-0.55765
-0.62476
-0.63612
-0.62544
0
0
0
0
0
0
24.5989
0
0
0
0
0
0
0
0
0
0
0
0
0
0
0
0
0
0
0
0
0
0
0
0
0
0
0
0
0
0
0
0
0
0
0
0
0
0
0
0
0
0
0
0
0
0
0
0
0
0
0
0
0
0
0
0
0
0
0
0
0
0
0
0
0
0
0
0
0
0
0
0
0
0
0
0
0
-0.68184
-0.72612
-0.76195
-0.73464
-0.71427
-0.74016
-0.7062
-0.68888
-0.72769
-0.71225
-0.72925
-0.71959
-0.77203
-0.73454
-0.71985
-0.70033
-0.72392
-0.70341
-0.73159
-0.71353
-0.73989
-0.74198
-0.74193
-0.72623
-0.72398
-0.72153
-0.69726
-0.69526
-0.71977
-0.6751
-0.67751
-0.66943
-0.61648
-0.5909
-0.66979
0
0
0
0
0
0
0
0
0
30.7762
0
0
0
0
0
0
0
0
0
0
0
0
0
0
0
0
0
0
0
0
0
0
0
0
0
0
0
0
0
0
0
0
0
0
0
0
0
0
0
0
0
0
0
0
0
0
0
0
0
0
0
0
0
0
0
0
0
0
0
0
0
0
0
0
0
0
0
0
0
0
0
-5.9271
0
0
0
0
-0.64832
-0.69268
-0.72952
-0.70449
-0.68237
-0.70927
-0.6701
-0.65929
-0.69403
-0.68375
-0.69937
-0.69223
-0.74089
-0.70949
-0.69586
-0.67491
-0.69671
-0.68572
-0.69965
-0.68588
-0.71221
-0.71094
-0.71275
-0.70174
-0.70574
-0.69778
-0.66691
-0.6513
-0.68393
-0.65627
-0.64499
-0.6639
0
0
-0.62943
0
0
0
0
0
0
0
0
0
0
34.0134
0
0
0
0
0
0
0
0
0
0
0
0
0
0
-1.8743
0
0
0
0
0
0
0
0
0
0
0
0
0
0
0
0
0
0
0
0
0
0
0
0
0
0
0
0
0
0
0
0
0
0
0
0
0
0
0
-4.2645
0
0
0
0
0
0
0
0
-5.1822
0
0
0
0
0
0
0
0
0
0
0
-0.64293
-0.73488
-0.77063
-0.73893
-0.72005
-0.74706
-0.71227
-0.69486
-0.73921
-0.71736
-0.73496
-0.72438
-0.77729
-0.74276
-0.72324
-0.70518
-0.72935
-0.70603
-0.73573
-0.71859
-0.74765
-0.68471
-0.74527
-0.73452
-0.72786
-0.72765
-0.69848
-0.68906
-0.71508
-0.67495
-0.67843
-0.66351
0
0
0
0
0
0
0
0
0
0
0
0
0
0
26.6974
0
0
0
0
0
0
0
0
0
0
0
0
0
0
0
0
0
0
0
0
0
0
0
0
0
0
0
0
0
0
-3.6945
0
0
0
0
0
0
0
0
0
0
0
0
0
0
0
0
0
0
0
0
0
0
0
0
0
0
0
0
0
0
0
0
0
0
0
0
0
0
0
0
0
0
0
-0.65174
-0.7014
-0.73741
-0.71208
-0.69063
-0.71566
-0.68206
-0.66781
-0.69773
-0.68751
-0.68566
-0.69617
-0.74637
-0.71311
-0.70061
-0.65696
-0.70329
-0.68297
-0.70519
-0.69126
-0.71843
0
0
-0.7081
-0.70168
0
-0.68217
0
0
0
0
0
0
0
0
0
0
0
0
0
0
0
0
0
0
0
0
25.1666
0
0
0
0
0
0
0
0
0
0
0
0
0
-2.3693
0
0
0
0
0
0
0
0
0
0
0
-2.6716
0
0
0
0
0
0
0
0
0
0
0
0
0
0
0
0
0
0
0
0
0
0
0
0
0
0
0
0
0
0
0
0
0
0
0
0
0
0
-3.3897
0
0
0
0
0
0
0
0
-0.80325
-0.84871
-0.88544
-0.85612
-0.83381
-0.86428
-0.82572
-0.80714
-0.85747
-0.8301
-0.85128
-0.83853
-0.89925
-0.85431
-0.83612
-0.79778
-0.84208
-0.81678
-0.85334
-0.83269
-0.86579
0
0
-0.84584
-0.84222
0
-0.80931
0
0
0
0
-0.78213
0
0
0
0
0
0
0
0
0
0
0
0
0
0
0
0
23.4909
0
0
0
0
0
0
0
0
0
0
0
0
0
0
0
0
-2.5115
0
0
0
0
0
0
0
0
0
0
0
0
0
0
0
0
0
0
0
0
0
0
0
0
0
0
0
0
0
0
0
0
0
0
0
0
0
0
0
0
0
0
0
0
0
0
0
0
0
0
0
0
0
0
0
-0.72755
-0.76976
-0.8105
-0.78507
-0.76113
-0.78862
-0.75476
-0.73823
-0.75791
-0.76512
-0.7704
-0.77135
-0.81733
-0.78908
-0.77391
0
-0.77477
-0.75449
0
-0.76192
0
0
0
0
0
0
0
0
0
0
0
0
0
0
0
0
0
0
0
0
-0.68338
0
0
0
0
0
0
0
0
23.7008
0
0
0
0
0
0
0
0
0
0
0
0
0
0
0
0
0
0
0
-2.72
0
0
0
0
0
0
0
0
0
0
0
0
0
0
-3.4437
-2.9818
0
0
0
0
0
0
0
0
0
0
0
0
0
0
0
0
0
0
0
0
0
0
0
0
0
0
0
0
0
0
0
0
0
0
0
-0.71386
-0.75904
-0.80248
-0.70705
-0.75309
-0.77119
-0.743
-0.71391
-0.73925
-0.75094
-0.77683
-0.75945
-0.81149
-0.77677
-0.76478
-0.74887
-0.76703
-0.74499
0
0
0
0
0
0
0
0
0
0
0
0
0
0
0
0
0
0
0
-0.7243
0
0
0
0
0
0
0
0
0
0
0
0
23.0992
0
0
0
0
0
0
0
0
-1.8431
0
0
0
0
0
0
0
0
0
0
0
0
0
0
-3.3347
0
0
0
0
0
0
0
0
0
0
0
0
0
0
0
0
0
0
0
0
0
0
0
0
0
0
0
-3.593
0
0
0
0
0
0
0
0
0
0
0
0
0
0
0
0
0
0
-0.97434
-1.0263
-1.0663
-1.0357
-1.0111
-1.0425
-1.0024
-0.98103
-1.0228
-1.0032
-1.0316
-1.0145
-1.0618
-1.0353
-1.0148
0
-0.93247
-0.99212
0
-1.0077
0
0
0
0
0
0
0
0
0
0
0
0
0
0
0
0
0
0
0
0
0
0
0
0
0
0
0
0
0
0
0
22.2821
0
0
0
0
0
0
0
0
0
0
0
0
0
0
0
0
0
0
0
0
0
0
0
0
0
0
0
0
0
0
0
0
0
0
0
0
0
0
0
0
-4.026
0
0
0
0
0
0
0
0
0
0
0
0
0
0
0
0
0
0
0
0
0
0
0
0
0
0
0
0
-0.85955
-0.90722
-0.93611
-0.96673
-0.94202
-0.97276
-0.93557
-0.91514
-0.96324
-0.94075
-0.95984
-0.94663
0
-0.98075
0
0
0
0
-0.96008
0
0
0
0
0
0
0
0
0
0
0
0
0
0
0
0
0
0
0
0
-0.88307
0
0
0
0
0
0
0
0
0
0
0
0
19.359
0
0
0
0
0
0
0
0
0
0
0
0
0
-2.6465
-2.6431
0
0
0
0
0
0
0
0
0
0
0
0
0
0
0
0
0
0
0
0
0
0
0
0
0
0
0
0
0
0
0
0
0
0
0
0
0
0
0
0
0
0
0
0
0
0
0
0
0
0
0
0
0
-0.91297
-0.96557
-1.0049
-0.9734
-0.95056
-0.98193
-0.94353
-0.92112
0
-0.89653
-0.96531
-0.95476
0
0
-0.95775
-0.93159
0
0
0
0
0
-0.97504
0
0
0
0
0
0
0
0
0
0
0
-0.81027
0
0
0
0
0
0
0
0
0
0
0
0
0
0
0
0
0
0
0
20.9161
0
0
0
0
0
0
0
0
0
0
0
0
0
0
0
0
-2.8542
0
0
0
0
0
0
0
0
0
0
0
0
0
0
0
0
0
0
0
0
0
0
0
0
0
0
0
0
-3.9167
0
0
0
0
0
0
0
0
0
0
0
0
0
0
0
0
0
0
0
0
0
-1.498
-1.5542
-1.5948
-1.5663
-1.5352
-1.5752
-1.5299
-1.5012
-1.5649
-1.5369
-1.5618
-1.5458
0
0
0
0
0
0
0
0
0
0
0
0
0
0
0
0
0
0
0
0
0
0
0
0
0
0
0
0
0
0
0
0
0
0
0
0
0
0
0
0
0
0
18.5643
0
0
0
0
0
0
0
0
0
0
0
0
0
0
0
0
0
0
0
0
0
0
0
0
0
0
0
0
0
0
0
0
0
0
0
0
0
0
0
0
0
0
0
0
0
0
0
0
0
0
0
0
0
0
0
0
0
0
0
0
0
0
0
0
0
0
-1.2684
-1.3149
-1.3666
-1.3373
-1.3084
-1.3434
-1.2977
-1.2756
0
-1.3085
0
0
0
0
0
0
0
0
0
0
0
0
0
0
0
0
0
0
0
0
0
0
0
0
0
0
0
0
0
0
0
0
0
0
0
0
0
0
0
0
0
0
0
0
0
19.0147
0
0
0
0
0
0
0
0
0
0
0
0
0
0
0
0
0
0
0
-3.3344
0
0
0
0
0
0
0
0
0
0
0
0
0
0
0
0
0
0
0
0
0
0
0
0
0
0
-3.8596
0
0
0
0
0
0
0
0
0
0
0
0
0
0
0
0
0
0
-1.4915
-1.5675
-1.5927
-1.5596
-1.53
-1.567
-1.5155
-1.4906
0
-1.5369
0
0
0
0
0
0
0
0
0
0
0
0
0
0
0
0
0
0
0
0
0
0
0
0
0
0
0
0
0
0
0
0
0
0
0
0
0
0
0
0
0
0
0
0
0
0
16.7244
0
0
0
0
0
-2.873
0
0
0
0
0
0
0
0
0
0
0
0
0
0
0
0
0
0
0
0
0
0
0
0
0
0
0
0
0
0
0
0
0
0
0
0
0
0
0
0
0
0
0
0
0
0
0
0
0
0
0
0
0
0
0
0
0
0
-1.6457
-1.6826
-1.7442
-1.7061
-1.677
0
0
0
0
0
0
0
0
0
0
0
0
0
0
0
0
0
0
0
0
-1.6792
0
0
0
-1.6079
0
0
0
0
0
0
0
0
0
0
0
0
0
0
0
0
0
0
0
0
0
0
0
0
0
0
0
15.0871
0
0
0
0
0
0
0
0
0
0
0
0
0
0
0
0
0
0
0
0
0
0
0
0
0
0
0
0
0
0
-3.3443
0
0
0
0
0
0
0
0
0
0
0
0
0
0
0
0
0
0
0
0
0
0
0
0
0
0
0
0
0
0
0
0
0
0
0
0
0
0
0
0
0
0
0
0
0
0
0
0
0
0
0
0
-1.4225
0
0
0
0
0
0
0
0
0
0
0
0
0
0
0
0
0
0
0
0
0
0
0
0
0
0
0
0
0
0
0
0
0
0
0
0
0
26.9743
0
0
0
0
0
0
0
0
0
0
0
0
0
-2.2889
0
-3.7421
0
0
0
0
0
0
-3.2248
0
0
0
0
0
0
0
0
0
-3.9593
0
0
0
-3.645
0
0
-4.2472
0
0
0
0
0
0
0
0
0
0
0
0
0
0
0
0
0
0
0
-4.4445
0
0
0
0
0
0
0
-2.0666
0
-1.9855
0
0
0
0
0
0
0
0
0
0
0
0
0
0
0
0
0
0
0
0
0
0
0
0
0
0
0
0
0
0
0
0
0
0
0
0
0
0
0
0
0
0
-1.8431
0
0
0
0
0
0
0
0
15.7933
0
0
-2.8138
0
0
0
0
0
0
0
0
-3.0595
0
0
0
0
0
0
0
0
0
0
0
0
0
0
0
0
0
0
0
0
0
0
0
0
0
0
0
0
0
0
0
0
0
0
-4.0247
0
0
0
0
0
0
0
0
0
0
0
0
0
0
0
0
0
0
0
0
-1.9573
0
0
0
0
0
0
0
0
0
0
0
0
0
0
0
0
0
0
0
0
0
0
0
0
0
0
0
0
0
0
0
0
0
0
0
0
0
0
-1.8743
0
0
0
0
0
0
0
0
0
0
0
0
0
0
17.4924
0
-3.0897
0
0
0
0
0
0
0
0
0
0
0
0
0
0
0
0
-3.2649
0
0
0
-3.7227
0
0
0
-3.5836
0
0
0
0
0
0
0
0
0
0
0
0
0
0
0
0
0
0
0
0
0
0
0
0
0
0
0
0
0
0
0
0
0
0
0
0
0
0
0
0
0
0
0
-2.6606
0
0
0
0
-2.6037
0
0
0
0
0
0
0
0
0
0
0
0
0
0
0
0
0
-2.4008
0
0
0
0
0
0
0
0
0
0
0
0
0
-2.3693
0
0
0
0
0
0
0
0
0
0
0
0
0
13.7263
0
0
0
0
0
0
0
0
0
0
0
0
0
0
0
0
0
0
0
0
0
0
-3.692
0
0
0
0
0
0
0
0
0
0
0
0
0
0
0
0
0
0
0
0
0
0
0
0
0
0
0
0
0
0
0
0
0
0
0
0
0
0
0
0
0
0
0
0
-2.7897
0
0
0
0
0
0
0
0
0
0
0
0
0
0
0
0
0
0
0
0
0
0
0
0
0
0
0
0
0
0
0
0
0
0
0
0
0
0
0
0
0
0
0
0
0
0
0
-2.873
0
0
-2.8138
-3.0897
0
15.0818
0
0
0
0
0
-3.5156
0
0
0
0
0
0
0
0
0
0
0
0
0
0
0
0
0
0
0
0
0
0
0
0
0
0
0
0
0
0
0
0
0
0
0
0
0
0
0
0
0
0
0
0
0
0
0
0
0
0
0
0
0
0
0
0
0
0
0
0
0
0
0
0
0
0
0
0
0
0
0
0
0
0
0
0
0
0
0
0
0
0
0
0
0
0
0
0
0
0
0
0
0
0
0
0
0
0
0
0
0
0
0
0
0
0
0
0
0
0
0
0
0
0
0
16.1571
0
-2.953
0
0
-3.4649
-3.5011
-3.2968
0
0
0
0
0
0
0
-2.9414
0
0
0
0
0
0
0
0
0
0
0
0
0
0
0
0
0
0
0
0
0
0
0
0
0
0
0
0
0
0
0
0
0
0
0
0
0
0
0
0
0
0
-2.39
-2.4064
-2.4531
0
-2.3869
0
0
0
0
0
0
0
0
0
0
0
0
0
0
0
0
0
0
0
0
0
0
0
0
0
0
0
0
0
0
0
0
0
0
0
0
0
0
0
0
0
0
0
0
0
0
0
0
0
0
0
0
0
0
0
0
0
0
0
13.9219
0
0
0
0
0
0
0
0
0
0
0
0
0
0
0
0
0
0
0
0
0
0
0
0
0
0
0
0
0
0
0
0
0
0
0
0
-4.2854
0
0
0
0
0
0
0
0
0
0
0
0
0
0
0
0
0
0
0
0
0
0
0
0
0
0
0
0
0
0
0
0
0
0
-2.5162
0
0
0
0
0
0
-2.5943
0
0
0
0
-2.4652
0
0
0
0
0
0
0
0
0
0
0
0
0
0
0
0
0
0
0
0
-2.5115
0
0
0
0
0
0
0
0
0
0
0
0
0
0
-2.953
0
13.04
0
0
0
0
0
0
0
0
0
0
0
0
0
0
0
0
0
0
0
0
0
0
0
0
0
0
0
0
0
0
0
0
0
0
0
0
0
0
0
0
0
0
0
0
0
0
0
0
0
0
0
0
0
0
0
0
0
0
0
0
0
0
0
0
0
0
0
0
0
0
0
0
0
0
0
0
0
0
0
-2.9993
0
0
0
0
0
0
0
0
0
0
0
0
0
0
0
0
0
0
0
0
0
0
0
0
0
0
0
-2.6465
0
0
0
0
0
0
0
0
0
0
0
0
0
13.5335
0
-3.5149
0
0
0
-3.5675
0
0
0
0
0
0
0
0
0
0
0
0
0
0
0
0
0
0
0
0
0
0
0
0
0
0
0
0
0
0
0
0
0
0
0
0
0
0
0
0
0
0
0
0
-0.80533
0
0
0
-3.2723
-3.3212
-3.3494
0
0
0
0
0
0
0
0
0
0
0
0
0
0
0
0
0
0
0
0
0
0
0
0
0
0
0
0
0
0
0
0
0
0
0
0
0
0
0
0
0
0
0
0
0
0
0
0
0
-2.6431
0
0
0
0
0
0
0
0
0
0
0
0
0
0
12.586
0
0
0
0
0
0
0
0
0
0
0
0
0
0
0
0
0
0
0
0
0
0
0
0
0
0
0
0
0
0
0
0
0
0
0
0
0
0
0
0
0
0
0
0
0
0
0
0
0
0
0
0
0
0
0
0
0
0
0
0
0
0
0
0
0
0
0
0
0
0
0
0
0
0
-3.0231
0
0
0
0
0
0
0
0
0
0
0
0
0
0
0
0
0
0
0
0
0
0
0
0
0
0
0
0
0
0
0
0
0
0
0
0
0
0
0
0
-3.5156
-3.4649
0
0
-3.5149
0
13.5184
0
0
0
0
0
0
0
0
0
0
0
0
0
0
0
0
0
0
0
0
0
0
0
0
0
0
0
0
0
0
0
0
0
0
0
0
0
0
0
0
0
0
0
0
0
0
0
0
0
0
0
0
0
0
0
0
0
0
0
0
0
0
0
0
0
0
0
0
0
0
0
0
0
0
-3.0868
0
0
0
0
0
0
0
0
0
0
0
0
0
0
0
0
0
0
0
0
0
0
0
0
0
0
-2.72
0
0
0
0
0
0
0
0
0
0
0
0
0
-3.5011
0
0
0
0
0
12.2496
0
0
0
0
0
0
0
0
0
0
0
0
0
0
0
0
-2.9417
0
0
0
0
0
0
0
0
0
0
0
0
0
0
0
0
0
0
0
0
0
0
0
0
0
0
0
0
0
0
0
0
0
0
0
0
0
0
0
0
0
0
0
-3.2236
0
0
0
0
0
0
0
0
0
0
0
0
0
0
0
0
0
0
0
0
0
0
0
0
0
0
0
0
0
0
0
0
-3.0769
0
0
0
0
0
0
0
0
0
0
-2.8542
0
0
0
0
0
0
0
0
0
-3.2968
0
0
0
0
0
0
12.4515
0
0
0
0
0
0
0
0
0
0
0
0
0
0
0
0
0
0
0
0
0
0
0
0
0
0
0
0
0
0
0
0
0
0
0
0
0
0
0
0
0
0
0
0
0
0
0
0
0
0
-3.2656
0
0
0
0
0
0
0
0
0
0
0
0
0
0
0
0
0
0
0
0
0
0
0
0
0
0
0
0
0
0
0
0
0
0
0
0
-3.0997
0
0
0
0
0
0
0
0
0
0
0
0
0
0
0
0
0
0
0
0
0
-3.0595
0
0
0
0
0
0
0
0
0
0
0
12.9939
0
-3.5691
0
0
0
0
0
0
0
0
0
0
0
0
0
0
0
0
0
0
0
0
0
0
0
0
0
0
0
0
0
0
0
0
0
0
0
0
0
0
0
0
0
0
0
0
0
0
0
0
0
0
0
0
0
0
0
0
0
0
0
0
0
0
0
0
0
0
0
0
0
0
0
0
0
0
0
0
0
0
0
0
0
0
0
0
0
0
0
0
0
0
0
0
0
0
0
0
0
0
0
0
0
0
0
0
0
-2.2889
0
0
0
0
0
0
0
-3.5675
0
0
0
0
0
15.0947
0
0
0
0
0
0
0
0
0
0
0
0
0
0
0
-3.9896
0
0
0
0
0
0
0
0
0
0
0
0
0
0
0
0
0
0
0
0
0
0
0
0
0
0
-5.2486
0
0
0
0
0
0
0
0
0
0
0
0
0
0
0
0
0
0
0
0
0
0
0
0
0
0
0
0
0
0
0
0
0
0
0
0
0
-2.7486
0
0
0
0
0
0
0
0
0
0
0
0
0
0
-2.6716
0
0
0
0
0
0
0
0
0
0
0
0
0
0
0
0
0
0
0
0
0
0
0
-3.5691
0
13.9831
0
0
0
0
0
0
0
0
0
0
0
0
0
0
0
0
0
0
0
0
0
0
0
0
0
0
0
-4.9939
0
0
0
0
0
0
0
0
0
0
0
0
0
0
0
0
0
0
0
0
0
0
-4.0736
0
0
0
0
0
0
0
0
0
0
0
0
0
0
0
0
0
0
0
0
0
0
0
0
0
0
0
0
0
0
0
0
0
0
0
0
0
0
0
0
0
0
0
0
0
0
-3.3347
0
0
0
0
0
0
0
-3.7421
0
0
0
0
0
0
0
0
0
0
0
0
0
0
0
11.1504
0
0
0
0
0
0
0
0
0
0
0
0
0
0
0
0
0
0
0
0
0
0
0
0
0
0
0
0
0
0
0
0
0
0
0
0
0
0
0
0
0
0
0
0
0
0
0
0
0
0
0
0
0
0
0
0
0
0
0
0
0
0
0
0
0
0
0
0
0
0
0
0
0
0
0
0
0
0
0
0
0
0
0
0
0
0
0
0
0
0
0
0
0
0
0
0
0
0
0
0
0
-3.3344
0
0
0
0
0
0
0
0
0
0
0
0
0
0
0
0
0
0
0
12.0256
0
0
0
0
0
0
0
0
0
-4.1926
0
0
0
0
0
0
0
0
0
0
0
0
0
0
0
0
0
0
0
0
0
-4.4986
0
0
0
0
0
0
0
0
0
0
0
0
0
0
0
0
0
0
0
0
0
0
0
0
0
0
-4.0221
0
0
0
0
0
0
0
0
0
-3.9516
0
0
0
0
0
0
0
0
0
0
0
-3.8098
0
0
0
0
0
0
0
0
0
0
0
0
0
0
0
0
0
0
0
0
0
0
0
0
0
0
0
0
0
0
0
0
0
0
0
0
0
0
0
0
11.7835
0
0
0
0
0
0
0
0
0
0
0
0
0
0
0
0
0
0
0
0
0
0
0
0
0
0
0
0
0
0
0
0
0
0
0
0
0
0
0
0
0
0
0
0
-4.1847
0
0
0
0
0
0
0
0
0
0
0
0
0
0
0
0
0
0
0
0
-4.1298
0
0
0
0
0
0
0
0
0
0
0
0
0
0
0
0
0
0
0
0
0
0
0
0
-3.6945
0
0
0
0
0
0
0
0
0
0
0
0
0
0
0
0
0
0
0
0
0
0
0
0
0
0
0
0
0
0
12.009
0
0
0
0
0
0
0
0
0
0
0
0
0
0
0
0
0
0
0
0
0
0
0
0
0
0
0
0
0
0
0
0
0
0
0
0
0
0
0
0
0
0
0
0
0
0
0
0
0
0
0
0
0
0
-1.7787
0
0
0
0
0
0
0
0
0
0
0
0
0
0
0
0
0
0
0
0
0
0
0
0
0
0
0
0
0
0
0
0
0
0
0
0
0
0
0
0
0
0
0
0
0
0
0
0
0
0
0
-2.9414
0
0
0
0
0
0
0
0
0
0
0
0
0
0
9.8557
0
0
0
0
0
0
0
0
0
0
0
0
0
0
0
0
0
0
0
0
0
0
0
0
0
0
0
0
0
0
0
0
0
0
0
0
0
0
0
0
0
-5.1357
0
0
0
0
0
0
0
0
0
0
0
0
0
0
0
0
0
0
0
0
0
0
0
0
0
0
0
0
0
0
0
0
0
0
0
0
0
0
0
0
0
0
0
0
0
0
0
0
0
0
0
0
0
0
0
0
0
0
0
0
-3.2649
0
0
0
0
0
0
0
0
0
0
0
0
0
0
0
0
0
0
12.6866
0
0
0
0
0
0
0
0
0
0
0
-4.7458
0
-4.6759
0
0
0
0
0
0
0
0
0
0
0
0
0
0
0
0
0
0
0
0
0
0
0
0
0
0
0
0
0
0
0
0
0
0
0
0
0
0
0
0
0
0
0
0
0
0
0
0
0
0
0
0
0
0
0
0
0
0
0
0
0
0
0
0
0
0
0
0
0
-3.5857
0
0
0
0
0
0
0
0
0
0
0
0
0
0
0
0
0
0
0
0
0
0
0
0
0
0
0
0
0
0
0
0
0
0
0
0
0
12.0353
0
0
0
-4.2567
0
0
-4.1929
0
0
0
0
0
0
0
0
0
0
0
0
0
0
0
0
0
0
0
0
0
0
0
0
0
0
0
0
0
0
0
0
0
0
0
0
0
0
0
0
0
0
0
0
0
-3.7134
0
0
0
0
0
0
0
0
0
0
0
0
0
0
0
0
0
0
0
0
0
0
0
0
0
0
0
0
0
0
0
0
0
0
0
0
0
0
0
0
0
0
0
0
0
-3.2248
0
0
0
0
0
0
0
0
0
0
0
0
0
0
0
0
0
0
0
0
0
0
10.9897
0
0
0
0
0
0
0
0
0
0
0
0
0
0
0
0
0
0
0
0
0
0
-4.0515
0
0
0
0
0
0
0
0
0
0
0
0
0
0
0
0
0
-3.3096
0
0
0
0
0
0
0
0
0
0
0
0
0
0
0
0
0
0
0
0
0
0
0
0
0
0
0
0
0
0
0
0
0
0
0
0
0
0
0
0
0
0
0
0
0
0
0
0
0
0
0
0
0
0
0
0
0
0
0
0
0
0
0
0
0
0
0
0
0
0
0
0
0
0
0
0
0
0
0
0
12.2447
-4.0491
0
0
0
0
0
0
0
0
0
0
0
0
0
0
0
0
0
0
0
0
0
0
-4.8861
0
0
0
0
0
0
0
0
0
0
0
0
0
0
0
0
0
0
0
0
0
0
0
0
0
0
0
0
0
0
0
0
0
0
0
0
0
0
0
0
0
0
0
0
-3.6285
0
0
0
0
0
0
0
0
0
0
0
0
0
0
0
0
0
0
0
0
0
0
0
0
0
0
0
0
0
-3.7227
0
0
0
0
0
0
0
0
0
0
0
0
0
0
0
0
0
0
0
0
0
-4.0491
11.4003
0
0
0
0
0
0
0
0
0
0
0
0
0
0
0
0
0
0
0
0
0
0
0
0
0
0
0
0
0
0
0
0
0
0
0
0
0
0
0
0
0
0
0
0
0
0
0
0
0
0
0
0
0
0
0
0
0
0
0
0
0
0
0
0
0
0
0
0
0
0
0
0
0
0
0
0
0
0
0
0
0
0
0
0
0
0
-3.4437
0
0
0
0
0
0
0
0
0
0
0
-3.692
0
0
0
0
0
0
0
0
0
0
0
0
0
0
0
0
0
0
-4.2567
0
0
0
11.3924
0
0
0
0
0
0
0
0
0
0
0
0
0
0
0
0
0
0
0
0
0
0
0
0
0
0
0
0
0
0
0
0
0
0
0
0
0
0
0
0
0
0
0
0
0
0
0
0
0
0
0
0
0
0
0
0
0
0
0
0
0
0
0
0
0
0
0
0
0
0
0
0
0
0
0
0
0
0
0
0
0
0
0
0
0
-2.9818
0
0
0
0
0
0
0
0
0
0
0
0
0
0
0
0
0
0
0
0
0
0
0
0
0
-4.1926
0
0
0
0
0
0
0
0
0
11.6917
0
0
0
-4.5174
0
0
0
0
0
0
0
0
0
0
0
0
0
0
0
0
0
0
0
0
0
0
0
0
0
0
0
0
0
0
0
0
0
0
0
0
0
0
0
0
0
0
0
0
0
0
0
0
0
0
0
0
0
0
0
0
0
0
0
0
0
0
0
-0.71497
0
0
0
0
0
0
0
0
0
0
0
0
0
0
0
0
0
0
0
0
0
0
0
0
0
0
0
0
0
0
0
0
0
0
0
0
-2.9417
0
0
0
0
0
0
0
0
0
0
0
0
0
0
0
0
9.2855
0
0
0
0
0
0
0
0
0
0
0
0
0
0
0
0
0
0
0
0
0
0
0
0
-5.6289
0
0
0
0
0
0
0
0
0
0
0
0
0
0
0
0
0
-3.8224
0
0
0
0
0
0
0
0
0
0
0
0
0
0
0
0
0
0
0
0
0
0
0
0
0
0
0
0
0
0
0
0
0
0
0
0
0
0
0
0
0
0
0
0
0
0
0
0
0
0
0
-3.5836
0
0
0
0
0
0
0
0
0
0
0
0
0
0
0
0
0
0
0
-4.1929
0
0
0
0
0
0
11.5989
0
0
0
0
0
0
0
0
0
0
0
0
0
0
0
0
0
0
0
0
0
0
0
0
0
0
0
0
0
0
0
0
0
0
0
0
0
0
0
0
0
0
0
0
0
0
0
0
0
0
0
0
0
0
0
0
0
0
0
0
0
0
0
0
0
0
0
0
0
0
0
0
0
0
0
0
0
0
0
0
0
0
0
0
0
0
0
0
0
0
-3.3443
0
0
0
0
0
0
0
0
0
0
0
0
0
0
-3.9896
0
0
0
0
0
0
0
0
0
0
0
0
0
0
0
11.9192
0
0
0
0
0
-4.5852
0
0
0
0
0
0
0
0
0
0
0
0
0
0
0
0
0
0
0
0
0
0
0
0
0
0
0
0
0
0
0
0
0
0
-4.3329
0
0
0
0
0
0
0
0
0
0
0
0
0
0
0
0
0
0
0
0
0
0
0
0
0
0
0
0
0
0
0
0
0
0
0
0
0
0
0
0
0
0
0
0
0
0
0
0
0
0
0
0
0
0
0
0
0
0
0
0
0
0
0
0
0
0
0
0
0
0
0
0
0
0
0
0
-4.5174
0
0
0
8.8502
0
0
0
0
0
0
0
0
0
0
0
0
0
0
0
0
0
0
0
0
0
0
0
0
0
0
0
0
0
0
0
0
0
0
0
0
0
0
0
0
0
0
0
0
0
0
0
0
0
0
0
0
-4.9931
0
0
0
0
0
0
0
0
0
0
0
0
0
0
0
-4.7202
0
0
0
0
0
0
0
0
0
0
0
0
0
0
0
0
0
0
0
0
0
0
0
0
0
0
0
0
0
0
0
0
0
0
0
0
0
0
0
0
0
0
0
0
0
0
0
0
0
0
0
0
9.7133
0
0
0
0
0
0
0
0
0
0
0
0
0
0
0
0
0
0
0
0
0
0
0
0
0
0
0
0
0
0
0
0
0
0
0
0
0
0
0
0
0
0
0
0
0
0
0
0
0
0
0
0
0
0
0
0
0
0
0
0
0
0
0
0
0
0
0
0
0
0
0
0
0
0
0
0
0
0
0
0
0
0
0
0
0
0
0
0
-3.9593
0
0
0
0
0
0
0
0
0
0
0
0
0
0
0
0
0
0
0
0
-4.7458
0
0
0
0
0
0
0
0
0
0
0
8.7051
0
0
0
0
0
0
0
0
0
0
0
0
0
0
0
0
0
0
0
0
0
0
0
0
0
0
0
0
0
0
0
0
0
0
0
0
0
0
0
0
0
0
0
0
0
-4.3802
0
0
0
0
0
0
0
0
0
0
0
0
0
0
0
0
0
0
0
0
0
0
0
0
0
0
0
0
0
0
0
0
0
0
-4.026
0
0
0
0
0
0
0
0
0
0
0
0
0
0
0
0
0
0
0
0
0
0
0
0
0
0
0
0
0
0
0
0
0
0
0
0
0
0
0
0
8.4063
0
0
0
0
0
0
0
0
0
0
0
0
0
0
0
0
0
0
0
0
0
0
0
0
0
0
0
0
0
0
0
0
0
0
0
0
0
0
0
0
0
0
0
0
0
0
0
0
0
0
-4.1294
0
0
0
0
0
0
0
0
0
0
0
0
0
0
0
0
0
0
0
0
0
0
0
0
0
0
0
0
0
0
0
0
0
0
0
0
0
0
0
0
0
0
0
0
0
0
0
0
0
0
0
0
0
0
0
0
-4.6759
0
0
0
0
0
0
0
0
0
0
0
0
0
8.8053
0
0
0
0
0
0
0
0
0
0
0
0
0
0
0
0
0
0
0
0
0
0
0
0
0
0
0
0
-4.7906
0
0
0
0
0
0
0
0
0
0
0
0
0
0
0
0
0
0
0
0
0
0
0
0
0
0
0
0
0
0
0
0
0
0
0
0
0
0
0
0
0
0
0
0
0
0
0
0
0
0
0
0
0
0
0
0
0
0
0
0
0
0
0
0
0
0
0
0
0
0
0
0
0
0
0
0
0
0
0
0
0
0
0
0
0
0
-4.5852
0
0
0
0
0
9.3758
0
0
0
0
0
0
0
0
0
0
0
0
0
0
0
0
0
0
0
0
0
0
0
0
0
0
0
0
0
0
0
0
0
0
0
0
0
0
0
0
0
0
0
0
0
0
0
0
0
0
0
0
0
0
0
0
0
0
0
0
0
0
0
0
0
0
0
0
0
0
0
0
0
0
0
0
0
0
0
0
0
0
0
0
-3.645
0
0
0
0
0
0
0
0
0
0
0
0
0
0
0
0
0
0
0
0
0
0
0
0
0
0
0
0
0
0
0
0
0
0
0
0
8.7991
0
-5.1541
0
0
0
0
0
0
0
0
0
0
0
0
0
0
0
0
0
0
0
0
0
0
0
0
0
0
0
0
0
0
0
0
0
-4.8846
0
0
0
0
0
0
0
0
0
0
0
-4.8674
0
0
0
0
0
0
0
0
0
0
0
0
0
0
0
0
0
0
0
0
0
0
0
0
0
0
0
0
0
0
0
0
0
0
0
0
0
0
0
0
0
0
0
0
0
0
0
0
0
0
0
0
0
0
0
0
0
0
0
0
0
0
0
0
0
0
0
0
0
0
0
0
0
9.752
0
0
0
0
0
0
0
0
0
0
0
0
0
0
0
0
0
0
0
0
0
0
0
0
0
0
0
0
0
0
0
0
0
0
0
0
0
0
0
0
0
0
0
0
0
0
0
0
0
0
0
0
0
0
0
0
0
0
0
-3.7236
0
0
0
0
0
0
0
0
0
0
0
0
0
0
0
0
0
0
0
0
0
0
0
0
0
0
0
0
0
0
0
0
0
0
0
0
0
0
0
0
0
0
0
0
0
0
0
0
0
0
0
0
0
0
0
0
0
0
0
-5.1541
0
8.8777
0
0
0
0
0
0
0
0
0
0
0
0
0
0
0
0
0
0
0
0
0
0
0
0
0
0
0
0
0
0
0
0
0
0
0
0
0
0
0
0
0
0
0
0
0
0
0
0
0
0
0
0
0
0
0
0
0
0
0
0
0
0
0
-4.1368
0
0
0
0
0
0
0
0
0
0
0
0
0
0
0
0
0
-4.2472
0
0
0
0
0
0
0
0
0
0
0
0
0
0
0
0
0
0
0
0
0
0
0
0
0
0
0
0
0
0
0
0
0
0
0
0
0
0
0
8.384
0
0
0
0
0
0
0
0
0
0
0
0
0
0
0
0
0
0
0
0
0
0
0
0
0
0
0
0
0
0
0
0
0
0
0
0
0
0
0
0
-4.664
0
0
0
0
0
0
0
0
0
0
0
0
0
0
0
0
0
0
0
0
0
0
0
0
0
0
0
0
0
0
0
0
0
0
-3.9167
0
0
0
0
0
0
0
0
0
0
0
0
0
0
0
0
0
0
0
0
0
0
0
0
0
0
0
0
0
0
0
0
0
0
0
0
0
0
0
0
0
0
0
0
0
8.5806
0
0
0
0
0
0
0
0
0
0
0
0
0
0
0
0
0
0
0
0
0
0
0
0
0
0
0
0
0
0
0
0
0
0
0
0
0
0
0
0
0
0
0
0
0
0
0
0
0
0
0
0
0
0
0
0
0
0
0
0
0
0
0
-4.3053
0
0
-4.2645
0
0
0
0
0
0
0
0
0
0
0
0
0
0
0
0
0
0
0
0
0
0
0
0
0
0
0
0
0
0
0
0
0
0
0
0
0
0
0
0
0
0
0
0
0
0
0
0
0
0
0
0
0
0
8.5698
0
0
0
0
0
0
0
0
0
0
0
0
0
0
0
0
0
0
0
0
0
0
0
0
0
0
0
0
0
0
0
0
0
0
0
0
0
0
0
0
0
0
0
0
0
0
0
0
0
0
0
0
0
0
0
0
0
0
0
0
0
0
0
0
0
0
0
0
0
0
0
0
0
0
0
0
0
0
0
0
0
0
0
0
-4.2854
0
0
0
0
0
0
0
0
-4.9939
0
0
0
0
0
0
0
0
0
0
0
0
0
0
0
0
0
0
0
0
0
0
0
0
0
0
0
9.2793
0
0
0
0
0
0
0
0
0
0
0
0
0
0
0
0
0
0
0
0
0
0
0
0
0
0
0
0
0
0
0
0
0
0
0
0
0
0
0
0
0
0
0
0
0
0
0
0
0
0
0
0
0
0
0
0
0
0
0
0
0
0
0
0
0
0
0
0
0
-3.593
0
0
0
0
-3.8596
0
0
0
0
0
0
0
0
0
0
0
0
0
0
0
0
0
0
0
0
0
0
0
0
0
0
0
0
0
0
0
0
0
0
0
0
0
0
0
0
0
0
0
0
0
0
7.4526
0
0
0
0
0
0
0
0
0
0
0
0
0
0
0
0
0
0
0
0
0
0
0
0
0
0
0
0
0
0
0
0
0
0
0
0
0
0
0
0
0
0
0
0
0
0
0
0
0
0
0
0
0
0
0
0
-3.1751
0
0
0
0
0
0
0
0
0
0
0
0
0
0
0
0
0
0
0
0
0
0
0
0
0
0
0
0
0
0
0
0
0
0
0
0
0
0
0
0
0
0
0
0
0
0
0
0
0
0
0
0
0
0
0
0
0
0
0
0
0
0
0
0
8.3313
-5.1562
0
0
0
0
0
0
0
0
0
0
0
0
0
0
0
0
0
0
0
0
0
0
0
0
0
0
0
0
0
0
0
0
0
0
0
0
0
0
0
0
0
0
0
0
0
0
0
0
0
0
0
0
0
0
0
0
0
0
0
0
0
0
0
0
0
0
0
0
0
0
0
0
0
0
0
0
0
0
0
0
0
0
0
0
0
0
0
0
0
0
0
0
0
0
0
0
0
-4.0515
0
0
0
0
0
0
0
0
0
0
0
0
0
0
0
0
0
0
0
0
0
-5.1562
9.2078
0
0
0
0
0
0
0
0
0
0
0
0
0
0
0
0
0
0
0
0
0
0
0
0
0
0
0
0
0
0
0
0
0
0
0
0
0
0
0
0
0
-4.7988
0
0
0
0
0
0
0
0
-4.621
0
0
0
0
0
0
0
0
0
0
0
0
0
0
0
0
0
0
0
0
0
0
0
0
0
0
0
0
0
0
0
0
0
0
0
0
0
0
0
0
0
0
0
0
0
0
0
0
0
0
0
0
0
0
0
0
0
0
0
0
0
0
0
0
0
0
0
0
0
0
9.4198
0
0
0
0
0
0
0
0
0
0
0
0
0
0
0
0
0
0
0
0
0
0
0
0
0
0
0
0
0
0
0
0
0
0
0
0
0
0
0
0
0
0
0
0
0
0
0
0
0
0
0
0
0
0
0
0
0
0
0
0
0
0
0
0
0
0
0
0
0
0
0
0
0
0
-4.0247
0
0
0
0
0
0
0
0
0
0
0
0
0
0
0
0
0
0
0
0
0
0
-4.8861
0
0
0
0
0
0
0
0
0
0
0
0
0
0
0
0
0
0
0
0
0
0
0
8.9108
0
0
0
0
0
0
0
0
0
0
0
0
0
0
0
0
0
0
0
0
0
0
0
0
0
0
0
0
0
0
0
0
-4.44
0
0
0
0
0
0
0
0
0
0
0
0
0
0
0
0
0
0
0
0
0
0
0
0
0
0
0
0
0
0
0
0
0
0
0
0
0
0
0
0
0
0
0
0
0
0
0
0
0
0
0
0
0
0
0
0
-4.4986
0
0
0
0
0
0
0
0
0
0
0
0
0
0
0
0
0
0
0
0
0
0
0
0
0
0
0
0
0
0
0
8.9386
0
0
0
0
0
0
0
0
0
0
0
0
0
0
0
0
0
0
-5.0398
0
0
0
0
0
0
0
0
0
0
0
0
0
-4.8405
0
0
0
0
0
0
0
0
0
0
0
0
0
0
0
0
0
0
0
0
0
0
0
0
0
0
0
0
0
0
0
0
0
0
0
0
0
0
0
0
0
0
0
0
0
0
0
0
0
0
0
0
0
0
0
0
0
0
0
0
0
0
0
0
0
0
0
0
0
0
0
0
0
0
0
0
0
0
0
0
0
0
0
0
0
0
0
0
9.8804
0
0
0
0
0
0
0
0
0
0
0
0
0
0
0
0
0
0
0
0
0
0
0
0
0
0
0
0
0
0
0
0
0
0
0
0
0
0
0
0
0
0
0
0
0
0
0
0
0
0
0
0
0
0
0
0
0
-5.1822
0
0
0
0
0
0
0
0
0
0
0
0
0
0
0
0
0
0
0
0
0
0
0
0
0
0
0
0
0
0
0
0
0
0
0
0
0
0
0
0
0
0
0
0
0
0
0
0
0
0
0
0
0
0
0
0
0
0
0
0
0
0
0
5.1822
0
0
0
0
0
0
0
0
0
0
0
0
0
0
0
0
0
0
0
0
0
0
0
-7.3252
0
0
0
0
0
0
0
0
0
0
0
0
0
0
0
0
0
0
0
0
0
0
0
0
0
0
0
0
0
0
0
0
0
0
0
0
0
0
0
0
0
0
0
0
0
0
0
0
0
0
0
0
0
0
0
0
0
0
0
0
0
0
0
0
0
0
0
0
0
0
0
0
0
0
0
0
0
0
0
0
0
0
0
0
0
0
0
0
0
0
0
0
0
0
0
0
0
7.3252
0
0
0
0
0
0
0
0
0
0
0
0
0
0
0
0
0
0
0
0
0
0
0
0
0
0
0
0
0
0
0
0
0
0
0
0
0
0
0
0
0
0
0
0
0
0
0
0
0
0
0
0
0
0
0
0
0
0
0
0
0
0
0
0
0
0
0
0
0
0
0
0
0
0
0
0
0
0
0
0
0
0
0
0
0
0
0
0
0
0
0
0
0
0
0
0
-5.6289
0
0
0
0
0
0
0
0
0
0
0
0
0
0
0
0
0
0
0
0
0
0
0
0
5.6289
0
0
0
0
0
0
0
0
0
0
0
0
0
0
0
0
0
0
0
0
0
0
0
0
0
0
0
0
0
0
0
0
0
0
0
0
0
0
0
0
0
0
0
0
0
0
0
0
0
0
0
0
0
0
0
0
-3.3897
0
0
0
0
0
0
0
0
0
0
0
0
0
0
0
0
0
0
0
0
0
0
0
0
0
0
0
0
0
0
0
0
0
0
0
0
0
0
0
0
0
0
0
0
0
0
0
0
0
0
0
0
0
0
0
0
0
0
0
0
0
0
0
0
3.3897
0
0
0
0
0
0
0
0
0
0
0
0
0
0
0
0
0
0
0
0
0
0
0
0
0
0
0
0
0
0
0
0
0
0
0
0
-5.9908
0
0
0
0
0
0
0
0
0
0
0
0
0
0
0
0
0
0
0
0
0
0
0
0
0
0
0
0
0
0
0
0
0
0
0
0
0
0
0
0
0
0
0
0
0
0
0
0
0
0
0
0
0
0
0
0
0
0
0
0
0
0
0
0
0
0
0
0
0
0
0
0
0
0
0
0
0
0
0
0
0
0
0
0
5.9908
0
0
0
0
0
0
0
0
0
0
0
0
0
0
0
-6.8957
0
0
0
0
0
0
0
0
0
0
0
0
0
0
0
0
0
0
0
0
0
0
0
0
0
0
0
0
0
0
0
0
0
0
0
0
0
0
0
0
0
0
0
0
0
0
0
0
0
0
0
0
0
0
0
0
0
0
0
0
0
0
0
0
0
0
0
0
0
0
0
0
0
0
0
0
0
0
0
0
0
0
0
0
0
0
0
0
0
0
0
0
0
0
0
0
0
0
0
0
0
0
0
0
0
6.8957
0
0
0
0
0
0
0
0
0
0
0
0
0
0
0
0
0
0
0
0
0
0
0
0
0
0
0
0
0
0
0
0
0
0
0
0
0
0
0
0
0
0
0
0
0
0
0
0
0
0
0
0
0
0
0
0
0
0
0
0
0
0
0
0
0
0
0
0
0
0
0
0
0
0
0
0
0
0
-5.2486
0
0
0
0
0
0
0
0
0
0
0
0
0
0
0
0
0
0
0
0
0
0
0
0
0
0
0
0
0
0
0
0
0
0
0
0
0
0
0
0
0
0
5.2486
0
0
0
0
0
0
0
0
0
0
0
0
0
0
0
0
0
0
0
0
0
0
0
0
0
0
0
0
0
0
0
0
0
0
0
0
0
0
0
0
0
0
0
0
0
0
0
0
0
-5.9271
0
0
0
0
0
0
0
0
0
0
0
0
0
0
0
0
0
0
0
0
0
0
0
0
0
0
0
0
0
0
0
0
0
0
0
0
0
0
0
0
0
0
0
0
0
0
0
0
0
0
0
0
0
0
0
0
0
0
0
0
0
0
0
0
0
0
0
0
0
0
0
5.9271
0
0
0
0
0
0
0
0
0
0
0
0
0
0
0
0
0
0
0
0
0
0
0
0
0
0
0
0
0
0
0
0
0
0
0
0
0
0
0
0
0
0
0
0
0
0
0
0
0
0
0
0
0
0
0
0
0
0
0
0
0
0
0
0
0
0
0
0
0
0
-0.80533
0
0
0
0
0
0
0
0
0
0
0
0
0
0
0
0
0
0
0
0
0
0
0
0
0
0
0
0
0
0
0
0
0
0
0
0
0
0
0
0
0
0
0
0
0
0
0
0
0
0
0.80533
0
0
0
0
0
0
0
0
0
0
0
0
0
0
0
0
0
0
0
0
0
0
0
0
0
0
0
0
0
0
0
0
0
0
0
0
0
0
0
0
0
0
0
0
0
0
0
0
0
0
0
0
0
0
0
0
0
0
0
0
0
-4.4445
0
0
0
0
0
0
0
0
0
0
0
0
0
0
0
0
0
0
0
0
0
0
0
0
0
0
0
0
0
0
0
0
0
0
0
0
0
0
0
0
0
0
0
0
0
0
0
0
0
0
0
0
0
0
0
0
0
0
0
4.4445
0
0
0
0
0
0
0
0
0
0
0
0
0
0
0
0
0
0
0
0
0
0
-6.7859
0
0
0
0
0
0
0
0
0
0
0
0
0
0
0
0
0
0
0
0
0
0
0
0
0
0
0
0
0
0
0
0
0
0
0
0
0
0
0
0
0
0
0
0
0
0
0
0
0
0
0
0
0
0
0
0
0
0
0
0
0
0
0
0
0
0
0
0
0
0
0
0
0
0
0
0
0
0
0
0
0
0
0
0
0
0
0
0
0
0
0
0
0
0
0
0
0
0
6.7859
0
0
0
0
0
0
0
0
0
0
0
0
0
0
0
0
0
0
0
0
0
0
0
0
0
0
0
0
0
0
0
0
0
0
0
0
0
0
0
0
0
0
0
0
0
0
0
0
0
0
0
0
0
0
0
0
0
0
0
0
0
0
0
0
0
0
0
0
0
0
0
0
0
0
0
0
0
0
0
-5.1357
0
0
0
0
0
0
0
0
0
0
0
0
0
0
0
0
0
0
0
0
0
0
0
0
0
0
0
0
0
0
0
0
0
0
0
0
0
0
0
0
0
5.1357
