65.4678
-0.93956
-0.94091
-0.94204
-0.93955
-0.93948
-0.94283
-0.94132
-0.94218
-0.94204
-0.93892
-0.93965
-0.94245
-0.9412
-0.94243
-0.94
-0.9388
-0.93961
-0.94079
-0.94087
-0.94679
-0.93995
-0.94076
-0.93797
-0.93781
-0.94192
-0.93471
-0.94047
-0.93527
-0.93799
-0.93432
-0.93608
-0.93276
-0.93892
-0.94024
-0.94015
-0.93754
-0.93754
-0.93937
-0.94322
-0.93874
-0.93874
-0.93874
-0.94212
-0.93623
-0.9384
-0.94148
-0.93885
-0.93824
-0.94143
-0.93442
-0.93733
-0.94453
-0.94087
-0.94847
-0.93774
-0.94769
-0.96196
-0.98088
-0.99022
-1.0239
0
0
-1.0868
0
-1.1267
-1.324
-1.3266
0
0
0
-1.5942
0
0
0
0
0
0
0
0
0
0
0
0
0
0
0
0
0
0
0
0
0
0
0
0
0
-2.42
0
0
0
0
0
0
0
0
0
0
0
0
0
0
0
0
0
0
0
0
0
0
0
0
0
0
-0.93956
60.0951
-0.94123
-0.94179
-0.93864
-0.93892
-0.94195
-0.94057
-0.94142
-0.94178
-0.93824
-0.93889
-0.94183
-0.94062
-0.9418
-0.93995
-0.93821
-0.93889
-0.94015
-0.94027
-0.94571
-0.94116
-0.94019
-0.93741
-0.93724
-0.94123
-0.93413
-0.93968
-0.93466
-0.93727
-0.93378
-0.93537
-0.9322
-0.93839
-0.94001
-0.93958
-0.93697
-0.93698
-0.9388
-0.94249
-0.93819
-0.93819
-0.93819
-0.94133
-0.93567
-0.93779
-0.94066
-0.93828
-0.93766
-0.94086
-0.93379
-0.93677
-0.94382
-0.94027
-0.94782
-0.93707
-0.94902
-0.96205
-0.98034
-0.98939
-1.0227
0
0
-1.0865
0
-1.1268
0
-1.324
0
0
0
0
0
0
0
0
0
0
0
0
0
0
0
0
0
0
0
0
0
0
0
0
0
0
0
0
0
0
0
0
0
0
0
0
0
0
0
0
0
0
0
0
0
0
0
0
0
0
0
0
0
0
0
0
-0.94091
-0.94123
61.0748
-0.94324
-0.94123
-0.94054
-0.9432
-0.94224
-0.94318
-0.94327
-0.9399
-0.94061
-0.94351
-0.94227
-0.94356
-0.94092
-0.93987
-0.94078
-0.94166
-0.94195
-0.94761
-0.94285
-0.94187
-0.93906
-0.93889
-0.94299
-0.93577
-0.94136
-0.93572
-0.93897
-0.93539
-0.93695
-0.93376
-0.93999
-0.94131
-0.94121
-0.93861
-0.93861
-0.94044
-0.94429
-0.93982
-0.93982
-0.93981
-0.94302
-0.93742
-0.9394
-0.9427
-0.93984
-0.93931
-0.9425
-0.93555
-0.93842
-0.94549
-0.94198
-0.94956
-0.93881
-0.94892
-0.96275
-0.98072
-0.99142
-1.0268
0
0
0
0
0
-1.3258
0
0
0
0
-1.5926
0
0
0
0
0
0
0
-1.5026
0
0
0
0
0
0
0
0
0
0
0
0
0
0
0
0
0
0
0
0
0
0
0
0
0
0
0
0
0
0
0
0
0
0
0
0
0
0
0
0
0
0
0
0
-0.94204
-0.94179
-0.94324
62.4673
-0.94179
-0.9411
-0.94425
-0.94292
-0.94392
-0.94386
-0.94051
-0.94002
-0.9442
-0.94281
-0.94356
-0.94228
-0.94044
-0.94146
-0.94234
-0.94255
-0.94623
-0.94364
-0.94239
-0.93966
-0.93947
-0.94366
-0.93634
-0.94226
-0.93707
-0.93972
-0.93597
-0.9377
-0.93438
-0.94058
-0.94176
-0.94179
-0.93919
-0.93919
-0.94096
-0.94499
-0.94039
-0.9404
-0.9404
-0.94369
-0.93808
-0.94001
-0.94343
-0.94037
-0.93988
-0.94307
-0.93609
-0.93898
-0.9462
-0.94257
-0.95002
-0.93926
-0.94955
-0.96195
-0.98031
-0.99183
-1.0281
0
0
0
0
0
0
0
0
0
0
0
0
0
0
0
0
-2.0986
-1.5034
0
0
0
0
0
0
0
0
0
0
-2.1787
0
0
0
0
0
0
0
0
0
0
0
0
0
0
0
0
0
0
0
0
0
0
0
0
0
0
0
0
0
0
0
0
0
0
-0.93955
-0.93864
-0.94123
-0.94179
60.095
-0.93891
-0.94195
-0.94057
-0.94143
-0.94178
-0.93825
-0.93888
-0.94182
-0.94062
-0.94179
-0.93995
-0.93821
-0.93889
-0.94014
-0.94027
-0.9457
-0.94116
-0.94018
-0.9374
-0.93724
-0.94122
-0.93412
-0.93968
-0.93468
-0.93727
-0.93379
-0.93538
-0.93219
-0.93839
-0.94001
-0.93958
-0.93698
-0.93697
-0.9388
-0.94249
-0.93819
-0.93819
-0.93819
-0.94133
-0.93567
-0.93779
-0.94067
-0.93829
-0.93767
-0.94086
-0.93378
-0.93677
-0.94383
-0.94028
-0.94782
-0.93707
-0.94902
-0.96205
-0.98033
-0.98938
-1.0227
0
0
-1.0865
0
-1.1268
0
-1.324
0
0
0
0
0
0
0
0
0
0
0
0
0
0
0
0
0
0
0
0
0
0
0
0
0
0
0
0
0
0
0
0
0
0
0
0
0
0
0
0
0
0
0
0
0
0
0
0
0
0
0
0
0
0
0
0
-0.93948
-0.93892
-0.94054
-0.9411
-0.93891
56.5275
-0.94149
-0.94016
-0.94059
-0.94083
-0.93775
-0.93851
-0.94129
-0.94008
-0.94125
-0.93943
-0.93766
-0.93849
-0.93958
-0.93975
-0.94488
-0.94059
-0.93973
-0.93689
-0.93667
-0.94066
-0.93356
-0.93908
-0.93411
-0.93668
-0.93323
-0.93471
-0.93174
-0.93784
-0.93948
-0.939
-0.93641
-0.9364
-0.93836
-0.94192
-0.93762
-0.93761
-0.93761
-0.94068
-0.93532
-0.93721
-0.94036
-0.9377
-0.93709
-0.94028
-0.93331
-0.93618
-0.94319
-0.93976
-0.9472
-0.93643
-0.94885
-0.96127
-0.97942
-0.98871
-1.024
0
0
0
0
0
0
0
0
0
0
0
0
0
0
0
0
0
0
0
0
0
0
0
0
0
0
0
0
0
0
0
0
0
0
0
0
0
0
0
0
0
0
0
0
0
0
0
0
0
0
0
0
0
0
0
0
0
0
0
0
0
0
0
-0.94283
-0.94195
-0.9432
-0.94425
-0.94195
-0.94149
66.2972
-0.94273
-0.94339
-0.94243
-0.94005
-0.94047
-0.94418
-0.94298
-0.94396
-0.9409
-0.94051
-0.94141
-0.94125
-0.94234
-0.94837
-0.94379
-0.94221
-0.93961
-0.93952
-0.94369
-0.93639
-0.94119
-0.93677
-0.93968
-0.93606
-0.93664
-0.93263
-0.94065
-0.94252
-0.94184
-0.93924
-0.93924
-0.94033
-0.94503
-0.94047
-0.94047
-0.94046
-0.94391
-0.9374
-0.94005
-0.9434
-0.94023
-0.94
-0.94327
-0.93627
-0.93917
-0.94661
-0.94266
-0.9506
-0.93989
0
0
0
0
0
0
0
0
0
0
0
0
0
0
0
-1.6077
0
0
0
0
0
0
0
0
0
0
0
0
0
0
0
0
0
0
0
0
0
0
-2.9042
0
0
0
0
0
0
0
0
0
0
0
0
-3.3376
0
0
-3.3376
0
0
0
-3.3376
0
0
0
0
0
0
0
0
0
-0.94132
-0.94057
-0.94224
-0.94292
-0.94057
-0.94016
-0.94273
57.5389
-0.94203
-0.94192
-0.93919
-0.93985
-0.94284
-0.94163
-0.94276
-0.94032
-0.93918
-0.94012
-0.94087
-0.94116
-0.94666
-0.94213
-0.94115
-0.9384
-0.9382
-0.94224
-0.93509
-0.94054
-0.93559
-0.93827
-0.93478
-0.9363
-0.93287
-0.93936
-0.94112
-0.94053
-0.93794
-0.93793
-0.9397
-0.94353
-0.93914
-0.93915
-0.93915
-0.94217
-0.93669
-0.93853
-0.94205
-0.93922
-0.93862
-0.94182
-0.93497
-0.93772
-0.94449
-0.94132
-0.94881
-0.93803
0
-0.96436
0
-0.9907
0
-1.1316
0
0
0
0
0
0
0
0
0
0
0
0
0
0
0
0
0
0
0
0
0
0
0
0
0
0
0
0
0
0
0
0
0
0
0
0
0
0
0
0
0
-2.7457
0
0
0
0
0
0
0
0
0
0
0
0
0
0
0
0
0
0
0
0
-0.94218
-0.94142
-0.94318
-0.94392
-0.94143
-0.94059
-0.94339
-0.94203
59.5287
-0.9429
-0.93965
-0.94043
-0.94333
-0.94207
-0.94322
-0.94101
-0.93962
-0.94063
-0.94133
-0.94161
-0.94768
-0.94283
-0.94155
-0.9388
-0.93863
-0.94281
-0.93551
-0.9395
-0.93604
-0.93666
-0.93521
-0.93666
-0.93334
-0.9398
-0.94164
-0.94094
-0.93835
-0.93834
-0.94015
-0.94412
-0.93955
-0.93955
-0.93955
-0.943
-0.93716
-0.93919
-0.9426
-0.93959
-0.93902
-0.94227
-0.93547
-0.93816
-0.94545
-0.94169
-0.94935
-0.93858
0
-0.96497
0
-0.99131
0
0
0
0
0
0
0
0
0
0
0
0
0
0
0
0
0
0
0
0
0
0
0
0
0
0
0
0
0
0
0
0
0
0
0
-3.1403
0
0
0
0
0
0
0
0
0
0
0
0
0
0
0
0
0
0
0
0
0
0
-2.6994
0
0
0
0
0
-0.94204
-0.94178
-0.94327
-0.94386
-0.94178
-0.94083
-0.94243
-0.94192
-0.9429
60.2849
-0.93947
-0.93989
-0.94337
-0.94221
-0.94318
-0.93993
-0.93977
-0.94062
-0.94095
-0.9416
-0.9473
-0.94298
-0.94147
-0.9389
-0.93875
-0.94278
-0.93562
-0.9406
-0.93601
-0.93882
-0.93529
-0.93665
-0.93251
-0.93989
-0.94169
-0.94107
-0.93846
-0.93847
-0.9398
-0.94408
-0.93968
-0.93968
-0.93969
-0.94279
-0.93672
-0.93906
-0.94255
-0.93981
-0.9392
-0.94242
-0.93538
-0.93832
-0.94588
-0.94196
0
0
0
0
0
0
0
0
0
-1.0892
0
0
0
0
-1.1491
0
0
0
0
0
0
0
0
0
0
0
0
0
0
0
0
0
0
0
0
0
0
0
0
0
0
0
0
0
0
-2.3233
0
-2.9387
-2.9387
0
0
0
0
0
0
0
0
0
0
0
0
0
0
0
0
0
0
0
0
0
-0.93892
-0.93824
-0.9399
-0.94051
-0.93825
-0.93775
-0.94005
-0.93919
-0.93965
-0.93947
55.7864
-0.93742
-0.9404
-0.93924
-0.94034
-0.93806
-0.93677
-0.93768
-0.93844
-0.93876
-0.94401
-0.93973
-0.93873
-0.93596
-0.93579
-0.93978
-0.93266
-0.93808
-0.93318
-0.93582
-0.93236
-0.93381
-0.93054
-0.93694
-0.93868
-0.93811
-0.9355
-0.9355
-0.93731
-0.94104
-0.93671
-0.93671
-0.93671
-0.93988
-0.9343
-0.93632
-0.9396
-0.93671
-0.93618
-0.93938
-0.93251
-0.93529
-0.94233
-0.93885
-0.94637
-0.93561
0
-0.96158
0
-0.98824
0
0
0
0
0
0
0
0
0
0
0
0
0
0
0
0
0
0
0
0
0
0
0
0
0
0
0
0
0
0
0
0
0
0
0
0
0
0
0
0
0
0
0
0
0
0
0
0
0
0
0
0
0
0
0
0
0
0
0
0
0
0
-2.2606
0
-0.93965
-0.93889
-0.94061
-0.94002
-0.93888
-0.93851
-0.94047
-0.93985
-0.94043
-0.93989
-0.93742
55.8299
-0.94093
-0.93974
-0.94085
-0.93873
-0.93726
-0.93821
-0.93897
-0.93924
-0.94261
-0.94031
-0.9392
-0.93645
-0.93628
-0.94034
-0.93315
-0.93872
-0.9337
-0.93641
-0.93285
-0.93423
-0.93103
-0.93743
-0.93923
-0.9386
-0.936
-0.93598
-0.93784
-0.94162
-0.9372
-0.9372
-0.9372
-0.94037
-0.9348
-0.93678
-0.94016
-0.93719
-0.93667
-0.93987
-0.93299
-0.93577
-0.94292
-0.93943
-0.94696
-0.93619
0
0
0
0
0
0
0
0
0
0
0
0
0
0
0
0
0
0
0
0
0
-2.0938
0
0
0
0
0
0
0
0
0
0
0
0
0
0
0
0
0
0
0
0
0
0
0
0
0
0
0
0
0
0
0
0
0
0
0
0
0
0
0
0
0
-2.1338
0
0
0
0
-0.94245
-0.94183
-0.94351
-0.9442
-0.94182
-0.94129
-0.94418
-0.94284
-0.94333
-0.94337
-0.9404
-0.94093
53.2563
-0.94282
-0.94405
-0.94208
-0.94024
-0.94131
-0.94269
-0.94242
-0.94815
-0.94369
-0.94277
-0.93963
-0.93937
-0.94275
-0.93624
-0.94141
-0.93686
-0.93945
-0.936
-0.93758
-0.93462
-0.9406
-0.94233
-0.94173
-0.93913
-0.93913
-0.94113
-0.94377
-0.94037
-0.94036
-0.94035
-0.94347
-0.9381
-0.93999
-0.94323
-0.94048
-0.93983
-0.94305
-0.93621
-0.93894
-0.94605
-0.94254
-0.95001
-0.93918
0
0
0
0
0
0
0
0
0
0
0
0
0
0
-1.482
0
0
0
0
0
0
0
0
0
0
0
0
0
0
0
0
0
0
0
0
0
0
0
0
0
0
0
0
0
0
0
0
0
0
0
0
0
0
0
0
0
0
0
0
0
0
0
0
0
0
0
0
0
-0.9412
-0.94062
-0.94227
-0.94281
-0.94062
-0.94008
-0.94298
-0.94163
-0.94207
-0.94221
-0.93924
-0.93974
-0.94282
52.673
-0.94278
-0.94085
-0.93899
-0.94005
-0.94142
-0.94122
-0.94684
-0.94238
-0.94129
-0.93842
-0.93818
-0.94216
-0.93504
-0.94063
-0.93563
-0.9382
-0.93478
-0.93638
-0.93341
-0.93937
-0.94109
-0.94051
-0.93792
-0.93792
-0.93996
-0.9434
-0.93912
-0.93913
-0.93913
-0.94218
-0.93691
-0.93875
-0.94196
-0.9392
-0.93859
-0.9418
-0.93497
-0.93769
-0.94471
-0.94129
-0.94871
-0.9379
0
-0.96378
0
0
0
0
0
0
0
0
0
0
0
0
0
0
0
0
0
0
0
0
0
0
0
0
0
0
0
0
0
0
0
0
0
0
0
0
0
0
0
0
0
0
0
0
0
0
0
0
0
0
0
0
0
0
0
0
0
0
0
0
0
0
0
0
0
0
-0.94243
-0.9418
-0.94356
-0.94356
-0.94179
-0.94125
-0.94396
-0.94276
-0.94322
-0.94318
-0.94034
-0.94085
-0.94405
-0.94278
53.2707
-0.9419
-0.9402
-0.94128
-0.94251
-0.9424
-0.94803
-0.94363
-0.94246
-0.9396
-0.93936
-0.94342
-0.93623
-0.94185
-0.93696
-0.9394
-0.93597
-0.93749
-0.93449
-0.94057
-0.94233
-0.94171
-0.9391
-0.9391
-0.9411
-0.94465
-0.94033
-0.94033
-0.94033
-0.94339
-0.93803
-0.9399
-0.94319
-0.94038
-0.93978
-0.943
-0.93616
-0.93889
-0.94592
-0.94248
-0.94995
-0.93912
0
0
0
0
0
0
0
0
0
0
0
0
0
0
0
0
0
0
0
0
0
0
-1.4983
0
0
0
0
0
0
0
0
0
0
0
0
0
0
0
0
0
0
0
0
0
0
0
0
0
0
0
0
0
0
0
0
0
0
0
0
0
0
0
0
0
0
0
0
0
-0.94
-0.93995
-0.94092
-0.94228
-0.93995
-0.93943
-0.9409
-0.94032
-0.94101
-0.93993
-0.93806
-0.93873
-0.94208
-0.94085
-0.9419
58.8284
-0.93839
-0.93928
-0.93941
-0.94026
-0.94626
-0.94148
-0.94009
-0.93749
-0.93737
-0.94149
-0.93424
-0.93942
-0.93467
-0.9376
-0.9339
-0.93539
-0.93109
-0.93848
-0.94017
-0.93968
-0.93708
-0.93708
-0.93839
-0.94282
-0.93829
-0.9383
-0.93831
-0.94163
-0.9355
-0.93782
-0.94128
-0.93811
-0.93781
-0.94104
-0.93414
-0.93693
-0.94405
0
0
0
0
0
0
0
0
0
0
0
-1.3194
0
0
0
0
0
0
0
0
0
0
0
0
0
0
0
0
0
0
0
0
0
0
0
0
0
0
0
0
0
0
0
0
0
-2.9903
0
0
0
0
0
0
0
0
0
0
-2.8438
0
0
0
0
0
0
0
-2.8439
0
0
0
0
0
0
-0.9388
-0.93821
-0.93987
-0.94044
-0.93821
-0.93766
-0.94051
-0.93918
-0.93962
-0.93977
-0.93677
-0.93726
-0.94024
-0.93899
-0.9402
-0.93839
51.5736
-0.93746
-0.93877
-0.93878
-0.94422
-0.93971
-0.93881
-0.93594
-0.93573
-0.93964
-0.93256
-0.93777
-0.93313
-0.93568
-0.93229
-0.93382
-0.93088
-0.93686
-0.93861
-0.93801
-0.93541
-0.93541
-0.93744
-0.94086
-0.93663
-0.93663
-0.93663
-0.93963
-0.93441
-0.93623
-0.93942
-0.93669
-0.93608
-0.93928
-0.93245
-0.93517
-0.94217
-0.93878
-0.94618
-0.93537
0
0
0
0
0
0
0
0
0
0
0
0
0
0
0
0
0
0
0
0
0
0
0
0
0
0
0
0
0
0
0
0
0
0
0
0
0
0
0
0
0
0
0
0
0
0
0
0
0
0
0
0
0
0
0
0
0
0
0
0
0
0
0
0
0
0
0
0
-0.93961
-0.93889
-0.94078
-0.94146
-0.93889
-0.93849
-0.94141
-0.94012
-0.94063
-0.94062
-0.93768
-0.93821
-0.94131
-0.94005
-0.94128
-0.93928
-0.93746
51.4639
-0.93959
-0.93969
-0.94525
-0.94065
-0.93971
-0.93684
-0.93661
-0.94057
-0.93343
-0.93861
-0.93405
-0.93664
-0.93317
-0.93472
-0.93177
-0.93779
-0.93956
-0.93894
-0.93632
-0.93633
-0.93831
-0.94183
-0.93754
-0.93755
-0.93754
-0.94065
-0.93527
-0.93715
-0.93865
-0.93763
-0.937
-0.94018
-0.93318
-0.93607
-0.94313
-0.93966
0
0
0
0
0
0
0
0
0
0
0
0
0
0
0
0
0
0
0
0
0
0
0
0
0
0
0
0
0
0
0
0
0
-1.7261
0
0
0
0
0
0
0
0
0
0
0
0
0
0
0
0
0
0
0
0
0
0
0
0
0
0
0
0
0
0
0
0
0
0
0
0
-0.94079
-0.94015
-0.94166
-0.94234
-0.94014
-0.93958
-0.94125
-0.94087
-0.94133
-0.94095
-0.93844
-0.93897
-0.94269
-0.94142
-0.94251
-0.93941
-0.93877
-0.93959
52.2908
-0.94064
-0.94653
-0.94197
-0.94063
-0.93794
-0.93771
-0.94168
-0.93448
-0.93955
-0.93495
-0.93769
-0.93422
-0.9356
-0.93215
-0.93881
-0.94056
-0.93996
-0.93736
-0.93736
-0.93906
-0.94292
-0.93859
-0.93858
-0.93858
-0.94162
-0.93606
-0.93809
-0.94143
-0.93893
-0.93806
-0.94129
-0.93472
-0.93718
0
0
0
0
0
0
0
0
0
0
0
0
0
0
0
0
0
-1.1764
0
0
0
0
-1.1996
0
0
0
0
0
0
0
0
0
0
0
0
0
0
0
0
0
0
0
0
0
0
0
0
0
0
0
0
0
0
0
0
0
0
0
0
0
0
0
0
0
0
0
0
0
0
-2.009
0
0
-0.94087
-0.94027
-0.94195
-0.94255
-0.94027
-0.93975
-0.94234
-0.94116
-0.94161
-0.9416
-0.93876
-0.93924
-0.94242
-0.94122
-0.9424
-0.94026
-0.93878
-0.93969
-0.94064
49.3325
-0.94614
-0.9417
-0.94107
-0.93797
-0.93745
-0.94204
-0.9344
-0.9408
-0.93518
-0.93795
-0.93436
-0.93597
-0.93295
-0.939
-0.94072
-0.94008
-0.93748
-0.93748
-0.93945
-0.94294
-0.9387
-0.9387
-0.9387
-0.94166
-0.93641
-0.93827
-0.9415
-0.9388
-0.93816
-0.94141
-0.9346
-0.93728
-0.94427
0
0
0
0
0
0
0
0
0
0
0
0
0
0
0
0
0
0
0
0
0
0
0
0
0
0
0
0
0
0
0
-0.47321
0
0
0
0
0
0
0
0
0
0
0
0
0
0
0
0
0
0
0
0
0
0
0
0
0
0
0
0
0
0
0
0
0
0
0
0
0
0
0
-0.94679
-0.94571
-0.94761
-0.94623
-0.9457
-0.94488
-0.94837
-0.94666
-0.94768
-0.9473
-0.94401
-0.94261
-0.94815
-0.94684
-0.94803
-0.94626
-0.94422
-0.94525
-0.94653
-0.94614
53.7862
-0.94774
-0.94613
-0.94328
-0.94308
-0.94727
-0.93981
-0.94628
-0.94058
-0.94347
-0.93963
-0.94119
-0.93846
-0.94423
-0.94623
-0.94532
-0.94278
-0.94278
-0.945
-0.9486
-0.94401
-0.94401
-0.94401
-0.94355
-0.94191
-0.94366
-0.94716
-0.94412
-0.94345
-0.94667
-0.93982
-0.94252
0
0
0
0
0
0
0
0
0
0
0
0
0
0
0
0
0
0
0
0
0
0
0
0
0
0
0
0
0
0
0
0
0
0
0
0
0
0
0
0
0
-2.4366
0
0
-3.1679
0
0
0
0
0
0
0
0
0
0
0
0
0
0
0
0
0
0
0
0
0
0
0
0
0
0
0
-0.93995
-0.94116
-0.94285
-0.94364
-0.94116
-0.94059
-0.94379
-0.94213
-0.94283
-0.94298
-0.93973
-0.94031
-0.94369
-0.94238
-0.94363
-0.94148
-0.93971
-0.94065
-0.94197
-0.9417
-0.94774
52.137
-0.94185
-0.9389
-0.93876
-0.94271
-0.93557
-0.94102
-0.9361
-0.93879
-0.93523
-0.9369
-0.93386
-0.93983
-0.94156
-0.94097
-0.93837
-0.93836
-0.94047
-0.94392
-0.93959
-0.93958
-0.93957
-0.94258
-0.93734
-0.93896
-0.94259
-0.93996
-0.93903
-0.94226
0
-0.93821
0
0
0
0
0
0
0
0
0
0
-1.0292
0
0
0
0
0
0
0
0
0
0
0
0
0
0
0
0
0
0
0
0
-1.6812
0
0
0
0
0
0
0
0
0
0
0
0
0
-2.3997
0
0
0
0
0
0
0
0
0
0
0
0
0
0
0
0
0
0
0
0
0
0
0
0
0
0
-0.94076
-0.94019
-0.94187
-0.94239
-0.94018
-0.93973
-0.94221
-0.94115
-0.94155
-0.94147
-0.93873
-0.9392
-0.94277
-0.94129
-0.94246
-0.94009
-0.93881
-0.93971
-0.94063
-0.94107
-0.94613
-0.94185
49.5469
-0.93798
-0.93781
-0.94254
-0.93437
-0.94124
-0.93518
-0.93798
-0.9343
-0.93592
-0.9329
-0.93894
-0.94067
-0.9401
-0.93749
-0.9375
-0.93902
-0.94361
-0.93872
-0.93871
-0.93871
-0.94171
-0.93631
-0.93831
-0.94152
-0.93886
-0.93817
-0.94142
-0.93458
-0.93731
0
0
0
0
0
0
0
0
0
0
0
0
0
0
0
0
0
0
0
0
0
0
0
0
0
0
0
0
0
0
0
0
0
0
0
0
0
0
0
-1.6307
0
0
0
0
0
0
0
0
0
0
0
0
0
0
0
0
0
0
0
0
0
0
0
0
0
0
0
0
0
0
0
0
-0.93797
-0.93741
-0.93906
-0.93966
-0.9374
-0.93689
-0.93961
-0.9384
-0.9388
-0.9389
-0.93596
-0.93645
-0.93963
-0.93842
-0.9396
-0.93749
-0.93594
-0.93684
-0.93794
-0.93797
-0.94328
-0.9389
-0.93798
48.7926
-0.9347
-0.93897
-0.93141
-0.93831
-0.93211
-0.93491
-0.93129
-0.93286
-0.92987
-0.93591
-0.93763
-0.93707
-0.93447
-0.93447
-0.93645
-0.93988
-0.93568
-0.93568
-0.93568
-0.93865
-0.93342
-0.93531
-0.93844
-0.93598
-0.93514
-0.93839
-0.93151
-0.93428
0
0
0
0
0
0
0
0
0
0
-1.0236
0
0
0
0
0
0
0
0
0
0
0
0
0
0
0
0
0
0
0
0
0
0
0
0
0
0
0
0
0
0
0
0
0
0
0
0
0
0
0
0
0
0
0
0
0
0
0
0
0
0
0
0
0
0
0
0
0
0
0
0
0
-0.93781
-0.93724
-0.93889
-0.93947
-0.93724
-0.93667
-0.93952
-0.9382
-0.93863
-0.93875
-0.93579
-0.93628
-0.93937
-0.93818
-0.93936
-0.93737
-0.93573
-0.93661
-0.93771
-0.93745
-0.94308
-0.93876
-0.93781
-0.9347
48.7007
-0.93878
-0.93125
-0.93809
-0.93194
-0.93471
-0.93112
-0.9327
-0.92975
-0.93575
-0.93747
-0.93691
-0.93431
-0.93429
-0.93628
-0.93971
-0.93551
-0.93552
-0.93551
-0.93844
-0.93329
-0.9351
-0.93828
-0.93565
-0.93497
-0.93821
-0.93138
-0.9341
-0.94107
0
0
0
0
0
0
0
0
0
0
0
0
0
0
0
0
0
0
0
0
0
0
0
0
0
0
0
0
0
0
0
0
0
0
0
0
0
0
0
0
0
0
0
0
0
0
0
0
0
0
0
0
0
0
0
0
0
0
0
0
0
0
0
0
0
0
0
0
0
0
0
-0.94192
-0.94123
-0.94299
-0.94366
-0.94122
-0.94066
-0.94369
-0.94224
-0.94281
-0.94278
-0.93978
-0.94034
-0.94275
-0.94216
-0.94342
-0.94149
-0.93964
-0.94057
-0.94168
-0.94204
-0.94727
-0.94271
-0.94254
-0.93897
-0.93878
49.8441
-0.93535
-0.9412
-0.93622
-0.939
-0.93528
-0.937
-0.93409
-0.9399
-0.94168
-0.94101
-0.93841
-0.93842
-0.94043
-0.94202
-0.93967
-0.93967
-0.93968
-0.94279
-0.93746
-0.93932
-0.94256
-0.93986
-0.93914
-0.9424
-0.93554
-0.93828
0
0
0
0
0
0
0
0
0
0
0
0
0
0
0
0
0
0
0
0
0
0
0
0
0
0
0
0
0
0
0
0
0
-1.8804
0
0
0
0
0
0
0
0
0
0
0
0
0
0
0
0
0
0
0
0
0
0
0
0
0
0
0
0
0
0
0
0
0
0
0
0
0
0
-0.93471
-0.93413
-0.93577
-0.93634
-0.93412
-0.93356
-0.93639
-0.93509
-0.93551
-0.93562
-0.93266
-0.93315
-0.93624
-0.93504
-0.93623
-0.93424
-0.93256
-0.93343
-0.93448
-0.9344
-0.93981
-0.93557
-0.93437
-0.93141
-0.93125
-0.93535
47.5984
-0.93466
-0.92867
-0.9313
-0.92791
-0.92933
-0.92639
-0.9325
-0.93419
-0.93368
-0.93107
-0.93106
-0.933
-0.93643
-0.93227
-0.93227
-0.93226
-0.93516
-0.93002
-0.93185
-0.93501
-0.93237
-0.93171
-0.93494
-0.92811
-0.93083
0
0
0
0
0
0
0
0
0
0
0
0
0
0
0
0
0
0
0
0
0
0
0
0
0
0
0
0
0
0
0
0
0
0
0
0
0
0
0
0
0
0
0
0
0
0
0
0
0
0
0
0
0
0
0
0
0
0
0
0
0
0
0
0
0
0
0
0
0
0
0
0
-0.94047
-0.93968
-0.94136
-0.94226
-0.93968
-0.93908
-0.94119
-0.94054
-0.9395
-0.9406
-0.93808
-0.93872
-0.94141
-0.94063
-0.94185
-0.93942
-0.93777
-0.93861
-0.93955
-0.9408
-0.94628
-0.94102
-0.94124
-0.93831
-0.93809
-0.9412
-0.93466
49.9409
-0.93533
-0.9363
-0.93389
-0.93503
-0.93157
-0.93816
-0.93988
-0.93936
-0.93674
-0.93673
-0.93836
-0.94158
-0.93798
-0.93799
-0.93798
-0.94122
-0.93548
-0.93755
-0.94094
0
-0.9375
0
0
0
0
-0.94038
0
0
0
0
0
0
0
0
0
0
0
0
0
0
0
0
-1.4841
0
0
0
0
0
-2.0507
0
0
0
0
0
0
0
0
0
0
0
0
0
0
0
0
0
0
0
0
0
0
0
0
0
0
0
0
0
0
0
-1.3341
0
0
0
0
0
0
0
0
0
0
0
0
0
0
0
-0.93527
-0.93466
-0.93572
-0.93707
-0.93468
-0.93411
-0.93677
-0.93559
-0.93604
-0.93601
-0.93318
-0.9337
-0.93686
-0.93563
-0.93696
-0.93467
-0.93313
-0.93405
-0.93495
-0.93518
-0.94058
-0.9361
-0.93518
-0.93211
-0.93194
-0.93622
-0.92867
-0.93533
48.1825
-0.93173
-0.92831
-0.92963
-0.92665
-0.93292
-0.93451
-0.93411
-0.9315
-0.93149
-0.93336
-0.93691
-0.9327
-0.93269
-0.93269
-0.93559
-0.93035
-0.93224
-0.9355
-0.93277
-0.93213
-0.93543
0
-0.93139
0
0
0
0
0
0
0
0
0
0
0
0
0
0
0
0
0
0
0
0
0
0
0
0
0
0
0
-1.4875
0
0
0
0
0
0
0
0
0
0
0
0
0
0
0
0
0
0
0
0
0
0
0
0
0
0
0
0
0
0
0
0
0
0
0
0
0
0
0
0
0
0
0
0
-0.93799
-0.93727
-0.93897
-0.93972
-0.93727
-0.93668
-0.93968
-0.93827
-0.93666
-0.93882
-0.93582
-0.93641
-0.93945
-0.9382
-0.9394
-0.9376
-0.93568
-0.93664
-0.93769
-0.93795
-0.94347
-0.93879
-0.93798
-0.93491
-0.93471
-0.939
-0.9313
-0.9363
-0.93173
48.8562
-0.93094
-0.93245
-0.92957
-0.93556
-0.93724
-0.93675
-0.93412
-0.93412
-0.93611
-0.93961
-0.93534
-0.93533
-0.93533
-0.93841
-0.93313
-0.93494
-0.93822
-0.93548
-0.93477
-0.9381
0
-0.93406
0
0
0
0
0
0
0
0
0
0
0
0
0
0
0
0
0
0
0
0
0
0
0
0
-2.0323
0
0
0
0
0
0
0
0
0
0
0
0
0
0
0
0
0
0
0
0
0
0
0
0
0
0
0
0
0
0
0
0
0
0
0
0
0
0
0
0
0
0
0
0
0
0
0
-0.93432
-0.93378
-0.93539
-0.93597
-0.93379
-0.93323
-0.93606
-0.93478
-0.93521
-0.93529
-0.93236
-0.93285
-0.936
-0.93478
-0.93597
-0.9339
-0.93229
-0.93317
-0.93422
-0.93436
-0.93963
-0.93523
-0.9343
-0.93129
-0.93112
-0.93528
-0.92791
-0.93389
-0.92831
-0.93094
46.6668
-0.92897
-0.92594
-0.93214
-0.93356
-0.9333
-0.93067
-0.93067
-0.93253
-0.93601
-0.93187
-0.93186
-0.93187
-0.93472
-0.92959
-0.93145
-0.93461
-0.93195
-0.93132
-0.93458
0
0
0
0
0
0
-0.94355
0
0
0
0
0
0
0
0
0
0
0
0
0
0
0
0
0
0
0
0
0
0
0
0
0
0
0
0
0
0
0
0
0
0
0
0
0
0
0
0
0
0
0
0
0
0
0
0
0
0
0
0
0
0
0
0
0
0
0
0
0
0
0
0
0
0
0
-0.93608
-0.93537
-0.93695
-0.9377
-0.93538
-0.93471
-0.93664
-0.9363
-0.93666
-0.93665
-0.93381
-0.93423
-0.93758
-0.93638
-0.93749
-0.93539
-0.93382
-0.93472
-0.9356
-0.93597
-0.94119
-0.9369
-0.93592
-0.93286
-0.9327
-0.937
-0.92933
-0.93503
-0.92963
-0.93245
-0.92897
47.0137
-0.92701
-0.93349
-0.93511
-0.93469
-0.93205
-0.93205
-0.93375
-0.93739
-0.93326
-0.93326
-0.93326
-0.93613
-0.93083
-0.93282
-0.93601
0
-0.93275
0
0
0
0
0
0
0
0
0
0
0
0
0
0
0
0
0
0
0
-1.144
0
0
0
0
0
0
0
0
0
0
0
0
0
-1.9464
0
0
0
0
0
0
0
0
0
0
0
0
0
0
0
0
0
0
0
0
0
0
0
0
0
0
0
0
0
0
0
0
0
0
0
0
0
0
0
0
0
-0.93276
-0.9322
-0.93376
-0.93438
-0.93219
-0.93174
-0.93263
-0.93287
-0.93334
-0.93251
-0.93054
-0.93103
-0.93462
-0.93341
-0.93449
-0.93109
-0.93088
-0.93177
-0.93215
-0.93295
-0.93846
-0.93386
-0.9329
-0.92987
-0.92975
-0.93409
-0.92639
-0.93157
-0.92665
-0.92957
-0.92594
-0.92701
45.4453
-0.93072
-0.9322
-0.93198
-0.92932
-0.92932
-0.93063
-0.93471
-0.93054
-0.93054
-0.93054
-0.93339
-0.92784
-0.92999
0
0
0
0
0
0
0
0
0
0
0
0
0
0
0
0
0
0
0
0
0
0
0
0
0
0
0
0
0
0
0
0
0
0
0
0
0
0
0
0
0
0
0
0
0
0
0
0
0
0
0
0
0
0
0
0
0
0
-1.7632
0
0
0
0
0
0
0
0
0
0
0
0
0
0
0
-1.763
0
0
0
-0.93892
-0.93839
-0.93999
-0.94058
-0.93839
-0.93784
-0.94065
-0.93936
-0.9398
-0.93989
-0.93694
-0.93743
-0.9406
-0.93937
-0.94057
-0.93848
-0.93686
-0.93779
-0.93881
-0.939
-0.94423
-0.93983
-0.93894
-0.93591
-0.93575
-0.9399
-0.9325
-0.93816
-0.93292
-0.93556
-0.93214
-0.93349
-0.93072
43.1476
-0.9387
-0.93839
-0.93569
-0.93568
-0.93775
-0.94117
-0.93699
-0.93699
-0.93698
-0.93995
-0.93478
-0.93658
0
0
0
0
0
0
0
0
0
0
-0.94829
0
0
0
0
0
0
0
0
0
0
0
0
0
0
0
0
0
0
0
0
0
0
0
0
0
0
0
0
0
0
0
0
0
0
0
0
0
0
0
0
0
0
0
0
0
0
0
0
0
0
0
0
0
0
0
0
0
0
0
0
0
0
0
0
0
0
0
-0.94024
-0.94001
-0.94131
-0.94176
-0.94001
-0.93948
-0.94252
-0.94112
-0.94164
-0.94169
-0.93868
-0.93923
-0.94233
-0.94109
-0.94233
-0.94017
-0.93861
-0.93956
-0.94056
-0.94072
-0.94623
-0.94156
-0.94067
-0.93763
-0.93747
-0.94168
-0.93419
-0.93988
-0.93451
-0.93724
-0.93356
-0.93511
-0.9322
-0.9387
41.7151
-0.94053
-0.93761
-0.93761
-0.94002
-0.94343
-0.93931
-0.93931
-0.93931
0
0
0
0
0
0
0
-0.935
0
0
0
0
0
0
0
0
0
0
0
0
0
0
0
-1.3193
0
0
0
0
0
0
0
0
0
0
0
0
0
0
0
0
0
0
0
0
0
0
0
0
0
0
0
0
0
0
0
0
0
0
0
0
0
0
0
0
0
0
0
0
0
0
0
0
0
0
0
0
0
0
0
0
0
-0.94015
-0.93958
-0.94121
-0.94179
-0.93958
-0.939
-0.94184
-0.94053
-0.94094
-0.94107
-0.93811
-0.9386
-0.94173
-0.94051
-0.94171
-0.93968
-0.93801
-0.93894
-0.93996
-0.94008
-0.94532
-0.94097
-0.9401
-0.93707
-0.93691
-0.94101
-0.93368
-0.93936
-0.93411
-0.93675
-0.9333
-0.93469
-0.93198
-0.93839
-0.94053
40.3793
-0.93662
-0.93662
-0.93938
-0.94263
-0.93851
-0.93851
-0.9385
-0.94132
0
0
0
0
0
0
0
0
0
0
0
0
0
0
0
0
0
0
0
0
0
0
0
0
0
0
0
0
0
0
0
0
0
0
0
0
0
0
0
0
0
0
0
0
0
0
0
0
0
0
0
0
0
0
0
0
0
0
0
0
0
0
0
0
0
0
0
0
0
0
0
0
0
0
0
0
0
0
0
0
-0.93754
-0.93697
-0.93861
-0.93919
-0.93698
-0.93641
-0.93924
-0.93794
-0.93835
-0.93846
-0.9355
-0.936
-0.93913
-0.93792
-0.9391
-0.93708
-0.93541
-0.93632
-0.93736
-0.93748
-0.94278
-0.93837
-0.93749
-0.93447
-0.93431
-0.93841
-0.93107
-0.93674
-0.9315
-0.93412
-0.93067
-0.93205
-0.92932
-0.93569
-0.93761
-0.93662
39.3263
-0.93244
-0.93567
-0.93914
-0.93559
-0.93559
-0.93559
0
0
0
0
0
0
0
0
0
0
0
0
0
0
0
0
0
0
0
0
0
0
0
0
0
0
0
0
0
0
0
0
0
0
0
0
0
0
0
0
0
0
0
0
0
0
0
0
0
0
0
0
0
0
0
0
0
0
0
0
0
0
0
0
0
0
0
0
0
0
0
0
0
0
0
0
0
0
0
0
0
-0.93754
-0.93698
-0.93861
-0.93919
-0.93697
-0.9364
-0.93924
-0.93793
-0.93834
-0.93847
-0.9355
-0.93598
-0.93913
-0.93792
-0.9391
-0.93708
-0.93541
-0.93633
-0.93736
-0.93748
-0.94278
-0.93836
-0.9375
-0.93447
-0.93429
-0.93842
-0.93106
-0.93673
-0.93149
-0.93412
-0.93067
-0.93205
-0.92932
-0.93568
-0.93761
-0.93662
-0.93244
39.3262
-0.93567
-0.93914
-0.9356
-0.93559
-0.93558
0
0
0
0
0
0
0
0
0
0
0
0
0
0
0
0
0
0
0
0
0
0
0
0
0
0
0
0
0
0
0
0
0
0
0
0
0
0
0
0
0
0
0
0
0
0
0
0
0
0
0
0
0
0
0
0
0
0
0
0
0
0
0
0
0
0
0
0
0
0
0
0
0
0
0
0
0
0
0
0
0
-0.93937
-0.9388
-0.94044
-0.94096
-0.9388
-0.93836
-0.94033
-0.9397
-0.94015
-0.9398
-0.93731
-0.93784
-0.94113
-0.93996
-0.9411
-0.93839
-0.93744
-0.93831
-0.93906
-0.93945
-0.945
-0.94047
-0.93902
-0.93645
-0.93628
-0.94043
-0.933
-0.93836
-0.93336
-0.93611
-0.93253
-0.93375
-0.93063
-0.93775
-0.94002
-0.93938
-0.93567
-0.93567
38.7818
0
0
0
0
0
0
0
0
0
0
0
0
0
0
0
0
0
0
0
0
0
0
0
0
0
0
0
0
0
0
0
0
0
0
0
0
0
0
0
0
0
0
0
0
0
0
0
0
0
0
0
0
0
-1.4995
0
0
0
0
0
0
0
0
0
0
0
0
0
-1.6317
0
0
0
0
0
0
0
0
0
0
0
0
0
0
0
0
0
-0.94322
-0.94249
-0.94429
-0.94499
-0.94249
-0.94192
-0.94503
-0.94353
-0.94412
-0.94408
-0.94104
-0.94162
-0.94377
-0.9434
-0.94465
-0.94282
-0.94086
-0.94183
-0.94292
-0.94294
-0.9486
-0.94392
-0.94361
-0.93988
-0.93971
-0.94202
-0.93643
-0.94158
-0.93691
-0.93961
-0.93601
-0.93739
-0.93471
-0.94117
-0.94343
-0.94263
-0.93914
-0.93914
0
37.649
0
0
0
0
0
0
0
0
0
0
0
0
0
0
0
0
0
0
0
0
0
0
0
0
0
0
0
0
0
0
0
0
0
0
0
0
0
0
0
0
0
0
0
0
0
-1.8611
0
0
0
0
0
0
0
0
0
0
0
0
0
0
0
0
0
0
0
0
0
0
0
0
0
0
0
0
0
0
0
0
0
0
0
0
0
0
-0.93874
-0.93819
-0.93982
-0.94039
-0.93819
-0.93762
-0.94047
-0.93914
-0.93955
-0.93968
-0.93671
-0.9372
-0.94037
-0.93912
-0.94033
-0.93829
-0.93663
-0.93754
-0.93859
-0.9387
-0.94401
-0.93959
-0.93872
-0.93568
-0.93551
-0.93967
-0.93227
-0.93798
-0.9327
-0.93534
-0.93187
-0.93326
-0.93054
-0.93699
-0.93931
-0.93851
-0.93559
-0.9356
0
0
35.6284
0
0
0
0
0
0
0
0
0
0
0
0
0
0
0
0
0
0
0
0
0
0
0
0
0
0
0
0
0
0
0
0
0
0
0
0
0
0
0
0
0
0
0
0
0
0
0
0
0
0
0
0
0
0
0
0
0
0
0
0
0
0
0
0
0
0
0
0
0
0
0
0
0
0
0
0
0
0
0
0
0
0
0
-0.93874
-0.93819
-0.93982
-0.9404
-0.93819
-0.93761
-0.94047
-0.93915
-0.93955
-0.93968
-0.93671
-0.9372
-0.94036
-0.93913
-0.94033
-0.9383
-0.93663
-0.93755
-0.93858
-0.9387
-0.94401
-0.93958
-0.93871
-0.93568
-0.93552
-0.93967
-0.93227
-0.93799
-0.93269
-0.93533
-0.93186
-0.93326
-0.93054
-0.93699
-0.93931
-0.93851
-0.93559
-0.93559
0
0
0
35.6284
0
0
0
0
0
0
0
0
0
0
0
0
0
0
0
0
0
0
0
0
0
0
0
0
0
0
0
0
0
0
0
0
0
0
0
0
0
0
0
0
0
0
0
0
0
0
0
0
0
0
0
0
0
0
0
0
0
0
0
0
0
0
0
0
0
0
0
0
0
0
0
0
0
0
0
0
0
0
0
0
0
0
-0.93874
-0.93819
-0.93981
-0.9404
-0.93819
-0.93761
-0.94046
-0.93915
-0.93955
-0.93969
-0.93671
-0.9372
-0.94035
-0.93913
-0.94033
-0.93831
-0.93663
-0.93754
-0.93858
-0.9387
-0.94401
-0.93957
-0.93871
-0.93568
-0.93551
-0.93968
-0.93226
-0.93798
-0.93269
-0.93533
-0.93187
-0.93326
-0.93054
-0.93698
-0.93931
-0.9385
-0.93559
-0.93558
0
0
0
0
35.6283
0
0
0
0
0
0
0
0
0
0
0
0
0
0
0
0
0
0
0
0
0
0
0
0
0
0
0
0
0
0
0
0
0
0
0
0
0
0
0
0
0
0
0
0
0
0
0
0
0
0
0
0
0
0
0
0
0
0
0
0
0
0
0
0
0
0
0
0
0
0
0
0
0
0
0
0
0
0
0
0
0
-0.94212
-0.94133
-0.94302
-0.94369
-0.94133
-0.94068
-0.94391
-0.94217
-0.943
-0.94279
-0.93988
-0.94037
-0.94347
-0.94218
-0.94339
-0.94163
-0.93963
-0.94065
-0.94162
-0.94166
-0.94355
-0.94258
-0.94171
-0.93865
-0.93844
-0.94279
-0.93516
-0.94122
-0.93559
-0.93841
-0.93472
-0.93613
-0.93339
-0.93995
0
-0.94132
0
0
0
0
0
0
0
36.4337
0
0
0
0
0
0
0
0
0
0
0
0
0
0
0
0
0
-1.1263
0
0
0
0
0
0
0
0
0
0
0
0
0
0
0
0
0
0
0
0
0
0
0
0
0
0
0
0
0
0
0
-2.3853
0
0
0
0
0
0
0
0
0
0
0
0
0
0
0
0
0
0
0
0
0
0
0
0
0
0
0
0
0
0
-0.93623
-0.93567
-0.93742
-0.93808
-0.93567
-0.93532
-0.9374
-0.93669
-0.93716
-0.93672
-0.9343
-0.9348
-0.9381
-0.93691
-0.93803
-0.9355
-0.93441
-0.93527
-0.93606
-0.93641
-0.94191
-0.93734
-0.93631
-0.93342
-0.93329
-0.93746
-0.93002
-0.93548
-0.93035
-0.93313
-0.92959
-0.93083
-0.92784
-0.93478
0
0
0
0
0
0
0
0
0
0
33.8414
0
0
0
0
0
0
0
0
0
0
0
0
0
0
0
0
0
0
-1.079
0
0
0
0
0
0
0
0
0
0
0
0
0
0
0
0
0
0
0
0
0
0
0
0
0
0
0
0
0
0
0
0
0
0
0
0
0
0
0
0
0
0
0
0
0
0
0
0
0
0
0
0
-0.96447
0
0
0
0
0
0
0
-0.9384
-0.93779
-0.9394
-0.94001
-0.93779
-0.93721
-0.94005
-0.93853
-0.93919
-0.93906
-0.93632
-0.93678
-0.93999
-0.93875
-0.9399
-0.93782
-0.93623
-0.93715
-0.93809
-0.93827
-0.94366
-0.93896
-0.93831
-0.93531
-0.9351
-0.93932
-0.93185
-0.93755
-0.93224
-0.93494
-0.93145
-0.93282
-0.92999
-0.93658
0
0
0
0
0
0
0
0
0
0
0
32.9853
0
0
0
0
0
0
0
0
0
0
0
0
0
0
0
-1.1205
0
0
0
0
0
0
0
0
0
0
0
0
0
0
0
0
0
0
0
0
0
0
0
0
0
0
0
0
0
0
0
0
0
0
0
0
0
0
0
0
0
0
0
0
0
0
0
0
0
0
0
0
0
0
0
0
0
0
0
0
0
0
-0.94148
-0.94066
-0.9427
-0.94343
-0.94067
-0.94036
-0.9434
-0.94205
-0.9426
-0.94255
-0.9396
-0.94016
-0.94323
-0.94196
-0.94319
-0.94128
-0.93942
-0.93865
-0.94143
-0.9415
-0.94716
-0.94259
-0.94152
-0.93844
-0.93828
-0.94256
-0.93501
-0.94094
-0.9355
-0.93822
-0.93461
-0.93601
0
0
0
0
0
0
0
0
0
0
0
0
0
0
31.7987
0
0
0
0
0
0
0
0
0
0
0
0
0
0
0
0
0
0
0
0
0
0
0
0
0
0
0
0
0
0
0
0
0
0
0
0
0
0
0
0
-1.6976
0
0
0
0
0
0
0
0
0
0
0
0
0
0
0
0
0
0
0
0
0
0
0
0
0
0
0
0
0
0
0
0
0
0
0
0
-0.93885
-0.93828
-0.93984
-0.94037
-0.93829
-0.9377
-0.94023
-0.93922
-0.93959
-0.93981
-0.93671
-0.93719
-0.94048
-0.9392
-0.94038
-0.93811
-0.93669
-0.93763
-0.93893
-0.9388
-0.94412
-0.93996
-0.93886
-0.93598
-0.93565
-0.93986
-0.93237
0
-0.93277
-0.93548
-0.93195
0
0
0
0
0
0
0
0
0
0
0
0
0
0
0
0
30.0699
0
0
0
0
0
0
-0.94551
0
0
0
0
0
0
0
0
0
0
0
0
0
0
0
0
0
0
0
0
-0.98108
0
0
0
0
0
0
0
0
0
0
0
0
0
0
0
0
0
0
0
0
0
0
0
0
0
0
0
0
0
0
0
0
0
0
0
0
0
0
0
0
0
0
0
0
0
0
0
0
-0.93824
-0.93766
-0.93931
-0.93988
-0.93767
-0.93709
-0.94
-0.93862
-0.93902
-0.9392
-0.93618
-0.93667
-0.93983
-0.93859
-0.93978
-0.93781
-0.93608
-0.937
-0.93806
-0.93816
-0.94345
-0.93903
-0.93817
-0.93514
-0.93497
-0.93914
-0.93171
-0.9375
-0.93213
-0.93477
-0.93132
-0.93275
0
0
0
0
0
0
0
0
0
0
0
0
0
0
0
0
29.9949
0
0
0
0
0
0
0
0
0
0
0
0
0
0
0
0
0
0
0
0
0
0
0
0
0
0
0
0
0
0
0
0
0
0
0
0
0
0
0
0
0
0
0
0
0
0
0
0
0
0
0
0
0
0
0
0
0
0
0
0
0
0
0
0
0
0
0
0
0
0
0
0
0
0
0
-0.94143
-0.94086
-0.9425
-0.94307
-0.94086
-0.94028
-0.94327
-0.94182
-0.94227
-0.94242
-0.93938
-0.93987
-0.94305
-0.9418
-0.943
-0.94104
-0.93928
-0.94018
-0.94129
-0.94141
-0.94667
-0.94226
-0.94142
-0.93839
-0.93821
-0.9424
-0.93494
0
-0.93543
-0.9381
-0.93458
0
0
0
0
0
0
0
0
0
0
0
0
0
0
0
0
0
0
28.2215
0
0
0
0
0
0
0
0
0
0
0
0
0
0
0
0
0
0
0
0
0
0
0
0
0
0
0
0
0
0
0
0
0
0
0
0
0
0
0
0
0
0
0
0
0
0
0
0
0
0
0
0
0
0
0
0
0
0
0
0
0
0
0
0
0
0
0
0
0
0
0
0
0
0
-0.93442
-0.93379
-0.93555
-0.93609
-0.93378
-0.93331
-0.93627
-0.93497
-0.93547
-0.93538
-0.93251
-0.93299
-0.93621
-0.93497
-0.93616
-0.93414
-0.93245
-0.93318
-0.93472
-0.9346
-0.93982
0
-0.93458
-0.93151
-0.93138
-0.93554
-0.92811
0
0
0
0
0
0
0
-0.935
0
0
0
0
0
0
0
0
0
0
0
0
0
0
0
27.0497
0
0
0
0
0
0
0
0
0
-1.013
0
0
0
0
0
0
0
0
0
0
0
0
0
0
0
0
0
0
0
-0.80974
0
0
0
0
0
0
0
0
0
0
0
0
0
0
0
0
0
0
0
0
0
0
0
0
0
0
0
0
0
0
0
0
0
0
0
0
0
0
0
0
0
0
0
-0.93733
-0.93677
-0.93842
-0.93898
-0.93677
-0.93618
-0.93917
-0.93772
-0.93816
-0.93832
-0.93529
-0.93577
-0.93894
-0.93769
-0.93889
-0.93693
-0.93517
-0.93607
-0.93718
-0.93728
-0.94252
-0.93821
-0.93731
-0.93428
-0.9341
-0.93828
-0.93083
0
-0.93139
-0.93406
0
0
0
0
0
0
0
0
0
0
0
0
0
0
0
0
0
0
0
0
0
27.168
0
0
0
0
0
0
0
0
0
0
0
0
0
0
0
0
0
0
0
0
0
0
0
0
0
0
0
0
0
0
0
0
0
0
0
0
0
0
0
0
0
0
0
0
0
0
0
0
0
0
0
0
0
0
0
0
0
0
0
0
0
0
0
0
0
0
0
0
0
0
0
0
-0.94453
-0.94382
-0.94549
-0.9462
-0.94383
-0.94319
-0.94661
-0.94449
-0.94545
-0.94588
-0.94233
-0.94292
-0.94605
-0.94471
-0.94592
-0.94405
-0.94217
-0.94313
0
-0.94427
0
0
0
0
-0.94107
0
0
0
0
0
0
0
0
0
0
0
0
0
0
0
0
0
0
0
0
0
0
0
0
0
0
0
20.4946
0
0
0
0
0
0
0
0
0
0
0
0
0
0
0
0
0
0
0
0
0
0
0
0
0
0
0
0
0
0
-1.6085
0
0
0
0
0
0
0
0
0
0
0
0
0
0
0
0
0
0
0
0
0
0
0
0
0
0
0
0
0
0
0
0
0
0
0
0
0
0
0
0
-0.94087
-0.94027
-0.94198
-0.94257
-0.94028
-0.93976
-0.94266
-0.94132
-0.94169
-0.94196
-0.93885
-0.93943
-0.94254
-0.94129
-0.94248
0
-0.93878
-0.93966
0
0
0
0
0
0
0
0
0
-0.94038
0
0
0
0
0
0
0
0
0
0
0
0
0
0
0
0
0
0
0
0
0
0
0
0
0
17.9519
0
0
0
0
0
0
0
0
-1.0151
0
0
0
0
0
0
0
0
0
0
0
0
0
0
0
0
0
0
0
0
0
0
0
0
0
0
0
0
0
0
0
0
0
0
0
0
0
0
0
0
0
0
0
0
0
0
0
0
0
0
0
0
0
0
0
0
0
0
0
0
0
-0.94847
-0.94782
-0.94956
-0.95002
-0.94782
-0.9472
-0.9506
-0.94881
-0.94935
0
-0.94637
-0.94696
-0.95001
-0.94871
-0.94995
0
-0.94618
0
0
0
0
0
0
0
0
0
0
0
0
0
0
0
0
0
0
0
0
0
0
0
0
0
0
0
0
0
0
-0.94551
0
0
0
0
0
0
15.1734
0
0
0
0
0
0
0
0
0
0
0
0
0
0
0
0
0
0
0
0
0
0
0
0
0
0
0
0
0
0
0
0
0
0
0
0
0
0
0
0
0
0
0
0
0
0
0
0
0
0
0
0
0
0
0
0
0
0
0
0
0
0
0
0
0
0
0
0
0
-0.93774
-0.93707
-0.93881
-0.93926
-0.93707
-0.93643
-0.93989
-0.93803
-0.93858
0
-0.93561
-0.93619
-0.93918
-0.9379
-0.93912
0
-0.93537
0
0
0
0
0
0
0
0
0
0
0
0
0
0
0
0
0
0
0
0
0
0
0
0
0
0
0
0
0
0
0
0
0
0
0
0
0
0
14.0662
0
0
0
0
0
0
0
0
0
0
0
0
0
0
0
0
0
0
0
0
0
0
0
0
0
0
0
0
0
0
0
0
0
0
0
0
0
0
0
0
0
0
0
0
0
0
0
0
0
0
0
0
0
0
0
0
0
0
0
0
0
0
0
0
0
0
0
0
-0.94769
-0.94902
-0.94892
-0.94955
-0.94902
-0.94885
0
0
0
0
0
0
0
0
0
0
0
0
0
0
0
0
0
0
0
0
0
0
0
0
-0.94355
0
0
-0.94829
0
0
0
0
0
0
0
0
0
0
0
0
0
0
0
0
0
0
0
0
0
0
11.6359
0
0
0
0
0
0
0
0
0
-1.2316
0
0
0
0
0
0
0
0
0
0
0
0
0
0
-0.96689
0
0
-0.54713
0
0
0
0
0
0
0
0
0
0
0
0
0
0
0
0
0
0
0
0
0
0
0
0
0
0
0
0
0
0
0
0
0
0
0
0
0
0
-1.3054
-0.96196
-0.96205
-0.96275
-0.96195
-0.96205
-0.96127
0
-0.96436
-0.96497
0
-0.96158
0
0
-0.96378
0
0
0
0
0
0
0
0
0
0
0
0
0
0
0
0
0
0
0
0
0
0
0
0
0
0
0
0
0
0
0
0
0
0
0
0
0
0
0
0
0
0
0
10.8566
0
0
0
0
0
0
-1.2299
0
0
0
0
0
0
0
0
0
0
0
0
0
0
0
0
0
0
0
0
0
0
0
0
0
0
0
0
0
0
0
0
0
0
0
0
0
0
0
0
0
0
0
0
0
0
0
0
0
0
0
0
0
0
0
0
0
0
0
-0.98088
-0.98034
-0.98072
-0.98031
-0.98033
-0.97942
0
0
0
0
0
0
0
0
0
0
0
0
0
0
0
0
0
0
0
0
0
0
0
0
0
0
0
0
0
0
0
0
0
0
0
0
0
0
0
0
0
0
0
0
0
0
0
0
0
0
0
0
10.9614
0
0
-1.1211
0
0
-1.2655
0
0
0
0
0
0
0
0
0
0
0
0
0
0
0
0
0
-1.7619
0
0
0
0
0
0
0
0
0
0
0
0
0
0
0
0
0
0
0
0
0
0
0
0
0
0
0
0
0
-0.93105
0
0
0
0
0
0
0
0
0
0
0
-0.99022
-0.98939
-0.99142
-0.99183
-0.98938
-0.98871
0
-0.9907
-0.99131
0
-0.98824
0
0
0
0
0
0
0
0
0
0
0
0
0
0
0
0
0
0
0
0
0
0
0
0
0
0
0
0
0
0
0
0
0
0
0
0
0
0
0
0
0
0
0
0
0
0
0
0
8.9112
0
0
0
0
0
0
0
0
0
0
0
0
0
0
0
0
0
0
0
0
0
0
0
0
0
0
0
0
0
0
0
0
0
0
0
0
0
0
0
0
0
0
0
0
0
0
0
0
0
0
0
0
0
0
0
0
0
0
0
0
0
0
0
0
-1.0239
-1.0227
-1.0268
-1.0281
-1.0227
-1.024
0
0
0
0
0
0
0
0
0
0
0
0
0
0
0
0
0
0
0
0
0
0
0
0
0
0
0
0
0
0
0
0
0
0
0
0
0
0
0
0
0
0
0
0
-1.013
0
0
0
0
0
0
0
0
0
8.6463
0
0
0
0
0
0
0
0
0
0
0
0
-1.4851
0
0
0
0
0
0
0
0
0
0
0
0
0
0
0
0
0
0
0
0
0
0
0
0
0
0
0
0
0
0
0
0
0
0
0
0
0
0
0
0
0
0
0
0
0
0
0
0
0
0
0
0
0
0
0
0
0
-1.1316
0
0
0
0
0
0
0
0
0
0
0
0
0
0
0
0
0
0
0
0
0
0
0
0
0
0
0
0
0
0
0
0
0
0
0
-1.1263
0
-1.1205
0
0
0
0
0
0
0
0
0
0
0
0
-1.1211
0
0
9.0827
0
0
0
0
0
0
0
-1.2688
0
0
0
0
0
0
0
0
0
0
0
0
0
-1.5039
0
0
0
0
0
0
0
0
0
0
0
0
0
0
0
-1.8106
0
0
0
0
0
0
0
0
0
0
0
0
0
0
0
0
0
0
0
0
0
0
0
0
0
0
0
0
0
0
0
0
0
0
0
0
0
0
0
0
0
0
0
0
0
-1.0292
0
-1.0236
0
0
0
0
0
0
0
0
0
0
0
0
0
0
0
0
0
0
0
0
0
0
0
0
0
0
0
0
0
-1.0151
0
0
0
0
0
0
0
0
6.637
-1.1279
0
0
0
0
0
0
0
0
-1.222
0
0
-1.2192
0
0
0
0
0
0
0
0
0
0
0
0
0
0
0
0
0
0
0
0
0
0
0
0
0
0
0
0
0
0
0
0
0
0
0
0
0
0
0
0
0
0
0
0
0
0
0
0
-1.0868
-1.0865
0
0
-1.0865
0
0
0
0
-1.0892
0
0
0
0
0
0
0
0
0
0
0
0
0
0
0
0
0
0
0
0
0
0
0
0
0
0
0
0
0
0
0
0
0
0
-1.079
0
0
0
0
0
0
0
0
0
0
0
0
0
0
0
0
0
-1.1279
6.5558
0
0
0
0
0
0
0
0
0
0
0
0
0
0
0
0
0
0
0
0
0
0
0
0
0
0
0
0
0
0
0
0
0
0
0
0
0
0
0
0
0
0
0
0
0
0
0
0
0
0
0
0
0
0
0
0
0
0
0
0
0
0
0
0
0
0
0
0
0
0
0
0
0
0
0
-1.3194
0
0
0
0
0
0
0
0
0
0
0
0
0
0
0
0
0
0
0
0
0
0
0
0
0
0
0
0
0
0
0
0
0
0
0
0
0
0
0
0
0
-1.2299
-1.2655
0
0
0
0
0
6.782
-1.4113
0
0
0
0
0
0
0
0
0
0
0
0
0
0
0
0
0
0
0
0
0
0
0
-1.5559
0
0
0
0
0
0
0
0
0
0
0
0
0
0
0
0
0
0
0
0
0
0
0
0
0
0
0
0
0
0
0
0
0
0
-1.1267
-1.1268
0
0
-1.1268
0
0
0
0
0
0
0
0
0
0
0
0
0
0
0
0
0
0
0
0
0
0
0
0
0
0
0
0
0
0
0
0
0
0
0
0
0
0
0
0
0
0
0
0
0
0
0
0
0
0
0
0
0
0
0
0
0
0
0
-1.4113
6.5357
0
0
0
0
0
0
0
0
0
0
0
0
0
0
0
0
0
0
0
0
0
0
0
0
-1.7442
0
0
0
0
0
0
0
0
0
0
0
0
0
0
0
0
0
0
0
0
0
0
0
0
0
0
0
0
0
0
0
0
0
-1.324
0
-1.3258
0
0
0
0
0
0
0
0
0
0
0
0
0
0
0
0
0
0
0
0
0
0
0
0
0
0
0
0
0
0
0
-1.3193
0
0
0
0
0
0
0
0
0
0
0
0
0
0
0
0
0
0
0
0
0
-1.2316
0
0
0
0
0
0
0
0
0
6.8742
0
0
0
0
0
0
0
0
0
0
0
0
0
0
0
0
0
0
0
0
0
0
-1.6735
0
0
0
0
0
0
0
0
0
0
0
0
0
0
0
0
0
0
0
0
0
0
0
0
0
0
0
0
0
0
0
0
0
0
-1.3266
-1.324
0
0
-1.324
0
0
0
0
0
0
0
0
0
0
0
0
0
0
0
0
0
0
0
0
0
0
0
0
0
0
0
0
0
0
0
0
0
0
0
0
0
0
0
0
0
0
0
0
0
0
0
0
0
0
0
0
0
0
0
0
0
0
0
0
0
0
5.404
0
0
0
0
0
-1.4294
0
0
0
0
0
0
0
0
0
0
0
0
0
0
0
0
0
0
0
0
0
0
0
0
0
0
0
0
0
0
0
0
0
0
0
0
0
0
0
0
0
0
0
0
0
0
0
0
0
0
0
0
0
0
0
0
0
0
0
-1.1491
0
0
0
0
0
0
0
0
0
0
0
0
0
0
0
0
0
0
0
0
0
-1.144
0
0
0
0
0
0
0
0
0
0
0
0
0
0
0
0
0
0
0
0
0
0
0
0
0
0
0
0
0
0
0
0
0
0
0
0
5.3253
0
0
0
0
0
0
0
0
0
0
0
0
0
0
0
0
0
-1.267
0
0
0
-1.7652
0
0
0
0
0
0
0
0
0
0
0
0
0
0
0
0
0
0
0
0
0
0
0
0
0
0
0
0
0
0
0
0
0
0
0
0
0
0
0
0
0
0
0
0
0
0
0
0
0
0
0
-1.1764
0
0
0
0
0
0
0
0
0
0
0
0
0
0
0
0
0
0
0
0
0
0
0
0
0
0
0
0
0
0
0
0
0
0
0
0
0
0
0
0
0
0
-1.2688
0
0
0
0
0
0
0
4.8513
0
0
-1.2126
0
0
0
0
0
0
0
0
-1.1935
0
0
0
0
0
0
0
0
0
0
0
0
0
0
0
0
0
0
0
0
0
0
0
0
0
0
0
0
0
0
0
0
0
0
0
0
0
0
0
0
0
0
0
0
0
0
0
0
0
0
0
0
0
0
-1.482
0
0
0
0
0
0
0
0
0
0
0
0
0
0
-1.4841
0
0
0
0
0
0
0
0
0
0
0
0
0
0
0
0
0
0
0
0
0
0
0
0
0
0
0
0
0
0
0
0
0
0
0
0
0
0
0
0
0
0
6.0087
0
0
0
0
0
0
0
0
0
0
0
0
0
0
-1.3436
0
0
-1.699
0
0
0
0
0
0
0
0
0
0
0
0
0
0
0
0
0
0
0
0
0
0
0
0
0
0
0
0
0
0
0
0
0
0
0
-1.5942
0
-1.5926
0
0
0
-1.6077
0
0
0
0
0
0
0
0
0
0
0
0
0
0
0
0
0
0
0
0
0
0
0
0
0
0
0
0
0
0
0
0
0
0
0
0
0
0
0
0
0
0
0
0
0
0
0
0
0
0
0
0
0
0
0
0
0
0
0
0
0
0
0
0
6.572
0
0
0
0
0
0
0
0
0
0
0
0
0
0
0
0
0
0
0
0
0
0
0
0
0
0
-1.7774
0
0
0
0
0
0
0
0
0
0
0
0
0
0
0
0
0
0
0
0
0
0
0
0
0
0
0
0
0
0
0
0
0
0
0
0
0
0
0
0
0
0
0
0
0
0
0
0
0
0
0
0
0
0
0
0
0
0
0
0
0
0
0
0
0
0
0
0
0
0
0
0
0
0
0
0
0
0
0
0
0
0
0
0
0
0
0
-1.222
0
0
0
0
0
0
-1.2126
0
0
4.7465
0
0
-1.3626
0
0
0
0
0
0
0
0
0
0
0
0
0
0
0
0
0
0
0
0
0
0
0
0
0
0
0
0
0
0
0
0
0
0
0
0
0
0
0
-0.94933
0
0
0
0
0
0
0
0
0
0
0
0
0
0
0
0
0
0
0
0
0
0
0
0
0
0
0
0
0
0
0
0
0
0
0
0
0
0
0
0
0
0
0
0
0
0
0
0
0
0
0
0
0
0
0
0
0
0
0
0
0
0
0
0
0
0
0
0
-1.4851
0
0
0
0
0
0
-1.4294
0
0
0
0
0
6.921
0
0
0
0
0
0
0
0
0
0
0
0
0
-1.5155
0
0
0
0
0
0
0
0
0
0
0
0
0
0
0
0
0
0
0
0
0
0
0
-2.491
0
0
0
0
0
0
0
0
0
0
0
0
0
0
0
0
0
0
0
0
0
0
0
0
0
0
0
0
0
0
-1.1996
0
0
0
0
0
0
0
0
0
0
0
0
0
0
0
0
0
0
0
0
0
0
0
0
0
0
0
0
0
0
0
0
0
0
0
0
0
0
0
0
0
0
0
0
0
0
0
0
0
0
0
0
0
0
0
5.7187
0
0
0
-1.3592
-1.3602
0
0
0
0
0
0
0
0
0
0
0
0
0
0
0
0
0
0
0
0
0
0
0
0
0
-1.7998
0
0
0
0
0
0
0
0
0
0
0
0
0
0
0
0
0
0
0
0
0
0
0
0
0
0
0
0
0
0
0
0
0
0
0
0
0
0
0
0
0
0
0
0
0
0
0
0
0
0
0
0
0
0
0
0
0
0
0
0
0
0
0
0
0
-0.98108
0
0
0
0
0
0
0
0
0
0
0
0
0
0
-1.2192
0
0
0
0
0
0
0
0
0
-1.3626
0
0
3.5628
0
0
0
0
0
0
0
0
0
0
0
0
0
0
0
0
0
0
0
0
0
0
0
0
0
0
0
0
0
0
0
0
0
0
0
0
0
0
0
0
0
0
0
0
0
0
0
0
0
0
0
0
0
0
0
0
0
0
0
0
0
0
0
0
0
0
0
0
0
0
0
0
0
0
0
-2.0507
0
-2.0323
0
0
0
0
0
0
0
0
0
0
0
0
0
0
0
0
0
0
0
0
0
0
0
0
0
0
0
0
0
0
0
0
0
0
0
0
0
0
0
0
0
0
0
0
0
0
5.6886
0
0
0
0
0
0
0
0
0
0
0
0
0
0
0
0
0
0
-1.6056
0
0
0
0
0
0
0
0
0
0
0
0
0
0
0
0
0
0
0
0
0
0
0
0
0
0
0
0
0
0
0
-2.0986
0
0
0
0
0
0
0
-2.0938
0
0
0
0
0
0
0
0
0
0
0
0
0
0
0
0
0
0
0
0
0
0
0
0
0
0
0
0
0
0
0
0
0
0
0
0
0
0
0
0
0
0
0
0
0
0
0
0
0
0
0
0
0
0
0
0
0
0
0
0
0
0
0
0
0
5.9447
0
0
0
0
0
0
0
0
0
0
0
0
0
0
0
0
0
0
-1.7523
0
0
0
0
0
0
0
0
0
0
0
0
0
0
0
0
0
0
0
0
0
0
0
0
0
0
0
0
0
0
-1.5034
0
0
0
0
0
0
0
0
0
0
-1.4983
0
0
0
0
0
0
0
0
0
0
0
0
0
0
0
0
0
0
0
0
0
0
0
0
0
0
0
0
0
0
0
0
0
0
0
0
0
0
0
0
0
0
0
0
0
0
0
0
0
0
0
0
0
0
0
0
0
0
0
-1.3592
0
0
0
4.3609
0
0
0
0
0
0
0
0
0
0
0
0
0
0
0
0
0
0
0
0
0
0
0
0
0
0
0
0
0
0
0
0
0
0
0
0
0
0
0
0
0
0
0
0
0
0
0
-1.5026
0
0
0
0
0
0
0
0
0
0
0
0
0
0
0
0
0
0
0
0
0
0
0
0
0
-1.4875
0
0
0
0
0
0
0
0
0
0
0
0
0
0
0
0
0
0
0
0
0
0
0
0
0
0
0
0
0
0
0
0
0
0
0
0
0
0
0
0
0
0
0
0
0
-1.3602
0
0
0
0
4.3504
0
0
0
0
0
0
0
0
0
0
0
0
0
0
0
0
0
0
0
0
0
0
0
0
0
0
0
0
0
0
0
0
0
0
0
0
0
0
0
0
0
0
0
0
0
0
0
0
0
0
0
0
0
0
0
0
0
0
0
0
0
0
0
0
0
0
0
0
0
0
0
0
0
0
0
0
0
0
0
0
0
0
0
0
0
0
0
0
0
0
0
0
0
0
-0.80974
0
0
0
0
0
0
0
0
0
0
0
0
0
0
0
0
0
0
0
0
0
0
0
0
0
0
0
0
0
3.3876
-1.7078
0
0
0
0
0
0
0
0
0
0
0
0
0
0
0
0
0
0
0
0
0
0
0
0
0
0
0
0
0
0
0
-0.87004
0
0
0
0
0
0
0
0
0
0
0
0
0
0
0
0
0
0
0
0
0
0
0
0
0
0
0
0
0
0
0
0
0
0
0
0
0
0
0
0
0
0
0
0
0
0
0
0
0
0
0
0
0
0
0
0
0
0
0
0
0
0
0
0
0
0
-0.96689
0
0
0
0
0
0
0
0
0
0
0
0
-1.1935
0
0
0
0
0
0
0
0
0
0
-1.7078
3.8682
0
0
0
0
0
0
0
0
0
0
0
0
0
0
0
0
0
0
0
0
0
0
0
0
0
0
0
0
0
0
0
0
0
0
0
0
0
0
0
0
0
0
0
0
0
0
0
0
0
0
0
0
0
0
0
0
0
0
0
0
0
0
0
0
0
0
0
0
0
0
0
0
0
-1.9464
0
0
0
0
0
0
0
0
0
0
0
0
0
0
0
0
0
0
0
0
0
0
0
0
0
0
-1.7619
0
0
0
0
0
0
0
0
0
0
0
0
0
0
0
0
0
0
0
0
0
0
0
5.1355
0
0
0
0
0
0
0
0
0
0
0
-1.4272
0
0
0
0
0
0
0
0
0
0
0
0
0
0
0
0
0
0
0
0
0
0
0
0
0
0
0
0
0
0
0
0
0
0
0
0
0
0
0
0
0
0
0
0
0
0
0
0
0
0
-1.6812
0
0
0
0
0
0
0
0
0
0
0
0
0
0
0
0
0
0
0
0
0
0
0
0
0
0
0
0
0
0
-1.6085
0
0
0
0
0
0
0
0
-1.5039
0
0
0
0
0
0
0
0
0
0
0
0
0
0
0
0
0
0
0
0
0
4.7936
0
0
0
0
0
0
0
0
0
0
0
0
0
0
0
0
0
0
0
0
0
0
0
0
0
0
0
0
0
0
0
0
0
0
0
0
0
0
0
0
0
0
0
0
0
0
0
0
0
0
0
0
0
0
0
0
0
0
0
-0.47321
0
0
0
0
0
0
0
0
0
0
0
0
0
0
0
0
0
0
0
0
0
0
0
0
0
0
0
0
0
0
0
0
0
0
0
0
-0.54713
0
0
0
0
0
0
0
0
0
0
0
0
0
0
0
0
0
0
0
0
0
0
0
0
0
0
0
1.3478
0
0
0
0
0
0
0
0
0
0
0
0
0
0
0
-0.32746
0
0
0
0
0
0
0
0
0
0
0
0
0
0
0
0
0
0
0
0
0
0
0
0
0
0
0
0
0
0
0
0
0
0
0
0
0
0
0
0
0
0
0
0
0
0
0
0
-1.8804
0
0
0
0
0
0
0
0
0
0
0
0
0
-1.8611
0
0
0
0
0
0
0
0
0
0
0
0
0
0
0
0
0
0
0
0
0
0
0
0
0
0
0
0
0
0
-1.3436
0
0
0
0
0
0
0
0
0
0
0
0
0
0
5.085
0
0
0
0
0
0
0
0
0
0
0
0
0
0
0
0
0
0
0
0
0
0
0
0
0
0
0
0
0
0
0
0
0
0
0
0
0
0
0
0
0
0
0
0
0
0
0
0
0
0
0
0
0
0
0
0
0
0
0
0
0
0
0
0
0
0
0
0
0
0
0
0
0
0
0
0
0
0
0
0
0
0
0
0
0
0
0
0
0
0
0
0
0
0
0
0
0
0
0
0
0
0
0
0
0
0
-1.267
0
0
0
0
0
0
0
0
0
0
0
0
0
0
0
0
0
4.6879
0
-1.7459
0
0
0
-1.6751
0
0
0
0
0
0
0
0
0
0
0
0
0
0
0
0
0
0
0
0
0
0
0
0
0
0
0
0
0
0
0
0
0
0
0
0
0
0
0
0
0
0
0
0
0
0
0
0
-1.7261
0
0
0
0
0
0
0
0
0
0
0
0
0
0
0
0
0
0
0
0
0
0
0
0
0
0
0
0
-1.6976
0
0
0
0
0
0
0
0
0
0
0
0
0
0
0
0
0
0
0
0
0
0
0
0
0
0
-1.5155
0
0
0
0
0
0
0
0
0
0
0
0
0
4.9392
0
0
0
0
0
0
0
0
0
0
0
0
0
0
0
0
0
0
0
0
0
0
0
0
0
0
0
0
0
0
0
0
0
0
0
0
0
0
0
0
0
0
0
0
0
0
0
0
0
0
0
0
0
0
0
0
0
0
0
0
0
0
0
0
0
0
0
0
0
0
0
0
0
0
0
0
0
0
0
0
0
0
0
0
0
0
0
0
0
0
0
0
0
0
0
0
0
0
0
0
0
0
0
0
0
0
-1.699
0
0
0
0
0
0
0
0
0
0
0
0
0
0
0
-1.7459
0
5.3966
0
0
-1.9517
0
0
0
0
0
0
0
0
0
0
0
0
0
0
0
0
0
0
0
0
0
0
0
0
0
0
0
0
0
0
0
0
0
0
0
-2.1787
0
0
0
0
0
0
0
0
0
0
0
0
0
0
0
0
0
0
0
0
0
0
0
0
0
0
0
0
0
0
0
0
0
0
0
0
0
0
0
0
0
0
0
0
0
0
0
0
0
0
0
0
0
0
0
0
0
0
0
0
-1.5559
0
-1.6735
0
0
0
0
0
0
0
0
0
0
0
0
0
0
0
0
0
0
0
0
0
0
5.4081
0
0
0
0
0
0
0
0
0
0
0
0
0
0
0
0
0
0
0
0
0
0
0
0
0
0
0
0
0
0
0
0
0
0
0
0
0
0
0
0
0
0
0
0
0
0
0
0
0
0
0
0
0
0
0
0
0
0
0
0
0
0
0
0
0
0
0
0
0
0
0
0
0
0
0
0
0
0
0
0
0
0
0
0
0
0
0
0
0
0
0
0
0
0
0
0
0
0
0
-1.7442
0
0
-1.7652
0
0
0
0
0
0
0
0
0
0
0
0
0
0
0
0
0
0
0
0
0
3.5094
0
0
0
0
0
0
0
0
0
0
0
0
0
0
0
0
0
0
0
0
0
0
0
0
0
0
0
0
0
0
0
0
0
0
0
0
0
0
0
0
0
0
0
0
0
0
0
0
0
0
0
0
0
0
0
-1.6307
0
0
0
0
0
0
0
0
0
0
0
0
0
0
0
0
0
0
0
0
0
0
0
0
0
0
0
0
0
0
0
0
0
0
0
0
0
0
0
0
0
0
0
0
0
0
0
0
0
0
0
0
0
0
0
0
0
0
0
0
0
0
0
0
0
-1.9517
0
0
3.5824
0
0
0
0
0
0
0
0
0
0
0
0
0
0
0
0
0
0
0
0
0
0
0
0
0
0
0
0
0
0
0
0
0
0
0
0
0
0
0
0
0
0
0
0
0
0
0
0
0
0
0
0
0
0
0
0
0
0
0
0
0
0
0
0
0
0
0
0
0
0
-1.4995
0
0
0
0
0
0
0
0
0
0
0
0
0
0
0
0
0
0
0
0
0
0
0
0
0
0
0
0
0
0
0
0
0
0
0
0
0
0
0
0
0
0
0
0
0
0
0
-1.6751
0
0
0
0
0
3.1746
0
0
0
0
0
0
0
0
0
0
0
0
0
0
0
0
0
0
0
0
0
0
0
0
0
0
0
0
0
0
0
0
0
0
0
0
0
0
0
0
0
0
0
0
0
0
0
0
0
0
0
-2.4366
0
0
0
0
0
0
0
0
0
0
0
0
0
0
0
0
0
0
0
0
0
0
-2.3853
0
0
0
0
0
0
0
0
0
0
0
0
0
0
0
0
0
0
0
0
0
0
0
0
0
0
0
0
0
0
0
0
0
0
0
0
0
0
0
0
0
0
0
0
0
0
0
0
0
4.8219
0
0
0
0
0
0
0
0
0
0
0
0
0
0
0
0
0
0
0
0
0
0
0
0
0
0
0
0
0
0
0
0
0
0
0
0
-2.9042
0
0
0
0
0
0
0
0
0
0
0
0
0
0
0
0
0
0
0
0
0
0
0
0
0
0
0
0
0
0
0
0
0
0
0
0
0
0
0
0
0
0
0
0
0
0
0
0
0
0
0
0
0
0
0
0
0
0
0
0
0
0
0
0
0
0
0
0
0
0
0
0
0
0
0
-1.4272
0
0
0
0
0
0
0
0
0
0
0
4.3314
0
0
0
0
0
0
0
0
0
0
0
0
0
0
0
0
0
0
0
0
0
0
0
0
0
0
0
0
0
0
0
0
0
0
0
0
0
-3.1403
0
0
0
0
0
0
0
0
0
0
0
0
0
0
0
0
0
0
0
0
0
0
0
0
0
0
0
0
0
0
0
0
0
0
0
0
0
0
0
0
0
0
0
0
0
0
0
0
0
0
0
0
0
0
0
0
0
0
0
0
0
0
0
0
0
0
0
-1.6056
0
0
0
0
0
0
0
0
0
0
0
0
0
0
0
0
0
0
4.7459
0
0
0
0
0
0
0
0
0
0
0
0
0
0
0
0
0
0
0
0
0
0
0
0
0
0
0
0
0
0
0
0
0
0
0
0
0
0
0
0
0
0
0
0
0
0
0
0
-3.1679
0
0
0
0
0
0
0
0
0
0
0
0
0
0
0
0
0
0
0
0
0
0
0
0
0
0
0
0
0
0
0
0
0
0
0
0
0
0
0
0
0
0
0
0
0
0
0
0
0
0
0
0
0
0
0
0
-1.7523
0
0
0
0
0
0
0
0
0
0
0
0
0
0
0
0
0
0
4.9202
0
0
0
0
0
0
0
0
0
0
0
0
0
0
0
0
0
0
0
0
0
0
0
0
0
0
0
-2.42
0
0
0
0
0
0
0
0
0
0
0
0
0
0
0
0
0
0
0
0
-2.3997
0
0
0
0
0
0
0
0
0
0
0
0
0
0
0
0
0
0
0
0
0
0
0
0
0
0
0
0
0
0
0
0
0
0
0
0
0
0
0
0
0
0
0
0
0
0
0
0
0
0
0
0
0
0
0
0
0
0
0
0
0
0
0
0
0
0
0
0
0
0
0
0
0
0
0
4.8197
0
0
0
0
0
0
0
0
0
0
0
0
0
0
0
0
0
0
0
0
0
0
0
0
0
0
0
0
0
0
0
0
0
0
0
0
0
0
0
0
0
-2.9903
0
0
0
0
0
0
0
0
0
0
0
0
0
0
0
0
0
0
0
0
0
0
0
0
0
0
0
0
0
0
0
0
0
0
0
0
0
0
0
0
0
0
0
0
0
0
0
0
0
0
0
0
0
0
0
-1.7774
0
0
0
0
0
0
0
0
0
0
0
0
0
0
0
0
0
0
0
0
0
0
0
0
0
0
4.7677
0
0
0
0
0
0
0
0
0
0
0
0
0
0
0
0
0
0
0
0
0
0
0
0
0
0
0
0
0
0
0
0
0
0
-2.3233
0
0
0
0
0
0
0
0
0
0
0
0
0
0
0
0
0
0
0
0
0
0
0
0
0
0
0
0
0
0
0
0
0
0
0
0
0
0
0
0
0
0
0
0
0
0
0
0
0
0
0
-1.8106
0
0
0
0
0
0
0
0
0
0
0
0
0
0
0
0
0
0
0
0
0
0
0
0
0
0
0
0
0
0
0
0
0
0
0
0
0
4.1339
0
0
0
0
0
0
0
0
0
0
0
0
0
0
0
0
0
0
0
0
0
0
0
0
0
0
0
0
0
0
0
0
0
0
0
0
0
0
0
0
0
0
0
0
0
0
0
0
0
0
0
0
0
0
0
0
0
0
0
0
0
0
0
0
0
0
0
0
0
0
0
0
0
0
0
0
0
0
0
0
0
0
0
0
0
0
0
0
0
0
0
0
0
0
0
0
0
0
0
0
0
0
0
0
0
0
0
0
-0.32746
0
0
0
0
0
0
0
0
0
0
0
0
0
0
0
0.32746
0
0
0
0
0
0
0
0
0
0
0
0
0
0
0
0
0
0
0
0
0
0
0
0
0
0
0
0
0
0
0
0
-2.9387
0
0
0
0
0
0
0
0
0
0
0
0
0
0
0
0
0
0
0
0
0
0
0
0
0
0
0
0
0
0
0
0
0
0
0
0
0
0
0
0
0
0
0
0
0
0
0
0
0
0
0
0
0
0
0
0
0
0
0
0
0
0
0
0
0
0
0
0
0
0
0
0
0
0
0
0
0
0
0
0
0
0
0
0
0
0
0
0
0
0
0
2.9387
0
0
0
0
0
0
0
0
0
0
0
0
0
0
0
0
0
0
0
0
0
0
0
0
0
0
0
0
0
0
0
-2.9387
0
0
0
0
0
0
0
0
0
0
0
0
0
0
0
0
0
0
0
0
0
0
0
0
0
0
0
0
0
0
0
0
0
0
0
0
0
0
0
0
0
0
0
0
0
0
0
0
0
0
0
0
0
0
0
0
0
0
0
0
0
0
0
0
0
0
0
0
0
0
0
0
0
0
0
0
0
0
0
0
0
0
0
0
0
0
0
0
0
0
0
0
2.9387
0
0
0
0
0
0
0
0
0
0
0
0
0
0
0
0
0
0
0
0
0
0
0
0
0
0
0
0
-2.7457
0
0
0
0
0
0
0
0
0
0
0
0
0
0
0
0
0
0
0
0
0
0
0
0
0
0
0
0
0
0
0
0
0
0
0
0
0
0
0
0
0
0
0
0
0
0
0
0
0
0
0
0
0
0
0
0
0
0
0
0
0
0
0
0
0
0
0
0
0
0
0
0
0
0
0
0
0
0
0
0
0
0
0
0
0
0
0
0
0
0
0
0
0
0
0
2.7457
0
0
0
0
0
0
0
0
0
0
0
0
0
0
0
0
0
0
0
0
0
0
0
0
0
0
0
0
0
0
0
0
0
0
0
0
0
0
0
0
0
0
0
0
0
0
0
0
0
0
0
0
-1.7632
0
0
0
0
0
0
0
0
0
0
0
0
0
0
0
0
0
0
0
0
0
0
0
0
0
0
0
0
0
0
0
0
0
0
0
0
0
0
0
0
0
0
0
0
0
0
0
0
0
0
0
0
0
0
0
0
0
0
0
0
0
0
0
0
0
0
0
0
0
0
0
1.7632
0
0
0
0
0
0
0
0
0
0
0
0
0
0
0
0
0
0
0
0
0
0
0
0
0
0
0
0
0
0
0
0
0
0
0
0
0
0
0
0
0
0
0
0
0
0
0
0
0
0
0
0
0
0
0
0
0
0
0
0
0
0
0
0
0
0
0
0
0
0
0
0
0
0
0
0
0
0
0
0
0
0
0
0
0
0
0
0
0
0
0
0
0
-1.7998
0
0
0
0
0
0
0
0
0
0
0
0
0
0
0
0
0
0
0
0
0
0
0
0
0
0
0
0
0
0
1.7998
0
0
0
0
0
0
0
0
0
0
0
0
0
0
0
0
0
0
0
0
0
0
0
0
0
0
0
0
0
0
0
0
0
0
0
0
0
0
0
0
0
0
0
0
0
0
0
0
0
0
0
0
0
0
0
0
-1.6317
0
0
0
0
0
0
0
0
0
0
0
0
0
0
0
0
0
0
0
0
0
0
0
0
0
0
0
0
0
0
0
0
0
0
0
0
0
0
0
0
0
0
0
0
0
0
0
0
0
0
0
0
0
0
0
0
0
0
0
0
0
0
0
0
0
0
0
1.6317
0
0
0
0
0
0
0
0
0
0
0
0
0
0
0
0
0
0
0
0
0
0
0
-3.3376
0
0
0
0
0
0
0
0
0
0
0
0
0
0
0
0
0
0
0
0
0
0
0
0
0
0
0
0
0
0
0
0
0
0
0
0
0
0
0
0
0
0
0
0
0
0
0
0
0
0
0
0
0
0
0
0
0
0
0
0
0
0
0
0
0
0
0
0
0
0
0
0
0
0
0
0
0
0
0
0
0
0
0
0
0
0
0
0
0
0
0
0
0
0
0
0
0
0
0
0
3.3376
0
0
0
0
0
0
0
0
0
0
0
0
0
0
0
0
0
0
0
0
0
0
0
0
0
0
0
0
0
0
0
0
0
0
0
0
0
0
0
0
0
0
0
-1.3341
0
0
0
0
0
0
0
0
0
0
0
0
0
0
0
0
0
0
0
0
0
0
0
0
0
0
0
0
0
0
0
0
0
0
0
0
0
0
0
0
0
0
0
0
0
0
0
0
0
0
0
0
0
0
0
0
0
0
0
0
0
0
0
0
0
0
0
0
0
0
0
0
0
0
0
0
0
0
0
0
1.3341
0
0
0
0
0
0
0
0
0
0
0
0
0
0
0
0
0
0
0
0
0
0
0
0
0
0
0
0
0
0
-2.8438
0
0
0
0
0
0
0
0
0
0
0
0
0
0
0
0
0
0
0
0
0
0
0
0
0
0
0
0
0
0
0
0
0
0
0
0
0
0
0
0
0
0
0
0
0
0
0
0
0
0
0
0
0
0
0
0
0
0
0
0
0
0
0
0
0
0
0
0
0
0
0
0
0
0
0
0
0
0
0
0
0
0
0
0
0
0
0
0
0
0
0
0
0
2.8438
0
0
0
0
0
0
0
0
0
0
0
0
0
0
0
0
0
0
0
0
-3.3376
0
0
0
0
0
0
0
0
0
0
0
0
0
0
0
0
0
0
0
0
0
0
0
0
0
0
0
0
0
0
0
0
0
0
0
0
0
0
0
0
0
0
0
0
0
0
0
0
0
0
0
0
0
0
0
0
0
0
0
0
0
0
0
0
0
0
0
0
0
0
0
0
0
0
0
0
0
0
0
0
0
0
0
0
0
0
0
0
0
0
0
0
0
0
0
0
0
0
0
0
0
0
0
3.3376
0
0
0
0
0
0
0
0
0
0
0
0
0
0
0
0
0
0
0
0
0
0
0
0
0
0
0
0
0
0
0
0
0
0
0
0
0
0
0
0
0
0
0
0
0
0
0
0
0
0
0
0
0
0
0
0
0
0
0
0
0
0
0
0
0
0
0
0
0
0
0
0
0
0
0
0
0
0
0
0
0
0
0
0
0
0
-2.491
0
0
0
0
0
0
0
0
0
0
0
0
0
0
0
0
0
0
0
0
0
0
0
0
0
0
0
0
0
0
0
0
0
0
0
0
0
2.491
0
0
0
0
0
0
0
0
0
0
0
0
0
0
0
0
0
0
0
0
0
0
0
0
0
0
0
0
0
0
0
0
0
0
0
0
0
0
0
0
0
0
0
0
0
0
0
0
0
0
0
0
0
0
0
0
0
0
0
0
0
0
0
0
0
0
0
0
0
0
-0.93105
0
0
0
0
0
0
0
0
0
0
0
0
0
0
0
0
0
0
0
0
0
0
0
0
0
0
0
0
0
0
0
0
0
0
0
0
0
0
0
0
0
0
0
0
0
0
0
0
0
0
0
0
0
0.93105
0
0
0
0
0
0
0
0
0
0
0
0
0
0
0
0
0
0
0
0
0
0
0
0
0
0
0
0
0
0
0
0
0
0
0
0
0
0
0
0
0
0
0
0
0
0
0
0
0
0
0
0
0
0
0
0
0
0
0
0
0
0
0
0
0
0
0
0
0
0
0
0
0
0
0
0
0
0
0
0
0
0
0
0
0
0
0
0
0
0
0
-0.87004
0
0
0
0
0
0
0
0
0
0
0
0
0
0
0
0
0
0
0
0
0
0
0
0
0
0
0
0
0
0
0
0
0.87004
0
0
0
0
0
0
0
0
0
0
0
0
0
0
0
0
-3.3376
0
0
0
0
0
0
0
0
0
0
0
0
0
0
0
0
0
0
0
0
0
0
0
0
0
0
0
0
0
0
0
0
0
0
0
0
0
0
0
0
0
0
0
0
0
0
0
0
0
0
0
0
0
0
0
0
0
0
0
0
0
0
0
0
0
0
0
0
0
0
0
0
0
0
0
0
0
0
0
0
0
0
0
0
0
0
0
0
0
0
0
0
0
0
0
0
0
0
0
0
0
0
0
0
0
0
0
3.3376
0
0
0
0
0
0
0
0
0
0
0
0
0
0
0
0
0
0
0
0
0
0
0
0
0
0
0
0
0
0
0
0
0
0
0
0
0
0
0
0
0
0
0
0
0
0
0
0
0
0
0
0
0
0
0
0
0
0
0
0
0
0
0
0
0
0
0
0
0
0
0
0
0
0
0
0
0
0
0
0
0
-0.94933
0
0
0
0
0
0
0
0
0
0
0
0
0
0
0
0
0
0
0
0
0
0
0
0
0
0
0
0
0
0
0
0
0
0
0
0
0
0
0
0
0
0
0.94933
0
0
0
0
0
0
0
0
0
0
0
0
0
0
0
0
0
0
0
0
0
0
0
0
0
0
0
0
0
0
0
0
0
0
0
0
0
0
0
0
0
0
0
0
0
0
0
0
0
0
0
0
-0.96447
0
0
0
0
0
0
0
0
0
0
0
0
0
0
0
0
0
0
0
0
0
0
0
0
0
0
0
0
0
0
0
0
0
0
0
0
0
0
0
0
0
0
0
0
0
0
0
0
0
0
0
0
0
0
0
0
0
0
0
0
0
0
0
0
0
0
0
0
0
0
0
0.96447
0
0
0
0
0
0
0
0
0
0
0
0
0
0
0
0
0
0
0
0
0
0
-2.8439
0
0
0
0
0
0
0
0
0
0
0
0
0
0
0
0
0
0
0
0
0
0
0
0
0
0
0
0
0
0
0
0
0
0
0
0
0
0
0
0
0
0
0
0
0
0
0
0
0
0
0
0
0
0
0
0
0
0
0
0
0
0
0
0
0
0
0
0
0
0
0
0
0
0
0
0
0
0
0
0
0
0
0
0
0
0
0
0
0
0
0
0
0
0
0
0
0
0
0
0
0
2.8439
0
0
0
0
0
0
0
0
0
0
0
0
0
0
-2.6994
0
0
0
0
0
0
0
0
0
0
0
0
0
0
0
0
0
0
0
0
0
0
0
0
0
0
0
0
0
0
0
0
0
0
0
0
0
0
0
0
0
0
0
0
0
0
0
0
0
0
0
0
0
0
0
0
0
0
0
0
0
0
0
0
0
0
0
0
0
0
0
0
0
0
0
0
0
0
0
0
0
0
0
0
0
0
0
0
0
0
0
0
0
0
0
0
0
0
0
0
0
0
0
0
0
0
0
0
0
2.6994
0
0
0
0
0
0
0
0
0
0
0
0
0
0
0
0
-2.1338
0
0
0
0
0
0
0
0
0
0
0
0
0
0
0
0
0
0
0
0
0
0
0
0
0
0
0
0
0
0
0
0
0
0
0
0
0
0
0
0
0
0
0
0
0
0
0
0
0
0
0
0
0
0
0
0
0
0
0
0
0
0
0
0
0
0
0
0
0
0
0
0
0
0
0
0
0
0
0
0
0
0
0
0
0
0
0
0
0
0
0
0
0
0
0
0
0
0
0
0
0
0
0
0
0
0
0
2.1338
0
0
0
0
0
0
0
0
0
0
0
0
0
0
0
0
0
0
0
0
0
0
0
0
0
0
0
0
0
0
0
0
0
0
0
0
-1.763
0
0
0
0
0
0
0
0
0
0
0
0
0
0
0
0
0
0
0
0
0
0
0
0
0
0
0
0
0
0
0
0
0
0
0
0
0
0
0
0
0
0
0
0
0
0
0
0
0
0
0
0
0
0
0
0
0
0
0
0
0
0
0
0
0
0
0
0
0
0
0
0
0
0
0
0
0
0
0
0
0
0
0
0
0
0
0
1.763
0
0
0
0
0
0
0
0
0
0
0
0
0
0
0
0
0
0
0
0
0
-2.009
0
0
0
0
0
0
0
0
0
0
0
0
0
0
0
0
0
0
0
0
0
0
0
0
0
0
0
0
0
0
0
0
0
0
0
0
0
0
0
0
0
0
0
0
0
0
0
0
0
0
0
0
0
0
0
0
0
0
0
0
0
0
0
0
0
0
0
0
0
0
0
0
0
0
0
0
0
0
0
0
0
0
0
0
0
0
0
0
0
0
0
0
0
0
0
0
0
0
0
0
0
0
2.009
0
0
0
0
0
0
0
0
0
0
0
0
-2.2606
0
0
0
0
0
0
0
0
0
0
0
0
0
0
0
0
0
0
0
0
0
0
0
0
0
0
0
0
0
0
0
0
0
0
0
0
0
0
0
0
0
0
0
0
0
0
0
0
0
0
0
0
0
0
0
0
0
0
0
0
0
0
0
0
0
0
0
0
0
0
0
0
0
0
0
0
0
0
0
0
0
0
0
0
0
0
0
0
0
0
0
0
0
0
0
0
0
0
0
0
0
0
0
0
0
0
0
0
0
0
0
2.2606
0
0
0
0
0
0
0
0
0
0
0
0
0
0
0
0
0
0
0
0
0
0
0
0
0
0
0
0
0
0
0
0
0
0
0
0
0
0
0
0
0
0
0
0
0
0
0
0
0
0
0
0
0
0
0
0
0
-1.3054
0
0
0
0
0
0
0
0
0
0
0
0
0
0
0
0
0
0
0
0
0
0
0
0
0
0
0
0
0
0
0
0
0
0
0
0
0
0
0
0
0
0
0
0
0
0
0
0
0
0
0
0
0
0
0
0
0
0
0
0
0
0
0
0
0
0
1.3054
