1
0.97114
0.95555
0.9446
0.93633
0.92978
0.91925
0.91548
0.90624
0.90412
0.9023
0.89397
0.88609
0.87846
0.87106
0.86374
0.85659
0.84942
0.84241
0.83546
0.82869
0.82207
0.81573
0.80964
0.80396
0.7987
0.79402
0.78987
0.78619
0.78265
0.77905
0.77518
0.77106
0.76673
0.76226
0.7577
0.75311
0.74854
0.74404
0.73965
0.73542
0.73137
0.72752
0.72389
0.7205
0.71737
0.71449
0.71183
0.70934
0.70701
0.70481
0.70273
0.7008
0.699
0.69735
0.69587
0.69455
0.69338
0.69236
0.69146
0.69066
0.68995
0.68929
0.68866
0.68804
0.68741
0.68676
0.68608
0.68536
0.68461
0.68382
0.68301
0.68217
0.68132
0.68043
0.67953
0.67859
0.67761
0.6766
0.67553
0.67441
0.67323
0.67198
0.67068
0.66933
0.66793
0.66649
0.66503
0.66356
0.66208
0.66062
0.65919
0.65779
0.65645
0.65516
0.65394
0.65279
0.65171
0.6507
0.64975
0.64886
0.64803
0.64725
0.64651
0.64579
0.6451
0.64443
0.64376
0.6431
0.64243
0.64176
0.64108
0.6404
0.63971
0.63901
0.63832
0.63762
0.63692
0.63623
0.63553
0.63485
0.63416
0.63348
0.63279
0.63211
0.63143
0.63075
0.63006
0.62937
0.62868
0.62799
0.62729
0.62658
0.62587
0.62515
0.62443
0.6237
0.62295
0.6222
0.62144
0.62067
0.6199
0.61911
0.61831
0.6175
0.61667
0.61584
0.615
0.61415
0.6133
0.61244
0.61158
0.61073
0.60987
0.60902
0.60818
0.60735
0.60653
0.60571
0.60491
0.60411
0.60333
0.60254
0.60177
0.601
0.60023
0.59946
0.5987
0.59793
0.59717
0.5964
0.59563
0.59486
0.59409
0.59332
0.59256
0.59179
0.59102
0.59026
0.58949
0.58872
0.58795
0.58718
0.5864
0.58562
0.58483
0.58405
0.58326
0.58246
0.58167
0.58088
0.58009
0.5793
0.57851
0.57773
0.57695
0.57618
0.57541
0.57465
0.5739
0.57316
0.57242
0.57169
0.57097
0.57026
0.56955
0.56886
0.56817
0.56749
0.56682
0.56616
0.5655
0.56485
0.56421
0.56357
0.56293
0.5623
0.56167
0.56105
0.56043
0.55981
0.5592
0.5586
0.55799
0.5574
0.55681
0.55622
0.55564
0.55506
0.55449
0.55392
0.55336
0.55281
0.55225
0.55171
0.55117
0.55064
0.5501
0.54958
0.54906
0.54854
0.54803
0.54753
0.54703
0.54653
0.54604
0.54555
0.54507
0.54459
0.54411
0.54364
0.54317
0.5427
0.54224
0.54178
0.54132
0.54085
0.54039
0.53994
0.53948
0.53902
0.53857
0.53812
0.53767
0.53722
0.53677
0.53633
0.53588
0.53544
0.53501
0.53457
0.53414
0.53371
0.53329
0.53287
0.53245
0.53203
0.53162
0.5312
0.53079
0.53038
0.52998
0.52957
0.52917
0.52877
0.52837
0.52797
0.52758
0.52719
0.5268
0.52641
0.52602
0.52564
0.52525
0.52487
0.5245
0.52412
0.52375
0.52338
0.52301
0.52265
0.52229
0.52194
0.52159
0.52125
0.52091
0.52058
0.52025
0.51993
0.51962
0.51932
0.51902
0.51874
0.51846
0.51819
0.51792
0.51766
0.51739
0.51713
0.51687
0.51661
0.51635
0.51609
0.51582
0.51556
0.5153
0.51503
0.51477
0.5145
0.51423
0.51396
0.51369
0.51342
0.51315
0.51288
0.5126
0.51232
0.51205
0.51177
0.51149
0.5112
0.51092
0.51063
0.51034
0.51005
0.50976
0.50946
0.50916
0.50886
0.50856
0.50826
0.50795
0.50764
0.50733
0.50701
0.50669
0.50637
0.50605
0.50573
0.5054
0.50507
0.50474
0.50441
0.50408
0.50374
0.5034
0.50306
0.50272
0.50237
0.50202
0.50167
0.50132
0.50097
0.50061
0.50026
0.4999
0.49953
0.49917
0.4988
0.49844
0.49807
0.4977
0.49732
0.49695
0.49657
0.49619
0.49581
0.49543
0.49504
0.49465
0.49427
0.49388
0.49349
0.49309
0.4927
0.4923
0.4919
0.4915
0.4911
0.4907
0.4903
0.48989
0.48949
0.48908
0.48867
0.48827
0.48786
0.48745
0.48704
0.48663
0.48622
0.48581
0.48539
0.48498
0.48457
0.48416
0.48374
0.48333
0.48292
0.48251
0.48209
0.48168
0.48127
0.48086
0.48044
0.48003
0.47961
0.4792
0.47878
0.47836
0.47794
0.47753
0.47711
0.47669
0.47627
0.47584
0.47542
0.47499
0.47456
0.47414
0.4737
0.47327
0.47283
0.4724
0.47195
0.47151
0.47106
0.47061
0.47015
0.4697
0.46923
0.46877
0.46829
0.46782
0.46734
0.46685
0.46636
0.46587
0.46536
0.46486
0.46435
0.46384
0.46332
0.46281
0.46229
0.46177
0.46125
0.46073
0.46022
0.4597
0.45919
0.45869
0.4582
0.45771
0.45722
0.45674
0.45627
0.45581
0.45535
0.45491
0.45447
0.45404
0.45361
0.4532
0.45278
0.45238
0.45198
0.45159
0.45121
0.45082
0.45045
0.45008
0.44971
0.44935
0.44898
0.44863
0.44828
0.44793
0.44758
0.44724
0.4469
0.44656
0.44622
0.44589
0.44556
0.44523
0.4449
0.44458
0.44425
0.44393
0.44361
0.4433
0.44298
0.44267
0.44236
0.44205
0.44174
0.44143
0.44113
0.44082
0.44052
0.44022
0.43993
0.43963
0.43934
0.43905
0.43876
0.43847
0.43818
0.4379
0.43762
0.43734
0.43706
0.43678
0.43651
0.43624
0.43597
0.4357
0.43543
0.43517
0.43491
0.43465
0.43439
0.43413
0.43388
0.43363
0.43338
0.43313
0.43289
0.43264
0.4324
0.43216
0.43193
0.43169
0.43146
0.43123
0.431
0.43077
0.43055
0.43033
0.43011
0.42989
0.42967
0.42946
0.42924
0.42903
0.42883
0.42862
0.42842
0.42822
0.42801
0.42782
0.42762
0.42743
0.42723
0.42704
0.42685
0.42667
0.42648
0.4263
0.42612
0.42594
0.42576
0.42559
0.42542
0.42525
0.42507
0.42491
0.42474
0.42458
0.42441
0.42425
0.42409
0.42393
0.42378
0.42362
0.42347
0.42332
0.42317
0.42302
0.42287
0.42272
0.42258
0.42243
0.42229
0.42215
0.42202
0.42188
0.42174
0.42161
0.42147
0.42134
0.42121
0.42108
0.42095
0.42082
0.42069
0.42056
0.42044
0.42031
0.42019
0.42007
0.41995
0.41983
0.41971
0.41959
0.41947
0.41935
0.41924
0.41912
0.41901
0.41889
0.41878
0.41867
0.41855
0.41844
0.41833
0.41822
0.41811
0.418
0.4179
0.41779
0.41768
0.41757
0.41747
0.41736
0.41726
0.41715
0.41705
0.41694
0.41684
0.41674
0.41664
0.41654
0.41644
0.41634
0.41624
0.41614
0.41604
0.41594
0.41584
0.41575
0.41565
0.41555
0.41546
0.41536
0.41527
0.41517
0.41508
0.41499
0.41489
0.4148
0.41471
0.41462
0.41453
0.41443
0.41434
0.41425
0.41416
0.41407
0.41398
0.4139
0.41381
0.41372
0.41363
0.41355
0.41346
0.41337
0.41328
0.4132
0.41311
0.41303
0.41294
0.41286
0.41277
0.41269
0.4126
0.41252
0.41244
0.41236
0.41227
0.41219
0.4121
0.41202
0.41194
0.41185
0.41177
0.41169
0.41161
0.41152
0.41144
0.41136
0.41127
0.41119
0.41111
0.41103
0.41095
0.41086
0.41078
0.4107
0.41062
0.41054
0.41045
0.41037
0.41029
0.41021
0.41012
0.41004
0.40996
0.40987
0.40979
0.40971
0.40962
0.40954
0.40945
0.40937
0.40928
0.40919
0.40911
0.40902
0.40893
0.40885
0.40876
0.40867
0.40859
0.4085
0.40841
0.40832
0.40823
0.40814
0.40805
