1
0.98471
0.97365
0.97129
0.96968
0.96772
0.96624
0.96476
0.96363
0.96264
0.95963
0.95697
0.95465
0.95259
0.95078
0.94915
0.94767
0.94632
0.94507
0.9439
0.94277
0.94168
0.94061
0.93955
0.93846
0.93734
0.93618
0.93494
0.93361
0.93218
0.93064
0.92899
0.92727
0.92552
0.9238
0.92216
0.92063
0.91925
0.91801
0.91692
0.91596
0.91513
0.9144
0.91376
0.91321
0.91273
0.91231
0.91195
0.91164
0.91136
0.91113
0.91092
0.91075
0.91061
0.91048
0.91038
0.91031
0.91025
0.91022
0.91021
0.91022
0.91025
0.9103
0.91038
0.91048
0.9106
0.91074
0.9109
0.91109
0.91129
0.91151
0.91174
0.912
0.91227
0.91255
0.91285
0.91316
0.91348
0.91382
0.91417
0.91454
0.91491
0.9153
0.9157
0.91612
0.91654
0.91698
0.91744
0.9179
0.91838
0.91887
0.91937
0.91988
0.92041
0.92095
0.9215
0.92206
0.92263
0.92322
0.92381
0.92442
0.92503
0.92566
0.92629
0.92693
0.92759
0.92824
0.92891
0.92958
0.93026
0.93094
0.93164
0.93233
0.93304
0.93375
0.93446
0.93518
0.9359
0.93663
0.93737
0.9381
0.93884
0.93959
0.94034
0.94109
0.94184
0.9426
0.94337
0.94413
0.9449
0.94567
0.94644
0.94721
0.94799
0.94876
0.94954
0.95032
0.9511
0.95188
0.95266
0.95343
0.95421
0.95499
0.95576
0.95653
0.9573
0.95807
0.95883
0.95959
0.96035
0.96111
0.96186
0.96262
0.96337
0.96412
0.96487
0.96562
0.96638
0.96713
0.96788
0.96863
0.96939
0.97014
0.9709
0.97165
0.9724
0.97315
0.97389
0.97463
0.97537
0.97611
0.97684
0.97756
0.97828
0.979
0.97971
0.98042
0.98112
0.98182
0.98251
0.9832
0.98388
0.98456
0.98523
0.9859
0.98657
0.98723
0.98788
0.98854
0.98918
0.98983
0.99046
0.9911
0.99173
0.99235
0.99297
0.99359
0.9942
0.99482
0.99542
0.99602
0.99662
0.99722
0.99781
0.9984
0.99898
0.99957
1.0001
1.0007
1.0013
1.0019
1.0025
1.003
1.0036
1.0042
1.0047
1.0053
1.0058
1.0064
1.007
1.0075
1.0081
1.0086
1.0092
1.0097
1.0103
1.0108
1.0114
1.012
1.0125
1.0131
1.0136
