1
0.98527
0.97559
0.97158
0.96847
0.96566
0.96328
0.96121
0.95953
0.95805
0.95403
0.95021
0.94665
0.94325
0.94006
0.93701
0.93413
0.93138
0.92877
0.92628
0.9239
0.92163
0.91945
0.91738
0.91539
0.91349
0.91167
0.90993
0.90828
0.90669
0.90517
0.9037
0.90229
0.90091
0.89957
0.89825
0.89694
0.89564
0.89432
0.893
0.89164
0.89026
0.88885
0.88739
0.8859
0.88436
0.88281
0.88123
0.87964
0.87805
0.87646
0.87489
0.87334
0.87181
0.87032
0.86887
0.86745
0.86606
0.86471
0.86339
0.86211
0.86086
0.85964
0.85844
0.85728
0.85614
0.85503
0.85394
0.85288
0.85184
0.85082
0.84982
0.84883
0.84787
0.84693
0.846
0.84508
0.84419
0.8433
0.84243
0.84158
0.84073
0.8399
0.83908
0.83827
0.83748
0.83669
0.83591
0.83515
0.83439
0.83364
0.83291
0.83218
0.83146
0.83074
0.83004
0.82934
0.82866
0.82798
0.82731
0.82664
0.82599
0.82534
0.8247
0.82406
0.82343
0.82281
0.82219
0.82157
0.82097
0.82037
0.81977
0.81918
0.8186
0.81802
0.81744
0.81688
0.81631
0.81576
0.81521
0.81466
0.81412
0.81359
0.81306
0.81254
0.81202
0.81151
0.811
0.8105
0.81001
0.80952
0.80904
0.80856
0.80809
0.80763
0.80718
0.80673
0.80628
0.80585
0.80542
0.80499
0.80457
0.80416
0.80375
0.80334
0.80294
0.80255
0.80216
0.80177
0.80139
0.80101
0.80063
0.80026
0.7999
0.79954
0.79918
0.79883
0.79849
0.79815
0.79781
0.79748
0.79715
0.79682
0.7965
0.79619
0.79588
0.79557
0.79527
0.79497
0.79467
0.79438
0.7941
0.79382
0.79354
0.79327
0.793
0.79273
0.79247
0.79222
0.79197
0.79172
0.79148
0.79124
0.79101
0.79078
0.79055
0.79034
0.79012
0.78991
0.78971
0.78951
0.78932
0.78913
0.78895
0.78877
0.7886
0.78843
0.78826
0.78811
0.78795
0.78781
0.78766
0.78753
0.78739
0.78727
0.78714
0.78703
0.78692
0.78681
0.78672
0.78663
0.78654
0.78646
0.78639
0.78633
0.78627
0.78622
0.78618
0.78614
0.78612
0.78609
0.78608
0.78607
0.78607
0.78607
0.78608
0.78609
0.78611
0.78613
0.78615
0.78618
0.7862
