1
0.95593
0.93837
0.92836
0.92097
0.91561
0.91115
0.9065
0.90305
0.89979
0.8913
0.88938
0.88866
0.88736
0.88693
0.8859
0.88568
0.88493
0.88487
0.88432
0.88437
0.88399
0.88412
0.8771
0.87066
0.86418
0.85826
0.85237
0.84692
0.8417
0.8369
0.83233
0.82796
0.82373
0.81959
0.8155
0.81143
0.80737
0.80333
0.79936
0.79548
0.79172
0.78808
0.78455
0.78111
0.77777
0.77454
0.77142
0.76843
0.76558
0.76287
0.76032
0.75795
0.75577
0.75377
0.75194
0.75026
0.74869
0.74721
0.74581
0.74448
0.74323
0.74204
0.74092
0.73984
0.73881
0.73785
0.73698
0.73618
0.73547
0.7348
0.73414
0.73341
0.7326
0.73171
0.73074
0.72974
0.72873
0.72773
0.72677
0.72587
0.72505
0.7243
0.72365
0.72309
0.72263
0.72225
0.72194
0.72163
0.7213
0.72088
0.72034
0.71963
0.71874
0.71764
0.71635
0.71489
0.71332
0.71168
0.71005
0.70847
0.70694
0.70548
0.70409
0.70277
0.70154
0.70042
0.69943
0.69859
0.69792
0.69744
0.69715
0.69701
0.697
0.69706
0.69715
0.69723
0.69728
0.69726
0.69717
0.69701
0.69677
0.69646
0.69609
0.69565
0.69516
0.69463
0.69407
0.69348
0.69289
