1
0.96784
0.95159
0.94116
0.93366
0.92305
0.91388
0.90557
0.89769
0.89009
0.8828
0.87587
0.86931
0.8631
0.85726
0.85176
0.8466
0.84177
0.83722
0.83296
0.82894
0.82513
0.8215
0.81801
0.81463
0.81132
0.80807
0.80486
0.80167
0.7985
0.79536
0.79225
0.78916
0.78609
0.78306
0.78005
0.77707
0.77411
0.77118
0.76828
0.76539
0.76253
0.75969
0.75687
0.75408
0.75131
0.74857
0.74587
0.7432
0.74058
0.738
0.73547
0.73299
0.73055
0.72814
0.72579
0.72348
0.72122
0.719
0.71682
0.71466
0.7125
0.71036
0.70822
0.7061
0.70399
0.70189
0.69981
0.69773
0.69567
0.69362
0.69157
0.68954
0.68752
0.68551
0.68352
0.68154
0.67957
0.67761
0.67566
0.67372
0.67179
0.66987
0.66795
0.66605
0.66416
0.66227
0.6604
0.65853
0.65667
0.65483
0.65299
0.65116
0.64934
0.64753
0.64573
0.64394
0.64217
0.6404
0.63864
0.6369
0.63517
0.63345
0.63174
0.63004
0.62834
0.62665
0.62497
0.62329
0.62162
0.61994
0.61827
0.6166
0.61492
0.61325
0.61157
0.6099
0.60822
0.60655
0.60488
0.60321
0.60156
0.5999
0.59826
0.59663
0.59501
0.5934
0.5918
0.59021
0.58863
0.58705
0.58547
0.5839
0.58233
0.58077
0.57922
0.57767
0.57613
0.57461
0.57309
0.57159
0.5701
0.56862
0.56716
0.56572
0.56429
0.56288
0.56148
0.56011
0.55875
0.55741
0.55609
0.55479
0.55351
0.55224
0.551
0.54977
0.54856
0.54737
0.54619
0.54504
0.5439
0.54278
0.54168
0.5406
0.53954
0.53849
0.53747
0.53646
0.53547
0.5345
0.53354
0.53258
0.53164
0.53071
0.52978
0.52886
