1
0.97493
0.96069
0.95058
0.943
0.93685
0.92665
0.91732
0.90854
0.90022
0.89225
0.88465
0.8774
0.87047
0.86384
0.85749
0.85139
0.84551
0.83985
0.83437
0.82907
0.82391
0.81886
0.81392
0.80908
0.80436
0.79973
0.79521
0.7908
0.78649
0.78227
0.77812
0.77403
0.77001
0.76604
0.76212
0.75826
0.75445
0.7507
0.747
0.74338
0.73984
0.73638
0.733
0.72971
0.72649
0.72333
0.72022
0.71715
0.71409
0.71103
0.70796
0.70486
0.70173
0.69856
0.69533
0.69207
0.68876
0.68545
0.68215
0.6789
0.67572
0.67264
0.66968
0.66684
0.66412
0.66153
0.65905
0.65668
0.65441
0.65224
0.65015
0.64814
0.6462
0.64433
0.64254
0.6408
0.63914
0.63754
0.636
0.63453
0.63312
0.63178
0.6305
0.62927
0.62811
0.62699
0.62593
0.62491
0.62394
0.62302
0.62213
0.62129
0.62048
0.61971
0.61898
0.61828
0.61762
0.61698
0.61637
0.61578
0.6152
0.61464
0.6141
0.61355
0.61301
0.61247
0.61193
0.61137
0.61081
0.61023
0.60963
0.60901
0.60838
0.60772
0.60705
0.60637
0.60568
0.60499
0.60429
0.6036
0.60291
0.60222
0.60154
0.60086
0.60018
0.59949
0.5988
0.5981
0.59739
0.59666
0.59592
0.59516
0.59438
0.59358
0.59275
0.5919
0.59102
0.59012
0.58919
0.58825
0.58729
0.58633
0.58539
0.58446
0.58355
0.58268
0.58185
0.58105
0.58029
0.57958
0.57889
0.57825
0.57763
0.57705
0.57648
0.57595
0.57543
0.57494
0.57447
0.57401
0.57358
0.57316
0.57276
0.57237
0.572
0.57164
0.57129
0.57095
0.57062
0.57031
0.57
0.56969
0.5694
0.56911
0.56883
0.56856
0.5683
0.56805
0.56781
0.56759
0.56737
0.56718
0.56699
0.56682
0.56667
0.56652
0.56639
0.56628
0.56617
0.56607
0.56598
0.5659
0.56582
0.56574
0.56567
0.56561
0.56554
0.56548
0.56541
0.56535
0.56528
0.56522
0.56515
0.56508
0.565
0.56492
0.56483
0.56474
0.56464
0.56454
0.56443
0.56431
0.56418
0.56405
0.5639
0.56376
0.5636
0.56344
0.56328
0.56311
0.56293
0.56275
0.56256
0.56237
0.56218
0.56198
0.56177
0.56156
0.56134
0.56112
0.5609
0.56067
0.56044
0.56021
0.55998
0.55975
0.55952
0.55929
0.55906
0.55884
0.55862
0.55841
0.5582
0.558
0.55781
0.55762
0.55744
0.55727
0.5571
0.55695
0.5568
0.55666
0.55653
0.5564
0.55628
