1
0.94398
0.93698
0.92859
0.9219
0.91851
0.91603
0.91308
0.9105
0.9087
0.90747
0.90654
0.90174
0.89749
0.89371
0.89031
0.8873
0.88453
0.88209
0.87985
0.8779
0.87612
0.87455
0.87311
0.87183
0.87067
0.86965
0.86872
0.86787
0.86707
0.86632
0.8656
0.86488
0.86415
0.86336
0.8625
0.86148
0.86026
0.85889
0.85748
0.8561
0.85475
0.85346
0.85221
0.851
0.84981
0.84863
0.84745
0.84623
0.84497
0.84365
0.84227
0.84081
0.8393
0.83777
0.83626
0.8348
0.83341
0.8321
0.83088
0.82974
0.82868
0.82768
0.82672
0.82581
0.82493
0.82408
0.82324
0.82241
0.82159
0.82076
0.81993
0.81908
0.81822
0.81732
0.81638
0.81541
0.81439
0.81333
0.81223
0.8111
0.80995
0.80882
0.8077
0.80661
0.80554
0.8045
0.80349
0.80249
0.80149
0.80051
0.79952
0.79852
0.7975
0.79647
0.79542
0.79436
0.79331
0.79229
0.79131
0.7904
0.78955
0.78878
0.78808
0.78745
0.78688
0.78638
