1
0.97178
0.96162
0.95618
0.95155
0.94836
0.94552
0.94302
0.93793
0.93311
0.93168
0.92717
0.92284
0.91861
0.91451
0.91053
0.90667
0.90295
0.89934
0.89587
0.89252
0.88932
0.88625
0.88332
0.88052
0.87783
0.87523
0.87274
0.87034
0.86802
0.86577
0.86359
0.86146
0.85938
0.85735
0.85535
0.85338
0.85144
0.84952
0.84763
0.84575
0.8439
0.84207
0.84026
0.83847
0.8367
0.83495
0.83322
0.83152
0.82983
0.82817
0.82652
0.82489
0.82329
0.8217
0.82014
0.8186
0.81708
0.81559
0.8141
0.81262
0.81115
0.80968
0.80821
0.80673
0.80526
0.80377
0.80228
0.80078
0.79927
0.79776
0.79623
0.7947
0.79317
0.79164
0.79011
0.78859
0.78708
0.78557
0.78408
0.78259
0.7811
0.77963
0.77815
0.77669
0.77522
0.77376
0.7723
0.77084
0.76939
0.76795
0.76651
0.76509
0.76368
0.76228
0.76091
0.75955
0.75822
0.75691
0.75563
0.75437
0.75315
0.75195
0.75078
0.74963
0.74851
0.74741
0.74633
0.74528
0.74424
0.74323
0.74223
0.74124
0.74027
0.73931
0.73836
0.73742
0.73648
0.73556
0.73464
0.73373
0.73283
0.73193
0.73105
0.73017
0.7293
0.72844
0.72758
0.72674
0.7259
0.72506
0.72424
