1
0.95513
0.96818
0.95513
0.95127
0.98795
1.002
1.0152
1.0332
1.0587
1.0801
1.0943
1.1005
1.1003
1.1025
1.1096
1.117
1.1224
1.1257
1.1297
1.137
1.1469
1.1579
1.1691
1.1802
1.191
1.2017
1.2123
1.2228
1.2332
1.2434
1.2533
1.2631
1.2726
1.2818
1.2908
1.2995
1.3079
1.3159
1.3236
1.3309
1.3378
1.3444
1.3507
1.3568
1.3628
1.3687
1.3745
1.3801
1.3857
1.3911
1.3964
1.4017
1.4068
1.4118
1.4167
1.4215
1.4263
1.431
1.4357
1.4403
1.4449
1.4495
1.454
1.4585
1.4629
1.4673
1.4717
1.476
1.4803
1.4846
1.4888
1.493
1.4971
1.5012
1.5053
1.5093
1.5133
1.5173
1.5212
1.5251
1.5289
1.5327
1.5365
1.5402
1.5439
1.5475
1.551
1.5545
1.5579
1.5613
1.5645
1.5677
1.5709
1.5739
1.5769
1.5799
1.5827
1.5856
1.5883
1.591
1.5937
1.5963
1.5987
1.6012
1.6035
1.6058
1.608
1.6101
1.6122
1.6143
1.6162
1.6182
1.62
1.6218
1.6236
1.6253
1.627
1.6287
1.6302
1.6318
1.6333
1.6347
1.6361
1.6375
1.6388
1.6401
