1
0.97105
0.95885
0.95127
0.94531
0.94088
0.93691
0.93376
0.93112
0.9243
0.91799
0.91212
0.90666
0.90156
0.89677
0.89224
0.88797
0.88391
0.88006
0.87641
0.87293
0.86962
0.86649
0.86352
0.86072
0.85808
0.85558
0.85313
0.85059
0.84787
0.84501
0.84214
0.83937
0.83671
0.83416
0.83167
0.82921
0.8267
0.82409
0.82133
0.81844
0.81546
0.81246
0.80951
0.80664
0.80386
0.80117
0.79857
0.79603
0.79354
0.7911
0.7887
0.78634
0.78401
0.78171
0.77943
0.77719
0.77498
0.77281
0.77066
0.76855
0.76648
0.76445
0.76245
0.7605
0.75858
0.7567
0.75486
0.75306
0.7513
0.74957
0.74788
0.74623
0.7446
0.743
0.74143
0.73988
0.73835
0.73684
0.73535
0.73389
0.73245
0.73102
0.72962
0.72823
0.72686
0.72551
0.72418
0.72286
0.72155
0.72026
0.71899
0.71772
0.71647
0.71523
0.71399
0.71277
0.71156
0.71035
0.70915
0.70796
0.70677
0.70559
0.70441
0.70324
0.70207
0.70091
0.69975
0.69859
0.69744
0.69628
0.69514
0.69399
0.69284
0.69169
0.69054
0.68939
0.68824
0.68709
0.68594
0.68479
0.68363
0.68248
0.68132
0.68017
0.67901
0.67786
0.67671
0.67556
0.67441
0.67326
0.67211
0.67097
0.66983
0.66869
0.66756
0.66643
0.6653
0.66418
0.66306
0.66194
0.66083
0.65973
0.65862
0.65753
0.65644
0.65536
0.65428
0.6532
0.65214
0.65108
0.65002
0.64898
0.64793
0.6469
0.64588
0.64487
0.64387
0.64287
0.64189
0.64091
0.63995
0.63899
0.63805
