1
0.95557
0.94184
0.93479
0.9295
0.92511
0.92119
0.91824
0.9153
0.91317
0.9067
0.90079
0.89521
0.88995
0.88496
0.88027
0.87579
0.87157
0.86752
0.86368
0.85996
0.85641
0.85294
0.84962
0.84639
0.8433
0.84027
0.83732
0.83443
0.83164
0.82893
0.8263
0.82373
0.8212
0.81872
0.8163
0.81394
0.81164
0.80939
0.8072
0.80507
0.80298
0.80096
0.79899
0.79709
0.79526
0.79348
0.79177
0.79012
0.78852
0.78698
0.78547
0.78401
0.78258
0.7812
0.77986
0.77858
0.77737
0.77621
0.77513
0.77411
0.77318
0.7723
0.77149
0.77072
0.76999
0.76928
0.76859
0.76792
0.76726
0.76662
0.76599
0.76537
0.76475
0.76413
0.7635
0.76285
0.76219
0.7615
0.76079
0.76004
0.75925
0.75842
0.75754
0.75662
0.75566
0.75466
0.75362
0.75255
0.75146
0.75036
0.74925
0.74815
0.74705
0.74595
0.74487
0.74379
0.74272
0.74164
0.74056
0.73947
0.73837
0.73724
0.7361
0.73492
0.73372
0.7325
0.73125
0.72998
0.72869
0.72738
0.72606
