1
0.9559
0.94361
0.93788
0.93355
0.92976
0.9262
0.92332
0.92053
0.91837
0.91262
0.90732
0.90229
0.89746
0.8928
0.88835
0.88406
0.87999
0.87606
0.87232
0.8687
0.86524
0.86186
0.85864
0.85554
0.85259
0.84972
0.84696
0.84426
0.84167
0.83917
0.83674
0.83433
0.83195
0.82956
0.82718
0.82479
0.82239
0.81995
0.81748
0.81496
0.81241
0.80985
0.80729
0.80474
0.80223
0.79974
0.79728
0.79484
0.7924
0.78993
0.78742
0.78486
0.78223
0.77954
0.7768
0.77403
0.77123
0.76844
0.76566
0.7629
0.76015
0.75742
0.75468
0.75192
0.74914
0.74631
0.74345
0.74056
0.73764
0.73471
0.73177
0.72884
0.72591
0.72302
0.72015
0.71733
0.71456
0.71185
0.7092
0.70661
0.70408
0.70162
0.69921
0.69685
0.69454
0.69228
0.69005
0.68785
0.68567
0.6835
0.68135
0.67921
0.67707
0.67493
0.67279
0.67064
0.66849
0.66632
0.66414
0.66195
0.65974
0.65752
0.65528
0.65302
0.65076
0.6485
0.64624
0.64399
0.64176
0.63955
0.63738
