1
0.80285
1.4779
1.5542
1.7176
1.8007
1.9338
2.0371
2.128
2.216
2.2917
2.3671
2.439
2.5089
2.5754
2.6403
2.7031
2.7655
2.8271
2.8884
2.9478
3.0043
3.0574
3.1075
3.155
3.2007
3.2449
3.2879
3.3298
3.3708
3.4109
3.4501
3.4885
3.526
3.5627
3.5986
3.6336
3.6677
3.701
3.7335
3.7651
3.7959
3.8259
3.8551
3.8835
3.9112
3.9382
3.9644
3.9898
4.0146
4.0387
4.0621
4.0849
4.107
4.1285
4.1495
4.1699
4.1899
4.2093
4.2283
4.2469
4.2652
4.2831
4.3007
4.318
4.3351
4.3519
4.3686
4.385
4.4012
4.4173
4.4333
4.4491
4.4648
4.4804
4.4959
4.5113
4.5266
4.5419
4.5571
4.5722
4.5873
4.6024
4.6174
4.6323
4.6472
4.6621
4.6769
4.6917
4.7065
4.7212
4.7359
4.7505
4.7651
4.7796
4.794
4.8084
4.8226
4.8367
4.8507
4.8645
4.8781
4.8915
4.9047
4.9177
4.9305
4.943
4.9553
4.9674
4.9793
4.9911
5.0026
5.014
5.0253
5.0364
5.0473
5.0581
5.0688
5.0794
5.0898
5.1002
5.1104
5.1205
5.1306
5.1405
5.1503
5.1601
5.1697
5.1793
5.1887
5.1981
5.2074
5.2166
5.2257
5.2347
5.2436
5.2525
5.2612
5.2699
5.2785
5.287
5.2955
5.3039
5.3122
5.3204
5.3286
5.3367
5.3448
5.3528
5.3607
5.3686
5.3764
5.3841
5.3918
5.3994
5.407
