30.1043
-0.22055
-0.21988
-0.23739
-0.23917
-0.23053
-0.23326
-0.24339
-0.24195
-0.24606
-0.2698
-0.21459
-0.25181
-0.25419
-0.24697
-0.25751
-0.29162
-0.29844
-0.28764
-0.28444
-0.33932
-0.33695
-0.32911
-0.28467
-0.36721
-0.37697
-0.40118
-0.41635
-0.56279
-0.48366
-0.56041
-0.4985
-0.42843
-0.66613
-0.43805
-0.57172
-0.54269
-0.53284
-0.55865
-0.61376
-0.7152
-0.79978
-1.0786
-0.86804
-1.3358
-0.85219
0
0
0
0
0
0
0
0
0
0
-2.7749
0
0
0
0
0
0
0
0
0
0
-3.4922
0
-0.42762
0
-3.6814
0
0
0
0
0
0
0
0
0
0
0
0
0
0
0
0
0
0
0
0
0
0
0
0
0
0
0
0
0
0
0
0
-0.22055
34.4131
-0.22818
-0.23608
-0.24841
-0.23394
-0.22253
-0.24704
-0.2439
-0.26253
-0.27221
-0.25547
-0.25802
-0.25374
-0.24889
-0.25686
-0.27319
-0.30768
-0.27453
-0.31923
-0.35466
-0.33979
-0.32154
-0.29857
-0.38868
-0.39651
-0.42523
-0.4432
-0.65099
-0.51168
-0.54847
-0.54121
-0.45485
-0.67845
-0.51245
-0.60339
-0.56935
-0.57016
-0.57302
-0.63475
-0.7751
-0.84506
-1.1639
-0.94432
-1.4729
0
-1.3198
-2.2249
0
0
0
0
0
0
0
0
0
0
0
0
0
0
0
0
0
0
0
0
-2.4508
0
0
0
0
0
0
-3.8821
0
0
-4.6542
0
0
0
0
0
0
0
0
0
0
0
0
0
0
0
0
0
0
0
0
0
0
0
0
0
-0.21988
-0.22818
32.5915
-0.24023
-0.23724
-0.23626
-0.24144
-0.25073
-0.2511
-0.26885
-0.31952
-0.25979
-0.25909
-0.26621
-0.25725
-0.27442
-0.30893
-0.32682
-0.34672
-0.30923
-0.38898
-0.38798
-0.36178
-0.33279
-0.49117
-0.44009
-0.47138
-0.48412
-0.6154
-0.55038
-0.63824
-0.59713
-0.50216
-0.45134
-0.31575
-0.65006
-0.61524
-0.60941
-0.6153
-0.71652
-0.79221
-0.75323
-1.1952
-0.97045
-1.4624
-0.9758
0
0
0
0
0
0
0
0
0
0
0
0
0
0
0
0
0
0
0
-1.5229
0
0
0
0
0
0
0
0
0
0
0
-4.7181
0
-4.8641
0
0
0
0
0
0
0
0
0
0
0
0
0
0
0
0
0
0
0
0
0
0
0
0
-0.23739
-0.23608
-0.24023
27.4515
-0.27384
-0.24474
-0.25232
-0.26573
-0.26285
-0.27187
-0.30771
-0.27438
-0.26008
-0.27826
-0.27201
-0.29738
-0.29406
-0.33664
-0.36121
-0.33517
-0.39385
-0.39316
-0.3759
-0.33596
-0.44677
-0.44507
-0.47527
-0.49404
-0.62147
-0.56331
-0.6666
-0.6506
-0.5296
-0.5928
-0.57176
-0.66668
-0.65286
-0.65351
-0.64761
-0.73871
-0.83185
-0.89333
-1.2187
-1.0078
-1.528
-1.1153
0
0
0
0
0
0
0
0
0
0
0
0
0
0
0
0
0
0
0
0
0
0
0
0
0
0
0
0
0
0
0
0
0
0
0
-4.6389
0
0
0
0
0
0
0
0
0
0
0
0
0
0
0
0
0
0
0
0
0
0
-0.23917
-0.24841
-0.23724
-0.27384
32.2194
-0.2708
-0.28252
-0.29208
-0.28923
-0.35111
-0.34304
-0.28307
-0.29636
-0.29668
-0.28151
-0.30913
-0.32024
-0.38044
-0.40714
-0.35078
-0.44583
-0.49791
-0.48711
-0.38135
-0.48729
-0.51284
-0.54547
-0.5658
-0.59278
-0.63286
-0.59116
-0.62498
-0.52482
-0.69428
-0.57897
-0.72416
-0.67519
-0.62798
-0.67502
-0.7437
-0.82717
-0.92532
-1.446
-1.0229
-1.4876
-1.164
0
0
0
0
0
0
0
0
0
0
0
0
0
0
0
0
0
0
0
0
0
0
0
0
0
0
0
0
0
0
0
0
0
0
0
0
0
0
0
0
0
0
0
0
0
0
0
0
0
0
0
0
0
0
-7.984
0
0
0
-0.23053
-0.23394
-0.23626
-0.24474
-0.2708
22.2055
-0.25681
-0.27246
-0.25903
-0.27734
-0.29601
-0.26801
-0.29131
-0.27196
-0.26093
-0.28043
-0.31804
-0.32973
-0.35027
-0.33052
-0.38208
-0.39466
-0.37989
-0.33272
-0.42507
-0.43172
-0.46032
-0.47779
-0.60982
-0.54545
-0.61408
-0.59193
-0.487
-0.71876
-0.5471
-0.62934
-0.60009
-0.58943
-0.59373
-0.74349
-0.79591
-0.85887
-1.1687
-0.98223
-1.4795
-1.0867
0
0
0
0
0
0
0
0
0
0
0
0
0
0
0
0
0
0
0
0
0
0
0
0
0
0
0
0
0
0
0
0
0
0
0
0
0
0
0
0
0
0
0
0
0
0
0
0
0
0
0
0
0
0
0
0
0
0
-0.23326
-0.22253
-0.24144
-0.25232
-0.28252
-0.25681
24.0505
-0.26954
-0.25961
-0.28782
-0.30158
-0.28138
-0.28252
-0.26768
-0.2579
-0.28097
-0.32085
-0.33734
-0.29811
-0.32559
-0.39501
-0.38871
-0.3659
-0.35704
-0.44573
-0.44879
-0.48079
-0.49821
-0.66059
-0.57018
-0.45971
-0.65475
-0.52683
-0.81086
-0.57186
-0.67857
-0.64416
-0.6307
-0.63482
-0.77886
-0.79677
-0.92772
-1.205
-1.0198
0
0
0
0
0
0
0
0
0
0
0
0
0
0
0
0
0
0
0
0
0
0
0
0
0
0
0
0
0
-3.8394
0
0
0
0
0
0
0
0
0
0
0
0
0
0
0
0
0
0
0
0
0
0
0
0
0
0
0
0
0
0
-0.24339
-0.24704
-0.25073
-0.26573
-0.29208
-0.27246
-0.26954
22.2034
-0.27438
-0.29877
-0.31448
-0.2836
-0.3137
-0.28902
-0.27877
-0.29415
-0.34299
-0.35709
-0.38891
-0.35629
-0.41803
-0.42161
-0.41107
-0.36153
-0.45352
-0.46557
-0.49769
-0.51634
-0.63653
-0.58654
-0.63918
-0.6247
-0.52877
-0.75345
-0.59865
-0.67511
-0.64887
-0.63777
-0.64105
-0.79512
-0.8531
-0.95504
-1.2417
-1.0426
0
-1.1667
0
0
0
0
0
0
0
0
0
0
0
0
0
0
0
0
0
0
0
0
0
0
0
0
0
0
0
0
0
0
0
0
0
0
0
0
0
0
0
0
0
0
0
0
0
0
0
0
0
0
0
0
0
0
0
0
0
0
-0.24195
-0.2439
-0.2511
-0.26285
-0.28923
-0.25903
-0.25961
-0.27438
19.6244
-0.29729
-0.30408
-0.28074
-0.29342
-0.27595
-0.26887
-0.29806
-0.33737
-0.33853
-0.37248
-0.33692
-0.39498
-0.41549
-0.40499
-0.3524
-0.4632
-0.45156
-0.48111
-0.50033
-0.63447
-0.57386
-0.65295
-0.64705
-0.50589
-0.78884
-0.5924
-0.64255
-0.62557
-0.60903
-0.61972
-0.74853
-0.83126
0
-1.1954
-1.0071
0
0
0
0
0
0
0
0
0
0
0
0
0
0
0
0
0
0
0
0
0
0
0
0
0
0
0
0
0
0
0
0
0
0
0
0
0
0
0
0
0
0
0
0
0
0
0
0
0
0
0
0
0
0
0
0
0
0
0
0
-0.24606
-0.26253
-0.26885
-0.27187
-0.35111
-0.27734
-0.28782
-0.29877
-0.29729
28.3353
-0.37133
-0.32676
-0.33236
-0.31869
-0.30868
-0.33958
-0.36453
-0.40916
-0.4335
-0.39019
-0.47634
-0.51981
-0.51372
-0.41066
-0.52551
-0.54269
-0.57557
-0.59725
-0.67939
-0.66937
-0.68062
-0.701
-0.5963
-0.77803
-0.65859
-0.75271
-0.71414
-0.70124
-0.7153
0
-0.90458
0
0
0
0
0
0
0
0
0
0
0
0
0
0
0
0
0
0
0
0
0
0
0
0
0
0
0
0
0
0
0
0
0
-3.9211
0
0
0
0
0
0
0
0
-5.545
0
0
0
0
0
0
0
0
0
0
0
0
0
0
0
0
0
0
0
0
-0.2698
-0.27221
-0.31952
-0.30771
-0.34304
-0.29601
-0.30158
-0.31448
-0.30408
-0.37133
25.4208
-0.31543
-0.324
-0.31518
-0.30055
-0.32772
-0.39561
-0.39481
-0.42604
-0.41627
-0.4612
-0.47849
-0.48256
-0.40219
-0.25274
-0.51578
-0.55027
-0.59053
-0.7238
-0.67488
-0.76731
-0.72901
-0.60765
-0.91148
-0.70329
-0.77355
-0.73962
-0.71653
-0.73993
-0.86691
-0.93872
0
0
0
0
0
0
0
0
0
0
0
0
0
0
0
0
0
0
0
0
0
0
0
0
0
0
0
0
0
0
0
0
0
0
0
0
0
0
0
0
0
0
0
-5.479
0
0
0
0
0
0
0
0
0
0
0
0
0
0
0
0
0
0
0
-0.21459
-0.25547
-0.25979
-0.27438
-0.28307
-0.26801
-0.28138
-0.2836
-0.28074
-0.32676
-0.31543
25.7403
-0.27347
-0.29075
-0.28244
-0.29033
-0.30186
-0.35184
-0.38679
-0.34221
-0.40588
-0.40988
-0.39301
-0.35155
-0.45408
-0.45776
-0.49315
-0.5129
-0.70867
-0.58328
-0.76906
-0.59174
-0.51268
-0.89804
-0.54262
-0.66467
-0.66642
-0.63676
-0.69074
0
0
0
0
0
0
0
0
0
0
0
0
0
-2.8937
0
0
0
0
0
0
0
0
0
-2.801
0
0
0
0
0
0
0
0
-3.7399
0
0
0
0
0
0
0
0
0
0
0
0
0
0
0
0
0
0
0
0
0
0
0
0
0
0
0
0
0
0
0
0
-0.25181
-0.25802
-0.25909
-0.26008
-0.29636
-0.29131
-0.28252
-0.3137
-0.29342
-0.33236
-0.324
-0.27347
21.4578
-0.28164
-0.27544
-0.31352
-0.30942
-0.35146
-0.39804
-0.36767
-0.41728
-0.43264
-0.39727
-0.33762
-0.4776
-0.47065
-0.50453
-0.52202
-0.70154
-0.62006
-0.71303
-0.61779
-0.56509
-0.7215
-0.63374
-0.68773
-0.65693
-0.66158
-0.66049
0
0
0
0
0
0
0
0
0
-2.3879
0
0
0
0
0
0
0
0
-2.5374
0
0
0
0
0
0
0
0
0
0
0
0
0
0
0
0
0
0
0
0
0
0
0
0
0
0
0
0
0
0
0
0
0
0
0
0
0
0
0
0
0
0
0
0
0
0
-0.25419
-0.25374
-0.26621
-0.27826
-0.29668
-0.27196
-0.26768
-0.28902
-0.27595
-0.31869
-0.31518
-0.29075
-0.28164
18.2515
-0.28963
-0.30336
-0.35057
-0.32943
-0.3072
-0.35106
-0.38321
-0.39768
-0.39391
-0.34673
-0.46228
-0.44164
-0.46606
-0.48573
-0.64192
-0.5552
-0.50689
-0.66952
-0.51036
-0.82528
-0.5977
-0.63404
-0.59951
-0.6012
-0.59899
0
0
0
0
0
0
0
0
0
0
0
0
0
0
0
0
0
0
0
0
0
0
-2.5424
0
0
0
0
0
0
0
0
0
0
0
0
0
0
0
0
0
0
0
0
0
0
0
0
0
0
0
0
0
0
0
0
0
0
0
0
0
0
0
0
0
0
-0.24697
-0.24889
-0.25725
-0.27201
-0.28151
-0.26093
-0.2579
-0.27877
-0.26887
-0.30868
-0.30055
-0.28244
-0.27544
-0.28963
18.7214
-0.29743
-0.33989
-0.34332
-0.36479
-0.33124
-0.39205
-0.39339
-0.39548
-0.35922
-0.46342
-0.46265
-0.48353
-0.50667
-0.60796
-0.57129
-0.56397
-0.63189
-0.50467
-0.78284
-0.54784
-0.65065
-0.61289
-0.61635
-0.61329
0
0
0
0
0
0
0
0
0
0
0
0
0
0
0
0
0
0
0
0
0
0
0
0
0
-3.0548
0
0
0
0
0
0
0
0
0
0
0
0
0
0
0
0
0
0
0
0
0
0
0
0
0
0
0
0
0
0
0
0
0
0
0
0
0
0
0
-0.25751
-0.25686
-0.27442
-0.29738
-0.30913
-0.28043
-0.28097
-0.29415
-0.29806
-0.33958
-0.32772
-0.29033
-0.31352
-0.30336
-0.29743
24.1219
-0.25052
-0.3739
-0.40075
-0.3666
-0.4357
-0.44859
-0.43168
-0.39565
-0.48416
-0.49452
-0.52479
-0.54542
-0.70452
-0.61597
-0.74013
-0.64977
-0.57561
-0.9052
-0.59388
-0.72923
-0.52972
-0.6944
0
0
0
0
0
0
0
0
0
0
0
0
0
0
0
0
0
0
0
0
-3.165
0
0
0
0
0
0
0
0
0
0
0
0
0
0
0
0
0
0
0
0
0
0
0
0
0
0
-4.6453
0
0
0
0
0
0
0
0
0
0
0
0
0
0
0
0
0
0
-0.29162
-0.27319
-0.30893
-0.29406
-0.32024
-0.31804
-0.32085
-0.34299
-0.33737
-0.36453
-0.39561
-0.30186
-0.30942
-0.35057
-0.33989
-0.25052
38.2774
-0.43783
-0.46784
-0.43319
-0.50611
-0.53104
-0.50759
-0.43916
-0.56937
-0.56895
-0.60506
-0.62681
-0.82334
-0.69823
-0.8079
-0.70978
0
0
0
0
0
0
0
0
0
0
0
0
0
0
-1.6627
0
0
-2.1599
0
0
0
0
0
0
0
-2.5142
0
0
-2.5061
0
-2.8631
0
0
0
0
0
0
0
0
0
0
0
0
0
0
0
0
0
0
0
0
0
0
-4.9871
0
0
0
0
0
0
0
0
0
0
0
0
0
0
0
-7.7324
0
0
-0.29844
-0.30768
-0.32682
-0.33664
-0.38044
-0.32973
-0.33734
-0.35709
-0.33853
-0.40916
-0.39481
-0.35184
-0.35146
-0.32943
-0.34332
-0.3739
-0.43783
16.0863
-0.46967
-0.43757
-0.60806
-0.51379
-0.49975
-0.47053
-0.54331
-0.61933
-0.63014
-0.65636
-0.76077
-0.7441
-0.79734
-0.80924
0
-0.91191
-0.60993
0
0
0
0
0
0
0
0
0
0
0
0
0
0
0
0
0
0
0
0
0
0
0
0
0
0
0
0
0
0
0
0
0
0
0
0
0
0
0
0
0
0
0
0
0
0
0
0
0
0
0
0
0
0
0
0
0
0
0
0
0
0
0
0
0
0
0
0
0
-0.28764
-0.27453
-0.34672
-0.36121
-0.40714
-0.35027
-0.29811
-0.38891
-0.37248
-0.4335
-0.42604
-0.38679
-0.39804
-0.3072
-0.36479
-0.40075
-0.46784
-0.46967
21.7388
-0.48144
-0.52944
-0.52042
-0.51711
-0.45067
-0.58843
-0.58795
-0.62618
-0.64987
0
-0.73716
0
0
0
0
0
0
0
0
0
0
0
0
0
0
0
0
0
0
0
0
0
0
0
0
0
0
-2.9511
0
0
0
0
-2.7405
0
0
0
0
0
0
0
0
0
0
0
0
0
-3.6169
0
0
0
0
0
0
0
0
0
0
0
0
0
0
0
0
0
0
0
0
0
0
0
0
0
0
0
0
-0.28444
-0.31923
-0.30923
-0.33517
-0.35078
-0.33052
-0.32559
-0.35629
-0.33692
-0.39019
-0.41627
-0.34221
-0.36767
-0.35106
-0.33124
-0.3666
-0.43319
-0.43757
-0.48144
18.4763
-0.49592
-0.50839
-0.36845
-0.40792
-0.57799
-0.55968
-0.58447
-0.60611
-0.78082
-0.68523
0
0
0
0
0
0
0
0
0
0
0
0
0
0
0
0
0
0
0
0
0
0
0
0
0
-2.6281
0
0
0
0
0
0
0
0
0
0
0
0
0
0
0
0
0
0
0
0
-3.4076
0
0
0
0
0
0
0
0
0
0
0
0
0
0
0
0
0
0
0
0
0
0
0
0
0
0
0
-0.33932
-0.35466
-0.38898
-0.39385
-0.44583
-0.38208
-0.39501
-0.41803
-0.39498
-0.47634
-0.4612
-0.40588
-0.41728
-0.38321
-0.39205
-0.4357
-0.50611
-0.60806
-0.52944
-0.49592
16.606
-0.57257
-0.5662
-0.51264
-0.58994
-0.74476
-0.78914
-0.8106
-0.80342
-0.89068
-0.85104
-0.85111
0
0
0
0
0
0
0
0
0
0
0
0
0
0
0
0
0
0
0
0
0
0
0
0
0
0
0
0
0
0
0
0
0
0
0
0
0
0
0
0
0
0
0
0
0
0
0
0
0
0
0
0
0
0
0
0
0
0
0
0
0
0
0
0
0
0
0
0
0
0
0
0
-0.33695
-0.33979
-0.38798
-0.39316
-0.49791
-0.39466
-0.38871
-0.42161
-0.41549
-0.51981
-0.47849
-0.40988
-0.43264
-0.39768
-0.39339
-0.44859
-0.53104
-0.51379
-0.52042
-0.50839
-0.57257
20.9133
-0.24195
-0.52666
-0.64235
-0.62952
-0.66488
-0.68697
0
0
0
0
-0.78098
0
0
0
0
0
0
0
0
0
0
0
0
0
0
0
0
0
0
0
0
0
0
0
0
0
0
0
0
0
0
-2.631
0
0
0
0
0
0
0
0
0
0
0
0
0
0
0
0
0
0
-4.806
0
0
0
0
0
0
0
0
0
0
0
0
0
0
0
0
0
0
0
0
0
-0.32911
-0.32154
-0.36178
-0.3759
-0.48711
-0.37989
-0.3659
-0.41107
-0.40499
-0.51372
-0.48256
-0.39301
-0.39727
-0.39391
-0.39548
-0.43168
-0.50759
-0.49975
-0.51711
-0.36845
-0.5662
-0.24195
20.2951
-0.45286
-0.6588
-0.61198
-0.65276
-0.67414
0
-0.76917
0
0
0
0
0
0
0
0
0
0
0
0
0
0
0
0
0
0
0
0
0
0
0
0
0
-2.7226
0
0
0
0
0
0
0
0
0
0
0
0
0
0
0
0
0
0
0
0
0
0
0
0
0
0
-4.6068
0
0
0
0
0
0
0
0
0
0
0
0
0
0
0
0
0
0
0
0
0
-0.28467
-0.29857
-0.33279
-0.33596
-0.38135
-0.33272
-0.35704
-0.36153
-0.3524
-0.41066
-0.40219
-0.35155
-0.33762
-0.34673
-0.35922
-0.39565
-0.43916
-0.47053
-0.45067
-0.40792
-0.51264
-0.52666
-0.45286
16.8867
-0.55015
-0.57338
-0.59777
-0.62696
0
0
0
0
0
0
0
0
0
0
0
0
0
0
0
0
0
0
0
0
0
0
0
0
0
0
0
0
0
0
0
0
0
0
0
0
0
0
0
0
-2.3744
0
-3.2629
0
0
0
0
0
0
0
0
0
0
0
0
0
0
0
0
0
0
0
0
0
0
0
0
0
0
0
0
0
0
0
0
0
-0.36721
-0.38868
-0.49117
-0.44677
-0.48729
-0.42507
-0.44573
-0.45352
-0.4632
-0.52551
-0.25274
-0.45408
-0.4776
-0.46228
-0.46342
-0.48416
-0.56937
-0.54331
-0.58843
-0.57799
-0.58994
-0.64235
-0.6588
-0.55015
20.6758
-0.66716
-0.69684
0
0
0
0
0
0
0
0
0
0
0
0
0
0
0
0
0
0
0
0
0
0
0
0
0
0
0
0
0
0
0
0
-2.6823
0
0
0
0
0
0
0
0
0
0
0
0
0
0
0
0
0
0
0
0
0
0
0
0
-4.8207
0
0
0
0
0
0
0
0
0
0
0
0
0
0
0
0
0
0
0
-0.37697
-0.39651
-0.44009
-0.44507
-0.51284
-0.43172
-0.44879
-0.46557
-0.45156
-0.54269
-0.51578
-0.45776
-0.47065
-0.44164
-0.46265
-0.49452
-0.56895
-0.61933
-0.58795
-0.55968
-0.74476
-0.62952
-0.61198
-0.57338
-0.66716
14.5314
-0.79101
-0.82284
0
0
0
0
0
0
0
0
0
0
0
0
0
0
0
0
0
0
0
0
0
0
0
0
0
0
0
0
0
0
0
0
0
0
0
0
0
0
0
0
0
0
0
0
0
0
0
0
0
0
0
0
0
0
0
0
0
0
0
0
0
0
0
0
0
0
0
0
0
0
0
0
0
0
0
0
-0.40118
-0.42523
-0.47138
-0.47527
-0.54547
-0.46032
-0.48079
-0.49769
-0.48111
-0.57557
-0.55027
-0.49315
-0.50453
-0.46606
-0.48353
-0.52479
-0.60506
-0.63014
-0.62618
-0.58447
-0.78914
-0.66488
-0.65276
-0.59777
-0.69684
-0.79101
14.4746
0
0
0
0
0
0
0
0
0
0
0
0
0
0
0
0
0
0
0
0
0
0
0
0
0
0
0
0
0
0
0
0
0
0
0
0
0
0
0
0
0
0
0
0
0
0
0
0
0
0
0
0
0
0
0
0
0
0
0
0
0
0
0
0
0
0
0
0
0
0
0
0
0
0
0
0
0
-0.41635
-0.4432
-0.48412
-0.49404
-0.5658
-0.47779
-0.49821
-0.51634
-0.50033
-0.59725
-0.59053
-0.5129
-0.52202
-0.48573
-0.50667
-0.54542
-0.62681
-0.65636
-0.64987
-0.60611
-0.8106
-0.68697
-0.67414
-0.62696
0
-0.82284
0
14.3174
0
0
0
0
0
0
0
0
0
0
0
0
0
0
0
0
0
0
0
0
0
0
0
0
0
0
0
0
0
0
0
0
0
0
0
0
0
0
0
0
0
0
0
0
0
0
0
0
0
0
0
0
0
0
0
0
0
0
0
0
0
0
0
0
0
0
0
0
0
0
0
0
0
0
0
0
-0.56279
-0.65099
-0.6154
-0.62147
-0.59278
-0.60982
-0.66059
-0.63653
-0.63447
-0.67939
-0.7238
-0.70867
-0.70154
-0.64192
-0.60796
-0.70452
-0.82334
-0.76077
0
-0.78082
-0.80342
0
0
0
0
0
0
0
22.9767
0
0
0
0
0
0
0
0
0
0
0
0
0
0
0
0
0
0
0
0
0
0
0
0
0
0
0
0
0
0
0
0
0
0
-2.7325
0
0
0
0
0
0
0
0
0
0
0
0
0
0
0
0
0
0
0
0
0
0
0
0
0
-6.7232
0
0
0
0
0
0
0
0
0
0
0
0
0
0
-0.48366
-0.51168
-0.55038
-0.56331
-0.63286
-0.54545
-0.57018
-0.58654
-0.57386
-0.66937
-0.67488
-0.58328
-0.62006
-0.5552
-0.57129
-0.61597
-0.69823
-0.7441
-0.73716
-0.68523
-0.89068
0
-0.76917
0
0
0
0
0
0
13.8325
0
0
0
0
0
0
0
0
0
0
0
0
0
0
0
0
0
0
0
0
0
0
0
0
0
0
0
0
0
0
0
0
0
0
0
0
0
0
0
0
0
0
0
0
0
0
0
0
0
0
0
0
0
0
0
0
0
0
0
0
0
0
0
0
0
0
0
0
0
0
0
0
0
0
-0.56041
-0.54847
-0.63824
-0.6666
-0.59116
-0.61408
-0.45971
-0.63918
-0.65295
-0.68062
-0.76731
-0.76906
-0.71303
-0.50689
-0.56397
-0.74013
-0.8079
-0.79734
0
0
-0.85104
0
0
0
0
0
0
0
0
0
25.7729
0
0
0
0
0
0
0
0
0
0
0
0
0
0
0
0
0
0
0
0
0
0
0
0
0
0
0
0
0
0
-2.7466
0
0
0
0
0
0
0
0
0
0
0
-3.7858
0
0
0
0
0
0
0
0
0
0
0
0
0
0
0
0
0
0
0
0
0
0
0
0
0
0
0
0
-6.6723
0
-0.4985
-0.54121
-0.59713
-0.6506
-0.62498
-0.59193
-0.65475
-0.6247
-0.64705
-0.701
-0.72901
-0.59174
-0.61779
-0.66952
-0.63189
-0.64977
-0.70978
-0.80924
0
0
-0.85111
0
0
0
0
0
0
0
0
0
0
24.8995
0
0
0
0
0
0
0
0
0
0
0
0
0
0
0
0
-2.5839
0
0
0
0
0
0
0
0
0
0
0
0
0
0
0
0
0
0
0
0
0
0
0
0
0
0
0
0
0
0
0
0
0
0
0
0
0
-3.8409
0
0
0
0
0
0
0
0
0
0
0
0
-6.0829
0
0
0
0
-0.42843
-0.45485
-0.50216
-0.5296
-0.52482
-0.487
-0.52683
-0.52877
-0.50589
-0.5963
-0.60765
-0.51268
-0.56509
-0.51036
-0.50467
-0.57561
0
0
0
0
0
-0.78098
0
0
0
0
0
0
0
0
0
0
14.7156
0
0
-0.96784
0
0
0
0
0
0
0
0
0
0
0
-2.1274
0
0
0
0
0
0
0
0
0
0
0
-2.4787
0
0
0
0
0
0
0
0
0
0
0
0
0
0
0
0
0
0
0
0
0
0
0
0
0
0
0
0
0
0
0
0
0
0
0
0
0
0
0
0
0
0
0
0
-0.66613
-0.67845
-0.45134
-0.5928
-0.69428
-0.71876
-0.81086
-0.75345
-0.78884
-0.77803
-0.91148
-0.89804
-0.7215
-0.82528
-0.78284
-0.9052
0
-0.91191
0
0
0
0
0
0
0
0
0
0
0
0
0
0
0
27.7098
0
0
0
0
0
0
0
0
0
0
0
0
0
0
0
0
0
0
0
0
0
0
0
0
0
0
0
0
0
0
0
0
-3.6012
0
0
0
0
0
0
0
0
0
0
-4.4651
0
0
0
0
0
0
0
0
0
0
0
0
0
0
0
0
0
0
0
-6.7543
0
0
0
0
0
0
-0.43805
-0.51245
-0.31575
-0.57176
-0.57897
-0.5471
-0.57186
-0.59865
-0.5924
-0.65859
-0.70329
-0.54262
-0.63374
-0.5977
-0.54784
-0.59388
0
-0.60993
0
0
0
0
0
0
0
0
0
0
0
0
0
0
0
0
19.4424
0
0
0
0
0
0
0
0
0
0
0
0
0
0
0
0
0
0
0
0
0
0
0
0
0
0
0
0
0
0
0
0
0
0
0
0
0
0
0
0
0
0
0
0
-4.6039
0
0
0
0
0
0
0
0
0
0
0
0
0
0
0
-5.2239
0
0
0
0
0
0
0
0
-0.57172
-0.60339
-0.65006
-0.66668
-0.72416
-0.62934
-0.67857
-0.67511
-0.64255
-0.75271
-0.77355
-0.66467
-0.68773
-0.63404
-0.65065
-0.72923
0
0
0
0
0
0
0
0
0
0
0
0
0
0
0
0
-0.96784
0
0
11.702
0
0
0
0
0
0
0
0
0
0
0
0
0
0
0
0
0
0
0
0
0
0
0
0
0
0
0
0
0
0
0
0
0
0
0
0
0
0
0
0
0
0
0
0
0
0
0
0
0
0
0
0
0
0
0
0
0
0
0
0
0
0
0
0
0
0
0
0
-0.54269
-0.56935
-0.61524
-0.65286
-0.67519
-0.60009
-0.64416
-0.64887
-0.62557
-0.71414
-0.73962
-0.66642
-0.65693
-0.59951
-0.61289
-0.52972
0
0
0
0
0
0
0
0
0
0
0
0
0
0
0
0
0
0
0
0
12.9502
0
0
0
0
0
0
0
0
0
0
0
0
0
0
0
0
0
0
0
0
0
-2.857
0
0
0
0
0
0
0
0
0
0
0
0
0
0
0
0
0
0
0
0
0
0
0
0
0
0
0
0
0
0
0
0
0
0
0
0
0
0
0
0
0
0
0
0
0
-0.53284
-0.57016
-0.60941
-0.65351
-0.62798
-0.58943
-0.6307
-0.63777
-0.60903
-0.70124
-0.71653
-0.63676
-0.66158
-0.6012
-0.61635
-0.6944
0
0
0
0
0
0
0
0
0
0
0
0
0
0
0
0
0
0
0
0
0
12.9497
0
0
0
0
0
0
0
0
0
0
0
0
0
0
0
0
0
0
0
0
0
-2.8608
0
0
0
0
0
0
0
0
0
0
0
0
0
0
0
0
0
0
0
0
0
0
0
0
0
0
0
0
0
0
0
0
0
0
0
0
0
0
0
0
0
0
0
0
-0.55865
-0.57302
-0.6153
-0.64761
-0.67502
-0.59373
-0.63482
-0.64105
-0.61972
-0.7153
-0.73993
-0.69074
-0.66049
-0.59899
-0.61329
0
0
0
0
0
0
0
0
0
0
0
0
0
0
0
0
0
0
0
0
0
0
0
12.3532
0
0
0
0
0
0
0
0
0
0
0
0
0
0
0
0
0
0
0
-2.7756
0
0
0
0
0
0
0
0
0
0
0
0
0
0
0
0
0
0
0
0
0
0
0
0
0
0
0
0
0
0
0
0
0
0
0
0
0
0
0
0
0
0
0
0
0
-0.61376
-0.63475
-0.71652
-0.73871
-0.7437
-0.74349
-0.77886
-0.79512
-0.74853
0
-0.86691
0
0
0
0
0
0
0
0
0
0
0
0
0
0
0
0
0
0
0
0
0
0
0
0
0
0
0
0
17.89
0
0
0
0
0
0
0
-2.2683
0
0
0
0
0
0
0
0
0
0
0
0
0
0
0
0
0
0
0
0
0
0
0
0
-3.236
0
0
0
0
0
0
0
0
0
0
0
0
0
0
0
0
0
0
0
-5.0054
0
0
0
0
0
0
0
0
0
0
0
-0.7152
-0.7751
-0.79221
-0.83185
-0.82717
-0.79591
-0.79677
-0.8531
-0.83126
-0.90458
-0.93872
0
0
0
0
0
0
0
0
0
0
0
0
0
0
0
0
0
0
0
0
0
0
0
0
0
0
0
0
0
12.0172
0
0
0
0
0
0
0
0
0
0
0
0
0
0
0
0
0
0
0
0
0
0
0
-2.9553
0
0
0
0
0
0
0
0
0
0
0
0
0
0
0
0
0
0
0
0
0
0
0
0
0
0
0
0
0
0
0
0
0
0
0
0
0
0
0
-0.79978
-0.84506
-0.75323
-0.89333
-0.92532
-0.85887
-0.92772
-0.95504
0
0
0
0
0
0
0
0
0
0
0
0
0
0
0
0
0
0
0
0
0
0
0
0
0
0
0
0
0
0
0
0
0
15.44
0
0
0
0
0
0
0
0
-1.5562
0
0
0
0
0
0
0
0
0
0
0
0
0
0
0
-3.666
0
0
0
0
0
0
0
-3.2594
0
0
0
0
0
0
0
0
0
0
0
0
0
0
0
0
0
0
0
0
0
0
0
0
0
0
0
0
0
-1.0786
-1.1639
-1.1952
-1.2187
-1.446
-1.1687
-1.205
-1.2417
-1.1954
0
0
0
0
0
0
0
0
0
0
0
0
0
0
0
0
0
0
0
0
0
0
0
0
0
0
0
0
0
0
0
0
0
14.9421
0
0
0
0
0
0
0
0
0
0
0
0
0
0
0
0
0
0
0
0
0
0
0
0
0
0
0
0
0
0
0
0
0
0
0
0
0
0
0
0
-4.0289
0
0
0
0
0
0
0
0
0
0
0
0
0
0
0
0
0
0
0
0
-0.86804
-0.94432
-0.97045
-1.0078
-1.0229
-0.98223
-1.0198
-1.0426
-1.0071
0
0
0
0
0
0
0
0
0
0
0
0
0
0
0
0
0
0
0
0
0
0
0
0
0
0
0
0
0
0
0
0
0
0
13.5366
0
0
0
0
0
0
0
0
0
0
0
0
0
0
0
0
0
0
0
0
0
0
0
0
0
0
0
0
0
0
0
0
0
0
0
0
0
0
0
0
0
0
0
0
0
0
0
0
0
0
0
0
-4.6713
0
0
0
0
0
0
0
-1.3358
-1.4729
-1.4624
-1.528
-1.4876
-1.4795
0
0
0
0
0
0
0
0
0
0
0
0
0
0
0
0
0
0
0
0
0
0
0
0
0
0
0
0
0
0
0
0
0
0
0
0
0
0
23.4716
0
0
0
0
0
0
0
0
0
0
0
0
0
0
0
0
0
0
0
0
0
0
0
0
0
0
0
0
0
-3.8974
0
0
0
0
0
0
0
0
0
0
0
0
0
-5.404
0
0
-5.404
0
0
0
0
0
0
0
0
0
0
0
0
-0.85219
0
-0.9758
-1.1153
-1.164
-1.0867
0
-1.1667
0
0
0
0
0
0
0
0
0
0
0
0
0
0
0
0
0
0
0
0
0
0
0
0
0
0
0
0
0
0
0
0
0
0
0
0
0
14.2526
0
0
0
0
0
0
0
0
0
-2.8436
-2.7848
0
0
0
0
0
0
0
0
-2.2636
0
0
0
0
0
0
0
0
0
0
0
0
0
0
0
0
0
0
0
0
0
0
0
0
0
0
0
0
0
0
0
0
0
0
0
0
0
0
0
-1.3198
0
0
0
0
0
0
0
0
0
0
0
0
0
0
-1.6627
0
0
0
0
0
0
0
0
0
0
0
0
0
0
0
0
0
0
0
0
0
0
0
0
0
0
0
0
0
13.1962
0
0
-3.0978
0
0
0
0
-3.4584
0
0
0
0
0
0
0
0
0
0
0
0
0
0
0
0
0
0
0
0
0
0
0
-3.6575
0
0
0
0
0
0
0
0
0
0
0
0
0
0
0
0
0
0
0
0
0
0
0
0
0
0
-2.2249
0
0
0
0
0
0
0
0
0
0
0
0
0
0
0
0
0
0
0
0
0
0
0
0
0
0
0
0
0
0
-2.1274
0
0
0
0
0
0
-2.2683
0
0
0
0
0
0
0
12.0428
0
0
0
0
0
-2.8491
-2.573
0
0
0
0
0
0
0
0
0
0
0
0
0
0
0
0
0
0
0
0
0
0
0
0
0
0
0
0
0
0
0
0
0
0
0
0
0
0
0
0
0
0
0
0
0
0
0
0
0
0
0
0
0
0
0
0
0
0
0
0
0
-2.3879
0
0
0
0
0
0
0
0
0
0
0
0
0
0
0
0
0
0
-2.5839
0
0
0
0
0
0
0
0
0
0
0
0
0
0
0
0
12.5498
-2.543
0
0
0
0
0
0
0
0
0
0
0
0
-2.0728
0
0
0
0
0
0
0
-2.9621
0
0
0
0
0
0
0
0
0
0
0
0
0
0
0
0
0
0
0
0
0
0
0
0
0
0
0
0
0
0
0
0
0
0
0
0
0
0
0
0
0
0
0
0
0
0
0
0
0
-2.1599
0
0
0
0
0
0
0
0
0
0
0
0
0
0
0
0
0
0
0
0
0
0
0
0
0
0
0
0
0
-3.0978
0
-2.543
13.3689
0
0
-3.4064
0
0
0
0
0
0
0
0
0
-2.1618
0
0
0
0
0
0
0
0
0
0
0
0
0
0
0
0
0
0
0
0
0
0
0
0
0
0
0
0
0
0
0
0
0
0
0
0
0
0
0
0
0
0
0
0
0
0
0
0
0
0
0
0
0
0
0
0
0
0
0
0
0
0
0
0
0
0
0
0
0
0
0
0
0
0
0
0
0
0
0
0
0
0
-1.5562
0
0
0
0
0
0
0
0
13.3123
0
0
0
0
0
0
0
0
0
0
0
0
-2.9166
0
0
0
-3.8642
0
0
0
0
0
0
0
0
0
0
0
0
0
0
0
0
0
0
0
0
0
0
-4.9753
0
0
0
0
0
0
0
0
0
0
0
0
0
0
0
0
0
0
0
0
0
0
0
0
0
0
0
0
0
0
0
0
0
0
0
0
0
0
0
0
0
0
0
0
0
0
0
0
0
0
0
0
0
0
0
0
0
0
0
0
0
0
0
0
16.8466
0
0
0
-3.3132
0
0
0
0
-3.722
0
0
0
0
0
0
0
0
0
-4.1318
0
0
0
0
0
0
0
0
0
0
0
0
0
0
0
0
0
0
0
0
0
0
-5.6795
0
0
0
0
0
0
0
0
0
0
0
0
0
0
0
0
0
0
0
0
0
-2.8937
0
0
0
0
0
0
0
0
0
0
0
0
0
0
0
0
0
0
0
0
0
0
0
0
0
0
0
0
0
0
0
0
0
0
0
0
0
-3.4064
0
0
12.5925
0
0
0
0
0
0
0
-3.0651
0
0
0
0
0
0
-3.2273
0
0
0
0
0
0
0
0
0
0
0
0
0
0
0
0
0
0
0
0
0
0
0
0
0
0
0
0
0
0
0
0
0
0
0
0
0
0
0
0
0
0
0
0
0
0
0
0
0
0
0
0
0
0
0
0
0
0
0
0
0
0
0
0
0
0
0
0
0
0
0
0
0
0
0
0
0
0
0
0
0
0
0
-2.8491
0
0
0
0
0
13.0829
-3.5532
0
-3.3036
0
0
0
0
0
0
-3.377
0
0
0
0
0
0
0
0
0
0
0
0
0
0
0
0
0
0
0
0
0
0
0
0
0
0
0
0
0
0
0
0
0
0
0
0
0
0
0
0
0
0
0
0
0
0
0
0
0
0
0
0
0
0
0
0
0
0
0
0
0
0
0
0
0
0
0
0
0
0
0
0
0
0
0
0
0
0
0
0
0
0
0
0
0
0
-3.4584
-2.573
0
0
0
0
0
-3.5532
14.0669
0
0
0
0
0
0
0
0
0
0
0
0
0
0
0
0
0
0
0
0
0
-4.4824
0
0
0
0
0
0
0
0
0
0
0
0
0
0
0
0
0
0
0
0
0
0
0
0
0
0
0
0
0
0
0
0
0
0
0
0
0
0
0
0
0
0
0
0
0
0
-2.6281
0
0
-2.7226
0
0
0
0
0
0
0
0
0
0
0
0
0
0
0
0
0
0
0
0
0
0
-2.8436
0
0
0
0
0
-3.3132
0
0
0
11.5075
0
0
0
0
0
0
0
0
0
0
0
0
0
0
0
0
0
0
0
0
0
0
0
0
0
0
0
0
0
0
0
0
0
0
0
0
0
0
0
0
0
0
0
0
0
0
0
0
-2.7749
0
0
0
0
0
0
0
0
0
0
0
0
0
0
0
0
0
-2.9511
0
0
0
0
0
0
0
0
0
0
0
0
0
0
0
0
0
0
0
0
0
0
0
0
0
0
-2.7848
0
0
0
0
0
0
0
-3.3036
0
0
11.8144
0
0
0
0
0
0
0
0
0
0
0
0
0
0
0
0
0
0
0
0
0
0
0
0
0
0
0
0
0
0
0
0
0
0
0
0
0
0
0
0
0
0
0
0
0
0
0
0
0
0
0
0
0
0
0
0
0
0
0
-2.5374
0
0
0
-2.5142
0
0
0
0
0
0
0
0
0
0
0
0
0
0
0
0
0
0
0
0
0
0
0
0
0
0
0
0
0
0
0
0
0
0
0
0
0
0
0
0
12.4229
0
0
0
0
0
0
0
0
-3.4618
0
0
0
0
0
0
0
0
0
0
0
0
0
0
-3.9095
0
0
0
0
0
0
0
0
0
0
0
0
0
0
0
0
0
0
0
0
0
0
0
0
0
0
0
0
0
0
0
0
0
0
0
0
0
-3.165
0
0
0
0
0
0
0
0
0
0
0
0
0
0
0
0
0
0
0
0
-2.857
0
-2.7756
0
0
0
0
0
0
0
0
0
0
0
0
0
0
0
0
0
0
0
13.4545
0
0
0
0
0
0
0
0
0
0
0
0
0
0
0
0
0
0
0
0
0
-4.657
0
0
0
0
0
0
0
0
0
0
0
0
0
0
0
0
0
0
0
0
0
0
0
0
0
0
0
0
0
0
0
0
0
0
0
0
0
0
0
0
0
0
0
0
0
0
0
-2.6823
0
0
0
0
0
0
0
-2.4787
0
0
0
0
-2.8608
0
0
0
0
0
0
0
0
0
0
0
0
0
0
0
0
0
0
0
0
0
12.0036
0
0
0
0
0
0
0
0
0
0
0
0
0
0
0
0
0
0
0
0
0
0
0
0
0
0
-3.9818
0
0
0
0
0
0
0
0
0
0
0
0
0
0
0
0
0
0
0
0
0
0
0
0
0
0
0
0
0
0
0
0
0
-2.5061
0
0
0
0
0
0
0
0
0
0
0
0
0
0
0
0
0
0
0
0
0
0
0
0
0
0
0
0
0
0
0
0
0
0
-3.722
-3.0651
0
0
0
0
0
0
0
12.2021
0
0
0
0
0
0
0
0
-2.9088
0
0
0
0
0
0
0
0
0
0
0
0
0
0
0
0
0
0
0
0
0
0
0
0
0
0
0
0
0
0
0
0
0
0
0
0
0
0
0
0
0
0
0
0
0
0
0
-2.5424
0
0
0
0
-2.7405
0
0
0
0
0
0
0
0
0
0
0
-2.7466
0
0
0
0
0
0
0
0
0
0
0
0
0
0
0
0
0
0
0
0
0
0
0
0
0
0
0
0
0
0
11.0584
0
0
0
0
0
0
0
0
0
0
-3.0288
0
0
0
0
0
0
0
0
0
0
0
0
0
0
0
0
0
0
0
0
0
0
0
0
0
0
0
0
0
0
0
0
0
0
0
0
0
0
0
0
0
0
-2.801
0
0
0
0
-2.8631
0
0
0
0
0
0
0
0
0
0
0
0
0
0
0
0
0
0
0
0
0
0
0
0
0
0
0
0
0
0
0
-2.0728
-2.1618
0
0
0
0
0
0
0
0
0
0
0
0
9.8986
0
0
0
0
0
0
0
0
0
0
0
0
0
0
0
0
0
0
0
0
0
0
0
0
0
0
0
0
0
0
0
0
0
0
0
0
0
0
0
0
0
0
0
0
0
0
0
0
0
0
0
0
0
0
0
0
0
0
0
0
0
0
-2.631
0
0
0
0
0
0
-2.7325
0
0
0
0
0
0
0
0
0
0
0
0
0
0
0
0
0
0
0
0
0
-2.9166
0
0
-3.377
0
0
0
0
0
0
0
0
0
11.657
0
0
0
0
0
0
0
0
0
0
0
0
0
0
0
0
0
0
0
0
0
0
0
0
0
0
0
0
0
0
0
0
0
0
0
0
0
0
0
0
0
0
0
0
0
0
0
0
0
0
0
0
0
0
-3.0548
0
0
0
0
0
0
0
0
0
0
0
0
0
0
0
0
0
0
0
0
0
0
0
0
0
-2.9553
0
0
0
0
0
0
0
0
0
0
0
0
0
0
0
0
0
0
0
0
0
0
0
10.0245
0
0
0
0
0
0
0
-4.0144
0
0
0
0
0
0
0
0
0
0
0
0
0
0
0
0
0
0
0
0
0
0
0
0
0
0
0
0
0
0
0
0
0
-1.5229
0
0
0
0
0
0
0
0
0
0
0
0
0
0
0
0
0
0
0
0
0
0
0
0
0
0
0
0
0
0
0
0
0
0
0
0
0
0
0
0
0
0
-2.2636
0
0
0
0
0
0
0
0
0
0
0
0
0
0
0
0
0
0
0
8.1073
0
0
0
0
0
0
0
0
0
0
0
0
0
0
0
0
0
0
0
0
0
0
0
0
0
0
0
0
0
0
0
0
0
0
0
0
0
-4.3209
0
0
0
0
0
0
0
0
0
0
0
0
0
0
0
0
0
0
0
0
0
0
0
0
0
0
0
0
0
0
0
0
0
-3.6012
0
0
0
0
0
0
0
-3.666
0
0
0
0
0
0
0
0
0
0
0
0
0
0
0
-3.4618
0
0
0
0
0
0
0
0
10.7291
0
0
0
0
0
0
0
0
0
0
0
0
0
0
0
0
0
0
0
0
0
0
0
0
0
0
0
0
0
0
0
0
0
0
0
0
0
-3.4922
0
0
0
0
0
0
0
0
0
0
0
0
0
0
0
0
0
0
0
0
0
0
0
0
0
0
0
0
0
0
0
0
0
0
0
0
0
0
0
0
0
0
0
0
0
0
0
0
0
-3.8642
0
-3.2273
0
0
0
0
0
0
0
0
0
0
0
0
0
0
10.5837
0
0
0
0
0
0
0
0
0
0
0
0
0
0
0
0
0
0
0
0
0
0
0
0
0
0
0
0
0
0
0
0
0
0
0
0
0
-2.4508
0
0
0
0
0
0
0
0
0
0
0
0
0
0
0
0
0
0
0
0
0
-2.3744
0
0
0
0
0
0
0
0
0
0
0
0
0
0
0
0
0
0
0
0
0
0
0
0
0
0
0
0
0
0
0
0
0
0
0
0
0
0
0
0
0
0
0
0
9.1144
0
0
0
0
0
0
0
0
0
0
0
0
0
0
0
0
0
0
0
0
0
0
0
0
0
0
0
0
0
-4.2892
0
0
0
0
0
-0.42762
0
0
0
0
0
0
0
0
0
0
0
0
0
0
0
0
0
0
0
0
0
0
0
0
0
0
0
0
0
0
0
0
0
0
0
0
0
0
0
0
0
0
0
0
0
0
0
0
0
0
0
0
0
0
0
0
0
0
0
-2.9088
0
0
0
0
0
0
0
0
8.412
0
0
0
0
0
0
0
0
0
0
0
0
0
0
0
0
0
-5.0756
0
0
0
0
0
0
0
0
0
0
0
0
0
0
0
0
0
0
0
0
0
0
0
0
0
0
0
0
0
0
0
0
0
0
0
0
0
0
0
-3.2629
0
0
0
0
0
0
0
0
0
0
0
0
0
0
0
0
0
0
0
0
0
0
0
0
-2.9621
0
0
-4.1318
0
0
0
0
0
0
0
0
0
0
0
0
0
0
0
0
0
0
10.3568
0
0
0
0
0
0
0
0
0
0
0
0
0
0
0
0
0
0
0
0
0
0
0
0
0
0
0
0
0
0
0
0
0
-3.6814
0
0
0
0
0
0
0
0
0
0
-3.7399
0
0
0
0
0
0
0
0
0
0
0
0
0
0
0
0
0
0
0
0
0
0
0
0
0
0
0
0
0
0
0
0
0
0
0
0
0
0
0
0
0
0
0
0
0
0
0
0
0
0
0
0
0
0
0
0
0
0
0
11.5622
0
0
0
0
0
0
0
0
-4.1409
0
0
0
0
0
0
0
0
0
0
0
0
0
0
0
0
0
0
0
0
0
0
0
0
0
0
0
0
0
0
0
0
0
0
0
0
0
0
0
0
0
0
0
0
0
0
0
0
0
0
0
0
0
0
0
0
0
0
0
0
0
0
-3.236
0
0
0
0
0
0
0
0
0
0
0
0
0
0
0
0
0
0
0
0
0
-3.0288
0
0
-4.0144
0
0
0
0
0
0
0
10.2792
0
0
0
0
0
0
0
0
0
0
0
0
0
0
0
0
0
0
0
0
0
0
0
0
0
0
0
0
0
0
0
0
0
0
0
0
0
-3.8394
0
0
0
0
0
0
0
0
0
0
0
0
0
0
0
0
0
0
0
0
0
0
0
-3.7858
0
0
0
0
0
0
0
0
0
0
0
0
0
0
0
0
0
0
0
0
0
0
0
0
0
0
0
0
0
0
0
0
0
0
0
0
0
0
0
0
0
0
10.7156
0
-3.0904
0
0
0
0
0
0
0
0
0
0
0
0
0
0
0
0
0
0
0
0
0
0
0
0
0
0
0
0
0
0
0
0
0
0
0
0
0
-3.9211
0
0
0
0
0
0
0
0
0
0
0
0
0
0
0
0
0
0
0
0
0
0
0
0
0
0
0
0
0
0
0
-3.2594
0
0
-3.8974
0
0
0
0
0
0
0
0
0
0
0
0
0
0
0
0
0
0
0
0
0
0
0
0
0
0
0
0
0
11.0779
0
0
0
0
0
0
0
0
0
0
0
0
0
0
0
0
0
0
0
0
0
0
0
0
0
0
0
0
0
0
-3.8821
0
0
0
0
0
0
0
0
0
0
0
0
0
0
0
0
-3.6169
0
0
0
0
0
0
0
0
0
0
0
0
0
0
0
0
0
0
0
0
0
0
0
0
0
0
0
0
0
0
0
0
0
0
0
0
0
0
0
0
0
0
0
0
0
0
0
0
0
0
0
0
0
0
-3.0904
0
10.5894
0
0
0
0
0
0
0
0
0
0
0
0
0
0
0
0
0
0
0
0
0
0
0
0
0
0
0
0
0
0
0
0
0
0
0
0
0
0
0
0
0
0
0
0
0
0
0
-3.4076
0
0
0
0
0
0
0
0
0
0
0
0
0
0
0
0
0
0
0
0
0
0
0
0
0
0
0
0
0
0
0
0
0
0
-4.4824
0
0
0
0
0
0
0
0
0
0
0
0
0
0
0
0
0
0
0
0
0
8.5823
0
0
0
0
0
0
0
0
0
0
0
0
0
0
0
0
0
-0.69241
0
0
0
0
0
0
0
0
0
0
0
-4.7181
0
0
0
0
0
0
0
0
0
0
0
0
0
0
0
0
0
0
0
0
0
0
0
0
0
0
0
0
0
0
-4.4651
0
0
0
0
0
0
0
0
0
0
0
0
0
0
0
0
0
0
0
0
0
0
0
0
0
0
0
0
0
0
0
0
0
0
0
0
0
0
0
0
0
0
0
9.1832
0
0
0
0
0
0
0
0
0
0
0
0
0
0
0
0
0
0
0
0
0
0
0
0
0
0
0
-4.6542
0
0
0
0
0
0
0
0
0
0
0
0
0
0
0
0
0
0
0
0
0
0
0
0
0
0
0
0
0
0
0
0
0
0
0
0
0
0
0
0
0
0
0
0
-3.6575
0
0
0
0
0
0
0
0
0
0
0
0
0
0
0
0
0
0
0
0
0
0
0
0
0
0
0
0
0
0
0
8.3117
0
0
0
0
0
0
0
0
0
0
0
0
0
0
0
0
0
0
0
0
0
0
0
0
0
0
0
-4.8641
0
0
0
0
0
0
0
0
0
0
0
0
0
0
0
0
0
0
0
0
0
0
0
0
0
0
0
0
0
0
0
-4.6039
0
0
0
0
0
0
0
0
0
0
0
0
0
0
0
0
0
0
0
0
0
0
0
0
0
0
0
0
0
0
0
0
0
0
0
0
0
0
0
0
0
0
0
0
9.468
0
0
0
0
0
0
0
0
0
0
0
0
0
0
0
0
0
0
0
0
0
0
0
0
0
0
0
0
0
0
0
0
0
0
0
0
0
0
0
0
0
0
0
0
0
0
0
0
0
0
0
0
0
0
0
0
0
0
0
0
0
0
0
0
0
0
0
0
0
0
0
0
0
0
0
0
0
0
0
0
0
0
-4.657
0
0
0
0
0
0
0
0
0
0
0
0
-4.1409
0
0
0
0
0
0
0
0
8.7979
0
0
0
0
0
0
0
0
0
0
0
0
0
0
0
0
0
0
0
0
0
0
0
0
0
0
-4.6389
0
0
0
0
0
0
0
0
0
0
0
0
0
0
0
0
0
0
0
0
0
0
0
0
0
0
0
0
0
0
0
0
0
0
0
0
0
0
0
0
0
0
0
0
0
0
0
0
0
0
0
0
0
-3.9095
0
0
0
0
0
0
0
0
0
0
0
0
0
0
0
0
0
0
0
0
0
0
0
8.5484
0
0
0
0
0
0
0
0
0
0
0
0
0
0
0
0
0
0
0
0
0
0
0
0
0
0
0
0
0
0
0
0
0
0
0
0
0
0
0
0
0
0
0
-4.806
-4.6068
0
0
0
0
0
0
0
0
0
0
0
0
0
0
0
0
0
0
0
0
0
0
0
0
0
0
0
0
0
0
0
0
0
0
0
0
0
0
0
0
0
0
0
0
0
0
0
0
0
0
0
0
0
0
0
0
0
0
0
9.4128
0
0
0
0
0
0
0
0
0
0
0
0
0
0
0
0
0
0
0
0
0
0
0
0
0
0
0
0
0
0
-5.545
0
0
0
0
0
0
0
0
0
0
0
0
0
0
0
0
0
0
0
0
0
0
0
0
0
0
0
0
0
0
0
0
-4.0289
0
0
0
0
0
0
0
0
0
0
0
0
0
0
0
0
0
0
0
0
0
0
0
0
0
0
0
0
0
0
0
0
0
0
0
0
0
0
0
0
9.5738
0
0
0
0
0
0
0
0
0
0
0
0
0
0
0
0
0
0
0
0
0
0
0
0
0
0
0
0
0
0
-5.479
0
0
0
0
0
0
0
0
0
0
0
0
0
-4.8207
0
0
0
0
0
0
0
0
0
0
0
0
0
0
0
0
0
0
0
0
0
0
0
0
0
0
0
0
0
0
0
0
0
0
0
0
0
0
0
0
0
0
0
0
0
0
0
0
0
0
0
0
0
0
0
0
0
0
0
10.2996
0
0
0
0
0
0
0
0
0
0
0
0
0
0
0
0
0
0
0
0
0
0
0
0
0
0
0
0
0
0
0
0
0
0
-4.6453
-4.9871
0
0
0
0
0
0
0
0
0
0
0
0
0
0
0
0
0
0
0
0
0
0
0
0
0
0
0
0
0
0
0
0
0
0
0
0
0
0
0
0
0
0
0
0
0
0
0
0
0
0
0
0
0
0
0
0
0
0
0
0
0
0
0
0
0
0
0
0
9.6324
0
0
0
0
0
0
0
0
0
0
0
0
0
0
0
0
0
0
0
0
0
0
0
0
0
0
0
0
0
0
0
0
0
0
0
0
0
0
0
0
0
0
0
0
0
0
0
0
0
-3.8409
0
0
0
0
0
0
0
0
0
0
0
0
0
0
0
0
0
0
0
0
0
0
0
0
0
0
0
-3.9818
0
0
0
0
0
0
0
0
0
0
0
0
0
0
0
0
0
0
0
0
0
0
0
0
0
0
7.8228
0
0
0
0
0
0
0
0
0
0
0
0
0
0
0
0
0
0
0
0
0
0
0
0
0
0
0
0
0
0
0
0
0
0
0
0
0
0
0
0
0
0
0
0
0
0
0
0
0
0
0
0
0
0
0
0
0
0
0
0
0
0
0
0
0
0
0
0
0
0
0
0
0
0
0
0
0
0
0
0
0
0
0
0
0
0
-5.0756
0
0
0
0
0
0
0
0
0
0
0
0
0
0
0
0
0
5.0756
0
0
0
0
0
0
0
0
0
0
0
0
0
0
0
0
0
0
0
0
0
0
0
0
0
0
0
0
0
0
0
0
0
0
0
0
0
0
0
0
0
0
0
0
0
0
0
0
0
0
0
0
0
0
0
0
0
0
0
0
-5.404
0
0
0
0
0
0
0
0
0
0
0
0
0
0
0
0
0
0
0
0
0
0
0
0
0
0
0
0
0
0
0
0
0
0
0
0
0
0
0
0
0
0
0
5.404
0
0
0
0
0
0
0
0
0
0
0
0
0
0
0
0
0
0
0
0
0
0
0
0
0
0
0
0
0
0
0
0
0
0
0
0
0
0
0
0
0
0
0
-6.7232
0
0
0
0
0
0
0
0
0
0
0
0
0
0
0
0
0
0
0
0
0
0
0
0
0
0
0
0
0
0
0
0
0
0
0
0
0
0
0
0
0
0
0
0
0
0
0
0
0
0
0
0
0
0
0
0
0
0
0
0
6.7232
0
0
0
0
0
0
0
0
0
0
0
0
0
0
0
0
0
0
0
0
0
0
0
0
0
0
0
0
0
0
0
0
0
0
0
0
0
0
0
0
0
0
0
0
0
0
0
0
0
0
0
0
0
0
0
0
0
0
0
0
0
0
0
0
-4.9753
0
0
0
0
0
0
0
0
0
0
0
0
0
0
0
0
0
0
0
0
0
0
0
0
0
0
0
0
0
0
0
0
0
0
0
0
0
0
0
4.9753
0
0
0
0
0
0
0
0
0
0
0
0
0
0
0
0
0
0
0
0
0
0
0
0
0
0
0
0
0
0
0
0
0
0
0
0
0
0
0
0
0
0
0
0
0
0
0
0
0
0
0
0
0
0
0
0
0
-5.404
0
0
0
0
0
0
0
0
0
0
0
0
0
0
0
0
0
0
0
0
0
0
0
0
0
0
0
0
0
0
0
0
0
0
0
0
0
0
0
0
0
0
0
0
0
0
5.404
0
0
0
0
0
0
0
0
0
0
0
0
0
0
0
0
0
0
0
0
0
0
0
0
0
0
0
0
0
0
0
0
0
0
0
0
0
0
0
0
0
0
0
0
0
0
0
0
0
0
0
-5.0054
0
0
0
0
0
0
0
0
0
0
0
0
0
0
0
0
0
0
0
0
0
0
0
0
0
0
0
0
0
0
0
0
0
0
0
0
0
0
0
0
0
0
0
0
0
0
0
0
0
0
0
0
5.0054
0
0
0
0
0
0
0
0
0
0
0
0
0
0
0
0
0
0
0
0
0
0
0
0
0
0
0
0
0
0
0
0
0
0
0
0
0
0
0
0
0
0
0
0
0
0
0
0
0
0
0
0
0
0
0
0
0
0
0
0
0
0
-5.6795
0
0
0
0
0
0
0
0
0
0
0
0
0
0
0
0
0
0
0
0
0
0
0
0
0
0
0
0
0
0
0
0
0
0
0
0
0
0
0
0
0
5.6795
0
0
0
0
0
0
0
0
0
0
0
0
0
0
0
0
0
0
0
0
0
0
0
0
0
0
0
0
0
0
0
0
0
0
0
0
0
0
0
0
0
0
0
0
0
0
0
0
0
0
0
0
0
0
0
0
0
0
0
0
0
0
0
0
0
0
0
0
0
0
0
0
0
0
0
0
0
0
0
0
0
0
0
0
0
0
-0.69241
0
0
0
0
0
0
0
0
0
0
0
0
0
0
0
0
0
0.69241
0
0
0
0
0
0
0
0
0
0
0
0
0
0
0
0
0
0
0
0
0
0
0
0
0
0
0
0
0
0
0
0
0
0
0
0
0
0
0
0
0
0
0
-5.2239
0
0
0
0
0
0
0
0
0
0
0
0
0
0
0
0
0
0
0
0
0
0
0
0
0
0
0
0
0
0
0
0
0
0
0
0
0
0
0
0
0
0
0
0
0
0
0
0
0
0
0
0
0
0
0
0
0
0
0
0
5.2239
0
0
0
0
0
0
0
0
0
0
0
0
0
0
0
0
0
0
0
0
0
0
0
0
0
0
0
0
0
0
0
0
0
0
0
0
0
0
0
0
0
0
0
0
0
0
0
0
0
0
0
-4.6713
0
0
0
0
0
0
0
0
0
0
0
0
0
0
0
0
0
0
0
0
0
0
0
0
0
0
0
0
0
0
0
0
0
0
0
0
0
0
0
0
0
0
0
0
0
0
0
0
0
0
0
0
4.6713
0
0
0
0
0
0
0
0
0
0
0
0
0
0
0
0
0
0
0
0
0
0
0
0
0
0
0
0
0
0
0
0
0
0
0
0
0
0
0
0
-6.7543
0
0
0
0
0
0
0
0
0
0
0
0
0
0
0
0
0
0
0
0
0
0
0
0
0
0
0
0
0
0
0
0
0
0
0
0
0
0
0
0
0
0
0
0
0
0
0
0
0
0
0
0
0
0
0
0
0
0
0
0
0
0
0
6.7543
0
0
0
0
0
0
0
0
0
0
0
0
0
0
0
0
0
0
0
0
0
0
0
0
0
0
0
0
0
0
0
0
0
0
0
0
0
0
0
0
0
0
0
0
0
0
0
0
0
0
0
0
0
0
0
0
0
0
0
0
0
0
0
0
0
0
0
0
0
0
0
0
0
0
-4.2892
0
0
0
0
0
0
0
0
0
0
0
0
0
0
0
0
0
0
0
0
0
0
0
0
0
0
0
0
0
4.2892
0
0
0
0
0
0
0
0
0
0
0
0
0
0
0
0
0
0
0
0
0
0
0
0
0
0
0
0
0
0
0
0
0
0
0
0
-6.0829
0
0
0
0
0
0
0
0
0
0
0
0
0
0
0
0
0
0
0
0
0
0
0
0
0
0
0
0
0
0
0
0
0
0
0
0
0
0
0
0
0
0
0
0
0
0
0
0
0
0
0
0
0
0
0
0
0
0
0
0
0
0
0
0
0
0
0
6.0829
0
0
0
0
0
0
0
0
-7.984
0
0
0
0
0
0
0
0
0
0
0
0
0
0
0
0
0
0
0
0
0
0
0
0
0
0
0
0
0
0
0
0
0
0
0
0
0
0
0
0
0
0
0
0
0
0
0
0
0
0
0
0
0
0
0
0
0
0
0
0
0
0
0
0
0
0
0
0
0
0
0
0
0
0
0
0
0
0
0
0
0
0
0
0
0
0
0
0
0
0
0
0
0
0
0
7.984
0
0
0
0
0
0
0
0
0
0
0
0
0
0
0
0
0
0
0
-7.7324
0
0
0
0
0
0
0
0
0
0
0
0
0
0
0
0
0
0
0
0
0
0
0
0
0
0
0
0
0
0
0
0
0
0
0
0
0
0
0
0
0
0
0
0
0
0
0
0
0
0
0
0
0
0
0
0
0
0
0
0
0
0
0
0
0
0
0
0
0
0
0
0
0
0
0
0
0
0
0
0
0
0
0
0
7.7324
0
0
0
0
0
0
0
0
0
0
0
0
0
0
0
0
0
0
0
0
0
0
0
0
0
0
0
0
0
0
0
0
-6.6723
0
0
0
0
0
0
0
0
0
0
0
0
0
0
0
0
0
0
0
0
0
0
0
0
0
0
0
0
0
0
0
0
0
0
0
0
0
0
0
0
0
0
0
0
0
0
0
0
0
0
0
0
0
0
0
0
0
0
0
0
0
0
0
0
0
0
0
0
0
0
0
6.6723
0
0
0
0
0
0
0
0
0
0
0
0
0
0
0
0
0
0
0
0
0
0
0
0
0
0
0
0
0
0
0
0
0
0
0
0
0
0
0
0
0
0
0
0
0
0
0
0
0
0
0
0
0
0
0
0
0
0
0
0
0
0
0
0
0
0
-4.3209
0
0
0
0
0
0
0
0
0
0
0
0
0
0
0
0
0
0
0
0
0
0
0
0
0
0
0
0
0
0
0
0
0
0
0
0
0
4.3209
