1
0.97053
0.95739
0.95085
0.94586
0.94222
0.93925
0.93685
0.93087
0.92566
0.92099
0.91684
0.91293
0.90926
0.90565
0.90211
0.89845
0.89471
0.89065
0.88635
0.88178
0.87721
0.87276
0.8686
0.86473
0.86121
0.85803
0.85523
0.85279
0.85072
0.84895
0.84741
0.84596
0.84437
0.84239
0.83983
0.83676
0.83357
0.83065
0.82813
0.82598
0.82412
0.82246
0.82095
0.81954
0.8182
0.8169
0.81562
0.81436
0.81312
0.81189
0.81069
0.8095
0.80832
0.80717
0.80603
0.80491
0.80381
0.80273
0.80166
0.80061
0.79958
0.79855
0.79754
0.79654
0.79556
0.79461
0.79367
0.79275
0.79185
0.79096
0.79009
0.78923
0.78839
0.78756
0.78674
0.78594
0.78514
0.78436
0.78357
0.78279
0.782
0.7812
0.78038
0.77953
0.77865
0.77772
0.77673
0.7757
0.77463
0.77355
0.77249
0.77148
0.77055
0.76971
0.76898
0.76835
0.76784
0.76743
0.76711
0.76689
0.76674
0.76666
0.76665
0.76669
0.76679
0.76692
0.7671
0.76732
0.76756
0.76784
0.76815
0.76848
0.76883
0.7692
0.76959
0.76999
0.77041
0.77082
0.77123
0.77164
0.77202
0.77237
0.77268
0.77293
0.77312
0.77323
0.77325
0.77318
0.77299
0.77267
0.77223
0.77165
0.77095
0.77016
0.76931
0.76844
0.76762
0.76688
0.76626
0.76575
0.76536
0.76509
0.76492
0.76483
0.76482
