1
0.97392
0.95851
0.95151
0.94617
0.94205
0.93887
0.93656
0.93082
0.92596
0.92161
0.91772
0.91407
0.91077
0.9078
0.90525
0.90304
0.90126
0.8997
0.89839
0.89714
0.89595
0.89473
0.89351
0.89225
0.89097
0.88968
0.8884
0.88715
0.88594
0.88477
0.88366
0.88261
0.88159
0.88062
0.87967
0.87875
0.87786
0.877
0.87617
0.87538
0.87464
0.87397
0.87337
0.87284
0.87238
0.87197
0.87161
0.8713
0.87103
0.87081
0.87063
0.87048
0.87038
0.87031
0.87027
0.87027
0.87031
0.87038
0.8705
0.87068
0.87093
0.87124
0.87162
0.87209
0.87262
0.87321
0.87385
0.8745
0.87516
0.87578
0.87637
0.87692
0.87741
0.87785
0.87824
0.87859
0.87889
0.87915
0.87939
0.87959
0.87978
0.87995
0.88011
0.88026
0.8804
0.88052
0.88064
0.88073
0.88081
0.88086
0.88088
0.88087
0.88083
0.88073
0.88059
0.88038
0.88009
0.87971
0.87924
0.87867
0.87804
0.87739
0.87675
0.87617
0.87568
0.8753
0.87504
0.87488
0.87482
0.87485
0.87494
0.87507
0.87523
0.8754
0.87556
0.8757
0.8758
0.87585
0.87583
0.87573
0.87554
0.87524
0.87483
0.87429
0.87364
0.87287
0.87202
0.87111
0.8702
0.86931
0.86846
0.86766
0.8669
0.8662
0.86554
0.86491
0.8643
0.86371
0.86313
0.86255
0.86195
0.86133
0.86068
0.85998
0.85923
