1
0.97325
0.95698
0.95286
0.95082
0.94775
0.94563
0.94319
0.93811
0.93249
0.92699
0.92149
0.91617
0.9112
0.90661
0.90252
0.8989
0.8959
0.89345
0.89158
0.89003
0.8886
0.88698
0.88513
0.88304
0.88081
0.87849
0.87622
0.87408
0.87219
0.87063
0.86947
0.86867
0.86813
0.86768
0.86721
0.86666
0.86596
0.86512
0.86411
0.86298
0.86175
0.86047
0.85916
0.85788
0.85665
0.85551
0.85448
0.85361
0.85293
0.85245
0.85219
0.85215
0.8523
0.85256
0.85289
0.85319
0.85342
0.85355
0.85357
0.85346
0.85323
0.8529
0.85247
0.85196
0.85137
0.8507
0.84994
0.84911
0.84819
0.84718
0.84609
0.84491
0.84366
0.84234
0.84094
0.83947
0.83794
0.83633
0.83466
0.83293
0.83112
0.82926
0.82733
0.82535
0.82335
0.82133
0.81932
0.81735
0.81545
0.81365
0.81195
0.81037
0.8089
0.80754
0.80628
0.80511
0.80402
0.80299
0.80202
0.80109
0.80018
0.79929
0.79839
0.79748
0.79655
0.79561
0.79467
0.79372
0.79277
0.79183
0.79092
0.79004
0.78921
0.78844
0.78773
0.7871
0.78657
0.78615
0.78585
0.78569
0.7857
0.7859
0.78631
0.78694
0.7878
0.78887
0.79012
0.79147
0.79288
0.79427
0.79564
0.79695
0.7982
0.79941
0.80057
0.80168
0.80274
0.80375
0.8047
0.80558
0.80638
0.8071
0.80774
0.8083
0.80878
