1
0.97362
0.95902
0.95423
0.95055
0.94789
0.94568
0.94387
0.9392
0.93495
0.93093
0.92718
0.92352
0.91998
0.91644
0.91294
0.90935
0.90577
0.90208
0.89841
0.8947
0.89105
0.88743
0.88391
0.88046
0.87712
0.87388
0.87078
0.86781
0.865
0.86236
0.85986
0.85752
0.85531
0.85322
0.85123
0.84933
0.8475
0.84572
0.84396
0.84223
0.8405
0.83879
0.83709
0.83539
0.8337
0.83202
0.83035
0.82868
0.82704
0.82542
0.82383
0.82228
0.82077
0.81931
0.8179
0.81655
0.81528
0.81408
0.81297
0.81195
0.81102
0.81018
0.80943
0.80876
0.80815
0.80761
0.8071
0.8066
0.80609
0.80556
0.80498
0.80436
0.80369
0.80297
0.8022
0.8014
0.80056
0.79969
0.7988
0.79788
0.79696
0.79603
0.79509
0.79415
0.7932
0.79227
0.79133
0.79039
0.78946
0.78854
0.78762
0.78671
0.78582
0.78494
0.78409
0.78326
0.78246
0.78169
0.78096
0.78028
0.77964
0.77904
0.7785
0.778
0.77756
0.77717
0.77682
0.77653
0.77628
0.77607
0.77589
0.77573
0.77559
0.77544
0.77529
0.77512
0.77491
0.77467
0.77438
0.77403
0.77364
0.77319
0.77269
0.77213
0.77153
0.77088
0.77019
0.76946
0.7687
0.7679
0.76707
0.76621
0.76532
0.76442
0.7635
0.76257
0.76163
0.76068
0.75973
0.75878
0.75784
0.7569
0.75596
0.75504
0.75413
