61.0633
-0.7996
-0.81521
-0.78757
-0.78757
-0.78754
-0.80927
-0.75243
-0.79876
-0.79869
-0.80011
-0.79524
-0.78667
-0.81579
-0.82074
-0.80399
-0.78217
-0.81303
-0.79626
-0.80529
-0.78677
-0.78855
-0.8031
-0.83157
-0.80021
-0.78184
-0.79849
-0.75731
-0.80111
-0.78547
-0.81904
-0.78932
-0.80298
-0.78548
-0.77965
-0.78124
-0.78116
-0.85793
-0.86734
-0.83899
-0.82525
-0.88442
-0.89385
-0.92647
-1.032
-1.0276
-0.98441
-0.89783
-1.0208
-0.95753
-1.0895
-1.0406
-1.0569
-1.2401
-1.3546
-1.2554
-1.1607
0
-1.4479
0
0
0
0
0
0
0
0
0
0
0
0
0
-2.5293
0
0
0
-2.8622
0
0
0
0
0
0
0
0
0
0
0
0
0
0
-5.3825
0
0
0
0
0
0
0
0
0
-0.7996
51.7512
-0.81508
-0.78858
-0.78858
-0.78856
-0.80724
-0.75353
-0.79782
-0.79776
-0.80084
-0.79437
-0.78621
-0.81468
-0.81947
-0.80539
-0.78043
-0.81124
-0.79797
-0.80358
-0.78351
-0.78802
-0.79944
-0.83185
-0.79639
-0.7794
-0.79663
-0.75251
-0.79893
-0.78552
-0.8164
-0.78666
-0.79992
-0.78312
-0.77788
-0.77845
-0.79226
-0.85513
-0.86547
-0.83606
-0.82887
-0.89663
-0.89195
-0.92553
-1.0288
-1.0271
-0.98834
-0.9158
-1.0232
-0.95836
-1.0864
-1.0366
-1.0581
-1.2238
-1.3484
-1.2947
-1.1592
-1.4699
-1.435
0
0
0
0
0
0
0
0
0
0
0
0
0
0
0
0
0
0
0
0
0
0
0
0
0
0
0
0
0
0
0
0
0
0
0
0
0
0
0
0
0
0
-0.81521
-0.81508
55.0096
-0.80315
-0.80314
-0.80313
-0.82431
-0.75395
-0.81286
-0.8128
-0.81629
-0.8095
-0.80096
-0.83082
-0.83495
-0.81953
-0.79602
-0.82704
-0.81152
-0.81927
-0.80106
-0.80433
-0.81666
-0.84716
-0.81367
-0.79503
-0.81216
-0.7705
-0.81471
-0.80122
-0.8322
-0.80262
-0.81628
-0.79885
-0.78955
-0.79429
-0.80803
-0.87134
-0.88168
-0.84865
-0.84177
-0.91265
-0.90955
-0.94024
-1.0457
-1.0404
-1.0041
-0.93354
-1.0403
-0.97269
-1.1028
-1.0533
-1.0734
-1.2516
-1.3678
0
-1.1765
0
0
0
-1.2647
0
0
0
0
0
0
-1.9174
0
0
0
0
0
0
0
0
0
0
0
0
0
0
0
-3.4317
0
0
0
0
0
0
0
0
0
0
0
0
0
0
0
0
0
-0.78757
-0.78858
-0.80315
49.5545
-0.75378
-0.75377
-0.7966
-0.73964
-0.78508
-0.785
-0.78872
-0.78204
-0.77391
-0.80309
-0.80742
-0.79315
-0.76881
-0.79927
-0.78672
-0.7916
-0.77387
-0.77613
-0.78907
-0.82069
-0.78601
-0.7675
-0.78482
-0.74301
-0.78695
-0.7736
-0.80438
-0.77472
-0.78829
-0.77127
-0.76613
-0.76654
-0.78024
-0.84298
-0.85346
-0.82412
-0.8161
-0.88387
-0.88079
-0.91251
-1.016
-1.0136
-0.97538
-0.90363
-1.0102
-0.94372
-1.0729
-1.0237
-1.0438
-1.2168
-1.3347
-1.2797
-1.1451
0
-1.4204
0
0
0
0
0
0
0
0
0
0
0
0
0
0
0
0
0
0
0
0
0
0
0
0
0
0
0
0
0
0
0
0
0
0
0
0
0
0
0
0
0
0
-0.78757
-0.78858
-0.80314
-0.75378
49.5544
-0.75377
-0.79661
-0.73963
-0.78507
-0.78501
-0.78872
-0.78204
-0.77391
-0.80309
-0.80741
-0.79314
-0.76881
-0.79926
-0.78672
-0.79159
-0.77388
-0.77613
-0.78908
-0.82069
-0.786
-0.7675
-0.78481
-0.74301
-0.78695
-0.7736
-0.80438
-0.77472
-0.78828
-0.77126
-0.76613
-0.76654
-0.78024
-0.84298
-0.85346
-0.82412
-0.81611
-0.88388
-0.88078
-0.9125
-1.016
-1.0136
-0.97537
-0.90363
-1.0102
-0.94372
-1.0729
-1.0237
-1.0438
-1.2168
-1.3347
-1.2797
-1.1451
0
-1.4204
0
0
0
0
0
0
0
0
0
0
0
0
0
0
0
0
0
0
0
0
0
0
0
0
0
0
0
0
0
0
0
0
0
0
0
0
0
0
0
0
0
0
-0.78754
-0.78856
-0.80313
-0.75377
-0.75377
49.5535
-0.79659
-0.73962
-0.78506
-0.78499
-0.78871
-0.78203
-0.77389
-0.80308
-0.80741
-0.79313
-0.7688
-0.79925
-0.7867
-0.79158
-0.77385
-0.77611
-0.78905
-0.82067
-0.78599
-0.76748
-0.7848
-0.74299
-0.78693
-0.77358
-0.80436
-0.7747
-0.78827
-0.77125
-0.76611
-0.76653
-0.78023
-0.84296
-0.85344
-0.8241
-0.81609
-0.88385
-0.88077
-0.91249
-1.0159
-1.0136
-0.97536
-0.90361
-1.0102
-0.9437
-1.0729
-1.0237
-1.0438
-1.2168
-1.3346
-1.2797
-1.1451
0
-1.4203
0
0
0
0
0
0
0
0
0
0
0
0
0
0
0
0
0
0
0
0
0
0
0
0
0
0
0
0
0
0
0
0
0
0
0
0
0
0
0
0
0
0
-0.80927
-0.80724
-0.82431
-0.7966
-0.79661
-0.79659
53.149
-0.7621
-0.80686
-0.80678
-0.81039
-0.80343
-0.79572
-0.82565
-0.82924
-0.81503
-0.79216
-0.82132
-0.80975
-0.81356
-0.79741
-0.79876
-0.81092
-0.84264
-0.808
-0.78911
-0.8064
-0.764
-0.80875
-0.79494
-0.82631
-0.79642
-0.80938
-0.79276
-0.7877
-0.78816
-0.80171
-0.8652
-0.87495
-0.84621
-0.83819
-0.90813
-0.90527
-0.93467
-1.0392
-1.0337
-0.997
-0.92828
-1.0325
-0.96542
-1.0958
-1.0453
-1.0451
-1.2391
-1.3596
0
-1.1684
0
-1.4457
0
0
0
0
0
0
0
0
0
0
0
0
0
0
0
0
0
0
0
0
0
0
0
0
0
0
-3.6352
0
0
0
0
0
0
0
0
0
0
0
0
0
0
0
-0.75243
-0.75353
-0.75395
-0.73964
-0.73963
-0.73962
-0.7621
47.7576
-0.75119
-0.75113
-0.75236
-0.74502
-0.73637
-0.76527
-0.76897
-0.75404
-0.73135
-0.76202
-0.74606
-0.75447
-0.73612
-0.73969
-0.75111
-0.78011
-0.74895
-0.73153
-0.74742
-0.70753
-0.74984
-0.7362
-0.76703
-0.73792
-0.75203
-0.73379
-0.72825
-0.73001
-0.73937
-0.80506
-0.81236
-0.78798
-0.77508
-0.84451
-0.84279
-0.87219
-0.97561
-0.97065
-0.92688
-0.86475
-0.96936
-0.90526
-1.0305
-0.98301
-1.0014
0
-1.2934
0
0
0
0
0
0
0
0
0
0
-1.9
0
0
0
0
0
0
0
0
0
0
0
0
0
0
0
0
0
-3.3208
0
0
0
0
0
0
0
0
0
0
0
0
0
0
0
0
0
-0.79876
-0.79782
-0.81286
-0.78508
-0.78507
-0.78506
-0.80686
-0.75119
44.9976
-0.77673
-0.79821
-0.7905
-0.78222
-0.81204
-0.81634
-0.802
-0.77749
-0.80798
-0.79575
-0.80029
-0.78375
-0.78592
-0.79764
-0.83001
-0.7948
-0.77686
-0.79349
-0.75254
-0.79553
-0.78205
-0.81307
-0.78319
-0.79781
-0.77957
-0.77551
-0.77495
-0.78862
-0.85161
-0.86235
-0.83408
-0.82436
-0.89407
-0.89053
-0.92143
-1.0249
-1.0219
-0.98377
-0.91536
-1.0185
-0.95406
-1.0807
-1.0349
-1.0526
0
-1.345
0
0
0
0
0
0
0
0
0
0
0
0
0
0
0
0
0
0
0
0
0
0
0
0
0
0
0
0
0
0
0
0
0
0
0
0
0
0
0
0
0
0
0
0
0
0
-0.79869
-0.79776
-0.8128
-0.785
-0.78501
-0.78499
-0.80678
-0.75113
-0.77673
44.994
-0.79814
-0.79044
-0.78215
-0.81197
-0.81627
-0.80193
-0.77742
-0.80792
-0.79568
-0.80022
-0.78368
-0.78585
-0.79757
-0.82993
-0.79473
-0.77679
-0.79342
-0.75247
-0.79547
-0.78197
-0.81299
-0.78313
-0.79775
-0.77951
-0.77544
-0.77488
-0.78855
-0.85154
-0.86228
-0.83401
-0.8243
-0.89399
-0.89045
-0.92136
-1.0248
-1.0218
-0.98369
-0.91528
-1.0185
-0.95398
-1.0806
-1.0348
-1.0525
0
-1.3449
0
0
0
0
0
0
0
0
0
0
0
0
0
0
0
0
0
0
0
0
0
0
0
0
0
0
0
0
0
0
0
0
0
0
0
0
0
0
0
0
0
0
0
0
0
0
-0.80011
-0.80084
-0.81629
-0.78872
-0.78872
-0.78871
-0.81039
-0.75236
-0.79821
-0.79814
46.4849
-0.79312
-0.78419
-0.81416
-0.81851
-0.80279
-0.77958
-0.81061
-0.79596
-0.80286
-0.78512
-0.78779
-0.79982
-0.82887
-0.79751
-0.77897
-0.79604
-0.75538
-0.79825
-0.78359
-0.81583
-0.78592
-0.80061
-0.78164
-0.77802
-0.77772
-0.79037
-0.85447
-0.86474
-0.83782
-0.82387
-0.89377
-0.89112
-0.92434
-1.0288
-1.0281
-0.98638
-0.90804
-1.0193
-0.95387
-1.0824
0
0
0
0
0
0
0
0
0
0
0
0
0
-1.8683
0
0
0
0
0
0
0
0
0
0
0
0
0
0
0
0
0
0
0
0
0
0
-2.9339
0
0
0
0
0
0
0
0
0
0
0
0
0
-0.79524
-0.79437
-0.8095
-0.78204
-0.78204
-0.78203
-0.80343
-0.74502
-0.7905
-0.79044
-0.79312
43.5777
-0.77668
-0.80575
-0.80569
-0.79539
-0.77152
-0.80213
-0.78908
-0.7944
-0.7807
-0.77994
-0.78736
-0.82299
-0.78899
-0.77194
-0.78761
-0.74687
-0.78957
-0.77628
-0.80708
-0.77719
-0.79186
-0.76831
-0.7698
-0.76914
-0.78264
-0.84571
-0.85666
-0.8283
-0.8168
-0.88731
-0.88478
-0.91478
-1.0191
-1.0166
-0.96131
-0.90886
-1.0129
-0.94634
0
0
-1.0479
0
0
0
0
0
0
0
0
0
0
0
0
0
0
0
-2.3238
0
0
0
0
0
0
0
0
0
0
0
0
0
0
0
0
0
0
0
0
0
0
0
0
0
0
0
0
0
0
0
0
-0.78667
-0.78621
-0.80096
-0.77391
-0.77391
-0.77389
-0.79572
-0.73637
-0.78222
-0.78215
-0.78419
-0.77668
42.7942
-0.79767
-0.80273
-0.78715
-0.7627
-0.79395
-0.78017
-0.78629
-0.76942
-0.77157
-0.78298
-0.81366
-0.78079
-0.7639
-0.77929
-0.73883
-0.78149
-0.76786
-0.79879
-0.76958
-0.78354
-0.76546
-0.75636
-0.76136
-0.77438
-0.83747
-0.8482
-0.81944
-0.80866
-0.87896
-0.87619
-0.90595
-1.0102
-1.006
-0.96379
-0.90006
-1.0031
-0.93456
-1.0658
0
0
0
0
0
0
0
0
0
0
0
-1.913
0
0
0
0
0
0
0
0
0
0
0
0
0
0
0
0
0
0
0
0
0
0
0
0
0
0
0
0
0
0
0
0
0
0
0
0
0
0
-0.81579
-0.81468
-0.83082
-0.80309
-0.80309
-0.80308
-0.82565
-0.76527
-0.81204
-0.81197
-0.81416
-0.80575
-0.79767
41.9547
-0.83122
-0.81633
-0.78651
-0.8223
-0.80881
-0.81454
-0.79998
-0.80016
-0.8109
-0.83452
-0.80836
-0.79212
-0.8082
-0.76584
-0.80969
-0.79622
-0.82741
-0.7972
-0.81169
-0.79336
-0.78982
-0.78883
-0.80262
-0.86607
-0.8782
-0.85004
-0.83734
-0.90821
-0.90603
-0.93979
-1.042
0
-0.99992
-0.93211
-1.0346
0
0
0
0
0
0
0
0
0
0
0
0
0
0
0
0
0
0
0
0
0
0
0
0
0
0
0
0
0
0
-2.7406
0
0
0
0
0
0
0
0
0
0
0
0
0
0
0
0
0
0
0
0
0
-0.82074
-0.81947
-0.83495
-0.80742
-0.80741
-0.80741
-0.82924
-0.76897
-0.81634
-0.81627
-0.81851
-0.80569
-0.80273
-0.83122
40.8159
-0.82185
-0.79465
-0.82556
-0.8184
-0.81802
-0.80895
-0.80409
-0.81046
-0.86076
-0.81278
-0.79603
-0.81224
-0.77049
-0.81359
-0.80035
-0.83136
-0.80097
-0.81561
-0.79169
-0.79412
-0.79273
-0.80685
-0.87013
-0.8826
-0.85379
-0.84229
-0.91413
-0.90979
-0.94308
-1.0469
0
-0.98527
0
-1.0387
0
0
0
0
0
0
0
0
0
0
0
0
0
0
0
0
0
0
0
-2.3414
0
0
0
0
0
0
0
0
0
0
0
0
0
0
0
0
0
0
0
0
0
0
0
0
0
0
0
0
0
0
0
0
-0.80399
-0.80539
-0.81953
-0.79315
-0.79314
-0.79313
-0.81503
-0.75404
-0.802
-0.80193
-0.80279
-0.79539
-0.78715
-0.81633
-0.82185
39.7192
-0.77828
-0.81023
-0.77907
-0.80242
-0.79218
-0.78761
-0.79808
-0.84266
-0.79739
-0.78146
-0.79717
-0.75687
-0.79873
-0.78515
-0.81637
-0.78625
-0.80122
-0.78111
-0.77781
-0.77795
-0.79114
-0.85473
-0.86687
-0.83767
-0.79686
-0.89235
-0.89284
-0.92709
-1.0303
0
0
0
0
-0.95659
0
0
0
0
0
0
0
0
0
0
0
0
0
0
0
0
0
0
0
0
0
0
0
0
-3.0199
0
0
0
0
0
0
0
0
0
0
0
0
0
0
0
0
0
0
0
0
0
0
0
0
0
0
-0.78217
-0.78043
-0.79602
-0.76881
-0.76881
-0.7688
-0.79216
-0.73135
-0.77749
-0.77742
-0.77958
-0.77152
-0.7627
-0.78651
-0.79465
-0.77828
37.4714
-0.78573
-0.76632
-0.7773
-0.75443
-0.76138
-0.76901
-0.80915
-0.77021
-0.75449
-0.76956
-0.7287
-0.77178
-0.759
-0.78914
-0.75923
-0.7732
-0.75528
-0.75139
-0.751
-0.76512
-0.82688
-0.83948
-0.81054
-0.79924
-0.8706
-0.86497
-0.8978
-1.0017
0
0
0
0
0
0
0
0
0
0
0
0
0
0
0
0
0
0
0
0
0
0
0
0
0
0
0
0
-2.8221
0
0
0
0
0
0
0
0
0
0
0
0
0
0
0
0
0
0
0
0
0
0
0
0
0
0
0
-0.81303
-0.81124
-0.82704
-0.79927
-0.79926
-0.79925
-0.82132
-0.76202
-0.80798
-0.80792
-0.81061
-0.80213
-0.79395
-0.8223
-0.82556
-0.81023
-0.78573
36.0909
-0.79831
-0.81042
-0.7849
-0.79774
-0.8222
-0.83706
-0.80573
-0.78852
-0.80501
-0.76375
-0.80552
-0.79402
-0.82353
-0.79285
-0.80778
-0.79025
-0.78706
-0.78431
-0.79967
-0.86181
-0.87426
-0.84519
-0.83442
-0.90627
-0.90008
-0.9342
-1.0372
0
0
0
0
0
0
0
0
0
0
0
0
0
0
0
0
0
0
0
0
0
0
0
0
0
0
0
0
0
0
0
0
0
0
0
0
0
0
0
0
0
0
0
0
0
0
0
0
0
0
0
0
0
0
0
0
-0.79626
-0.79797
-0.81152
-0.78672
-0.78672
-0.7867
-0.80975
-0.74606
-0.79575
-0.79568
-0.79596
-0.78908
-0.78017
-0.80881
-0.8184
-0.77907
-0.76632
-0.79831
39.177
-0.79189
-0.76889
-0.77547
-0.78423
-0.83111
-0.78495
-0.77027
-0.78497
-0.74522
-0.78746
-0.77346
-0.80503
-0.77485
-0.78975
-0.76931
-0.76526
-0.76649
-0.77964
-0.84295
-0.85513
-0.82627
-0.78642
0
0
0
0
0
0
0
0
0
0
0
0
0
0
0
0
0
0
0
-1.2231
0
0
0
0
0
0
0
0
0
0
0
0
0
-2.9931
0
0
-3.3525
0
0
0
0
0
0
0
0
0
0
0
0
0
0
0
0
0
0
0
0
0
0
0
-0.80529
-0.80358
-0.81927
-0.7916
-0.79159
-0.79158
-0.81356
-0.75447
-0.80029
-0.80022
-0.80286
-0.7944
-0.78629
-0.81454
-0.81802
-0.80242
-0.7773
-0.81042
-0.79189
34.688
-0.78027
-0.78913
-0.80234
-0.82925
-0.79603
-0.77937
-0.79583
-0.7549
-0.79613
-0.7851
-0.81425
-0.78338
-0.7984
-0.78068
-0.77798
-0.77481
-0.79049
-0.85227
-0.86493
-0.83597
-0.82546
-0.89628
-0.89074
-0.92443
0
0
0
0
0
0
0
0
0
0
0
0
0
0
0
0
0
0
0
0
0
0
0
0
0
0
0
0
0
0
0
0
0
0
0
0
0
0
0
0
0
0
0
0
0
0
0
0
0
0
0
0
0
0
0
0
0
-0.78677
-0.78351
-0.80106
-0.77387
-0.77388
-0.77385
-0.79741
-0.73612
-0.78375
-0.78368
-0.78512
-0.7807
-0.76942
-0.79998
-0.80895
-0.79218
-0.75443
-0.7849
-0.76889
-0.78027
38.5454
-0.76398
-0.7716
-0.8143
-0.77023
-0.75752
-0.77213
-0.72974
-0.77486
-0.76182
-0.7923
-0.76205
-0.77596
-0.76037
-0.75438
-0.75352
-0.76813
-0.82962
-0.83996
-0.8134
0
0
0
0
0
0
0
0
0
0
0
0
0
0
0
0
0
0
0
-1.7063
0
0
0
0
0
0
0
0
0
-2.7605
0
0
0
0
0
0
0
0
0
0
0
-3.694
0
0
0
0
0
0
0
0
0
0
0
0
0
0
0
0
0
0
0
-0.78855
-0.78802
-0.80433
-0.77613
-0.77613
-0.77611
-0.79876
-0.73969
-0.78592
-0.78585
-0.78779
-0.77994
-0.77157
-0.80016
-0.80409
-0.78761
-0.76138
-0.79774
-0.77547
-0.78913
-0.76398
34.036
-0.78422
-0.814
-0.77922
-0.76239
-0.77663
-0.73826
-0.77964
-0.76803
-0.79766
-0.76669
-0.78105
-0.76359
-0.76077
-0.75808
-0.7732
-0.83512
-0.8473
-0.81907
-0.80782
0
0
0
0
0
0
0
0
0
0
0
0
0
0
-1.2679
0
0
0
0
0
0
0
0
0
0
0
0
0
0
0
0
0
0
0
0
0
0
-1.417
0
0
0
0
0
0
0
0
0
0
0
0
0
0
0
0
0
0
0
0
0
0
-0.8031
-0.79944
-0.81666
-0.78907
-0.78908
-0.78905
-0.81092
-0.75111
-0.79764
-0.79757
-0.79982
-0.78736
-0.78298
-0.8109
-0.81046
-0.79808
-0.76901
-0.8222
-0.78423
-0.80234
-0.7716
-0.78422
36.0424
-0.82411
-0.78944
-0.77495
-0.79072
-0.74693
-0.79179
-0.78151
-0.8095
-0.7792
-0.79452
-0.75667
-0.77435
-0.771
-0.78624
-0.84795
-0.86024
-0.83191
-0.82048
0
0
0
0
0
0
0
0
0
0
0
0
0
0
0
0
-1.4488
0
0
0
0
0
0
0
0
0
0
0
0
0
0
0
0
0
-2.7953
0
0
0
0
0
0
0
0
0
0
0
0
0
0
0
0
0
0
0
0
0
0
0
0
0
-0.83157
-0.83185
-0.84716
-0.82069
-0.82069
-0.82067
-0.84264
-0.78011
-0.83001
-0.82993
-0.82887
-0.82299
-0.81366
-0.83452
-0.86076
-0.84266
-0.80915
-0.83706
-0.83111
-0.82925
-0.8143
-0.814
-0.82411
40.5512
-0.82126
-0.80414
-0.82012
-0.7791
-0.82112
-0.80608
-0.83903
-0.80808
-0.82385
-0.80458
-0.79964
-0.79923
-0.81454
-0.87699
0
0
0
-0.9192
0
0
0
0
0
0
0
0
0
0
0
0
0
0
0
0
0
0
0
0
0
0
0
0
0
0
0
0
-1.6121
0
0
0
0
0
0
0
0
-2.7191
0
0
0
0
0
0
0
0
0
0
0
0
0
0
0
0
0
0
0
-4.8653
0
-0.80021
-0.79639
-0.81367
-0.78601
-0.786
-0.78599
-0.808
-0.74895
-0.7948
-0.79473
-0.79751
-0.78899
-0.78079
-0.80836
-0.81278
-0.79739
-0.77021
-0.80573
-0.78495
-0.79603
-0.77023
-0.77922
-0.78944
-0.82126
33.1499
-0.77275
-0.78866
-0.7432
-0.78873
-0.77879
-0.80714
-0.77583
-0.79021
-0.77358
-0.77126
-0.76708
-0.78374
-0.8447
-0.85725
-0.82815
-0.8201
0
0
0
0
0
0
0
0
0
0
0
0
0
0
0
0
-1.4411
0
0
0
0
0
0
0
0
0
0
0
0
0
0
0
0
0
0
0
0
0
0
0
0
0
0
0
0
0
0
0
0
0
0
0
0
0
0
0
0
0
0
0
-0.78184
-0.7794
-0.79503
-0.7675
-0.7675
-0.76748
-0.78911
-0.73153
-0.77686
-0.77679
-0.77897
-0.77194
-0.7639
-0.79212
-0.79603
-0.78146
-0.75449
-0.78852
-0.77027
-0.77937
-0.75752
-0.76239
-0.77495
-0.80414
-0.77275
31.4875
-0.78002
-0.73447
-0.76836
-0.75662
-0.78605
-0.75361
-0.76639
-0.75008
-0.7478
-0.74459
-0.76115
-0.82144
0
-0.80744
0
0
0
0
0
0
0
0
0
0
0
-1.0064
0
0
0
0
-1.1211
0
0
0
0
0
0
0
0
0
0
0
0
0
0
0
0
0
0
0
0
0
0
0
0
0
0
0
0
0
0
0
0
0
0
0
0
0
0
0
0
0
0
0
0
-0.79849
-0.79663
-0.81216
-0.78482
-0.78481
-0.7848
-0.8064
-0.74742
-0.79349
-0.79342
-0.79604
-0.78761
-0.77929
-0.8082
-0.81224
-0.79717
-0.76956
-0.80501
-0.78497
-0.79583
-0.77213
-0.77663
-0.79072
-0.82012
-0.78866
-0.78002
32.4693
-0.75131
-0.78697
-0.7766
-0.80539
-0.77344
-0.78715
-0.77062
-0.76813
-0.76442
-0.78087
-0.84215
-0.85547
0
0
0
0
0
0
-1.016
0
0
0
0
0
0
0
0
0
0
0
0
0
0
0
0
0
0
0
0
0
0
0
0
0
0
0
0
0
0
0
0
-1.4242
0
0
0
0
0
0
0
0
0
0
0
0
0
0
0
0
0
0
0
0
0
0
-0.75731
-0.75251
-0.7705
-0.74301
-0.74301
-0.74299
-0.764
-0.70753
-0.75254
-0.75247
-0.75538
-0.74687
-0.73883
-0.76584
-0.77049
-0.75687
-0.7287
-0.76375
-0.74522
-0.7549
-0.72974
-0.73826
-0.74693
-0.7791
-0.7432
-0.73447
-0.75131
31.1859
-0.74047
-0.72169
-0.75495
-0.72237
-0.72202
-0.71858
-0.71409
-0.71411
-0.72832
-0.78864
0
0
0
0
0
0
0
0
0
0
0
0
0
0
0
0
0
0
0
-1.3716
0
0
0
0
0
0
0
0
0
0
0
0
0
-2.2534
0
0
0
0
0
0
0
0
0
0
0
0
0
0
0
0
0
0
0
0
0
0
0
0
0
0
0
0
0
-0.80111
-0.79893
-0.81471
-0.78695
-0.78695
-0.78693
-0.80875
-0.74984
-0.79553
-0.79547
-0.79825
-0.78957
-0.78149
-0.80969
-0.81359
-0.79873
-0.77178
-0.80552
-0.78746
-0.79613
-0.77486
-0.77964
-0.79179
-0.82112
-0.78873
-0.76836
-0.78697
-0.74047
29.2167
-0.77599
-0.81123
-0.77365
-0.78827
-0.77313
-0.77342
-0.76387
-0.78479
-0.84307
0
0
0
0
0
0
0
0
0
0
0
0
0
0
0
0
0
0
0
0
0
0
0
0
0
0
0
0
0
0
0
0
0
0
0
0
0
0
0
0
0
0
0
0
0
0
0
0
0
0
0
0
0
0
0
0
0
0
0
0
0
0
0
-0.78547
-0.78552
-0.80122
-0.7736
-0.7736
-0.77358
-0.79494
-0.7362
-0.78205
-0.78197
-0.78359
-0.77628
-0.76786
-0.79622
-0.80035
-0.78515
-0.759
-0.79402
-0.77346
-0.7851
-0.76182
-0.76803
-0.78151
-0.80608
-0.77879
-0.75662
-0.7766
-0.72169
-0.77599
30.3786
-0.79556
-0.75622
-0.76283
-0.75145
-0.75102
-0.74454
0
0
0
0
0
0
0
0
0
0
0
0
0
0
0
0
0
0
0
0
0
0
0
0
0
0
0
0
0
0
0
0
0
0
0
0
0
0
0
0
0
0
0
0
0
0
0
0
-3.2807
0
0
0
0
0
0
0
0
0
0
0
0
0
0
0
0
-0.81904
-0.8164
-0.8322
-0.80438
-0.80438
-0.80436
-0.82631
-0.76703
-0.81307
-0.81299
-0.81583
-0.80708
-0.79879
-0.82741
-0.83136
-0.81637
-0.78914
-0.82353
-0.80503
-0.81425
-0.7923
-0.79766
-0.8095
-0.83903
-0.80714
-0.78605
-0.80539
-0.75495
-0.81123
-0.79556
28.2139
-0.78416
-0.81727
-0.80105
-0.80766
-0.77604
0
0
0
0
0
0
0
0
0
0
0
0
0
0
0
0
0
0
0
0
0
0
0
0
0
0
0
0
0
0
0
0
0
0
0
0
0
0
0
0
0
0
0
0
0
0
0
0
0
0
0
0
0
0
0
0
0
0
0
0
0
0
0
0
0
-0.78932
-0.78666
-0.80262
-0.77472
-0.77472
-0.7747
-0.79642
-0.73792
-0.78319
-0.78313
-0.78592
-0.77719
-0.76958
-0.7972
-0.80097
-0.78625
-0.75923
-0.79285
-0.77485
-0.78338
-0.76205
-0.76669
-0.7792
-0.80808
-0.77583
-0.75361
-0.77344
-0.72237
-0.77365
-0.75622
-0.78416
26.3743
-0.79752
-0.75304
0
-0.73756
0
0
0
0
0
0
0
0
0
0
0
0
0
0
0
0
0
0
0
0
0
0
0
0
0
0
0
0
0
0
0
0
0
0
0
0
0
0
0
0
0
0
0
0
0
0
0
0
0
0
0
0
0
0
0
0
0
0
0
0
0
0
0
0
0
-0.80298
-0.79992
-0.81628
-0.78829
-0.78828
-0.78827
-0.80938
-0.75203
-0.79781
-0.79775
-0.80061
-0.79186
-0.78354
-0.81169
-0.81561
-0.80122
-0.7732
-0.80778
-0.78975
-0.7984
-0.77596
-0.78105
-0.79452
-0.82385
-0.79021
-0.76639
-0.78715
-0.72202
-0.78827
-0.76283
-0.81727
-0.79752
28.3797
0
0
-0.76739
0
0
0
0
0
0
0
0
0
0
0
0
0
0
0
0
0
0
0
0
0
0
0
0
0
0
0
0
0
0
0
0
0
0
0
-2.2906
0
0
0
0
0
0
0
0
0
0
0
0
0
0
0
0
0
0
0
0
0
0
0
0
0
0
0
0
0
-0.78548
-0.78312
-0.79885
-0.77127
-0.77126
-0.77125
-0.79276
-0.73379
-0.77957
-0.77951
-0.78164
-0.76831
-0.76546
-0.79336
-0.79169
-0.78111
-0.75528
-0.79025
-0.76931
-0.78068
-0.76037
-0.76359
-0.75667
-0.80458
-0.77358
-0.75008
-0.77062
-0.71858
-0.77313
-0.75145
-0.80105
-0.75304
0
27.4051
0
0
0
0
0
0
0
0
0
0
0
0
0
0
0
0
0
0
0
0
0
0
0
0
0
0
0
0
0
0
0
0
0
0
0
0
0
0
0
0
0
-2.6844
0
0
0
0
0
0
0
0
0
0
0
0
0
0
0
0
0
0
0
0
0
0
0
0
0
-0.77965
-0.77788
-0.78955
-0.76613
-0.76613
-0.76611
-0.7877
-0.72825
-0.77551
-0.77544
-0.77802
-0.7698
-0.75636
-0.78982
-0.79412
-0.77781
-0.75139
-0.78706
-0.76526
-0.77798
-0.75438
-0.76077
-0.77435
-0.79964
-0.77126
-0.7478
-0.76813
-0.71409
-0.77342
-0.75102
-0.80766
0
0
0
27.5065
0
0
0
0
0
0
0
0
0
0
0
0
0
0
0
0
0
0
0
0
0
0
0
0
0
0
0
-1.8381
0
0
0
0
-1.7859
0
0
0
0
0
0
0
0
0
0
0
0
0
0
0
0
0
0
0
0
0
0
0
0
0
0
0
0
0
0
0
0
0
-0.78124
-0.77845
-0.79429
-0.76654
-0.76654
-0.76653
-0.78816
-0.73001
-0.77495
-0.77488
-0.77772
-0.76914
-0.76136
-0.78883
-0.79273
-0.77795
-0.751
-0.78431
-0.76649
-0.77481
-0.75352
-0.75808
-0.771
-0.79923
-0.76708
-0.74459
-0.76442
-0.71411
-0.76387
-0.74454
-0.77604
-0.73756
-0.76739
0
0
25.3274
0
0
0
0
0
0
0
0
0
0
0
0
0
0
0
0
0
0
0
0
0
0
0
0
0
0
0
0
0
0
0
0
0
0
0
0
0
0
0
0
0
0
0
0
0
0
0
0
0
0
0
0
0
0
0
0
0
0
0
0
0
0
0
0
0
-0.78116
-0.79226
-0.80803
-0.78024
-0.78024
-0.78023
-0.80171
-0.73937
-0.78862
-0.78855
-0.79037
-0.78264
-0.77438
-0.80262
-0.80685
-0.79114
-0.76512
-0.79967
-0.77964
-0.79049
-0.76813
-0.7732
-0.78624
-0.81454
-0.78374
-0.76115
-0.78087
-0.72832
-0.78479
0
0
0
0
0
0
0
25.3438
0
0
0
0
0
0
0
0
0
0
0
0
0
0
0
0
0
0
0
0
0
0
0
0
0
0
0
0
0
0
0
0
0
0
0
0
0
0
0
-2.6394
0
0
0
0
0
0
0
0
0
0
0
0
0
0
0
0
0
0
0
0
0
0
0
0
-0.85793
-0.85513
-0.87134
-0.84298
-0.84298
-0.84296
-0.8652
-0.80506
-0.85161
-0.85154
-0.85447
-0.84571
-0.83747
-0.86607
-0.87013
-0.85473
-0.82688
-0.86181
-0.84295
-0.85227
-0.82962
-0.83512
-0.84795
-0.87699
-0.8447
-0.82144
-0.84215
-0.78864
-0.84307
0
0
0
0
0
0
0
0
24.5289
0
0
0
0
0
0
0
0
0
0
0
0
0
0
0
0
0
0
0
0
0
0
0
0
0
0
0
0
0
0
0
0
0
0
0
0
0
0
0
0
0
0
0
0
0
0
0
0
0
0
0
0
0
0
0
0
0
0
0
0
0
0
0
-0.86734
-0.86547
-0.88168
-0.85346
-0.85346
-0.85344
-0.87495
-0.81236
-0.86235
-0.86228
-0.86474
-0.85666
-0.8482
-0.8782
-0.8826
-0.86687
-0.83948
-0.87426
-0.85513
-0.86493
-0.83996
-0.8473
-0.86024
0
-0.85725
0
-0.85547
0
0
0
0
0
0
0
0
0
0
0
23.5954
0
0
0
0
0
0
0
0
0
0
0
0
0
0
0
0
0
0
0
0
0
0
0
0
0
0
0
-2.1173
0
0
0
0
0
0
0
0
0
0
0
0
0
0
0
0
0
0
0
0
0
0
0
0
0
0
0
0
0
0
0
0
0
0
-0.83899
-0.83606
-0.84865
-0.82412
-0.82412
-0.8241
-0.84621
-0.78798
-0.83408
-0.83401
-0.83782
-0.8283
-0.81944
-0.85004
-0.85379
-0.83767
-0.81054
-0.84519
-0.82627
-0.83597
-0.8134
-0.81907
-0.83191
0
-0.82815
-0.80744
0
0
0
0
0
0
0
0
0
0
0
0
0
22.5785
0
0
0
0
0
0
0
0
0
0
0
0
0
0
0
0
0
0
0
0
0
0
0
0
0
0
0
-1.8352
0
0
0
0
0
0
0
0
0
0
0
0
0
0
0
0
0
0
0
0
0
0
0
0
0
0
0
0
0
0
0
0
0
-0.82525
-0.82887
-0.84177
-0.8161
-0.81611
-0.81609
-0.83819
-0.77508
-0.82436
-0.8243
-0.82387
-0.8168
-0.80866
-0.83734
-0.84229
-0.79686
-0.79924
-0.83442
-0.78642
-0.82546
0
-0.80782
-0.82048
0
-0.8201
0
0
0
0
0
0
0
0
0
0
0
0
0
0
0
21.5648
0
0
0
0
0
0
0
0
0
0
0
0
0
0
0
0
0
0
0
0
0
0
0
0
0
0
0
0
0
0
0
0
0
-2.7389
0
0
0
0
0
0
0
0
0
0
0
0
0
0
0
0
0
0
0
0
0
0
0
0
0
0
-0.88442
-0.89663
-0.91265
-0.88387
-0.88388
-0.88385
-0.90813
-0.84451
-0.89407
-0.89399
-0.89377
-0.88731
-0.87896
-0.90821
-0.91413
-0.89235
-0.8706
-0.90627
0
-0.89628
0
0
0
-0.9192
0
0
0
0
0
0
0
0
0
0
0
0
0
0
0
0
0
20.2413
0
0
0
0
0
0
0
0
0
0
0
0
0
0
0
0
0
0
0
0
0
0
0
0
0
0
0
0
0
0
-2.3882
0
0
0
0
0
0
0
0
0
0
0
0
0
0
0
0
0
0
0
0
0
0
0
0
0
0
0
0
-0.89385
-0.89195
-0.90955
-0.88079
-0.88078
-0.88077
-0.90527
-0.84279
-0.89053
-0.89045
-0.89112
-0.88478
-0.87619
-0.90603
-0.90979
-0.89284
-0.86497
-0.90008
0
-0.89074
0
0
0
0
0
0
0
0
0
0
0
0
0
0
0
0
0
0
0
0
0
0
19.7379
0
0
0
0
-1.0414
0
0
0
0
0
0
0
0
0
0
0
-1.8133
0
0
0
0
0
0
0
0
0
0
0
0
0
0
0
0
0
0
0
0
0
0
0
0
0
0
0
0
0
0
0
0
0
0
0
0
0
0
0
0
0
-0.92647
-0.92553
-0.94024
-0.91251
-0.9125
-0.91249
-0.93467
-0.87219
-0.92143
-0.92136
-0.92434
-0.91478
-0.90595
-0.93979
-0.94308
-0.92709
-0.8978
-0.9342
0
-0.92443
0
0
0
0
0
0
0
0
0
0
0
0
0
0
0
0
0
0
0
0
0
0
0
20.2234
0
-1.1142
0
0
0
0
0
0
0
0
0
0
0
0
0
0
0
0
0
0
0
0
0
0
0
0
-1.6183
0
0
0
0
0
0
0
0
0
0
0
0
0
0
0
0
0
0
0
0
0
0
0
0
0
0
0
0
0
0
-1.032
-1.0288
-1.0457
-1.016
-1.016
-1.0159
-1.0392
-0.97561
-1.0249
-1.0248
-1.0288
-1.0191
-1.0102
-1.042
-1.0469
-1.0303
-1.0017
-1.0372
0
0
0
0
0
0
0
0
0
0
0
0
0
0
0
0
0
0
0
0
0
0
0
0
0
0
18.4351
0
0
0
0
0
0
0
0
0
0
0
0
0
0
0
0
0
0
0
0
0
0
0
0
0
0
0
0
0
0
0
0
0
0
0
0
0
0
0
0
0
0
0
0
0
0
0
0
0
0
0
0
0
0
0
0
-1.0276
-1.0271
-1.0404
-1.0136
-1.0136
-1.0136
-1.0337
-0.97065
-1.0219
-1.0218
-1.0281
-1.0166
-1.006
0
0
0
0
0
0
0
0
0
0
0
0
0
-1.016
0
0
0
0
0
0
0
0
0
0
0
0
0
0
0
0
-1.1142
0
21.6867
0
0
0
0
0
0
0
0
0
0
0
0
0
0
-1.4012
0
0
0
0
0
0
0
0
0
0
0
0
0
0
0
0
0
0
0
0
0
0
0
0
0
0
0
0
0
0
0
0
0
0
0
-4.9205
0
0
0
0
-0.98441
-0.98834
-1.0041
-0.97538
-0.97537
-0.97536
-0.997
-0.92688
-0.98377
-0.98369
-0.98638
-0.96131
-0.96379
-0.99992
-0.98527
0
0
0
0
0
0
0
0
0
0
0
0
0
0
0
0
0
0
0
0
0
0
0
0
0
0
0
0
0
0
0
18.9364
0
0
0
0
0
0
0
0
0
0
0
0
0
0
0
0
0
0
-1.9932
0
0
-2.2522
0
0
0
0
0
0
0
0
0
0
0
0
0
0
0
0
0
0
0
0
0
0
0
0
0
0
0
0
0
0
0
0
-0.89783
-0.9158
-0.93354
-0.90363
-0.90363
-0.90361
-0.92828
-0.86475
-0.91536
-0.91528
-0.90804
-0.90886
-0.90006
-0.93211
0
0
0
0
0
0
0
0
0
0
0
0
0
0
0
0
0
0
0
0
0
0
0
0
0
0
0
0
-1.0414
0
0
0
0
17.7892
0
0
0
0
0
0
0
0
0
0
0
0
0
0
0
0
-1.7701
0
0
0
0
0
0
0
-2.2469
0
0
0
0
0
0
0
0
0
0
0
0
0
0
0
0
0
0
0
0
0
0
0
0
0
0
0
0
-1.0208
-1.0232
-1.0403
-1.0102
-1.0102
-1.0102
-1.0325
-0.96936
-1.0185
-1.0185
-1.0193
-1.0129
-1.0031
-1.0346
-1.0387
0
0
0
0
0
0
0
0
0
0
0
0
0
0
0
0
0
0
0
0
0
0
0
0
0
0
0
0
0
0
0
0
0
18.3799
0
0
0
0
0
0
0
0
0
0
0
0
0
0
0
0
0
0
0
0
0
0
0
0
0
0
0
0
0
0
0
0
0
0
0
-3.1175
0
0
0
0
0
0
0
0
0
0
0
0
0
0
0
0
-0.95753
-0.95836
-0.97269
-0.94372
-0.94372
-0.9437
-0.96542
-0.90526
-0.95406
-0.95398
-0.95387
-0.94634
-0.93456
0
0
-0.95659
0
0
0
0
0
0
0
0
0
0
0
0
0
0
0
0
0
0
0
0
0
0
0
0
0
0
0
0
0
0
0
0
0
15.2065
0
0
0
0
0
0
0
0
0
0
0
-1.9167
0
0
0
0
0
0
0
0
0
0
0
0
0
0
0
0
0
0
0
0
0
0
0
0
0
0
0
0
0
0
0
0
0
0
0
0
0
0
0
-1.0895
-1.0864
-1.1028
-1.0729
-1.0729
-1.0729
-1.0958
-1.0305
-1.0807
-1.0806
-1.0824
0
-1.0658
0
0
0
0
0
0
0
0
0
0
0
0
0
0
0
0
0
0
0
0
0
0
0
0
0
0
0
0
0
0
0
0
0
0
0
0
0
16.1072
0
0
0
0
0
0
0
0
0
0
0
0
0
0
0
0
0
0
0
0
0
0
0
0
0
0
0
0
0
0
-3.174
0
0
0
0
0
0
0
0
0
0
0
0
0
0
0
0
0
0
0
-1.0406
-1.0366
-1.0533
-1.0237
-1.0237
-1.0237
-1.0453
-0.98301
-1.0349
-1.0348
0
0
0
0
0
0
0
0
0
0
0
0
0
0
0
-1.0064
0
0
0
0
0
0
0
0
0
0
0
0
0
0
0
0
0
0
0
0
0
0
0
0
0
14.7802
0
-1.4449
0
0
0
0
0
0
0
-2.0293
0
0
0
0
0
0
0
0
0
0
0
0
0
0
0
0
0
0
0
0
0
0
0
0
0
0
0
0
0
0
0
0
0
0
0
0
0
0
0
-1.0569
-1.0581
-1.0734
-1.0438
-1.0438
-1.0438
-1.0451
-1.0014
-1.0526
-1.0525
0
-1.0479
0
0
0
0
0
0
0
0
0
0
0
0
0
0
0
0
0
0
0
0
0
0
0
0
0
0
0
0
0
0
0
0
0
0
0
0
0
0
0
0
14.6567
0
0
0
0
0
0
0
0
0
0
0
0
0
0
0
0
0
0
0
0
0
0
0
0
0
0
0
0
0
0
0
0
0
0
0
0
-3.1375
0
0
0
0
0
0
0
0
0
0
0
-1.2401
-1.2238
-1.2516
-1.2168
-1.2168
-1.2168
-1.2391
0
0
0
0
0
0
0
0
0
0
0
0
0
0
0
0
0
0
0
0
0
0
0
0
0
0
0
0
0
0
0
0
0
0
0
0
0
0
0
0
0
0
0
0
-1.4449
0
14.0061
0
0
0
-1.7093
0
0
0
0
0
0
0
0
0
0
0
0
0
-2.2468
0
0
0
0
0
0
0
0
0
0
0
0
0
0
0
0
0
0
0
0
0
0
0
0
0
0
0
0
0
-1.3546
-1.3484
-1.3678
-1.3347
-1.3347
-1.3346
-1.3596
-1.2934
-1.345
-1.3449
0
0
0
0
0
0
0
0
0
0
0
0
0
0
0
0
0
0
0
0
0
0
0
0
0
0
0
0
0
0
0
0
0
0
0
0
0
0
0
0
0
0
0
0
13.4176
0
0
0
0
0
0
0
0
0
0
0
0
0
0
0
0
0
0
0
0
0
0
0
0
0
0
0
0
0
0
0
0
0
0
0
0
0
0
0
0
0
0
0
0
0
0
-1.2554
-1.2947
0
-1.2797
-1.2797
-1.2797
0
0
0
0
0
0
0
0
0
0
0
0
0
0
0
-1.2679
0
0
0
0
0
0
0
0
0
0
0
0
0
0
0
0
0
0
0
0
0
0
0
0
0
0
0
0
0
0
0
0
0
13.5917
0
0
0
-1.8342
0
0
0
0
-1.9314
0
0
0
0
0
0
0
-2.169
0
0
0
0
0
0
0
0
0
0
0
0
0
0
0
0
0
0
0
0
0
0
0
0
0
0
0
0
-1.1607
-1.1592
-1.1765
-1.1451
-1.1451
-1.1451
-1.1684
0
0
0
0
0
0
0
0
0
0
0
0
0
0
0
0
0
0
-1.1211
0
0
0
0
0
0
0
0
0
0
0
0
0
0
0
0
0
0
0
0
0
0
0
0
0
0
0
0
0
0
11.7289
0
0
0
0
0
0
0
0
0
0
0
0
0
0
0
0
0
0
0
0
0
0
0
0
0
0
0
0
0
0
-2.5078
0
0
0
0
0
0
0
0
0
0
0
0
0
0
-1.4699
0
0
0
0
0
0
0
0
0
0
0
0
0
0
0
0
0
0
0
0
-1.4488
0
-1.4411
0
0
-1.3716
0
0
0
0
0
0
0
0
0
0
0
0
0
0
0
0
0
0
0
0
0
0
0
0
0
-1.7093
0
0
0
12.4476
0
-2.0667
0
0
0
0
0
0
0
0
0
-2.4898
0
0
0
0
0
0
0
0
0
0
-0.45039
0
0
0
0
0
0
0
0
0
0
0
0
0
0
0
0
0
0
0
0
-1.4479
-1.435
0
-1.4204
-1.4204
-1.4203
-1.4457
0
0
0
0
0
0
0
0
0
0
0
0
0
0
0
0
0
0
0
0
0
0
0
0
0
0
0
0
0
0
0
0
0
0
0
0
0
0
0
0
0
0
0
0
0
0
0
0
0
0
0
10.4091
0
0
0
0
0
0
0
0
-1.8194
0
0
0
0
0
0
0
0
0
0
0
0
0
0
0
0
0
0
0
0
0
0
0
0
0
0
0
0
0
0
0
0
0
0
0
0
0
0
0
0
0
0
0
0
0
0
0
0
0
0
0
0
0
-1.7063
0
0
0
0
0
0
0
0
0
0
0
0
0
0
0
0
0
0
0
0
0
-1.8133
0
0
0
0
0
0
0
0
0
0
0
0
-1.8342
0
-2.0667
0
16.7603
0
0
0
-2.3007
0
0
0
0
0
0
0
0
0
0
0
0
0
0
0
0
0
0
0
0
0
0
0
0
0
0
-2.8646
0
0
0
0
0
0
-4.1746
0
0
0
0
0
-1.2647
0
0
0
0
0
0
0
0
0
0
0
0
0
0
0
-1.2231
0
0
0
0
0
0
0
0
0
0
0
0
0
0
0
0
0
0
0
0
0
0
0
0
0
0
-1.4012
0
0
0
0
0
0
0
0
0
0
0
0
0
0
15.767
0
0
-2.1007
0
0
0
0
0
0
0
0
0
0
0
0
0
0
0
0
-1.8322
0
0
0
0
0
0
0
0
0
0
0
-3.9726
0
-3.9726
0
0
0
0
0
0
0
0
0
0
0
0
0
0
0
0
0
0
0
0
0
0
0
0
0
0
0
0
0
0
0
0
0
0
0
0
0
0
0
0
0
0
0
0
0
0
0
0
0
0
0
0
0
0
0
-1.9167
0
-2.0293
0
0
0
0
0
0
0
0
0
11.4966
0
0
0
0
-2.2406
0
0
0
-2.0366
0
0
0
0
0
0
0
0
0
0
0
0
0
0
0
-3.2734
0
0
0
0
0
0
0
0
0
0
0
0
0
0
0
0
0
0
0
0
0
0
0
0
0
0
-1.913
0
0
0
0
0
0
0
0
0
0
0
0
0
0
0
0
0
0
0
0
0
-1.8381
0
0
0
0
0
0
0
0
0
0
0
0
0
0
0
0
0
0
0
0
0
0
0
0
0
0
0
12.0793
-2.2992
0
-2.1808
0
0
0
0
0
0
0
0
0
0
0
0
0
0
0
0
0
0
0
0
0
0
0
0
0
0
0
0
0
0
0
0
-3.8482
0
0
0
0
0
0
0
0
0
0
0
0
0
0
0
0
0
0
0
0
0
0
0
0
0
0
0
0
0
0
0
0
0
0
0
0
0
0
0
0
0
0
0
0
0
0
0
0
0
0
0
0
0
0
0
0
0
0
0
0
0
-2.3007
-2.1007
0
-2.2992
10.8118
-1.9818
0
0
-2.1294
0
0
0
0
0
0
0
0
0
0
0
0
0
0
0
0
0
0
0
0
0
0
0
0
0
0
0
0
0
0
0
0
0
0
0
0
0
0
0
0
0
0
0
-1.8683
0
0
0
0
0
0
0
0
0
0
0
0
0
0
0
0
0
0
0
0
0
0
0
0
0
0
0
0
0
0
0
0
0
0
0
0
-1.7701
0
0
0
0
0
0
0
-1.9314
0
0
0
0
0
0
0
-1.9818
10.6584
0
0
0
0
0
0
0
0
0
0
0
0
0
0
0
0
0
-3.1068
0
0
0
0
0
0
0
0
0
0
0
0
0
0
0
0
0
0
0
0
0
0
0
0
0
-1.9
0
0
0
0
0
0
0
0
0
0
0
0
0
0
0
0
0
0
0
0
0
0
0
0
0
0
0
0
0
0
0
0
0
0
0
0
0
0
-1.9932
0
0
0
0
0
0
0
0
0
0
0
0
0
0
0
-2.1808
0
0
10.9536
-2.3266
0
0
0
0
0
0
0
0
0
-2.553
0
0
0
0
0
0
0
0
0
0
0
0
0
0
0
0
0
0
0
0
0
0
0
0
0
0
0
0
0
0
0
0
0
0
0
0
0
0
0
0
0
0
0
0
0
0
0
0
0
0
0
0
0
0
0
0
0
0
0
0
0
0
-2.1173
0
0
0
0
0
0
0
0
0
0
0
0
0
0
0
0
0
0
0
0
0
0
-2.2406
0
0
0
-2.3266
12.3931
0
0
0
0
0
0
0
0
0
0
0
0
0
0
0
-2.7544
0
0
0
0
0
0
0
-2.9542
0
0
0
0
0
0
0
0
0
0
0
0
-1.9174
0
0
0
0
0
0
0
0
0
0
0
0
0
0
0
0
0
0
0
0
0
0
0
0
0
0
0
0
0
0
0
-1.7859
0
0
0
0
-1.8352
0
0
0
0
0
0
0
0
0
0
0
0
0
0
0
0
0
0
-1.8194
0
0
0
0
-2.1294
0
0
0
9.4874
0
0
0
0
0
0
0
0
0
0
0
0
0
0
0
0
0
0
0
0
0
0
0
0
0
0
0
0
0
0
0
0
0
0
0
0
0
0
0
0
0
0
0
0
-2.3238
0
0
-2.3414
0
0
0
0
0
0
0
0
0
0
0
0
0
0
0
0
0
0
0
0
0
0
0
0
0
0
0
0
0
0
0
-2.2522
0
0
0
0
0
0
0
0
0
0
0
0
0
0
0
0
0
0
0
0
0
9.7203
0
0
0
0
0
0
-2.8029
0
0
0
0
0
0
0
0
0
0
0
0
0
0
0
0
0
0
0
0
0
0
0
0
0
0
0
0
0
0
0
0
0
0
0
0
0
0
0
0
0
0
0
0
0
-2.7605
0
0
0
0
0
0
0
0
0
0
0
0
0
0
0
0
0
0
0
0
0
0
0
0
0
0
0
0
0
0
0
0
0
0
0
0
-2.4898
0
0
0
0
0
0
0
0
0
0
0
11.4614
0
0
0
0
0
0
0
-2.7373
0
0
0
0
0
0
0
0
0
0
-3.4738
0
0
0
0
0
0
0
0
0
0
0
0
0
0
0
0
0
0
0
0
0
0
0
0
0
0
0
0
0
0
0
0
0
0
0
-1.6121
0
0
0
0
0
0
0
0
0
0
0
0
0
0
0
0
0
0
0
-1.6183
0
0
0
0
0
0
0
0
0
0
0
0
0
0
0
0
0
-2.0366
0
0
0
0
0
0
0
0
8.2646
0
0
0
0
0
0
0
0
0
0
0
0
0
0
0
0
0
0
0
0
0
0
-2.9977
0
0
0
0
0
0
0
0
0
0
0
0
0
0
0
0
0
0
0
0
0
0
0
0
0
0
0
0
0
0
0
0
0
0
-2.2534
0
0
0
0
-2.2906
0
0
0
0
0
0
0
0
0
0
0
0
0
0
0
0
0
0
0
0
-2.2468
0
0
0
0
0
0
0
0
0
0
0
0
0
0
0
0
0
10.2066
0
0
0
0
0
0
0
0
0
0
0
0
0
0
-3.4158
0
0
0
0
0
0
0
0
0
0
0
0
0
0
-2.5293
0
0
0
0
0
0
0
0
0
0
0
0
0
0
0
0
0
0
0
0
0
0
0
0
0
0
0
0
0
0
0
0
0
0
0
0
0
0
0
0
-2.3882
0
0
0
0
0
-2.2469
0
0
0
0
0
0
0
-2.169
0
0
0
0
0
0
0
0
0
0
0
0
0
0
0
0
9.3334
0
0
0
0
0
0
0
0
0
0
0
0
0
0
0
0
0
0
0
0
0
0
0
0
0
0
0
0
0
0
0
0
0
0
0
0
0
0
0
0
0
0
0
0
-2.8221
0
0
0
0
0
0
0
0
0
0
0
0
0
0
0
0
0
0
0
0
0
0
0
0
0
0
0
0
0
0
0
0
0
0
0
0
0
0
0
0
0
0
0
0
0
0
0
0
0
0
0
0
0
0
0
0
11.5499
0
0
0
-2.6735
0
-2.7492
0
0
0
0
0
0
0
0
-3.3051
0
0
0
0
0
0
0
0
0
0
0
0
0
0
0
0
0
0
0
0
0
0
0
0
0
0
0
-3.0199
0
0
-2.9931
0
0
0
0
0
0
0
0
0
0
0
0
0
0
0
0
0
0
0
0
0
-2.7389
0
0
0
0
0
0
0
0
0
0
0
0
0
0
0
0
0
0
0
0
0
0
0
0
0
0
0
0
0
0
0
0
0
8.7519
0
0
0
0
0
0
0
0
0
0
0
0
0
0
0
0
0
0
0
0
0
0
0
0
0
0
0
0
0
0
0
0
0
0
0
0
0
0
0
0
0
0
0
0
0
0
0
0
-2.7953
0
0
0
0
0
0
0
0
0
0
-2.6844
0
0
0
0
0
0
0
0
0
0
0
0
0
0
0
0
0
0
0
0
0
0
0
0
0
0
0
0
0
0
0
0
0
0
-2.8029
0
0
0
0
0
0
8.2826
0
0
0
0
0
0
0
0
0
0
0
0
0
0
0
0
0
0
0
0
0
0
0
0
0
-2.8622
0
0
0
0
0
0
0
0
0
0
0
0
0
0
0
0
0
0
0
0
0
0
0
0
0
0
0
0
0
0
0
0
0
0
0
-2.6394
0
0
0
0
0
0
0
0
0
0
0
0
0
0
0
0
0
0
0
0
0
0
0
0
0
0
0
0
-2.553
0
0
0
0
0
0
0
0
0
0
8.0546
0
0
0
0
0
0
0
0
0
0
0
0
0
0
0
0
0
0
0
0
0
0
0
0
0
0
0
0
0
0
0
0
0
0
0
0
0
0
0
0
0
0
-3.3525
0
0
0
0
0
0
0
0
0
0
0
0
0
0
0
0
0
0
0
0
0
0
0
0
0
0
0
0
0
0
0
0
0
0
0
0
0
0
0
0
0
0
0
0
0
0
0
0
0
0
-2.7373
0
0
0
-2.6735
0
0
0
8.7632
0
0
0
0
0
0
0
0
0
0
0
0
0
0
0
0
0
0
0
0
0
0
0
0
0
0
0
0
0
0
0
0
0
0
0
0
0
0
0
0
0
0
0
0
-1.417
0
0
0
0
-1.4242
0
0
0
0
0
0
0
0
0
0
0
0
0
0
0
0
0
0
0
0
0
0
0
0
0
0
0
0
0
0
0
0
0
0
0
0
0
0
0
0
0
0
0
0
0
0
0
0
0
0
0
6.4478
0
0
0
0
0
0
0
0
0
0
0
0
0
0
0
0
-3.6066
0
0
0
0
0
0
0
0
0
0
0
0
0
0
0
0
0
0
-2.7406
0
0
0
0
0
0
0
0
0
-2.7191
0
0
0
0
0
0
0
0
0
0
0
0
0
0
0
0
0
0
0
0
0
0
0
0
0
0
0
0
0
0
0
0
0
0
0
0
0
0
0
0
0
0
0
0
0
0
0
0
0
-2.7492
0
0
0
0
0
8.2089
0
0
0
0
0
0
0
0
0
0
0
0
0
0
0
0
0
0
0
0
0
0
0
0
0
0
0
0
0
0
0
0
0
0
0
0
0
0
0
0
0
0
0
0
0
0
0
0
0
0
0
0
0
0
0
0
0
0
0
0
0
0
0
0
0
0
0
0
0
0
0
0
0
0
0
0
0
0
-0.45039
0
0
-1.8322
0
0
0
0
0
0
0
0
0
0
0
0
0
0
0
0
0
0
0
5.4505
0
0
0
0
0
0
0
0
0
0
0
0
0
0
0
0
0
0
0
-3.1679
0
0
0
0
0
0
0
0
0
0
0
0
0
0
0
0
0
0
0
0
-3.694
0
0
0
0
0
0
0
0
0
0
0
0
0
0
0
0
0
0
0
0
0
0
0
0
0
0
0
0
0
-3.174
0
0
0
0
0
0
0
0
0
0
0
0
0
0
0
0
0
0
0
0
0
0
0
0
0
0
0
0
0
0
6.868
0
0
0
0
0
0
0
0
0
0
0
0
0
0
0
0
0
0
0
0
0
0
0
0
0
0
0
0
0
0
0
0
0
0
0
0
0
0
0
0
0
0
0
0
0
0
0
0
0
0
0
0
0
0
0
0
0
0
0
0
0
0
0
0
0
0
0
0
0
0
0
0
0
0
0
0
0
0
0
0
0
0
0
-3.1068
0
-2.7544
0
0
0
0
0
0
0
0
0
0
0
0
0
0
0
5.8612
0
0
0
0
0
0
0
0
0
0
0
0
0
0
0
0
0
0
0
0
-3.4317
0
0
0
0
-3.3208
0
0
0
0
0
0
0
0
0
0
0
0
0
0
0
0
0
0
0
0
0
0
0
0
0
0
0
0
0
0
0
0
0
0
0
0
0
0
0
0
0
0
0
0
0
0
0
0
0
0
0
0
0
0
0
0
0
0
0
0
0
0
0
0
0
0
0
0
0
0
0
0
0
0
0
6.7525
0
0
0
0
0
0
0
0
0
0
0
0
0
0
0
0
0
0
0
0
0
0
0
0
0
0
0
0
0
0
0
0
0
0
0
0
0
0
0
0
0
0
0
0
0
0
-3.2807
0
0
0
0
0
0
0
0
0
0
0
0
0
0
0
0
0
0
-3.1175
0
0
0
0
0
0
0
0
0
0
0
0
0
0
0
0
0
0
0
0
0
0
0
0
0
0
0
0
0
0
0
0
0
0
0
6.3982
0
0
0
0
0
0
0
0
0
0
0
0
0
0
0
0
0
0
0
0
0
0
-3.6352
0
0
0
0
0
0
0
0
0
0
0
0
0
0
0
0
0
0
0
0
0
0
0
0
0
0
0
0
0
0
0
0
0
0
0
0
0
0
0
0
0
0
0
0
0
0
0
0
0
0
0
0
0
0
0
0
0
0
0
0
0
0
0
0
0
0
0
0
0
0
0
0
0
0
0
0
0
0
7.1281
0
0
0
-3.4929
0
0
0
0
0
0
0
0
0
0
0
0
0
0
0
0
0
0
0
0
0
0
0
0
0
0
0
0
0
0
0
0
0
0
0
0
0
0
0
0
0
0
0
0
0
0
0
0
0
0
0
0
0
0
0
0
0
0
0
0
0
0
0
0
0
0
0
0
0
0
0
0
-3.2734
0
0
0
0
0
0
0
0
0
-3.4158
0
0
0
0
0
0
0
0
0
0
0
0
0
0
6.6892
0
0
0
0
0
0
0
0
0
0
0
0
0
0
0
0
0
0
0
0
0
0
0
0
-2.9339
0
0
0
0
0
0
0
0
0
0
0
0
0
0
0
0
0
0
0
0
0
0
0
0
0
0
0
0
0
0
0
0
0
0
0
0
0
0
0
0
0
0
0
0
0
-2.5078
0
0
0
0
0
0
0
0
0
0
0
0
0
0
0
0
0
0
0
0
0
0
0
0
0
0
0
0
0
0
5.4417
0
0
0
0
0
0
0
0
0
0
0
0
0
0
0
0
0
0
0
0
0
0
0
0
0
0
0
0
0
0
0
0
0
0
0
0
0
0
0
0
0
0
0
0
0
0
0
0
0
0
0
0
0
0
0
0
0
0
0
0
0
0
0
0
0
0
0
0
0
0
0
0
0
0
0
0
0
0
0
0
0
0
-3.4738
0
0
0
-3.3051
0
0
0
0
0
0
0
0
0
0
0
0
0
0
6.7789
0
0
0
0
0
0
0
0
0
0
0
0
0
0
0
0
0
0
0
0
0
0
0
0
0
0
0
0
0
0
0
0
0
0
0
0
0
0
0
0
0
0
0
0
0
0
0
0
0
0
0
0
0
0
0
0
0
0
0
0
0
0
0
0
-3.1375
0
0
0
0
0
0
0
0
0
0
0
0
0
0
0
0
0
0
0
0
0
0
0
0
0
0
0
0
0
0
0
0
-3.4929
0
0
0
6.6304
0
0
0
0
0
0
0
0
0
0
0
0
0
0
0
0
0
0
0
0
0
0
0
0
0
0
0
0
0
0
0
0
0
0
0
0
0
0
0
0
0
0
0
0
0
0
0
0
0
0
0
0
0
0
0
0
0
0
0
0
0
0
0
0
0
0
0
0
0
0
-2.8646
0
0
0
0
0
0
-2.9542
0
0
0
0
0
0
0
0
0
0
0
0
0
0
0
0
0
0
0
0
0
0
0
5.8187
0
0
0
0
0
0
0
0
0
0
-5.3825
0
0
0
0
0
0
0
0
0
0
0
0
0
0
0
0
0
0
0
0
0
0
0
0
0
0
0
0
0
0
0
0
0
0
0
0
0
0
0
0
0
0
0
0
0
0
0
0
0
0
0
0
0
0
0
0
0
0
0
0
0
0
0
0
0
0
0
0
0
0
0
0
0
0
0
0
0
0
0
0
0
0
0
0
0
0
0
0
0
0
5.3825
0
0
0
0
0
0
0
0
0
0
0
0
0
0
0
0
0
0
0
0
0
0
0
0
0
0
0
0
0
0
0
0
0
0
0
0
0
0
0
0
0
0
0
0
0
0
0
0
0
0
0
0
0
0
0
0
0
0
0
0
0
0
0
0
0
0
0
0
0
-3.9726
0
0
0
0
0
0
0
0
0
0
0
0
0
0
0
0
0
0
0
0
0
0
0
0
0
0
0
0
0
0
0
3.9726
0
0
0
0
0
0
0
0
0
0
0
0
0
0
0
0
0
0
0
0
0
0
0
0
0
0
0
0
0
0
0
0
0
0
0
0
0
0
0
0
0
0
0
0
0
0
0
0
0
0
0
0
0
0
0
0
0
0
0
0
0
0
0
0
0
0
0
0
0
0
0
0
0
0
0
0
0
0
-2.9977
0
0
0
0
0
0
0
0
0
0
0
0
0
0
0
0
0
0
0
0
0
0
2.9977
0
0
0
0
0
0
0
0
0
0
0
0
0
0
0
0
0
0
0
0
0
0
0
0
0
0
0
0
0
0
0
0
0
0
0
0
0
0
0
0
0
0
0
0
0
0
0
0
0
0
0
0
0
0
0
0
0
0
0
0
0
0
0
0
0
0
0
-3.9726
0
0
0
0
0
0
0
0
0
0
0
0
0
0
0
0
0
0
0
0
0
0
0
0
0
0
0
0
0
0
0
0
0
3.9726
0
0
0
0
0
0
0
0
0
0
0
0
0
0
0
0
0
0
0
0
0
0
0
0
0
0
0
0
0
0
0
0
0
0
0
0
0
0
0
0
0
0
0
0
0
0
0
0
0
0
0
0
0
0
0
0
0
0
0
0
0
0
0
0
0
0
0
0
0
0
0
0
0
0
0
0
0
0
0
0
0
0
0
0
-3.6066
0
0
0
0
0
0
0
0
0
0
0
0
0
0
0
0
3.6066
0
0
0
0
0
0
0
0
0
0
0
0
0
0
0
0
0
0
0
0
0
0
0
0
0
0
0
0
0
0
0
0
0
0
0
0
0
0
0
0
0
0
0
0
0
0
0
0
0
0
-4.9205
0
0
0
0
0
0
0
0
0
0
0
0
0
0
0
0
0
0
0
0
0
0
0
0
0
0
0
0
0
0
0
0
0
0
0
0
0
0
0
0
0
0
0
0
0
0
0
0
0
0
4.9205
0
0
0
0
0
0
0
0
0
0
0
0
0
0
0
0
0
0
0
0
0
0
0
0
0
0
0
0
0
0
0
0
0
0
0
0
0
0
0
0
0
0
0
0
0
0
0
0
0
0
0
0
0
0
0
0
0
0
0
0
0
0
0
-4.1746
0
0
0
0
0
0
0
0
0
0
0
0
0
0
0
0
0
0
0
0
0
0
0
0
0
0
0
0
0
0
0
0
0
0
0
0
0
4.1746
0
0
0
0
0
0
0
0
0
0
0
0
0
0
0
0
0
0
0
0
0
0
0
0
0
0
0
0
0
0
0
0
0
0
0
0
0
0
0
0
0
0
0
0
0
0
0
0
0
0
0
0
0
0
0
0
0
0
0
0
0
0
0
0
0
-3.8482
0
0
0
0
0
0
0
0
0
0
0
0
0
0
0
0
0
0
0
0
0
0
0
0
0
0
0
0
0
0
0
0
0
0
0
3.8482
0
0
0
0
0
0
0
0
0
0
0
0
0
0
0
0
0
0
0
0
0
0
0
0
0
-4.8653
0
0
0
0
0
0
0
0
0
0
0
0
0
0
0
0
0
0
0
0
0
0
0
0
0
0
0
0
0
0
0
0
0
0
0
0
0
0
0
0
0
0
0
0
0
0
0
0
0
0
0
0
0
0
0
0
0
0
0
0
0
0
0
0
0
0
0
0
0
0
0
0
0
0
0
4.8653
0
0
0
0
0
0
0
0
0
0
0
0
0
0
0
0
0
0
0
0
0
0
0
0
0
0
0
0
0
0
0
0
0
0
0
0
0
0
0
0
0
0
0
0
0
0
0
0
0
0
0
0
0
0
0
0
0
0
0
0
0
0
0
0
0
0
0
0
0
0
0
0
0
0
0
0
0
0
0
0
0
-3.1679
0
0
0
0
0
0
0
0
0
0
0
0
0
0
0
0
0
0
0
3.1679
