66.857
-0.8909
-0.87294
-0.87218
-0.86408
-0.91136
-0.90316
-0.87109
-0.86994
-0.88073
-0.89666
-0.89172
-0.87143
-0.91016
-0.88651
-0.8855
-0.87412
-0.86529
-0.85691
-0.86528
-0.89865
-0.8653
-0.85276
-0.854
-0.89283
-0.85468
-0.8904
-0.8525
-0.88074
-0.85251
-0.8384
-0.83841
-0.86806
-0.84947
-0.86312
-0.85749
-0.84591
-0.89388
-0.85241
-0.84999
-0.8409
-0.8409
-0.84875
-0.86079
-0.86078
-0.86517
-0.86415
-0.84019
-0.85568
-0.8955
-0.88184
-0.85234
-0.88485
-0.81655
-0.86138
-0.86776
-0.90701
-0.86466
-0.96011
-1.1004
-1.386
-1.5857
-1.7555
0
0
0
-1.9076
0
0
0
0
0
0
0
0
0
0
0
0
-2.132
0
0
0
0
0
0
0
0
0
0
0
0
0
0
0
0
0
0
0
0
0
0
0
0
0
0
0
0
0
0
0
0
0
0
-6.529
0
0
0
0
0
0
0
0
0
0
-0.8909
66.1844
-0.86749
-0.8671
-0.85879
-0.91052
-0.90199
-0.86888
-0.86909
-0.87835
-0.89491
-0.88984
-0.86925
-0.90871
-0.8842
-0.88325
-0.872
-0.86311
-0.85466
-0.86312
-0.89687
-0.86313
-0.85061
-0.8519
-0.89104
-0.85249
-0.88862
-0.85033
-0.87882
-0.85033
-0.83624
-0.83624
-0.86847
-0.84731
-0.86307
-0.85553
-0.84375
-0.89212
-0.84984
-0.8479
-0.83873
-0.83873
-0.84647
-0.85862
-0.85862
-0.86304
-0.86198
-0.83803
-0.85302
-0.89325
-0.87958
-0.85009
-0.88253
-0.81443
-0.85905
-0.86532
-0.90603
-0.86219
-0.95743
-1.0975
-1.3852
-1.5818
-1.7497
0
0
0
0
0
-2.256
0
0
0
0
-1.2676
0
0
0
0
0
0
0
0
0
0
0
0
0
0
0
0
0
0
0
0
0
0
0
0
0
0
0
0
0
0
0
0
0
-6.5088
0
0
0
0
0
0
0
0
0
0
0
0
0
0
0
0
0
-0.87294
-0.86749
58.6665
-0.85155
-0.84148
-0.89647
-0.8833
-0.85301
-0.85424
-0.86308
-0.88221
-0.87594
-0.85357
-0.89519
-0.86865
-0.86746
-0.8566
-0.84756
-0.83918
-0.84756
-0.8818
-0.84757
-0.83506
-0.83634
-0.87663
-0.83684
-0.8742
-0.83472
-0.86412
-0.83471
-0.82067
-0.82067
-0.85375
-0.83166
-0.84848
-0.84087
-0.82811
-0.87852
-0.83511
-0.83313
-0.82314
-0.82314
-0.83082
-0.84291
-0.84292
-0.84823
-0.84627
-0.82243
-0.83739
-0.87729
-0.86363
-0.83421
-0.86792
-0.79918
-0.84416
-0.84909
-0.89402
-0.84585
-0.94018
-1.0781
-1.3722
-1.5627
-1.7236
0
0
0
0
0
-2.2223
0
0
0
0
-1.2443
0
0
0
0
0
0
0
0
0
0
0
0
0
0
0
0
0
0
0
0
0
0
0
0
0
0
0
0
0
0
0
0
0
0
0
0
0
0
0
0
0
0
0
0
0
0
0
0
0
0
0
-0.87218
-0.8671
-0.85155
60.187
-0.8421
-0.89514
-0.88222
-0.85278
-0.85442
-0.8611
-0.88206
-0.87446
-0.85318
-0.8942
-0.86813
-0.86728
-0.85629
-0.84713
-0.839
-0.84713
-0.88088
-0.84715
-0.83463
-0.83606
-0.87601
-0.83646
-0.87189
-0.8343
-0.8633
-0.8343
-0.82028
-0.82028
-0.85329
-0.83143
-0.84806
-0.8403
-0.82789
-0.87751
-0.83466
-0.83264
-0.82291
-0.82291
-0.83123
-0.84268
-0.84269
-0.84775
-0.84603
-0.8222
-0.83718
-0.87706
-0.86346
-0.83408
-0.86746
-0.79883
-0.83423
-0.84904
-0.89322
-0.84589
-0.94043
-1.0791
-1.3718
-1.5633
-1.7261
0
0
0
0
0
-2.2276
0
0
0
0
0
0
-2.7911
0
0
0
0
0
0
0
0
0
0
0
0
0
0
0
0
0
0
0
0
0
0
0
0
0
0
0
0
0
0
0
0
0
0
0
0
0
0
0
0
0
0
0
0
0
0
0
0
0
-0.86408
-0.85879
-0.84148
-0.8421
56.862
-0.88755
-0.87495
-0.84436
-0.84639
-0.85394
-0.87297
-0.86784
-0.84474
-0.88637
-0.85982
-0.85881
-0.84793
-0.83875
-0.83044
-0.83875
-0.87186
-0.83876
-0.82623
-0.8277
-0.8671
-0.82799
-0.86472
-0.82588
-0.85499
-0.82588
-0.81187
-0.81187
-0.84483
-0.82277
-0.83953
-0.83189
-0.81926
-0.86899
-0.82625
-0.82421
-0.81428
-0.81429
-0.82264
-0.83399
-0.83399
-0.83923
-0.83732
-0.81356
-0.82856
-0.86821
-0.85459
-0.82528
-0.859
-0.79037
-0.83515
-0.84004
-0.88516
-0.83679
-0.93081
-1.0682
-1.3619
-1.5518
-1.7125
0
0
0
0
0
-2.2116
0
0
0
0
0
0
0
0
0
0
0
0
0
0
0
0
0
0
0
0
0
0
0
0
0
0
0
0
0
0
0
0
0
0
0
0
0
0
0
0
0
0
0
0
0
0
0
0
0
0
0
0
0
0
0
0
-0.91136
-0.91052
-0.89647
-0.89514
-0.88755
73.8524
-0.92088
-0.89278
-0.89051
-0.89991
-0.91679
-0.91242
-0.89133
-0.92551
-0.90589
-0.9055
-0.89391
-0.88506
-0.87638
-0.88506
-0.91573
-0.88508
-0.87245
-0.87383
-0.91007
-0.87444
-0.90726
-0.87224
-0.89816
-0.87224
-0.85805
-0.85806
-0.8882
-0.86925
-0.88297
-0.8753
-0.86565
-0.90924
-0.86993
-0.86798
-0.8606
-0.86059
-0.86864
-0.88063
-0.88062
-0.88323
-0.884
-0.85994
-0.87495
-0.91583
-0.90216
-0.87253
-0.90252
-0.83487
-0.8808
-0.88859
-0.92334
-0.88565
-0.98289
-1.1265
-1.4027
0
0
0
0
0
0
0
0
0
0
0
0
0
0
0
0
0
0
0
0
0
0
0
0
0
0
0
0
0
0
0
0
0
0
-6.584
-6.5839
0
0
0
0
0
0
-6.5839
0
0
0
0
0
0
0
0
0
0
0
0
0
0
0
0
0
0
0
0
0
-0.90316
-0.90199
-0.8833
-0.88222
-0.87495
-0.92088
65.1234
-0.88063
-0.8777
-0.88726
-0.90319
-0.89928
-0.87872
-0.9164
-0.89295
-0.8927
-0.88039
-0.87216
-0.86353
-0.87216
-0.90563
-0.87217
-0.85956
-0.85947
-0.89934
-0.86151
-0.89599
-0.85932
-0.88669
-0.85932
-0.84518
-0.84518
-0.8763
-0.85632
-0.87118
-0.86359
-0.85275
-0.89871
-0.858
-0.85606
-0.84772
-0.84771
-0.85646
-0.86766
-0.86766
-0.87126
-0.87103
-0.84701
-0.86201
-0.90251
-0.88884
-0.85927
-0.88995
-0.82262
-0.86777
-0.87477
-0.91209
-0.8718
-0.96749
0
0
0
0
-1.7965
0
0
0
0
0
0
0
0
0
0
0
0
0
0
0
0
0
0
0
0
0
0
0
0
0
0
0
0
0
-6.2327
0
0
0
0
0
0
0
0
0
0
0
0
0
0
0
-6.2327
0
0
0
0
0
0
0
0
0
0
0
0
0
0
0
-0.87109
-0.86888
-0.85301
-0.85278
-0.84436
-0.89278
-0.88063
53.5287
-0.8516
-0.86126
-0.87841
-0.87249
-0.85192
-0.89162
-0.86745
-0.86657
-0.85548
-0.84583
-0.83746
-0.84583
-0.88025
-0.84585
-0.83309
-0.83476
-0.87505
-0.83492
-0.8712
-0.83279
-0.86214
-0.83279
-0.81869
-0.81869
-0.85195
-0.82968
-0.8465
-0.8388
-0.82614
-0.87498
-0.83319
-0.83109
-0.82116
-0.82116
-0.8297
-0.84096
-0.84096
-0.84612
-0.8443
-0.82045
-0.83546
-0.87531
-0.86168
-0.83226
-0.86633
-0.79742
-0.84218
-0.84717
-0.89142
-0.84391
-0.93843
-1.0768
-1.3675
0
-1.7261
0
0
0
0
0
0
0
0
0
0
0
0
0
0
0
0
0
0
0
0
0
0
0
0
0
0
0
0
0
0
0
0
0
0
0
0
0
0
0
0
0
0
0
0
0
0
0
0
0
0
0
0
0
0
0
0
0
0
0
0
0
0
-0.86994
-0.86909
-0.85424
-0.85442
-0.84639
-0.89051
-0.8777
-0.8516
57.2025
-0.85811
-0.87719
-0.87336
-0.85038
-0.88927
-0.86556
-0.86395
-0.85309
-0.84414
-0.83611
-0.84414
-0.87613
-0.84416
-0.83153
-0.83286
-0.87102
-0.83349
-0.86853
-0.83134
-0.85971
-0.83133
-0.81728
-0.81728
-0.84946
-0.82819
-0.84238
-0.83668
-0.82466
-0.87283
-0.83077
-0.82934
-0.81968
-0.81967
-0.82707
-0.83945
-0.83945
-0.84462
-0.84279
-0.81899
-0.83332
-0.87389
-0.86028
-0.83093
-0.8654
-0.7958
-0.84268
-0.84595
-0.88126
-0.84277
-0.93739
0
0
0
0
0
0
0
-1.8848
0
0
0
0
0
0
0
0
0
0
0
0
0
-2.6193
0
0
0
0
0
0
0
0
-3.4388
0
0
0
0
0
0
0
0
0
0
0
0
0
0
0
0
0
0
0
0
0
0
0
0
0
0
0
0
0
0
0
0
0
0
0
-0.88073
-0.87835
-0.86308
-0.8611
-0.85394
-0.89991
-0.88726
-0.86126
-0.85811
54.8582
-0.88552
-0.87961
-0.85971
-0.89843
-0.87454
-0.87411
-0.86303
-0.85368
-0.84565
-0.85369
-0.88849
-0.8537
-0.84099
-0.84261
-0.8841
-0.84286
-0.87835
-0.84074
-0.86998
-0.84075
-0.82664
-0.82664
-0.85993
-0.83774
-0.85501
-0.8468
-0.83419
-0.88388
-0.83804
-0.83917
-0.82919
-0.82919
-0.83737
-0.84913
-0.84913
-0.85437
-0.85247
-0.82858
-0.84036
-0.88366
-0.87004
-0.84059
-0.87527
-0.80547
-0.84721
-0.85584
-0.8999
-0.85265
-0.9474
-1.0861
0
0
0
0
-1.8426
-2.1194
0
0
0
0
0
0
0
0
0
0
0
0
0
0
0
0
0
0
0
0
0
0
0
0
0
0
0
0
0
0
0
0
0
0
0
0
0
0
0
0
0
0
0
0
0
0
0
0
0
0
0
0
0
0
0
0
0
0
0
-0.89666
-0.89491
-0.88221
-0.88206
-0.87297
-0.91679
-0.90319
-0.87841
-0.87719
-0.88552
60.9711
-0.896
-0.87654
-0.91561
-0.89138
-0.89085
-0.88005
-0.87036
-0.86184
-0.87036
-0.90358
-0.87037
-0.85772
-0.85963
-0.89782
-0.85983
-0.89556
-0.85767
-0.88601
-0.85767
-0.84351
-0.8435
-0.87566
-0.85463
-0.87046
-0.86281
-0.85103
-0.89911
-0.85726
-0.85514
-0.84601
-0.84601
-0.85463
-0.86599
-0.86599
-0.87034
-0.86936
-0.84529
-0.86047
-0.90077
-0.88708
-0.85748
-0.89145
-0.82144
-0.86629
-0.87281
-0.90129
-0.86963
-0.9653
-1.1061
0
0
0
0
0
0
0
0
0
0
0
0
0
0
0
0
0
-2.8959
0
0
0
0
0
0
0
0
0
0
0
0
0
-6.2095
0
0
0
0
0
0
0
0
0
0
0
0
0
0
0
0
0
0
0
0
0
0
0
0
0
0
0
0
0
0
0
0
0
-0.89172
-0.88984
-0.87594
-0.87446
-0.86784
-0.91242
-0.89928
-0.87249
-0.87336
-0.87961
-0.896
57.6934
-0.87082
-0.9111
-0.88585
-0.88522
-0.87397
-0.86469
-0.85627
-0.86469
-0.89776
-0.86471
-0.85201
-0.85362
-0.89238
-0.8539
-0.88973
-0.85174
-0.88028
-0.85174
-0.83758
-0.83758
-0.87026
-0.84866
-0.86481
-0.85709
-0.8451
-0.89345
-0.85142
-0.84935
-0.84008
-0.84008
-0.8487
-0.86
-0.86001
-0.86447
-0.86337
-0.83937
-0.85447
-0.89468
-0.88099
-0.85143
-0.8847
-0.8157
-0.86033
-0.86662
-0.9075
-0.86343
-0.95877
-1.099
0
0
0
0
0
0
0
0
0
0
0
0
0
0
0
0
0
0
0
0
0
0
0
0
0
0
0
0
0
0
0
0
0
0
0
0
0
0
0
0
0
0
0
0
0
0
0
0
0
0
0
0
0
0
0
0
0
0
0
0
-6.1509
0
0
0
0
-0.87143
-0.86925
-0.85357
-0.85318
-0.84474
-0.89133
-0.87872
-0.85192
-0.85038
-0.85971
-0.87654
-0.87082
50.3474
-0.8897
-0.86472
-0.86368
-0.85206
-0.8441
-0.83553
-0.8441
-0.87809
-0.84411
-0.83091
-0.83286
-0.8737
-0.83294
-0.87128
-0.8309
-0.86004
-0.8309
-0.81678
-0.81677
-0.84914
-0.82788
-0.84493
-0.83724
-0.82435
-0.87722
-0.83166
-0.82943
-0.81941
-0.8194
-0.82814
-0.83924
-0.83924
-0.84438
-0.84258
-0.81869
-0.83375
-0.87376
-0.86012
-0.83068
-0.86546
-0.79578
-0.84061
-0.84557
-0.8896
-0.84224
-0.9367
-1.0754
0
0
0
0
0
0
0
0
0
0
0
0
0
0
0
0
0
0
0
0
0
0
0
0
0
0
0
0
0
0
0
0
0
0
0
0
0
0
0
0
0
0
0
0
0
0
0
0
0
0
0
0
0
0
0
0
0
0
0
0
0
0
0
0
0
-0.91016
-0.90871
-0.89519
-0.8942
-0.88637
-0.92551
-0.9164
-0.89162
-0.88927
-0.89843
-0.91561
-0.9111
-0.8897
62.6788
-0.90409
-0.90352
-0.89198
-0.88305
-0.87425
-0.88306
-0.91472
-0.88306
-0.87012
-0.87165
-0.90924
-0.87209
-0.90638
-0.8699
-0.89705
-0.8699
-0.85568
-0.85568
-0.88708
-0.86689
-0.88184
-0.87407
-0.86328
-0.90917
-0.86861
-0.86653
-0.85823
-0.85822
-0.86655
-0.8783
-0.87829
-0.88172
-0.88168
-0.85754
-0.8727
-0.91337
-0.89967
-0.86996
-0.90136
-0.83301
-0.87873
-0.88569
-0.92346
-0.8826
0
0
0
0
0
0
0
0
0
0
0
0
0
0
0
0
0
0
0
0
0
0
0
0
0
0
0
0
0
0
0
0
0
0
-6.0962
0
0
0
0
0
0
0
0
0
0
0
0
0
0
0
0
0
0
0
0
0
0
0
0
-6.0963
0
0
0
0
0
0
0
-0.88651
-0.8842
-0.86865
-0.86813
-0.85982
-0.90589
-0.89295
-0.86745
-0.86556
-0.87454
-0.89138
-0.88585
-0.86472
-0.90409
51.9775
-0.88102
-0.86893
-0.85858
-0.85068
-0.85858
-0.89282
-0.8586
-0.84574
-0.84785
-0.88735
-0.84789
-0.88465
-0.84589
-0.87741
-0.84589
-0.83174
-0.83174
-0.86647
-0.84305
-0.86068
-0.85247
-0.83949
-0.89369
-0.84699
-0.84466
-0.83453
-0.83453
-0.84302
-0.85452
-0.85452
-0.85975
-0.85788
-0.83385
-0.84914
-0.88934
-0.87564
-0.84603
-0.88087
-0.81088
-0.8558
-0.86115
-0.90466
-0.85783
-0.95293
0
0
0
0
0
0
0
0
0
0
0
-1.838
0
0
0
0
0
0
0
0
0
0
0
0
0
0
0
0
0
0
0
0
0
0
0
0
0
0
0
0
0
0
0
0
0
0
0
0
0
0
0
0
0
0
0
0
0
0
0
0
0
0
0
0
0
0
-0.8855
-0.88325
-0.86746
-0.86728
-0.85881
-0.9055
-0.8927
-0.86657
-0.86395
-0.87411
-0.89085
-0.88522
-0.86368
-0.90352
-0.88102
51.8733
-0.86828
-0.85762
-0.84936
-0.85763
-0.89216
-0.85763
-0.84482
-0.84726
-0.88752
-0.84699
-0.88462
-0.84498
-0.87659
-0.84497
-0.83084
-0.83084
-0.8655
-0.84211
-0.85941
-0.85161
-0.83855
-0.89328
-0.84587
-0.84371
-0.83359
-0.83358
-0.84002
-0.85355
-0.85356
-0.85876
-0.85692
-0.83295
-0.84795
-0.88843
-0.87473
-0.84516
-0.88066
-0.81008
-0.85521
-0.8602
-0.9041
-0.85687
-0.95184
0
0
0
0
0
0
0
0
-1.7836
0
0
0
0
0
0
0
0
0
0
0
0
0
0
0
0
0
0
0
0
0
0
0
0
0
0
0
0
0
0
0
0
0
0
0
0
0
0
0
0
0
0
0
0
0
0
0
0
0
0
0
0
0
0
0
0
0
-0.87412
-0.872
-0.8566
-0.85629
-0.84793
-0.89391
-0.88039
-0.85548
-0.85309
-0.86303
-0.88005
-0.87397
-0.85206
-0.89198
-0.86893
-0.86828
50.9362
-0.84679
-0.83775
-0.8468
-0.88087
-0.84681
-0.83342
-0.83472
-0.8763
-0.83557
-0.87373
-0.83357
-0.86374
-0.83357
-0.81948
-0.81947
-0.85235
-0.83074
-0.84761
-0.83987
-0.82721
-0.88145
-0.8342
-0.83225
-0.82228
-0.82228
-0.83118
-0.84212
-0.84212
-0.84732
-0.84546
-0.82156
-0.83638
-0.87678
-0.86314
-0.83364
-0.86392
-0.79863
-0.8434
-0.8487
-0.89373
-0.84538
0
0
0
0
0
0
0
0
0
0
0
0
0
-2.4417
0
0
0
0
0
0
0
0
0
0
0
0
0
0
0
0
0
0
0
0
0
0
0
0
0
0
0
0
0
0
0
0
0
0
0
0
0
0
0
0
0
0
0
0
0
0
0
0
0
0
0
0
0
-0.86529
-0.86311
-0.84756
-0.84713
-0.83875
-0.88506
-0.87216
-0.84583
-0.84414
-0.85368
-0.87036
-0.86469
-0.8441
-0.88305
-0.85858
-0.85762
-0.84679
48.9028
-0.82731
-0.83574
-0.87154
-0.83572
-0.82353
-0.82593
-0.86725
-0.82607
-0.86442
-0.82421
-0.85446
-0.8242
-0.81014
-0.81013
-0.84563
-0.82134
-0.83832
-0.83066
-0.81784
-0.87099
-0.82516
-0.82286
-0.81292
-0.81291
-0.82157
-0.83268
-0.83268
-0.83777
-0.83601
-0.81223
-0.82727
-0.86717
-0.85355
-0.82415
-0.85884
-0.78949
-0.83418
-0.83916
-0.88287
-0.83582
-0.9301
0
0
0
0
0
0
0
0
0
0
0
0
0
0
0
0
0
0
0
0
0
0
0
0
0
0
0
0
0
0
0
0
0
0
0
0
0
0
0
0
0
0
0
0
0
0
0
0
0
0
0
0
0
0
0
0
0
0
0
0
0
0
0
0
0
0
-0.85691
-0.85466
-0.83918
-0.839
-0.83044
-0.87638
-0.86353
-0.83746
-0.83611
-0.84565
-0.86184
-0.85627
-0.83553
-0.87425
-0.85068
-0.84936
-0.83775
-0.82731
47.7902
-0.82731
-0.86275
-0.82732
-0.81536
-0.81733
-0.85857
-0.81785
-0.85606
-0.81592
-0.84551
-0.81591
-0.80171
-0.80171
-0.83544
-0.81278
-0.82945
-0.82189
-0.80931
-0.86142
-0.81648
-0.81409
-0.8044
-0.8044
-0.81276
-0.82406
-0.82406
-0.82896
-0.82739
-0.80371
-0.81877
-0.85842
-0.84483
-0.81553
-0.84954
-0.7809
-0.82577
-0.83051
-0.87314
-0.82718
0
0
0
0
0
0
0
0
0
0
0
0
0
0
0
0
0
0
0
0
0
0
0
0
-0.2994
0
0
0
0
0
0
0
0
0
0
0
0
0
0
0
0
0
0
0
0
0
0
0
0
0
0
0
0
0
0
0
0
0
0
0
0
0
0
0
0
0
0
-0.86528
-0.86312
-0.84756
-0.84713
-0.83875
-0.88506
-0.87216
-0.84583
-0.84414
-0.85369
-0.87036
-0.86469
-0.8441
-0.88306
-0.85858
-0.85763
-0.8468
-0.83574
-0.82731
48.9031
-0.87154
-0.83573
-0.82353
-0.82594
-0.86725
-0.82607
-0.86443
-0.82421
-0.85446
-0.82422
-0.81014
-0.81015
-0.84564
-0.82135
-0.83834
-0.83067
-0.81784
-0.871
-0.82517
-0.82287
-0.81294
-0.81292
-0.82158
-0.83268
-0.83269
-0.83777
-0.83602
-0.81224
-0.82728
-0.86719
-0.85357
-0.82417
-0.85885
-0.7895
-0.83418
-0.83916
-0.88287
-0.83582
-0.93011
0
0
0
0
0
0
0
0
0
0
0
0
0
0
0
0
0
0
0
0
0
0
0
0
0
0
0
0
0
0
0
0
0
0
0
0
0
0
0
0
0
0
0
0
0
0
0
0
0
0
0
0
0
0
0
0
0
0
0
0
0
0
0
0
0
0
-0.89865
-0.89687
-0.8818
-0.88088
-0.87186
-0.91573
-0.90563
-0.88025
-0.87613
-0.88849
-0.90358
-0.89776
-0.87809
-0.91472
-0.89282
-0.89216
-0.88087
-0.87154
-0.86275
-0.87154
55.4536
-0.87155
-0.85838
-0.8602
-0.90078
-0.86037
-0.89716
-0.85824
-0.8871
-0.85824
-0.84403
-0.84402
-0.87711
-0.85522
-0.87153
-0.86366
-0.85163
-0.90047
-0.85817
-0.85593
-0.84662
-0.84662
-0.85525
-0.86664
-0.86664
-0.87105
-0.87002
-0.84592
-0.86118
-0.90152
-0.88781
-0.85814
-0.89146
-0.82218
-0.86749
-0.87356
-0.91475
-0.87032
0
0
0
0
0
0
0
0
0
0
0
0
0
0
0
0
0
0
0
0
0
0
0
0
0
0
0
0
0
0
0
0
0
0
0
0
0
0
0
0
0
0
0
0
0
0
-5.6005
0
0
0
0
0
0
0
0
0
0
0
0
0
0
0
0
0
0
0
0
-0.8653
-0.86313
-0.84757
-0.84715
-0.83876
-0.88508
-0.87217
-0.84585
-0.84416
-0.8537
-0.87037
-0.86471
-0.84411
-0.88306
-0.8586
-0.85763
-0.84681
-0.83572
-0.82732
-0.83573
-0.87155
48.9035
-0.82354
-0.82594
-0.86726
-0.82607
-0.86443
-0.82423
-0.85447
-0.82423
-0.81014
-0.81014
-0.84565
-0.82135
-0.83834
-0.83068
-0.81785
-0.87101
-0.82518
-0.82288
-0.81293
-0.81293
-0.82159
-0.83269
-0.83269
-0.83777
-0.83604
-0.81224
-0.82729
-0.86719
-0.85356
-0.82417
-0.85885
-0.7895
-0.83419
-0.83917
-0.8829
-0.83584
-0.93013
0
0
0
0
0
0
0
0
0
0
0
0
0
0
0
0
0
0
0
0
0
0
0
0
0
0
0
0
0
0
0
0
0
0
0
0
0
0
0
0
0
0
0
0
0
0
0
0
0
0
0
0
0
0
0
0
0
0
0
0
0
0
0
0
0
0
-0.85276
-0.85061
-0.83506
-0.83463
-0.82623
-0.87245
-0.85956
-0.83309
-0.83153
-0.84099
-0.85772
-0.85201
-0.83091
-0.87012
-0.84574
-0.84482
-0.83342
-0.82353
-0.81536
-0.82353
-0.85838
-0.82354
47.2533
-0.81367
-0.85427
-0.8142
-0.85132
-0.81207
-0.84054
-0.81206
-0.79765
-0.79766
-0.83062
-0.80862
-0.82512
-0.81788
-0.80514
-0.8556
-0.81232
-0.80997
-0.80023
-0.80023
-0.80869
-0.81986
-0.81985
-0.82479
-0.82317
-0.79953
-0.81446
-0.85408
-0.84053
-0.81125
-0.8455
-0.7767
-0.82114
-0.82613
-0.86956
-0.82285
0
0
0
0
0
0
0
0
0
0
0
0
0
0
0
0
0
0
0
0
0
0
0
0
0
0
0
0
0
0
0
0
0
0
0
0
0
0
0
0
0
0
0
0
0
0
0
0
0
0
0
0
0
0
0
0
0
0
0
0
0
0
0
0
0
0
0
-0.854
-0.8519
-0.83634
-0.83606
-0.8277
-0.87383
-0.85947
-0.83476
-0.83286
-0.84261
-0.85963
-0.85362
-0.83286
-0.87165
-0.84785
-0.84726
-0.83472
-0.82593
-0.81733
-0.82594
-0.8602
-0.82594
-0.81367
47.3841
-0.85605
-0.81542
-0.85245
-0.81345
-0.84157
-0.81345
-0.79889
-0.79888
-0.83141
-0.81
-0.82626
-0.81922
-0.80648
-0.85692
-0.8136
-0.81128
-0.80157
-0.80157
-0.81056
-0.82121
-0.82122
-0.82612
-0.82454
-0.80083
-0.8157
-0.85554
-0.84208
-0.81276
-0.84592
-0.77802
-0.82221
-0.82751
0
0
0
0
0
0
0
-1.7452
0
0
0
0
0
0
0
0
0
0
0
0
0
0
0
0
0
0
0
0
0
0
0
0
0
0
0
0
0
0
0
0
0
0
0
0
0
0
0
0
0
0
0
0
0
0
0
0
0
0
0
0
0
0
0
0
0
0
0
0
0
-0.89283
-0.89104
-0.87663
-0.87601
-0.8671
-0.91007
-0.89934
-0.87505
-0.87102
-0.8841
-0.89782
-0.89238
-0.8737
-0.90924
-0.88735
-0.88752
-0.8763
-0.86725
-0.85857
-0.86725
-0.90078
-0.86726
-0.85427
-0.85605
54.6802
-0.85595
-0.89206
-0.85357
-0.8824
-0.85357
-0.83907
-0.83907
-0.87198
-0.8504
-0.8663
-0.85873
-0.84678
-0.89576
-0.85308
-0.85099
-0.84176
-0.84176
-0.85011
-0.8618
-0.8618
-0.86607
-0.86516
-0.84109
-0.85609
-0.89678
-0.88316
-0.85352
-0.88543
-0.81733
-0.86255
0
0
0
0
0
0
0
0
0
0
0
0
0
0
0
0
0
0
0
0
0
0
0
0
0
0
-2.6526
0
0
0
0
0
0
0
0
0
0
0
0
0
0
0
0
0
0
0
0
0
0
0
0
0
0
0
0
0
0
0
0
0
0
-5.0945
0
0
0
0
0
0
0
0
-0.85468
-0.85249
-0.83684
-0.83646
-0.82799
-0.87444
-0.86151
-0.83492
-0.83349
-0.84286
-0.85983
-0.8539
-0.83294
-0.87209
-0.84789
-0.84699
-0.83557
-0.82607
-0.81785
-0.82607
-0.86037
-0.82607
-0.8142
-0.81542
-0.85595
46.4871
-0.85291
-0.81387
-0.84209
-0.81387
-0.79912
-0.79911
-0.832
-0.81032
-0.82743
-0.82019
-0.80684
-0.85707
-0.81444
-0.81179
-0.80194
-0.80193
-0.81042
-0.82162
-0.82162
-0.82652
-0.82494
-0.80123
-0.81621
-0.85598
-0.84252
-0.81319
-0.84729
-0.77854
-0.82284
-0.82784
0
-0.82455
0
0
0
0
0
0
0
0
0
0
0
0
0
0
0
0
0
0
0
0
0
0
0
0
0
0
0
0
0
0
0
0
0
0
0
0
0
0
0
0
0
0
0
0
0
0
0
0
0
0
0
0
0
0
0
0
0
0
0
0
0
0
0
0
0
0
0
-0.8904
-0.88862
-0.8742
-0.87189
-0.86472
-0.90726
-0.89599
-0.8712
-0.86853
-0.87835
-0.89556
-0.88973
-0.87128
-0.90638
-0.88465
-0.88462
-0.87373
-0.86442
-0.85606
-0.86443
-0.89716
-0.86443
-0.85132
-0.85245
-0.89206
-0.85291
53.7026
-0.85051
-0.87954
-0.85051
-0.83599
-0.83599
-0.86934
-0.84736
-0.8634
-0.85572
-0.84376
-0.89255
-0.8503
-0.84795
-0.83874
-0.83873
-0.84703
-0.85875
-0.85875
-0.863
-0.8621
-0.83805
-0.85333
-0.89366
-0.88007
-0.85045
-0.88343
-0.8144
-0.8566
0
0
0
0
0
0
0
0
0
-1.837
0
0
0
0
0
0
0
0
0
0
0
0
0
0
0
0
0
0
0
0
0
0
0
0
0
0
0
0
0
0
0
0
0
0
0
0
0
0
0
0
0
-5.0932
0
0
0
0
0
0
0
0
0
0
0
0
0
0
0
0
0
0
-0.8525
-0.85033
-0.83472
-0.8343
-0.82588
-0.87224
-0.85932
-0.83279
-0.83134
-0.84074
-0.85767
-0.85174
-0.8309
-0.8699
-0.84589
-0.84498
-0.83357
-0.82421
-0.81592
-0.82421
-0.85824
-0.82423
-0.81207
-0.81345
-0.85357
-0.81387
-0.85051
45.543
-0.83982
-0.81031
-0.79618
-0.79619
-0.82961
-0.80799
-0.8273
-0.81822
-0.80453
-0.85419
-0.81208
-0.80937
-0.79967
-0.79966
-0.80801
-0.81932
-0.81932
-0.82408
-0.82264
-0.79896
-0.81389
-0.85374
-0.84034
-0.81101
-0.84493
-0.77636
-0.82061
-0.82559
0
0
0
0
0
0
0
0
0
0
0
0
0
0
0
0
0
0
0
0
0
0
0
0
0
0
0
0
0
0
0
0
0
0
0
0
0
0
0
0
0
0
0
0
0
0
0
0
0
0
0
0
0
0
0
0
0
0
0
0
0
0
0
0
0
0
0
0
0
-0.88074
-0.87882
-0.86412
-0.8633
-0.85499
-0.89816
-0.88669
-0.86214
-0.85971
-0.86998
-0.88601
-0.88028
-0.86004
-0.89705
-0.87741
-0.87659
-0.86374
-0.85446
-0.84551
-0.85446
-0.8871
-0.85447
-0.84054
-0.84157
-0.8824
-0.84209
-0.87954
-0.83982
51.1423
-0.83982
-0.82532
-0.82532
-0.85787
-0.83656
-0.85238
-0.84487
-0.83301
-0.88564
-0.83931
-0.83714
-0.82805
-0.82804
-0.83638
-0.84789
-0.84789
-0.85206
-0.85125
-0.82734
-0.8424
-0.88277
-0.8692
-0.83965
-0.87238
-0.80391
-0.84879
0
0
0
0
0
0
0
0
0
0
0
0
0
0
0
0
0
0
0
0
0
0
0
0
0
0
0
0
0
0
0
0
0
0
0
0
0
0
0
0
0
0
0
0
0
0
0
0
0
0
0
0
0
0
0
0
0
0
0
0
0
0
0
-4.9053
0
0
0
0
0
0
-0.85251
-0.85033
-0.83471
-0.8343
-0.82588
-0.87224
-0.85932
-0.83279
-0.83133
-0.84075
-0.85767
-0.85174
-0.8309
-0.8699
-0.84589
-0.84497
-0.83357
-0.8242
-0.81591
-0.82422
-0.85824
-0.82423
-0.81206
-0.81345
-0.85357
-0.81387
-0.85051
-0.81031
-0.83982
45.543
-0.79618
-0.79618
-0.82962
-0.80798
-0.82728
-0.81822
-0.80454
-0.85419
-0.81208
-0.80936
-0.79967
-0.79967
-0.80802
-0.81932
-0.81933
-0.82408
-0.82264
-0.79895
-0.81388
-0.85375
-0.84034
-0.81101
-0.84494
-0.77637
-0.82061
-0.8256
0
0
0
0
0
0
0
0
0
0
0
0
0
0
0
0
0
0
0
0
0
0
0
0
0
0
0
0
0
0
0
0
0
0
0
0
0
0
0
0
0
0
0
0
0
0
0
0
0
0
0
0
0
0
0
0
0
0
0
0
0
0
0
0
0
0
0
0
0
-0.8384
-0.83624
-0.82067
-0.82028
-0.81187
-0.85805
-0.84518
-0.81869
-0.81728
-0.82664
-0.84351
-0.83758
-0.81678
-0.85568
-0.83174
-0.83084
-0.81948
-0.81014
-0.80171
-0.81014
-0.84403
-0.81014
-0.79765
-0.79889
-0.83907
-0.79912
-0.83599
-0.79618
-0.82532
-0.79618
43.95
-0.77912
-0.81558
-0.79369
-0.81263
-0.8031
-0.79024
-0.84007
-0.79692
-0.79351
-0.78534
-0.78534
-0.79288
-0.8047
-0.8047
-0.80894
-0.808
-0.78444
-0.79907
-0.83887
-0.82552
-0.79638
-0.82972
-0.76194
-0.80587
0
0
0
0
0
0
0
0
0
0
0
0
0
0
0
0
0
0
0
0
0
0
0
0
0
0
0
0
0
0
0
0
0
0
0
0
0
0
0
0
0
0
0
0
0
0
0
0
0
0
0
0
0
0
0
0
0
0
0
0
0
0
0
0
0
0
0
0
0
0
-0.83841
-0.83624
-0.82067
-0.82028
-0.81187
-0.85806
-0.84518
-0.81869
-0.81728
-0.82664
-0.8435
-0.83758
-0.81677
-0.85568
-0.83174
-0.83084
-0.81947
-0.81013
-0.80171
-0.81015
-0.84402
-0.81014
-0.79766
-0.79888
-0.83907
-0.79911
-0.83599
-0.79619
-0.82532
-0.79618
-0.77912
43.95
-0.81557
-0.7937
-0.81263
-0.8031
-0.79024
-0.84008
-0.79692
-0.79351
-0.78533
-0.78533
-0.79288
-0.8047
-0.8047
-0.80894
-0.80799
-0.78444
-0.79908
-0.83887
-0.82553
-0.79638
-0.82972
-0.76194
-0.80586
0
0
0
0
0
0
0
0
0
0
0
0
0
0
0
0
0
0
0
0
0
0
0
0
0
0
0
0
0
0
0
0
0
0
0
0
0
0
0
0
0
0
0
0
0
0
0
0
0
0
0
0
0
0
0
0
0
0
0
0
0
0
0
0
0
0
0
0
0
0
-0.86806
-0.86847
-0.85375
-0.85329
-0.84483
-0.8882
-0.8763
-0.85195
-0.84946
-0.85993
-0.87566
-0.87026
-0.84914
-0.88708
-0.86647
-0.8655
-0.85235
-0.84563
-0.83544
-0.84564
-0.87711
-0.84565
-0.83062
-0.83141
-0.87198
-0.832
-0.86934
-0.82961
-0.85787
-0.82962
-0.81558
-0.81557
50.0151
-0.82596
-0.84105
-0.83396
-0.82233
-0.87198
-0.82812
-0.82607
-0.81731
-0.81731
-0.82476
-0.83711
-0.83711
-0.84092
-0.84045
-0.81657
-0.83142
-0.87193
-0.85858
-0.82921
0
0
0
0
0
0
0
0
0
0
0
0
0
0
0
0
0
0
0
0
0
0
0
0
0
0
0
-2.0847
0
0
0
0
0
0
0
0
0
0
0
0
0
0
0
0
0
0
-4.7444
0
0
0
0
0
0
0
0
0
0
0
0
0
0
0
0
0
0
0
0
0
0
0
0
0
0
-0.84947
-0.84731
-0.83166
-0.83143
-0.82277
-0.86925
-0.85632
-0.82968
-0.82819
-0.83774
-0.85463
-0.84866
-0.82788
-0.86689
-0.84305
-0.84211
-0.83074
-0.82134
-0.81278
-0.82135
-0.85522
-0.82135
-0.80862
-0.81
-0.8504
-0.81032
-0.84736
-0.80799
-0.83656
-0.80798
-0.79369
-0.7937
-0.82596
42.1171
-0.82123
-0.8126
-0.80117
-0.84968
-0.80821
-0.80736
-0.79648
-0.79648
-0.80479
-0.81645
-0.81646
-0.82054
-0.81978
-0.79582
-0.81085
-0.85087
-0.83758
-0.80831
0
0
0
0
0
0
0
0
0
0
0
0
0
0
0
0
0
0
0
0
0
0
0
0
0
0
0
0
0
0
0
0
0
0
0
0
0
0
0
0
0
0
0
0
0
0
0
0
0
0
0
0
0
0
0
0
0
0
0
0
0
0
0
0
0
0
0
0
0
0
0
0
0
-0.86312
-0.86307
-0.84848
-0.84806
-0.83953
-0.88297
-0.87118
-0.8465
-0.84238
-0.85501
-0.87046
-0.86481
-0.84493
-0.88184
-0.86068
-0.85941
-0.84761
-0.83832
-0.82945
-0.83834
-0.87153
-0.83834
-0.82512
-0.82626
-0.8663
-0.82743
-0.8634
-0.8273
-0.85238
-0.82728
-0.81263
-0.81263
-0.84105
-0.82123
46.3679
-0.8325
-0.8175
-0.86303
-0.82381
-0.82015
-0.81136
-0.81136
-0.81868
-0.83127
-0.83127
-0.83438
-0.8346
-0.8104
-0.82652
0
0
0
0
0
0
0
0
0
0
0
0
0
0
0
0
0
-1.8598
0
0
0
0
0
0
0
0
0
0
0
0
0
0
0
0
0
0
0
0
0
0
0
0
0
0
0
0
0
0
0
0
0
0
0
0
0
0
0
0
0
-4.1323
0
0
0
0
0
0
0
0
0
0
0
0
0
0
0
0
-0.85749
-0.85553
-0.84087
-0.8403
-0.83189
-0.8753
-0.86359
-0.8388
-0.83668
-0.8468
-0.86281
-0.85709
-0.83724
-0.87407
-0.85247
-0.85161
-0.83987
-0.83066
-0.82189
-0.83067
-0.86366
-0.83068
-0.81788
-0.81922
-0.85873
-0.82019
-0.85572
-0.81822
-0.84487
-0.81822
-0.8031
-0.8031
-0.83396
-0.8126
-0.8325
45.1715
-0.80891
-0.85626
-0.81175
-0.81108
-0.80359
-0.80358
-0.8105
-0.82316
-0.82316
-0.82588
-0.82648
-0.80253
-0.81715
-0.858
0
0
0
0
0
0
0
0
0
0
0
0
0
0
0
0
0
0
0
0
0
0
0
0
0
0
0
0
0
0
0
0
0
0
0
0
0
0
0
0
0
0
0
0
0
0
0
0
0
0
0
0
0
0
0
0
0
0
0
0
0
0
0
-4.3112
0
0
0
0
0
0
0
0
0
0
0
-0.84591
-0.84375
-0.82811
-0.82789
-0.81926
-0.86565
-0.85275
-0.82614
-0.82466
-0.83419
-0.85103
-0.8451
-0.82435
-0.86328
-0.83949
-0.83855
-0.82721
-0.81784
-0.80931
-0.81784
-0.85163
-0.81785
-0.80514
-0.80648
-0.84678
-0.80684
-0.84376
-0.80453
-0.83301
-0.80454
-0.79024
-0.79024
-0.82233
-0.80117
-0.8175
-0.80891
41.1285
-0.84595
-0.80383
-0.80189
-0.79278
-0.79277
-0.801
-0.81264
-0.81263
-0.81598
-0.81595
-0.79195
-0.80693
-0.84704
-0.83389
0
0
0
0
0
0
0
0
0
0
0
0
0
0
0
0
0
0
0
0
0
0
0
0
0
0
0
0
0
0
0
0
0
0
0
0
0
0
0
0
0
0
0
0
0
0
0
0
0
0
0
0
0
0
0
0
0
0
0
0
0
0
0
0
0
0
0
0
0
0
0
0
0
0
-0.89388
-0.89212
-0.87852
-0.87751
-0.86899
-0.90924
-0.89871
-0.87498
-0.87283
-0.88388
-0.89911
-0.89345
-0.87722
-0.90917
-0.89369
-0.89328
-0.88145
-0.87099
-0.86142
-0.871
-0.90047
-0.87101
-0.8556
-0.85692
-0.89576
-0.85707
-0.89255
-0.85419
-0.88564
-0.85419
-0.84007
-0.84008
-0.87198
-0.84968
-0.86303
-0.85626
-0.84595
52.1826
-0.85001
-0.84784
-0.83989
-0.83987
-0.84766
-0.8599
-0.85991
-0.86263
-0.86328
-0.83903
-0.85435
0
0
0
0
0
0
0
0
0
0
0
0
0
0
0
0
0
0
0
0
0
0
0
0
0
0
0
0
0
0
0
0
0
0
0
0
0
0
0
0
0
0
0
0
0
0
0
0
0
0
0
0
0
0
0
0
0
0
0
0
0
0
0
0
0
0
0
0
0
0
0
0
-5.2132
0
0
-5.2132
-0.85241
-0.84984
-0.83511
-0.83466
-0.82625
-0.86993
-0.858
-0.83319
-0.83077
-0.83804
-0.85726
-0.85142
-0.83166
-0.86861
-0.84699
-0.84587
-0.8342
-0.82516
-0.81648
-0.82517
-0.85817
-0.82518
-0.81232
-0.8136
-0.85308
-0.81444
-0.8503
-0.81208
-0.83931
-0.81208
-0.79692
-0.79692
-0.82812
-0.80821
-0.82381
-0.81175
-0.80383
-0.85001
44.4488
-0.80631
-0.79774
-0.79773
-0.80373
-0.81738
-0.81738
-0.81892
-0.82055
-0.797
0
0
0
0
0
0
0
0
0
0
0
0
0
0
0
0
0
-2.0586
0
0
0
0
0
0
0
0
0
0
0
0
0
0
0
0
0
0
0
0
0
0
0
0
0
0
0
0
0
0
0
0
0
0
0
0
0
0
0
-3.4723
0
0
0
0
0
0
0
0
0
0
0
0
0
0
0
0
0
0
0
-0.84999
-0.8479
-0.83313
-0.83264
-0.82421
-0.86798
-0.85606
-0.83109
-0.82934
-0.83917
-0.85514
-0.84935
-0.82943
-0.86653
-0.84466
-0.84371
-0.83225
-0.82286
-0.81409
-0.82287
-0.85593
-0.82288
-0.80997
-0.81128
-0.85099
-0.81179
-0.84795
-0.80937
-0.83714
-0.80936
-0.79351
-0.79351
-0.82607
-0.80736
-0.82015
-0.81108
-0.80189
-0.84784
-0.80631
43.1249
-0.79614
-0.79613
-0.80291
-0.81599
-0.81599
-0.81863
-0.81931
-0.79496
-0.8103
0
0
0
0
0
0
0
0
0
0
0
0
0
0
0
0
0
0
0
0
0
0
0
0
0
0
0
0
0
0
0
0
0
0
0
0
0
0
0
0
0
0
0
0
0
0
0
0
0
0
-3.4877
0
0
0
0
0
0
0
0
0
0
0
0
0
0
0
0
0
0
0
0
0
0
0
0
0
-0.8409
-0.83873
-0.82314
-0.82291
-0.81428
-0.8606
-0.84772
-0.82116
-0.81968
-0.82919
-0.84601
-0.84008
-0.81941
-0.85823
-0.83453
-0.83359
-0.82228
-0.81292
-0.8044
-0.81294
-0.84662
-0.81293
-0.80023
-0.80157
-0.84176
-0.80194
-0.83874
-0.79967
-0.82805
-0.79967
-0.78534
-0.78533
-0.81731
-0.79648
-0.81136
-0.80359
-0.79278
-0.83989
-0.79774
-0.79614
39.1888
-0.77539
-0.79757
-0.80628
-0.80629
-0.80737
-0.80962
-0.7854
-0.80107
0
0
0
0
0
0
0
0
0
0
0
0
0
0
0
0
0
0
0
0
0
0
0
0
0
0
0
0
0
0
0
0
0
0
0
0
0
0
0
0
0
0
0
0
0
0
0
0
0
0
0
0
0
0
0
0
0
0
0
0
0
0
0
0
0
0
0
0
0
0
0
0
0
0
0
0
-0.8409
-0.83873
-0.82314
-0.82291
-0.81429
-0.86059
-0.84771
-0.82116
-0.81967
-0.82919
-0.84601
-0.84008
-0.8194
-0.85822
-0.83453
-0.83358
-0.82228
-0.81291
-0.8044
-0.81292
-0.84662
-0.81293
-0.80023
-0.80157
-0.84176
-0.80193
-0.83873
-0.79966
-0.82804
-0.79967
-0.78534
-0.78533
-0.81731
-0.79648
-0.81136
-0.80358
-0.79277
-0.83987
-0.79773
-0.79613
-0.77539
39.1886
-0.79756
-0.80627
-0.80627
-0.80736
-0.80962
-0.7854
-0.80106
0
0
0
0
0
0
0
0
0
0
0
0
0
0
0
0
0
0
0
0
0
0
0
0
0
0
0
0
0
0
0
0
0
0
0
0
0
0
0
0
0
0
0
0
0
0
0
0
0
0
0
0
0
0
0
0
0
0
0
0
0
0
0
0
0
0
0
0
0
0
0
0
0
0
0
0
-0.84875
-0.84647
-0.83082
-0.83123
-0.82264
-0.86864
-0.85646
-0.8297
-0.82707
-0.83737
-0.85463
-0.8487
-0.82814
-0.86655
-0.84302
-0.84002
-0.83118
-0.82157
-0.81276
-0.82158
-0.85525
-0.82159
-0.80869
-0.81056
-0.85011
-0.81042
-0.84703
-0.80801
-0.83638
-0.80802
-0.79288
-0.79288
-0.82476
-0.80479
-0.81868
-0.8105
-0.801
-0.84766
-0.80373
-0.80291
-0.79757
-0.79756
41.2697
-0.81669
-0.81669
-0.81588
-0.81984
0
0
0
0
0
0
0
0
0
0
0
0
0
0
0
0
0
0
0
0
-1.7148
0
-1.5675
0
0
0
0
0
0
0
0
0
0
0
0
0
0
0
0
0
0
0
0
0
0
0
0
0
0
0
0
0
0
0
0
0
0
0
0
0
0
0
0
0
0
0
0
0
0
0
0
0
0
0
0
0
0
0
-0.86079
-0.85862
-0.84291
-0.84268
-0.83399
-0.88063
-0.86766
-0.84096
-0.83945
-0.84913
-0.86599
-0.86
-0.83924
-0.8783
-0.85452
-0.85355
-0.84212
-0.83268
-0.82406
-0.83268
-0.86664
-0.83269
-0.81986
-0.82121
-0.8618
-0.82162
-0.85875
-0.81932
-0.84789
-0.81932
-0.8047
-0.8047
-0.83711
-0.81645
-0.83127
-0.82316
-0.81264
-0.8599
-0.81738
-0.81599
-0.80628
-0.80627
-0.81669
36.8522
-0.83059
0
0
0
0
0
0
0
0
0
0
0
0
0
0
0
0
0
0
0
0
0
0
0
0
0
0
0
0
0
0
0
0
0
0
0
0
0
0
0
0
0
0
0
0
0
0
0
0
0
0
0
0
0
0
0
0
0
0
0
0
0
0
0
0
0
0
0
0
0
0
0
0
0
0
0
0
0
0
0
0
-0.86078
-0.85862
-0.84292
-0.84269
-0.83399
-0.88062
-0.86766
-0.84096
-0.83945
-0.84913
-0.86599
-0.86001
-0.83924
-0.87829
-0.85452
-0.85356
-0.84212
-0.83268
-0.82406
-0.83269
-0.86664
-0.83269
-0.81985
-0.82122
-0.8618
-0.82162
-0.85875
-0.81932
-0.84789
-0.81933
-0.8047
-0.8047
-0.83711
-0.81646
-0.83127
-0.82316
-0.81263
-0.85991
-0.81738
-0.81599
-0.80629
-0.80627
-0.81669
-0.83059
36.8522
0
0
0
0
0
0
0
0
0
0
0
0
0
0
0
0
0
0
0
0
0
0
0
0
0
0
0
0
0
0
0
0
0
0
0
0
0
0
0
0
0
0
0
0
0
0
0
0
0
0
0
0
0
0
0
0
0
0
0
0
0
0
0
0
0
0
0
0
0
0
0
0
0
0
0
0
0
0
0
0
-0.86517
-0.86304
-0.84823
-0.84775
-0.83923
-0.88323
-0.87126
-0.84612
-0.84462
-0.85437
-0.87034
-0.86447
-0.84438
-0.88172
-0.85975
-0.85876
-0.84732
-0.83777
-0.82896
-0.83777
-0.87105
-0.83777
-0.82479
-0.82612
-0.86607
-0.82652
-0.863
-0.82408
-0.85206
-0.82408
-0.80894
-0.80894
-0.84092
-0.82054
-0.83438
-0.82588
-0.81598
-0.86263
-0.81892
-0.81863
-0.80737
-0.80736
-0.81588
0
0
39.3567
0
0
0
0
0
0
0
0
0
0
0
0
0
0
0
0
0
0
0
0
0
0
0
0
0
0
0
0
0
0
0
0
0
0
0
0
0
0
0
0
0
0
0
0
0
0
0
0
0
0
0
0
0
0
0
0
-3.1606
0
0
0
0
0
0
0
0
0
0
0
0
0
0
0
0
0
0
0
0
0
0
-0.86415
-0.86198
-0.84627
-0.84603
-0.83732
-0.884
-0.87103
-0.8443
-0.84279
-0.85247
-0.86936
-0.86337
-0.84258
-0.88168
-0.85788
-0.85692
-0.84546
-0.83601
-0.82739
-0.83602
-0.87002
-0.83604
-0.82317
-0.82454
-0.86516
-0.82494
-0.8621
-0.82264
-0.85125
-0.82264
-0.808
-0.80799
-0.84045
-0.81978
-0.8346
-0.82648
-0.81595
-0.86328
-0.82055
-0.81931
-0.80962
-0.80962
-0.81984
0
0
0
36.165
0
0
0
0
0
0
0
0
0
0
0
0
0
0
0
0
0
0
0
0
0
0
0
0
0
0
0
0
0
0
0
0
0
0
0
0
0
0
0
0
0
0
0
0
0
0
0
0
0
0
0
0
0
0
0
0
0
0
0
0
0
0
0
0
0
0
0
0
0
0
0
0
0
0
0
0
0
0
-0.84019
-0.83803
-0.82243
-0.8222
-0.81356
-0.85994
-0.84701
-0.82045
-0.81899
-0.82858
-0.84529
-0.83937
-0.81869
-0.85754
-0.83385
-0.83295
-0.82156
-0.81223
-0.80371
-0.81224
-0.84592
-0.81224
-0.79953
-0.80083
-0.84109
-0.80123
-0.83805
-0.79896
-0.82734
-0.79895
-0.78444
-0.78444
-0.81657
-0.79582
-0.8104
-0.80253
-0.79195
-0.83903
-0.797
-0.79496
-0.7854
-0.7854
0
0
0
0
0
34.3409
0
0
0
0
0
0
0
0
0
0
0
0
0
0
0
0
0
0
0
0
0
0
0
0
0
0
0
0
0
0
0
0
0
0
0
0
0
0
0
0
0
0
0
0
0
0
0
0
0
0
0
0
0
0
0
0
0
0
0
0
0
0
0
0
0
0
0
0
0
0
0
0
0
0
0
0
0
-0.85568
-0.85302
-0.83739
-0.83718
-0.82856
-0.87495
-0.86201
-0.83546
-0.83332
-0.84036
-0.86047
-0.85447
-0.83375
-0.8727
-0.84914
-0.84795
-0.83638
-0.82727
-0.81877
-0.82728
-0.86118
-0.82729
-0.81446
-0.8157
-0.85609
-0.81621
-0.85333
-0.81389
-0.8424
-0.81388
-0.79907
-0.79908
-0.83142
-0.81085
-0.82652
-0.81715
-0.80693
-0.85435
0
-0.8103
-0.80107
-0.80106
0
0
0
0
0
0
36.2013
0
0
0
0
0
0
0
0
0
0
0
0
0
0
0
0
-2.043
0
0
0
0
0
0
0
0
0
0
0
0
0
0
0
0
0
0
0
0
0
0
0
0
0
0
0
0
0
0
0
0
0
0
0
0
0
0
0
0
0
0
0
0
0
0
0
0
0
0
0
0
0
0
0
0
0
0
0
-0.8955
-0.89325
-0.87729
-0.87706
-0.86821
-0.91583
-0.90251
-0.87531
-0.87389
-0.88366
-0.90077
-0.89468
-0.87376
-0.91337
-0.88934
-0.88843
-0.87678
-0.86717
-0.85842
-0.86719
-0.90152
-0.86719
-0.85408
-0.85554
-0.89678
-0.85598
-0.89366
-0.85374
-0.88277
-0.85375
-0.83887
-0.83887
-0.87193
-0.85087
0
-0.858
-0.84704
0
0
0
0
0
0
0
0
0
0
0
0
31.513
0
0
0
0
0
0
0
0
0
0
0
0
0
0
0
0
0
0
0
0
0
0
0
0
0
0
0
0
0
0
0
0
0
0
0
0
0
0
0
0
0
0
0
0
0
0
0
0
0
0
0
0
0
0
0
0
0
0
0
0
0
0
0
0
0
0
0
0
0
0
0
0
0
0
0
-0.88184
-0.87958
-0.86363
-0.86346
-0.85459
-0.90216
-0.88884
-0.86168
-0.86028
-0.87004
-0.88708
-0.88099
-0.86012
-0.89967
-0.87564
-0.87473
-0.86314
-0.85355
-0.84483
-0.85357
-0.88781
-0.85356
-0.84053
-0.84208
-0.88316
-0.84252
-0.88007
-0.84034
-0.8692
-0.84034
-0.82552
-0.82553
-0.85858
-0.83758
0
0
-0.83389
0
0
0
0
0
0
0
0
0
0
0
0
0
30.1801
0
0
0
0
0
0
0
0
0
0
0
0
0
0
0
0
0
0
0
0
0
0
0
0
0
0
0
0
0
0
0
0
0
0
0
0
0
0
0
0
0
0
0
0
0
0
0
0
0
0
0
0
0
0
0
0
0
0
0
0
0
0
0
0
0
0
0
0
0
0
0
0
0
0
-0.85234
-0.85009
-0.83421
-0.83408
-0.82528
-0.87253
-0.85927
-0.83226
-0.83093
-0.84059
-0.85748
-0.85143
-0.83068
-0.86996
-0.84603
-0.84516
-0.83364
-0.82415
-0.81553
-0.82417
-0.85814
-0.82417
-0.81125
-0.81276
-0.85352
-0.81319
-0.85045
-0.81101
-0.83965
-0.81101
-0.79638
-0.79638
-0.82921
-0.80831
0
0
0
0
0
0
0
0
0
0
0
0
0
0
0
0
0
28.3453
0
0
0
0
0
0
0
0
0
0
0
0
0
0
0
0
0
0
0
0
0
0
0
0
0
0
0
0
0
0
0
0
0
0
0
0
0
0
0
0
0
0
0
0
0
0
0
0
0
0
0
0
0
0
0
0
0
0
0
0
0
0
0
0
0
0
0
0
0
0
0
0
0
-0.88485
-0.88253
-0.86792
-0.86746
-0.859
-0.90252
-0.88995
-0.86633
-0.8654
-0.87527
-0.89145
-0.8847
-0.86546
-0.90136
-0.88087
-0.88066
-0.86392
-0.85884
-0.84954
-0.85885
-0.89146
-0.85885
-0.8455
-0.84592
-0.88543
-0.84729
-0.88343
-0.84493
-0.87238
-0.84494
-0.82972
-0.82972
0
0
0
0
0
0
0
0
0
0
0
0
0
0
0
0
0
0
0
0
33.5015
0
0
0
0
0
0
0
0
0
0
0
0
0
0
0
0
0
0
0
-2.7682
0
0
0
0
0
0
0
0
0
0
0
0
0
0
0
0
0
0
0
0
0
0
0
0
0
0
0
0
0
0
0
0
0
0
0
0
0
0
0
0
0
0
0
0
0
0
-2.9568
0
0
0
0
0
-0.81655
-0.81443
-0.79918
-0.79883
-0.79037
-0.83487
-0.82262
-0.79742
-0.7958
-0.80547
-0.82144
-0.8157
-0.79578
-0.83301
-0.81088
-0.81008
-0.79863
-0.78949
-0.7809
-0.7895
-0.82218
-0.7895
-0.7767
-0.77802
-0.81733
-0.77854
-0.8144
-0.77636
-0.80391
-0.77637
-0.76194
-0.76194
0
0
0
0
0
0
0
0
0
0
0
0
0
0
0
0
0
0
0
0
0
27.3971
0
0
0
0
0
0
0
0
0
0
0
0
0
0
0
0
0
0
0
0
0
0
0
0
-1.8189
0
0
0
0
0
0
0
0
0
0
0
0
0
0
0
0
0
0
0
0
0
0
0
0
0
0
0
0
0
0
0
0
0
0
0
0
0
0
0
0
0
0
0
0
0
0
-0.86138
-0.85905
-0.84416
-0.83423
-0.83515
-0.8808
-0.86777
-0.84218
-0.84268
-0.84721
-0.86629
-0.86033
-0.84061
-0.87873
-0.8558
-0.85521
-0.8434
-0.83418
-0.82577
-0.83418
-0.86749
-0.83419
-0.82114
-0.82221
-0.86255
-0.82284
-0.8566
-0.82061
-0.84879
-0.82061
-0.80587
-0.80586
0
0
0
0
0
0
0
0
0
0
0
0
0
0
0
0
0
0
0
0
0
0
29.6111
0
0
0
0
0
0
0
0
0
0
0
0
0
0
0
0
0
0
0
0
-2.6132
0
0
0
0
0
0
0
0
0
0
0
0
0
0
0
0
0
0
0
0
0
0
0
0
0
0
0
0
0
0
0
0
0
0
0
0
0
0
0
0
0
0
0
0
0
0
0
0
0
-0.86776
-0.86532
-0.84909
-0.84904
-0.84004
-0.88859
-0.87477
-0.84717
-0.84595
-0.85584
-0.87281
-0.86662
-0.84557
-0.88569
-0.86115
-0.8602
-0.8487
-0.83916
-0.83051
-0.83916
-0.87356
-0.83917
-0.82613
-0.82751
0
-0.82784
0
-0.82559
0
-0.8256
0
0
0
0
0
0
0
0
0
0
0
0
0
0
0
0
0
0
0
0
0
0
0
0
0
22.9785
0
0
0
0
0
0
0
0
0
0
0
0
0
0
0
0
0
0
0
0
0
0
0
0
0
0
0
0
0
0
0
0
0
0
0
0
0
0
0
0
0
0
0
0
0
0
0
0
0
0
0
0
0
0
0
0
0
0
0
0
0
0
0
0
0
0
0
0
0
-0.90701
-0.90603
-0.89402
-0.89322
-0.88516
-0.92334
-0.91209
-0.89142
-0.88126
-0.8999
-0.90129
-0.9075
-0.8896
-0.92346
-0.90466
-0.9041
-0.89373
-0.88287
-0.87314
-0.88287
-0.91475
-0.8829
-0.86956
0
0
0
0
0
0
0
0
0
0
0
0
0
0
0
0
0
0
0
0
0
0
0
0
0
0
0
0
0
0
0
0
0
30.4827
0
0
0
0
0
0
0
0
0
0
0
0
0
0
0
0
0
0
0
0
-2.684
0
0
0
0
0
0
-4.202
0
0
0
0
0
0
0
0
0
0
0
0
0
0
0
0
0
0
0
0
0
0
0
0
0
0
0
0
0
0
-2.9728
0
0
0
0
0
0
0
0
0
-0.86466
-0.86219
-0.84585
-0.84589
-0.83679
-0.88565
-0.8718
-0.84391
-0.84277
-0.85265
-0.86963
-0.86343
-0.84224
-0.8826
-0.85783
-0.85687
-0.84538
-0.83582
-0.82718
-0.83582
-0.87032
-0.83584
-0.82285
0
0
-0.82455
0
0
0
0
0
0
0
0
0
0
0
0
0
0
0
0
0
0
0
0
0
0
0
0
0
0
0
0
0
0
0
20.4225
0
0
0
0
0
0
0
0
0
0
0
0
0
0
0
0
0
0
0
0
0
0
0
0
0
0
0
0
0
0
0
0
0
0
0
0
0
0
0
0
0
0
0
0
0
0
0
0
0
0
0
0
0
0
0
0
0
0
0
0
0
0
0
0
0
0
0
-0.96011
-0.95743
-0.94018
-0.94043
-0.93081
-0.98289
-0.96749
-0.93843
-0.93739
-0.9474
-0.9653
-0.95877
-0.9367
0
-0.95293
-0.95184
0
-0.9301
0
-0.93011
0
-0.93013
0
0
0
0
0
0
0
0
0
0
0
0
0
0
0
0
0
0
0
0
0
0
0
0
0
0
0
0
0
0
0
0
0
0
0
0
17.0585
0
0
0
0
0
0
0
0
0
0
0
0
0
0
0
0
0
0
0
0
0
0
0
0
0
0
0
0
0
0
0
0
0
0
0
0
0
0
0
0
0
0
0
0
0
0
0
0
0
0
0
0
0
0
0
0
0
0
0
0
0
0
0
0
0
0
-1.1004
-1.0975
-1.0781
-1.0791
-1.0682
-1.1265
0
-1.0768
0
-1.0861
-1.1061
-1.099
-1.0754
0
0
0
0
0
0
0
0
0
0
0
0
0
0
0
0
0
0
0
0
0
0
0
0
0
0
0
0
0
0
0
0
0
0
0
0
0
0
0
0
0
0
0
0
0
0
11.9933
0
0
0
0
0
0
0
0
0
0
0
0
0
0
0
0
0
0
0
0
0
0
0
0
0
0
0
0
0
0
0
0
0
0
0
0
0
0
0
0
0
0
0
0
0
0
0
0
0
0
0
0
0
0
0
0
0
0
0
0
0
0
0
0
0
-1.386
-1.3852
-1.3722
-1.3718
-1.3619
-1.4027
0
-1.3675
0
0
0
0
0
0
0
0
0
0
0
0
0
0
0
0
0
0
0
0
0
0
0
0
0
0
0
0
0
0
0
0
0
0
0
0
0
0
0
0
0
0
0
0
0
0
0
0
0
0
0
0
13.284
0
0
0
0
0
0
0
0
0
0
0
0
0
0
0
0
0
0
0
0
0
0
0
0
0
0
0
-3.6367
0
0
0
0
0
0
0
0
0
0
0
0
0
0
0
0
0
0
0
0
0
0
0
0
0
0
0
0
0
0
0
0
0
0
0
0
-1.5857
-1.5818
-1.5627
-1.5633
-1.5518
0
0
0
0
0
0
0
0
0
0
0
0
0
0
0
0
0
0
0
0
0
0
0
0
0
0
0
0
0
0
0
0
0
0
0
0
0
0
0
0
0
0
0
0
0
0
0
0
0
0
0
0
0
0
0
0
10.1621
0
0
0
0
0
0
0
0
0
0
0
0
0
0
0
0
-2.3169
0
0
0
0
0
0
0
0
0
0
0
0
0
0
0
0
0
0
0
0
0
0
0
0
0
0
0
0
0
0
0
0
0
0
0
0
0
0
0
0
0
0
0
0
0
0
-1.7555
-1.7497
-1.7236
-1.7261
-1.7125
0
0
-1.7261
0
0
0
0
0
0
0
0
0
0
0
0
0
0
0
0
0
0
0
0
0
0
0
0
0
0
0
0
0
0
0
0
0
0
0
0
0
0
0
0
0
0
0
0
0
0
0
0
0
0
0
0
0
0
10.3935
0
0
0
0
0
0
0
0
0
0
0
0
0
0
0
0
0
0
0
0
0
0
0
0
0
0
0
0
0
0
0
0
0
0
0
0
0
0
0
0
0
0
0
0
0
0
0
0
0
0
0
0
0
0
0
0
0
0
0
0
0
0
0
0
0
0
0
0
-1.7965
0
0
0
0
0
0
0
0
0
0
0
0
0
0
0
0
-1.7452
0
0
0
0
0
0
0
0
0
0
0
0
0
0
0
0
0
0
0
0
0
0
0
0
0
0
0
0
0
0
0
0
0
0
0
0
0
0
0
12.6703
0
0
0
0
0
0
0
-2.6461
0
0
0
0
0
0
0
0
0
0
0
0
0
0
-3.2121
0
0
0
-3.2703
0
0
0
0
0
0
0
0
0
0
0
0
0
0
0
0
0
0
0
0
0
0
0
0
0
0
0
0
0
0
0
0
0
0
0
0
0
0
0
0
0
0
0
-1.8426
0
0
0
0
0
0
0
0
0
0
0
0
0
0
0
0
-1.837
0
0
0
0
0
0
0
0
0
0
0
0
0
0
0
0
0
0
0
0
0
0
0
0
0
0
0
0
0
0
0
0
0
0
0
0
0
11.1209
0
0
0
0
0
-2.0405
0
0
0
0
-2.3753
0
0
0
0
0
0
0
0
0
0
0
-3.0256
0
0
0
0
0
0
0
0
0
0
0
0
0
0
0
0
0
0
0
0
0
0
0
0
0
0
0
0
0
0
0
0
0
0
0
0
0
0
0
0
0
0
0
0
0
0
-2.1194
0
0
0
0
0
0
0
0
0
0
0
0
0
0
0
0
0
0
0
0
0
0
0
0
0
0
0
0
-2.0586
0
0
0
0
0
0
0
0
0
-2.043
0
0
0
0
0
0
0
0
0
0
0
0
0
0
0
0
12.7306
0
0
0
0
0
0
0
0
0
0
-2.573
0
0
0
0
0
0
0
0
0
0
0
0
0
0
0
0
0
0
0
0
0
0
0
0
0
0
0
0
0
0
0
0
0
-3.9366
0
0
0
0
0
0
0
0
0
0
0
0
0
0
-1.9076
0
0
0
0
0
0
0
-1.8848
0
0
0
0
0
0
0
0
0
0
0
0
0
0
0
0
0
0
0
0
0
0
0
0
0
-1.8598
0
0
0
0
0
0
0
0
0
0
0
0
0
0
0
0
0
0
0
0
0
0
0
0
0
0
0
0
0
0
0
12.0151
0
0
0
0
0
0
0
0
0
0
0
0
0
0
0
0
-2.7163
0
0
0
0
0
0
0
0
0
0
0
0
0
0
0
0
-3.6465
0
0
0
0
0
0
0
0
0
0
0
0
0
0
0
0
0
0
0
0
0
0
0
0
0
0
0
0
0
0
0
0
0
0
0
0
0
0
0
-1.7836
0
0
0
0
0
0
0
0
0
0
0
0
0
0
0
0
0
0
0
0
0
0
0
0
0
0
-1.7148
0
0
0
0
0
0
0
0
0
0
0
0
0
0
0
0
0
0
0
0
0
0
0
0
8.7515
0
-2.7282
0
0
0
0
0
0
0
0
0
0
0
0
0
0
0
0
0
0
0
0
0
0
0
0
0
0
0
0
0
0
0
0
0
0
0
0
0
0
0
0
0
0
0
0
0
0
0
0
0
0
0
0
0
-2.5248
0
0
-2.256
-2.2223
-2.2276
-2.2116
0
0
0
0
0
0
0
0
0
0
0
0
0
0
0
0
0
0
0
0
0
0
0
0
0
0
0
0
0
0
0
0
0
0
0
0
0
0
0
0
0
0
0
0
0
0
0
0
0
0
0
0
0
0
0
0
0
0
0
0
0
0
0
8.9175
0
0
0
0
0
0
0
0
0
0
0
0
0
0
0
0
0
0
0
0
0
0
0
0
0
0
0
0
0
0
0
0
0
0
0
0
0
0
0
0
0
0
0
0
0
0
0
0
0
0
0
0
0
0
0
0
0
0
0
0
0
0
0
0
0
0
0
0
0
0
0
0
0
0
0
0
0
0
0
0
0
0
0
0
0
0
0
0
0
0
0
0
0
0
0
0
0
0
-1.5675
0
0
0
0
0
0
0
0
0
0
0
0
0
0
0
0
0
0
0
0
0
0
0
0
-2.7282
0
10.7924
0
0
0
0
0
0
0
0
0
0
0
-2.6799
0
0
0
0
0
0
0
0
0
0
0
0
0
0
0
-3.8168
0
0
0
0
0
0
0
0
0
0
0
0
0
0
0
0
0
0
0
0
0
0
0
0
0
0
0
0
0
0
0
0
0
0
0
0
0
0
0
0
0
-1.838
0
0
0
0
0
0
0
0
0
0
0
0
0
0
0
0
0
0
0
0
0
0
0
0
0
0
0
0
0
0
0
0
0
0
0
0
0
0
0
0
0
0
0
0
0
0
0
0
0
-2.0405
0
0
0
0
0
8.9321
0
0
0
-2.7018
0
0
0
0
0
0
0
-2.3518
0
0
0
0
0
0
0
0
0
0
0
0
0
0
0
0
0
0
0
0
0
0
0
0
0
0
0
0
0
0
0
0
0
0
0
0
0
0
0
0
0
0
0
0
0
0
0
0
0
0
0
0
0
0
0
0
0
0
-2.4417
0
0
0
0
0
0
0
0
0
0
0
0
0
0
0
0
0
0
0
0
0
0
0
0
0
0
0
0
0
0
0
0
0
0
0
0
0
0
0
0
0
0
0
0
0
0
-2.6461
0
0
0
0
0
0
0
11.5137
-2.5828
0
0
0
0
0
0
0
0
0
0
0
0
0
0
0
0
0
0
0
0
0
0
0
0
0
0
0
0
0
0
0
0
0
0
0
0
0
0
-3.8431
0
0
0
0
0
0
0
0
0
0
0
0
0
0
0
0
0
0
0
0
0
0
0
0
0
0
0
0
0
0
0
0
0
0
0
0
0
0
0
0
0
0
0
0
0
0
0
0
0
0
0
0
0
0
0
0
0
0
0
0
0
0
0
0
0
-2.7682
0
0
0
0
0
0
0
0
0
0
0
0
0
0
0
0
0
0
-2.5828
8.341
0
0
0
0
0
0
0
0
0
0
0
0
0
0
0
-2.99
0
0
0
0
0
0
0
0
0
0
0
0
0
0
0
0
0
0
0
0
0
0
0
0
0
0
0
0
0
0
0
0
0
0
0
0
0
-1.2676
-1.2443
0
0
0
0
0
0
0
0
0
0
0
0
0
0
0
0
0
0
0
0
0
0
0
0
0
0
0
0
0
0
0
0
0
0
0
0
0
0
0
0
0
0
0
0
0
0
0
0
0
0
0
0
0
0
0
0
0
0
0
0
0
0
0
0
0
0
0
0
0
0
5.685
0
0
0
0
0
0
0
0
0
0
0
0
0
0
0
0
0
0
0
0
0
0
0
0
0
0
0
-3.1732
0
0
0
0
0
0
0
0
0
0
0
0
0
0
0
0
0
0
0
0
0
0
0
0
0
0
0
0
0
0
0
0
0
0
0
0
0
0
0
0
0
0
0
0
0
0
0
0
0
0
0
0
0
0
0
0
0
0
0
0
0
0
0
0
0
0
0
0
0
0
0
0
0
0
0
0
0
0
0
0
0
0
0
0
0
0
0
0
0
0
0
0
0
-2.7018
0
0
0
9.7732
0
-3.2263
0
0
0
0
0
0
-3.845
0
0
0
0
0
0
0
0
0
0
0
0
0
0
0
0
0
0
0
0
0
0
0
0
0
0
0
0
0
0
0
0
0
0
0
0
0
0
0
0
0
0
0
0
-2.7911
0
0
0
0
0
0
0
0
0
0
0
0
0
0
0
0
0
0
0
0
0
0
0
0
0
0
0
0
0
0
0
0
0
0
0
0
0
0
0
0
0
0
0
0
0
0
0
0
0
0
-2.6132
0
0
0
0
0
0
0
0
0
-2.3753
0
0
0
0
0
0
0
0
0
0
7.7796
0
0
0
0
0
0
0
0
0
0
0
0
0
0
0
0
0
0
0
0
0
0
0
0
0
0
0
0
0
0
0
0
0
0
0
0
0
0
0
0
0
0
0
0
0
0
0
0
0
0
0
0
0
0
0
0
0
0
0
0
0
0
0
0
0
0
0
0
0
0
0
0
0
0
0
0
0
0
0
0
0
0
0
0
0
0
0
0
0
0
0
0
0
0
0
0
0
0
0
0
0
0
0
0
0
0
0
0
0
0
0
0
0
0
-2.573
0
0
0
0
0
0
0
0
-3.2263
0
9.1199
0
0
0
-3.3205
0
0
0
0
0
0
0
0
0
0
0
0
0
0
0
0
0
0
0
0
0
0
0
0
0
0
0
0
0
0
0
0
0
0
0
0
0
0
0
0
0
0
0
0
0
0
0
0
0
0
0
0
0
0
-2.8959
0
0
0
0
0
0
0
0
0
0
0
0
0
0
0
0
0
0
0
0
0
0
0
0
0
0
0
0
0
0
0
0
0
0
0
0
0
0
0
0
0
0
0
0
0
-2.684
0
0
0
0
0
0
0
0
0
0
0
0
0
0
0
0
0
0
0
0
8.7089
0
0
0
0
0
0
0
-3.129
0
0
0
0
0
0
0
0
0
0
0
0
0
0
0
0
0
0
0
0
0
0
0
0
0
0
0
0
0
0
0
0
0
0
0
0
0
0
0
0
0
0
0
0
0
0
0
0
0
0
0
0
0
0
0
0
0
0
0
0
0
0
0
0
0
0
0
0
0
0
0
0
0
0
0
0
0
0
0
0
0
0
0
0
0
0
0
0
0
0
0
0
-1.8189
0
0
0
0
0
0
0
-2.3169
0
0
0
0
0
0
0
0
0
0
0
0
0
0
0
0
4.6481
0
0
0
0
0
0
0
0
0
0
0
0
0
0
0
0
0
0
0
0
0
0
0
0
0
0
0
0
0
0
0
0
0
0
0
0
0
0
0
0
0
0
0
-0.51231
0
0
-2.132
0
0
0
0
0
0
0
0
0
0
0
0
0
0
0
0
0
0
0
0
0
0
0
0
0
0
0
0
0
0
0
-2.0847
0
0
0
0
0
0
0
0
0
0
0
0
0
0
0
0
0
0
0
0
0
0
0
0
0
0
0
0
0
0
0
0
0
0
0
0
0
0
0
0
0
0
0
0
0
0
7.5664
0
0
0
0
0
0
0
0
0
0
0
0
0
0
-3.3497
0
0
0
0
0
0
0
0
0
0
0
0
0
0
0
0
0
0
0
0
0
0
0
0
0
0
0
0
0
0
0
0
0
0
0
0
0
0
-2.6193
0
0
0
0
0
0
0
0
0
0
0
0
0
0
0
0
0
0
0
0
0
0
0
0
0
0
0
0
0
0
0
0
0
0
0
0
0
0
0
0
0
0
0
0
0
0
0
0
0
0
0
0
0
0
0
0
0
0
0
0
0
0
0
0
0
0
0
-3.3205
0
0
0
9.2552
0
0
0
-3.3154
0
0
0
0
0
0
0
0
0
0
0
0
0
0
0
0
0
0
0
0
0
0
0
0
0
0
0
0
0
0
0
0
0
0
0
0
0
0
0
0
0
0
0
0
0
0
0
0
0
0
0
0
0
0
0
0
0
0
0
0
0
0
0
0
-2.6526
0
0
0
0
0
0
0
0
0
0
0
0
0
0
0
0
0
0
0
0
0
0
0
0
0
0
0
0
0
0
0
0
0
0
0
0
0
0
0
0
0
0
0
0
-2.6799
0
0
0
0
0
0
0
0
0
0
0
8.6779
0
0
0
0
0
0
0
0
-3.3454
0
0
0
0
0
0
0
0
0
0
0
0
0
0
0
0
0
0
0
0
0
0
0
0
0
0
0
0
0
0
0
0
0
0
0
0
0
0
0
0
0
0
0
0
0
0
0
0
0
0
0
0
-0.2994
0
0
0
0
0
0
0
0
0
0
0
0
0
0
0
0
0
0
0
0
0
0
0
0
0
0
0
0
0
0
0
0
0
0
0
0
0
0
0
0
0
0
0
0
0
0
0
0
0
0
0
-2.3518
0
0
0
0
0
0
0
0
0
0
0
6.0184
0
0
0
0
0
0
0
0
0
0
0
0
0
0
0
0
0
0
0
0
0
0
0
0
0
0
0
0
0
-3.3672
0
0
0
0
0
0
0
0
0
0
0
0
0
0
0
0
0
0
0
0
0
0
0
0
0
0
0
0
0
0
0
0
0
0
0
0
0
0
0
0
0
0
0
0
0
0
0
0
0
0
0
0
0
0
0
0
0
0
0
0
0
0
0
0
0
0
0
0
0
0
0
0
0
0
0
0
0
0
-2.7163
0
0
0
0
0
0
0
-3.845
0
0
0
0
0
0
0
0
6.5614
0
0
0
0
0
0
0
0
0
0
0
0
0
0
0
0
0
0
0
0
0
0
0
0
0
0
0
0
0
0
0
0
0
0
0
0
0
0
0
0
0
0
0
0
0
0
0
0
0
0
0
0
0
0
0
0
0
0
0
0
0
0
0
0
0
0
0
0
0
0
0
0
0
0
0
0
0
0
0
0
0
0
0
0
0
0
0
0
0
0
0
0
0
0
0
0
0
-4.202
0
0
0
0
0
0
0
0
0
0
0
0
0
0
0
0
0
0
0
0
0
0
0
-3.3154
0
0
0
7.5174
0
0
0
0
0
0
0
0
0
0
0
0
0
0
0
0
0
0
0
0
0
0
0
0
0
0
0
0
0
0
0
0
0
0
0
0
0
0
0
0
0
0
0
0
0
0
0
0
0
0
0
0
0
0
0
0
0
0
0
0
0
0
0
0
0
0
0
0
0
0
0
0
0
0
0
0
0
0
0
0
0
0
0
0
0
0
0
0
0
0
0
0
0
0
0
0
0
0
0
0
0
0
0
0
0
0
0
0
0
0
0
0
0
0
0
0
0
-3.129
0
0
0
0
0
0
0
7.0005
-3.8716
0
0
0
0
0
0
0
0
0
0
0
0
0
0
0
0
0
0
0
0
0
0
0
0
0
0
0
0
0
0
0
0
0
0
0
0
0
0
0
0
0
0
0
0
0
0
0
0
0
0
0
0
0
0
0
0
0
0
0
0
0
0
0
0
0
0
0
0
0
0
0
0
0
0
0
0
0
0
0
0
0
0
0
0
0
0
0
0
0
0
0
0
0
0
0
0
0
0
0
0
0
-3.2121
0
0
0
0
0
0
0
0
0
0
0
0
0
0
0
0
0
0
0
0
0
-3.8716
7.0837
0
0
0
0
0
0
0
0
0
0
0
0
0
0
0
0
0
0
0
0
0
0
0
0
0
0
0
0
0
0
0
0
0
0
0
0
0
0
0
0
0
0
0
0
0
0
0
0
0
0
0
0
0
0
0
0
0
0
0
0
0
0
0
0
0
0
0
0
0
0
0
0
0
0
0
0
0
0
0
0
0
0
0
0
0
0
0
0
0
0
0
0
0
0
0
0
0
0
0
0
0
0
-3.0256
0
0
0
0
0
0
0
0
0
0
0
0
0
0
0
0
0
0
0
0
0
0
6.072
0
-3.0464
0
0
0
0
0
0
0
0
0
0
0
0
0
0
0
0
0
0
0
0
0
0
0
0
0
0
0
0
0
0
0
0
0
0
0
0
0
0
0
0
0
0
0
0
0
0
0
0
0
0
0
0
0
0
0
0
0
0
0
0
0
0
0
0
0
0
0
0
0
0
0
0
0
0
0
0
0
0
0
0
0
0
0
0
0
0
0
0
0
0
0
0
0
0
0
-3.6367
0
0
0
0
0
0
0
0
0
0
0
-2.99
0
0
0
0
0
0
0
0
0
0
0
0
0
0
0
6.6268
0
0
0
0
0
0
0
0
0
0
0
0
0
0
0
0
0
0
0
0
0
0
0
0
0
0
0
0
0
0
0
0
0
0
0
0
0
0
0
0
0
0
0
0
-3.4388
0
0
0
0
0
0
0
0
0
0
0
0
0
0
0
0
0
0
0
0
0
0
0
0
0
0
0
0
0
0
0
0
0
0
0
0
0
0
0
0
0
0
0
0
0
0
0
0
0
0
0
0
0
0
0
0
0
0
0
0
0
0
0
0
0
0
0
0
0
0
0
0
0
0
0
0
0
0
-3.0464
0
6.4853
0
0
0
0
0
0
0
0
0
0
0
0
0
0
0
0
0
0
0
0
0
0
0
0
0
0
0
0
0
0
0
0
0
0
0
0
0
0
0
0
0
0
0
0
0
0
0
0
0
0
0
0
0
0
0
0
0
0
0
0
0
0
0
0
0
0
0
0
0
0
0
0
0
0
0
0
0
0
0
0
0
0
0
0
0
0
0
0
0
0
0
0
0
0
0
0
0
0
-3.2703
0
0
0
0
0
0
0
0
0
0
0
0
0
0
0
0
0
-3.3454
0
0
0
0
0
0
0
0
6.6157
0
0
0
0
0
0
0
0
0
0
0
0
0
0
0
0
0
0
0
0
0
0
0
0
0
0
0
0
0
0
0
0
0
0
0
0
0
0
0
0
0
0
0
0
-6.2095
0
0
0
0
0
0
0
0
0
0
0
0
0
0
0
0
0
0
0
0
0
0
0
0
0
0
0
0
0
0
0
0
0
0
0
0
0
0
0
0
0
0
0
0
0
0
0
0
0
0
0
0
0
0
0
0
0
0
0
0
0
0
0
0
0
0
0
0
0
0
0
0
0
0
0
0
0
0
0
0
6.2095
0
0
0
0
0
0
0
0
0
0
0
0
0
0
0
0
0
0
0
0
0
0
0
0
0
0
0
0
0
0
0
0
0
0
0
0
0
0
0
0
0
0
0
0
0
0
-6.0962
0
0
0
0
0
0
0
0
0
0
0
0
0
0
0
0
0
0
0
0
0
0
0
0
0
0
0
0
0
0
0
0
0
0
0
0
0
0
0
0
0
0
0
0
0
0
0
0
0
0
0
0
0
0
0
0
0
0
0
0
0
0
0
0
0
0
0
0
0
0
0
0
0
0
0
0
0
0
6.0962
0
0
0
0
0
0
0
0
0
0
0
0
0
0
0
0
0
0
0
0
0
0
0
0
0
0
0
0
0
0
0
0
0
0
0
0
0
0
-6.2327
0
0
0
0
0
0
0
0
0
0
0
0
0
0
0
0
0
0
0
0
0
0
0
0
0
0
0
0
0
0
0
0
0
0
0
0
0
0
0
0
0
0
0
0
0
0
0
0
0
0
0
0
0
0
0
0
0
0
0
0
0
0
0
0
0
0
0
0
0
0
0
0
0
0
0
0
0
0
0
0
0
0
0
0
0
0
6.2327
0
0
0
0
0
0
0
0
0
0
0
0
0
0
0
0
0
0
0
0
0
0
0
0
0
0
0
0
0
0
0
0
0
0
0
0
0
0
0
0
0
0
0
0
0
0
0
0
0
0
0
0
0
0
0
0
0
0
0
0
0
0
0
0
0
0
0
0
0
0
0
0
0
0
0
0
0
0
0
0
0
0
0
0
0
0
0
0
0
0
0
0
0
0
0
0
0
0
0
0
0
0
0
0
0
0
0
0
0
0
-3.3497
0
0
0
0
0
0
0
0
0
0
0
0
0
0
3.3497
0
0
0
0
0
0
0
0
0
0
0
0
0
0
0
0
0
0
0
0
0
0
0
0
0
0
0
0
0
0
0
0
0
0
0
-6.584
0
0
0
0
0
0
0
0
0
0
0
0
0
0
0
0
0
0
0
0
0
0
0
0
0
0
0
0
0
0
0
0
0
0
0
0
0
0
0
0
0
0
0
0
0
0
0
0
0
0
0
0
0
0
0
0
0
0
0
0
0
0
0
0
0
0
0
0
0
0
0
0
0
0
0
0
0
0
0
0
0
0
0
0
0
0
0
0
0
6.584
0
0
0
0
0
0
0
0
0
0
0
0
0
0
0
0
0
0
0
0
0
0
0
0
0
0
0
0
0
0
0
0
0
0
-6.5839
0
0
0
0
0
0
0
0
0
0
0
0
0
0
0
0
0
0
0
0
0
0
0
0
0
0
0
0
0
0
0
0
0
0
0
0
0
0
0
0
0
0
0
0
0
0
0
0
0
0
0
0
0
0
0
0
0
0
0
0
0
0
0
0
0
0
0
0
0
0
0
0
0
0
0
0
0
0
0
0
0
0
0
0
0
0
0
0
0
0
6.5839
0
0
0
0
0
0
0
0
0
0
0
0
0
0
0
0
0
0
0
0
0
0
0
0
0
0
0
0
0
0
0
0
0
0
0
0
0
0
0
0
0
0
0
0
0
0
0
0
0
0
0
0
0
0
0
0
0
0
0
0
0
0
0
0
0
0
0
0
0
0
0
0
0
0
0
0
0
0
0
0
0
0
0
0
0
0
0
0
0
0
0
0
0
0
0
0
0
-3.8168
0
0
0
0
0
0
0
0
0
0
0
0
0
0
0
0
0
0
0
0
0
0
0
0
0
0
0
3.8168
0
0
0
0
0
0
0
0
0
0
0
0
0
0
0
0
0
0
0
0
0
0
0
0
0
0
0
0
0
0
0
0
0
0
0
0
0
0
0
0
0
0
0
0
0
0
0
0
0
0
0
0
0
0
0
0
0
0
0
-4.7444
0
0
0
0
0
0
0
0
0
0
0
0
0
0
0
0
0
0
0
0
0
0
0
0
0
0
0
0
0
0
0
0
0
0
0
0
0
0
0
0
0
0
0
0
0
0
0
0
0
0
0
0
0
0
0
0
0
0
0
0
0
0
0
0
0
4.7444
0
0
0
0
0
0
0
0
0
0
0
0
0
0
0
0
0
0
0
0
0
0
0
0
0
0
0
0
0
0
0
0
0
0
0
0
0
0
0
0
0
0
0
0
0
0
0
0
0
0
0
0
0
0
0
0
0
0
0
0
0
0
0
0
0
-3.4877
0
0
0
0
0
0
0
0
0
0
0
0
0
0
0
0
0
0
0
0
0
0
0
0
0
0
0
0
0
0
0
0
0
0
0
0
0
0
0
0
0
0
0
0
0
0
0
0
0
0
0
0
0
0
0
0
0
0
0
3.4877
0
0
0
0
0
0
0
0
0
0
0
0
0
0
0
0
0
0
0
0
0
0
0
0
0
0
0
0
0
0
0
0
0
0
0
0
0
0
0
0
0
0
0
0
0
0
0
0
0
0
0
0
0
0
0
0
0
0
0
0
0
0
0
0
0
0
0
0
0
0
0
0
0
0
0
0
0
0
0
0
0
0
0
0
0
0
0
0
0
0
0
-3.6465
0
0
0
0
0
0
0
0
0
0
0
0
0
0
0
0
0
0
0
0
0
0
0
0
0
0
0
0
0
0
0
0
0
3.6465
0
0
0
0
0
0
0
0
0
0
0
0
0
0
0
0
0
0
0
0
0
0
0
0
0
0
0
0
0
0
0
0
0
0
0
0
0
0
0
0
0
0
0
0
0
0
0
0
0
0
0
0
0
0
0
0
0
0
0
0
0
0
0
0
0
0
0
0
0
0
0
0
0
0
0
0
0
0
0
0
0
0
0
0
0
0
0
0
0
0
0
0
0
0
0
0
0
-3.1732
0
0
0
0
0
0
0
0
0
0
0
0
0
0
0
0
0
0
0
0
0
0
0
0
0
0
0
3.1732
0
0
0
0
0
0
0
0
0
0
0
0
0
0
0
0
0
0
0
0
0
0
0
0
0
0
0
0
0
0
0
0
0
0
0
0
0
0
0
0
0
0
0
0
0
0
0
0
0
0
0
0
0
0
0
0
0
0
0
0
0
0
0
0
0
0
0
0
-3.1606
0
0
0
0
0
0
0
0
0
0
0
0
0
0
0
0
0
0
0
0
0
0
0
0
0
0
0
0
0
0
0
0
0
0
0
0
0
0
0
0
0
0
0
0
0
0
0
0
0
0
0
0
0
0
0
0
3.1606
0
0
0
0
0
0
0
0
0
0
0
0
0
0
0
0
0
0
0
0
0
0
0
0
0
0
0
-6.5839
0
0
0
0
0
0
0
0
0
0
0
0
0
0
0
0
0
0
0
0
0
0
0
0
0
0
0
0
0
0
0
0
0
0
0
0
0
0
0
0
0
0
0
0
0
0
0
0
0
0
0
0
0
0
0
0
0
0
0
0
0
0
0
0
0
0
0
0
0
0
0
0
0
0
0
0
0
0
0
0
0
0
0
0
0
0
0
0
0
0
0
0
0
0
0
0
0
6.5839
0
0
0
0
0
0
0
0
0
0
0
0
0
0
0
0
0
0
0
0
0
0
0
0
0
0
0
0
0
0
0
0
0
0
0
0
0
0
0
0
0
-5.6005
0
0
0
0
0
0
0
0
0
0
0
0
0
0
0
0
0
0
0
0
0
0
0
0
0
0
0
0
0
0
0
0
0
0
0
0
0
0
0
0
0
0
0
0
0
0
0
0
0
0
0
0
0
0
0
0
0
0
0
0
0
0
0
0
0
0
0
0
0
0
0
0
0
0
0
0
0
0
0
0
0
0
0
5.6005
0
0
0
0
0
0
0
0
0
0
0
0
0
0
0
0
0
0
0
0
0
0
0
0
0
0
0
0
0
0
0
0
0
0
0
0
0
0
0
0
0
0
0
0
0
0
0
0
0
0
0
0
0
0
0
0
0
0
-3.4723
0
0
0
0
0
0
0
0
0
0
0
0
0
0
0
0
0
0
0
0
0
0
0
0
0
0
0
0
0
0
0
0
0
0
0
0
0
0
0
0
0
0
0
0
0
0
0
0
0
0
0
0
0
0
0
0
0
0
0
0
0
0
0
0
0
0
3.4723
0
0
0
0
0
0
0
0
0
0
0
0
0
0
0
0
0
0
0
0
0
0
0
0
0
0
0
0
0
0
0
0
0
0
0
0
0
0
0
0
0
0
0
0
0
-5.0932
0
0
0
0
0
0
0
0
0
0
0
0
0
0
0
0
0
0
0
0
0
0
0
0
0
0
0
0
0
0
0
0
0
0
0
0
0
0
0
0
0
0
0
0
0
0
0
0
0
0
0
0
0
0
0
0
0
0
0
0
0
0
0
0
0
0
0
0
0
0
0
0
0
0
0
0
0
0
0
5.0932
0
0
0
0
0
0
0
0
0
0
0
0
0
0
0
0
0
0
0
-6.5088
0
0
0
0
0
0
0
0
0
0
0
0
0
0
0
0
0
0
0
0
0
0
0
0
0
0
0
0
0
0
0
0
0
0
0
0
0
0
0
0
0
0
0
0
0
0
0
0
0
0
0
0
0
0
0
0
0
0
0
0
0
0
0
0
0
0
0
0
0
0
0
0
0
0
0
0
0
0
0
0
0
0
0
0
0
0
0
0
0
0
0
0
0
0
0
0
0
0
0
0
0
0
0
0
0
6.5088
0
0
0
0
0
0
0
0
0
0
0
0
0
0
0
0
0
0
0
0
0
0
0
0
0
0
0
0
0
0
0
0
0
0
0
0
0
0
0
0
0
0
0
0
0
0
0
0
0
0
0
-4.1323
0
0
0
0
0
0
0
0
0
0
0
0
0
0
0
0
0
0
0
0
0
0
0
0
0
0
0
0
0
0
0
0
0
0
0
0
0
0
0
0
0
0
0
0
0
0
0
0
0
0
0
0
0
0
0
0
0
0
0
0
0
0
0
0
0
0
0
0
0
0
0
0
0
4.1323
0
0
0
0
0
0
0
0
0
0
0
0
0
0
0
0
0
0
0
0
0
0
-6.2327
0
0
0
0
0
0
0
0
0
0
0
0
0
0
0
0
0
0
0
0
0
0
0
0
0
0
0
0
0
0
0
0
0
0
0
0
0
0
0
0
0
0
0
0
0
0
0
0
0
0
0
0
0
0
0
0
0
0
0
0
0
0
0
0
0
0
0
0
0
0
0
0
0
0
0
0
0
0
0
0
0
0
0
0
0
0
0
0
0
0
0
0
0
0
0
0
0
0
0
0
0
0
6.2327
0
0
0
0
0
0
0
0
0
0
0
0
0
0
0
0
0
0
0
0
0
0
0
0
0
0
0
0
0
0
0
0
0
0
0
0
0
0
0
0
0
0
0
0
0
0
0
0
0
0
0
0
0
0
0
0
0
0
0
0
0
0
0
0
0
0
0
0
0
0
0
0
0
0
0
0
0
0
0
0
-3.9366
0
0
0
0
0
0
0
0
0
0
0
0
0
0
0
0
0
0
0
0
0
0
0
0
0
0
0
0
0
0
0
0
0
0
0
0
0
0
0
0
0
0
0
0
3.9366
0
0
0
0
0
0
0
0
0
0
0
0
0
0
0
0
0
0
0
0
0
0
0
0
0
0
0
0
0
0
0
0
0
0
0
0
0
0
0
0
0
0
0
0
0
0
0
0
0
0
0
0
0
0
0
0
0
0
0
0
0
0
0
0
0
0
0
0
0
0
0
0
0
0
0
0
0
0
0
0
0
0
0
0
0
-3.8431
0
0
0
0
0
0
0
0
0
0
0
0
0
0
0
0
0
0
0
0
0
0
0
0
0
0
0
0
0
0
0
0
0
0
0
0
0
0
0
3.8431
0
0
0
0
0
0
0
0
0
0
0
0
0
0
0
0
0
0
0
0
0
0
0
0
0
0
0
0
0
0
0
0
0
0
0
0
0
0
0
0
0
0
0
0
0
0
0
0
0
0
0
0
0
0
0
0
0
0
0
0
0
0
0
0
0
0
0
0
0
0
0
0
0
0
0
0
0
0
0
0
0
0
0
0
0
0
0
0
0
0
0
0
0
0
0
-3.3672
0
0
0
0
0
0
0
0
0
0
0
0
0
0
0
0
0
0
0
0
0
0
0
0
0
0
0
0
0
3.3672
0
0
0
0
0
0
0
0
0
0
0
0
0
0
0
0
0
0
0
0
0
0
0
0
0
0
0
0
0
0
0
0
0
0
0
0
0
0
0
0
0
0
0
0
0
0
0
-4.3112
0
0
0
0
0
0
0
0
0
0
0
0
0
0
0
0
0
0
0
0
0
0
0
0
0
0
0
0
0
0
0
0
0
0
0
0
0
0
0
0
0
0
0
0
0
0
0
0
0
0
0
0
0
0
0
0
0
0
0
0
0
0
0
0
0
0
0
0
0
0
0
0
0
0
0
0
0
4.3112
0
0
0
0
0
0
0
0
0
0
0
-6.529
0
0
0
0
0
0
0
0
0
0
0
0
0
0
0
0
0
0
0
0
0
0
0
0
0
0
0
0
0
0
0
0
0
0
0
0
0
0
0
0
0
0
0
0
0
0
0
0
0
0
0
0
0
0
0
0
0
0
0
0
0
0
0
0
0
0
0
0
0
0
0
0
0
0
0
0
0
0
0
0
0
0
0
0
0
0
0
0
0
0
0
0
0
0
0
0
0
0
0
0
0
0
0
0
0
0
0
0
0
0
0
0
0
6.529
0
0
0
0
0
0
0
0
0
0
0
0
0
0
0
0
0
0
0
0
0
0
0
0
0
0
0
0
0
0
0
0
0
0
0
0
0
0
0
0
0
0
0
0
0
0
0
0
0
0
0
0
0
0
0
0
0
0
0
0
0
0
0
0
0
0
-2.9728
0
0
0
0
0
0
0
0
0
0
0
0
0
0
0
0
0
0
0
0
0
0
0
0
0
0
0
0
0
0
0
0
0
0
0
0
0
0
0
0
0
0
0
0
0
0
0
0
0
0
0
0
0
0
0
0
0
0
2.9728
0
0
0
0
0
0
0
0
0
0
0
0
0
0
0
0
0
0
0
0
0
0
0
0
0
0
0
0
0
0
0
0
0
-5.0945
0
0
0
0
0
0
0
0
0
0
0
0
0
0
0
0
0
0
0
0
0
0
0
0
0
0
0
0
0
0
0
0
0
0
0
0
0
0
0
0
0
0
0
0
0
0
0
0
0
0
0
0
0
0
0
0
0
0
0
0
0
0
0
0
0
0
0
0
0
0
0
0
0
0
0
0
0
0
0
0
0
0
0
0
0
0
0
0
0
0
0
5.0945
0
0
0
0
0
0
0
0
0
0
0
0
0
0
0
0
0
0
0
0
0
-6.0963
0
0
0
0
0
0
0
0
0
0
0
0
0
0
0
0
0
0
0
0
0
0
0
0
0
0
0
0
0
0
0
0
0
0
0
0
0
0
0
0
0
0
0
0
0
0
0
0
0
0
0
0
0
0
0
0
0
0
0
0
0
0
0
0
0
0
0
0
0
0
0
0
0
0
0
0
0
0
0
0
0
0
0
0
0
0
0
0
0
0
0
0
0
0
0
0
0
0
0
0
0
0
0
6.0963
0
0
0
0
0
0
0
0
0
0
0
0
0
0
0
0
0
0
0
0
0
0
0
0
0
0
0
0
0
0
0
0
0
0
0
-4.9053
0
0
0
0
0
0
0
0
0
0
0
0
0
0
0
0
0
0
0
0
0
0
0
0
0
0
0
0
0
0
0
0
0
0
0
0
0
0
0
0
0
0
0
0
0
0
0
0
0
0
0
0
0
0
0
0
0
0
0
0
0
0
0
0
0
0
0
0
0
0
0
0
0
0
0
0
0
0
0
0
0
0
0
0
0
0
0
0
0
4.9053
0
0
0
0
0
0
0
0
0
0
0
0
0
0
0
0
0
0
0
0
0
0
0
0
0
0
0
0
0
0
0
0
0
0
0
0
0
0
0
0
0
0
0
0
0
0
0
0
0
0
0
0
0
0
0
0
0
0
-2.9568
0
0
0
0
0
0
0
0
0
0
0
0
0
0
0
0
0
0
0
0
0
0
0
0
0
0
0
0
0
0
0
0
0
0
0
0
0
0
0
0
0
0
0
0
0
0
0
0
0
0
0
0
0
0
0
0
0
0
0
0
0
0
0
0
0
0
2.9568
0
0
0
0
0
0
0
0
0
0
0
0
0
0
0
0
-6.1509
0
0
0
0
0
0
0
0
0
0
0
0
0
0
0
0
0
0
0
0
0
0
0
0
0
0
0
0
0
0
0
0
0
0
0
0
0
0
0
0
0
0
0
0
0
0
0
0
0
0
0
0
0
0
0
0
0
0
0
0
0
0
0
0
0
0
0
0
0
0
0
0
0
0
0
0
0
0
0
0
0
0
0
0
0
0
0
0
0
0
0
0
0
0
0
0
0
0
0
0
0
0
0
0
0
0
0
0
6.1509
0
0
0
0
0
0
0
0
0
0
0
0
0
0
0
0
0
0
0
0
0
0
0
0
0
0
0
0
0
0
0
0
0
0
0
0
0
0
0
0
0
-5.2132
0
0
0
0
0
0
0
0
0
0
0
0
0
0
0
0
0
0
0
0
0
0
0
0
0
0
0
0
0
0
0
0
0
0
0
0
0
0
0
0
0
0
0
0
0
0
0
0
0
0
0
0
0
0
0
0
0
0
0
0
0
0
0
0
0
0
0
0
0
0
0
0
0
0
0
0
0
0
0
0
0
0
0
5.2132
0
0
0
0
0
0
0
0
0
0
0
0
0
0
0
0
0
0
0
0
0
0
0
0
0
0
0
0
0
0
0
0
0
0
0
0
0
0
0
0
0
0
0
0
0
0
0
0
0
0
0
0
0
0
0
0
0
0
0
0
0
0
0
0
0
0
0
0
0
0
0
0
0
0
0
0
0
0
0
0
0
-0.51231
0
0
0
0
0
0
0
0
0
0
0
0
0
0
0
0
0
0
0
0
0
0
0
0
0
0
0
0
0
0
0
0
0
0
0
0
0
0
0
0
0
0
0
0.51231
0
0
0
0
0
0
0
0
0
0
0
0
0
0
0
0
0
0
0
0
0
0
0
0
0
0
0
0
0
0
0
0
0
0
0
0
0
0
0
0
0
0
0
0
0
0
0
0
0
0
0
0
0
0
0
0
0
0
0
0
0
0
0
0
0
0
0
0
0
-2.5248
0
0
0
0
0
0
0
0
0
0
0
0
0
0
0
0
0
0
0
0
0
0
0
0
0
0
0
0
0
0
0
0
0
0
0
0
0
0
0
0
0
0
0
0
0
0
0
0
0
0
0
0
0
0
0
2.5248
0
0
0
0
0
0
0
0
0
0
0
0
0
0
0
0
0
0
0
0
0
0
0
0
0
0
0
0
0
0
0
0
0
0
0
0
0
0
-5.2132
0
0
0
0
0
0
0
0
0
0
0
0
0
0
0
0
0
0
0
0
0
0
0
0
0
0
0
0
0
0
0
0
0
0
0
0
0
0
0
0
0
0
0
0
0
0
0
0
0
0
0
0
0
0
0
0
0
0
0
0
0
0
0
0
0
0
0
0
0
0
0
0
0
0
0
0
0
0
0
0
0
0
0
0
0
0
5.2132
