1
1.8611
1.8622
1.8883
1.8252
1.8358
1.8932
1.8456
1.8735
1.8953
1.9234
1.9543
1.9793
2.0087
2.0294
2.0533
2.0722
2.0969
2.1196
2.1484
2.1732
2.203
2.2254
2.2486
2.2645
2.2835
2.301
2.3246
2.3509
2.3815
2.4105
2.4382
2.4636
2.4878
2.5104
2.5317
2.5513
2.5692
2.5851
2.5991
2.6113
2.6221
2.6319
2.6409
2.6496
2.6582
2.6667
2.6753
2.684
2.693
2.7024
2.7127
2.7241
2.7369
2.7511
2.7667
2.783
2.7992
2.8148
2.8297
2.844
2.8579
2.8717
2.8855
2.8996
2.9142
2.9294
2.9451
2.961
2.9765
2.9914
3.0054
3.0188
3.0317
3.0443
3.0569
3.0697
3.0828
3.0964
3.1104
3.1244
3.1382
3.1513
3.1637
3.1753
3.1863
3.1968
3.207
3.217
3.2272
3.2378
3.2487
3.26
3.2715
3.2829
3.2939
3.3043
3.3141
3.3233
3.332
3.3401
3.3477
3.3549
3.3616
3.3681
3.3742
3.3801
3.3859
3.3916
3.3974
3.4033
3.4094
3.4158
3.4226
3.4298
3.4376
3.4458
3.4544
