1
0.9622
0.95046
0.94191
0.93606
0.93049
0.92641
0.92217
0.91437
0.90701
0.90028
0.89396
0.88811
0.88267
0.87756
0.87268
0.86804
0.86357
0.85927
0.85518
0.85123
0.8475
0.84392
0.84051
0.83716
0.8339
0.83067
0.82754
0.82446
0.82145
0.81848
0.81554
0.81262
0.80973
0.80687
0.80404
0.80124
0.79848
0.79575
0.79305
0.79037
0.78771
0.78507
0.78246
0.77988
0.77733
0.77481
0.77233
0.76987
0.76742
0.76499
0.76258
0.76019
0.75783
0.75549
0.75319
0.7509
0.74864
0.74639
0.74415
0.74193
0.73972
0.73754
0.73539
0.73329
0.73123
0.72923
0.72729
0.72541
0.72357
0.72178
0.72001
0.71827
0.71654
0.71483
0.71314
0.71147
0.70982
0.70819
0.70658
0.70499
0.70343
0.70188
0.70034
0.69882
0.6973
0.69578
0.69427
0.69276
0.69125
0.68976
0.68827
0.68678
0.6853
0.68383
0.68235
0.68087
0.67938
0.67789
0.67639
0.67489
0.67338
0.67187
0.67035
0.66883
0.66732
0.66583
0.66435
0.6629
0.66147
0.66007
0.6587
0.65736
0.65605
0.65478
0.65353
0.65231
0.65112
