57.0034
-0.91932
-0.88162
-0.8565
-0.88301
-0.88127
-0.86219
-0.8532
-0.85322
-0.90734
-0.85336
-0.84496
-0.89504
-0.83748
-0.84364
-0.86864
-0.91899
-0.84685
-0.84212
-0.84518
-0.84357
-0.83515
-0.86464
-0.89243
-0.84862
-0.84953
-0.85725
-0.85726
-0.8535
-0.82421
-0.94688
-0.82633
-0.85551
-0.82928
-0.84128
-0.82531
-0.86891
-0.78902
-0.792
-0.792
-0.87273
-0.78757
-0.80929
-0.86036
-0.82952
-0.84259
-0.81968
-0.85885
-0.85495
-0.85002
-0.89468
-1.0514
-0.96449
-1.095
-0.88642
-0.90921
-0.81165
-0.91498
-1.3983
-1.3342
0
0
0
0
0
0
0
0
0
0
0
0
0
0
0
-1.0128
0
-3.958
0
0
0
0
0
0
0
0
0
0
0
0
0
0
0
0
0
0
0
0
0
0
0
0
0
0
0
0
0
0
0
0
-0.91932
61.802
-0.91566
-0.89019
-0.91906
-0.91531
-0.89733
-0.88759
-0.88762
-0.95261
-0.88775
-0.87955
-0.94083
-0.87192
-0.87833
-0.90691
-0.94683
-0.88141
-0.87663
-0.87973
-0.87811
-0.86984
-0.90032
-0.9272
-0.87752
-0.88474
-0.89218
-0.89218
-0.88772
-0.85846
-0.98603
-0.86061
-0.88996
-0.86359
-0.87553
-0.85957
-0.90312
-0.82296
-0.82601
-0.826
-0.91189
-0.82228
-0.84365
-0.90033
-0.86365
-0.87725
-0.8546
-0.89367
-0.88975
-0.89541
-0.93158
-1.0883
-1.0009
-1.1321
-0.92011
-0.94498
-0.84465
-0.94766
-1.43
-1.3678
0
0
0
0
0
0
0
0
0
0
0
0
0
0
0
0
0
0
0
0
0
0
0
0
0
0
0
0
0
0
0
0
0
0
0
0
0
0
0
0
0
0
-7.7253
0
0
0
0
0
0
0
-0.88162
-0.91566
54.4416
-0.85007
-0.87656
-0.88201
-0.85774
-0.84812
-0.84813
-0.90399
-0.84829
-0.83992
-0.89519
-0.83272
-0.83829
-0.8638
-0.90596
-0.84236
-0.8376
-0.84068
-0.83908
-0.83049
-0.86182
-0.89491
-0.83713
-0.84546
-0.85265
-0.85265
-0.84813
-0.81951
-0.94241
-0.82163
-0.85298
-0.82458
-0.83684
-0.82062
-0.86284
-0.7836
-0.7873
-0.7873
-0.86537
-0.78267
-0.80497
-0.85609
-0.82507
-0.83814
-0.8164
-0.85449
-0.8507
-0.85749
-0.89241
-1.0479
-0.9611
-1.0913
-0.8846
-0.90571
-0.8095
-0.91476
-1.3915
-1.3336
0
0
0
0
0
0
0
0
0
0
0
0
0
0
0
0
0
0
0
0
0
0
0
0
0
0
0
-2.6473
0
0
0
0
0
0
0
0
0
0
0
0
0
0
0
0
0
0
0
0
0
0
-0.8565
-0.89019
-0.85007
51.6873
-0.8508
-0.84971
-0.83108
-0.82488
-0.82491
-0.87935
-0.82506
-0.81515
-0.87188
-0.80725
-0.81312
-0.8364
-0.88014
-0.81756
-0.81282
-0.8159
-0.81428
-0.80531
-0.83377
-0.86388
-0.8118
-0.81923
-0.82707
-0.82707
-0.82341
-0.79435
-0.91995
-0.79647
-0.82602
-0.79937
-0.81117
-0.79546
-0.83842
-0.75879
-0.76241
-0.76241
-0.84208
-0.75819
-0.77988
-0.83015
-0.79929
-0.81262
-0.79033
-0.82872
-0.82474
-0.83248
-0.86574
-1.02
-0.93381
-1.0631
-0.8576
-0.87902
-0.78368
-0.88907
-1.3605
-1.3034
0
0
0
0
0
0
0
0
0
-1.3895
0
0
0
0
0
0
0
0
0
0
0
0
0
0
0
0
0
0
0
0
0
0
0
0
0
0
0
0
0
0
0
0
0
0
0
0
0
0
0
0
-0.88301
-0.91906
-0.87656
-0.8508
56.3731
-0.87621
-0.85799
-0.8477
-0.84773
-0.90769
-0.84786
-0.83932
-0.89882
-0.83207
-0.83796
-0.86738
-0.91605
-0.84056
-0.83585
-0.83888
-0.83728
-0.82948
-0.86159
-0.88918
-0.83758
-0.84381
-0.85149
-0.85149
-0.84991
-0.81798
-0.94519
-0.8201
-0.85003
-0.82305
-0.83591
-0.81908
-0.86487
-0.78296
-0.78593
-0.78593
-0.83456
-0.78247
-0.80398
-0.86156
-0.82391
-0.83682
-0.81584
-0.85304
-0.84895
-0.86078
-0.89205
-1.0452
-0.95866
-1.0885
-0.88264
-0.90331
-0.80797
-0.91228
-1.3854
-1.3313
0
0
0
0
0
0
0
0
0
0
0
0
0
0
0
0
0
0
0
0
0
0
0
0
0
-4.6396
0
0
0
0
0
0
0
0
0
0
0
0
0
0
0
0
0
0
0
0
0
0
0
0
-0.88127
-0.91531
-0.88201
-0.84971
-0.87621
54.4018
-0.85737
-0.84777
-0.8478
-0.90367
-0.84793
-0.83958
-0.89485
-0.83237
-0.83792
-0.86341
-0.90566
-0.842
-0.83723
-0.84032
-0.8387
-0.83012
-0.86144
-0.8945
-0.83675
-0.8451
-0.85229
-0.8523
-0.84777
-0.81916
-0.94207
-0.82128
-0.85261
-0.82422
-0.8365
-0.82026
-0.86248
-0.78325
-0.78694
-0.78695
-0.86496
-0.78233
-0.80461
-0.85572
-0.82472
-0.83778
-0.81605
-0.85411
-0.85034
-0.85712
-0.89202
-1.0475
-0.96073
-1.0909
-0.88424
-0.90533
-0.80915
-0.91484
-1.391
-1.3332
0
0
0
0
0
0
0
0
0
0
0
0
0
0
0
0
0
0
0
0
0
0
0
-2.6281
0
0
0
0
0
0
0
0
0
0
0
0
0
0
0
0
0
0
0
0
0
0
0
0
0
0
-0.86219
-0.89733
-0.85774
-0.83108
-0.85799
-0.85737
52.9831
-0.83009
-0.83011
-0.885
-0.83025
-0.82151
-0.87865
-0.81376
-0.81887
-0.84441
-0.88945
-0.82382
-0.81908
-0.82213
-0.82054
-0.81185
-0.84123
-0.86648
-0.81847
-0.82609
-0.83368
-0.83367
-0.83037
-0.80104
-0.92641
-0.80314
-0.83255
-0.80606
-0.81792
-0.80213
-0.84554
-0.76456
-0.76907
-0.76908
-0.8499
-0.76502
-0.78709
-0.83778
-0.80607
-0.81936
-0.79478
-0.83559
-0.83191
-0.83081
-0.87314
-1.0274
-0.94114
-1.0707
-0.86428
-0.88634
-0.79021
-0.89556
-1.3704
-1.3103
0
0
0
0
0
-2.3046
0
0
0
0
0
0
0
0
0
0
0
0
0
0
0
0
0
0
0
0
0
0
0
0
0
0
0
0
0
0
0
0
0
0
0
0
0
0
0
0
0
0
0
0
-0.8532
-0.88759
-0.84812
-0.82488
-0.8477
-0.84777
-0.83009
50.1372
-0.81439
-0.87691
-0.81455
-0.81063
-0.86935
-0.80362
-0.80931
-0.83648
-0.87761
-0.81478
-0.80999
-0.81309
-0.81147
-0.80227
-0.84064
-0.86232
-0.80937
-0.81664
-0.82424
-0.82423
-0.82134
-0.79166
-0.91544
-0.79376
-0.82316
-0.79666
-0.80867
-0.79275
-0.8362
-0.75611
-0.75962
-0.75963
-0.84029
-0.75576
-0.77744
-0.82785
-0.79662
-0.80964
-0.78805
-0.8257
-0.82169
-0.83102
-0.86394
-1.0169
-0.9308
-1.0601
-0.8547
-0.87598
-0.78079
-0.88665
-1.3576
-1.2994
0
0
0
0
0
0
0
0
0
0
0
0
0
0
0
0
0
0
0
0
0
0
0
0
0
0
0
0
0
0
0
0
0
0
0
0
0
0
0
0
0
0
0
0
0
0
0
0
0
0
-0.85322
-0.88762
-0.84813
-0.82491
-0.84773
-0.8478
-0.83011
-0.81439
50.1382
-0.87693
-0.81455
-0.81063
-0.86936
-0.80363
-0.80933
-0.8365
-0.87762
-0.8148
-0.81
-0.81311
-0.81148
-0.8023
-0.84065
-0.86234
-0.80938
-0.81666
-0.82424
-0.82425
-0.82134
-0.79168
-0.91545
-0.79377
-0.82319
-0.7967
-0.80869
-0.79276
-0.83621
-0.75611
-0.75964
-0.75964
-0.84031
-0.75578
-0.77747
-0.82786
-0.79664
-0.80965
-0.78807
-0.82573
-0.8217
-0.83104
-0.86395
-1.017
-0.93082
-1.0601
-0.85473
-0.87601
-0.78081
-0.88666
-1.3576
-1.2994
0
0
0
0
0
0
0
0
0
0
0
0
0
0
0
0
0
0
0
0
0
0
0
0
0
0
0
0
0
0
0
0
0
0
0
0
0
0
0
0
0
0
0
0
0
0
0
0
0
0
-0.90734
-0.95261
-0.90399
-0.87935
-0.90769
-0.90367
-0.885
-0.87691
-0.87693
60.3906
-0.87707
-0.86816
-0.92493
-0.85892
-0.86525
-0.89395
-0.93258
-0.86897
-0.86421
-0.86729
-0.86568
-0.85728
-0.8865
-0.90998
-0.86382
-0.87187
-0.87946
-0.87945
-0.87401
-0.84603
-0.97068
-0.84818
-0.87656
-0.85114
-0.86242
-0.84715
-0.8896
-0.81011
-0.81377
-0.81378
-0.89837
-0.80979
-0.83188
-0.88712
-0.85063
-0.86496
-0.83589
-0.88125
-0.87751
-0.87996
-0.91837
-1.0756
-0.98846
-1.1193
-0.90817
-0.93327
-0.83284
-0.9326
0
0
-2.1778
0
0
0
0
0
0
0
0
0
0
0
0
0
0
0
0
0
0
0
0
0
0
0
0
0
0
0
0
0
0
0
0
0
0
0
-7.6546
0
0
0
0
0
0
0
0
0
0
0
0
0
-0.85336
-0.88775
-0.84829
-0.82506
-0.84786
-0.84793
-0.83025
-0.81455
-0.81455
-0.87707
50.1464
-0.81077
-0.86951
-0.80376
-0.80947
-0.83662
-0.87777
-0.81493
-0.81015
-0.81324
-0.81161
-0.80243
-0.8408
-0.86245
-0.80953
-0.8168
-0.82439
-0.82439
-0.82149
-0.79182
-0.91559
-0.79392
-0.82332
-0.79682
-0.80883
-0.7929
-0.83635
-0.75627
-0.75977
-0.75977
-0.84047
-0.75592
-0.7776
-0.82801
-0.79678
-0.80978
-0.78821
-0.82586
-0.82183
-0.83119
-0.86411
-1.0171
-0.93096
-1.0602
-0.85488
-0.87615
-0.78094
-0.88682
-1.3578
-1.2996
0
0
0
0
0
0
0
0
0
0
0
0
0
0
0
0
0
0
0
0
0
0
0
0
0
0
0
0
0
0
0
0
0
0
0
0
0
0
0
0
0
0
0
0
0
0
0
0
0
0
-0.84496
-0.87955
-0.83992
-0.81515
-0.83932
-0.83958
-0.82151
-0.81063
-0.81063
-0.86816
-0.81077
48.3551
-0.86065
-0.7951
-0.8022
-0.82625
-0.86849
-0.80868
-0.80373
-0.80693
-0.80526
-0.79415
-0.82521
-0.85167
-0.8005
-0.80792
-0.81575
-0.81575
-0.81286
-0.7834
-0.90588
-0.78551
-0.81409
-0.78839
-0.80016
-0.78449
-0.8274
-0.74772
-0.75131
-0.75131
-0.83143
-0.7473
-0.76899
-0.81895
-0.78804
-0.80112
-0.77948
-0.81713
-0.81304
-0.82217
-0.85491
-1.0076
-0.92167
-1.0505
-0.84668
-0.86794
-0.77273
-0.87654
-1.3479
0
0
0
0
0
0
0
0
0
0
0
0
0
0
0
0
0
0
0
0
0
0
0
0
0
0
0
0
0
0
0
0
0
0
0
0
0
0
0
0
0
0
0
0
0
0
0
0
0
0
0
-0.89504
-0.94083
-0.89519
-0.87188
-0.89882
-0.89485
-0.87865
-0.86935
-0.86936
-0.92493
-0.86951
-0.86065
59.1523
-0.85134
-0.85834
-0.8855
-0.92528
-0.86146
-0.8567
-0.85978
-0.85817
-0.84972
-0.87935
-0.90481
-0.85979
-0.8644
-0.87176
-0.87176
-0.86688
-0.83867
-0.95985
-0.8408
-0.86842
-0.84377
-0.85509
-0.83978
-0.88268
-0.80354
-0.80631
-0.80631
-0.88988
-0.8021
-0.82092
-0.87799
-0.84309
-0.85731
-0.83421
-0.87373
-0.87
-0.86405
-0.91029
-1.0675
-0.98056
-1.111
-0.89976
-0.92564
-0.82476
0
0
0
0
0
0
0
0
0
0
-2.6504
0
0
0
0
0
0
0
0
0
0
0
0
0
0
0
0
0
0
0
0
0
0
0
0
0
-7.3096
0
0
0
0
0
0
0
0
0
0
0
0
0
0
0
0
-0.83748
-0.87192
-0.83272
-0.80725
-0.83207
-0.83237
-0.81376
-0.80362
-0.80363
-0.85892
-0.80376
-0.7951
-0.85134
47.6391
-0.79085
-0.81734
-0.85908
-0.80242
-0.79725
-0.8006
-0.79885
-0.78548
-0.81471
-0.84267
-0.79054
-0.79812
-0.80664
-0.80664
-0.80304
-0.77474
-0.8982
-0.77683
-0.80437
-0.77969
-0.79076
-0.77583
-0.81782
-0.73857
-0.74273
-0.74273
-0.82124
-0.73841
-0.75997
-0.80942
-0.77448
-0.7921
-0.76444
-0.80799
-0.80406
-0.81179
-0.84471
-0.99767
-0.91219
-1.0404
-0.83759
-0.85905
-0.7643
0
0
0
0
0
-1.9989
0
0
0
0
0
0
0
0
0
0
0
0
0
0
0
0
0
0
0
0
0
0
0
0
0
0
0
0
0
0
0
0
0
0
0
0
0
0
0
0
0
0
0
0
0
0
0
-0.84364
-0.87833
-0.83829
-0.81312
-0.83796
-0.83792
-0.81887
-0.80931
-0.80933
-0.86525
-0.80947
-0.8022
-0.85834
-0.79085
48.231
-0.82336
-0.86515
-0.80634
-0.80134
-0.80458
-0.80287
-0.79079
-0.82168
-0.84563
-0.79034
-0.80409
-0.81229
-0.8123
-0.80958
-0.78024
-0.89834
-0.78234
-0.80997
-0.78521
-0.79649
-0.78133
-0.82375
-0.73776
-0.74778
-0.74778
-0.82903
-0.74391
-0.76623
-0.81604
-0.78436
-0.79767
-0.77449
-0.81368
-0.80981
-0.82007
-0.85173
-1.0044
-0.9188
-1.0472
-0.84356
-0.86516
-0.76989
0
0
0
0
0
0
0
-2.2808
0
0
0
0
0
0
0
0
0
0
0
0
0
0
0
0
0
0
0
0
0
0
0
0
0
0
0
0
0
0
0
0
0
0
0
0
0
0
0
0
0
0
0
0
0
-0.86864
-0.90691
-0.8638
-0.8364
-0.86738
-0.86341
-0.84441
-0.83648
-0.8365
-0.89395
-0.83662
-0.82625
-0.8855
-0.81734
-0.82336
52.0365
-0.89267
-0.82739
-0.82263
-0.82572
-0.8241
-0.81512
-0.84614
-0.87792
-0.82256
-0.82952
-0.83657
-0.83656
-0.83537
-0.80324
-0.9331
-0.80536
-0.83495
-0.80831
-0.8216
-0.80434
-0.84983
-0.76946
-0.77165
-0.77165
-0.86043
-0.76991
-0.79169
-0.79536
-0.81026
-0.82297
-0.80218
-0.83902
-0.83503
-0.84771
-0.87938
-1.0306
-0.94433
-1.0737
-0.86905
-0.89
-0.79455
0
0
0
0
0
0
0
0
0
0
0
0
0
0
0
0
0
0
0
0
0
0
0
0
-4.7077
0
0
0
0
0
0
0
0
0
0
0
0
0
0
0
0
0
0
0
0
0
0
0
0
0
0
0
0
-0.91899
-0.94683
-0.90596
-0.88014
-0.91605
-0.90566
-0.88945
-0.87761
-0.87762
-0.93258
-0.87777
-0.86849
-0.92528
-0.85908
-0.86515
-0.89267
56.4288
-0.86895
-0.86419
-0.86728
-0.86565
-0.85652
-0.88586
-0.90973
-0.86253
-0.87047
-0.87856
-0.87856
-0.87232
-0.84529
-0.96558
-0.84742
-0.87539
-0.85037
-0.86182
-0.8464
-0.88786
-0.80905
-0.81271
-0.81271
-0.89609
-0.80809
-0.82961
-0.88448
-0.8501
-0.86391
-0.84058
-0.88035
-0.87656
-0.88256
-0.91616
-1.0765
-0.98962
-1.12
0
-0.93273
0
0
0
0
0
0
0
0
0
0
0
0
0
-1.434
0
0
0
0
0
0
0
0
0
0
0
0
0
0
0
0
0
0
0
0
0
0
0
0
0
0
0
0
0
0
0
0
0
0
0
-7.1129
0
0
0
0
-0.84685
-0.88141
-0.84236
-0.81756
-0.84056
-0.842
-0.82382
-0.81478
-0.8148
-0.86897
-0.81493
-0.80868
-0.86146
-0.80242
-0.80634
-0.82739
-0.86895
46.1584
-0.78436
-0.78812
-0.78613
-0.79143
-0.82533
-0.85194
-0.80042
-0.80783
-0.81544
-0.81543
-0.82033
-0.78363
-0.90675
-0.78574
-0.81425
-0.78861
-0.80019
-0.78472
-0.82874
-0.74795
-0.75144
-0.75144
-0.84658
-0.74796
-0.76981
-0.82266
-0.78954
-0.80225
-0.78105
-0.81813
-0.81386
-0.82432
-0.85648
-1.0087
-0.92262
-1.0517
-0.84737
-0.86846
-0.77331
0
0
0
0
0
0
0
0
0
0
0
0
0
0
0
0
0
0
0
0
0
0
0
0
0
0
0
0
0
0
0
0
0
0
0
0
0
0
0
0
0
0
0
0
0
0
0
0
0
0
0
0
0
-0.84212
-0.87663
-0.8376
-0.81282
-0.83585
-0.83723
-0.81908
-0.80999
-0.81
-0.86421
-0.81015
-0.80373
-0.8567
-0.79725
-0.80134
-0.82263
-0.86419
-0.78436
45.8921
-0.78226
-0.78031
-0.78687
-0.82083
-0.84734
-0.79533
-0.80304
-0.81071
-0.81071
-0.81489
-0.77896
-0.90206
-0.78105
-0.80939
-0.78394
-0.79547
-0.78005
-0.82368
-0.74331
-0.74683
-0.74684
-0.84148
-0.74331
-0.7651
-0.81772
-0.78482
-0.79751
-0.77632
-0.81335
-0.8091
-0.81948
-0.85159
-1.0037
-0.91766
-1.0466
-0.84251
-0.8636
-0.76857
0
0
0
0
0
0
0
0
0
0
0
0
0
0
0
0
0
0
0
0
0
0
0
0
0
0
0
0
0
0
0
0
0
0
0
0
0
0
0
0
0
0
0
0
0
0
0
0
0
0
0
0
0
-0.84518
-0.87973
-0.84068
-0.8159
-0.83888
-0.84032
-0.82213
-0.81309
-0.81311
-0.86729
-0.81324
-0.80693
-0.85978
-0.8006
-0.80458
-0.82572
-0.86728
-0.78812
-0.78226
46.0643
-0.78404
-0.78981
-0.82374
-0.85031
-0.79861
-0.80613
-0.81376
-0.81376
-0.81842
-0.78197
-0.90509
-0.78407
-0.81253
-0.78695
-0.79851
-0.78305
-0.82695
-0.74631
-0.74982
-0.74982
-0.84482
-0.74631
-0.76814
-0.8209
-0.78788
-0.80058
-0.77939
-0.81644
-0.81218
-0.8226
-0.85475
-1.007
-0.92087
-1.0499
-0.84567
-0.86674
-0.77164
0
0
0
0
0
0
0
0
0
0
0
0
0
0
0
0
0
0
0
0
0
0
0
0
0
0
0
0
0
0
0
0
0
0
0
0
0
0
0
0
0
0
0
0
0
0
0
0
0
0
0
0
0
-0.84357
-0.87811
-0.83908
-0.81428
-0.83728
-0.8387
-0.82054
-0.81147
-0.81148
-0.86568
-0.81161
-0.80526
-0.85817
-0.79885
-0.80287
-0.8241
-0.86565
-0.78613
-0.78031
-0.78404
45.974
-0.78826
-0.82221
-0.84875
-0.79688
-0.80451
-0.81216
-0.81216
-0.81658
-0.78039
-0.90349
-0.78249
-0.81088
-0.78537
-0.79691
-0.78148
-0.82523
-0.74473
-0.74826
-0.74826
-0.84309
-0.74473
-0.76655
-0.81923
-0.78628
-0.79898
-0.77777
-0.81483
-0.81056
-0.82096
-0.85308
-1.0052
-0.91919
-1.0482
-0.84402
-0.86509
-0.77004
0
0
0
0
0
0
0
0
0
0
0
0
0
0
0
0
0
0
0
0
0
0
0
0
0
0
0
0
0
0
0
0
0
0
0
0
0
0
0
0
0
0
0
0
0
0
0
0
0
0
0
0
0
-0.83515
-0.86984
-0.83049
-0.80531
-0.82948
-0.83012
-0.81185
-0.80227
-0.8023
-0.85728
-0.80243
-0.79415
-0.84972
-0.78548
-0.79079
-0.81512
-0.85652
-0.79143
-0.78687
-0.78981
-0.78826
43.0642
-0.81129
-0.838
-0.79296
-0.79568
-0.80485
-0.80485
-0.79964
-0.77346
-0.89351
-0.77555
-0.80382
-0.77841
-0.78857
-0.77455
-0.82055
-0.73641
-0.74023
-0.74023
-0.81955
-0.73598
-0.75754
-0.80643
-0.77639
-0.7894
-0.76837
-0.80563
-0.80144
-0.81173
-0.84357
-0.9979
-0.91263
-1.0404
0
0
0
0
0
0
0
0
0
0
0
0
0
0
0
0
0
0
0
0
0
0
0
0
0
0
0
0
0
0
0
0
0
0
0
0
0
0
0
0
0
0
0
0
0
0
0
0
0
0
0
0
0
0
0
0
-0.86464
-0.90032
-0.86182
-0.83377
-0.86159
-0.86144
-0.84123
-0.84064
-0.84065
-0.8865
-0.8408
-0.82521
-0.87935
-0.81471
-0.82168
-0.84614
-0.88586
-0.82533
-0.82083
-0.82374
-0.82221
-0.81129
49.7945
-0.86519
-0.81423
-0.82259
-0.83063
-0.83063
-0.82711
-0.79984
-0.92078
-0.80195
-0.82848
-0.80482
-0.8116
-0.80092
-0.84135
-0.7625
-0.76676
-0.76678
-0.85078
-0.74411
-0.78231
-0.83227
-0.8029
-0.81659
-0.79386
-0.83311
-0.82954
0
0
0
0
0
0
0
0
0
0
0
0
0
0
0
0
0
0
0
0
0
0
0
-2.9134
-3.4285
0
0
0
0
0
0
-3.6613
0
0
0
0
0
0
0
0
0
0
0
0
0
0
0
0
0
0
0
0
0
0
0
0
0
0
0
0
0
-0.89243
-0.9272
-0.89491
-0.86388
-0.88918
-0.8945
-0.86648
-0.86232
-0.86234
-0.90998
-0.86245
-0.85167
-0.90481
-0.84267
-0.84563
-0.87792
-0.90973
-0.85194
-0.84734
-0.85031
-0.84875
-0.838
-0.86519
53.5368
-0.83813
-0.84162
-0.8581
-0.8581
-0.85318
-0.82686
-0.94127
-0.82897
-0.85482
-0.83186
-0.84131
-0.82796
-0.86821
-0.78383
-0.79271
-0.7927
-0.87788
-0.78734
-0.80968
-0.86588
-0.82904
-0.84429
0
-0.86029
0
0
0
0
0
0
0
0
0
0
0
0
0
0
0
-3.0407
0
-2.26
0
0
-2.7743
0
0
0
0
0
0
0
0
0
0
0
0
0
0
0
0
0
0
0
0
0
0
0
0
0
0
0
0
0
0
0
0
0
0
0
0
0
0
0
0
-6.0881
-0.84862
-0.87752
-0.83713
-0.8118
-0.83758
-0.83675
-0.81847
-0.80937
-0.80938
-0.86382
-0.80953
-0.8005
-0.85979
-0.79054
-0.79034
-0.82256
-0.86253
-0.80042
-0.79533
-0.79861
-0.79688
-0.79296
-0.81423
-0.83813
43.9588
-0.80315
-0.81069
-0.81069
-0.79411
-0.77952
-0.88104
-0.7816
-0.8101
-0.78443
-0.79367
-0.7806
-0.82494
-0.73228
-0.74433
-0.74434
-0.81192
-0.74004
-0.76363
-0.81084
-0.78
-0.7933
-0.77063
-0.80985
-0.8063
0
0
0
0
0
0
0
0
0
0
0
0
0
0
0
-2.2342
0
0
0
0
0
0
0
0
0
-3.0398
0
0
0
0
0
0
0
0
0
0
0
0
0
0
0
0
0
0
0
0
0
0
0
0
0
0
0
0
0
0
0
0
0
0
0
-0.84953
-0.88474
-0.84546
-0.81923
-0.84381
-0.8451
-0.82609
-0.81664
-0.81666
-0.87187
-0.8168
-0.80792
-0.8644
-0.79812
-0.80409
-0.82952
-0.87047
-0.80783
-0.80304
-0.80613
-0.80451
-0.79568
-0.82259
-0.84162
-0.80315
41.7863
-0.81822
-0.81822
-0.80927
-0.78695
-0.90571
-0.78904
-0.81059
-0.79189
-0.80011
-0.78804
-0.82729
-0.74738
-0.75168
-0.75168
-0.83743
-0.74792
-0.7694
-0.81794
-0.78814
-0.80152
-0.78014
-0.81758
-0.81336
0
0
0
0
0
0
0
0
0
0
0
0
0
0
0
0
0
0
0
-2.7218
0
0
0
0
0
0
0
0
0
0
0
0
0
0
0
0
0
0
0
0
0
0
0
0
0
0
0
0
0
0
0
0
0
0
0
0
0
0
0
0
0
-0.85725
-0.89218
-0.85265
-0.82707
-0.85149
-0.85229
-0.83368
-0.82424
-0.82424
-0.87946
-0.82439
-0.81575
-0.87176
-0.80664
-0.81229
-0.83657
-0.87856
-0.81544
-0.81071
-0.81376
-0.81216
-0.80485
-0.83063
-0.8581
-0.81069
-0.81822
40.2745
-0.82513
-0.81841
-0.79553
-0.91326
-0.79762
-0.82202
-0.80045
-0.80401
-0.79662
-0.83594
-0.75391
-0.75833
-0.75833
-0.83984
-0.75577
-0.77788
-0.83403
-0.79639
-0.809
-0.78836
-0.8247
-0.81968
-0.83425
0
0
0
0
0
0
0
0
0
0
0
0
0
0
0
0
0
0
0
0
0
0
0
0
0
0
0
0
0
0
0
0
0
0
0
0
0
0
0
0
0
0
0
0
0
0
0
0
0
0
0
0
0
0
0
0
0
0
0
0
-0.85726
-0.89218
-0.85265
-0.82707
-0.85149
-0.8523
-0.83367
-0.82423
-0.82425
-0.87945
-0.82439
-0.81575
-0.87176
-0.80664
-0.8123
-0.83656
-0.87856
-0.81543
-0.81071
-0.81376
-0.81216
-0.80485
-0.83063
-0.8581
-0.81069
-0.81822
-0.82513
40.2745
-0.8184
-0.79553
-0.91325
-0.79764
-0.82203
-0.80045
-0.80401
-0.79662
-0.83595
-0.75391
-0.75833
-0.75834
-0.83984
-0.75576
-0.77789
-0.83403
-0.79639
-0.809
-0.78837
-0.8247
-0.81967
-0.83424
0
0
0
0
0
0
0
0
0
0
0
0
0
0
0
0
0
0
0
0
0
0
0
0
0
0
0
0
0
0
0
0
0
0
0
0
0
0
0
0
0
0
0
0
0
0
0
0
0
0
0
0
0
0
0
0
0
0
0
0
-0.8535
-0.88772
-0.84813
-0.82341
-0.84991
-0.84777
-0.83037
-0.82134
-0.82134
-0.87401
-0.82149
-0.81286
-0.86688
-0.80304
-0.80958
-0.83537
-0.87232
-0.82033
-0.81489
-0.81842
-0.81658
-0.79964
-0.82711
-0.85318
-0.79411
-0.80927
-0.81841
-0.8184
44.9435
-0.78762
-0.90633
-0.78971
-0.81278
-0.79256
-0.80137
-0.7887
-0.82405
-0.74925
-0.75371
-0.75371
-0.83198
-0.74873
-0.76985
-0.82043
-0.78949
-0.8029
-0.78062
-0.81892
-0.81502
0
0
0
0
0
0
0
0
0
0
0
0
0
0
0
0
0
0
0
0
0
0
0
0
0
0
0
0
0
0
0
0
0
0
0
0
0
0
0
0
0
0
0
0
0
0
0
0
0
0
0
0
0
0
0
0
0
0
0
-5.7364
0
-0.82421
-0.85846
-0.81951
-0.79435
-0.81798
-0.81916
-0.80104
-0.79166
-0.79168
-0.84603
-0.79182
-0.7834
-0.83867
-0.77474
-0.78024
-0.80324
-0.84529
-0.78363
-0.77896
-0.78197
-0.78039
-0.77346
-0.79984
-0.82686
-0.77952
-0.78695
-0.79553
-0.79553
-0.78762
37.8321
-0.88085
-0.75289
-0.79217
-0.75735
-0.78653
-0.75136
-0.80959
-0.70086
-0.71692
-0.71692
-0.81192
-0.71548
-0.7323
-0.81043
-0.75673
-0.77073
-0.74839
-0.78557
-0.78338
0
0
0
0
0
0
0
0
0
0
0
0
0
0
0
0
0
0
0
0
0
0
0
0
0
0
0
0
0
0
0
0
0
0
0
0
0
0
0
0
0
0
0
0
0
0
0
0
0
0
0
0
0
0
0
0
0
0
0
0
0
-0.94688
-0.98603
-0.94241
-0.91995
-0.94519
-0.94207
-0.92641
-0.91544
-0.91545
-0.97068
-0.91559
-0.90588
-0.95985
-0.8982
-0.89834
-0.9331
-0.96558
-0.90675
-0.90206
-0.90509
-0.90349
-0.89351
-0.92078
-0.94127
-0.88104
-0.90571
-0.91326
-0.91325
-0.90633
-0.88085
64.1056
-0.88299
-0.90191
-0.88594
-0.89642
-0.88196
-0.92072
-0.8344
-0.84602
-0.84603
-0.92949
-0.83836
-0.85851
0
0
0
0
0
0
0
0
0
0
0
0
0
0
0
-1.4499
0
0
0
0
0
-2.3558
0
0
0
0
0
0
0
0
0
-3.2183
0
0
0
0
-3.9517
0
0
0
0
0
0
0
0
0
0
0
0
-7.4733
0
0
0
0
-7.4733
0
0
0
0
0
0
0
0
0
0
0
0
-0.82633
-0.86061
-0.82163
-0.79647
-0.8201
-0.82128
-0.80314
-0.79376
-0.79377
-0.84818
-0.79392
-0.78551
-0.8408
-0.77683
-0.78234
-0.80536
-0.84742
-0.78574
-0.78105
-0.78407
-0.78249
-0.77555
-0.80195
-0.82897
-0.7816
-0.78904
-0.79762
-0.79764
-0.78971
-0.75289
-0.88299
37.9352
-0.79422
-0.76053
-0.7886
-0.75455
-0.81162
-0.70341
-0.71917
-0.71918
-0.81393
-0.71776
-0.73498
-0.81221
-0.75906
-0.77302
-0.75072
-0.78788
-0.78564
0
0
0
0
0
0
0
0
0
0
0
0
0
0
0
0
0
0
0
0
0
0
0
0
0
0
0
0
0
0
0
0
0
0
0
0
0
0
0
0
0
0
0
0
0
0
0
0
0
0
0
0
0
0
0
0
0
0
0
0
0
-0.85551
-0.88996
-0.85298
-0.82602
-0.85003
-0.85261
-0.83255
-0.82316
-0.82319
-0.87656
-0.82332
-0.81409
-0.86842
-0.80437
-0.80997
-0.83495
-0.87539
-0.81425
-0.80939
-0.81253
-0.81088
-0.80382
-0.82848
-0.85482
-0.8101
-0.81059
-0.82202
-0.82203
-0.81278
-0.79217
-0.90191
-0.79422
42.3617
-0.79703
-0.80412
-0.79324
-0.83327
-0.75011
-0.75542
-0.75542
-0.84065
-0.75169
-0.77315
-0.82456
-0.79335
-0.80625
-0.78546
-0.82248
0
0
0
0
0
0
0
0
0
0
0
0
0
0
0
0
0
0
0
0
0
0
0
0
0
0
0
0
0
0
0
0
0
0
0
0
0
0
0
0
0
-3.8624
0
0
0
0
0
0
0
0
0
0
0
0
0
0
0
0
0
0
0
0
-0.82928
-0.86359
-0.82458
-0.79937
-0.82305
-0.82422
-0.80606
-0.79666
-0.7967
-0.85114
-0.79682
-0.78839
-0.84377
-0.77969
-0.78521
-0.80831
-0.85037
-0.78861
-0.78394
-0.78695
-0.78537
-0.77841
-0.80482
-0.83186
-0.78443
-0.79189
-0.80045
-0.80045
-0.79256
-0.75735
-0.88594
-0.76053
-0.79703
38.0776
-0.79135
-0.759
-0.81435
-0.70704
-0.72234
-0.72234
-0.81671
-0.72097
-0.73876
-0.81453
-0.76234
-0.7762
-0.75399
-0.79113
-0.78878
0
0
0
0
0
0
0
0
0
0
0
0
0
0
0
0
0
0
0
0
0
0
0
0
0
0
0
0
0
0
0
0
0
0
0
0
0
0
0
0
0
0
0
0
0
0
0
0
0
0
0
0
0
0
0
0
0
0
0
0
0
-0.84128
-0.87553
-0.83684
-0.81117
-0.83591
-0.8365
-0.81792
-0.80867
-0.80869
-0.86242
-0.80883
-0.80016
-0.85509
-0.79076
-0.79649
-0.8216
-0.86182
-0.80019
-0.79547
-0.79851
-0.79691
-0.78857
-0.8116
-0.84131
-0.79367
-0.80011
-0.80401
-0.80401
-0.80137
-0.78653
-0.89642
-0.7886
-0.80412
-0.79135
39.5782
-0.78762
-0.81962
-0.73351
-0.7416
-0.7416
-0.82414
-0.73679
-0.75688
-0.8077
-0.77775
-0.79138
-0.76977
-0.80743
0
0
0
0
0
0
0
0
0
0
0
0
0
0
0
0
0
0
0
0
0
0
0
0
0
0
0
0
-1.7099
0
0
0
0
0
0
0
0
0
0
0
0
0
0
0
0
0
0
0
0
0
0
0
0
0
0
0
0
0
0
0
0
0
-0.82531
-0.85957
-0.82062
-0.79546
-0.81908
-0.82026
-0.80213
-0.79275
-0.79276
-0.84715
-0.7929
-0.78449
-0.83978
-0.77583
-0.78133
-0.80434
-0.8464
-0.78472
-0.78005
-0.78305
-0.78148
-0.77455
-0.80092
-0.82796
-0.7806
-0.78804
-0.79662
-0.79662
-0.7887
-0.75136
-0.88196
-0.75455
-0.79324
-0.759
-0.78762
37.8856
-0.81064
-0.70218
-0.71808
-0.71808
-0.81296
-0.71665
-0.73369
-0.81136
-0.75792
-0.77191
-0.74959
-0.78677
-0.78456
0
0
0
0
0
0
0
0
0
0
0
0
0
0
0
0
0
0
0
0
0
0
0
0
0
0
0
0
0
0
0
0
0
0
0
0
0
0
0
0
0
0
0
0
0
0
0
0
0
0
0
0
0
0
0
0
0
0
0
0
0
-0.86891
-0.90312
-0.86284
-0.83842
-0.86487
-0.86248
-0.84554
-0.8362
-0.83621
-0.8896
-0.83635
-0.8274
-0.88268
-0.81782
-0.82375
-0.84983
-0.88786
-0.82874
-0.82368
-0.82695
-0.82523
-0.82055
-0.84135
-0.86821
-0.82494
-0.82729
-0.83594
-0.83595
-0.82405
-0.80959
-0.92072
-0.81162
-0.83327
-0.81435
-0.81962
-0.81064
43.0182
-0.75795
-0.76679
-0.76678
-0.84885
-0.76172
-0.78299
-0.84019
-0.80411
-0.81856
0
0
0
0
0
0
0
0
0
0
0
0
0
0
0
0
0
0
0
0
0
0
0
0
0
0
0
0
0
0
0
0
0
0
0
0
0
0
0
0
0
0
0
0
0
0
0
0
0
0
0
0
0
0
0
0
0
0
-5.5336
0
0
0
0
0
-0.78902
-0.82296
-0.7836
-0.75879
-0.78296
-0.78325
-0.76456
-0.75611
-0.75611
-0.81011
-0.75627
-0.74772
-0.80354
-0.73857
-0.73776
-0.76946
-0.80905
-0.74795
-0.74331
-0.74631
-0.74473
-0.73641
-0.7625
-0.78383
-0.73228
-0.74738
-0.75391
-0.75391
-0.74925
-0.70086
-0.8344
-0.70341
-0.75011
-0.70704
-0.73351
-0.70218
-0.75795
35.9998
-0.70554
-0.70554
-0.76378
-0.68654
-0.70735
-0.73575
-0.72612
-0.74124
0
0
0
0
0
0
0
0
0
0
0
0
0
0
0
0
0
0
-2.1669
0
0
0
0
0
0
0
0
0
0
0
0
0
0
0
0
0
0
0
0
0
0
0
0
0
0
0
0
0
0
0
0
0
0
0
0
0
0
0
0
0
0
0
0
0
-0.792
-0.82601
-0.7873
-0.76241
-0.78593
-0.78694
-0.76907
-0.75962
-0.75964
-0.81377
-0.75977
-0.75131
-0.80631
-0.74273
-0.74778
-0.77165
-0.81271
-0.75144
-0.74683
-0.74982
-0.74826
-0.74023
-0.76676
-0.79271
-0.74433
-0.75168
-0.75833
-0.75833
-0.75371
-0.71692
-0.84602
-0.71917
-0.75542
-0.72234
-0.7416
-0.71808
-0.76679
-0.70554
34.0316
-0.66496
-0.77019
-0.66546
-0.7158
-0.76481
-0.7208
-0.74029
0
0
0
0
0
0
0
0
0
0
0
0
0
0
0
0
0
0
0
0
0
0
0
0
0
0
0
0
0
0
0
0
0
0
0
0
0
0
0
0
0
0
0
0
0
0
0
0
0
0
0
0
0
0
0
0
0
0
0
0
0
0
0
0
-0.792
-0.826
-0.7873
-0.76241
-0.78593
-0.78695
-0.76908
-0.75963
-0.75964
-0.81378
-0.75977
-0.75131
-0.80631
-0.74273
-0.74778
-0.77165
-0.81271
-0.75144
-0.74684
-0.74982
-0.74826
-0.74023
-0.76678
-0.7927
-0.74434
-0.75168
-0.75833
-0.75834
-0.75371
-0.71692
-0.84603
-0.71918
-0.75542
-0.72234
-0.7416
-0.71808
-0.76678
-0.70554
-0.66496
34.0317
-0.77018
-0.66546
-0.71581
-0.76481
-0.72079
-0.74028
0
0
0
0
0
0
0
0
0
0
0
0
0
0
0
0
0
0
0
0
0
0
0
0
0
0
0
0
0
0
0
0
0
0
0
0
0
0
0
0
0
0
0
0
0
0
0
0
0
0
0
0
0
0
0
0
0
0
0
0
0
0
0
0
-0.87273
-0.91189
-0.86537
-0.84208
-0.83456
-0.86496
-0.8499
-0.84029
-0.84031
-0.89837
-0.84047
-0.83143
-0.88988
-0.82124
-0.82903
-0.86043
-0.89609
-0.84658
-0.84148
-0.84482
-0.84309
-0.81955
-0.85078
-0.87788
-0.81192
-0.83743
-0.83984
-0.83984
-0.83198
-0.81192
-0.92949
-0.81393
-0.84065
-0.81671
-0.82414
-0.81296
-0.84885
-0.76378
-0.77019
-0.77018
44.8873
-0.7601
-0.7829
0
0
0
0
0
0
0
0
0
0
0
0
0
0
0
0
0
0
0
0
0
0
0
0
0
0
0
0
0
0
0
0
0
0
0
0
0
0
0
0
0
0
-4.5511
0
0
0
0
0
0
0
0
0
0
0
0
-5.1161
0
0
0
0
0
0
0
0
0
0
0
-0.78757
-0.82228
-0.78267
-0.75819
-0.78247
-0.78233
-0.76502
-0.75576
-0.75578
-0.80979
-0.75592
-0.7473
-0.8021
-0.73841
-0.74391
-0.76991
-0.80809
-0.74796
-0.74331
-0.74631
-0.74473
-0.73598
-0.74411
-0.78734
-0.74004
-0.74792
-0.75577
-0.75576
-0.74873
-0.71548
-0.83836
-0.71776
-0.75169
-0.72097
-0.73679
-0.71665
-0.76172
-0.68654
-0.66546
-0.66546
-0.7601
34.4195
-0.68646
0
0
0
0
0
0
0
0
0
0
0
0
0
0
0
0
0
0
0
0
0
0
0
0
0
0
0
0
0
-2.8306
0
0
0
0
0
0
0
0
0
0
0
0
0
0
0
0
0
0
0
0
0
0
0
0
0
0
0
0
0
0
0
0
0
0
0
0
0
-0.80929
-0.84365
-0.80497
-0.77988
-0.80398
-0.80461
-0.78709
-0.77744
-0.77747
-0.83188
-0.7776
-0.76899
-0.82092
-0.75997
-0.76623
-0.79169
-0.82961
-0.76981
-0.7651
-0.76814
-0.76655
-0.75754
-0.78231
-0.80968
-0.76363
-0.7694
-0.77788
-0.77789
-0.76985
-0.7323
-0.85851
-0.73498
-0.77315
-0.73876
-0.75688
-0.73369
-0.78299
-0.70735
-0.7158
-0.71581
-0.7829
-0.68646
36.0125
0
0
0
0
0
0
0
0
0
0
0
0
0
0
0
0
0
0
0
0
0
0
0
0
0
0
0
0
0
0
0
0
0
0
0
0
0
0
0
0
0
-3.4799
0
0
0
0
0
0
0
0
0
0
0
0
0
0
0
0
0
0
0
0
0
0
0
0
0
-0.86036
-0.90033
-0.85609
-0.83015
-0.86156
-0.85572
-0.83778
-0.82785
-0.82786
-0.88712
-0.82801
-0.81895
-0.87799
-0.80942
-0.81604
-0.79536
-0.88448
-0.82266
-0.81772
-0.8209
-0.81923
-0.80643
-0.83227
-0.86588
-0.81084
-0.81794
-0.83403
-0.83403
-0.82043
-0.81043
0
-0.81221
-0.82456
-0.81453
-0.8077
-0.81136
-0.84019
-0.73575
-0.76481
-0.76481
0
0
0
40.7437
0
0
0
0
0
0
0
0
0
0
0
0
0
0
0
0
0
0
0
0
0
0
0
0
0
0
0
0
0
0
0
0
0
0
0
0
0
-4.4901
0
0
0
0
-3.9898
0
0
0
0
0
0
0
0
0
0
0
0
0
0
0
0
0
0
0
0
0
0
0
-0.82952
-0.86365
-0.82507
-0.79929
-0.82391
-0.82472
-0.80607
-0.79662
-0.79664
-0.85063
-0.79678
-0.78804
-0.84309
-0.77448
-0.78436
-0.81026
-0.8501
-0.78954
-0.78482
-0.78788
-0.78628
-0.77639
-0.8029
-0.82904
-0.78
-0.78814
-0.79639
-0.79639
-0.78949
-0.75673
0
-0.75906
-0.79335
-0.76234
-0.77775
-0.75792
-0.80411
-0.72612
-0.7208
-0.72079
0
0
0
0
32.8953
0
0
0
0
0
0
0
0
0
0
0
0
0
0
0
0
0
-1.9458
0
0
0
0
0
0
0
0
0
0
0
0
0
0
0
0
0
0
0
0
0
0
0
0
0
0
0
0
0
0
0
0
0
0
0
0
0
0
0
0
0
0
0
0
0
0
0
-0.84259
-0.87725
-0.83814
-0.81262
-0.83682
-0.83778
-0.81936
-0.80964
-0.80965
-0.86496
-0.80978
-0.80112
-0.85731
-0.7921
-0.79767
-0.82297
-0.86391
-0.80225
-0.79751
-0.80058
-0.79898
-0.7894
-0.81659
-0.84429
-0.7933
-0.80152
-0.809
-0.809
-0.8029
-0.77073
0
-0.77302
-0.80625
-0.7762
-0.79138
-0.77191
-0.81856
-0.74124
-0.74029
-0.74028
0
0
0
0
0
31.4888
0
0
0
0
0
0
0
0
0
0
0
0
0
0
0
0
0
0
0
0
0
0
0
0
0
0
0
0
0
0
0
0
0
0
0
0
0
0
0
0
0
0
0
0
0
0
0
0
0
0
0
0
0
0
0
0
0
0
0
0
0
0
0
0
-0.81968
-0.8546
-0.8164
-0.79033
-0.81584
-0.81605
-0.79478
-0.78805
-0.78807
-0.83589
-0.78821
-0.77948
-0.83421
-0.76444
-0.77449
-0.80218
-0.84058
-0.78105
-0.77632
-0.77939
-0.77777
-0.76837
-0.79386
0
-0.77063
-0.78014
-0.78836
-0.78837
-0.78062
-0.74839
0
-0.75072
-0.78546
-0.75399
-0.76977
-0.74959
0
0
0
0
0
0
0
0
0
0
30.7292
0
0
0
0
0
0
0
0
0
0
0
0
0
-1.9935
0
-1.8896
0
0
0
0
0
0
0
0
0
0
0
0
0
0
0
0
0
0
0
0
0
0
0
0
0
0
0
0
0
0
0
0
0
0
0
0
0
0
0
0
0
0
0
0
0
0
0
-0.85885
-0.89367
-0.85449
-0.82872
-0.85304
-0.85411
-0.83559
-0.8257
-0.82573
-0.88125
-0.82586
-0.81713
-0.87373
-0.80799
-0.81368
-0.83902
-0.88035
-0.81813
-0.81335
-0.81644
-0.81483
-0.80563
-0.83311
-0.86029
-0.80985
-0.81758
-0.8247
-0.8247
-0.81892
-0.78557
0
-0.78788
-0.82248
-0.79113
-0.80743
-0.78677
0
0
0
0
0
0
0
0
0
0
0
29.0077
0
0
0
0
0
0
0
0
0
0
0
0
0
0
0
0
0
0
0
0
0
0
0
0
0
0
0
0
0
0
0
0
0
0
0
0
0
0
0
0
0
0
0
0
0
0
0
0
0
0
0
0
0
0
0
0
0
0
0
0
0
0
-0.85495
-0.88975
-0.8507
-0.82474
-0.84895
-0.85034
-0.83191
-0.82169
-0.8217
-0.87751
-0.82183
-0.81304
-0.87
-0.80406
-0.80981
-0.83503
-0.87656
-0.81386
-0.8091
-0.81218
-0.81056
-0.80144
-0.82954
0
-0.8063
-0.81336
-0.81968
-0.81967
-0.81502
-0.78338
0
-0.78564
0
-0.78878
0
-0.78456
0
0
0
0
0
0
0
0
0
0
0
0
26.3957
0
0
0
0
0
0
0
0
0
0
0
0
0
0
0
0
0
0
0
0
0
0
0
0
0
0
0
0
0
0
0
0
0
0
0
0
0
0
0
0
0
0
0
0
0
0
0
0
0
0
0
0
0
0
0
0
0
0
0
0
0
-0.85002
-0.89541
-0.85749
-0.83248
-0.86078
-0.85712
-0.83081
-0.83102
-0.83104
-0.87996
-0.83119
-0.82217
-0.86405
-0.81179
-0.82007
-0.84771
-0.88256
-0.82432
-0.81948
-0.8226
-0.82096
-0.81173
0
0
0
0
-0.83425
-0.83424
0
0
0
0
0
0
0
0
0
0
0
0
0
0
0
0
0
0
0
0
0
27.8251
0
0
0
0
0
0
0
0
0
0
0
0
0
0
0
-2.1304
0
-2.3964
0
0
0
0
0
-3.1251
0
0
0
0
0
0
0
0
0
0
0
0
0
0
0
0
0
0
0
0
0
0
0
0
0
0
0
0
0
0
0
0
0
0
0
0
-0.89468
-0.93158
-0.89241
-0.86574
-0.89205
-0.89202
-0.87314
-0.86394
-0.86395
-0.91837
-0.86411
-0.85491
-0.91029
-0.84471
-0.85173
-0.87938
-0.91616
-0.85648
-0.85159
-0.85475
-0.85308
-0.84357
0
0
0
0
0
0
0
0
0
0
0
0
0
0
0
0
0
0
0
0
0
0
0
0
0
0
0
0
24.5667
0
0
0
0
0
0
0
0
0
0
0
0
0
0
0
0
0
-2.5665
0
0
0
0
0
0
0
0
0
-2.7315
0
0
0
0
0
0
0
0
0
0
0
0
0
0
0
0
0
0
0
0
0
0
0
0
0
0
0
0
0
0
0
-1.0514
-1.0883
-1.0479
-1.02
-1.0452
-1.0475
-1.0274
-1.0169
-1.017
-1.0756
-1.0171
-1.0076
-1.0675
-0.99767
-1.0044
-1.0306
-1.0765
-1.0087
-1.0037
-1.007
-1.0052
-0.9979
0
0
0
0
0
0
0
0
0
0
0
0
0
0
0
0
0
0
0
0
0
0
0
0
0
0
0
0
0
22.661
0
0
0
0
0
0
0
0
0
0
0
0
0
0
0
0
0
0
0
0
0
0
0
0
0
0
0
0
0
0
0
0
0
0
0
0
0
0
0
0
0
0
0
0
0
0
0
0
0
0
0
0
0
0
0
0
0
0
-0.96449
-1.0009
-0.9611
-0.93381
-0.95866
-0.96073
-0.94114
-0.9308
-0.93082
-0.98846
-0.93096
-0.92167
-0.98056
-0.91219
-0.9188
-0.94433
-0.98962
-0.92262
-0.91766
-0.92087
-0.91919
-0.91263
0
0
0
0
0
0
0
0
0
0
0
0
0
0
0
0
0
0
0
0
0
0
0
0
0
0
0
0
0
0
20.762
0
0
0
0
0
0
0
0
0
0
0
0
0
0
0
0
0
0
0
0
0
0
0
0
0
0
0
0
0
0
0
0
0
0
0
0
0
0
0
0
0
0
0
0
0
0
0
0
0
0
0
0
0
0
0
0
0
-1.095
-1.1321
-1.0913
-1.0631
-1.0885
-1.0909
-1.0707
-1.0601
-1.0601
-1.1193
-1.0602
-1.0505
-1.111
-1.0404
-1.0472
-1.0737
-1.12
-1.0517
-1.0466
-1.0499
-1.0482
-1.0404
0
0
0
0
0
0
0
0
0
0
0
0
0
0
0
0
0
0
0
0
0
0
0
0
0
0
0
0
0
0
0
23.6109
0
0
0
0
0
0
0
0
0
0
0
0
0
0
0
0
0
0
0
0
0
0
0
0
0
0
0
0
0
0
0
0
0
0
0
0
0
0
0
0
0
0
0
0
0
0
0
0
0
0
0
0
0
0
0
0
-0.88642
-0.92011
-0.8846
-0.8576
-0.88264
-0.88424
-0.86428
-0.8547
-0.85473
-0.90817
-0.85488
-0.84668
-0.89976
-0.83759
-0.84356
-0.86905
0
-0.84737
-0.84251
-0.84567
-0.84402
0
0
0
0
0
0
0
0
0
0
0
0
0
0
0
0
0
0
0
0
0
0
0
0
0
0
0
0
0
0
0
0
0
21.4356
0
0
0
0
0
0
0
0
0
0
0
0
0
0
0
0
0
0
0
0
0
0
0
0
0
0
0
0
0
0
0
0
0
0
0
0
0
0
0
0
0
0
0
0
0
-4.107
0
0
0
0
0
0
0
0
0
-0.90921
-0.94498
-0.90571
-0.87902
-0.90331
-0.90533
-0.88634
-0.87598
-0.87601
-0.93327
-0.87615
-0.86794
-0.92564
-0.85905
-0.86516
-0.89
-0.93273
-0.86846
-0.8636
-0.86674
-0.86509
0
0
0
0
0
0
0
0
0
0
0
0
0
0
0
0
0
0
0
0
0
0
0
0
0
0
0
0
0
0
0
0
0
0
18.6997
0
0
0
0
0
0
0
0
0
0
0
0
0
0
0
0
0
0
0
0
0
0
0
0
0
0
0
0
0
0
0
0
0
0
0
0
0
0
0
0
0
0
0
0
0
0
0
0
0
0
0
0
0
0
-0.81165
-0.84465
-0.8095
-0.78368
-0.80797
-0.80915
-0.79021
-0.78079
-0.78081
-0.83284
-0.78094
-0.77273
-0.82476
-0.7643
-0.76989
-0.79455
0
-0.77331
-0.76857
-0.77164
-0.77004
0
0
0
0
0
0
0
0
0
0
0
0
0
0
0
0
0
0
0
0
0
0
0
0
0
0
0
0
0
0
0
0
0
0
0
19.5363
0
0
0
0
0
0
0
0
0
0
0
0
0
0
0
0
0
0
0
0
0
0
0
0
0
0
0
0
0
0
0
0
0
0
0
0
0
-3.6944
0
0
0
0
0
0
0
0
0
0
0
0
0
0
0
-0.91498
-0.94766
-0.91476
-0.88907
-0.91228
-0.91484
-0.89556
-0.88665
-0.88666
-0.9326
-0.88682
-0.87654
0
0
0
0
0
0
0
0
0
0
0
0
0
0
0
0
0
0
0
0
0
0
0
0
0
0
0
0
0
0
0
0
0
0
0
0
0
0
0
0
0
0
0
0
0
16.4237
0
0
0
0
0
0
0
0
0
0
0
0
0
0
0
0
0
0
0
0
0
0
0
0
0
-2.7773
0
0
0
-2.7879
0
0
0
0
0
0
0
0
0
0
0
0
0
0
0
0
0
0
0
0
0
0
-1.3983
-1.43
-1.3915
-1.3605
-1.3854
-1.391
-1.3704
-1.3576
-1.3576
0
-1.3578
-1.3479
0
0
0
0
0
0
0
0
0
0
0
0
0
0
0
0
0
0
-1.4499
0
0
0
0
0
0
0
0
0
0
0
0
0
0
0
0
0
0
0
0
0
0
0
0
0
0
0
16.5978
0
0
0
0
0
0
0
0
0
0
0
0
0
0
0
0
0
0
0
0
0
0
0
0
0
0
0
0
0
0
0
0
0
0
0
0
0
0
0
0
0
0
0
0
0
0
0
0
0
0
0
-1.3342
-1.3678
-1.3336
-1.3034
-1.3313
-1.3332
-1.3103
-1.2994
-1.2994
0
-1.2996
0
0
0
0
0
0
0
0
0
0
0
0
0
0
0
0
0
0
0
0
0
0
0
0
0
0
0
0
0
0
0
0
0
0
0
0
0
0
0
0
0
0
0
0
0
0
0
0
18.196
0
0
0
0
0
0
0
0
0
0
0
0
0
0
0
0
0
0
0
0
0
0
0
0
0
0
0
0
0
0
-4.9837
0
0
0
0
0
0
0
0
0
0
0
0
0
0
0
0
0
0
0
0
0
0
0
0
0
0
0
0
-2.1778
0
0
0
0
0
0
0
0
0
0
0
0
0
0
0
0
0
0
0
0
0
0
0
0
0
0
0
0
0
0
0
0
0
0
0
0
-1.9935
0
0
0
0
0
0
0
0
0
0
0
0
0
13.1766
-1.9476
0
-2.1692
0
-2.1186
-2.7698
0
0
0
0
0
0
0
0
0
0
0
0
0
0
0
0
0
0
0
0
0
0
0
0
0
0
0
0
0
0
0
0
0
0
0
0
0
0
0
0
0
0
0
0
0
0
0
0
0
0
0
0
0
0
0
0
0
0
0
0
0
0
0
0
0
0
0
0
0
0
0
0
0
0
0
0
0
0
0
0
0
0
0
0
0
0
0
0
0
0
0
0
0
0
0
0
0
0
0
0
0
0
0
-1.9476
17.2815
-2.1162
-2.8254
0
-2.257
0
0
0
0
0
0
0
0
0
0
0
-3.5204
0
0
0
0
0
0
0
0
0
0
0
0
0
-4.6149
0
0
0
0
0
0
0
0
0
0
0
0
0
0
0
0
0
0
0
0
0
0
0
0
0
0
0
0
0
0
0
-1.9989
0
0
0
0
0
0
0
0
0
0
0
0
0
0
0
0
0
0
0
0
0
0
0
0
0
0
0
0
0
0
-1.9458
0
-1.8896
0
0
0
0
0
0
0
0
0
0
0
0
0
0
-2.1162
14.557
0
0
0
0
0
0
0
0
0
0
0
0
0
0
0
0
0
0
0
-2.5844
0
0
0
0
0
0
0
0
0
0
0
0
0
0
0
0
0
0
0
0
-4.0222
0
0
0
0
0
0
0
0
0
0
0
0
0
0
0
0
0
0
0
0
0
0
0
0
0
0
0
0
0
-3.0407
0
0
0
0
0
0
0
0
0
0
0
0
0
0
0
0
0
0
0
0
0
0
0
0
0
0
0
0
0
0
0
0
0
0
0
0
-2.1692
-2.8254
0
11.4135
-2.7331
0
0
0
0
0
0
0
0
0
0
0
0
0
0
0
0
0
0
0
0
0
0
0
0
0
0
0
0
0
0
-0.64497
0
0
0
0
0
0
0
0
0
0
0
0
0
0
0
0
0
0
0
0
0
0
0
0
0
0
0
0
-2.2808
0
0
0
0
0
0
0
0
0
-2.2342
0
0
0
0
0
-2.3558
0
0
0
0
0
0
-2.1669
0
0
0
0
0
0
0
0
0
0
0
0
0
0
0
0
0
0
0
0
0
0
0
0
0
-2.7331
11.7708
0
0
0
0
0
0
0
0
0
0
0
0
0
0
0
0
0
0
0
0
0
0
0
0
0
0
0
0
0
0
0
0
0
0
0
0
0
0
0
0
0
0
0
0
0
0
0
0
0
0
0
-2.3046
0
0
0
0
0
0
0
0
0
0
0
0
0
0
0
0
-2.26
0
0
0
0
0
0
0
0
0
0
0
0
0
0
0
0
0
0
0
0
0
0
0
0
0
-2.1304
0
0
0
0
0
0
0
0
0
0
-2.1186
-2.257
0
0
0
11.0706
0
0
0
0
0
0
0
0
0
0
0
0
0
0
0
0
0
0
0
0
0
0
0
0
0
0
0
0
0
0
0
0
0
0
0
0
0
0
0
0
0
0
0
0
0
0
0
0
0
0
0
0
0
0
0
0
0
0
0
0
0
0
0
0
0
0
0
0
0
0
0
0
0
0
0
0
0
0
0
0
0
0
0
0
0
0
0
0
0
0
0
0
0
0
0
0
0
0
0
0
0
0
0
0
-2.7698
0
0
0
0
0
13.305
0
0
0
-2.9908
0
0
0
0
0
0
0
0
0
0
0
0
0
-3.4879
0
0
0
0
0
0
0
0
0
0
0
0
0
0
0
0
0
0
0
0
0
0
-4.0565
0
0
0
0
0
0
0
0
0
0
0
0
0
0
-2.6504
0
0
0
0
0
0
0
0
0
0
0
0
0
0
0
0
0
0
0
0
0
0
0
0
0
0
0
0
0
0
0
0
0
0
0
0
-2.3964
0
0
0
0
0
0
0
0
0
0
0
0
0
0
0
0
0
11.4574
0
0
-3.5914
0
0
0
0
0
0
-2.8192
0
0
0
0
0
0
0
0
0
0
0
0
0
0
0
0
0
0
0
0
0
0
0
0
0
0
0
0
0
0
0
0
0
0
0
0
0
0
0
0
0
0
0
0
0
0
0
0
0
0
0
0
0
0
0
-2.7743
0
-2.7218
0
0
0
0
0
0
0
0
0
0
0
0
0
0
0
0
0
0
0
0
0
0
0
0
-2.5665
0
0
0
0
0
0
0
0
0
0
0
0
0
0
0
0
0
12.4655
0
0
0
0
0
0
0
0
0
0
0
0
0
0
0
0
0
0
0
0
0
0
0
0
0
0
0
0
0
0
0
0
-4.4029
0
0
0
0
0
0
0
0
0
0
0
-1.3895
0
0
0
0
0
0
0
0
0
0
0
0
-1.434
0
0
0
0
0
0
0
0
0
0
0
0
0
0
0
0
0
0
0
0
0
0
0
0
0
0
0
0
0
0
0
0
0
0
0
0
0
0
0
0
0
0
0
0
0
0
0
0
0
0
0
0
9.6885
0
0
0
0
0
-2.8717
0
0
0
0
0
0
-3.9933
0
0
0
0
0
0
0
0
0
0
0
0
0
0
0
0
0
0
0
0
0
0
0
0
0
0
0
0
0
0
0
0
0
0
0
0
0
0
0
0
0
0
0
0
0
0
0
0
0
0
0
0
0
0
0
0
0
0
0
0
0
0
0
0
0
0
0
0
0
0
0
0
0
0
0
0
0
0
0
0
0
0
0
0
0
0
0
0
0
0
0
0
0
-2.9908
-3.5914
0
0
9.5229
0
0
0
-2.9407
0
0
0
0
0
0
0
0
0
0
0
0
0
0
0
0
0
0
0
0
0
0
0
0
0
0
0
0
0
0
0
0
0
0
0
0
0
0
0
0
0
0
0
0
0
0
0
0
0
0
0
0
0
0
0
0
0
0
0
0
0
0
0
0
0
0
0
0
0
0
0
0
0
0
0
0
0
0
0
0
0
0
0
0
0
0
0
0
0
0
0
0
0
0
0
0
0
0
0
0
0
0
0
0
0
0
10.1026
0
0
0
0
0
0
-3.5293
0
0
0
0
0
0
0
-3.6692
0
-2.9041
0
0
0
0
0
0
0
0
0
0
0
0
0
0
0
0
0
0
0
0
0
0
0
0
0
0
0
0
0
0
0
0
0
0
0
0
0
0
0
0
0
0
0
-2.9134
0
0
0
0
0
0
0
0
0
0
0
0
0
0
0
0
0
0
-2.8306
0
0
0
0
0
0
0
0
0
0
0
0
0
0
0
0
0
0
0
0
0
0
0
0
0
0
0
0
0
0
9.0767
0
0
0
0
0
-3.3327
0
0
0
0
0
0
0
0
0
0
0
0
0
0
0
0
0
0
0
0
0
0
0
0
0
0
0
0
0
0
0
0
0
0
0
0
0
0
0
0
0
0
0
0
0
0
0
0
0
0
0
0
0
-3.4285
0
0
0
0
0
0
0
0
0
0
0
0
0
0
0
0
0
0
0
0
0
0
0
0
0
0
-3.1251
0
0
0
0
0
0
0
0
0
0
0
0
0
0
0
0
0
0
0
0
0
0
0
9.1
0
0
-2.5464
0
0
0
0
0
0
0
0
0
0
0
0
0
0
0
0
0
0
0
0
0
0
0
0
0
0
0
0
0
0
0
0
0
0
0
0
0
0
0
0
0
0
0
0
0
0
0
0
0
0
0
0
0
0
0
0
0
-3.0398
0
0
0
0
0
-3.2183
0
0
0
0
0
0
0
0
0
0
0
0
0
0
0
0
0
0
0
0
0
0
0
0
0
0
0
0
0
0
0
0
0
0
0
0
0
0
0
-2.9407
0
0
0
9.1989
0
0
0
0
0
0
0
0
0
0
0
0
0
0
0
0
0
0
0
0
0
0
0
0
0
0
0
0
0
0
0
0
0
0
0
-1.0128
0
0
0
0
0
0
0
0
0
0
0
0
0
0
0
0
0
0
0
0
0
0
0
0
0
0
0
0
0
0
0
0
0
0
0
0
0
0
0
0
0
0
0
0
0
0
0
0
0
0
0
0
0
0
0
0
0
0
0
0
0
0
0
0
0
0
0
0
-2.8717
0
0
0
0
0
7.6716
0
0
0
0
0
0
0
0
0
0
0
0
0
0
0
0
0
0
0
0
0
0
0
-3.7871
0
0
0
0
0
0
0
0
0
0
0
0
0
0
0
0
0
0
0
0
0
0
0
0
0
0
0
0
0
0
0
0
0
0
0
0
0
0
0
0
0
0
0
0
-1.7099
0
0
0
0
0
0
0
0
0
0
0
0
0
0
0
0
0
0
0
0
0
0
0
0
0
0
0
0
0
0
0
0
0
0
0
0
0
0
-2.5464
0
0
8.4115
0
0
0
0
0
0
0
0
0
0
0
0
0
0
0
0
0
0
0
0
0
0
0
0
0
0
0
0
0
-4.1552
0
0
0
-3.958
0
0
0
0
0
0
0
0
0
0
0
0
0
0
0
0
0
0
0
0
0
0
0
0
0
0
0
0
0
0
0
0
0
0
0
0
0
0
0
0
0
0
0
0
0
0
0
0
0
0
0
0
0
0
0
0
0
0
0
0
-3.5204
0
0
0
0
0
-2.8192
0
0
0
0
0
0
0
0
0
10.2976
0
0
0
0
0
0
0
0
0
0
0
0
0
0
0
0
0
0
0
0
0
0
0
0
0
0
0
0
0
0
0
0
0
0
0
0
0
0
0
0
0
0
0
0
0
0
0
0
0
0
0
0
0
0
0
0
0
0
0
0
0
0
0
0
0
0
0
0
0
0
0
0
0
0
0
0
0
0
0
0
0
0
-2.7315
0
0
0
0
0
0
0
0
0
0
0
0
0
0
0
0
0
0
0
0
-3.5293
-3.3327
0
0
0
0
0
9.5935
0
0
0
0
0
0
0
0
0
0
0
0
0
0
0
0
0
0
0
0
0
0
0
0
0
0
0
0
0
0
0
0
0
0
0
0
0
0
0
0
0
0
0
0
0
0
0
0
0
0
0
0
0
0
0
0
0
0
0
0
0
-3.9517
0
0
0
0
0
0
0
0
0
0
0
0
0
0
0
0
0
0
0
0
0
0
0
0
0
0
0
0
0
0
0
0
0
0
0
0
0
0
0
0
0
0
0
0
0
0
0
0
7.6622
0
0
0
0
0
0
0
0
0
-3.7105
0
0
0
0
0
0
0
0
0
0
0
0
0
0
0
0
0
0
0
0
0
0
0
0
0
0
0
0
0
0
0
0
0
0
0
0
0
0
0
0
0
0
-3.6613
0
0
0
0
0
0
0
0
0
0
0
0
0
0
0
0
0
0
0
0
0
0
0
0
0
0
0
0
0
0
0
0
0
0
0
0
0
0
0
0
0
0
0
0
0
0
0
0
0
0
0
0
0
0
0
0
0
7.7067
0
0
0
0
0
0
0
-4.0454
0
0
0
0
0
0
0
0
0
0
0
0
0
0
0
0
0
0
0
0
0
0
0
0
0
0
0
0
0
0
0
0
0
0
0
0
-4.7077
0
0
0
0
0
0
0
0
0
0
0
0
0
0
0
0
0
0
0
0
0
0
0
0
0
0
0
-4.4901
0
0
0
0
0
0
0
0
0
0
0
0
0
0
0
0
0
0
0
0
0
0
0
0
0
0
0
0
0
0
0
0
0
0
0
0
0
9.1978
0
0
0
0
0
0
0
0
0
0
0
0
0
0
0
0
0
0
0
0
0
0
0
0
0
0
0
0
0
0
0
0
0
0
0
0
0
0
0
0
0
0
0
0
0
0
0
0
0
0
0
0
0
0
0
0
0
0
0
0
0
0
0
0
0
0
0
0
0
0
0
0
0
0
0
0
0
0
0
0
0
0
0
0
0
0
0
0
0
0
-2.5844
0
0
0
0
0
0
-3.9933
0
0
0
0
0
0
0
0
0
0
0
0
6.5777
0
0
0
0
0
0
0
0
0
0
0
0
0
0
0
0
0
0
0
0
0
0
0
0
0
0
0
0
0
0
0
0
-2.6281
0
0
0
0
0
0
0
0
0
0
0
0
0
0
0
0
0
0
0
0
0
0
0
0
0
0
0
0
0
0
0
0
0
0
0
0
0
0
0
0
0
0
0
0
0
0
0
0
0
0
0
-2.7773
0
0
0
0
0
0
0
0
0
0
0
0
0
0
0
0
0
0
0
0
0
0
0
0
0
5.4054
0
0
0
0
0
0
0
0
0
0
0
0
0
0
0
0
0
0
0
0
0
0
0
0
0
0
0
0
0
0
0
0
0
0
0
0
0
0
0
0
0
0
0
0
0
0
0
0
0
0
0
0
0
0
0
0
0
0
0
0
0
0
0
0
0
0
0
0
-3.4799
0
0
0
0
0
0
0
0
0
0
0
0
0
0
0
0
0
0
0
0
0
0
0
-3.4879
0
0
0
0
0
0
0
0
0
0
0
0
0
0
0
0
0
6.9678
0
0
0
0
0
0
0
0
0
0
0
0
0
0
0
0
0
0
0
0
0
0
0
0
0
0
0
0
0
-4.6396
0
0
0
0
0
0
0
0
0
0
0
0
0
0
0
0
0
0
0
0
0
0
0
0
0
0
0
0
0
0
0
0
0
0
0
-4.5511
0
0
0
0
0
0
0
0
0
0
0
0
0
0
0
0
0
0
0
0
0
0
0
0
0
0
0
0
0
0
0
0
0
0
0
0
0
0
0
0
0
0
0
0
9.1907
0
0
0
0
0
0
0
0
0
0
0
0
0
0
0
0
0
0
0
0
0
0
0
0
0
0
0
0
0
0
0
0
0
0
0
0
0
0
0
0
0
0
0
0
0
0
0
0
0
0
0
0
0
0
0
0
0
0
0
0
0
0
0
0
0
0
0
-3.9898
0
0
0
0
0
0
0
0
0
0
0
0
0
0
0
0
0
0
0
0
0
0
0
0
0
0
0
-3.6692
0
0
0
0
0
0
0
0
0
0
0
0
0
0
7.659
0
0
0
0
0
0
0
0
0
0
0
0
0
0
0
0
0
0
0
0
0
0
0
0
0
-2.6473
0
0
0
0
0
0
0
0
0
0
0
0
0
0
0
0
0
0
0
0
0
0
0
0
0
0
0
0
0
0
0
0
0
0
0
0
0
0
0
0
0
0
0
0
0
0
0
0
0
0
0
0
0
0
-2.7879
0
0
0
0
0
0
0
0
0
0
0
0
0
0
0
0
0
0
0
0
0
0
0
0
0
0
0
0
0
5.4352
0
0
0
0
0
0
0
0
0
0
0
0
0
0
0
0
0
0
0
0
0
0
0
0
0
0
0
0
0
0
0
0
0
0
0
0
0
0
0
0
0
0
0
0
0
0
0
0
0
0
0
0
0
0
0
0
0
0
0
0
0
0
0
0
0
0
0
0
0
0
0
0
0
0
0
0
0
0
0
0
0
0
0
0
0
0
0
0
0
0
0
0
0
-2.9041
0
0
0
0
0
0
0
0
-4.0454
0
0
0
0
0
0
0
6.9495
0
0
0
0
0
0
0
0
0
0
0
0
0
0
0
0
0
0
0
0
0
0
0
0
0
0
0
0
0
0
0
0
0
0
0
0
0
0
0
0
0
0
0
0
0
0
0
0
0
0
0
0
0
-3.8624
0
0
0
0
0
0
0
0
0
0
0
0
0
0
0
0
0
0
0
0
0
0
0
0
0
0
0
0
0
0
0
0
0
0
0
0
0
0
0
0
0
0
0
0
0
0
-3.7105
0
0
0
0
0
0
0
0
0
7.5729
0
0
0
0
0
0
0
0
0
0
0
0
0
0
0
0
0
0
0
0
0
0
0
0
0
0
0
0
0
0
0
0
0
0
0
0
0
0
0
0
0
0
0
0
0
0
0
0
0
0
0
0
0
0
0
0
0
0
0
0
0
0
0
0
0
0
0
0
0
0
0
0
0
0
0
0
0
0
0
-4.9837
0
0
0
0
0
0
0
0
0
0
0
0
0
0
0
0
0
0
0
0
0
0
0
0
0
0
0
0
0
0
4.9837
0
0
0
0
0
0
0
0
0
0
0
0
0
0
0
0
0
0
0
0
0
0
0
0
0
0
0
0
0
0
0
0
0
0
0
0
0
0
0
0
0
0
0
0
0
0
0
0
0
0
0
0
0
0
0
0
0
0
0
0
0
0
0
0
0
0
0
0
0
0
0
0
0
0
0
0
0
0
0
0
-4.6149
0
0
0
0
0
0
0
0
0
0
0
0
0
0
0
0
0
0
0
0
0
0
0
0
0
0
0
0
0
4.6149
0
0
0
0
0
0
0
0
0
0
0
0
0
0
0
0
0
0
0
0
0
0
0
0
0
0
0
0
0
0
0
0
0
0
0
0
0
0
0
0
0
0
0
0
0
0
0
0
-7.4733
0
0
0
0
0
0
0
0
0
0
0
0
0
0
0
0
0
0
0
0
0
0
0
0
0
0
0
0
0
0
0
0
0
0
0
0
0
0
0
0
0
0
0
0
0
0
0
0
0
0
0
0
0
0
0
0
0
0
0
0
0
7.4733
0
0
0
0
0
0
0
0
0
0
0
0
0
0
0
0
0
0
0
0
0
0
0
0
0
0
0
0
0
-7.3096
0
0
0
0
0
0
0
0
0
0
0
0
0
0
0
0
0
0
0
0
0
0
0
0
0
0
0
0
0
0
0
0
0
0
0
0
0
0
0
0
0
0
0
0
0
0
0
0
0
0
0
0
0
0
0
0
0
0
0
0
0
0
0
0
0
0
0
0
0
0
0
0
0
0
0
0
0
0
0
0
7.3096
0
0
0
0
0
0
0
0
0
0
0
0
0
0
0
0
0
0
0
0
0
0
0
0
0
0
0
0
0
0
0
0
0
0
0
0
0
0
0
0
0
0
0
0
0
0
0
0
0
0
0
0
0
0
0
0
0
0
0
0
0
0
0
0
0
0
0
0
0
0
0
0
-3.6944
0
0
0
0
0
0
0
0
0
0
0
0
0
0
0
0
0
0
0
0
0
0
0
0
0
0
0
0
0
0
0
0
0
0
0
0
0
3.6944
0
0
0
0
0
0
0
0
0
0
0
0
0
0
0
0
0
0
0
0
0
0
0
0
0
0
0
0
0
0
0
0
0
0
0
0
0
0
0
0
0
0
0
0
0
0
0
0
0
0
0
0
0
0
0
0
0
0
0
0
0
0
0
0
0
0
0
0
0
0
0
0
0
0
0
0
0
0
-0.64497
0
0
0
0
0
0
0
0
0
0
0
0
0
0
0
0
0
0
0
0
0
0
0
0
0
0
0
0
0
0
0
0.64497
0
0
0
0
0
0
0
0
0
0
0
0
0
0
0
0
0
0
0
0
0
0
0
-7.6546
0
0
0
0
0
0
0
0
0
0
0
0
0
0
0
0
0
0
0
0
0
0
0
0
0
0
0
0
0
0
0
0
0
0
0
0
0
0
0
0
0
0
0
0
0
0
0
0
0
0
0
0
0
0
0
0
0
0
0
0
0
0
0
0
0
0
0
0
0
0
0
0
0
0
0
0
0
0
0
0
0
0
0
0
0
0
7.6546
0
0
0
0
0
0
0
0
0
0
0
0
0
0
0
0
0
0
0
0
0
0
0
0
0
0
0
0
0
0
0
0
0
0
0
0
0
0
0
0
0
0
0
-7.4733
0
0
0
0
0
0
0
0
0
0
0
0
0
0
0
0
0
0
0
0
0
0
0
0
0
0
0
0
0
0
0
0
0
0
0
0
0
0
0
0
0
0
0
0
0
0
0
0
0
0
0
0
0
0
0
0
0
0
0
0
0
0
0
0
0
0
7.4733
0
0
0
0
0
0
0
0
0
0
0
0
0
0
0
0
0
0
0
0
0
0
0
0
0
0
0
0
0
0
0
0
0
0
0
0
0
0
0
0
0
0
0
0
0
0
0
0
0
0
0
0
-5.1161
0
0
0
0
0
0
0
0
0
0
0
0
0
0
0
0
0
0
0
0
0
0
0
0
0
0
0
0
0
0
0
0
0
0
0
0
0
0
0
0
0
0
0
0
0
0
0
0
0
0
0
0
0
0
0
0
0
5.1161
0
0
0
0
0
0
0
0
0
0
0
0
0
0
0
0
0
0
0
0
0
0
0
0
0
0
0
0
0
0
0
0
0
0
0
0
0
0
0
0
0
0
0
0
0
0
0
0
0
0
0
0
0
0
0
0
0
0
0
0
0
0
0
0
0
0
0
0
0
0
0
0
0
0
0
0
0
0
0
0
0
0
0
0
0
0
-3.7871
0
0
0
0
0
0
0
0
0
0
0
0
0
0
0
0
0
0
0
0
0
0
0
3.7871
0
0
0
0
0
0
0
0
0
0
0
0
0
0
0
0
0
0
0
0
0
0
0
0
0
0
0
0
0
0
0
0
0
0
0
0
0
0
0
0
0
0
0
0
0
0
0
0
0
0
0
0
0
0
0
0
0
0
0
0
0
0
0
0
-4.107
0
0
0
0
0
0
0
0
0
0
0
0
0
0
0
0
0
0
0
0
0
0
0
0
0
0
0
0
0
0
0
0
0
0
0
0
0
0
0
0
0
0
0
0
0
4.107
0
0
0
0
0
0
0
0
0
0
0
0
0
0
0
0
0
0
0
0
0
0
0
0
0
0
0
0
0
0
0
0
0
0
0
0
0
0
0
0
0
0
0
0
0
0
0
0
0
0
0
0
0
0
0
0
0
0
0
0
0
0
0
0
0
0
0
0
0
0
0
0
0
0
0
0
0
-4.4029
0
0
0
0
0
0
0
0
0
0
0
0
0
0
0
0
0
0
0
0
0
0
0
0
0
0
0
0
0
0
0
0
4.4029
0
0
0
0
0
0
0
0
0
-7.7253
0
0
0
0
0
0
0
0
0
0
0
0
0
0
0
0
0
0
0
0
0
0
0
0
0
0
0
0
0
0
0
0
0
0
0
0
0
0
0
0
0
0
0
0
0
0
0
0
0
0
0
0
0
0
0
0
0
0
0
0
0
0
0
0
0
0
0
0
0
0
0
0
0
0
0
0
0
0
0
0
0
0
0
0
0
0
0
0
0
0
0
0
0
0
0
0
0
0
0
0
7.7253
0
0
0
0
0
0
0
0
0
0
0
0
0
0
0
0
0
0
0
0
0
0
0
0
0
0
0
0
0
0
0
0
0
0
0
0
0
0
0
0
0
0
0
0
0
0
0
0
0
0
0
0
0
0
0
0
0
0
0
0
0
0
0
0
0
0
0
0
0
-4.0222
0
0
0
0
0
0
0
0
0
0
0
0
0
0
0
0
0
0
0
0
0
0
0
0
0
0
0
0
0
0
0
0
0
0
0
0
0
0
0
0
4.0222
0
0
0
0
0
0
0
0
0
0
0
0
0
0
0
0
0
0
0
0
0
0
0
0
0
0
0
0
0
0
0
0
0
0
0
0
0
0
0
0
0
0
-5.5336
0
0
0
0
0
0
0
0
0
0
0
0
0
0
0
0
0
0
0
0
0
0
0
0
0
0
0
0
0
0
0
0
0
0
0
0
0
0
0
0
0
0
0
0
0
0
0
0
0
0
0
0
0
0
0
0
0
0
0
0
0
0
0
0
0
0
0
5.5336
0
0
0
0
0
0
0
0
0
0
0
0
0
0
0
0
0
0
0
0
0
-7.1129
0
0
0
0
0
0
0
0
0
0
0
0
0
0
0
0
0
0
0
0
0
0
0
0
0
0
0
0
0
0
0
0
0
0
0
0
0
0
0
0
0
0
0
0
0
0
0
0
0
0
0
0
0
0
0
0
0
0
0
0
0
0
0
0
0
0
0
0
0
0
0
0
0
0
0
0
0
0
0
0
0
0
0
0
0
0
0
0
7.1129
0
0
0
0
0
0
0
0
0
0
0
0
0
0
0
0
0
0
0
0
0
0
0
0
0
0
0
0
0
0
0
0
0
0
0
0
0
0
0
0
0
0
0
0
0
0
0
0
0
0
0
0
0
0
0
0
0
0
0
0
0
0
0
0
0
0
0
0
0
0
0
0
0
0
0
0
0
0
0
0
-4.1552
0
0
0
0
0
0
0
0
0
0
0
0
0
0
0
0
0
0
0
0
0
0
0
0
0
0
0
0
0
4.1552
0
0
0
0
0
0
0
0
0
0
0
0
0
0
0
0
0
0
0
0
0
0
0
0
0
0
0
0
0
0
0
0
0
0
0
0
0
0
0
0
0
0
0
0
0
0
0
0
0
0
0
0
0
0
0
0
0
0
0
0
0
0
0
0
0
0
0
0
0
-4.0565
0
0
0
0
0
0
0
0
0
0
0
0
0
0
0
0
0
0
0
0
0
0
0
0
0
0
0
0
0
0
0
0
0
0
0
0
0
0
0
0
4.0565
0
0
0
0
0
0
0
0
0
0
0
0
0
0
0
0
0
0
0
0
0
0
0
0
0
0
0
0
0
0
-5.7364
0
0
0
0
0
0
0
0
0
0
0
0
0
0
0
0
0
0
0
0
0
0
0
0
0
0
0
0
0
0
0
0
0
0
0
0
0
0
0
0
0
0
0
0
0
0
0
0
0
0
0
0
0
0
0
0
0
0
0
0
0
0
0
0
0
0
0
0
0
0
0
0
0
0
0
0
0
0
0
5.7364
0
0
0
0
0
0
0
0
0
0
0
0
0
0
0
0
0
0
0
0
0
0
0
0
-6.0881
0
0
0
0
0
0
0
0
0
0
0
0
0
0
0
0
0
0
0
0
0
0
0
0
0
0
0
0
0
0
0
0
0
0
0
0
0
0
0
0
0
0
0
0
0
0
0
0
0
0
0
0
0
0
0
0
0
0
0
0
0
0
0
0
0
0
0
0
0
0
0
0
0
0
0
0
0
0
0
0
0
0
0
0
0
6.0881
