1
0.9657
0.94841
0.94001
0.93332
0.92798
0.92348
0.91493
0.90718
0.90016
0.89366
0.8876
0.88188
0.87652
0.87137
0.86648
0.86174
0.85719
0.85274
0.84845
0.84423
0.84013
0.83609
0.83214
0.82823
0.82439
0.8206
0.81685
0.81314
0.80946
0.80582
0.8022
0.79861
0.79505
0.79153
0.78806
0.78463
0.78127
0.77797
0.77474
0.77158
0.76851
0.76551
0.76259
0.75976
0.757
0.75431
0.75169
0.74913
0.74665
0.74422
0.74185
0.73954
0.73728
0.73507
0.73291
0.73079
0.72872
0.72669
0.72471
0.72277
0.72087
0.71901
0.7172
0.71542
0.71369
0.71199
0.71033
0.70871
0.70713
0.70559
0.70409
0.70263
0.7012
0.69983
0.69849
0.69719
0.69592
0.6947
0.6935
0.69232
0.69117
0.69004
0.68894
0.68786
0.68681
0.68578
0.68478
0.68381
0.68286
0.68194
0.68103
0.68012
0.67922
0.67829
0.67734
0.67635
0.67532
0.67426
0.67317
0.67205
0.67091
0.66977
0.66862
0.66749
0.66638
0.6653
0.66425
0.66323
0.66225
0.66132
0.66042
0.65957
0.65876
0.65798
0.65723
0.65651
0.65582
0.65515
0.65449
0.65386
0.65326
0.65267
0.6521
0.65155
0.65102
0.65051
0.65
0.64951
0.64902
0.64854
0.64806
0.64759
0.64712
