1
1.4824
2.0725
2.0762
2.1589
2.2173
2.2658
2.2909
2.3792
2.3778
2.451
2.5152
2.5764
2.6341
2.6887
2.7412
2.7915
2.8401
2.8871
2.9326
2.9771
3.0205
3.063
3.1044
3.1449
3.1845
3.223
3.2607
3.2976
3.3336
3.3689
3.4035
3.4373
3.4705
3.5029
3.5347
3.5659
3.5965
3.6266
3.6563
3.6856
3.7145
3.7431
3.7714
3.7994
3.8269
3.8542
3.881
3.9075
3.9335
3.9593
3.9846
4.0097
4.0345
4.0589
4.0832
4.1071
4.1308
4.1542
4.1773
4.2002
4.2229
4.2453
4.2675
4.2894
4.3112
4.3326
4.3539
4.3749
4.3956
4.4161
4.4363
4.4561
4.4757
4.4949
4.5138
4.5324
4.5507
4.5686
4.5863
4.6037
4.6207
4.6375
4.654
4.6702
4.6862
4.7019
4.7174
4.7327
4.7477
4.7626
4.7772
4.7917
4.806
4.8201
4.8341
4.8479
4.8615
4.875
4.8884
4.9016
4.9147
4.9277
4.9405
4.9532
4.9658
4.9782
4.9904
5.0025
5.0145
5.0263
5.0379
5.0494
5.0608
5.072
5.083
5.0939
5.1047
5.1152
5.1257
5.136
5.1461
5.1561
5.166
5.1757
5.1853
5.1948
5.2041
