1
0.99215
0.98617
0.98223
0.97903
0.97477
0.97075
0.96687
0.96313
0.95939
0.95571
0.95203
0.94839
0.94478
0.94125
0.93782
0.93451
0.93132
0.92828
0.92537
0.92259
0.91994
0.91739
0.91495
0.91259
0.9103
0.90808
0.90591
0.90379
0.90169
0.89963
0.8976
0.89558
0.89359
0.89161
0.88966
0.88772
0.88581
0.88393
0.88207
0.88025
0.87846
0.87671
0.875
0.87333
0.87169
0.8701
0.86854
0.86703
0.86555
0.8641
0.86269
0.86131
0.85996
0.85864
0.85734
0.85607
0.85483
0.85361
0.85241
0.85123
0.85006
0.84891
0.84778
0.84666
0.84555
0.84445
0.84336
0.84228
0.84121
0.84014
0.83908
0.83802
0.83696
0.83591
0.83486
0.83381
0.83276
0.83172
0.83067
0.82963
0.82858
0.82754
0.82649
0.82544
0.8244
0.82335
0.82229
0.82124
0.82019
0.81913
0.81807
0.817
0.81594
0.81487
0.81379
0.81272
0.81164
0.81056
0.80948
0.8084
0.80732
0.80624
0.80516
0.80408
0.803
0.80192
0.80085
0.79979
0.79873
0.79767
0.79663
0.79559
0.79455
0.79353
0.79252
0.79151
0.79052
0.78953
0.78855
0.78759
0.78663
0.78568
0.78475
0.78382
0.7829
0.78199
0.78109
0.7802
0.77931
0.77844
0.77757
0.77671
0.77586
0.77501
0.77417
0.77334
0.77251
0.77169
0.77088
0.77007
0.76927
0.76848
0.76769
0.7669
0.76612
0.76535
0.76458
0.76381
0.76305
0.76229
0.76154
0.7608
0.76005
0.75931
0.75858
0.75785
0.75713
0.75641
0.75569
0.75498
0.75427
0.75357
0.75287
0.75218
0.75149
0.75081
0.75013
0.74946
0.74879
0.74812
0.74746
0.74681
0.74617
0.74552
0.74489
0.74426
0.74363
0.74302
0.7424
0.7418
0.7412
0.74061
0.74002
0.73945
0.73887
0.73831
0.73775
0.7372
0.73666
0.73612
0.73559
0.73506
0.73455
0.73404
0.73353
0.73304
0.73255
0.73207
0.73159
0.73112
0.73066
0.7302
0.72975
0.72931
0.72888
0.72845
0.72802
0.72761
0.7272
0.72679
0.72639
0.726
0.72562
0.72524
0.72486
0.72449
0.72413
0.72378
0.72343
0.72308
0.72274
0.72241
0.72208
0.72176
0.72144
0.72113
0.72082
0.72052
0.72022
0.71993
0.71964
0.71936
0.71908
0.71881
0.71854
0.71828
0.71802
0.71777
0.71752
0.71727
0.71703
0.7168
0.71657
0.71634
0.71612
0.7159
0.71568
0.71547
0.71526
0.71506
0.71486
0.71466
0.71447
0.71428
0.7141
0.71392
0.71374
0.71356
0.71339
0.71322
0.71306
0.7129
0.71274
0.71258
0.71243
0.71228
0.71213
0.71199
0.71185
0.71171
0.71158
0.71144
0.71132
0.71119
0.71107
0.71095
0.71083
0.71071
0.7106
0.71049
0.71038
0.71028
0.71018
0.71008
0.70998
0.70989
0.7098
0.70971
0.70962
0.70953
0.70945
0.70937
0.70929
0.70922
0.70914
0.70907
0.709
0.70893
0.70886
0.7088
0.70874
0.70868
0.70862
0.70856
0.7085
0.70845
0.7084
0.70835
0.7083
0.70825
0.7082
0.70816
0.70812
0.70808
0.70804
0.708
0.70796
0.70793
0.70789
0.70786
0.70783
0.7078
0.70777
0.70775
0.70772
0.7077
0.70768
0.70766
0.70764
