68.6859
-0.81954
-0.82976
-0.84089
-0.85076
-0.85505
-0.85355
-0.8578
-0.85586
-0.85191
-0.85628
-0.82861
-0.856
-0.85378
-0.83362
-0.85057
-0.84683
-0.84683
-0.80986
-0.81785
-0.85745
-0.82488
-0.83921
-0.8357
-0.80398
-0.8671
-0.80734
-0.8103
-0.7984
-0.79854
-0.83719
-0.79841
-0.78733
-0.81903
-0.80757
-0.80439
-0.78339
-0.80992
-0.81692
-0.79278
-0.79674
-0.79565
-0.80909
-0.81413
-0.82493
-0.82254
-0.77787
-0.85452
-0.78665
-0.80552
-0.82072
-0.88658
-0.93603
-0.99895
-0.8793
-1.0485
-0.87134
-1.193
-1.2096
-1.1529
0
0
-2.3016
-2.1806
-2.2642
0
-2.0322
0
0
0
0
0
0
0
0
-2.9998
0
0
0
0
0
0
-2.7651
0
0
0
0
0
0
0
0
-3.7427
0
0
0
0
0
0
0
0
0
0
0
0
0
0
0
0
0
0
-0.81954
71.7755
-0.84926
-0.85971
-0.86955
-0.87376
-0.87222
-0.87649
-0.87453
-0.87057
-0.87495
-0.84779
-0.87476
-0.87257
-0.85153
-0.86936
-0.86484
-0.86485
-0.82768
-0.83554
-0.87738
-0.84286
-0.85773
-0.85339
-0.82167
-0.88643
-0.82509
-0.82808
-0.81608
-0.81622
-0.85405
-0.81609
-0.80493
-0.83653
-0.82533
-0.82201
-0.80096
-0.82897
-0.83437
-0.81056
-0.81436
-0.81344
-0.8271
-0.83186
-0.84366
-0.84089
-0.79625
-0.87355
-0.80537
-0.82254
-0.83821
-0.90451
-0.95442
-1.0179
-0.9305
-1.0694
-0.89148
-1.2122
-1.2299
-1.1716
0
0
-2.3206
-2.1996
-2.2836
0
-2.0549
0
0
0
0
0
0
0
0
-3.0181
0
0
0
0
0
0
-2.7929
0
0
0
0
0
0
0
0
0
0
0
0
0
0
0
0
0
0
0
0
0
0
0
0
0
0
-5.6084
-0.82976
-0.84926
60.4145
-0.85155
-0.86269
-0.86769
-0.86613
-0.87045
-0.86848
-0.86446
-0.8689
-0.83746
-0.86751
-0.86546
-0.84377
-0.86355
-0.85792
-0.85793
-0.82213
-0.83173
-0.86877
-0.83604
-0.85391
-0.85364
-0.81439
-0.87811
-0.81789
-0.82091
-0.80908
-0.8092
-0.84771
-0.80907
-0.79782
-0.82899
-0.81826
-0.81512
-0.79391
-0.82697
-0.82682
-0.79763
-0.80728
-0.81061
-0.8207
-0.82464
-0.83658
-0.83296
-0.79064
-0.86576
-0.79732
-0.81318
-0.82971
-0.89604
-0.94303
-1.0195
-0.9078
-1.067
-0.91124
-1.2021
-1.2117
-1.1598
0
0
0
0
0
0
0
0
-2.5131
0
0
0
0
0
-2.5642
0
-2.7103
0
0
0
-1.5083
0
0
0
0
0
0
0
0
0
0
0
0
0
0
0
0
0
0
0
0
0
0
0
0
0
0
0
0
0
-0.84089
-0.85971
-0.85155
57.9219
-0.87331
-0.87775
-0.87559
-0.87996
-0.87796
-0.8739
-0.87839
-0.84908
-0.87607
-0.87406
-0.853
-0.87173
-0.86624
-0.86625
-0.83147
-0.84
-0.87677
-0.84426
-0.86169
-0.86221
-0.82245
-0.88633
-0.8263
-0.82895
-0.81698
-0.81712
-0.85634
-0.81698
-0.8057
-0.81533
-0.82613
-0.8232
-0.80164
-0.83505
-0.83576
-0.8113
-0.81508
-0.81919
-0.82826
-0.83255
-0.8457
-0.83705
-0.79832
-0.87413
-0.80694
-0.8253
-0.84038
-0.90636
-0.95587
-1.0307
-0.92332
-1.078
-0.92555
-1.212
-1.2346
-1.17
0
0
0
0
0
-2.1846
0
0
0
0
0
0
0
0
0
0
0
0
0
0
0
0
0
0
0
0
0
0
0
0
0
0
0
0
-4.0906
0
0
0
0
0
0
0
0
0
0
0
0
0
0
0
-0.85076
-0.86955
-0.86269
-0.87331
56.0127
-0.8882
-0.88812
-0.89261
-0.89056
-0.88638
-0.891
-0.86266
-0.88833
-0.88619
-0.86576
-0.88372
-0.87818
-0.87817
-0.84184
-0.85174
-0.8889
-0.8555
-0.87346
-0.8741
-0.83409
-0.89879
-0.83789
-0.84057
-0.82862
-0.82876
-0.86433
-0.82863
-0.81719
-0.85004
-0.83793
-0.83487
-0.81329
-0.84724
-0.84433
-0.82444
-0.82676
-0.83033
-0.84129
-0.84437
-0.85719
-0.85393
-0.80967
-0.88709
-0.81756
-0.83215
-0.84987
-0.91972
-0.96644
-1.0422
-0.94695
-1.0842
-0.93414
-1.224
-1.2213
-1.1838
0
0
0
0
0
0
0
0
0
0
0
0
0
0
0
0
0
0
0
0
0
0
0
0
0
0
0
0
-3.6871
0
0
0
0
0
0
0
0
0
0
0
0
0
0
0
0
0
0
0
0
0
-0.85505
-0.87376
-0.86769
-0.87775
-0.8882
54.692
-0.89455
-0.89921
-0.89709
-0.89274
-0.89754
-0.86564
-0.8927
-0.8907
-0.86918
-0.88785
-0.88244
-0.88244
-0.84373
-0.85585
-0.89385
-0.86001
-0.87802
-0.87822
-0.83821
-0.90321
-0.84179
-0.84476
-0.83284
-0.83298
-0.87259
-0.83286
-0.82135
-0.85355
-0.84206
-0.83904
-0.81737
-0.85163
-0.85191
-0.82731
-0.83087
-0.83484
-0.84481
-0.84846
-0.86182
-0.85827
-0.81363
-0.89113
-0.82208
-0.84016
-0.85498
-0.92197
-0.97097
-1.0458
-0.95401
-1.0953
-0.94148
-1.2285
-1.2469
-1.1874
0
0
0
0
0
0
-2.0708
0
0
0
0
0
0
0
0
0
0
0
0
0
0
0
0
0
0
0
0
0
0
0
0
0
0
0
0
0
0
0
0
0
0
0
0
0
0
0
0
0
0
0
-0.85355
-0.87222
-0.86613
-0.87559
-0.88812
-0.89455
52.4041
-0.87228
-0.87001
-0.86553
-0.87049
-0.86162
-0.88876
-0.8867
-0.86633
-0.88734
-0.87903
-0.87902
-0.84458
-0.85303
-0.90211
-0.85738
-0.87673
-0.87568
-0.83464
-0.90292
-0.839
-0.84144
-0.82963
-0.82976
-0.87433
-0.82963
-0.81802
-0.85104
-0.83888
-0.83597
-0.81413
-0.84974
-0.85069
-0.82447
-0.82777
-0.83255
-0.84245
-0.84539
-0.85927
-0.8556
-0.81089
-0.88883
-0.81963
-0.83875
-0.85271
-0.91995
-0.9687
-1.044
-0.95276
-1.0944
-0.9402
-1.2256
-1.2496
-1.1839
0
0
0
0
0
0
0
0
0
0
0
0
0
0
0
0
0
0
0
0
0
0
0
0
0
0
0
0
0
0
0
0
0
0
0
0
0
0
0
0
0
0
0
0
0
0
0
0
0
0
-0.8578
-0.87649
-0.87045
-0.87996
-0.89261
-0.89921
-0.87228
52.6602
-0.87497
-0.8704
-0.87547
-0.86594
-0.89306
-0.89099
-0.87066
-0.89187
-0.88335
-0.88335
-0.84889
-0.85735
-0.90678
-0.86171
-0.88115
-0.88005
-0.83889
-0.9075
-0.8433
-0.84572
-0.83389
-0.83403
-0.8789
-0.83389
-0.82228
-0.85538
-0.84317
-0.84026
-0.81838
-0.85411
-0.85507
-0.82875
-0.83204
-0.83685
-0.84679
-0.84969
-0.86361
-0.85994
-0.81516
-0.89325
-0.82393
-0.84307
-0.85704
-0.92439
-0.97319
-1.0486
-0.95725
-1.0991
-0.94468
-1.2304
-1.2544
-1.1886
0
0
0
0
0
0
0
0
0
0
0
0
0
0
0
0
0
0
0
0
0
0
0
0
0
0
0
0
0
0
0
0
0
0
0
0
0
0
0
0
0
0
0
0
0
0
0
0
0
0
-0.85586
-0.87453
-0.86848
-0.87796
-0.89056
-0.89709
-0.87001
-0.87497
52.5432
-0.86815
-0.87316
-0.86396
-0.89109
-0.88903
-0.86867
-0.8898
-0.88137
-0.88137
-0.84692
-0.85537
-0.90467
-0.85974
-0.87912
-0.87806
-0.83694
-0.90541
-0.84133
-0.84377
-0.83194
-0.83209
-0.87681
-0.83194
-0.82034
-0.8534
-0.84121
-0.8383
-0.81644
-0.85212
-0.85307
-0.82679
-0.83008
-0.83489
-0.8448
-0.84773
-0.86162
-0.85796
-0.8132
-0.89123
-0.82197
-0.8411
-0.85506
-0.92236
-0.97115
-1.0465
-0.9552
-1.097
-0.94264
-1.2282
-1.2522
-1.1865
0
0
0
0
0
0
0
0
0
0
0
0
0
0
0
0
0
0
0
0
0
0
0
0
0
0
0
0
0
0
0
0
0
0
0
0
0
0
0
0
0
0
0
0
0
0
0
0
0
0
-0.85191
-0.87057
-0.86446
-0.8739
-0.88638
-0.89274
-0.86553
-0.8704
-0.86815
52.3052
-0.86863
-0.85995
-0.8871
-0.88505
-0.86466
-0.88559
-0.87736
-0.87736
-0.84291
-0.85137
-0.90026
-0.85572
-0.87502
-0.87398
-0.83299
-0.90116
-0.83732
-0.83979
-0.82798
-0.82812
-0.87256
-0.82799
-0.81639
-0.84936
-0.83723
-0.83432
-0.8125
-0.84806
-0.84899
-0.82282
-0.82612
-0.83088
-0.84078
-0.84373
-0.85759
-0.85393
-0.80925
-0.88713
-0.81796
-0.83708
-0.85103
-0.91823
-0.96696
-1.0422
-0.95102
-1.0926
-0.93847
-1.2238
-1.2477
-1.1821
0
0
0
0
0
0
0
0
0
0
0
0
0
0
0
0
0
0
0
0
0
0
0
0
0
0
0
0
0
0
0
0
0
0
0
0
0
0
0
0
0
0
0
0
0
0
0
0
0
0
-0.85628
-0.87495
-0.8689
-0.87839
-0.891
-0.89754
-0.87049
-0.87547
-0.87316
-0.86863
52.5683
-0.86438
-0.89151
-0.88944
-0.86911
-0.89024
-0.8818
-0.8818
-0.84734
-0.85579
-0.90512
-0.86016
-0.87956
-0.87848
-0.83736
-0.90587
-0.84175
-0.84418
-0.83236
-0.8325
-0.87726
-0.83237
-0.82076
-0.85383
-0.84164
-0.83872
-0.81686
-0.85254
-0.8535
-0.82721
-0.8305
-0.8353
-0.84523
-0.84814
-0.86204
-0.85838
-0.81362
-0.89166
-0.82239
-0.84152
-0.85549
-0.9228
-0.97158
-1.047
-0.95565
-1.0974
-0.94307
-1.2287
-1.2527
-1.187
0
0
0
0
0
0
0
0
0
0
0
0
0
0
0
0
0
0
0
0
0
0
0
0
0
0
0
0
0
0
0
0
0
0
0
0
0
0
0
0
0
0
0
0
0
0
0
0
0
0
-0.82861
-0.84779
-0.83746
-0.84908
-0.86266
-0.86564
-0.86162
-0.86594
-0.86396
-0.85995
-0.86438
50.1818
-0.86465
-0.86198
-0.83899
-0.85719
-0.85297
-0.85297
-0.81772
-0.82587
-0.85568
-0.82985
-0.84744
-0.84803
-0.80919
-0.87055
-0.81187
-0.81486
-0.80329
-0.80343
-0.84593
-0.8033
-0.79176
-0.82343
-0.81225
-0.80926
-0.78776
-0.82113
-0.82193
-0.79255
-0.80108
-0.80494
-0.81452
-0.81858
-0.83207
-0.82831
-0.7844
-0.8603
-0.79271
-0.81254
-0.82216
-0.88968
-0.94111
-1.0188
-0.91858
0
0
-1.1956
0
0
0
0
0
0
0
0
0
0
0
0
0
0
0
0
0
0
0
0
0
0
0
0
0
0
0
0
0
-3.6634
0
0
0
0
0
0
0
0
0
0
0
0
0
0
0
0
0
0
0
0
0
0
-0.856
-0.87476
-0.86751
-0.87607
-0.88833
-0.8927
-0.88876
-0.89306
-0.89109
-0.8871
-0.89151
-0.86465
48.0261
-0.8875
-0.8655
-0.89137
-0.8794
-0.8794
-0.8445
-0.85286
-0.89045
-0.85724
-0.87611
-0.87534
-0.83547
-0.90467
-0.83858
-0.84104
-0.82964
-0.82978
-0.87592
-0.82965
-0.81775
-0.85074
-0.83876
-0.8359
-0.81396
-0.84952
-0.85055
-0.8242
-0.82756
-0.83235
-0.84203
-0.84527
-0.85953
-0.85555
-0.81076
-0.88841
-0.82
-0.8393
-0.85268
-0.91891
-0.97078
-1.0492
-0.95164
0
0
-1.2247
0
0
0
0
0
0
0
0
0
0
0
0
0
0
0
0
0
0
0
0
0
0
0
0
0
0
0
0
0
0
0
0
0
0
0
0
0
0
0
0
0
0
0
0
0
0
0
0
0
0
0
0
-0.85378
-0.87257
-0.86546
-0.87406
-0.88619
-0.8907
-0.8867
-0.89099
-0.88903
-0.88505
-0.88944
-0.86198
-0.8875
47.7672
-0.86276
-0.88898
-0.87693
-0.87694
-0.84206
-0.85046
-0.88841
-0.85479
-0.87319
-0.87276
-0.83311
-0.90253
-0.83611
-0.83866
-0.82727
-0.82739
-0.87381
-0.82728
-0.81538
-0.84827
-0.83638
-0.83351
-0.8116
-0.84702
-0.84805
-0.82191
-0.82518
-0.83008
-0.83958
-0.8442
-0.8571
-0.85309
-0.80829
-0.88589
-0.8168
-0.83673
-0.85024
-0.91686
-0.96845
-1.0437
-0.95032
-1.0917
0
0
0
0
0
0
0
0
0
0
0
0
0
0
0
0
0
0
0
0
0
0
0
0
0
0
0
0
0
0
0
0
0
0
0
0
0
0
0
0
0
0
0
0
0
0
0
0
0
0
0
0
0
0
-0.83362
-0.85153
-0.84377
-0.853
-0.86576
-0.86918
-0.86633
-0.87066
-0.86867
-0.86466
-0.86911
-0.83899
-0.8655
-0.86276
47.0356
-0.86478
-0.85639
-0.85639
-0.82033
-0.82845
-0.8681
-0.83235
-0.8484
-0.8504
-0.81162
-0.8781
-0.81447
-0.81716
-0.80615
-0.8063
-0.84765
-0.80616
-0.79421
-0.82631
-0.8149
-0.81195
-0.79029
-0.82383
-0.82379
-0.79888
-0.80371
-0.80769
-0.81743
-0.82245
-0.83505
-0.83159
-0.78675
-0.86332
-0.79571
-0.81498
-0.82704
-0.88373
-0.94382
-1.0221
0
0
0
0
0
0
0
0
0
0
0
0
0
0
0
0
0
-2.4593
0
0
0
0
0
0
0
0
0
0
0
0
0
0
0
0
0
0
0
0
0
0
0
0
0
0
0
0
0
0
0
0
0
0
0
0
0
0
-0.85057
-0.86936
-0.86355
-0.87173
-0.88372
-0.88785
-0.88734
-0.89187
-0.8898
-0.88559
-0.89024
-0.85719
-0.89137
-0.88898
-0.86478
49.172
-0.87568
-0.87569
-0.8398
-0.84822
-0.88384
-0.85256
-0.871
-0.87047
-0.83092
-0.89865
-0.83383
-0.83646
-0.82516
-0.8253
-0.86645
-0.82516
-0.81319
-0.84607
-0.83417
-0.83159
-0.80971
-0.84357
-0.84427
-0.81978
-0.82336
-0.82786
-0.83543
-0.84241
-0.85507
-0.85213
-0.7932
-0.88283
-0.81452
-0.83433
-0.84811
-0.91435
0
0
0
0
0
0
0
0
0
0
0
0
0
0
0
0
0
0
0
0
-2.7451
0
0
0
0
-2.8278
0
0
0
0
0
0
0
0
0
0
0
0
0
0
0
0
0
0
0
0
0
0
0
0
0
0
0
0
0
0
0
0
-0.84683
-0.86484
-0.85792
-0.86624
-0.87818
-0.88244
-0.87903
-0.88335
-0.88137
-0.87736
-0.8818
-0.85297
-0.8794
-0.87693
-0.85639
-0.87568
45.2911
-0.86607
-0.83287
-0.84166
-0.87967
-0.84632
-0.86613
-0.86647
-0.82367
-0.88968
-0.82731
-0.82924
-0.81868
-0.81882
-0.86442
-0.81869
-0.80653
-0.84018
-0.82781
-0.82506
-0.80303
-0.83955
-0.84059
-0.81368
-0.81684
-0.82202
-0.83168
-0.83607
-0.8492
-0.84558
-0.80011
-0.87798
-0.80966
-0.82875
-0.8419
-0.90804
-0.95973
-1.0367
0
0
0
0
0
0
0
0
0
0
0
0
0
0
0
0
0
0
0
0
0
0
0
0
0
0
0
0
0
0
0
0
0
0
0
0
0
0
0
0
0
0
0
0
0
0
0
0
0
0
0
0
0
0
0
0
-0.84683
-0.86485
-0.85793
-0.86625
-0.87817
-0.88244
-0.87902
-0.88335
-0.88137
-0.87736
-0.8818
-0.85297
-0.8794
-0.87694
-0.85639
-0.87569
-0.86607
45.2911
-0.83287
-0.84165
-0.87968
-0.84631
-0.86613
-0.86646
-0.82367
-0.88968
-0.8273
-0.82925
-0.81867
-0.81882
-0.86443
-0.81868
-0.80652
-0.84018
-0.8278
-0.82506
-0.80303
-0.83956
-0.84059
-0.81368
-0.81683
-0.82202
-0.83168
-0.83607
-0.8492
-0.84557
-0.80012
-0.87798
-0.80966
-0.82875
-0.8419
-0.90804
-0.95973
-1.0367
0
0
0
0
0
0
0
0
0
0
0
0
0
0
0
0
0
0
0
0
0
0
0
0
0
0
0
0
0
0
0
0
0
0
0
0
0
0
0
0
0
0
0
0
0
0
0
0
0
0
0
0
0
0
0
0
-0.80986
-0.82768
-0.82213
-0.83147
-0.84184
-0.84373
-0.84458
-0.84889
-0.84692
-0.84291
-0.84734
-0.81772
-0.8445
-0.84206
-0.82033
-0.8398
-0.83287
-0.83287
43.4695
-0.80285
-0.84388
-0.80831
-0.82941
-0.82721
-0.78708
-0.85317
-0.7895
-0.79372
-0.78393
-0.78407
-0.82661
-0.78394
-0.77109
-0.80297
-0.7918
-0.78878
-0.76728
-0.80138
-0.80155
-0.77716
-0.78053
-0.78451
-0.79396
-0.79913
-0.81142
-0.80829
-0.76353
-0.83976
-0.77305
-0.79039
-0.80443
-0.87017
0
0
0
0
0
0
0
0
0
0
0
0
0
0
-1.9971
0
0
0
0
0
0
0
0
0
0
0
0
0
0
0
0
0
0
0
0
0
0
0
0
0
0
0
0
0
0
0
0
0
0
0
0
0
0
0
0
0
0
0
-0.81785
-0.83554
-0.83173
-0.84
-0.85174
-0.85585
-0.85303
-0.85735
-0.85537
-0.85137
-0.85579
-0.82587
-0.85286
-0.85046
-0.82845
-0.84822
-0.84166
-0.84165
-0.80285
44.0382
-0.85246
-0.81767
-0.83205
-0.836
-0.795
-0.86165
-0.79853
-0.80157
-0.79165
-0.79179
-0.83683
-0.79165
-0.77904
-0.81179
-0.79988
-0.79695
-0.77537
-0.81082
-0.81195
-0.78582
-0.78895
-0.7872
-0.80314
-0.8075
-0.82042
-0.81707
-0.77194
-0.84888
-0.78134
-0.80041
-0.81363
-0.87858
0
0
0
0
0
0
0
0
0
0
0
-2.143
0
0
0
0
0
0
0
0
0
0
0
0
0
0
0
0
0
0
0
0
0
0
0
0
0
0
0
0
0
0
0
0
0
0
0
0
0
0
0
0
0
0
0
0
0
0
-0.85745
-0.87738
-0.86877
-0.87677
-0.8889
-0.89385
-0.90211
-0.90678
-0.90467
-0.90026
-0.90512
-0.85568
-0.89045
-0.88841
-0.8681
-0.88384
-0.87967
-0.87968
-0.84388
-0.85246
50.8336
-0.85642
-0.86878
-0.87447
-0.83551
-0.89276
-0.83705
-0.8407
-0.82869
-0.82882
-0.86835
-0.82869
-0.81677
-0.84859
-0.83776
-0.83463
-0.81299
-0.84699
-0.84778
-0.82269
-0.82645
-0.83014
-0.83972
-0.84531
-0.85807
-0.85422
-0.80874
-0.88692
-0.81358
-0.83673
-0.85031
0
0
0
0
0
0
0
0
0
0
0
0
0
0
0
0
0
0
0
0
0
0
-2.4309
0
0
0
0
0
0
0
0
0
0
0
0
0
0
0
0
0
0
0
0
0
0
0
0
0
0
0
0
0
0
0
-5.4999
0
0
0
0
-0.82488
-0.84286
-0.83604
-0.84426
-0.8555
-0.86001
-0.85738
-0.86171
-0.85974
-0.85572
-0.86016
-0.82985
-0.85724
-0.85479
-0.83235
-0.85256
-0.84632
-0.84631
-0.80831
-0.81767
-0.85642
44.6256
-0.84286
-0.84069
-0.7997
-0.86599
-0.80325
-0.80612
-0.79534
-0.79548
-0.84115
-0.79534
-0.78347
-0.81595
-0.80449
-0.80146
-0.77965
-0.80535
-0.80589
-0.78971
-0.79312
-0.79814
-0.80722
-0.81202
-0.82465
-0.82193
-0.7764
-0.85333
-0.78572
-0.80417
-0.81897
-0.88266
0
0
0
0
0
0
0
0
0
0
0
0
0
0
0
-2.5153
0
0
0
0
0
0
0
0
0
0
0
0
0
0
0
0
0
0
0
0
0
0
0
0
0
0
0
0
0
0
0
0
0
0
0
0
0
0
0
0
0
0
-0.83921
-0.85773
-0.85391
-0.86169
-0.87346
-0.87802
-0.87673
-0.88115
-0.87912
-0.87502
-0.87956
-0.84744
-0.87611
-0.87319
-0.8484
-0.871
-0.86613
-0.86613
-0.82941
-0.83205
-0.86878
-0.84286
46.7337
-0.86022
-0.82029
-0.88422
-0.8222
-0.82537
-0.81378
-0.81392
-0.85822
-0.81378
-0.80155
-0.83474
-0.82284
-0.81989
-0.7981
-0.83402
-0.83504
-0.80877
-0.81187
-0.80983
-0.82639
-0.83074
-0.84397
-0.84011
-0.79478
-0.87273
-0.79959
-0.82298
-0.83654
0
0
0
0
0
0
0
0
0
0
0
0
-2.1772
0
0
0
0
0
0
0
0
0
-2.4229
0
0
0
0
0
0
0
0
0
0
0
0
0
0
0
0
0
0
0
0
0
0
0
0
0
0
0
0
0
0
0
0
0
0
0
0
-0.8357
-0.85339
-0.85364
-0.86221
-0.8741
-0.87822
-0.87568
-0.88005
-0.87806
-0.87398
-0.87848
-0.84803
-0.87534
-0.87276
-0.8504
-0.87047
-0.86647
-0.86646
-0.82721
-0.836
-0.87447
-0.84069
-0.86022
46.0111
-0.81811
-0.88438
-0.82205
-0.82423
-0.81378
-0.81391
-0.85931
-0.81377
-0.80154
-0.83544
-0.82278
-0.81999
-0.79804
-0.83438
-0.83525
-0.8086
-0.81176
-0.81671
-0.82632
-0.8309
-0.84409
-0.84033
-0.79484
-0.87267
-0.80441
-0.82359
-0.83675
-0.90268
0
0
0
0
0
0
0
0
0
0
0
0
0
0
0
0
0
0
0
0
0
0
0
-2.9685
0
0
0
0
0
0
0
0
0
0
0
0
0
0
0
0
0
0
0
0
0
0
0
0
0
0
0
0
0
0
0
0
0
0
-0.80398
-0.82167
-0.81439
-0.82245
-0.83409
-0.83821
-0.83464
-0.83889
-0.83694
-0.83299
-0.83736
-0.80919
-0.83547
-0.83311
-0.81162
-0.83092
-0.82367
-0.82367
-0.78708
-0.795
-0.83551
-0.7997
-0.82029
-0.81811
42.1706
-0.84421
-0.78219
-0.78593
-0.7768
-0.77695
-0.81865
-0.7768
-0.7628
-0.79414
-0.78327
-0.78018
-0.75871
-0.79236
-0.79266
-0.76836
-0.77177
-0.77592
-0.78514
-0.79009
-0.80254
-0.79925
-0.75468
-0.83061
-0.76425
-0.78292
-0.79608
-0.86145
0
0
0
0
0
0
0
-1.1229
0
0
0
0
0
0
0
0
0
0
0
0
0
0
0
0
0
0
0
0
0
0
0
0
0
0
0
0
0
0
0
0
0
0
0
0
0
0
0
0
0
0
0
0
0
0
0
0
0
0
-0.8671
-0.88643
-0.87811
-0.88633
-0.89879
-0.90321
-0.90292
-0.9075
-0.90541
-0.90116
-0.90587
-0.87055
-0.90467
-0.90253
-0.8781
-0.89865
-0.88968
-0.88968
-0.85317
-0.86165
-0.89276
-0.86599
-0.88422
-0.88438
-0.84421
49.7185
-0.84709
-0.84978
-0.8384
-0.83854
-0.8821
-0.8384
-0.82639
-0.85901
-0.84749
-0.84447
-0.82261
-0.85794
-0.85883
-0.83265
-0.83627
-0.84097
-0.85018
-0.8553
-0.86819
-0.86458
-0.81885
-0.89784
-0.82839
-0.84758
-0.86071
-0.92749
0
0
0
0
0
0
0
0
0
0
0
0
0
0
0
0
0
0
0
0
0
0
0
0
0
0
0
0
0
0
0
0
0
0
0
0
0
0
0
0
0
0
0
0
0
0
0
0
0
0
0
0
0
0
-5.4154
0
0
0
-0.80734
-0.82509
-0.81789
-0.8263
-0.83789
-0.84179
-0.839
-0.8433
-0.84133
-0.83732
-0.84175
-0.81187
-0.83858
-0.83611
-0.81447
-0.83383
-0.82731
-0.8273
-0.7895
-0.79853
-0.83705
-0.80325
-0.8222
-0.82205
-0.78219
-0.84709
43.3033
-0.78867
-0.77879
-0.77893
-0.81962
-0.7788
-0.76458
-0.79682
-0.78527
-0.78198
-0.76083
-0.79396
-0.79426
-0.7706
-0.77374
-0.77833
-0.77159
-0.79234
-0.80486
-0.80165
-0.75721
-0.83264
-0.74703
-0.78541
-0.79842
0
0
0
0
0
0
0
0
0
0
0
0
0
0
0
0
0
0
0
0
0
0
0
0
0
0
0
0
0
0
0
0
0
0
-3.0167
0
0
0
0
0
0
0
0
0
0
0
0
0
0
0
0
0
0
0
0
0
0
0
0
-0.8103
-0.82808
-0.82091
-0.82895
-0.84057
-0.84476
-0.84144
-0.84572
-0.84377
-0.83979
-0.84418
-0.81486
-0.84104
-0.83866
-0.81716
-0.83646
-0.82924
-0.82925
-0.79372
-0.80157
-0.8407
-0.80612
-0.82537
-0.82423
-0.78593
-0.84978
-0.78867
41.3538
-0.78429
-0.78444
-0.8222
-0.78429
-0.76839
-0.7997
-0.78937
-0.78626
-0.76454
-0.79817
-0.79813
-0.77461
-0.77776
-0.78211
-0.79122
-0.79624
-0.80876
-0.80549
-0.76074
-0.83692
-0.77025
-0.78883
-0.80201
-0.86786
0
0
0
0
0
0
0
0
0
0
0
0
0
0
0
0
0
0
0
0
0
0
0
0
0
0
0
0
0
0
0
0
0
0
0
0
0
0
0
0
0
0
0
0
0
0
0
0
0
0
0
0
0
0
0
0
0
0
-0.7984
-0.81608
-0.80908
-0.81698
-0.82862
-0.83284
-0.82963
-0.83389
-0.83194
-0.82798
-0.83236
-0.80329
-0.82964
-0.82727
-0.80615
-0.82516
-0.81868
-0.81867
-0.78393
-0.79165
-0.82869
-0.79534
-0.81378
-0.81378
-0.7768
-0.8384
-0.77879
-0.78429
39.874
-0.75272
-0.80998
-0.75254
-0.75083
-0.78986
-0.7736
-0.7712
-0.75012
-0.79183
-0.79613
-0.76034
-0.76405
-0.76999
-0.77886
-0.78398
-0.79667
-0.79334
-0.74863
-0.82434
-0.75728
-0.77639
-0.78922
0
0
0
0
0
0
0
0
0
0
0
0
0
0
0
0
0
0
0
0
0
0
0
0
0
0
0
0
0
0
0
0
0
0
0
0
0
0
0
0
0
0
0
0
0
0
0
0
0
0
0
0
0
0
0
0
0
0
0
-0.79854
-0.81622
-0.8092
-0.81712
-0.82876
-0.83298
-0.82976
-0.83403
-0.83209
-0.82812
-0.8325
-0.80343
-0.82978
-0.82739
-0.8063
-0.8253
-0.81882
-0.81882
-0.78407
-0.79179
-0.82882
-0.79548
-0.81392
-0.81391
-0.77695
-0.83854
-0.77893
-0.78444
-0.75272
39.881
-0.81012
-0.75273
-0.75095
-0.79
-0.77375
-0.77133
-0.75027
-0.79195
-0.79624
-0.76049
-0.76419
-0.77015
-0.77901
-0.78413
-0.79682
-0.7935
-0.74878
-0.82451
-0.75743
-0.77655
-0.78937
0
0
0
0
0
0
0
0
0
0
0
0
0
0
0
0
0
0
0
0
0
0
0
0
0
0
0
0
0
0
0
0
0
0
0
0
0
0
0
0
0
0
0
0
0
0
0
0
0
0
0
0
0
0
0
0
0
0
0
-0.83719
-0.85405
-0.84771
-0.85634
-0.86433
-0.87259
-0.87433
-0.8789
-0.87681
-0.87256
-0.87726
-0.84593
-0.87592
-0.87381
-0.84765
-0.86645
-0.86442
-0.86443
-0.82661
-0.83683
-0.86835
-0.84115
-0.85822
-0.85931
-0.81865
-0.8821
-0.81962
-0.8222
-0.80998
-0.81012
48.7107
-0.80999
-0.79743
-0.82714
-0.81813
-0.81535
-0.79293
-0.82594
-0.8061
-0.80409
-0.80639
-0.80985
-0.81981
-0.82546
-0.83642
-0.83453
-0.78784
-0.86565
0
0
0
0
0
0
0
0
0
0
0
0
0
0
0
0
0
0
0
0
0
0
0
0
0
0
0
0
0
0
-1.7593
0
0
0
0
0
0
0
0
0
0
0
0
0
-3.7956
-3.6689
0
0
0
0
0
0
0
0
0
0
0
0
0
0
0
0
-0.79841
-0.81609
-0.80907
-0.81698
-0.82863
-0.83286
-0.82963
-0.83389
-0.83194
-0.82799
-0.83237
-0.8033
-0.82965
-0.82728
-0.80616
-0.82516
-0.81869
-0.81868
-0.78394
-0.79165
-0.82869
-0.79534
-0.81378
-0.81377
-0.7768
-0.8384
-0.7788
-0.78429
-0.75254
-0.75273
-0.80999
39.8743
-0.75083
-0.78986
-0.77361
-0.7712
-0.75013
-0.79183
-0.79613
-0.76034
-0.76405
-0.77
-0.77886
-0.78399
-0.79667
-0.79336
-0.74863
-0.82435
-0.75729
-0.77641
-0.78922
0
0
0
0
0
0
0
0
0
0
0
0
0
0
0
0
0
0
0
0
0
0
0
0
0
0
0
0
0
0
0
0
0
0
0
0
0
0
0
0
0
0
0
0
0
0
0
0
0
0
0
0
0
0
0
0
0
0
0
-0.78733
-0.80493
-0.79782
-0.8057
-0.81719
-0.82135
-0.81802
-0.82228
-0.82034
-0.81639
-0.82076
-0.79176
-0.81775
-0.81538
-0.79421
-0.81319
-0.80653
-0.80652
-0.77109
-0.77904
-0.81677
-0.78347
-0.80155
-0.80154
-0.7628
-0.82639
-0.76458
-0.76839
-0.75083
-0.75095
-0.79743
-0.75083
38.5258
-0.77426
-0.76912
-0.76417
-0.74114
-0.77199
-0.77172
-0.75145
-0.75399
-0.75799
-0.76721
-0.77201
-0.78404
-0.78104
-0.73667
-0.81315
-0.74759
-0.76507
0
0
0
0
0
0
0
0
0
0
0
0
0
0
0
0
0
0
0
0
0
0
0
0
0
0
0
0
0
0
0
0
0
0
0
0
0
0
0
0
0
0
0
0
0
0
0
0
0
0
0
0
0
0
0
0
0
0
0
0
-0.81903
-0.83653
-0.82899
-0.81533
-0.85004
-0.85355
-0.85104
-0.85538
-0.8534
-0.84936
-0.85383
-0.82343
-0.85074
-0.84827
-0.82631
-0.84607
-0.84018
-0.84018
-0.80297
-0.81179
-0.84859
-0.81595
-0.83474
-0.83544
-0.79414
-0.85901
-0.79682
-0.7997
-0.78986
-0.79
-0.82714
-0.78986
-0.77426
42.4234
-0.79676
-0.79327
-0.77119
-0.80619
-0.80674
-0.78093
-0.78465
-0.78897
-0.79874
-0.80366
-0.8159
-0.81237
-0.76795
-0.84318
0
0
0
0
0
0
0
0
0
0
0
0
0
0
0
0
0
0
0
0
0
0
0
0
0
0
0
0
0
0
0
0
0
0
0
0
0
0
0
0
0
0
0
0
0
0
-3.9409
0
0
0
0
0
0
0
0
0
0
0
0
0
0
0
-0.80757
-0.82533
-0.81826
-0.82613
-0.83793
-0.84206
-0.83888
-0.84317
-0.84121
-0.83723
-0.84164
-0.81225
-0.83876
-0.83638
-0.8149
-0.83417
-0.82781
-0.8278
-0.7918
-0.79988
-0.83776
-0.80449
-0.82284
-0.82278
-0.78327
-0.84749
-0.78527
-0.78937
-0.7736
-0.77375
-0.81813
-0.77361
-0.76912
-0.79676
37.9945
-0.78615
-0.75867
-0.79182
-0.7901
-0.77486
-0.77571
-0.78119
-0.79255
-0.79517
-0.80647
-0.80389
-0.75867
-0.83778
0
0
0
0
0
0
0
0
0
0
0
0
0
0
0
0
0
0
0
0
0
0
0
0
0
0
0
0
0
0
0
0
0
0
0
0
0
0
0
0
0
0
0
0
0
0
0
0
0
0
0
0
0
0
0
0
0
0
0
0
0
0
-0.80439
-0.82201
-0.81512
-0.8232
-0.83487
-0.83904
-0.83597
-0.84026
-0.8383
-0.83432
-0.83872
-0.80926
-0.8359
-0.83351
-0.81195
-0.83159
-0.82506
-0.82506
-0.78878
-0.79695
-0.83463
-0.80146
-0.81989
-0.81999
-0.78018
-0.84447
-0.78198
-0.78626
-0.7712
-0.77133
-0.81535
-0.7712
-0.76417
-0.79327
-0.78615
37.2108
-0.75699
-0.78966
-0.78844
-0.76813
-0.77184
-0.77841
-0.79159
-0.79328
-0.80288
-0.80114
-0.75656
0
0
0
0
0
0
0
0
0
0
0
0
0
0
0
0
0
0
0
0
0
0
0
0
0
0
0
0
0
0
0
0
0
0
-0.18609
0
0
0
0
0
0
0
0
0
0
0
0
0
0
0
0
0
0
0
0
0
0
0
0
0
0
0
0
-0.78339
-0.80096
-0.79391
-0.80164
-0.81329
-0.81737
-0.81413
-0.81838
-0.81644
-0.8125
-0.81686
-0.78776
-0.81396
-0.8116
-0.79029
-0.80971
-0.80303
-0.80303
-0.76728
-0.77537
-0.81299
-0.77965
-0.7981
-0.79804
-0.75871
-0.82261
-0.76083
-0.76454
-0.75012
-0.75027
-0.79293
-0.75013
-0.74114
-0.77119
-0.75867
-0.75699
36.0983
-0.76942
-0.77105
-0.74184
-0.7493
-0.75383
-0.76351
-0.7699
-0.77694
-0.77673
0
-0.80795
0
0
0
0
0
0
0
0
0
0
0
0
0
0
0
0
0
0
0
0
0
0
0
0
0
0
0
0
0
0
0
0
0
0
0
0
0
0
0
0
0
0
0
0
0
0
0
0
0
0
0
0
0
0
0
0
0
0
0
0
0
0
-0.80992
-0.82897
-0.82697
-0.83505
-0.84724
-0.85163
-0.84974
-0.85411
-0.85212
-0.84806
-0.85254
-0.82113
-0.84952
-0.84702
-0.82383
-0.84357
-0.83955
-0.83956
-0.80138
-0.81082
-0.84699
-0.80535
-0.83402
-0.83438
-0.79236
-0.85794
-0.79396
-0.79817
-0.79183
-0.79195
-0.82594
-0.79183
-0.77199
-0.80619
-0.79182
-0.78966
-0.76942
41.4778
-0.79369
-0.77387
-0.77943
-0.78425
-0.79127
-0.80022
0
0
0
0
0
0
0
0
0
0
0
0
0
0
0
0
0
0
0
0
0
0
0
-2.4679
0
0
0
0
0
0
0
0
0
0
0
0
0
0
0
0
0
0
0
0
0
-3.8606
0
0
0
0
0
0
0
0
0
0
0
0
0
0
0
0
0
0
0
0
-0.81692
-0.83437
-0.82682
-0.83576
-0.84433
-0.85191
-0.85069
-0.85507
-0.85307
-0.84899
-0.8535
-0.82193
-0.85055
-0.84805
-0.82379
-0.84427
-0.84059
-0.84059
-0.80155
-0.81195
-0.84778
-0.80589
-0.83504
-0.83525
-0.79266
-0.85883
-0.79426
-0.79813
-0.79613
-0.79624
-0.8061
-0.79613
-0.77172
-0.80674
-0.7901
-0.78844
-0.77105
-0.79369
41.168
-0.77578
-0.78024
0
0
0
0
0
0
0
-0.77704
0
0
0
0
0
0
0
0
0
0
0
-1.4693
0
0
0
0
0
0
-2.4514
0
0
0
0
0
0
0
0
0
0
0
0
0
0
0
0
0
0
0
0
0
0
0
0
-3.6753
0
0
0
0
0
0
0
0
0
0
0
0
0
0
0
0
0
-0.79278
-0.81056
-0.79763
-0.8113
-0.82444
-0.82731
-0.82447
-0.82875
-0.82679
-0.82282
-0.82721
-0.79255
-0.8242
-0.82191
-0.79888
-0.81978
-0.81368
-0.81368
-0.77716
-0.78582
-0.82269
-0.78971
-0.80877
-0.8086
-0.76836
-0.83265
-0.7706
-0.77461
-0.76034
-0.76049
-0.80409
-0.76034
-0.75145
-0.78093
-0.77486
-0.76813
-0.74184
-0.77387
-0.77578
36.5288
-0.75811
-0.75847
-0.76273
-0.77624
0
0
0
0
0
0
0
0
0
0
0
0
0
0
0
0
0
0
0
0
0
0
0
0
-2.4034
0
0
0
0
0
0
0
0
0
0
0
0
0
0
0
0
0
0
0
0
0
0
0
0
0
0
0
0
0
0
0
0
0
0
0
0
0
0
0
0
0
-0.79674
-0.81436
-0.80728
-0.81508
-0.82676
-0.83087
-0.82777
-0.83204
-0.83008
-0.82612
-0.8305
-0.80108
-0.82756
-0.82518
-0.80371
-0.82336
-0.81684
-0.81683
-0.78053
-0.78895
-0.82645
-0.79312
-0.81187
-0.81176
-0.77177
-0.83627
-0.77374
-0.77776
-0.76405
-0.76419
-0.80639
-0.76405
-0.75399
-0.78465
-0.77571
-0.77184
-0.7493
-0.77943
-0.78024
-0.75811
34.2903
-0.75305
-0.77654
-0.78438
0
0
0
0
0
0
0
0
0
0
0
0
0
0
0
0
0
0
0
0
0
0
0
0
0
0
0
0
0
0
0
0
0
0
0
0
0
0
0
0
0
0
0
0
0
0
0
0
0
0
0
0
0
0
0
0
0
0
0
0
0
0
0
0
0
0
-0.79565
-0.81344
-0.81061
-0.81919
-0.83033
-0.83484
-0.83255
-0.83685
-0.83489
-0.83088
-0.8353
-0.80494
-0.83235
-0.83008
-0.80769
-0.82786
-0.82202
-0.82202
-0.78451
-0.7872
-0.83014
-0.79814
-0.80983
-0.81671
-0.77592
-0.84097
-0.77833
-0.78211
-0.76999
-0.77015
-0.80985
-0.77
-0.75799
-0.78897
-0.78119
-0.77841
-0.75383
-0.78425
0
-0.75847
-0.75305
35.4828
0
0
0
0
0
0
0
0
0
0
0
0
0
0
0
0
0
0
0
-1.297
0
-2.0843
0
0
0
0
0
0
0
0
0
0
0
0
0
0
0
0
0
0
0
0
0
0
0
0
0
0
0
0
0
0
0
0
0
0
0
0
0
0
0
0
0
0
0
0
0
0
-0.80909
-0.8271
-0.8207
-0.82826
-0.84129
-0.84481
-0.84245
-0.84679
-0.8448
-0.84078
-0.84523
-0.81452
-0.84203
-0.83958
-0.81743
-0.83543
-0.83168
-0.83168
-0.79396
-0.80314
-0.83972
-0.80722
-0.82639
-0.82632
-0.78514
-0.85018
-0.77159
-0.79122
-0.77886
-0.77901
-0.81981
-0.77886
-0.76721
-0.79874
-0.79255
-0.79159
-0.76351
-0.79127
0
-0.76273
-0.77654
0
37.5531
0
0
0
0
0
0
0
0
0
0
0
0
0
0
0
0
0
0
0
0
0
0
0
0
0
0
-2.0813
0
0
0
0
0
0
0
0
0
0
0
0
0
0
0
-2.9726
0
0
0
0
0
0
0
0
0
0
0
0
0
0
0
0
0
0
0
0
0
0
0
0
-0.81413
-0.83186
-0.82464
-0.83255
-0.84437
-0.84846
-0.84539
-0.84969
-0.84773
-0.84373
-0.84814
-0.81858
-0.84527
-0.8442
-0.82245
-0.84241
-0.83607
-0.83607
-0.79913
-0.8075
-0.84531
-0.81202
-0.83074
-0.8309
-0.79009
-0.8553
-0.79234
-0.79624
-0.78398
-0.78413
-0.82546
-0.78399
-0.77201
-0.80366
-0.79517
-0.79328
-0.7699
-0.80022
0
-0.77624
-0.78438
0
0
33.8688
0
0
0
0
0
0
0
0
0
0
0
0
0
-1.1611
0
0
0
0
0
0
0
0
0
0
0
0
0
0
0
0
0
0
0
0
0
0
0
0
0
0
0
0
0
0
0
0
0
0
0
0
0
0
0
0
0
0
0
0
0
0
0
0
0
0
0
0
-0.82493
-0.84366
-0.83658
-0.8457
-0.85719
-0.86182
-0.85927
-0.86361
-0.86162
-0.85759
-0.86204
-0.83207
-0.85953
-0.8571
-0.83505
-0.85507
-0.8492
-0.8492
-0.81142
-0.82042
-0.85807
-0.82465
-0.84397
-0.84409
-0.80254
-0.86819
-0.80486
-0.80876
-0.79667
-0.79682
-0.83642
-0.79667
-0.78404
-0.8159
-0.80647
-0.80288
-0.77694
0
0
0
0
0
0
0
33.7365
0
0
0
0
0
0
0
0
0
-0.91642
0
0
0
0
0
0
0
0
0
0
0
0
0
0
0
-2.0091
0
0
0
0
0
0
0
0
0
0
0
0
0
0
0
0
0
0
0
0
0
0
0
0
0
0
0
0
0
0
0
0
0
0
0
0
0
0
0
-0.82254
-0.84089
-0.83296
-0.83705
-0.85393
-0.85827
-0.8556
-0.85994
-0.85796
-0.85393
-0.85838
-0.82831
-0.85555
-0.85309
-0.83159
-0.85213
-0.84558
-0.84557
-0.80829
-0.81707
-0.85422
-0.82193
-0.84011
-0.84033
-0.79925
-0.86458
-0.80165
-0.80549
-0.79334
-0.7935
-0.83453
-0.79336
-0.78104
-0.81237
-0.80389
-0.80114
-0.77673
0
0
0
0
0
0
0
0
32.7895
0
0
0
0
0
0
0
0
0
0
0
0
0
0
0
0
0
0
0
-2.1035
0
0
0
0
0
0
0
0
0
0
0
0
0
0
0
0
0
0
0
0
0
0
0
0
0
0
0
0
0
0
0
0
0
0
0
0
0
0
0
0
0
0
0
0
-0.77787
-0.79625
-0.79064
-0.79832
-0.80967
-0.81363
-0.81089
-0.81516
-0.8132
-0.80925
-0.81362
-0.7844
-0.81076
-0.80829
-0.78675
-0.7932
-0.80011
-0.80012
-0.76353
-0.77194
-0.80874
-0.7764
-0.79478
-0.79484
-0.75468
-0.81885
-0.75721
-0.76074
-0.74863
-0.74878
-0.78784
-0.74863
-0.73667
-0.76795
-0.75867
-0.75656
0
0
0
0
0
0
0
0
0
0
30.9178
0
0
0
0
0
0
0
0
0
0
0
0
0
0
0
0
0
0
0
0
0
0
0
0
0
0
0
0
0
0
-2.6302
0
0
0
0
0
0
0
0
0
0
0
0
0
0
0
0
0
0
0
0
0
0
0
0
0
0
0
0
0
0
0
0
-0.85452
-0.87355
-0.86576
-0.87413
-0.88709
-0.89113
-0.88883
-0.89325
-0.89123
-0.88713
-0.89166
-0.8603
-0.88841
-0.88589
-0.86332
-0.88283
-0.87798
-0.87798
-0.83976
-0.84888
-0.88692
-0.85333
-0.87273
-0.87267
-0.83061
-0.89784
-0.83264
-0.83692
-0.82434
-0.82451
-0.86565
-0.82435
-0.81315
-0.84318
-0.83778
0
-0.80795
0
0
0
0
0
0
0
0
0
0
36.2898
0
0
0
0
0
0
0
0
0
0
0
0
0
0
0
0
0
0
0
0
0
0
0
0
0
0
0
0
0
0
0
0
0
0
0
0
0
0
0
0
0
0
0
0
0
0
0
0
0
0
0
0
0
0
0
-5.2416
0
0
0
0
0
0
-0.78665
-0.80537
-0.79732
-0.80694
-0.81756
-0.82208
-0.81963
-0.82393
-0.82197
-0.81796
-0.82239
-0.79271
-0.82
-0.8168
-0.79571
-0.81452
-0.80966
-0.80966
-0.77305
-0.78134
-0.81358
-0.78572
-0.79959
-0.80441
-0.76425
-0.82839
-0.74703
-0.77025
-0.75728
-0.75743
0
-0.75729
-0.74759
0
0
0
0
0
-0.77704
0
0
0
0
0
0
0
0
0
32.148
0
0
0
0
0
0
0
0
0
0
0
0
0
0
0
0
0
0
0
0
0
0
0
0
0
0
0
0
0
0
0
0
0
0
0
0
-2.8714
-3.0115
0
0
0
0
0
0
0
0
0
0
0
0
0
0
0
0
0
0
0
0
0
0
0
-0.80552
-0.82254
-0.81318
-0.8253
-0.83215
-0.84016
-0.83875
-0.84307
-0.8411
-0.83708
-0.84152
-0.81254
-0.8393
-0.83673
-0.81498
-0.83433
-0.82875
-0.82875
-0.79039
-0.80041
-0.83673
-0.80417
-0.82298
-0.82359
-0.78292
-0.84758
-0.78541
-0.78883
-0.77639
-0.77655
0
-0.77641
-0.76507
0
0
0
0
0
0
0
0
0
0
0
0
0
0
0
0
29.4622
0
0
0
0
0
0
0
0
0
0
0
0
0
0
0
0
0
0
0
0
0
0
0
0
0
0
0
0
0
0
0
0
0
0
0
0
0
0
0
0
0
0
0
0
0
-3.349
0
0
0
0
0
0
0
0
0
0
0
0
0
0
-0.82072
-0.83821
-0.82971
-0.84038
-0.84987
-0.85498
-0.85271
-0.85704
-0.85506
-0.85103
-0.85549
-0.82216
-0.85268
-0.85024
-0.82704
-0.84811
-0.8419
-0.8419
-0.80443
-0.81363
-0.85031
-0.81897
-0.83654
-0.83675
-0.79608
-0.86071
-0.79842
-0.80201
-0.78922
-0.78937
0
-0.78922
0
0
0
0
0
0
0
0
0
0
0
0
0
0
0
0
0
0
27.4089
0
0
0
0
0
0
0
0
0
0
0
0
0
0
0
0
0
0
0
0
0
0
0
0
0
0
0
0
0
0
0
0
0
0
0
0
0
0
0
0
0
0
0
0
0
0
0
-1.634
0
0
0
0
0
0
0
0
0
0
0
-0.88658
-0.90451
-0.89604
-0.90636
-0.91972
-0.92197
-0.91995
-0.92439
-0.92236
-0.91823
-0.9228
-0.88968
-0.91891
-0.91686
-0.88373
-0.91435
-0.90804
-0.90804
-0.87017
-0.87858
0
-0.88266
0
-0.90268
-0.86145
-0.92749
0
-0.86786
0
0
0
0
0
0
0
0
0
0
0
0
0
0
0
0
0
0
0
0
0
0
0
24.9416
0
0
0
0
0
0
0
0
0
0
0
0
0
0
0
0
0
0
0
-2.3682
0
0
0
0
0
0
0
0
0
0
0
0
0
0
0
0
0
0
0
0
0
0
0
0
0
0
0
0
0
0
0
0
0
0
0
0
0
0
-0.93603
-0.95442
-0.94303
-0.95587
-0.96644
-0.97097
-0.9687
-0.97319
-0.97115
-0.96696
-0.97158
-0.94111
-0.97078
-0.96845
-0.94382
0
-0.95973
-0.95973
0
0
0
0
0
0
0
0
0
0
0
0
0
0
0
0
0
0
0
0
0
0
0
0
0
0
0
0
0
0
0
0
0
0
19.0597
0
0
0
0
0
0
-1.1959
-1.5419
0
0
0
0
0
0
0
0
0
0
0
0
0
0
0
0
0
0
0
0
0
0
0
0
0
0
0
0
0
0
0
0
0
0
0
0
0
0
0
0
0
0
0
0
0
0
0
0
0
-0.99895
-1.0179
-1.0195
-1.0307
-1.0422
-1.0458
-1.044
-1.0486
-1.0465
-1.0422
-1.047
-1.0188
-1.0492
-1.0437
-1.0221
0
-1.0367
-1.0367
0
0
0
0
0
0
0
0
0
0
0
0
0
0
0
0
0
0
0
0
0
0
0
0
0
0
0
0
0
0
0
0
0
0
0
22.4489
0
0
0
0
0
0
0
0
-2.2505
0
0
0
0
0
0
0
0
0
-2.6078
0
0
0
0
0
0
0
0
0
0
0
0
0
0
0
0
0
0
0
0
0
0
0
0
0
0
0
0
0
0
0
0
0
0
0
0
0
-0.8793
-0.9305
-0.9078
-0.92332
-0.94695
-0.95401
-0.95276
-0.95725
-0.9552
-0.95102
-0.95565
-0.91858
-0.95164
-0.95032
0
0
0
0
0
0
0
0
0
0
0
0
0
0
0
0
0
0
0
0
0
0
0
0
0
0
0
0
0
0
-0.91642
0
0
0
0
0
0
0
0
0
21.2527
0
0
0
0
0
0
0
0
0
0
-1.8738
0
0
0
0
0
0
0
0
-2.1885
0
0
0
0
0
0
0
0
0
0
0
0
0
0
0
0
-3.1397
0
0
0
0
0
0
0
0
0
0
0
0
0
0
0
0
0
0
-1.0485
-1.0694
-1.067
-1.078
-1.0842
-1.0953
-1.0944
-1.0991
-1.097
-1.0926
-1.0974
0
0
-1.0917
0
0
0
0
0
0
0
0
0
0
0
0
0
0
0
0
0
0
0
0
0
0
0
0
0
0
0
0
0
0
0
0
0
0
0
0
0
0
0
0
0
24.3963
0
0
0
0
0
-1.6154
0
0
0
0
0
0
0
0
0
0
-2.541
0
0
0
0
0
0
0
0
0
0
0
0
0
-2.9527
0
0
0
-4.2726
0
0
0
0
0
0
0
0
0
0
0
0
0
0
0
0
0
0
0
-0.87134
-0.89148
-0.91124
-0.92555
-0.93414
-0.94148
-0.9402
-0.94468
-0.94264
-0.93847
-0.94307
0
0
0
0
0
0
0
0
0
0
0
0
0
0
0
0
0
0
0
0
0
0
0
0
0
0
0
0
0
0
0
0
0
0
0
0
0
0
0
0
0
0
0
0
0
18.587
0
0
0
0
0
-1.9239
0
-1.881
0
0
0
0
0
0
0
-2.2401
0
0
0
0
0
0
-2.3577
0
0
0
0
0
0
0
0
0
0
0
0
0
0
0
0
0
0
0
0
0
0
0
0
0
0
0
0
0
0
-1.193
-1.2122
-1.2021
-1.212
-1.224
-1.2285
-1.2256
-1.2304
-1.2282
-1.2238
-1.2287
-1.1956
-1.2247
0
0
0
0
0
0
0
0
0
0
0
0
0
0
0
0
0
0
0
0
0
0
0
0
0
0
0
0
0
0
-1.1611
0
0
0
0
0
0
0
0
0
0
0
0
0
16.9899
0
0
0
0
0
0
0
0
0
0
0
0
0
0
0
0
0
0
0
0
0
0
0
0
0
0
0
0
0
0
0
0
0
0
0
0
0
0
0
0
0
0
0
0
0
0
0
0
0
0
0
0
-1.2096
-1.2299
-1.2117
-1.2346
-1.2213
-1.2469
-1.2496
-1.2544
-1.2522
-1.2477
-1.2527
0
0
0
0
0
0
0
0
0
0
0
0
0
0
0
0
0
0
0
0
0
0
0
0
0
0
0
0
0
0
0
0
0
0
0
0
0
0
0
0
0
0
0
0
0
0
0
23.4565
0
0
0
0
0
0
0
0
0
0
0
-2.2778
0
0
0
0
0
0
0
0
0
0
0
0
0
0
0
0
0
0
0
0
0
0
0
0
0
0
0
0
0
0
0
-3.7841
0
0
0
0
-3.7841
0
0
-1.1529
-1.1716
-1.1598
-1.17
-1.1838
-1.1874
-1.1839
-1.1886
-1.1865
-1.1821
-1.187
0
0
0
0
0
0
0
0
0
0
0
0
0
-1.1229
0
0
0
0
0
0
0
0
0
0
0
0
0
0
0
0
0
0
0
0
0
0
0
0
0
0
0
-1.1959
0
0
0
0
0
0
15.2724
0
0
0
0
0
0
0
0
0
0
0
0
0
0
0
0
0
0
0
0
0
0
0
0
0
0
0
0
0
0
0
0
0
0
0
0
0
0
0
0
0
0
0
0
0
0
0
0
0
0
0
0
0
0
0
0
0
0
0
0
0
0
0
0
0
0
0
0
0
0
0
0
0
0
0
0
0
0
0
0
0
0
0
0
0
0
0
0
-1.4693
0
0
0
0
0
0
0
0
0
0
0
0
0
-1.5419
0
0
0
0
0
0
0
16.1268
0
0
0
0
0
0
-2.5076
0
0
0
-2.4174
0
0
-2.6405
0
0
0
0
0
0
0
0
0
-3.1033
0
0
0
0
0
0
0
0
0
0
0
0
0
-2.4469
0
0
0
0
0
0
0
0
0
0
0
0
0
0
0
0
0
0
0
0
0
0
0
0
0
0
0
0
0
0
0
0
0
0
0
0
0
0
0
0
0
0
0
0
0
0
0
0
0
0
0
0
-1.297
0
0
0
0
0
0
0
0
0
0
0
0
0
-1.6154
0
0
0
0
0
13.3789
0
0
-2.5519
0
0
0
0
0
0
0
0
-2.3797
0
0
0
0
0
-2.6467
0
0
0
0
0
0
0
0
0
0
0
0
0
0
0
0
0
0
0
-2.8882
0
0
0
0
0
0
0
0
0
0
-2.3016
-2.3206
0
0
0
0
0
0
0
0
0
0
0
0
0
0
0
0
0
0
0
0
0
0
0
0
0
0
0
0
0
0
0
0
0
0
0
0
0
0
0
0
0
0
0
0
0
0
0
0
0
0
0
-2.2505
0
0
-1.9239
0
0
0
0
0
11.7441
0
0
0
0
0
0
0
-2.9474
0
0
0
0
0
0
0
0
0
0
0
0
0
0
0
0
0
0
0
0
0
0
0
0
0
0
0
0
0
0
0
0
0
0
0
0
0
0
0
-2.1806
-2.1996
0
0
0
0
0
0
0
0
0
0
0
0
0
0
0
0
0
-2.143
0
0
-2.1772
0
0
0
0
0
0
0
0
0
0
0
0
0
0
0
0
0
0
-2.0843
0
0
0
0
0
0
0
0
0
0
0
0
0
0
0
0
0
0
0
0
0
10.7847
0
0
0
0
0
0
0
0
0
0
0
0
0
0
0
0
0
0
0
0
0
0
0
0
0
0
0
0
0
0
0
0
0
0
0
0
0
0
0
0
0
0
0
0
0
0
-2.2642
-2.2836
0
0
0
0
0
0
0
0
0
0
0
0
0
0
0
0
0
0
0
0
0
0
0
0
0
0
0
0
0
0
0
0
0
0
0
0
0
0
0
0
0
0
0
0
0
0
0
0
0
0
0
0
0
0
-1.881
0
0
0
0
-2.5519
0
0
12.8591
0
0
0
0
0
0
0
0
0
0
0
0
0
0
0
0
0
0
0
0
0
0
0
0
0
0
0
0
0
0
0
-3.8783
0
0
0
0
0
0
0
0
0
0
0
0
0
0
0
0
-2.1846
0
0
0
0
0
0
0
0
0
0
0
0
0
0
0
0
0
0
0
0
0
0
0
0
0
0
0
0
0
0
0
0
0
0
0
0
0
0
0
0
0
-2.1035
0
0
0
0
0
0
0
0
-1.8738
0
0
0
0
0
0
0
0
0
0
11.926
0
0
0
-2.8732
0
0
0
0
-2.8909
0
0
0
0
0
0
0
0
0
0
0
0
0
0
0
0
0
0
0
0
0
0
0
0
0
0
0
0
0
0
0
0
0
0
0
-2.0322
-2.0549
0
0
0
-2.0708
0
0
0
0
0
0
0
0
0
0
0
0
-1.9971
0
0
0
0
0
0
0
0
0
0
0
0
0
0
0
0
0
0
0
0
0
0
0
0
0
0
0
0
0
0
0
0
0
0
0
0
0
0
0
0
0
0
0
0
0
0
0
11.6871
0
0
0
0
0
0
0
0
0
0
0
0
0
0
0
0
0
0
0
0
0
0
0
0
0
0
0
0
0
0
0
0
0
0
0
0
0
0
0
0
0
-3.5321
0
0
0
0
0
0
0
0
0
0
0
0
0
0
0
0
0
0
0
0
0
0
-2.5153
0
0
0
0
0
0
0
0
0
0
0
0
0
0
0
-2.4679
-2.4514
0
0
0
0
0
0
0
0
0
0
0
0
0
0
0
0
0
0
0
0
0
-2.5076
0
0
0
0
0
0
9.9422
0
0
0
0
0
0
0
0
0
0
0
0
0
0
0
0
0
0
0
0
0
0
0
0
0
0
0
0
0
0
0
0
0
0
0
0
0
0
0
0
0
0
0
0
-2.5131
0
0
0
0
0
0
0
0
0
0
0
0
0
0
0
0
0
0
0
0
0
0
0
0
0
0
0
0
0
0
0
0
0
0
0
0
-2.4034
0
0
0
0
0
0
0
0
0
0
0
0
0
0
0
0
0
0
0
0
0
0
0
0
0
0
0
0
11.52
0
0
0
0
0
0
0
0
0
0
0
0
0
0
0
0
0
0
-3.1652
0
0
0
0
0
0
0
0
0
-3.4383
0
0
0
0
0
0
0
0
0
0
0
0
0
0
0
0
0
0
0
0
0
0
0
0
0
0
0
0
0
0
0
0
0
0
0
0
0
0
0
0
0
0
0
0
0
0
0
0
0
0
0
0
0
0
-2.0813
0
0
0
0
0
0
0
0
0
0
0
0
0
0
0
0
0
0
0
0
0
0
-2.8732
0
0
0
11.1438
0
0
0
0
0
0
0
-3.1208
-3.0685
0
0
0
0
0
0
0
0
0
0
0
0
0
0
0
0
0
0
0
0
0
0
0
0
0
0
0
0
0
0
0
0
0
0
0
0
0
0
0
0
0
0
0
0
0
0
0
0
0
0
0
0
0
0
0
0
0
0
0
0
0
0
0
0
0
0
0
0
0
0
0
0
0
0
0
-2.0091
0
0
0
0
0
0
0
0
0
0
0
0
0
-2.2778
0
0
0
-2.9474
0
0
0
0
0
0
0
9.7633
0
0
0
0
0
0
0
0
0
0
0
0
0
0
0
0
0
0
0
0
0
0
0
0
0
0
0
0
0
0
-2.529
0
0
0
0
0
0
0
0
0
0
0
0
0
0
0
0
0
0
0
0
0
0
-2.4593
0
0
0
0
0
0
0
0
0
0
0
0
0
0
0
0
0
0
0
0
0
0
0
0
0
0
0
0
0
0
0
0
0
0
0
0
-2.3682
0
0
0
0
0
0
0
0
-2.4174
0
0
0
0
0
0
0
0
0
0
10.6596
0
0
0
0
0
0
0
0
0
0
0
0
0
0
0
0
0
0
0
0
0
0
0
0
0
-3.4147
0
0
0
0
0
0
0
0
0
0
0
0
0
0
0
0
0
0
0
0
0
0
0
0
0
0
0
-2.7451
0
0
0
0
0
0
0
0
0
0
0
0
0
0
0
0
0
0
0
0
0
0
0
0
0
0
0
0
0
0
0
0
0
0
0
0
0
-2.6078
0
-2.541
-2.2401
0
0
0
0
0
0
0
0
0
0
0
0
0
0
0
10.134
0
0
0
0
0
0
0
0
0
0
0
0
0
0
0
0
0
0
0
0
0
0
0
0
0
0
0
0
0
0
0
0
0
0
0
0
0
0
0
0
0
0
0
0
0
0
0
0
0
0
0
0
0
0
0
0
0
-2.4309
0
-2.4229
0
0
0
0
0
0
0
0
0
0
0
0
0
0
0
0
0
0
0
0
0
0
0
0
0
0
0
0
0
0
0
0
0
0
0
0
0
0
-2.3797
0
0
0
0
0
0
0
0
0
0
0
10.0978
0
0
0
0
0
0
0
0
0
0
0
0
-2.8643
0
0
0
0
0
0
0
0
0
0
0
0
0
0
0
0
0
0
0
0
0
0
0
0
0
-2.5642
0
0
0
0
0
0
0
0
0
0
0
0
0
0
0
0
0
0
0
0
0
0
0
0
0
0
0
0
0
0
0
0
0
0
0
0
0
0
0
0
0
0
0
0
0
0
0
0
0
0
0
-2.1885
0
0
0
0
0
-2.6405
0
0
0
0
-2.8909
0
0
0
0
0
0
0
0
10.284
0
0
0
0
0
0
0
0
0
0
0
0
0
0
0
0
0
0
0
0
0
0
0
0
0
0
0
0
0
0
0
0
0
0
0
-2.9998
-3.0181
0
0
0
0
0
0
0
0
0
0
0
0
0
0
0
0
0
0
0
0
0
-2.9685
0
0
0
0
0
0
0
0
0
0
0
0
0
0
0
0
0
0
0
0
0
0
0
0
0
0
0
0
0
0
0
0
0
0
0
0
0
0
0
0
0
0
0
0
0
0
0
0
0
0
0
8.9864
0
0
0
0
0
0
0
0
0
0
0
0
0
0
0
0
0
0
0
0
0
0
0
0
0
0
0
0
0
0
0
0
0
0
0
0
-2.7103
0
0
0
0
0
0
0
0
0
0
0
0
0
0
0
0
0
0
0
0
0
0
0
0
0
0
0
0
0
0
0
0
0
0
0
0
0
0
0
0
0
0
0
0
0
0
0
0
0
0
0
0
0
0
0
0
0
0
0
0
0
0
0
0
0
0
0
0
0
0
0
0
0
9.0937
0
0
0
0
0
0
0
-3.0236
0
0
0
0
0
0
0
0
0
0
-3.3598
0
0
0
0
0
0
0
0
0
0
0
0
0
0
0
0
0
0
0
0
0
0
0
0
0
0
0
0
0
-2.8278
0
0
0
0
0
0
0
0
0
0
0
0
0
0
0
0
0
0
0
0
0
0
0
0
0
0
0
0
0
0
-2.6302
0
0
0
0
0
0
0
0
0
0
0
0
0
0
0
0
0
0
0
0
0
0
-3.1208
0
0
0
0
0
0
0
8.5789
0
0
0
0
0
0
0
0
0
0
0
0
0
0
0
0
0
0
0
0
0
0
0
0
0
0
0
0
0
0
0
0
0
0
0
0
0
0
0
0
0
0
0
0
0
0
0
0
0
0
0
0
0
0
0
0
0
0
0
0
0
0
-1.7593
0
0
0
0
0
0
0
0
0
0
0
0
0
0
0
0
0
0
0
0
0
0
0
0
0
0
0
0
0
0
0
0
0
0
0
0
0
0
-3.0685
0
0
0
0
0
0
0
0
7.6771
0
0
-2.8492
0
0
0
0
0
0
0
0
0
0
0
0
0
0
0
0
0
0
0
0
0
0
0
0
0
0
0
0
0
0
0
0
0
0
0
0
0
0
0
0
0
0
0
0
0
0
0
0
0
0
0
0
0
0
0
0
0
0
0
0
0
0
0
0
0
0
0
0
0
0
0
0
0
0
0
0
0
0
0
0
0
0
0
0
-2.3577
0
0
0
0
-2.6467
0
0
0
0
0
0
0
0
0
0
0
0
0
0
0
0
0
7.9156
-2.9111
0
0
0
0
0
0
0
0
0
0
0
0
0
0
0
0
0
0
0
0
0
0
0
0
0
0
0
0
0
0
0
-1.5083
0
0
0
0
0
0
0
0
0
0
0
0
0
0
0
0
0
0
0
0
0
0
0
0
0
0
0
0
0
0
0
0
0
0
0
0
0
0
0
0
0
0
0
0
0
0
0
0
0
0
0
0
0
0
0
0
0
0
0
0
0
0
0
0
0
0
0
0
0
0
0
0
0
0
0
0
-2.9111
8.3145
0
0
0
0
0
0
0
0
0
0
0
0
0
0
0
0
0
0
0
0
0
0
0
-3.8951
0
0
0
0
0
0
0
0
0
0
0
0
0
0
0
0
0
0
0
0
0
0
0
0
0
0
0
0
0
0
0
0
0
0
0
0
0
0
0
0
-0.18609
0
0
0
0
0
0
0
0
0
0
0
0
0
0
0
0
0
0
0
0
0
0
0
0
0
0
0
0
0
0
0
0
0
0
0
0
0
0
0
0
0
0
-2.8492
0
0
6.4102
0
0
0
0
0
0
0
0
0
0
0
0
0
0
0
0
0
0
-3.3749
0
0
0
0
0
0
0
0
0
-2.7651
-2.7929
0
0
0
0
0
0
0
0
0
0
0
0
0
0
0
0
0
0
0
0
0
0
0
0
0
0
0
0
0
0
0
0
0
0
0
0
0
0
0
0
0
0
0
0
0
0
0
0
0
0
0
0
0
0
0
0
0
0
0
0
0
0
0
0
0
0
0
0
0
0
0
0
0
0
0
0
0
0
0
0
8.3608
0
0
0
0
0
0
-2.8027
0
0
0
0
0
0
0
0
0
0
0
0
0
0
0
0
0
0
0
0
0
0
0
0
0
0
0
0
0
0
0
0
0
0
0
0
0
0
0
0
0
0
0
0
0
0
0
0
0
0
0
0
0
0
0
0
0
0
0
0
0
0
0
0
0
0
0
0
0
0
0
0
0
0
0
0
0
0
0
0
0
0
0
0
0
0
0
0
0
0
0
0
0
0
0
0
0
0
0
0
0
0
0
10.4153
-3.3424
0
0
0
-3.5351
0
0
0
0
-3.5378
0
0
0
0
0
0
0
0
0
0
0
0
0
0
0
0
0
0
0
0
0
0
0
0
0
0
0
0
0
0
0
0
0
0
0
0
0
0
0
0
0
0
0
0
0
0
0
0
0
0
0
0
0
0
0
0
0
0
0
0
0
0
0
0
0
0
0
0
0
0
0
0
0
0
0
0
-3.1033
0
0
0
0
0
0
0
0
0
0
0
0
0
0
0
-3.0236
0
0
0
0
0
0
-3.3424
9.4693
0
0
0
0
0
0
0
0
0
0
0
0
0
0
0
0
0
0
0
0
0
0
0
0
0
0
0
0
0
0
0
0
0
0
0
0
0
0
0
0
0
0
0
0
0
0
0
0
0
0
0
-3.0167
0
0
0
0
0
0
0
0
0
0
0
0
0
0
0
-2.9726
0
0
0
0
0
-2.8714
0
0
0
0
0
0
0
0
0
0
0
0
0
0
0
0
0
0
0
0
0
0
0
0
0
0
0
0
0
0
0
0
0
0
0
0
8.8607
0
0
0
0
0
0
0
0
0
0
0
0
0
0
0
0
0
0
0
0
0
0
0
0
0
0
0
0
0
0
0
0
0
0
0
0
0
0
0
0
0
0
0
0
0
0
0
0
0
0
0
0
0
0
0
0
0
0
0
0
0
0
0
0
0
0
0
0
0
0
0
0
-3.0115
0
0
0
0
0
0
-2.9527
0
0
0
0
0
0
0
0
0
0
0
0
0
0
0
0
0
-2.8643
0
0
0
0
0
0
0
0
0
0
0
0
8.8286
0
0
0
0
0
0
0
0
0
0
0
0
0
0
0
0
0
0
0
0
0
0
0
0
0
0
0
0
0
0
0
0
0
0
-3.6634
0
0
0
0
0
0
0
0
0
0
0
0
0
0
0
0
0
0
0
0
0
0
0
0
0
0
0
0
0
0
0
0
0
0
0
0
0
0
0
0
0
0
0
0
0
0
0
0
0
0
0
0
0
0
0
0
-3.1652
0
0
0
0
0
0
0
0
0
0
0
0
0
0
0
0
0
0
6.8286
0
0
0
0
0
0
0
0
0
0
0
0
0
0
0
0
0
0
0
0
0
0
0
0
0
0
-3.6871
0
0
0
0
0
0
0
0
0
0
0
0
0
0
0
0
0
0
0
0
0
0
0
0
0
0
0
0
0
0
0
0
0
0
0
0
0
0
0
0
0
0
0
0
0
0
0
0
0
0
0
0
0
0
0
0
0
0
0
0
0
0
0
0
0
0
0
0
0
0
0
0
0
0
0
0
0
0
-3.5351
0
0
0
0
7.2222
0
0
0
0
0
0
0
0
0
0
0
0
0
0
0
0
0
0
0
0
0
0
0
0
0
0
0
0
0
0
0
0
0
0
0
0
0
0
0
0
0
0
0
0
0
0
0
0
0
0
0
0
0
0
0
0
0
0
-3.8606
0
0
0
0
0
0
0
0
0
0
0
0
0
0
0
0
0
0
0
0
0
0
0
0
0
0
0
0
0
0
0
0
0
0
0
0
0
0
0
0
0
0
0
0
-2.8027
0
0
0
0
0
0
6.6633
0
0
0
0
0
0
0
0
0
0
0
0
0
0
0
0
0
0
0
0
0
0
0
0
0
0
0
0
0
0
0
0
0
0
0
0
0
0
0
0
0
0
0
0
0
0
0
0
0
0
0
0
0
0
0
0
0
0
0
0
0
0
0
0
0
0
0
0
0
0
0
0
0
0
0
-4.2726
0
0
0
0
0
0
0
0
0
0
0
0
0
0
0
0
0
0
0
0
0
0
0
0
0
0
0
0
0
0
0
0
0
0
8.4023
0
0
0
0
0
-4.1297
0
0
0
0
0
0
0
0
0
0
0
0
0
-3.7427
0
0
0
0
0
0
0
0
0
0
0
0
0
0
0
0
0
0
0
0
0
0
0
0
0
0
0
0
0
0
0
0
0
0
0
0
0
0
0
0
0
0
0
0
0
0
0
0
0
0
0
0
0
-3.1397
0
0
0
0
0
0
0
0
0
0
0
0
0
0
0
0
0
0
0
0
0
0
0
0
0
0
0
0
0
0
0
0
0
0
0
0
6.8824
0
0
0
0
0
0
0
0
0
0
0
0
0
0
0
0
0
0
0
0
0
0
0
0
0
0
0
0
0
0
0
0
0
0
0
0
0
0
0
0
0
0
0
0
0
0
0
0
-3.7956
0
0
0
0
0
0
0
-3.6753
0
0
0
0
0
0
0
0
0
0
0
0
0
0
0
0
0
0
0
0
0
0
0
0
0
0
0
0
0
0
0
0
0
0
0
0
0
0
0
0
0
0
0
0
0
0
0
0
0
0
0
0
0
7.471
0
0
0
0
0
0
0
0
0
0
0
0
0
0
0
0
0
0
0
0
0
0
0
0
0
0
0
0
0
0
0
0
0
0
0
0
0
0
0
0
0
0
0
0
0
0
0
-3.6689
0
0
0
0
0
0
0
0
0
0
0
0
0
0
0
0
0
0
0
0
0
0
0
0
0
0
0
0
0
0
0
0
0
0
0
0
0
0
0
0
0
0
0
0
0
0
0
0
0
0
0
0
-3.5378
0
0
0
0
0
0
0
0
0
7.2067
0
0
0
0
0
0
0
0
0
0
0
0
0
0
0
0
0
0
0
-4.0906
0
0
0
0
0
0
0
0
0
0
0
0
0
0
0
0
0
0
0
0
0
0
0
0
0
0
0
0
0
-3.9409
0
0
0
0
0
0
0
0
0
0
0
0
0
0
0
0
0
0
0
0
0
0
0
0
0
0
0
0
0
0
0
0
0
0
0
0
0
0
0
0
0
0
0
0
0
0
0
0
0
0
0
0
0
0
0
0
0
0
0
0
8.0314
0
0
0
0
0
0
0
0
0
0
0
0
0
0
0
0
0
0
0
0
0
0
0
0
0
0
0
0
0
0
0
0
0
0
0
0
0
0
0
0
0
0
0
0
0
0
0
0
0
0
0
0
0
0
0
0
0
0
0
0
0
0
0
0
-3.349
0
0
0
0
0
0
0
0
0
0
0
0
0
0
0
0
0
0
0
0
0
0
0
0
0
0
-3.3598
0
0
0
0
0
0
0
0
0
0
0
0
0
0
0
0
0
0
6.7088
0
0
0
0
0
0
0
0
0
0
0
0
0
0
0
0
0
0
0
0
0
0
0
0
0
0
0
0
0
0
0
0
0
0
0
0
0
0
0
0
0
0
0
0
0
0
0
0
0
0
0
0
0
0
0
0
0
0
0
0
0
0
0
0
0
0
0
0
0
0
0
0
0
0
0
0
0
0
-3.8783
0
0
0
0
0
0
0
0
0
0
0
0
0
0
0
0
0
0
0
0
0
0
0
0
0
-4.1297
0
0
0
0
0
8.008
0
0
0
0
0
0
0
0
0
0
0
0
0
0
0
0
0
0
0
0
0
0
0
0
0
0
0
0
0
0
0
0
0
0
0
0
0
0
0
0
0
0
0
0
0
0
0
0
0
0
0
0
0
0
0
0
0
0
0
0
0
0
0
0
0
0
0
0
0
0
0
0
0
0
0
0
0
0
0
0
0
-3.4383
0
0
-3.4147
0
0
0
0
0
0
0
0
0
0
0
0
0
0
0
0
0
0
0
0
0
0
0
0
0
6.853
0
0
0
0
0
0
0
0
0
0
0
0
0
0
0
0
0
0
0
0
0
0
0
0
0
0
0
0
0
0
0
0
0
0
0
0
0
0
0
0
0
0
0
0
0
0
0
0
0
0
0
0
0
0
0
0
0
0
0
0
0
0
-1.634
0
0
0
0
0
0
0
0
0
-2.4469
0
0
0
0
0
0
0
0
0
0
0
0
0
0
0
0
0
0
0
0
0
0
0
0
0
0
0
0
0
0
0
0
0
0
0
0
0
4.0809
0
0
0
0
0
0
0
0
0
0
0
0
0
0
0
0
0
0
0
0
0
0
0
0
0
0
0
0
0
0
0
0
0
0
0
0
0
0
0
0
0
0
0
0
0
0
0
0
0
0
0
0
0
0
0
0
0
0
0
0
0
0
0
0
0
0
0
0
0
0
0
0
-2.8882
0
0
0
0
0
0
0
0
0
0
0
0
0
0
0
0
0
0
0
0
0
0
0
0
0
0
0
0
0
0
0
0
0
0
0
0
0
2.8882
0
0
0
0
0
0
0
0
0
0
0
0
0
0
0
0
0
0
0
0
0
0
0
0
0
0
0
0
0
0
0
0
0
0
0
0
0
0
0
0
0
0
0
0
0
0
0
0
0
0
0
0
0
0
0
0
0
0
0
0
0
0
0
0
0
0
0
0
0
0
0
0
0
0
0
0
0
0
0
0
0
0
0
0
0
0
0
0
0
0
0
-3.3749
0
0
0
0
0
0
0
0
0
0
0
0
0
0
0
0
0
0
3.3749
0
0
0
0
0
0
0
0
0
0
0
0
0
0
0
0
0
0
0
0
0
0
0
0
0
0
0
0
0
0
0
0
0
0
0
0
0
0
0
0
0
0
0
0
0
0
0
0
0
0
0
0
0
0
0
0
0
0
0
0
0
0
0
0
0
0
0
0
0
0
0
0
0
0
0
0
0
0
0
-2.529
0
0
0
0
0
0
0
0
0
0
0
0
0
0
0
0
0
0
0
0
0
0
0
0
0
0
0
0
0
0
2.529
0
0
0
0
0
0
0
0
0
0
0
0
0
0
0
0
0
0
0
0
0
0
0
0
0
0
0
0
0
0
0
0
0
0
0
0
0
0
0
0
0
0
0
0
0
0
0
0
0
0
0
0
0
0
0
0
0
0
0
0
0
0
0
0
0
0
-3.7841
0
0
0
0
0
0
0
0
0
0
0
0
0
0
0
0
0
0
0
0
0
0
0
0
0
0
0
0
0
0
0
0
0
0
0
0
0
0
0
0
0
0
0
3.7841
0
0
0
0
0
0
0
0
0
0
0
0
0
0
0
0
0
0
0
0
0
0
0
0
0
0
0
0
0
0
0
0
0
0
0
0
0
0
0
0
0
0
0
0
0
0
0
0
0
0
0
0
0
0
-5.2416
0
0
0
0
0
0
0
0
0
0
0
0
0
0
0
0
0
0
0
0
0
0
0
0
0
0
0
0
0
0
0
0
0
0
0
0
0
0
0
0
0
0
0
0
0
0
0
0
0
0
0
0
0
0
0
5.2416
0
0
0
0
0
0
0
0
0
0
0
0
0
0
0
0
0
0
0
0
0
0
0
0
0
0
0
0
0
0
0
0
0
0
0
0
0
0
0
0
0
0
0
0
0
0
0
0
0
0
0
0
0
0
0
0
0
0
0
0
0
0
0
0
0
0
0
0
0
0
0
0
0
0
0
0
0
0
0
0
0
0
0
0
0
0
-3.8951
0
0
0
0
0
0
0
0
0
0
0
0
0
0
0
0
0
0
0
0
0
0
0
3.8951
0
0
0
0
0
0
0
0
0
0
0
0
0
0
0
0
0
0
0
0
0
0
0
0
0
-5.4999
0
0
0
0
0
0
0
0
0
0
0
0
0
0
0
0
0
0
0
0
0
0
0
0
0
0
0
0
0
0
0
0
0
0
0
0
0
0
0
0
0
0
0
0
0
0
0
0
0
0
0
0
0
0
0
0
0
0
0
0
0
0
0
0
0
0
0
0
0
0
0
0
0
0
0
0
0
0
0
0
0
0
0
0
5.4999
0
0
0
0
0
0
0
0
0
0
0
0
0
0
0
0
0
0
0
0
0
0
0
0
0
0
0
0
0
-5.4154
0
0
0
0
0
0
0
0
0
0
0
0
0
0
0
0
0
0
0
0
0
0
0
0
0
0
0
0
0
0
0
0
0
0
0
0
0
0
0
0
0
0
0
0
0
0
0
0
0
0
0
0
0
0
0
0
0
0
0
0
0
0
0
0
0
0
0
0
0
0
0
0
0
0
0
0
0
0
0
0
5.4154
0
0
0
0
0
0
0
0
0
0
0
0
0
0
0
0
0
0
0
0
0
0
0
0
0
0
0
0
0
0
0
0
0
0
0
0
0
0
0
0
0
0
0
0
0
0
0
0
0
0
0
0
0
0
0
0
0
0
0
0
0
-3.7841
0
0
0
0
0
0
0
0
0
0
0
0
0
0
0
0
0
0
0
0
0
0
0
0
0
0
0
0
0
0
0
0
0
0
0
0
0
0
0
0
0
0
0
0
0
0
0
0
3.7841
0
0
0
0
0
0
0
0
0
0
0
0
0
0
0
0
0
0
0
0
0
0
0
0
0
0
0
0
0
0
0
0
0
0
0
0
0
0
0
0
0
0
0
0
0
0
0
0
0
0
0
0
0
0
0
0
0
0
0
0
0
0
0
0
0
0
0
0
-3.5321
0
0
0
0
0
0
0
0
0
0
0
0
0
0
0
0
0
0
0
0
0
0
0
0
0
0
0
0
0
0
0
0
0
0
0
0
0
0
0
0
0
3.5321
0
0
-5.6084
0
0
0
0
0
0
0
0
0
0
0
0
0
0
0
0
0
0
0
0
0
0
0
0
0
0
0
0
0
0
0
0
0
0
0
0
0
0
0
0
0
0
0
0
0
0
0
0
0
0
0
0
0
0
0
0
0
0
0
0
0
0
0
0
0
0
0
0
0
0
0
0
0
0
0
0
0
0
0
0
0
0
0
0
0
0
0
0
0
0
0
0
0
0
0
0
0
0
0
0
0
0
0
0
0
0
0
5.6084
