52.8152
-0.49531
-0.50225
-0.50448
-0.54607
-0.52301
-0.51386
-0.56751
-0.53483
-0.53878
-0.52394
-0.53174
-0.55428
-0.51549
-0.5433
-0.55128
-0.52726
-0.52821
-0.55719
-0.56606
-0.51287
-0.52586
-0.53095
-0.55203
-0.55806
-0.54416
-0.55965
-0.55976
-0.51355
-0.53422
-0.58243
-0.55785
-0.58642
-0.62926
-0.60321
-0.63842
-0.65968
-0.54356
-0.63693
-0.62858
-0.63939
-0.63294
-0.63191
-0.68322
-0.65966
-0.68156
-0.77718
-0.909
-0.72541
-0.94679
-1.0266
-1.0564
-1.1882
-1.0722
-1.5081
-1.3768
-1.685
-1.4897
-1.8462
-2.3681
0
0
0
0
-2.5369
0
0
0
0
-2.6386
0
0
0
0
0
0
0
0
0
0
0
0
0
0
0
0
0
0
0
0
0
0
0
-4.1531
0
0
0
0
0
0
0
0
0
0
0
0
0
0
0
0
0
0
0
0
0
0
0
0
-0.49531
54.893
-0.51873
-0.52696
-0.57212
-0.54717
-0.53944
-0.59455
-0.56211
-0.56733
-0.54985
-0.5558
-0.58315
-0.54309
-0.55072
-0.57728
-0.55517
-0.55392
-0.5836
-0.59475
-0.53898
-0.52885
-0.55989
-0.58036
-0.58277
-0.57298
-0.58826
-0.58391
-0.58213
-0.56011
-0.60793
-0.58387
-0.61041
-0.65872
-0.62904
-0.66496
-0.68834
-0.61309
-0.66465
-0.65226
-0.6678
-0.66428
-0.65795
-0.71049
-0.70743
-0.71066
-0.80606
-0.93969
-0.7805
-0.97613
-1.0647
-1.0844
-1.2197
-1.0991
-1.5293
-1.4179
-1.723
-1.5595
-1.883
-2.4043
0
0
0
0
0
0
0
0
0
0
0
0
-2.6467
0
0
0
0
0
0
0
0
0
0
0
0
0
0
0
-3.9058
0
-3.112
0
0
0
0
0
0
0
0
0
0
0
0
0
0
0
0
0
0
0
0
0
0
0
0
0
0
0
-0.50225
-0.51873
47.7644
-0.52524
-0.57186
-0.54666
-0.53657
-0.59292
-0.55905
-0.56662
-0.54823
-0.55435
-0.58247
-0.54221
-0.56949
-0.57588
-0.55459
-0.55275
-0.58237
-0.5932
-0.53902
-0.55295
-0.56013
-0.57957
-0.58226
-0.5716
-0.5864
-0.58297
-0.57911
-0.55736
-0.60623
-0.5834
-0.61069
-0.65648
-0.62777
-0.6635
-0.68627
-0.61211
-0.66241
-0.65353
-0.66652
-0.66548
-0.65698
-0.71057
-0.7086
-0.70434
-0.80131
-0.93567
-0.77366
-0.97139
-1.0543
-1.0785
-1.2094
-1.1338
-1.5202
-1.4055
-1.7101
-1.5537
-1.8666
-2.3735
0
0
0
0
0
0
0
0
0
0
0
0
-2.6351
0
0
0
0
0
0
0
0
0
0
0
0
0
0
0
0
0
0
0
0
0
0
0
0
0
0
0
0
0
0
0
0
0
0
0
0
0
0
0
0
0
0
0
0
0
-0.50448
-0.52696
-0.52524
45.3681
-0.57447
-0.55027
-0.53996
-0.58824
-0.56137
-0.56883
-0.55126
-0.55799
-0.58493
-0.54569
-0.57353
-0.57945
-0.55642
-0.55614
-0.58596
-0.59741
-0.54052
-0.55614
-0.56396
-0.58437
-0.5864
-0.57546
-0.59009
-0.58687
-0.58303
-0.56183
-0.61043
-0.59135
-0.61578
-0.66089
-0.63502
-0.6707
-0.69052
-0.61815
-0.66658
-0.65773
-0.67191
-0.66898
-0.65952
-0.71524
-0.71231
-0.70831
-0.80481
-0.93869
-0.77887
-0.97555
-1.06
-1.0818
-1.2179
-1.1341
-1.5238
-1.4345
-1.7116
-1.554
-1.8712
-2.3706
0
0
0
0
0
0
0
0
0
0
0
0
0
0
0
0
0
0
0
0
0
0
0
0
0
0
0
0
0
0
0
0
0
0
0
0
0
0
0
0
0
0
0
0
0
0
0
0
0
0
0
0
0
0
0
0
0
0
-0.54607
-0.57212
-0.57186
-0.57447
50.0246
-0.58819
-0.57405
-0.6243
-0.59154
-0.60266
-0.58747
-0.59289
-0.62031
-0.57713
-0.6079
-0.61292
-0.58014
-0.58892
-0.61964
-0.63278
-0.59743
-0.60489
-0.59731
-0.6177
-0.61964
-0.60186
-0.62578
-0.62036
-0.61655
-0.59923
-0.64512
-0.6088
-0.64481
-0.69747
-0.67191
-0.70981
-0.72789
-0.6537
-0.70335
-0.69395
-0.70494
-0.71104
-0.69643
-0.74817
-0.74132
-0.75222
-0.8202
-0.97898
-0.82028
-1.0161
-1.1081
-1.1214
-1.2611
-1.1539
-1.5806
0
-1.7582
0
0
0
0
0
0
-2.4266
0
0
0
0
0
0
0
0
0
0
0
0
0
0
0
0
0
0
0
0
0
0
0
0
0
0
0
0
0
0
0
0
0
0
0
0
0
0
0
0
0
0
0
0
-7.5022
0
0
0
0
0
0
0
0
0
-0.52301
-0.54717
-0.54666
-0.55027
-0.58819
42.4786
-0.54675
-0.61063
-0.58045
-0.58334
-0.56549
-0.57145
-0.5997
-0.5615
-0.58922
-0.59403
-0.57088
-0.57038
-0.60074
-0.6114
-0.56344
-0.57107
-0.57789
-0.59961
-0.60067
-0.58846
-0.60328
-0.60102
-0.59713
-0.57582
-0.62514
-0.60411
-0.6287
-0.67632
-0.65155
-0.68639
-0.70625
-0.63451
-0.68168
-0.67379
-0.68519
-0.6886
-0.67593
-0.73016
-0.72712
-0.72082
-0.82258
-0.95682
-0.79763
-0.99393
-1.0803
-1.1001
-1.2375
-1.1487
-1.5402
0
-1.7269
-1.6006
-1.8874
0
0
0
0
0
0
0
0
0
0
0
0
0
0
0
0
0
0
0
0
0
0
0
0
0
0
0
0
0
0
0
0
0
0
0
0
0
0
0
0
0
0
0
0
0
0
0
0
0
0
0
0
0
0
0
0
0
0
0
-0.51386
-0.53944
-0.53657
-0.53996
-0.57405
-0.54675
41.1776
-0.59785
-0.5614
-0.5663
-0.54908
-0.55306
-0.57797
-0.53838
-0.56526
-0.57378
-0.54997
-0.5504
-0.58024
-0.58482
-0.54911
-0.55623
-0.55787
-0.57681
-0.57796
-0.56037
-0.58901
-0.57932
-0.57521
-0.50308
-0.60286
-0.57272
-0.59604
-0.65241
-0.62499
-0.66598
-0.68218
-0.60692
-0.66014
-0.65399
-0.62913
-0.67222
-0.65639
-0.70828
-0.70491
-0.71091
-0.79906
-0.93167
-0.77254
-0.96952
-1.0509
-1.07
-1.2104
0
-1.5572
0
0
0
0
0
0
0
0
0
0
-2.0476
0
0
0
0
0
0
0
0
0
0
0
0
0
0
0
-4.1446
0
0
0
0
0
0
0
0
0
0
0
0
0
0
0
0
0
0
0
0
0
0
0
0
0
0
0
0
0
0
0
0
0
0
0
0
-0.56751
-0.59455
-0.59292
-0.58824
-0.6243
-0.61063
-0.59785
45.7264
-0.60972
-0.62105
-0.60564
-0.61208
-0.64
-0.59626
-0.62621
-0.63176
-0.60693
-0.60723
-0.63861
-0.6574
-0.61165
-0.61738
-0.61634
-0.63757
-0.63886
-0.62035
-0.64743
-0.63879
-0.63306
-0.62002
-0.66332
-0.64033
-0.66415
-0.71589
-0.69394
-0.73364
-0.74646
-0.67208
-0.72142
-0.71872
-0.7344
-0.73225
-0.71541
-0.77062
-0.76165
-0.77017
-0.86404
-0.99955
-0.84654
-1.0367
-1.1282
-1.1438
-1.2828
0
0
0
-1.8093
0
0
0
0
0
0
0
0
0
0
0
0
0
0
0
0
0
0
0
0
0
0
0
0
0
0
0
0
0
0
0
0
0
0
0
0
0
0
0
0
0
0
0
0
0
0
0
0
0
0
0
0
0
0
0
0
0
0
0
0
-7.2507
-0.53483
-0.56211
-0.55905
-0.56137
-0.59154
-0.58045
-0.5614
-0.60972
43.5592
-0.58379
-0.56827
-0.574
-0.59872
-0.55915
-0.58733
-0.59335
-0.56893
-0.56985
-0.60008
-0.61753
-0.56964
-0.5768
-0.57697
-0.59807
-0.59672
-0.58085
-0.60736
-0.59951
-0.59332
-0.57865
-0.62281
-0.6024
-0.62546
-0.67368
-0.65051
-0.69028
-0.70315
-0.62562
-0.67885
-0.67113
-0.69306
-0.68828
-0.67448
-0.72615
-0.72055
-0.72718
-0.81937
-0.95006
-0.79935
-0.98593
-1.0691
-1.0814
-1.2205
0
0
0
0
0
0
0
0
0
0
0
0
0
0
0
0
0
0
0
0
0
0
0
-1.8315
0
0
0
0
0
0
0
0
0
0
0
0
0
0
0
0
0
0
0
0
0
0
0
0
0
0
0
0
0
0
0
0
0
0
0
0
0
0
0
-7.1691
0
-0.53878
-0.56733
-0.56662
-0.56883
-0.60266
-0.58334
-0.5663
-0.62105
-0.58379
40.1015
-0.57401
-0.57893
-0.6028
-0.56483
-0.59404
-0.59963
-0.56443
-0.57597
-0.60667
-0.61592
-0.57045
-0.57761
-0.58329
-0.60578
-0.6077
-0.58685
-0.61692
-0.60882
-0.60355
-0.58154
-0.632
-0.61029
-0.63216
-0.68299
-0.657
-0.6916
-0.71316
-0.63875
-0.6898
-0.6781
-0.69314
-0.69884
-0.6621
-0.72549
-0.71455
-0.73556
-0.83107
-0.96622
-0.80645
-1.0052
-1.0922
-1.1152
-1.2492
0
0
0
0
0
0
0
-2.4954
0
0
0
0
0
0
0
0
0
0
0
0
0
-2.6665
0
0
0
0
0
0
0
0
0
0
0
0
0
0
0
0
0
0
0
0
0
0
0
0
0
0
0
0
0
0
0
0
0
0
0
0
0
0
0
0
0
0
0
-0.52394
-0.54985
-0.54823
-0.55126
-0.58747
-0.56549
-0.54908
-0.60564
-0.56827
-0.57401
35.7416
-0.5667
-0.59184
-0.54708
-0.57946
-0.58667
-0.55863
-0.56211
-0.59386
-0.60281
-0.55589
-0.5635
-0.56942
-0.59183
-0.5908
-0.57659
-0.60224
-0.5913
-0.58576
-0.56575
-0.61459
-0.59478
-0.61786
-0.66526
-0.64088
-0.67603
-0.69476
-0.62375
-0.67006
-0.66289
-0.67778
-0.67607
-0.66849
-0.71529
-0.71946
-0.72629
-0.81154
-0.94352
-0.78949
-0.98116
-1.0641
-1.0897
-1.226
0
0
0
0
-1.5864
0
0
0
0
0
0
0
0
0
0
0
0
0
0
0
0
0
0
0
0
0
0
0
0
0
0
0
0
0
0
0
0
0
0
0
0
0
0
0
0
0
0
0
0
0
0
0
0
0
0
0
0
0
0
0
0
0
0
0
0
-0.53174
-0.5558
-0.55435
-0.55799
-0.59289
-0.57145
-0.55306
-0.61208
-0.574
-0.57893
-0.5667
36.9655
-0.57692
-0.55791
-0.58215
-0.59196
-0.56557
-0.56736
-0.59941
-0.60521
-0.56709
-0.57245
-0.57476
-0.59767
-0.59952
-0.58197
-0.6068
-0.59734
-0.59302
-0.57364
-0.62061
-0.59813
-0.62043
-0.67182
-0.64195
-0.68337
-0.70223
-0.62606
-0.67753
-0.67357
-0.68325
-0.69135
-0.67475
-0.72237
-0.72168
-0.73114
-0.8212
-0.9523
-0.79653
-0.99076
-1.0887
-1.1113
-1.2372
0
0
0
0
0
0
0
0
-2.4675
0
0
0
0
0
0
0
0
0
0
0
0
0
0
0
0
0
0
0
0
0
0
0
0
0
0
0
0
0
0
0
0
0
0
0
0
0
0
0
0
0
0
0
0
0
0
0
0
0
0
0
0
0
0
0
0
-0.55428
-0.58315
-0.58247
-0.58493
-0.62031
-0.5997
-0.57797
-0.64
-0.59872
-0.6028
-0.59184
-0.57692
39.2438
-0.57665
-0.60723
-0.61456
-0.57562
-0.58893
-0.62188
-0.62994
-0.58658
-0.59602
-0.59701
-0.62042
-0.62005
-0.60207
-0.63026
-0.62071
-0.61958
-0.59671
-0.64502
-0.62698
-0.64662
-0.6976
-0.6669
-0.7082
-0.72841
-0.65213
-0.70323
-0.6934
-0.70623
-0.71483
-0.7065
-0.74484
-0.74491
-0.75783
-0.8513
-0.9812
-0.82612
-1.0203
0
0
0
0
0
0
0
0
0
0
0
-2.4604
0
0
0
0
0
0
0
0
0
0
0
0
-2.6627
0
-1.8808
0
0
0
0
0
0
0
0
0
0
0
0
0
0
0
0
0
0
0
0
0
0
0
0
0
0
0
0
0
0
0
0
0
0
0
0
0
0
0
0
0
-0.51549
-0.54309
-0.54221
-0.54569
-0.57713
-0.5615
-0.53838
-0.59626
-0.55915
-0.56483
-0.54708
-0.55791
-0.57665
34.9557
-0.56234
-0.57807
-0.54214
-0.55087
-0.58445
-0.58559
-0.5404
-0.5473
-0.55509
-0.5797
-0.57688
-0.5259
-0.58614
-0.579
-0.57251
-0.55078
-0.60103
-0.57827
-0.60289
-0.65064
-0.6213
-0.6568
-0.68008
-0.60524
-0.65611
-0.64637
-0.6574
-0.65951
-0.65674
-0.69947
-0.69666
-0.71541
-0.79456
-0.92632
-0.76764
-0.96373
0
0
0
0
0
-1.4247
0
0
0
0
0
0
0
0
0
0
0
0
0
0
0
0
0
0
0
0
0
0
0
0
0
0
0
-3.4523
0
0
0
0
0
0
0
0
0
0
0
0
0
0
0
0
0
0
0
0
0
0
0
0
0
0
0
0
0
0
0
0
0
0
-0.5433
-0.55072
-0.56949
-0.57353
-0.6079
-0.58922
-0.56526
-0.62621
-0.58733
-0.59404
-0.57946
-0.58215
-0.60723
-0.56234
38.1603
-0.60322
-0.57462
-0.57715
-0.60979
-0.61412
-0.56729
-0.53461
-0.58342
-0.6056
-0.6053
-0.58624
-0.62016
-0.60683
-0.60353
-0.58428
-0.63172
-0.60981
-0.63165
-0.68363
-0.65153
-0.69137
-0.71421
-0.63731
-0.68842
-0.67362
-0.69366
-0.69772
-0.68672
-0.72273
-0.73339
-0.74052
-0.83651
-0.9662
0
-1.0045
0
0
0
0
0
0
0
0
0
0
0
0
0
0
0
0
0
0
0
0
0
0
0
0
0
0
0
0
0
0
0
0
0
0
0
-3.6387
0
0
-3.812
0
0
0
0
0
0
0
0
0
0
0
0
0
0
0
0
0
0
0
0
0
0
0
0
0
0
0
0
0
-0.55128
-0.57728
-0.57588
-0.57945
-0.61292
-0.59403
-0.57378
-0.63176
-0.59335
-0.59963
-0.58667
-0.59196
-0.61456
-0.57807
-0.60322
33.2203
-0.59132
-0.58403
-0.63004
-0.62495
-0.58152
-0.58506
-0.59157
-0.62114
-0.61217
-0.60018
-0.62371
-0.6138
-0.60605
-0.58828
-0.63661
-0.61414
-0.63729
-0.68765
-0.66425
-0.69973
-0.71808
-0.64888
-0.69297
-0.6872
-0.69941
-0.70858
-0.69138
-0.73883
-0.74441
-0.7512
-0.83609
-0.96864
-0.8122
-1.0071
0
0
-1.258
0
0
0
0
0
0
0
0
0
0
0
0
0
0
0
0
0
0
0
0
0
0
0
0
0
0
0
0
0
0
0
0
0
0
0
0
0
0
0
0
0
0
0
0
0
0
0
0
0
0
0
0
0
0
0
0
0
0
0
0
0
0
0
0
0
-0.52726
-0.55517
-0.55459
-0.55642
-0.58014
-0.57088
-0.54997
-0.60693
-0.56893
-0.56443
-0.55863
-0.56557
-0.57562
-0.54214
-0.57462
-0.59132
33.7087
-0.56239
-0.59888
-0.59443
-0.54166
-0.55681
-0.56551
-0.59272
-0.58504
-0.56618
-0.59522
-0.58736
-0.58345
-0.56251
-0.61006
-0.57252
-0.60855
-0.66034
-0.63391
-0.67003
-0.69001
-0.61809
-0.66573
-0.65511
-0.66739
-0.67677
-0.66804
-0.70832
-0.70541
-0.72603
-0.77965
-0.93529
0
0
0
0
0
0
0
0
0
0
0
0
0
0
0
-2.3486
0
0
0
0
0
0
0
0
0
0
-2.5741
0
0
0
0
0
0
0
0
0
0
0
0
0
0
0
0
0
0
0
0
0
0
0
0
0
0
0
0
0
0
0
0
0
0
0
0
0
0
0
0
0
0
0
-0.52821
-0.55392
-0.55275
-0.55614
-0.58892
-0.57038
-0.5504
-0.60723
-0.56985
-0.57597
-0.56211
-0.56736
-0.58893
-0.55087
-0.57715
-0.58403
-0.56239
30.6245
-0.57994
-0.59821
-0.55746
-0.5606
-0.56335
-0.56859
-0.58425
-0.57576
-0.59742
-0.58699
-0.57776
-0.56355
-0.60826
-0.58659
-0.60971
-0.65711
-0.6373
-0.67261
-0.68805
-0.63764
-0.66308
-0.65915
-0.66906
-0.68053
-0.66306
-0.70978
-0.71373
-0.72127
-0.80297
-0.93313
-0.77966
-0.97123
0
0
0
0
0
0
0
0
0
0
0
0
0
0
0
0
0
0
0
0
0
0
0
0
0
0
0
0
0
0
0
0
0
0
0
0
0
0
0
0
0
0
0
0
0
0
0
0
0
0
0
0
0
0
0
0
0
0
0
0
0
0
0
0
0
0
0
0
-0.55719
-0.5836
-0.58237
-0.58596
-0.61964
-0.60074
-0.58024
-0.63861
-0.60008
-0.60667
-0.59386
-0.59941
-0.62188
-0.58445
-0.60979
-0.63004
-0.59888
-0.57994
32.5408
-0.63189
-0.5894
-0.59066
-0.59539
-0.61843
-0.61641
-0.60542
-0.63088
-0.61854
-0.60968
-0.59424
-0.64151
-0.62253
-0.64327
-0.69092
-0.6718
-0.70557
-0.72373
-0.66846
-0.69891
-0.69434
-0.70454
-0.71569
-0.69796
-0.74575
-0.75019
-0.75669
-0.84321
-0.97495
0
-1.0145
-1.1019
0
0
0
0
0
0
0
0
0
0
0
0
0
0
0
0
0
0
0
0
0
0
0
0
0
0
0
0
0
0
0
0
0
0
0
0
0
0
0
0
0
0
0
0
0
0
0
0
0
0
0
0
0
0
0
0
0
0
0
0
0
0
0
0
0
0
0
-0.56606
-0.59475
-0.5932
-0.59741
-0.63278
-0.6114
-0.58482
-0.6574
-0.61753
-0.61592
-0.60281
-0.60521
-0.62994
-0.58559
-0.61412
-0.62495
-0.59443
-0.59821
-0.63189
37.3532
-0.59736
-0.60319
-0.60269
-0.624
-0.62369
-0.60362
-0.63448
-0.62627
-0.62022
-0.59651
-0.65041
-0.62325
-0.64953
-0.70159
-0.67356
-0.71153
-0.73273
-0.65242
-0.708
-0.68998
-0.69478
-0.71634
-0.70238
-0.73832
-0.7467
-0.75936
-0.85212
-0.98347
0
0
0
0
0
0
0
0
0
0
0
0
0
0
0
0
0
0
0
0
0
0
0
0
0
0
0
0
0
0
0
0
0
0
0
0
0
0
0
0
0
0
0
0
0
0
0
0
0
0
0
0
0
0
0
0
0
0
0
0
0
0
0
0
-6.6763
0
0
0
0
0
-0.51287
-0.53898
-0.53902
-0.54052
-0.59743
-0.56344
-0.54911
-0.61165
-0.56964
-0.57045
-0.55589
-0.56709
-0.58658
-0.5404
-0.56729
-0.58152
-0.54166
-0.55746
-0.5894
-0.59736
34.1333
-0.50687
-0.55881
-0.58405
-0.57025
-0.54997
-0.57796
-0.57765
-0.56636
-0.56179
-0.5967
-0.57527
-0.59684
-0.64379
-0.62942
-0.66379
-0.67361
-0.61361
-0.65011
-0.65685
-0.66401
-0.66989
-0.65511
-0.69829
0
0
0
0
0
0
0
0
0
-1.1073
0
0
0
0
0
-2.297
0
0
-1.3987
0
0
0
0
0
0
0
0
0
0
0
0
0
0
0
0
0
0
0
0
0
0
0
0
0
0
0
0
0
0
0
0
0
0
0
0
0
0
0
-4.0115
0
0
0
0
0
0
0
0
0
0
0
0
0
0
0
-0.52586
-0.52885
-0.55295
-0.55614
-0.60489
-0.57107
-0.55623
-0.61738
-0.5768
-0.57761
-0.5635
-0.57245
-0.59602
-0.5473
-0.53461
-0.58506
-0.55681
-0.5606
-0.59066
-0.60319
-0.50687
36.1022
-0.56105
-0.58583
-0.57738
-0.55482
-0.58743
-0.58295
-0.57427
-0.56543
-0.60294
-0.58295
-0.60348
-0.65005
-0.63587
-0.66839
-0.67995
-0.61548
-0.65761
-0.65086
-0.68055
-0.67211
-0.67161
-0.69845
0
0
0
0
0
0
0
0
0
0
0
0
0
0
0
0
0
0
0
0
0
0
0
0
0
0
0
0
0
0
0
0
0
0
0
0
0
0
0
0
0
0
0
0
-3.6569
0
0
-2.8722
0
0
0
0
0
0
0
0
0
0
-4.0287
0
0
0
0
0
0
0
0
0
0
0
0
0
0
0
-0.53095
-0.55989
-0.56013
-0.56396
-0.59731
-0.57789
-0.55787
-0.61634
-0.57697
-0.58329
-0.56942
-0.57476
-0.59701
-0.55509
-0.58342
-0.59157
-0.56551
-0.56335
-0.59539
-0.60269
-0.55881
-0.56105
28.2044
-0.58944
-0.5803
-0.58077
-0.62286
-0.59256
-0.56081
-0.53666
-0.60724
-0.61484
-0.61128
-0.65234
-0.65372
-0.67291
-0.68871
-0.62546
-0.66591
-0.65431
-0.66216
-0.68034
-0.66518
-0.71004
0
0
0
0
0
0
0
0
0
0
0
0
0
0
0
0
0
0
0
0
0
0
0
0
-2.3339
0
0
0
0
0
0
0
0
0
0
0
0
0
0
0
0
0
0
0
0
0
0
0
0
0
0
0
0
0
0
0
0
0
0
0
0
0
0
0
0
0
0
0
0
0
0
0
0
0
-0.55203
-0.58036
-0.57957
-0.58437
-0.6177
-0.59961
-0.57681
-0.63757
-0.59807
-0.60578
-0.59183
-0.59767
-0.62042
-0.5797
-0.6056
-0.62114
-0.59272
-0.56859
-0.61843
-0.624
-0.58405
-0.58583
-0.58944
31.1792
-0.60899
-0.58848
-0.62237
-0.61511
-0.59982
-0.58742
-0.63334
-0.60691
-0.63355
-0.67669
-0.65396
-0.68766
-0.71261
-0.69268
-0.68902
-0.6805
-0.68775
-0.70365
-0.68931
-0.73377
0
0
0
0
0
0
0
0
0
0
0
0
0
0
0
0
0
0
0
0
0
0
0
0
0
0
0
0
0
0
0
0
0
0
0
0
0
0
0
0
0
0
0
0
0
0
0
0
0
0
0
0
0
0
0
0
0
0
0
0
0
0
-4.3643
0
0
0
0
0
0
0
0
0
0
0
-0.55806
-0.58277
-0.58226
-0.5864
-0.61964
-0.60067
-0.57796
-0.63886
-0.59672
-0.6077
-0.5908
-0.59952
-0.62005
-0.57688
-0.6053
-0.61217
-0.58504
-0.58425
-0.61641
-0.62369
-0.57025
-0.57738
-0.5803
-0.60899
26.2242
-0.59959
-0.62664
-0.61778
-0.60317
-0.58854
-0.63888
-0.62031
-0.63582
-0.68522
-0.66232
-0.67939
-0.71652
0
-0.69184
-0.68239
-0.70594
0
-0.6998
0
0
0
0
0
0
0
0
0
0
0
0
0
0
0
0
0
0
0
-1.468
0
0
0
0
0
0
0
0
0
0
0
0
0
0
0
0
0
0
0
0
0
0
0
0
0
0
0
0
0
0
0
0
0
0
0
0
0
0
0
0
0
0
0
0
0
0
0
0
0
0
0
0
0
0
0
-0.54416
-0.57298
-0.5716
-0.57546
-0.60186
-0.58846
-0.56037
-0.62035
-0.58085
-0.58685
-0.57659
-0.58197
-0.60207
-0.5259
-0.58624
-0.60018
-0.56618
-0.57576
-0.60542
-0.60362
-0.54997
-0.55482
-0.58077
-0.58848
-0.59959
30.7457
-0.61222
-0.60112
-0.59205
-0.56722
-0.62333
-0.59553
-0.61839
-0.66979
-0.63801
-0.67487
-0.7008
0
-0.68048
-0.65396
-0.67342
0
0
0
0
0
0
0
0
0
0
0
0
0
0
0
0
0
0
0
0
0
0
0
0
0
0
0
0
0
0
0
0
0
0
0
0
0
0
-3.9549
0
0
0
-3.3891
0
0
0
0
0
0
0
0
0
0
0
0
0
0
0
0
0
0
0
0
0
0
0
0
0
0
0
0
0
0
0
0
0
0
-0.55965
-0.58826
-0.5864
-0.59009
-0.62578
-0.60328
-0.58901
-0.64743
-0.60736
-0.61692
-0.60224
-0.6068
-0.63026
-0.58614
-0.62016
-0.62371
-0.59522
-0.59742
-0.63088
-0.63448
-0.57796
-0.58743
-0.62286
-0.62237
-0.62664
-0.61222
29.2831
-0.62523
-0.60064
-0.58863
-0.63882
-0.64299
-0.645
-0.6967
-0.69419
-0.72468
-0.73055
0
-0.70968
0
0
0
0
0
0
0
0
0
-0.82183
0
0
0
0
0
0
0
0
0
-1.9032
0
0
0
0
0
0
0
0
0
0
0
0
0
0
0
0
0
0
0
0
0
-3.47
0
0
0
0
0
0
0
0
0
0
0
0
0
0
0
0
0
0
0
0
0
0
0
0
0
0
0
0
0
0
0
0
0
0
0
0
0
-0.55976
-0.58391
-0.58297
-0.58687
-0.62036
-0.60102
-0.57932
-0.63879
-0.59951
-0.60882
-0.5913
-0.59734
-0.62071
-0.579
-0.60683
-0.6138
-0.58736
-0.58699
-0.61854
-0.62627
-0.57765
-0.58295
-0.59256
-0.61511
-0.61778
-0.60112
-0.62523
24.7912
-0.61676
-0.58506
-0.626
-0.61737
-0.61907
-0.64366
-0.67082
-0.69488
-0.68602
0
-0.67543
-0.69983
-0.71299
-0.7414
0
0
0
0
0
0
0
0
0
0
0
0
0
0
0
0
0
0
0
0
0
0
0
0
0
0
0
0
0
0
0
0
0
0
0
0
0
0
0
0
0
0
0
0
0
0
0
0
0
0
0
0
0
0
0
0
0
0
0
0
0
0
0
0
0
0
0
0
0
0
0
0
0
0
0
0
-0.51355
-0.58213
-0.57911
-0.58303
-0.61655
-0.59713
-0.57521
-0.63306
-0.59332
-0.60355
-0.58576
-0.59302
-0.61958
-0.57251
-0.60353
-0.60605
-0.58345
-0.57776
-0.60968
-0.62022
-0.56636
-0.57427
-0.56081
-0.59982
-0.60317
-0.59205
-0.60064
-0.61676
26.6113
-0.56211
-0.6304
-0.60541
-0.62748
-0.66809
-0.63456
-0.64651
-0.70645
-0.56545
-0.68655
0
0
0
0
0
0
0
0
0
0
0
0
0
0
0
0
0
0
0
0
0
0
0
0
0
0
0
0
0
0
0
0
0
0
0
0
0
0
0
0
0
0
0
0
0
0
0
0
0
0
0
0
0
0
-3.7162
0
0
0
0
0
0
0
0
0
0
0
0
0
0
0
0
0
0
0
0
0
0
0
0
-0.53422
-0.56011
-0.55736
-0.56183
-0.59923
-0.57582
-0.50308
-0.62002
-0.57865
-0.58154
-0.56575
-0.57364
-0.59671
-0.55078
-0.58428
-0.58828
-0.56251
-0.56355
-0.59424
-0.59651
-0.56179
-0.56543
-0.53666
-0.58742
-0.58854
-0.56722
-0.58863
-0.58506
-0.56211
27.4949
-0.60439
-0.59341
-0.60542
-0.65214
-0.63978
-0.63917
-0.68475
0
-0.66463
0
0
0
0
0
0
0
0
0
0
0
0
0
0
0
0
0
0
0
0
0
0
0
0
0
0
0
-1.9592
0
0
0
0
0
0
0
0
0
0
0
0
0
0
-3.8611
0
0
0
0
0
0
0
0
0
0
0
0
0
0
0
0
0
0
0
0
0
0
0
0
0
0
0
0
0
0
0
0
0
0
0
0
-0.58243
-0.60793
-0.60623
-0.61043
-0.64512
-0.62514
-0.60286
-0.66332
-0.62281
-0.632
-0.61459
-0.62061
-0.64502
-0.60103
-0.63172
-0.63661
-0.61006
-0.60826
-0.64151
-0.65041
-0.5967
-0.60294
-0.60724
-0.63334
-0.63888
-0.62333
-0.63882
-0.626
-0.6304
-0.60439
23.7103
-0.63046
-0.64331
-0.70685
-0.68642
-0.69064
-0.74549
0
-0.72498
0
0
0
0
0
0
0
0
0
0
0
0
0
0
0
0
0
0
0
0
0
0
0
0
0
0
0
0
0
0
0
0
0
0
0
0
0
0
0
0
0
0
0
0
0
-0.22198
0
0
0
0
0
0
0
0
0
0
0
0
0
0
0
0
0
0
0
0
0
0
0
0
0
0
0
0
0
0
0
0
0
-0.55785
-0.58387
-0.5834
-0.59135
-0.6088
-0.60411
-0.57272
-0.64033
-0.6024
-0.61029
-0.59478
-0.59813
-0.62698
-0.57827
-0.60981
-0.61414
-0.57252
-0.58659
-0.62253
-0.62325
-0.57527
-0.58295
-0.61484
-0.60691
-0.62031
-0.59553
-0.64299
-0.61737
-0.60541
-0.59341
-0.63046
29.1708
-0.57453
-0.66458
0
0
0
0
0
0
0
0
0
0
0
0
0
0
-0.80713
0
0
0
0
0
0
0
0
0
0
0
0
0
0
-2.3081
0
0
0
0
0
0
0
-2.6334
0
0
0
0
0
0
0
0
0
0
0
0
0
0
0
0
0
0
0
0
-3.5154
0
0
0
0
0
0
0
0
0
0
0
0
0
0
0
0
0
0
0
0
0
0
0
0
0
-0.58642
-0.61041
-0.61069
-0.61578
-0.64481
-0.6287
-0.59604
-0.66415
-0.62546
-0.63216
-0.61786
-0.62043
-0.64662
-0.60289
-0.63165
-0.63729
-0.60855
-0.60971
-0.64327
-0.64953
-0.59684
-0.60348
-0.61128
-0.63355
-0.63582
-0.61839
-0.645
-0.61907
-0.62748
-0.60542
-0.64331
-0.57453
25.505
-0.69644
0
-0.69501
-0.73559
0
0
0
0
0
0
0
0
0
0
0
0
0
0
0
0
0
0
0
0
0
0
0
0
0
0
0
0
0
0
0
0
0
0
0
0
0
0
0
0
0
0
0
0
0
0
0
0
0
0
0
0
0
0
0
-3.4814
0
0
0
0
0
0
0
0
0
0
0
0
0
0
0
0
0
0
0
0
0
0
0
0
0
-0.62926
-0.65872
-0.65648
-0.66089
-0.69747
-0.67632
-0.65241
-0.71589
-0.67368
-0.68299
-0.66526
-0.67182
-0.6976
-0.65064
-0.68363
-0.68765
-0.66034
-0.65711
-0.69092
-0.70159
-0.64379
-0.65005
-0.65234
-0.67669
-0.68522
-0.66979
-0.6967
-0.64366
-0.66809
-0.65214
-0.70685
-0.66458
-0.69644
22.8846
0
0
0
-0.70757
0
0
0
0
0
0
0
0
0
0
0
0
0
0
0
0
0
0
0
0
0
0
0
0
0
0
0
0
0
0
0
0
0
0
0
0
0
0
0
0
0
0
0
0
0
0
0
0
0
0
0
0
0
0
0
0
0
0
0
0
0
0
0
0
0
0
0
0
0
0
0
0
0
0
0
0
0
0
0
0
-0.60321
-0.62904
-0.62777
-0.63502
-0.67191
-0.65155
-0.62499
-0.69394
-0.65051
-0.657
-0.64088
-0.64195
-0.6669
-0.6213
-0.65153
-0.66425
-0.63391
-0.6373
-0.6718
-0.67356
-0.62942
-0.63587
-0.65372
-0.65396
-0.66232
-0.63801
-0.69419
-0.67082
-0.63456
-0.63978
-0.68642
0
0
0
28.8943
0
0
0
0
0
0
0
0
0
0
0
0
0
0
0
0
0
0
0
0
0
0
0
0
0
0
0
0
0
0
0
0
0
0
0
-3.1008
0
0
0
0
0
0
0
0
0
0
0
0
0
0
0
0
0
0
0
0
0
0
0
0
0
0
0
0
0
0
0
0
0
0
0
0
0
0
0
0
0
0
-5.6461
0
0
0
0
-0.63842
-0.66496
-0.6635
-0.6707
-0.70981
-0.68639
-0.66598
-0.73364
-0.69028
-0.6916
-0.67603
-0.68337
-0.7082
-0.6568
-0.69137
-0.69973
-0.67003
-0.67261
-0.70557
-0.71153
-0.66379
-0.66839
-0.67291
-0.68766
-0.67939
-0.67487
-0.72468
-0.69488
-0.64651
-0.63917
-0.69064
0
-0.69501
0
0
28.3019
0
0
0
0
0
0
0
0
0
0
0
0
0
0
0
0
0
0
0
0
0
0
0
0
0
0
0
0
0
0
0
0
0
0
0
0
0
0
0
0
0
0
0
0
0
0
0
0
0
0
0
0
0
0
0
0
0
0
0
0
0
0
0
0
0
0
0
0
0
-6.4735
0
0
0
0
0
0
0
0
0
0
0
0
-0.65968
-0.68834
-0.68627
-0.69052
-0.72789
-0.70625
-0.68218
-0.74646
-0.70315
-0.71316
-0.69476
-0.70223
-0.72841
-0.68008
-0.71421
-0.71808
-0.69001
-0.68805
-0.72373
-0.73273
-0.67361
-0.67995
-0.68871
-0.71261
-0.71652
-0.7008
-0.73055
-0.68602
-0.70645
-0.68475
-0.74549
0
-0.73559
0
0
0
22.5372
0
0
0
0
0
0
0
0
0
0
0
0
0
0
0
0
0
0
0
0
0
0
0
0
0
0
0
0
0
0
0
0
0
0
0
0
0
0
0
0
0
0
0
0
0
0
0
0
0
0
0
0
0
0
0
0
0
0
0
0
0
0
0
0
0
0
0
0
0
0
0
0
0
0
0
0
0
0
0
0
0
-0.54356
-0.61309
-0.61211
-0.61815
-0.6537
-0.63451
-0.60692
-0.67208
-0.62562
-0.63875
-0.62375
-0.62606
-0.65213
-0.60524
-0.63731
-0.64888
-0.61809
-0.63764
-0.66846
-0.65242
-0.61361
-0.61548
-0.62546
-0.69268
0
0
0
0
-0.56545
0
0
0
0
-0.70757
0
0
0
31.8994
0
0
0
0
0
0
0
0
0
0
0
0
0
0
0
0
0
0
0
0
0
0
0
0
0
0
0
0
-2.0497
0
-2.324
0
-3.1513
0
0
0
0
0
0
0
0
0
0
0
0
0
0
0
0
0
0
0
0
0
0
-3.8126
0
0
0
0
0
0
0
0
0
0
0
0
0
0
0
0
0
-4.1531
0
0
0
0
0
0
-0.63693
-0.66465
-0.66241
-0.66658
-0.70335
-0.68168
-0.66014
-0.72142
-0.67885
-0.6898
-0.67006
-0.67753
-0.70323
-0.65611
-0.68842
-0.69297
-0.66573
-0.66308
-0.69891
-0.708
-0.65011
-0.65761
-0.66591
-0.68902
-0.69184
-0.68048
-0.70968
-0.67543
-0.68655
-0.66463
-0.72498
0
0
0
0
0
0
0
21.0861
0
0
0
0
0
0
0
0
0
0
0
0
0
0
0
0
0
0
0
0
0
0
0
0
0
0
0
0
0
0
0
0
0
0
0
0
0
0
0
0
0
0
0
0
0
0
0
0
0
0
0
0
0
0
0
0
0
0
0
0
0
0
0
0
0
0
0
0
0
0
0
0
0
0
0
0
0
0
0
-0.62858
-0.65226
-0.65353
-0.65773
-0.69395
-0.67379
-0.65399
-0.71872
-0.67113
-0.6781
-0.66289
-0.67357
-0.6934
-0.64637
-0.67362
-0.6872
-0.65511
-0.65915
-0.69434
-0.68998
-0.65685
-0.65086
-0.65431
-0.6805
-0.68239
-0.65396
0
-0.69983
0
0
0
0
0
0
0
0
0
0
0
25.5081
0
0
0
0
0
0
0
0
-0.90342
0
0
0
0
0
0
0
0
0
0
0
0
0
0
0
0
0
0
0
0
0
0
0
0
0
0
0
0
0
-4.0322
0
0
0
0
0
0
0
-2.4764
0
0
0
0
0
0
0
0
0
0
0
0
0
0
0
0
0
0
0
0
0
0
0
0
0
0
0
0
0
0
0
-0.63939
-0.6678
-0.66652
-0.67191
-0.70494
-0.68519
-0.62913
-0.7344
-0.69306
-0.69314
-0.67778
-0.68325
-0.70623
-0.6574
-0.69366
-0.69941
-0.66739
-0.66906
-0.70454
-0.69478
-0.66401
-0.68055
-0.66216
-0.68775
-0.70594
-0.67342
0
-0.71299
0
0
0
0
0
0
0
0
0
0
0
0
26.1781
0
0
0
0
0
0
0
0
0
0
0
0
0
0
0
0
0
0
0
0
0
0
0
0
0
0
0
0
0
0
0
0
0
0
0
0
-3.6968
0
0
0
0
0
0
0
0
0
0
0
-4.0554
0
0
0
0
0
0
0
0
0
0
0
0
0
0
0
0
0
0
0
0
0
0
0
0
0
0
0
0
-0.63294
-0.66428
-0.66548
-0.66898
-0.71104
-0.6886
-0.67222
-0.73225
-0.68828
-0.69884
-0.67607
-0.69135
-0.71483
-0.65951
-0.69772
-0.70858
-0.67677
-0.68053
-0.71569
-0.71634
-0.66989
-0.67211
-0.68034
-0.70365
0
0
0
-0.7414
0
0
0
0
0
0
0
0
0
0
0
0
0
23.887
0
0
0
0
0
0
0
0
0
0
0
0
0
0
0
0
0
0
0
0
0
0
0
0
0
0
0
0
0
0
0
0
0
-3.1801
0
0
0
0
0
0
0
0
0
0
0
0
0
0
0
0
0
0
0
0
0
0
0
0
0
0
0
0
0
0
0
0
0
-3.4792
0
0
0
0
0
0
0
0
-0.63191
-0.65795
-0.65698
-0.65952
-0.69643
-0.67593
-0.65639
-0.71541
-0.67448
-0.6621
-0.66849
-0.67475
-0.7065
-0.65674
-0.68672
-0.69138
-0.66804
-0.66306
-0.69796
-0.70238
-0.65511
-0.67161
-0.66518
-0.68931
-0.6998
0
0
0
0
0
0
0
0
0
0
0
0
0
0
0
0
0
21.3431
0
0
0
0
0
0
0
0
0
0
0
0
0
0
0
0
0
-2.1395
0
0
0
0
0
0
-2.3194
0
0
0
0
0
0
0
0
0
0
0
0
0
0
0
0
0
0
0
0
0
0
0
0
0
0
0
0
0
0
0
0
0
0
0
0
0
0
0
0
0
0
0
0
0
0
0
0
0
0
-0.68322
-0.71049
-0.71057
-0.71524
-0.74817
-0.73016
-0.70828
-0.77062
-0.72615
-0.72549
-0.71529
-0.72237
-0.74484
-0.69947
-0.72273
-0.73883
-0.70832
-0.70978
-0.74575
-0.73832
-0.69829
-0.69845
-0.71004
-0.73377
0
0
0
0
0
0
0
0
0
0
0
0
0
0
0
0
0
0
0
24.8846
0
0
0
0
0
0
0
0
0
0
0
0
0
0
0
0
0
0
0
0
0
0
0
0
0
0
0
0
0
0
0
0
0
0
-3.8948
-3.6751
0
0
0
0
0
0
0
0
0
0
0
0
0
0
0
0
0
0
0
0
0
0
0
0
0
0
0
0
0
0
0
0
0
0
0
0
0
0
-0.65966
-0.70743
-0.7086
-0.71231
-0.74132
-0.72712
-0.70491
-0.76165
-0.72055
-0.71455
-0.71946
-0.72168
-0.74491
-0.69666
-0.73339
-0.74441
-0.70541
-0.71373
-0.75019
-0.7467
0
0
0
0
0
0
0
0
0
0
0
0
0
0
0
0
0
0
0
0
0
0
0
0
22.4606
0
0
0
0
0
0
0
0
0
0
0
0
0
0
0
-2.3939
0
0
0
0
0
0
0
0
-2.4718
0
0
0
0
0
0
0
0
0
0
-3.1603
0
0
0
0
0
0
0
0
0
0
0
0
0
0
0
0
0
0
0
0
0
0
0
0
0
0
0
0
0
0
0
0
0
0
0
0
0
-0.68156
-0.71066
-0.70434
-0.70831
-0.75222
-0.72082
-0.71091
-0.77017
-0.72718
-0.73556
-0.72629
-0.73114
-0.75783
-0.71541
-0.74052
-0.7512
-0.72603
-0.72127
-0.75669
-0.75936
0
0
0
0
0
0
0
0
0
0
0
0
0
0
0
0
0
0
0
0
0
0
0
0
0
19.917
0
0
0
0
0
0
0
0
0
0
0
0
-1.821
0
0
0
0
0
0
0
0
0
0
0
0
0
0
0
0
0
0
0
0
-3.4885
0
0
0
0
0
0
0
0
0
0
0
0
0
0
0
0
0
0
0
0
0
0
0
0
0
0
0
0
0
0
0
0
0
0
0
0
0
0
-0.77718
-0.80606
-0.80131
-0.80481
-0.8202
-0.82258
-0.79906
-0.86404
-0.81937
-0.83107
-0.81154
-0.8212
-0.8513
-0.79456
-0.83651
-0.83609
-0.77965
-0.80297
-0.84321
-0.85212
0
0
0
0
0
0
0
0
0
0
0
0
0
0
0
0
0
0
0
0
0
0
0
0
0
0
18.736
0
0
0
0
0
0
0
0
0
0
0
0
0
0
0
0
-2.3612
0
0
0
0
0
0
0
0
0
0
0
0
0
0
0
0
0
0
0
0
0
0
0
0
0
0
0
0
0
0
0
0
0
0
0
0
0
0
0
0
0
0
0
0
0
0
0
0
0
0
0
0
0
0
-0.909
-0.93969
-0.93567
-0.93869
-0.97898
-0.95682
-0.93167
-0.99955
-0.95006
-0.96622
-0.94352
-0.9523
-0.9812
-0.92632
-0.9662
-0.96864
-0.93529
-0.93313
-0.97495
-0.98347
0
0
0
0
0
0
0
0
0
0
0
0
0
0
0
0
0
0
0
0
0
0
0
0
0
0
0
19.0714
0
0
0
0
0
0
0
0
0
0
0
0
0
0
0
0
0
0
0
0
0
0
0
0
0
0
0
0
0
0
0
0
0
0
0
0
0
0
0
0
0
0
0
0
0
0
0
0
0
0
0
0
0
0
0
0
0
0
0
0
0
0
0
0
0
0
0
0
0
0
-0.72541
-0.7805
-0.77366
-0.77887
-0.82028
-0.79763
-0.77254
-0.84654
-0.79935
-0.80645
-0.78949
-0.79653
-0.82612
-0.76764
0
-0.8122
0
-0.77966
0
0
0
0
0
0
0
0
-0.82183
0
0
0
0
-0.80713
0
0
0
0
0
0
0
-0.90342
0
0
0
0
0
0
0
0
19.6111
0
0
0
0
0
0
0
0
0
0
0
0
0
0
0
0
0
0
0
0
0
0
0
0
0
0
0
0
0
0
0
0
0
0
0
0
0
0
0
0
0
0
0
0
0
0
0
-4.4059
0
0
0
0
0
0
0
0
0
0
0
0
0
0
0
0
0
0
0
0
0
-0.94679
-0.97613
-0.97139
-0.97555
-1.0161
-0.99393
-0.96952
-1.0367
-0.98593
-1.0052
-0.98116
-0.99076
-1.0203
-0.96373
-1.0045
-1.0071
0
-0.97123
-1.0145
0
0
0
0
0
0
0
0
0
0
0
0
0
0
0
0
0
0
0
0
0
0
0
0
0
0
0
0
0
0
17.8304
0
0
0
0
0
0
0
0
0
0
0
0
0
0
0
0
0
0
0
0
0
0
0
0
0
0
0
0
0
0
0
0
0
0
0
0
0
0
0
0
0
0
0
0
0
0
0
0
0
0
0
0
0
0
0
0
0
0
0
0
0
0
0
0
0
0
0
0
-1.0266
-1.0647
-1.0543
-1.06
-1.1081
-1.0803
-1.0509
-1.1282
-1.0691
-1.0922
-1.0641
-1.0887
0
0
0
0
0
0
-1.1019
0
0
0
0
0
0
0
0
0
0
0
0
0
0
0
0
0
0
0
0
0
0
0
0
0
0
0
0
0
0
0
16.2797
0
0
0
0
0
0
0
0
0
0
0
0
0
0
0
-2.2905
0
0
0
0
0
0
0
0
0
0
0
0
0
0
0
0
0
0
0
0
0
0
0
0
0
0
0
0
0
0
0
0
0
0
0
0
0
0
0
0
0
0
0
0
0
0
0
0
0
0
0
-1.0564
-1.0844
-1.0785
-1.0818
-1.1214
-1.1001
-1.07
-1.1438
-1.0814
-1.1152
-1.0897
-1.1113
0
0
0
0
0
0
0
0
0
0
0
0
0
0
0
0
0
0
0
0
0
0
0
0
0
0
0
0
0
0
0
0
0
0
0
0
0
0
0
15.7147
0
0
0
0
0
0
0
0
0
0
0
0
0
0
0
0
0
0
0
0
0
0
0
0
0
0
0
0
0
0
0
0
0
0
-2.5806
0
0
0
0
0
0
0
0
0
0
0
0
0
0
0
0
0
0
0
0
0
0
0
0
0
0
0
0
0
0
0
-1.1882
-1.2197
-1.2094
-1.2179
-1.2611
-1.2375
-1.2104
-1.2828
-1.2205
-1.2492
-1.226
-1.2372
0
0
0
-1.258
0
0
0
0
0
0
0
0
0
0
0
0
0
0
0
0
0
0
0
0
0
0
0
0
0
0
0
0
0
0
0
0
0
0
0
0
16.0179
0
0
0
0
0
0
0
0
0
0
0
0
0
0
0
0
0
0
0
0
0
0
0
0
0
0
0
0
0
0
0
0
0
0
0
0
0
0
0
0
0
0
0
0
0
0
0
0
0
0
0
0
0
0
0
0
0
0
0
0
0
0
0
0
0
-1.0722
-1.0991
-1.1338
-1.1341
-1.1539
-1.1487
0
0
0
0
0
0
0
0
0
0
0
0
0
0
-1.1073
0
0
0
0
0
0
0
0
0
0
0
0
0
0
0
0
0
0
0
0
0
0
0
0
0
0
0
0
0
0
0
0
22.1356
0
0
0
0
0
0
0
0
0
0
0
0
0
0
0
0
0
0
0
0
0
0
0
-3.6745
0
0
-3.3274
0
0
0
0
0
0
0
0
0
-3.016
0
0
0
0
0
0
0
0
0
0
0
0
0
-4.2686
0
0
0
0
0
0
0
0
0
0
0
0
0
-1.5081
-1.5293
-1.5202
-1.5238
-1.5806
-1.5402
-1.5572
0
0
0
0
0
0
0
0
0
0
0
0
0
0
0
0
0
0
0
0
0
0
0
0
0
0
0
0
0
0
0
0
0
0
0
0
0
0
0
0
0
0
0
0
0
0
0
15.4677
0
-1.9934
0
0
0
0
-2.7151
0
0
0
0
0
0
0
0
0
0
0
0
0
0
0
0
0
0
0
0
0
0
0
0
0
0
0
0
0
0
0
0
0
0
0
0
0
0
0
0
0
0
0
0
0
0
0
0
0
0
0
0
0
0
0
0
-1.3768
-1.4179
-1.4055
-1.4345
0
0
0
0
0
0
0
0
0
-1.4247
0
0
0
0
0
0
0
0
0
0
0
0
0
0
0
0
0
0
0
0
0
0
0
0
0
0
0
0
0
0
0
0
0
0
0
0
0
0
0
0
0
19.7093
0
-1.7823
0
0
0
0
0
0
0
0
0
0
0
0
0
0
0
0
0
-3.0723
0
0
0
0
0
0
0
0
0
-3.4576
0
0
0
0
0
0
0
0
0
-4.3375
0
0
0
0
0
0
0
0
0
0
0
0
0
0
0
0
0
0
0
0
0
0
-1.685
-1.723
-1.7101
-1.7116
-1.7582
-1.7269
0
-1.8093
0
0
0
0
0
0
0
0
0
0
0
0
0
0
0
0
0
0
0
0
0
0
0
0
0
0
0
0
0
0
0
0
0
0
0
0
0
0
0
0
0
0
0
0
0
0
-1.9934
0
14.1174
0
0
0
0
0
0
0
0
0
0
0
0
0
0
0
0
0
0
0
0
0
0
0
0
0
0
0
0
0
0
0
0
0
0
0
0
0
0
0
0
0
0
0
0
0
0
0
0
0
0
0
0
0
0
0
0
0
0
0
0
0
-1.4897
-1.5595
-1.5537
-1.554
0
-1.6006
0
0
0
0
-1.5864
0
0
0
0
0
0
0
0
0
0
0
0
0
0
0
0
0
0
0
0
0
0
0
0
0
0
0
0
0
0
0
0
0
0
0
0
0
0
0
0
0
0
0
0
-1.7823
0
13.7868
0
0
0
0
0
0
0
0
0
0
0
0
0
0
0
0
0
-2.6604
0
0
0
0
0
0
0
0
0
0
0
0
0
0
0
0
0
0
0
0
0
0
0
0
0
0
0
0
0
0
0
0
0
0
0
0
0
0
0
0
0
0
-1.8462
-1.883
-1.8666
-1.8712
0
-1.8874
0
0
0
0
0
0
0
0
0
0
0
0
0
0
0
0
0
0
0
0
-1.9032
0
0
0
0
0
0
0
0
0
0
0
0
0
0
0
0
0
0
-1.821
0
0
0
0
0
0
0
0
0
0
0
0
13.0786
0
0
0
0
0
0
0
0
0
0
0
0
0
0
0
0
0
0
0
0
0
0
0
0
0
0
0
0
0
0
0
0
0
0
0
0
0
0
0
0
0
0
0
0
0
0
0
0
0
0
0
0
0
0
0
0
0
0
0
-2.3681
-2.4043
-2.3735
-2.3706
0
0
0
0
0
0
0
0
0
0
0
0
0
0
0
0
-2.297
0
0
0
0
0
0
0
0
0
0
0
0
0
0
0
0
0
0
0
0
0
0
0
0
0
0
0
0
0
0
0
0
0
0
0
0
0
0
11.8135
0
0
0
0
0
0
0
0
0
0
0
0
0
0
0
0
0
0
0
0
0
0
0
0
0
0
0
0
0
0
0
0
0
0
0
0
0
0
0
0
0
0
0
0
0
0
0
0
0
0
0
0
0
0
0
0
0
0
0
0
0
0
0
0
0
0
0
-2.4954
0
0
0
0
0
0
0
0
0
0
0
0
0
0
0
0
0
0
0
0
0
0
0
0
0
0
0
0
0
0
0
0
-2.1395
0
-2.3939
0
0
0
0
0
0
0
0
0
0
0
0
0
0
0
14.1954
0
0
0
0
0
0
-2.9707
0
0
0
0
0
0
0
0
0
0
0
0
0
0
0
0
0
0
0
0
0
0
0
0
0
0
0
0
0
0
0
0
0
-4.1958
0
0
0
0
0
0
0
0
0
0
0
0
0
0
0
0
0
0
0
0
0
0
0
0
0
0
0
-2.4675
-2.4604
0
0
0
0
0
0
0
0
0
0
0
0
0
0
0
0
0
0
0
0
0
0
0
0
0
0
0
0
0
0
0
0
0
0
0
0
0
0
0
0
0
-2.7151
0
0
0
0
0
0
14.2845
0
0
0
0
0
0
0
0
-3.2054
0
0
0
0
0
0
0
0
0
0
0
-3.4362
0
0
0
0
0
0
0
0
0
0
0
0
0
0
0
0
0
0
0
0
0
0
0
0
0
0
0
0
0
0
0
0
0
0
0
0
0
0
0
0
0
0
0
0
0
0
0
0
0
0
0
0
0
0
0
-1.3987
0
0
0
-1.468
0
0
0
0
0
0
0
0
0
0
0
0
0
0
0
0
0
0
0
0
0
0
0
0
0
0
0
0
0
0
0
0
0
0
0
0
0
15.0651
0
-3.1073
0
0
0
0
0
0
0
0
0
0
0
0
0
0
0
0
0
0
0
0
0
0
0
0
0
0
0
0
0
0
0
0
-3.9827
0
0
0
0
0
0
0
0
0
0
0
0
0
0
0
0
0
-5.1085
0
0
0
0
0
0
-2.4266
0
0
0
0
0
0
0
0
0
0
0
-2.3486
0
0
0
0
0
0
0
0
0
0
0
0
0
0
-2.3081
0
0
0
0
0
0
0
0
0
0
0
0
0
0
-2.3612
0
0
0
0
0
0
0
0
0
0
0
0
0
0
0
0
12.9204
0
0
0
0
0
0
0
0
0
0
0
0
0
0
0
0
0
0
0
0
0
0
0
-3.4759
0
0
0
0
0
0
0
0
0
0
0
0
0
0
0
0
0
0
0
0
0
0
0
0
0
0
0
0
0
0
-2.5369
0
0
0
0
0
0
0
0
0
0
0
0
0
0
0
0
0
0
0
0
0
0
0
0
0
0
0
0
0
0
0
0
0
0
0
0
0
0
0
0
0
0
0
0
0
0
0
0
0
0
0
0
0
0
0
0
0
0
0
0
0
-3.1073
0
16.2139
0
0
0
-2.8441
0
0
0
0
0
0
-3.5871
0
0
0
0
0
0
0
0
0
0
0
0
0
0
0
0
0
0
0
0
-4.1385
0
0
0
0
0
0
0
0
0
0
0
0
0
0
0
0
0
0
0
0
0
0
0
0
0
0
0
-2.0476
0
0
0
0
0
0
0
0
0
0
0
0
0
0
0
0
0
0
0
0
0
0
0
0
0
0
0
0
0
0
0
0
0
0
0
0
0
0
0
0
0
0
0
0
0
0
0
0
0
0
0
0
0
0
0
0
0
0
18.5119
0
0
0
0
0
0
0
0
0
0
0
0
0
0
0
0
0
0
0
-3.7325
0
0
0
0
0
0
-3.8187
0
0
0
0
0
-4.4448
0
0
0
0
-4.4682
0
0
0
0
0
0
0
0
0
0
0
0
0
0
0
0
0
0
0
0
0
0
0
0
0
0
0
0
0
0
0
0
0
0
0
0
0
0
0
0
0
0
0
-1.9592
0
0
0
0
0
0
0
-2.0497
0
0
0
0
0
0
0
0
0
0
0
0
-2.2905
0
0
0
0
0
0
0
0
0
0
0
0
0
0
0
12.1052
0
0
0
0
0
0
-2.302
0
0
0
0
0
0
0
0
-3.5038
0
0
0
0
0
0
0
0
0
0
0
0
0
0
0
0
0
0
0
0
0
0
0
0
0
0
0
0
0
0
0
0
0
0
0
0
0
0
0
0
0
0
0
0
0
0
0
0
0
0
0
0
0
0
0
0
0
0
0
0
0
0
0
0
0
0
0
0
0
0
0
0
0
0
0
0
0
-2.3194
0
0
0
0
0
0
0
0
0
0
0
0
0
0
0
0
0
-2.9707
0
0
0
0
0
0
16.4654
0
0
-3.2609
0
0
0
0
0
0
-3.7463
0
0
0
0
0
0
0
0
0
0
0
0
0
0
0
0
-4.1681
0
0
0
0
0
0
0
0
0
0
0
0
0
0
0
0
0
0
0
0
0
0
0
0
0
0
0
0
0
0
0
0
0
0
0
0
0
0
0
0
0
0
0
0
0
-2.3339
0
0
0
0
0
0
0
0
0
0
0
0
0
0
-2.324
0
0
0
0
0
0
0
0
0
0
0
0
0
0
0
0
0
0
0
0
0
0
0
0
0
0
-2.8441
0
0
0
9.9609
0
0
0
0
0
0
0
0
0
0
0
0
0
0
0
-2.4589
0
0
0
0
0
0
0
0
0
0
0
0
0
0
0
0
0
0
0
0
0
0
0
0
0
0
0
0
0
0
0
0
0
-2.6386
0
0
0
0
0
0
0
0
0
0
0
0
0
0
0
0
0
0
0
0
0
0
0
0
0
0
0
0
0
0
0
0
0
0
0
0
0
0
0
0
0
0
0
-2.4718
0
0
0
0
0
0
0
0
0
0
0
0
0
0
0
0
0
0
0
0
0
0
0
0
11.6332
0
-3.2183
0
0
-3.3046
0
0
0
0
0
0
0
0
0
0
0
0
0
0
0
0
0
0
0
0
0
0
0
0
0
0
0
0
0
0
0
0
0
0
0
0
0
0
0
0
0
0
0
0
0
0
0
0
0
0
0
0
0
0
0
0
0
0
0
0
0
0
0
0
0
0
0
0
0
0
0
0
0
0
0
0
0
-3.1008
0
0
-3.1513
0
0
0
0
0
0
0
0
0
0
0
0
0
0
0
0
0
0
0
0
0
0
0
-3.2054
0
0
0
0
0
-3.2609
0
0
12.7184
0
0
0
0
0
0
0
0
0
0
0
0
0
0
0
0
0
0
0
0
0
0
0
0
0
0
0
0
0
0
0
0
0
0
0
0
0
0
0
0
0
0
0
0
0
0
0
0
0
0
0
0
0
0
0
0
0
0
0
0
0
0
0
0
0
0
0
0
0
0
0
0
0
0
0
0
0
0
-2.6334
0
0
0
0
0
0
0
0
0
0
0
0
0
0
0
0
0
0
0
0
0
0
0
0
0
0
0
0
0
0
0
0
0
0
0
0
0
-3.2183
0
13.7039
-3.6171
0
0
0
0
0
0
0
0
0
0
0
0
0
0
0
0
0
0
0
0
0
0
0
0
0
0
0
0
0
0
0
-4.235
0
0
0
0
0
0
0
0
0
0
0
0
0
0
-2.6467
-2.6351
0
0
0
0
0
0
0
0
0
0
0
0
0
0
0
0
0
0
0
0
0
0
0
0
0
0
0
0
0
0
0
0
0
0
0
0
0
0
0
0
0
0
0
0
0
0
0
0
0
0
0
0
0
0
0
0
0
0
0
0
0
0
0
0
0
0
0
0
-3.6171
13.2141
0
0
0
0
0
0
0
0
0
0
0
0
0
0
0
0
0
0
0
0
0
0
-4.3151
0
0
0
0
0
0
0
0
0
0
0
0
0
0
0
0
0
0
0
0
0
0
0
0
0
0
0
0
0
0
0
0
0
0
0
0
0
0
0
0
0
0
0
0
0
0
0
0
0
0
0
0
0
0
0
0
0
0
0
0
0
0
0
0
0
0
0
0
0
0
0
0
0
0
0
0
0
0
0
0
0
0
0
0
0
0
0
0
-2.302
0
0
0
0
0
0
14.5603
0
0
0
0
0
0
0
0
-3.5515
0
0
0
0
0
0
0
0
0
0
0
0
0
0
-4.5893
0
-4.1176
0
0
0
0
0
0
0
0
0
0
0
0
0
0
0
0
0
0
0
0
0
0
0
0
0
0
0
-2.6665
0
0
-2.6627
0
0
0
-2.5741
0
0
0
0
0
0
0
0
0
0
0
0
0
0
0
0
0
0
0
0
0
0
0
0
0
0
0
0
0
0
0
0
0
0
0
0
0
0
0
0
0
0
0
0
0
0
0
0
0
0
0
0
-3.3046
0
0
0
0
11.2079
0
0
0
0
0
0
0
0
0
0
0
0
0
0
0
0
0
0
0
0
0
0
0
0
0
0
0
0
0
0
0
0
0
0
0
0
0
0
0
0
0
0
0
0
0
0
0
0
0
0
0
0
0
0
0
0
0
0
0
0
0
0
0
0
0
0
0
0
0
0
0
0
0
0
0
0
0
0
0
0
0
0
0
0
-3.1801
0
0
0
0
0
0
0
0
0
0
0
0
0
-3.0723
0
-2.6604
0
0
0
0
0
0
-3.5871
0
0
0
0
0
0
0
0
0
0
12.4999
0
0
0
0
0
0
0
0
0
0
0
0
0
0
0
0
0
0
0
0
0
0
0
0
0
0
0
0
0
0
0
0
0
0
0
0
0
0
0
0
0
0
0
0
0
0
0
0
0
0
-1.8315
0
0
0
-1.8808
0
0
0
0
0
0
0
0
0
0
0
0
0
0
0
0
0
0
0
0
0
0
0
0
0
0
0
0
0
0
0
0
0
0
0
0
0
0
0
0
0
0
0
0
0
0
0
0
0
0
0
0
0
0
0
0
0
0
0
0
0
0
0
12.0331
0
0
0
0
0
0
0
0
0
0
0
0
0
0
0
0
0
0
0
0
0
-3.8412
0
0
0
0
0
0
0
0
0
0
0
-4.4797
0
0
0
0
0
0
0
0
0
0
0
0
0
0
0
0
0
0
0
0
0
0
0
0
0
0
0
0
0
0
0
0
0
0
0
0
0
0
0
0
0
0
0
0
0
0
0
-3.6968
0
0
0
0
0
0
0
0
0
0
0
0
-3.6745
0
0
0
0
0
0
0
0
0
0
0
0
0
-3.7463
0
0
0
0
0
0
0
0
0
11.1176
0
0
0
0
0
0
0
0
0
0
0
0
0
0
0
0
0
0
0
0
0
0
0
0
0
0
0
0
0
0
0
0
0
0
0
0
0
0
0
0
0
0
0
0
0
0
0
0
0
0
0
0
0
0
0
0
0
0
0
0
0
0
0
0
0
0
0
0
0
0
0
0
0
0
0
0
0
0
0
-4.0322
0
0
0
-3.8948
0
0
0
0
0
0
0
0
0
0
0
0
0
0
0
0
0
0
0
0
0
0
0
0
0
0
0
0
0
0
0
0
0
0
11.8854
0
0
0
0
0
0
0
0
0
0
-3.9584
0
0
0
0
0
0
0
0
0
0
0
0
0
0
0
0
0
0
0
0
0
0
0
0
0
0
0
0
0
0
0
0
0
0
0
0
0
0
0
0
0
0
0
0
0
0
0
0
0
0
0
0
0
-3.9549
0
0
0
0
0
0
0
0
0
0
0
0
0
0
0
0
0
-3.6751
0
-3.4885
0
0
0
0
0
0
0
0
0
0
0
0
0
0
0
0
0
0
0
0
0
0
0
0
0
0
0
0
0
0
0
0
0
11.1185
0
0
0
0
0
0
0
0
0
0
0
0
0
0
0
0
0
0
0
0
0
0
0
0
0
0
0
0
0
0
0
0
0
0
0
0
0
0
0
0
0
0
0
0
0
0
0
0
0
0
0
0
0
0
0
0
0
0
0
0
0
0
0
0
-3.47
0
0
0
0
0
0
0
0
0
0
0
0
0
0
0
0
0
-3.1603
0
0
0
0
0
0
0
0
-3.3274
0
0
0
0
0
0
0
0
0
0
0
0
0
0
0
0
0
0
0
0
0
0
0
0
0
0
9.9576
0
0
0
0
0
0
0
0
0
0
0
0
0
0
0
0
0
0
0
0
0
0
0
0
0
0
0
0
0
0
0
0
0
0
0
0
0
0
0
0
0
0
0
-4.1446
0
0
0
0
0
0
0
0
0
0
0
0
0
0
0
0
0
0
0
0
0
0
-3.8611
0
0
0
0
0
0
0
0
0
0
0
0
0
0
0
0
0
0
0
0
0
0
0
0
0
0
0
0
0
0
0
0
0
0
0
0
0
0
0
0
0
0
0
0
0
0
0
0
0
0
0
11.8399
0
0
0
0
0
0
0
-3.8342
0
0
0
0
0
0
0
0
0
0
0
0
0
0
0
0
0
0
0
0
0
0
0
0
0
0
0
0
0
0
0
0
0
0
0
0
0
0
0
0
0
0
0
0
0
0
0
0
0
0
0
0
0
0
0
0
0
0
0
0
0
0
0
0
0
0
0
0
0
0
0
0
0
0
0
0
0
0
0
0
0
0
0
0
0
0
0
0
0
-3.4362
0
0
0
0
-3.5038
0
0
0
0
0
0
-3.5515
0
0
0
0
0
0
0
0
10.4914
0
0
0
0
0
0
0
0
0
0
0
0
0
0
0
0
0
0
0
0
0
0
0
0
0
0
0
0
0
0
0
0
0
0
0
0
0
0
0
0
0
0
0
0
0
0
0
0
-3.4523
0
0
0
0
0
0
0
0
0
0
0
-3.3891
0
0
0
0
0
0
0
0
0
0
0
0
0
0
0
0
0
0
0
0
0
0
0
0
0
0
0
0
0
0
0
0
0
0
0
0
0
0
0
0
0
0
0
0
0
0
0
0
0
0
0
0
0
0
0
0
0
10.7411
0
0
0
-3.8997
0
0
0
0
0
0
0
0
0
0
0
0
0
0
0
0
0
0
0
0
0
0
0
0
0
0
0
0
0
0
0
0
0
0
0
0
0
0
0
0
0
0
0
0
0
0
0
0
0
0
0
0
0
0
0
0
0
0
0
0
-0.22198
0
0
0
0
0
0
0
0
0
0
0
0
0
0
0
0
0
0
0
0
0
0
0
0
0
0
0
0
0
0
0
0
0
0
0
0
0
-2.4589
0
0
0
0
0
0
0
0
0
0
0
0
0
0
0
6.7938
0
0
0
0
0
0
0
0
0
0
0
0
0
0
0
0
0
0
0
0
0
0
-4.1129
0
0
0
0
0
0
0
0
0
0
0
0
0
0
0
0
0
0
0
0
0
0
0
0
-3.6387
0
0
0
0
0
0
0
0
0
0
0
0
0
0
0
0
0
0
0
0
0
0
0
0
0
0
0
0
0
0
0
0
0
0
0
0
0
0
0
0
-3.4576
0
0
0
0
0
0
0
0
0
-3.7325
0
0
0
0
0
0
0
0
0
0
0
0
0
0
0
0
0
0
0
10.8288
0
0
0
0
0
0
0
0
0
0
0
0
0
0
0
0
0
0
0
0
0
0
0
0
0
0
0
0
0
0
0
0
0
0
0
0
0
0
0
0
0
0
0
0
0
0
0
0
0
0
0
0
0
0
0
0
0
0
0
0
0
0
0
0
0
0
0
0
0
0
0
-2.4764
0
0
0
0
0
0
0
0
0
0
0
-2.5806
0
0
0
0
0
0
0
0
0
0
0
0
0
0
0
0
0
0
0
0
0
0
0
0
0
0
0
0
0
0
0
0
0
0
8.94
0
0
0
0
0
0
0
0
0
0
0
0
0
-3.883
0
0
0
0
0
0
0
0
0
0
0
0
0
0
0
0
0
0
0
0
0
0
0
0
0
0
0
0
0
0
0
0
0
0
0
0
0
0
0
0
0
0
0
0
0
0
0
0
0
0
0
0
0
0
0
0
0
0
0
0
0
0
0
0
0
0
0
0
0
0
0
0
0
0
0
0
0
0
0
0
-3.4759
0
0
0
0
0
0
0
0
0
0
0
0
0
0
0
0
0
0
0
-3.8997
0
0
0
12.1283
0
0
0
0
0
0
0
0
0
0
0
0
0
-4.7527
0
0
0
0
0
0
0
0
0
0
0
0
0
0
0
0
0
-3.9058
0
0
0
0
0
0
0
0
0
0
0
0
-3.812
0
0
0
0
0
0
-3.6569
0
0
0
0
0
0
0
0
0
0
0
0
0
0
0
0
0
0
0
0
0
0
0
0
0
0
0
0
0
0
0
0
0
0
0
0
0
0
0
0
0
0
0
0
0
0
0
0
0
0
0
0
0
0
0
0
0
0
0
0
0
0
0
0
0
0
11.3747
0
0
0
0
0
0
0
0
0
0
0
0
0
0
0
0
0
0
0
0
0
0
0
0
0
0
0
0
0
0
0
0
0
0
0
0
0
0
0
0
0
0
0
0
0
0
0
0
0
0
0
0
0
0
0
0
0
0
0
0
0
0
0
0
0
0
0
0
0
-4.0554
0
0
0
0
0
0
0
0
0
0
0
0
0
0
0
0
0
0
0
0
0
0
0
0
0
0
0
0
0
0
0
0
0
0
0
0
0
-3.9584
0
0
-3.8342
0
0
0
0
0
0
0
11.8481
0
0
0
0
0
0
0
0
0
0
0
0
0
0
0
0
0
0
0
0
0
0
0
0
0
0
0
0
0
-3.112
0
0
0
0
0
0
0
0
0
0
0
0
0
0
0
0
0
0
0
0
0
0
0
0
0
0
0
0
0
0
0
0
0
0
0
0
0
0
0
0
0
0
0
0
0
0
0
0
0
0
0
-3.016
0
0
0
0
0
0
0
0
0
0
0
0
0
0
0
0
0
0
0
0
0
0
0
0
0
0
0
0
0
0
0
0
0
0
0
0
10.9174
0
0
0
0
0
0
0
0
0
0
0
0
0
0
0
0
0
0
0
0
0
0
0
-4.7894
0
0
0
0
0
0
0
0
0
0
0
0
0
0
0
0
0
0
0
0
0
0
0
0
-2.8722
0
0
0
0
0
0
0
0
0
0
0
0
0
0
0
0
0
0
0
0
0
0
0
0
0
0
0
0
0
0
0
0
0
0
0
0
0
0
0
0
0
0
0
0
0
0
0
0
0
0
0
0
0
0
0
0
0
0
0
0
0
0
0
0
0
0
0
0
0
12.5802
0
0
-4.8867
0
0
0
0
0
0
0
0
-4.8213
0
0
0
0
0
0
0
0
0
0
0
0
0
0
0
0
0
0
0
0
0
0
0
0
0
0
0
0
0
0
0
0
0
0
0
0
0
0
0
0
0
0
0
0
0
-3.5154
-3.4814
0
0
0
0
0
0
0
0
0
0
0
0
0
0
0
0
0
0
0
0
0
0
0
0
0
0
0
0
0
0
0
0
-3.8187
0
0
0
0
0
0
0
0
0
0
0
0
0
0
0
0
0
0
0
0
0
0
0
0
0
0
10.8155
0
0
0
0
0
0
0
0
0
0
0
0
0
0
0
0
0
0
0
0
0
0
0
0
0
-4.1531
0
0
0
0
0
0
0
0
0
0
0
0
0
0
0
0
0
0
0
0
0
0
0
0
0
0
0
-3.7162
0
0
0
0
0
0
0
0
-3.8126
0
0
0
0
0
0
0
0
0
0
0
0
0
0
0
0
0
0
0
0
0
0
0
0
0
0
0
0
0
0
0
0
0
0
0
0
0
0
0
0
0
0
0
0
0
0
0
0
0
0
0
0
0
0
0
11.6818
0
0
0
0
0
0
0
0
0
0
0
0
0
0
0
0
0
0
0
0
0
0
0
0
0
0
0
0
0
0
0
0
0
0
0
0
0
0
0
0
0
0
0
0
0
0
0
0
0
0
0
0
0
0
0
0
0
0
0
0
0
0
0
0
0
0
0
0
0
0
0
0
0
0
0
0
0
0
0
0
0
0
0
0
0
0
0
0
0
0
0
-4.1681
0
0
0
0
0
0
0
0
0
0
0
0
0
0
0
0
0
0
0
0
0
0
0
-4.8867
0
0
9.0549
0
0
0
0
0
0
0
0
0
0
0
0
0
0
0
0
0
0
0
0
0
0
0
0
0
0
0
0
0
0
0
0
0
0
0
0
0
0
0
0
0
0
0
0
0
0
0
0
0
0
0
0
0
0
0
0
0
0
0
0
0
0
0
0
0
0
0
0
0
0
0
0
0
0
0
0
0
0
-4.3375
0
0
0
0
0
0
0
0
0
0
0
0
0
0
0
0
-4.3151
0
0
0
0
0
0
0
0
0
0
0
0
0
0
0
0
0
0
0
0
0
0
8.6527
0
0
0
0
0
0
0
0
0
0
0
0
0
0
0
0
0
0
0
0
0
0
0
0
0
0
0
0
0
0
0
0
0
0
0
0
0
0
0
0
0
0
0
0
0
0
0
0
0
0
0
0
0
0
0
0
0
0
0
0
0
0
0
0
0
0
0
0
0
0
-4.4059
0
0
0
0
0
0
0
0
0
0
0
0
0
0
0
-4.1385
0
0
0
0
0
0
0
0
0
0
0
0
0
0
0
0
0
0
0
0
0
0
0
0
0
0
0
0
0
0
0
8.5443
0
0
0
0
0
0
0
0
0
0
0
0
0
0
0
0
0
0
0
0
0
0
0
0
0
0
0
0
0
0
0
0
0
0
0
0
0
0
0
0
0
0
0
0
0
0
0
0
0
0
0
0
0
0
0
0
0
0
0
0
0
0
0
0
0
0
0
0
0
0
0
0
0
0
0
0
0
0
0
0
0
0
0
-3.9827
0
0
0
0
0
0
0
0
0
0
-4.5893
0
0
0
0
0
0
0
0
0
0
0
0
0
0
0
0
0
0
0
0
0
0
0
8.572
0
0
0
0
0
0
0
0
0
0
0
0
0
0
0
0
0
0
0
0
0
0
0
0
0
0
0
0
0
0
0
0
0
0
0
0
0
0
0
0
0
0
0
0
0
0
0
0
0
0
0
0
0
0
0
0
0
0
0
0
0
0
0
0
0
0
0
0
0
0
0
0
0
0
0
0
0
0
0
0
0
0
0
0
0
-4.4448
0
0
0
0
0
0
0
0
0
0
-3.8412
0
0
0
0
0
0
0
0
0
0
0
0
0
0
0
0
0
0
0
0
0
8.286
0
0
0
0
0
0
0
0
0
0
0
0
0
0
0
0
0
0
0
0
0
0
0
0
0
0
0
0
0
0
0
0
0
0
0
0
0
0
0
0
0
0
0
0
0
0
0
0
0
0
0
0
0
0
0
0
0
0
0
0
0
0
0
0
0
0
0
0
0
0
0
0
0
0
0
0
0
0
0
0
0
0
0
0
0
0
0
0
0
0
0
0
-4.1176
0
0
0
0
0
0
0
0
0
0
0
0
0
0
0
0
0
0
0
0
0
0
0
0
0
9.0267
-4.9091
0
0
0
0
0
0
0
0
0
0
0
0
0
0
0
0
0
0
0
0
0
0
0
0
0
0
0
0
0
0
0
0
0
0
0
0
0
0
0
0
0
0
0
0
0
0
0
0
0
0
0
0
0
0
0
0
0
0
0
0
0
0
0
0
0
0
0
0
0
0
0
0
0
0
0
0
0
0
0
0
0
0
0
0
0
0
0
0
0
0
0
0
0
0
0
0
0
0
0
0
0
0
0
-3.883
0
0
0
0
0
0
0
0
0
0
0
0
-4.9091
8.7921
0
0
0
0
0
0
0
0
0
0
0
0
0
0
0
0
0
0
0
0
0
0
0
0
0
0
0
0
0
0
0
0
0
0
0
0
0
0
0
0
0
0
0
0
0
0
0
0
0
0
0
0
0
0
0
0
0
0
0
0
0
0
0
0
0
0
0
0
0
0
0
0
0
0
0
0
0
-4.1958
0
0
0
0
0
0
0
0
0
0
0
0
0
0
0
0
0
0
0
0
0
0
0
0
0
0
-4.7527
0
0
0
0
0
0
0
0
0
0
0
0
0
8.9486
0
0
0
0
0
0
0
0
0
0
0
0
0
0
0
0
0
0
0
0
0
0
0
0
0
0
0
0
0
0
0
0
0
0
0
0
-4.0115
-4.0287
0
0
0
0
0
0
0
0
0
0
0
0
0
0
0
0
0
0
0
0
0
0
0
0
0
0
0
0
0
0
0
0
0
0
0
0
0
0
0
0
0
0
0
0
0
0
0
0
0
0
0
0
0
0
0
0
0
0
0
0
0
0
0
0
0
0
0
0
0
0
0
0
0
0
0
0
0
0
0
0
8.0403
0
0
0
0
0
0
0
0
0
0
0
0
0
0
0
0
0
0
0
0
0
0
0
0
0
0
0
0
0
0
0
0
0
0
0
0
0
0
0
0
0
0
0
0
0
0
0
0
0
0
0
0
0
0
0
0
0
0
0
0
0
0
0
0
0
0
0
0
0
0
0
0
0
0
0
0
0
0
0
0
-4.4682
0
0
0
0
0
0
0
0
0
0
0
0
0
0
0
0
0
0
0
0
0
0
0
0
0
-4.8213
0
0
0
0
0
0
0
0
0
0
0
9.2895
0
0
0
0
0
0
0
0
0
0
0
0
0
0
0
0
0
0
0
0
0
0
0
0
0
0
0
0
0
0
0
0
0
0
0
0
0
0
0
0
0
0
0
0
0
0
0
0
0
0
0
0
0
0
0
0
0
0
0
0
0
0
0
0
0
0
0
-4.2686
0
0
0
0
0
0
0
0
0
0
0
0
0
0
0
0
0
-4.235
0
0
0
0
0
0
0
0
0
0
0
0
0
0
0
0
0
0
0
0
0
0
0
0
0
0
0
0
0
0
0
0
8.5037
0
0
0
0
0
0
0
0
0
0
0
0
0
0
0
0
0
0
0
0
0
0
0
0
0
0
0
0
0
0
0
0
0
0
0
0
0
0
0
0
0
0
0
0
0
0
0
0
-6.4735
0
0
0
0
0
0
0
0
0
0
0
0
0
0
0
0
0
0
0
0
0
0
0
0
0
0
0
0
0
0
0
0
0
0
0
0
0
0
0
0
0
0
0
0
0
0
0
0
0
0
0
0
0
0
0
0
0
0
0
0
0
0
0
0
0
0
0
0
0
6.4735
0
0
0
0
0
0
0
0
0
0
0
0
0
0
0
0
0
0
0
0
0
0
0
0
0
0
0
0
0
0
0
0
0
0
0
-4.3643
0
0
0
0
0
0
0
0
0
0
0
0
0
0
0
0
0
0
0
0
0
0
0
0
0
0
0
0
0
0
0
0
0
0
0
0
0
0
0
0
0
0
0
0
0
0
0
0
0
0
0
0
0
0
0
0
0
0
0
0
0
0
0
0
0
0
0
0
0
0
0
0
0
0
0
0
0
0
0
0
0
0
4.3643
0
0
0
0
0
0
0
0
0
0
0
0
0
0
0
0
0
0
0
0
0
0
0
0
0
0
0
0
0
0
0
0
0
0
0
0
0
0
0
0
0
0
0
0
0
0
0
0
0
0
0
0
0
0
0
0
0
0
0
0
0
0
0
0
0
0
0
0
0
0
0
0
0
0
0
0
0
0
0
0
0
0
0
0
0
0
0
0
0
0
0
0
0
0
0
-4.1129
0
0
0
0
0
0
0
0
0
0
0
0
0
0
0
0
0
0
0
0
0
0
4.1129
0
0
0
0
0
0
0
0
0
0
0
0
0
0
-7.5022
0
0
0
0
0
0
0
0
0
0
0
0
0
0
0
0
0
0
0
0
0
0
0
0
0
0
0
0
0
0
0
0
0
0
0
0
0
0
0
0
0
0
0
0
0
0
0
0
0
0
0
0
0
0
0
0
0
0
0
0
0
0
0
0
0
0
0
0
0
0
0
0
0
0
0
0
0
0
0
0
0
0
0
0
0
0
0
0
0
0
0
0
0
0
0
0
0
0
0
0
0
0
0
7.5022
0
0
0
0
0
0
0
0
0
0
0
0
0
0
0
0
0
0
0
0
0
0
0
0
0
0
0
0
0
0
0
0
0
0
0
0
0
0
0
0
0
0
0
0
0
0
0
0
0
0
-3.4792
0
0
0
0
0
0
0
0
0
0
0
0
0
0
0
0
0
0
0
0
0
0
0
0
0
0
0
0
0
0
0
0
0
0
0
0
0
0
0
0
0
0
0
0
0
0
0
0
0
0
0
0
0
0
0
0
0
0
0
0
0
0
0
0
0
0
0
3.4792
0
0
0
0
0
0
0
0
0
0
0
0
0
0
0
0
0
0
0
0
0
0
0
0
0
0
0
0
0
0
0
0
0
0
0
0
0
0
0
0
0
0
0
0
0
0
0
0
0
0
0
0
0
0
0
0
0
0
0
0
0
0
0
0
0
0
0
0
0
0
0
0
0
0
0
0
0
0
0
0
0
0
0
0
-4.4797
0
0
0
0
0
0
0
0
0
0
0
0
0
0
0
0
0
0
0
0
0
0
0
0
0
0
0
0
0
0
0
0
0
4.4797
0
0
0
0
0
0
0
0
0
0
0
0
0
0
0
0
0
0
0
0
0
0
0
0
0
0
0
0
0
0
0
0
0
0
0
0
0
0
0
0
0
0
0
0
-4.1531
0
0
0
0
0
0
0
0
0
0
0
0
0
0
0
0
0
0
0
0
0
0
0
0
0
0
0
0
0
0
0
0
0
0
0
0
0
0
0
0
0
0
0
0
0
0
0
0
0
0
0
0
0
0
0
0
0
0
0
0
0
0
0
0
0
0
0
0
0
0
0
0
0
4.1531
0
0
0
0
0
0
0
0
0
0
0
0
0
0
0
0
0
0
0
0
0
0
0
0
0
-6.6763
0
0
0
0
0
0
0
0
0
0
0
0
0
0
0
0
0
0
0
0
0
0
0
0
0
0
0
0
0
0
0
0
0
0
0
0
0
0
0
0
0
0
0
0
0
0
0
0
0
0
0
0
0
0
0
0
0
0
0
0
0
0
0
0
0
0
0
0
0
0
0
0
0
0
0
0
0
0
0
0
0
0
0
0
0
0
0
0
0
0
0
0
6.6763
0
0
0
0
0
0
0
0
0
0
0
0
0
0
0
0
0
0
0
0
0
0
0
0
0
0
0
0
0
0
0
0
0
0
0
0
0
0
0
-5.6461
0
0
0
0
0
0
0
0
0
0
0
0
0
0
0
0
0
0
0
0
0
0
0
0
0
0
0
0
0
0
0
0
0
0
0
0
0
0
0
0
0
0
0
0
0
0
0
0
0
0
0
0
0
0
0
0
0
0
0
0
0
0
0
0
0
0
0
0
0
0
0
0
0
0
0
0
0
0
5.6461
0
0
0
0
0
0
0
0
0
0
0
0
0
0
0
0
0
0
0
0
0
0
0
0
0
0
0
0
0
0
0
0
0
0
0
0
0
0
0
0
0
0
0
0
0
0
0
0
0
0
0
0
0
0
0
0
0
0
0
0
0
0
0
0
0
0
0
0
0
0
0
0
0
0
0
0
0
0
0
0
0
0
0
0
0
0
0
0
0
0
0
0
0
0
-4.7894
0
0
0
0
0
0
0
0
0
0
0
0
0
0
0
0
0
0
0
0
0
0
0
4.7894
0
0
0
0
0
0
0
0
0
0
0
0
0
0
0
0
0
0
0
0
0
0
0
0
0
0
0
0
0
0
0
0
0
0
0
0
0
0
0
0
0
0
0
0
0
0
0
0
0
0
0
0
0
0
0
0
0
0
0
0
0
0
0
0
0
-5.1085
0
0
0
0
0
0
0
0
0
0
0
0
0
0
0
0
0
0
0
0
0
0
0
0
0
0
0
0
0
0
0
0
0
0
0
0
0
0
0
0
0
0
0
0
0
0
0
0
0
0
0
0
5.1085
0
0
0
0
0
0
0
0
0
0
-7.1691
0
0
0
0
0
0
0
0
0
0
0
0
0
0
0
0
0
0
0
0
0
0
0
0
0
0
0
0
0
0
0
0
0
0
0
0
0
0
0
0
0
0
0
0
0
0
0
0
0
0
0
0
0
0
0
0
0
0
0
0
0
0
0
0
0
0
0
0
0
0
0
0
0
0
0
0
0
0
0
0
0
0
0
0
0
0
0
0
0
0
0
0
0
0
0
0
0
0
0
0
0
0
0
0
0
0
0
7.1691
0
0
0
0
0
0
0
0
-7.2507
0
0
0
0
0
0
0
0
0
0
0
0
0
0
0
0
0
0
0
0
0
0
0
0
0
0
0
0
0
0
0
0
0
0
0
0
0
0
0
0
0
0
0
0
0
0
0
0
0
0
0
0
0
0
0
0
0
0
0
0
0
0
0
0
0
0
0
0
0
0
0
0
0
0
0
0
0
0
0
0
0
0
0
0
0
0
0
0
0
0
0
0
0
0
0
0
0
0
0
0
0
0
0
0
0
0
0
0
0
7.2507
