1
0.9595
0.93973
0.92734
0.91741
0.90913
0.90195
0.89585
0.89035
0.88575
0.88159
0.87819
0.87517
0.86363
0.85247
0.84176
0.83144
0.82145
0.81169
0.80207
0.79257
0.78325
0.77414
0.76523
0.75654
0.74811
0.73999
0.73218
0.72471
0.71758
0.71079
0.7043
0.69809
0.69214
0.68644
0.68099
0.67578
0.67084
0.66615
0.66172
0.65754
0.65362
0.64994
0.64651
0.64333
0.64038
0.63766
0.63515
0.6328
0.63057
0.62839
0.62622
0.62403
0.62183
0.61961
0.61738
0.61516
0.61294
0.61075
0.60858
0.60644
0.60433
0.60225
0.60021
0.59822
0.59626
0.59435
0.5925
0.59069
0.58893
0.58719
0.58546
0.58374
0.582
0.58026
0.5785
0.57672
0.57491
0.57308
0.57121
0.5693
0.56734
0.56532
0.56324
0.56109
0.55887
0.55659
0.55427
0.55193
0.5496
0.5473
0.54506
0.54287
0.54075
0.5387
0.53671
0.53479
0.53293
0.53113
0.5294
0.52773
0.52614
0.52461
0.52317
0.5218
0.52051
0.5193
0.51816
0.51708
0.51603
0.51498
0.51391
0.51279
0.51159
0.5103
0.50888
0.50734
0.50568
0.50388
0.50197
0.49994
0.49783
0.49565
0.49342
0.49118
0.48892
0.48668
0.48445
0.48225
0.48008
0.47795
0.47584
0.47377
0.47174
0.46974
0.46779
0.46587
0.46399
0.46215
0.46036
0.45861
0.45691
0.45525
0.45364
0.45208
0.45056
0.44908
0.44764
0.44624
0.44487
0.44353
0.44224
0.44097
0.43975
0.43856
0.4374
0.43627
0.43517
0.43411
0.43307
0.43206
0.43108
0.43012
0.42919
0.42828
0.42739
0.42652
0.42567
0.42484
0.42403
0.42323
0.42246
0.42171
0.42099
0.42028
0.4196
0.41894
0.41831
0.4177
0.41711
0.41655
0.41601
0.41549
0.41499
0.41451
0.41404
0.4136
0.41317
0.41275
0.41235
0.41197
0.41161
0.41126
0.41093
0.41062
0.41032
0.41004
0.40976
0.4095
0.40925
0.40901
0.40878
0.40855
0.40833
0.40811
0.4079
0.40769
0.40749
0.40729
0.40709
0.4069
0.40671
0.40652
0.40634
0.40616
0.40599
