1
0.95683
0.93339
0.91839
0.90735
0.89856
0.89159
0.8861
0.88155
0.87804
0.87504
0.87274
0.87073
0.85946
0.84895
0.83906
0.82949
0.82008
0.81079
0.80168
0.79289
0.78447
0.77643
0.76867
0.76113
0.75378
0.74661
0.7396
0.73276
0.72609
0.7196
0.71328
0.70708
0.70098
0.69494
0.68895
0.68298
0.67701
0.67106
0.66516
0.6594
0.65381
0.64844
0.64331
0.63842
0.63376
0.62932
0.62511
0.62115
0.61745
0.61402
0.61086
0.60797
0.60533
0.60293
0.60074
0.59873
0.59688
0.59517
0.59357
0.59205
0.59059
0.58918
0.58779
0.5864
0.58499
0.58353
0.58203
0.58046
0.57885
0.57721
0.57558
0.57401
0.57254
0.57121
0.57004
0.56904
0.5682
0.5675
0.56693
0.56646
0.56607
0.56575
0.56546
0.5652
0.56494
0.56468
0.56441
0.56413
0.56384
0.56356
0.56328
0.563
0.56274
0.56248
0.56225
0.56203
0.56182
0.56163
0.56145
0.56128
0.56109
0.56089
0.56066
0.56037
0.56002
0.55959
0.55905
0.55842
0.55769
0.55691
0.55611
0.55534
0.55464
0.55404
0.55354
0.55314
0.55284
0.55261
0.55245
0.55233
0.55225
0.5522
0.55216
0.55214
0.55212
0.55212
0.55211
0.55211
0.55211
0.55211
0.5521
0.55209
0.55208
0.55206
0.55205
0.55203
0.55202
0.55201
0.55201
0.55202
0.55202
0.55204
0.55206
0.55209
0.55213
0.55217
0.55222
0.55227
0.55233
0.5524
0.55247
0.55255
0.55264
0.55274
0.55284
0.55296
0.55308
0.55321
0.55335
0.5535
0.55366
0.55382
0.554
0.55418
0.55436
0.55456
0.55476
0.55496
0.55517
0.55537
0.55558
0.55578
0.55599
0.55619
0.55639
0.55658
0.55677
0.55694
0.55711
0.55727
0.55742
0.55755
0.55766
0.55775
0.55783
0.55787
0.5579
0.5579
0.55787
0.55782
0.55774
0.55763
0.5575
0.55733
0.55714
0.55692
0.55666
0.55638
0.55606
0.55572
0.55534
0.55492
0.55447
0.55398
0.55346
0.55289
0.55229
0.55164
0.55095
0.55022
0.54945
0.54863
0.54777
0.54688
0.54595
