1
0.96382
0.96172
0.95638
0.97787
0.99002
1.009
1.0151
1.0321
1.0313
1.0444
1.0424
1.0521
1.0621
1.0781
1.0884
1.0997
1.1091
1.1166
1.1221
1.1257
1.1277
1.1281
1.1271
1.1253
1.1239
1.1232
1.1233
1.124
1.125
1.1261
1.1273
1.1284
1.1291
1.1295
1.1294
1.1286
1.1271
1.1247
1.1213
1.1172
1.1127
1.1085
1.1051
1.1027
1.1011
1.1002
1.0998
1.0996
1.0997
1.1
1.1002
1.1005
1.1009
1.1014
1.1021
1.103
1.1043
1.1058
1.1077
1.11
1.1128
1.1161
1.12
1.124
1.1278
1.131
1.1336
1.1358
1.1377
1.1394
1.1409
1.1422
1.1436
1.1448
1.1461
1.1474
1.1487
1.1502
1.1518
1.1536
1.1557
1.158
1.1606
1.1632
1.1658
1.168
1.1699
1.1715
1.1728
1.1739
1.1748
1.1756
1.1763
1.177
1.1777
1.1783
1.1789
1.1796
1.1803
1.181
1.1817
1.1824
1.1832
1.184
1.1849
1.1857
1.1867
1.1877
1.1888
1.1899
1.191
1.1919
1.1927
1.1932
1.1935
1.1936
1.1936
1.1935
1.1932
1.1929
1.1926
1.1922
1.1918
1.1915
1.1911
1.1907
1.1904
1.1901
1.1899
1.1896
1.1894
1.1893
1.1892
1.1891
1.189
1.189
1.1891
1.1891
1.1892
1.1892
1.1893
1.1893
1.1892
1.189
1.1888
1.1884
1.188
1.1875
1.1869
1.1862
1.1855
1.1848
1.184
1.1833
1.1825
1.1817
1.1809
1.1801
1.1794
1.1786
1.1778
1.177
1.1763
1.1755
1.1747
1.1739
1.1732
1.1724
1.1716
1.1708
1.17
1.1692
1.1684
1.1676
1.1668
1.166
1.1652
1.1644
1.1636
1.1628
1.162
1.1612
1.1605
1.1598
1.159
1.1584
1.1577
1.1571
1.1565
1.1559
1.1554
1.1549
1.1544
1.154
1.1535
1.1531
1.1527
1.1523
1.1519
1.1515
1.1511
1.1506
1.1502
1.1497
1.1492
1.1486
1.148
1.1474
1.1468
1.1461
1.1453
1.1446
1.1438
1.143
1.1421
