1
0.97604
0.96387
0.95449
0.94774
0.9422
0.93764
0.92919
0.92139
0.914
0.90696
0.90018
0.89368
0.88738
0.88124
0.87521
0.86926
0.86343
0.85768
0.85201
0.8464
0.84083
0.83533
0.8299
0.82454
0.81928
0.81412
0.80908
0.80416
0.79936
0.79465
0.79004
0.78551
0.78108
0.77674
0.77249
0.76835
0.76431
0.76037
0.7565
0.75272
0.74902
0.7454
0.74188
0.73844
0.73511
0.73186
0.7287
0.72563
0.72264
0.71975
0.71693
0.71421
0.71156
0.70898
0.70646
0.70398
0.70151
0.69906
0.6966
0.69414
0.69167
0.6892
0.68672
0.68424
0.68175
0.67928
0.67681
0.67434
0.67189
0.66944
0.667
0.66457
0.66215
0.65974
0.65735
0.65496
0.65259
0.65024
0.64791
0.64559
0.6433
0.64102
0.63876
0.63652
0.6343
0.63208
0.62989
0.62771
0.62556
0.62342
0.6213
0.61921
0.61714
0.6151
0.61307
0.61106
0.60906
0.60707
0.60509
0.60312
0.60116
0.59921
0.59728
0.59536
0.59346
0.59157
0.58971
0.58787
0.58605
0.58426
0.58249
0.58074
0.57901
0.5773
0.5756
0.57392
0.57225
0.57059
0.56896
0.56734
0.56574
0.56416
0.5626
0.56106
0.55954
0.55804
0.55656
0.55509
0.55364
0.5522
0.55077
0.54936
0.54795
0.54656
0.54518
0.54381
0.54246
0.54112
0.53979
0.53847
0.53717
0.53588
0.5346
0.53333
0.53208
0.53084
0.5296
0.52839
0.52718
0.52598
0.5248
0.52363
0.52248
0.52133
0.5202
0.51909
0.51798
0.51689
0.51582
0.51475
0.5137
0.51266
0.51164
0.51063
0.50963
0.50865
0.50768
0.50673
0.50579
0.50486
0.50395
0.50306
0.50218
0.50131
0.50045
0.49961
0.49878
0.49797
0.49717
0.49639
0.49562
0.49487
0.49413
0.49341
0.4927
0.49201
0.49132
0.49065
0.48999
0.48935
0.48871
0.48809
0.48748
0.48688
0.48629
0.48572
0.48517
0.48462
0.4841
0.48359
0.48309
0.48261
0.48214
0.48169
0.48125
0.48083
0.48042
0.48003
0.47965
0.47929
0.47893
0.47859
0.47826
0.47794
0.47763
0.47733
0.47703
0.47674
0.47646
0.47618
0.4759
0.47562
0.47534
0.47506
0.47478
0.47449
0.47419
0.4739
0.47359
0.47328
0.47296
