1
0.99023
0.98419
0.981
0.97841
0.97654
0.97486
0.97212
0.9697
0.96758
0.9657
0.96404
0.96257
0.96127
0.96014
0.95915
0.95831
0.95762
0.95706
0.95663
0.95629
0.95602
0.95579
0.95559
0.95539
0.95516
0.9549
0.95459
0.95424
0.95383
0.95339
0.95289
0.95235
0.95178
0.95116
0.95052
0.94984
0.94915
0.94842
0.94768
0.94692
0.94614
0.94535
0.94455
0.94374
0.94293
0.94211
0.94129
0.94047
0.93964
0.93881
0.93797
0.93714
0.9363
0.93546
0.93461
0.93377
0.93292
0.93208
0.93123
0.93039
0.92954
0.9287
0.92787
0.92704
0.92621
0.92538
0.92457
0.92375
0.92294
0.92213
0.92132
0.92052
0.91971
0.91891
0.91811
0.91731
0.91651
0.91571
0.91491
0.91412
0.91332
0.91253
0.91174
0.91096
0.91018
0.9094
0.90863
0.90787
0.90712
0.90637
0.90563
0.9049
0.90419
0.90348
0.90279
0.90211
0.90144
0.90078
0.90014
0.89951
0.89889
0.89828
0.89768
0.8971
0.89652
0.89595
0.8954
0.89485
0.89431
0.89378
0.89326
0.89275
0.89224
0.89174
0.89124
0.89075
0.89027
0.88979
0.88931
0.88884
0.88838
0.88791
0.88745
0.887
0.88655
0.8861
0.88565
0.88521
0.88477
0.88434
0.88391
0.88348
0.88305
0.88263
0.88221
0.8818
0.88138
0.88097
0.88057
0.88017
0.87977
0.87937
0.87898
0.87859
0.8782
0.87782
0.87744
0.87706
0.87668
0.87631
0.87594
0.87557
0.87521
0.87485
0.87449
0.87414
0.87378
0.87343
0.87309
0.87275
0.87241
0.87207
0.87174
0.87141
0.87109
0.87077
0.87045
0.87013
0.86982
0.86951
0.8692
0.8689
0.8686
0.8683
0.868
0.8677
0.8674
0.8671
0.8668
0.8665
0.8662
0.86591
0.86561
0.8653
0.865
0.8647
0.86439
0.86408
0.86377
0.86345
0.86313
0.8628
0.86248
0.86214
0.86181
0.86147
0.86112
0.86077
0.86041
0.86005
0.85969
0.85932
0.85894
0.85856
0.85817
0.85778
0.85738
0.85698
0.85657
0.85615
0.85573
0.8553
0.85486
0.85442
0.85398
0.85353
0.85308
0.85263
0.85217
0.8517
0.85124
0.85078
0.85031
0.84985
0.84939
0.84893
0.84848
0.84803
0.84758
0.84713
0.8467
0.84626
0.84584
0.84542
0.84501
0.8446
0.8442
0.84381
0.84343
0.84305
0.84268
0.84232
0.84197
0.84163
0.84129
0.84097
0.84065
0.84033
0.84003
0.83973
