1
0.99101
0.98574
0.98339
0.98206
0.98088
0.98029
0.97878
0.97766
0.97666
0.9758
0.97503
0.97434
0.9737
0.97309
0.9725
0.9719
0.97129
0.97066
0.97003
0.96938
0.96872
0.96806
0.96739
0.96672
0.96606
0.96539
0.96473
0.96408
0.96343
0.96279
0.96215
0.96153
0.96092
0.96032
0.95974
0.95918
0.95863
0.9581
0.95759
0.95709
0.95661
0.95614
0.95569
0.95524
0.95481
0.95438
0.95395
0.95353
0.95311
0.9527
0.95228
0.95187
0.95145
0.95104
0.95062
0.95021
0.94979
0.94938
0.94896
0.94855
0.94813
0.94772
0.9473
0.94689
0.94648
0.94607
0.94566
0.94525
0.94485
0.94444
0.94403
0.94362
0.94321
0.9428
0.94239
0.94198
0.94156
0.94115
0.94074
0.94032
0.9399
0.93949
0.93907
0.93865
0.93824
0.93782
0.9374
0.93699
0.93658
0.93616
0.93575
0.93533
0.93492
0.9345
0.93409
0.93367
0.93325
0.93283
0.93241
0.93199
0.93157
0.93114
0.93072
0.93029
0.92985
0.92941
0.92897
0.92852
0.92807
0.92762
0.92716
0.92669
0.92622
0.92575
0.92527
0.92478
0.92429
0.9238
0.9233
0.9228
0.92229
0.92178
0.92127
0.92075
0.92024
0.91972
0.9192
0.91867
0.91815
0.91763
0.9171
0.91658
0.91606
0.91554
0.91502
0.91451
0.91399
0.91348
0.91298
0.91247
0.91197
0.91148
0.91099
0.9105
0.91002
0.90955
0.90908
0.90862
0.90816
0.90771
0.90726
0.90683
0.9064
0.90597
0.90556
0.90515
0.90475
0.90436
0.90398
0.90361
0.90325
0.9029
0.90256
0.90224
0.90193
0.90163
0.90135
0.90108
0.90083
0.9006
0.90038
0.90018
0.9
0.89985
0.89971
0.8996
0.89951
0.89945
0.89941
0.8994
0.89942
0.89946
0.89953
0.89963
0.89976
0.89991
0.90008
0.90027
0.90048
0.9007
0.90092
0.90116
0.90139
0.90162
0.90184
0.90205
0.90225
0.90244
0.90261
0.90276
0.9029
0.90302
0.90313
0.90322
0.90329
0.90335
0.90339
0.90343
0.90345
0.90346
0.90345
0.90344
0.90341
0.90338
0.90334
0.90329
0.90323
0.90316
0.90309
0.903
0.90292
0.90282
0.90272
0.90262
0.9025
0.90239
0.90227
0.90215
0.90202
0.90188
0.90175
0.90161
0.90147
0.90132
0.90118
0.90103
0.90088
0.90073
0.90057
0.90042
0.90027
0.90011
0.89996
0.89981
0.89965
0.8995
0.89935
0.8992
0.89906
0.89891
