1
0.96569
0.94288
0.93452
0.92714
0.91701
0.90868
0.90205
0.89704
0.89231
0.88622
0.87884
0.871
0.86344
0.85651
0.85027
0.84468
0.83971
0.83533
0.8315
0.82819
0.82534
0.8229
0.82082
0.81903
0.81748
0.81612
0.81492
0.81381
0.81274
0.81167
0.81055
0.80937
0.80813
0.80682
0.80548
0.80411
0.80276
0.80142
0.80012
0.79885
0.79759
0.79631
0.79502
0.79369
0.79233
0.79091
0.78944
0.78789
0.78627
0.78458
0.78283
0.78103
0.77919
0.77729
0.77535
0.77338
0.77139
0.76942
0.76749
0.76563
0.76385
0.76216
0.76059
0.75913
0.75781
0.75661
0.75552
0.75453
0.75363
0.75282
0.75211
0.75149
0.75095
0.75051
0.75016
0.7499
0.74975
0.74969
0.74973
0.74988
0.75013
0.75048
0.75086
0.75118
0.75132
0.75119
0.75076
0.75009
0.74924
0.74825
0.74717
0.74606
0.74493
0.74383
0.74277
0.74178
0.74087
0.74005
0.73933
0.73872
0.73822
0.73783
0.73757
0.73744
0.73742
0.73754
0.73777
0.73811
0.73856
0.7391
0.73972
0.74041
0.74116
0.74196
0.74281
0.7437
0.74465
0.74566
0.74673
0.74786
0.74905
0.75026
