1
0.97089
0.94988
0.9445
0.94598
0.94551
0.95335
0.96725
0.9838
0.9995
1.0131
1.025
1.036
1.0467
1.0574
1.0686
1.08
1.0915
1.1023
1.1121
1.1209
1.1288
1.1359
1.1424
1.1481
1.1532
1.1577
1.1617
1.1653
1.1687
1.1719
1.175
1.178
1.1809
1.1837
1.1865
1.1892
1.1919
1.1946
1.1974
1.2003
1.203
1.2056
1.2079
1.2099
1.2117
1.2134
1.215
1.2165
1.2181
1.2196
1.2211
1.2226
1.2242
1.2258
1.2273
1.2288
1.2301
1.2313
1.2323
1.2331
1.2336
1.234
1.2343
1.2344
1.2344
1.2344
1.2343
1.2342
1.234
1.2339
1.2338
1.2337
1.2336
1.2336
1.2336
1.2335
1.2335
1.2335
1.2335
1.2336
1.2337
1.2339
1.2343
1.2349
1.2356
1.2362
1.2367
1.237
1.2371
1.2372
1.2372
1.2372
1.2372
1.2372
1.2373
1.2374
1.2376
1.238
1.2383
1.2388
1.2394
1.24
1.2406
1.2413
1.2419
1.2426
1.2433
1.2439
1.2445
1.2451
1.2456
1.2461
1.2465
1.2468
1.2471
1.2473
1.2474
1.2475
1.2474
1.2474
1.2472
1.2471
