1
0.97645
0.96796
0.96283
0.95998
0.95783
0.95602
0.95454
0.9508
0.94747
0.94424
0.94132
0.93847
0.93584
0.93324
0.93081
0.92837
0.92603
0.92362
0.92126
0.91882
0.91641
0.91392
0.91145
0.90892
0.90644
0.90394
0.90153
0.89915
0.89686
0.89464
0.89251
0.89044
0.88847
0.88655
0.88469
0.88288
0.88112
0.87939
0.87769
0.87602
0.87438
0.87276
0.87116
0.86958
0.86802
0.86648
0.86495
0.86343
0.86192
0.86041
0.85892
0.85743
0.85595
0.85448
0.85301
0.85155
0.8501
0.84866
0.84723
0.84581
0.84441
0.84302
0.84165
0.8403
0.83897
0.83765
0.83635
0.83506
0.83379
0.83253
0.83129
0.83006
0.82884
0.82763
0.82644
0.82525
0.82408
0.82291
0.82176
0.82061
0.81947
0.81835
0.81723
0.81612
0.81502
0.81394
0.81286
0.8118
0.81075
0.80971
0.80868
0.80768
0.80668
0.8057
0.80473
0.80378
0.80285
0.80193
0.80102
0.80013
0.79926
0.79839
0.79755
0.79671
0.79589
0.79508
0.79428
0.7935
0.79273
0.79197
0.79122
0.79049
0.78977
0.78907
0.78837
0.78769
0.78702
0.78636
0.78572
0.78508
0.78446
0.78384
0.78324
0.78264
0.78206
0.78148
0.78092
0.78036
0.77981
0.77927
0.77874
0.77822
0.7777
0.77719
0.77669
0.77619
0.7757
0.77521
0.77474
0.77426
0.77379
0.77333
0.77287
0.77242
0.77197
0.77152
0.77108
0.77064
0.7702
0.76977
0.76934
0.76892
0.76849
0.76807
0.76765
0.76724
0.76682
0.76641
0.766
0.7656
0.76519
0.76479
0.76439
0.76399
0.76359
0.76319
0.76279
0.76239
0.76199
0.76159
0.76119
0.76079
0.76039
0.75999
0.75959
0.75919
0.75879
0.75839
0.75799
0.75759
0.7572
0.7568
0.7564
0.75601
0.75561
0.75522
0.75482
0.75443
0.75404
0.75365
