1
0.97792
0.96911
0.9642
0.96153
0.95956
0.95789
0.95656
0.95304
0.94984
0.94687
0.94398
0.94133
0.93866
0.9363
0.93389
0.93175
0.92966
0.92766
0.92575
0.92387
0.92208
0.92029
0.91859
0.91687
0.91521
0.91351
0.91185
0.91016
0.90848
0.90677
0.90508
0.90336
0.90165
0.89992
0.89821
0.89649
0.89478
0.89307
0.89138
0.88971
0.88807
0.88646
0.88488
0.88334
0.88185
0.8804
0.879
0.87765
0.87635
0.8751
0.8739
0.87274
0.87163
0.87056
0.86952
0.86852
0.86753
0.86657
0.86562
0.86467
0.86373
0.86278
0.86182
0.86085
0.85987
0.85888
0.85788
0.85686
0.85583
0.85478
0.85374
0.85268
0.85163
0.85057
0.84952
0.84847
0.84743
0.8464
0.84539
0.84439
0.8434
0.84242
0.84146
0.84051
0.83957
0.83864
0.83771
0.8368
0.83588
0.83497
0.83406
0.83315
0.83223
0.83131
0.83039
0.82947
0.82854
0.82761
0.82668
0.82574
0.82479
0.82384
0.82289
0.82193
0.82096
0.81999
0.81902
0.81804
0.81706
0.81608
0.8151
0.81411
0.81312
0.81214
0.81114
0.81015
0.80916
0.80817
0.80718
0.80619
0.80521
0.80422
0.80323
0.80224
0.80126
0.80028
0.7993
0.79833
0.79736
0.7964
0.79545
0.7945
0.79357
0.79266
0.79176
0.79087
0.79001
0.78917
0.78835
0.78755
0.78678
0.78603
0.78532
0.78463
0.78396
0.78332
0.78271
0.78213
0.78157
0.78103
0.78052
0.78002
0.77955
0.77909
0.77865
0.77823
0.77781
0.77741
0.77702
0.77664
0.77626
0.77589
0.77552
0.77515
0.77478
0.77441
0.77404
0.77367
0.77329
0.7729
0.77251
0.77212
0.77171
0.7713
0.77088
0.77046
0.77003
0.76959
0.76915
0.7687
0.76825
0.76778
0.76732
0.76684
0.76637
0.76588
0.7654
0.7649
0.7644
0.7639
