1
0.97835
0.97057
0.96598
0.9639
0.96251
0.9614
0.96053
0.958
0.9558
0.95359
0.95158
0.94956
0.94767
0.94579
0.94401
0.94222
0.94054
0.93881
0.93717
0.9355
0.9339
0.93228
0.93074
0.92922
0.92777
0.92631
0.92492
0.92352
0.92217
0.92081
0.91949
0.91817
0.91687
0.91557
0.91428
0.91299
0.91171
0.91042
0.90913
0.90784
0.90654
0.90525
0.90395
0.90265
0.90136
0.90006
0.89877
0.89748
0.89619
0.89491
0.89363
0.89235
0.89108
0.88982
0.88856
0.88731
0.88607
0.88483
0.8836
0.88238
0.88117
0.87997
0.87879
0.87761
0.87646
0.87532
0.87419
0.87309
0.872
0.87093
0.86988
0.86886
0.86784
0.86686
0.86589
0.86494
0.86401
0.86309
0.8622
0.86132
0.86046
0.85962
0.85879
0.85797
0.85717
0.85638
0.8556
0.85483
0.85408
0.85334
0.8526
0.85188
0.85116
0.85046
0.84976
0.84907
0.84839
0.84772
0.84705
0.8464
0.84574
0.84509
0.84445
0.84381
0.84317
0.84254
0.84191
0.84129
0.84067
0.84005
0.83944
0.83883
0.83823
0.83764
0.83704
0.83646
0.83588
0.83531
0.83474
0.83417
0.83362
0.83306
0.83252
0.83197
0.83143
0.8309
0.83037
0.82984
0.82931
0.82879
0.82827
0.82775
0.82723
0.82671
0.8262
0.82568
0.82517
0.82466
0.82415
0.82363
0.82312
0.8226
0.82209
0.82157
0.82105
0.82053
0.82001
0.81948
0.81895
0.81842
0.81788
0.81734
0.81679
0.81624
0.81568
0.81512
0.81455
0.81398
0.8134
0.81282
0.81223
0.81163
0.81103
0.81042
0.8098
0.80918
0.80854
0.8079
0.80725
0.80659
0.80591
0.80523
0.80454
0.80383
0.80311
0.80238
0.80164
0.80088
0.80011
0.79933
0.79853
0.79772
0.79689
0.79604
0.79518
0.79431
0.79342
0.79252
0.7916
0.79067
