1
0.95477
0.94062
0.93463
0.93064
0.92786
0.92597
0.92401
0.92246
0.92089
0.91968
0.91864
0.91782
0.91699
0.91631
0.91568
0.91176
0.9081
0.90479
0.90165
0.89875
0.89602
0.89347
0.89106
0.88881
0.88668
0.88466
0.88273
0.88089
0.87912
0.87741
0.87575
0.87414
0.87258
0.87106
0.86958
0.86813
0.8667
0.86529
0.86388
0.86247
0.86105
0.85961
0.85815
0.85666
0.85514
0.85357
0.85197
0.85033
0.84866
0.84697
0.84528
0.8436
0.84196
0.84037
0.83885
0.83739
0.836
0.83469
0.83345
0.83227
0.83116
0.8301
0.82909
0.82813
0.82721
0.82633
0.82548
0.82465
0.82384
0.82305
0.82226
0.82149
0.82071
0.81993
0.81915
0.81836
0.81756
0.81674
0.8159
0.81503
0.81413
0.81319
0.8122
0.81115
0.81005
0.80888
0.80764
0.80633
0.80494
0.80348
0.80196
0.80037
0.79872
0.79703
0.7953
0.79354
0.79174
0.78993
0.78809
0.78624
0.78438
0.78254
0.78071
0.7789
0.77713
0.77539
0.77369
0.77202
0.77039
0.7688
0.76725
0.76574
0.76427
0.76284
0.76144
0.76008
0.75875
0.75745
0.75618
0.75495
0.75375
