76.9931
-0.86457
-0.85136
-0.85136
-0.85429
-0.92209
-0.9486
-0.87397
-0.87397
-0.84631
-0.92604
-0.84171
-0.95556
-0.8845
-0.93195
-0.86778
-0.91019
-0.86779
-0.92838
-0.88433
-0.88848
-0.87313
-0.86127
-0.88822
-0.89292
-0.84637
-0.84638
-0.83846
-0.83387
-0.84294
-0.84692
-0.90334
-0.83946
-0.83939
-0.83961
-0.8733
-0.8733
-0.80973
-0.82435
-0.87354
-0.82435
-0.87103
-0.82053
-0.82053
-0.85774
-0.85657
-0.86037
-0.84993
-0.86415
-0.83121
-0.93211
-0.8698
-0.85776
-0.98103
-0.96867
-1.0095
-1.0767
-1.3644
-1.4131
-1.6792
-1.8944
-2.2525
0
0
-2.5275
0
0
0
0
0
0
0
0
0
0
0
0
0
0
0
0
0
0
0
0
0
0
0
0
0
0
0
0
0
0
0
0
0
0
-8.3451
0
-8.3451
0
0
0
0
0
0
0
0
0
0
-0.86457
59.1303
-0.79711
-0.79711
-0.80375
-0.8681
-0.8919
-0.82213
-0.82213
-0.79474
-0.874
-0.79107
-0.90374
-0.83255
-0.88178
-0.81601
-0.85902
-0.81602
-0.87256
-0.83464
-0.83539
-0.82193
-0.80954
-0.83514
-0.84386
-0.79479
-0.7948
-0.7867
-0.78089
-0.79107
-0.79503
-0.85263
-0.78764
-0.78757
-0.78778
-0.82372
-0.82372
-0.75832
-0.77251
-0.82547
-0.77252
-0.82184
-0.76857
-0.76857
-0.80844
-0.80733
-0.80749
-0.80255
-0.811
-0.77847
-0.88766
-0.82065
-0.80435
-0.93003
-0.91783
-0.95945
-1.032
-1.3038
-1.3503
-1.6146
-1.8319
-2.1374
0
0
-2.4254
0
0
-2.1167
0
0
0
0
0
0
0
0
0
0
0
0
0
0
0
0
0
0
0
0
0
0
0
0
0
0
0
0
0
0
0
0
0
0
0
0
0
0
0
0
0
0
0
0
-0.85136
-0.79711
56.2034
-0.76984
-0.79099
-0.85498
-0.87943
-0.8095
-0.80949
-0.7821
-0.8633
-0.77849
-0.88959
-0.81973
-0.87322
-0.80329
-0.84611
-0.8033
-0.86328
-0.82175
-0.82267
-0.80924
-0.79685
-0.82242
-0.83108
-0.78216
-0.78217
-0.77405
-0.76841
-0.77838
-0.78234
-0.83963
-0.77496
-0.77488
-0.77511
-0.81097
-0.81097
-0.7458
-0.75991
-0.8128
-0.75991
-0.80913
-0.75596
-0.75596
-0.79583
-0.79472
-0.79467
-0.79028
-0.79809
-0.76578
-0.8756
-0.80795
-0.7915
-0.91677
-0.90454
-0.94635
-1.0187
-1.2887
-1.3347
-1.5981
-1.8138
-2.119
0
0
-2.4056
0
0
0
0
0
0
0
0
0
0
0
0
0
0
0
0
0
0
0
0
0
0
0
0
0
0
0
0
0
0
0
0
0
0
0
0
0
0
0
0
0
0
0
0
0
0
0
-0.85136
-0.79711
-0.76984
56.2033
-0.791
-0.85498
-0.87943
-0.8095
-0.8095
-0.78211
-0.8633
-0.77849
-0.88958
-0.81973
-0.87321
-0.80328
-0.8461
-0.8033
-0.86327
-0.82174
-0.82267
-0.80923
-0.79685
-0.82241
-0.83108
-0.78216
-0.78217
-0.77404
-0.76841
-0.77839
-0.78233
-0.83964
-0.77496
-0.77488
-0.7751
-0.81098
-0.81098
-0.7458
-0.75991
-0.8128
-0.75991
-0.80914
-0.75597
-0.75596
-0.79583
-0.79471
-0.79467
-0.79028
-0.79809
-0.76578
-0.87561
-0.80795
-0.79149
-0.91677
-0.90454
-0.94635
-1.0187
-1.2887
-1.3347
-1.5981
-1.8138
-2.119
0
0
-2.4056
0
0
0
0
0
0
0
0
0
0
0
0
0
0
0
0
0
0
0
0
0
0
0
0
0
0
0
0
0
0
0
0
0
0
0
0
0
0
0
0
0
0
0
0
0
0
0
-0.85429
-0.80375
-0.79099
-0.791
52.9137
-0.84565
-0.86896
-0.80737
-0.80737
-0.77841
-0.85064
-0.77395
-0.87892
-0.81556
-0.85848
-0.79917
-0.83928
-0.79918
-0.85648
-0.81616
-0.81508
-0.80427
-0.79269
-0.81483
-0.82885
-0.77804
-0.77805
-0.77012
-0.76515
-0.77448
-0.77841
-0.83254
-0.77106
-0.771
-0.77122
-0.80444
-0.80443
-0.74193
-0.75606
-0.80593
-0.75605
-0.80296
-0.75223
-0.75223
-0.79018
-0.78908
-0.79106
-0.78791
-0.79462
-0.76243
-0.85887
-0.80275
-0.78836
-0.91229
-0.90088
-0.94173
-1.0117
-1.2899
-1.3392
-1.606
0
0
0
-0.51874
0
0
-2.7703
0
0
0
0
0
0
0
0
0
0
0
0
0
0
0
0
0
0
0
0
0
0
0
0
0
0
0
0
0
0
0
0
0
0
0
0
0
0
0
0
0
0
0
0
0
-0.92209
-0.8681
-0.85498
-0.85498
-0.84565
61.2652
-0.93467
-0.86542
-0.86542
-0.83736
-0.9157
-0.83333
-0.95017
-0.87568
-0.9243
-0.85891
-0.90141
-0.85893
-0.91886
-0.8763
-0.87782
-0.86453
-0.8523
-0.87756
-0.88563
-0.83737
-0.83739
-0.82924
-0.82531
-0.83366
-0.83765
-0.8948
-0.83024
-0.83018
-0.83041
-0.86535
-0.86534
-0.80036
-0.8149
-0.86652
-0.81491
-0.8634
-0.811
-0.811
-0.85011
-0.84896
-0.85064
-0.84342
-0.85451
-0.8213
-0.92798
-0.86241
-0.84769
-0.97364
-0.96146
-1.0032
-1.0735
-1.3539
-1.4027
-1.6694
0
0
0
0
0
0
0
0
0
0
0
0
0
0
0
0
0
0
0
0
0
0
0
0
0
0
0
0
0
0
0
0
0
0
0
0
0
0
0
0
0
0
0
-8.1012
0
0
0
0
0
0
0
0
-0.9486
-0.8919
-0.87943
-0.87943
-0.86896
-0.93467
68.0267
-0.8887
-0.8887
-0.85859
-0.93693
-0.85345
-0.96389
-0.89692
-0.94402
-0.8801
-0.92326
-0.88011
-0.94012
-0.89697
-0.89999
-0.88487
-0.87352
-0.8997
-0.90334
-0.85853
-0.85854
-0.85049
-0.84633
-0.85499
-0.85899
-0.9132
-0.85151
-0.85144
-0.85166
-0.88355
-0.88354
-0.82156
-0.83628
-0.88406
-0.83628
-0.88188
-0.83255
-0.83255
-0.86904
-0.86786
-0.87271
-0.86191
-0.87668
-0.84353
-0.94461
-0.88174
-0.87033
-0.99422
-0.98204
-1.0231
-1.0895
-1.3803
-1.4301
0
0
0
0
0
0
0
0
0
0
0
0
0
0
0
0
0
0
0
0
0
0
0
0
0
0
0
0
0
0
0
0
0
0
0
0
0
0
0
0
0
0
0
0
0
0
-7.6675
0
-7.6675
0
0
0
0
-0.87397
-0.82213
-0.8095
-0.8095
-0.80737
-0.86542
-0.8887
50.7419
-0.82016
-0.79505
-0.87032
-0.79109
-0.89833
-0.83438
-0.87828
-0.81787
-0.85874
-0.81788
-0.87703
-0.83596
-0.83991
-0.8235
-0.8113
-0.83965
-0.84715
-0.79651
-0.79652
-0.78823
-0.78347
-0.79263
-0.79658
-0.85249
-0.78931
-0.78925
-0.78946
-0.82407
-0.82405
-0.75973
-0.77401
-0.82589
-0.77402
-0.82247
-0.77023
-0.77023
-0.80945
-0.80834
-0.80935
-0.80415
-0.81305
-0.78039
-0.88969
-0.82205
-0.80651
-0.93286
-0.92115
-0.9628
-1.0341
-1.3101
-1.3592
-1.6264
0
0
0
0
0
0
0
0
0
0
0
0
0
0
0
0
0
0
0
0
0
0
0
0
0
0
0
0
0
0
0
0
0
0
0
0
0
0
0
0
0
0
0
0
0
0
0
0
0
0
0
0
-0.87397
-0.82213
-0.80949
-0.8095
-0.80737
-0.86542
-0.8887
-0.82016
50.7418
-0.79506
-0.87031
-0.79109
-0.89833
-0.83438
-0.87828
-0.81787
-0.85874
-0.81788
-0.87703
-0.83596
-0.83991
-0.8235
-0.8113
-0.83964
-0.84714
-0.7965
-0.79651
-0.78823
-0.78347
-0.79263
-0.79658
-0.85249
-0.78931
-0.78924
-0.78946
-0.82405
-0.82406
-0.75973
-0.77401
-0.82589
-0.77401
-0.82247
-0.77023
-0.77023
-0.80945
-0.80834
-0.80935
-0.80415
-0.81305
-0.78039
-0.8897
-0.82205
-0.8065
-0.93286
-0.92115
-0.9628
-1.0341
-1.3101
-1.3592
-1.6264
0
0
0
0
0
0
0
0
0
0
0
0
0
0
0
0
0
0
0
0
0
0
0
0
0
0
0
0
0
0
0
0
0
0
0
0
0
0
0
0
0
0
0
0
0
0
0
0
0
0
0
0
-0.84631
-0.79474
-0.7821
-0.78211
-0.77841
-0.83736
-0.85859
-0.79505
-0.79506
47.4305
-0.8405
-0.76359
-0.86854
-0.80685
-0.84999
-0.78968
-0.82718
-0.78969
-0.8461
-0.80599
-0.80354
-0.79497
-0.78277
-0.80327
-0.81569
-0.76783
-0.76784
-0.75939
-0.75462
-0.76377
-0.76768
-0.82184
-0.7604
-0.76032
-0.76054
-0.79431
-0.79431
-0.73123
-0.74525
-0.79614
-0.74525
-0.79283
-0.74157
-0.74156
-0.78001
-0.77891
-0.78024
-0.77489
-0.78357
-0.75165
-0.85919
-0.79262
-0.77733
-0.90184
-0.89027
-0.93201
-1.0021
-1.2765
-1.3246
0
0
0
0
0
0
0
0
0
0
0
0
0
0
0
0
0
0
0
0
0
0
0
0
0
0
0
0
0
0
0
0
0
0
0
0
0
0
0
0
0
0
0
0
0
0
0
0
0
0
0
0
0
-0.92604
-0.874
-0.8633
-0.8633
-0.85064
-0.9157
-0.93693
-0.87032
-0.87031
-0.8405
58.201
-0.83493
-0.94568
-0.87745
-0.92661
-0.86065
-0.90263
-0.86067
-0.9201
-0.87794
-0.87901
-0.8662
-0.85406
-0.87876
-0.88712
-0.83907
-0.83907
-0.83085
-0.82682
-0.83529
-0.8393
-0.89581
-0.83187
-0.83179
-0.83202
-0.86652
-0.86652
-0.80199
-0.81648
-0.86766
-0.81648
-0.86469
-0.81264
-0.81263
-0.85144
-0.8503
-0.85234
-0.84501
-0.85603
-0.82305
-0.92946
-0.86398
-0.84941
-0.97541
-0.96324
-1.0052
-1.0751
-1.3564
0
0
0
0
0
0
0
0
0
0
0
0
0
0
0
0
0
0
0
0
0
0
0
0
0
0
0
0
0
0
0
0
-7.9942
0
0
0
0
0
0
0
0
0
0
0
0
0
0
0
0
0
0
0
0
0
-0.84171
-0.79107
-0.77849
-0.77849
-0.77395
-0.83333
-0.85345
-0.79109
-0.79109
-0.76359
-0.83493
48.4696
-0.86136
-0.80031
-0.84458
-0.78384
-0.82224
-0.78385
-0.84159
-0.79934
-0.80106
-0.78394
-0.77709
-0.80078
-0.81156
-0.76233
-0.76233
-0.75389
-0.74904
-0.75814
-0.762
-0.81336
-0.75471
-0.75463
-0.75485
-0.78652
-0.78653
-0.72567
-0.73964
-0.78551
-0.73966
-0.78519
-0.73596
-0.73596
-0.77319
-0.77208
-0.77453
-0.76805
-0.77796
-0.74611
-0.85092
-0.78611
-0.77192
-0.89653
-0.88513
-0.92725
-0.98805
-1.2729
0
0
0
0
0
0
0
-2.6901
0
0
0
0
0
0
0
0
0
0
0
0
0
0
0
0
0
0
0
0
0
0
0
0
0
0
0
0
0
0
0
0
0
0
0
0
0
0
0
0
0
0
0
0
0
0
-0.95556
-0.90374
-0.88959
-0.88958
-0.87892
-0.95017
-0.96389
-0.89833
-0.89833
-0.86854
-0.94568
-0.86136
62.6133
-0.90369
-0.94976
-0.88651
-0.92767
-0.88651
-0.94453
-0.90381
-0.89702
-0.8905
-0.87981
-0.89674
-0.90395
-0.86474
-0.86475
-0.85661
-0.85231
-0.8611
-0.86511
-0.91707
-0.85769
-0.85762
-0.85784
-0.88827
-0.88826
-0.82752
-0.84233
-0.88962
-0.84233
-0.88714
-0.83866
-0.83866
-0.87473
-0.87355
-0.87904
-0.86752
-0.8832
-0.8499
-0.95045
-0.88757
-0.87716
-1.0025
-0.99094
0
0
0
0
0
0
0
0
0
0
0
0
0
0
0
0
0
0
0
0
0
0
0
0
-7.2524
0
0
0
0
-7.2525
0
0
0
0
0
0
0
0
0
0
0
0
0
0
0
0
0
0
0
0
0
0
0
0
0
0
0
-0.8845
-0.83255
-0.81973
-0.81973
-0.81556
-0.87568
-0.89692
-0.83438
-0.83438
-0.80685
-0.87745
-0.80031
-0.90369
45.815
-0.88425
-0.82521
-0.86151
-0.82523
-0.87943
-0.84507
-0.83732
-0.83256
-0.818
-0.83707
-0.8473
-0.80315
-0.80315
-0.79484
-0.79067
-0.79952
-0.80359
-0.86263
-0.79666
-0.79658
-0.79681
-0.83305
-0.83305
-0.76661
-0.78113
-0.83575
-0.78113
-0.83067
-0.77761
-0.77761
-0.81762
-0.81651
-0.81704
-0.81266
-0.82089
-0.78793
-0.89934
-0.8302
-0.81389
-0.93999
-0.92881
-0.97121
0
0
0
0
0
0
0
0
0
0
0
0
0
0
0
0
0
0
0
0
0
0
0
0
0
0
0
0
0
0
0
0
0
0
0
0
0
0
0
0
0
0
0
0
0
0
0
0
0
0
0
0
0
0
0
0
-0.93195
-0.88178
-0.87322
-0.87321
-0.85848
-0.9243
-0.94402
-0.87828
-0.87828
-0.84999
-0.92661
-0.84458
-0.94976
-0.88425
56.7096
-0.86748
-0.9086
-0.86749
-0.92448
-0.88358
-0.88421
-0.87238
-0.86058
-0.88395
-0.89333
-0.84527
-0.84528
-0.83744
-0.83311
-0.84185
-0.84584
-0.90156
-0.83852
-0.83846
-0.83867
-0.8725
-0.8725
-0.80835
-0.82295
-0.87439
-0.82296
-0.87086
-0.81912
-0.81912
-0.85797
-0.85685
-0.85899
-0.85145
-0.86293
-0.82959
-0.91146
-0.87112
-0.85622
0
0
0
0
0
0
0
0
0
0
0
0
0
0
0
0
0
0
0
0
0
0
0
0
-3.7344
0
0
0
-7.8251
0
0
0
0
0
0
0
0
0
0
0
0
0
0
0
0
0
0
0
0
0
0
0
0
0
0
0
0
0
0
-0.86778
-0.81601
-0.80329
-0.80328
-0.79917
-0.85891
-0.8801
-0.81787
-0.81787
-0.78968
-0.86065
-0.78384
-0.88651
-0.82521
-0.86748
43.9285
-0.84508
-0.79887
-0.86277
-0.82811
-0.82198
-0.81034
-0.80015
-0.82172
-0.8315
-0.78555
-0.78557
-0.77728
-0.77318
-0.78216
-0.78623
-0.85014
-0.77947
-0.7794
-0.77962
-0.81514
-0.81514
-0.74957
-0.76394
-0.8177
-0.76394
-0.81275
-0.76045
-0.76045
-0.79997
-0.79885
-0.79959
-0.79539
-0.80361
-0.77092
-0.88162
-0.81272
-0.79673
-0.92226
-0.91095
0
0
0
0
0
0
0
0
0
0
0
0
0
0
0
0
0
0
0
0
0
0
0
0
0
0
0
0
0
0
0
0
0
0
0
0
0
0
0
0
0
0
0
0
0
0
0
0
0
0
0
0
0
0
0
0
0
-0.91019
-0.85902
-0.84611
-0.8461
-0.83928
-0.90141
-0.92326
-0.85874
-0.85874
-0.82718
-0.90263
-0.82224
-0.92767
-0.86151
-0.9086
-0.84508
52.3627
-0.84509
-0.90502
-0.86145
-0.86255
-0.84994
-0.83824
-0.86231
-0.87493
-0.82329
-0.8233
-0.81484
-0.81044
-0.81926
-0.82322
-0.87761
-0.81591
-0.81584
-0.81606
-0.84901
-0.84901
-0.78605
-0.80043
-0.8505
-0.80045
-0.84738
-0.79668
-0.79667
-0.83455
-0.83341
-0.83622
-0.82818
-0.83992
-0.80713
-0.91219
-0.84707
-0.83359
-0.95897
0
0
0
0
0
0
0
0
0
0
0
0
0
0
0
0
0
0
0
0
0
0
0
0
0
0
0
0
0
0
0
0
0
0
0
0
0
0
0
0
0
0
0
-7.3783
0
0
0
0
0
0
0
0
0
0
0
0
0
0
-0.86779
-0.81602
-0.8033
-0.8033
-0.79918
-0.85893
-0.88011
-0.81788
-0.81788
-0.78969
-0.86067
-0.78385
-0.88651
-0.82523
-0.86749
-0.79887
-0.84509
43.929
-0.86278
-0.82813
-0.82199
-0.81035
-0.80016
-0.82173
-0.8315
-0.78557
-0.78558
-0.7773
-0.77319
-0.78217
-0.78623
-0.85015
-0.77949
-0.77941
-0.77964
-0.81516
-0.81516
-0.74957
-0.76395
-0.81771
-0.76395
-0.81276
-0.76047
-0.76047
-0.79998
-0.79886
-0.7996
-0.7954
-0.80362
-0.77092
-0.88162
-0.81273
-0.79674
-0.92227
-0.91096
0
0
0
0
0
0
0
0
0
0
0
0
0
0
0
0
0
0
0
0
0
0
0
0
0
0
0
0
0
0
0
0
0
0
0
0
0
0
0
0
0
0
0
0
0
0
0
0
0
0
0
0
0
0
0
0
0
-0.92838
-0.87256
-0.86328
-0.86327
-0.85648
-0.91886
-0.94012
-0.87703
-0.87703
-0.8461
-0.9201
-0.84159
-0.94453
-0.87943
-0.92448
-0.86277
-0.90502
-0.86278
54.5488
-0.87946
-0.87996
-0.86736
-0.85585
-0.87971
-0.89395
-0.8405
-0.84051
-0.83215
-0.82764
-0.83662
-0.84062
-0.89592
-0.83331
-0.83325
-0.83347
-0.86687
-0.86686
-0.80321
-0.81778
-0.86832
-0.81777
-0.86513
-0.814
-0.814
-0.85214
-0.85101
-0.85382
-0.84548
-0.85769
-0.82449
-0.92976
-0.86477
-0.85123
0
0
0
0
0
0
0
0
0
0
0
0
0
0
-2.1521
0
0
0
0
0
0
0
0
0
0
0
0
0
0
0
0
0
0
0
0
0
0
0
0
0
0
0
0
-7.4784
0
0
0
0
0
0
0
0
0
0
0
0
0
0
0
-0.88433
-0.83464
-0.82175
-0.82174
-0.81616
-0.8763
-0.89697
-0.83596
-0.83596
-0.80599
-0.87794
-0.79934
-0.90381
-0.84507
-0.88358
-0.82811
-0.86145
-0.82813
-0.87946
46.5608
-0.83718
-0.83307
-0.82028
-0.83692
-0.85733
-0.80481
-0.80482
-0.79649
-0.79228
-0.80113
-0.80519
-0.86232
-0.79831
-0.79824
-0.79846
-0.8335
-0.8335
-0.76819
-0.78275
-0.83581
-0.78275
-0.83132
-0.77929
-0.7793
-0.81835
-0.81723
-0.8188
-0.81338
-0.8227
-0.78974
-0.89605
-0.83107
-0.81534
0
0
0
0
0
0
0
0
0
0
0
0
0
0
0
0
0
-3.5282
0
0
0
0
0
0
0
0
0
0
0
0
0
0
0
0
0
0
0
0
0
0
0
0
0
0
0
0
0
0
0
0
0
0
0
0
0
0
0
0
0
-0.88848
-0.83539
-0.82267
-0.82267
-0.81508
-0.87782
-0.89999
-0.83991
-0.83991
-0.80354
-0.87901
-0.80106
-0.89702
-0.83732
-0.88421
-0.82198
-0.86255
-0.82199
-0.87996
-0.83718
49.5597
-0.82613
-0.81543
-0.8417
-0.8436
-0.80037
-0.80037
-0.79167
-0.78693
-0.79596
-0.79985
-0.84982
-0.79257
-0.79249
-0.79272
-0.82303
-0.82303
-0.76297
-0.77719
-0.82451
-0.77719
-0.82211
-0.77352
-0.77352
-0.80986
-0.80873
-0.81275
-0.80382
-0.81638
-0.78406
-0.88617
-0.82263
-0.81043
0
0
0
0
0
0
0
0
0
0
0
0
0
0
0
0
0
0
0
0
0
0
0
0
0
0
0
0
0
0
0
0
-6.7505
0
0
0
0
0
0
0
0
0
0
0
0
0
0
0
0
0
0
0
0
0
0
0
0
0
0
-0.87313
-0.82193
-0.80924
-0.80923
-0.80427
-0.86453
-0.88487
-0.8235
-0.8235
-0.79497
-0.8662
-0.78394
-0.8905
-0.83256
-0.87238
-0.81034
-0.84994
-0.81035
-0.86736
-0.83307
-0.82613
45.0629
-0.80606
-0.82587
-0.83563
-0.79098
-0.79099
-0.78236
-0.77805
-0.78716
-0.79125
-0.85406
-0.78451
-0.78445
-0.78465
-0.81928
-0.81928
-0.75455
-0.76894
-0.8192
-0.76894
-0.81653
-0.76562
-0.76562
-0.80443
-0.80328
-0.80497
-0.79991
-0.80891
-0.77629
-0.88711
-0.81749
-0.80221
0
0
0
0
0
0
0
0
0
0
0
0
-2.7124
0
0
0
0
0
0
0
0
0
0
0
0
0
0
0
0
0
0
0
0
0
0
0
0
0
0
0
0
0
0
0
0
0
0
0
0
0
0
0
0
0
0
0
0
0
0
-0.86127
-0.80954
-0.79685
-0.79685
-0.79269
-0.8523
-0.87352
-0.8113
-0.8113
-0.78277
-0.85406
-0.77709
-0.87981
-0.818
-0.86058
-0.80015
-0.83824
-0.80016
-0.85585
-0.82028
-0.81543
-0.80606
42.6648
-0.81516
-0.82518
-0.7789
-0.77891
-0.76996
-0.76581
-0.77506
-0.77916
-0.83599
-0.7725
-0.77244
-0.77265
-0.80957
-0.80957
-0.74261
-0.75693
-0.81078
-0.75693
-0.80557
-0.75354
-0.75354
-0.79292
-0.79181
-0.79273
-0.78822
-0.79631
-0.76385
-0.87427
-0.80545
-0.78958
-0.91481
0
0
0
0
0
0
0
0
0
0
0
0
0
0
0
0
0
0
0
0
0
0
0
0
0
0
0
0
0
0
0
0
0
0
0
0
0
0
0
0
0
0
0
0
0
0
0
0
0
0
0
0
0
0
0
0
0
0
-0.88822
-0.83514
-0.82242
-0.82241
-0.81483
-0.87756
-0.8997
-0.83965
-0.83964
-0.80327
-0.87876
-0.80078
-0.89674
-0.83707
-0.88395
-0.82172
-0.86231
-0.82173
-0.87971
-0.83692
-0.8417
-0.82587
-0.81516
49.5428
-0.84334
-0.80011
-0.80013
-0.79142
-0.78668
-0.79571
-0.7996
-0.84954
-0.79231
-0.79224
-0.79246
-0.82276
-0.82276
-0.76271
-0.77693
-0.82424
-0.77693
-0.82184
-0.77327
-0.77327
-0.80961
-0.80848
-0.81249
-0.80356
-0.81612
-0.7838
-0.8859
-0.82237
-0.81017
0
0
0
0
0
0
0
0
0
0
0
0
0
0
0
0
0
0
0
0
0
0
0
0
0
0
0
0
0
0
0
0
0
0
-6.7468
0
0
0
0
0
0
0
0
0
0
0
0
0
0
0
0
0
0
0
0
0
0
0
0
-0.89292
-0.84386
-0.83108
-0.83108
-0.82885
-0.88563
-0.90334
-0.84715
-0.84714
-0.81569
-0.88712
-0.81156
-0.90395
-0.8473
-0.89333
-0.8315
-0.87493
-0.8315
-0.89395
-0.85733
-0.8436
-0.83563
-0.82518
-0.84334
53.5
-0.81028
-0.81029
-0.80195
-0.79675
-0.80622
-0.81023
-0.86211
-0.80313
-0.80307
-0.80328
-0.83386
-0.83386
-0.7734
-0.78781
-0.83489
-0.78782
-0.83224
-0.78412
-0.78412
-0.81897
-0.81782
-0.8237
-0.81719
-0.82753
-0.79489
0
-0.83298
0
0
0
0
0
0
0
0
0
0
0
0
0
0
0
0
0
0
0
0
0
0
-2.0196
0
0
0
-3.5653
0
0
0
0
0
0
0
0
0
0
0
0
0
0
0
0
0
0
0
0
0
0
0
-6.3156
0
0
0
0
0
0
0
0
0
-0.84637
-0.79479
-0.78216
-0.78216
-0.77804
-0.83737
-0.85853
-0.79651
-0.7965
-0.76783
-0.83907
-0.76233
-0.86474
-0.80315
-0.84527
-0.78555
-0.82329
-0.78557
-0.8405
-0.80481
-0.80037
-0.79098
-0.7789
-0.80011
-0.81028
40.9643
-0.75231
-0.75333
-0.74962
-0.75947
-0.76361
-0.82251
-0.75728
-0.75721
-0.75743
-0.79615
-0.79615
-0.72739
-0.74151
-0.79462
-0.74151
-0.78871
-0.73809
-0.7381
-0.77683
-0.77573
-0.77729
-0.77298
-0.78099
-0.74866
-0.85752
-0.78995
-0.77416
0
0
0
0
0
0
0
0
0
0
0
0
0
0
0
0
0
0
0
0
0
0
0
0
0
0
0
0
0
0
0
0
0
0
0
0
0
0
0
0
0
0
0
0
0
0
0
0
0
0
0
0
0
0
0
0
0
0
0
-0.84638
-0.7948
-0.78217
-0.78217
-0.77805
-0.83739
-0.85854
-0.79652
-0.79651
-0.76784
-0.83907
-0.76233
-0.86475
-0.80315
-0.84528
-0.78557
-0.8233
-0.78558
-0.84051
-0.80482
-0.80037
-0.79099
-0.77891
-0.80013
-0.81029
-0.75231
40.9647
-0.75332
-0.74963
-0.75947
-0.76362
-0.82252
-0.75727
-0.75721
-0.75743
-0.79616
-0.79616
-0.72739
-0.74152
-0.79462
-0.74152
-0.78872
-0.7381
-0.73811
-0.77685
-0.77574
-0.77729
-0.77299
-0.781
-0.74866
-0.85752
-0.78995
-0.77418
0
0
0
0
0
0
0
0
0
0
0
0
0
0
0
0
0
0
0
0
0
0
0
0
0
0
0
0
0
0
0
0
0
0
0
0
0
0
0
0
0
0
0
0
0
0
0
0
0
0
0
0
0
0
0
0
0
0
0
-0.83846
-0.7867
-0.77405
-0.77404
-0.77012
-0.82924
-0.85049
-0.78823
-0.78823
-0.75939
-0.83085
-0.75389
-0.85661
-0.79484
-0.83744
-0.77728
-0.81484
-0.7773
-0.83215
-0.79649
-0.79167
-0.78236
-0.76996
-0.79142
-0.80195
-0.75333
-0.75332
39.6962
-0.74287
-0.75339
-0.75733
-0.81263
-0.75128
-0.75121
-0.75142
-0.78275
-0.78275
-0.72054
-0.73414
-0.77835
-0.73414
-0.78074
-0.72975
-0.72975
-0.76811
-0.767
-0.76851
-0.76456
-0.77243
-0.74039
0
-0.78162
-0.7659
0
0
0
0
0
0
0
0
0
0
0
0
0
0
0
0
0
0
0
0
0
0
0
0
0
0
0
0
0
0
0
0
0
0
0
0
0
0
0
0
0
0
0
0
0
0
0
0
0
0
0
0
0
0
0
0
0
0
0
-0.83387
-0.78089
-0.76841
-0.76841
-0.76515
-0.82531
-0.84633
-0.78347
-0.78347
-0.75462
-0.82682
-0.74904
-0.85231
-0.79067
-0.83311
-0.77318
-0.81044
-0.77319
-0.82764
-0.79228
-0.78693
-0.77805
-0.76581
-0.78668
-0.79675
-0.74962
-0.74963
-0.74287
39.3262
-0.75051
-0.75359
-0.80708
-0.74734
-0.74727
-0.74749
-0.77631
-0.77631
-0.71569
-0.72891
-0.77181
-0.72892
-0.77347
-0.72432
-0.72433
-0.76221
-0.7611
-0.76329
-0.7589
-0.76746
-0.73549
0
0
0
0
0
0
0
0
0
0
0
0
0
0
0
0
0
0
-1.4094
0
0
0
0
0
0
0
0
0
0
0
0
0
0
0
0
0
0
0
0
0
0
0
0
0
0
0
0
0
0
0
0
0
0
0
0
0
0
0
0
0
0
0
-0.84294
-0.79107
-0.77838
-0.77839
-0.77448
-0.83366
-0.85499
-0.79263
-0.79263
-0.76377
-0.83529
-0.75814
-0.8611
-0.79952
-0.84185
-0.78216
-0.81926
-0.78217
-0.83662
-0.80113
-0.79596
-0.78716
-0.77506
-0.79571
-0.80622
-0.75947
-0.75947
-0.75339
-0.75051
38.3665
-0.76186
-0.81528
-0.75742
-0.75734
-0.75758
-0.7853
-0.7853
-0.7242
-0.73781
-0.78473
-0.73781
-0.78344
-0.73361
-0.73361
-0.77266
-0.77154
-0.77268
-0.76942
-0.77701
-0.74477
0
0
0
0
0
0
0
0
0
0
0
0
0
0
0
0
0
0
0
0
0
0
0
0
0
0
0
0
0
0
0
0
0
0
0
0
0
0
0
0
0
0
0
0
0
0
0
0
0
0
0
0
0
0
0
0
0
0
0
0
0
0
-0.84692
-0.79503
-0.78234
-0.78233
-0.77841
-0.83765
-0.85899
-0.79658
-0.79658
-0.76768
-0.8393
-0.762
-0.86511
-0.80359
-0.84584
-0.78623
-0.82322
-0.78623
-0.84062
-0.80519
-0.79985
-0.79125
-0.77916
-0.7996
-0.81023
-0.76361
-0.76362
-0.75733
-0.75359
-0.76186
37.8169
-0.81859
-0.76441
-0.76434
-0.76457
-0.78817
-0.78817
-0.7282
-0.74175
-0.78968
-0.74175
-0.78653
-0.73761
-0.73761
-0.77696
-0.77584
-0.77666
-0.7744
-0.78168
0
0
0
0
0
0
0
0
0
0
0
0
0
0
0
0
0
0
0
0
0
0
0
0
0
0
0
0
0
0
0
0
0
0
0
0
0
0
0
0
0
0
0
0
0
0
0
0
0
0
0
0
0
0
0
0
0
0
0
0
0
0
0
-0.90334
-0.85263
-0.83963
-0.83964
-0.83254
-0.8948
-0.9132
-0.85249
-0.85249
-0.82184
-0.89581
-0.81336
-0.91707
-0.86263
-0.90156
-0.85014
-0.87761
-0.85015
-0.89592
-0.86232
-0.84982
-0.85406
-0.83599
-0.84954
-0.86211
-0.82251
-0.82252
-0.81263
-0.80708
-0.81528
-0.81859
44.7522
-0.81319
-0.81312
-0.81335
-0.84681
-0.84681
-0.78125
-0.79543
-0.84466
-0.79543
-0.84105
-0.79216
-0.79216
-0.82962
-0.82844
-0.83255
0
0
0
0
0
0
0
0
0
0
0
0
0
0
0
0
0
0
0
0
0
0
0
0
0
0
0
0
0
0
0
0
0
0
0
0
0
0
0
0
0
0
0
0
0
0
0
-6.0068
0
0
0
0
0
0
0
0
0
0
0
0
0
0
0
0
0
-0.83946
-0.78764
-0.77496
-0.77496
-0.77106
-0.83024
-0.85151
-0.78931
-0.78931
-0.7604
-0.83187
-0.75471
-0.85769
-0.79666
-0.83852
-0.77947
-0.81591
-0.77949
-0.83331
-0.79831
-0.79257
-0.78451
-0.7725
-0.79231
-0.80313
-0.75728
-0.75727
-0.75128
-0.74734
-0.75742
-0.76441
-0.81319
35.9226
-0.73827
-0.73861
-0.78424
-0.78424
-0.71064
-0.72894
-0.79338
-0.72894
-0.79332
-0.73205
-0.73205
-0.77096
-0.76968
-0.76924
0
0
0
0
0
0
0
0
0
0
0
0
0
0
0
0
0
0
0
0
0
0
0
0
0
0
0
0
0
0
0
0
0
0
0
0
0
0
0
0
0
0
0
0
0
0
0
0
0
0
0
0
0
0
0
0
0
0
0
0
0
0
0
0
0
-0.83939
-0.78757
-0.77488
-0.77488
-0.771
-0.83018
-0.85144
-0.78925
-0.78924
-0.76032
-0.83179
-0.75463
-0.85762
-0.79658
-0.83846
-0.7794
-0.81584
-0.77941
-0.83325
-0.79824
-0.79249
-0.78445
-0.77244
-0.79224
-0.80307
-0.75721
-0.75721
-0.75121
-0.74727
-0.75734
-0.76434
-0.81312
-0.73827
35.9193
-0.7385
-0.78416
-0.78417
-0.71056
-0.72886
-0.79333
-0.72887
-0.79326
-0.73199
-0.73198
-0.77086
-0.76958
-0.76916
0
0
0
0
0
0
0
0
0
0
0
0
0
0
0
0
0
0
0
0
0
0
0
0
0
0
0
0
0
0
0
0
0
0
0
0
0
0
0
0
0
0
0
0
0
0
0
0
0
0
0
0
0
0
0
0
0
0
0
0
0
0
0
0
0
-0.83961
-0.78778
-0.77511
-0.7751
-0.77122
-0.83041
-0.85166
-0.78946
-0.78946
-0.76054
-0.83202
-0.75485
-0.85784
-0.79681
-0.83867
-0.77962
-0.81606
-0.77964
-0.83347
-0.79846
-0.79272
-0.78465
-0.77265
-0.79246
-0.80328
-0.75743
-0.75743
-0.75142
-0.74749
-0.75758
-0.76457
-0.81335
-0.73861
-0.7385
35.9295
-0.78439
-0.78439
-0.71077
-0.7291
-0.79352
-0.72911
-0.79344
-0.7322
-0.73221
-0.77117
-0.76988
-0.76939
0
0
0
0
0
0
0
0
0
0
0
0
0
0
0
0
0
0
0
0
0
0
0
0
0
0
0
0
0
0
0
0
0
0
0
0
0
0
0
0
0
0
0
0
0
0
0
0
0
0
0
0
0
0
0
0
0
0
0
0
0
0
0
0
0
-0.8733
-0.82372
-0.81097
-0.81098
-0.80444
-0.86535
-0.88355
-0.82407
-0.82405
-0.79431
-0.86652
-0.78652
-0.88827
-0.83305
-0.8725
-0.81514
-0.84901
-0.81516
-0.86687
-0.8335
-0.82303
-0.81928
-0.80957
-0.82276
-0.83386
-0.79615
-0.79616
-0.78275
-0.77631
-0.7853
-0.78817
-0.84681
-0.78424
-0.78416
-0.78439
42.2948
-0.82188
-0.75105
-0.76417
-0.80491
-0.76418
-0.8067
-0.76027
-0.76027
-0.79612
-0.79494
0
0
0
0
0
0
0
0
0
0
0
0
0
0
0
0
0
0
0
0
0
0
0
0
0
0
0
0
0
0
0
0
0
0
0
0
-5.6961
0
0
0
0
0
0
0
0
0
0
0
0
0
0
0
0
0
0
0
0
0
0
0
0
0
0
0
0
0
-0.8733
-0.82372
-0.81097
-0.81098
-0.80443
-0.86534
-0.88354
-0.82405
-0.82406
-0.79431
-0.86652
-0.78653
-0.88826
-0.83305
-0.8725
-0.81514
-0.84901
-0.81516
-0.86686
-0.8335
-0.82303
-0.81928
-0.80957
-0.82276
-0.83386
-0.79615
-0.79616
-0.78275
-0.77631
-0.7853
-0.78817
-0.84681
-0.78424
-0.78417
-0.78439
-0.82188
42.2948
-0.75105
-0.76417
-0.80492
-0.76417
-0.80671
-0.76026
-0.76027
-0.79613
-0.79494
0
0
0
0
0
0
0
0
0
0
0
0
0
0
0
0
0
0
0
0
0
0
0
0
0
0
0
0
0
0
0
0
0
0
0
0
0
0
0
0
0
0
-5.6961
0
0
0
0
0
0
0
0
0
0
0
0
0
0
0
0
0
0
0
0
0
0
0
-0.80973
-0.75832
-0.7458
-0.7458
-0.74193
-0.80036
-0.82156
-0.75973
-0.75973
-0.73123
-0.80199
-0.72567
-0.82752
-0.76661
-0.80835
-0.74957
-0.78605
-0.74957
-0.80321
-0.76819
-0.76297
-0.75455
-0.74261
-0.76271
-0.7734
-0.72739
-0.72739
-0.72054
-0.71569
-0.7242
-0.7282
-0.78125
-0.71064
-0.71056
-0.71077
-0.75105
-0.75105
33.7969
-0.69952
-0.75693
-0.69952
-0.7504
-0.70156
-0.70155
-0.73634
-0.73519
0
0
0
0
0
0
0
0
0
0
0
0
0
0
0
0
0
0
0
0
0
0
0
0
0
0
0
0
0
0
0
0
0
0
0
0
0
0
0
0
0
0
0
0
0
0
0
0
0
0
0
0
0
0
0
0
0
0
0
0
0
0
0
0
0
0
-0.82435
-0.77251
-0.75991
-0.75991
-0.75606
-0.8149
-0.83628
-0.77401
-0.77401
-0.74525
-0.81648
-0.73964
-0.84233
-0.78113
-0.82295
-0.76394
-0.80043
-0.76395
-0.81778
-0.78275
-0.77719
-0.76894
-0.75693
-0.77693
-0.78781
-0.74151
-0.74152
-0.73414
-0.72891
-0.73781
-0.74175
-0.79543
-0.72894
-0.72886
-0.7291
-0.76417
-0.76417
-0.69952
32.9513
-0.76814
-0.74573
-0.76005
-0.71258
-0.71257
0
0
0
0
0
0
0
0
0
0
0
0
0
0
0
0
0
0
0
0
0
0
0
0
0
0
0
0
0
0
0
0
0
0
0
0
0
0
0
0
0
0
0
0
0
0
0
0
0
0
0
0
0
0
0
0
0
0
0
0
0
0
0
0
0
0
0
0
-0.87354
-0.82547
-0.8128
-0.8128
-0.80593
-0.86652
-0.88406
-0.82589
-0.82589
-0.79614
-0.86766
-0.78551
-0.88962
-0.83575
-0.87439
-0.8177
-0.8505
-0.81771
-0.86832
-0.83581
-0.82451
-0.8192
-0.81078
-0.82424
-0.83489
-0.79462
-0.79462
-0.77835
-0.77181
-0.78473
-0.78968
-0.84466
-0.79338
-0.79333
-0.79352
-0.80491
-0.80492
-0.75693
-0.76814
41.3738
-0.76815
-0.8122
0
0
0
0
0
0
0
0
0
0
0
0
0
0
0
0
0
0
0
0
-2.4944
0
0
0
0
0
0
0
0
0
0
0
0
0
0
0
0
0
0
0
0
0
0
0
0
0
0
0
0
-5.3397
0
0
0
0
0
0
0
0
0
0
0
0
0
0
0
0
0
0
0
0
-0.82435
-0.77252
-0.75991
-0.75991
-0.75605
-0.81491
-0.83628
-0.77402
-0.77401
-0.74525
-0.81648
-0.73966
-0.84233
-0.78113
-0.82296
-0.76394
-0.80045
-0.76395
-0.81777
-0.78275
-0.77719
-0.76894
-0.75693
-0.77693
-0.78782
-0.74151
-0.74152
-0.73414
-0.72892
-0.73781
-0.74175
-0.79543
-0.72894
-0.72887
-0.72911
-0.76418
-0.76417
-0.69952
-0.74573
-0.76815
32.9514
-0.76005
-0.71258
-0.71258
0
0
0
0
0
0
0
0
0
0
0
0
0
0
0
0
0
0
0
0
0
0
0
0
0
0
0
0
0
0
0
0
0
0
0
0
0
0
0
0
0
0
0
0
0
0
0
0
0
0
0
0
0
0
0
0
0
0
0
0
0
0
0
0
0
0
0
0
-0.87103
-0.82184
-0.80913
-0.80914
-0.80296
-0.8634
-0.88188
-0.82247
-0.82247
-0.79283
-0.86469
-0.78519
-0.88714
-0.83067
-0.87086
-0.81275
-0.84738
-0.81276
-0.86513
-0.83132
-0.82211
-0.81653
-0.80557
-0.82184
-0.83224
-0.78871
-0.78872
-0.78074
-0.77347
-0.78344
-0.78653
-0.84105
-0.79332
-0.79326
-0.79344
-0.8067
-0.80671
-0.7504
-0.76005
-0.8122
-0.76005
38.56
0
0
0
0
0
0
0
0
0
0
0
0
0
0
0
0
0
0
0
0
0
0
0
0
0
0
0
0
0
0
0
0
0
0
0
0
0
0
0
0
0
0
0
0
0
0
0
0
0
0
0
0
0
-5.1379
0
0
0
0
0
0
0
0
0
0
0
0
0
0
0
0
-0.82053
-0.76857
-0.75596
-0.75597
-0.75223
-0.811
-0.83255
-0.77023
-0.77023
-0.74157
-0.81264
-0.73596
-0.83866
-0.77761
-0.81912
-0.76045
-0.79668
-0.76047
-0.814
-0.77929
-0.77352
-0.76562
-0.75354
-0.77327
-0.78412
-0.73809
-0.7381
-0.72975
-0.72432
-0.73361
-0.73761
-0.79216
-0.73205
-0.73199
-0.7322
-0.76027
-0.76026
-0.70156
-0.71258
0
-0.71258
0
30.5609
0
0
0
0
0
0
0
0
0
0
0
0
0
0
0
0
0
0
0
0
0
0
0
0
0
0
0
0
0
0
0
0
0
0
0
0
0
0
0
0
0
0
0
0
0
0
0
0
0
0
0
0
0
0
0
0
0
0
0
0
0
0
0
0
0
0
0
0
0
-0.82053
-0.76857
-0.75596
-0.75596
-0.75223
-0.811
-0.83255
-0.77023
-0.77023
-0.74156
-0.81263
-0.73596
-0.83866
-0.77761
-0.81912
-0.76045
-0.79667
-0.76047
-0.814
-0.7793
-0.77352
-0.76562
-0.75354
-0.77327
-0.78412
-0.7381
-0.73811
-0.72975
-0.72433
-0.73361
-0.73761
-0.79216
-0.73205
-0.73198
-0.73221
-0.76027
-0.76027
-0.70155
-0.71257
0
-0.71258
0
0
30.5609
0
0
0
0
0
0
0
0
0
0
0
0
0
0
0
0
0
0
0
0
0
0
0
0
0
0
0
0
0
0
0
0
0
0
0
0
0
0
0
0
0
0
0
0
0
0
0
0
0
0
0
0
0
0
0
0
0
0
0
0
0
0
0
0
0
0
0
0
-0.85774
-0.80844
-0.79583
-0.79583
-0.79018
-0.85011
-0.86904
-0.80945
-0.80945
-0.78001
-0.85144
-0.77319
-0.87473
-0.81762
-0.85797
-0.79997
-0.83455
-0.79998
-0.85214
-0.81835
-0.80986
-0.80443
-0.79292
-0.80961
-0.81897
-0.77683
-0.77685
-0.76811
-0.76221
-0.77266
-0.77696
-0.82962
-0.77096
-0.77086
-0.77117
-0.79612
-0.79613
-0.73634
0
0
0
0
0
0
35.3574
0
0
0
0
0
0
0
0
0
0
0
0
0
0
0
0
0
0
0
0
0
0
0
0
0
0
0
0
0
0
0
0
0
0
0
0
0
0
0
0
0
0
0
0
-4.7708
0
0
0
0
0
0
0
0
0
0
0
0
0
0
0
0
0
0
0
0
0
0
-0.85657
-0.80733
-0.79472
-0.79471
-0.78908
-0.84896
-0.86786
-0.80834
-0.80834
-0.77891
-0.8503
-0.77208
-0.87355
-0.81651
-0.85685
-0.79885
-0.83341
-0.79886
-0.85101
-0.81723
-0.80873
-0.80328
-0.79181
-0.80848
-0.81782
-0.77573
-0.77574
-0.767
-0.7611
-0.77154
-0.77584
-0.82844
-0.76968
-0.76958
-0.76988
-0.79494
-0.79494
-0.73519
0
0
0
0
0
0
0
35.281
0
0
0
0
0
0
0
0
0
0
0
0
0
0
0
0
0
0
0
0
0
0
0
0
0
0
0
0
0
0
0
0
0
0
0
0
0
0
0
0
0
0
0
0
0
0
0
0
0
0
0
0
-4.7378
0
0
0
0
0
0
0
0
0
0
0
0
0
-0.86037
-0.80749
-0.79467
-0.79467
-0.79106
-0.85064
-0.87271
-0.80935
-0.80935
-0.78024
-0.85234
-0.77453
-0.87904
-0.81704
-0.85899
-0.79959
-0.83622
-0.7996
-0.85382
-0.8188
-0.81275
-0.80497
-0.79273
-0.81249
-0.8237
-0.77729
-0.77729
-0.76851
-0.76329
-0.77268
-0.77666
-0.83255
-0.76924
-0.76916
-0.76939
0
0
0
0
0
0
0
0
0
0
0
28.2832
0
0
0
0
0
0
0
0
0
0
0
0
0
0
0
0
0
0
0
0
0
0
0
0
0
0
0
0
0
0
0
0
0
0
0
0
0
0
0
0
0
0
0
0
0
0
0
0
0
0
0
0
0
0
0
0
0
0
0
0
0
0
0
0
0
-0.84993
-0.80255
-0.79028
-0.79028
-0.78791
-0.84342
-0.86191
-0.80415
-0.80415
-0.77489
-0.84501
-0.76805
-0.86752
-0.81266
-0.85145
-0.79539
-0.82818
-0.7954
-0.84548
-0.81338
-0.80382
-0.79991
-0.78822
-0.80356
-0.81719
-0.77298
-0.77299
-0.76456
-0.7589
-0.76942
-0.7744
0
0
0
0
0
0
0
0
0
0
0
0
0
0
0
0
31.0633
0
0
0
0
0
0
0
0
0
0
0
0
0
0
0
0
0
0
0
0
0
-2.0121
0
0
0
0
0
0
0
0
0
0
0
0
0
-4.0933
0
0
0
0
0
0
0
0
0
0
0
0
0
0
0
0
0
0
0
0
0
0
0
0
0
0
0
0
-0.86415
-0.811
-0.79809
-0.79809
-0.79462
-0.85451
-0.87668
-0.81305
-0.81305
-0.78357
-0.85603
-0.77796
-0.8832
-0.82089
-0.86293
-0.80361
-0.83992
-0.80362
-0.85769
-0.8227
-0.81638
-0.80891
-0.79631
-0.81612
-0.82753
-0.78099
-0.781
-0.77243
-0.76746
-0.77701
-0.78168
0
0
0
0
0
0
0
0
0
0
0
0
0
0
0
0
0
25.2612
0
0
0
0
0
0
0
0
0
0
0
0
0
0
0
0
0
0
0
0
0
0
0
0
0
0
0
0
0
0
0
0
0
0
0
0
0
0
0
0
0
0
0
0
0
0
0
0
0
0
0
0
0
0
0
0
0
0
0
0
0
0
0
-0.83121
-0.77847
-0.76578
-0.76578
-0.76243
-0.8213
-0.84353
-0.78039
-0.78039
-0.75165
-0.82305
-0.74611
-0.8499
-0.78793
-0.82959
-0.77092
-0.80713
-0.77092
-0.82449
-0.78974
-0.78406
-0.77629
-0.76385
-0.7838
-0.79489
-0.74866
-0.74866
-0.74039
-0.73549
-0.74477
0
0
0
0
0
0
0
0
0
0
0
0
0
0
0
0
0
0
0
23.5016
0
0
0
0
0
0
0
0
0
0
0
0
0
0
0
0
0
0
0
0
0
0
0
0
0
0
0
0
0
0
0
0
0
0
0
0
0
0
0
0
0
0
0
0
0
0
0
0
0
0
0
0
0
0
0
0
0
0
0
0
0
0
-0.93211
-0.88766
-0.8756
-0.87561
-0.85887
-0.92798
-0.94461
-0.88969
-0.8897
-0.85919
-0.92946
-0.85092
-0.95045
-0.89934
-0.91146
-0.88162
-0.91219
-0.88162
-0.92976
-0.89605
-0.88617
-0.88711
-0.87427
-0.8859
0
-0.85752
-0.85752
0
0
0
0
0
0
0
0
0
0
0
0
0
0
0
0
0
0
0
0
0
0
0
38.5111
0
0
0
0
0
0
0
0
0
0
0
0
0
0
0
-2.6927
0
0
0
0
0
0
0
0
0
-3.4785
0
0
0
0
0
0
0
0
0
0
0
0
0
0
0
-4.5537
0
0
0
0
0
0
0
0
0
0
0
0
0
0
0
0
0
0
-4.5539
-0.8698
-0.82065
-0.80795
-0.80795
-0.80275
-0.86241
-0.88174
-0.82205
-0.82205
-0.79262
-0.86398
-0.78611
-0.88757
-0.8302
-0.87112
-0.81272
-0.84707
-0.81273
-0.86477
-0.83107
-0.82263
-0.81749
-0.80545
-0.82237
-0.83298
-0.78995
-0.78995
-0.78162
0
0
0
0
0
0
0
0
0
0
0
0
0
0
0
0
0
0
0
0
0
0
0
27.174
0
0
0
0
0
0
0
0
0
0
0
0
0
0
0
0
0
0
0
0
0
0
0
0
0
0
0
0
0
0
0
0
0
0
0
0
0
0
0
0
0
0
0
0
0
0
0
0
0
0
0
0
0
0
0
0
0
0
-4.0142
0
-0.85776
-0.80435
-0.7915
-0.79149
-0.78836
-0.84769
-0.87033
-0.80651
-0.8065
-0.77733
-0.84941
-0.77192
-0.87716
-0.81389
-0.85622
-0.79673
-0.83359
-0.79674
-0.85123
-0.81534
-0.81043
-0.80221
-0.78958
-0.81017
0
-0.77416
-0.77418
-0.7659
0
0
0
0
0
0
0
0
0
0
0
0
0
0
0
0
0
0
0
0
0
0
0
0
21.9307
0
0
0
0
0
0
0
0
0
0
0
0
0
0
0
0
0
0
0
0
0
0
0
0
0
0
0
0
0
0
0
0
0
0
0
0
0
0
0
0
0
0
0
0
0
0
0
0
0
0
0
0
0
0
0
0
0
0
0
-0.98103
-0.93003
-0.91677
-0.91677
-0.91229
-0.97364
-0.99422
-0.93286
-0.93286
-0.90184
-0.97541
-0.89653
-1.0025
-0.93999
0
-0.92226
-0.95897
-0.92227
0
0
0
0
-0.91481
0
0
0
0
0
0
0
0
0
0
0
0
0
0
0
0
0
0
0
0
0
0
0
0
0
0
0
0
0
0
20.1589
0
0
0
0
0
0
0
0
0
0
0
0
0
0
0
0
0
0
0
0
0
0
0
0
0
0
0
0
0
0
0
0
0
0
0
0
0
0
0
0
0
0
0
0
0
0
0
0
0
0
0
0
0
0
0
-3.2338
0
0
-0.96867
-0.91783
-0.90454
-0.90454
-0.90088
-0.96146
-0.98204
-0.92115
-0.92115
-0.89027
-0.96324
-0.88513
-0.99094
-0.92881
0
-0.91095
0
-0.91096
0
0
0
0
0
0
0
0
0
0
0
0
0
0
0
0
0
0
0
0
0
0
0
0
0
0
0
0
0
0
0
0
0
0
0
0
17.8875
0
0
0
0
0
0
0
0
0
0
0
0
0
0
0
0
0
0
0
0
0
0
0
0
0
0
0
0
0
0
0
0
0
0
0
0
0
0
-3.0249
0
0
0
0
0
0
0
0
0
0
0
0
0
0
0
0
0
0
-1.0095
-0.95945
-0.94635
-0.94635
-0.94173
-1.0032
-1.0231
-0.9628
-0.9628
-0.93201
-1.0052
-0.92725
0
-0.97121
0
0
0
0
0
0
0
0
0
0
0
0
0
0
0
0
0
0
0
0
0
0
0
0
0
0
0
0
0
0
0
0
0
0
0
0
0
0
0
0
0
16.5383
0
0
0
0
0
0
0
0
0
0
0
0
0
0
0
0
0
0
0
0
0
0
0
0
0
0
0
0
0
0
0
0
0
0
0
0
0
0
0
0
0
0
0
0
0
0
0
0
-3.9473
0
0
0
0
0
0
0
-1.0767
-1.032
-1.0187
-1.0187
-1.0117
-1.0735
-1.0895
-1.0341
-1.0341
-1.0021
-1.0751
-0.98805
0
0
0
0
0
0
0
0
0
0
0
0
0
0
0
0
0
0
0
0
0
0
0
0
0
0
0
0
0
0
0
0
0
0
0
0
0
0
0
0
0
0
0
0
19.2154
0
0
0
0
0
-2.2852
0
0
0
0
0
0
0
0
0
0
0
0
0
0
0
0
0
0
0
0
0
0
0
0
0
0
0
0
0
0
0
0
0
0
0
0
0
-4.4759
0
0
0
0
0
0
0
0
0
0
0
-1.3644
-1.3038
-1.2887
-1.2887
-1.2899
-1.3539
-1.3803
-1.3101
-1.3101
-1.2765
-1.3564
-1.2729
0
0
0
0
0
0
0
0
0
0
0
0
0
0
0
0
0
0
0
0
0
0
0
0
0
0
0
0
0
0
0
0
0
0
0
0
0
0
0
0
0
0
0
0
0
15.7955
0
0
0
0
0
0
0
0
0
0
0
0
0
0
0
0
0
0
0
0
0
0
0
0
0
0
0
0
0
0
0
0
0
0
0
0
0
0
0
0
0
0
0
0
0
0
0
0
0
0
0
0
0
0
-1.4131
-1.3503
-1.3347
-1.3347
-1.3392
-1.4027
-1.4301
-1.3592
-1.3592
-1.3246
0
0
0
0
0
0
0
0
0
0
0
0
0
0
0
0
0
0
0
0
0
0
0
0
0
0
0
0
0
0
0
0
0
0
0
0
0
0
0
0
0
0
0
0
0
0
0
0
13.6478
0
0
0
0
0
0
0
0
0
0
0
0
0
0
0
0
0
0
0
0
0
0
0
0
0
0
0
0
0
0
0
0
0
0
0
0
0
0
0
0
0
0
0
0
0
0
0
0
0
0
0
0
0
-1.6792
-1.6146
-1.5981
-1.5981
-1.606
-1.6694
0
-1.6264
-1.6264
0
0
0
0
0
0
0
0
0
0
0
0
0
0
0
0
0
0
0
0
0
0
0
0
0
0
0
0
0
0
0
0
0
0
0
0
0
0
0
0
0
0
0
0
0
0
0
0
0
0
13.0183
0
0
0
0
0
0
0
0
0
0
0
0
0
0
0
0
0
0
0
0
0
0
0
0
0
0
0
0
0
0
0
0
0
0
0
0
0
0
0
0
0
0
0
0
0
0
0
0
0
0
0
0
-1.8944
-1.8319
-1.8138
-1.8138
0
0
0
0
0
0
0
0
0
0
0
0
0
0
0
0
0
0
0
0
0
0
0
0
0
0
0
0
0
0
0
0
0
0
0
0
0
0
0
0
0
0
0
0
0
0
0
0
0
0
0
0
0
0
0
0
10.102
0
0
0
0
0
0
0
0
0
0
0
0
0
0
0
0
0
0
0
0
0
0
0
0
0
0
0
0
0
0
0
0
0
0
0
0
0
0
0
0
0
0
0
0
0
-2.7482
0
0
0
0
0
-2.2525
-2.1374
-2.119
-2.119
0
0
0
0
0
0
0
0
0
0
0
0
0
0
0
0
0
0
0
0
0
0
0
0
0
0
0
0
0
0
0
0
0
0
0
0
0
0
0
0
0
0
0
0
0
0
0
0
0
0
0
0
0
0
0
0
0
10.7923
0
0
0
0
0
0
-2.1644
0
0
0
0
0
0
0
0
0
0
0
0
0
0
0
0
0
0
0
0
0
0
0
0
0
0
0
0
0
0
0
0
0
0
0
0
0
0
0
0
0
0
0
0
0
0
0
0
0
0
0
0
0
0
0
0
0
0
0
0
0
0
0
0
0
0
0
0
0
0
0
0
0
0
0
0
0
0
0
0
0
0
-2.4944
0
0
0
0
0
0
0
0
0
0
0
0
0
0
0
0
-2.2852
0
0
0
0
0
8.7281
0
0
-3.3141
0
0
0
0
0
0
0
0
0
0
0
0
0
0
0
0
0
0
0
0
0
0
0
0
0
0
0
0
0
0
0
0
0
0
0
0
0
0
0
0
0
0
-0.63433
0
0
0
0
0
0
0
-0.51874
0
0
0
0
0
0
0
0
0
0
0
0
0
0
0
0
0
0
0
0
0
0
0
0
0
0
0
0
0
0
0
0
0
0
0
0
0
0
0
0
0
0
0
0
0
0
0
0
0
0
0
0
0
0
0
0
0
0
9.8897
0
0
0
0
0
0
0
0
-2.9493
-2.988
-3.4337
0
0
0
0
0
0
0
0
0
0
0
0
0
0
0
0
0
0
0
0
0
0
0
0
0
0
0
0
0
0
0
0
0
0
0
0
0
-2.5275
-2.4254
-2.4056
-2.4056
0
0
0
0
0
0
0
0
0
0
0
0
0
0
0
0
0
0
0
0
0
0
0
0
0
0
0
0
0
0
0
0
0
0
0
0
0
0
0
0
0
0
0
0
0
0
0
0
0
0
0
0
0
0
0
0
0
0
0
0
9.7642
0
0
0
0
0
0
0
0
0
0
0
0
0
0
0
0
0
0
0
0
0
0
0
0
0
0
0
0
0
0
0
0
0
0
0
0
0
0
0
0
0
0
0
0
0
0
0
0
0
0
0
0
0
0
0
0
0
0
-2.6901
0
0
0
0
0
0
0
0
0
-2.7124
0
0
0
0
0
0
0
0
0
0
0
0
0
0
0
0
0
0
0
0
0
0
0
0
0
0
0
0
0
0
0
0
0
0
0
0
0
0
0
0
-3.3141
0
0
8.7167
0
0
0
0
0
0
0
0
0
0
0
0
0
0
0
0
0
0
0
0
0
0
0
0
0
0
0
0
0
0
0
0
0
0
0
0
0
0
0
0
0
0
0
0
0
0
0
0
0
0
-2.7703
0
0
0
0
0
0
0
0
0
0
0
0
0
0
0
0
0
0
0
0
0
0
0
0
0
0
0
0
0
0
0
0
0
0
0
0
0
0
0
0
0
0
0
0
0
-2.6927
0
0
0
0
0
0
0
0
0
0
0
0
0
0
0
8.6799
0
0
0
0
-3.2168
0
0
0
0
0
0
0
0
0
0
0
0
0
0
0
0
0
0
0
0
0
0
0
0
0
0
0
0
0
0
0
0
0
0
0
0
0
0
0
0
0
-2.1167
0
0
0
0
0
0
0
0
0
0
0
0
0
0
0
0
-2.1521
0
0
0
0
0
0
0
0
0
0
0
0
0
0
0
0
0
0
0
0
0
0
0
0
0
0
0
0
0
0
0
0
0
0
0
0
0
0
0
0
0
0
0
0
0
0
0
0
8.0555
0
0
0
0
0
0
0
0
0
0
0
0
-3.7867
0
0
0
0
0
0
0
0
0
0
0
0
0
0
0
0
0
0
0
0
0
0
0
0
0
0
0
0
0
0
0
0
0
0
0
0
0
0
0
0
0
0
0
0
0
0
0
0
0
0
0
0
0
0
0
0
0
0
0
-1.4094
0
0
0
0
0
0
0
0
0
0
0
0
0
0
0
0
0
0
0
0
0
0
0
0
0
0
0
0
0
0
0
0
-2.1644
0
0
0
0
0
0
7.9535
0
0
0
0
0
0
0
0
0
0
0
0
0
0
0
0
0
-4.3797
0
0
0
0
0
0
0
0
0
0
0
0
0
0
0
0
0
0
0
0
0
0
0
0
0
0
0
0
0
0
0
0
0
0
0
0
0
0
0
0
0
0
0
0
0
0
0
0
0
0
0
0
0
0
0
0
0
0
0
0
0
0
0
0
0
0
0
0
0
0
0
0
-2.0121
0
0
0
0
0
0
0
0
0
0
0
0
0
0
0
0
0
0
0
0
0
5.6894
0
0
-3.6773
0
0
0
0
0
0
0
0
0
0
0
0
0
0
0
0
0
0
0
0
0
0
0
0
0
0
0
0
0
0
0
0
0
0
0
0
0
0
0
0
0
0
0
0
0
0
0
0
0
0
0
0
0
0
0
0
0
0
-3.5282
0
0
0
0
0
0
0
0
0
0
0
0
0
0
0
0
0
0
0
0
0
0
0
0
0
0
0
0
0
0
0
0
0
0
0
0
0
0
0
0
0
0
0
0
0
0
0
0
0
0
8.2132
0
0
0
0
-4.6851
0
0
0
0
0
0
0
0
0
0
0
0
0
0
0
0
0
0
0
0
0
0
0
0
0
0
0
0
0
0
0
0
0
0
0
0
0
0
0
0
0
0
0
0
0
0
0
0
0
0
0
0
0
0
0
0
0
0
0
0
0
0
0
0
0
0
0
0
0
0
0
0
0
0
0
0
0
0
0
0
0
0
0
0
0
0
0
0
0
0
0
0
0
0
0
0
0
0
0
0
0
0
-3.2168
0
0
0
0
7.3863
0
-4.1695
0
0
0
0
0
0
0
0
0
0
0
0
0
0
0
0
0
0
0
0
0
0
0
0
0
0
0
0
0
0
0
0
0
0
0
0
0
0
0
0
0
0
0
0
0
0
0
0
0
0
0
0
0
0
0
0
0
0
0
0
0
0
0
0
0
0
0
0
0
0
0
0
0
0
0
0
0
0
0
0
0
0
0
0
0
0
0
0
0
0
0
0
0
0
0
0
0
0
0
0
0
-2.9493
0
0
0
0
0
-3.6773
0
0
6.6266
0
0
0
0
0
0
0
0
0
0
0
0
0
0
0
0
0
0
0
0
0
0
0
0
0
0
0
0
0
0
0
0
0
0
0
0
0
0
0
0
0
0
0
0
0
0
0
0
0
0
0
0
0
0
0
0
0
0
0
0
0
0
0
0
0
0
0
0
0
0
0
0
0
0
0
0
0
0
0
0
0
0
0
0
0
0
0
0
0
0
0
0
0
0
0
0
0
0
0
0
0
0
-2.988
0
0
0
0
0
0
0
-4.1695
0
7.1575
0
0
0
0
0
0
0
0
0
0
0
0
0
0
0
0
0
0
0
0
0
0
0
0
0
0
0
0
0
0
0
0
0
0
0
0
0
0
0
0
0
0
0
0
0
0
0
0
0
0
0
0
0
0
0
0
0
0
0
0
0
0
-2.0196
0
0
0
0
0
0
0
0
0
0
0
0
0
0
0
0
0
0
0
0
0
0
0
0
0
0
0
0
0
0
0
0
0
0
0
0
0
0
-3.4337
0
0
0
0
0
0
0
0
0
0
5.4533
0
0
0
0
0
0
0
0
0
0
0
0
0
0
0
0
0
0
0
0
0
0
0
0
0
0
0
0
0
0
0
0
0
0
0
0
0
0
0
0
0
0
0
0
0
0
0
0
0
0
0
0
0
0
0
0
0
0
0
0
0
0
0
0
0
0
0
0
0
0
0
0
0
0
0
0
0
0
0
0
0
0
0
0
0
0
0
0
0
0
0
0
0
0
0
0
0
0
0
0
0
0
0
0
0
0
0
-4.6851
0
0
0
0
9.3532
0
0
-4.6682
0
0
0
0
0
0
0
0
0
0
0
0
0
0
0
0
0
0
0
0
0
0
0
0
0
0
0
0
0
0
0
0
0
0
0
0
0
0
0
0
0
0
0
0
0
0
0
0
0
0
0
0
0
0
0
0
0
0
0
0
0
0
0
0
0
0
0
0
0
0
0
0
0
0
0
0
0
0
0
0
0
0
0
-3.4785
0
0
0
0
0
0
0
0
0
0
0
0
0
0
0
0
0
0
0
0
0
0
0
0
0
7.126
-3.6475
0
0
0
0
0
0
0
0
0
0
0
0
0
0
0
0
0
0
0
0
0
0
0
0
0
0
0
0
0
0
0
0
0
0
0
0
0
0
0
0
0
0
0
0
0
0
0
0
-3.7344
0
0
0
0
0
0
0
0
0
0
0
0
0
0
0
0
0
0
0
0
0
0
0
0
0
0
0
0
0
0
0
0
0
0
0
0
0
0
0
0
0
0
0
0
0
0
0
0
0
0
0
0
0
0
0
0
0
0
0
0
0
-3.6475
7.3819
0
0
0
0
0
0
0
0
0
0
0
0
0
0
0
0
0
0
0
0
0
0
0
0
0
0
0
0
0
0
0
0
0
0
0
0
0
0
0
0
0
0
0
0
0
0
0
0
0
0
0
0
0
0
0
0
0
0
-3.5653
0
0
0
0
0
0
0
0
0
0
0
0
0
0
0
0
0
0
0
0
0
0
0
0
0
0
0
0
0
0
0
0
0
0
0
0
0
0
0
0
0
0
0
0
0
0
0
0
0
0
-4.6682
0
0
8.2335
0
0
0
0
0
0
0
0
0
0
0
0
0
0
0
0
0
0
0
0
0
0
0
0
0
0
0
0
0
0
0
0
0
0
0
0
0
0
0
0
0
0
0
0
0
-7.2524
0
0
0
0
0
0
0
0
0
0
0
0
0
0
0
0
0
0
0
0
0
0
0
0
0
0
0
0
0
0
0
0
0
0
0
0
0
0
0
0
0
0
0
0
0
0
0
0
0
0
0
0
0
0
0
0
0
0
0
0
0
0
0
0
0
0
7.2524
0
0
0
0
0
0
0
0
0
0
0
0
0
0
0
0
0
0
0
0
0
0
0
0
0
0
0
0
0
0
0
0
0
0
0
0
0
0
0
0
0
0
0
0
0
0
0
0
0
0
0
0
0
0
0
0
0
0
0
0
0
0
0
0
0
0
0
0
0
0
0
0
0
0
0
0
0
0
0
0
0
0
0
0
0
0
0
0
0
0
0
0
0
0
0
0
0
0
0
-3.7867
0
0
0
0
0
0
0
0
0
0
0
0
3.7867
0
0
0
0
0
0
0
0
0
0
0
0
0
0
0
0
0
0
0
0
0
0
0
0
0
0
0
0
0
0
0
0
0
0
0
0
0
0
0
0
0
0
0
0
0
-7.8251
0
0
0
0
0
0
0
0
0
0
0
0
0
0
0
0
0
0
0
0
0
0
0
0
0
0
0
0
0
0
0
0
0
0
0
0
0
0
0
0
0
0
0
0
0
0
0
0
0
0
0
0
0
0
0
0
0
0
0
0
0
0
0
0
0
0
7.8251
0
0
0
0
0
0
0
0
0
0
0
0
0
0
0
0
0
0
0
0
0
0
0
0
0
0
0
0
0
0
0
0
0
0
0
0
0
0
0
0
0
0
0
0
0
0
0
0
0
0
0
0
0
0
0
0
0
0
0
0
0
0
0
0
0
-5.6961
0
0
0
0
0
0
0
0
0
0
0
0
0
0
0
0
0
0
0
0
0
0
0
0
0
0
0
0
0
0
0
0
0
0
0
0
0
0
0
0
0
0
0
0
0
0
5.6961
0
0
0
0
0
0
0
0
0
0
0
0
0
0
0
0
0
0
0
0
0
0
0
0
0
0
0
0
0
0
0
0
0
0
0
0
0
0
0
0
0
0
0
0
0
0
0
0
0
0
0
0
0
0
0
0
0
0
0
0
0
0
0
0
0
0
0
0
0
0
0
0
0
0
0
0
-4.0933
0
0
0
0
0
0
0
0
0
0
0
0
0
0
0
0
0
0
0
0
0
0
0
0
0
0
0
0
0
0
0
0
0
0
0
4.0933
0
0
0
0
0
0
0
0
0
0
0
0
0
0
0
0
0
0
0
0
0
0
0
0
0
0
0
0
0
0
0
0
0
0
0
0
0
0
0
0
-7.2525
0
0
0
0
0
0
0
0
0
0
0
0
0
0
0
0
0
0
0
0
0
0
0
0
0
0
0
0
0
0
0
0
0
0
0
0
0
0
0
0
0
0
0
0
0
0
0
0
0
0
0
0
0
0
0
0
0
0
0
0
0
0
0
0
0
0
0
0
0
0
0
7.2525
0
0
0
0
0
0
0
0
0
0
0
0
0
0
0
0
0
0
0
0
0
0
0
0
0
0
0
0
0
0
0
0
0
0
0
0
0
0
0
0
0
0
0
0
0
0
0
-6.7505
0
0
0
0
0
0
0
0
0
0
0
0
0
0
0
0
0
0
0
0
0
0
0
0
0
0
0
0
0
0
0
0
0
0
0
0
0
0
0
0
0
0
0
0
0
0
0
0
0
0
0
0
0
0
0
0
0
0
0
0
0
0
0
0
6.7505
0
0
0
0
0
0
0
0
0
0
0
0
0
0
0
0
0
0
0
0
0
0
0
0
0
0
0
0
0
0
0
0
0
0
0
0
0
0
0
0
0
0
0
0
0
0
0
0
0
0
0
0
0
0
0
0
0
0
0
0
0
0
0
0
0
0
0
0
0
0
0
0
0
0
0
0
0
0
0
0
0
0
0
0
0
0
0
0
0
0
0
0
0
0
-4.3797
0
0
0
0
0
0
0
0
0
0
0
0
0
0
0
0
0
4.3797
0
0
0
0
0
0
0
0
0
0
0
0
0
0
0
0
0
0
0
0
0
0
0
0
0
0
0
0
0
0
0
0
0
0
0
0
0
0
0
0
0
0
0
0
0
0
0
0
-6.7468
0
0
0
0
0
0
0
0
0
0
0
0
0
0
0
0
0
0
0
0
0
0
0
0
0
0
0
0
0
0
0
0
0
0
0
0
0
0
0
0
0
0
0
0
0
0
0
0
0
0
0
0
0
0
0
0
0
0
0
0
0
0
0
6.7468
0
0
0
0
0
0
0
0
0
0
0
0
0
0
0
0
0
0
0
0
0
0
0
0
0
0
0
0
0
0
0
0
0
0
0
0
0
0
0
0
0
0
0
0
0
0
0
0
0
0
0
0
0
0
0
0
0
0
0
0
-5.6961
0
0
0
0
0
0
0
0
0
0
0
0
0
0
0
0
0
0
0
0
0
0
0
0
0
0
0
0
0
0
0
0
0
0
0
0
0
0
0
0
0
0
0
0
0
0
0
0
0
0
0
5.6961
0
0
0
0
0
0
0
0
0
0
0
0
0
0
0
0
0
0
0
0
0
0
0
0
0
0
0
0
0
0
0
0
0
0
0
0
0
0
0
0
0
0
0
0
0
0
0
0
0
0
0
0
0
0
0
0
0
0
0
0
0
0
0
0
0
0
0
-4.7708
0
0
0
0
0
0
0
0
0
0
0
0
0
0
0
0
0
0
0
0
0
0
0
0
0
0
0
0
0
0
0
0
0
0
0
0
0
0
0
0
0
0
0
0
4.7708
0
0
0
0
0
0
0
0
0
0
0
0
0
0
0
0
0
0
0
0
0
0
0
0
0
0
0
0
0
0
0
0
-7.9942
0
0
0
0
0
0
0
0
0
0
0
0
0
0
0
0
0
0
0
0
0
0
0
0
0
0
0
0
0
0
0
0
0
0
0
0
0
0
0
0
0
0
0
0
0
0
0
0
0
0
0
0
0
0
0
0
0
0
0
0
0
0
0
0
0
0
0
0
0
0
0
0
0
0
0
0
0
0
0
7.9942
0
0
0
0
0
0
0
0
0
0
0
0
0
0
0
0
0
0
0
0
0
0
0
0
0
0
0
0
0
0
0
0
0
0
0
0
0
0
0
0
0
0
0
0
0
0
0
0
0
0
0
0
0
0
0
0
0
0
0
0
-5.3397
0
0
0
0
0
0
0
0
0
0
0
0
0
0
0
0
0
0
0
0
0
0
0
0
0
0
0
0
0
0
0
0
0
0
0
0
0
0
0
0
0
0
0
0
0
0
0
0
0
0
0
5.3397
0
0
0
0
0
0
0
0
0
0
0
0
0
0
0
0
0
0
0
0
0
0
0
0
0
0
0
0
0
0
0
0
0
0
0
0
0
0
0
0
0
0
0
0
0
0
0
0
0
0
0
0
0
0
0
0
0
0
0
0
0
0
0
0
0
0
0
0
0
0
-4.5537
0
0
0
0
0
0
0
0
0
0
0
0
0
0
0
0
0
0
0
0
0
0
0
0
0
0
0
0
0
0
0
0
0
0
0
0
0
0
0
0
0
4.5537
0
0
0
0
0
0
0
0
0
0
0
0
0
0
0
0
0
0
0
0
0
0
0
0
0
0
0
0
0
0
0
0
0
0
0
0
0
0
0
0
0
0
0
0
0
0
0
0
0
0
0
0
0
0
0
0
0
0
0
0
0
0
0
0
0
0
0
0
0
0
0
0
0
-3.0249
0
0
0
0
0
0
0
0
0
0
0
0
0
0
0
0
0
0
0
0
0
0
0
0
0
0
0
0
0
0
0
0
0
0
0
0
0
0
3.0249
0
0
0
0
0
0
0
0
0
0
0
0
0
0
0
0
0
0
0
0
0
0
0
0
0
0
0
0
0
0
0
0
0
0
0
0
0
0
0
0
0
0
0
0
0
0
0
0
0
-6.0068
0
0
0
0
0
0
0
0
0
0
0
0
0
0
0
0
0
0
0
0
0
0
0
0
0
0
0
0
0
0
0
0
0
0
0
0
0
0
0
0
0
0
0
0
0
0
0
0
0
0
0
0
0
0
0
0
0
0
0
0
0
0
6.0068
0
0
0
0
0
0
0
0
0
0
0
0
0
0
0
0
0
0
0
0
0
0
0
0
0
0
0
0
0
0
0
0
0
0
0
0
0
0
0
0
0
0
0
0
0
0
0
0
0
0
0
0
0
0
0
0
0
0
-5.1379
0
0
0
0
0
0
0
0
0
0
0
0
0
0
0
0
0
0
0
0
0
0
0
0
0
0
0
0
0
0
0
0
0
0
0
0
0
0
0
0
0
0
0
0
0
0
0
0
0
0
0
0
0
5.1379
0
0
0
0
0
0
0
0
0
0
0
0
0
0
0
0
0
0
0
0
0
0
0
0
0
0
0
0
0
0
0
0
0
0
-7.4784
0
0
0
0
0
0
0
0
0
0
0
0
0
0
0
0
0
0
0
0
0
0
0
0
0
0
0
0
0
0
0
0
0
0
0
0
0
0
0
0
0
0
0
0
0
0
0
0
0
0
0
0
0
0
0
0
0
0
0
0
0
0
0
0
0
0
0
0
0
0
0
0
0
0
0
0
0
7.4784
0
0
0
0
0
0
0
0
0
0
0
0
0
0
0
0
0
0
0
0
0
0
0
0
0
0
0
0
0
0
0
-7.3783
0
0
0
0
0
0
0
0
0
0
0
0
0
0
0
0
0
0
0
0
0
0
0
0
0
0
0
0
0
0
0
0
0
0
0
0
0
0
0
0
0
0
0
0
0
0
0
0
0
0
0
0
0
0
0
0
0
0
0
0
0
0
0
0
0
0
0
0
0
0
0
0
0
0
0
0
0
0
0
0
7.3783
0
0
0
0
0
0
0
0
0
0
0
0
0
0
0
0
0
0
0
0
0
0
0
0
0
0
0
0
0
0
0
0
0
0
0
0
0
0
0
0
0
0
0
0
0
0
0
0
0
0
0
0
0
0
0
0
0
0
0
-4.7378
0
0
0
0
0
0
0
0
0
0
0
0
0
0
0
0
0
0
0
0
0
0
0
0
0
0
0
0
0
0
0
0
0
0
0
0
0
0
0
0
0
0
0
0
0
0
0
0
0
0
0
0
4.7378
0
0
0
0
0
0
0
0
0
0
0
0
0
-8.3451
0
0
0
0
0
0
0
0
0
0
0
0
0
0
0
0
0
0
0
0
0
0
0
0
0
0
0
0
0
0
0
0
0
0
0
0
0
0
0
0
0
0
0
0
0
0
0
0
0
0
0
0
0
0
0
0
0
0
0
0
0
0
0
0
0
0
0
0
0
0
0
0
0
0
0
0
0
0
0
0
0
0
0
0
0
0
0
0
0
0
0
0
0
0
0
0
0
0
8.3451
0
0
0
0
0
0
0
0
0
0
0
0
0
0
0
0
0
0
0
0
0
0
0
0
0
0
0
0
0
0
0
0
0
0
0
0
0
0
0
0
0
0
0
0
0
0
0
0
0
0
0
0
0
0
0
0
0
0
0
0
0
0
0
0
0
0
0
0
-4.4759
0
0
0
0
0
0
0
0
0
0
0
0
0
0
0
0
0
0
0
0
0
0
0
0
0
0
0
0
0
0
0
0
0
0
0
0
0
0
0
0
0
0
0
4.4759
0
0
0
0
0
0
0
0
0
0
0
-8.3451
0
0
0
0
0
0
0
0
0
0
0
0
0
0
0
0
0
0
0
0
0
0
0
0
0
0
0
0
0
0
0
0
0
0
0
0
0
0
0
0
0
0
0
0
0
0
0
0
0
0
0
0
0
0
0
0
0
0
0
0
0
0
0
0
0
0
0
0
0
0
0
0
0
0
0
0
0
0
0
0
0
0
0
0
0
0
0
0
0
0
0
0
0
0
0
0
0
0
0
0
8.3451
0
0
0
0
0
0
0
0
0
0
0
0
0
0
0
0
0
0
0
0
0
0
0
0
0
0
0
0
0
0
0
0
0
0
-6.3156
0
0
0
0
0
0
0
0
0
0
0
0
0
0
0
0
0
0
0
0
0
0
0
0
0
0
0
0
0
0
0
0
0
0
0
0
0
0
0
0
0
0
0
0
0
0
0
0
0
0
0
0
0
0
0
0
0
0
0
0
0
0
0
0
0
0
0
0
0
0
0
0
0
0
0
0
0
6.3156
0
0
0
0
0
0
0
0
0
0
0
0
0
0
-8.1012
0
0
0
0
0
0
0
0
0
0
0
0
0
0
0
0
0
0
0
0
0
0
0
0
0
0
0
0
0
0
0
0
0
0
0
0
0
0
0
0
0
0
0
0
0
0
0
0
0
0
0
0
0
0
0
0
0
0
0
0
0
0
0
0
0
0
0
0
0
0
0
0
0
0
0
0
0
0
0
0
0
0
0
0
0
0
0
0
0
0
0
0
0
0
0
0
0
8.1012
0
0
0
0
0
0
0
0
0
0
0
0
0
0
0
0
0
0
0
0
0
0
0
0
0
0
0
0
0
0
0
0
0
0
0
0
0
0
0
0
0
0
0
0
0
0
0
0
0
0
0
0
0
0
0
0
0
0
0
0
0
0
0
-3.9473
0
0
0
0
0
0
0
0
0
0
0
0
0
0
0
0
0
0
0
0
0
0
0
0
0
0
0
0
0
0
0
0
0
0
0
0
0
0
0
0
0
0
0
0
0
0
0
0
3.9473
0
0
0
0
0
0
0
0
0
0
0
0
0
-7.6675
0
0
0
0
0
0
0
0
0
0
0
0
0
0
0
0
0
0
0
0
0
0
0
0
0
0
0
0
0
0
0
0
0
0
0
0
0
0
0
0
0
0
0
0
0
0
0
0
0
0
0
0
0
0
0
0
0
0
0
0
0
0
0
0
0
0
0
0
0
0
0
0
0
0
0
0
0
0
0
0
0
0
0
0
0
0
0
0
0
0
0
0
0
0
0
0
0
0
7.6675
0
0
0
0
0
0
0
0
0
0
0
0
0
0
0
0
0
0
0
0
0
0
0
0
0
0
0
0
0
0
0
0
0
0
0
0
0
0
0
0
0
0
0
0
0
0
0
0
0
0
0
0
0
0
0
0
0
0
0
0
0
0
0
0
0
0
-2.7482
0
0
0
0
0
0
0
0
0
0
0
0
0
0
0
0
0
0
0
0
0
0
0
0
0
0
0
0
0
0
0
0
0
0
0
0
0
0
0
0
0
0
0
0
0
2.7482
0
0
0
0
0
0
0
0
0
0
0
-7.6675
0
0
0
0
0
0
0
0
0
0
0
0
0
0
0
0
0
0
0
0
0
0
0
0
0
0
0
0
0
0
0
0
0
0
0
0
0
0
0
0
0
0
0
0
0
0
0
0
0
0
0
0
0
0
0
0
0
0
0
0
0
0
0
0
0
0
0
0
0
0
0
0
0
0
0
0
0
0
0
0
0
0
0
0
0
0
0
0
0
0
0
0
0
0
0
0
0
0
0
0
7.6675
0
0
0
0
0
0
0
0
0
0
0
0
0
0
0
0
0
0
0
0
0
0
0
0
0
0
0
0
0
0
0
0
0
0
0
0
0
0
0
0
0
0
0
0
0
0
0
0
0
0
0
0
0
0
0
0
0
0
0
0
0
0
0
0
0
0
-0.63433
0
0
0
0
0
0
0
0
0
0
0
0
0
0
0
0
0
0
0
0
0
0
0
0
0
0
0
0
0
0
0
0
0
0
0
0
0
0
0
0
0
0
0
0
0
0.63433
0
0
0
0
0
0
0
0
0
0
0
0
0
0
0
0
0
0
0
0
0
0
0
0
0
0
0
0
0
0
0
0
0
0
0
0
0
0
0
0
0
0
0
0
0
0
0
0
0
0
0
0
0
0
0
0
-3.2338
0
0
0
0
0
0
0
0
0
0
0
0
0
0
0
0
0
0
0
0
0
0
0
0
0
0
0
0
0
0
0
0
0
0
0
0
0
0
0
0
0
0
0
0
0
0
0
0
0
0
0
0
0
0
0
3.2338
0
0
0
0
0
0
0
0
0
0
0
0
0
0
0
0
0
0
0
0
0
0
0
0
0
0
0
0
0
0
0
0
0
0
0
0
0
0
0
0
0
0
0
0
0
0
0
0
0
0
0
0
0
-4.0142
0
0
0
0
0
0
0
0
0
0
0
0
0
0
0
0
0
0
0
0
0
0
0
0
0
0
0
0
0
0
0
0
0
0
0
0
0
0
0
0
0
0
0
0
0
0
0
0
0
0
0
0
0
0
0
0
0
0
4.0142
0
0
0
0
0
0
0
0
0
0
0
0
0
0
0
0
0
0
0
0
0
0
0
0
0
0
0
0
0
0
0
0
0
0
0
0
0
0
0
0
0
0
0
0
0
0
0
0
0
0
0
-4.5539
0
0
0
0
0
0
0
0
0
0
0
0
0
0
0
0
0
0
0
0
0
0
0
0
0
0
0
0
0
0
0
0
0
0
0
0
0
0
0
0
0
0
0
0
0
0
0
0
0
0
0
0
0
0
0
0
0
0
0
0
4.5539
