1
0.94738
0.93738
0.9323
0.92835
0.925
0.9231
0.92099
0.91897
0.91522
0.91192
0.90904
0.90631
0.90378
0.90141
0.89929
0.89728
0.89545
0.89378
0.89224
0.89081
0.88948
0.88822
0.88702
0.88588
0.8848
0.88379
0.88287
0.88205
0.88133
0.88073
0.88023
0.87981
0.87947
0.87922
0.87909
0.87909
0.87922
0.87951
0.87993
0.88046
0.88106
0.88161
0.882
0.88205
0.88159
0.88046
0.87859
0.8761
0.8733
0.87054
0.86806
0.8659
0.86405
0.86246
0.86107
0.85984
0.85871
0.85766
0.85668
0.85576
0.8549
0.85411
0.85337
0.8527
0.85207
0.8515
0.85097
0.85048
0.85003
0.84961
0.84924
0.8489
0.84861
0.84837
0.84818
0.84803
0.84794
0.8479
0.8479
0.84794
0.84802
0.84813
0.84828
0.84845
0.84865
0.84887
0.8491
0.84934
0.8496
0.84987
0.85014
0.85043
0.85073
0.85103
0.85134
0.85165
0.85197
