1
0.9428
0.93109
0.92434
0.91953
0.91578
0.91304
0.91075
0.90887
0.90342
0.89845
0.89355
0.88883
0.88404
0.87948
0.87512
0.87102
0.86704
0.86328
0.8596
0.85609
0.8526
0.84918
0.8457
0.84223
0.83868
0.83514
0.83157
0.82811
0.82477
0.82161
0.81861
0.8157
0.8128
0.80985
0.80683
0.80375
0.80061
0.79745
0.7943
0.79121
0.78818
0.78521
0.7823
0.77946
0.77671
0.77406
0.77154
0.76913
0.7668
0.76452
0.76227
0.76005
0.75786
0.75572
0.75361
0.75148
0.74929
0.74696
0.74444
0.74173
0.73882
0.73571
0.73245
0.72909
0.72569
0.7223
0.71897
0.71571
0.7125
0.70933
0.70617
0.703
0.69981
0.6966
0.69339
0.69018
0.68698
0.68381
0.68069
0.67763
0.67466
0.6718
0.66906
0.66646
0.66396
0.66151
0.65905
0.65654
0.65396
0.65132
0.64862
0.64589
0.64315
0.64044
0.63778
0.63518
0.63265
