1
0.94263
0.93075
0.92352
0.91836
0.91415
0.91113
0.90864
0.90659
0.90071
0.89538
0.8906
0.88616
0.88205
0.87828
0.8748
0.8715
0.86829
0.86521
0.86213
0.85909
0.85596
0.85277
0.84941
0.84592
0.84227
0.83857
0.83486
0.83126
0.82779
0.8245
0.82133
0.81824
0.8152
0.81216
0.80913
0.80609
0.80303
0.79995
0.79688
0.79384
0.79087
0.78801
0.78526
0.78262
0.7801
0.77769
0.77538
0.77316
0.77101
0.76891
0.76686
0.76484
0.76287
0.76094
0.75905
0.7572
0.75536
0.75353
0.75171
0.7499
0.74809
0.74627
0.74445
0.74261
0.74077
0.73891
0.73702
0.73511
0.73316
0.73115
0.72908
0.72694
0.72472
0.72243
0.72008
0.7177
0.71532
0.71299
0.71071
0.70853
0.70642
0.70439
0.70244
0.70056
0.69875
0.69698
0.69526
0.69359
0.69194
0.69033
0.68874
0.68718
0.68564
0.68411
0.6826
0.6811
0.67962
