1
0.97568
0.96957
0.96519
0.96243
0.96006
0.95798
0.95616
0.95462
0.95145
0.94847
0.9458
0.9432
0.94299
0.9406
0.93836
0.93626
0.93424
0.93236
0.93055
0.92889
0.9273
0.9258
0.92431
0.92285
0.92139
0.91993
0.91847
0.91698
0.91549
0.91399
0.91247
0.91092
0.90936
0.90776
0.90616
0.90454
0.90293
0.90133
0.89974
0.89818
0.89664
0.89513
0.89365
0.8922
0.89078
0.88939
0.88803
0.88671
0.88541
0.88413
0.88289
0.88166
0.88044
0.87924
0.87806
0.8769
0.87576
0.87464
0.87354
0.87246
0.87139
0.87034
0.86932
0.86831
0.86732
0.86635
0.8654
0.86448
0.86357
0.86269
0.86182
0.86098
0.86016
0.85936
0.85857
0.85779
0.85703
0.85628
0.85554
0.85481
0.8541
0.8534
0.85271
0.85203
0.85136
0.8507
0.85005
0.84941
0.84879
0.84818
0.84759
0.84701
0.84645
0.8459
0.84537
0.84484
0.84432
0.8438
0.84328
0.84277
0.84225
0.84173
0.8412
0.84066
0.84011
0.83954
0.83894
0.83832
0.83766
0.83697
0.83624
0.83548
0.83467
0.83384
0.83297
0.83208
0.83117
0.83026
0.82934
0.82843
0.82753
0.82664
0.82576
0.8249
0.82405
0.82323
0.82243
0.82164
0.82088
0.82014
0.81942
0.81872
0.81804
0.81738
0.81673
0.8161
0.81548
0.81487
0.81427
0.81368
0.81309
0.81251
0.81194
0.81137
0.8108
0.81023
0.80967
0.80911
0.80855
0.808
0.80744
0.80689
0.80634
0.80579
0.80524
0.80469
