1
0.98048
0.97122
0.96301
0.95778
0.95344
0.95019
0.94737
0.94132
0.93575
0.93072
0.9261
0.92182
0.91786
0.91415
0.91064
0.90729
0.90411
0.90106
0.89816
0.89539
0.89275
0.89021
0.88776
0.88541
0.88314
0.88096
0.87888
0.8769
0.875
0.87317
0.87139
0.86964
0.86789
0.86612
0.86434
0.86255
0.86075
0.85895
0.85716
0.85538
0.85362
0.85189
0.85019
0.84854
0.84693
0.84537
0.84387
0.84241
0.841
0.83962
0.83827
0.83694
0.8356
0.83427
0.83292
0.83157
0.83021
0.82884
0.82746
0.82607
0.82468
0.82329
0.8219
0.82052
0.81914
0.81778
0.81643
0.81509
0.81378
0.81249
0.81122
0.80997
0.80875
0.80755
0.80637
0.8052
0.80405
0.80291
0.80178
0.80066
0.79955
0.79845
0.79736
0.79629
0.79523
0.79419
0.79316
0.79215
0.79116
0.79018
0.78923
0.78828
0.78734
0.78641
0.78548
0.78456
0.78364
0.78271
0.78178
0.78085
0.7799
0.77894
0.77796
0.77696
0.77594
0.77489
0.77383
0.77274
0.77162
0.77049
0.76933
0.76816
0.76697
0.76577
0.76455
0.76333
0.7621
0.76088
0.75966
0.75845
0.75725
0.75607
0.75491
0.75379
0.75269
0.75162
0.75058
0.74959
0.74862
0.74769
0.74679
0.74592
0.74507
0.74426
0.74346
0.7427
0.74195
0.74123
0.74054
0.73987
0.73922
0.73859
0.73799
0.73741
0.73685
0.73631
0.73579
0.73528
0.73478
0.73429
0.7338
0.73332
0.73283
0.73233
0.73184
0.73133
0.73081
0.73027
0.72973
0.72917
0.72859
0.72801
0.72742
0.72681
0.7262
0.72558
0.72496
0.72433
0.72371
0.72308
0.72246
0.72183
0.72121
0.7206
0.71999
0.71938
0.71879
0.7182
0.71762
0.71704
0.71648
0.71592
0.71537
0.71483
0.7143
0.71377
0.71326
0.71275
0.71225
0.71176
0.71128
0.71081
0.71035
0.70991
0.70947
