1
0.98265
0.97141
0.96316
0.95659
0.95109
0.94606
0.94196
0.93388
0.92646
0.91949
0.91308
0.90715
0.90179
0.89699
0.89277
0.88906
0.88565
0.88225
0.87857
0.8744
0.86969
0.86479
0.86013
0.85593
0.8522
0.84886
0.84585
0.84311
0.84058
0.83824
0.83604
0.83395
0.83196
0.83005
0.82821
0.82642
0.8247
0.82304
0.82143
0.81988
0.81839
0.81695
0.81557
0.81424
0.81297
0.81176
0.81061
0.80951
0.80846
0.80745
0.80649
0.80558
0.80471
0.80388
0.80309
0.80234
0.80163
0.80096
0.80034
0.79975
0.79919
0.79868
0.79819
0.79774
0.79733
0.79695
0.79662
0.79633
0.79608
0.79587
0.79571
0.79558
0.79549
0.79544
0.79543
0.79544
0.79549
0.79556
0.79566
0.79579
0.79594
0.79612
0.79631
0.79652
0.79675
0.79699
0.79724
0.7975
0.79776
0.79803
0.79831
0.7986
0.7989
0.7992
0.79951
0.79983
0.80015
0.80046
0.80076
0.80103
0.80127
0.80147
0.80162
0.80172
0.80177
0.80175
0.80165
0.80148
0.8012
0.80081
0.80029
0.7996
0.79873
0.79766
0.79639
0.79492
0.79331
0.79165
0.79003
0.78855
0.78727
0.78621
0.78536
0.78471
0.78424
0.7839
0.78367
0.78353
0.78347
0.78346
0.78351
0.78359
0.78372
0.78388
0.78406
0.78428
0.78451
0.78476
0.78503
0.78531
0.78559
0.78588
0.78617
0.78645
0.78674
0.78702
0.78729
0.78756
0.78782
0.78807
0.78831
0.78855
0.78879
0.78902
0.78924
0.78946
0.78968
0.78989
0.7901
0.79029
0.79049
0.79068
0.79086
0.79104
0.79121
0.79137
0.79154
0.79169
0.79184
0.79199
0.79213
0.79227
0.79239
0.79252
0.79263
0.79275
0.79285
0.79295
0.79304
0.79312
0.7932
0.79328
0.79335
0.79341
0.79347
0.79353
0.79358
0.79364
0.79369
0.79375
0.7938
0.79386
0.79392
0.79397
0.79403
