1
0.94546
0.93351
0.92404
0.9177
0.91469
0.9121
0.91021
0.90825
0.90747
0.90614
0.90579
0.9048
0.90307
0.89865
0.89477
0.8909
0.88707
0.88333
0.87974
0.87632
0.87312
0.87012
0.86738
0.86489
0.86258
0.8605
0.85859
0.85679
0.85506
0.85332
0.8516
0.84983
0.84805
0.84623
0.84435
0.84242
0.8405
0.83853
0.8366
0.83464
0.83273
0.83084
0.82896
0.82708
0.82525
0.82341
0.82163
0.81984
0.81812
0.81641
0.81478
0.81316
0.81164
0.81014
0.80873
0.80733
0.80602
0.80469
0.80342
0.80212
0.80085
0.79955
0.79828
0.79697
0.79569
0.79441
0.79317
0.79195
0.79079
0.78967
0.78863
0.78765
0.78676
0.78594
0.78521
0.78455
0.78397
0.78344
0.78298
0.78255
0.78215
0.78178
0.78143
0.7811
0.78078
0.78047
0.78016
