1
0.96358
0.95546
0.95039
0.94625
0.944
0.94191
0.94012
0.93831
0.93675
0.93258
0.92875
0.92517
0.92194
0.91889
0.91608
0.91335
0.91072
0.90808
0.90539
0.9026
0.89973
0.89684
0.89399
0.89125
0.88863
0.8861
0.88364
0.88128
0.879
0.87679
0.87465
0.87256
0.87051
0.8685
0.86648
0.86445
0.86238
0.86024
0.85803
0.85573
0.85334
0.85087
0.84836
0.84585
0.84336
0.84094
0.83858
0.83632
0.83414
0.83205
0.83004
0.82811
0.82626
0.82448
0.82277
0.82111
0.81948
0.8179
0.81634
0.81481
0.81329
0.81178
0.81028
0.80876
0.80724
0.8057
0.80413
0.80254
0.80092
0.79928
0.79761
0.79591
0.79419
0.79246
0.79071
0.78894
0.78717
0.78538
0.78357
0.78175
0.7799
0.77802
0.7761
0.77413
0.77211
0.77003
0.76791
0.76573
0.76353
0.76132
0.75912
0.75697
0.75487
0.75284
0.7509
0.74904
0.74726
0.74557
0.74394
0.74239
0.7409
0.73947
0.73809
0.73678
0.73552
0.73431
0.73315
0.73205
0.73099
0.72997
0.72899
0.72805
0.72714
0.72625
0.72539
0.72455
0.72373
0.72293
0.72214
0.72138
0.72062
0.71989
0.71916
0.71845
0.71776
0.71707
0.71639
0.71572
0.71506
0.71441
0.71377
0.71315
0.71254
