1
1.1828
1.2219
1.2745
1.3134
1.3455
1.4031
1.4554
1.5037
1.5481
1.5897
1.6286
1.6654
1.6998
1.7322
1.7623
1.7905
1.8168
1.8417
1.8652
1.8877
1.9093
1.9301
1.9502
1.9696
1.9885
2.0069
2.0248
2.0423
2.0595
2.0764
2.093
2.1092
2.125
2.1404
2.1552
2.1696
2.1835
2.197
2.2101
2.2228
2.2353
2.2474
2.2593
2.271
2.2825
2.2939
2.3051
2.3161
2.327
2.3377
2.3482
2.3585
2.3685
2.3784
2.3881
2.3976
2.4069
2.4161
2.4251
2.434
2.4427
2.4513
2.4598
2.4681
2.4763
2.4844
2.4924
2.5003
2.508
2.5156
2.5231
2.5304
2.5375
2.5445
2.5512
2.5579
2.5644
2.5709
2.5772
2.5834
2.5896
2.5957
2.6018
2.6078
2.6137
2.6196
2.6254
2.6311
2.6368
2.6423
2.6478
2.6532
2.6584
2.6636
2.6686
2.6736
2.6785
2.6833
2.6881
2.6927
2.6973
2.7018
2.7063
2.7107
2.715
2.7193
2.7236
2.7278
2.7319
2.736
2.7401
2.7441
2.7481
2.7521
2.756
2.7599
2.7638
2.7677
2.7716
2.7754
2.7792
2.7831
2.7869
2.7907
2.7945
2.7983
2.8021
2.8059
2.8097
2.8135
2.8173
2.8212
2.825
2.8289
2.8327
2.8366
2.8405
2.8444
2.8483
2.8522
2.8561
