1
0.97557
0.96711
0.96391
0.96126
0.95893
0.95676
0.95296
0.94927
0.94835
0.94493
0.94191
0.93887
0.93614
0.93339
0.93084
0.92831
0.92595
0.92361
0.92139
0.91917
0.91702
0.91488
0.91281
0.91077
0.90879
0.90685
0.90494
0.90303
0.90112
0.89921
0.8973
0.8954
0.89352
0.89165
0.88981
0.88802
0.8863
0.88468
0.88316
0.88175
0.88044
0.87926
0.87819
0.87721
0.87632
0.87549
0.8747
0.87395
0.87321
0.87246
0.87171
0.87094
0.87014
0.86931
0.86847
0.86761
0.86674
0.86586
0.86499
0.86412
0.86326
0.86241
0.86159
0.86079
0.86
0.85923
0.85845
0.85768
0.85692
0.85616
0.85542
0.85468
0.85397
0.85327
0.85259
0.85193
0.85129
0.85067
0.85007
0.84949
0.84892
0.84837
0.84783
0.8473
0.84677
0.84624
0.84571
0.84516
0.84461
0.84404
0.84346
0.84287
0.84227
0.84166
0.84102
0.84038
0.83971
0.83903
0.83832
0.8376
0.83685
0.83608
0.8353
0.83449
0.83366
0.83281
0.83194
0.83105
0.83014
0.82922
0.82828
0.82734
0.82639
0.82545
0.82451
0.82359
0.82269
0.82182
0.82098
0.82017
0.81941
0.81868
0.818
0.81736
0.81676
0.81619
0.81566
0.81516
0.81469
0.81425
0.81383
0.81343
0.81306
0.8127
0.81237
0.81205
0.81175
0.81146
0.81118
0.81091
0.81065
0.8104
0.81015
0.8099
0.80966
0.80941
0.80916
0.8089
0.80864
0.80838
0.80812
0.80785
0.80758
0.8073
0.80702
0.80674
0.80644
0.80614
0.80582
0.8055
0.80518
0.80484
0.80449
0.80414
0.80377
0.80339
0.803
0.80259
0.80218
0.80175
0.80132
0.80087
0.80041
0.79993
0.79945
0.79896
