1
1.0406
1.4031
1.4682
1.5066
1.5785
1.6402
1.6962
1.7472
1.793
1.8335
1.8689
1.9004
1.9295
1.9574
1.9848
2.0118
2.0383
2.0642
2.0894
2.1139
2.1378
2.1609
2.1834
2.2053
2.2265
2.2472
2.2672
2.2865
2.3053
2.3236
2.3413
2.3586
2.3755
2.3921
2.4084
2.4245
2.4403
2.4559
2.4713
2.4865
2.5015
2.5164
2.5312
2.5459
2.5606
2.5752
2.5897
2.6042
2.6186
2.6329
2.6472
2.6613
2.6754
2.6893
2.7031
2.7167
2.7301
2.7432
2.756
2.7684
2.7804
2.7919
2.8027
2.8131
2.8229
2.8323
2.8416
2.8507
2.8596
2.8683
2.8767
2.8848
2.8928
2.9008
2.909
2.9175
2.9261
2.935
2.9438
2.9528
2.9617
2.9705
2.9792
2.9878
2.9963
3.0045
3.0126
3.0205
3.0283
3.0358
3.0431
3.0503
3.0573
3.0641
3.0707
3.0772
3.0834
3.0895
3.0955
3.1012
3.1069
3.1124
3.1178
3.1231
3.1284
3.1336
3.1388
3.1439
3.149
3.1541
3.1591
3.1642
3.1692
3.1741
3.179
3.1839
3.1886
3.1934
3.1981
3.2027
3.2073
3.2118
3.2163
3.2207
3.225
3.2293
3.2336
3.2378
3.2419
3.246
3.25
3.2539
3.2578
3.2616
3.2654
3.2691
3.2728
3.2765
3.2801
3.2836
3.2871
3.2906
3.294
3.2974
3.3007
3.304
3.3073
3.3105
3.3136
3.3167
3.3198
3.3228
3.3258
3.3287
3.3316
3.3345
3.3373
3.3402
3.343
3.3458
3.3485
3.3513
3.3541
3.3568
3.3596
3.3624
3.3651
3.3679
3.3706
3.3733
3.3759
3.3786
3.3812
3.3837
3.3862
3.3887
3.391
3.3934
3.3957
3.398
3.4002
3.4024
3.4046
3.4067
3.4089
3.411
3.4131
3.4152
3.4173
3.4194
3.4215
3.4236
3.4257
3.4278
3.4299
3.4321
3.4342
3.4363
3.4385
3.4406
3.4428
3.4449
3.447
3.4492
3.4513
3.4534
3.4554
3.4575
3.4595
3.4616
3.4636
3.4656
3.4675
3.4695
3.4714
3.4734
3.4753
3.4772
3.4791
3.481
3.4829
3.4848
3.4867
3.4886
3.4904
3.4923
3.4942
3.4961
3.4979
3.4998
3.5017
3.5035
3.5054
3.5072
3.5091
3.5109
3.5128
3.5146
3.5164
3.5182
3.52
3.5218
3.5236
3.5254
3.5271
3.5288
3.5306
3.5323
3.5339
3.5356
3.5372
3.5389
3.5404
3.542
3.5436
3.5451
3.5466
3.548
3.5495
3.5509
3.5523
3.5536
3.5549
3.5562
3.5575
3.5587
3.5599
3.561
3.5622
3.5633
3.5643
3.5654
3.5664
3.5674
3.5683
3.5693
3.5702
3.5711
3.572
3.5729
3.5737
3.5746
3.5754
3.5762
3.577
3.5778
3.5785
3.5793
3.5801
3.5808
3.5815
3.5823
3.583
3.5838
3.5845
3.5852
3.5859
3.5867
3.5874
3.5881
3.5888
3.5896
3.5903
3.591
3.5918
3.5925
3.5933
3.594
3.5948
3.5955
3.5963
3.597
3.5978
3.5986
3.5994
3.6002
3.601
3.6018
3.6026
3.6034
3.6042
3.605
3.6058
3.6066
3.6075
3.6083
3.6091
3.61
3.6108
3.6116
3.6125
3.6133
3.6142
3.615
3.6158
3.6167
3.6175
3.6183
3.6192
3.62
3.6208
3.6216
3.6224
3.6232
3.624
3.6248
3.6256
3.6263
3.6271
3.6279
3.6286
3.6294
3.6301
3.6308
3.6316
3.6323
3.633
3.6337
3.6344
3.6351
3.6358
3.6365
3.6371
3.6378
3.6385
3.6391
3.6398
3.6405
3.6411
3.6418
3.6424
3.643
3.6437
3.6443
3.6449
3.6456
3.6462
3.6468
3.6474
3.6481
3.6487
3.6493
3.6499
3.6505
3.6511
3.6517
3.6523
3.6529
3.6535
3.6541
3.6547
3.6553
3.6559
3.6565
3.6571
3.6577
3.6583
3.6589
3.6595
3.6601
3.6607
3.6613
3.6619
3.6625
3.6632
3.6638
3.6644
3.665
3.6656
3.6662
3.6668
3.6674
3.668
3.6686
3.6692
3.6698
3.6704
3.671
3.6716
3.6722
3.6728
3.6734
3.674
3.6746
3.6752
3.6758
3.6764
3.677
3.6776
3.6782
3.6788
3.6794
3.68
3.6805
3.6811
3.6817
3.6823
3.6828
3.6834
3.6839
3.6845
3.685
3.6855
3.6861
3.6866
3.6871
3.6875
3.688
3.6885
3.6889
3.6893
3.6898
3.6902
3.6905
3.6909
3.6913
3.6916
3.6919
3.6922
3.6925
3.6928
3.6931
3.6933
3.6935
3.6938
3.6939
3.6941
3.6943
3.6945
3.6946
3.6947
3.6949
3.695
3.6951
3.6951
3.6952
3.6953
3.6953
3.6954
3.6954
3.6954
3.6954
3.6954
3.6954
3.6954
3.6954
3.6953
3.6953
3.6953
3.6952
3.6952
3.6951
3.695
3.695
3.6949
3.6948
3.6947
3.6946
3.6945
3.6944
3.6943
3.6942
3.6941
3.694
3.6939
3.6937
3.6936
3.6935
3.6933
3.6932
3.693
3.6929
3.6927
3.6926
3.6924
3.6922
3.692
3.6918
3.6916
3.6914
3.6912
3.691
3.6908
3.6905
3.6903
3.6901
3.6898
3.6896
3.6893
3.689
3.6888
3.6885
3.6882
3.688
3.6877
3.6874
3.6871
3.6868
3.6865
3.6862
3.6859
3.6856
3.6852
3.6849
3.6846
3.6842
3.6838
3.6834
3.6831
3.6827
3.6823
3.6818
3.6814
3.681
3.6806
3.6801
3.6797
3.6792
3.6787
3.6783
3.6778
3.6773
3.6768
3.6763
3.6758
3.6753
3.6748
3.6743
3.6738
3.6733
3.6728
3.6723
3.6718
3.6713
3.6708
3.6703
3.6698
3.6693
3.6688
3.6683
3.6678
3.6673
3.6668
3.6663
3.6658
3.6653
3.6648
3.6643
3.6638
3.6633
3.6628
3.6623
3.6619
3.6614
3.6609
3.6604
3.66
3.6595
3.659
3.6586
3.6581
3.6576
3.6572
3.6567
3.6563
3.6558
3.6554
3.655
3.6545
3.6541
3.6537
3.6533
3.6528
3.6524
3.652
3.6516
3.6512
3.6508
3.6504
3.65
3.6496
3.6492
3.6488
3.6484
3.6481
3.6477
3.6473
3.6469
3.6466
3.6462
3.6459
3.6455
3.6452
3.6448
3.6445
3.6441
3.6438
