1
0.96285
0.95622
0.95171
0.94967
0.9481
0.94709
0.94593
0.94523
0.94437
0.94387
0.9433
0.94291
0.9425
0.94218
0.94187
0.93957
0.93746
0.93554
0.93373
0.93203
0.93038
0.92878
0.92719
0.92562
0.92406
0.92254
0.92106
0.91964
0.91828
0.91698
0.91576
0.9146
0.91351
0.91247
0.91148
0.91054
0.90965
0.9088
0.90798
0.9072
0.90645
0.90572
0.905
0.9043
0.90361
0.90292
0.90223
0.90154
0.90083
0.90011
0.89936
0.89859
0.89779
0.89697
0.89612
0.89526
0.8944
0.89357
0.89278
0.89203
0.89133
0.89068
0.89008
0.88953
0.88901
0.88854
0.88809
0.88768
0.88729
0.88692
0.88657
0.88624
0.88593
0.88563
0.88535
0.88507
0.88481
0.88457
0.88433
0.8841
0.88389
0.88368
0.88348
0.8833
0.88311
0.88294
0.88276
0.8826
0.88243
0.88225
0.88208
0.88189
0.8817
0.88149
0.88127
0.88103
0.88076
0.88046
0.88013
0.87976
0.87935
0.87888
0.87837
0.8778
0.87718
0.87649
0.87574
0.87493
0.87405
0.87311
0.8721
0.87104
0.86991
0.86872
0.86747
0.86618
0.86483
0.86345
0.86203
0.86058
0.85912
0.85764
0.85616
0.85468
0.85321
0.85176
0.85032
0.8489
0.84749
0.8461
0.84471
0.84332
0.84193
0.84053
0.83912
0.83769
0.83625
0.83478
0.83331
0.83182
0.83033
0.82883
0.82734
0.82586
0.8244
0.82295
0.82153
0.82013
0.81875
0.81739
0.81606
0.81474
0.81346
0.81219
0.81094
0.80972
0.80851
0.80734
0.80618
0.80505
0.80395
0.80288
