1
0.96257
0.95524
0.95042
0.9481
0.94647
0.94537
0.94414
0.94335
0.94241
0.94182
0.94117
0.94072
0.94022
0.93985
0.93947
0.93683
0.93439
0.93217
0.93005
0.92804
0.92607
0.92415
0.92224
0.92037
0.91853
0.91676
0.91504
0.91341
0.91183
0.91032
0.90886
0.90746
0.90611
0.9048
0.90352
0.90229
0.90108
0.89989
0.89872
0.89755
0.89638
0.89519
0.89398
0.89273
0.89142
0.89004
0.88857
0.88699
0.88528
0.88345
0.88148
0.87941
0.87726
0.87509
0.87295
0.87086
0.86886
0.86695
0.86512
0.86337
0.86168
0.86005
0.85846
0.85691
0.85538
0.85387
0.85237
0.85088
0.84939
0.84789
0.84638
0.84486
0.84334
0.84181
0.84027
0.83873
0.8372
0.83567
0.83415
0.83266
0.83118
0.82971
0.82827
0.82685
0.82546
0.82408
0.82271
0.82136
0.82001
0.81868
0.81734
0.81601
0.81468
0.81334
0.81201
0.81068
0.80935
0.80803
0.80672
0.80541
0.80412
0.80285
0.80159
0.80035
0.79914
0.79794
0.79677
0.79562
0.7945
0.7934
0.79233
0.79127
0.79025
0.78924
0.78825
0.78728
0.78633
0.78539
0.78446
0.78354
0.78263
0.78172
0.78081
0.77991
0.779
0.77809
0.77717
0.77625
0.77531
0.77437
0.77342
0.77246
0.7715
0.77054
0.76957
0.76861
0.76766
0.76672
0.76578
0.76487
0.76397
0.76309
0.76223
0.76139
0.76058
0.75978
0.75901
0.75827
0.75755
0.75685
0.75617
0.75552
0.75489
0.75428
0.75368
0.75311
0.75256
0.75202
0.7515
0.751
0.75052
0.75005
