1
0.93399
0.9258
0.93398
0.9241
0.92971
0.9352
0.94078
0.9443
0.94763
0.95012
0.95219
0.95318
0.95471
0.9554
0.95642
0.95671
0.95719
0.95795
0.95837
0.95902
0.95944
0.95985
0.96001
0.95997
0.95965
0.95909
0.95839
0.95767
0.95705
0.95662
0.95642
0.95643
0.95665
0.95706
0.95763
0.95835
0.95919
0.96013
0.96115
0.96224
0.96338
0.96454
0.9657
0.96686
0.96798
0.96904
0.97001
0.97087
0.97158
0.97213
0.97247
0.97258
0.97246
0.97212
0.97156
0.97082
0.96996
0.96902
0.96802
0.967
0.96598
0.96498
0.96403
0.96315
0.96237
0.96171
0.96119
0.96081
0.96057
0.96046
0.96047
0.9606
0.96081
0.96111
0.96149
0.96192
0.96242
0.96296
0.96355
0.96418
0.96485
0.96555
0.96629
0.96706
0.96788
0.96873
0.96965
0.97062
0.97168
0.97285
0.97414
0.97561
0.97727
0.97918
0.98134
0.98373
0.98628
0.98886
0.99137
0.9937
0.99583
0.99772
0.9994
1.0009
1.0022
1.0033
1.0043
1.0052
1.0059
1.0067
1.0073
1.0079
1.0085
1.0091
1.0097
1.0103
1.0109
1.0116
1.0122
1.013
1.0137
1.0146
1.0156
1.0168
1.0181
1.0196
1.0212
1.023
1.0248
1.0265
1.0281
1.0296
1.0309
1.032
1.033
1.0339
1.0347
1.0354
1.036
1.0365
1.037
1.0374
1.0378
1.0381
1.0384
1.0387
1.039
1.0392
1.0395
1.0397
1.04
1.0402
1.0405
1.0408
1.0411
1.0415
1.0419
1.0424
1.043
1.0437
1.0444
1.0453
