1
0.97441
0.96135
0.95618
0.95237
0.94899
0.94613
0.94333
0.94135
0.9362
0.9316
0.93061
0.92998
0.92571
0.92184
0.91817
0.91484
0.91166
0.90873
0.90588
0.90324
0.90063
0.8982
0.89577
0.89351
0.89126
0.88914
0.88704
0.88498
0.88288
0.88077
0.87863
0.87649
0.87434
0.8722
0.87007
0.86798
0.86595
0.86399
0.86211
0.86032
0.85862
0.857
0.85546
0.85399
0.85259
0.85124
0.84995
0.8487
0.84751
0.84635
0.84522
0.84411
0.84302
0.84195
0.84087
0.8398
0.83874
0.83767
0.8366
0.83553
0.83446
0.83338
0.8323
0.83121
0.83011
0.82901
0.82789
0.82676
0.8256
0.82442
0.8232
0.82197
0.82071
0.81943
0.81814
0.81685
0.81557
0.8143
0.81306
0.81184
0.81065
0.80949
0.80836
0.80726
0.80618
0.80513
0.8041
0.8031
0.80212
0.80117
0.80025
0.79934
0.79846
0.7976
0.79676
0.79594
0.79514
0.79437
0.79361
0.79287
0.79215
0.79144
0.79074
0.79006
0.78938
0.78871
0.78804
0.78738
0.78672
0.78606
0.78542
0.78477
0.78413
0.7835
0.78287
0.78224
0.78161
0.78099
0.78037
0.77975
0.77913
0.77852
0.7779
0.77729
0.77668
0.77608
0.77548
0.77488
0.77429
0.77371
0.77313
0.77256
0.77199
0.77142
0.77085
0.77028
0.76972
0.76915
0.76857
