1
0.96287
0.95252
0.94695
0.94388
0.94117
0.94
0.93846
0.93767
0.93603
0.9356
0.935
0.93425
0.93333
0.93282
0.92975
0.92739
0.92499
0.92284
0.92065
0.91858
0.91649
0.91443
0.9124
0.91042
0.90856
0.90684
0.90529
0.9039
0.9026
0.90135
0.90008
0.89877
0.89739
0.89594
0.89441
0.89278
0.89105
0.88922
0.88729
0.88526
0.88317
0.88103
0.87886
0.87669
0.87453
0.87241
0.87034
0.86831
0.86635
0.86444
0.8626
0.86082
0.8591
0.85745
0.85585
0.85432
0.85284
0.85141
0.85004
0.84871
0.84742
0.84616
0.84492
0.84371
0.84251
0.84131
0.84012
0.83893
0.83773
0.83655
0.83537
0.8342
0.83304
0.8319
0.83078
0.82967
0.82857
0.8275
0.82642
0.82535
0.82429
0.82322
0.82214
0.82106
0.81997
0.81886
0.81774
0.81661
0.81547
0.81431
0.81315
0.81197
0.81079
0.80959
0.80839
0.80718
0.80597
0.80475
0.80353
0.80231
0.80109
0.79988
0.79867
0.79746
0.79627
0.79509
0.79393
0.79278
0.79165
0.79054
0.78945
0.78839
0.78734
0.78632
0.78533
0.78436
0.78342
0.78251
