1
0.96043
0.9507
0.9439
0.93986
0.9359
0.93304
0.93008
0.92792
0.92546
0.92365
0.92191
0.92034
0.91911
0.91795
0.9128
0.9079
0.90339
0.89916
0.89525
0.89154
0.88801
0.88461
0.88134
0.87819
0.87516
0.87223
0.86939
0.86663
0.86394
0.86131
0.85872
0.85616
0.8536
0.85102
0.8484
0.84571
0.84291
0.84
0.83697
0.83383
0.83061
0.82733
0.82403
0.82071
0.8174
0.81409
0.81081
0.80756
0.80435
0.80118
0.79808
0.79504
0.79208
0.78918
0.78637
0.78362
0.78096
0.77836
0.77584
0.7734
0.77103
0.76874
0.76652
0.76437
0.76229
0.76028
0.75833
0.75645
0.75462
0.75285
0.75113
0.74945
0.74782
0.74624
0.74469
0.74317
0.74169
0.74024
0.73881
0.73742
0.73606
0.73472
0.73341
0.73212
0.73086
0.72962
0.72839
0.72718
0.72598
0.7248
0.72362
0.72245
0.72129
0.72013
0.71897
0.71781
0.71665
0.71549
0.71433
0.71317
0.71201
0.71086
0.7097
0.70855
0.70741
0.70626
0.70512
0.70398
0.70284
0.70171
0.70057
0.69944
0.6983
0.69715
0.696
0.69484
0.69367
0.6925
