1
0.96675
0.95106
0.9414
0.93425
0.92894
0.92453
0.92124
0.91839
0.91623
0.90901
0.90261
0.89676
0.89146
0.88653
0.88192
0.87756
0.87342
0.86944
0.86561
0.86181
0.858
0.85405
0.84998
0.84576
0.84151
0.83727
0.83316
0.82916
0.82536
0.82174
0.81832
0.8151
0.81206
0.80919
0.80649
0.80393
0.80149
0.79917
0.79696
0.79484
0.7928
0.79085
0.78897
0.78716
0.78541
0.78372
0.78207
0.78046
0.77888
0.77734
0.77583
0.77435
0.77288
0.77143
0.77
0.76857
0.76715
0.76572
0.76428
0.76283
0.76136
0.75988
0.75838
0.75688
0.75537
0.75386
0.75237
0.75089
0.74943
0.74799
0.74659
0.74521
0.74386
0.74254
0.74125
0.73998
0.73874
0.73751
0.73632
0.73514
0.73399
0.73286
0.73176
0.73069
0.72963
0.72859
0.72756
0.72654
0.72554
0.72456
0.72359
0.72265
0.72174
0.72085
0.71999
0.71915
0.71835
0.71758
0.71683
0.71612
0.71544
0.7148
0.71418
0.7136
0.71305
0.71253
0.71204
0.71157
0.71113
0.71071
0.71031
0.70992
0.70956
0.70922
0.7089
0.70859
0.7083
0.70803
0.70777
0.70753
0.7073
0.70708
0.70688
0.70669
0.70651
0.70634
0.70618
0.70603
0.70589
0.70576
0.70564
0.70553
0.70542
