1
0.97059
0.96121
0.95513
0.95058
0.94739
0.94372
0.94146
0.9392
0.93743
0.93616
0.93534
0.93424
0.93371
0.92974
0.92646
0.92352
0.92112
0.91892
0.917
0.91505
0.91324
0.91127
0.90934
0.90727
0.90526
0.90323
0.90123
0.8992
0.89719
0.89518
0.89319
0.8912
0.88924
0.8873
0.88539
0.88352
0.88169
0.87991
0.87819
0.87653
0.87491
0.87334
0.87183
0.87037
0.86895
0.86758
0.86626
0.86499
0.86376
0.86257
0.86142
0.8603
0.85922
0.85816
0.85712
0.85611
0.85512
0.85414
0.85318
0.85224
0.8513
0.85038
0.84946
0.84856
0.84766
0.84677
0.84589
0.84501
0.84414
0.84326
0.84239
0.84152
0.84064
0.83977
0.83889
0.838
0.83711
0.83622
0.83531
0.8344
0.83348
0.83255
0.83161
0.83066
0.8297
0.82873
0.82775
0.82676
0.82577
0.82479
0.8238
0.82282
0.82184
0.82088
0.81993
0.81899
0.81807
0.81717
0.81629
0.81543
0.81459
0.81377
0.81297
0.81219
0.81143
0.81069
0.80997
0.80927
0.80858
0.80792
0.80727
0.80665
0.80604
0.80546
0.80489
0.80434
0.80381
0.80329
0.80279
0.80231
0.80184
0.80138
0.80094
0.80052
0.8001
0.7997
0.79931
0.79892
0.79855
0.79819
0.79783
0.79749
0.79714
0.79681
0.79648
0.79616
0.79585
0.79554
0.79523
0.79493
0.79464
0.79435
0.79406
0.79378
