1
0.97284
0.96549
0.96122
0.9579
0.95575
0.95317
0.9512
0.94918
0.94756
0.94595
0.94501
0.94371
0.94287
0.93975
0.93699
0.93431
0.93188
0.92941
0.92716
0.92484
0.9227
0.92036
0.91815
0.91596
0.91392
0.91193
0.91003
0.90816
0.90634
0.90456
0.90282
0.9011
0.89942
0.89775
0.8961
0.89449
0.8929
0.89134
0.88982
0.88832
0.88684
0.8854
0.88397
0.88257
0.88119
0.87983
0.87848
0.87716
0.87585
0.87457
0.8733
0.87206
0.87085
0.86966
0.8685
0.86737
0.86626
0.86518
0.86413
0.8631
0.8621
0.86111
0.86014
0.85919
0.85825
0.85732
0.8564
0.8555
0.85459
0.8537
0.85281
0.85192
0.85103
0.85015
0.84927
0.8484
0.84753
0.84667
0.84582
0.84496
0.84411
0.84327
0.84243
0.8416
0.84077
0.83994
0.83913
0.83832
0.83752
0.83673
0.83594
0.83517
0.8344
0.83365
0.83291
0.83218
0.83146
0.83075
0.83006
0.82937
0.8287
0.82804
0.82738
0.82673
0.82609
0.82546
0.82483
0.82421
0.82359
0.82299
0.82239
0.82179
0.82121
0.82063
0.82006
0.8195
0.81895
0.8184
0.81787
0.81733
0.81681
0.8163
0.81579
0.81529
0.8148
0.81431
0.81383
0.81336
0.81289
0.81243
0.81198
0.81153
0.81109
0.81065
0.81022
0.80979
0.80938
0.80896
0.80856
0.80815
0.80776
0.80737
0.80698
0.8066
