1
0.56267
0.30899
0.23057
0.3715
0.24044
0.60823
0.32122
0.53224
0.40193
0.60375
0.38566
0.60478
0.45742
0.57446
0.45372
0.55988
0.45213
0.56577
0.46348
0.56967
0.48706
0.57263
0.51462
0.56675
0.53937
0.57301
0.56513
0.58177
0.58073
0.58662
0.586
0.58832
0.58839
0.59017
0.5914
0.59377
0.59626
0.59946
0.60284
0.60648
0.61013
0.61374
0.61715
0.62028
0.62305
0.62547
0.6276
0.62954
0.63141
0.63329
0.63525
0.63734
0.63957
0.64197
0.64451
0.64719
0.64997
0.65283
0.65574
0.65869
0.66167
0.66466
0.66767
0.67067
0.67367
0.67664
0.67956
0.68241
0.68519
0.68788
0.69053
0.69316
0.69582
0.69851
0.70126
0.70405
0.70689
0.70975
0.71265
0.71556
0.71849
0.72143
0.72437
0.72731
0.73025
0.73319
0.73611
0.73903
0.74193
0.74481
0.74768
0.75051
0.75332
0.75608
0.7588
0.76147
0.76407
0.76659
0.76904
0.77141
0.77369
0.77592
0.7781
0.78026
0.78241
0.78456
0.78672
0.78889
0.79107
0.79325
0.79544
0.79763
0.79981
0.802
0.80417
0.80633
0.80848
0.81061
0.81272
0.8148
0.81685
0.81886
0.82084
0.82277
0.82466
0.82653
0.82839
0.83024
0.83211
0.83401
0.83593
0.83788
0.83986
0.84185
0.84387
0.84589
0.84791
0.84994
0.85195
0.85396
0.85595
0.85792
0.85986
0.86178
