1
0.98317
0.97512
0.96973
0.9658
0.96276
0.96007
0.95794
0.956
0.95444
0.95291
0.95173
0.95057
0.9496
0.94865
0.9445
0.94056
0.93684
0.93333
0.93004
0.92693
0.92403
0.92131
0.91876
0.91635
0.91409
0.91195
0.90992
0.90799
0.90615
0.90439
0.9027
0.90109
0.89953
0.89804
0.89659
0.89519
0.89383
0.89251
0.89123
0.88997
0.88874
0.88754
0.88636
0.8852
0.88407
0.88295
0.88184
0.88076
0.87968
0.87862
0.87757
0.87653
0.8755
0.87448
0.87346
0.87245
0.87144
0.87044
0.86943
0.86843
0.86742
0.86641
0.8654
0.86438
0.86335
0.86232
0.86128
0.86023
0.85917
0.85811
0.85704
0.85597
0.8549
0.85383
0.85276
0.85169
0.85063
0.84957
0.84852
0.84747
0.84642
0.84538
0.84434
0.8433
0.84228
0.84128
0.8403
0.83935
0.83843
0.83754
0.8367
0.83589
0.83513
0.83441
0.83372
0.83307
0.83246
0.83188
0.83133
0.83081
0.83032
0.82985
0.82941
0.82899
0.82859
0.82821
0.82785
0.82751
0.82719
0.82688
0.82659
0.82632
0.82606
0.82581
0.82557
0.82534
0.82511
0.82489
0.82467
0.82446
0.82424
0.82402
0.8238
0.82358
0.82335
0.82313
0.82289
0.82266
0.82242
0.82217
0.82192
0.82167
0.82141
0.82115
0.82088
0.82061
0.82032
0.82004
0.81975
0.81944
0.81914
0.81882
0.8185
0.81817
0.81784
0.8175
0.81716
0.81681
0.81646
0.8161
0.81574
0.81537
0.815
0.81463
0.81426
0.81388
0.8135
0.81312
0.81273
0.81235
0.81196
0.81157
0.81119
0.8108
0.8104
0.81001
0.80962
0.80923
0.80883
0.80843
0.80803
0.80763
0.80723
0.80682
0.80641
0.80599
0.80557
0.80515
0.80472
0.80429
0.80386
0.80342
0.80298
0.80254
0.8021
0.80165
0.8012
0.80074
0.80029
0.79983
0.79937
0.79891
0.79844
0.79798
0.7975
0.79703
0.79655
0.79606
0.79558
0.79508
0.79459
0.79409
0.79358
0.79307
0.79255
0.79203
0.7915
0.79097
0.79043
0.78989
0.78933
0.78878
0.78821
0.78764
0.78706
0.78647
0.78588
0.78529
0.78468
0.78408
0.78347
0.78286
0.78225
0.78164
0.78103
0.78042
0.77982
0.77923
0.77865
0.77807
0.77751
0.77695
0.77641
0.77588
0.77536
0.77485
0.77435
0.77387
0.7734
0.77294
0.77249
0.77205
0.77163
0.77121
0.7708
0.77041
0.77002
0.76964
0.76926
0.76889
0.76853
0.76817
0.76782
0.76747
0.76712
0.76677
0.76642
0.76608
