1
0.98215
0.97284
0.96644
0.96183
0.95825
0.95528
0.95292
0.95093
0.94935
0.94799
0.94693
0.94599
0.94525
0.94459
0.94024
0.93627
0.93265
0.9293
0.92622
0.92332
0.9206
0.91802
0.91554
0.91316
0.91084
0.90858
0.90637
0.90421
0.9021
0.90005
0.89807
0.89616
0.89433
0.89257
0.89087
0.88923
0.88765
0.88611
0.88461
0.88314
0.88171
0.88029
0.87889
0.87749
0.87611
0.87472
0.87333
0.87193
0.87052
0.86909
0.86765
0.86619
0.86472
0.86323
0.86173
0.86023
0.85872
0.85723
0.85574
0.85427
0.85283
0.85142
0.85004
0.8487
0.84739
0.84612
0.84488
0.84367
0.8425
0.84135
0.84023
0.83915
0.83808
0.83704
0.83602
0.83502
0.83404
0.83307
0.83211
0.83116
0.83022
0.82929
0.82837
0.82745
0.82654
0.82563
0.82472
0.82381
0.82291
0.82202
0.82113
0.82025
0.81938
0.81852
0.81767
0.81683
0.81601
0.81519
0.81439
0.8136
0.81283
0.81206
0.8113
0.81055
0.80981
0.80908
0.80835
0.80763
0.80691
0.80619
0.80547
0.80474
0.80402
0.80329
0.80255
0.8018
0.80104
0.80026
0.79948
0.79868
0.79786
0.79704
0.7962
0.79535
0.79449
0.79363
0.79276
0.79187
0.79099
0.79009
0.78919
0.78829
0.78738
0.78646
0.78553
0.78459
0.78365
0.78269
0.78172
0.78073
0.77973
0.77872
0.77769
0.77665
0.7756
0.77454
0.77346
0.77238
0.7713
0.77021
0.76913
0.76805
0.76698
0.76592
0.76488
0.76386
0.76286
0.76188
0.76093
0.76001
0.75912
0.75825
0.75742
0.75662
0.75585
0.75511
0.75441
0.75373
0.75308
0.75246
0.75187
0.75131
0.75077
0.75026
0.74978
0.74932
0.74888
0.74846
0.74807
0.74769
0.74733
0.74699
0.74667
0.74636
0.74606
0.74578
0.74551
0.74525
0.745
0.74476
0.74453
0.74431
0.7441
0.74389
0.74368
0.74348
0.74329
0.7431
0.74291
0.74272
0.74253
0.74235
0.74217
0.74198
0.7418
0.74162
0.74143
0.74124
0.74105
0.74086
0.74067
0.74047
0.74026
0.74005
0.73983
0.73961
0.73938
0.73914
0.7389
0.73864
0.73838
0.73811
0.73783
0.73755
0.73726
0.73696
0.73665
0.73634
0.73602
0.7357
0.73537
0.73505
0.73472
0.73439
0.73407
0.73374
0.73342
0.73311
0.7328
0.7325
0.73221
0.73193
0.73166
0.73141
0.73117
0.73094
0.73072
0.73052
0.73034
0.73016
0.73001
0.72987
0.72974
0.72962
0.72952
0.72943
0.72935
0.72928
