1
0.98078
0.96958
0.96536
0.96143
0.95862
0.9538
0.94967
0.94591
0.94259
0.93946
0.93663
0.93391
0.93139
0.92896
0.92666
0.92443
0.92229
0.92022
0.91821
0.91626
0.91436
0.91251
0.91069
0.9089
0.90715
0.90542
0.90372
0.90206
0.90043
0.89882
0.89725
0.89571
0.89421
0.89274
0.8913
0.88989
0.88851
0.88717
0.88586
0.88457
0.88331
0.88208
0.88087
0.87969
0.87852
0.87738
0.87626
0.87516
0.87407
0.87301
0.87196
0.87092
0.8699
0.8689
0.86791
0.86693
0.86597
0.86502
0.86407
0.86314
0.86222
0.86132
0.86042
0.85953
0.85865
0.85777
0.85691
0.85605
0.85521
0.85437
0.85353
0.8527
0.85188
0.85106
0.85024
0.84943
0.84862
0.84781
0.84701
0.84621
0.84541
0.84462
0.84383
0.84305
0.84227
0.8415
0.84073
0.83997
0.83922
0.83847
0.83772
0.83699
0.83626
0.83554
0.83483
0.83413
0.83343
0.83273
0.83204
0.83136
0.83067
0.82999
0.82931
0.82864
0.82796
0.82729
0.82662
0.82595
0.82529
0.82463
0.82398
0.82333
0.82268
0.82203
0.82139
0.82075
0.82012
0.81948
0.81885
0.81821
0.81758
0.81694
0.8163
0.81566
0.81502
0.81437
0.81372
0.81306
0.8124
0.81173
0.81106
0.81038
0.8097
0.80901
0.80832
0.80762
0.80692
0.80622
0.80552
0.80481
0.8041
0.80339
0.80268
0.80196
0.80125
0.80054
0.79983
0.79912
0.79841
0.7977
0.79699
0.79629
0.79558
0.79488
0.79418
0.79349
0.7928
0.79211
0.79142
0.79074
0.79006
0.78939
0.78872
0.78805
0.78738
0.78672
0.78607
0.78542
0.78477
0.78413
0.78349
