1
0.97247
0.96572
0.96123
0.95822
0.95563
0.95337
0.94896
0.94739
0.94615
0.94494
0.94389
0.94294
0.94216
0.94155
0.93796
0.93452
0.93126
0.92813
0.92514
0.9223
0.91955
0.91693
0.91438
0.91193
0.90953
0.90723
0.90499
0.90283
0.90073
0.8987
0.8967
0.89475
0.89283
0.89094
0.88908
0.88725
0.88543
0.88363
0.88183
0.88004
0.87824
0.87643
0.87461
0.87279
0.87096
0.86912
0.86727
0.86542
0.86357
0.86173
0.85988
0.85804
0.85621
0.85438
0.85257
0.85077
0.84899
0.84723
0.84549
0.84378
0.84209
0.84043
0.83879
0.83719
0.83561
0.83406
0.83253
0.83102
0.82954
0.82807
0.82663
0.8252
0.82379
0.82239
0.82101
0.81965
0.8183
0.81696
0.81564
0.81434
0.81305
0.81178
0.81053
0.8093
0.80808
0.80688
0.8057
0.80453
0.80338
0.80225
0.80113
0.80002
0.79893
0.79786
0.79679
0.79574
0.7947
0.79367
0.79265
0.79164
0.79063
0.78964
0.78866
0.78769
0.78672
0.78576
0.7848
0.78386
0.78291
0.78198
0.78104
0.78012
0.77919
0.77827
0.77734
0.77642
0.77551
0.77459
0.77367
0.77275
0.77183
0.77091
0.76999
0.76907
0.76814
0.76721
0.76628
0.76535
0.76441
0.76347
0.76252
0.76157
0.76062
0.75966
0.7587
0.75774
0.75677
0.7558
0.75482
0.75385
0.75287
0.75188
0.7509
0.74992
0.74893
0.74795
0.74697
0.746
0.74503
0.74406
0.7431
0.74215
0.74121
0.74027
0.73935
0.73844
0.73753
0.73664
0.73576
0.73489
0.73403
0.73318
0.73235
0.73152
0.7307
0.72989
0.7291
0.72831
0.72753
0.72675
0.72599
0.72523
0.72448
0.72373
0.723
0.72227
0.72154
0.72082
0.72011
0.71941
0.71871
0.71801
0.71732
0.71664
0.71596
