1
0.97486
0.96735
0.963
0.96007
0.95775
0.95574
0.95191
0.95063
0.94946
0.94856
0.94767
0.94697
0.94607
0.94543
0.94227
0.93927
0.9364
0.93361
0.93091
0.9283
0.92573
0.92325
0.92081
0.91846
0.91614
0.91389
0.91169
0.90955
0.90744
0.90537
0.90333
0.90132
0.89932
0.89736
0.89543
0.89354
0.89169
0.88987
0.8881
0.88638
0.88469
0.88305
0.88146
0.87992
0.87843
0.87698
0.87558
0.87421
0.87288
0.87157
0.87028
0.86901
0.86776
0.86651
0.86528
0.86405
0.86283
0.86162
0.86042
0.85923
0.85805
0.85689
0.85574
0.85461
0.8535
0.85241
0.85135
0.85031
0.8493
0.84832
0.84737
0.84645
0.84556
0.84472
0.84391
0.84314
0.8424
0.84171
0.84105
0.84042
0.83982
0.83924
0.83868
0.83814
0.83761
0.83709
0.83657
0.83604
0.83551
0.83497
0.83442
0.83386
0.83329
0.8327
0.83211
0.83151
0.83089
0.83027
0.82963
0.82899
0.82835
0.8277
0.82704
0.82638
0.82572
0.82506
0.8244
0.82373
0.82307
0.8224
0.82174
0.82109
0.82043
0.81978
0.81913
0.81848
0.81784
0.81721
0.81657
0.81595
0.81532
0.81471
0.81409
0.81349
0.81288
0.81229
0.81169
0.8111
0.81052
0.80994
0.80937
0.8088
0.80823
0.80767
0.80711
0.80655
0.806
0.80545
0.8049
0.80436
0.80381
0.80327
0.80273
0.8022
0.80166
0.80113
0.8006
0.80007
0.79954
0.79901
0.79848
0.79795
0.79743
0.7969
0.79638
0.79585
0.79533
0.7948
0.79428
0.79376
0.79324
0.79272
0.7922
0.79168
0.79116
0.79065
0.79013
0.78961
0.7891
0.78859
0.78807
0.78756
0.78705
0.78654
0.78603
0.78552
0.78502
0.78451
0.78401
0.78352
0.78302
0.78253
0.78204
0.78156
0.78108
