1
0.9775
0.9661
0.95973
0.95531
0.95165
0.94889
0.94625
0.94433
0.94274
0.94142
0.93674
0.93238
0.92834
0.92455
0.921
0.91762
0.91441
0.91133
0.90839
0.90558
0.90288
0.90028
0.89778
0.89536
0.89302
0.89075
0.88853
0.88636
0.88424
0.88216
0.88012
0.87812
0.87614
0.87419
0.87227
0.87037
0.8685
0.86665
0.86482
0.86301
0.86123
0.85946
0.85771
0.85599
0.85428
0.85261
0.85096
0.84933
0.84774
0.84617
0.84464
0.84313
0.84164
0.84019
0.83875
0.83734
0.83594
0.83457
0.8332
0.83186
0.83052
0.82918
0.82785
0.82652
0.82517
0.82381
0.82242
0.82102
0.81958
0.8181
0.81659
0.81504
0.81346
0.81184
0.8102
0.80855
0.80689
0.80524
0.80361
0.802
0.80043
0.79889
0.79739
0.79593
0.79452
0.79314
0.79181
0.79052
0.78927
0.78806
0.78688
0.78573
0.78463
0.78354
0.7825
0.78147
0.78047
0.7795
0.77855
0.77762
0.77671
0.77582
0.77494
0.77408
0.77324
0.7724
0.77158
0.77077
0.76997
0.76918
0.7684
0.76762
0.76685
0.76608
0.76532
0.76456
0.76381
0.76306
0.76231
0.76156
0.76081
0.76007
0.75932
0.75858
0.75783
0.75709
0.75635
0.7556
0.75486
0.75411
0.75337
0.75262
0.75187
0.75111
0.75036
0.7496
0.74884
0.74808
0.74732
0.74655
0.74578
0.745
0.74423
0.74344
0.74266
0.74187
0.74108
0.74028
0.73949
0.73868
0.73788
0.73707
0.73626
0.73545
