59.3352
-0.9044
-0.90252
-0.89662
-0.9163
-0.88009
-0.88336
-0.85888
-0.91167
-0.87799
-0.908
-0.87833
-0.926
-0.86218
-0.87306
-0.86642
-0.83761
-0.85446
-0.84855
-0.84779
-0.84123
-0.84328
-0.84091
-0.88238
-0.84288
-0.8801
-0.88896
-0.8344
-0.8537
-0.83638
-0.82938
-0.82985
-0.796
-0.82966
-0.82467
-0.85749
-0.86974
-0.85528
-0.8627
-0.84382
-0.83992
-0.8579
-0.8491
-0.86853
-0.86104
-0.87859
-0.84843
-0.86171
-0.79974
-0.8365
-0.8191
-0.91988
-0.82386
-1.0771
-1.0978
-1.5451
0
0
-1.9245
0
0
0
0
0
0
0
0
0
0
0
0
-2.5677
0
0
-2.6188
0
0
0
0
0
0
0
0
0
0
0
0
-3.7628
0
0
0
0
0
0
0
0
0
0
0
0
0
0
0
0
-0.9044
57.5977
-0.92497
-0.91901
-0.93773
-0.90348
-0.91036
-0.87978
-0.93687
-0.90285
-0.93441
-0.89999
-0.94934
-0.88583
-0.89452
-0.88924
-0.85928
-0.8777
-0.87181
-0.87062
-0.864
-0.86608
-0.86484
-0.90898
-0.86567
-0.91911
-0.915
-0.85695
-0.87713
-0.85883
-0.85181
-0.85228
-0.81774
-0.85208
-0.84724
-0.88108
-0.89264
-0.87797
-0.88386
-0.86648
-0.86286
-0.87994
-0.87277
-0.89203
-0.88383
-0.90038
-0.87106
-0.88492
-0.82376
-0.85893
-0.85252
-0.9426
-0.84519
-1.1011
-1.0766
-1.5545
0
0
-1.9452
0
0
0
-2.2514
0
0
0
0
0
0
0
0
0
0
0
0
0
0
0
0
0
0
0
0
0
0
0
0
0
0
0
0
0
-3.7262
0
0
0
0
0
0
0
0
0
0
0
-0.90252
-0.92497
56.4283
-0.91591
-0.93576
-0.90009
-0.9078
-0.87665
-0.93385
-0.89954
-0.93032
-0.89671
-0.94763
-0.88191
-0.89167
-0.88339
-0.85661
-0.87403
-0.86855
-0.86698
-0.86038
-0.86244
-0.86199
-0.90361
-0.86204
-0.91676
-0.91218
-0.84305
-0.87404
-0.8553
-0.84826
-0.84873
-0.81204
-0.84852
-0.84397
-0.87824
-0.88924
-0.8744
-0.88041
-0.86311
-0.85913
-0.87632
-0.86998
-0.88912
-0.88059
-0.89733
-0.86746
-0.8811
-0.82128
-0.85534
-0.8503
-0.93922
-0.84167
-1.0979
-1.1203
-1.5507
0
0
-1.9315
0
-1.9192
0
0
0
0
0
0
0
0
0
0
0
0
0
0
0
0
0
0
0
0
-3.0462
0
0
0
0
0
0
0
0
0
0
0
0
0
0
0
0
0
0
0
0
0
0
-0.89662
-0.91901
-0.91591
52.8161
-0.92907
-0.89199
-0.90081
-0.86898
-0.92904
-0.89332
-0.9255
-0.88935
-0.94446
-0.87528
-0.88433
-0.87845
-0.84911
-0.86679
-0.86113
-0.85979
-0.85318
-0.85525
-0.85394
-0.89689
-0.85485
-0.91372
-0.90792
-0.84667
-0.86665
-0.84811
-0.84118
-0.84164
-0.80896
-0.84145
-0.83656
-0.87021
-0.88213
-0.86719
-0.87449
-0.85621
-0.84923
-0.86951
-0.86193
-0.8826
-0.87306
-0.89124
-0.86028
-0.8708
-0.81296
-0.84821
-0.83764
-0.93171
-0.83612
-1.0851
-1.1123
-1.5524
-1.7072
0
-1.9376
0
0
0
0
0
0
0
0
0
0
0
0
0
0
0
0
0
0
0
0
0
0
0
0
0
0
0
0
0
0
0
0
0
0
0
0
0
0
0
0
0
0
0
0
0
-0.9163
-0.93773
-0.93576
-0.92907
61.0427
-0.91098
-0.91596
-0.89201
-0.94239
-0.9039
-0.93886
-0.90642
-0.96735
-0.8899
-0.90391
-0.89559
-0.867
-0.88201
-0.8776
-0.87715
-0.87053
-0.8726
-0.86915
-0.9055
-0.87219
-0.92014
-0.91063
-0.86119
-0.88238
-0.8654
-0.85834
-0.8588
-0.82667
-0.8586
-0.85332
-0.88597
-0.89914
-0.88456
-0.89113
-0.87286
-0.86871
-0.88902
-0.87737
-0.89831
-0.89031
-0.90795
-0.87765
-0.89066
-0.82681
-0.86543
-0.85837
-0.94978
-0.85096
-1.1083
-1.1366
0
0
0
0
0
0
0
0
0
0
0
0
0
0
0
0
0
0
0
0
0
0
0
0
0
0
0
0
0
0
-1.8533
0
0
0
0
0
0
0
0
-5.3421
0
0
-5.3421
0
0
0
0
0
0
-0.88009
-0.90348
-0.90009
-0.89199
-0.91098
50.8707
-0.88437
-0.85226
-0.8997
-0.87711
-0.90849
-0.87012
-0.92294
-0.85845
-0.8659
-0.86039
-0.83058
-0.84785
-0.84223
-0.84177
-0.83517
-0.83723
-0.83443
-0.88276
-0.83683
-0.89134
-0.88675
-0.82901
-0.84753
-0.82982
-0.82303
-0.8235
-0.79038
-0.82331
-0.81791
-0.85128
-0.86325
-0.84877
-0.85637
-0.83741
-0.83189
-0.85135
-0.843
-0.86385
-0.85412
-0.87325
-0.84191
-0.8533
-0.79312
-0.82981
-0.82117
-0.91275
-0.81808
-1.0643
-1.0921
-1.538
0
0
0
0
0
0
0
0
0
0
0
-2.6938
0
0
0
0
0
0
0
0
0
0
0
0
0
0
0
0
0
0
0
0
0
0
0
0
0
0
0
0
0
0
0
0
0
0
0
0
-0.88336
-0.91036
-0.9078
-0.90081
-0.91596
-0.88437
51.8064
-0.86281
-0.91593
-0.88354
-0.91521
-0.87758
-0.93079
-0.86498
-0.87459
-0.86746
-0.83759
-0.8553
-0.84984
-0.84846
-0.84185
-0.84392
-0.84158
-0.88537
-0.84351
-0.89797
-0.88706
-0.8361
-0.85562
-0.83647
-0.82961
-0.83007
-0.79713
-0.82987
-0.82532
-0.85827
-0.87035
-0.85556
-0.86351
-0.84431
-0.84059
-0.86009
-0.84981
-0.87018
-0.86195
-0.87424
-0.84854
-0.86242
-0.8
-0.83636
-0.83183
-0.91946
-0.82404
-1.0782
-1.1002
0
0
0
0
0
0
-2.1758
0
0
0
0
0
0
0
0
0
0
0
0
-2.6125
0
0
0
0
0
0
0
0
0
0
0
0
0
0
0
0
0
0
0
0
0
0
0
0
0
0
0
0
0
-0.85888
-0.87978
-0.87665
-0.86898
-0.89201
-0.85226
-0.86281
49.0059
-0.8885
-0.85209
-0.88881
-0.8522
-0.90261
-0.83253
-0.84862
-0.84162
-0.81225
-0.82987
-0.82414
-0.82331
-0.81671
-0.81879
-0.81672
-0.85488
-0.81837
-0.86989
-0.86482
-0.80991
-0.82957
-0.81105
-0.80437
-0.80483
-0.77211
-0.80463
-0.79946
-0.83276
-0.84436
-0.82981
-0.83655
-0.81876
-0.81455
-0.83187
-0.82462
-0.84476
-0.83558
-0.85281
-0.82296
-0.83608
-0.77606
-0.81092
-0.80481
-0.89309
-0.79851
-1.0485
-1.0714
-1.5051
0
0
-1.8881
0
0
0
0
0
0
0
0
0
0
0
0
0
0
0
0
0
0
0
0
0
0
0
0
0
0
0
0
0
0
0
0
0
0
0
0
0
0
0
0
0
0
0
0
0
-0.91167
-0.93687
-0.93385
-0.92904
-0.94239
-0.8997
-0.91593
-0.8885
54.2113
-0.90611
-0.93886
-0.90277
-0.95863
-0.88859
-0.89973
-0.89268
-0.86236
-0.8797
-0.87375
-0.87322
-0.8666
-0.86867
-0.86654
-0.91157
-0.86826
-0.92887
-0.9251
-0.86152
-0.8793
-0.86194
-0.85499
-0.85546
-0.8224
-0.85526
-0.8498
-0.88427
-0.89637
-0.88156
-0.88946
-0.87008
-0.8643
-0.88637
-0.87579
-0.89623
-0.87117
-0.90658
-0.87453
-0.88597
-0.82548
-0.86252
-0.83222
-0.94668
-0.85064
-1.0997
-1.1271
0
0
0
0
0
0
0
0
0
0
0
0
-2.727
0
0
0
0
0
-3.1465
0
0
0
0
0
0
0
0
0
0
0
0
0
0
0
0
0
0
0
0
0
0
0
0
0
0
0
0
0
0
-0.87799
-0.90285
-0.89954
-0.89332
-0.9039
-0.87711
-0.88354
-0.85209
-0.90611
49.9879
-0.90477
-0.86667
-0.92108
-0.85318
-0.86364
-0.85561
-0.8277
-0.84019
-0.83778
-0.83805
-0.83142
-0.8335
-0.83227
-0.87612
-0.83309
-0.8863
-0.88237
-0.82403
-0.84257
-0.82587
-0.81915
-0.81962
-0.78545
-0.81942
-0.81346
-0.84566
-0.85956
-0.84467
-0.85196
-0.8337
-0.82976
-0.849
-0.83715
-0.85904
-0.84954
-0.86987
-0.83773
-0.85156
-0.79206
-0.8256
-0.81979
-0.9087
-0.81535
-1.067
0
0
0
0
0
0
0
0
0
-2.1394
0
0
0
0
-0.19681
0
0
0
0
0
0
-2.2742
0
0
0
0
0
0
0
0
0
0
0
0
0
0
0
0
0
0
0
0
0
0
0
0
0
0
0
0
-0.908
-0.93441
-0.93032
-0.9255
-0.93886
-0.90849
-0.91521
-0.88881
-0.93886
-0.90477
55.7939
-0.9027
-0.95306
-0.8872
-0.89958
-0.8855
-0.86285
-0.87909
-0.87247
-0.87175
-0.86511
-0.86718
-0.86577
-0.90793
-0.86679
-0.92075
-0.90021
-0.85822
-0.87752
-0.85995
-0.8529
-0.85337
-0.81637
-0.85318
-0.84795
-0.88257
-0.88868
-0.87895
-0.88507
-0.86197
-0.86304
-0.88352
-0.87449
-0.89374
-0.88462
-0.90333
-0.87233
-0.88511
-0.82481
-0.86027
-0.85303
-0.94492
-0.84931
0
0
0
0
-1.8897
0
0
-1.9169
0
0
0
-2.3277
0
0
0
0
0
0
0
0
0
0
0
0
0
0
0
0
0
0
0
0
0
0
0
0
0
-3.6492
0
0
0
0
0
0
0
0
0
0
0
0
0
-0.87833
-0.89999
-0.89671
-0.88935
-0.90642
-0.87012
-0.87758
-0.8522
-0.90277
-0.86667
-0.9027
48.2987
-0.91745
-0.84784
-0.86671
-0.86067
-0.82719
-0.84664
-0.84096
-0.83919
-0.83253
-0.83461
-0.83231
-0.87154
-0.8342
-0.88244
-0.87804
-0.8282
-0.84806
-0.82663
-0.82001
-0.82047
-0.78791
-0.82027
-0.81535
-0.84871
-0.86065
-0.84578
-0.85307
-0.83467
-0.83039
-0.85017
-0.84033
-0.86234
-0.85162
-0.87004
-0.83887
-0.85208
-0.79079
-0.82671
-0.82307
-0.90937
-0.81435
-1.0657
-1.0882
0
0
0
0
0
0
0
0
0
0
0
0
0
0
0
0
0
0
0
0
0
0
0
0
0
0
0
0
0
-1.8198
0
0
0
0
0
0
0
0
0
0
0
0
0
0
0
0
0
0
0
-0.926
-0.94934
-0.94763
-0.94446
-0.96735
-0.92294
-0.93079
-0.90261
-0.95863
-0.92108
-0.95306
-0.91745
54.6896
-0.90297
-0.91406
-0.90695
-0.87669
-0.89474
-0.88859
-0.88778
-0.88111
-0.88319
-0.88118
-0.93365
-0.88278
-0.94332
-0.94414
-0.87505
-0.8939
-0.87587
-0.86892
-0.86939
-0.83505
-0.8692
-0.86379
-0.89795
-0.91055
-0.89528
-0.90271
-0.88412
-0.87949
-0.89978
-0.88938
-0.90934
-0.90051
-0.91994
-0.88822
-0.9015
-0.83939
-0.87595
-0.86815
-0.96022
-0.8641
-1.1175
-1.1375
0
0
0
0
0
0
0
0
0
0
0
0
0
0
0
0
0
0
0
0
0
0
0
0
0
0
0
0
0
0
0
0
0
0
0
0
0
0
0
0
0
0
0
0
0
0
0
0
-5.5344
-0.86218
-0.88583
-0.88191
-0.87528
-0.8899
-0.85845
-0.86498
-0.83253
-0.88859
-0.85318
-0.8872
-0.84784
-0.90297
49.9015
-0.84606
-0.83792
-0.81111
-0.82727
-0.82038
-0.82147
-0.81489
-0.81695
-0.81427
-0.85852
-0.81655
-0.8683
-0.86457
-0.80851
-0.81421
-0.80931
-0.80257
-0.80303
-0.76975
-0.80284
-0.78368
-0.83063
-0.84236
-0.82788
-0.83492
-0.81665
-0.81226
-0.8322
-0.82235
-0.84282
-0.83284
-0.8519
-0.82098
-0.83397
-0.77405
-0.80938
-0.80358
-0.89223
-0.79764
-1.0472
0
0
0
0
0
0
0
0
0
0
0
0
0
0
0
-2.3623
-3.0703
0
0
0
0
0
0
0
0
0
0
0
0
0
0
0
0
0
0
0
0
0
0
0
0
0
0
0
0
0
0
0
0
0
-0.87306
-0.89452
-0.89167
-0.88433
-0.90391
-0.8659
-0.87459
-0.84862
-0.89973
-0.86364
-0.89958
-0.86671
-0.91406
-0.84606
47.7913
-0.85647
-0.82322
-0.84239
-0.83698
-0.83527
-0.82861
-0.8307
-0.82854
-0.8689
-0.83029
-0.88006
-0.87574
-0.82362
-0.84414
-0.82276
-0.81615
-0.81661
-0.78419
-0.81641
-0.81148
-0.84473
-0.85658
-0.84176
-0.84873
-0.83083
-0.82644
-0.8439
-0.83648
-0.85732
-0.84766
-0.86556
-0.8349
-0.84808
-0.78745
-0.82281
-0.81701
-0.90535
-0.81113
-1.0609
-1.0849
-1.5198
0
0
0
0
0
0
0
0
0
0
0
0
0
0
0
0
0
0
0
0
0
0
0
0
0
0
0
0
0
0
0
0
0
0
0
0
0
0
0
0
0
0
0
0
0
0
0
0
-0.86642
-0.88924
-0.88339
-0.87845
-0.89559
-0.86039
-0.86746
-0.84162
-0.89268
-0.85561
-0.8855
-0.86067
-0.90695
-0.83792
-0.85647
47.3934
-0.81692
-0.83487
-0.8276
-0.82686
-0.82019
-0.82227
-0.81985
-0.86025
-0.82187
-0.8712
-0.86696
-0.81463
-0.83483
-0.81425
-0.80774
-0.80819
-0.77005
-0.808
-0.80246
-0.83649
-0.84777
-0.83317
-0.83928
-0.82202
-0.8171
-0.83738
-0.82835
-0.84786
-0.8384
-0.85689
-0.82628
-0.83851
-0.77939
-0.81417
-0.80724
-0.89678
-0.80305
0
0
0
0
-1.8383
0
0
-1.8576
0
0
0
0
0
0
0
0
0
0
0
0
0
0
0
0
0
0
0
0
0
0
0
0
0
0
0
0
0
0
0
0
0
0
0
0
0
0
0
0
0
0
0
-0.83761
-0.85928
-0.85661
-0.84911
-0.867
-0.83058
-0.83759
-0.81225
-0.86236
-0.8277
-0.86285
-0.82719
-0.87669
-0.81111
-0.82322
-0.81692
44.3007
-0.80311
-0.79812
-0.80125
-0.7943
-0.79648
-0.79008
-0.83418
-0.79604
-0.84523
-0.84097
-0.78513
-0.80486
-0.7861
-0.77981
-0.78027
-0.74617
-0.78008
-0.77357
-0.80605
-0.81799
-0.80401
-0.81084
-0.79282
-0.78848
-0.80791
-0.79805
-0.81805
-0.80911
-0.82697
-0.79701
-0.80961
-0.74975
-0.785
-0.77944
-0.86654
-0.77385
-1.021
-1.0444
0
0
0
0
0
0
0
0
0
0
0
0
0
0
0
0
0
0
0
0
0
0
0
0
0
0
0
0
0
0
0
0
0
0
0
0
0
0
0
0
0
0
0
0
0
0
0
0
0
-0.85446
-0.8777
-0.87403
-0.86679
-0.88201
-0.84785
-0.8553
-0.82987
-0.8797
-0.84019
-0.87909
-0.84664
-0.89474
-0.82727
-0.84239
-0.83487
-0.80311
46.234
-0.81567
-0.81513
-0.80845
-0.81054
-0.80671
-0.85022
-0.81013
-0.86093
-0.85635
-0.8005
-0.82568
-0.80206
-0.79565
-0.79611
-0.76242
-0.79591
-0.79013
-0.82298
-0.83492
-0.82056
-0.82754
-0.80944
-0.80521
-0.82464
-0.81483
-0.83546
-0.82567
-0.8442
-0.81357
-0.82659
-0.76621
-0.80153
-0.79604
-0.8838
-0.79028
-1.0392
0
0
0
0
0
0
0
0
0
-2.1128
0
0
0
0
0
0
0
0
0
0
0
0
0
0
0
0
0
0
0
0
0
0
0
0
0
0
0
0
0
0
0
0
0
0
0
0
0
0
0
0
-0.84855
-0.87181
-0.86855
-0.86113
-0.8776
-0.84223
-0.84984
-0.82414
-0.87375
-0.83778
-0.87247
-0.84096
-0.88859
-0.82038
-0.83698
-0.8276
-0.79812
-0.81567
45.846
-0.80961
-0.8029
-0.805
-0.80086
-0.84286
-0.80459
-0.84182
-0.84995
-0.79559
-0.79511
-0.79597
-0.78947
-0.78993
-0.75638
-0.78974
-0.78198
-0.81672
-0.82847
-0.81427
-0.82105
-0.80312
-0.7987
-0.81846
-0.80866
-0.82735
-0.81844
-0.83774
-0.80728
-0.81997
-0.76061
-0.79529
-0.78865
-0.87799
-0.78465
0
0
0
0
0
0
0
0
0
0
0
0
0
0
0
0
0
0
0
0
0
0
0
0
0
0
0
0
0
-3.1107
0
0
0
0
0
0
0
0
0
0
0
0
0
0
0
0
0
0
0
0
0
-0.84779
-0.87062
-0.86698
-0.85979
-0.87715
-0.84177
-0.84846
-0.82331
-0.87322
-0.83805
-0.87175
-0.83919
-0.88778
-0.82147
-0.83527
-0.82686
-0.80125
-0.81513
-0.80961
42.7253
-0.77753
-0.77994
-0.80336
-0.8425
-0.77945
-0.8532
-0.84884
-0.79413
-0.81329
-0.79266
-0.78861
-0.78909
-0.76824
-0.78889
-0.78562
-0.81914
-0.83092
-0.81536
-0.8232
-0.80499
-0.80039
-0.82023
-0.81063
-0.83296
-0.82194
-0.83963
-0.8087
-0.82195
-0.76197
-0.79701
-0.79174
-0.87849
-0.78524
0
0
0
0
0
0
0
0
0
0
0
0
0
0
0
0
0
0
0
0
0
0
0
0
0
0
0
0
0
0
0
0
0
0
0
0
0
0
0
0
0
0
0
0
0
0
0
0
0
0
0
-0.84123
-0.864
-0.86038
-0.85318
-0.87053
-0.83517
-0.84185
-0.81671
-0.8666
-0.83142
-0.86511
-0.83253
-0.88111
-0.81489
-0.82861
-0.82019
-0.7943
-0.80845
-0.8029
-0.77753
42.3814
-0.7722
-0.79651
-0.83595
-0.77172
-0.84666
-0.84232
-0.7877
-0.80685
-0.78641
-0.78226
-0.78275
-0.76145
-0.78255
-0.77883
-0.81214
-0.8239
-0.80858
-0.81627
-0.79812
-0.79358
-0.81334
-0.80372
-0.82574
-0.81497
-0.83263
-0.80188
-0.81504
-0.75525
-0.79023
-0.785
-0.87159
-0.77857
0
0
0
0
0
0
0
0
0
0
0
0
0
0
0
0
0
0
0
0
0
0
0
0
0
0
0
0
0
0
0
0
0
0
0
0
0
0
0
0
0
0
0
0
0
0
0
0
0
0
0
-0.84328
-0.86608
-0.86244
-0.85525
-0.8726
-0.83723
-0.84392
-0.81879
-0.86867
-0.8335
-0.86718
-0.83461
-0.88319
-0.81695
-0.8307
-0.82227
-0.79648
-0.81054
-0.805
-0.77994
-0.7722
42.489
-0.79866
-0.838
-0.77407
-0.84871
-0.84436
-0.78972
-0.80886
-0.78836
-0.78424
-0.78472
-0.7636
-0.78452
-0.78096
-0.81434
-0.82611
-0.81071
-0.81845
-0.80027
-0.79571
-0.8155
-0.80588
-0.82802
-0.81716
-0.83481
-0.80402
-0.8172
-0.75736
-0.79235
-0.78711
-0.87375
-0.78066
0
0
0
0
0
0
0
0
0
0
0
0
0
0
0
0
0
0
0
0
0
0
0
0
0
0
0
0
0
0
0
0
0
0
0
0
0
0
0
0
0
0
0
0
0
0
0
0
0
0
0
-0.84091
-0.86484
-0.86199
-0.85394
-0.86915
-0.83443
-0.84158
-0.81672
-0.86654
-0.83227
-0.86577
-0.83231
-0.88118
-0.81427
-0.82854
-0.81985
-0.79008
-0.80671
-0.80086
-0.80336
-0.79651
-0.79866
44.2487
-0.83441
-0.79824
-0.84582
-0.84184
-0.78807
-0.80886
-0.78831
-0.78219
-0.78266
-0.74904
-0.78246
-0.77628
-0.80974
-0.82036
-0.80656
-0.81424
-0.79528
-0.79109
-0.81064
-0.80193
-0.81938
-0.81189
-0.82983
-0.7999
-0.81213
-0.73924
-0.78727
-0.78279
-0.86934
0
0
0
0
0
0
0
0
0
0
0
0
0
0
0
0
0
0
0
0
0
0
0
0
0
0
-2.6485
0
0
0
0
0
0
0
0
0
0
0
0
0
0
0
0
0
0
0
0
0
0
0
0
0
-0.88238
-0.90898
-0.90361
-0.89689
-0.9055
-0.88276
-0.88537
-0.85488
-0.91157
-0.87612
-0.90793
-0.87154
-0.93365
-0.85852
-0.8689
-0.86025
-0.83418
-0.85022
-0.84286
-0.8425
-0.83595
-0.838
-0.83441
51.2004
-0.8376
-0.88497
-0.87696
-0.82869
-0.84775
-0.8303
-0.82366
-0.82412
-0.79107
-0.82392
-0.81828
-0.85092
-0.86359
-0.84966
-0.85623
-0.83783
-0.8342
-0.8538
-0.84252
-0.84955
-0.85559
-0.87273
-0.8427
-0.85596
-0.79254
-0.83104
0
-0.91419
0
0
0
0
0
0
0
0
0
0
0
0
0
0
0
0
0
0
0
0
0
0
0
0
0
0
0
0
0
0
0
-2.9917
0
0
0
0
0
0
0
0
0
0
0
0
0
0
0
0
0
0
-5.3313
0
-0.84288
-0.86567
-0.86204
-0.85485
-0.87219
-0.83683
-0.84351
-0.81837
-0.86826
-0.83309
-0.86679
-0.8342
-0.88278
-0.81655
-0.83029
-0.82187
-0.79604
-0.81013
-0.80459
-0.77945
-0.77172
-0.77407
-0.79824
-0.8376
42.4679
-0.84831
-0.84396
-0.78932
-0.80847
-0.78797
-0.78385
-0.78433
-0.76318
-0.78413
-0.78054
-0.81391
-0.82568
-0.81029
-0.81802
-0.79985
-0.79531
-0.81507
-0.80546
-0.82757
-0.81673
-0.83439
-0.8036
-0.81678
-0.75694
-0.79193
-0.7867
-0.87333
-0.78025
0
0
0
0
0
0
0
0
0
0
0
0
0
0
0
0
0
0
0
0
0
0
0
0
0
0
0
0
0
0
0
0
0
0
0
0
0
0
0
0
0
0
0
0
0
0
0
0
0
0
0
-0.8801
-0.91911
-0.91676
-0.91372
-0.92014
-0.89134
-0.89797
-0.86989
-0.92887
-0.8863
-0.92075
-0.88244
-0.94332
-0.8683
-0.88006
-0.8712
-0.84523
-0.86093
-0.84182
-0.8532
-0.84666
-0.84871
-0.84582
-0.88497
-0.84831
53.6201
-0.89592
-0.83908
-0.84444
-0.84092
-0.83374
-0.83422
-0.80032
-0.83402
-0.82687
-0.86085
-0.87386
-0.85945
-0.86598
-0.84799
-0.84392
-0.86375
-0.85245
-0.87203
-0.86447
-0.88311
-0.8526
-0.8658
-0.80337
-0.84086
0
0
0
0
0
0
0
0
0
0
0
0
0
0
0
0
0
0
0
0
0
0
0
0
0
0
0
0
0
0
0
0
-3.1757
0
0
0
0
-3.7388
0
0
0
0
0
0
0
0
0
0
0
0
0
-4.2396
0
0
-0.88896
-0.915
-0.91218
-0.90792
-0.91063
-0.88675
-0.88706
-0.86482
-0.9251
-0.88237
-0.90021
-0.87804
-0.94414
-0.86457
-0.87574
-0.86696
-0.84097
-0.85635
-0.84995
-0.84884
-0.84232
-0.84436
-0.84184
-0.87696
-0.84396
-0.89592
53.0729
-0.83331
-0.85377
-0.83661
-0.82952
-0.82999
-0.79692
-0.82979
-0.82417
-0.85712
-0.86907
-0.85515
-0.8613
-0.84326
-0.84007
-0.85928
-0.84884
-0.86917
-0.86137
-0.87233
-0.8483
-0.86198
-0.7996
-0.8365
0
0
0
0
0
0
0
0
0
0
0
-2.1468
0
0
0
0
0
0
0
0
0
0
0
0
0
0
0
0
0
0
0
0
0
0
0
0
0
0
0
0
-3.5949
0
0
0
0
-5.0618
0
0
0
0
0
0
0
0
-0.8344
-0.85695
-0.84305
-0.84667
-0.86119
-0.82901
-0.8361
-0.80991
-0.86152
-0.82403
-0.85822
-0.8282
-0.87505
-0.80851
-0.82362
-0.81463
-0.78513
-0.8005
-0.79559
-0.79413
-0.7877
-0.78972
-0.78807
-0.82869
-0.78932
-0.83908
-0.83331
45.1839
-0.80101
-0.78062
-0.77467
-0.77514
-0.74017
-0.77494
-0.76756
-0.79963
-0.81116
-0.79816
-0.80386
-0.78629
-0.78259
-0.80153
-0.79185
-0.81037
-0.8037
-0.81933
-0.79125
-0.80375
-0.74483
-0.77973
0
0
0
0
0
0
0
0
0
0
0
0
0
0
0
0
0
0
0
0
0
0
0
0
0
0
0
0
0
0
-2.6657
-2.9337
0
0
0
0
0
0
0
0
0
0
0
0
0
0
0
0
0
0
0
0
0
0
-0.8537
-0.87713
-0.87404
-0.86665
-0.88238
-0.84753
-0.85562
-0.82957
-0.8793
-0.84257
-0.87752
-0.84806
-0.8939
-0.81421
-0.84414
-0.83483
-0.80486
-0.82568
-0.79511
-0.81329
-0.80685
-0.80886
-0.80886
-0.84775
-0.80847
-0.84444
-0.85377
-0.80101
46.5793
-0.7997
-0.79324
-0.79371
-0.7606
-0.79351
-0.77059
-0.81997
-0.83168
-0.8176
-0.82413
-0.80636
-0.80205
-0.82174
-0.81192
-0.82969
-0.82206
-0.84137
-0.81069
-0.82375
-0.76487
-0.7996
0
0
0
0
0
0
0
0
0
0
0
0
0
0
0
0
0
0
0
0
-3.0165
0
0
0
0
0
0
0
0
0
0
0
-3.0839
0
0
0
0
0
0
0
0
0
0
0
0
0
0
0
0
0
0
0
0
0
-0.83638
-0.85883
-0.8553
-0.84811
-0.8654
-0.82982
-0.83647
-0.81105
-0.86194
-0.82587
-0.85995
-0.82663
-0.87587
-0.80931
-0.82276
-0.81425
-0.7861
-0.80206
-0.79597
-0.79266
-0.78641
-0.78836
-0.78831
-0.8303
-0.78797
-0.84092
-0.83661
-0.78062
-0.7997
40.5801
-0.78171
-0.78226
-0.7418
-0.78204
-0.77193
-0.8045
-0.81626
-0.80247
-0.80925
-0.79127
-0.78719
-0.80646
-0.79657
-0.81704
-0.80868
-0.82527
-0.7956
-0.8085
-0.74804
-0.78388
0
-0.86554
0
0
0
0
0
0
0
0
0
0
0
0
0
0
0
0
0
0
0
0
0
0
0
0
0
0
0
0
0
0
0
0
0
0
0
0
0
0
0
0
0
0
0
0
0
0
0
0
0
0
0
0
-0.82938
-0.85181
-0.84826
-0.84118
-0.85834
-0.82303
-0.82961
-0.80437
-0.85499
-0.81915
-0.8529
-0.82001
-0.86892
-0.80257
-0.81615
-0.80774
-0.77981
-0.79565
-0.78947
-0.78861
-0.78226
-0.78424
-0.78219
-0.82366
-0.78385
-0.83374
-0.82952
-0.77467
-0.79324
-0.78171
39.3605
-0.74672
-0.73714
-0.7465
-0.76602
-0.79935
-0.81068
-0.79578
-0.80332
-0.78526
-0.78094
-0.80037
-0.79077
-0.81278
-0.80295
-0.81943
-0.78932
-0.80251
-0.74208
-0.77758
0
0
0
0
0
0
0
0
0
0
0
0
0
0
0
0
0
0
0
0
0
0
0
0
0
0
0
0
0
0
0
0
0
0
0
0
0
0
0
0
0
0
0
0
0
0
0
0
0
0
0
0
0
0
-0.82985
-0.85228
-0.84873
-0.84164
-0.8588
-0.8235
-0.83007
-0.80483
-0.85546
-0.81962
-0.85337
-0.82047
-0.86939
-0.80303
-0.81661
-0.80819
-0.78027
-0.79611
-0.78993
-0.78909
-0.78275
-0.78472
-0.78266
-0.82412
-0.78433
-0.83422
-0.82999
-0.77514
-0.79371
-0.78226
-0.74672
39.3834
-0.7376
-0.74703
-0.7665
-0.79985
-0.81118
-0.79625
-0.80381
-0.78574
-0.78142
-0.80085
-0.79125
-0.8133
-0.80345
-0.81992
-0.7898
-0.80299
-0.74255
-0.77805
0
0
0
0
0
0
0
0
0
0
0
0
0
0
0
0
0
0
0
0
0
0
0
0
0
0
0
0
0
0
0
0
0
0
0
0
0
0
0
0
0
0
0
0
0
0
0
0
0
0
0
0
0
0
-0.796
-0.81774
-0.81204
-0.80896
-0.82667
-0.79038
-0.79713
-0.77211
-0.8224
-0.78545
-0.81637
-0.78791
-0.83505
-0.76975
-0.78419
-0.77005
-0.74617
-0.76242
-0.75638
-0.76824
-0.76145
-0.7636
-0.74904
-0.79107
-0.76318
-0.80032
-0.79692
-0.74017
-0.7606
-0.7418
-0.73714
-0.7376
41.4657
-0.73742
-0.72469
-0.75411
-0.7662
-0.75763
-0.76053
-0.74362
-0.7407
-0.75862
-0.74767
-0.74126
-0.75927
-0.77605
-0.75145
-0.7607
0
0
0
0
0
0
0
0
0
0
0
0
-1.7629
0
0
0
0
0
0
0
0
0
0
0
0
0
0
0
0
0
0
0
0
0
0
0
0
0
0
0
0
0
0
-3.4545
0
0
0
0
0
0
0
0
0
0
0
0
-0.82966
-0.85208
-0.84852
-0.84145
-0.8586
-0.82331
-0.82987
-0.80463
-0.85526
-0.81942
-0.85318
-0.82027
-0.8692
-0.80284
-0.81641
-0.808
-0.78008
-0.79591
-0.78974
-0.78889
-0.78255
-0.78452
-0.78246
-0.82392
-0.78413
-0.83402
-0.82979
-0.77494
-0.79351
-0.78204
-0.7465
-0.74703
-0.73742
39.3738
-0.76631
-0.79964
-0.81097
-0.79605
-0.8036
-0.78554
-0.78122
-0.80066
-0.79105
-0.81308
-0.80324
-0.81971
-0.78959
-0.80279
-0.74235
-0.77786
0
0
0
0
0
0
0
0
0
0
0
0
0
0
0
0
0
0
0
0
0
0
0
0
0
0
0
0
0
0
0
0
0
0
0
0
0
0
0
0
0
0
0
0
0
0
0
0
0
0
0
0
0
0
-0.82467
-0.84724
-0.84397
-0.83656
-0.85332
-0.81791
-0.82532
-0.79946
-0.8498
-0.81346
-0.84795
-0.81535
-0.86379
-0.78368
-0.81148
-0.80246
-0.77357
-0.79013
-0.78198
-0.78562
-0.77883
-0.78096
-0.77628
-0.81828
-0.78054
-0.82687
-0.82417
-0.76756
-0.77059
-0.77193
-0.76602
-0.7665
-0.72469
-0.76631
38.102
-0.78291
-0.79548
-0.79045
-0.7924
-0.77499
-0.77211
-0.79054
-0.77928
0
-0.79138
0
-0.78432
0
0
0
0
0
0
0
0
0
0
0
0
0
0
0
0
0
0
0
0
0
0
0
-2.9609
0
0
0
0
0
0
0
0
0
0
0
0
0
0
0
0
0
0
0
0
0
0
0
0
0
0
0
0
0
0
0
0
0
-0.85749
-0.88108
-0.87824
-0.87021
-0.88597
-0.85128
-0.85827
-0.83276
-0.88427
-0.84566
-0.88257
-0.84871
-0.89795
-0.83063
-0.84473
-0.83649
-0.80605
-0.82298
-0.81672
-0.81914
-0.81214
-0.81434
-0.80974
-0.85092
-0.81391
-0.86085
-0.85712
-0.79963
-0.81997
-0.8045
-0.79935
-0.79985
-0.75411
-0.79964
-0.78291
37.614
-0.83588
-0.82622
-0.83571
-0.81637
-0.81183
-0.83174
-0.80851
0
0
0
0
0
0
0
0
0
0
0
0
0
0
0
0
0
0
0
0
0
0
0
0
0
0
0
0
0
0
0
0
0
0
0
0
-2.6176
0
0
0
0
0
0
0
0
0
0
0
0
0
0
0
0
0
0
0
0
0
0
0
0
-0.86974
-0.89264
-0.88924
-0.88213
-0.89914
-0.86325
-0.87035
-0.84436
-0.89637
-0.85956
-0.88868
-0.86065
-0.91055
-0.84236
-0.85658
-0.84777
-0.81799
-0.83492
-0.82847
-0.83092
-0.8239
-0.82611
-0.82036
-0.86359
-0.82568
-0.87386
-0.86907
-0.81116
-0.83168
-0.81626
-0.81068
-0.81118
-0.7662
-0.81097
-0.79548
-0.83588
36.9075
-0.84078
-0.85948
-0.82405
-0.82811
-0.84794
0
0
0
0
0
0
0
0
0
0
0
0
0
0
0
0
0
0
0
0
0
0
-2.2294
0
0
0
0
0
0
0
0
0
0
0
0
0
0
0
0
0
0
0
0
0
0
0
0
0
0
0
0
0
0
0
0
0
0
0
0
0
0
0
-0.85528
-0.87797
-0.8744
-0.86719
-0.88456
-0.84877
-0.85556
-0.82981
-0.88156
-0.84467
-0.87895
-0.84578
-0.89528
-0.82788
-0.84176
-0.83317
-0.80401
-0.82056
-0.81427
-0.81536
-0.80858
-0.81071
-0.80656
-0.84966
-0.81029
-0.85945
-0.85515
-0.79816
-0.8176
-0.80247
-0.79578
-0.79625
-0.75763
-0.79605
-0.79045
-0.82622
-0.84078
34.9128
-0.8307
-0.81807
-0.80056
-0.82611
-0.81883
0
0
0
0
0
0
0
0
0
0
0
0
0
0
0
0
0
0
0
0
0
0
0
0
0
0
0
0
0
0
0
0
0
0
0
0
0
0
0
0
0
0
0
0
0
0
0
0
0
0
0
0
0
0
0
0
0
0
0
0
0
-0.8627
-0.88386
-0.88041
-0.87449
-0.89113
-0.85637
-0.86351
-0.83655
-0.88946
-0.85196
-0.88507
-0.85307
-0.90271
-0.83492
-0.84873
-0.83928
-0.81084
-0.82754
-0.82105
-0.8232
-0.81627
-0.81845
-0.81424
-0.85623
-0.81802
-0.86598
-0.8613
-0.80386
-0.82413
-0.80925
-0.80332
-0.80381
-0.76053
-0.8036
-0.7924
-0.83571
-0.85948
-0.8307
36.2299
-0.82096
-0.81356
-0.83314
0
0
0
0
0
0
0
0
0
0
0
0
0
0
0
0
0
0
0
0
0
0
0
0
-1.8481
0
0
0
0
0
0
0
0
0
0
0
0
0
0
0
0
0
0
0
0
0
0
0
0
0
0
0
0
0
0
0
0
0
0
0
0
0
-0.84382
-0.86648
-0.86311
-0.85621
-0.87286
-0.83741
-0.84431
-0.81876
-0.87008
-0.8337
-0.86197
-0.83467
-0.88412
-0.81665
-0.83083
-0.82202
-0.79282
-0.80944
-0.80312
-0.80499
-0.79812
-0.80027
-0.79528
-0.83783
-0.79985
-0.84799
-0.84326
-0.78629
-0.80636
-0.79127
-0.78526
-0.78574
-0.74362
-0.78554
-0.77499
-0.81637
-0.82405
-0.81807
-0.82096
34.9815
-0.76405
0
0
0
0
0
0
0
0
0
0
0
0
0
0
0
0
0
0
0
0
0
0
0
-2.1889
0
0
0
0
0
0
0
0
0
0
0
0
0
0
0
0
0
0
0
0
0
0
0
0
0
0
0
0
0
0
0
0
0
0
0
0
0
0
0
-0.83992
-0.86286
-0.85913
-0.84923
-0.86871
-0.83189
-0.84059
-0.81455
-0.8643
-0.82976
-0.86304
-0.83039
-0.87949
-0.81226
-0.82644
-0.8171
-0.78848
-0.80521
-0.7987
-0.80039
-0.79358
-0.79571
-0.79109
-0.8342
-0.79531
-0.84392
-0.84007
-0.78259
-0.80205
-0.78719
-0.78094
-0.78142
-0.7407
-0.78122
-0.77211
-0.81183
-0.82811
-0.80056
-0.81356
-0.76405
34.2324
0
0
0
0
0
0
0
0
0
0
0
0
0
0
0
-1.6097
0
0
0
0
0
0
0
0
0
0
0
0
0
0
0
0
0
0
0
0
0
0
0
0
0
0
0
0
0
0
0
0
0
0
0
0
0
0
0
0
0
0
0
0
0
0
0
-0.8579
-0.87994
-0.87632
-0.86951
-0.88902
-0.85135
-0.86009
-0.83187
-0.88637
-0.849
-0.88352
-0.85017
-0.89978
-0.8322
-0.8439
-0.83738
-0.80791
-0.82464
-0.81846
-0.82023
-0.81334
-0.8155
-0.81064
-0.8538
-0.81507
-0.86375
-0.85928
-0.80153
-0.82174
-0.80646
-0.80037
-0.80085
-0.75862
-0.80066
-0.79054
-0.83174
-0.84794
-0.82611
-0.83314
0
0
34.0968
0
0
0
0
0
0
0
0
0
0
0
0
0
-1.4762
0
0
0
0
0
0
0
0
0
0
0
0
0
0
0
0
0
0
0
0
0
0
0
0
0
0
0
0
0
0
0
0
0
0
0
0
0
0
0
0
0
0
0
0
0
0
0
0
-0.8491
-0.87277
-0.86998
-0.86193
-0.87737
-0.843
-0.84981
-0.82462
-0.87579
-0.83715
-0.87449
-0.84033
-0.88938
-0.82235
-0.83648
-0.82835
-0.79805
-0.81483
-0.80866
-0.81063
-0.80372
-0.80588
-0.80193
-0.84252
-0.80546
-0.85245
-0.84884
-0.79185
-0.81192
-0.79657
-0.79077
-0.79125
-0.74767
-0.79105
-0.77928
-0.80851
0
-0.81883
0
0
0
0
33.1468
0
0
0
0
0
0
0
0
0
0
0
0
0
0
0
0
0
0
0
0
0
0
0
0
0
0
0
0
0
0
0
0
0
0
0
0
-2.5732
0
0
0
0
0
0
0
0
0
0
0
0
0
0
0
0
0
0
0
0
0
0
0
0
-0.86853
-0.89203
-0.88912
-0.8826
-0.89831
-0.86385
-0.87018
-0.84476
-0.89623
-0.85904
-0.89374
-0.86234
-0.90934
-0.84282
-0.85732
-0.84786
-0.81805
-0.83546
-0.82735
-0.83296
-0.82574
-0.82802
-0.81938
-0.84955
-0.82757
-0.87203
-0.86917
-0.81037
-0.82969
-0.81704
-0.81278
-0.8133
-0.74126
-0.81308
0
0
0
0
0
0
0
0
0
35.1376
0
0
0
0
0
0
0
0
0
0
0
0
0
0
0
0
0
0
0
0
0
0
0
0
0
0
0
0
0
0
0
0
0
0
0
0
0
0
0
-2.8758
0
0
0
0
0
0
0
-3.4409
0
0
0
0
0
0
0
0
0
0
0
0
-0.86104
-0.88383
-0.88059
-0.87306
-0.89031
-0.85412
-0.86195
-0.83558
-0.87117
-0.84954
-0.88462
-0.85162
-0.90051
-0.83284
-0.84766
-0.8384
-0.80911
-0.82567
-0.81844
-0.82194
-0.81497
-0.81716
-0.81189
-0.85559
-0.81673
-0.86447
-0.86137
-0.8037
-0.82206
-0.80868
-0.80295
-0.80345
-0.75927
-0.80324
-0.79138
0
0
0
0
0
0
0
0
0
32.2746
0
0
0
0
0
0
0
0
0
0
0
0
0
0
0
0
0
0
0
0
0
0
0
0
0
0
0
0
-2.9457
0
0
0
0
0
0
0
0
0
0
0
0
0
0
0
0
0
0
0
0
0
0
0
0
0
0
0
0
0
0
-0.87859
-0.90038
-0.89733
-0.89124
-0.90795
-0.87325
-0.87424
-0.85281
-0.90658
-0.86987
-0.90333
-0.87004
-0.91994
-0.8519
-0.86556
-0.85689
-0.82697
-0.8442
-0.83774
-0.83963
-0.83263
-0.83481
-0.82983
-0.87273
-0.83439
-0.88311
-0.87233
-0.81933
-0.84137
-0.82527
-0.81943
-0.81992
-0.77605
-0.81971
0
0
0
0
0
0
0
0
0
0
0
31.2312
0
0
0
0
0
0
0
0
0
0
0
0
0
0
0
-2.0819
0
0
0
0
0
0
0
0
0
0
0
0
0
0
0
0
0
0
0
0
0
0
0
0
0
0
0
0
0
0
0
0
0
0
0
0
0
0
0
0
0
0
-0.84843
-0.87106
-0.86746
-0.86028
-0.87765
-0.84191
-0.84854
-0.82296
-0.87453
-0.83773
-0.87233
-0.83887
-0.88822
-0.82098
-0.8349
-0.82628
-0.79701
-0.81357
-0.80728
-0.8087
-0.80188
-0.80402
-0.7999
-0.8427
-0.8036
-0.8526
-0.8483
-0.79125
-0.81069
-0.7956
-0.78932
-0.7898
-0.75145
-0.78959
-0.78432
0
0
0
0
0
0
0
0
0
0
0
28.9137
0
0
0
0
0
0
0
0
0
0
0
0
0
0
0
0
0
0
0
0
0
0
0
0
0
0
0
0
0
0
0
0
0
0
0
0
0
0
0
0
0
0
0
0
0
0
0
0
0
0
0
0
0
0
0
0
0
-0.86171
-0.88492
-0.8811
-0.8708
-0.89066
-0.8533
-0.86242
-0.83608
-0.88597
-0.85156
-0.88511
-0.85208
-0.9015
-0.83397
-0.84808
-0.83851
-0.80961
-0.82659
-0.81997
-0.82195
-0.81504
-0.8172
-0.81213
-0.85596
-0.81678
-0.8658
-0.86198
-0.80375
-0.82375
-0.8085
-0.80251
-0.80299
-0.7607
-0.80279
0
0
0
0
0
0
0
0
0
0
0
0
0
30.1844
0
0
0
0
0
0
0
0
-1.6187
0
0
0
0
0
0
0
0
0
0
0
0
0
0
0
0
0
0
0
0
0
0
0
0
0
0
0
0
0
0
0
0
0
0
0
0
0
0
0
0
0
0
0
0
0
0
0
-0.79974
-0.82376
-0.82128
-0.81296
-0.82681
-0.79312
-0.8
-0.77606
-0.82548
-0.79206
-0.82481
-0.79079
-0.83939
-0.77405
-0.78745
-0.77939
-0.74975
-0.76621
-0.76061
-0.76197
-0.75525
-0.75736
-0.73924
-0.79254
-0.75694
-0.80337
-0.7996
-0.74483
-0.76487
-0.74804
-0.74208
-0.74255
0
-0.74235
0
0
0
0
0
0
0
0
0
0
0
0
0
0
28.2677
0
0
0
0
0
0
0
0
0
0
0
0
0
0
0
0
0
0
0
0
0
0
0
0
0
0
0
0
0
-2.473
0
0
0
0
0
0
0
0
0
0
0
0
0
0
0
0
0
0
0
0
0
0
0
0
0
-0.8365
-0.85893
-0.85534
-0.84821
-0.86543
-0.82981
-0.83636
-0.81092
-0.86252
-0.8256
-0.86027
-0.82671
-0.87595
-0.80938
-0.82281
-0.81417
-0.785
-0.80153
-0.79529
-0.79701
-0.79023
-0.79235
-0.78727
-0.83104
-0.79193
-0.84086
-0.8365
-0.77973
-0.7996
-0.78388
-0.77758
-0.77805
0
-0.77786
0
0
0
0
0
0
0
0
0
0
0
0
0
0
0
26.9846
0
0
0
0
0
0
0
0
0
0
0
0
0
0
0
0
0
0
0
0
0
0
0
0
0
0
0
0
0
0
0
0
0
0
0
0
0
0
0
0
0
0
0
0
0
0
0
0
0
0
0
0
0
0
-0.8191
-0.85252
-0.8503
-0.83764
-0.85837
-0.82117
-0.83183
-0.80481
-0.83222
-0.81979
-0.85303
-0.82307
-0.86815
-0.80358
-0.81701
-0.80724
-0.77944
-0.79604
-0.78865
-0.79174
-0.785
-0.78711
-0.78279
0
-0.7867
0
0
0
0
0
0
0
0
0
0
0
0
0
0
0
0
0
0
0
0
0
0
0
0
0
26.1816
0
0
0
0
0
-1.5214
0
0
0
0
0
0
0
0
0
0
0
0
0
0
-2.296
0
-2.7669
0
0
0
0
0
0
0
0
0
0
0
0
0
0
0
0
0
0
0
0
0
0
0
0
0
0
0
0
0
0
-0.91988
-0.9426
-0.93922
-0.93171
-0.94978
-0.91275
-0.91946
-0.89309
-0.94668
-0.9087
-0.94492
-0.90937
-0.96022
-0.89223
-0.90535
-0.89678
-0.86654
-0.8838
-0.87799
-0.87849
-0.87159
-0.87375
-0.86934
-0.91419
-0.87333
0
0
0
0
-0.86554
0
0
0
0
0
0
0
0
0
0
0
0
0
0
0
0
0
0
0
0
0
23.5473
0
0
0
0
0
0
0
0
0
0
0
0
0
0
0
0
0
0
0
0
0
0
0
0
0
0
0
0
0
0
0
0
0
0
0
0
0
0
0
0
0
0
0
0
0
0
0
0
0
0
0
0
-0.82386
-0.84519
-0.84167
-0.83612
-0.85096
-0.81808
-0.82404
-0.79851
-0.85064
-0.81535
-0.84931
-0.81435
-0.8641
-0.79764
-0.81113
-0.80305
-0.77385
-0.79028
-0.78465
-0.78524
-0.77857
-0.78066
0
0
-0.78025
0
0
0
0
0
0
0
0
0
0
0
0
0
0
0
0
0
0
0
0
0
0
0
0
0
0
0
21.898
0
0
0
0
0
0
0
0
0
0
0
0
0
0
0
0
0
0
0
0
0
0
0
0
0
0
0
0
0
0
0
0
0
0
0
0
0
0
0
0
0
0
0
-3.1804
0
0
0
0
0
0
0
-1.0771
-1.1011
-1.0979
-1.0851
-1.1083
-1.0643
-1.0782
-1.0485
-1.0997
-1.067
0
-1.0657
-1.1175
-1.0472
-1.0609
0
-1.021
-1.0392
0
0
0
0
0
0
0
0
0
0
0
0
0
0
0
0
0
0
0
0
0
0
0
0
0
0
0
0
0
0
0
0
0
0
0
18.9632
0
0
-1.7844
0
0
0
0
0
0
0
0
0
0
0
0
0
0
0
0
0
0
0
0
0
0
0
0
0
0
0
0
0
0
0
0
0
0
0
0
0
0
0
0
0
0
0
0
0
0
0
-1.0978
-1.0766
-1.1203
-1.1123
-1.1366
-1.0921
-1.1002
-1.0714
-1.1271
0
0
-1.0882
-1.1375
0
-1.0849
0
-1.0444
0
0
0
0
0
0
0
0
0
0
0
0
0
0
0
0
0
0
0
0
0
0
0
0
0
0
0
0
0
0
0
0
0
0
0
0
0
17.4099
0
0
0
0
0
0
0
0
0
0
0
0
0
0
0
0
0
0
0
0
0
0
0
0
0
0
0
0
0
0
0
0
0
0
0
0
0
-3.1205
0
0
0
0
0
0
0
0
0
0
0
-1.5451
-1.5545
-1.5507
-1.5524
0
-1.538
0
-1.5051
0
0
0
0
0
0
-1.5198
0
0
0
0
0
0
0
0
0
0
0
0
0
0
0
0
0
0
0
0
0
0
0
0
0
0
-1.4762
0
0
0
0
0
0
0
0
0
0
0
0
0
14.4249
0
0
0
0
0
0
0
0
0
0
-2.183
0
0
0
0
0
0
0
0
0
0
0
0
0
0
0
0
0
0
0
0
0
0
0
0
0
0
0
0
0
0
0
0
0
0
0
0
0
0
0
0
-1.7072
0
0
0
0
0
0
0
0
0
0
0
0
0
0
0
0
0
0
0
0
0
0
0
0
0
0
0
0
0
0
0
0
0
0
0
0
-1.6097
0
0
0
0
0
0
-1.6187
0
0
-1.5214
0
0
-1.7844
0
0
12.9782
-2.1291
0
0
0
0
0
0
0
0
0
-2.6077
0
0
0
0
0
0
0
0
0
0
0
0
0
0
0
0
0
0
0
0
0
0
0
0
0
0
0
0
0
0
0
0
0
0
0
0
0
0
0
0
0
0
0
0
0
0
-1.8897
0
0
0
0
-1.8383
0
0
0
0
0
0
0
0
0
0
0
0
0
0
0
0
0
0
0
0
0
0
0
0
0
0
0
0
0
0
0
0
0
0
0
0
0
0
0
0
-2.1291
13.3689
0
0
0
0
0
0
0
0
-2.2389
0
0
0
0
0
-2.6082
0
0
0
-2.6646
0
0
0
0
0
0
0
0
0
0
0
0
0
0
0
0
0
0
0
0
0
0
0
0
0
0
0
-1.9245
-1.9452
-1.9315
-1.9376
0
0
0
-1.8881
0
0
0
0
0
0
0
0
0
0
0
0
0
0
0
0
0
0
0
0
0
0
0
0
0
0
0
0
0
0
0
0
0
0
0
0
0
0
0
0
0
0
0
0
0
0
0
0
0
0
12.6967
0
0
0
0
0
0
0
0
0
0
0
0
0
0
0
0
0
0
-3.0698
0
0
0
0
0
0
0
0
0
0
0
0
0
0
0
0
0
0
0
0
0
0
0
0
0
0
0
0
0
0
0
0
0
0
0
0
0
0
0
0
0
0
0
0
0
0
0
0
0
0
0
0
0
0
0
0
0
0
0
0
0
0
0
0
0
0
0
0
0
0
0
0
0
0
0
0
0
0
0
0
0
0
0
0
0
13.4365
0
0
-2.7601
0
0
0
0
0
-1.6602
-3.1083
0
0
0
0
0
0
0
0
0
0
-2.9631
0
0
-2.9448
0
0
0
0
0
0
0
0
0
0
0
0
0
0
0
0
0
0
0
0
0
0
-1.9192
0
0
0
0
0
0
0
-1.9169
0
0
0
0
-1.8576
0
0
0
0
0
0
0
0
0
0
0
0
0
0
0
0
-1.7629
0
0
0
0
0
0
0
0
0
0
0
0
0
0
0
0
0
0
0
0
0
0
0
0
0
0
0
10.5101
0
0
0
0
0
0
0
0
0
0
0
0
0
0
0
0
0
0
0
0
0
0
0
0
-3.0536
0
0
0
0
0
0
0
0
0
0
0
0
0
0
0
0
0
0
0
0
0
0
0
0
-2.1758
0
0
0
0
0
0
0
0
0
0
0
0
0
0
0
0
0
0
0
-2.1468
0
0
0
0
0
0
0
0
0
0
0
0
0
0
0
0
0
0
-2.0819
0
0
0
0
0
0
0
0
0
0
0
0
0
0
0
12.8262
-2.788
0
0
0
0
0
0
0
0
0
0
0
0
0
0
0
0
0
0
0
0
0
0
0
-3.6338
0
0
0
0
0
0
0
0
0
0
0
0
0
0
0
0
0
0
-2.2514
0
0
0
0
0
0
0
0
0
0
0
0
0
0
0
0
0
0
0
0
0
0
0
0
0
0
0
0
0
0
0
0
0
0
0
0
0
0
0
0
0
0
0
0
0
0
0
0
0
0
0
0
0
0
0
0
0
-2.7601
0
-2.788
10.3506
0
0
-2.5511
0
0
0
0
0
0
0
0
0
0
0
0
0
0
0
0
0
0
0
0
0
0
0
0
0
0
0
0
0
0
0
0
0
0
0
0
0
0
0
0
0
0
0
0
0
0
0
-2.1394
0
0
0
0
0
0
0
-2.1128
0
0
0
0
0
0
0
0
0
0
0
0
0
0
0
0
0
0
0
0
0
0
0
0
0
0
0
0
0
0
0
0
0
0
0
0
0
0
0
0
0
0
0
0
0
10.2166
0
0
0
0
0
0
0
0
0
0
0
0
-3.1291
0
0
0
-2.8353
0
0
0
0
0
0
0
0
0
0
0
0
0
0
0
0
0
0
0
0
0
0
0
0
0
0
0
0
0
0
0
0
0
-2.3277
0
0
0
0
0
0
0
0
0
0
0
0
0
0
0
0
0
0
0
0
0
0
0
0
0
-2.2294
0
0
-2.1889
0
0
0
0
0
0
0
0
0
0
0
0
0
0
0
0
0
0
0
0
0
0
0
0
10.784
0
0
0
0
0
0
0
0
0
0
0
0
0
0
0
0
0
0
0
0
0
0
0
0
0
0
0
0
0
0
0
0
0
0
-4.038
0
0
0
0
0
0
0
0
0
0
0
0
0
0
0
0
0
0
0
0
0
0
0
0
0
0
0
0
0
0
0
0
0
0
0
0
0
0
0
0
0
0
0
0
0
0
0
0
0
0
0
0
0
0
0
0
0
0
0
0
0
0
0
0
0
0
-2.5511
0
0
11.8106
0
-2.2657
-3.1409
0
0
0
0
0
0
0
0
0
0
0
0
0
0
0
0
0
0
0
0
0
0
0
0
0
0
0
0
0
-3.8529
0
0
0
0
0
0
0
0
0
0
0
0
0
0
0
0
0
0
0
0
0
0
0
0
0
0
0
0
0
0
0
0
0
0
0
0
0
0
0
0
0
0
0
-1.8481
0
0
0
0
0
0
0
0
0
0
0
0
0
0
0
0
-2.183
0
-2.2389
0
0
0
0
0
0
0
0
9.8139
0
0
0
0
0
0
0
0
0
0
0
0
0
0
0
0
0
0
0
0
0
0
0
0
0
0
0
0
0
0
0
0
0
-3.5439
0
0
0
0
0
0
0
0
-2.6938
0
0
-2.727
0
0
0
0
0
0
0
0
0
0
0
0
0
0
0
0
0
0
0
0
0
0
0
0
0
0
0
0
0
0
0
0
0
0
0
0
0
0
0
0
0
0
0
0
0
0
0
-2.6077
0
0
0
0
0
0
0
0
-2.2657
0
10.2941
0
0
0
0
0
0
0
0
0
0
0
0
0
0
0
0
0
0
0
0
0
0
0
0
0
0
0
0
0
0
0
0
0
0
0
0
0
0
0
0
0
0
0
0
0
-0.19681
0
0
0
0
0
0
0
0
0
0
0
0
0
0
0
0
0
0
0
0
0
0
0
0
0
0
0
0
0
0
0
0
0
0
0
0
0
0
0
0
0
0
0
0
0
0
0
0
0
-1.6602
0
0
0
0
0
-3.1409
0
0
8.4949
0
0
0
0
0
0
0
0
0
0
0
0
0
0
0
0
0
0
0
0
0
0
0
0
-3.497
0
0
0
0
0
0
0
0
0
0
0
0
0
0
0
0
0
0
0
0
0
0
0
-2.3623
0
0
0
0
0
0
0
0
0
0
0
0
0
0
0
0
0
0
0
0
0
0
0
0
0
0
0
0
0
0
0
0
0
0
0
0
0
0
0
0
0
0
0
0
0
-3.1083
0
0
0
0
0
0
0
0
0
8.6871
0
0
0
0
0
0
0
0
0
0
0
0
0
0
-3.2165
0
0
0
0
0
0
0
0
0
0
0
0
0
0
0
0
0
0
0
0
0
0
0
0
0
0
0
0
0
0
0
0
-3.0703
0
0
0
0
0
0
0
0
0
0
0
0
0
0
-3.0165
0
0
0
0
0
-2.9609
0
0
0
0
0
0
0
0
0
0
0
0
0
0
0
0
0
0
0
0
0
0
0
0
0
0
0
0
0
0
0
0
0
0
0
9.0477
0
0
0
0
0
0
0
0
0
0
0
0
0
0
0
0
0
0
0
0
0
0
0
0
0
0
0
0
0
0
0
0
0
-2.5677
0
0
0
0
0
0
0
0
0
0
0
0
0
0
0
0
0
0
0
0
0
0
0
0
0
0
0
0
0
0
0
0
0
0
0
0
0
0
0
0
0
0
0
0
0
0
0
0
0
-2.296
0
0
0
0
0
0
0
0
0
0
0
0
0
0
0
0
0
0
0
0
7.9655
0
0
0
0
0
0
0
0
0
0
0
0
0
0
0
0
0
-3.1018
0
0
0
0
0
0
0
0
0
0
0
0
0
0
0
0
0
0
0
0
0
0
0
0
0
0
0
0
0
0
0
0
0
0
0
0
0
0
0
0
0
0
0
0
0
0
0
0
0
0
0
0
0
0
0
0
0
0
0
0
0
0
0
0
0
0
0
0
0
0
0
-2.6082
0
0
0
0
0
0
0
0
0
0
0
0
0
0
9.284
0
0
-3.3372
0
0
-3.3386
0
0
0
0
0
0
0
0
0
0
0
0
0
0
0
0
0
0
0
0
0
0
0
0
0
0
0
0
0
0
0
0
0
-3.1465
0
0
0
0
0
0
0
0
0
0
0
0
0
0
0
0
0
0
0
0
0
0
0
0
0
0
0
0
0
0
0
0
0
0
0
-2.9457
0
0
0
0
0
-2.7669
0
0
0
0
0
0
0
0
0
0
0
0
0
0
0
0
0
0
0
0
0
0
8.8591
0
0
0
0
0
0
0
0
0
0
0
0
0
0
0
0
0
0
0
0
0
0
0
0
0
0
0
0
0
0
-2.6188
0
0
0
0
0
-2.6125
0
0
0
0
0
0
0
0
0
0
0
0
0
0
0
0
0
0
0
0
0
0
0
0
0
0
0
0
0
0
0
0
0
0
0
0
0
0
0
0
0
0
0
0
0
0
0
0
0
0
0
0
0
0
0
0
0
0
0
0
0
0
0
0
0
0
0
8.3879
0
-3.1566
0
0
0
0
0
0
0
0
0
0
0
0
0
0
0
0
0
0
0
0
0
0
0
0
0
0
0
0
0
0
0
0
0
0
0
0
-2.2742
0
0
0
0
0
0
0
0
0
0
0
0
0
0
0
0
0
0
0
0
0
0
0
0
0
0
0
0
0
0
0
0
0
0
0
0
0
0
0
0
0
0
0
0
0
0
0
0
0
0
0
0
0
0
0
0
0
0
0
0
0
0
-3.3372
0
0
8.7828
0
0
0
-3.1714
0
0
0
0
0
0
0
0
0
0
0
0
0
0
0
0
0
0
0
0
0
0
0
0
0
0
0
0
0
0
0
0
0
0
0
0
0
0
0
0
0
0
0
0
0
0
0
0
0
0
0
0
0
0
0
0
0
0
0
0
0
0
0
0
0
0
0
0
0
0
0
0
0
0
0
0
0
0
0
0
0
-2.6646
0
0
0
0
0
-3.1291
0
0
0
0
0
0
0
0
0
0
-3.1566
0
8.9502
0
0
0
0
0
0
0
0
0
0
0
0
0
0
0
0
0
0
0
0
0
0
0
0
0
0
0
0
0
0
0
0
0
0
0
0
0
0
0
0
0
0
0
0
0
0
0
0
0
0
0
0
0
0
0
0
0
0
0
0
0
0
0
0
0
0
0
0
0
0
0
0
0
0
0
0
0
0
0
0
0
0
0
0
0
-3.0698
0
0
0
0
0
0
0
0
0
0
0
0
0
0
0
0
0
0
10.3846
0
0
0
-3.4295
0
0
0
0
-3.8853
0
0
0
0
0
0
0
0
0
0
0
0
0
0
0
0
0
0
0
0
0
0
0
0
0
0
0
0
0
0
0
0
0
0
0
0
0
0
0
-2.6485
0
0
0
0
0
0
0
0
0
0
0
0
0
0
0
0
0
0
0
0
0
0
0
0
0
-2.473
0
0
0
0
0
0
0
0
0
0
0
0
0
0
0
0
0
0
0
0
0
0
0
-3.3386
0
0
0
0
0
8.46
0
0
0
0
0
0
0
0
0
0
0
0
0
0
0
0
0
0
0
0
0
0
0
0
0
0
0
0
0
0
0
0
0
0
0
0
0
0
0
0
0
0
0
0
0
0
0
0
0
0
0
0
0
0
0
0
0
0
0
0
-2.6176
0
0
0
0
0
0
-2.5732
0
0
0
0
0
0
0
0
0
0
0
0
0
0
0
0
0
0
0
0
0
0
0
0
0
0
0
0
0
0
0
0
-3.1714
0
0
0
8.3623
0
0
0
0
0
0
0
0
0
0
0
0
0
0
0
0
0
0
0
0
0
0
0
0
0
0
0
0
0
0
0
0
0
0
0
0
0
0
0
0
0
0
0
0
0
0
0
0
0
0
0
-2.6657
0
0
0
0
0
0
0
0
0
0
0
0
0
0
0
0
0
0
0
0
0
0
0
0
0
0
0
0
0
0
0
-2.9631
0
0
0
-2.8353
0
0
0
0
0
0
0
0
0
0
0
0
0
0
0
0
8.4641
0
0
0
0
0
0
0
0
0
0
0
0
0
0
0
0
0
0
0
0
0
0
0
0
0
-3.0462
0
0
0
0
0
0
0
0
0
0
0
0
0
0
0
0
0
0
0
0
0
0
0
0
-2.9337
0
0
0
0
0
0
0
0
0
0
0
0
0
0
0
0
0
0
0
0
0
0
0
0
0
0
0
0
0
0
0
0
0
0
0
0
0
0
0
0
0
0
0
0
0
0
0
0
0
-3.4295
0
0
0
9.4094
0
0
0
0
0
0
0
0
0
0
0
0
0
0
0
0
0
0
0
0
0
0
0
0
0
0
0
0
0
0
0
0
0
0
0
0
0
0
0
0
-3.1107
0
0
0
0
0
0
-3.1757
0
0
-3.0839
0
0
0
0
0
0
0
0
0
0
0
0
0
0
0
0
0
0
0
0
0
0
0
0
0
0
0
0
0
0
0
0
0
0
0
0
0
0
0
0
0
0
0
0
0
0
0
0
0
0
0
0
0
9.3703
0
0
0
0
0
0
0
0
0
0
0
0
0
0
0
0
0
0
0
0
0
0
0
0
0
0
0
0
0
0
0
0
0
0
0
0
0
0
0
0
0
0
0
0
-2.9917
0
0
0
0
0
0
0
0
0
0
0
0
0
0
0
0
0
0
0
-2.8758
0
0
0
0
0
0
0
0
0
0
0
0
0
0
0
-2.9448
0
0
0
0
0
0
0
0
0
0
0
0
0
0
0
0
0
0
0
0
0
0
0
8.8124
0
0
0
0
0
0
0
0
0
0
0
0
0
0
0
0
0
0
0
0
0
0
0
0
0
0
0
0
0
0
0
-1.8198
0
0
0
0
0
0
0
0
0
0
0
0
0
0
0
0
0
0
0
0
0
0
0
0
0
0
0
0
0
0
0
0
0
0
0
0
0
0
0
0
0
0
0
0
0
0
0
0
0
0
0
0
0
0
0
0
0
-3.2165
0
0
0
0
0
0
0
0
0
0
0
0
0
0
8.1392
0
0
0
-3.1029
0
0
0
0
0
0
0
0
0
0
0
0
0
0
0
0
0
0
0
-1.8533
0
0
0
0
0
0
0
0
0
0
0
0
0
0
0
0
0
0
0
0
0
0
0
0
0
0
0
0
0
0
0
0
0
0
0
0
0
0
0
0
0
0
0
0
0
0
0
0
0
0
0
0
0
0
0
-3.0536
0
0
0
0
0
0
0
0
0
0
0
0
0
0
0
0
0
0
0
0
0
0
0
0
4.9069
0
0
0
0
0
0
0
0
0
0
0
0
0
0
0
0
0
0
0
0
0
0
0
0
0
0
0
0
0
0
0
0
0
0
0
0
0
0
0
0
0
0
0
0
0
0
0
0
0
0
0
0
0
0
0
0
0
0
0
0
0
0
0
0
0
0
0
0
0
0
0
0
0
0
0
0
0
0
0
-3.6338
0
0
0
0
0
0
0
0
0
0
0
0
0
0
0
-3.8853
0
0
0
0
0
0
0
0
7.5191
0
0
0
0
0
0
0
0
0
0
0
0
0
0
0
0
0
-3.7628
0
0
0
0
0
0
0
0
0
0
0
0
0
0
0
0
0
0
0
0
0
0
0
0
-3.7388
0
0
0
0
0
0
0
0
0
0
0
0
0
0
0
0
0
0
0
0
0
0
0
0
0
0
0
0
0
0
0
0
0
0
0
0
0
0
0
0
0
0
0
0
0
0
0
0
0
0
0
0
0
0
0
0
0
0
0
0
0
7.5016
0
0
0
0
0
0
0
0
0
0
0
0
0
0
0
0
0
0
0
0
0
0
0
0
0
0
0
0
0
0
0
0
0
0
0
0
0
0
0
0
0
0
0
0
0
0
0
0
0
0
0
0
0
0
0
0
0
0
0
0
0
0
0
0
0
0
0
0
0
0
0
0
0
0
0
0
0
0
0
0
0
0
0
0
0
0
0
0
0
0
0
0
0
0
0
0
0
0
0
0
-3.1029
0
0
0
7.025
-3.922
0
0
0
0
0
0
0
0
0
0
0
0
0
0
0
0
0
0
0
0
0
0
0
0
0
0
0
0
0
0
0
0
0
0
0
0
0
0
0
0
0
0
0
0
0
0
0
0
0
0
0
0
0
0
0
0
0
0
0
0
0
0
0
0
0
0
0
0
0
0
0
0
0
0
0
0
0
0
0
0
0
0
0
0
0
-3.1018
0
0
0
0
0
0
0
0
0
0
0
0
0
0
0
0
-3.922
7.0238
0
0
0
0
0
0
0
0
0
0
0
0
0
0
0
0
0
0
0
0
0
0
0
0
-3.6492
0
0
0
0
0
0
0
0
0
0
0
0
0
0
0
-3.5949
0
0
0
0
0
0
0
0
0
0
0
0
0
0
0
0
0
0
0
0
0
0
0
0
0
0
0
0
0
0
0
0
0
0
0
0
0
0
0
0
0
0
0
0
0
0
0
0
0
0
0
0
0
0
0
0
0
0
0
0
0
0
0
7.2441
0
0
0
0
0
0
0
0
0
0
0
0
0
0
0
0
0
0
0
0
0
0
0
0
0
0
0
0
0
0
0
0
0
0
0
0
0
0
0
0
0
0
0
0
0
-3.4545
0
0
0
0
0
0
0
0
0
0
-3.4409
0
0
0
0
0
0
0
0
0
0
0
0
0
0
0
0
0
0
0
0
0
0
0
0
0
0
0
0
0
0
0
0
0
0
0
0
0
0
0
0
0
0
0
0
0
0
0
6.8954
0
0
0
0
0
0
0
0
0
0
0
0
0
-3.7262
0
0
0
0
0
0
0
0
0
0
0
0
0
0
0
0
0
0
0
0
0
0
0
0
0
0
0
0
0
0
0
0
0
0
0
0
0
0
0
0
0
0
0
0
0
0
0
0
0
0
0
0
-3.1205
0
0
0
0
0
0
0
0
0
0
0
0
0
0
0
0
0
0
0
0
0
0
0
0
0
0
0
0
0
0
0
0
0
0
0
0
0
6.8467
0
0
0
0
0
0
0
0
0
0
0
0
0
0
0
0
0
0
0
0
0
0
0
0
0
0
0
0
0
0
0
0
0
0
0
0
0
0
0
0
0
0
0
0
0
0
0
0
0
0
0
0
0
0
0
0
0
0
0
0
0
0
0
0
0
0
0
0
0
0
0
0
0
0
0
0
0
0
0
-3.497
0
0
0
0
0
0
0
0
0
0
0
0
0
0
0
0
0
0
0
0
0
0
0
0
3.497
0
0
0
0
0
0
0
0
0
0
0
0
0
0
-5.3421
0
0
0
0
0
0
0
0
0
0
0
0
0
0
0
0
0
0
0
0
0
0
0
0
0
0
0
0
0
0
0
0
0
0
0
0
0
0
0
0
0
0
0
0
0
0
0
0
0
0
0
0
0
0
0
0
0
0
0
0
0
0
0
0
0
0
0
0
0
0
0
0
0
0
0
0
0
0
0
0
0
0
0
0
0
0
0
0
0
5.3421
0
0
0
0
0
0
0
0
0
0
0
0
0
0
0
0
0
0
0
0
0
0
0
0
0
0
0
0
0
0
0
0
0
0
0
-5.0618
0
0
0
0
0
0
0
0
0
0
0
0
0
0
0
0
0
0
0
0
0
0
0
0
0
0
0
0
0
0
0
0
0
0
0
0
0
0
0
0
0
0
0
0
0
0
0
0
0
0
0
0
0
0
0
0
0
0
0
0
0
0
0
0
0
0
0
0
5.0618
0
0
0
0
0
0
0
0
0
0
0
0
0
0
0
0
0
0
0
0
0
0
0
0
0
0
0
0
0
0
0
0
0
0
0
0
0
0
0
0
0
0
0
0
0
0
0
0
0
0
0
0
0
0
0
0
0
0
0
0
-3.1804
0
0
0
0
0
0
0
0
0
0
0
0
0
0
0
0
0
0
0
0
0
0
0
0
0
0
0
0
0
0
0
0
0
0
0
0
0
0
0
0
0
0
0
3.1804
0
0
0
0
0
0
0
0
0
0
0
-5.3421
0
0
0
0
0
0
0
0
0
0
0
0
0
0
0
0
0
0
0
0
0
0
0
0
0
0
0
0
0
0
0
0
0
0
0
0
0
0
0
0
0
0
0
0
0
0
0
0
0
0
0
0
0
0
0
0
0
0
0
0
0
0
0
0
0
0
0
0
0
0
0
0
0
0
0
0
0
0
0
0
0
0
0
0
0
0
0
0
0
0
0
0
5.3421
0
0
0
0
0
0
0
0
0
0
0
0
0
0
0
0
0
0
0
0
0
0
0
0
0
0
0
0
0
0
0
0
0
0
0
0
0
0
0
0
0
0
0
0
0
0
0
0
0
0
0
0
0
0
0
0
0
0
0
0
0
0
0
0
0
0
0
0
0
0
0
-3.8529
0
0
0
0
0
0
0
0
0
0
0
0
0
0
0
0
0
0
0
0
0
0
0
0
0
0
0
0
0
0
0
0
3.8529
0
0
0
0
0
0
0
0
0
0
0
0
0
0
0
0
0
0
0
0
0
0
0
0
0
0
0
0
0
0
0
0
0
0
0
0
0
0
0
0
0
0
0
0
0
0
0
0
0
0
0
0
0
0
0
0
0
0
0
0
0
0
0
0
0
0
0
0
0
-4.038
0
0
0
0
0
0
0
0
0
0
0
0
0
0
0
0
0
0
0
0
0
0
0
0
0
0
0
0
0
0
0
0
0
0
4.038
0
0
0
0
0
0
0
0
0
0
0
0
0
0
0
0
0
0
0
0
0
0
0
0
0
0
0
0
0
0
0
0
0
0
0
0
0
0
0
0
0
0
0
0
0
0
0
0
0
0
0
0
0
0
0
0
0
0
0
0
0
0
0
0
0
0
0
0
0
0
-3.5439
0
0
0
0
0
0
0
0
0
0
0
0
0
0
0
0
0
0
0
0
0
0
0
0
0
0
0
0
0
0
0
0
0
3.5439
0
0
0
0
0
0
0
0
0
0
0
0
0
0
0
0
0
0
0
0
0
0
0
0
0
0
0
0
-4.2396
0
0
0
0
0
0
0
0
0
0
0
0
0
0
0
0
0
0
0
0
0
0
0
0
0
0
0
0
0
0
0
0
0
0
0
0
0
0
0
0
0
0
0
0
0
0
0
0
0
0
0
0
0
0
0
0
0
0
0
0
0
0
0
0
0
0
0
0
0
0
0
0
0
0
0
4.2396
0
0
0
0
0
0
0
0
0
0
0
0
0
0
0
0
0
0
0
0
0
0
0
0
0
-5.3313
0
0
0
0
0
0
0
0
0
0
0
0
0
0
0
0
0
0
0
0
0
0
0
0
0
0
0
0
0
0
0
0
0
0
0
0
0
0
0
0
0
0
0
0
0
0
0
0
0
0
0
0
0
0
0
0
0
0
0
0
0
0
0
0
0
0
0
0
0
0
0
0
0
0
0
0
0
0
5.3313
0
0
0
0
0
0
0
0
0
0
0
0
0
-5.5344
0
0
0
0
0
0
0
0
0
0
0
0
0
0
0
0
0
0
0
0
0
0
0
0
0
0
0
0
0
0
0
0
0
0
0
0
0
0
0
0
0
0
0
0
0
0
0
0
0
0
0
0
0
0
0
0
0
0
0
0
0
0
0
0
0
0
0
0
0
0
0
0
0
0
0
0
0
0
0
0
0
0
0
0
0
0
0
0
0
0
5.5344
