1
0.97693
0.97109
0.96758
0.96632
0.96512
0.9637
0.96357
0.9635
0.96263
0.96245
0.96203
0.96157
0.96063
0.95988
0.95917
0.95851
0.95792
0.95735
0.95686
0.95638
0.95599
0.9556
0.95526
0.95483
0.95431
0.95372
0.95315
0.95258
0.95205
0.95157
0.95112
0.95068
0.95026
0.94984
0.94943
0.94903
0.94863
0.94824
0.94785
0.94747
0.94709
0.94671
0.94633
0.94596
0.94559
0.94522
0.94487
0.94452
0.94417
0.94383
0.9435
0.94317
0.94285
0.94254
0.94224
0.94195
0.94166
0.94137
0.94109
0.94081
0.94054
0.94026
0.94
0.93973
0.93947
0.93921
0.93895
0.9387
0.93844
0.9382
0.93795
0.93771
0.93746
0.93723
0.93699
0.93676
0.93653
0.9363
0.93608
0.93585
0.93563
0.93541
0.93518
0.93495
0.93471
0.93446
0.9342
0.93393
0.93365
0.93336
0.93306
0.93274
0.93241
0.93208
0.93173
0.93138
0.93101
0.93064
0.93025
0.92987
0.92947
0.92907
0.92866
0.92824
0.92782
0.92739
0.92696
0.92652
0.92607
0.92562
0.92516
0.92469
0.92422
0.92374
0.92326
0.92278
0.92229
0.9218
0.9213
0.9208
0.9203
0.9198
0.9193
0.91881
0.91832
0.91783
0.91735
0.91688
0.91642
0.91597
0.91553
0.91509
0.91467
0.91426
0.91386
0.91347
0.9131
0.91273
0.91237
0.91202
0.91168
0.91135
0.91103
0.91072
0.91042
0.91012
