1
0.97799
0.96851
0.96167
0.95744
0.95389
0.95093
0.9479
0.945
0.94285
0.93796
0.93391
0.93026
0.92686
0.92365
0.92061
0.91774
0.91506
0.91255
0.9102
0.90798
0.90587
0.90386
0.90195
0.90012
0.89837
0.89669
0.89509
0.89355
0.89208
0.89067
0.88932
0.88804
0.88682
0.88566
0.88455
0.8835
0.88249
0.88149
0.88051
0.87952
0.87853
0.87752
0.8765
0.87547
0.87441
0.87332
0.87221
0.87105
0.86984
0.86858
0.86725
0.86586
0.86442
0.86292
0.86138
0.8598
0.85821
0.8566
0.85499
0.85338
0.85178
0.85018
0.8486
0.84703
0.84547
0.84392
0.84239
0.84088
0.83939
0.83792
0.83647
0.83505
0.83365
0.83229
0.83096
0.82966
0.82839
0.82715
0.82595
0.82478
0.82364
0.82253
0.82145
0.8204
0.81937
0.81836
0.81738
0.81642
0.81548
0.81455
0.81365
0.81276
0.81189
0.81104
0.81021
0.80939
0.80859
0.80782
0.80706
0.80632
0.80561
0.80491
0.80424
0.80358
0.80295
0.80233
0.80173
0.80114
0.80057
0.80002
0.79947
0.79894
0.79842
0.7979
0.7974
0.79691
0.79642
0.79595
0.79548
0.79501
0.79455
0.7941
0.79365
0.79321
0.79276
0.79233
0.79189
0.79146
0.79103
0.79061
0.79019
