1
0.9763
0.96674
0.95967
0.95498
0.95166
0.94841
0.94561
0.94341
0.94178
0.93701
0.9328
0.92897
0.92542
0.92217
0.9192
0.91649
0.91403
0.91178
0.90975
0.9079
0.90621
0.90464
0.90315
0.90171
0.90031
0.89894
0.89759
0.89627
0.89497
0.8937
0.89244
0.8912
0.88997
0.88877
0.88758
0.88641
0.88525
0.8841
0.88295
0.88179
0.88063
0.87948
0.87834
0.87722
0.87612
0.87505
0.87402
0.87301
0.87204
0.8711
0.8702
0.86932
0.86846
0.86763
0.86681
0.86601
0.86523
0.86445
0.86368
0.86292
0.86216
0.8614
0.86064
0.85988
0.85913
0.85838
0.85763
0.85688
0.85614
0.85541
0.85468
0.85396
0.85325
0.85255
0.85186
0.85118
0.85051
0.84985
0.8492
0.84856
0.84793
0.84731
0.8467
0.8461
0.84551
0.84493
0.84436
0.84379
0.84324
0.84269
0.84215
0.84161
0.84108
0.84055
0.84002
0.8395
0.83897
0.83845
0.83792
0.8374
0.83687
0.83635
0.83584
0.83532
0.83481
0.8343
0.8338
0.8333
0.83281
0.83232
0.83182
0.83134
0.83086
0.83038
0.82991
0.82943
0.82896
0.8285
0.82803
0.82756
0.82709
0.82662
0.82615
0.82568
0.8252
0.82472
0.82424
0.82375
0.82327
0.82279
0.8223
