1
0.98006
0.97411
0.96952
0.96653
0.96437
0.96206
0.95999
0.95779
0.95626
0.95342
0.95105
0.94899
0.94717
0.94557
0.94415
0.94288
0.94175
0.94075
0.93987
0.93911
0.93844
0.93785
0.93733
0.93685
0.9364
0.93599
0.93559
0.93521
0.93484
0.93448
0.93412
0.93375
0.93339
0.93303
0.93268
0.93233
0.93198
0.93163
0.93127
0.9309
0.93052
0.93012
0.92972
0.92932
0.9289
0.92848
0.92804
0.92759
0.92713
0.92664
0.92614
0.92561
0.92507
0.9245
0.9239
0.92329
0.92266
0.92202
0.92137
0.92072
0.92008
0.91945
0.91882
0.91822
0.91763
0.91707
0.91652
0.91599
0.91548
0.91499
0.91452
0.91407
0.91363
0.91321
0.9128
0.91241
0.91202
0.91165
0.91128
0.91093
0.91058
0.91023
0.90988
0.90954
0.90919
0.90885
0.90849
0.90814
0.90778
0.90741
0.90704
0.90666
0.90628
0.90589
0.9055
0.9051
0.90471
0.90431
0.90392
0.90353
0.90315
0.90277
0.9024
0.90203
0.90167
0.90132
0.90098
0.90065
0.90032
0.89999
0.89967
0.89936
0.89905
0.89875
0.89845
0.89815
0.89786
0.89758
0.89729
0.89701
0.89674
0.89646
0.89619
0.89591
0.89564
0.89537
0.8951
0.89483
0.89456
0.8943
0.89403
