1
0.97667
0.96559
0.95855
0.95342
0.94937
0.94558
0.94269
0.9399
0.93753
0.93173
0.92621
0.92111
0.91626
0.91176
0.90745
0.90339
0.8995
0.8958
0.89226
0.88887
0.88561
0.88247
0.87944
0.87648
0.87361
0.8708
0.86805
0.86536
0.86271
0.8601
0.85752
0.85497
0.85243
0.8499
0.84737
0.84483
0.84227
0.83969
0.83709
0.83447
0.83184
0.82921
0.8266
0.82402
0.82148
0.819
0.81656
0.81418
0.81185
0.80958
0.80737
0.80519
0.80307
0.80098
0.79894
0.79693
0.79495
0.793
0.79109
0.7892
0.78733
0.7855
0.78368
0.78189
0.78012
0.77838
0.77666
0.77497
0.7733
0.77165
0.77003
0.76843
0.76685
0.7653
0.76376
0.76225
0.76076
0.75928
0.75783
0.75638
0.75495
0.75354
0.75213
0.75073
0.74934
0.74796
0.74658
0.74521
0.74384
0.74247
0.74111
0.73976
0.73842
0.73709
0.73577
0.73446
0.73317
0.73191
0.73067
0.72946
0.72828
0.72714
0.72604
0.72499
0.72398
0.72301
0.72209
0.7212
0.72036
0.71956
0.71879
0.71806
0.71736
0.71669
0.71605
0.71544
0.71485
0.71429
0.71374
0.71322
0.71272
0.71223
0.71176
0.7113
0.71085
0.71042
0.71
0.70958
0.70918
0.70878
0.70839
