1
0.975
0.96406
0.95685
0.95186
0.9476
0.94398
0.94102
0.93841
0.93589
0.92974
0.92376
0.91794
0.9122
0.90651
0.90087
0.89527
0.88977
0.88438
0.87918
0.87421
0.86947
0.86495
0.86065
0.85653
0.85259
0.84881
0.84518
0.84169
0.83834
0.83512
0.83202
0.82904
0.82619
0.82345
0.82084
0.81834
0.81595
0.81365
0.81142
0.80926
0.80717
0.80513
0.80315
0.80122
0.79934
0.79751
0.79572
0.79398
0.79227
0.79061
0.78898
0.78738
0.78583
0.78431
0.78281
0.78135
0.77992
0.77852
0.77715
0.7758
0.77448
0.77319
0.77193
0.77069
0.76947
0.76828
0.76711
0.76595
0.76482
0.7637
0.7626
0.7615
0.76041
0.75933
0.75826
0.7572
0.75614
0.75509
0.75405
0.75302
0.75201
0.751
0.75002
0.74905
0.74811
0.74719
0.7463
0.74544
0.74462
0.74383
0.74308
0.74238
0.74172
0.74111
0.74054
0.74003
0.73956
0.73914
0.73877
0.73843
0.73812
0.73783
0.73755
0.73729
0.73703
0.73677
0.7365
0.73623
0.73594
0.73565
0.73534
0.73503
0.7347
0.73437
0.73403
0.73369
0.73334
0.73299
0.73264
0.7323
0.73196
0.73162
0.73128
0.73096
0.73064
0.73033
0.73002
0.72973
0.72945
0.72918
0.72893
