1
1.0473
1.2807
1.3774
1.447
1.516
1.5612
1.6413
1.7079
1.7712
1.8281
1.8807
1.9288
1.9735
2.0153
2.0546
2.0917
2.1269
2.1604
2.1922
2.2225
2.2513
2.2785
2.3041
2.3285
2.3516
2.3736
2.3946
2.4149
2.4344
2.4533
2.4718
2.4899
2.5077
2.5252
2.5424
2.5593
2.5758
2.5919
2.6077
2.6231
2.6383
2.6532
2.6679
2.6824
2.6967
2.7107
2.7246
2.7383
2.7518
2.7652
2.7785
2.7916
2.8047
2.8177
2.8307
2.8437
2.8566
2.8695
2.8823
2.8952
2.9081
2.9209
2.9338
2.9465
2.9591
2.9715
2.9836
2.9954
3.0068
3.0178
3.0285
3.0388
3.0488
3.0585
3.068
3.0772
3.0862
3.0951
3.1037
3.1122
3.1205
3.1287
3.1368
3.1447
3.1524
3.1601
3.1676
3.1751
3.1824
3.1898
3.197
3.2043
3.2115
3.2187
3.2258
3.233
3.2402
3.2473
3.2545
3.2616
3.2688
3.276
3.2833
3.2906
3.2979
3.3052
3.3126
3.3201
3.3276
3.3351
3.3427
3.3502
3.3578
3.3654
3.3728
3.3802
3.3875
3.3947
3.4017
3.4086
3.4153
3.422
3.4285
3.4349
3.4412
3.4474
3.4535
3.4596
