1
0.94326
0.92838
0.91718
0.9105
0.90517
0.90189
0.89852
0.89634
0.89428
0.89291
0.89135
0.89047
0.88398
0.87877
0.87414
0.8704
0.86717
0.86461
0.86231
0.86001
0.85734
0.8542
0.85053
0.84663
0.84288
0.83951
0.83655
0.83398
0.83173
0.82977
0.82804
0.82651
0.82516
0.82397
0.82293
0.82203
0.82128
0.82067
0.8202
0.81988
0.81967
0.81955
0.8195
0.81955
0.81972
0.82002
0.82046
0.82102
0.82171
0.8225
0.8234
0.82443
0.82559
0.82689
0.82833
0.82987
0.83148
0.83312
0.83478
0.83643
0.83804
0.83958
0.84103
0.84235
0.84353
0.84452
0.84528
0.84582
0.84615
0.84634
0.84652
0.84678
0.84723
0.84791
0.84886
0.85007
0.85152
0.85319
0.85503
0.857
0.85907
0.8612
0.86338
0.86558
0.8678
0.87
0.87217
0.87432
0.87642
0.87848
0.88051
0.88251
0.88449
0.88646
