1
1.9055
1.316
1.0479
1.6883
1.3898
1.4011
1.5909
1.4009
1.6043
1.416
1.6427
1.4823
1.6575
1.5927
1.7181
1.6983
1.768
1.7834
1.8227
1.8453
1.8673
1.8882
1.9127
1.9374
1.9607
1.9844
2.0071
2.0297
2.0514
2.0728
2.0938
2.1147
2.1352
2.1552
2.1748
2.1942
2.214
2.2347
2.2561
2.2777
2.2987
2.3182
2.3356
2.351
2.365
2.3784
2.3916
2.4049
2.4184
2.4318
2.4452
2.4585
2.4718
2.4854
2.4995
2.5143
2.5296
2.5453
2.5614
2.5776
2.594
2.6101
2.6261
2.6421
2.6585
2.6753
2.6928
2.7107
2.7289
2.7472
2.7653
2.783
2.8005
2.8177
2.8349
2.8521
2.8697
2.8878
2.9067
2.9265
2.9474
2.9692
2.9918
3.0151
3.0386
3.0618
3.0842
3.1056
3.1255
3.144
3.1611
3.1771
3.1922
3.2068
