1
0.96394
0.95453
0.95031
0.94727
0.94419
0.9419
0.94025
0.93861
0.93715
0.93381
0.93276
0.92971
0.92663
0.92389
0.92118
0.91876
0.91634
0.91405
0.91181
0.90979
0.90796
0.90622
0.90457
0.903
0.90145
0.89989
0.89832
0.89673
0.89511
0.89347
0.89179
0.89008
0.88834
0.88658
0.8848
0.88299
0.88118
0.87937
0.87757
0.87577
0.874
0.87224
0.8705
0.86878
0.86709
0.86543
0.86379
0.86218
0.86058
0.85899
0.85741
0.85583
0.85426
0.85268
0.85111
0.84954
0.84797
0.84641
0.84486
0.84333
0.84182
0.84033
0.83888
0.83745
0.83606
0.83469
0.83336
0.83206
0.83078
0.82953
0.8283
0.82708
0.82589
0.8247
0.82352
0.82236
0.8212
0.82004
0.81889
0.81775
0.8166
0.81546
0.81432
0.81319
0.81206
0.81094
0.80983
0.80874
0.80765
0.80659
0.80554
0.80451
0.8035
0.80252
0.80156
0.80062
0.79971
0.79882
0.79796
0.79712
0.7963
0.7955
0.79472
0.79396
0.79321
0.79247
0.79175
0.79104
0.79034
0.78966
0.78898
0.78832
0.78767
0.78703
0.78639
0.78577
0.78515
0.78454
0.78394
0.78334
0.78274
0.78215
0.78156
0.78098
0.7804
0.77982
0.77924
0.77867
0.7781
0.77752
0.77695
0.77638
0.77581
0.77524
0.77467
0.7741
0.77353
0.77296
0.77239
0.77182
