1
0.96206
0.94736
0.93781
0.93625
0.93475
0.93324
0.93249
0.93251
0.93217
0.92999
0.92979
0.92762
0.92486
0.92265
0.92016
0.91783
0.9153
0.91277
0.91014
0.9075
0.90481
0.90213
0.89955
0.89717
0.89501
0.89316
0.89172
0.89083
0.89058
0.89096
0.89175
0.8926
0.89324
0.89352
0.89347
0.89312
0.89255
0.89181
0.89097
0.89009
0.8892
0.88835
0.88761
0.887
0.88656
0.88632
0.88625
0.88632
0.88643
0.8865
0.88649
0.88635
0.88609
0.88572
0.88525
0.8847
0.88409
0.88344
0.88276
0.88207
0.88139
0.88074
0.88012
0.87956
0.87907
0.87866
0.87834
0.87813
0.87801
0.87801
0.87811
0.87832
0.87863
0.87904
0.87954
0.88013
0.88082
0.88159
0.88244
0.88334
0.88425
0.88513
0.88594
0.88666
0.88728
0.8878
0.88823
0.88859
0.88889
0.88916
0.88942
0.88969
0.88999
0.89035
0.89079
0.89134
0.89203
0.89285
0.89382
0.89491
0.89609
0.89728
0.89843
0.8995
0.90047
0.90133
0.9021
0.9028
0.90344
0.90405
0.90465
0.90525
0.90585
0.90647
0.90708
0.90767
0.90822
0.90872
0.90913
0.90945
0.90968
0.90983
0.9099
0.90989
0.90982
0.90969
0.90951
0.90928
0.90901
0.90871
0.90838
0.90803
0.90765
0.90727
0.90688
0.9065
0.90613
0.90579
0.90549
0.90524
