66.2905
-0.79237
-0.78752
-0.79532
-0.79306
-0.79306
-0.8284
-0.78737
-0.79445
-0.80039
-0.77838
-0.78571
-0.77956
-0.82407
-0.78843
-0.7872
-0.78803
-0.79007
-0.82215
-0.78733
-0.77612
-0.79064
-0.79025
-0.79065
-0.78999
-0.75382
-0.73887
-0.82774
-0.81087
-0.80903
-0.78071
-0.8168
-0.81488
-0.84319
-0.81571
-0.8157
-0.86993
-0.85255
-0.83462
-0.81693
-0.78155
-0.77376
-0.87529
-0.7762
-0.80625
-0.81748
-0.85369
-0.77978
-0.7724
-0.77734
-0.71741
-0.89622
-0.8803
-0.87836
-0.84881
-0.88595
-0.94468
-0.95653
-1.0704
-1.0394
-1.0952
-1.3279
0
-1.5898
-1.6358
-2.0663
0
0
0
0
0
0
0
0
0
0
0
0
0
0
0
0
0
0
0
0
0
0
0
0
-3.1723
0
0
0
0
-2.8643
0
-4.1653
0
0
0
0
0
0
0
0
0
0
0
0
0
0
0
0
0
0
0
0
0
0
0
0
0
0
0
-0.79237
62.954
-0.7838
-0.79176
-0.7902
-0.7902
-0.82261
-0.78374
-0.79147
-0.79745
-0.77542
-0.78311
-0.77634
-0.81876
-0.78549
-0.7843
-0.78467
-0.78386
-0.81815
-0.78465
-0.77291
-0.78805
-0.78765
-0.78805
-0.78739
-0.75111
-0.7359
-0.82366
-0.80717
-0.80526
-0.77769
-0.81334
-0.81155
-0.83847
-0.81219
-0.81219
-0.86681
-0.8501
-0.83131
-0.81422
-0.77693
-0.77024
-0.87163
-0.7728
-0.79857
-0.81563
-0.85002
-0.77617
-0.76897
-0.80791
-0.71348
-0.89758
-0.87539
-0.87083
-0.84572
-0.87952
-0.94078
-0.95166
-1.0663
-1.0356
-1.0912
-1.3218
0
-1.5864
-1.6324
-2.0455
0
0
0
0
0
0
0
0
0
0
0
0
0
0
0
0
0
0
0
0
0
0
-2.8383
0
0
0
0
0
0
0
0
0
0
0
0
0
0
0
-4.2394
0
0
0
0
0
0
0
0
0
0
0
0
0
0
0
0
0
0
0
0
-0.78752
-0.7838
56.7602
-0.78559
-0.78628
-0.78628
-0.81968
-0.7799
-0.78738
-0.79335
-0.77121
-0.77876
-0.77245
-0.8162
-0.78138
-0.78019
-0.78139
-0.78281
-0.81432
-0.78047
-0.76961
-0.78397
-0.78358
-0.78397
-0.78331
-0.74687
-0.73154
-0.81992
-0.80358
-0.80273
-0.77319
-0.80912
-0.8072
-0.83442
-0.80793
-0.80792
-0.86288
-0.84591
-0.82673
-0.81001
-0.77296
-0.76597
-0.86726
-0.76852
-0.79915
-0.81058
-0.84512
-0.77237
-0.76466
-0.80372
-0.70596
-0.89511
-0.87155
-0.86768
-0.84173
-0.87845
-0.93574
-0.94762
-1.0611
-1.0306
-1.0866
-1.3167
-1.357
-1.5809
-1.6269
0
0
0
0
0
0
0
0
0
0
-1.8228
0
0
0
0
0
0
0
0
0
0
0
0
0
0
0
0
0
0
0
0
0
0
0
0
0
0
0
0
0
0
0
0
0
0
0
0
0
0
0
0
0
0
0
0
0
0
0
0
0
-0.79532
-0.79176
-0.78559
57.581
-0.79496
-0.79497
-0.82878
-0.78943
-0.79662
-0.80285
-0.78048
-0.78818
-0.78183
-0.82581
-0.79078
-0.7896
-0.79097
-0.79231
-0.82398
-0.78998
-0.77914
-0.79343
-0.79304
-0.79343
-0.79278
-0.75618
-0.74064
-0.82954
-0.8131
-0.81243
-0.78276
-0.81867
-0.8174
-0.84405
-0.81748
-0.81748
-0.87272
-0.85569
-0.83633
-0.81923
-0.78174
-0.77535
-0.87665
-0.77788
-0.8091
-0.82067
-0.85464
-0.78183
-0.77392
-0.8132
-0.71874
-0.90519
-0.88133
-0.87754
-0.85072
-0.88869
-0.94594
-0.95771
-1.0715
-1.0408
-1.0961
-1.3274
-1.3551
-1.5911
-1.6371
-2.0513
0
0
0
0
0
0
0
0
0
0
0
0
0
0
0
0
0
0
0
0
0
0
0
0
0
0
0
0
0
0
0
0
0
0
0
0
0
0
0
0
0
0
0
0
0
0
0
0
0
0
0
0
0
0
0
0
0
0
0
-0.79306
-0.7902
-0.78628
-0.79496
53.9199
-0.78665
-0.82446
-0.78492
-0.79244
-0.79885
-0.7761
-0.78391
-0.77763
-0.82065
-0.78655
-0.78541
-0.78687
-0.78889
-0.81995
-0.78589
-0.775
-0.78921
-0.78882
-0.78921
-0.78855
-0.75186
-0.73653
-0.82539
-0.80898
-0.80851
-0.77822
-0.81417
-0.81306
-0.83957
-0.81295
-0.81296
-0.86835
-0.85119
-0.832
-0.81524
-0.77948
-0.77081
-0.8726
-0.77339
-0.80479
-0.81609
-0.85159
-0.77762
-0.76941
-0.80899
-0.71503
-0.90093
-0.87684
-0.87673
-0.85058
-0.88505
-0.94093
-0.95292
-1.0663
-1.0356
-1.0919
-1.3229
0
-1.5851
-1.6309
0
0
0
0
0
0
0
0
0
0
0
0
0
0
0
0
0
0
0
0
0
0
0
0
0
0
0
0
0
0
0
0
0
0
0
0
0
0
0
0
0
0
0
0
0
0
0
0
0
0
0
0
0
0
0
0
0
0
0
0
-0.79306
-0.7902
-0.78628
-0.79497
-0.78665
53.9198
-0.82445
-0.78492
-0.79243
-0.79885
-0.77609
-0.78391
-0.77763
-0.82065
-0.78655
-0.78541
-0.78687
-0.78889
-0.81994
-0.78588
-0.775
-0.78921
-0.78882
-0.78921
-0.78855
-0.75185
-0.73652
-0.82538
-0.80897
-0.8085
-0.77821
-0.81417
-0.81308
-0.83957
-0.81295
-0.81295
-0.86834
-0.85119
-0.832
-0.81524
-0.77947
-0.7708
-0.8726
-0.77338
-0.80479
-0.81609
-0.85159
-0.77762
-0.76941
-0.809
-0.71503
-0.90093
-0.87684
-0.87673
-0.85058
-0.88505
-0.94094
-0.95292
-1.0663
-1.0356
-1.0919
-1.3229
0
-1.5851
-1.6309
0
0
0
0
0
0
0
0
0
0
0
0
0
0
0
0
0
0
0
0
0
0
0
0
0
0
0
0
0
0
0
0
0
0
0
0
0
0
0
0
0
0
0
0
0
0
0
0
0
0
0
0
0
0
0
0
0
0
0
0
-0.8284
-0.82261
-0.81968
-0.82878
-0.82446
-0.82445
59.5145
-0.81678
-0.82329
-0.82933
-0.80699
-0.81444
-0.80802
-0.85657
-0.81724
-0.81607
-0.81772
-0.81887
-0.85154
-0.81623
-0.80565
-0.81976
-0.81938
-0.81977
-0.81911
-0.78216
-0.76657
-0.85659
-0.84004
-0.83874
-0.80805
-0.845
-0.84475
-0.87212
-0.84385
-0.84385
-0.8991
-0.88138
-0.86379
-0.84472
-0.80978
-0.80121
-0.90372
-0.80374
-0.83559
-0.84512
-0.88237
-0.80771
-0.79984
-0.84745
-0.74601
-0.93051
-0.90761
-0.91002
-0.87898
-0.91818
-0.9728
-0.98302
-1.0989
-1.0762
-1.1239
-1.3545
0
0
0
0
0
0
0
0
0
0
0
0
0
0
0
0
0
0
0
0
0
0
0
0
0
0
0
0
0
0
0
0
0
0
0
0
0
0
0
0
0
0
0
0
0
0
0
0
0
0
0
0
0
0
-6.9214
0
0
0
0
0
0
0
0
-0.78737
-0.78374
-0.7799
-0.78943
-0.78492
-0.78492
-0.81678
52.5454
-0.78549
-0.79095
-0.76862
-0.77616
-0.76995
-0.8126
-0.77875
-0.77758
-0.7788
-0.78109
-0.81156
-0.7779
-0.76726
-0.78162
-0.78122
-0.78162
-0.78096
-0.74435
-0.72922
-0.81735
-0.80111
-0.79993
-0.77049
-0.80625
-0.79899
-0.83166
-0.80503
-0.80502
-0.86026
-0.84337
-0.82446
-0.80733
-0.77167
-0.76325
-0.86525
-0.76587
-0.79634
-0.80921
-0.84423
-0.77003
-0.7619
-0.80217
-0.70723
-0.89359
-0.86915
-0.85758
-0.84231
-0.87212
-0.93308
-0.94518
-1.0581
-1.0369
-1.0842
-1.3144
0
0
0
0
0
-2.3076
0
0
0
0
0
0
0
0
0
0
0
0
0
0
0
0
0
0
0
0
0
0
0
0
0
0
0
0
0
0
0
0
0
0
0
0
0
0
0
0
0
0
0
0
0
0
0
0
0
0
0
0
0
0
0
0
0
-0.79445
-0.79147
-0.78738
-0.79662
-0.79244
-0.79243
-0.82329
-0.78549
50.6747
-0.79777
-0.77447
-0.78202
-0.77646
-0.81875
-0.78557
-0.7845
-0.78595
-0.78807
-0.82004
-0.78479
-0.77409
-0.78847
-0.78808
-0.78847
-0.78781
-0.75088
-0.73582
-0.82406
-0.80765
-0.80704
-0.77722
-0.81326
-0.81229
-0.83828
-0.812
-0.812
-0.86699
-0.85006
-0.83168
-0.81372
-0.77857
-0.76979
-0.87167
-0.7724
-0.80367
-0.81517
-0.85079
-0.77665
-0.76844
-0.80867
-0.71491
-0.90015
-0.87559
-0.87651
-0.8496
-0.88535
-0.94014
-0.95198
-1.0655
-1.0442
-1.0913
-1.3217
0
0
0
0
0
0
0
0
0
0
0
0
0
0
0
0
0
0
0
0
0
0
0
0
0
0
0
0
0
0
0
0
0
0
0
0
0
0
0
0
0
0
0
0
0
0
0
0
0
0
0
0
0
0
0
0
0
0
0
0
0
0
0
-0.80039
-0.79745
-0.79335
-0.80285
-0.79885
-0.79885
-0.82933
-0.79095
-0.79777
51.7403
-0.78042
-0.78775
-0.78154
-0.8236
-0.79072
-0.78965
-0.79123
-0.79355
-0.82424
-0.77967
-0.77942
-0.79355
-0.79316
-0.79355
-0.79289
-0.75597
-0.74052
-0.82906
-0.81261
-0.812
-0.7828
-0.81854
-0.81864
-0.84343
-0.81731
-0.81731
-0.87221
-0.85549
-0.83675
-0.81811
-0.7837
-0.77501
-0.87307
-0.77762
-0.80886
-0.82251
-0.8558
-0.78177
-0.77365
-0.81436
-0.71943
-0.90561
-0.88052
-0.88186
-0.85519
-0.89062
-0.94655
-0.95764
-1.0723
0
-1.0953
0
0
0
0
0
0
0
0
0
0
0
0
0
0
0
0
0
0
0
-3.1334
0
0
0
0
0
0
0
0
0
0
0
0
0
0
0
0
0
0
0
0
0
0
0
0
0
0
0
0
0
0
0
0
0
0
0
0
0
0
0
0
0
0
0
0
-0.77838
-0.77542
-0.77121
-0.78048
-0.7761
-0.77609
-0.80699
-0.76862
-0.77447
-0.78042
48.3424
-0.76577
-0.75783
-0.80191
-0.76919
-0.76806
-0.76899
-0.77135
-0.8021
-0.76791
-0.75721
-0.77183
-0.77145
-0.77183
-0.77118
-0.73432
-0.7193
-0.80638
-0.79035
-0.78954
-0.76036
-0.79614
-0.79523
-0.82075
-0.79482
-0.79482
-0.84921
-0.83234
-0.81432
-0.79657
-0.7616
-0.75289
-0.85406
-0.75553
-0.7866
-0.79836
-0.83328
-0.75973
-0.75153
-0.79157
-0.69859
-0.88179
-0.85766
-0.85889
-0.83221
-0.86774
-0.92239
-0.93323
-1.0471
-1.0257
-1.0728
0
0
0
0
0
0
0
0
0
0
0
0
0
0
0
0
0
0
0
0
0
0
0
0
0
0
0
0
0
0
0
0
0
0
0
0
0
0
0
0
0
0
0
0
0
0
0
0
0
0
0
0
0
0
0
0
0
0
0
0
0
0
0
0
-0.78571
-0.78311
-0.77876
-0.78818
-0.78391
-0.78391
-0.81444
-0.77616
-0.78202
-0.78775
-0.76577
49.7227
-0.76715
-0.80881
-0.77616
-0.77504
-0.77636
-0.77712
-0.80973
-0.77522
-0.76447
-0.77887
-0.77848
-0.77887
-0.77821
-0.74137
-0.72646
-0.81366
-0.79747
-0.79681
-0.76532
-0.8036
-0.80062
-0.82814
-0.80232
-0.80231
-0.85633
-0.83998
-0.822
-0.80394
-0.76902
-0.76039
-0.86236
-0.76297
-0.79437
-0.8033
-0.84082
-0.76711
-0.75909
-0.79324
-0.70588
-0.88878
-0.86511
-0.86683
-0.83908
-0.87595
-0.93025
-0.9411
-1.0556
0
-1.0817
0
0
0
0
0
-1.9852
0
0
0
0
0
0
0
0
0
0
0
0
0
0
0
0
0
0
0
0
0
0
0
0
0
0
0
0
0
0
0
0
0
0
0
0
0
0
0
0
0
0
0
0
0
0
0
0
0
0
0
0
0
0
0
0
0
0
-0.77956
-0.77634
-0.77245
-0.78183
-0.77763
-0.77763
-0.80802
-0.76995
-0.77646
-0.78154
-0.75783
-0.76715
48.7732
-0.80146
-0.76962
-0.7684
-0.7692
-0.77116
-0.80108
-0.76817
-0.75736
-0.77214
-0.77175
-0.77214
-0.77149
-0.73467
-0.71948
-0.8064
-0.79069
-0.78962
-0.76068
-0.79667
-0.79563
-0.82095
-0.79539
-0.79538
-0.84933
-0.83252
-0.81473
-0.79675
-0.76208
-0.75347
-0.8544
-0.75613
-0.78703
-0.7988
-0.82408
-0.76013
-0.75212
-0.79257
-0.69918
-0.88121
-0.85748
-0.85968
-0.83053
-0.86836
-0.9234
-0.9336
-1.0483
0
0
0
0
0
0
0
0
0
0
0
0
0
0
0
0
0
0
-2.5114
0
0
0
0
0
0
0
0
0
0
0
0
0
0
0
0
0
0
0
0
0
0
0
0
0
0
0
0
0
0
0
0
0
0
0
0
0
0
0
0
0
0
0
0
0
0
0
-0.82407
-0.81876
-0.8162
-0.82581
-0.82065
-0.82065
-0.85657
-0.8126
-0.81875
-0.8236
-0.80191
-0.80881
-0.80146
55.5244
-0.81102
-0.80986
-0.81138
-0.8123
-0.84347
-0.80992
-0.79927
-0.81359
-0.81321
-0.8136
-0.81293
-0.77592
-0.76036
-0.84926
-0.83313
-0.83169
-0.80171
-0.83862
-0.83871
-0.86516
-0.83746
-0.83746
-0.89192
-0.87447
-0.85743
-0.83834
-0.80352
-0.79484
-0.89717
-0.79741
-0.82914
-0.83902
-0.87522
-0.80141
-0.7935
-0.84109
-0.74016
-0.92285
-0.89997
-0.90396
-0.87253
-0.91212
-0.96668
-0.97533
-1.0929
0
0
0
0
0
0
0
0
0
0
0
0
0
0
0
0
0
0
0
0
0
0
0
0
0
0
0
0
0
0
0
0
0
0
0
0
0
0
0
0
0
0
0
0
0
0
0
0
0
0
0
0
0
0
0
-6.8335
0
0
0
0
0
0
0
0
0
0
-0.78843
-0.78549
-0.78138
-0.79078
-0.78655
-0.78655
-0.81724
-0.77875
-0.78557
-0.79072
-0.76919
-0.77616
-0.76962
-0.81102
45.7247
-0.77721
-0.77831
-0.7805
-0.80951
-0.77704
-0.7658
-0.78137
-0.78096
-0.78137
-0.7807
-0.74293
-0.72788
-0.81576
-0.79947
-0.79867
-0.76922
-0.80522
-0.80437
-0.82966
-0.80383
-0.80382
-0.85822
-0.84163
-0.82367
-0.80572
-0.77052
-0.76162
-0.86349
-0.76426
-0.79557
-0.80812
-0.84251
-0.76861
-0.76023
-0.801
-0.70744
-0.89106
-0.86714
-0.86864
-0.84177
-0.87746
-0.9318
-0.94308
0
0
0
0
0
0
0
0
0
0
0
0
0
0
0
0
0
0
0
0
0
0
0
0
0
0
0
0
0
0
0
0
0
0
0
0
0
0
0
0
0
0
0
0
0
0
0
0
0
0
0
0
0
0
0
0
0
0
0
0
0
0
0
0
0
0
0
-0.7872
-0.7843
-0.78019
-0.7896
-0.78541
-0.78541
-0.81607
-0.77758
-0.7845
-0.78965
-0.76806
-0.77504
-0.7684
-0.80986
-0.77721
44.7085
-0.77727
-0.77852
-0.80839
-0.77446
-0.76306
-0.78037
-0.77997
-0.78037
-0.77971
-0.74147
-0.7264
-0.81492
-0.79841
-0.79827
-0.76782
-0.80388
-0.80293
-0.82819
-0.80247
-0.80245
-0.8567
-0.84011
-0.82227
-0.80434
-0.76915
-0.76023
-0.86198
-0.76294
-0.79422
-0.8069
-0.84111
-0.76734
-0.75891
-0.79971
-0.70626
-0.88954
-0.86578
-0.86706
-0.84025
-0.87563
-0.93024
0
0
0
0
0
0
0
0
0
0
0
0
0
0
0
0
0
0
0
0
0
0
0
0
0
0
0
0
0
0
0
0
0
0
0
0
0
0
0
0
0
0
0
0
0
0
0
0
0
0
0
0
0
0
0
0
0
0
0
0
0
0
0
0
0
0
0
0
-0.78803
-0.78467
-0.78139
-0.79097
-0.78687
-0.78687
-0.81772
-0.7788
-0.78595
-0.79123
-0.76899
-0.77636
-0.7692
-0.81138
-0.77831
-0.77727
46.931
-0.78017
-0.80944
-0.77744
-0.75578
-0.78126
-0.78087
-0.78126
-0.7806
-0.74302
-0.72825
-0.81476
-0.79928
-0.79781
-0.76937
-0.80528
-0.80431
-0.82966
-0.80392
-0.80391
-0.85822
-0.84171
-0.82382
-0.80623
-0.77054
-0.76172
-0.86365
-0.76436
-0.79463
-0.80846
-0.84184
-0.7685
-0.76036
-0.80117
-0.70732
-0.89038
-0.86716
-0.86857
0
-0.87588
-0.9323
0
0
0
0
0
0
0
0
0
0
0
0
0
0
0
0
-3.0038
0
0
0
0
0
0
0
0
0
0
0
0
0
0
0
0
0
0
0
0
0
0
0
0
0
0
0
0
0
0
0
0
0
0
0
0
0
0
0
0
0
0
0
0
0
0
0
0
0
0
0
-0.79007
-0.78386
-0.78281
-0.79231
-0.78889
-0.78889
-0.81887
-0.78109
-0.78807
-0.79355
-0.77135
-0.77712
-0.77116
-0.8123
-0.7805
-0.77852
-0.78017
48.0404
-0.81023
-0.77808
-0.7662
-0.78261
-0.78221
-0.78261
-0.78194
-0.74394
-0.72905
-0.81472
-0.79855
-0.79692
-0.77
-0.80647
-0.80564
-0.8318
-0.80522
-0.80521
-0.85704
-0.84066
-0.82531
-0.80763
-0.77118
-0.76281
-0.86463
-0.76562
-0.79068
-0.8081
-0.83966
-0.76412
-0.76175
-0.80155
-0.7086
-0.8859
0
0
0
0
0
0
0
0
0
0
0
0
0
0
0
0
-2.3214
0
0
0
0
0
0
0
0
0
0
0
0
-3.3793
-1.9134
0
0
0
0
0
0
0
0
0
0
0
0
0
0
0
0
0
0
0
0
0
0
0
0
0
0
0
0
0
0
0
0
0
0
0
0
0
0
0
0
0
0
-0.82215
-0.81815
-0.81432
-0.82398
-0.81995
-0.81994
-0.85154
-0.81156
-0.82004
-0.82424
-0.8021
-0.80973
-0.80108
-0.84347
-0.80951
-0.80839
-0.80944
-0.81023
50.2347
-0.80762
-0.79678
-0.81182
-0.81142
-0.81182
-0.81115
-0.77349
-0.75789
-0.84745
-0.83132
-0.8295
-0.79939
-0.83636
-0.83612
-0.86083
-0.8351
-0.83508
-0.88921
-0.87172
-0.85557
-0.83624
-0.80139
-0.7924
-0.8948
-0.79504
-0.82662
-0.83738
-0.87231
-0.79929
-0.79108
-0.83631
-0.73795
-0.92053
-0.89625
-0.90204
0
0
0
0
0
0
0
0
0
0
0
0
0
0
0
0
0
0
0
0
0
0
0
0
0
0
0
0
0
0
0
0
0
0
0
0
0
0
0
0
0
0
0
0
0
0
0
0
0
0
0
0
0
0
0
0
0
0
-6.4656
0
0
0
0
0
0
0
0
0
0
0
0
-0.78733
-0.78465
-0.78047
-0.78998
-0.78589
-0.78588
-0.81623
-0.7779
-0.78479
-0.77967
-0.76791
-0.77522
-0.76817
-0.80992
-0.77704
-0.77446
-0.77744
-0.77808
-0.80762
44.2411
-0.76037
-0.78108
-0.78068
-0.78109
-0.7804
-0.74081
-0.72504
-0.81621
-0.79675
-0.79672
-0.7672
-0.80319
-0.80319
-0.82685
-0.80172
-0.80171
-0.85515
-0.83884
-0.82143
-0.8026
-0.76844
-0.75938
-0.85641
-0.76209
-0.79322
-0.80714
-0.83973
-0.7663
-0.75809
-0.79927
-0.70495
-0.88909
-0.86515
0
0
0
0
0
0
0
0
0
0
0
0
0
0
0
0
0
0
0
0
0
0
0
0
0
0
0
-3.0821
0
0
0
0
0
0
0
0
0
0
0
0
0
0
0
0
0
0
0
0
0
0
0
0
0
0
0
0
0
0
0
0
0
0
0
0
0
0
0
0
0
0
0
0
-0.77612
-0.77291
-0.76961
-0.77914
-0.775
-0.775
-0.80565
-0.76726
-0.77409
-0.77942
-0.75721
-0.76447
-0.75736
-0.79927
-0.7658
-0.76306
-0.75578
-0.7662
-0.79678
-0.76037
43.5723
-0.77139
-0.77098
-0.77141
-0.77071
-0.73047
-0.7153
-0.80493
-0.78499
-0.78377
-0.75596
-0.79204
-0.79081
-0.81547
-0.79046
-0.79046
-0.84358
-0.82733
-0.81052
-0.79281
-0.75723
-0.74833
-0.84942
-0.75104
-0.78111
-0.79472
-0.82775
-0.75507
-0.74701
-0.78784
-0.69471
-0.87559
-0.85402
0
0
0
0
0
0
0
0
0
0
0
0
0
0
0
0
0
0
0
0
-2.9746
0
0
0
0
0
0
0
0
0
0
0
0
0
0
0
0
0
0
0
0
0
0
0
0
0
0
0
0
0
0
0
0
0
0
0
0
0
0
0
0
0
0
0
0
0
0
0
0
0
0
0
-0.79064
-0.78805
-0.78397
-0.79343
-0.78921
-0.78921
-0.81976
-0.78162
-0.78847
-0.79355
-0.77183
-0.77887
-0.77214
-0.81359
-0.78137
-0.78037
-0.78126
-0.78261
-0.81182
-0.78108
-0.77139
40.4826
-0.76226
-0.76275
-0.76193
-0.73918
-0.72347
-0.81706
-0.80811
-0.81118
-0.7712
-0.80796
-0.80881
-0.83442
-0.8066
-0.8066
-0.86135
-0.84479
-0.82737
-0.80924
-0.77346
-0.76379
-0.86676
-0.76666
-0.79904
-0.81247
-0.84668
-0.77198
-0.76307
-0.80455
-0.71046
-0.89512
0
0
0
0
0
0
0
0
0
0
0
0
0
0
0
0
0
0
0
0
0
0
0
0
0
0
0
0
0
0
0
0
0
0
0
0
0
0
0
0
0
0
0
0
0
0
0
0
0
0
0
0
0
0
0
0
0
0
0
0
0
0
0
0
0
0
0
0
0
0
0
0
0
-0.79025
-0.78765
-0.78358
-0.79304
-0.78882
-0.78882
-0.81938
-0.78122
-0.78808
-0.79316
-0.77145
-0.77848
-0.77175
-0.81321
-0.78096
-0.77997
-0.78087
-0.78221
-0.81142
-0.78068
-0.77098
-0.76226
40.4624
-0.76226
-0.76145
-0.73881
-0.72309
-0.81667
-0.80775
-0.81082
-0.7708
-0.80756
-0.80838
-0.834
-0.8062
-0.80619
-0.86091
-0.84436
-0.82696
-0.80882
-0.77304
-0.7634
-0.86633
-0.76625
-0.79864
-0.81206
-0.84627
-0.77157
-0.76268
-0.80414
-0.71008
-0.89469
0
0
0
0
0
0
0
0
0
0
0
0
0
0
0
0
0
0
0
0
0
0
0
0
0
0
0
0
0
0
0
0
0
0
0
0
0
0
0
0
0
0
0
0
0
0
0
0
0
0
0
0
0
0
0
0
0
0
0
0
0
0
0
0
0
0
0
0
0
0
0
0
0
-0.79065
-0.78805
-0.78397
-0.79343
-0.78921
-0.78921
-0.81977
-0.78162
-0.78847
-0.79355
-0.77183
-0.77887
-0.77214
-0.8136
-0.78137
-0.78037
-0.78126
-0.78261
-0.81182
-0.78109
-0.77141
-0.76275
-0.76226
40.4827
-0.76194
-0.73918
-0.72348
-0.81706
-0.80812
-0.81117
-0.7712
-0.80796
-0.8088
-0.83443
-0.80662
-0.80661
-0.86135
-0.84478
-0.82737
-0.80924
-0.77345
-0.76381
-0.86676
-0.76666
-0.79905
-0.81247
-0.84668
-0.77198
-0.76308
-0.80456
-0.71047
-0.89512
0
0
0
0
0
0
0
0
0
0
0
0
0
0
0
0
0
0
0
0
0
0
0
0
0
0
0
0
0
0
0
0
0
0
0
0
0
0
0
0
0
0
0
0
0
0
0
0
0
0
0
0
0
0
0
0
0
0
0
0
0
0
0
0
0
0
0
0
0
0
0
0
0
-0.78999
-0.78739
-0.78331
-0.79278
-0.78855
-0.78855
-0.81911
-0.78096
-0.78781
-0.79289
-0.77118
-0.77821
-0.77149
-0.81293
-0.7807
-0.77971
-0.7806
-0.78194
-0.81115
-0.7804
-0.77071
-0.76193
-0.76145
-0.76194
40.4488
-0.73856
-0.72282
-0.81642
-0.8075
-0.81057
-0.77053
-0.80728
-0.80808
-0.83372
-0.80593
-0.80592
-0.86062
-0.84407
-0.82667
-0.80855
-0.77278
-0.76313
-0.86603
-0.76598
-0.79836
-0.81178
-0.84598
-0.7713
-0.76241
-0.80387
-0.70982
-0.8944
0
0
0
0
0
0
0
0
0
0
0
0
0
0
0
0
0
0
0
0
0
0
0
0
0
0
0
0
0
0
0
0
0
0
0
0
0
0
0
0
0
0
0
0
0
0
0
0
0
0
0
0
0
0
0
0
0
0
0
0
0
0
0
0
0
0
0
0
0
0
0
0
0
-0.75382
-0.75111
-0.74687
-0.75618
-0.75186
-0.75185
-0.78216
-0.74435
-0.75088
-0.75597
-0.73432
-0.74137
-0.73467
-0.77592
-0.74293
-0.74147
-0.74302
-0.74394
-0.77349
-0.74081
-0.73047
-0.73918
-0.73881
-0.73918
-0.73856
37.6968
-0.69231
-0.77813
-0.76315
-0.76563
-0.73086
-0.76923
-0.76568
-0.79223
-0.76653
-0.76653
-0.8167
-0.80132
-0.78564
-0.76796
-0.73353
-0.72446
-0.82351
-0.72748
-0.75808
-0.77036
-0.80364
-0.73182
-0.72345
-0.76339
-0.67196
0
0
0
0
0
0
0
0
0
0
0
0
0
0
0
0
0
0
0
0
0
0
0
0
0
0
0
0
0
0
0
0
0
0
0
0
0
0
0
0
0
0
0
0
0
0
0
0
0
0
0
0
0
0
0
0
0
0
0
0
0
0
0
0
0
0
0
0
0
0
0
0
0
0
-0.73887
-0.7359
-0.73154
-0.74064
-0.73653
-0.73652
-0.76657
-0.72922
-0.73582
-0.74052
-0.7193
-0.72646
-0.71948
-0.76036
-0.72788
-0.7264
-0.72825
-0.72905
-0.75789
-0.72504
-0.7153
-0.72347
-0.72309
-0.72348
-0.72282
-0.69231
39.0873
-0.76154
-0.74699
-0.75176
-0.71497
-0.75231
-0.74585
-0.77336
-0.74935
-0.74935
-0.79672
-0.78179
-0.77052
-0.7354
-0.71664
-0.70798
-0.80252
-0.71068
-0.74147
-0.75229
-0.78422
-0.71505
-0.70839
0
0
0
0
0
0
0
0
0
0
0
0
0
0
0
0
0
0
0
0
0
0
0
0
0
0
0
0
0
0
0
0
0
0
0
0
0
0
0
0
0
0
0
0
0
-3.6054
0
0
0
0
0
0
0
0
0
0
0
0
0
0
0
0
0
0
0
0
0
0
0
0
0
0
0
0
0
0
-0.82774
-0.82366
-0.81992
-0.82954
-0.82539
-0.82538
-0.85659
-0.81735
-0.82406
-0.82906
-0.80638
-0.81366
-0.8064
-0.84926
-0.81576
-0.81492
-0.81476
-0.81472
-0.84745
-0.81621
-0.80493
-0.81706
-0.81667
-0.81706
-0.81642
-0.77813
-0.76154
45.9591
-0.83789
-0.83584
-0.80386
-0.84192
-0.84113
-0.86695
-0.84045
-0.84044
-0.89268
-0.87519
-0.86107
-0.84128
-0.80677
-0.79767
-0.89885
-0.80017
-0.83173
-0.84214
-0.87811
-0.80461
-0.79745
0
0
0
0
0
0
0
0
0
0
0
0
0
0
0
0
0
0
0
0
0
0
0
0
0
0
0
0
0
0
0
0
0
0
0
0
0
0
0
0
0
0
0
0
0
0
0
0
0
0
0
0
0
0
0
0
0
0
0
0
-6.2329
0
0
0
0
0
0
0
0
0
0
0
0
0
0
0
-0.81087
-0.80717
-0.80358
-0.8131
-0.80898
-0.80897
-0.84004
-0.80111
-0.80765
-0.81261
-0.79035
-0.79747
-0.79069
-0.83313
-0.79947
-0.79841
-0.79928
-0.79855
-0.83132
-0.79675
-0.78499
-0.80811
-0.80775
-0.80812
-0.8075
-0.76315
-0.74699
-0.83789
42.3605
-0.82826
-0.78344
-0.82301
-0.81862
-0.84527
-0.82144
-0.82144
-0.86757
-0.85109
-0.83924
-0.81975
-0.78719
-0.77882
-0.87577
-0.78139
-0.81246
0
0
0
-0.77959
0
0
0
0
0
0
0
0
0
0
0
0
0
0
0
0
0
0
0
0
0
0
0
0
0
0
0
0
0
0
0
0
0
0
0
0
0
0
0
0
0
0
0
0
0
0
0
0
0
0
0
0
0
0
0
0
0
0
0
0
0
0
0
0
-5.9122
0
0
0
0
0
0
0
0
0
0
0
-0.80903
-0.80526
-0.80273
-0.81243
-0.80851
-0.8085
-0.83874
-0.79993
-0.80704
-0.812
-0.78954
-0.79681
-0.78962
-0.83169
-0.79867
-0.79827
-0.79781
-0.79692
-0.8295
-0.79672
-0.78377
-0.81118
-0.81082
-0.81117
-0.81057
-0.76563
-0.75176
-0.83584
-0.82826
43.1444
-0.78272
-0.82242
-0.81668
-0.84364
-0.82075
-0.82075
-0.86639
-0.84978
-0.83874
-0.81917
-0.78626
-0.77839
-0.8748
-0.78061
0
0
0
0
0
0
0
0
0
0
0
0
0
0
0
0
0
0
0
0
0
0
0
0
0
0
0
0
0
0
0
0
0
0
0
-2.6071
0
0
0
0
0
0
0
0
0
0
0
0
0
0
0
0
0
0
0
0
0
0
0
0
0
0
0
0
0
0
0
0
0
0
0
-5.6975
0
0
0
0
0
0
0
0
0
-0.78071
-0.77769
-0.77319
-0.78276
-0.77822
-0.77821
-0.80805
-0.77049
-0.77722
-0.7828
-0.76036
-0.76532
-0.76068
-0.80171
-0.76922
-0.76782
-0.76937
-0.77
-0.79939
-0.7672
-0.75596
-0.7712
-0.7708
-0.7712
-0.77053
-0.73086
-0.71497
-0.80386
-0.78344
-0.78272
36.6616
-0.79994
-0.78828
-0.8187
-0.79652
-0.79652
-0.83884
-0.82604
-0.81365
-0.79612
-0.76291
-0.75394
-0.85072
-0.756
0
0
0
0
0
0
0
0
0
0
0
0
0
0
0
0
0
0
0
0
0
0
0
0
0
0
0
0
0
0
0
0
0
0
0
0
0
0
0
0
0
0
0
0
0
0
0
0
0
0
0
0
0
0
0
0
0
-3.0675
0
0
0
0
0
0
0
0
0
0
0
0
0
0
0
0
0
0
0
0
0
0
0
-0.8168
-0.81334
-0.80912
-0.81867
-0.81417
-0.81417
-0.845
-0.80625
-0.81326
-0.81854
-0.79614
-0.8036
-0.79667
-0.83862
-0.80522
-0.80388
-0.80528
-0.80647
-0.83636
-0.80319
-0.79204
-0.80796
-0.80756
-0.80796
-0.80728
-0.76923
-0.75231
-0.84192
-0.82301
-0.82242
-0.79994
31.9008
-0.84054
-0.86525
-0.84093
-0.84092
-0.90136
-0.86311
-0.85448
0
0
-0.79781
0
0
0
0
0
0
0
0
0
0
0
0
0
0
0
0
0
0
0
0
0
0
0
0
0
0
0
0
0
0
0
0
0
0
0
0
0
0
0
0
0
0
0
0
0
0
0
0
0
0
0
0
0
0
0
0
0
0
0
0
0
0
0
0
0
0
0
0
0
0
0
0
0
0
0
0
0
0
0
0
0
0
0
-0.81488
-0.81155
-0.8072
-0.8174
-0.81306
-0.81308
-0.84475
-0.79899
-0.81229
-0.81864
-0.79523
-0.80062
-0.79563
-0.83871
-0.80437
-0.80293
-0.80431
-0.80564
-0.83612
-0.80319
-0.79081
-0.80881
-0.80838
-0.8088
-0.80808
-0.76568
-0.74585
-0.84113
-0.81862
-0.81668
-0.78828
-0.84054
35.4981
-0.85455
-0.83402
-0.83401
-0.86997
0
0
0
0
0
0
0
0
0
0
0
0
0
0
0
0
0
0
0
0
0
0
0
0
0
0
0
0
0
0
-2.2522
0
0
0
0
0
0
0
0
0
0
0
0
0
0
0
0
0
0
0
0
0
0
0
0
0
-3.9731
0
0
0
0
0
0
0
0
0
0
0
0
0
0
0
0
0
0
0
0
0
0
0
0
0
0
0
0
0
0
0
-0.84319
-0.83847
-0.83442
-0.84405
-0.83957
-0.83957
-0.87212
-0.83166
-0.83828
-0.84343
-0.82075
-0.82814
-0.82095
-0.86516
-0.82966
-0.82819
-0.82966
-0.8318
-0.86083
-0.82685
-0.81547
-0.83442
-0.834
-0.83443
-0.83372
-0.79223
-0.77336
-0.86695
-0.84527
-0.84364
-0.8187
-0.86525
-0.85455
33.1988
-0.87002
-0.87002
0
0
0
0
0
0
0
0
0
0
0
0
0
0
0
0
0
0
0
0
0
0
0
0
0
0
0
0
0
0
0
0
0
0
0
0
0
0
0
0
0
0
0
0
0
0
0
0
0
0
0
0
0
0
0
0
0
0
0
0
-3.8801
0
0
0
0
0
0
0
0
0
0
0
0
0
0
0
0
0
0
0
0
0
0
0
0
0
0
0
0
-0.81571
-0.81219
-0.80793
-0.81748
-0.81295
-0.81295
-0.84385
-0.80503
-0.812
-0.81731
-0.79482
-0.80232
-0.79539
-0.83746
-0.80383
-0.80247
-0.80392
-0.80522
-0.8351
-0.80172
-0.79046
-0.8066
-0.8062
-0.80662
-0.80593
-0.76653
-0.74935
-0.84045
-0.82144
-0.82075
-0.79652
-0.84093
-0.83402
-0.87002
28.4598
-0.86434
0
0
0
0
0
0
0
0
0
0
0
0
0
0
0
0
0
0
0
0
0
0
0
0
0
0
0
0
0
0
0
0
0
0
0
0
0
0
0
0
0
0
0
0
0
0
0
0
0
0
0
0
0
0
0
0
0
0
0
0
0
0
0
0
0
0
0
0
0
0
0
0
0
0
0
0
0
0
0
0
0
0
0
0
0
0
0
0
0
-0.8157
-0.81219
-0.80792
-0.81748
-0.81296
-0.81295
-0.84385
-0.80502
-0.812
-0.81731
-0.79482
-0.80231
-0.79538
-0.83746
-0.80382
-0.80245
-0.80391
-0.80521
-0.83508
-0.80171
-0.79046
-0.8066
-0.80619
-0.80661
-0.80592
-0.76653
-0.74935
-0.84044
-0.82144
-0.82075
-0.79652
-0.84092
-0.83401
-0.87002
-0.86434
28.4597
0
0
0
0
0
0
0
0
0
0
0
0
0
0
0
0
0
0
0
0
0
0
0
0
0
0
0
0
0
0
0
0
0
0
0
0
0
0
0
0
0
0
0
0
0
0
0
0
0
0
0
0
0
0
0
0
0
0
0
0
0
0
0
0
0
0
0
0
0
0
0
0
0
0
0
0
0
0
0
0
0
0
0
0
0
0
0
0
0
-0.86993
-0.86681
-0.86288
-0.87272
-0.86835
-0.86834
-0.8991
-0.86026
-0.86699
-0.87221
-0.84921
-0.85633
-0.84933
-0.89192
-0.85822
-0.8567
-0.85822
-0.85704
-0.88921
-0.85515
-0.84358
-0.86135
-0.86091
-0.86135
-0.86062
-0.8167
-0.79672
-0.89268
-0.86757
-0.86639
-0.83884
-0.90136
-0.86997
0
0
0
33.7252
0
0
0
0
0
0
0
0
0
0
0
0
0
0
0
0
0
0
0
0
0
0
0
0
0
0
0
0
0
0
0
0
0
0
0
0
0
0
0
0
0
0
0
0
0
0
0
0
0
0
0
0
0
0
0
0
0
0
0
0
0
0
0
0
0
0
0
0
0
0
0
0
0
-5.2582
0
0
0
0
0
0
0
0
0
0
0
0
0
0
-0.85255
-0.8501
-0.84591
-0.85569
-0.85119
-0.85119
-0.88138
-0.84337
-0.85006
-0.85549
-0.83234
-0.83998
-0.83252
-0.87447
-0.84163
-0.84011
-0.84171
-0.84066
-0.87172
-0.83884
-0.82733
-0.84479
-0.84436
-0.84478
-0.84407
-0.80132
-0.78179
-0.87519
-0.85109
-0.84978
-0.82604
-0.86311
0
0
0
0
0
31.8928
0
0
0
0
0
0
0
0
0
0
0
0
0
0
0
0
0
0
0
0
0
0
0
0
0
0
0
0
0
0
0
0
0
0
0
0
0
0
0
0
0
0
0
0
0
0
0
0
0
0
0
0
0
0
0
0
0
0
0
0
0
0
0
0
0
0
0
0
0
0
0
0
0
-4.8482
0
0
0
0
0
0
0
0
0
0
0
0
0
-0.83462
-0.83131
-0.82673
-0.83633
-0.832
-0.832
-0.86379
-0.82446
-0.83168
-0.83675
-0.81432
-0.822
-0.81473
-0.85743
-0.82367
-0.82227
-0.82382
-0.82531
-0.85557
-0.82143
-0.81052
-0.82737
-0.82696
-0.82737
-0.82667
-0.78564
-0.77052
-0.86107
-0.83924
-0.83874
-0.81365
-0.85448
0
0
0
0
0
0
28.6698
0
0
0
0
0
0
0
0
0
0
0
0
0
0
0
0
0
0
0
0
0
0
0
0
0
0
0
0
0
0
0
-2.1574
0
0
0
0
0
0
0
0
0
0
0
0
0
0
0
0
0
0
0
0
0
0
0
0
0
0
0
0
0
0
0
0
0
0
0
0
0
0
0
0
0
0
0
0
0
0
0
0
0
0
0
0
0
0
-0.81693
-0.81422
-0.81001
-0.81923
-0.81524
-0.81524
-0.84472
-0.80733
-0.81372
-0.81811
-0.79657
-0.80394
-0.79675
-0.83834
-0.80572
-0.80434
-0.80623
-0.80763
-0.83624
-0.8026
-0.79281
-0.80924
-0.80882
-0.80924
-0.80855
-0.76796
-0.7354
-0.84128
-0.81975
-0.81917
-0.79612
0
0
0
0
0
0
0
0
28.0027
0
0
0
0
0
0
0
0
0
0
0
0
0
0
0
0
0
0
0
0
0
0
0
0
0
0
0
0
0
0
0
0
0
0
0
0
0
0
0
0
0
0
0
-2.9212
0
0
0
0
0
0
0
0
0
0
0
0
0
0
0
0
0
0
0
0
0
0
0
0
0
0
0
0
0
0
0
0
0
0
0
0
0
0
0
0
0
-0.78155
-0.77693
-0.77296
-0.78174
-0.77948
-0.77947
-0.80978
-0.77167
-0.77857
-0.7837
-0.7616
-0.76902
-0.76208
-0.80352
-0.77052
-0.76915
-0.77054
-0.77118
-0.80139
-0.76844
-0.75723
-0.77346
-0.77304
-0.77345
-0.77278
-0.73353
-0.71664
-0.80677
-0.78719
-0.78626
-0.76291
0
0
0
0
0
0
0
0
0
25.3263
0
0
0
0
0
0
0
0
0
0
0
0
0
0
0
0
0
0
0
0
0
-1.3198
0
0
0
0
0
0
0
0
0
0
0
0
0
0
0
0
0
0
0
0
0
0
0
0
0
0
0
0
0
0
0
0
0
0
0
0
0
0
0
0
0
0
0
0
0
0
0
0
0
0
0
0
0
0
0
0
0
0
0
0
0
0
-0.77376
-0.77024
-0.76597
-0.77535
-0.77081
-0.7708
-0.80121
-0.76325
-0.76979
-0.77501
-0.75289
-0.76039
-0.75347
-0.79484
-0.76162
-0.76023
-0.76172
-0.76281
-0.7924
-0.75938
-0.74833
-0.76379
-0.7634
-0.76381
-0.76313
-0.72446
-0.70798
-0.79767
-0.77882
-0.77839
-0.75394
-0.79781
0
0
0
0
0
0
0
0
0
24.5375
0
0
0
0
0
0
0
0
0
0
0
0
0
0
0
0
0
0
0
0
0
0
0
0
0
0
0
0
0
0
0
0
0
0
0
0
0
0
0
0
0
0
0
0
0
0
0
0
0
0
0
0
0
0
0
0
0
0
0
0
0
0
0
0
0
0
0
0
0
0
0
0
0
0
0
0
0
0
0
0
0
0
0
-0.87529
-0.87163
-0.86726
-0.87665
-0.8726
-0.8726
-0.90372
-0.86525
-0.87167
-0.87307
-0.85406
-0.86236
-0.8544
-0.89717
-0.86349
-0.86198
-0.86365
-0.86463
-0.8948
-0.85641
-0.84942
-0.86676
-0.86633
-0.86676
-0.86603
-0.82351
-0.80252
-0.89885
-0.87577
-0.8748
-0.85072
0
0
0
0
0
0
0
0
0
0
0
30.9972
0
0
0
0
0
0
0
0
0
0
0
0
0
0
0
0
0
0
0
0
0
0
0
0
0
0
0
0
0
0
0
0
0
0
0
0
0
0
0
0
0
0
-4.1331
0
0
0
0
0
0
0
0
0
0
0
0
0
0
0
0
0
0
0
0
0
0
0
0
0
0
0
0
0
0
0
0
0
0
0
0
0
0
0
-0.7762
-0.7728
-0.76852
-0.77788
-0.77339
-0.77338
-0.80374
-0.76587
-0.7724
-0.77762
-0.75553
-0.76297
-0.75613
-0.79741
-0.76426
-0.76294
-0.76436
-0.76562
-0.79504
-0.76209
-0.75104
-0.76666
-0.76625
-0.76666
-0.76598
-0.72748
-0.71068
-0.80017
-0.78139
-0.78061
-0.756
0
0
0
0
0
0
0
0
0
0
0
0
23.8211
0
0
0
0
0
0
0
0
0
0
0
0
0
0
0
0
0
0
0
0
0
0
0
0
0
0
0
0
0
0
0
0
0
0
0
0
0
0
0
0
0
0
0
0
0
0
0
0
0
0
0
0
0
0
0
0
0
0
0
0
0
0
0
0
0
0
0
0
0
0
0
0
0
0
0
0
0
0
0
0
0
-0.80625
-0.79857
-0.79915
-0.8091
-0.80479
-0.80479
-0.83559
-0.79634
-0.80367
-0.80886
-0.7866
-0.79437
-0.78703
-0.82914
-0.79557
-0.79422
-0.79463
-0.79068
-0.82662
-0.79322
-0.78111
-0.79904
-0.79864
-0.79905
-0.79836
-0.75808
-0.74147
-0.83173
-0.81246
0
0
0
0
0
0
0
0
0
0
0
0
0
0
0
27.3136
0
0
0
0
0
0
0
0
0
0
0
0
0
0
0
0
0
0
0
0
0
0
0
0
0
0
0
0
0
0
0
0
0
0
0
0
0
0
0
0
0
0
0
0
0
0
0
0
0
0
0
0
0
-4.1345
0
0
0
0
0
0
0
0
0
0
0
0
0
0
0
0
0
0
0
0
0
0
0
0
0
0
-0.81748
-0.81563
-0.81058
-0.82067
-0.81609
-0.81609
-0.84512
-0.80921
-0.81517
-0.82251
-0.79836
-0.8033
-0.7988
-0.83902
-0.80812
-0.8069
-0.80846
-0.8081
-0.83738
-0.80714
-0.79472
-0.81247
-0.81206
-0.81247
-0.81178
-0.77036
-0.75229
-0.84214
0
0
0
0
0
0
0
0
0
0
0
0
0
0
0
0
0
28.9849
0
0
0
0
0
0
0
0
0
0
0
0
0
0
0
0
0
0
0
0
0
0
0
0
0
0
0
0
0
0
-2.4048
0
0
0
0
0
0
0
0
0
0
0
0
0
0
0
-3.8677
0
0
0
0
0
0
0
0
0
0
0
0
0
0
0
0
0
0
0
0
0
0
0
0
0
0
0
0
0
0
0
0
-0.85369
-0.85002
-0.84512
-0.85464
-0.85159
-0.85159
-0.88237
-0.84423
-0.85079
-0.8558
-0.83328
-0.84082
-0.82408
-0.87522
-0.84251
-0.84111
-0.84184
-0.83966
-0.87231
-0.83973
-0.82775
-0.84668
-0.84627
-0.84668
-0.84598
-0.80364
-0.78422
-0.87811
0
0
0
0
0
0
0
0
0
0
0
0
0
0
0
0
0
0
29.898
0
0
0
0
0
0
0
0
0
0
0
0
0
0
0
0
0
0
0
0
0
0
0
0
0
0
0
0
0
0
-2.4483
0
0
0
0
0
0
0
0
0
0
0
0
0
0
0
0
0
0
0
0
0
0
0
0
-3.7799
0
0
0
0
0
0
0
0
0
0
0
0
0
0
0
0
0
0
0
0
0
0
-0.77978
-0.77617
-0.77237
-0.78183
-0.77762
-0.77762
-0.80771
-0.77003
-0.77665
-0.78177
-0.75973
-0.76711
-0.76013
-0.80141
-0.76861
-0.76734
-0.7685
-0.76412
-0.79929
-0.7663
-0.75507
-0.77198
-0.77157
-0.77198
-0.7713
-0.73182
-0.71505
-0.80461
0
0
0
0
0
0
0
0
0
0
0
0
0
0
0
0
0
0
0
23.4444
0
0
0
0
0
0
0
0
0
0
0
0
0
0
0
0
0
0
0
0
0
0
0
0
0
0
0
0
0
0
0
0
0
0
-1.8269
0
0
0
0
0
0
0
0
0
0
0
0
0
0
0
0
0
0
0
0
0
0
0
0
0
0
0
0
0
0
0
0
0
0
0
0
0
0
0
0
0
0
-0.7724
-0.76897
-0.76466
-0.77392
-0.76941
-0.76941
-0.79984
-0.7619
-0.76844
-0.77365
-0.75153
-0.75909
-0.75212
-0.7935
-0.76023
-0.75891
-0.76036
-0.76175
-0.79108
-0.75809
-0.74701
-0.76307
-0.76268
-0.76308
-0.76241
-0.72345
-0.70839
-0.79745
-0.77959
0
0
0
0
0
0
0
0
0
0
0
0
0
0
0
0
0
0
0
22.1764
0
0
0
0
0
0
0
0
0
0
0
0
0
0
0
0
0
0
0
0
0
0
0
0
0
0
0
0
0
0
0
0
0
0
0
0
0
0
0
0
0
0
0
0
0
0
0
0
0
0
0
0
0
0
0
0
0
0
0
0
0
0
0
0
0
0
0
0
0
0
0
0
0
0
0
0
-0.77734
-0.80791
-0.80372
-0.8132
-0.80899
-0.809
-0.84745
-0.80217
-0.80867
-0.81436
-0.79157
-0.79324
-0.79257
-0.84109
-0.801
-0.79971
-0.80117
-0.80155
-0.83631
-0.79927
-0.78784
-0.80455
-0.80414
-0.80456
-0.80387
-0.76339
0
0
0
0
0
0
0
0
0
0
0
0
0
0
0
0
0
0
0
0
0
0
0
26.4665
0
0
0
0
0
0
0
0
0
0
0
0
0
0
0
0
-1.8986
0
0
0
0
0
0
0
0
0
0
0
0
0
0
0
0
0
0
0
0
0
0
0
0
0
0
0
0
0
0
-3.6493
0
0
0
0
0
0
0
0
0
0
0
0
0
0
0
0
0
0
0
0
0
0
0
0
0
0
0
-0.71741
-0.71348
-0.70596
-0.71874
-0.71503
-0.71503
-0.74601
-0.70723
-0.71491
-0.71943
-0.69859
-0.70588
-0.69918
-0.74016
-0.70744
-0.70626
-0.70732
-0.7086
-0.73795
-0.70495
-0.69471
-0.71046
-0.71008
-0.71047
-0.70982
-0.67196
0
0
0
0
0
0
0
0
0
0
0
0
0
0
0
0
0
0
0
0
0
0
0
0
22.061
0
0
0
0
0
0
0
0
0
0
0
0
0
0
0
0
0
0
0
-1.9345
0
0
0
0
-1.6295
0
0
0
0
0
0
0
0
0
0
0
0
0
0
0
0
0
0
0
0
0
0
0
0
0
0
0
0
0
0
0
0
0
0
0
0
0
0
0
0
0
0
0
0
0
0
0
0
0
-0.89622
-0.89758
-0.89511
-0.90519
-0.90093
-0.90093
-0.93051
-0.89359
-0.90015
-0.90561
-0.88179
-0.88878
-0.88121
-0.92285
-0.89106
-0.88954
-0.89038
-0.8859
-0.92053
-0.88909
-0.87559
-0.89512
-0.89469
-0.89512
-0.8944
0
0
0
0
0
0
0
0
0
0
0
0
0
0
0
0
0
0
0
0
0
0
0
0
0
0
32.2751
0
0
0
0
0
0
0
0
0
0
0
0
0
0
0
0
0
-2.0586
0
0
0
0
0
0
0
0
0
0
0
0
0
0
0
0
0
0
0
0
0
-3.2933
0
0
0
0
0
0
0
0
0
0
0
0
0
0
0
0
0
0
0
0
0
0
0
0
0
0
0
0
-4.5014
0
0
0
0
-0.8803
-0.87539
-0.87155
-0.88133
-0.87684
-0.87684
-0.90761
-0.86915
-0.87559
-0.88052
-0.85766
-0.86511
-0.85748
-0.89997
-0.86714
-0.86578
-0.86716
0
-0.89625
-0.86515
-0.85402
0
0
0
0
0
0
0
0
0
0
0
0
0
0
0
0
0
0
0
0
0
0
0
0
0
0
0
0
0
0
0
25.8365
0
0
0
0
0
0
0
0
0
0
0
0
0
0
0
0
0
0
0
0
0
0
0
0
0
0
0
0
0
0
0
0
0
0
0
0
0
0
0
0
0
0
0
-3.6407
0
0
0
0
0
0
0
0
0
0
0
0
0
0
0
0
0
0
0
0
-4.7051
0
0
0
0
0
0
0
-0.87836
-0.87083
-0.86768
-0.87754
-0.87673
-0.87673
-0.91002
-0.85758
-0.87651
-0.88186
-0.85889
-0.86683
-0.85968
-0.90396
-0.86864
-0.86706
-0.86857
0
-0.90204
0
0
0
0
0
0
0
0
0
0
0
0
0
0
0
0
0
0
0
0
0
0
0
0
0
0
0
0
0
0
0
0
0
0
19.2911
0
0
0
0
0
0
0
0
-1.3829
0
0
0
0
-2.1387
0
0
0
0
0
0
0
0
0
0
0
0
0
0
0
0
0
0
0
0
0
0
0
0
0
0
0
0
0
0
0
0
0
0
0
0
0
0
0
0
0
0
0
0
0
0
0
0
0
0
0
0
0
0
0
0
0
-0.84881
-0.84572
-0.84173
-0.85072
-0.85058
-0.85058
-0.87898
-0.84231
-0.8496
-0.85519
-0.83221
-0.83908
-0.83053
-0.87253
-0.84177
-0.84025
0
0
0
0
0
0
0
0
0
0
0
0
0
0
0
0
0
0
0
0
0
0
0
0
0
0
0
0
0
0
0
0
0
0
0
0
0
0
17.9287
0
0
0
0
0
0
0
-1.3231
0
0
0
0
0
0
-1.9125
0
0
0
0
-1.1225
0
0
0
0
0
0
0
0
0
0
0
0
0
0
0
0
0
0
0
0
0
0
0
0
0
0
0
0
0
0
0
0
0
0
0
0
0
0
0
0
0
0
0
0
0
0
0
0
0
0
-0.88595
-0.87952
-0.87845
-0.88869
-0.88505
-0.88505
-0.91818
-0.87212
-0.88535
-0.89062
-0.86774
-0.87595
-0.86836
-0.91212
-0.87746
-0.87563
-0.87588
0
0
0
0
0
0
0
0
0
0
0
0
0
0
0
0
0
0
0
0
0
0
0
0
0
0
0
0
0
0
0
0
0
0
0
0
0
0
19.4504
0
0
0
0
0
0
0
0
0
0
0
0
0
0
-2.0882
-2.3401
0
0
0
0
0
0
0
0
0
0
0
0
0
0
0
0
0
0
0
0
0
0
0
0
0
0
0
0
0
0
0
0
0
0
0
0
0
0
0
0
0
0
0
0
0
0
0
0
0
0
0
0
0
-0.94468
-0.94078
-0.93574
-0.94594
-0.94093
-0.94094
-0.9728
-0.93308
-0.94014
-0.94655
-0.92239
-0.93025
-0.9234
-0.96668
-0.9318
-0.93024
-0.9323
0
0
0
0
0
0
0
0
0
0
0
0
0
0
0
0
0
0
0
0
0
0
0
0
0
0
0
0
0
0
0
0
0
0
0
0
0
0
0
15.9786
0
0
0
0
0
0
0
0
0
0
0
0
0
0
0
0
0
0
0
0
0
0
0
0
0
0
0
0
0
0
0
0
0
0
0
0
0
0
0
0
0
0
0
0
0
0
0
0
0
0
0
0
0
0
0
0
0
0
0
0
0
0
0
0
0
0
0
0
-0.95653
-0.95166
-0.94762
-0.95771
-0.95292
-0.95292
-0.98302
-0.94518
-0.95198
-0.95764
-0.93323
-0.9411
-0.9336
-0.97533
-0.94308
0
0
0
0
0
0
0
0
0
0
0
0
0
0
0
0
0
0
0
0
0
0
0
0
0
0
0
0
0
0
0
0
0
0
0
0
0
0
0
0
0
0
18.7197
0
0
0
0
0
0
0
0
0
0
0
0
0
0
0
0
0
0
0
0
0
0
0
0
0
0
0
0
0
0
0
0
0
0
0
0
0
0
0
0
0
0
0
0
0
0
0
0
0
-4.4361
0
0
0
0
0
0
0
0
0
0
0
0
0
0
0
0
0
-1.0704
-1.0663
-1.0611
-1.0715
-1.0663
-1.0663
-1.0989
-1.0581
-1.0655
-1.0723
-1.0471
-1.0556
-1.0483
-1.0929
0
0
0
0
0
0
0
0
0
0
0
0
0
0
0
0
0
0
0
0
0
0
0
0
0
0
0
0
0
0
0
0
0
0
0
0
0
0
0
0
0
0
0
0
14.9407
0
0
0
0
0
0
0
0
0
0
0
0
0
0
0
0
0
0
0
0
0
0
0
0
0
0
0
0
0
0
0
0
0
0
0
0
0
0
0
0
0
0
0
0
0
0
0
0
0
0
0
0
0
0
0
0
0
0
0
0
0
0
0
0
0
0
-1.0394
-1.0356
-1.0306
-1.0408
-1.0356
-1.0356
-1.0762
-1.0369
-1.0442
0
-1.0257
0
0
0
0
0
0
0
0
0
0
0
0
0
0
0
0
0
0
0
0
0
0
0
0
0
0
0
0
0
0
0
0
0
0
0
0
0
0
0
0
0
0
0
0
0
0
0
0
14.2561
0
0
0
-1.5074
0
0
0
0
0
0
0
0
0
0
0
0
-2.348
0
0
0
0
0
0
0
0
0
0
0
0
0
0
0
0
0
0
0
0
0
0
0
0
0
0
0
0
0
0
0
0
0
0
0
0
0
0
0
0
0
0
0
0
0
0
0
0
-1.0952
-1.0912
-1.0866
-1.0961
-1.0919
-1.0919
-1.1239
-1.0842
-1.0913
-1.0953
-1.0728
-1.0817
0
0
0
0
0
0
0
0
0
0
0
0
0
0
0
0
0
0
0
0
0
0
0
0
0
0
0
0
0
0
0
0
0
0
0
0
0
0
0
0
0
0
0
0
0
0
0
0
13.102
0
0
0
0
0
0
0
0
0
0
0
0
0
0
0
0
0
0
0
0
0
0
0
0
0
0
0
0
0
0
0
0
0
0
0
0
0
0
0
0
0
0
0
0
0
0
0
0
0
0
0
0
0
0
0
0
0
0
0
0
0
0
0
0
-1.3279
-1.3218
-1.3167
-1.3274
-1.3229
-1.3229
-1.3545
-1.3144
-1.3217
0
0
0
0
0
0
0
0
0
0
0
0
0
0
0
0
0
0
0
0
0
0
0
0
0
0
0
0
0
0
0
0
0
0
0
0
0
0
0
0
0
0
0
0
0
0
0
0
0
0
0
0
16.4629
0
0
0
0
0
0
0
0
0
0
0
0
0
0
0
0
0
0
0
0
0
0
0
0
0
0
0
0
0
0
0
0
0
0
0
0
0
0
0
0
0
0
0
0
0
0
0
0
0
0
0
0
0
0
0
0
-4.5326
0
0
0
0
0
0
0
0
-1.357
-1.3551
0
0
0
0
0
0
0
0
0
0
0
0
0
0
0
0
0
0
0
0
0
0
0
0
0
0
0
0
0
0
0
0
0
0
0
0
-1.3198
0
0
0
0
0
0
0
0
0
0
0
0
-1.3829
-1.3231
0
0
0
0
0
0
0
18.4987
0
0
-2.1236
0
0
0
0
0
0
-2.4629
0
0
0
0
0
0
0
0
0
0
0
0
0
0
-3.4997
0
0
0
0
0
0
0
0
0
0
0
0
0
0
0
-3.6747
0
0
0
0
0
0
0
0
0
0
0
0
0
0
0
0
0
0
0
0
0
-1.5898
-1.5864
-1.5809
-1.5911
-1.5851
-1.5851
0
0
0
0
0
0
0
0
0
0
0
0
0
0
0
0
0
0
0
0
0
0
0
0
0
0
0
0
0
0
0
0
0
0
0
0
0
0
0
0
0
0
0
0
0
0
0
0
0
0
0
0
0
-1.5074
0
0
0
11.0258
0
0
0
0
0
0
0
0
0
0
0
0
0
0
0
0
0
0
0
0
0
0
0
0
0
0
0
0
0
0
0
0
0
0
0
0
0
0
0
0
0
0
0
0
0
0
0
0
0
0
0
0
0
0
0
0
0
0
0
0
0
-1.6358
-1.6324
-1.6269
-1.6371
-1.6309
-1.6309
0
0
0
0
0
0
0
0
0
0
0
0
0
0
0
0
0
0
0
0
0
0
0
0
0
0
0
0
0
0
0
0
0
0
0
0
0
0
0
0
0
0
0
0
0
0
0
0
0
0
0
0
0
0
0
0
0
0
9.7939
0
0
0
0
0
0
0
0
0
0
0
0
0
0
0
0
0
0
0
0
0
0
0
0
0
0
0
0
0
0
0
0
0
0
0
0
0
0
0
0
0
0
0
0
0
0
0
0
0
0
0
0
0
0
0
0
0
0
0
0
-2.0663
-2.0455
0
-2.0513
0
0
0
0
0
0
0
0
0
0
0
0
0
0
0
0
0
0
0
0
0
0
0
0
0
0
0
0
0
0
0
0
0
0
0
0
0
0
0
0
0
0
0
0
0
0
0
0
0
0
0
0
0
0
0
0
0
0
-2.1236
0
0
12.4487
0
0
0
0
0
0
0
0
0
0
0
0
0
0
0
0
0
0
0
0
0
0
0
0
0
0
0
0
0
0
0
0
0
0
0
0
0
0
0
0
0
0
0
0
0
0
0
0
0
0
0
0
0
0
0
-4.162
0
0
0
0
0
0
0
0
0
0
0
0
0
0
-1.9852
0
0
0
0
0
0
0
0
0
0
0
0
0
0
0
0
0
0
0
0
0
0
0
0
0
0
0
0
0
0
0
0
0
0
0
0
0
-1.8986
0
0
0
0
0
0
0
0
0
0
0
0
0
0
0
0
12.5579
0
-2.6581
0
0
0
0
0
0
0
0
0
0
0
0
0
0
0
-2.9054
0
0
0
0
0
0
0
0
0
0
0
0
0
0
0
0
-3.1107
0
0
0
0
0
0
0
0
0
0
0
0
0
0
0
0
0
0
0
0
0
0
0
0
0
0
0
0
0
0
-2.3076
0
0
0
0
0
0
0
0
0
0
0
0
0
0
0
0
0
0
0
0
0
0
0
0
-2.2522
0
0
0
0
0
0
0
0
0
0
0
0
0
0
0
0
0
0
0
0
-2.1387
0
0
0
0
0
0
0
0
0
0
0
0
0
9.2481
0
0
0
-2.5495
0
0
0
0
0
0
0
0
0
0
0
0
0
0
0
0
0
0
0
0
0
0
0
0
0
0
0
0
0
0
0
0
0
0
0
0
0
0
0
0
0
0
0
0
0
0
0
0
0
0
0
0
0
0
0
0
0
0
0
0
0
0
0
0
0
0
0
0
0
0
-2.3214
0
0
0
0
0
0
0
0
0
0
0
0
0
0
0
0
0
0
0
0
0
0
0
0
0
0
0
0
0
0
0
0
0
0
0
0
0
0
0
0
0
0
0
0
0
0
0
0
-2.6581
0
10.4911
-2.7731
0
0
-2.7384
0
0
0
0
0
0
0
0
0
0
0
0
0
0
0
0
0
0
0
0
0
0
0
0
0
0
0
0
0
0
0
0
0
0
0
0
0
0
0
0
0
0
0
0
0
0
0
0
0
0
0
0
0
0
0
0
0
0
0
0
0
0
0
0
0
0
0
0
0
0
0
0
0
0
0
0
0
0
0
0
0
0
0
0
0
0
0
0
0
0
0
0
0
0
0
0
0
0
0
0
0
0
0
-2.0586
0
0
-1.9125
0
0
0
0
0
0
0
0
0
0
0
0
0
-2.7731
9.9825
0
0
0
0
0
0
0
0
0
0
0
0
0
0
0
0
0
0
0
0
-3.2383
0
0
0
0
0
0
0
0
0
0
0
0
0
0
0
0
0
0
0
0
0
0
0
0
0
0
0
0
0
0
0
0
0
0
0
0
0
0
0
0
0
0
0
0
0
0
0
0
0
0
0
0
0
0
0
0
0
0
0
0
0
0
0
0
0
0
0
0
0
0
0
0
-2.1574
0
0
0
0
0
0
0
0
0
0
0
-1.9345
0
0
0
0
-2.0882
0
0
0
0
0
0
0
0
0
0
0
0
0
0
9.1336
0
0
0
0
0
0
0
0
0
0
0
0
0
0
0
0
0
0
0
0
0
0
0
0
0
0
0
0
-2.9535
0
0
0
0
0
0
0
0
0
0
0
0
0
0
0
0
0
0
0
0
0
0
0
0
0
0
0
0
0
0
0
0
0
0
0
0
0
0
0
0
0
0
0
0
0
0
0
0
0
0
0
0
0
0
0
0
0
0
0
0
0
0
0
0
0
0
0
0
0
0
0
0
0
0
0
0
0
0
0
0
-2.3401
0
0
0
0
0
0
0
0
0
0
0
-2.5495
0
0
0
11.6305
0
0
0
0
0
0
0
-2.7788
0
0
0
0
0
0
0
0
0
0
0
0
0
0
0
0
0
0
0
0
0
0
0
0
0
0
0
0
0
0
0
0
0
0
0
0
0
0
0
-3.9621
0
0
0
0
0
0
0
0
0
0
0
0
0
0
0
0
0
0
0
0
0
0
0
0
0
0
0
0
0
0
0
0
0
0
0
0
0
0
0
0
0
0
0
0
0
0
0
0
0
0
0
0
0
0
0
0
0
0
0
0
0
0
0
0
0
0
0
-2.4629
0
0
0
0
0
-2.7384
0
0
0
9.1022
0
0
0
0
0
0
0
0
0
0
0
0
0
0
0
0
0
0
0
0
0
0
0
0
0
0
0
0
0
0
0
0
0
0
0
0
0
0
0
0
0
0
0
0
0
0
0
0
0
0
-3.9009
0
0
0
0
0
0
0
0
0
0
0
0
0
0
0
0
0
-3.0038
0
0
0
-2.9746
0
0
0
0
0
0
0
0
0
0
0
0
0
0
0
0
0
0
0
0
0
0
0
0
0
0
0
0
0
0
0
0
0
0
0
0
0
0
0
0
0
0
0
0
0
0
0
0
0
0
0
0
10.1318
0
0
0
0
0
0
0
0
0
0
0
0
0
0
0
0
0
0
0
0
0
0
0
0
0
0
0
0
0
0
0
0
-4.1533
0
0
0
0
0
0
0
0
0
0
0
0
0
0
0
0
0
0
0
0
0
0
0
0
0
0
0
0
0
0
0
0
0
0
0
0
0
0
0
0
0
0
0
0
0
0
0
0
0
0
0
0
0
0
0
0
0
0
0
0
0
0
0
0
0
0
0
0
0
0
0
0
-1.1225
0
0
0
0
0
0
0
0
0
0
0
0
0
0
0
0
0
0
0
6.7757
0
0
-2.2459
0
0
0
0
0
0
0
0
0
0
0
0
0
0
0
0
0
0
0
0
0
0
0
0
0
0
0
-3.4074
0
0
0
0
0
0
0
0
0
0
0
0
0
0
0
0
0
0
0
0
0
-1.8228
0
0
0
0
0
0
0
0
0
0
0
0
0
0
0
0
0
0
0
0
0
0
0
0
0
0
0
0
0
0
0
0
0
0
0
0
0
0
0
0
0
0
0
0
0
0
0
-1.6295
0
0
0
0
0
0
0
0
0
0
0
0
0
0
0
0
0
0
0
0
0
0
0
0
6.5458
0
0
0
0
0
0
0
0
0
0
0
0
0
0
0
0
0
0
0
0
0
0
0
0
0
0
0
0
0
0
0
0
0
0
0
0
0
0
0
0
0
0
0
0
0
0
-3.0935
0
0
0
0
0
0
0
0
0
0
0
0
0
0
0
0
0
0
0
0
0
0
0
0
0
0
0
0
0
0
0
0
0
0
0
0
0
0
0
0
0
0
0
0
0
0
0
-2.4048
0
0
0
0
0
0
0
0
0
0
0
0
0
-2.348
0
0
0
0
0
0
0
0
0
0
0
0
0
0
0
0
5.262
0
0
0
0
0
0
0
0
0
0
0
0
0
0
0
0
0
0
0
0
0
0
0
0
0
0
0
0
0
0
0
-0.50923
0
0
0
0
0
0
0
0
0
0
0
0
0
0
0
0
0
0
0
0
0
0
0
0
0
0
0
0
-2.5114
0
0
0
0
0
0
0
0
0
0
0
0
0
0
0
0
0
0
0
0
0
0
0
0
0
0
0
0
0
0
0
0
0
-2.4483
0
0
0
0
0
0
0
0
0
0
0
0
0
0
0
0
0
0
0
0
0
0
0
0
0
0
0
-2.2459
0
0
7.2056
0
0
0
0
0
0
0
0
0
0
0
0
0
0
0
0
0
0
0
0
0
0
0
0
0
0
0
0
0
0
0
0
0
0
0
0
0
0
0
0
0
0
0
0
0
0
0
0
0
0
0
0
0
0
0
0
0
0
0
0
0
0
0
0
0
0
0
0
0
0
0
0
0
0
0
0
0
0
0
0
0
0
0
0
0
0
0
0
0
0
0
0
0
0
0
0
0
0
0
0
0
0
0
0
0
0
0
0
0
0
0
0
0
0
0
0
0
0
0
0
0
0
0
0
0
10.9418
0
0
-3.2677
0
0
0
0
0
0
0
0
0
0
0
0
0
0
0
0
-3.7734
0
0
0
0
-3.9008
0
0
0
0
0
0
0
0
0
0
0
0
0
0
0
0
0
0
0
0
0
0
0
0
0
0
0
0
0
0
0
0
0
0
0
0
0
0
0
0
0
0
0
0
0
0
0
0
0
0
-2.6071
0
0
0
0
0
0
0
0
0
0
0
0
0
0
0
0
0
0
0
0
0
0
0
0
0
0
0
0
0
0
0
0
0
0
0
0
0
0
0
0
0
-2.7788
0
0
0
0
0
0
0
8.5481
0
0
0
0
0
0
0
0
0
0
0
-3.1622
0
0
0
0
0
0
0
0
0
0
0
0
0
0
0
0
0
0
0
0
0
0
0
0
0
0
0
0
0
0
0
0
0
0
0
0
0
0
0
0
0
0
-3.1334
0
0
0
0
0
0
0
0
0
-3.0821
0
0
0
0
0
0
0
0
0
0
0
0
0
0
0
0
0
0
0
0
0
0
0
0
0
0
0
0
0
0
0
0
0
0
0
0
0
0
0
0
0
0
0
0
0
0
0
0
0
0
0
0
0
0
0
0
0
0
0
0
9.7877
0
0
0
0
0
0
0
0
0
0
0
0
0
0
0
0
0
0
0
-3.5722
0
0
0
0
0
0
0
0
0
0
0
0
0
0
0
0
0
0
0
0
0
0
0
0
0
0
0
0
0
0
0
0
0
0
0
0
0
0
0
0
0
-3.3793
0
0
0
0
0
0
0
0
0
0
0
0
0
0
0
0
0
0
0
0
0
0
0
0
0
0
0
0
0
0
0
0
0
0
0
0
0
0
0
0
0
0
0
0
0
0
0
0
0
0
0
0
0
0
0
0
0
0
0
0
-3.2677
0
0
10.2054
0
0
0
0
0
0
0
-3.5584
0
0
0
0
0
0
0
0
0
0
0
0
0
0
0
0
0
0
0
0
0
0
0
0
0
0
0
0
0
0
0
0
0
0
0
0
0
0
0
0
0
0
0
0
0
0
0
0
0
0
0
0
-1.9134
0
0
0
0
0
0
0
0
0
0
0
0
0
0
0
0
0
0
0
0
0
0
0
0
0
0
0
0
0
-1.8269
0
0
0
0
0
0
0
0
0
0
0
0
0
0
0
0
0
0
0
0
0
0
0
0
0
0
0
0
0
0
0
0
0
0
4.8307
0
0
0
0
0
0
0
0
0
0
0
0
0
0
0
0
0
0
0
0
0
0
0
0
0
0
0
0
0
0
0
0
0
0
0
0
0
0
0
0
0
-1.0904
0
0
0
0
0
0
0
0
0
0
0
0
0
0
0
0
0
0
0
0
0
0
0
0
0
0
0
0
0
0
0
0
0
0
0
0
0
0
0
-2.9212
0
0
0
0
0
0
0
0
0
0
0
0
0
0
0
0
0
0
0
0
0
0
0
0
0
0
0
0
0
0
0
0
0
0
0
0
0
0
0
0
0
0
0
9.3721
0
0
0
0
0
0
0
0
0
0
-2.9944
0
0
0
0
-3.4565
0
0
0
0
0
0
0
0
0
0
0
0
0
0
0
0
0
0
0
0
0
0
0
0
0
0
0
0
0
0
0
0
0
0
0
0
0
0
0
0
0
0
0
0
0
0
0
0
0
0
0
0
0
0
0
0
0
0
0
0
0
0
0
0
0
0
0
0
0
0
0
0
0
0
0
0
0
0
0
0
0
0
0
0
0
0
0
0
0
0
0
-2.9054
0
0
0
0
0
0
0
0
0
0
0
0
0
0
0
0
0
10.4408
0
0
0
0
0
0
0
-3.7791
-3.7563
0
0
0
0
0
0
0
0
0
0
0
0
0
0
0
0
0
0
0
0
0
0
0
0
0
0
0
0
0
0
0
0
0
0
0
0
0
0
0
0
0
0
0
0
0
0
0
0
0
0
0
0
0
0
0
0
0
0
0
0
0
0
0
0
0
0
0
0
0
0
0
0
0
-4.1331
0
0
0
0
0
0
0
0
0
0
0
0
0
0
0
0
0
0
0
0
0
0
0
0
0
0
0
0
0
0
0
0
0
0
0
0
0
0
0
0
0
0
8.0276
0
0
0
0
0
0
0
0
0
0
0
0
0
0
-3.8946
0
0
0
0
0
0
0
0
0
0
0
0
0
0
0
0
0
0
0
0
0
0
0
0
0
0
0
0
0
0
0
0
0
0
0
0
0
0
0
0
0
0
0
0
0
0
0
0
0
0
0
0
0
0
0
0
0
0
0
0
0
0
0
0
0
0
0
0
0
0
0
0
0
0
0
0
0
0
0
0
0
0
0
0
0
0
0
0
0
0
0
0
0
0
0
0
0
0
0
0
0
0
0
0
0
0
0
0
0
0
6.8269
0
-3.4187
0
0
0
0
0
0
-3.4082
0
0
0
0
0
0
0
0
0
0
0
0
0
0
0
0
0
0
0
0
0
0
0
0
0
0
0
0
0
0
0
0
0
0
0
0
0
0
0
0
0
0
0
0
0
0
0
0
0
0
0
0
0
0
0
0
0
0
0
0
0
0
0
0
0
0
0
0
0
0
0
0
0
0
0
0
0
0
0
0
0
0
0
0
0
0
0
0
0
0
0
-3.4997
0
0
0
0
0
0
0
0
0
0
0
0
0
0
0
0
0
0
0
0
0
0
0
0
6.592
0
0
0
0
0
0
0
0
0
0
0
0
0
0
-3.0923
0
0
0
0
0
0
0
0
0
0
0
0
0
0
0
0
0
0
0
0
0
0
0
-2.8383
0
0
0
0
0
0
0
0
0
0
0
0
0
0
0
0
0
0
0
0
0
0
0
0
0
0
0
0
0
0
0
0
0
0
0
0
0
0
0
0
0
0
0
0
0
0
0
0
0
0
0
0
0
0
0
0
0
0
0
0
0
0
0
0
0
0
0
0
0
0
0
0
0
0
0
0
0
0
0
0
0
0
0
0
-3.4187
0
6.257
0
0
0
0
0
0
0
0
0
0
0
0
0
0
0
0
0
0
0
0
0
0
0
0
0
0
0
0
0
0
0
0
0
0
0
0
0
0
0
0
0
0
0
0
0
0
0
0
0
0
0
0
0
0
0
0
0
0
0
0
0
0
0
0
0
0
0
0
0
0
0
0
0
0
0
0
0
0
0
0
0
0
0
0
0
0
0
0
0
0
0
0
0
0
0
0
0
0
0
0
0
0
0
0
0
0
0
0
0
0
0
0
0
0
0
0
0
-3.5584
0
0
0
0
0
0
0
7.2964
0
0
0
0
0
0
0
0
0
0
0
0
0
0
-3.738
0
0
0
0
0
0
0
0
0
0
0
0
0
0
0
0
0
0
0
0
-3.1723
0
0
0
0
0
0
0
0
0
0
0
0
0
0
0
0
0
0
0
0
0
0
0
0
0
0
0
0
0
0
0
0
0
0
0
0
0
0
0
0
0
0
0
0
0
0
0
0
0
0
0
0
0
0
0
0
0
0
0
0
0
0
0
0
0
0
0
0
-3.2383
0
0
0
0
0
0
0
0
0
0
0
0
0
0
0
0
0
0
0
0
6.4105
0
0
0
0
0
0
0
0
0
0
0
0
0
0
0
0
0
0
0
0
0
0
0
0
0
0
0
0
0
0
0
0
0
0
0
0
0
0
0
0
0
0
0
0
0
0
0
0
0
0
0
0
0
0
0
0
0
0
0
0
0
0
0
0
0
0
0
0
0
0
0
0
0
0
0
0
0
0
0
0
0
0
0
0
0
-3.2933
0
0
0
0
0
0
0
0
0
0
0
0
0
0
0
0
0
0
0
0
0
0
0
0
0
0
0
-3.1622
0
0
0
0
0
0
0
0
0
0
0
6.4555
0
0
0
0
0
0
0
0
0
0
0
0
0
0
0
0
0
0
0
0
0
0
0
0
0
0
0
0
0
0
0
0
0
0
0
0
0
0
0
0
0
0
0
0
0
0
0
0
0
0
0
0
0
0
0
0
0
0
0
0
0
0
0
0
0
0
0
0
0
0
0
0
0
0
0
0
0
0
-3.8677
0
0
0
0
0
0
0
0
0
0
0
0
0
0
0
0
0
0
0
0
0
0
0
0
0
0
0
0
0
0
0
0
0
0
0
0
0
0
-3.7791
0
0
0
0
0
0
0
7.6469
0
0
0
0
0
0
0
0
0
0
0
0
0
0
0
0
0
0
0
0
0
0
0
0
0
0
0
0
0
0
0
0
0
0
0
0
0
0
0
0
0
0
0
0
0
0
0
0
0
0
0
0
0
0
0
0
0
0
0
0
0
0
0
0
-3.9731
0
0
0
0
0
0
0
0
0
0
0
0
0
0
0
0
0
0
0
0
0
0
0
0
0
0
0
0
0
0
0
0
0
0
0
0
0
0
0
0
0
0
0
0
0
0
0
0
0
0
0
-3.7563
0
0
0
0
0
0
0
0
7.7294
0
0
0
0
0
0
0
0
0
0
0
0
0
0
0
0
0
0
0
0
0
0
0
0
0
0
0
0
0
0
0
0
0
0
0
0
0
0
0
0
0
0
0
0
0
0
0
0
0
0
0
0
0
0
0
0
0
-3.6054
0
0
0
0
0
0
0
0
0
0
0
0
0
0
0
0
0
0
0
0
0
0
0
0
0
0
0
0
0
0
0
0
0
0
0
0
0
0
0
0
0
0
0
0
0
0
0
0
0
0
0
0
0
0
0
0
-2.9944
0
0
0
0
0
0
0
0
0
0
6.5998
0
0
0
0
0
0
0
0
0
0
0
0
0
0
0
0
0
0
0
0
0
0
0
0
0
0
0
0
0
0
-2.8643
0
0
0
0
0
0
0
0
0
0
0
0
0
0
0
0
0
0
0
0
0
0
0
0
0
0
0
0
0
0
0
0
0
0
0
0
0
0
0
0
0
0
0
0
0
0
0
0
0
0
0
0
0
0
0
0
0
0
0
0
0
0
0
0
0
0
0
0
0
0
0
0
0
0
0
0
0
0
0
0
0
0
0
0
0
-3.4082
0
0
0
0
0
0
0
0
6.2725
0
0
0
0
0
0
0
0
0
0
0
0
0
0
0
0
0
0
0
0
0
0
0
0
0
0
0
0
0
0
0
0
0
0
0
0
0
0
0
0
0
0
0
0
0
0
0
0
0
0
0
0
0
0
0
0
0
0
0
0
0
0
-3.8801
0
0
0
0
0
0
0
0
0
0
0
0
0
0
0
0
0
0
-3.6407
0
0
0
0
0
0
0
0
0
0
0
0
0
0
0
0
0
0
0
0
0
0
0
0
0
0
0
0
0
0
0
0
0
0
0
0
0
0
0
0
0
0
0
7.5207
0
0
0
0
0
0
0
0
0
0
0
0
0
0
0
0
0
0
0
0
0
0
0
0
0
0
0
0
-4.1653
0
0
0
0
0
0
0
0
0
0
0
0
0
0
0
0
0
0
0
0
0
0
0
0
0
0
0
0
0
0
0
0
0
0
0
0
0
0
0
0
0
0
0
0
0
0
0
0
-3.6493
0
0
0
0
0
0
0
0
0
0
0
0
0
0
0
0
0
0
0
0
0
0
0
0
0
0
0
0
0
0
0
0
0
0
0
0
0
0
0
0
0
0
0
0
0
0
0
7.8147
0
0
0
0
0
0
0
0
0
0
0
0
0
0
0
0
0
0
0
0
0
0
0
0
0
0
0
0
0
0
0
0
0
0
0
0
0
0
0
0
0
0
0
0
0
0
0
0
0
0
0
0
0
0
0
0
0
0
0
0
0
0
0
0
0
0
0
0
0
0
0
-4.1345
0
0
0
0
0
0
0
0
0
0
0
0
0
0
0
0
0
0
0
0
0
0
0
0
0
0
0
0
0
0
0
0
0
-3.7734
0
0
0
0
0
0
0
0
0
0
0
0
0
0
0
0
0
0
0
7.9079
0
0
0
0
0
0
0
0
0
0
0
0
0
0
0
0
0
0
0
0
0
0
0
0
0
0
0
0
0
0
0
0
0
0
0
0
0
0
0
0
0
0
0
0
0
0
0
0
0
0
0
0
0
0
0
0
0
0
0
0
0
0
0
0
0
0
0
0
0
0
0
0
0
0
0
0
0
0
0
0
0
0
0
0
0
0
0
0
0
0
0
0
0
0
0
0
-2.9535
0
0
0
0
0
0
0
0
0
0
0
0
-3.4565
0
0
0
0
0
0
0
0
0
0
0
0
0
0
0
6.41
0
0
0
0
0
0
0
0
0
0
0
0
0
0
0
0
0
0
0
0
0
0
0
0
0
0
0
0
0
0
0
0
0
0
0
0
0
0
0
0
0
0
0
0
0
0
0
0
0
0
0
0
0
0
0
0
0
0
0
0
0
0
0
0
0
0
0
0
0
0
0
0
0
0
0
0
0
0
0
0
0
0
0
0
0
0
0
0
0
0
0
0
0
0
0
0
0
0
0
0
0
0
0
0
0
-3.5722
0
0
0
0
-3.8946
0
0
0
0
0
0
0
0
0
0
0
0
0
0
7.4667
0
0
0
0
0
0
0
0
0
0
0
0
0
0
0
0
0
0
0
0
0
0
0
0
0
0
0
0
0
0
0
0
0
0
0
0
0
0
0
0
0
0
0
0
0
0
0
0
0
0
0
0
0
0
-3.0675
0
0
0
0
0
0
0
0
0
0
0
0
0
0
0
0
0
0
0
0
0
0
0
0
0
0
0
0
0
0
0
0
0
0
0
-3.1107
0
0
0
0
0
0
0
0
0
0
0
0
0
0
0
0
0
0
0
0
0
0
0
0
0
0
0
0
0
0
0
0
0
0
6.1781
0
0
0
0
0
0
0
0
0
0
0
0
0
0
0
0
0
0
0
0
0
0
0
0
0
0
0
0
0
0
0
0
0
0
0
0
0
0
0
0
0
0
0
0
0
0
0
0
0
0
0
0
0
0
0
0
0
0
0
0
0
0
0
0
0
0
0
0
0
-3.7799
0
0
0
0
0
0
0
0
0
0
0
0
0
0
0
0
0
0
0
0
0
0
0
0
0
0
0
0
0
0
0
0
0
0
0
0
0
0
0
0
-3.0923
0
0
0
0
0
0
0
0
0
0
0
0
0
0
6.8722
0
0
0
0
0
0
0
0
0
0
0
0
0
0
0
0
0
0
0
0
0
0
0
0
0
0
0
0
0
0
0
0
0
0
0
0
0
0
0
0
0
0
0
0
0
0
0
0
0
0
0
0
0
0
0
0
0
0
0
0
0
0
0
0
0
0
0
0
0
0
0
0
0
0
0
0
0
0
0
0
0
0
0
0
-3.6747
0
0
0
0
0
0
0
0
0
0
0
0
0
0
0
-3.9008
0
0
0
0
0
0
0
0
0
0
0
0
0
0
0
0
0
0
0
0
0
0
0
0
7.5755
0
0
0
0
0
0
0
0
0
0
0
0
0
0
0
0
0
0
0
0
0
0
-4.2394
0
0
0
0
0
0
0
0
0
0
0
0
0
0
0
0
0
0
0
0
0
0
0
0
0
0
0
0
0
0
0
0
0
0
0
0
0
0
0
0
0
0
0
0
0
0
0
0
0
0
0
0
0
0
0
0
0
0
0
0
0
0
0
0
0
0
0
0
0
0
0
0
0
0
0
0
0
0
0
0
0
0
0
0
0
0
0
-3.738
0
0
0
0
0
0
0
0
0
0
0
0
0
0
7.9774
0
0
0
0
0
0
0
0
0
0
0
0
0
0
0
0
0
0
0
0
0
0
0
0
0
0
0
0
0
0
0
0
0
0
0
0
0
0
0
0
0
0
0
0
0
0
0
0
0
0
0
0
0
0
0
0
0
0
0
0
0
0
0
0
0
0
0
0
0
0
0
0
0
0
0
0
0
0
0
0
0
0
0
0
0
0
0
0
0
0
0
0
0
0
-3.4074
0
0
0
0
0
0
0
0
0
0
0
0
0
0
0
0
0
0
0
0
0
0
0
0
0
0
0
0
0
0
3.4074
0
0
0
0
0
0
0
0
0
0
0
0
0
0
0
0
0
0
0
0
0
0
0
0
0
0
0
0
0
0
0
0
0
0
0
0
0
0
0
0
0
0
0
0
0
0
0
0
0
0
0
0
0
0
0
0
0
0
0
0
0
0
0
0
0
0
0
0
0
0
0
0
0
0
0
0
0
0
0
0
0
0
0
0
0
0
0
0
0
0
0
0
-4.1533
0
0
0
0
0
0
0
0
0
0
0
0
0
0
0
0
0
0
0
0
0
0
0
0
0
0
0
0
0
0
0
0
4.1533
0
0
0
0
0
0
0
0
0
0
0
0
0
0
0
0
0
0
0
0
0
0
0
0
0
0
0
0
0
0
0
0
0
0
0
0
0
0
0
0
0
0
0
0
0
0
0
0
0
0
0
0
0
0
0
0
0
0
0
0
0
0
0
0
0
0
0
0
0
0
0
0
0
0
0
-4.4361
0
0
0
0
0
0
0
0
0
0
0
0
0
0
0
0
0
0
0
0
0
0
0
0
0
0
0
0
0
0
0
0
0
0
0
0
0
0
0
0
0
0
0
0
0
0
0
0
0
4.4361
0
0
0
0
0
0
0
0
0
0
0
0
0
0
0
0
0
0
0
0
0
0
0
0
0
0
0
0
0
0
0
0
0
0
0
0
0
0
0
0
0
0
0
0
0
0
0
0
0
0
0
0
0
0
0
0
0
0
0
0
0
0
0
0
0
0
0
0
0
0
0
0
0
0
0
0
0
0
0
0
0
0
0
0
0
0
0
0
0
0
0
0
0
-0.50923
0
0
0
0
0
0
0
0
0
0
0
0
0
0
0
0
0
0
0
0
0
0
0
0
0
0
0
0
0
0
0
0.50923
0
0
0
0
0
0
0
0
0
0
0
0
0
0
0
0
0
0
0
0
0
0
0
0
0
0
0
0
0
0
0
0
0
0
0
0
0
0
0
0
0
0
0
-6.2329
0
0
0
0
0
0
0
0
0
0
0
0
0
0
0
0
0
0
0
0
0
0
0
0
0
0
0
0
0
0
0
0
0
0
0
0
0
0
0
0
0
0
0
0
0
0
0
0
0
0
0
0
0
0
0
0
0
0
0
0
0
0
0
0
0
0
0
0
0
0
0
0
0
0
0
0
0
0
0
0
0
6.2329
0
0
0
0
0
0
0
0
0
0
0
0
0
0
0
0
0
0
0
0
0
0
0
0
0
0
0
0
0
0
0
0
0
0
0
0
0
0
0
0
0
0
0
0
0
0
0
0
0
0
0
-5.2582
0
0
0
0
0
0
0
0
0
0
0
0
0
0
0
0
0
0
0
0
0
0
0
0
0
0
0
0
0
0
0
0
0
0
0
0
0
0
0
0
0
0
0
0
0
0
0
0
0
0
0
0
0
0
0
0
0
0
0
0
0
0
0
0
0
0
0
0
0
0
0
0
0
5.2582
0
0
0
0
0
0
0
0
0
0
0
0
0
0
0
0
0
0
0
0
0
0
0
0
0
0
0
0
0
0
0
0
0
0
0
0
0
0
0
0
0
0
0
0
0
0
0
0
0
0
0
-4.8482
0
0
0
0
0
0
0
0
0
0
0
0
0
0
0
0
0
0
0
0
0
0
0
0
0
0
0
0
0
0
0
0
0
0
0
0
0
0
0
0
0
0
0
0
0
0
0
0
0
0
0
0
0
0
0
0
0
0
0
0
0
0
0
0
0
0
0
0
0
0
0
0
0
4.8482
0
0
0
0
0
0
0
0
0
0
0
0
0
0
0
0
0
0
0
0
0
0
0
0
0
0
0
0
0
0
0
-6.4656
0
0
0
0
0
0
0
0
0
0
0
0
0
0
0
0
0
0
0
0
0
0
0
0
0
0
0
0
0
0
0
0
0
0
0
0
0
0
0
0
0
0
0
0
0
0
0
0
0
0
0
0
0
0
0
0
0
0
0
0
0
0
0
0
0
0
0
0
0
0
0
0
0
0
0
0
0
0
0
0
0
0
0
0
0
0
0
0
0
0
0
0
0
6.4656
0
0
0
0
0
0
0
0
0
0
0
0
0
0
0
0
0
0
0
0
0
0
0
0
0
0
0
0
0
0
0
0
0
0
0
0
0
0
0
0
-5.9122
0
0
0
0
0
0
0
0
0
0
0
0
0
0
0
0
0
0
0
0
0
0
0
0
0
0
0
0
0
0
0
0
0
0
0
0
0
0
0
0
0
0
0
0
0
0
0
0
0
0
0
0
0
0
0
0
0
0
0
0
0
0
0
0
0
0
0
0
0
0
0
0
0
0
0
0
0
0
0
0
0
0
0
0
5.9122
0
0
0
0
0
0
0
0
0
0
0
0
0
0
0
0
0
0
0
0
0
0
0
0
-6.8335
0
0
0
0
0
0
0
0
0
0
0
0
0
0
0
0
0
0
0
0
0
0
0
0
0
0
0
0
0
0
0
0
0
0
0
0
0
0
0
0
0
0
0
0
0
0
0
0
0
0
0
0
0
0
0
0
0
0
0
0
0
0
0
0
0
0
0
0
0
0
0
0
0
0
0
0
0
0
0
0
0
0
0
0
0
0
0
0
0
0
0
0
0
0
0
0
0
0
0
0
6.8335
0
0
0
0
0
0
0
0
0
0
0
0
0
0
0
0
0
0
0
0
0
0
0
0
0
0
0
0
0
0
0
0
0
0
0
0
0
0
0
-5.6975
0
0
0
0
0
0
0
0
0
0
0
0
0
0
0
0
0
0
0
0
0
0
0
0
0
0
0
0
0
0
0
0
0
0
0
0
0
0
0
0
0
0
0
0
0
0
0
0
0
0
0
0
0
0
0
0
0
0
0
0
0
0
0
0
0
0
0
0
0
0
0
0
0
0
0
0
0
0
0
0
0
0
0
0
0
5.6975
0
0
0
0
0
0
0
0
0
0
0
0
0
0
0
-6.9214
0
0
0
0
0
0
0
0
0
0
0
0
0
0
0
0
0
0
0
0
0
0
0
0
0
0
0
0
0
0
0
0
0
0
0
0
0
0
0
0
0
0
0
0
0
0
0
0
0
0
0
0
0
0
0
0
0
0
0
0
0
0
0
0
0
0
0
0
0
0
0
0
0
0
0
0
0
0
0
0
0
0
0
0
0
0
0
0
0
0
0
0
0
0
0
0
0
0
0
0
0
0
0
0
0
0
0
0
0
6.9214
0
0
0
0
0
0
0
0
0
0
0
0
0
0
0
0
0
0
0
0
0
0
0
0
0
0
0
0
0
0
0
0
0
0
0
0
0
0
0
0
0
0
0
0
0
0
0
0
0
0
0
0
0
0
0
0
0
0
0
0
-4.7051
0
0
0
0
0
0
0
0
0
0
0
0
0
0
0
0
0
0
0
0
0
0
0
0
0
0
0
0
0
0
0
0
0
0
0
0
0
0
0
0
0
0
0
0
0
0
0
0
0
0
0
0
0
0
0
0
0
0
0
0
0
0
0
0
4.7051
0
0
0
0
0
0
0
0
0
0
0
0
0
0
0
0
0
0
0
0
0
0
0
0
0
0
0
0
0
0
0
0
0
0
0
0
0
0
0
0
0
0
0
0
0
0
0
0
0
0
0
0
0
0
0
0
0
0
0
0
0
0
0
0
0
0
0
0
-4.5326
0
0
0
0
0
0
0
0
0
0
0
0
0
0
0
0
0
0
0
0
0
0
0
0
0
0
0
0
0
0
0
0
0
0
0
0
0
0
0
0
0
0
0
0
0
0
0
0
0
0
0
0
0
0
0
0
4.5326
0
0
0
0
0
0
0
0
0
0
0
0
0
0
0
0
0
0
0
0
0
0
0
0
0
0
0
0
0
0
0
0
0
0
0
0
0
0
0
0
0
0
0
0
0
0
0
0
0
0
0
0
0
0
0
0
0
0
0
0
0
0
0
0
0
0
0
0
0
0
0
0
0
0
0
0
0
-3.9621
0
0
0
0
0
0
0
0
0
0
0
0
0
0
0
0
0
0
0
0
0
0
0
0
0
0
0
0
0
0
0
0
0
0
0
0
0
0
0
0
0
0
0
0
0
0
0
3.9621
0
0
0
0
0
0
0
0
0
0
0
0
0
0
0
0
0
0
0
0
0
0
0
0
0
0
0
0
0
0
0
0
0
0
0
0
0
0
0
0
0
0
0
0
0
0
0
0
0
0
0
0
0
0
0
0
-4.5014
0
0
0
0
0
0
0
0
0
0
0
0
0
0
0
0
0
0
0
0
0
0
0
0
0
0
0
0
0
0
0
0
0
0
0
0
0
0
0
0
0
0
0
0
0
0
0
0
0
0
0
0
0
0
0
0
0
0
0
0
0
0
0
0
0
0
0
0
4.5014
0
0
0
0
0
0
0
0
0
0
0
0
0
0
0
0
0
0
0
0
0
0
0
0
0
0
0
0
0
0
0
0
0
0
0
0
0
0
0
0
0
0
0
0
0
0
0
0
0
0
0
0
0
0
0
0
0
0
0
0
0
0
0
0
0
0
0
0
0
-4.162
0
0
0
0
0
0
0
0
0
0
0
0
0
0
0
0
0
0
0
0
0
0
0
0
0
0
0
0
0
0
0
0
0
0
0
0
0
0
0
0
0
0
0
0
0
0
0
0
0
0
0
0
0
0
0
4.162
0
0
0
0
0
0
0
0
0
0
0
0
0
0
0
0
0
0
0
0
0
0
0
0
0
0
0
0
0
0
0
0
0
0
0
0
0
0
0
0
0
0
0
0
0
0
0
0
0
0
0
0
0
0
0
0
0
0
0
0
0
0
0
0
0
0
0
0
0
0
0
0
0
0
0
0
0
0
-3.0935
0
0
0
0
0
0
0
0
0
0
0
0
0
0
0
0
0
0
0
0
0
0
0
0
0
0
0
0
0
0
0
0
0
0
0
0
0
0
0
0
0
0
0
0
0
0
3.0935
0
0
0
0
0
0
0
0
0
0
0
0
0
0
0
0
0
0
0
0
0
0
0
0
0
0
0
0
0
0
0
0
0
0
0
0
0
0
0
0
0
0
0
0
0
0
0
0
0
0
0
0
0
0
0
0
0
0
0
0
0
0
0
0
0
0
0
0
0
0
0
0
0
0
-3.9009
0
0
0
0
0
0
0
0
0
0
0
0
0
0
0
0
0
0
0
0
0
0
0
0
0
0
0
0
0
0
0
0
0
0
0
0
0
0
0
0
0
0
0
0
0
0
0
0
0
0
3.9009
0
0
0
0
0
0
0
0
0
0
0
0
0
0
0
0
0
0
0
0
0
0
0
0
0
0
0
0
0
0
0
0
0
0
0
0
0
0
0
0
0
0
0
0
0
0
0
0
0
0
0
0
0
0
0
0
0
0
0
0
0
0
0
0
0
0
0
0
0
0
0
0
0
0
0
0
0
0
0
0
0
0
0
-1.0904
0
0
0
0
0
0
0
0
0
0
0
0
0
0
0
0
0
0
0
0
0
0
0
0
0
0
0
0
0
0
0
0
0
0
0
0
0
0
0
0
0
1.0904
