1
0.97507
0.96623
0.95865
0.9526
0.94842
0.94553
0.94313
0.94104
0.93932
0.93442
0.92997
0.92586
0.92208
0.91858
0.91531
0.91226
0.90938
0.90668
0.90412
0.90168
0.89934
0.89708
0.8949
0.89278
0.89071
0.88867
0.88666
0.88466
0.88266
0.88066
0.87866
0.87666
0.87468
0.87269
0.87071
0.86873
0.86675
0.86477
0.8628
0.86084
0.8589
0.85699
0.8551
0.85324
0.85141
0.84962
0.84785
0.84612
0.84442
0.84276
0.84112
0.83951
0.83794
0.83639
0.83488
0.8334
0.83195
0.83054
0.82916
0.82782
0.82651
0.82524
0.824
0.82279
0.8216
0.82043
0.81928
0.81816
0.81706
0.81599
0.81494
0.81393
0.81294
0.81198
0.81105
0.81015
0.80929
0.80844
0.80762
0.80681
0.80602
0.80525
0.80449
0.80374
0.803
0.80228
0.80157
0.80086
0.80016
0.79947
0.79878
0.7981
0.79742
0.79675
0.79609
0.79543
0.79478
0.79413
0.79348
0.79285
0.79222
0.7916
0.79098
0.79037
0.78976
0.78915
0.78855
0.78793
0.78732
0.7867
0.78607
0.78544
0.78481
0.78417
0.78352
0.78287
0.78221
0.78155
0.78089
0.78023
0.77956
0.77889
0.77822
0.77755
0.77687
0.7762
0.77553
0.77485
0.77417
0.7735
0.77282
0.77214
0.77146
0.77079
0.77011
0.76944
0.76877
0.76811
0.76744
0.76678
0.76612
0.76547
0.76482
0.76417
0.76352
0.76288
0.76224
0.7616
0.76096
0.76033
0.75969
0.75906
0.75844
0.75781
0.75719
0.75657
0.75595
