28.5976
15.912
13.1797
12.121
11.4431
10.5529
10.172
9.8738
9.683
9.4515
8.9369
8.5234
8.1748
7.8756
7.6137
7.3821
7.1755
6.9893
6.8202
6.6658
6.5244
6.3944
6.2744
6.1631
6.0595
5.9626
5.8717
5.7863
5.7059
5.6299
5.558
5.4895
5.4241
5.3614
5.3013
5.2441
5.19
5.1386
5.0898
5.0433
4.9989
4.9563
4.9155
4.8762
4.8384
4.8018
4.7665
4.7325
4.6995
4.6678
4.637
4.6073
4.5786
4.5508
4.5237
4.4974
4.4718
4.4468
4.4224
4.3985
4.3751
4.3521
4.3297
4.3079
4.2868
4.2664
4.2466
4.2275
4.2088
4.1905
4.1726
4.1549
4.1376
4.1205
4.1035
4.0867
4.0701
4.0537
4.0378
4.0223
4.0073
3.9927
3.9785
3.9647
3.9512
3.938
3.9251
3.9124
3.9
3.8879
3.876
3.8642
3.8527
3.8414
3.8302
3.8192
3.8083
3.7976
3.787
3.7765
3.7661
3.7557
3.7454
3.7352
3.725
3.7149
3.705
3.6953
3.6858
3.6765
3.6674
3.6585
3.6498
3.6413
3.6329
3.6247
3.6166
3.6087
3.6009
3.5931
3.5855
3.578
3.5705
3.5632
3.556
3.5488
3.5418
3.5349
3.5281
3.5215
3.5149
3.5084
3.5021
3.4958
3.4896
3.4834
3.4774
3.4714
3.4655
3.4597
3.4539
3.4482
3.4425
3.4369
3.4313
3.4258
3.4204
3.4151
3.4098
3.4046
3.3995
3.3945
3.3895
3.3846
3.3798
3.3751
3.3704
3.3657
