50.4067
-0.30766
-0.35461
-0.30759
-0.35604
-0.38093
-0.35352
-0.37521
-0.3364
-0.33417
-0.35398
-0.3655
-0.37663
-0.368
-0.38123
-0.42355
-0.45469
-0.45716
-0.45144
-0.4457
-0.42946
-0.45598
-0.49559
-0.51555
-0.40685
-0.45991
-0.53747
-0.57618
-0.54865
-0.51918
-0.58412
-0.74517
-0.65532
-0.64978
-0.68252
-0.78141
-0.60369
-0.67617
-0.88866
-0.90326
-0.84632
-0.87041
-0.86582
-0.99015
-1.0299
-0.92206
-1.0871
-1.1265
-1.061
-1.109
-1.3847
0
0
0
0
0
0
-2.0558
0
0
-3.3212
0
0
0
0
0
0
-2.4914
0
0
0
0
0
0
0
0
0
0
-3.4471
0
0
0
0
0
0
0
0
0
0
0
0
0
0
0
0
0
0
-8.4994
0
0
0
0
0
0
0
0
0
0
0
0
-0.30766
40.2574
-0.30387
-0.2576
-0.3108
-0.31539
-0.30598
-0.30618
-0.28877
-0.28916
-0.30971
-0.3203
-0.32225
-0.31286
-0.35517
-0.36453
-0.38711
-0.38953
-0.37932
-0.37212
-0.37738
-0.39316
-0.43045
-0.44825
-0.38878
-0.40144
-0.46274
-0.4976
-0.47957
-0.44874
-0.49266
-0.649
-0.56822
-0.55889
-0.58802
-0.68177
-0.5196
-0.61512
-0.73576
-0.80082
-0.73848
-0.78589
-0.78048
-0.88532
-0.91873
-0.84025
-0.97551
-1.0152
-0.94634
-0.99418
-1.2799
0
0
0
0
0
0
-2.0577
0
0
0
0
0
-2.5977
0
0
0
-2.4951
-3.1998
-3.0106
0
0
0
0
0
0
0
0
0
0
0
0
0
0
0
0
0
0
0
0
0
0
0
0
0
0
0
0
0
0
0
0
0
0
0
0
0
0
0
0
-0.35461
-0.30387
43.4822
-0.32628
-0.36049
-0.37868
-0.34591
-0.37089
-0.33144
-0.32967
-0.35492
-0.36599
-0.3624
-0.36169
-0.40023
-0.41583
-0.44844
-0.45093
-0.4441
-0.43478
-0.42634
-0.45347
-0.49477
-0.50415
-0.42725
-0.49377
-0.50812
-0.57038
-0.5511
-0.50349
-0.57158
-0.71675
-0.64218
-0.61885
-0.65653
-0.77378
-0.6247
-0.67581
-0.88702
-0.89693
-0.85584
-0.86006
-0.86754
-0.98436
-1.0233
-0.91897
-1.08
-1.1228
-1.0584
-1.0876
-1.3813
0
0
0
0
0
0
0
0
0
0
-2.4224
0
0
0
0
0
0
0
-2.9806
0
0
0
0
0
0
0
0
0
0
0
0
0
0
0
0
0
0
0
0
0
0
0
0
0
0
0
0
0
-7.7008
0
0
0
0
0
0
0
0
0
0
-0.30759
-0.2576
-0.32628
39.1814
-0.32422
-0.33931
-0.31904
-0.33353
-0.30184
-0.30221
-0.327
-0.33359
-0.32672
-0.32253
-0.36189
-0.3762
-0.4025
-0.40587
-0.39583
-0.39201
-0.38318
-0.40797
-0.44235
-0.45822
-0.40231
-0.41644
-0.46131
-0.51442
-0.4915
-0.4609
-0.51549
-0.63794
-0.58489
-0.58607
-0.58655
-0.70176
-0.55659
-0.60681
-0.79349
-0.8181
-0.76343
-0.78089
-0.79139
-0.90038
-0.93783
-0.84101
-0.99332
-1.0369
-0.96921
-0.99884
-1.2924
0
0
0
0
0
0
-1.9763
0
0
0
0
0
0
0
0
0
-2.4357
0
0
0
0
0
0
0
0
0
0
0
0
0
0
0
0
0
0
0
0
0
0
0
0
0
0
0
0
0
0
0
0
0
0
0
0
0
0
-7.1818
0
0
0
-0.35604
-0.3108
-0.36049
-0.32422
32.1851
-0.37087
-0.3573
-0.35675
-0.32726
-0.32287
-0.35264
-0.3647
-0.33819
-0.33506
-0.39797
-0.41381
-0.44011
-0.4439
-0.43708
-0.43489
-0.42476
-0.44846
-0.48679
-0.50139
-0.43901
-0.49081
-0.52342
-0.56596
-0.54224
-0.53055
-0.56684
-0.67096
-0.64276
-0.63323
-0.65355
-0.76259
-0.604
-0.67705
-0.84478
-0.88306
-0.82065
-0.85315
-0.86137
-0.96789
-1.006
-0.92123
-1.0662
-1.1134
-1.0394
-1.1025
-1.3843
0
0
0
0
0
0
-2.1118
0
0
0
0
0
0
0
0
0
0
0
0
0
0
0
0
0
0
0
0
0
0
0
0
0
0
0
0
0
0
0
0
0
0
0
0
0
0
0
0
0
0
0
0
0
0
0
0
0
0
0
0
-0.38093
-0.31539
-0.37868
-0.33931
-0.37087
35.1399
-0.36053
-0.36945
-0.33839
-0.33748
-0.36485
-0.3759
-0.3627
-0.3644
-0.42452
-0.43173
-0.4606
-0.46125
-0.46136
-0.44597
-0.44672
-0.46821
-0.50752
-0.5304
-0.46966
-0.48331
-0.55404
-0.58669
-0.56632
-0.54795
-0.59074
-0.7226
-0.66717
-0.66625
-0.69378
-0.79018
-0.58935
-0.7142
-0.8544
-0.91548
-0.84856
-0.89557
-0.90135
-1.0039
-1.0428
-0.96081
-1.0959
-1.1451
-1.0833
-1.1245
0
0
0
0
0
0
0
0
0
0
0
0
0
-2.7309
-2.5979
0
0
0
0
0
0
0
0
0
0
0
0
0
0
0
0
0
0
0
0
0
0
0
0
0
0
0
0
0
0
0
0
0
0
0
0
0
0
0
0
0
0
0
0
0
-0.35352
-0.30598
-0.34591
-0.31904
-0.3573
-0.36053
33.0405
-0.33256
-0.32173
-0.31829
-0.34571
-0.3628
-0.33464
-0.3405
-0.37816
-0.40283
-0.43131
-0.43365
-0.42791
-0.42481
-0.41756
-0.43593
-0.47487
-0.48609
-0.42847
-0.48945
-0.49085
-0.55052
-0.53149
-0.49565
-0.55099
-0.6534
-0.62193
-0.62379
-0.63656
-0.74996
-0.60257
-0.67193
-0.84378
-0.87298
-0.82906
-0.8424
-0.84635
-0.96178
-0.99191
-0.9175
-1.0568
-1.1026
-1.0326
-1.0906
-1.3737
0
0
0
0
0
0
0
0
0
0
0
0
0
0
0
0
0
0
0
0
-3.4693
0
0
0
0
0
0
0
0
0
0
0
0
0
0
0
0
0
0
0
0
0
0
0
0
0
0
0
0
0
0
0
0
0
0
0
0
0
0
-0.37521
-0.30618
-0.37089
-0.33353
-0.35675
-0.36945
-0.33256
33.6953
-0.32772
-0.32333
-0.35367
-0.36833
-0.3627
-0.35883
-0.40351
-0.42164
-0.44684
-0.44923
-0.44226
-0.44831
-0.43584
-0.4552
-0.49806
-0.51582
-0.45896
-0.50639
-0.55485
-0.573
-0.55386
-0.5376
-0.56566
-0.73473
-0.6522
-0.64597
-0.69252
-0.76867
-0.60124
-0.69429
-0.82989
-0.89063
-0.81823
-0.87485
-0.87597
-0.97734
-1.0128
-0.922
-1.0641
-1.1079
-1.0298
-1.1035
-1.3823
0
0
0
0
0
0
0
0
0
0
0
0
0
0
0
0
0
-3.2103
0
0
0
0
0
0
0
0
0
0
0
0
0
0
0
0
0
0
0
0
0
0
0
0
0
0
0
0
0
0
0
0
0
0
0
0
0
0
0
0
0
-0.3364
-0.28877
-0.33144
-0.30184
-0.32726
-0.33839
-0.32173
-0.32772
28.9779
-0.3023
-0.3064
-0.29926
-0.30627
-0.3135
-0.3706
-0.37622
-0.4047
-0.40858
-0.40355
-0.40302
-0.39003
-0.41418
-0.44841
-0.46053
-0.4105
-0.45471
-0.45599
-0.52582
-0.50333
-0.49532
-0.53996
-0.63376
-0.60082
-0.59225
-0.57034
-0.71863
-0.5638
-0.61945
-0.80713
-0.83545
-0.77231
-0.79299
-0.8156
-0.92039
-0.95682
-0.86627
-1.0123
-1.0598
-0.99633
-1.066
0
0
0
0
0
-2.2108
0
0
0
0
0
0
0
0
0
0
0
0
0
0
0
0
0
0
0
0
0
0
0
0
0
0
0
0
0
0
0
0
0
0
0
0
0
0
0
0
0
0
0
0
0
0
0
0
0
0
0
0
0
0
-0.33417
-0.28916
-0.32967
-0.30221
-0.32287
-0.33748
-0.31829
-0.32333
-0.3023
27.7926
-0.32475
-0.33044
-0.31697
-0.31131
-0.36938
-0.37725
-0.40511
-0.41016
-0.40042
-0.39987
-0.39021
-0.41305
-0.44729
-0.46441
-0.4101
-0.45504
-0.47989
-0.52083
-0.49778
-0.47644
-0.5195
-0.61234
-0.5914
-0.58287
-0.60072
-0.70379
-0.55296
-0.62103
-0.78091
-0.81861
-0.7579
-0.7875
-0.79792
-0.89967
-0.93666
-0.84676
-0.99336
-1.0391
-0.96692
-1.0212
-1.3014
0
0
0
0
0
0
0
0
0
0
0
0
0
0
0
0
0
0
0
0
0
0
0
0
0
0
0
0
0
0
0
0
0
0
0
0
0
0
0
0
0
0
0
0
0
0
0
0
0
0
0
0
0
0
0
0
0
0
0
-0.35398
-0.30971
-0.35492
-0.327
-0.35264
-0.36485
-0.34571
-0.35367
-0.3064
-0.32475
30.7024
-0.3278
-0.33432
-0.327
-0.39077
-0.40738
-0.43087
-0.43343
-0.42974
-0.43178
-0.4103
-0.44421
-0.47454
-0.49044
-0.43236
-0.47519
-0.48174
-0.5561
-0.52649
-0.42208
-0.57955
-0.66385
-0.62638
-0.62318
-0.61507
-0.7485
-0.57384
-0.63437
-0.83173
-0.86701
-0.79758
-0.81396
-0.84837
-0.951
-0.99035
-0.8939
0
-1.0967
0
0
0
0
0
0
0
0
0
0
0
0
0
0
0
0
0
0
0
0
0
0
0
0
0
-3.6346
0
0
0
0
0
0
0
-2.2922
0
0
0
0
0
0
0
0
0
0
0
0
0
0
0
0
0
0
0
0
0
0
0
0
0
0
0
0
-0.3655
-0.3203
-0.36599
-0.33359
-0.3647
-0.3759
-0.3628
-0.36833
-0.29926
-0.33044
-0.3278
31.1288
-0.34158
-0.33596
-0.39722
-0.38659
-0.43195
-0.43666
-0.45832
-0.43117
-0.41168
-0.44569
-0.47874
-0.48714
-0.43982
-0.47037
-0.486
-0.56042
-0.52999
-0.50806
-0.5734
-0.66884
-0.63058
-0.62572
-0.60155
-0.7479
-0.57669
-0.63254
-0.83026
-0.86127
-0.80079
-0.79151
-0.83545
-0.94648
-0.97973
0
0
-1.0872
0
0
0
0
0
0
0
-2.1519
0
0
0
0
0
0
0
0
0
0
0
0
0
0
0
0
0
0
0
0
0
0
0
0
0
0
0
0
0
0
0
0
0
0
0
0
-4.9351
0
0
0
0
0
0
0
0
0
0
0
0
0
0
0
0
0
-0.37663
-0.32225
-0.3624
-0.32672
-0.33819
-0.3627
-0.33464
-0.3627
-0.30627
-0.31697
-0.33432
-0.34158
29.7047
-0.34527
-0.39233
-0.37728
-0.41357
-0.41417
-0.41117
-0.41726
-0.39402
-0.41223
-0.45118
-0.48275
-0.43968
-0.46513
-0.53392
-0.53364
-0.51607
-0.51873
-0.5037
-0.36591
-0.59989
-0.59381
-0.68239
-0.70816
-0.59123
-0.64028
-0.83908
-0.824
-0.80122
-0.83519
-0.82285
-0.90948
-0.94209
0
-0.98648
0
-0.96546
0
0
0
0
0
0
0
0
0
0
0
0
0
0
0
0
0
0
0
0
0
0
0
0
0
0
0
0
0
0
0
0
0
0
0
0
0
0
0
0
-5.4897
0
0
0
0
0
0
0
0
0
0
0
0
0
0
0
0
0
0
0
0
-0.368
-0.31286
-0.36169
-0.32253
-0.33506
-0.3644
-0.3405
-0.35883
-0.3135
-0.31131
-0.327
-0.33596
-0.34527
27.3574
-0.38218
-0.39034
-0.41876
-0.42292
-0.41343
-0.41849
-0.40174
-0.41947
-0.43971
-0.47346
-0.40581
-0.45085
-0.51469
-0.52951
-0.48329
-0.49227
-0.51748
-0.67912
-0.59856
-0.5931
-0.64433
-0.70693
-0.58114
-0.63177
-0.81047
-0.81858
-0.78777
-0.80237
-0.80787
-0.89722
-0.92852
0
0
0
0
0
0
0
0
0
0
0
0
0
0
0
0
0
0
0
0
0
0
0
0
0
0
0
0
0
0
0
0
0
0
0
0
0
0
0
0
0
0
0
0
0
0
-5.0984
0
0
0
0
0
0
0
0
0
0
0
0
0
0
0
0
0
0
-0.38123
-0.35517
-0.40023
-0.36189
-0.39797
-0.42452
-0.37816
-0.40351
-0.3706
-0.36938
-0.39077
-0.39722
-0.39233
-0.38218
33.1473
-0.44759
-0.47726
-0.48113
-0.47411
-0.47708
-0.45761
-0.48354
-0.52043
-0.54681
-0.42722
-0.52098
-0.55528
-0.60865
-0.57487
-0.56331
-0.60414
-0.74298
-0.68421
-0.67802
-0.68826
-0.80618
-0.65472
-0.69817
-0.91163
-0.92938
-0.87283
-0.88874
0
-1.0142
0
0
0
0
0
0
0
0
0
0
0
0
0
0
0
0
-3.257
0
0
0
0
0
0
0
0
0
0
0
0
0
0
0
0
0
0
0
0
0
0
0
0
0
0
0
0
0
0
0
0
0
0
0
0
0
0
0
0
0
-6.6958
0
0
0
0
0
0
0
-0.42355
-0.36453
-0.41583
-0.3762
-0.41381
-0.43173
-0.40283
-0.42164
-0.37622
-0.37725
-0.40738
-0.38659
-0.37728
-0.39034
-0.44759
25.3826
-0.50532
-0.4997
-0.5056
-0.48979
-0.48978
-0.50308
-0.53846
-0.54982
-0.52553
-0.54925
-0.58348
-0.62904
-0.60495
-0.55414
-0.6247
-0.70242
-0.69806
-0.6996
-0.70487
-0.8307
-0.65812
-0.7351
-0.91184
-0.95152
0
0
0
0
0
0
0
0
0
0
0
0
0
0
0
0
0
0
0
0
0
0
0
0
0
0
0
0
0
0
0
0
0
0
0
0
0
0
0
0
0
0
0
0
0
0
0
-4.325
0
0
0
0
0
0
0
0
0
0
0
0
0
0
0
0
0
0
0
0
0
0
-0.45469
-0.38711
-0.44844
-0.4025
-0.44011
-0.4606
-0.43131
-0.44684
-0.4047
-0.40511
-0.43087
-0.43195
-0.41357
-0.41876
-0.47726
-0.50532
23.5599
-0.54035
-0.53705
-0.53673
-0.51673
-0.53892
-0.57202
-0.5901
-0.53424
-0.57127
-0.63673
-0.66341
-0.63326
-0.60414
-0.65461
-0.76304
-0.74514
-0.74005
-0.74585
-0.87792
-0.73044
-0.79216
-0.96526
-1.0123
0
0
0
-1.099
0
0
0
0
0
0
0
0
0
0
0
0
0
0
0
0
0
0
0
0
0
0
0
0
0
0
0
0
0
0
0
0
0
0
0
0
0
0
0
0
0
0
0
0
0
0
0
0
0
0
0
0
0
0
0
0
0
0
0
0
0
0
0
0
0
0
-0.45716
-0.38953
-0.45093
-0.40587
-0.4439
-0.46125
-0.43365
-0.44923
-0.40858
-0.41016
-0.43343
-0.43666
-0.41417
-0.42292
-0.48113
-0.4997
-0.54035
22.3604
-0.53206
-0.5201
-0.50967
-0.52002
-0.57361
-0.57422
-0.52491
-0.58146
-0.59908
-0.6626
-0.63454
-0.62027
-0.6481
-0.77084
-0.74238
-0.73333
-0.7422
-0.8647
-0.75361
-0.78119
-0.946
-0.98688
0
0
0
0
0
0
0
0
0
0
0
0
0
0
0
0
0
0
0
0
0
0
0
0
0
0
0
0
0
0
0
0
0
0
0
0
0
0
0
0
0
0
0
0
0
0
0
0
0
0
0
0
0
0
0
0
0
0
0
0
0
0
0
0
0
0
0
0
0
0
-0.45144
-0.37932
-0.4441
-0.39583
-0.43708
-0.46136
-0.42791
-0.44226
-0.40355
-0.40042
-0.42974
-0.45832
-0.41117
-0.41343
-0.47411
-0.5056
-0.53705
-0.53206
24.6112
-0.54332
-0.48369
-0.50131
-0.5613
-0.59188
-0.48139
-0.5657
-0.5957
-0.64582
-0.6215
-0.5897
-0.6017
-0.76639
-0.73038
-0.72617
-0.73088
-0.86902
0
0
0
0
0
0
0
0
0
-1.0187
0
0
0
0
0
0
-1.8991
0
0
0
0
0
0
0
0
0
0
0
0
0
0
0
0
0
0
0
0
0
0
0
0
0
0
-3.0828
0
0
0
0
0
0
0
0
0
0
0
0
0
0
0
0
0
0
0
0
0
0
0
0
0
0
0
0
0
0
-0.4457
-0.37212
-0.43478
-0.39201
-0.43489
-0.44597
-0.42481
-0.44831
-0.40302
-0.39987
-0.43178
-0.43117
-0.41726
-0.41849
-0.47708
-0.48979
-0.53673
-0.5201
-0.54332
24.3541
-0.49454
-0.52347
-0.55224
-0.57802
-0.50489
-0.50622
-0.61081
-0.64364
-0.61278
-0.61681
-0.64034
-0.75246
-0.72105
-0.71363
-0.71524
-0.84654
0
0
0
0
0
0
0
0
0
0
0
0
0
0
-1.4557
0
0
0
0
0
0
0
0
0
0
0
0
0
0
0
0
0
0
0
0
0
0
0
0
0
0
0
0
0
0
0
0
0
0
0
0
0
0
0
0
0
0
0
-4.3986
0
0
0
0
0
0
0
0
0
0
0
0
0
0
0
-0.42946
-0.37738
-0.42634
-0.38318
-0.42476
-0.44672
-0.41756
-0.43584
-0.39003
-0.39021
-0.4103
-0.41168
-0.39402
-0.40174
-0.45761
-0.48978
-0.51673
-0.50967
-0.48369
-0.49454
22.7612
-0.48827
-0.52952
-0.51575
-0.49543
-0.52299
-0.57702
-0.61612
-0.57882
-0.57073
-0.58004
-0.7131
-0.69928
-0.6797
0
0
0
0
0
0
0
0
0
0
0
0
0
0
0
0
0
0
0
-2.0442
0
0
0
0
0
-1.1975
0
0
0
0
0
0
0
0
0
0
0
0
0
0
0
0
-3.2615
0
0
0
0
0
0
0
0
0
0
0
0
0
0
0
0
0
0
0
0
0
0
0
0
0
0
0
0
0
0
0
0
0
-0.45598
-0.39316
-0.45347
-0.40797
-0.44846
-0.46821
-0.43593
-0.4552
-0.41418
-0.41305
-0.44421
-0.44569
-0.41223
-0.41947
-0.48354
-0.50308
-0.53892
-0.52002
-0.50131
-0.52347
-0.48827
20.9794
-0.55422
-0.58298
-0.49234
-0.59902
-0.57571
-0.66169
-0.63038
-0.60743
-0.64218
-0.75027
-0.73435
-0.72174
-0.7219
-0.85719
0
0
0
0
0
0
0
0
0
0
0
0
0
0
0
0
0
0
0
0
0
0
-2.2222
0
0
0
0
0
0
0
0
0
0
0
0
0
0
0
0
0
0
0
0
0
0
0
0
0
0
0
0
0
0
0
0
0
0
0
0
0
0
0
0
0
0
0
0
0
0
0
0
0
0
0
-0.49559
-0.43045
-0.49477
-0.44235
-0.48679
-0.50752
-0.47487
-0.49806
-0.44841
-0.44729
-0.47454
-0.47874
-0.45118
-0.43971
-0.52043
-0.53846
-0.57202
-0.57361
-0.5613
-0.55224
-0.52952
-0.55422
19.8048
-0.60159
-0.55025
-0.61705
-0.62962
-0.68176
-0.66081
-0.62986
-0.69245
-0.78672
-0.76534
-0.73919
0
0
0
0
0
0
0
0
0
0
0
0
0
0
0
0
0
-1.4781
0
0
0
0
0
0
0
0
0
0
0
0
0
0
0
0
0
0
0
0
0
0
0
0
0
0
0
0
0
0
0
0
0
0
0
0
0
0
0
0
0
0
0
0
0
0
0
0
0
0
0
0
0
0
0
0
0
0
-0.51555
-0.44825
-0.50415
-0.45822
-0.50139
-0.5304
-0.48609
-0.51582
-0.46053
-0.46441
-0.49044
-0.48714
-0.48275
-0.47346
-0.54681
-0.54982
-0.5901
-0.57422
-0.59188
-0.57802
-0.51575
-0.58298
-0.60159
25.3413
-0.52857
-0.59786
-0.64373
-0.69789
-0.66215
-0.69949
-0.67603
-0.80553
-0.76482
-0.7603
0
0
0
0
0
0
0
0
0
0
0
0
0
0
0
0
0
0
0
0
0
0
0
0
0
0
0
0
0
0
0
0
0
0
0
0
0
0
0
0
0
0
0
0
0
0
0
0
0
0
0
0
0
0
0
0
0
0
0
0
0
0
0
0
0
0
0
-6.5552
0
0
0
0
0
0
0
0
-0.40685
-0.38878
-0.42725
-0.40231
-0.43901
-0.46966
-0.42847
-0.45896
-0.4105
-0.4101
-0.43236
-0.43982
-0.43968
-0.40581
-0.42722
-0.52553
-0.53424
-0.52491
-0.48139
-0.50489
-0.49543
-0.49234
-0.55025
-0.52857
23.6695
-0.54714
-0.53155
-0.62239
-0.58179
0
0
0
0
0
-0.73265
0
0
0
0
0
0
0
0
0
0
0
0
0
0
0
0
0
-1.92
0
0
0
0
0
0
0
-2.6011
-2.3645
0
0
0
0
-2.744
0
0
0
0
0
0
0
0
0
0
0
0
0
0
0
0
0
0
0
0
0
0
0
0
0
0
0
0
0
0
0
0
0
0
0
0
0
0
0
0
0
0
0
-0.45991
-0.40144
-0.49377
-0.41644
-0.49081
-0.48331
-0.48945
-0.50639
-0.45471
-0.45504
-0.47519
-0.47037
-0.46513
-0.45085
-0.52098
-0.54925
-0.57127
-0.58146
-0.5657
-0.50622
-0.52299
-0.59902
-0.61705
-0.59786
-0.54714
22.0733
-0.59968
-0.7195
-0.6573
0
0
0
0
0
0
0
0
0
0
0
0
0
0
0
0
0
0
0
0
0
0
0
0
0
0
0
-2.2739
0
0
0
0
0
0
-2.6073
0
0
0
-2.5239
0
0
0
0
0
0
0
0
0
0
0
0
0
0
0
0
0
0
0
0
0
0
0
0
0
0
0
0
0
0
0
0
0
0
0
0
0
0
0
0
0
0
-0.53747
-0.46274
-0.50812
-0.46131
-0.52342
-0.55404
-0.49085
-0.55485
-0.45599
-0.47989
-0.48174
-0.486
-0.53392
-0.51469
-0.55528
-0.58348
-0.63673
-0.59908
-0.5957
-0.61081
-0.57702
-0.57571
-0.62962
-0.64373
-0.53155
-0.59968
26.2974
-0.71216
-0.68439
0
0
0
0
0
0
0
0
0
0
0
0
0
0
0
0
0
0
0
0
0
0
0
0
0
0
-2.0731
0
0
0
0
0
0
0
0
0
0
0
0
0
0
0
0
0
0
-3.4183
0
0
0
0
0
0
0
0
0
0
0
-5.2261
0
0
0
0
0
0
0
0
0
0
0
0
0
0
0
0
0
0
0
0
0
0
0
-0.57618
-0.4976
-0.57038
-0.51442
-0.56596
-0.58669
-0.55052
-0.573
-0.52582
-0.52083
-0.5561
-0.56042
-0.53364
-0.52951
-0.60865
-0.62904
-0.66341
-0.6626
-0.64582
-0.64364
-0.61612
-0.66169
-0.68176
-0.69789
-0.62239
-0.7195
-0.71216
18.5218
-0.76474
0
0
0
0
0
0
0
0
0
0
0
0
0
0
0
0
0
-1.3463
0
0
0
0
0
0
0
0
0
0
0
0
0
0
0
0
0
0
0
0
0
0
0
0
0
0
0
0
0
0
0
0
0
-0.18498
0
0
0
0
0
0
0
0
0
0
0
0
0
0
0
0
0
0
0
0
0
0
0
0
0
0
0
0
0
-0.54865
-0.47957
-0.5511
-0.4915
-0.54224
-0.56632
-0.53149
-0.55386
-0.50333
-0.49778
-0.52649
-0.52999
-0.51607
-0.48329
-0.57487
-0.60495
-0.63326
-0.63454
-0.6215
-0.61278
-0.57882
-0.63038
-0.66081
-0.66215
-0.58179
-0.6573
-0.68439
-0.76474
18.8731
0
0
0
0
0
0
0
0
0
0
0
-1.0624
0
0
0
0
0
0
0
0
0
0
-1.5868
0
0
0
0
0
0
0
0
0
0
0
0
0
0
0
0
0
0
0
0
0
0
0
0
0
0
0
0
0
0
0
0
0
0
0
0
0
0
0
0
0
0
0
0
0
0
0
0
0
0
0
0
0
0
0
0
0
0
-0.51918
-0.44874
-0.50349
-0.4609
-0.53055
-0.54795
-0.49565
-0.5376
-0.49532
-0.47644
-0.42208
-0.50806
-0.51873
-0.49227
-0.56331
-0.55414
-0.60414
-0.62027
-0.5897
-0.61681
-0.57073
-0.60743
-0.62986
-0.69949
0
0
0
0
0
28.2796
0
0
0
0
0
0
0
0
0
0
0
0
0
0
0
0
0
0
0
0
0
0
0
0
0
0
0
0
0
-1.3371
0
0
0
0
0
0
0
0
0
0
0
0
0
-3.5385
0
0
0
0
0
0
0
0
0
0
0
0
0
0
0
0
0
0
0
-4.073
0
0
0
0
0
0
0
0
0
0
0
0
0
0
-6.3182
0
-0.58412
-0.49266
-0.57158
-0.51549
-0.56684
-0.59074
-0.55099
-0.56566
-0.53996
-0.5195
-0.57955
-0.5734
-0.5037
-0.51748
-0.60414
-0.6247
-0.65461
-0.6481
-0.6017
-0.64034
-0.58004
-0.64218
-0.69245
-0.67603
0
0
0
0
0
0
19.644
0
0
0
0
0
0
0
0
0
0
0
0
0
0
0
0
0
0
0
0
0
-1.9879
0
0
0
0
0
0
0
0
0
0
0
0
0
0
0
0
0
0
0
-3.6201
0
0
0
0
0
0
0
0
0
0
0
0
0
0
0
0
0
0
0
0
0
0
0
0
0
0
0
0
0
0
0
0
0
0
0
0
0
-0.74517
-0.649
-0.71675
-0.63794
-0.67096
-0.7226
-0.6534
-0.73473
-0.63376
-0.61234
-0.66385
-0.66884
-0.36591
-0.67912
-0.74298
-0.70242
-0.76304
-0.77084
-0.76639
-0.75246
-0.7131
-0.75027
-0.78672
-0.80553
0
0
0
0
0
0
0
21.6876
0
0
0
0
0
0
0
0
0
0
0
0
0
0
0
0
0
0
0
0
0
0
0
0
0
0
0
0
0
0
0
0
0
0
0
0
0
0
0
0
0
0
0
0
0
0
0
0
0
0
0
0
0
0
0
0
0
-4.9795
0
0
0
0
0
0
0
0
0
0
0
0
0
0
0
0
0
0
0
0
-0.65532
-0.56822
-0.64218
-0.58489
-0.64276
-0.66717
-0.62193
-0.6522
-0.60082
-0.5914
-0.62638
-0.63058
-0.59989
-0.59856
-0.68421
-0.69806
-0.74514
-0.74238
-0.73038
-0.72105
-0.69928
-0.73435
-0.76534
-0.76482
0
0
0
0
0
0
0
0
17.5406
0
0
0
0
0
0
0
0
0
0
0
0
0
0
0
0
0
0
0
0
0
0
0
0
0
0
-1.5733
0
0
0
0
0
0
0
0
0
0
0
0
0
0
0
0
0
0
0
0
0
0
0
0
0
0
0
0
0
0
0
0
0
0
0
0
0
0
0
0
0
0
0
0
0
0
0
0
0
0
-0.64978
-0.55889
-0.61885
-0.58607
-0.63323
-0.66625
-0.62379
-0.64597
-0.59225
-0.58287
-0.62318
-0.62572
-0.59381
-0.5931
-0.67802
-0.6996
-0.74005
-0.73333
-0.72617
-0.71363
-0.6797
-0.72174
-0.73919
-0.7603
0
0
0
0
0
0
0
0
0
18.5441
0
0
0
0
0
0
0
0
0
0
0
0
0
0
0
0
0
0
0
0
0
0
0
0
0
0
0
-2.7586
0
0
0
0
0
0
0
0
0
0
0
0
0
0
0
0
0
0
0
0
0
0
0
0
0
0
0
0
0
0
0
0
0
0
0
0
0
0
0
0
0
0
0
0
0
0
0
0
-0.68252
-0.58802
-0.65653
-0.58655
-0.65355
-0.69378
-0.63656
-0.69252
-0.57034
-0.60072
-0.61507
-0.60155
-0.68239
-0.64433
-0.68826
-0.70487
-0.74585
-0.7422
-0.73088
-0.71524
0
-0.7219
0
0
-0.73265
0
0
0
0
0
0
0
0
0
21.7392
0
0
0
0
0
0
0
0
0
0
0
0
0
0
0
0
0
0
0
0
-2.1485
0
0
0
0
0
0
0
0
0
0
0
0
0
0
0
0
0
0
0
0
0
0
0
0
0
0
0
0
0
0
-4.9044
0
0
0
0
0
0
0
0
0
0
0
0
0
0
0
0
0
0
0
0
0
0
0
-0.78141
-0.68177
-0.77378
-0.70176
-0.76259
-0.79018
-0.74996
-0.76867
-0.71863
-0.70379
-0.7485
-0.7479
-0.70816
-0.70693
-0.80618
-0.8307
-0.87792
-0.8647
-0.86902
-0.84654
0
-0.85719
0
0
0
0
0
0
0
0
0
0
0
0
0
16.2963
0
0
0
0
0
0
0
0
0
0
0
0
0
0
0
0
0
0
0
0
0
0
0
0
0
0
0
0
0
0
0
0
0
0
0
0
0
0
0
0
0
0
0
0
0
0
0
0
0
0
0
0
0
0
0
0
0
0
0
0
0
0
0
0
0
0
0
0
0
0
0
0
0
0
-0.60369
-0.5196
-0.6247
-0.55659
-0.604
-0.58935
-0.60257
-0.60124
-0.5638
-0.55296
-0.57384
-0.57669
-0.59123
-0.58114
-0.65472
-0.65812
-0.73044
-0.75361
0
0
0
0
0
0
0
0
0
0
0
0
0
0
0
0
0
0
20.2516
0
0
0
0
0
0
0
0
0
0
0
0
0
0
0
0
0
0
0
0
0
0
0
0
0
0
0
-2.4311
0
0
0
0
0
0
0
0
0
0
0
0
0
0
0
0
-2.5765
0
0
0
0
0
0
0
0
-4.3057
0
0
0
0
0
0
0
0
0
0
0
0
0
0
0
0
0
0
0
-0.67617
-0.61512
-0.67581
-0.60681
-0.67705
-0.7142
-0.67193
-0.69429
-0.61945
-0.62103
-0.63437
-0.63254
-0.64028
-0.63177
-0.69817
-0.7351
-0.79216
-0.78119
0
0
0
0
0
0
0
0
0
0
0
0
0
0
0
0
0
0
0
17.776
0
0
0
0
0
0
0
0
0
0
0
0
0
0
0
-2.1875
0
0
0
0
0
0
0
0
0
0
0
0
0
0
0
0
0
0
0
0
0
0
0
0
0
0
0
0
0
-3.471
0
0
0
0
0
0
0
0
0
0
0
0
0
0
0
0
0
0
0
0
0
0
0
0
0
0
-0.88866
-0.73576
-0.88702
-0.79349
-0.84478
-0.8544
-0.84378
-0.82989
-0.80713
-0.78091
-0.83173
-0.83026
-0.83908
-0.81047
-0.91163
-0.91184
-0.96526
-0.946
0
0
0
0
0
0
0
0
0
0
0
0
0
0
0
0
0
0
0
0
18.2369
0
0
0
0
0
0
0
0
0
0
0
0
0
0
0
0
0
0
0
0
0
0
0
0
0
-2.9248
0
0
0
0
0
0
0
0
0
0
0
0
0
0
0
0
0
0
0
0
0
0
0
0
0
0
0
0
0
0
0
0
0
0
0
0
0
0
0
0
0
0
0
0
0
-0.90326
-0.80082
-0.89693
-0.8181
-0.88306
-0.91548
-0.87298
-0.89063
-0.83545
-0.81861
-0.86701
-0.86127
-0.824
-0.81858
-0.92938
-0.95152
-1.0123
-0.98688
0
0
0
0
0
0
0
0
0
0
0
0
0
0
0
0
0
0
0
0
0
15.8863
0
0
0
0
0
0
0
0
0
0
0
0
0
0
0
0
0
0
0
0
0
0
0
0
0
0
0
0
0
0
0
0
0
0
0
0
0
0
0
0
0
0
0
0
0
0
0
0
0
0
0
0
0
0
0
0
0
0
0
0
0
0
0
0
0
0
0
0
0
0
-0.84632
-0.73848
-0.85584
-0.76343
-0.82065
-0.84856
-0.82906
-0.81823
-0.77231
-0.7579
-0.79758
-0.80079
-0.80122
-0.78777
-0.87283
0
0
0
0
0
0
0
0
0
0
0
0
0
-1.0624
0
0
0
0
0
0
0
0
0
0
0
14.9356
0
0
0
0
0
0
0
0
0
0
0
0
0
-1.7623
0
0
0
0
0
0
0
0
0
0
0
0
0
0
0
0
0
0
0
0
0
0
0
0
0
0
0
0
0
0
0
0
0
0
0
0
0
0
0
0
0
0
0
0
0
0
0
0
0
0
0
0
0
0
0
-0.87041
-0.78589
-0.86006
-0.78089
-0.85315
-0.89557
-0.8424
-0.87485
-0.79299
-0.7875
-0.81396
-0.79151
-0.83519
-0.80237
-0.88874
0
0
0
0
0
0
0
0
0
0
0
0
0
0
0
0
0
0
0
0
0
0
0
0
0
0
15.9914
0
0
0
0
0
0
0
0
0
0
0
0
0
0
0
0
0
0
0
0
0
0
0
0
0
0
0
0
0
0
0
0
0
0
0
0
0
0
0
0
0
-3.5159
0
0
0
0
0
0
0
0
0
0
0
0
0
0
0
0
0
0
0
0
0
0
0
0
0
0
-0.86582
-0.78048
-0.86754
-0.79139
-0.86137
-0.90135
-0.84635
-0.87597
-0.8156
-0.79792
-0.84837
-0.83545
-0.82285
-0.80787
0
0
0
0
0
0
0
0
0
0
0
0
0
0
0
0
0
0
0
0
0
0
0
0
0
0
0
0
19.9865
0
0
0
0
0
0
0
0
0
0
0
0
0
0
0
-2.5176
0
0
0
0
0
0
0
0
0
0
0
0
0
0
0
0
0
0
0
0
0
0
0
0
0
0
0
0
0
0
0
0
0
0
0
0
0
0
0
0
0
0
0
0
0
0
-5.7505
0
0
0
0
-0.99015
-0.88532
-0.98436
-0.90038
-0.96789
-1.0039
-0.96178
-0.97734
-0.92039
-0.89967
-0.951
-0.94648
-0.90948
-0.89722
-1.0142
0
-1.099
0
0
0
0
0
0
0
0
0
0
0
0
0
0
0
0
0
0
0
0
0
0
0
0
0
0
15.3085
0
0
0
0
0
0
0
0
0
0
0
0
0
0
0
0
0
0
0
0
0
0
0
0
0
0
0
0
0
0
0
0
0
0
0
0
0
0
0
0
0
0
0
0
0
0
0
0
0
0
0
0
0
0
0
0
0
0
0
0
0
0
0
0
0
0
-1.0299
-0.91873
-1.0233
-0.93783
-1.006
-1.0428
-0.99191
-1.0128
-0.95682
-0.93666
-0.99035
-0.97973
-0.94209
-0.92852
0
0
0
0
0
0
0
0
0
0
0
0
0
0
0
0
0
0
0
0
0
0
0
0
0
0
0
0
0
0
13.6975
0
0
0
0
0
0
0
0
0
0
0
0
0
0
0
0
0
0
0
0
0
0
0
0
0
0
0
0
0
0
0
0
0
0
0
0
0
0
0
0
0
0
0
0
0
0
0
0
0
0
0
0
0
0
0
0
0
0
0
0
0
0
0
0
0
-0.92206
-0.84025
-0.91897
-0.84101
-0.92123
-0.96081
-0.9175
-0.922
-0.86627
-0.84676
-0.8939
0
0
0
0
0
0
0
-1.0187
0
0
0
0
0
0
0
0
0
0
0
0
0
0
0
0
0
0
0
0
0
0
0
0
0
0
13.366
0
0
0
0
0
0
0
-2.4966
0
0
0
0
0
0
0
0
0
0
0
0
0
0
0
0
0
0
0
0
0
0
0
0
0
0
0
0
0
0
0
0
0
0
0
0
0
0
0
0
0
0
0
0
0
0
0
0
0
0
0
0
0
0
0
0
-1.0871
-0.97551
-1.08
-0.99332
-1.0662
-1.0959
-1.0568
-1.0641
-1.0123
-0.99336
0
0
-0.98648
0
0
0
0
0
0
0
0
0
0
0
0
0
0
-1.3463
0
0
0
0
0
0
0
0
0
0
0
0
0
0
0
0
0
0
12.7574
0
0
0
0
0
0
0
0
0
0
0
0
0
0
0
0
0
0
0
0
0
0
0
0
0
0
0
0
0
0
0
0
0
0
0
0
0
0
0
0
0
0
0
0
0
0
0
0
0
0
0
0
0
0
0
0
0
0
0
0
0
0
0
-1.1265
-1.0152
-1.1228
-1.0369
-1.1134
-1.1451
-1.1026
-1.1079
-1.0598
-1.0391
-1.0967
-1.0872
0
0
0
0
0
0
0
0
0
0
0
0
0
0
0
0
0
0
0
0
0
0
0
0
0
0
0
0
0
0
0
0
0
0
0
13.0532
0
0
0
0
0
0
0
0
0
0
0
0
0
0
0
0
0
0
0
0
0
0
0
0
0
0
0
0
0
0
0
0
0
0
0
0
0
0
0
0
0
0
0
0
0
0
0
0
0
0
0
0
0
0
0
0
0
0
0
0
0
0
-1.061
-0.94634
-1.0584
-0.96921
-1.0394
-1.0833
-1.0326
-1.0298
-0.99633
-0.96692
0
0
-0.96546
0
0
0
0
0
0
0
0
0
0
0
0
0
0
0
0
0
0
0
0
0
0
0
0
0
0
0
0
0
0
0
0
0
0
0
13.542
0
0
0
-2.3932
0
0
0
0
0
0
0
0
0
0
0
0
0
0
0
0
0
0
0
0
0
0
0
0
0
0
0
0
0
0
0
0
0
0
0
0
0
0
0
0
0
0
0
0
0
0
0
0
0
0
0
0
0
0
0
0
0
-1.109
-0.99418
-1.0876
-0.99884
-1.1025
-1.1245
-1.0906
-1.1035
-1.066
-1.0212
0
0
0
0
0
0
0
0
0
0
0
0
0
0
0
0
0
0
0
0
0
0
0
0
0
0
0
0
0
0
0
0
0
0
0
0
0
0
0
15.6598
0
0
0
0
0
0
0
0
0
0
0
0
0
0
0
0
0
0
0
0
0
0
0
0
0
0
0
0
0
0
0
0
0
0
0
0
0
0
0
0
0
0
0
0
0
0
0
0
0
0
-4.9619
0
0
0
0
0
0
0
0
0
-1.3847
-1.2799
-1.3813
-1.2924
-1.3843
0
-1.3737
-1.3823
0
-1.3014
0
0
0
0
0
0
0
0
0
-1.4557
0
0
0
0
0
0
0
0
0
0
0
0
0
0
0
0
0
0
0
0
0
0
0
0
0
0
0
0
0
0
12.2357
0
0
0
0
0
0
0
0
0
0
0
0
0
0
0
0
0
0
0
0
0
0
0
0
0
0
0
0
0
0
0
0
0
0
0
0
0
0
0
0
0
0
0
0
0
0
0
0
0
0
0
0
0
0
0
0
0
0
0
0
0
0
0
0
0
0
0
0
0
0
0
0
0
0
0
0
0
0
0
0
0
-1.4781
0
0
0
0
0
-1.5868
0
0
0
0
0
0
0
0
0
0
0
0
0
0
0
0
0
0
0
0
0
0
25.9481
0
0
0
0
-2.476
-2.4751
0
0
0
0
0
0
0
0
-3.5227
0
0
0
0
0
0
0
0
-3.2156
0
0
0
0
0
0
0
0
0
0
0
0
0
0
0
-4.8209
0
0
0
0
0
0
-6.3729
0
0
0
0
0
0
0
0
0
0
0
0
0
0
0
0
0
0
0
0
0
0
0
0
0
0
0
0
0
-1.8991
0
0
0
0
0
-1.92
0
0
0
0
0
-1.9879
0
0
0
0
0
0
0
0
0
0
0
0
0
0
0
0
0
-2.3932
0
0
0
14.0675
0
0
0
0
0
-2.6869
0
0
0
0
0
0
-3.1802
0
0
0
0
0
0
0
0
0
0
0
0
0
0
0
0
0
0
0
0
0
0
0
0
0
0
0
0
0
0
0
0
0
0
0
0
0
0
0
0
0
0
0
0
0
0
0
0
0
0
0
0
0
0
0
0
0
0
0
0
0
0
0
0
-2.0442
0
0
0
0
0
0
0
0
0
0
0
0
0
0
0
0
-2.1875
0
0
0
0
0
0
0
-2.4966
0
0
0
0
0
0
0
13.3422
0
0
0
0
0
0
0
0
0
0
0
0
0
0
0
0
0
0
0
0
0
-3.5187
0
-3.0952
0
0
0
0
0
0
0
0
0
0
0
0
0
0
0
0
0
0
0
0
0
0
0
0
0
0
0
0
0
0
0
0
0
0
0
0
0
0
0
0
0
0
0
0
0
0
0
0
0
0
0
0
0
0
0
0
0
0
0
0
0
0
0
0
0
0
0
0
0
0
0
0
-1.7623
0
0
0
0
0
0
0
0
0
0
0
0
0
16.891
0
0
0
0
0
0
0
0
0
-2.688
0
0
0
-3.2313
0
0
0
0
0
0
0
0
-3.9509
0
0
0
0
0
0
0
0
0
0
0
0
0
0
0
0
0
0
0
0
0
0
0
0
0
0
0
0
0
0
0
-5.2586
0
0
0
0
0
0
0
0
-2.2108
0
0
-2.1519
0
0
0
0
0
0
0
0
0
0
0
0
0
0
-2.0731
0
0
0
0
0
0
0
-2.1485
0
0
0
0
0
0
0
0
0
0
0
0
0
0
0
0
0
0
0
0
12.1842
0
0
0
0
0
0
0
0
0
0
0
0
0
0
-3.6
0
0
0
0
0
0
0
0
0
0
0
0
0
0
0
0
0
0
0
0
0
0
0
0
0
0
0
0
0
0
0
0
0
0
0
0
0
0
0
0
0
0
0
0
0
0
0
0
0
0
0
0
0
0
0
0
0
0
0
0
0
0
0
0
-2.2739
0
0
0
0
0
0
0
0
0
0
0
0
0
0
0
0
0
0
0
0
0
0
0
0
0
-2.476
0
0
0
0
15.674
0
0
0
0
0
0
0
0
0
0
0
0
0
0
0
0
0
0
-3.4213
0
-3.4755
0
0
0
0
-4.0274
0
0
0
0
0
0
0
0
0
0
0
0
0
0
0
0
0
0
0
0
0
0
0
0
0
0
0
-2.0558
-2.0577
0
-1.9763
-2.1118
0
0
0
0
0
0
0
0
0
0
0
0
0
0
0
0
0
0
0
0
0
0
0
0
0
0
0
0
0
0
0
0
0
0
0
0
0
0
0
0
0
0
0
0
0
0
-2.4751
0
0
0
0
0
10.6768
0
0
0
0
0
0
0
0
0
0
0
0
0
0
0
0
0
0
0
0
0
0
0
0
0
0
0
0
0
0
0
0
0
0
0
0
0
0
0
0
0
0
0
0
0
0
0
0
0
0
0
0
0
0
0
0
0
0
0
0
0
0
0
0
0
0
0
0
0
0
0
0
0
-2.2222
0
0
0
0
0
0
0
0
0
0
0
0
0
0
0
0
0
0
0
0
-2.5176
0
0
0
0
0
0
0
0
0
-2.6869
0
0
0
0
0
14.9017
0
0
0
0
0
0
0
0
0
0
0
0
0
-3.6232
0
0
0
0
0
-3.8518
0
0
0
0
0
0
0
0
0
0
0
0
0
0
0
0
0
0
0
0
0
0
0
0
0
0
0
0
0
0
0
0
0
0
0
0
0
0
0
0
0
0
0
0
0
0
0
0
0
0
0
-1.1975
0
0
0
0
0
0
0
0
-1.3371
0
0
-1.5733
0
0
0
0
0
0
0
0
0
0
0
0
0
0
0
0
0
0
0
0
0
0
0
0
0
0
11.8864
0
0
0
0
0
0
0
0
0
0
0
0
0
0
0
0
0
0
0
0
0
0
0
0
0
0
0
0
0
0
0
0
0
-4.1739
0
0
0
0
0
0
0
0
0
0
-3.6045
0
0
0
0
0
-3.3212
0
0
0
0
0
0
0
0
0
0
0
0
0
-3.257
0
0
0
0
0
0
0
0
0
-2.6011
0
0
0
0
0
0
0
0
0
0
0
0
0
0
0
0
0
0
0
0
0
0
0
0
0
0
0
0
0
0
0
0
0
0
0
12.1432
0
0
0
0
0
-2.9639
0
0
0
0
0
0
0
0
0
0
0
0
0
0
0
0
0
0
0
0
0
0
0
0
0
0
0
0
0
0
0
0
0
0
0
0
0
0
0
0
0
0
0
0
0
-2.4224
0
0
0
0
0
0
0
0
0
0
0
0
0
0
0
0
0
0
0
0
0
-2.3645
0
0
0
0
0
0
0
0
-2.7586
0
0
0
0
0
0
0
0
0
0
0
0
0
0
0
0
0
0
0
0
0
0
0
0
0
0
0
11.3863
0
0
0
0
0
0
0
0
0
0
0
0
0
0
0
0
0
0
0
0
0
0
0
0
0
0
0
0
0
0
0
0
0
-3.8408
0
0
0
0
0
0
0
0
0
0
0
0
0
0
0
0
0
0
0
0
0
0
0
0
0
0
0
0
0
0
0
0
0
0
0
0
0
0
0
0
0
0
0
0
0
0
0
0
0
0
0
0
0
0
0
0
0
0
0
0
0
0
0
0
0
0
0
0
0
0
0
0
0
0
0
0
13.2484
0
0
0
-3.2069
0
0
0
0
0
0
0
0
0
0
0
0
-3.8602
0
0
0
0
0
0
0
-4.4429
0
0
0
0
0
0
0
0
0
0
0
0
0
0
0
-1.7384
0
0
0
0
0
0
0
-2.5977
0
0
0
-2.7309
0
0
0
0
0
0
0
0
0
0
0
0
0
0
0
0
0
0
0
-2.6073
0
0
0
0
0
0
0
0
0
0
0
0
0
0
0
0
0
0
0
0
0
0
0
0
0
0
0
0
0
0
0
0
0
0
0
0
0
11.8361
0
0
0
0
0
0
0
0
0
0
0
0
0
0
0
0
0
0
0
0
0
0
0
0
0
0
0
0
0
0
-3.9003
0
0
0
0
0
0
0
0
0
0
0
0
0
0
0
0
0
0
0
0
-2.5979
0
0
0
0
0
0
0
0
0
0
0
0
0
0
0
0
0
0
0
0
0
0
0
0
0
0
0
0
0
0
-2.4311
0
-2.9248
0
0
0
0
0
0
0
0
0
0
0
0
0
0
0
-2.688
0
0
0
0
0
0
0
0
0
10.6418
0
0
0
0
0
0
0
0
0
0
0
0
0
0
0
0
0
0
0
0
0
0
0
0
0
0
0
0
0
0
0
0
0
0
0
0
0
0
0
0
0
0
0
0
0
0
0
0
0
0
0
0
0
0
0
0
0
0
0
0
0
0
0
0
0
0
0
0
0
0
0
0
0
0
0
0
0
0
0
0
0
0
0
0
0
0
0
0
0
0
0
0
0
0
0
0
0
-3.1802
0
0
0
0
0
0
0
0
0
0
0
0
15.5839
0
0
0
0
0
0
0
0
0
0
-3.714
0
0
-3.5243
0
0
0
0
0
-5.1654
0
0
0
0
0
0
0
0
0
0
0
0
0
0
0
0
0
0
0
0
0
0
0
0
0
0
0
0
0
0
0
0
0
0
0
0
0
0
0
0
0
0
0
0
0
0
0
0
-2.744
0
0
0
0
0
0
0
0
0
0
0
0
0
0
0
0
0
0
0
0
0
0
0
0
0
0
-3.5227
0
0
0
0
0
0
0
0
-2.9639
0
-3.2069
0
0
0
12.4375
0
0
0
0
0
0
0
0
0
0
0
0
0
0
0
0
0
0
0
0
0
0
0
0
0
0
0
0
0
0
0
0
0
0
0
0
0
0
0
0
0
0
0
-2.4914
-2.4951
0
-2.4357
0
0
0
0
0
0
0
0
0
0
0
0
0
0
0
0
0
0
0
0
0
-2.5239
0
0
0
0
0
0
0
0
0
0
0
0
0
0
0
0
0
0
0
0
0
0
0
0
0
0
0
0
0
0
0
0
0
0
0
0
0
0
0
0
0
9.946
0
0
0
0
0
0
0
0
0
0
0
0
0
0
0
0
0
0
0
0
0
0
0
0
0
0
0
0
0
0
0
0
0
0
0
0
0
0
0
0
0
0
0
-3.1998
0
0
0
0
0
-3.2103
0
0
0
0
0
0
0
0
0
0
0
0
0
0
0
0
0
0
0
0
0
0
0
0
0
0
0
0
0
0
0
0
0
0
0
0
0
0
0
0
0
0
0
0
0
0
-3.2313
0
0
0
0
0
0
0
0
0
0
0
0
0
9.6413
0
0
0
0
0
0
0
0
0
0
0
0
0
0
0
0
0
0
0
0
0
0
0
0
0
0
0
0
0
0
0
0
0
0
0
0
0
0
0
0
0
0
-3.0106
-2.9806
0
0
0
0
0
0
0
0
0
0
0
0
0
0
0
0
0
0
0
0
0
0
0
0
0
0
0
0
0
0
0
0
0
0
0
0
0
0
0
0
0
0
0
0
0
0
0
0
0
0
0
0
0
0
0
0
0
0
0
0
0
0
0
0
0
0
9.7236
0
0
0
0
0
0
0
0
0
0
0
0
0
0
0
0
0
0
0
0
0
0
0
0
0
0
-3.7323
0
0
0
0
0
0
0
0
0
0
0
0
0
0
0
0
0
0
0
0
0
0
0
0
0
0
0
0
0
0
0
0
0
0
0
0
0
0
0
0
0
0
0
0
0
0
0
0
0
0
0
0
0
0
0
0
0
0
0
0
0
0
0
0
0
0
0
0
-3.6
0
0
0
0
0
0
0
0
0
0
0
0
0
0
12.4589
0
0
-3.6383
0
0
0
0
0
0
0
0
0
0
0
0
0
0
-5.2206
0
0
0
0
0
0
0
0
0
0
0
0
0
0
0
0
0
0
0
0
0
0
0
0
0
0
0
-3.4693
0
0
0
0
0
0
0
0
0
0
0
0
0
0
0
0
0
0
0
0
0
0
0
0
0
0
0
0
0
0
0
0
0
0
0
0
0
0
0
0
0
0
0
0
0
0
0
0
0
0
0
0
0
0
0
0
0
0
0
0
0
0
0
0
11.9923
0
0
0
0
0
0
0
0
0
0
0
0
-4.006
0
0
0
0
0
0
0
0
0
0
0
-4.5169
0
0
0
0
0
0
0
0
0
0
0
0
0
0
0
0
0
0
0
0
0
0
0
0
0
0
0
0
0
0
0
0
0
0
0
0
0
0
0
0
0
0
0
-3.6201
0
0
0
0
0
0
0
0
0
0
0
0
0
0
0
0
0
0
0
0
0
0
0
0
0
0
0
-3.6232
0
0
0
0
0
0
0
0
0
0
0
0
0
11.9243
0
0
0
0
0
0
0
0
0
0
0
0
0
0
0
-4.681
0
0
0
0
0
0
0
0
0
0
0
0
0
0
0
0
0
0
0
0
0
0
0
0
0
0
0
0
0
0
0
-3.6346
0
0
0
0
0
0
0
0
0
0
0
0
0
0
0
0
0
0
-3.5385
0
0
0
0
0
0
0
0
0
0
0
0
0
0
0
0
0
0
0
0
0
0
0
0
0
0
0
0
0
0
0
0
0
0
0
0
0
0
0
0
-3.6383
0
0
10.8114
0
0
0
0
0
0
0
0
0
0
0
0
0
0
0
0
0
0
0
0
0
0
0
0
0
0
0
0
0
0
0
0
0
0
0
0
0
0
0
0
0
0
0
0
0
0
0
0
0
0
0
0
0
0
0
0
0
0
0
0
0
0
-3.4183
0
0
0
0
0
0
0
0
0
0
0
0
0
0
0
0
0
0
0
0
0
0
0
0
0
0
0
0
0
0
0
0
0
0
0
0
0
0
0
0
0
0
0
0
0
0
0
12.0675
0
0
0
0
0
0
0
0
0
-4.1098
0
0
0
0
0
0
0
0
0
0
-4.5395
0
0
0
0
0
0
0
0
0
0
0
0
0
0
0
0
0
0
0
0
0
0
0
0
0
0
0
0
0
0
0
0
0
0
0
0
0
0
0
0
0
0
0
0
0
0
0
0
0
0
0
0
0
0
0
0
0
0
0
0
0
0
0
0
0
-3.2156
0
-3.5187
0
0
-3.4213
0
0
0
0
0
0
0
0
0
0
0
0
0
0
0
0
0
0
10.1556
0
0
0
0
0
0
0
0
0
0
0
0
0
0
0
0
0
0
0
0
0
0
0
0
0
0
0
0
0
0
0
0
0
0
0
0
0
0
0
0
0
0
0
0
0
0
0
0
0
0
0
0
0
0
-3.2615
0
0
0
0
0
0
0
0
0
0
0
0
0
0
0
0
0
0
0
0
0
0
0
0
0
0
0
0
0
0
0
0
0
0
0
0
0
0
0
0
0
0
0
0
-3.714
0
0
0
0
0
0
0
0
0
0
11.3612
0
0
0
0
0
-4.3858
0
0
0
0
0
0
0
0
0
0
0
0
0
0
0
0
0
0
0
0
0
0
0
0
0
0
0
0
0
0
0
0
0
0
0
0
0
0
0
0
0
0
0
0
0
0
0
0
0
0
0
0
0
0
0
0
0
0
0
0
0
0
0
0
0
0
0
0
0
0
0
0
0
0
0
0
0
0
0
0
-3.0952
-3.9509
0
-3.4755
0
0
0
0
0
0
0
0
0
0
0
0
0
0
0
0
0
0
0
0
10.5215
0
0
0
0
0
0
0
0
0
0
0
0
0
0
0
0
0
0
0
0
0
0
0
0
0
0
0
0
0
0
0
0
-3.4471
0
0
0
0
0
0
0
0
0
0
0
0
0
0
0
0
0
0
0
0
0
0
0
0
0
0
0
0
0
0
0
0
0
0
0
0
0
0
0
0
0
0
0
0
0
0
0
0
0
0
0
0
0
0
0
0
0
-3.8518
0
0
0
0
0
0
0
0
0
0
0
0
0
0
0
0
0
0
0
11.1776
0
0
0
0
-3.8787
0
0
0
0
0
0
0
0
0
0
0
0
0
0
0
0
0
0
0
0
0
0
0
0
0
0
0
0
0
0
0
0
0
0
0
0
0
0
0
0
0
0
0
0
-3.0828
0
0
0
0
0
0
0
0
0
0
0
0
0
0
0
0
0
0
0
0
0
0
0
0
0
0
0
0
0
0
0
0
0
0
0
0
0
0
0
0
0
0
0
-3.8602
0
0
-3.5243
0
0
0
0
0
0
0
0
0
0
0
0
0
10.4674
0
0
0
0
0
0
0
0
0
0
0
0
0
0
0
0
0
0
0
0
0
0
0
0
0
0
0
0
0
0
0
0
0
0
0
0
0
0
0
0
0
0
0
0
0
0
0
0
0
0
0
0
0
0
0
0
0
-0.18498
0
0
0
0
0
0
0
0
0
0
0
0
0
0
0
0
0
0
0
0
0
0
0
0
0
0
0
0
0
0
0
0
0
0
0
0
0
0
0
0
0
0
0
0
0
0
0
0
0
0
0
0
7.007
-2.6725
0
0
0
0
0
0
0
0
0
0
0
0
0
0
0
0
0
0
0
0
0
0
0
0
0
-4.1496
0
0
0
0
0
0
0
0
0
0
0
0
-2.2922
0
0
0
0
0
0
0
0
0
0
0
0
0
0
0
0
0
0
0
0
0
0
0
0
0
-2.5765
0
0
0
0
0
0
0
0
0
0
0
0
0
0
0
0
0
0
0
0
0
0
0
0
0
0
0
0
0
0
0
0
0
0
0
0
0
0
0
0
0
0
0
-2.6725
7.5413
0
0
0
0
0
0
0
0
0
0
0
0
0
0
0
0
0
0
0
0
0
0
0
0
0
0
0
0
0
0
0
0
0
0
0
0
0
0
0
0
0
0
0
0
0
0
0
0
0
0
0
0
0
0
0
0
0
0
0
0
0
0
0
0
0
0
0
0
0
0
0
0
0
0
0
0
0
0
0
0
0
0
0
0
-4.0274
0
0
0
0
0
0
0
0
0
0
0
0
0
0
0
0
0
0
0
-4.3858
0
0
0
0
0
12.5509
0
0
0
0
0
0
0
0
0
-4.1377
0
0
0
0
0
0
0
0
0
0
0
0
0
0
0
0
0
0
0
0
0
0
0
0
0
0
0
0
0
0
0
0
0
0
0
0
0
0
0
0
0
0
0
0
0
0
0
0
0
0
0
0
0
0
-3.471
0
0
0
-3.5159
0
0
0
0
0
0
0
0
0
0
0
0
0
0
0
0
0
0
0
0
0
0
0
0
0
0
0
0
0
0
0
0
0
0
0
0
-3.8787
0
0
0
0
10.8656
0
0
0
0
0
0
0
0
0
0
0
0
0
0
0
0
0
0
0
0
0
0
0
0
0
0
0
0
0
0
0
0
0
0
0
0
0
0
0
0
0
0
0
0
0
0
0
0
0
0
0
0
0
0
0
0
0
0
0
0
0
0
0
0
0
0
0
0
0
0
0
0
0
0
0
0
0
0
0
0
0
0
0
0
0
0
0
0
0
0
0
0
0
0
0
0
0
-4.006
0
0
-4.1098
0
0
0
0
0
0
0
0
0
8.1158
0
0
0
0
0
0
0
0
0
0
0
0
0
0
0
0
0
0
0
0
0
0
0
0
0
0
0
0
0
0
0
0
0
0
0
0
0
0
0
0
0
0
0
0
0
0
0
0
0
0
0
0
0
0
0
0
0
0
0
0
0
0
0
0
0
0
0
0
0
0
0
0
0
0
0
0
0
0
0
0
0
0
0
0
0
0
0
0
0
0
-5.1654
0
0
0
0
0
0
0
0
0
0
0
0
0
0
0
0
0
0
0
10.1258
0
0
0
0
-4.9604
0
0
0
0
0
0
0
0
0
0
0
0
0
0
0
0
0
0
0
0
0
0
0
0
0
0
0
0
0
0
0
0
0
0
0
0
0
0
0
0
0
0
0
0
0
-5.2261
0
0
0
0
0
0
0
-4.9044
0
0
0
0
0
0
0
0
0
0
0
0
0
0
0
0
0
0
0
0
0
0
0
0
0
0
0
0
0
0
0
0
0
0
0
0
0
0
0
0
0
0
0
0
0
0
0
0
0
0
0
10.1305
0
0
0
0
0
0
0
0
0
0
0
0
0
0
0
0
0
0
0
0
0
0
0
0
0
0
0
0
0
0
0
0
0
0
0
0
0
0
-4.325
0
0
0
0
0
0
0
0
0
0
0
0
0
0
0
0
0
0
0
0
0
0
0
0
0
0
0
0
0
0
0
0
0
0
0
0
0
0
0
0
0
0
0
0
0
0
-4.4429
0
0
0
0
0
0
0
0
0
0
0
0
0
0
0
0
0
0
0
0
0
0
0
0
8.7679
0
0
0
0
0
0
0
0
0
0
0
0
0
0
0
0
0
0
0
0
0
0
0
0
0
0
0
0
0
0
0
0
0
0
0
0
0
0
0
0
0
0
0
0
0
0
0
0
0
0
0
0
0
0
0
0
0
0
0
0
0
0
0
0
0
0
0
0
0
0
0
0
0
0
0
0
0
0
0
0
0
0
0
0
0
0
0
0
0
0
0
0
-5.2206
0
-4.681
0
0
0
0
0
0
0
0
0
0
0
0
0
0
0
9.9016
0
0
0
0
0
0
0
0
0
0
0
0
0
0
0
0
0
0
0
0
0
0
0
0
0
0
0
0
0
0
0
0
0
-5.4897
0
0
0
0
0
0
0
0
0
0
0
0
0
0
0
0
0
0
-4.9795
0
0
0
0
0
0
0
0
0
0
0
0
0
0
0
0
0
0
0
0
0
0
0
0
0
0
0
0
0
0
0
0
0
0
0
0
0
0
0
0
0
0
0
0
0
0
0
0
0
0
0
0
0
0
0
0
0
10.4692
0
0
0
0
0
0
0
0
0
0
0
0
0
0
0
0
0
0
0
0
0
0
0
0
0
0
0
0
0
0
0
0
0
0
0
0
0
0
0
0
0
0
0
0
0
0
0
0
0
0
0
0
0
0
0
0
-4.3057
0
0
0
0
0
0
0
0
0
0
0
0
0
0
0
0
0
0
0
0
0
0
0
0
0
0
0
0
0
0
0
0
0
0
0
0
0
0
0
0
0
0
0
0
0
0
0
0
-4.9604
0
0
0
0
9.2661
0
0
0
0
0
0
0
0
0
0
0
0
0
0
0
0
0
0
0
0
0
0
0
0
0
0
0
0
0
0
0
0
-5.0984
0
0
0
0
0
0
0
0
0
0
0
0
0
0
0
0
0
0
0
0
0
0
0
0
0
0
0
0
0
0
0
0
0
0
0
0
0
-4.8209
0
0
0
0
0
0
0
0
0
0
0
0
0
0
0
0
0
0
0
0
0
0
0
0
0
0
0
0
0
0
0
0
0
0
0
0
0
0
0
9.9193
0
0
0
0
0
0
0
0
0
0
0
0
0
0
0
0
0
0
0
0
0
0
0
0
0
0
0
0
0
-4.9351
0
0
0
0
0
0
0
0
0
0
0
0
0
0
0
0
0
0
0
0
0
0
0
0
0
0
0
0
0
0
0
0
0
0
0
0
0
0
0
0
0
0
0
0
0
0
0
0
0
0
0
0
0
0
0
0
0
0
0
0
0
0
0
0
0
0
0
0
0
0
-4.1377
0
0
0
0
0
0
0
0
0
9.0727
0
0
0
0
0
0
0
0
0
0
0
0
0
0
0
0
0
0
0
0
0
0
0
0
0
0
0
0
0
0
0
0
0
0
0
0
0
0
0
0
0
0
0
0
0
0
-4.073
0
0
0
0
0
0
0
0
0
0
0
0
0
0
0
0
0
0
0
0
0
0
0
0
0
0
0
0
0
-4.1739
0
0
0
0
0
0
0
0
0
0
0
0
0
0
0
0
0
0
0
0
0
0
0
0
0
0
0
0
0
0
0
0
0
8.2469
0
0
0
0
0
0
0
0
0
0
0
0
0
0
0
0
0
0
0
0
0
0
0
0
0
0
0
0
0
0
0
0
0
0
0
-4.3986
0
0
0
0
0
0
0
0
0
0
0
0
0
0
0
0
0
0
0
0
0
0
0
0
0
0
0
0
0
0
0
0
0
0
0
0
0
0
0
0
0
0
0
-3.9003
0
0
0
0
0
0
0
0
0
0
0
0
0
0
0
0
0
0
0
0
0
0
0
0
0
0
0
0
0
0
8.2989
0
0
0
0
0
0
0
0
0
0
0
0
0
0
0
0
0
0
0
0
0
0
0
0
0
0
0
0
0
0
0
0
0
0
0
0
0
0
0
0
0
0
0
0
0
0
0
0
0
0
0
0
0
0
0
0
0
0
0
0
0
0
0
0
0
0
0
0
0
0
0
0
0
0
0
0
-3.8408
0
0
0
0
0
0
0
0
0
0
0
0
-4.5395
0
0
0
0
0
0
0
0
0
0
0
0
0
0
0
0
0
0
0
0
8.3803
0
0
0
0
0
0
0
0
0
0
0
0
0
0
0
0
0
0
0
0
0
0
0
0
0
0
0
0
0
0
0
0
0
0
0
0
0
0
0
0
0
0
0
0
0
0
0
0
0
0
0
0
0
0
0
0
0
0
0
0
0
0
0
0
0
0
0
0
0
0
0
0
0
0
0
0
0
0
0
0
0
0
0
-3.7323
0
-4.5169
0
0
0
0
0
0
0
0
0
0
0
0
0
0
0
0
0
0
0
0
0
0
0
0
8.2492
0
0
0
0
0
0
0
0
0
0
0
0
0
-8.4994
0
0
0
0
0
0
0
0
0
0
0
0
0
0
0
0
0
0
0
0
0
0
0
0
0
0
0
0
0
0
0
0
0
0
0
0
0
0
0
0
0
0
0
0
0
0
0
0
0
0
0
0
0
0
0
0
0
0
0
0
0
0
0
0
0
0
0
0
0
0
0
0
0
0
0
0
0
0
0
0
0
0
0
0
0
0
0
0
0
0
0
0
0
0
0
0
8.4994
0
0
0
0
0
0
0
0
0
0
0
0
0
0
0
0
0
0
0
0
0
0
0
0
0
0
0
0
0
0
0
0
0
0
0
0
0
0
0
0
0
0
0
0
0
0
0
0
0
0
0
0
0
0
0
0
0
0
0
0
0
0
0
-6.3729
0
0
0
0
0
0
0
0
0
0
0
0
0
0
0
0
0
0
0
0
0
0
0
0
0
0
0
0
0
0
0
0
0
0
0
0
0
0
0
0
0
0
0
0
0
0
6.3729
0
0
0
0
0
0
0
0
0
0
0
0
0
-7.7008
0
0
0
0
0
0
0
0
0
0
0
0
0
0
0
0
0
0
0
0
0
0
0
0
0
0
0
0
0
0
0
0
0
0
0
0
0
0
0
0
0
0
0
0
0
0
0
0
0
0
0
0
0
0
0
0
0
0
0
0
0
0
0
0
0
0
0
0
0
0
0
0
0
0
0
0
0
0
0
0
0
0
0
0
0
0
0
0
0
0
0
0
0
0
0
0
7.7008
0
0
0
0
0
0
0
0
0
0
0
0
0
0
0
0
0
0
0
0
0
0
0
0
0
0
0
0
0
0
0
0
0
0
0
0
0
0
0
0
0
0
0
0
0
0
0
0
0
0
0
0
0
0
0
0
0
0
0
-4.9619
0
0
0
0
0
0
0
0
0
0
0
0
0
0
0
0
0
0
0
0
0
0
0
0
0
0
0
0
0
0
0
0
0
0
0
0
0
0
0
0
0
0
0
0
0
0
0
0
0
0
4.9619
0
0
0
0
0
0
0
0
0
0
0
0
0
0
0
0
0
0
0
0
0
0
0
0
0
0
0
0
0
0
0
0
-6.5552
0
0
0
0
0
0
0
0
0
0
0
0
0
0
0
0
0
0
0
0
0
0
0
0
0
0
0
0
0
0
0
0
0
0
0
0
0
0
0
0
0
0
0
0
0
0
0
0
0
0
0
0
0
0
0
0
0
0
0
0
0
0
0
0
0
0
0
0
0
0
0
0
0
0
0
0
0
6.5552
0
0
0
0
0
0
0
0
0
0
0
0
0
0
0
0
0
0
0
0
0
0
-6.6958
0
0
0
0
0
0
0
0
0
0
0
0
0
0
0
0
0
0
0
0
0
0
0
0
0
0
0
0
0
0
0
0
0
0
0
0
0
0
0
0
0
0
0
0
0
0
0
0
0
0
0
0
0
0
0
0
0
0
0
0
0
0
0
0
0
0
0
0
0
0
0
0
0
0
0
0
0
0
0
0
0
0
0
0
0
0
0
6.6958
0
0
0
0
0
0
0
0
0
0
0
0
0
0
0
0
0
0
0
0
0
0
0
0
0
0
0
0
0
0
0
0
0
0
0
0
0
0
0
0
0
0
0
0
0
0
0
0
0
0
0
0
0
0
0
0
0
0
0
0
0
0
0
0
0
0
0
0
0
-1.7384
0
0
0
0
0
0
0
0
0
0
0
0
0
0
0
0
0
0
0
0
0
0
0
0
0
0
0
0
0
0
0
0
0
0
0
0
0
0
0
0
1.7384
0
0
0
0
0
0
0
0
0
0
0
0
0
0
0
0
0
0
0
0
0
0
0
0
0
0
0
0
0
0
0
0
0
0
0
0
0
0
0
0
0
0
0
0
0
0
0
0
0
0
0
0
0
0
0
0
0
0
0
0
0
0
0
0
0
-3.6045
0
0
0
0
0
0
0
0
0
0
0
0
0
0
0
0
0
0
0
0
0
0
0
0
0
0
0
0
0
0
0
0
0
0
0
0
0
0
0
0
0
0
0
0
3.6045
0
0
0
0
0
0
0
0
0
0
0
0
0
0
0
0
0
0
0
0
0
0
0
0
0
0
0
0
0
0
0
0
0
0
0
0
0
0
0
0
0
0
0
0
0
0
0
-5.7505
0
0
0
0
0
0
0
0
0
0
0
0
0
0
0
0
0
0
0
0
0
0
0
0
0
0
0
0
0
0
0
0
0
0
0
0
0
0
0
0
0
0
0
0
0
0
0
0
0
0
0
0
0
0
0
0
0
0
0
0
0
0
5.7505
0
0
0
0
0
0
0
-7.1818
0
0
0
0
0
0
0
0
0
0
0
0
0
0
0
0
0
0
0
0
0
0
0
0
0
0
0
0
0
0
0
0
0
0
0
0
0
0
0
0
0
0
0
0
0
0
0
0
0
0
0
0
0
0
0
0
0
0
0
0
0
0
0
0
0
0
0
0
0
0
0
0
0
0
0
0
0
0
0
0
0
0
0
0
0
0
0
0
0
0
0
0
0
0
0
0
0
0
0
0
0
0
7.1818
0
0
0
0
0
0
0
0
0
0
0
0
0
0
0
0
0
0
0
0
0
0
0
0
0
0
0
0
0
0
0
0
0
0
0
0
0
0
0
0
0
0
0
0
0
0
0
0
0
0
0
0
0
0
0
0
0
0
0
0
0
0
0
0
0
0
0
0
0
0
0
0
0
0
0
0
0
0
0
0
0
0
0
-4.1496
0
0
0
0
0
0
0
0
0
0
0
0
0
0
0
0
0
0
0
0
0
0
0
0
0
0
4.1496
0
0
0
0
0
0
0
0
0
0
0
0
0
0
0
0
0
0
0
0
0
0
0
0
0
0
0
0
0
0
0
-6.3182
0
0
0
0
0
0
0
0
0
0
0
0
0
0
0
0
0
0
0
0
0
0
0
0
0
0
0
0
0
0
0
0
0
0
0
0
0
0
0
0
0
0
0
0
0
0
0
0
0
0
0
0
0
0
0
0
0
0
0
0
0
0
0
0
0
0
0
0
0
0
0
0
0
0
0
0
0
0
6.3182
0
0
0
0
0
0
0
0
0
0
0
0
0
0
0
0
0
0
0
0
0
0
0
0
0
0
0
0
0
0
0
0
0
0
0
0
0
0
0
0
0
0
0
0
0
0
0
0
0
0
0
0
0
0
0
-5.2586
0
0
0
0
0
0
0
0
0
0
0
0
0
0
0
0
0
0
0
0
0
0
0
0
0
0
0
0
0
0
0
0
0
0
0
0
0
0
0
0
0
0
0
0
0
0
0
0
0
0
0
0
0
0
5.2586
