54.9445
-0.80162
-0.78419
-0.79354
-0.78088
-0.79825
-0.81529
-0.78916
-0.79331
-0.8257
-0.78046
-0.79879
-0.79391
-0.7832
-0.77398
-0.78521
-0.7852
-0.77578
-0.79642
-0.77758
-0.76331
-0.78465
-0.75445
-0.77025
-0.76521
-0.82437
-0.80302
-0.84952
-0.81599
-0.798
-0.81612
-0.82851
-0.79096
-0.82453
-0.87046
-0.83271
-0.83077
-0.86309
-0.85296
-0.82833
-0.85378
-0.78826
-0.78638
-0.74812
-0.79685
-0.80315
-0.78618
-0.78686
-0.90018
-1.0133
-1.0403
-0.92586
-1.0601
-1.1762
0
0
0
0
0
-2.0447
-2.0393
0
0
0
0
0
0
-2.188
-2.2617
0
0
0
0
0
0
0
0
0
-2.6454
0
0
0
0
0
0
0
0
0
0
0
0
0
0
0
0
0
0
0
0
0
0
0
0
0
0
0
0
0
0
0
-0.80162
53.4614
-0.79526
-0.8001
-0.78003
-0.79879
-0.81429
-0.78879
-0.79324
-0.82372
-0.77955
-0.798
-0.79381
-0.78093
-0.77403
-0.78449
-0.78449
-0.77497
-0.79518
-0.77672
-0.76047
-0.78187
-0.75419
-0.76931
-0.76365
-0.82458
-0.80248
-0.84878
-0.82164
-0.79743
-0.81607
-0.82947
-0.79161
-0.82426
-0.86817
-0.83437
-0.8283
-0.86408
-0.85237
-0.83064
-0.85267
-0.7864
-0.78432
-0.72997
-0.79566
-0.8019
-0.78613
-0.79086
-0.89932
-1.013
-1.0403
-0.92396
-1.0571
-1.172
0
0
0
-1.7004
0
0
-2.041
0
0
0
0
0
0
0
0
0
0
0
0
0
0
0
0
0
0
0
0
0
-2.8486
0
0
0
0
0
-3.1361
0
0
0
0
0
0
0
0
0
0
0
0
0
0
0
0
0
0
0
0
0
-0.78419
-0.79526
52.2729
-0.78637
-0.77293
-0.79065
-0.80723
-0.7808
-0.78633
-0.8163
-0.77252
-0.791
-0.78556
-0.77571
-0.76637
-0.77728
-0.77728
-0.76782
-0.78834
-0.76964
-0.75546
-0.77672
-0.74658
-0.76229
-0.75726
-0.81648
-0.79475
-0.84106
-0.80724
-0.78964
-0.80744
-0.82156
-0.7825
-0.81612
-0.86246
-0.83091
-0.8235
-0.85523
-0.84468
-0.8207
-0.84528
-0.78019
-0.77795
-0.74121
-0.78844
-0.79468
-0.77824
-0.78069
-0.89128
-1.0041
-1.0311
-0.91571
-1.0517
-1.168
0
0
0
0
0
-2.0242
-2.0272
0
0
0
0
0
0
0
-2.2442
0
0
0
0
0
0
0
0
0
-2.6246
0
0
0
0
0
0
0
0
0
0
0
0
0
0
0
0
0
0
0
0
0
0
0
0
0
0
0
0
0
0
0
-0.79354
-0.8001
-0.78637
50.3165
-0.77734
-0.79556
-0.81208
-0.7903
-0.79132
-0.82662
-0.77723
-0.79767
-0.79123
-0.78055
-0.771
-0.78225
-0.78224
-0.77273
-0.79333
-0.7745
-0.76025
-0.78157
-0.75152
-0.76718
-0.76213
-0.82183
-0.79969
-0.8463
-0.8185
-0.79479
-0.81308
-0.82735
-0.78743
-0.82136
-0.86705
-0.83568
-0.82801
-0.85981
-0.8497
-0.82521
-0.85027
-0.78485
-0.78281
-0.74573
-0.79312
-0.79939
-0.78315
-0.78565
-0.89613
-1.0092
-1.0363
-0.92085
-1.0557
-1.1727
0
0
0
0
0
-2.0242
-2.0314
0
0
0
0
0
0
0
0
0
0
0
0
0
0
0
0
0
-2.6305
0
0
0
0
0
0
0
0
0
0
0
0
0
0
0
0
0
0
0
0
0
0
0
0
0
0
0
0
0
0
0
-0.78088
-0.78003
-0.77293
-0.77734
44.5788
-0.77371
-0.79101
-0.76483
-0.77117
-0.80147
-0.75714
-0.77248
-0.77128
-0.76159
-0.75088
-0.76236
-0.76236
-0.7526
-0.77326
-0.75452
-0.73853
-0.76009
-0.73159
-0.74704
-0.74199
-0.80134
-0.77943
-0.82584
-0.79825
-0.77427
-0.79361
-0.80782
-0.7699
-0.80071
-0.84509
-0.81517
-0.80754
-0.83894
-0.82909
-0.80555
-0.82966
-0.7645
-0.76159
-0.72668
-0.77258
-0.77881
-0.76527
-0.76624
-0.87499
-0.98727
-1.0144
-0.90204
-1.0363
-1.1473
0
0
0
0
0
0
-2.0075
0
0
0
0
0
0
0
0
0
0
0
0
0
0
0
0
0
0
0
0
0
0
0
0
0
0
0
0
0
0
0
0
0
0
0
0
0
0
0
0
0
0
0
0
0
0
0
0
0
-0.79825
-0.79879
-0.79065
-0.79556
-0.77371
45.8613
-0.80636
-0.77872
-0.78576
-0.81627
-0.77119
-0.78725
-0.78559
-0.77636
-0.76639
-0.77683
-0.77681
-0.76718
-0.78868
-0.76941
-0.75324
-0.77528
-0.74417
-0.76171
-0.7568
-0.81678
-0.79437
-0.8416
-0.81342
-0.78941
-0.80555
-0.81931
-0.78472
-0.81599
-0.86238
-0.83004
-0.8227
-0.85626
-0.84478
-0.82301
-0.84588
-0.77947
-0.77619
-0.74288
-0.78755
-0.79384
-0.78149
-0.77647
-0.89085
-1.0039
-1.0312
-0.91731
-1.0549
-1.1659
0
0
0
0
0
0
0
0
0
0
0
0
0
0
0
0
0
0
0
0
0
0
0
0
0
0
-2.4921
0
0
0
0
0
0
0
0
0
0
0
0
0
0
0
0
0
0
0
0
0
0
0
0
0
0
0
0
0
-0.81529
-0.81429
-0.80723
-0.81208
-0.79101
-0.80636
46.9343
-0.79395
-0.80332
-0.83148
-0.78727
-0.80095
-0.80215
-0.79404
-0.78236
-0.79305
-0.79305
-0.78354
-0.80586
-0.78599
-0.7697
-0.79198
-0.76264
-0.77805
-0.77319
-0.83356
-0.81125
-0.85896
-0.83019
-0.79376
-0.82581
-0.84131
-0.80224
-0.83285
-0.8789
-0.84809
-0.8396
-0.87248
-0.86198
-0.83895
-0.86347
-0.79687
-0.7935
-0.75838
-0.80445
-0.81071
-0.79081
-0.79857
-0.90836
-1.0219
-1.0491
-0.93614
-1.0721
-1.1845
0
0
0
0
0
0
0
0
0
0
0
0
0
0
0
0
0
0
0
-2.6966
0
0
0
0
0
0
0
0
0
0
0
0
0
0
0
0
0
0
0
0
0
0
0
0
0
0
0
0
0
0
0
0
0
0
0
0
-0.78916
-0.78879
-0.7808
-0.7903
-0.76483
-0.77872
-0.79395
49.276
-0.77495
-0.79597
-0.76113
-0.77972
-0.76665
-0.76411
-0.75455
-0.7647
-0.7647
-0.75509
-0.775
-0.7566
-0.74062
-0.76185
-0.73373
-0.74938
-0.7447
-0.8033
-0.78216
-0.82808
-0.8
-0.77696
-0.79485
-0.80833
-0.77225
-0.80363
-0.84685
-0.81826
-0.80964
-0.84274
-0.83274
-0.80929
-0.82341
-0.76556
-0.74807
-0.73015
-0.7755
-0.7817
-0.77024
-0.76837
-0.87796
-0.99083
-1.0182
-0.90364
0
0
0
0
0
0
0
0
0
0
0
0
0
0
0
0
0
0
0
0
-2.7041
0
0
0
-2.592
0
0
0
0
0
0
0
0
0
0
0
0
0
0
0
0
0
0
-3.4671
0
0
0
0
0
0
0
0
0
0
0
0
0
0
-0.79331
-0.79324
-0.78633
-0.79132
-0.77117
-0.78576
-0.80332
-0.77495
45.582
-0.81105
-0.76761
-0.78139
-0.78086
-0.76992
-0.76117
-0.77206
-0.77206
-0.76231
-0.78315
-0.7643
-0.74803
-0.76982
-0.74095
-0.75658
-0.75107
-0.80999
-0.78916
-0.83569
-0.8079
-0.78418
-0.80315
-0.81735
-0.77753
-0.81054
-0.85529
-0.82254
-0.81516
-0.85009
-0.84027
-0.81665
-0.84255
-0.77387
-0.77132
-0.73613
-0.78233
-0.78859
-0.77903
-0.77788
-0.88543
-0.99811
-1.0252
-0.91291
-1.0502
0
0
0
0
0
0
0
0
0
0
0
0
0
0
0
0
0
0
0
0
0
0
0
0
0
0
0
0
0
0
0
0
0
0
0
0
0
0
0
0
-3.6312
0
0
0
0
0
0
0
0
0
0
0
0
0
0
0
0
-0.8257
-0.82372
-0.8163
-0.82662
-0.80147
-0.81627
-0.83148
-0.79597
-0.81105
50.5904
-0.79741
-0.81984
-0.81038
-0.80031
-0.79208
-0.80072
-0.80072
-0.79104
-0.81041
-0.79086
-0.77675
-0.7965
-0.76957
-0.78529
-0.78031
-0.83964
-0.81843
-0.86387
-0.83844
-0.813
-0.83351
-0.84444
-0.80805
-0.8402
-0.88596
-0.85517
-0.8458
-0.88275
-0.86838
-0.84904
-0.86851
-0.80451
-0.78226
-0.76628
-0.81166
-0.81797
-0.80484
-0.80607
-0.9161
-1.0299
-1.0575
-0.94575
0
0
0
0
0
0
0
0
0
0
0
0
0
0
0
0
0
0
0
0
0
0
0
0
-2.6218
0
0
0
0
0
0
0
0
0
0
0
0
0
0
0
0
0
0
0
0
0
0
0
0
0
0
-5.5998
0
0
0
0
0
0
-0.78046
-0.77955
-0.77252
-0.77723
-0.75714
-0.77119
-0.78727
-0.76113
-0.76761
-0.79741
42.3797
-0.76885
-0.76528
-0.75924
-0.74647
-0.75886
-0.75886
-0.74861
-0.7694
-0.75057
-0.73442
-0.75611
-0.72752
-0.74305
-0.738
-0.79733
-0.77545
-0.82185
-0.79423
-0.77008
-0.78958
-0.80395
-0.76577
-0.79657
-0.84125
-0.81102
-0.80372
-0.83508
-0.82501
-0.80191
-0.82582
-0.76053
-0.75752
-0.72277
-0.76833
-0.77455
-0.76182
-0.76226
-0.87058
-0.98278
-1.0098
-0.89797
-1.0324
-1.143
0
0
0
0
0
0
0
0
0
0
0
0
0
0
0
0
0
0
0
0
0
0
0
0
0
0
0
0
0
0
0
0
0
0
0
0
0
0
0
0
0
0
0
0
0
0
0
0
0
0
0
0
0
0
0
0
-0.79879
-0.798
-0.791
-0.79767
-0.77248
-0.78725
-0.80095
-0.77972
-0.78139
-0.81984
-0.76885
48.5311
-0.7825
-0.77186
-0.76235
-0.77238
-0.77238
-0.76265
-0.78228
-0.76413
-0.74801
-0.7691
-0.7417
-0.75692
-0.75109
-0.80996
-0.789
-0.83466
-0.80905
-0.78371
-0.8044
-0.8152
-0.77756
-0.81038
-0.85421
-0.82309
-0.81597
-0.85033
-0.83834
-0.81733
-0.83868
-0.77489
-0.77054
-0.73999
-0.78216
-0.7887
-0.77445
-0.7772
-0.88512
-0.99758
-1.0251
-0.91487
0
0
-1.6282
0
0
0
0
0
0
0
0
0
0
0
0
0
0
0
0
0
0
0
0
0
0
0
0
0
0
0
0
0
0
0
0
0
0
0
0
0
0
0
0
0
0
0
0
0
0
-5.9672
0
0
0
0
0
0
0
0
-0.79391
-0.79381
-0.78556
-0.79123
-0.77128
-0.78559
-0.80215
-0.76665
-0.78086
-0.81038
-0.76528
-0.7825
43.5522
-0.77316
-0.76026
-0.77078
-0.77077
-0.76084
-0.78213
-0.76301
-0.74627
-0.76843
-0.73947
-0.75523
-0.75042
-0.8102
-0.78798
-0.83477
-0.80583
-0.78267
-0.80233
-0.81559
-0.7792
-0.8092
-0.85445
-0.82519
-0.81736
-0.84883
-0.83779
-0.81568
-0.83903
-0.77272
-0.769
-0.73575
-0.78073
-0.78693
-0.77742
-0.77358
-0.88368
-0.99628
-1.0237
-0.91292
0
0
0
0
0
0
0
0
0
0
0
0
0
0
0
0
0
0
0
0
-2.7034
0
0
0
0
0
0
0
0
0
0
0
0
0
0
0
0
0
0
0
0
0
0
0
0
0
0
0
0
0
0
0
0
0
0
0
0
0
-0.7832
-0.78093
-0.77571
-0.78055
-0.76159
-0.77636
-0.79404
-0.76411
-0.76992
-0.80031
-0.75924
-0.77186
-0.77316
43.2722
-0.75001
-0.76179
-0.76179
-0.75067
-0.77057
-0.75194
-0.73565
-0.75688
-0.72901
-0.74492
-0.73974
-0.79649
-0.77754
-0.82356
-0.7971
-0.77267
-0.79076
-0.79579
-0.76421
-0.79929
-0.84224
-0.81252
-0.79983
-0.83799
-0.82729
-0.80507
-0.82781
-0.76195
-0.75917
-0.72076
-0.77113
-0.77741
-0.76668
-0.76261
-0.87408
0
0
0
0
0
0
0
0
0
0
0
0
-1.8947
-1.7798
0
0
0
-2.1897
0
0
0
0
0
0
0
0
0
0
0
0
0
0
0
0
0
0
0
0
0
0
0
0
0
0
0
0
0
0
0
0
0
0
0
0
0
0
0
0
0
0
0
-0.77398
-0.77403
-0.76637
-0.771
-0.75088
-0.76639
-0.78236
-0.75455
-0.76117
-0.79208
-0.74647
-0.76235
-0.76026
-0.75001
41.3603
-0.7525
-0.75249
-0.74105
-0.7617
-0.74308
-0.72577
-0.74763
-0.72
-0.73515
-0.72978
-0.78945
-0.7676
-0.81418
-0.78646
-0.76219
-0.7828
-0.79605
-0.75711
-0.78805
-0.83211
-0.80147
-0.7955
-0.81609
-0.81658
-0.79331
-0.8187
-0.75274
-0.74859
-0.71717
-0.76013
-0.76619
-0.75716
-0.75552
-0.86204
-0.97404
0
0
-1.0267
0
0
0
0
0
0
0
0
0
0
0
0
0
0
0
0
0
-2.4013
0
0
0
0
0
0
0
0
0
0
0
0
0
0
0
0
0
0
0
0
0
0
0
0
0
0
0
0
0
0
0
0
0
0
0
0
0
0
0
-0.78521
-0.78449
-0.77728
-0.78225
-0.76236
-0.77683
-0.79305
-0.7647
-0.77206
-0.80072
-0.75886
-0.77238
-0.77078
-0.76179
-0.7525
39.4843
-0.74896
-0.75031
-0.77333
-0.75212
-0.7365
-0.75943
-0.72959
-0.74557
-0.74094
-0.80147
-0.77916
-0.82572
-0.79792
-0.77368
-0.79444
-0.80813
-0.76937
-0.80026
-0.8453
-0.81482
-0.80804
-0.8389
-0.82874
-0.80574
-0.83025
-0.76406
-0.76082
-0.72596
-0.77168
-0.77791
-0.76856
-0.76542
-0.8743
-0.98678
-1.0149
0
0
0
0
0
0
0
0
0
0
0
0
0
0
0
0
0
0
0
0
0
0
0
0
0
0
0
0
0
0
0
0
0
0
0
0
0
0
0
0
0
0
0
0
0
0
0
0
0
0
0
0
0
0
0
0
0
0
0
-0.7852
-0.78449
-0.77728
-0.78224
-0.76236
-0.77681
-0.79305
-0.7647
-0.77206
-0.80072
-0.75886
-0.77238
-0.77077
-0.76179
-0.75249
-0.74896
39.4842
-0.75032
-0.77333
-0.75212
-0.7365
-0.75942
-0.7296
-0.74557
-0.74094
-0.80147
-0.77916
-0.82572
-0.79792
-0.77369
-0.79443
-0.80813
-0.76937
-0.80026
-0.8453
-0.81483
-0.80804
-0.8389
-0.82874
-0.80574
-0.83024
-0.76406
-0.76081
-0.72596
-0.77168
-0.77791
-0.76855
-0.76542
-0.8743
-0.98678
-1.0149
0
0
0
0
0
0
0
0
0
0
0
0
0
0
0
0
0
0
0
0
0
0
0
0
0
0
0
0
0
0
0
0
0
0
0
0
0
0
0
0
0
0
0
0
0
0
0
0
0
0
0
0
0
0
0
0
0
0
0
-0.77578
-0.77497
-0.76782
-0.77273
-0.7526
-0.76718
-0.78354
-0.75509
-0.76231
-0.79104
-0.74861
-0.76265
-0.76084
-0.75067
-0.74105
-0.75031
-0.75032
36.9857
-0.76156
-0.74196
-0.72289
-0.74947
-0.71802
-0.73525
-0.73017
-0.79017
-0.76852
-0.81411
-0.78678
-0.76255
-0.78324
-0.79638
-0.75826
-0.78915
-0.833
-0.80328
-0.79673
-0.82754
-0.81719
-0.79464
-0.81889
-0.753
-0.74969
-0.71489
-0.7602
-0.76636
-0.75799
-0.75423
-0.86207
0
0
0
0
0
0
0
0
0
0
0
0
0
0
0
0
0
0
0
0
0
0
0
0
0
0
0
0
0
0
0
0
0
0
0
0
0
0
0
0
0
0
0
0
0
0
0
0
0
0
0
0
0
0
0
0
0
0
0
0
0
-0.79642
-0.79518
-0.78834
-0.79333
-0.77326
-0.78868
-0.80586
-0.775
-0.78315
-0.81041
-0.7694
-0.78228
-0.78213
-0.77057
-0.7617
-0.77333
-0.77333
-0.76156
41.1013
-0.76151
-0.74612
-0.76691
-0.73937
-0.75526
-0.75015
-0.8102
-0.78823
-0.83417
-0.8066
-0.78265
-0.80324
-0.81486
-0.77817
-0.80901
-0.8556
-0.82432
-0.81677
-0.84919
-0.83849
-0.81648
-0.83851
-0.77359
-0.76846
-0.73336
-0.77993
-0.7862
0
-0.77357
0
0
0
0
0
0
0
0
0
0
0
0
0
0
0
0
0
0
0
0
0
0
0
0
0
0
0
0
0
0
0
0
0
0
0
0
0
0
0
0
0
0
0
0
0
0
0
0
0
0
0
0
-4.8165
0
0
0
0
0
0
0
0
0
-0.77758
-0.77672
-0.76964
-0.7745
-0.75452
-0.76941
-0.78599
-0.7566
-0.7643
-0.79086
-0.75057
-0.76413
-0.76301
-0.75194
-0.74308
-0.75212
-0.75212
-0.74196
-0.76151
38.0633
-0.7268
-0.73709
-0.71998
-0.73679
-0.73184
-0.79119
-0.77009
-0.81464
-0.78828
-0.76403
-0.785
-0.79623
-0.7601
-0.79064
-0.83394
-0.80601
-0.79758
-0.82977
-0.8202
-0.79698
-0.82009
-0.75517
-0.75058
-0.71627
-0.76164
-0.76788
0
-0.7559
0
0
0
0
0
0
0
0
0
0
0
0
0
0
0
0
0
0
0
0
0
0
0
0
0
0
0
0
0
0
0
0
0
0
0
0
0
0
0
0
0
-2.638
0
0
0
0
0
0
0
0
0
0
0
0
0
0
0
0
0
0
0
0
-0.76331
-0.76047
-0.75546
-0.76025
-0.73853
-0.75324
-0.7697
-0.74062
-0.74803
-0.77675
-0.73442
-0.74801
-0.74627
-0.73565
-0.72577
-0.7365
-0.7365
-0.72289
-0.74612
-0.7268
36.608
-0.71788
-0.70368
-0.72143
-0.715
-0.77421
-0.75206
-0.79708
-0.77122
-0.74687
-0.76649
-0.77888
-0.74161
-0.77344
-0.79891
-0.78693
-0.77979
-0.80957
-0.80232
-0.77858
-0.80218
-0.73762
-0.73503
-0.69925
-0.74487
-0.75161
0
0
0
0
0
0
0
0
0
0
0
0
0
0
0
0
0
0
0
0
0
0
0
0
0
0
0
0
0
0
0
0
0
0
0
-2.6962
0
0
0
0
0
0
0
0
0
0
0
0
0
0
0
0
0
0
0
0
0
0
0
0
0
0
0
0
-0.78465
-0.78187
-0.77672
-0.78157
-0.76009
-0.77528
-0.79198
-0.76185
-0.76982
-0.7965
-0.75611
-0.7691
-0.76843
-0.75688
-0.74763
-0.75943
-0.75942
-0.74947
-0.76691
-0.73709
-0.71788
39.4245
-0.72597
-0.74156
-0.73604
-0.79613
-0.7739
-0.81934
-0.79342
-0.76873
-0.78922
-0.80084
-0.76351
-0.79565
-0.82239
-0.80937
-0.80243
-0.83377
-0.82475
-0.80194
0
-0.76049
-0.75635
-0.72092
-0.76711
-0.77374
0
0
0
0
0
0
0
0
0
0
0
0
0
0
0
0
0
0
0
0
0
0
0
0
0
0
0
0
0
0
0
0
0
0
0
-2.7326
0
0
0
0
0
0
0
-2.6456
0
0
0
0
0
0
0
0
0
0
0
0
0
0
0
0
0
0
0
0
-0.75445
-0.75419
-0.74658
-0.75152
-0.73159
-0.74417
-0.76264
-0.73373
-0.74095
-0.76957
-0.72752
-0.7417
-0.73947
-0.72901
-0.72
-0.72959
-0.7296
-0.71802
-0.73937
-0.71998
-0.70368
-0.72597
35.4612
-0.71792
-0.70888
-0.76611
-0.74639
-0.78943
-0.76279
-0.73955
-0.75636
-0.76704
-0.73644
-0.76657
-0.80784
-0.78125
-0.7725
-0.80423
-0.79568
-0.77211
-0.79485
-0.73015
-0.72719
-0.69266
-0.73803
-0.74475
0
0
0
0
0
0
0
0
0
0
0
0
-1.8292
0
0
0
0
0
0
0
0
0
0
0
0
0
0
0
0
0
0
0
0
0
0
0
0
0
0
0
0
0
0
0
0
0
0
0
0
0
0
0
0
0
0
0
0
0
0
0
0
0
0
0
-0.77025
-0.76931
-0.76229
-0.76718
-0.74704
-0.76171
-0.77805
-0.74938
-0.75658
-0.78529
-0.74305
-0.75692
-0.75523
-0.74492
-0.73515
-0.74557
-0.74557
-0.73525
-0.75526
-0.73679
-0.72143
-0.74156
-0.71792
34.3459
-0.7197
-0.78288
-0.76258
-0.80681
-0.77999
-0.75553
-0.77658
-0.78983
-0.75213
-0.78263
-0.82559
-0.79779
-0.7902
-0.81995
-0.81225
-0.78767
-0.81131
-0.74634
-0.74285
-0.70777
-0.75361
-0.76026
0
0
0
0
0
0
0
0
0
0
0
0
0
0
0
0
0
0
0
0
0
0
0
0
0
0
0
0
0
0
0
0
0
0
0
0
0
0
0
0
0
0
0
0
0
0
0
0
0
0
0
0
0
0
0
0
0
0
0
0
0
0
0
0
-0.76521
-0.76365
-0.75726
-0.76213
-0.74199
-0.7568
-0.77319
-0.7447
-0.75107
-0.78031
-0.738
-0.75109
-0.75042
-0.73974
-0.72978
-0.74094
-0.74094
-0.73017
-0.75015
-0.73184
-0.715
-0.73604
-0.70888
-0.7197
33.5102
-0.77606
-0.76001
-0.79916
-0.77489
-0.74953
-0.76992
-0.78098
-0.74574
-0.77874
-0.81464
-0.79058
-0.76958
-0.81396
-0.8066
-0.78189
0
-0.74135
0
0
-0.74759
0
0
0
0
0
0
0
0
0
0
0
0
0
0
0
0
0
0
0
0
0
0
0
0
-2.4299
0
0
0
0
0
0
0
0
0
0
0
0
0
0
0
0
0
0
0
0
0
0
0
0
0
0
0
0
0
0
0
0
0
0
0
0
0
0
0
0
-0.82437
-0.82458
-0.81648
-0.82183
-0.80134
-0.81678
-0.83356
-0.8033
-0.80999
-0.83964
-0.79733
-0.80996
-0.8102
-0.79649
-0.78945
-0.80147
-0.80147
-0.79017
-0.8102
-0.79119
-0.77421
-0.79613
-0.76611
-0.78288
-0.77606
30.1713
-0.82846
-0.86583
-0.84498
-0.81953
-0.83663
-0.84225
-0.81321
-0.84195
0
0
0
0
0
0
0
0
0
0
0
0
0
0
0
0
0
0
-1.0755
0
0
0
0
0
0
0
0
0
0
0
0
0
0
0
0
0
0
0
0
0
0
0
0
-2.3178
0
0
0
0
0
0
0
0
0
0
0
0
0
0
0
0
0
0
0
0
0
0
0
0
0
0
0
0
0
0
0
0
-0.80302
-0.80248
-0.79475
-0.79969
-0.77943
-0.79437
-0.81125
-0.78216
-0.78916
-0.81843
-0.77545
-0.789
-0.78798
-0.77754
-0.7676
-0.77916
-0.77916
-0.76852
-0.78823
-0.77009
-0.75206
-0.7739
-0.74639
-0.76258
-0.76001
-0.82846
26.9293
-0.84456
-0.7866
-0.77598
-0.81388
-0.84916
-0.77347
-0.8139
-0.89083
0
0
0
0
0
0
0
0
0
0
0
0
0
0
0
0
0
0
0
0
0
0
0
0
0
0
0
0
0
0
0
0
0
0
0
0
0
0
0
0
0
0
0
0
0
0
0
0
0
0
0
0
0
0
0
0
0
0
0
0
0
0
0
0
0
0
0
0
0
0
0
0
0
0
0
-0.84952
-0.84878
-0.84106
-0.8463
-0.82584
-0.8416
-0.85896
-0.82808
-0.83569
-0.86387
-0.82185
-0.83466
-0.83477
-0.82356
-0.81418
-0.82572
-0.82572
-0.81411
-0.83417
-0.81464
-0.79708
-0.81934
-0.78943
-0.80681
-0.79916
-0.86583
-0.84456
32.3006
-0.8641
-0.83998
-0.85859
-0.86681
-0.83297
-0.86311
0
0
0
0
0
0
0
0
0
0
0
0
0
0
0
0
0
0
0
0
0
0
0
0
0
0
0
0
0
0
0
0
0
0
0
0
0
0
0
0
0
0
0
0
0
0
0
0
0
0
0
0
0
0
0
0
0
0
0
0
0
0
0
0
0
0
0
0
-4.7697
0
0
0
0
0
0
0
-0.81599
-0.82164
-0.80724
-0.8185
-0.79825
-0.81342
-0.83019
-0.8
-0.8079
-0.83844
-0.79423
-0.80905
-0.80583
-0.7971
-0.78646
-0.79792
-0.79792
-0.78678
-0.8066
-0.78828
-0.77122
-0.79342
-0.76279
-0.77999
-0.77489
-0.84498
-0.7866
-0.8641
28.0161
-0.82457
-0.85746
0
-0.82369
-0.84105
0
0
0
0
0
0
0
0
0
0
0
0
0
0
0
0
0
0
0
0
0
0
0
0
0
0
0
0
0
0
0
0
0
0
-2.1696
0
0
0
0
0
0
0
0
0
0
0
0
0
0
0
0
0
0
0
0
0
0
0
0
0
0
0
0
0
0
0
0
0
0
0
0
0
0
0
0
0
-0.798
-0.79743
-0.78964
-0.79479
-0.77427
-0.78941
-0.79376
-0.77696
-0.78418
-0.813
-0.77008
-0.78371
-0.78267
-0.77267
-0.76219
-0.77368
-0.77369
-0.76255
-0.78265
-0.76403
-0.74687
-0.76873
-0.73955
-0.75553
-0.74953
-0.81953
-0.77598
-0.83998
-0.82457
26.8295
-0.80938
0
0
0
0
0
0
-0.82828
0
0
0
0
0
0
0
0
0
0
0
0
0
0
0
0
0
0
0
0
0
0
0
0
0
0
0
0
0
0
0
0
0
0
0
-2.5322
0
0
0
0
0
0
0
0
0
0
0
0
0
0
0
0
0
0
0
0
0
0
0
0
0
0
0
0
0
0
0
0
0
0
0
0
-0.81612
-0.81607
-0.80744
-0.81308
-0.79361
-0.80555
-0.82581
-0.79485
-0.80315
-0.83351
-0.78958
-0.8044
-0.80233
-0.79076
-0.7828
-0.79444
-0.79443
-0.78324
-0.80324
-0.785
-0.76649
-0.78922
-0.75636
-0.77658
-0.76992
-0.83663
-0.81388
-0.85859
-0.85746
-0.80938
28.4429
0
0
0
0
0
0
0
0
0
0
0
0
0
0
0
0
0
0
0
0
0
0
0
0
0
0
0
-1.8631
0
0
0
0
0
0
0
0
0
0
0
0
0
0
0
0
0
0
0
0
0
0
0
0
-2.5059
0
0
0
0
0
0
0
0
0
0
0
0
0
0
0
0
0
0
0
0
0
0
0
0
0
0
-0.82851
-0.82947
-0.82156
-0.82735
-0.80782
-0.81931
-0.84131
-0.80833
-0.81735
-0.84444
-0.80395
-0.8152
-0.81559
-0.79579
-0.79605
-0.80813
-0.80813
-0.79638
-0.81486
-0.79623
-0.77888
-0.80084
-0.76704
-0.78983
-0.78098
-0.84225
-0.84916
-0.86681
0
0
0
31.5532
0
0
0
0
0
0
0
0
0
0
0
0
0
0
0
0
0
0
0
0
0
0
0
0
0
0
0
0
0
0
0
0
0
0
-2.1552
0
0
0
0
0
0
0
0
0
0
0
0
-2.3824
0
0
0
0
0
-1.5964
0
-2.6475
0
0
0
0
0
0
0
0
0
0
0
0
0
0
0
0
0
0
0
0
0
0
-0.79096
-0.79161
-0.7825
-0.78743
-0.7699
-0.78472
-0.80224
-0.77225
-0.77753
-0.80805
-0.76577
-0.77756
-0.7792
-0.76421
-0.75711
-0.76937
-0.76937
-0.75826
-0.77817
-0.7601
-0.74161
-0.76351
-0.73644
-0.75213
-0.74574
-0.81321
-0.77347
-0.83297
-0.82369
0
0
0
26.7048
0
0
0
0
0
0
0
0
0
0
0
0
0
0
0
0
0
0
0
0
0
0
-1.8573
0
0
0
0
0
0
0
-2.3184
0
0
0
0
0
0
0
0
0
0
0
0
0
0
0
0
0
0
0
0
0
0
0
0
0
0
0
0
0
0
0
0
0
0
0
0
0
0
0
0
0
0
0
0
0
0
-0.82453
-0.82426
-0.81612
-0.82136
-0.80071
-0.81599
-0.83285
-0.80363
-0.81054
-0.8402
-0.79657
-0.81038
-0.8092
-0.79929
-0.78805
-0.80026
-0.80026
-0.78915
-0.80901
-0.79064
-0.77344
-0.79565
-0.76657
-0.78263
-0.77874
-0.84195
-0.8139
-0.86311
-0.84105
0
0
0
0
23.4401
0
0
0
0
0
0
0
0
0
0
0
0
0
0
0
0
0
0
0
0
0
0
0
0
0
0
0
0
0
0
0
0
0
0
0
0
0
0
0
0
0
0
0
0
0
0
0
0
0
0
0
0
0
0
0
0
0
0
0
0
0
0
0
0
0
0
0
0
0
0
0
0
0
0
0
0
-0.87046
-0.86817
-0.86246
-0.86705
-0.84509
-0.86238
-0.8789
-0.84685
-0.85529
-0.88596
-0.84125
-0.85421
-0.85445
-0.84224
-0.83211
-0.8453
-0.8453
-0.833
-0.8556
-0.83394
-0.79891
-0.82239
-0.80784
-0.82559
-0.81464
0
-0.89083
0
0
0
0
0
0
0
31.9099
0
0
0
0
0
0
0
0
0
0
0
0
0
0
0
0
0
0
0
0
0
0
0
0
0
0
0
0
0
0
0
0
0
0
0
0
-2.415
0
0
0
0
0
0
0
0
0
-2.7215
0
0
0
0
0
0
0
0
0
0
0
0
0
0
0
0
0
0
0
0
0
0
0
-4.7331
0
0
0
0
-0.83271
-0.83437
-0.83091
-0.83568
-0.81517
-0.83004
-0.84809
-0.81826
-0.82254
-0.85517
-0.81102
-0.82309
-0.82519
-0.81252
-0.80147
-0.81482
-0.81483
-0.80328
-0.82432
-0.80601
-0.78693
-0.80937
-0.78125
-0.79779
-0.79058
0
0
0
0
0
0
0
0
0
0
25.7177
0
0
-0.86632
0
0
0
0
0
0
0
0
0
0
0
0
0
0
0
0
0
0
0
0
0
0
0
0
-2.3507
0
0
0
-2.0753
0
0
0
0
0
0
0
0
0
0
0
0
0
0
0
0
0
0
0
0
0
0
0
0
0
0
0
0
0
0
0
0
0
0
0
0
0
0
0
0
0
0
-0.83077
-0.8283
-0.8235
-0.82801
-0.80754
-0.8227
-0.8396
-0.80964
-0.81516
-0.8458
-0.80372
-0.81597
-0.81736
-0.79983
-0.7955
-0.80804
-0.80804
-0.79673
-0.81677
-0.79758
-0.77979
-0.80243
-0.7725
-0.7902
-0.76958
0
0
0
0
0
0
0
0
0
0
0
28.8299
0
0
0
0
0
0
0
0
0
0
0
0
0
0
0
0
0
0
0
0
0
0
0
0
0
-1.7538
0
0
0
0
0
0
-2.4075
0
0
0
0
0
0
0
0
0
0
0
0
0
0
0
0
0
0
0
0
0
0
0
0
0
0
0
0
0
0
0
0
0
0
0
0
0
-4.4435
0
0
-0.86309
-0.86408
-0.85523
-0.85981
-0.83894
-0.85626
-0.87248
-0.84274
-0.85009
-0.88275
-0.83508
-0.85033
-0.84883
-0.83799
-0.81609
-0.8389
-0.8389
-0.82754
-0.84919
-0.82977
-0.80957
-0.83377
-0.80423
-0.81995
-0.81396
0
0
0
0
-0.82828
0
0
0
0
0
0
0
24.2369
0
0
0
0
0
0
0
0
0
0
0
0
0
0
0
0
0
0
0
0
0
0
0
0
0
0
0
0
0
0
0
0
-2.3691
0
0
0
0
0
0
0
0
0
0
0
0
0
0
0
0
0
0
0
0
0
0
0
0
0
0
0
0
0
0
0
0
0
0
0
0
0
0
0
-0.85296
-0.85237
-0.84468
-0.8497
-0.82909
-0.84478
-0.86198
-0.83274
-0.84027
-0.86838
-0.82501
-0.83834
-0.83779
-0.82729
-0.81658
-0.82874
-0.82874
-0.81719
-0.83849
-0.8202
-0.80232
-0.82475
-0.79568
-0.81225
-0.8066
0
0
0
0
0
0
0
0
0
0
-0.86632
0
0
23.7338
0
0
0
0
0
0
0
0
0
0
0
0
0
0
0
0
0
0
0
0
0
0
0
0
0
0
0
0
0
0
0
0
0
0
0
-2.0705
0
0
0
0
0
0
0
0
0
0
0
0
0
0
0
0
0
0
0
0
0
0
0
0
0
0
0
0
0
0
0
0
0
0
0
-0.82833
-0.83064
-0.8207
-0.82521
-0.80555
-0.82301
-0.83895
-0.80929
-0.81665
-0.84904
-0.80191
-0.81733
-0.81568
-0.80507
-0.79331
-0.80574
-0.80574
-0.79464
-0.81648
-0.79698
-0.77858
-0.80194
-0.77211
-0.78767
-0.78189
0
0
0
0
0
0
0
0
0
0
0
0
0
0
22.5297
0
0
0
0
0
0
0
0
0
0
0
0
0
0
0
0
0
0
0
0
0
0
0
0
0
0
0
0
0
0
0
-2.3073
0
0
0
0
0
0
0
0
0
0
0
0
0
0
0
0
0
0
0
0
0
0
0
0
0
0
0
0
0
0
0
0
0
0
0
0
0
0
-0.85378
-0.85267
-0.84528
-0.85027
-0.82966
-0.84588
-0.86347
-0.82341
-0.84255
-0.86851
-0.82582
-0.83868
-0.83903
-0.82781
-0.8187
-0.83025
-0.83024
-0.81889
-0.83851
-0.82009
-0.80218
0
-0.79485
-0.81131
0
0
0
0
0
0
0
0
0
0
0
0
0
0
0
0
25.264
0
0
0
0
0
0
0
-0.93343
0
0
0
0
0
0
0
0
0
0
0
0
0
0
0
0
0
0
0
0
0
0
0
0
0
0
0
0
0
0
0
0
0
0
0
-1.8268
0
0
0
0
0
0
0
-3.3319
0
0
0
0
0
0
0
0
0
0
0
0
0
0
0
0
0
-0.78826
-0.7864
-0.78019
-0.78485
-0.7645
-0.77947
-0.79687
-0.76556
-0.77387
-0.80451
-0.76053
-0.77489
-0.77272
-0.76195
-0.75274
-0.76406
-0.76406
-0.753
-0.77359
-0.75517
-0.73762
-0.76049
-0.73015
-0.74634
-0.74135
0
0
0
0
0
0
0
0
0
0
0
0
0
0
0
0
21.378
0
0
0
0
0
0
0
0
0
0
0
0
0
0
0
0
0
0
0
0
0
0
0
0
0
0
0
0
0
0
0
0
0
-2.2049
0
0
0
0
0
0
0
0
0
0
0
0
0
0
0
0
0
0
0
0
0
0
0
0
0
0
0
0
0
0
0
0
0
0
-0.78638
-0.78432
-0.77795
-0.78281
-0.76159
-0.77619
-0.7935
-0.74807
-0.77132
-0.78226
-0.75752
-0.77054
-0.769
-0.75917
-0.74859
-0.76082
-0.76081
-0.74969
-0.76846
-0.75058
-0.73503
-0.75635
-0.72719
-0.74285
0
0
0
0
0
0
0
0
0
0
0
0
0
0
0
0
0
0
20.6669
0
0
0
0
0
0
0
0
0
0
0
0
0
0
0
0
0
0
0
0
0
0
0
0
0
0
0
0
0
0
0
0
0
-2.3459
0
0
0
0
0
0
0
0
0
0
0
0
0
0
0
0
0
0
0
0
0
0
0
0
0
0
0
0
0
0
0
0
0
-0.74812
-0.72997
-0.74121
-0.74573
-0.72668
-0.74288
-0.75838
-0.73015
-0.73613
-0.76628
-0.72277
-0.73999
-0.73575
-0.72076
-0.71717
-0.72596
-0.72596
-0.71489
-0.73336
-0.71627
-0.69925
-0.72092
-0.69266
-0.70777
0
0
0
0
0
0
0
0
0
0
0
0
0
0
0
0
0
0
0
19.9618
0
0
0
0
0
0
0
0
0
0
0
0
0
0
0
0
0
0
0
0
0
0
0
0
0
0
0
0
0
0
0
0
0
0
0
0
0
0
-2.4627
0
0
0
0
0
0
0
0
0
0
0
0
0
0
0
0
0
0
0
0
0
0
0
0
0
0
0
-0.79685
-0.79566
-0.78844
-0.79312
-0.77258
-0.78755
-0.80445
-0.7755
-0.78233
-0.81166
-0.76833
-0.78216
-0.78073
-0.77113
-0.76013
-0.77168
-0.77168
-0.7602
-0.77993
-0.76164
-0.74487
-0.76711
-0.73803
-0.75361
-0.74759
0
0
0
0
0
0
0
0
0
0
0
0
0
0
0
0
0
0
0
19.367
0
0
0
0
0
0
0
0
0
0
0
0
0
0
0
0
0
0
0
0
0
0
0
0
0
0
0
0
0
0
0
0
0
0
0
0
0
0
0
0
0
0
0
0
0
0
0
0
0
0
0
0
0
0
0
0
0
0
0
0
0
0
0
0
0
-0.80315
-0.8019
-0.79468
-0.79939
-0.77881
-0.79384
-0.81071
-0.7817
-0.78859
-0.81797
-0.77455
-0.7887
-0.78693
-0.77741
-0.76619
-0.77791
-0.77791
-0.76636
-0.7862
-0.76788
-0.75161
-0.77374
-0.74475
-0.76026
0
0
0
0
0
0
0
0
0
0
0
0
0
0
0
0
0
0
0
0
0
18.7712
0
0
0
0
0
0
0
0
0
0
0
0
0
0
0
0
0
0
0
0
0
0
0
0
0
0
0
0
0
0
0
0
0
0
0
0
0
0
0
0
0
0
0
0
0
0
0
0
0
0
0
0
0
0
0
0
0
0
0
0
0
0
0
0
-0.78618
-0.78613
-0.77824
-0.78315
-0.76527
-0.78149
-0.79081
-0.77024
-0.77903
-0.80484
-0.76182
-0.77445
-0.77742
-0.76668
-0.75716
-0.76856
-0.76855
-0.75799
0
0
0
0
0
0
0
0
0
0
0
0
0
0
0
0
0
0
0
0
0
0
0
0
0
0
0
0
22.179
0
0
0
0
0
0
-1.0806
0
0
0
0
0
0
0
0
0
-2.1765
0
0
0
0
0
0
0
0
0
0
-1.9378
0
0
0
0
0
0
0
0
0
0
0
0
0
0
0
0
-3.0261
0
0
0
0
0
0
0
0
0
0
0
0
0
0
0
0
0
0
-0.78686
-0.79086
-0.78069
-0.78565
-0.76624
-0.77647
-0.79857
-0.76837
-0.77788
-0.80607
-0.76226
-0.7772
-0.77358
-0.76261
-0.75552
-0.76542
-0.76542
-0.75423
-0.77357
-0.7559
0
0
0
0
0
0
0
0
0
0
0
0
0
0
0
0
0
0
0
0
0
0
0
0
0
0
0
17.6451
0
0
0
0
0
0
0
0
0
0
0
0
0
0
0
0
0
0
0
0
0
0
0
0
0
0
0
0
0
0
0
-2.1618
0
0
0
0
0
0
0
0
0
0
0
0
0
0
0
0
0
0
0
0
0
0
0
0
0
0
0
0
0
0
-0.90018
-0.89932
-0.89128
-0.89613
-0.87499
-0.89085
-0.90836
-0.87796
-0.88543
-0.9161
-0.87058
-0.88512
-0.88368
-0.87408
-0.86204
-0.8743
-0.8743
-0.86207
0
0
0
0
0
0
0
0
0
0
0
0
0
0
0
0
0
0
0
0
0
0
-0.93343
0
0
0
0
0
0
0
16.8602
0
0
0
0
0
0
0
0
0
0
0
0
0
0
0
0
0
0
0
0
0
0
0
0
0
0
0
0
0
0
0
0
0
0
0
0
0
0
0
0
0
0
0
0
0
0
0
0
0
0
0
0
0
0
0
0
0
0
0
0
0
-1.0133
-1.013
-1.0041
-1.0092
-0.98727
-1.0039
-1.0219
-0.99083
-0.99811
-1.0299
-0.98278
-0.99758
-0.99628
0
-0.97404
-0.98678
-0.98678
0
0
0
0
0
0
0
0
0
0
0
0
0
0
0
0
0
0
0
0
0
0
0
0
0
0
0
0
0
0
0
0
15.9959
0
0
0
0
0
0
0
0
0
0
0
0
0
0
0
0
0
0
0
0
0
0
0
0
0
0
0
0
0
0
0
0
0
0
0
0
0
0
0
0
0
0
0
0
0
0
0
0
0
0
0
0
0
0
0
0
0
0
0
0
-1.0403
-1.0403
-1.0311
-1.0363
-1.0144
-1.0312
-1.0491
-1.0182
-1.0252
-1.0575
-1.0098
-1.0251
-1.0237
0
0
-1.0149
-1.0149
0
0
0
0
0
0
0
0
0
0
0
0
0
0
0
0
0
0
0
0
0
0
0
0
0
0
0
0
0
0
0
0
0
15.432
0
0
0
0
0
0
0
0
0
0
0
0
0
0
0
0
0
0
0
0
0
0
0
0
0
0
0
0
0
0
0
0
0
0
0
0
0
0
0
0
0
0
0
0
0
0
0
0
0
0
0
0
0
0
0
0
0
0
0
-0.92586
-0.92396
-0.91571
-0.92085
-0.90204
-0.91731
-0.93614
-0.90364
-0.91291
-0.94575
-0.89797
-0.91487
-0.91292
0
0
0
0
0
0
0
0
0
0
0
0
0
0
0
0
0
0
0
0
0
0
0
0
0
0
0
0
0
0
0
0
0
0
0
0
0
0
14.1424
0
0
0
0
0
0
0
0
0
0
0
0
0
0
0
0
0
0
0
0
0
0
0
0
0
0
0
0
0
0
0
-2.2125
0
0
0
0
0
0
0
0
0
0
0
0
0
0
0
0
0
0
0
0
0
0
0
0
0
0
-1.0601
-1.0571
-1.0517
-1.0557
-1.0363
-1.0549
-1.0721
0
-1.0502
0
-1.0324
0
0
0
-1.0267
0
0
0
0
0
0
0
0
0
0
-1.0755
0
0
0
0
0
0
0
0
0
0
0
0
0
0
0
0
0
0
0
0
0
0
0
0
0
0
13.2829
0
0
0
0
0
0
0
0
-1.7101
0
0
0
0
0
0
0
0
0
0
0
0
0
0
0
0
0
0
0
0
0
0
0
0
0
0
0
0
0
0
0
0
0
0
0
0
0
0
0
0
0
0
0
0
0
0
0
0
-1.1762
-1.172
-1.168
-1.1727
-1.1473
-1.1659
-1.1845
0
0
0
-1.143
0
0
0
0
0
0
0
0
0
0
0
0
0
0
0
0
0
0
0
0
0
0
0
0
0
0
0
0
0
0
0
0
0
0
0
-1.0806
0
0
0
0
0
0
12.0943
0
0
0
0
0
0
0
0
0
0
-1.684
0
0
0
0
0
0
0
0
0
0
0
0
0
0
0
0
0
0
0
0
0
0
0
0
0
0
0
0
0
0
0
0
0
0
0
0
0
0
0
0
0
0
0
0
0
0
0
0
0
0
0
0
0
0
0
0
-1.6282
0
0
0
0
0
0
0
0
0
0
0
0
0
0
0
0
0
0
0
0
0
0
0
0
0
0
0
0
0
0
0
0
0
0
0
0
0
0
0
0
0
0
15.2448
0
0
-2.2069
0
0
0
0
0
-2.4408
0
0
0
0
0
0
-2.5418
-2.5445
0
0
0
0
0
0
0
0
0
0
0
0
0
0
0
0
0
0
0
0
0
0
0
0
0
0
0
0
0
0
0
0
0
0
0
0
-3.8826
0
0
0
0
0
0
0
0
0
0
0
0
0
0
0
0
0
0
0
0
0
0
0
0
0
0
0
0
0
0
0
0
0
-1.8573
0
0
0
0
0
0
0
0
0
0
0
0
0
0
0
0
0
0
0
0
0
0
12.2949
0
0
0
-2.3409
0
0
-2.4023
0
0
0
-2.4563
0
0
0
0
0
0
0
0
0
0
0
0
0
0
0
0
0
0
0
0
0
0
0
0
0
0
0
-3.2381
0
0
0
0
0
0
0
0
0
0
0
0
0
0
0
0
0
0
0
0
0
0
0
0
0
0
0
0
0
0
0
0
0
0
0
0
0
0
0
0
0
0
0
0
0
0
0
0
0
0
0
0
0
0
0
0
0
0
0
0
0
0
0
0
0
0
0
0
0
0
0
13.2433
0
0
0
0
0
-2.0809
0
0
-2.6191
0
0
0
0
0
0
0
0
0
0
0
0
0
-2.4516
-2.328
0
0
0
0
0
0
0
0
0
0
0
0
0
0
0
0
0
0
0
0
0
0
0
-3.7637
0
0
0
0
0
0
-1.7004
0
0
0
0
0
0
0
0
0
0
0
0
0
0
0
0
0
0
0
0
0
0
0
0
0
0
0
0
0
0
0
0
0
0
0
0
0
0
0
0
0
0
0
0
0
0
0
0
0
0
0
0
-2.2069
0
0
12.6094
0
0
0
0
0
0
0
0
0
-2.2274
0
0
0
0
0
0
0
0
0
0
0
0
0
0
0
0
0
0
-2.9576
0
0
0
0
0
0
0
0
0
0
-3.5172
0
0
0
0
0
0
0
0
0
0
0
0
0
0
0
0
0
0
0
0
0
0
0
0
0
0
0
0
0
0
0
0
0
0
-1.8292
0
0
0
0
0
0
0
-1.8631
0
0
0
0
0
0
0
0
0
0
0
0
0
0
0
0
0
0
0
0
0
0
0
0
0
0
0
11.9785
0
0
0
0
0
0
0
0
0
0
0
0
0
0
0
0
0
0
0
0
0
-2.3794
0
0
0
0
0
0
-2.6179
0
0
0
0
0
0
0
0
0
0
0
0
0
0
0
0
0
0
-3.2889
0
0
0
-2.0447
0
-2.0242
-2.0242
0
0
0
0
0
0
0
0
0
0
0
0
0
0
0
0
0
0
0
0
0
0
0
0
0
0
0
0
0
0
0
0
0
0
0
0
0
0
0
0
0
0
0
0
0
0
0
0
0
0
0
-2.3409
0
0
0
10.7168
0
-2.2828
0
0
0
0
0
0
0
0
0
0
0
0
0
0
0
0
0
0
0
0
0
0
0
0
0
0
0
0
0
0
0
0
0
0
0
0
0
0
0
0
0
0
0
0
0
0
0
0
-2.0393
-2.041
-2.0272
-2.0314
-2.0075
0
0
0
0
0
0
0
0
0
0
0
0
0
0
0
0
0
0
0
0
0
0
0
0
0
0
0
0
0
0
0
0
0
0
0
0
0
0
0
0
0
0
0
0
0
0
0
0
0
0
0
0
0
0
0
10.1463
0
0
0
0
0
0
0
0
0
0
0
0
0
0
0
0
0
0
0
0
0
0
0
0
0
0
0
0
0
0
0
0
0
0
0
0
0
0
0
0
0
0
0
0
0
0
0
0
0
0
0
0
0
0
0
0
0
0
0
0
0
0
-1.8947
0
0
0
0
0
0
0
0
0
0
0
0
0
0
0
0
0
0
0
0
0
0
0
0
0
0
0
0
0
0
0
0
0
0
0
0
0
0
-1.7101
0
0
0
0
0
0
-2.2828
0
11.0879
0
0
0
0
0
0
0
0
0
0
0
0
0
0
0
0
0
0
0
0
-2.7085
0
0
-2.4917
0
0
0
0
0
0
0
0
0
0
0
0
0
0
0
0
0
0
0
0
0
0
0
0
0
0
0
0
0
0
0
0
0
0
0
0
0
-1.7798
0
0
0
0
0
0
0
0
0
0
0
0
0
0
0
0
0
0
0
0
0
0
-1.7538
0
0
0
0
0
0
0
0
0
0
0
0
0
0
0
0
0
0
-2.4023
-2.0809
0
0
0
0
0
10.653
0
0
0
0
-2.6361
0
0
0
0
0
0
0
0
0
0
0
0
0
0
0
0
0
0
0
0
0
0
0
0
0
0
0
0
0
0
0
0
0
0
0
0
0
0
0
0
0
0
0
0
0
0
0
0
0
0
0
0
0
0
0
0
0
0
0
0
0
0
0
0
0
0
0
0
0
0
0
0
0
0
-2.3184
0
0
-2.3507
0
0
0
0
0
0
0
0
0
0
-2.1765
0
0
0
0
0
0
0
-2.4408
0
0
0
0
0
0
0
0
9.2864
0
0
0
0
0
0
0
0
0
0
0
0
0
0
0
0
0
0
0
0
0
0
0
0
0
0
0
0
0
0
0
0
0
0
0
0
0
0
0
0
0
0
0
0
0
0
0
0
0
0
0
0
0
0
0
0
0
0
0
0
0
0
0
0
0
0
0
0
0
0
0
0
0
0
0
0
0
0
0
0
0
0
0
0
0
0
0
0
0
0
0
0
0
0
0
0
0
0
0
-1.684
0
0
0
0
0
0
0
0
0
0
8.6556
0
0
0
0
0
0
0
0
0
0
-2.802
0
-2.9113
0
0
0
0
0
0
0
0
0
0
0
0
0
0
0
0
0
0
0
0
0
-1.2583
0
0
0
0
0
0
0
0
0
0
0
0
0
0
0
0
0
0
0
0
0
0
0
0
0
0
0
0
0
0
0
0
0
0
0
0
0
0
0
0
0
0
0
0
0
0
0
0
0
0
0
0
0
0
0
0
0
0
0
0
0
0
0
0
0
0
-2.6191
0
0
0
0
0
0
0
0
10.9518
0
0
-2.4031
0
0
0
-2.7123
0
0
0
0
0
0
0
0
0
0
0
0
0
0
0
0
0
0
0
0
0
0
0
-3.2174
0
0
0
0
0
0
0
0
0
0
0
0
0
0
0
0
0
0
0
0
0
0
0
0
0
0
-2.1897
0
0
0
0
0
0
0
0
0
0
0
0
0
0
0
0
0
-2.1552
0
0
0
0
0
0
0
0
0
0
0
0
0
0
0
0
0
0
0
0
0
0
0
-2.4563
0
0
0
0
0
0
0
0
0
0
9.7012
0
0
0
0
0
0
0
0
0
0
-2.9
0
0
0
0
0
0
0
0
0
0
0
0
0
0
0
0
0
0
0
0
0
0
0
0
0
0
0
0
0
0
0
0
-2.188
0
0
0
0
0
0
0
0
0
0
0
0
0
0
0
0
0
0
0
0
0
0
0
0
0
0
0
0
0
0
0
0
0
0
-2.0753
0
0
0
0
0
0
0
0
0
0
0
0
0
0
0
0
0
0
0
0
0
-2.2274
0
0
0
0
-2.6361
0
0
0
0
9.1268
0
0
0
0
0
0
0
0
0
0
0
0
0
0
0
0
0
0
0
0
0
0
0
0
0
0
0
0
0
0
0
0
0
0
0
0
0
0
0
0
0
0
-2.2617
0
-2.2442
0
0
0
0
0
0
0
0
0
0
0
0
0
0
0
0
0
0
0
0
0
0
0
0
0
-2.1696
0
0
0
0
0
0
0
0
0
0
0
0
0
0
0
0
0
0
0
0
0
0
0
0
0
0
0
0
0
0
0
0
0
0
0
0
-2.4031
0
0
9.0786
0
0
0
0
0
0
0
0
0
0
0
0
0
0
0
0
0
0
0
0
0
0
0
0
0
0
0
0
0
0
0
0
0
0
0
0
0
0
0
0
0
0
0
0
0
0
0
0
0
0
0
0
0
0
0
0
0
0
0
0
0
0
0
0
0
-2.4299
0
0
0
0
0
0
0
0
0
0
0
-2.4075
0
0
0
0
0
0
0
0
0
0
0
0
0
0
0
0
0
0
0
0
0
0
0
0
0
0
0
0
0
0
0
0
8.3783
0
0
0
0
0
0
0
0
0
0
0
0
0
0
0
0
0
0
0
0
-3.5408
0
0
0
0
0
0
0
0
0
0
0
0
0
0
0
0
0
0
0
0
0
0
0
0
0
0
0
0
0
0
0
0
0
-2.4013
0
0
0
0
0
0
0
0
0
0
0
0
0
0
0
0
0
0
0
0
0
0
-2.3691
0
0
0
0
0
0
0
0
0
0
0
0
0
0
0
0
-2.5418
0
0
0
0
0
0
0
0
0
0
0
0
0
0
0
7.3122
0
0
0
0
0
0
0
0
0
0
0
0
0
0
0
0
0
0
0
0
0
0
0
0
0
0
0
0
0
0
0
0
0
0
0
0
0
0
0
0
0
0
0
0
0
0
0
0
0
0
0
0
0
0
0
0
0
0
0
0
0
0
0
0
0
0
0
0
0
0
0
0
0
-2.415
0
0
0
0
-2.3073
0
0
0
0
0
0
0
0
0
0
0
0
0
0
-2.5445
0
0
0
0
0
0
0
0
0
0
0
0
0
0
0
0
7.2668
0
0
0
0
0
0
0
0
0
0
0
0
0
0
0
0
0
0
0
0
0
0
0
0
0
0
0
0
0
0
0
0
0
0
0
0
0
0
0
0
0
0
0
0
0
-2.7041
0
0
0
0
-2.7034
0
0
0
0
0
0
0
0
0
0
0
0
0
0
0
0
0
0
0
0
0
0
0
0
0
0
0
0
0
0
0
0
0
0
0
0
0
0
0
0
0
0
0
0
0
0
0
0
0
0
0
0
-2.7123
0
0
0
0
0
0
8.1198
0
0
0
0
0
0
0
0
0
0
0
0
0
0
0
0
0
0
0
0
0
0
0
0
0
0
0
0
0
0
0
0
0
0
0
0
0
0
0
0
0
0
0
-2.6966
0
0
0
0
0
0
0
0
0
0
0
0
0
0
0
0
0
0
0
0
0
0
-2.5322
0
0
0
0
0
0
0
0
0
0
0
0
0
0
0
0
0
0
0
0
0
0
0
0
0
0
0
0
0
0
0
0
0
0
0
0
0
0
0
0
0
0
0
8.7685
0
0
0
0
0
0
0
0
0
0
0
0
0
0
0
0
0
-3.5397
0
0
0
0
0
0
0
0
0
0
0
0
0
0
0
0
0
0
0
0
0
0
0
0
0
0
0
0
0
0
0
0
0
0
0
0
0
0
0
0
0
0
0
0
0
0
0
0
0
0
0
0
0
0
0
0
-2.0705
0
0
0
0
0
0
0
-1.9378
0
0
0
0
0
0
0
0
0
0
0
0
0
0
0
0
0
0
0
0
0
0
0
0
0
0
0
7.2282
0
0
0
0
0
0
0
0
0
-3.2199
0
0
0
0
0
0
0
0
0
0
0
0
0
0
0
0
0
0
0
0
0
0
0
0
0
0
0
0
0
0
0
0
0
0
0
0
0
0
0
0
0
0
0
0
0
0
0
0
0
0
0
0
0
0
0
0
0
0
0
0
0
0
0
0
0
0
-2.2049
0
0
0
0
0
0
0
0
0
0
0
0
0
0
0
0
0
0
0
0
0
0
-2.802
0
0
0
0
0
0
0
0
0
0
8.326
0
0
0
0
0
0
0
-3.3192
0
0
0
0
0
0
0
0
0
0
0
0
0
0
0
0
0
0
0
0
0
0
0
0
0
0
0
0
0
0
0
0
0
-2.592
0
-2.6218
0
0
0
0
0
0
0
0
0
0
0
0
0
0
0
0
0
0
0
0
0
0
0
0
0
0
0
0
0
0
0
0
-2.3459
0
0
0
0
0
0
0
0
0
0
0
0
0
0
0
0
0
0
0
0
0
0
0
0
0
0
0
0
0
0
0
0
0
7.5597
0
0
0
0
0
0
0
0
0
0
0
0
0
0
0
0
0
0
0
0
0
0
0
0
0
0
0
0
0
0
0
0
0
0
0
0
0
0
0
0
0
0
0
0
0
0
0
0
0
0
0
0
0
0
0
0
0
0
-2.3178
0
0
0
0
0
0
0
0
0
0
0
0
0
0
0
0
0
0
0
0
0
0
0
0
0
0
0
0
0
0
0
0
0
0
0
0
0
0
-2.9113
0
-2.9
0
0
0
0
0
0
0
0
0
0
8.1291
0
0
0
0
0
0
0
0
0
0
0
0
0
0
0
0
0
0
0
0
0
0
0
0
0
0
0
0
0
0
0
0
-2.6454
0
-2.6246
-2.6305
0
0
0
0
0
0
0
0
0
0
0
0
0
0
0
0
0
0
0
0
0
0
0
0
0
0
0
0
0
0
0
0
0
0
0
0
0
0
0
0
0
0
0
0
0
0
0
0
0
0
0
0
0
0
0
0
0
0
0
0
0
0
0
0
0
0
0
0
0
0
0
0
0
0
7.9005
0
0
0
0
0
0
0
0
0
0
0
0
0
0
0
0
0
0
0
0
0
0
0
0
0
0
0
0
0
0
0
0
0
0
0
0
0
0
0
0
0
0
0
0
0
0
0
0
0
0
0
0
0
0
0
0
0
0
0
0
0
0
-2.3824
0
0
0
0
0
0
0
0
0
0
0
0
0
0
0
-2.1618
0
0
0
0
0
0
0
0
-2.4516
0
0
0
0
0
0
0
0
0
0
0
0
0
0
0
0
0
0
0
0
0
0
6.9958
0
0
0
0
0
0
0
0
0
0
0
0
0
0
0
0
0
0
0
0
0
0
0
0
0
0
0
0
0
0
0
0
0
0
0
-2.4921
0
0
0
0
0
0
0
0
0
0
0
0
0
0
0
0
0
0
0
0
0
0
0
0
0
0
0
0
0
0
0
0
0
0
0
0
0
0
0
0
0
0
0
0
0
0
0
0
0
0
-2.328
0
-2.3794
0
0
0
0
0
0
0
0
0
0
0
0
0
0
0
0
0
0
0
0
0
7.1995
0
0
0
0
0
0
0
0
0
0
0
0
0
0
0
0
0
0
0
0
0
0
0
0
0
0
0
0
0
0
0
0
0
0
0
0
0
0
0
0
0
0
0
0
0
0
0
0
0
-2.6962
-2.7326
0
0
0
0
0
0
0
0
0
0
0
0
-2.7215
0
0
0
0
0
0
0
0
0
0
0
0
0
0
0
0
0
0
0
0
0
0
0
0
0
0
0
0
0
0
0
0
0
0
0
0
0
0
0
0
0
0
0
0
0
0
8.1504
0
0
0
0
0
0
0
0
0
0
0
0
0
0
0
0
0
0
0
0
0
0
0
0
0
0
0
0
0
-2.8486
0
0
0
0
0
0
0
0
0
0
0
0
0
0
0
0
0
0
0
0
0
0
0
0
0
0
0
0
0
0
0
0
0
0
0
0
0
0
0
0
0
-2.4627
0
0
0
0
0
0
0
0
0
0
0
0
0
0
0
0
0
-2.7085
0
0
0
0
0
0
0
0
0
0
0
0
0
0
0
0
0
0
0
0
8.0199
0
0
0
0
0
0
0
0
0
0
0
0
0
0
0
0
0
0
0
0
0
0
0
0
0
0
0
0
0
0
0
0
0
0
0
0
0
0
0
0
0
0
0
0
0
0
0
0
0
0
0
0
0
0
0
0
0
-2.5059
0
0
0
0
0
0
0
0
0
0
0
0
0
0
0
0
0
0
0
0
-2.2125
0
0
0
0
0
0
0
0
0
0
0
0
0
0
0
0
0
0
0
0
0
0
0
-3.3192
0
0
0
0
0
0
0
8.0376
0
0
0
0
0
0
0
0
0
0
0
0
0
0
0
0
0
0
0
0
0
0
0
0
0
0
0
0
0
0
0
0
0
0
0
0
0
0
0
0
0
0
0
0
0
0
0
0
0
0
0
0
0
0
0
0
0
0
0
0
0
0
0
0
0
0
-1.8268
0
0
0
0
0
0
0
0
0
0
0
0
0
0
0
0
0
0
0
0
0
0
0
0
0
0
0
0
0
0
0
0
0
-3.2199
0
0
0
0
0
0
0
0
0
5.7431
0
0
0
0
0
0
0
0
0
0
0
0
0
0
0
0
0
0
0
0
0
0
0
0
-0.69648
0
0
0
0
0
0
0
0
0
0
0
0
0
0
0
0
0
0
0
0
0
0
0
0
0
0
0
0
0
0
0
-1.5964
0
0
0
0
0
0
0
0
0
0
0
0
0
0
0
0
0
0
0
0
0
0
0
0
0
0
0
0
0
-2.4917
0
0
0
0
0
0
0
0
0
0
0
0
0
0
0
0
0
0
0
0
0
0
0
7.6903
0
0
0
0
0
0
0
0
0
0
0
0
-3.6022
0
0
0
0
0
0
0
0
0
0
0
0
0
0
0
0
0
0
0
0
0
0
0
0
0
0
0
0
0
0
0
0
0
0
0
0
0
0
0
0
0
0
0
0
0
0
0
0
0
0
0
0
0
0
0
0
0
0
0
0
0
0
0
0
0
0
0
0
-2.9576
0
0
0
0
0
0
0
0
0
0
0
0
0
0
0
0
0
0
0
0
0
0
0
0
0
0
0
0
6.6302
0
0
0
0
0
0
0
0
0
-3.6726
0
0
0
0
0
0
0
0
0
0
0
0
0
0
0
0
0
0
0
0
0
0
0
0
0
0
0
0
0
0
0
0
0
0
0
0
0
0
0
0
0
0
0
0
-2.6475
0
0
0
0
0
0
0
0
0
0
0
0
0
0
0
0
0
0
0
0
0
0
0
0
0
0
-2.6179
0
0
0
0
0
0
0
0
0
0
0
0
0
0
0
0
0
0
0
0
0
0
0
0
0
0
0
0
5.2655
0
0
0
0
0
0
0
0
0
0
0
0
0
0
0
0
0
0
0
0
0
0
0
-3.1361
0
0
0
0
0
0
0
0
0
0
0
0
0
0
0
0
0
0
0
0
0
0
0
0
0
0
0
0
0
0
0
0
0
0
0
0
0
0
0
0
0
0
0
0
0
0
0
0
0
0
0
0
0
0
0
0
0
0
0
0
0
0
0
0
0
0
0
0
0
0
0
0
0
0
0
0
0
0
0
0
0
0
0
0
0
0
6.6725
0
-3.5364
0
0
0
0
0
0
0
0
0
0
0
0
0
0
0
0
0
0
0
0
0
0
0
0
0
0
0
0
0
0
0
0
0
0
0
0
0
0
-2.638
0
-2.6456
0
0
0
0
0
0
0
0
0
0
0
0
0
0
0
0
0
0
0
0
0
0
0
0
0
0
0
0
0
0
0
0
0
0
0
0
0
0
0
0
0
0
0
0
0
0
0
0
0
0
0
0
0
0
0
0
0
0
0
0
0
0
0
0
0
0
0
5.2837
0
0
0
0
0
0
0
0
0
0
0
0
0
0
0
0
0
0
0
0
0
0
0
0
0
0
0
0
0
0
0
0
0
0
0
0
0
0
0
0
0
0
0
0
0
0
0
0
0
0
0
0
0
0
0
0
0
0
0
0
0
0
0
0
0
0
0
0
0
0
0
0
0
0
0
0
0
0
0
0
0
0
0
0
0
0
0
0
0
-3.5408
0
0
0
0
0
0
0
0
0
0
0
0
0
0
0
0
0
0
-3.5364
0
7.0772
0
0
0
0
0
0
0
0
0
0
0
0
0
0
0
0
0
0
0
0
0
0
0
0
0
0
0
0
0
0
0
0
0
0
0
0
0
0
0
0
0
0
0
0
0
0
0
0
0
0
0
0
0
0
0
0
0
0
0
0
0
0
0
0
0
-3.0261
0
0
0
0
0
0
0
0
0
0
0
0
0
0
0
0
0
0
0
0
0
0
0
0
0
0
-3.5397
0
0
0
0
0
0
0
0
0
0
0
0
0
0
0
0
0
6.5658
0
0
0
0
0
0
0
0
0
0
0
0
0
0
0
0
0
0
0
0
0
0
0
0
0
0
0
0
0
0
0
0
0
0
0
0
0
0
0
0
0
0
0
0
0
0
0
0
0
0
0
0
0
0
0
0
0
0
-3.3319
0
0
0
0
0
0
0
0
0
0
0
0
0
0
0
0
0
0
0
0
0
0
0
0
0
0
0
0
0
0
0
0
0
0
0
0
0
0
0
0
0
0
0
0
0
0
0
0
0
0
0
6.7412
0
0
-3.4093
0
0
0
0
0
0
0
0
0
0
0
0
0
0
0
0
0
0
0
0
0
0
-3.6312
0
0
0
0
0
0
0
0
0
0
0
0
0
0
0
0
0
0
0
0
0
0
0
0
0
0
0
0
0
0
0
0
0
0
0
0
0
0
0
0
0
0
0
0
0
0
0
0
0
0
0
0
0
0
0
0
0
0
0
0
0
0
0
0
0
0
0
0
0
0
0
0
0
0
0
0
0
0
0
0
0
0
0
0
7.3408
-3.7096
0
0
0
0
0
0
0
0
0
0
0
0
0
0
0
0
0
0
0
0
0
0
0
0
0
0
0
0
0
0
0
0
0
0
0
0
0
0
0
0
0
0
0
0
0
0
0
0
0
0
0
0
0
0
0
0
0
0
0
0
0
0
0
0
0
0
0
0
0
0
-3.2381
0
0
0
0
0
0
0
0
0
0
0
0
0
0
0
0
0
0
0
0
0
0
0
0
0
0
0
0
0
0
0
0
0
0
0
0
0
-3.7096
6.9477
0
0
0
0
0
0
0
0
0
0
0
0
0
0
0
0
0
0
0
0
0
0
-3.4671
0
0
0
0
0
0
0
0
0
0
0
0
0
0
0
0
0
0
0
0
0
0
0
0
0
0
0
0
0
0
0
0
0
0
0
0
0
0
0
0
0
0
0
0
0
0
0
0
0
0
0
0
0
0
0
0
0
0
0
0
0
0
0
0
0
0
0
0
0
0
0
0
0
0
0
0
0
0
0
0
0
0
0
0
-3.4093
0
0
6.8764
0
0
0
0
0
0
0
0
0
0
0
0
0
0
0
0
0
0
0
0
0
0
0
0
0
0
0
0
0
0
0
0
0
0
0
0
0
0
0
0
0
0
0
0
0
0
0
0
0
0
0
0
0
0
0
0
0
0
0
0
0
0
0
0
0
0
0
0
0
0
0
0
0
0
0
0
0
0
0
-3.2174
0
0
0
0
0
0
0
0
0
0
0
0
0
0
0
0
0
0
0
0
-3.6726
0
0
0
0
0
0
0
0
0
6.89
0
0
0
0
0
0
0
0
0
0
0
0
0
0
0
0
0
0
0
0
0
0
0
0
0
0
0
0
0
0
0
0
0
0
0
0
0
0
0
0
0
0
0
0
0
0
0
0
0
0
0
0
0
0
0
0
0
0
0
0
0
0
0
0
0
0
0
0
0
0
-3.5172
0
0
0
0
0
0
0
0
0
0
0
0
0
0
0
0
0
0
0
0
0
0
0
0
0
0
0
0
0
0
0
0
0
0
0
0
0
0
0
3.5172
0
0
0
0
0
0
0
0
0
0
0
0
0
0
0
0
0
0
0
0
0
0
0
0
0
0
0
0
0
0
0
0
0
0
0
0
0
0
0
0
0
0
0
0
0
0
0
0
0
0
0
0
0
0
0
0
0
0
0
0
0
0
0
0
0
0
0
0
0
0
0
0
0
0
0
0
0
0
0
0
0
0
0
0
0
0
0
0
0
0
0
0
0
0
0
0
0
-3.6022
0
0
0
0
0
0
0
0
0
0
0
0
3.6022
0
0
0
0
0
0
0
0
0
0
0
0
0
0
0
0
0
0
0
0
0
0
0
0
0
0
0
0
0
0
0
0
0
0
0
0
0
0
0
0
0
0
0
0
0
0
0
0
0
0
0
0
0
0
0
0
0
0
0
0
0
0
0
0
0
0
0
0
0
0
0
0
0
0
0
-1.2583
0
0
0
0
0
0
0
0
0
0
0
0
0
0
0
0
0
0
0
0
0
0
0
0
0
0
0
0
0
0
0
0
0
0
1.2583
0
0
0
0
0
0
0
0
0
0
0
0
0
0
0
0
0
0
0
0
0
0
0
0
0
0
0
0
-4.8165
0
0
0
0
0
0
0
0
0
0
0
0
0
0
0
0
0
0
0
0
0
0
0
0
0
0
0
0
0
0
0
0
0
0
0
0
0
0
0
0
0
0
0
0
0
0
0
0
0
0
0
0
0
0
0
0
0
0
0
0
0
0
0
0
0
0
0
0
0
0
0
0
0
0
0
0
0
0
0
0
0
4.8165
0
0
0
0
0
0
0
0
0
0
0
0
0
0
0
0
0
0
0
0
-5.9672
0
0
0
0
0
0
0
0
0
0
0
0
0
0
0
0
0
0
0
0
0
0
0
0
0
0
0
0
0
0
0
0
0
0
0
0
0
0
0
0
0
0
0
0
0
0
0
0
0
0
0
0
0
0
0
0
0
0
0
0
0
0
0
0
0
0
0
0
0
0
0
0
0
0
0
0
0
0
0
0
0
0
0
0
0
0
0
0
0
5.9672
0
0
0
0
0
0
0
0
0
0
0
0
0
0
0
0
0
0
0
0
0
0
0
0
0
0
0
0
0
0
0
0
0
0
0
-4.7697
0
0
0
0
0
0
0
0
0
0
0
0
0
0
0
0
0
0
0
0
0
0
0
0
0
0
0
0
0
0
0
0
0
0
0
0
0
0
0
0
0
0
0
0
0
0
0
0
0
0
0
0
0
0
0
0
0
0
0
0
0
0
0
0
0
0
0
0
0
0
0
0
0
0
4.7697
0
0
0
0
0
0
0
0
0
0
0
0
0
0
0
0
-5.5998
0
0
0
0
0
0
0
0
0
0
0
0
0
0
0
0
0
0
0
0
0
0
0
0
0
0
0
0
0
0
0
0
0
0
0
0
0
0
0
0
0
0
0
0
0
0
0
0
0
0
0
0
0
0
0
0
0
0
0
0
0
0
0
0
0
0
0
0
0
0
0
0
0
0
0
0
0
0
0
0
0
0
0
0
0
0
0
0
0
0
0
0
0
5.5998
0
0
0
0
0
0
0
0
0
0
0
0
0
0
0
0
0
0
0
0
0
0
0
0
0
0
0
0
0
0
0
0
0
0
0
0
0
0
0
0
0
0
0
0
0
0
0
0
0
0
0
0
0
0
0
0
0
0
0
0
0
0
-3.7637
0
0
0
0
0
0
0
0
0
0
0
0
0
0
0
0
0
0
0
0
0
0
0
0
0
0
0
0
0
0
0
0
0
0
0
0
0
0
0
0
0
0
0
0
0
0
0
3.7637
0
0
0
0
0
0
0
0
0
0
0
0
0
0
0
0
0
0
0
0
0
0
0
0
0
0
0
0
0
0
0
0
0
0
0
0
0
0
0
-4.7331
0
0
0
0
0
0
0
0
0
0
0
0
0
0
0
0
0
0
0
0
0
0
0
0
0
0
0
0
0
0
0
0
0
0
0
0
0
0
0
0
0
0
0
0
0
0
0
0
0
0
0
0
0
0
0
0
0
0
0
0
0
0
0
0
0
0
0
0
0
0
4.7331
0
0
0
0
0
0
0
0
0
0
0
0
0
0
0
0
0
0
0
0
0
0
0
0
0
0
0
0
0
0
0
0
0
0
0
0
0
0
0
0
0
0
0
0
0
0
0
0
0
0
0
0
0
0
0
0
0
0
0
0
0
0
-3.2889
0
0
0
0
0
0
0
0
0
0
0
0
0
0
0
0
0
0
0
0
0
0
0
0
0
0
0
0
0
0
0
0
0
0
0
0
0
0
0
0
0
0
0
0
0
0
0
3.2889
0
0
0
0
0
0
0
0
0
0
0
0
0
0
0
0
0
0
0
0
0
0
0
0
0
0
0
0
0
0
0
0
0
0
0
0
0
0
0
-4.4435
0
0
0
0
0
0
0
0
0
0
0
0
0
0
0
0
0
0
0
0
0
0
0
0
0
0
0
0
0
0
0
0
0
0
0
0
0
0
0
0
0
0
0
0
0
0
0
0
0
0
0
0
0
0
0
0
0
0
0
0
0
0
0
0
0
0
0
0
0
0
4.4435
0
0
0
0
0
0
0
0
0
0
0
0
0
0
0
0
0
0
0
0
0
0
0
0
0
0
0
0
0
0
0
0
0
0
0
0
0
0
0
0
0
0
0
0
0
0
0
0
0
0
0
0
0
0
0
0
-3.8826
0
0
0
0
0
0
0
0
0
0
0
0
0
0
0
0
0
0
0
0
0
0
0
0
0
0
0
0
0
0
0
0
0
0
0
0
0
0
0
0
0
0
0
0
0
0
0
0
0
0
0
0
0
3.8826
0
0
0
0
0
0
0
0
0
0
0
0
0
0
0
0
0
0
0
0
0
0
0
0
0
0
0
0
0
0
0
0
0
0
0
0
0
0
0
0
0
0
0
0
0
0
0
0
0
0
0
0
0
0
0
0
0
0
0
0
0
0
0
0
0
0
0
0
0
0
0
0
0
0
0
0
0
0
0
0
0
0
0
0
0
-0.69648
0
0
0
0
0
0
0
0
0
0
0
0
0
0
0
0
0
0
0
0
0
0
0
0
0.69648
