1
0.96879
0.95111
0.94668
0.94144
0.93736
0.93319
0.93029
0.9268
0.92369
0.91631
0.91036
0.90409
0.89875
0.89334
0.88852
0.88385
0.87961
0.87577
0.87229
0.86916
0.86634
0.8638
0.86148
0.85932
0.85726
0.85528
0.85336
0.8515
0.84971
0.84798
0.84633
0.84475
0.84324
0.8418
0.84044
0.83915
0.83792
0.83672
0.83557
0.83444
0.83334
0.83226
0.83121
0.83018
0.82917
0.82818
0.82722
0.82626
0.82531
0.82437
0.82343
0.82249
0.82156
0.82063
0.81969
0.81874
0.8178
0.81685
0.81592
0.81499
0.81408
0.81317
0.81227
0.81138
0.81051
0.80966
0.80882
0.808
0.80717
0.80636
0.80556
0.80478
0.804
0.80323
0.80247
0.80171
0.80095
0.8002
0.79946
0.79874
0.79803
0.79735
0.79668
0.79605
0.79543
0.79485
0.79429
0.79375
0.79322
0.7927
0.79217
0.79164
0.79109
0.79053
0.78996
0.78936
0.78872
0.78802
0.78723
0.78632
0.78528
0.7841
0.78279
0.78141
0.77999
0.77859
0.77724
0.77596
0.77474
0.77358
0.77247
0.77142
0.77041
0.76943
0.76849
0.76758
0.7667
0.76585
0.76503
0.76424
0.76348
0.76275
0.76205
0.76138
0.76073
0.76009
0.75948
0.75888
0.75829
0.75771
0.75713
