1
0.95251
0.94071
0.93376
0.92872
0.92471
0.92134
0.91879
0.91642
0.9147
0.90865
0.90796
0.90233
0.89682
0.89167
0.8865
0.88164
0.87673
0.87204
0.86737
0.8629
0.85857
0.85445
0.85052
0.84677
0.84318
0.83975
0.83647
0.83333
0.83031
0.82741
0.82462
0.82194
0.81936
0.81689
0.81452
0.81225
0.81007
0.80796
0.80592
0.80393
0.80199
0.80009
0.79821
0.79634
0.79447
0.79257
0.79062
0.78861
0.78651
0.78432
0.78202
0.77963
0.77717
0.77469
0.77222
0.7698
0.76748
0.76526
0.76313
0.76109
0.75913
0.75724
0.75539
0.75358
0.75179
0.75
0.74819
0.74635
0.74445
0.74248
0.74044
0.73832
0.73613
0.73387
0.73157
0.72923
0.7269
0.72459
0.72233
0.72016
0.71808
0.71611
0.71425
0.71249
0.71083
0.70927
0.70779
0.70638
0.70503
0.70374
0.7025
0.70129
0.70013
0.69899
0.69788
0.6968
0.69572
0.69466
0.69359
0.69252
0.69143
0.69033
0.6892
0.68804
0.68684
0.68559
0.68429
0.68293
0.68151
