1
0.95811
0.9454
0.94055
0.94172
0.93706
0.93638
0.93297
0.93016
0.93189
0.92678
0.92555
0.92148
0.91925
0.91735
0.91559
0.91472
0.91351
0.91323
0.91273
0.91319
0.91372
0.9148
0.91565
0.91634
0.91648
0.91624
0.91554
0.91457
0.91333
0.91195
0.91046
0.90893
0.90738
0.90588
0.90439
0.90295
0.90156
0.90025
0.89905
0.89801
0.89715
0.89649
0.89608
0.89596
0.89614
0.89663
0.89741
0.89843
0.89964
0.90102
0.90253
0.90416
0.90585
0.90753
0.90915
0.91069
0.91211
0.91342
0.91464
0.91577
0.91683
0.91783
0.91881
0.91976
0.92072
0.92169
0.92269
0.92374
0.92486
0.92605
0.92734
0.92872
0.9302
0.93176
0.93338
0.93501
0.93663
