1
0.952
0.93531
0.92653
0.92048
0.91585
0.91289
0.91036
0.90834
0.90677
0.90539
0.89976
0.895
0.89106
0.88787
0.88514
0.88299
0.88083
0.8784
0.87515
0.87135
0.86739
0.86426
0.86224
0.86125
0.86098
0.86127
0.86194
0.86291
0.8641
0.86546
0.86691
0.86842
0.86993
0.87139
0.87268
0.87359
0.87387
0.87328
0.87169
0.86938
0.86716
0.8657
0.86513
0.86524
0.8657
0.86629
0.86686
0.86733
0.86763
0.86771
0.86751
0.867
0.86622
0.8653
0.86449
0.864
0.86395
0.86431
0.86503
0.86601
0.86719
0.86849
0.86986
0.87126
0.87268
0.8741
0.87552
0.87695
0.87837
0.87981
0.88125
0.88269
0.88412
0.88555
0.88697
0.88837
0.88975
