1
0.97437
0.9659
0.96268
0.96029
0.95859
0.95735
0.95621
0.95547
0.95465
0.95412
0.95345
0.95306
0.95256
0.95048
0.94858
0.94696
0.9454
0.94393
0.94246
0.94095
0.93935
0.9376
0.9356
0.93328
0.93047
0.92703
0.92279
0.91778
0.91226
0.90674
0.90161
0.89701
0.89291
0.88925
0.88594
0.88293
0.88017
0.87761
0.87524
0.87304
0.871
0.86909
0.86732
0.86567
0.86413
0.86272
0.86142
0.86023
0.85916
0.8582
0.85736
0.85663
0.85601
0.8555
0.8551
0.85481
0.85462
0.85452
0.8545
0.85456
0.85469
0.85487
0.85509
0.85535
0.85563
0.85593
0.85626
0.85662
0.85703
0.85748
0.858
0.85858
0.85922
0.85993
0.86069
0.86152
0.8624
0.86333
0.8643
0.86533
0.86639
0.86749
0.86863
0.86979
0.87099
0.87221
0.87345
0.87471
0.87599
0.87728
0.87859
0.87991
0.88124
0.88258
0.88392
0.88528
0.88664
0.88801
0.88937
0.89075
0.89212
0.8935
0.89488
0.89626
0.89764
0.89902
0.9004
0.90178
0.90316
0.90453
0.90591
0.90728
0.90864
0.91
0.91135
0.9127
0.91404
0.91537
0.91669
0.918
0.9193
0.92059
0.92187
0.92313
0.92438
0.92562
0.92685
0.92806
0.92926
0.93044
0.93161
0.93276
0.93389
0.93502
0.93613
0.93722
0.9383
0.93936
0.94042
0.94145
0.94248
0.94349
0.9445
0.94549
0.94647
0.94745
0.94842
0.94938
0.95034
0.95129
0.95224
0.95319
0.95413
0.95508
0.95603
0.95697
0.95792
0.95887
0.95983
0.96078
0.96174
0.96271
0.96367
0.96464
0.96561
0.96659
0.96757
0.96855
0.96953
0.97052
0.9715
0.97249
0.97348
0.97448
0.97547
0.97646
0.97746
0.97845
0.97945
0.98044
0.98144
0.98243
0.98342
0.98441
0.9854
0.98639
0.98738
0.98836
0.98934
0.99032
0.99129
0.99226
0.99323
0.9942
