1
0.97558
0.96904
0.96599
0.96393
0.96223
0.96102
0.95986
0.95914
0.95829
0.95766
0.9569
0.95639
0.95581
0.95399
0.9523
0.95086
0.94949
0.94827
0.94713
0.94607
0.94507
0.94413
0.94324
0.9424
0.9416
0.94084
0.94011
0.93943
0.93878
0.93818
0.93764
0.93715
0.93669
0.93623
0.93577
0.93529
0.93474
0.93409
0.93335
0.93265
0.93199
0.93136
0.93075
0.93015
0.92956
0.92897
0.9284
0.92782
0.92725
0.92667
0.9261
0.92553
0.92496
0.92438
0.92381
0.92323
0.92266
0.92208
0.9215
0.92093
0.92035
0.91977
0.91919
0.91863
0.91807
0.91752
0.91698
0.91643
0.91589
0.91536
0.91482
0.91429
0.91377
0.91324
0.91272
0.9122
0.91169
0.91118
0.91068
0.91018
0.90968
0.90919
0.9087
0.90821
0.90773
0.90726
0.90678
0.90632
0.90585
0.90539
0.90494
0.90449
0.90404
0.9036
0.90316
0.90273
0.9023
0.90188
0.90146
0.90105
0.90064
0.90024
0.89984
0.89944
0.89906
0.89867
0.89829
0.89792
0.89755
0.89718
0.89682
0.89647
0.89612
0.89577
0.89543
0.8951
0.89477
0.89444
0.89412
0.8938
0.89349
0.89318
0.89287
0.89257
0.89227
0.89198
0.89169
0.8914
0.89112
0.89084
0.89057
0.8903
0.89003
0.88977
0.88951
0.88925
0.889
0.88875
0.8885
0.88825
0.88801
0.88777
0.88754
0.88731
0.88708
0.88685
0.88663
0.8864
0.88619
0.88597
0.88575
0.88554
0.88533
0.88512
0.88492
0.88471
0.88451
0.88431
0.88411
0.88391
0.88372
0.88353
0.88333
0.88314
0.88296
0.88277
0.88258
0.8824
0.88222
0.88204
0.88186
0.88168
0.8815
0.88133
0.88115
0.88098
0.88081
0.88064
0.88047
0.8803
0.88013
0.87996
0.87979
0.87963
0.87946
0.87929
0.87913
0.87896
0.8788
0.87863
0.87847
0.87831
0.87814
0.87798
