1
0.97457
0.96745
0.96391
0.96137
0.95925
0.95757
0.95597
0.95484
0.95361
0.95267
0.95164
0.95088
0.95007
0.94738
0.94485
0.94257
0.94038
0.93835
0.93641
0.93458
0.93282
0.93115
0.92954
0.92799
0.9265
0.92506
0.92367
0.92232
0.92102
0.91977
0.91858
0.91744
0.91632
0.91522
0.91412
0.913
0.91182
0.91054
0.90918
0.90788
0.90662
0.9054
0.9042
0.90302
0.90185
0.9007
0.89956
0.89843
0.89731
0.8962
0.8951
0.89401
0.89292
0.89184
0.89077
0.88972
0.88867
0.88763
0.88661
0.88559
0.88459
0.88361
0.88263
0.88169
0.88076
0.87984
0.87895
0.87806
0.87719
0.87633
0.87548
0.87463
0.87379
0.87296
0.87213
0.8713
0.87048
0.86965
0.86884
0.86802
0.86721
0.86639
0.86558
0.86478
0.86397
0.86318
0.86238
0.86159
0.8608
0.86002
0.85925
0.85848
0.85772
0.85697
0.85622
0.85549
0.85476
0.85405
0.85335
0.85266
0.85198
0.85131
0.85066
0.85002
0.84939
0.84878
0.84818
0.84759
0.84701
0.84645
0.84589
0.84535
0.84482
0.84431
0.8438
0.8433
0.84282
0.84234
0.84187
0.8414
0.84095
0.8405
0.84007
0.83963
0.83921
0.83879
0.83837
0.83796
0.83756
0.83716
0.83676
0.83637
0.83598
0.8356
0.83522
0.83484
0.83446
0.83409
0.83373
0.83336
0.833
0.83264
0.83228
0.83193
0.83158
0.83123
0.83088
0.83054
0.83019
0.82985
0.82952
0.82918
0.82884
0.82851
0.82818
0.82785
0.82752
0.82719
0.82686
0.82654
0.82621
0.82589
0.82557
0.82525
0.82492
0.8246
0.82428
0.82396
0.82365
0.82333
0.82301
0.82269
0.82237
0.82205
0.82172
0.8214
0.82108
0.82075
0.82043
0.8201
0.81977
0.81944
0.81911
0.81878
0.81844
0.8181
0.81776
0.81742
0.81708
0.81674
0.81639
0.81604
0.8157
0.81535
