1
0.98076
0.96831
0.95963
0.95299
0.94406
0.93607
0.92893
0.92236
0.91633
0.9107
0.90543
0.90046
0.89575
0.89127
0.88699
0.88287
0.87887
0.875
0.87122
0.86754
0.86393
0.86038
0.85689
0.85344
0.85003
0.84664
0.84329
0.83997
0.83668
0.83343
0.8302
0.827
0.82383
0.82069
0.81757
0.81448
0.81142
0.8084
0.8054
0.80244
0.79952
0.79663
0.79378
0.79097
0.78818
0.78543
0.7827
0.77999
0.7773
0.77464
0.77201
0.76941
0.76683
0.76428
0.76177
0.75928
0.75683
0.75442
0.75203
0.74967
0.74735
0.74505
0.74277
0.74052
0.73829
0.73609
0.7339
0.73174
0.72959
0.72745
0.72533
0.72321
0.7211
0.71899
0.71689
0.71479
0.71269
0.71059
0.7085
0.7064
0.70431
0.70221
0.70012
0.69804
0.69596
0.69388
0.69181
0.68975
0.68769
0.68563
0.68359
0.68155
0.67951
0.67748
0.67545
0.67344
0.67142
0.66942
0.66742
0.66543
0.66345
0.66147
0.6595
0.65754
0.65558
0.65363
0.65169
0.64975
0.64782
0.6459
0.64398
0.64207
0.64017
0.63827
0.63638
0.63451
0.63264
0.63077
0.62892
0.62708
0.62524
0.62341
0.6216
0.61979
0.61799
0.61621
0.61443
0.61266
0.6109
0.60916
0.60742
0.6057
0.60398
0.60228
0.60059
0.59891
0.59724
0.59559
0.59394
0.59231
0.59069
0.58908
0.58748
0.5859
0.58432
0.58276
0.58121
0.57967
0.57814
0.57662
0.57511
0.57361
0.57211
0.57062
0.56914
0.56766
0.56619
0.56472
0.56326
0.56181
0.56036
0.55892
0.55749
0.55606
0.55464
0.55323
0.55183
0.55044
0.54906
0.54768
0.54632
0.54496
0.54361
0.54227
0.54094
0.53962
0.53831
0.53701
0.53572
0.53444
0.53316
0.5319
0.53065
0.52941
0.52817
0.52695
0.52574
0.52454
0.52336
0.52218
0.52101
0.51986
0.51872
0.51759
0.51647
0.51536
0.51427
0.51318
0.51211
0.51105
0.51
0.50895
0.50792
0.5069
0.50589
0.50489
0.5039
0.50292
0.50195
0.50098
0.50003
0.49908
0.49814
0.49721
0.49629
0.49537
0.49445
0.49355
0.49264
0.49174
0.49084
0.48995
0.48906
0.48816
0.48728
0.48639
0.4855
0.48462
0.48373
0.48285
0.48197
0.48109
0.4802
0.47933
0.47845
0.47757
0.4767
0.47582
0.47495
0.47409
0.47322
0.47236
0.4715
0.47064
0.46979
0.46894
0.46809
0.46725
0.46642
0.46558
0.46475
0.46393
0.46311
0.46229
0.46148
0.46067
0.45986
0.45906
0.45826
0.45746
0.45667
0.45588
0.45509
0.45431
0.45353
0.45275
0.45198
0.45121
0.45044
0.44968
0.44892
0.44817
0.44742
