1
0.98155
0.97669
0.97363
0.97116
0.96934
0.9681
0.9671
0.9646
0.9624
0.96029
0.95843
0.9566
0.95495
0.95337
0.9519
0.95047
0.94913
0.94781
0.94658
0.94537
0.94425
0.94316
0.94213
0.94114
0.94019
0.93928
0.93842
0.93759
0.93681
0.93608
0.9354
0.93479
0.93425
0.93381
0.93347
0.93326
0.9332
0.93333
0.93366
0.93421
0.93501
0.93605
0.93728
0.93866
0.94011
0.94158
0.94301
0.94438
0.94569
0.94691
0.94806
0.94913
0.95013
0.95105
0.95189
0.95268
0.9534
0.95406
0.95467
0.95523
0.95575
0.95623
0.95668
0.9571
0.9575
0.95787
0.95823
0.95858
0.95891
0.95924
0.95955
0.95986
0.96017
0.96047
0.96078
0.96108
0.96137
0.96167
0.96197
0.96227
0.96257
0.96287
0.96318
0.96348
0.96379
0.96409
0.9644
0.96471
0.96502
0.96533
0.96565
0.96598
0.96631
0.96664
0.96699
0.96734
0.96769
0.96805
0.96841
0.96878
0.96915
0.96952
0.96989
0.97026
0.97063
0.971
0.97136
0.97173
0.9721
0.97247
0.97283
0.97319
0.97355
0.97391
0.97426
0.97461
0.97496
0.97529
0.97563
0.97595
0.97627
0.97658
0.97688
0.97717
0.97745
0.97772
0.97799
0.97824
0.97847
0.9787
0.97891
0.97911
0.9793
0.97948
0.97964
0.97979
0.97993
0.98006
0.98018
0.98028
0.98036
0.98044
0.98049
0.98052
0.98052
0.9805
0.98045
0.98036
0.98023
0.98005
0.97982
0.97953
0.97917
0.97873
0.97821
0.97759
0.97688
0.97606
0.97514
0.97414
0.97307
0.97197
0.97087
0.9698
0.9688
0.96788
0.96706
0.96635
0.96573
0.96522
0.96479
0.96445
0.96417
0.96397
0.96381
0.96371
0.96365
0.96363
0.96365
0.96369
0.96376
0.96385
0.96396
0.9641
0.96424
0.96441
0.96459
0.96478
0.96498
0.9652
0.96542
0.96565
0.96589
0.96614
0.96639
0.96665
0.96691
0.96718
0.96744
0.96772
0.96799
0.96826
0.96853
0.96879
0.96905
0.9693
0.96955
0.96978
0.97
0.97022
0.97042
0.97061
0.97079
0.97096
0.97112
0.97127
0.97141
