1
0.97951
0.97395
0.96933
0.96611
0.96389
0.96215
0.96108
0.95773
0.95476
0.95193
0.94941
0.94695
0.94475
0.94265
0.94074
0.93894
0.93731
0.93577
0.93439
0.9331
0.93197
0.93093
0.93003
0.92923
0.92855
0.92798
0.92753
0.9272
0.927
0.92693
0.92701
0.92724
0.92763
0.92819
0.92893
0.92985
0.93096
0.93225
0.93373
0.93539
0.93722
0.93921
0.94135
0.94362
0.946
0.94848
0.95105
0.95368
0.95638
0.95912
0.96188
0.96467
0.96748
0.97028
0.97309
0.97588
0.97866
0.98142
0.98415
0.98685
0.98952
0.99215
0.99473
0.99727
0.99976
1.0022
1.0046
1.0069
1.0091
1.0113
1.0135
1.0155
1.0175
1.0195
1.0214
1.0232
1.025
1.0267
1.0284
1.0301
1.0317
1.0333
1.0349
1.0365
1.038
1.0395
1.041
1.0424
1.0439
1.0453
1.0467
1.048
1.0494
1.0507
1.052
1.0532
1.0545
1.0557
1.0568
1.0579
1.059
1.06
1.061
1.0619
1.0628
1.0635
1.0643
1.0649
1.0655
1.0659
1.0663
1.0666
1.0667
1.0666
1.0664
1.0661
1.0655
1.0647
1.0637
1.0625
1.061
1.0595
1.0578
1.0561
1.0545
1.053
1.0516
1.0504
1.0493
1.0485
1.0479
1.0474
1.047
1.0469
1.0468
1.0469
1.047
1.0473
1.0476
1.048
1.0484
1.0489
1.0494
1.05
1.0505
1.0511
1.0517
1.0523
1.0529
1.0535
1.0541
1.0547
1.0553
1.0559
1.0565
1.0571
1.0577
1.0583
1.0589
1.0595
1.0602
1.0608
1.0615
1.0621
1.0628
1.0635
1.0641
1.0648
1.0655
1.0663
1.067
1.0677
1.0684
1.0692
1.0699
1.0707
1.0715
1.0722
1.073
1.0738
1.0745
1.0753
1.0761
1.0768
1.0776
1.0784
1.0791
1.0799
1.0807
1.0814
1.0822
1.0829
1.0837
1.0844
1.0851
1.0859
1.0866
1.0873
1.088
1.0886
1.0893
1.0899
1.0906
1.0912
1.0918
1.0924
1.0929
1.0934
1.0939
1.0944
1.0949
1.0953
1.0958
1.0962
1.0966
1.097
1.0974
