1
0.98326
0.98063
0.97792
0.97559
0.97391
0.97267
0.9716
0.96938
0.9673
0.96514
0.96313
0.96104
0.95911
0.95721
0.95542
0.95366
0.95198
0.95031
0.94871
0.94713
0.94562
0.94412
0.94269
0.94127
0.9399
0.93855
0.93724
0.93594
0.93468
0.93344
0.93223
0.93104
0.92988
0.92875
0.92764
0.92655
0.92549
0.92445
0.92343
0.92243
0.92144
0.92048
0.91953
0.9186
0.91769
0.91679
0.9159
0.91503
0.91418
0.91334
0.91251
0.9117
0.9109
0.91011
0.90933
0.90857
0.90782
0.90708
0.90635
0.90564
0.90493
0.90424
0.90356
0.90289
0.90223
0.90158
0.90094
0.90031
0.89969
0.89907
0.89846
0.89786
0.89727
0.89668
0.8961
0.89552
0.89495
0.89439
0.89383
0.89328
0.89273
0.89218
0.89163
0.89109
0.89055
0.89001
0.88948
0.88894
0.88842
0.88789
0.88736
0.88684
0.88632
0.88581
0.88529
0.88478
0.88427
0.88376
0.88325
0.88275
0.88225
0.88175
0.88125
0.88075
0.88025
0.87976
0.87926
0.87877
0.87828
0.87779
0.87731
0.87682
0.87633
0.87585
0.87536
0.87488
0.87439
0.87391
0.87342
0.87294
0.87245
0.87196
0.87146
0.87096
0.87046
0.86995
0.86944
0.86892
0.8684
0.86787
0.86733
0.86679
0.86625
0.8657
0.86515
0.86459
0.86403
0.86348
0.86292
0.86236
0.86181
0.86126
0.86071
0.86017
0.85964
0.85911
0.85859
0.85808
0.85758
0.85708
0.8566
0.85612
0.85566
0.85521
0.85477
0.85434
0.85392
0.85352
0.85313
0.85275
0.85238
0.85202
0.85167
0.85134
0.85101
0.85069
0.85039
0.85008
0.84979
0.8495
0.84922
0.84895
0.84868
0.84841
0.84815
0.8479
0.84765
0.8474
0.84716
0.84693
0.84669
0.84647
0.84624
0.84602
0.8458
0.84559
0.84538
0.84517
0.84496
0.84476
0.84456
0.84437
0.84418
0.84399
0.84381
0.84362
0.84345
0.84327
0.8431
0.84293
0.84277
0.84261
0.84245
0.84229
0.84214
0.84199
0.84184
0.84169
0.84155
0.8414
0.84126
0.84112
0.84097
0.84083
0.84069
0.84054
0.8404
