1
0.98105
0.97551
0.97149
0.9682
0.9657
0.96382
0.96234
0.95883
0.95565
0.95257
0.94977
0.94701
0.94448
0.94203
0.93973
0.93749
0.93537
0.9333
0.93134
0.92942
0.9276
0.92583
0.92414
0.92249
0.92091
0.91937
0.91788
0.91642
0.91501
0.91363
0.91228
0.91097
0.9097
0.90845
0.90723
0.90604
0.90488
0.90374
0.90262
0.90152
0.90044
0.89938
0.89834
0.89731
0.8963
0.89531
0.89434
0.89338
0.89244
0.89151
0.89059
0.88969
0.8888
0.88792
0.88706
0.88621
0.88537
0.88454
0.88372
0.88292
0.88213
0.88135
0.88058
0.87982
0.87907
0.87833
0.8776
0.87688
0.87616
0.87546
0.87476
0.87406
0.87338
0.8727
0.87202
0.87136
0.8707
0.87004
0.86939
0.86875
0.86811
0.86748
0.86685
0.86623
0.86561
0.86499
0.86438
0.86377
0.86317
0.86257
0.86198
0.86139
0.8608
0.86022
0.85964
0.85907
0.8585
0.85794
0.85738
0.85682
0.85627
0.85572
0.85518
0.85464
0.85411
0.85359
0.85306
0.85255
0.85203
0.85153
0.85102
0.85053
0.85004
0.84955
0.84907
0.84859
0.84812
0.84766
0.8472
0.84675
0.8463
0.84585
0.84541
0.84497
0.84454
0.8441
0.84367
0.84324
0.84281
0.84238
0.84196
0.84153
0.84111
0.84069
0.84027
0.83985
0.83944
0.83903
0.83862
0.83821
0.83781
0.83741
0.83702
0.83662
0.83623
0.83585
0.83546
0.83507
0.83469
0.8343
0.83392
0.83353
0.83314
0.83276
0.83237
0.83197
0.83157
0.83117
0.83076
0.83035
0.82993
0.82949
0.82905
0.82859
0.82812
0.82762
0.82711
0.82657
0.826
0.8254
0.82477
0.8241
0.8234
0.82266
0.82188
0.82106
0.82021
0.81934
0.81844
0.81753
0.81661
0.81569
0.81477
0.81386
0.81297
0.81209
0.81123
0.81038
0.80955
0.80874
0.80794
0.80716
0.80638
0.80562
0.80487
0.80412
0.80338
0.80265
0.80193
0.80121
0.80051
0.7998
0.79911
0.79843
0.79776
0.79709
0.79644
0.79581
0.79518
0.79457
0.79397
0.79339
0.79282
0.79226
0.79172
0.79119
0.79067
