1
0.95917
0.94289
0.93546
0.93146
0.92769
0.92351
0.9204
0.9145
0.90875
0.90324
0.89771
0.89258
0.88803
0.88432
0.88114
0.87857
0.8762
0.87432
0.87253
0.87105
0.86947
0.86805
0.86643
0.8648
0.86295
0.86104
0.85893
0.85672
0.8543
0.85175
0.84909
0.84643
0.84379
0.84123
0.83877
0.83645
0.8343
0.83232
0.83047
0.82873
0.82708
0.82552
0.82402
0.82259
0.82123
0.81992
0.81867
0.81748
0.81634
0.81525
0.81422
0.81323
0.81229
0.8114
0.81055
0.80975
0.809
0.80829
0.80758
0.80686
0.80607
0.80521
0.80429
0.80332
0.80232
0.80131
0.80028
0.79921
0.79809
0.79688
0.7956
0.79423
0.79279
0.79129
0.78974
0.78816
0.78654
0.78492
0.7833
0.78172
0.7802
0.77878
0.77745
