1
0.97737
0.96447
0.95883
0.95483
0.95164
0.94879
0.94626
0.94444
0.94253
0.94117
0.93632
0.93198
0.92773
0.92376
0.91983
0.91607
0.91235
0.90875
0.90523
0.90182
0.89851
0.89531
0.89221
0.88922
0.88631
0.8835
0.88077
0.87811
0.87552
0.873
0.87053
0.8681
0.86573
0.86338
0.86107
0.85878
0.85652
0.85428
0.85207
0.84987
0.8477
0.84554
0.8434
0.84128
0.83917
0.83708
0.83502
0.83296
0.83093
0.82892
0.82692
0.82495
0.823
0.82107
0.81917
0.81728
0.81542
0.81359
0.81177
0.80998
0.8082
0.80646
0.80473
0.80303
0.80135
0.79969
0.79805
0.79644
0.79485
0.79328
0.79174
0.79022
0.78872
0.78724
0.78578
0.78434
0.78292
0.78152
0.78014
0.77877
0.77743
0.7761
0.77478
0.77349
0.77221
0.77095
0.7697
0.76847
0.76726
0.76606
0.76487
0.76371
0.76255
0.76141
0.76029
0.75919
0.75809
0.75701
0.75595
0.7549
0.75386
0.75284
0.75183
0.75083
0.74985
0.74889
0.74794
0.74701
0.74609
0.74519
0.74431
0.74345
0.74261
0.74179
0.74099
0.7402
0.73943
0.73866
0.7379
0.73715
0.73639
0.73562
0.73484
0.73405
0.73325
0.73243
0.7316
0.73076
0.7299
0.72903
0.72815
0.72726
0.72635
0.72544
0.72453
0.7236
0.72268
0.72175
0.72082
0.71989
0.71897
0.71804
0.71713
0.71621
0.71531
0.71441
0.71352
0.71265
0.71178
0.71093
0.71009
0.70926
0.70845
0.70765
0.70686
0.70609
0.70534
0.7046
0.70387
0.70316
0.70247
0.7018
0.70114
0.70049
0.69987
0.69926
0.69867
0.6981
0.69754
0.697
0.69647
0.69595
0.69545
