1
0.95387
0.94271
0.93593
0.93075
0.92573
0.92176
0.91802
0.91484
0.91226
0.91006
0.90804
0.90648
0.89965
0.89334
0.88747
0.88202
0.87691
0.87212
0.8676
0.86331
0.8592
0.85526
0.85147
0.84782
0.84428
0.84083
0.83744
0.8341
0.83079
0.82751
0.82427
0.82105
0.81787
0.81473
0.81163
0.80857
0.80556
0.80259
0.79967
0.79679
0.79395
0.79116
0.7884
0.78568
0.783
0.78036
0.77777
0.77521
0.7727
0.77024
0.76782
0.76545
0.76313
0.76084
0.7586
0.75638
0.75419
0.75202
0.74989
0.74778
0.7457
0.74365
0.74164
0.73966
0.73771
0.73579
0.73392
0.73207
0.73026
0.72848
0.72673
0.72501
0.72332
0.72166
0.72003
0.71843
0.71684
0.71529
0.71376
0.71225
0.71077
0.7093
0.70786
0.70644
0.70504
0.70366
0.70231
0.70097
0.69964
0.69834
0.69705
0.69577
0.69451
0.69327
0.69204
0.69082
0.68961
0.68842
0.68724
0.68608
0.68493
0.6838
0.68269
0.68159
0.68051
0.67944
0.6784
0.67737
0.67636
0.67537
0.67438
0.6734
0.67242
0.67144
0.67047
0.66948
0.6685
0.6675
0.66649
0.66547
0.66443
0.66338
0.66231
0.66122
0.66009
0.65893
0.65774
0.65652
0.65526
0.65397
0.65266
0.65135
