1
0.97883
1.0075
1.0637
1.0839
1.0927
1.1073
1.1053
1.0968
1.0895
1.1053
1.1249
1.1434
1.1542
1.1601
1.1682
1.1823
1.1987
1.2174
1.2353
1.2539
1.2712
1.2885
1.3049
1.3212
1.3362
1.3512
1.3654
1.3793
1.3925
1.4054
1.4177
1.4297
1.4413
1.4526
1.4636
1.4744
1.4848
1.495
1.505
1.5147
1.5241
1.5332
1.5421
1.5507
1.5589
1.567
1.5748
1.5823
1.5897
1.5968
1.6038
1.6107
1.6174
1.6239
1.6304
1.6368
1.6431
1.6495
1.6558
1.662
1.6683
1.6744
1.6806
1.6866
1.6925
1.6983
1.704
1.7096
1.715
1.7203
1.7255
1.7305
1.7355
1.7403
1.745
1.7496
1.7542
1.7586
1.7629
1.7672
1.7713
1.7755
1.7795
