1
0.96013
0.95257
0.94908
0.94683
0.94366
0.94168
0.94062
0.93888
0.93755
0.93411
0.93085
0.92781
0.92489
0.92219
0.91957
0.91711
0.91472
0.91249
0.91033
0.90823
0.90617
0.90418
0.90225
0.90045
0.89852
0.89654
0.89453
0.89263
0.89076
0.88898
0.88721
0.88553
0.88389
0.88229
0.88071
0.87916
0.8776
0.87607
0.87452
0.87298
0.87143
0.8699
0.86835
0.86683
0.86532
0.86384
0.86236
0.86091
0.85946
0.85802
0.8566
0.85519
0.85381
0.85245
0.85112
0.84981
0.84853
0.84726
0.84603
0.84481
0.84362
0.84246
0.84132
0.84021
0.83913
0.83809
0.83707
0.83609
0.83514
0.83421
0.83332
0.83246
0.83163
0.83084
0.83008
0.82935
0.82866
0.82801
0.8274
0.82682
0.82628
0.82577
0.82529
0.82483
0.82441
0.82401
0.82362
0.82324
0.82286
0.82248
0.82208
0.82165
0.82117
0.82062
0.81999
0.81927
0.81843
0.81745
0.81632
0.81504
0.81362
0.81209
0.81047
0.80882
0.80718
0.80559
0.80406
0.80262
0.80128
0.80002
0.79884
0.79775
0.79674
0.7958
0.79492
0.7941
0.79334
0.79262
0.79194
0.79129
0.79066
0.79005
0.78945
0.78886
0.78826
0.78766
0.78704
0.78639
0.78572
0.78501
0.78425
0.78344
0.78256
0.7816
0.78056
0.77942
0.77818
0.77685
0.77542
0.77393
0.7724
