75.7721
-0.79514
-0.79618
-0.79711
-0.83911
-0.7808
-0.79242
-0.79828
-0.82978
-0.82453
-0.80273
-0.78386
-0.83566
-0.78463
-0.78284
-0.76781
-0.76834
-0.75553
-0.86615
-0.81626
-0.81626
-0.76769
-0.75858
-0.79733
-0.82353
-0.78781
-0.78789
-0.74965
-0.74079
-0.74579
-0.75869
-0.8322
-0.90892
-0.7585
-0.78771
-0.77927
-0.79326
-0.78721
-0.81189
-0.82282
-0.81358
-0.81458
-0.82332
-0.8086
-0.82983
-0.85734
-0.82873
-0.79657
-0.82407
-0.79783
-0.77573
-0.7867
-0.83703
-0.77257
-0.84704
-0.85174
-0.87279
-0.85768
-1.1135
-1.1624
-0.83667
-1.1384
-1.2222
-1.172
-1.2841
-1.4198
-1.8277
-1.9088
-2.6899
0
-2.7488
-2.7594
0
-3.7941
0
0
0
-4.8658
0
0
0
0
0
0
0
0
0
0
0
0
0
0
0
0
0
0
0
0
0
0
0
0
0
0
0
0
0
0
0
0
0
0
-0.79514
65.3188
-0.76419
-0.76543
-0.85121
-0.79411
-0.80302
-0.81226
-0.84419
-0.83888
-0.81681
-0.79788
-0.87032
-0.79864
-0.79685
-0.78162
-0.78244
-0.76968
-0.88535
-0.83156
-0.83157
-0.78137
-0.77604
-0.81035
-0.83878
-0.80077
-0.80085
-0.76227
-0.75502
-0.76488
-0.7712
-0.84748
-0.93241
-0.771
-0.80281
-0.79212
-0.80603
-0.80574
-0.82496
-0.83603
-0.84455
-0.82709
-0.83722
-0.82089
-0.85157
-0.86998
-0.84116
-0.81639
-0.83644
-0.80977
-0.7906
-0.79848
-0.84901
-0.79129
-0.8585
-0.86271
-0.88795
-0.87155
-1.133
-1.1964
-0.92556
-1.1478
-1.2336
-1.1826
-1.3006
-1.4303
-1.8337
-1.9179
-2.7057
0
-2.7353
0
0
0
0
0
0
0
0
0
0
0
0
0
0
0
0
0
0
0
0
0
0
0
0
0
0
0
0
0
0
0
0
0
0
0
0
0
0
0
0
0
-0.79618
-0.76419
65.3883
-0.76676
-0.85223
-0.79503
-0.80395
-0.81323
-0.84518
-0.83985
-0.81777
-0.79885
-0.87128
-0.79961
-0.79781
-0.78258
-0.7834
-0.77063
-0.88641
-0.83258
-0.83258
-0.78235
-0.77702
-0.81133
-0.83979
-0.80175
-0.80183
-0.76325
-0.75599
-0.76586
-0.77217
-0.8485
-0.93359
-0.77197
-0.80382
-0.7931
-0.80702
-0.80674
-0.82596
-0.83703
-0.84554
-0.82809
-0.83822
-0.82188
-0.85258
-0.87099
-0.84216
-0.81738
-0.83744
-0.81073
-0.79158
-0.79947
-0.85001
-0.79227
-0.8595
-0.86373
-0.88898
-0.87256
-1.1341
-1.1976
-0.9266
-1.1489
-1.2347
-1.1837
-1.3017
-1.4314
-1.8348
-1.919
-2.7069
0
-2.7366
0
0
0
0
0
0
0
0
0
0
0
0
0
0
0
0
0
0
0
0
0
0
0
0
0
0
0
0
0
0
0
0
0
0
0
0
0
0
0
0
0
-0.79711
-0.76543
-0.76676
65.4517
-0.85316
-0.79586
-0.8048
-0.8141
-0.84605
-0.84074
-0.81865
-0.79972
-0.87215
-0.8005
-0.7987
-0.78345
-0.78428
-0.77152
-0.88738
-0.8335
-0.8335
-0.78324
-0.7779
-0.81223
-0.84071
-0.80264
-0.80273
-0.76413
-0.75687
-0.76673
-0.77305
-0.84943
-0.93467
-0.77286
-0.80472
-0.794
-0.80792
-0.80764
-0.82687
-0.83794
-0.84646
-0.82899
-0.83914
-0.82278
-0.85349
-0.87192
-0.84307
-0.81829
-0.83834
-0.81165
-0.79248
-0.80037
-0.85093
-0.79317
-0.86044
-0.86464
-0.88992
-0.87349
-1.1351
-1.1986
-0.92755
-1.1499
-1.2357
-1.1847
-1.3027
-1.4325
-1.8359
-1.9201
-2.708
0
-2.7377
0
0
0
0
0
0
0
0
0
0
0
0
0
0
0
0
0
0
0
0
0
0
0
0
0
0
0
0
0
0
0
0
0
0
0
0
0
0
0
0
0
-0.83911
-0.85121
-0.85223
-0.85316
71.8354
-0.83045
-0.83943
-0.84623
-0.87835
-0.87298
-0.85078
-0.83143
-0.88296
-0.83222
-0.83041
-0.81496
-0.8156
-0.80257
-0.90847
-0.85943
-0.85943
-0.81366
-0.80792
-0.84322
-0.86715
-0.83365
-0.83373
-0.79481
-0.78693
-0.79479
-0.80379
-0.8766
-0.9512
-0.80356
-0.83122
-0.8249
-0.83902
-0.83317
-0.85814
-0.8693
-0.87784
-0.86032
-0.87028
-0.85417
-0.88185
-0.90372
-0.87463
-0.8487
-0.87003
-0.84314
-0.82091
-0.832
-0.88332
-0.82413
-0.8931
-0.89752
-0.91536
-0.89807
-1.1661
-1.2237
-0.9765
-1.1864
-1.2723
-1.2231
-1.3301
-1.4719
-1.8742
-1.9552
0
0
0
0
0
0
0
0
0
0
0
0
0
0
0
0
0
0
0
0
0
0
0
0
-9.6886
0
0
0
0
0
0
0
0
0
0
0
0
0
0
0
0
0
0
0
-0.7808
-0.79411
-0.79503
-0.79586
-0.83045
61.286
-0.78883
-0.79739
-0.82959
-0.82428
-0.80202
-0.78205
-0.83158
-0.78283
-0.78101
-0.76555
-0.76625
-0.75355
-0.8708
-0.81106
-0.81108
-0.76436
-0.75834
-0.7935
-0.81845
-0.78403
-0.78411
-0.74584
-0.73837
-0.74792
-0.7549
-0.82738
-0.91614
-0.75473
-0.78366
-0.77557
-0.78929
-0.78624
-0.80793
-0.81888
-0.82064
-0.81024
-0.81984
-0.80423
-0.83346
-0.85295
-0.82435
-0.79811
-0.81966
-0.79334
-0.77297
-0.78251
-0.83265
-0.76657
-0.84221
-0.84649
-0.87066
-0.85439
-1.1193
-1.1747
-0.90906
-1.1305
-1.2158
-1.1668
-1.2841
-1.4149
-1.8221
-1.9049
0
0
0
0
-2.4548
0
0
0
0
0
0
0
0
0
0
0
0
0
0
0
0
0
0
0
0
0
0
0
0
0
0
0
0
0
0
0
0
0
0
0
0
0
0
0
-0.79242
-0.80302
-0.80395
-0.8048
-0.83943
-0.78883
59.4811
-0.80992
-0.8442
-0.83835
-0.81474
-0.7923
-0.8406
-0.79309
-0.79127
-0.77531
-0.77598
-0.76313
-0.87221
-0.82279
-0.82278
-0.77412
-0.76909
-0.8033
-0.82957
-0.79382
-0.7939
-0.75542
-0.74818
-0.75767
-0.76432
-0.83809
-0.9157
-0.76414
-0.79427
-0.78509
-0.79884
-0.79725
-0.81757
-0.82855
-0.83539
-0.81974
-0.82951
-0.81368
-0.84376
-0.86259
-0.83388
-0.80927
-0.82914
-0.80268
-0.78324
-0.79141
-0.84169
-0.78389
-0.85135
-0.85561
-0.8789
-0.8624
-1.1287
-1.1861
-0.91882
-1.1403
-1.225
-1.1754
-1.2925
-1.424
-1.8303
-1.9138
0
0
0
0
0
0
0
0
0
0
0
0
0
0
0
0
0
0
0
0
0
0
0
0
0
0
0
0
0
0
0
0
0
0
0
0
0
0
0
0
0
0
0
0
-0.79828
-0.81226
-0.81323
-0.8141
-0.84623
-0.79739
-0.80992
55.9418
-0.82333
-0.81645
-0.7869
-0.79348
-0.84225
-0.79429
-0.79241
-0.7764
-0.77763
-0.76503
-0.87655
-0.84119
-0.84119
-0.77765
-0.77204
-0.80625
-0.83404
-0.79679
-0.79687
-0.75828
-0.75121
-0.76045
-0.76711
-0.84069
-0.92459
-0.76691
-0.79694
-0.78808
-0.80196
-0.80058
-0.82079
-0.83181
-0.83844
-0.82285
-0.83366
-0.8169
-0.84727
-0.86595
-0.83718
-0.81263
-0.83248
-0.80577
-0.78667
-0.79467
-0.84541
-0.78707
-0.85486
-0.85905
-0.88271
-0.86583
-1.1341
-1.1923
-0.92396
-1.1466
-1.2317
-1.1819
-1.2995
-1.4308
0
0
0
0
0
0
0
0
0
0
0
0
0
0
0
0
0
0
0
0
0
0
0
0
0
0
0
0
0
0
0
0
0
0
0
0
0
0
0
0
0
0
0
0
0
0
-0.82978
-0.84419
-0.84518
-0.84605
-0.87835
-0.82959
-0.8442
-0.82333
58.0492
-0.85409
-0.8286
-0.82453
-0.8738
-0.82534
-0.82347
-0.80767
-0.80906
-0.79637
-0.90692
-0.87125
-0.87125
-0.80994
-0.80415
-0.83854
-0.86927
-0.82897
-0.82905
-0.7899
-0.78283
-0.79239
-0.79885
-0.87507
-0.95342
-0.79864
-0.82967
-0.82018
-0.83432
-0.83355
-0.85346
-0.86463
-0.87159
-0.85554
-0.86674
-0.84953
-0.88057
-0.89924
-0.87007
-0.84533
-0.86535
-0.83821
-0.8188
-0.82687
-0.8783
-0.8192
-0.88784
-0.89207
-0.91629
-0.89914
-1.1702
-1.2291
-0.95778
-1.1822
-1.268
-1.2177
-1.336
-1.4677
0
0
0
0
0
0
0
0
0
0
0
0
0
0
0
0
0
0
0
0
0
0
0
0
0
0
0
0
0
0
0
0
0
0
0
0
0
0
0
0
0
0
0
0
0
0
-0.82453
-0.83888
-0.83985
-0.84074
-0.87298
-0.82428
-0.83835
-0.81645
-0.85409
57.6956
-0.82183
-0.81922
-0.86857
-0.82003
-0.81816
-0.80235
-0.80375
-0.79108
-0.90201
-0.86615
-0.86615
-0.80451
-0.79875
-0.8331
-0.8636
-0.82356
-0.82364
-0.78459
-0.77752
-0.78702
-0.79353
-0.86936
-0.94885
-0.79332
-0.82419
-0.81479
-0.82888
-0.82801
-0.84796
-0.85912
-0.86603
-0.85004
-0.86118
-0.84405
-0.87497
-0.89365
-0.86454
-0.83985
-0.85983
-0.83276
-0.81341
-0.82147
-0.87278
-0.81382
-0.88232
-0.88653
-0.91067
-0.89357
-1.1642
-1.223
-0.9521
-1.1762
-1.2619
-1.2117
-1.3298
-1.4615
0
0
0
0
0
0
0
0
0
0
0
0
0
0
0
0
0
0
0
0
0
0
0
0
0
0
0
0
0
0
0
0
0
0
0
0
0
0
0
0
0
0
0
0
0
0
-0.80273
-0.81681
-0.81777
-0.81865
-0.85078
-0.80202
-0.81474
-0.7869
-0.8286
-0.82183
56.2383
-0.79768
-0.84676
-0.79849
-0.79663
-0.78071
-0.78198
-0.76939
-0.88098
-0.84592
-0.84593
-0.78216
-0.77653
-0.81075
-0.83923
-0.80128
-0.80136
-0.76271
-0.75565
-0.76492
-0.77156
-0.84553
-0.92884
-0.77135
-0.80153
-0.79257
-0.80649
-0.80519
-0.82535
-0.8364
-0.84308
-0.82742
-0.83828
-0.82147
-0.85192
-0.87059
-0.84178
-0.81721
-0.83706
-0.81031
-0.79118
-0.79919
-0.85002
-0.79157
-0.85949
-0.86368
-0.88742
-0.87051
-1.1392
-1.1975
-0.92871
-1.1516
-1.2368
-1.187
-1.3046
-1.436
0
0
0
0
0
0
0
0
0
0
0
0
0
0
0
0
0
0
0
0
0
0
0
0
0
0
0
0
0
0
0
0
0
0
0
0
0
0
0
0
0
0
0
0
0
0
-0.78386
-0.79788
-0.79885
-0.79972
-0.83143
-0.78205
-0.7923
-0.79348
-0.82453
-0.81922
-0.79768
52.2223
-0.82653
-0.75772
-0.75558
-0.75804
-0.76092
-0.74895
-0.85833
-0.80364
-0.80365
-0.7631
-0.75719
-0.79073
-0.81849
-0.78157
-0.78165
-0.74318
-0.73655
-0.74552
-0.75211
-0.83405
-0.90189
-0.75201
-0.78227
-0.77304
-0.78677
-0.78605
-0.8054
-0.8163
-0.82311
-0.80744
-0.81893
-0.80167
-0.83203
-0.85054
-0.82187
-0.79777
-0.81709
-0.79066
-0.77146
-0.77954
-0.83008
-0.77229
-0.83973
-0.84407
-0.86682
-0.84978
-1.1178
-1.1763
-0.90702
-1.1279
-1.213
-1.1632
0
0
0
0
0
0
0
0
0
0
0
0
0
0
0
0
0
0
0
0
0
0
0
0
0
0
0
0
0
0
0
0
0
0
0
0
0
0
0
0
0
0
0
0
0
0
0
0
-0.83566
-0.87032
-0.87128
-0.87215
-0.88296
-0.83158
-0.8406
-0.84225
-0.8738
-0.86857
-0.84676
-0.82653
64.823
-0.8273
-0.8255
-0.8092
-0.8089
-0.7958
-0.89614
-0.85104
-0.85104
-0.80639
-0.80117
-0.83645
-0.8581
-0.82695
-0.82703
-0.78815
-0.77959
-0.78268
-0.79713
-0.86748
-0.93819
-0.79692
-0.8228
-0.81814
-0.832
-0.82394
-0.85094
-0.86199
-0.8696
-0.85308
-0.8625
-0.84712
-0.87746
-0.89656
-0.86756
-0.84199
-0.8629
-0.83617
-0.81369
-0.8251
-0.87651
-0.81713
-0.88648
-0.891
-0.90735
-0.8901
-1.1556
-1.2149
-0.95529
-1.1804
0
0
0
0
0
0
0
0
0
0
0
0
0
0
0
0
-2.8814
0
0
0
0
0
0
0
0
0
0
0
0
0
0
0
0
0
0
0
0
0
0
0
0
0
0
0
0
0
-9.2697
0
0
0
-0.78463
-0.79864
-0.79961
-0.8005
-0.83222
-0.78283
-0.79309
-0.79429
-0.82534
-0.82003
-0.79849
-0.75772
-0.8273
52.2718
-0.75651
-0.75874
-0.76165
-0.7497
-0.8591
-0.80437
-0.80438
-0.7639
-0.75796
-0.79151
-0.81915
-0.78236
-0.78244
-0.74395
-0.73732
-0.74629
-0.75289
-0.83494
-0.90264
-0.75278
-0.78308
-0.77381
-0.78756
-0.78686
-0.80619
-0.81711
-0.82393
-0.80824
-0.81974
-0.80246
-0.83285
-0.85137
-0.82268
-0.79857
-0.8179
-0.79145
-0.77225
-0.78034
-0.83088
-0.77309
-0.84054
-0.84489
-0.86764
-0.85062
-1.1187
-1.1772
-0.90786
-1.1288
-1.2139
-1.164
0
0
0
0
0
0
0
0
0
0
0
0
0
0
0
0
0
0
0
0
0
0
0
0
0
0
0
0
0
0
0
0
0
0
0
0
0
0
0
0
0
0
0
0
0
0
0
0
-0.78284
-0.79685
-0.79781
-0.7987
-0.83041
-0.78101
-0.79127
-0.79241
-0.82347
-0.81816
-0.79663
-0.75558
-0.8255
-0.75651
52.157
-0.75712
-0.75996
-0.74798
-0.8573
-0.80268
-0.80269
-0.76205
-0.75615
-0.78969
-0.81762
-0.78054
-0.78062
-0.74216
-0.73554
-0.74449
-0.75109
-0.83285
-0.9009
-0.751
-0.7812
-0.772
-0.78573
-0.78497
-0.80434
-0.81523
-0.82204
-0.80638
-0.81786
-0.80061
-0.83094
-0.84948
-0.8208
-0.79671
-0.81603
-0.78962
-0.77042
-0.7785
-0.829
-0.77126
-0.83867
-0.843
-0.86573
-0.84871
-1.1166
-1.1751
-0.90593
-1.1268
-1.2118
-1.162
0
0
0
0
0
0
0
0
0
0
0
0
0
0
0
0
0
0
0
0
0
0
0
0
0
0
0
0
0
0
0
0
0
0
0
0
0
0
0
0
0
0
0
0
0
0
0
0
-0.76781
-0.78162
-0.78258
-0.78345
-0.81496
-0.76555
-0.77531
-0.7764
-0.80767
-0.80235
-0.78071
-0.75804
-0.8092
-0.75874
-0.75712
50.026
-0.74741
-0.7338
-0.84093
-0.78641
-0.78641
-0.7473
-0.74074
-0.77437
-0.79619
-0.76519
-0.76527
-0.72677
-0.72007
-0.72867
-0.73556
-0.80975
-0.87978
-0.73546
-0.76464
-0.75619
-0.76967
-0.7682
-0.788
-0.79877
-0.80525
-0.79
-0.80121
-0.78435
-0.81418
-0.83282
-0.80438
-0.78036
-0.79958
-0.77346
-0.75426
-0.76237
-0.81213
-0.75497
-0.82187
-0.82623
-0.84828
-0.83172
-1.0976
-1.1547
-0.88858
-1.108
-1.1926
0
0
0
0
0
0
0
0
0
0
0
0
0
0
0
0
0
0
0
0
0
0
0
0
0
0
0
0
0
0
0
0
0
0
0
0
0
0
0
0
0
0
0
0
0
0
0
0
0
-0.76834
-0.78244
-0.7834
-0.78428
-0.8156
-0.76625
-0.77598
-0.77763
-0.80906
-0.80375
-0.78198
-0.76092
-0.8089
-0.76165
-0.75996
-0.74741
48.8411
-0.73294
-0.8408
-0.78625
-0.78626
-0.74804
-0.74009
-0.77409
-0.79688
-0.76499
-0.76506
-0.72644
-0.71977
-0.72813
-0.7352
-0.81254
-0.8808
-0.73509
-0.76389
-0.75583
-0.76924
-0.76741
-0.78749
-0.79823
-0.80461
-0.78945
-0.80074
-0.78385
-0.81366
-0.83231
-0.80389
-0.7799
-0.79905
-0.77297
-0.75383
-0.76189
-0.81179
-0.75464
-0.8215
-0.82582
-0.84813
-0.83154
-1.0975
-1.1543
-0.88868
-1.1079
0
0
0
0
0
0
0
0
0
0
0
0
0
0
0
0
0
0
0
0
0
0
0
0
0
0
0
0
0
0
0
0
0
0
0
0
0
0
0
0
0
0
0
0
0
0
0
0
0
0
-0.75553
-0.76968
-0.77063
-0.77152
-0.80257
-0.75355
-0.76313
-0.76503
-0.79637
-0.79108
-0.76939
-0.74895
-0.7958
-0.7497
-0.74798
-0.7338
-0.73294
46.926
-0.82679
-0.77312
-0.77312
-0.73228
-0.72621
-0.76226
-0.78376
-0.75252
-0.75259
-0.71311
-0.70645
-0.7142
-0.72177
-0.79502
-0.86856
-0.72171
-0.74955
-0.74222
-0.75531
-0.75282
-0.77332
-0.7839
-0.79011
-0.77519
-0.78627
-0.76969
-0.79927
-0.81787
-0.78962
-0.76572
-0.7847
-0.75891
-0.73994
-0.748
-0.79736
-0.74089
-0.80714
-0.81145
-0.83368
-0.81754
-1.082
-1.138
-0.87439
0
0
0
0
0
0
0
0
0
0
0
0
0
0
0
0
0
0
0
0
0
0
0
0
0
0
0
0
0
0
0
0
0
0
0
0
0
0
0
0
0
0
0
0
0
0
0
0
0
0
0
-0.86615
-0.88535
-0.88641
-0.88738
-0.90847
-0.8708
-0.87221
-0.87655
-0.90692
-0.90201
-0.88098
-0.85833
-0.89614
-0.8591
-0.8573
-0.84093
-0.8408
-0.82679
60.8201
-0.89507
-0.89509
-0.83874
-0.83298
-0.86792
-0.89565
-0.85835
-0.85844
-0.81892
-0.8117
-0.81969
-0.82784
-0.90467
-0.99144
-0.82757
-0.85684
-0.84944
-0.86374
-0.85913
-0.8832
-0.89441
-0.90142
-0.88507
-0.89629
-0.87919
-0.90913
-0.92926
-0.89989
-0.87525
-0.89517
-0.86768
-0.84651
-0.8565
-0.90862
-0.84822
-0.91808
-0.92232
-0.94128
-0.92243
-1.2003
0
-0.98649
0
0
0
0
0
0
0
0
0
0
0
0
0
0
0
0
0
0
0
0
0
0
0
0
0
0
0
0
0
0
0
0
0
0
0
0
0
0
0
0
-8.6577
0
0
0
0
0
0
0
0
0
0
-0.81626
-0.83156
-0.83258
-0.8335
-0.85943
-0.81106
-0.82279
-0.84119
-0.87125
-0.86615
-0.84592
-0.80364
-0.85104
-0.80437
-0.80268
-0.78641
-0.78625
-0.77312
-0.89507
55.2489
-0.82831
-0.78205
-0.77688
-0.81191
-0.82015
-0.80268
-0.80275
-0.76407
-0.75671
-0.7633
-0.77294
-0.84022
-0.92891
-0.77278
-0.79675
-0.7937
-0.80724
-0.79854
-0.82582
-0.83651
-0.84236
-0.82761
-0.83758
-0.8223
-0.84749
-0.87099
-0.84249
-0.81736
-0.8376
-0.81141
-0.78955
-0.80083
-0.85116
-0.79213
-0.86116
-0.86576
-0.87836
-0.86108
0
0
0
0
0
0
0
0
0
0
0
0
0
0
0
0
0
0
0
0
0
0
0
0
0
0
0
0
0
0
0
0
0
0
0
0
0
-8.3752
0
0
0
0
0
0
0
0
0
0
0
0
0
0
0
0
-0.81626
-0.83157
-0.83258
-0.8335
-0.85943
-0.81108
-0.82278
-0.84119
-0.87125
-0.86615
-0.84593
-0.80365
-0.85104
-0.80438
-0.80269
-0.78641
-0.78626
-0.77312
-0.89509
-0.82831
55.2494
-0.78204
-0.77689
-0.81192
-0.82016
-0.80268
-0.80277
-0.76408
-0.7567
-0.76331
-0.77295
-0.84023
-0.92892
-0.77278
-0.79676
-0.79371
-0.80725
-0.79854
-0.82581
-0.83652
-0.84237
-0.82762
-0.83759
-0.82231
-0.84751
-0.87099
-0.8425
-0.81736
-0.83763
-0.81142
-0.78956
-0.80083
-0.85118
-0.79214
-0.86115
-0.86577
-0.87838
-0.86108
0
0
0
0
0
0
0
0
0
0
0
0
0
0
0
0
0
0
0
0
0
0
0
0
0
0
0
0
0
0
0
0
0
0
0
-8.3753
0
0
0
0
0
0
0
0
0
0
0
0
0
0
0
0
0
0
-0.76769
-0.78137
-0.78235
-0.78324
-0.81366
-0.76436
-0.77412
-0.77765
-0.80994
-0.80451
-0.78216
-0.7631
-0.80639
-0.7639
-0.76205
-0.7473
-0.74804
-0.73228
-0.83874
-0.78205
-0.78204
48.6354
-0.73592
-0.77129
-0.79331
-0.7622
-0.7623
-0.72376
-0.71643
-0.72406
-0.73206
-0.80951
-0.87854
-0.73194
-0.75971
-0.75239
-0.76546
-0.76224
-0.7837
-0.7948
-0.80035
-0.78683
-0.76696
-0.78093
-0.80792
-0.82887
-0.8008
-0.77595
-0.79606
-0.77045
-0.75097
-0.75945
-0.80916
-0.75239
-0.81914
-0.82376
-0.84383
-0.82845
0
0
0
0
0
0
0
0
0
0
0
0
0
0
0
0
0
-4.2066
0
0
0
0
0
0
0
0
0
0
0
0
0
0
0
0
0
0
0
0
0
0
0
0
0
0
0
0
0
0
0
0
0
0
0
0
-0.75858
-0.77604
-0.77702
-0.7779
-0.80792
-0.75834
-0.76909
-0.77204
-0.80415
-0.79875
-0.77653
-0.75719
-0.80117
-0.75796
-0.75615
-0.74074
-0.74009
-0.72621
-0.83298
-0.77688
-0.77689
-0.73592
47.4868
-0.76749
-0.78751
-0.75916
-0.75924
-0.71887
-0.71118
-0.71821
-0.72742
-0.79813
-0.87165
-0.72738
-0.75401
-0.74795
-0.76048
-0.75567
-0.77854
-0.78895
-0.78871
-0.78025
-0.78935
-0.77545
-0.80031
-0.82344
-0.79539
-0.79271
-0.79025
-0.76464
-0.74343
-0.75401
-0.80302
-0.74368
-0.81294
-0.81759
-0.83677
0
0
0
0
0
0
0
0
0
0
0
0
0
0
0
0
0
0
0
0
0
0
0
0
0
0
0
0
-4.1645
0
0
0
0
0
0
0
0
0
0
0
0
0
0
0
0
0
0
0
0
0
0
0
0
0
0
-0.79733
-0.81035
-0.81133
-0.81223
-0.84322
-0.7935
-0.8033
-0.80625
-0.83854
-0.8331
-0.81075
-0.79073
-0.83645
-0.79151
-0.78969
-0.77437
-0.77409
-0.76226
-0.86792
-0.81191
-0.81192
-0.77129
-0.76749
46.1292
-0.82176
-0.79363
-0.79373
-0.75202
-0.7463
-0.75462
-0.76079
-0.82955
-0.90619
-0.76084
-0.79383
-0.78256
-0.79645
-0.79783
-0.8152
-0.82597
-0.83341
-0.81669
-0.82846
-0.81209
-0.84166
-0.86094
-0.83241
-0.80864
-0.82742
-0.80082
-0.78119
-0.78921
-0.83953
-0.78156
-0.84921
-0.85375
-0.87402
-0.85736
0
0
0
0
0
0
0
0
0
0
0
0
0
0
0
0
0
0
0
0
0
0
0
0
0
0
0
0
0
0
0
0
0
0
0
0
0
0
0
0
0
0
0
0
0
0
0
0
0
0
0
0
0
0
-0.82353
-0.83878
-0.83979
-0.84071
-0.86715
-0.81845
-0.82957
-0.83404
-0.86927
-0.8636
-0.83923
-0.81849
-0.8581
-0.81915
-0.81762
-0.79619
-0.79688
-0.78376
-0.89565
-0.82015
-0.82016
-0.79331
-0.78751
-0.82176
53.5416
-0.81303
-0.8131
-0.77405
-0.76692
-0.77399
-0.78285
-0.85847
-0.9291
-0.78267
-0.8088
-0.80395
-0.81769
-0.81033
-0.83639
-0.84723
-0.85324
-0.83804
-0.84862
-0.83324
-0.85934
-0.8823
-0.85361
-0.82817
-0.84878
-0.82214
-0.79969
-0.81136
-0.86186
-0.80184
-0.87157
-0.87625
0
0
0
0
0
0
0
0
0
0
0
0
0
0
0
0
0
0
0
0
0
0
0
0
0
0
0
0
0
0
0
0
0
0
0
0
0
0
0
0
0
0
0
0
0
0
0
-7.9401
0
0
0
0
0
0
0
0
-0.78781
-0.80077
-0.80175
-0.80264
-0.83365
-0.78403
-0.79382
-0.79679
-0.82897
-0.82356
-0.80128
-0.78157
-0.82695
-0.78236
-0.78054
-0.76519
-0.76499
-0.75252
-0.85835
-0.80268
-0.80268
-0.7622
-0.75916
-0.79363
-0.81303
44.735
-0.7628
-0.74111
-0.73581
-0.74232
-0.75052
-0.82241
-0.89711
-0.75083
-0.79265
-0.77278
-0.78668
-0.78938
-0.80532
-0.81601
-0.82326
-0.80667
-0.81842
-0.80245
-0.83185
-0.85112
-0.82271
-0.79883
-0.81806
-0.79159
-0.77192
-0.78058
-0.83027
-0.77219
-0.83981
-0.84425
-0.86432
0
0
0
0
0
0
0
0
0
0
0
0
0
0
0
0
0
0
0
0
0
0
0
0
0
0
0
0
0
0
0
0
0
0
0
0
0
0
0
0
0
0
0
0
0
0
0
0
0
0
0
0
0
0
0
-0.78789
-0.80085
-0.80183
-0.80273
-0.83373
-0.78411
-0.7939
-0.79687
-0.82905
-0.82364
-0.80136
-0.78165
-0.82703
-0.78244
-0.78062
-0.76527
-0.76506
-0.75259
-0.85844
-0.80275
-0.80277
-0.7623
-0.75924
-0.79373
-0.8131
-0.7628
44.7394
-0.74119
-0.73589
-0.74239
-0.7506
-0.82249
-0.89718
-0.7509
-0.79274
-0.77285
-0.78676
-0.78949
-0.8054
-0.81609
-0.82335
-0.80677
-0.8185
-0.80253
-0.83194
-0.8512
-0.8228
-0.79892
-0.81815
-0.79167
-0.77199
-0.78066
-0.83035
-0.77227
-0.83988
-0.84432
-0.86441
0
0
0
0
0
0
0
0
0
0
0
0
0
0
0
0
0
0
0
0
0
0
0
0
0
0
0
0
0
0
0
0
0
0
0
0
0
0
0
0
0
0
0
0
0
0
0
0
0
0
0
0
0
0
0
-0.74965
-0.76227
-0.76325
-0.76413
-0.79481
-0.74584
-0.75542
-0.75828
-0.7899
-0.78459
-0.76271
-0.74318
-0.78815
-0.74395
-0.74216
-0.72677
-0.72644
-0.71311
-0.81892
-0.76407
-0.76408
-0.72376
-0.71887
-0.75202
-0.77405
-0.74111
-0.74119
40.9174
-0.67984
-0.71092
-0.71267
-0.78181
-0.8571
-0.71301
-0.74834
-0.73385
-0.7457
-0.76436
-0.76324
-0.7728
-0.77423
-0.76351
-0.77197
-0.76131
-0.78745
-0.8087
-0.78112
-0.75628
-0.77642
-0.75084
-0.73105
-0.74
-0.78894
-0.73141
-0.79777
0
0
0
0
0
0
0
0
0
0
0
0
0
0
0
0
0
0
0
0
0
0
0
0
0
0
0
0
0
0
0
0
0
0
0
0
0
0
0
0
0
0
0
0
0
0
0
0
0
0
0
0
0
0
0
0
0
-0.74079
-0.75502
-0.75599
-0.75687
-0.78693
-0.73837
-0.74818
-0.75121
-0.78283
-0.77752
-0.75565
-0.73655
-0.77959
-0.73732
-0.73554
-0.72007
-0.71977
-0.70645
-0.8117
-0.75671
-0.7567
-0.71643
-0.71118
-0.7463
-0.76692
-0.73581
-0.73589
-0.67984
41.6666
-0.70239
-0.70522
-0.77404
-0.84713
-0.70565
-0.73798
-0.72635
-0.73813
-0.75869
-0.75543
-0.76488
-0.76515
-0.75577
-0.76325
-0.75337
-0.77836
-0.80076
-0.7732
-0.74626
-0.76818
-0.74289
-0.7227
-0.73227
-0.78103
0
0
0
0
0
0
0
0
0
0
0
0
0
0
0
0
0
0
0
0
0
0
0
0
0
0
0
-2.6654
0
0
0
0
0
0
0
0
0
0
0
0
0
0
0
0
0
0
0
0
0
0
0
0
0
0
0
0
0
0
0
-0.74579
-0.76488
-0.76586
-0.76673
-0.79479
-0.74792
-0.75767
-0.76045
-0.79239
-0.78702
-0.76492
-0.74552
-0.78268
-0.74629
-0.74449
-0.72867
-0.72813
-0.7142
-0.81969
-0.7633
-0.76331
-0.72406
-0.71821
-0.75462
-0.77399
-0.74232
-0.74239
-0.71092
-0.70239
42.9388
-0.71608
-0.77971
-0.8549
-0.71535
-0.74255
-0.73597
-0.74719
-0.72759
-0.76421
-0.77412
-0.77892
-0.76475
-0.77341
-0.76115
-0.80151
-0.80851
-0.78095
-0.7538
-0.77603
-0.75066
-0.72936
-0.73984
0
0
0
0
0
0
0
0
0
0
0
0
0
0
0
0
0
0
0
0
0
0
0
0
0
0
0
-4.3087
0
0
0
0
0
0
0
0
0
0
0
0
0
0
0
0
0
0
0
0
0
0
0
0
0
0
0
0
0
0
0
0
-0.75869
-0.7712
-0.77217
-0.77305
-0.80379
-0.7549
-0.76432
-0.76711
-0.79885
-0.79353
-0.77156
-0.75211
-0.79713
-0.75289
-0.75109
-0.73556
-0.7352
-0.72177
-0.82784
-0.77294
-0.77295
-0.73206
-0.72742
-0.76079
-0.78285
-0.75052
-0.7506
-0.71267
-0.70522
-0.71608
39.8511
-0.79034
-0.86555
-0.72341
-0.7486
-0.74507
-0.75627
-0.75296
-0.77356
-0.78336
-0.78798
-0.77359
-0.7846
-0.77109
-0.79866
-0.819
-0.79118
-0.76611
-0.78566
-0.75993
-0.74012
-0.7491
-0.79811
0
0
0
0
0
0
0
0
0
0
0
0
0
0
0
0
0
0
0
0
0
0
0
0
0
0
0
0
0
0
0
0
0
0
0
0
0
0
0
0
0
0
0
0
0
0
0
0
0
0
0
0
0
0
0
0
0
0
0
-0.8322
-0.84748
-0.8485
-0.84943
-0.8766
-0.82738
-0.83809
-0.84069
-0.87507
-0.86936
-0.84553
-0.83405
-0.86748
-0.83494
-0.83285
-0.80975
-0.81254
-0.79502
-0.90467
-0.84022
-0.84023
-0.80951
-0.79813
-0.82955
-0.85847
-0.82241
-0.82249
-0.78181
-0.77404
-0.77971
-0.79034
50.3684
-0.92823
-0.78961
-0.81329
-0.81111
-0.82456
-0.81423
-0.84293
-0.85355
-0.85876
-0.84411
-0.85454
-0.84028
-0.86399
-0.88942
-0.86076
-0.83431
-0.85569
-0.82905
-0.80585
-0.81843
0
0
0
0
0
0
0
0
0
0
0
0
0
0
0
0
0
0
0
0
0
0
0
0
0
0
0
0
0
0
0
0
0
0
0
0
0
0
0
0
0
0
0
0
0
0
0
-7.7471
0
0
0
0
0
0
0
0
0
0
0
0
-0.90892
-0.93241
-0.93359
-0.93467
-0.9512
-0.91614
-0.9157
-0.92459
-0.95342
-0.94885
-0.92884
-0.90189
-0.93819
-0.90264
-0.9009
-0.87978
-0.8808
-0.86856
-0.99144
-0.92891
-0.92892
-0.87854
-0.87165
-0.90619
-0.9291
-0.89711
-0.89718
-0.8571
-0.84713
-0.8549
-0.86555
-0.92823
61.5481
-0.86473
-0.89043
-0.88624
-0.90058
-0.88695
-0.91967
-0.93087
-0.9366
-0.92105
-0.93217
-0.9173
-0.94119
-0.96779
-0.93832
-0.91089
-0.93337
-0.90557
0
0
0
0
0
0
0
0
0
0
0
0
0
0
0
0
0
0
0
0
0
0
0
0
0
0
0
0
0
0
0
0
0
0
0
0
0
-8.4307
0
0
0
0
0
0
0
0
0
-8.4307
0
0
0
0
0
0
0
0
0
0
0
0
0
0
-0.7585
-0.771
-0.77197
-0.77286
-0.80356
-0.75473
-0.76414
-0.76691
-0.79864
-0.79332
-0.77135
-0.75201
-0.79692
-0.75278
-0.751
-0.73546
-0.73509
-0.72171
-0.82757
-0.77278
-0.77278
-0.73194
-0.72738
-0.76084
-0.78267
-0.75083
-0.7509
-0.71301
-0.70565
-0.71535
-0.72341
-0.78961
-0.86473
39.0358
-0.74814
-0.74616
-0.75576
-0.75127
-0.77269
-0.78229
-0.7868
-0.77212
-0.78378
-0.77053
-0.79837
-0.8185
-0.79072
-0.76526
-0.78494
-0.75926
-0.73951
-0.74825
0
0
0
0
0
0
0
0
0
0
0
0
0
0
0
0
0
0
0
0
0
0
0
0
0
0
0
0
0
0
0
0
0
0
0
0
0
0
0
0
0
0
0
0
0
0
0
0
0
0
0
0
0
0
0
0
0
0
0
0
-0.78771
-0.80281
-0.80382
-0.80472
-0.83122
-0.78366
-0.79427
-0.79694
-0.82967
-0.82419
-0.80153
-0.78227
-0.8228
-0.78308
-0.7812
-0.76464
-0.76389
-0.74955
-0.85684
-0.79675
-0.79676
-0.75971
-0.75401
-0.79383
-0.8088
-0.79265
-0.79274
-0.74834
-0.73798
-0.74255
-0.7486
-0.81329
-0.89043
-0.74814
44.1375
-0.76715
-0.77742
-0.74915
-0.79316
-0.8024
-0.80276
-0.792
-0.80109
-0.79152
-0.80885
-0.83944
-0.8118
-0.78291
0
0
0
0
0
0
0
0
0
0
0
0
0
0
0
0
0
0
0
0
0
0
0
0
0
0
0
0
0
0
0
0
0
0
0
0
0
0
0
0
0
0
-6.9285
0
0
0
0
0
0
0
0
0
0
0
0
0
0
0
0
0
0
0
0
0
-0.77927
-0.79212
-0.7931
-0.794
-0.8249
-0.77557
-0.78509
-0.78808
-0.82018
-0.81479
-0.79257
-0.77304
-0.81814
-0.77381
-0.772
-0.75619
-0.75583
-0.74222
-0.84944
-0.7937
-0.79371
-0.75239
-0.74795
-0.78256
-0.80395
-0.77278
-0.77285
-0.73385
-0.72635
-0.73597
-0.74507
-0.81111
-0.88624
-0.74616
-0.76715
37.8089
-0.77535
-0.77447
-0.79278
-0.80235
-0.81927
-0.79243
-0.80709
-0.79496
-0.82269
-0.84341
-0.81567
-0.78768
-0.80867
0
0
0
0
0
0
0
0
0
0
0
0
0
0
0
0
0
0
0
0
0
0
0
0
0
0
0
0
0
0
0
0
0
0
0
0
0
0
0
0
0
0
0
0
0
0
0
0
0
0
0
0
0
0
0
0
0
0
0
0
0
0
0
-0.79326
-0.80603
-0.80702
-0.80792
-0.83902
-0.78929
-0.79884
-0.80196
-0.83432
-0.82888
-0.80649
-0.78677
-0.832
-0.78756
-0.78573
-0.76967
-0.76924
-0.75531
-0.86374
-0.80724
-0.80725
-0.76546
-0.76048
-0.79645
-0.81769
-0.78668
-0.78676
-0.7457
-0.73813
-0.74719
-0.75627
-0.82456
-0.90058
-0.75576
-0.77742
-0.77535
36.0041
-0.78028
-0.81249
-0.82256
-0.83571
-0.81126
-0.82258
-0.81226
0
-0.86143
-0.83347
0
0
0
0
0
0
0
0
0
0
0
0
0
0
0
0
0
0
0
0
0
0
0
0
0
0
0
0
0
0
0
0
0
0
0
0
0
0
0
0
0
0
0
0
0
0
0
0
0
0
0
0
0
0
0
0
0
0
0
0
0
0
0
0
0
-0.78721
-0.80574
-0.80674
-0.80764
-0.83317
-0.78624
-0.79725
-0.80058
-0.83355
-0.82801
-0.80519
-0.78605
-0.82394
-0.78686
-0.78497
-0.7682
-0.76741
-0.75282
-0.85913
-0.79854
-0.79854
-0.76224
-0.75567
-0.79783
-0.81033
-0.78938
-0.78949
-0.76436
-0.75869
-0.72759
-0.75296
-0.81423
-0.88695
-0.75127
-0.74915
-0.77447
-0.78028
42.2057
-0.79263
-0.80108
-0.79967
-0.78643
-0.79947
0
0
0
0
0
0
0
0
0
0
0
0
0
0
0
0
0
0
0
0
0
0
0
0
0
0
0
0
0
0
0
0
0
0
0
0
0
0
-2.8302
0
0
0
0
0
0
0
-6.1135
0
0
0
0
0
0
0
0
0
0
0
0
0
0
0
0
0
0
0
0
0
0
-0.81189
-0.82496
-0.82596
-0.82687
-0.85814
-0.80793
-0.81757
-0.82079
-0.85346
-0.84796
-0.82535
-0.8054
-0.85094
-0.80619
-0.80434
-0.788
-0.78749
-0.77332
-0.8832
-0.82582
-0.82581
-0.7837
-0.77854
-0.8152
-0.83639
-0.80532
-0.8054
-0.76324
-0.75543
-0.76421
-0.77356
-0.84293
-0.91967
-0.77269
-0.79316
-0.79278
-0.81249
-0.79263
34.1834
-0.82583
-0.85045
-0.79195
-0.83651
0
0
0
0
0
0
0
0
0
0
0
0
0
0
0
0
0
0
0
0
0
0
0
0
0
0
0
0
0
0
0
0
0
0
0
0
0
0
0
0
0
0
0
0
0
0
0
0
0
0
0
0
0
0
0
0
0
0
0
0
0
0
0
0
0
0
0
0
0
-0.82282
-0.83603
-0.83703
-0.83794
-0.8693
-0.81888
-0.82855
-0.83181
-0.86463
-0.85912
-0.8364
-0.8163
-0.86199
-0.81711
-0.81523
-0.79877
-0.79823
-0.7839
-0.89441
-0.83651
-0.83652
-0.7948
-0.78895
-0.82597
-0.84723
-0.81601
-0.81609
-0.7728
-0.76488
-0.77412
-0.78336
-0.85355
-0.93087
-0.78229
-0.8024
-0.80235
-0.82256
-0.80108
-0.82583
33.7696
-0.842
-0.82097
0
0
0
0
0
0
0
0
0
0
0
0
0
0
0
0
0
0
0
0
0
0
0
0
0
0
0
0
0
0
0
0
0
0
0
0
0
0
0
0
0
0
0
0
0
0
0
0
0
0
0
0
0
0
0
0
0
0
0
0
0
0
0
0
0
0
0
0
0
0
-0.81358
-0.84455
-0.84554
-0.84646
-0.87784
-0.82064
-0.83539
-0.83844
-0.87159
-0.86603
-0.84308
-0.82311
-0.8696
-0.82393
-0.82204
-0.80525
-0.80461
-0.79011
-0.90142
-0.84236
-0.84237
-0.80035
-0.78871
-0.83341
-0.85324
-0.82326
-0.82335
-0.77423
-0.76515
-0.77892
-0.78798
-0.85876
-0.9366
-0.7868
-0.80276
-0.81927
-0.83571
-0.79967
-0.85045
-0.842
38.0185
0
0
0
0
0
0
0
0
0
0
0
0
0
0
0
0
0
0
0
0
0
0
0
0
0
0
0
0
0
0
0
0
0
-4.83
0
0
0
0
0
0
0
0
0
0
0
0
0
0
0
0
0
0
0
0
0
0
0
0
0
0
0
0
0
0
0
0
0
0
0
0
0
-0.81458
-0.82709
-0.82809
-0.82899
-0.86032
-0.81024
-0.81974
-0.82285
-0.85554
-0.85004
-0.82742
-0.80744
-0.85308
-0.80824
-0.80638
-0.79
-0.78945
-0.77519
-0.88507
-0.82761
-0.82762
-0.78683
-0.78025
-0.81669
-0.83804
-0.80667
-0.80677
-0.76351
-0.75577
-0.76475
-0.77359
-0.84411
-0.92105
-0.77212
-0.792
-0.79243
-0.81126
-0.78643
-0.79195
-0.82097
0
32.5402
0
0
0
0
0
0
0
0
0
0
0
0
0
0
0
0
0
0
0
0
0
0
0
0
0
0
0
0
0
0
0
0
0
0
0
0
0
0
0
0
0
0
0
0
0
0
0
0
0
0
0
0
0
0
0
0
0
0
0
0
0
0
0
0
0
0
0
0
0
0
-0.82332
-0.83722
-0.83822
-0.83914
-0.87028
-0.81984
-0.82951
-0.83366
-0.86674
-0.86118
-0.83828
-0.81893
-0.8625
-0.81974
-0.81786
-0.80121
-0.80074
-0.78627
-0.89629
-0.83758
-0.83759
-0.76696
-0.78935
-0.82846
-0.84862
-0.81842
-0.8185
-0.77197
-0.76325
-0.77341
-0.7846
-0.85454
-0.93217
-0.78378
-0.80109
-0.80709
-0.82258
-0.79947
-0.83651
0
0
0
36.2391
0
0
0
0
0
0
0
0
0
0
0
0
0
0
0
0
0
0
0
0
0
0
0
0
0
0
0
0
0
0
0
0
-4.1022
0
0
0
0
0
0
0
0
0
0
0
0
0
0
0
0
0
0
0
0
0
0
0
0
0
0
0
0
0
0
0
0
0
0
0
0
-0.8086
-0.82089
-0.82188
-0.82278
-0.85417
-0.80423
-0.81368
-0.8169
-0.84953
-0.84405
-0.82147
-0.80167
-0.84712
-0.80246
-0.80061
-0.78435
-0.78385
-0.76969
-0.87919
-0.8223
-0.82231
-0.78093
-0.77545
-0.81209
-0.83324
-0.80245
-0.80253
-0.76131
-0.75337
-0.76115
-0.77109
-0.84028
-0.9173
-0.77053
-0.79152
-0.79496
-0.81226
0
0
0
0
0
0
29.9722
0
0
0
0
0
0
0
0
0
0
0
0
0
0
0
0
0
0
0
0
0
0
0
0
0
0
0
0
0
0
0
0
0
0
0
0
0
0
0
0
0
0
0
0
0
0
0
0
0
0
0
0
0
0
0
0
0
0
0
0
0
0
0
0
0
0
0
0
-0.82983
-0.85157
-0.85258
-0.85349
-0.88185
-0.83346
-0.84376
-0.84727
-0.88057
-0.87497
-0.85192
-0.83203
-0.87746
-0.83285
-0.83094
-0.81418
-0.81366
-0.79927
-0.90913
-0.84749
-0.84751
-0.80792
-0.80031
-0.84166
-0.85934
-0.83185
-0.83194
-0.78745
-0.77836
-0.80151
-0.79866
-0.86399
-0.94119
-0.79837
-0.80885
-0.82269
0
0
0
0
0
0
0
0
35.3404
0
0
0
0
0
0
0
0
0
0
0
0
0
0
0
0
0
0
0
0
0
0
0
0
0
0
0
0
0
0
0
0
0
0
0
0
0
0
0
-5.1606
0
0
0
0
0
0
0
0
0
0
0
0
0
0
0
0
0
0
0
0
0
0
0
0
0
0
0
-0.85734
-0.86998
-0.87099
-0.87192
-0.90372
-0.85295
-0.86259
-0.86595
-0.89924
-0.89365
-0.87059
-0.85054
-0.89656
-0.85137
-0.84948
-0.83282
-0.83231
-0.81787
-0.92926
-0.87099
-0.87099
-0.82887
-0.82344
-0.86094
-0.8823
-0.85112
-0.8512
-0.8087
-0.80076
-0.80851
-0.819
-0.88942
-0.96779
-0.8185
-0.83944
-0.84341
-0.86143
0
0
0
0
0
0
0
0
31.7759
0
0
0
0
0
0
0
0
0
0
0
0
0
0
0
0
0
0
0
0
0
0
0
0
0
0
0
0
0
0
0
0
0
0
0
0
0
0
0
0
0
0
0
0
0
0
0
0
0
0
0
0
0
0
0
0
0
0
0
0
0
0
0
0
0
0
-0.82873
-0.84116
-0.84216
-0.84307
-0.87463
-0.82435
-0.83388
-0.83718
-0.87007
-0.86454
-0.84178
-0.82187
-0.86756
-0.82268
-0.8208
-0.80438
-0.80389
-0.78962
-0.89989
-0.84249
-0.8425
-0.8008
-0.79539
-0.83241
-0.85361
-0.82271
-0.8228
-0.78112
-0.7732
-0.78095
-0.79118
-0.86076
-0.93832
-0.79072
-0.8118
-0.81567
-0.83347
0
0
0
0
0
0
0
0
0
30.7221
0
0
0
0
0
0
0
0
0
0
0
0
0
0
0
0
0
0
0
0
0
0
0
0
0
0
0
0
0
0
0
0
0
0
0
0
0
0
0
0
0
0
0
0
0
0
0
0
0
0
0
0
0
0
0
0
0
0
0
0
0
0
0
0
0
-0.79657
-0.81639
-0.81738
-0.81829
-0.8487
-0.79811
-0.80927
-0.81263
-0.84533
-0.83985
-0.81721
-0.79777
-0.84199
-0.79857
-0.79671
-0.78036
-0.7799
-0.76572
-0.87525
-0.81736
-0.81736
-0.77595
-0.79271
-0.80864
-0.82817
-0.79883
-0.79892
-0.75628
-0.74626
-0.7538
-0.76611
-0.83431
-0.91089
-0.76526
-0.78291
-0.78768
0
0
0
0
0
0
0
0
0
0
0
32.9768
0
0
0
0
0
0
0
0
0
0
0
0
0
0
0
0
0
0
0
0
0
0
0
0
0
0
0
0
0
0
0
0
0
0
0
-3.9794
0
0
0
0
0
0
0
0
0
0
0
0
0
0
0
0
0
0
0
0
0
0
0
0
0
0
0
0
-0.82407
-0.83644
-0.83744
-0.83834
-0.87003
-0.81966
-0.82914
-0.83248
-0.86535
-0.85983
-0.83706
-0.81709
-0.8629
-0.8179
-0.81603
-0.79958
-0.79905
-0.7847
-0.89517
-0.8376
-0.83763
-0.79606
-0.79025
-0.82742
-0.84878
-0.81806
-0.81815
-0.77642
-0.76818
-0.77603
-0.78566
-0.85569
-0.93337
-0.78494
0
-0.80867
0
0
0
0
0
0
0
0
0
0
0
0
28.9052
0
0
0
0
0
0
0
0
0
0
0
0
0
0
0
0
0
0
0
0
0
0
0
0
0
0
0
0
0
0
0
0
0
0
0
0
0
0
0
0
0
0
0
0
0
0
0
0
0
0
0
0
0
0
0
0
0
0
0
0
0
0
0
-0.79783
-0.80977
-0.81073
-0.81165
-0.84314
-0.79334
-0.80268
-0.80577
-0.83821
-0.83276
-0.81031
-0.79066
-0.83617
-0.79145
-0.78962
-0.77346
-0.77297
-0.75891
-0.86768
-0.81141
-0.81142
-0.77045
-0.76464
-0.80082
-0.82214
-0.79159
-0.79167
-0.75084
-0.74289
-0.75066
-0.75993
-0.82905
-0.90557
-0.75926
0
0
0
0
0
0
0
0
0
0
0
0
0
0
0
27.1994
0
0
0
0
0
0
0
0
0
0
0
0
0
0
0
0
0
0
0
0
0
0
0
0
0
0
0
0
0
0
0
0
0
0
0
0
0
0
0
0
0
0
0
0
0
0
0
0
0
0
0
0
0
0
0
0
0
0
0
0
0
0
-0.77573
-0.7906
-0.79158
-0.79248
-0.82091
-0.77297
-0.78324
-0.78667
-0.8188
-0.81341
-0.79118
-0.77146
-0.81369
-0.77225
-0.77042
-0.75426
-0.75383
-0.73994
-0.84651
-0.78955
-0.78956
-0.75097
-0.74343
-0.78119
-0.79969
-0.77192
-0.77199
-0.73105
-0.7227
-0.72936
-0.74012
-0.80585
0
-0.73951
0
0
0
0
0
0
0
0
0
0
0
0
0
0
0
0
27.8184
0
0
0
0
0
0
0
0
0
0
0
0
0
0
0
0
0
0
0
0
0
0
0
0
0
-2.1916
0
0
0
0
0
0
0
0
0
0
0
0
0
0
0
0
0
0
0
0
0
0
0
0
0
0
0
0
0
0
0
0
0
0
0
-0.7867
-0.79848
-0.79947
-0.80037
-0.832
-0.78251
-0.79141
-0.79467
-0.82687
-0.82147
-0.79919
-0.77954
-0.8251
-0.78034
-0.7785
-0.76237
-0.76189
-0.748
-0.8565
-0.80083
-0.80083
-0.75945
-0.75401
-0.78921
-0.81136
-0.78058
-0.78066
-0.74
-0.73227
-0.73984
-0.7491
-0.81843
0
-0.74825
0
0
0
0
0
0
0
0
0
0
0
0
0
0
0
0
0
25.9302
0
0
0
0
0
0
0
0
0
0
0
0
0
0
0
0
0
0
0
0
0
0
0
0
0
0
0
0
0
0
0
0
0
0
0
0
0
0
0
0
0
0
0
0
0
0
0
0
0
0
0
0
0
0
0
0
0
0
0
0
-0.83703
-0.84901
-0.85001
-0.85093
-0.88332
-0.83265
-0.84169
-0.84541
-0.8783
-0.87278
-0.85002
-0.83008
-0.87651
-0.83088
-0.829
-0.81213
-0.81179
-0.79736
-0.90862
-0.85116
-0.85118
-0.80916
-0.80302
-0.83953
-0.86186
-0.83027
-0.83035
-0.78894
-0.78103
0
-0.79811
0
0
0
0
0
0
0
0
0
0
0
0
0
0
0
0
0
0
0
0
0
25.1321
0
0
0
0
0
0
0
0
0
0
0
0
0
0
0
0
0
0
0
0
0
0
0
0
0
0
0
0
0
0
0
0
0
0
0
0
0
0
0
0
0
0
0
0
0
0
0
0
0
0
0
0
0
0
0
0
0
0
0
-0.77257
-0.79129
-0.79227
-0.79317
-0.82413
-0.76657
-0.78389
-0.78707
-0.8192
-0.81382
-0.79157
-0.77229
-0.81713
-0.77309
-0.77126
-0.75497
-0.75464
-0.74089
-0.84822
-0.79213
-0.79214
-0.75239
-0.74368
-0.78156
-0.80184
-0.77219
-0.77227
-0.73141
0
0
0
0
0
0
0
0
0
0
0
0
0
0
0
0
0
0
0
0
0
0
0
0
0
24.1497
0
0
0
0
0
0
0
0
0
0
0
0
0
0
0
0
0
0
-2.242
0
0
0
0
0
0
0
0
0
0
0
0
0
0
0
0
0
0
0
0
0
0
0
0
0
0
0
0
0
0
0
0
0
0
0
0
0
0
0
-0.84704
-0.8585
-0.8595
-0.86044
-0.8931
-0.84221
-0.85135
-0.85486
-0.88784
-0.88232
-0.85949
-0.83973
-0.88648
-0.84054
-0.83867
-0.82187
-0.8215
-0.80714
-0.91808
-0.86116
-0.86115
-0.81914
-0.81294
-0.84921
-0.87157
-0.83981
-0.83988
-0.79777
0
0
0
0
0
0
0
0
0
0
0
0
0
0
0
0
0
0
0
0
0
0
0
0
0
0
23.8233
0
0
0
0
0
0
0
0
0
0
0
0
0
0
0
0
0
0
0
0
0
0
0
0
0
0
0
0
0
0
0
0
0
0
0
0
0
0
0
0
0
0
0
0
0
0
0
0
0
0
0
0
0
0
0
0
0
-0.85174
-0.86271
-0.86373
-0.86464
-0.89752
-0.84649
-0.85561
-0.85905
-0.89207
-0.88653
-0.86368
-0.84407
-0.891
-0.84489
-0.843
-0.82623
-0.82582
-0.81145
-0.92232
-0.86576
-0.86577
-0.82376
-0.81759
-0.85375
-0.87625
-0.84425
-0.84432
0
0
0
0
0
0
0
0
0
0
0
0
0
0
0
0
0
0
0
0
0
0
0
0
0
0
0
0
23.144
0
0
0
0
0
0
0
0
0
0
0
0
0
0
0
0
0
0
0
0
0
0
0
0
0
0
0
0
0
0
0
0
0
0
0
0
0
0
0
0
0
0
0
0
0
0
0
0
0
0
0
0
0
0
0
0
-0.87279
-0.88795
-0.88898
-0.88992
-0.91536
-0.87066
-0.8789
-0.88271
-0.91629
-0.91067
-0.88742
-0.86682
-0.90735
-0.86764
-0.86573
-0.84828
-0.84813
-0.83368
-0.94128
-0.87836
-0.87838
-0.84383
-0.83677
-0.87402
0
-0.86432
-0.86441
0
0
0
0
0
0
0
0
0
0
0
0
0
0
0
0
0
0
0
0
0
0
0
0
0
0
0
0
0
28.4659
0
0
0
0
0
0
0
0
0
0
0
0
0
0
0
0
0
0
0
0
0
0
0
0
0
0
0
0
0
0
0
0
0
0
0
0
0
0
0
0
0
0
0
0
0
0
0
0
0
0
0
0
0
-5.6452
0
-0.85768
-0.87155
-0.87256
-0.87349
-0.89807
-0.85439
-0.8624
-0.86583
-0.89914
-0.89357
-0.87051
-0.84978
-0.8901
-0.85062
-0.84871
-0.83172
-0.83154
-0.81754
-0.92243
-0.86108
-0.86108
-0.82845
0
-0.85736
0
0
0
0
0
0
0
0
0
0
0
0
0
0
0
0
0
0
0
0
0
0
0
0
0
0
0
0
0
0
0
0
0
25.4747
0
0
0
0
0
0
0
0
0
0
0
0
0
0
0
0
0
0
0
0
0
0
0
0
0
0
0
0
0
0
0
0
0
0
0
0
0
0
0
0
0
0
-5.6051
0
0
0
0
0
0
0
0
0
0
0
-1.1135
-1.133
-1.1341
-1.1351
-1.1661
-1.1193
-1.1287
-1.1341
-1.1702
-1.1642
-1.1392
-1.1178
-1.1556
-1.1187
-1.1166
-1.0976
-1.0975
-1.082
-1.2003
0
0
0
0
0
0
0
0
0
0
0
0
0
0
0
0
0
0
0
0
0
0
0
0
0
0
0
0
0
0
0
0
0
0
0
0
0
0
0
31.5817
0
0
0
0
0
0
0
0
0
0
0
0
0
0
0
0
0
0
0
0
0
0
0
0
0
0
0
0
0
0
0
0
-5.029
0
0
0
0
0
0
0
0
0
0
0
0
0
-5.029
0
0
0
0
0
0
-1.1624
-1.1964
-1.1976
-1.1986
-1.2237
-1.1747
-1.1861
-1.1923
-1.2291
-1.223
-1.1975
-1.1763
-1.2149
-1.1772
-1.1751
-1.1547
-1.1543
-1.138
0
0
0
0
0
0
0
0
0
0
0
0
0
0
0
0
0
0
0
0
0
0
0
0
0
0
0
0
0
0
0
0
0
0
0
0
0
0
0
0
0
36.0773
0
0
0
0
0
0
0
0
0
-3.7714
0
0
0
0
0
0
0
0
0
0
0
0
0
0
0
0
0
0
0
0
0
0
0
0
0
0
0
0
0
0
0
0
0
0
-5.4671
0
0
0
0
0
0
-5.4671
-0.83667
-0.92556
-0.9266
-0.92755
-0.9765
-0.90906
-0.91882
-0.92396
-0.95778
-0.9521
-0.92871
-0.90702
-0.95529
-0.90786
-0.90593
-0.88858
-0.88868
-0.87439
-0.98649
0
0
0
0
0
0
0
0
0
0
0
0
0
0
0
0
0
0
0
0
0
0
0
0
0
0
0
0
0
0
0
0
0
0
0
0
0
0
0
0
0
21.1852
0
0
0
0
0
0
0
0
0
0
0
0
0
0
0
0
-3.6877
0
0
0
0
0
0
0
0
0
0
0
0
0
0
0
0
0
0
0
0
0
0
0
0
0
0
0
0
0
0
0
0
0
0
-1.1384
-1.1478
-1.1489
-1.1499
-1.1864
-1.1305
-1.1403
-1.1466
-1.1822
-1.1762
-1.1516
-1.1279
-1.1804
-1.1288
-1.1268
-1.108
-1.1079
0
0
0
0
0
0
0
0
0
0
0
0
0
0
0
0
0
0
0
0
0
0
0
0
0
0
0
0
0
0
0
0
0
0
0
0
0
0
0
0
0
0
0
0
19.4786
0
0
0
0
0
0
0
0
0
0
0
0
0
0
0
0
0
0
0
0
0
0
0
0
0
0
0
0
0
0
0
0
0
0
0
0
0
0
0
0
0
0
0
0
0
0
0
0
0
0
-1.2222
-1.2336
-1.2347
-1.2357
-1.2723
-1.2158
-1.225
-1.2317
-1.268
-1.2619
-1.2368
-1.213
0
-1.2139
-1.2118
-1.1926
0
0
0
0
0
0
0
0
0
0
0
0
0
0
0
0
0
0
0
0
0
0
0
0
0
0
0
0
0
0
0
0
0
0
0
0
0
0
0
0
0
0
0
0
0
0
18.469
0
0
0
0
0
0
0
0
0
0
0
0
0
0
0
0
0
0
0
0
0
0
0
0
0
0
0
0
0
0
0
0
0
0
0
0
0
0
0
0
0
0
0
0
0
0
0
0
0
-1.172
-1.1826
-1.1837
-1.1847
-1.2231
-1.1668
-1.1754
-1.1819
-1.2177
-1.2117
-1.187
-1.1632
0
-1.164
-1.162
0
0
0
0
0
0
0
0
0
0
0
0
0
0
0
0
0
0
0
0
0
0
0
0
0
0
0
0
0
0
0
0
0
0
0
0
0
0
0
0
0
0
0
0
0
0
0
0
16.5757
0
0
0
0
0
0
0
0
0
0
0
0
0
0
0
0
0
0
0
0
0
0
0
0
0
0
0
0
0
0
0
0
0
0
0
0
0
0
0
0
0
0
0
0
0
0
0
0
-1.2841
-1.3006
-1.3017
-1.3027
-1.3301
-1.2841
-1.2925
-1.2995
-1.336
-1.3298
-1.3046
0
0
0
0
0
0
0
0
0
0
0
0
0
0
0
0
0
0
0
0
0
0
0
0
0
0
0
0
0
0
0
0
0
0
0
0
0
0
0
0
0
0
0
0
0
0
0
0
0
0
0
0
0
20.004
0
0
0
0
0
0
0
0
0
0
0
0
0
0
0
0
0
0
0
0
0
0
0
0
0
0
0
0
0
0
0
0
0
0
0
0
0
-5.6384
0
0
0
0
0
0
0
0
0
-1.4198
-1.4303
-1.4314
-1.4325
-1.4719
-1.4149
-1.424
-1.4308
-1.4677
-1.4615
-1.436
0
0
0
0
0
0
0
0
0
0
0
0
0
0
0
0
0
0
0
0
0
0
0
0
0
0
0
0
0
0
0
0
0
0
0
0
0
0
0
0
0
0
0
0
0
0
0
0
0
0
0
0
0
0
15.8207
0
0
0
0
0
0
0
0
0
0
0
0
0
0
0
0
0
0
0
0
0
0
0
0
0
0
0
0
0
0
0
0
0
0
0
0
0
0
0
0
0
0
0
0
0
0
-1.8277
-1.8337
-1.8348
-1.8359
-1.8742
-1.8221
-1.8303
0
0
0
0
0
0
0
0
0
0
0
0
0
0
0
0
0
0
0
0
0
0
0
0
0
0
0
0
0
0
0
0
0
0
0
0
0
0
0
0
0
0
0
0
0
0
0
0
0
0
0
0
0
0
0
0
0
0
0
12.8588
0
0
0
0
0
0
0
0
0
0
0
0
0
0
0
0
0
0
0
0
0
0
0
0
0
0
0
0
0
0
0
0
0
0
0
0
0
0
0
0
0
0
0
0
0
-1.9088
-1.9179
-1.919
-1.9201
-1.9552
-1.9049
-1.9138
0
0
0
0
0
0
0
0
0
0
0
0
0
0
0
0
0
0
0
0
0
0
0
0
0
0
0
0
0
0
0
0
0
0
0
0
0
0
0
0
0
0
0
0
0
0
0
0
0
0
0
0
0
0
0
0
0
0
0
0
13.4398
0
0
0
0
0
0
0
0
0
0
0
0
0
0
0
0
0
0
0
0
0
0
0
0
0
0
0
0
0
0
0
0
0
0
0
0
0
0
0
0
0
0
0
0
-2.6899
-2.7057
-2.7069
-2.708
0
0
0
0
0
0
0
0
0
0
0
0
0
0
0
0
0
0
0
0
0
0
0
0
0
0
0
0
0
0
0
0
0
0
0
0
0
0
0
0
0
0
0
0
0
0
0
0
0
0
0
0
0
0
0
0
0
0
0
0
0
0
0
0
16.3848
0
0
0
0
0
0
0
0
0
0
0
0
0
0
0
0
0
0
0
0
0
0
0
0
0
0
0
0
0
-5.5743
0
0
0
0
0
0
0
0
0
0
0
0
0
0
0
0
0
0
0
0
0
0
0
0
0
0
0
0
0
0
0
0
0
0
0
0
0
0
0
0
0
0
0
0
0
0
0
0
0
0
0
0
0
0
0
0
0
0
0
0
0
0
0
0
0
0
0
0
0
0
0
0
-3.7714
0
0
0
0
0
0
0
0
0
17.2505
0
-3.5257
0
0
-4.0856
0
0
0
0
0
0
0
0
0
0
0
0
0
0
0
0
0
0
0
0
0
0
0
0
0
0
0
0
0
0
0
0
0
0
-5.8678
0
0
-2.7488
-2.7353
-2.7366
-2.7377
0
0
0
0
0
0
0
0
0
0
0
0
0
0
0
0
0
0
0
0
0
0
0
0
0
0
0
0
0
0
0
0
0
0
0
0
0
0
0
0
0
0
0
0
0
0
0
0
0
0
0
0
0
0
0
0
0
0
0
0
0
0
0
0
0
0
10.9584
0
0
0
0
0
0
0
0
0
0
0
0
0
0
0
0
0
0
0
0
0
0
0
0
0
0
0
0
0
0
0
0
0
0
0
0
0
0
0
0
0
-2.7594
0
0
0
0
0
0
0
0
0
0
0
0
0
0
0
0
0
0
0
0
0
0
0
0
0
0
0
0
0
0
0
0
0
0
0
0
0
0
0
0
0
0
0
0
0
0
0
0
0
0
0
0
0
0
0
0
0
0
0
0
0
0
0
0
0
0
0
0
-3.5257
0
14.5372
0
0
0
0
0
0
0
-3.9245
0
0
0
0
-4.3276
0
0
0
0
0
0
0
0
0
0
0
0
0
0
0
0
0
0
0
0
0
0
0
0
0
0
0
0
0
0
0
0
-2.4548
0
0
0
0
0
0
0
0
0
0
0
0
0
0
0
0
0
0
0
0
0
0
0
0
0
0
0
0
0
0
0
0
0
0
0
0
0
0
0
0
0
0
0
0
0
0
0
-2.242
0
0
0
0
0
0
0
0
0
0
0
0
0
0
0
0
0
0
10.8761
-2.7247
0
0
-3.4546
0
0
0
0
0
0
0
0
0
0
0
0
0
0
0
0
0
0
0
0
0
0
0
0
0
0
0
0
0
0
0
0
0
0
0
-3.7941
0
0
0
0
0
0
0
0
0
0
0
0
0
0
0
0
0
0
0
0
0
0
0
0
0
0
0
0
0
0
0
0
0
0
0
0
0
0
0
0
0
0
0
0
0
0
0
0
0
0
0
0
0
0
0
0
0
0
0
0
0
0
0
0
0
0
0
0
0
0
0
-2.7247
16.6024
-4.1731
0
0
0
0
0
0
0
0
0
0
0
0
0
-5.9104
0
0
0
0
0
0
0
0
0
0
0
0
0
0
0
0
0
0
0
0
0
0
0
0
0
0
0
0
0
0
0
0
0
0
0
0
0
0
0
0
0
0
0
0
0
0
0
0
0
0
0
0
0
0
0
0
0
0
0
0
0
0
0
-4.83
0
0
0
0
0
0
0
0
0
0
0
0
0
0
0
0
0
0
0
0
0
0
0
0
0
0
0
0
-4.0856
0
0
0
-4.1731
13.0887
0
0
0
0
0
0
0
0
0
0
0
0
0
0
0
0
0
0
0
0
0
0
0
0
0
0
0
0
0
0
0
0
0
0
0
0
0
0
0
0
0
0
0
0
0
0
0
0
0
0
0
0
0
0
0
0
0
0
-4.2066
0
0
0
0
0
0
0
0
0
0
0
0
0
0
0
0
0
0
0
0
-4.1022
0
0
0
0
0
0
0
0
0
0
0
0
0
0
0
0
0
0
0
0
0
0
0
0
0
0
0
0
0
0
0
0
13.8099
0
0
0
0
0
0
0
0
0
0
0
0
0
0
0
0
0
0
0
0
-5.5012
0
0
0
0
0
0
0
0
0
0
0
0
0
0
0
0
0
0
0
0
0
0
0
0
0
0
0
0
0
0
0
0
0
0
0
0
0
0
0
0
0
0
0
0
0
0
0
0
0
0
0
0
0
0
0
0
0
0
0
0
0
0
0
0
0
-2.1916
0
0
0
0
0
0
0
0
0
0
0
0
0
0
0
0
0
0
0
0
0
-3.4546
0
0
0
6.5675
0
0
0
0
0
0
0
0
0
0
0
0
0
0
0
0
0
0
0
0
0
0
0
0
0
0
0
0
0
0
-0.92129
0
0
0
0
-4.8658
0
0
0
0
0
0
0
0
0
0
0
0
0
0
0
0
0
0
0
0
0
0
0
0
0
0
0
0
0
0
0
0
0
0
0
0
0
0
0
0
0
0
0
0
0
0
0
0
0
0
0
0
0
0
0
0
0
0
0
-3.6877
0
0
0
0
0
0
0
0
0
0
0
0
0
0
0
0
10.0301
0
0
0
0
0
0
0
0
0
0
0
0
0
0
0
0
0
0
0
0
0
0
0
0
0
0
0
0
-1.4766
0
0
0
0
0
0
0
0
0
0
0
0
0
0
0
0
0
-2.8814
0
0
0
0
0
0
0
0
0
0
0
0
0
0
0
0
0
0
0
0
0
0
0
0
0
0
0
0
0
0
0
0
0
0
0
0
0
0
0
0
0
0
0
0
0
0
0
0
0
0
0
0
0
0
0
0
0
0
0
0
0
0
0
0
0
11.5354
-3.4582
0
0
0
0
0
0
0
0
0
0
0
0
0
0
-5.1958
0
0
0
0
0
0
0
0
0
0
0
0
0
0
0
0
0
0
0
0
0
0
0
0
0
0
0
0
0
0
0
0
0
0
0
0
0
0
0
0
0
0
0
0
0
0
-4.3087
0
0
0
0
0
0
0
0
0
0
0
0
0
0
0
0
0
0
0
0
0
0
0
0
0
0
0
0
0
0
0
0
0
0
0
0
0
0
0
0
0
-3.9245
0
0
0
0
0
0
-3.4582
11.6913
0
0
0
0
0
0
0
0
0
0
0
0
0
0
0
0
0
0
0
0
0
0
0
0
0
0
0
0
0
0
0
0
0
0
0
0
0
0
0
0
0
0
0
0
0
0
0
0
0
0
0
0
0
0
0
0
0
0
0
0
-2.6654
0
0
0
0
0
0
0
0
0
0
0
0
0
0
0
0
0
0
0
0
0
0
0
0
0
0
0
0
0
0
0
0
0
0
0
0
0
0
0
0
0
0
0
0
0
0
0
0
0
0
0
6.2576
0
-3.5922
0
0
0
0
0
0
0
0
0
0
0
0
0
0
0
0
0
0
0
0
0
0
0
0
0
0
0
0
0
0
0
0
0
0
0
0
0
0
0
0
0
0
0
0
0
0
0
0
0
0
0
0
0
0
0
0
0
0
0
0
0
0
0
0
0
0
-2.8302
0
0
0
0
0
0
0
0
0
0
0
0
0
0
0
0
0
0
0
0
0
0
0
0
0
0
0
0
0
0
0
0
0
0
0
0
0
0
0
0
0
0
0
6.3573
-3.5271
0
0
0
0
0
0
0
0
0
0
0
0
0
0
0
0
0
0
0
0
0
0
0
0
0
0
0
0
0
0
0
0
0
0
0
0
0
0
0
0
0
0
0
0
0
0
0
0
0
0
0
0
0
0
0
0
0
0
0
0
0
0
0
0
0
0
0
0
0
0
0
0
0
0
0
0
0
0
0
0
0
0
0
0
0
0
0
0
0
0
0
0
0
0
0
0
0
0
0
0
0
0
0
0
0
0
0
0
0
-3.5922
-3.5271
7.1193
0
0
0
0
0
0
0
0
0
0
0
0
0
0
0
0
0
0
0
0
0
0
0
0
0
0
0
0
0
0
0
0
0
0
0
0
0
0
0
0
0
0
0
0
0
0
0
0
0
0
0
0
0
0
0
0
0
0
0
0
0
0
0
0
0
0
0
0
0
0
0
0
0
0
0
0
-3.9794
0
0
0
0
0
0
0
0
0
0
0
0
0
0
0
0
0
0
0
0
0
0
0
0
0
0
0
0
0
0
0
0
0
0
0
8.318
0
0
-4.3386
0
0
0
0
0
0
0
0
0
0
0
0
0
0
0
0
0
0
0
0
0
0
0
0
0
0
0
0
0
0
0
0
0
0
0
0
0
0
0
0
0
0
0
0
0
0
0
0
0
0
0
0
0
0
0
0
0
0
0
0
0
0
0
0
0
0
0
0
0
-5.1606
0
0
0
0
0
0
0
0
0
0
0
0
0
0
0
0
0
0
0
0
0
0
0
0
0
0
-4.3276
0
0
0
0
0
0
0
0
0
0
0
0
9.4882
0
0
0
0
0
0
0
0
0
0
0
0
0
0
0
0
0
0
0
0
0
0
0
0
0
0
0
0
0
0
0
0
0
0
0
0
0
0
0
0
0
0
0
0
0
0
0
0
0
-4.1645
0
0
0
0
0
0
0
0
0
0
0
0
0
0
0
0
0
0
0
0
0
0
0
0
0
0
0
0
0
0
0
0
0
0
0
0
0
0
0
0
0
0
0
0
0
0
0
0
0
0
0
0
0
0
0
0
0
0
0
0
0
0
8.4011
-4.2366
0
0
0
0
0
0
0
0
0
0
0
0
0
0
0
0
0
0
0
0
0
0
0
0
0
0
0
0
0
0
0
0
0
0
0
0
0
0
0
0
0
0
0
0
0
0
0
0
0
0
0
0
0
0
0
0
0
0
0
0
0
0
0
0
0
0
0
0
0
0
0
0
0
0
0
0
0
0
0
0
0
0
0
0
0
0
0
0
0
0
0
0
0
0
0
0
0
0
0
0
0
0
0
0
0
0
0
0
-4.3386
0
-4.2366
8.5752
0
0
0
0
0
0
0
0
0
0
0
0
0
0
0
0
0
0
0
0
0
0
0
0
0
0
0
0
0
0
0
0
0
0
0
0
0
0
0
0
0
0
0
0
0
0
0
0
0
0
0
0
0
0
0
0
0
-8.4307
0
0
0
0
0
0
0
0
0
0
0
0
0
0
0
0
0
0
0
0
0
0
0
0
0
0
0
0
0
0
0
0
0
0
0
0
0
0
0
0
0
0
0
0
0
0
0
0
0
0
0
0
0
0
8.4307
0
0
0
0
0
0
0
0
0
0
0
0
0
0
0
0
0
0
0
0
0
0
0
0
0
0
0
0
0
0
0
0
0
0
0
0
0
0
0
0
0
0
0
0
0
0
0
0
0
0
0
0
0
0
0
0
0
0
0
0
0
0
0
0
0
0
0
0
0
0
0
0
0
0
0
0
0
0
0
0
0
0
0
0
0
0
0
0
0
0
0
0
0
0
0
0
0
-5.9104
0
0
0
0
0
0
0
0
0
0
0
0
0
0
5.9104
0
0
0
0
0
0
0
0
0
0
0
0
0
0
0
0
0
0
0
0
0
0
0
0
0
0
0
0
0
0
0
0
0
0
0
0
0
0
0
0
0
0
0
0
0
0
0
0
0
0
0
0
0
0
0
0
0
0
0
0
-6.1135
0
0
0
0
0
0
0
0
0
0
0
0
0
0
0
0
0
0
0
0
0
0
0
0
0
0
0
0
0
0
0
0
0
0
0
0
0
0
0
0
0
0
0
0
0
0
0
0
0
0
0
6.1135
0
0
0
0
0
0
0
0
0
0
0
0
0
0
0
0
0
0
0
0
0
0
0
0
0
0
0
0
0
0
0
0
0
0
0
0
0
0
0
0
0
0
0
0
0
0
0
0
0
0
0
0
0
0
0
0
-6.9285
0
0
0
0
0
0
0
0
0
0
0
0
0
0
0
0
0
0
0
0
0
0
0
0
0
0
0
0
0
0
0
0
0
0
0
0
0
0
0
0
0
0
0
0
0
0
0
0
0
0
0
0
0
0
0
6.9285
0
0
0
0
0
0
0
0
0
0
0
0
0
0
0
0
0
0
0
0
0
0
0
0
0
0
0
0
0
0
0
0
0
0
0
0
0
0
0
0
0
0
0
0
0
0
0
0
0
0
0
0
0
0
0
0
0
0
0
0
0
0
0
0
0
0
0
0
0
0
0
0
0
0
0
0
0
0
0
-5.029
0
0
0
0
0
0
0
0
0
0
0
0
0
0
0
0
0
0
0
0
0
0
0
0
0
0
0
0
0
0
0
0
5.029
0
0
0
0
0
0
0
0
0
0
0
0
0
0
0
0
0
0
0
0
0
0
0
0
-9.6886
0
0
0
0
0
0
0
0
0
0
0
0
0
0
0
0
0
0
0
0
0
0
0
0
0
0
0
0
0
0
0
0
0
0
0
0
0
0
0
0
0
0
0
0
0
0
0
0
0
0
0
0
0
0
0
0
0
0
0
0
0
0
0
0
0
0
0
0
0
0
0
0
0
0
0
0
0
0
0
0
0
0
0
0
0
0
0
9.6886
0
0
0
0
0
0
0
0
0
0
0
0
0
0
0
0
0
0
0
0
0
0
0
0
0
0
0
0
0
0
0
0
0
0
0
0
0
0
0
-8.3753
0
0
0
0
0
0
0
0
0
0
0
0
0
0
0
0
0
0
0
0
0
0
0
0
0
0
0
0
0
0
0
0
0
0
0
0
0
0
0
0
0
0
0
0
0
0
0
0
0
0
0
0
0
0
0
0
0
0
0
0
0
0
0
0
0
0
0
0
0
0
0
0
8.3753
0
0
0
0
0
0
0
0
0
0
0
0
0
0
0
0
0
0
0
0
0
0
0
0
0
0
0
0
0
0
0
0
0
0
0
0
0
0
0
0
0
0
0
0
0
0
0
0
0
0
0
0
0
0
0
0
0
0
0
0
0
0
0
0
0
0
0
0
0
0
0
0
0
0
0
0
0
0
0
0
0
0
0
0
0
0
0
0
0
0
0
0
0
0
0
0
-5.1958
0
0
0
0
0
0
0
0
0
0
0
0
0
0
0
5.1958
0
0
0
0
0
0
0
0
0
0
0
0
0
0
0
0
0
0
0
0
0
0
0
0
0
0
0
0
0
0
0
0
0
0
0
0
-8.3752
0
0
0
0
0
0
0
0
0
0
0
0
0
0
0
0
0
0
0
0
0
0
0
0
0
0
0
0
0
0
0
0
0
0
0
0
0
0
0
0
0
0
0
0
0
0
0
0
0
0
0
0
0
0
0
0
0
0
0
0
0
0
0
0
0
0
0
0
0
0
0
0
0
0
0
8.3752
0
0
0
0
0
0
0
0
0
0
0
0
0
0
0
0
0
0
0
0
0
0
0
0
0
0
0
0
0
0
0
0
0
0
0
0
0
0
0
0
0
0
0
0
0
0
0
0
0
0
0
0
0
0
0
0
0
0
0
0
0
0
0
0
0
0
0
0
0
0
0
0
0
0
0
0
0
0
0
0
0
0
0
0
0
0
0
0
0
0
0
-5.5012
0
0
0
0
0
0
0
0
0
0
0
0
0
0
0
0
0
0
0
0
5.5012
0
0
0
0
0
0
0
0
0
0
0
0
0
0
0
0
0
0
0
0
0
0
0
0
0
0
0
0
0
0
0
0
0
0
0
0
0
0
0
0
0
0
0
0
0
0
0
-8.4307
0
0
0
0
0
0
0
0
0
0
0
0
0
0
0
0
0
0
0
0
0
0
0
0
0
0
0
0
0
0
0
0
0
0
0
0
0
0
0
0
0
0
0
0
0
0
0
0
0
0
0
0
0
0
0
0
0
0
0
0
0
0
0
0
8.4307
0
0
0
0
0
0
0
0
0
0
0
0
0
0
0
0
0
0
0
0
0
0
0
0
0
0
0
0
0
0
0
0
0
0
0
0
0
0
0
0
0
0
0
0
0
0
0
0
0
0
0
0
0
0
0
0
0
0
0
0
0
0
0
0
0
0
0
0
0
0
0
0
0
0
0
0
0
0
0
0
0
0
-5.5743
0
0
0
0
0
0
0
0
0
0
0
0
0
0
0
0
0
0
0
0
0
0
0
0
0
0
0
0
0
5.5743
0
0
0
0
0
0
0
0
0
0
0
0
0
0
0
0
0
0
0
0
0
0
0
0
0
0
0
0
0
0
0
0
0
0
0
0
0
0
0
0
0
0
0
0
-7.7471
0
0
0
0
0
0
0
0
0
0
0
0
0
0
0
0
0
0
0
0
0
0
0
0
0
0
0
0
0
0
0
0
0
0
0
0
0
0
0
0
0
0
0
0
0
0
0
0
0
0
0
0
0
0
0
0
0
0
0
0
0
0
0
0
0
0
0
7.7471
0
0
0
0
0
0
0
0
0
0
0
0
0
0
0
0
0
0
0
0
0
0
0
0
0
0
0
0
0
0
0
0
0
0
0
0
0
0
0
0
0
0
0
0
0
0
0
0
0
0
0
0
0
0
0
0
0
0
0
0
0
0
0
0
0
0
0
0
0
-5.6051
0
0
0
0
0
0
0
0
0
0
0
0
0
0
0
0
0
0
0
0
0
0
0
0
0
0
0
0
0
0
0
0
0
0
0
0
0
0
0
0
0
0
5.6051
0
0
0
0
0
0
0
0
0
0
0
0
0
0
0
0
0
0
0
0
0
0
0
0
0
0
0
0
0
-8.6577
0
0
0
0
0
0
0
0
0
0
0
0
0
0
0
0
0
0
0
0
0
0
0
0
0
0
0
0
0
0
0
0
0
0
0
0
0
0
0
0
0
0
0
0
0
0
0
0
0
0
0
0
0
0
0
0
0
0
0
0
0
0
0
0
0
0
0
0
0
0
0
0
0
0
0
0
0
0
0
0
0
0
8.6577
0
0
0
0
0
0
0
0
0
0
0
0
0
0
0
0
0
0
0
0
0
0
0
0
0
0
0
0
0
0
0
0
0
0
0
0
0
0
0
0
0
0
0
0
0
0
0
0
0
0
0
0
0
0
0
0
0
0
0
0
0
0
0
0
0
0
0
0
0
0
0
0
0
0
-5.6384
0
0
0
0
0
0
0
0
0
0
0
0
0
0
0
0
0
0
0
0
0
0
0
0
0
0
0
0
0
0
0
0
0
0
0
0
0
5.6384
0
0
0
0
0
0
0
0
0
0
0
0
0
0
0
0
0
0
0
0
0
0
0
0
0
0
0
0
0
0
0
0
0
-7.9401
0
0
0
0
0
0
0
0
0
0
0
0
0
0
0
0
0
0
0
0
0
0
0
0
0
0
0
0
0
0
0
0
0
0
0
0
0
0
0
0
0
0
0
0
0
0
0
0
0
0
0
0
0
0
0
0
0
0
0
0
0
0
0
0
0
0
0
0
0
0
0
0
0
0
0
0
0
0
7.9401
0
0
0
0
0
0
0
0
0
0
0
0
0
0
0
0
0
0
0
0
0
0
0
0
0
0
0
0
0
0
0
0
0
0
0
0
0
0
0
0
0
0
0
0
0
0
0
0
0
0
0
0
0
0
0
0
0
0
0
0
0
0
0
0
0
0
0
-5.4671
0
0
0
0
0
0
0
0
0
0
0
0
0
0
0
0
0
0
0
0
0
0
0
0
0
0
0
0
0
0
0
0
0
0
0
0
0
0
0
0
0
0
0
0
5.4671
0
0
0
0
0
0
0
0
0
0
0
0
0
0
0
0
0
0
0
0
0
0
0
0
0
0
0
0
0
0
0
0
0
0
0
0
0
0
0
0
0
0
0
0
0
0
0
0
0
0
0
0
0
0
0
0
0
0
0
0
0
0
0
0
0
-5.029
0
0
0
0
0
0
0
0
0
0
0
0
0
0
0
0
0
0
0
0
0
0
0
0
0
0
0
0
0
0
0
0
0
0
0
0
0
0
0
0
0
0
0
0
0
0
5.029
0
0
0
0
0
0
0
0
0
0
0
0
0
0
0
0
0
0
0
0
0
0
0
0
0
0
0
0
0
0
0
0
0
0
0
0
0
0
0
0
0
0
0
0
0
0
0
0
0
0
0
0
0
0
0
0
0
0
0
0
0
0
0
0
0
0
0
0
0
0
0
0
0
0
0
0
0
0
0
0
0
0
0
-1.4766
0
0
0
0
0
0
0
0
0
0
0
0
0
0
0
0
0
0
0
0
0
0
0
0
0
0
0
0
1.4766
0
0
0
0
0
0
0
0
0
0
0
0
0
0
0
0
0
0
0
0
0
0
0
0
0
0
0
0
0
0
0
0
0
0
0
0
0
0
0
0
0
0
0
0
0
0
0
0
0
0
0
0
0
0
0
0
0
0
0
0
0
0
0
0
0
0
0
0
0
0
0
0
0
0
0
0
0
0
0
0
0
-0.92129
0
0
0
0
0
0
0
0
0
0
0
0
0
0
0
0
0
0
0
0
0
0
0
0
0
0
0
0
0
0
0.92129
0
0
0
0
0
0
0
0
0
0
0
0
0
0
0
0
-9.2697
0
0
0
0
0
0
0
0
0
0
0
0
0
0
0
0
0
0
0
0
0
0
0
0
0
0
0
0
0
0
0
0
0
0
0
0
0
0
0
0
0
0
0
0
0
0
0
0
0
0
0
0
0
0
0
0
0
0
0
0
0
0
0
0
0
0
0
0
0
0
0
0
0
0
0
0
0
0
0
0
0
0
0
0
0
0
0
0
0
0
0
0
0
0
0
9.2697
0
0
0
0
0
0
0
0
0
0
0
0
0
0
0
0
0
0
0
0
0
0
0
0
0
0
0
0
0
0
0
0
0
0
0
0
0
0
0
0
0
0
0
0
0
0
0
0
0
0
0
0
0
0
0
0
0
0
0
0
0
0
0
0
0
0
0
0
0
0
0
0
-5.8678
0
0
0
0
0
0
0
0
0
0
0
0
0
0
0
0
0
0
0
0
0
0
0
0
0
0
0
0
0
0
0
0
0
0
0
0
0
0
0
5.8678
0
0
0
0
0
0
0
0
0
0
0
0
0
0
0
0
0
0
0
0
0
0
0
0
0
0
0
0
0
0
0
0
0
0
0
0
0
0
0
0
0
0
0
0
0
0
0
0
0
0
0
0
0
0
0
0
0
0
-5.6452
0
0
0
0
0
0
0
0
0
0
0
0
0
0
0
0
0
0
0
0
0
0
0
0
0
0
0
0
0
0
0
0
0
0
0
0
0
0
0
0
0
0
0
0
0
0
0
0
0
0
0
0
0
5.6452
0
0
0
0
0
0
0
0
0
0
0
0
0
0
0
0
0
0
0
0
0
0
0
0
0
0
0
0
0
0
0
0
0
0
0
0
0
0
0
0
0
0
0
0
0
0
0
0
0
0
0
0
0
0
0
0
0
0
0
0
-5.4671
0
0
0
0
0
0
0
0
0
0
0
0
0
0
0
0
0
0
0
0
0
0
0
0
0
0
0
0
0
0
0
0
0
0
0
0
0
0
0
0
0
0
0
0
0
0
0
0
0
0
0
5.4671
