1
0.98286
0.97614
0.97198
0.96979
0.96807
0.96674
0.96584
0.96514
0.96467
0.9643
0.96414
0.96404
0.96411
0.96423
0.96299
0.96202
0.96139
0.9609
0.96055
0.96022
0.95985
0.95941
0.9589
0.95831
0.95768
0.95699
0.95626
0.95548
0.95465
0.95377
0.95287
0.95195
0.95101
0.95007
0.94912
0.94818
0.94722
0.94627
0.94532
0.94438
0.94345
0.94252
0.94159
0.94066
0.93974
0.93883
0.93793
0.93704
0.93616
0.93528
0.93442
0.93357
0.93273
0.93191
0.9311
0.9303
0.92951
0.92873
0.92797
0.92722
0.92648
0.92576
0.92504
0.92434
0.92365
0.92298
0.92232
0.92167
0.92104
0.92043
0.91982
0.91924
0.91866
0.9181
0.91755
0.91701
0.91649
0.91597
0.91547
0.91497
0.91449
0.91403
0.91357
0.91313
0.9127
0.91229
0.91189
0.91151
0.91114
0.91078
0.91042
0.91007
0.90972
0.90936
0.90901
0.90866
0.90831
0.90796
0.90762
0.90728
0.90694
0.9066
0.90627
0.90593
0.9056
0.90527
0.90494
0.9046
0.90426
0.90392
0.90357
0.90322
0.90287
0.90251
0.90214
0.90177
0.9014
0.90102
0.90063
0.90024
0.89985
0.89945
0.89905
0.89865
0.89824
0.89784
0.89743
0.89702
0.8966
0.89619
0.89578
0.89537
0.89497
0.89456
0.89415
0.89375
0.89334
0.89293
0.89252
0.89211
0.89169
0.89127
0.89085
0.89042
0.88999
0.88956
0.88912
0.88868
0.88824
0.88779
0.88734
0.88689
0.88643
0.88597
0.88551
0.88504
0.88456
0.88408
0.88358
0.88308
0.88257
0.88204
0.88151
0.88096
0.88041
0.87985
0.87928
0.87871
0.87813
0.87756
0.87698
0.8764
0.87583
0.87526
0.87469
0.87414
0.87358
0.87304
0.8725
0.87197
0.87145
0.87093
0.87043
0.86993
0.86945
0.86897
0.8685
0.86805
0.86759
0.86715
0.86672
0.8663
0.86588
0.86547
0.86507
0.86467
0.86428
0.8639
0.86352
0.86314
0.86277
0.86241
0.86205
0.86169
0.86134
0.86099
0.86064
0.8603
0.85996
0.85962
0.85929
0.85896
0.85864
0.85832
0.858
0.85769
0.85738
0.85708
0.85678
0.85649
