1
0.98285
0.9774
0.97423
0.97314
0.97232
0.97169
0.97093
0.97042
0.96989
0.9695
0.96901
0.96872
0.96828
0.96803
0.96659
0.96534
0.96405
0.9629
0.96174
0.96066
0.95957
0.95851
0.95747
0.95647
0.95553
0.95464
0.95378
0.95293
0.95209
0.95126
0.95045
0.94966
0.94889
0.94817
0.94749
0.94685
0.94626
0.94572
0.94522
0.94476
0.94435
0.94398
0.94364
0.94333
0.94305
0.9428
0.94257
0.94237
0.9422
0.94205
0.94191
0.94179
0.94167
0.94154
0.94138
0.94117
0.94091
0.94055
0.9401
0.93953
0.93883
0.938
0.93705
0.93599
0.93486
0.9337
0.93255
0.93143
0.93038
0.92941
0.92851
0.92771
0.92698
0.92633
0.92574
0.92522
0.92475
0.92434
0.92397
0.92364
0.92336
0.92311
0.92289
0.9227
0.92254
0.92241
0.92231
0.92222
0.92216
0.92211
0.92208
0.92205
0.92203
0.92202
0.922
0.92198
0.92196
0.92194
0.92192
0.92188
0.92185
0.9218
0.92175
0.92169
0.92162
0.92155
0.92146
0.92137
0.92127
0.92117
0.92106
0.92095
0.92083
0.92071
0.92058
0.92045
0.92032
0.92018
0.92004
0.9199
0.91976
0.91962
0.91948
0.91934
0.9192
0.91906
0.91892
0.91878
0.91865
0.91851
0.91838
0.91825
0.91813
0.918
0.91788
0.91776
0.91765
0.91753
0.91742
0.91731
0.9172
0.9171
0.91699
0.91688
0.91678
0.91668
0.91658
0.91647
0.91637
0.91627
0.91618
0.91608
0.91599
0.9159
0.91581
0.91572
0.91564
0.91555
0.91547
0.91539
0.91531
0.91522
0.91514
0.91506
0.91497
0.91489
0.9148
0.91472
0.91463
0.91455
0.91446
0.91438
0.91429
0.9142
0.91412
0.91403
0.91394
0.91386
0.91377
0.91369
0.9136
0.91352
0.91344
0.91336
0.91328
0.91321
0.91313
0.91306
0.91299
0.91293
0.91286
0.9128
0.91274
0.91269
0.91263
0.91258
0.91253
0.91249
0.91244
0.9124
0.91236
0.91232
0.91228
0.91225
0.91221
0.91218
0.91214
0.91211
0.91207
0.91204
0.912
0.91197
0.91193
0.9119
0.91187
0.91183
0.9118
0.91176
0.91173
0.9117
