1
0.95594
0.94727
0.93902
0.93431
0.93011
0.92717
0.92447
0.92243
0.91711
0.91218
0.91232
0.91229
0.91219
0.90769
0.90364
0.90015
0.89691
0.89397
0.89116
0.8885
0.88589
0.88332
0.88077
0.87823
0.87569
0.87312
0.87054
0.86792
0.86526
0.86254
0.85977
0.85695
0.85407
0.85113
0.84815
0.84514
0.8421
0.83902
0.83588
0.83269
0.82946
0.82621
0.82295
0.8197
0.8165
0.81337
0.81032
0.80735
0.80449
0.80172
0.79905
0.79647
0.79398
0.79156
0.78923
0.78696
0.78476
0.78262
0.78054
0.7785
0.7765
0.77454
0.77259
0.77067
0.76877
0.76689
0.76502
0.76316
0.76131
0.75947
0.75763
0.7558
0.75398
0.75215
0.75034
0.74852
0.74671
0.7449
0.74309
0.74128
0.73948
0.73768
0.73588
0.73409
0.7323
0.73052
0.72874
0.72697
0.7252
0.72344
0.72168
0.71993
0.71817
0.71641
0.71464
0.71286
0.71107
0.70925
0.7074
0.70554
0.70365
0.70174
0.69983
0.69793
0.69605
0.6942
0.69239
0.69063
0.68891
0.68725
0.68562
0.68404
0.6825
0.68099
0.67952
0.67808
0.67666
0.67527
