1
0.96301
0.94487
0.9343
0.92728
0.91695
0.90813
0.90004
0.89228
0.88495
0.87837
0.87274
0.868
0.86401
0.86062
0.85773
0.85522
0.85303
0.85109
0.84935
0.84776
0.84622
0.84464
0.84299
0.84126
0.8395
0.83783
0.83634
0.83515
0.8344
0.8342
0.83469
0.83606
0.83855
0.84231
0.84724
0.85309
0.85951
0.86608
0.87224
0.87743
0.88125
0.88371
0.88529
0.88673
0.88871
0.8915
0.89501
0.899
0.90318
0.90733
0.91129
0.91497
0.91829
0.92125
0.92383
0.92609
0.92812
0.93002
0.93191
0.9339
0.93602
0.93826
0.9406
0.94297
0.94532
0.94761
0.94979
0.9518
0.95362
0.95516
0.95638
0.9572
0.95753
0.9573
0.95641
0.95477
0.95227
0.94883
0.94439
0.93903
0.93301
0.92674
0.92073
0.91535
0.91073
0.90684
0.90354
0.9007
0.89823
0.89606
0.89416
0.89254
0.89122
0.89024
0.8896
0.88931
0.88935
0.8897
0.89032
0.89117
0.89221
0.89341
0.89471
0.89609
0.89751
0.89896
0.9004
0.90184
0.90325
0.90464
0.90599
0.9073
0.90857
0.90981
0.91103
0.91222
0.9134
0.91457
0.91574
0.91691
0.91812
0.91934
0.9206
0.9219
0.92324
0.92461
0.92602
0.92745
0.9289
0.93036
0.93183
0.93329
0.93475
0.93618
0.9376
0.93899
0.94035
0.94167
0.94297
0.94422
0.94544
0.94662
0.94776
0.94886
0.94993
0.95096
0.95196
0.95293
0.95387
0.95478
0.95568
0.95655
0.9574
0.95822
0.95902
0.95979
0.96054
0.96125
0.96194
0.96259
0.9632
