1
0.97599
0.97204
0.96866
0.96581
0.96335
0.96123
0.95935
0.95788
0.95664
0.95555
0.95469
0.954
0.95109
0.94839
0.9459
0.94355
0.94138
0.93932
0.93736
0.93546
0.93362
0.93184
0.93012
0.92844
0.92682
0.92524
0.92372
0.92224
0.92082
0.91945
0.91813
0.91687
0.91565
0.91448
0.91335
0.91224
0.91117
0.91012
0.90911
0.90814
0.9072
0.9063
0.90544
0.90461
0.90381
0.90303
0.90227
0.90153
0.90082
0.90012
0.89944
0.89878
0.89813
0.89751
0.8969
0.8963
0.89572
0.89515
0.8946
0.89406
0.89353
0.89302
0.89252
0.89202
0.89154
0.89107
0.89061
0.89016
0.88973
0.88929
0.88887
0.88846
0.88805
0.88765
0.88726
0.88687
0.88649
0.88612
0.88575
0.88539
0.88503
0.88468
0.88433
0.88399
0.88364
0.8833
0.88297
0.88263
0.88229
0.88196
0.88162
0.88128
0.88093
0.88057
0.88021
0.87984
0.87945
0.87905
0.87864
0.87821
0.87776
0.8773
0.87681
0.87631
0.87578
0.87523
0.87467
0.87409
0.87348
0.87286
0.87223
0.87158
0.87093
0.87027
0.8696
0.86893
0.86826
0.86759
0.86693
0.86628
0.86563
0.865
0.86438
0.86376
0.86316
0.86258
0.862
0.86144
0.86089
0.86036
0.85983
0.85932
0.85882
0.85833
0.85785
0.85737
0.85691
0.85646
0.85601
0.85557
0.85514
0.85471
0.85429
0.85387
0.85346
0.85306
0.85266
0.85226
0.85187
0.85148
0.8511
0.85072
0.85034
0.84996
0.84959
0.84922
0.84885
0.84849
0.84813
0.84777
0.84742
0.84706
0.84672
0.84637
0.84603
0.84569
0.84535
0.84502
0.84468
0.84435
0.84402
0.8437
0.84337
0.84305
0.84272
0.8424
0.84208
0.84175
0.84143
0.84111
0.84079
0.84047
0.84014
0.83982
0.8395
0.83918
0.83886
0.83854
0.83822
0.8379
0.83758
0.83727
0.83695
0.83663
0.83632
0.83601
0.8357
0.83539
