1
0.97641
0.97245
0.969
0.96619
0.96376
0.9617
0.95985
0.95855
0.95736
0.95639
0.9555
0.95478
0.95194
0.9492
0.94657
0.94401
0.94155
0.93914
0.93677
0.93444
0.93215
0.92991
0.92773
0.92562
0.92358
0.92162
0.91974
0.91793
0.9162
0.91454
0.91296
0.91144
0.91
0.90861
0.90728
0.90599
0.90474
0.90353
0.90237
0.90124
0.90016
0.89913
0.89816
0.89723
0.89634
0.89549
0.89467
0.89389
0.89315
0.89243
0.89174
0.89107
0.89042
0.88979
0.88917
0.88857
0.88798
0.88739
0.88681
0.88623
0.88565
0.88506
0.88448
0.88388
0.88328
0.88266
0.88204
0.88139
0.88073
0.88004
0.87934
0.87861
0.87786
0.87709
0.8763
0.87551
0.87471
0.87391
0.87312
0.87235
0.8716
0.87087
0.87017
0.86949
0.86885
0.86824
0.86766
0.86711
0.86659
0.86609
0.86563
0.86518
0.86477
0.86438
0.86401
0.86367
0.86334
0.86304
0.86276
0.8625
0.86226
0.86203
0.86182
0.86163
0.86145
0.86128
0.86112
0.86097
0.86083
0.86071
0.86059
0.86047
0.86037
0.86027
0.86017
0.86008
0.85999
0.8599
0.85982
0.85973
0.85965
0.85956
0.85948
0.85939
0.85929
0.8592
0.8591
0.85899
0.85889
0.85878
0.85866
0.85854
0.85842
0.85829
0.85816
0.85802
0.85788
0.85773
0.85757
0.85742
0.85725
0.85708
0.85691
0.85672
0.85654
0.85634
0.85614
0.85593
0.85572
0.85549
0.85526
0.85502
0.85477
0.85451
0.85424
0.85396
0.85367
0.85336
0.85305
0.85272
0.85238
0.85202
0.85165
0.85126
0.85086
0.85044
0.84999
0.84953
0.84904
0.84853
0.848
0.84744
0.84687
0.84626
0.84564
0.845
0.84435
0.84369
0.84302
0.84236
0.8417
0.84105
0.84041
0.83978
0.83917
0.83858
0.838
0.83744
0.8369
0.83637
0.83586
0.83536
0.83487
0.8344
0.83394
0.83349
0.83305
0.83262
