1
0.95419
0.94344
0.93651
0.93181
0.92763
0.92683
0.92523
0.92483
0.92359
0.9233
0.92225
0.92225
0.92208
0.91914
0.91651
0.91459
0.91276
0.91128
0.90983
0.9085
0.9072
0.90599
0.90478
0.90365
0.90256
0.90147
0.90043
0.8994
0.89842
0.89744
0.8965
0.89554
0.89462
0.89373
0.8929
0.89212
0.89141
0.89077
0.89018
0.88962
0.88908
0.88855
0.88803
0.88752
0.88706
0.88667
0.88635
0.8861
0.88594
0.88588
0.88591
0.88604
0.88627
0.88659
0.88701
0.88753
0.88814
0.88884
0.88964
0.89053
0.89151
0.89259
0.89378
0.89509
0.89652
0.89808
0.89978
0.90161
0.90356
0.90562
0.90774
0.90985
0.91182
0.91355
0.91488
0.91572
0.916
0.91571
0.91496
0.91397
0.91295
0.91208
0.91146
0.91109
0.91094
0.91098
0.91122
0.91161
0.91215
0.91281
0.91357
0.91441
0.9153
0.91624
0.9172
0.91816
0.91912
0.92007
0.92101
0.92195
0.92288
0.92383
