1
0.96806
0.96079
0.95858
0.95518
0.95329
0.95152
0.9497
0.94788
0.94641
0.94512
0.94241
0.93972
0.93709
0.93448
0.93198
0.92948
0.92703
0.92461
0.92222
0.91995
0.91768
0.91554
0.91341
0.91139
0.90941
0.90756
0.90576
0.90408
0.90246
0.90093
0.89943
0.89794
0.89643
0.89491
0.89335
0.89177
0.89014
0.88847
0.88677
0.88503
0.88326
0.88145
0.8796
0.87773
0.87582
0.87389
0.87194
0.86997
0.86798
0.86599
0.86401
0.86206
0.86018
0.85838
0.85668
0.8551
0.85365
0.85233
0.85115
0.85012
0.84924
0.84848
0.84781
0.84721
0.84662
0.84602
0.84537
0.84467
0.8439
0.84306
0.84217
0.84123
0.84025
0.83924
0.83822
0.83718
0.83615
0.83512
0.83412
0.83314
0.8322
0.8313
0.83045
0.82965
0.8289
0.8282
0.82755
0.82695
0.82638
0.82585
0.82535
0.82487
0.82442
0.82398
0.82357
0.82319
0.82284
0.82254
0.82228
0.82208
0.82194
0.82185
0.82182
0.82183
0.82187
0.82192
0.82198
0.82202
0.82204
0.82201
0.82195
0.82184
0.82168
0.82148
0.82124
0.82097
0.82067
0.82035
0.82002
0.81967
0.81933
0.81899
0.81867
0.81836
0.81807
0.8178
0.81755
0.81731
0.8171
0.8169
0.81671
0.81653
0.81635
0.81616
0.81597
0.81575
0.81552
0.81528
