1
0.965
0.94847
0.93659
0.92893
0.92374
0.9196
0.91621
0.91355
0.91132
0.90953
0.90262
0.89636
0.89051
0.885
0.87986
0.87515
0.87091
0.86712
0.86378
0.86085
0.85828
0.85607
0.8542
0.85264
0.85131
0.85015
0.84913
0.84821
0.84738
0.84664
0.846
0.84545
0.84501
0.84471
0.84456
0.84457
0.84476
0.84512
0.84565
0.84633
0.84715
0.84809
0.84914
0.85027
0.85146
0.85269
0.85396
0.85525
0.85657
0.8579
0.85925
0.86061
0.86199
0.86337
0.86476
0.86612
0.86747
0.86878
0.87004
0.87125
0.87238
0.87345
0.87443
0.87532
0.8761
0.87677
0.87731
0.8777
0.87793
0.87797
0.87782
0.87745
0.87687
0.87607
0.8751
0.87399
0.8728
0.87158
0.87041
0.86934
0.86843
0.86772
0.86724
0.86701
0.86701
0.86722
0.8676
0.8681
0.86867
0.86929
0.86991
0.87053
0.87111
0.87166
0.87217
0.87262
0.87303
0.87338
0.87368
0.87391
0.87409
0.87421
0.87426
0.87423
0.87412
0.87393
0.87364
0.87328
0.87284
0.87235
0.87183
0.87126
0.87068
0.87007
0.86946
0.86883
0.8682
0.86756
0.86692
0.86627
0.86563
0.86498
0.86433
0.86368
0.86305
