1
0.92323
0.89215
0.87251
0.85702
0.84529
0.82418
0.80586
0.79032
0.77677
0.76452
0.75289
0.74217
0.7323
0.72306
0.71383
0.70501
0.69666
0.68889
0.68134
0.67384
0.66651
0.66013
0.65494
0.65097
0.64759
0.64442
0.64063
0.63558
0.62919
0.62319
0.61842
0.61451
0.61056
0.60614
0.60081
0.59482
0.58893
0.58414
0.58059
0.57821
0.57637
0.57455
0.57218
0.56895
0.56496
0.56143
0.55945
0.5587
0.5586
0.55884
0.55921
0.55962
0.55999
0.56024
0.56029
0.56004
0.55941
0.55838
0.55693
0.55512
0.55305
0.55087
0.54884
0.54723
0.54611
0.5454
0.54495
0.54466
0.54444
0.54424
0.54402
0.54372
0.54331
0.54276
0.54209
0.54134
0.54057
0.53983
0.53914
0.53847
0.5378
0.53712
0.5364
0.53564
0.53485
0.53401
0.53313
0.53221
0.53126
0.53025
0.52919
0.52808
0.5269
0.52564
0.52431
0.52291
0.52146
0.51994
0.5184
0.51684
0.51527
0.51369
0.51214
0.51059
0.50907
0.50758
0.50613
0.50472
0.50338
0.50209
0.50085
0.49966
0.49851
0.49738
0.49627
0.49515
0.49402
0.49287
0.49169
0.49048
0.48924
0.48799
0.48672
0.48544
0.48416
0.4829
0.48165
0.48043
0.47924
0.47808
0.47697
0.4759
0.47488
0.47392
0.47302
0.47218
0.47141
0.4707
0.47006
0.46949
0.46898
0.46854
0.46816
0.46783
0.46756
0.46734
0.46717
0.46703
0.46693
0.46687
0.46683
0.46682
0.46683
0.46686
0.46691
0.46697
0.46704
0.46712
0.46721
0.4673
0.4674
0.46751
0.46762
0.46773
0.46785
0.46797
0.4681
0.46823
0.46837
0.46851
0.46867
0.46883
0.469
0.46918
0.46937
0.46956
0.46977
0.46998
0.4702
0.47043
0.47067
0.47091
0.47115
0.4714
0.47164
0.47189
0.47214
0.4724
0.47265
0.4729
0.47315
0.47341
0.47366
0.4739
0.47415
0.47438
0.47462
0.47485
0.47508
0.4753
0.47552
0.47573
0.47594
0.47614
0.47634
0.47653
0.47672
0.4769
0.47708
0.47726
0.47743
0.4776
0.47776
0.47792
0.47808
0.47824
0.47839
0.47854
0.47869
0.47884
0.47899
0.47913
0.47927
0.47941
0.47955
0.47968
0.47982
0.47995
0.48008
0.4802
0.48033
0.48045
0.48057
0.48068
0.48079
0.4809
0.481
0.48111
0.48121
0.4813
0.48139
0.48147
0.48155
0.48163
0.48171
0.48177
0.48184
0.4819
0.48195
0.482
0.48205
0.48209
0.48213
0.48217
0.4822
0.48223
0.48226
0.48228
0.48231
0.48232
0.48234
0.48235
0.48236
0.48237
0.48238
0.48238
0.48238
0.48238
0.48237
0.48237
0.48235
0.48234
0.48232
0.4823
0.48228
0.48225
0.48222
0.48219
0.48216
0.48212
0.48208
0.48204
0.482
0.48195
0.4819
0.48185
0.48179
0.48174
0.48167
0.48161
0.48155
0.48148
0.48141
0.48133
0.48125
0.48117
0.48108
0.48099
0.4809
0.4808
0.48071
0.48061
0.4805
0.4804
0.48029
0.48018
0.48006
0.47995
0.47983
0.47972
0.4796
0.47948
0.47936
0.47923
0.47911
0.47898
0.47886
0.47873
0.47861
0.47848
0.47836
0.47823
0.47811
0.47798
0.47785
0.47773
0.47761
0.47748
0.47736
0.47724
0.47712
0.477
0.47688
0.47677
0.47665
0.47654
0.47643
0.47631
0.4762
0.47609
0.47598
0.47587
0.47576
0.47565
0.47553
0.47543
0.47532
0.47521
0.47511
0.475
0.47489
0.47479
0.47468
0.47457
0.47447
0.47436
0.47426
0.47415
0.47404
0.47394
0.47383
0.47372
0.47361
0.4735
0.47339
0.47329
0.47317
0.47306
0.47295
0.47284
0.47272
0.4726
0.47249
0.47237
0.47224
0.47212
0.472
0.47187
0.47175
0.47162
0.47148
0.47135
0.47122
0.47108
0.47094
0.4708
0.47065
0.47051
0.47036
0.47021
0.47006
0.46991
0.46975
0.46959
0.46944
0.46928
0.46912
0.46895
0.46879
0.46862
0.46845
0.46828
0.46811
0.46794
0.46776
0.46758
0.4674
0.46722
0.46704
0.46686
0.46668
0.46649
0.4663
0.46611
0.46592
0.46573
0.46554
0.46534
0.46515
0.46495
0.46476
0.46456
0.46436
0.46417
0.46397
0.46378
0.46359
0.4634
0.46322
0.46303
0.46285
0.46267
0.4625
0.46232
0.46215
0.46198
0.46181
0.46165
0.46149
0.46134
0.46119
0.46104
0.4609
0.46076
0.46062
0.46049
0.46036
0.46023
0.46011
0.45999
0.45987
0.45976
0.45964
0.45954
0.45944
0.45934
0.45924
0.45915
0.45906
0.45897
0.45888
0.4588
0.45873
0.45865
0.45857
0.4585
0.45842
0.45836
0.45829
0.45823
0.45817
0.45811
0.45805
0.458
0.45794
0.45789
0.45784
0.4578
0.45775
0.45771
0.45767
0.45763
0.45759
0.45755
0.45751
0.45748
0.45745
0.45742
0.45739
0.45736
0.45734
0.45731
0.45729
0.45726
0.45724
0.45722
0.4572
0.45719
0.45717
0.45715
0.45714
0.45713
0.45711
0.4571
0.45709
0.45708
0.45707
0.45706
0.45706
0.45705
0.45704
0.45704
0.45704
0.45703
0.45703
0.45703
0.45703
0.45703
0.45703
0.45703
0.45703
0.45703
0.45704
0.45705
0.45706
0.45706
0.45707
0.45708
0.45709
0.4571
0.45712
0.45713
0.45715
0.45717
0.45718
0.45721
0.45723
0.45725
0.45728
0.4573
0.45733
0.45736
0.45739
0.45742
0.45746
0.45749
0.45754
0.45758
0.45762
0.45766
0.4577
0.45775
0.45779
0.45783
0.45788
0.45791
0.45795
0.45799
0.45803
0.45806
0.4581
0.45813
0.45816
0.45819
0.45822
0.45825
0.45828
0.4583
0.45833
0.45835
0.45837
0.45839
0.45841
0.45843
0.45845
0.45847
0.45849
0.4585
0.45852
0.45853
0.45855
0.45856
0.45857
0.45859
0.4586
0.45861
0.45863
0.45864
0.45865
0.45867
0.45867
0.45868
0.45869
0.45871
0.45872
0.45873
0.45874
0.45875
0.45876
0.45877
0.45878
0.45879
0.4588
0.45881
0.45882
0.45883
0.45885
0.45886
0.45887
0.45889
0.4589
0.45892
0.45893
0.45894
0.45896
0.45897
0.45899
0.45901
0.45903
0.45904
0.45906
0.45908
0.4591
0.45912
0.45914
0.45916
0.45919
0.45921
0.45923
0.45926
0.45928
0.4593
0.45933
0.45936
0.45938
0.45941
0.45944
0.45946
0.45949
0.45952
0.45955
0.45958
0.45961
0.45964
0.45967
0.45971
0.45974
0.45977
0.45981
0.45984
0.45987
0.45991
0.45994
0.45998
0.46001
0.46005
0.46009
0.46013
0.46016
0.4602
0.46024
0.46028
0.46032
0.46035
0.46039
0.46043
0.46046
0.46049
0.46052
0.46055
0.46058
0.4606
0.46062
0.46064
0.46065
0.46067
0.46068
0.46068
0.46068
0.46068
0.46066
0.46065
0.46064
0.46062
0.46059
0.46056
0.46052
0.46049
0.46045
0.4604
0.46035
0.4603
0.46025
0.46019
0.46014
0.46007
0.46001
0.45994
0.45988
0.45981
0.45974
0.45967
0.45961
0.45954
0.45947
0.4594
0.45934
0.45927
0.4592
0.45914
0.45907
0.459
0.45894
0.45887
0.45881
0.45875
0.45868
0.45862
0.45856
0.4585
0.45844
0.45838
0.45832
0.45826
0.4582
0.45814
0.45808
0.45802
0.45797
0.45791
0.45785
0.4578
0.45774
0.45769
0.45763
0.45758
0.45753
0.45747
0.45742
0.45737
0.45731
0.45726
0.45721
0.45716
0.45711
0.45706
0.45701
0.45696
0.45691
0.45686
