76.9748
-0.86189
-0.88821
-0.877
-0.8466
-0.85638
-0.83992
-0.82792
-0.84174
-0.82473
-0.81454
-0.83428
-0.83428
-0.8063
-0.81608
-0.80601
-0.88275
-0.82199
-0.8318
-0.82814
-0.83999
-0.82039
-0.82132
-0.83952
-0.8267
-0.78802
-0.76683
-0.76722
-0.80214
-0.81776
-0.83171
-0.80172
-0.75282
-0.83054
-0.78476
-0.79369
-0.79059
-0.77531
-0.77652
-0.77552
-0.77543
-0.78459
-0.73891
-0.74577
-0.79204
-0.77626
-0.77426
-0.78222
-0.79739
-0.77541
-0.78158
-0.80481
-0.78843
-0.81453
-0.84014
-0.74665
-0.84702
-0.80428
-0.92387
-1.1241
-0.88957
-0.97623
-1.1229
-1.2177
-1.7861
-1.6342
-1.8478
-1.8786
0
0
0
0
0
0
0
0
0
0
0
0
0
0
0
0
0
0
0
-4.0052
0
0
0
0
0
0
0
0
0
0
0
0
0
0
0
0
0
0
0
0
0
0
-4.9014
0
0
0
0
0
0
0
0
0
0
0
0
-8.5538
-0.86189
65.0911
-0.8911
-0.88491
-0.86369
-0.87091
-0.85329
-0.83545
-0.85025
-0.83639
-0.81237
-0.84329
-0.84329
-0.82616
-0.82482
-0.81616
-0.89545
-0.83081
-0.82497
-0.83718
-0.85517
-0.82773
-0.83012
-0.84838
-0.82404
-0.79604
-0.77828
-0.7752
-0.80877
-0.82661
-0.84049
-0.81092
-0.76039
-0.8382
-0.7853
-0.79722
-0.80025
-0.78432
-0.79036
-0.78387
-0.78376
-0.79276
-0.74853
-0.75357
-0.78978
-0.78339
-0.78323
-0.7954
-0.81048
-0.78266
-0.78987
-0.81371
-0.80204
-0.82131
-0.84924
-0.75706
-0.84208
-0.81445
-0.94741
-1.1327
-0.90221
-0.99492
-1.1282
-1.2351
-1.7858
0
0
0
0
0
0
0
0
0
0
0
-3.7043
0
0
0
-3.4726
0
0
0
0
0
0
0
0
0
-3.2105
0
0
0
0
0
0
0
0
0
0
0
0
0
0
0
0
0
0
0
0
0
0
0
0
0
0
0
0
0
0
0
0
0
-0.88821
-0.8911
62.0119
-0.91159
-0.89128
-0.897
-0.87874
-0.86472
-0.87814
-0.86415
-0.85019
-0.86918
-0.86918
-0.86369
-0.85193
-0.84276
-0.92429
-0.85683
-0.85744
-0.86332
-0.8889
-0.85328
-0.85637
-0.87644
-0.86665
-0.8222
-0.80406
-0.80026
-0.83652
-0.85342
-0.86698
-0.83674
-0.78529
-0.86774
-0.81255
-0.82389
-0.82602
-0.81087
-0.81363
-0.80934
-0.80924
-0.81871
-0.7739
-0.77829
-0.81654
-0.80622
-0.80912
-0.82163
-0.83726
-0.80843
-0.81533
-0.84117
-0.82849
-0.84668
-0.87836
-0.78272
-0.86925
-0.84034
-0.97073
-1.1629
-0.93108
-1.0226
-1.1622
-1.2591
-1.8296
-1.8065
0
0
0
0
0
0
0
-3.7606
0
0
0
0
0
0
0
0
0
0
0
0
0
0
0
0
0
0
0
0
0
0
0
0
0
0
0
0
0
0
0
0
0
0
0
0
0
0
0
0
0
0
0
0
0
0
0
0
0
0
-0.877
-0.88491
-0.91159
60.9659
-0.88103
-0.88437
-0.86657
-0.85389
-0.86563
-0.85198
-0.83944
-0.85806
-0.85806
-0.85176
-0.84122
-0.83231
-0.91462
-0.84564
-0.85071
-0.85207
-0.88066
-0.84363
-0.845
-0.8653
-0.85595
-0.81098
-0.79305
-0.78929
-0.82513
-0.84195
-0.8554
-0.82608
-0.77437
-0.84422
-0.80018
-0.81282
-0.81392
-0.79979
-0.80203
-0.79803
-0.79793
-0.80706
-0.76278
-0.76725
-0.80585
-0.79548
-0.79798
-0.81035
-0.82515
-0.79711
-0.80398
-0.83003
-0.81724
-0.83809
-0.8672
-0.77199
-0.85911
-0.83031
-0.96039
-1.151
-0.92358
-1.0109
-1.148
-1.2498
-1.8141
-1.7859
0
0
0
0
0
0
0
0
0
0
0
0
0
-3.4386
0
0
0
0
0
0
0
0
0
0
0
0
0
0
0
0
0
0
0
0
0
0
0
0
0
0
0
0
0
0
0
0
0
0
0
0
0
0
0
0
0
0
0
0
-0.8466
-0.86369
-0.89128
-0.88103
70.1224
-0.86479
-0.85016
-0.83212
-0.84596
-0.82805
-0.81815
-0.83703
-0.83703
-0.83227
-0.81984
-0.80488
-0.88323
-0.82513
-0.83136
-0.83171
-0.84915
-0.8227
-0.82473
-0.84402
-0.82878
-0.79151
-0.77237
-0.77056
-0.80494
-0.81899
-0.83668
-0.80382
-0.75594
-0.82973
-0.78734
-0.79348
-0.79351
-0.77783
-0.78601
-0.77927
-0.77917
-0.78478
-0.74581
-0.74929
-0.79308
-0.78026
-0.7774
-0.78891
-0.80218
-0.78205
-0.7851
-0.80736
-0.79546
-0.81654
-0.8434
-0.74285
-0.84289
-0.80595
-0.93516
-1.1131
-0.88918
-0.9905
-1.1067
-1.1969
0
0
0
0
0
0
0
0
0
0
0
0
0
0
0
0
0
0
0
0
0
0
0
0
0
0
0
0
0
0
0
0
0
0
0
0
0
0
-4.6634
0
0
0
0
0
0
0
-4.9466
0
0
0
0
0
0
0
0
0
0
0
-7.9628
0
-0.85638
-0.87091
-0.897
-0.88437
-0.86479
59.6466
-0.85076
-0.83933
-0.85053
-0.82623
-0.82291
-0.84181
-0.8418
-0.83527
-0.82464
-0.8141
-0.89297
-0.82952
-0.83598
-0.83598
-0.86432
-0.82782
-0.82905
-0.84879
-0.83906
-0.79553
-0.77726
-0.7739
-0.80929
-0.82525
-0.83949
-0.81034
-0.75916
-0.84089
-0.78395
-0.79982
-0.79988
-0.78375
-0.78645
-0.78259
-0.78248
-0.79094
-0.74729
-0.75214
-0.78971
-0.78515
-0.78205
-0.79418
-0.80989
-0.78155
-0.78845
-0.81372
-0.80093
-0.82191
-0.85022
-0.75365
-0.84617
-0.81406
-0.94059
-1.1333
-0.90093
-0.99417
-1.1298
-1.2292
-1.793
-1.7601
0
0
0
0
0
0
-3.1691
0
0
0
0
0
0
0
0
0
0
0
0
0
0
0
0
0
0
0
0
0
0
0
0
0
0
0
0
0
0
0
0
0
0
0
0
0
0
0
0
0
0
0
0
0
0
0
0
0
0
0
-0.83992
-0.85329
-0.87874
-0.86657
-0.85016
-0.85076
57.2691
-0.82123
-0.83109
-0.8215
-0.80637
-0.82499
-0.82498
-0.82386
-0.80695
-0.79882
-0.87929
-0.81293
-0.81852
-0.8194
-0.83743
-0.81162
-0.81268
-0.83146
-0.82717
-0.77949
-0.76164
-0.75841
-0.79325
-0.80976
-0.82325
-0.79434
-0.74385
-0.83328
-0.76814
-0.78361
-0.78367
-0.76895
-0.77032
-0.76703
-0.76693
-0.77561
-0.72978
-0.73682
-0.77402
-0.76829
-0.76668
-0.77835
-0.79364
-0.76587
-0.77275
-0.7983
-0.78495
-0.8064
-0.83442
-0.74054
-0.82953
-0.79832
-0.92264
-1.1138
-0.88481
-0.96799
-1.1117
-1.2098
-1.7701
-1.7302
-1.8481
0
0
0
0
0
0
0
0
0
0
0
0
0
0
0
0
0
0
0
0
0
0
0
0
0
0
0
0
0
0
0
0
0
0
0
0
0
0
0
0
0
0
0
0
0
0
0
0
0
0
0
0
0
0
0
0
0
-0.82792
-0.83545
-0.86472
-0.85389
-0.83212
-0.83933
-0.82123
58.2563
-0.8198
-0.80221
-0.78944
-0.80748
-0.80748
-0.80218
-0.78922
-0.78054
-0.86113
-0.79513
-0.7995
-0.80144
-0.80717
-0.79036
-0.79428
-0.81236
-0.80336
-0.76201
-0.7434
-0.74063
-0.77469
-0.79138
-0.80281
-0.7754
-0.72606
-0.80337
-0.74975
-0.76194
-0.76447
-0.75076
-0.75541
-0.74901
-0.74892
-0.75831
-0.71571
-0.71931
-0.75124
-0.75017
-0.74848
-0.75995
-0.775
-0.74825
-0.75479
-0.7802
-0.76632
-0.78191
-0.8157
-0.72482
-0.80575
-0.77814
-0.90996
-1.092
-0.86755
-0.95836
0
0
-1.7488
0
0
0
-1.9547
0
0
-2.4919
0
0
0
0
0
0
0
0
0
0
0
0
0
0
0
0
-3.5612
0
0
0
0
0
0
0
0
0
0
0
0
0
0
0
0
0
0
0
0
0
0
0
0
0
0
0
0
0
0
0
0
0
0
0
-0.84174
-0.85025
-0.87814
-0.86563
-0.84596
-0.85053
-0.83109
-0.8198
58.3909
-0.81183
-0.80145
-0.8207
-0.8207
-0.81303
-0.80341
-0.79265
-0.87595
-0.80833
-0.81489
-0.81461
-0.84393
-0.80628
-0.80756
-0.82653
-0.81674
-0.77407
-0.75634
-0.75332
-0.78813
-0.80354
-0.81754
-0.78849
-0.7386
-0.78132
-0.75887
-0.77804
-0.77757
-0.76331
-0.76831
-0.76152
-0.76142
-0.77019
-0.72847
-0.73155
-0.76395
-0.76405
-0.76082
-0.77293
-0.78866
-0.76068
-0.76728
-0.79265
-0.77939
-0.8011
-0.82916
-0.73549
-0.82396
-0.79283
-0.92607
-1.1091
-0.8772
-0.97363
-1.1046
-1.2028
-1.767
0
0
0
0
0
0
0
0
0
0
0
0
0
0
0
0
0
0
0
0
0
0
0
0
0
0
0
0
0
0
0
-5.0352
0
0
0
0
0
0
0
0
0
0
0
0
0
0
0
0
0
0
0
0
0
0
0
0
0
0
0
-0.82473
-0.83639
-0.86415
-0.85198
-0.82805
-0.82623
-0.8215
-0.80221
-0.81183
55.9748
-0.78583
-0.80465
-0.80465
-0.80683
-0.78521
-0.77442
-0.85218
-0.79262
-0.79756
-0.79912
-0.81828
-0.7907
-0.79226
-0.80973
-0.80589
-0.75937
-0.74165
-0.73866
-0.77252
-0.78807
-0.80133
-0.77423
-0.72418
-0.81434
-0.74886
-0.76378
-0.76455
-0.74779
-0.75307
-0.74724
-0.74714
-0.75513
-0.71317
-0.71751
-0.75433
-0.75046
-0.74124
-0.75794
-0.77328
-0.7497
-0.75274
-0.77705
-0.7646
-0.78512
-0.81273
-0.71756
-0.80938
-0.77842
-0.90544
-1.0918
-0.8587
-0.95561
-1.0844
-1.1868
0
0
0
0
0
-2.1973
0
0
-3.1106
0
0
0
0
0
0
0
0
0
0
0
0
0
0
0
0
0
0
0
0
0
0
0
0
0
0
0
0
0
0
0
0
0
0
0
0
0
0
0
0
0
0
0
0
0
0
0
0
0
0
0
-0.81454
-0.81237
-0.85019
-0.83944
-0.81815
-0.82291
-0.80637
-0.78944
-0.80145
-0.78583
53.3235
-0.79611
-0.79611
-0.77307
-0.77663
-0.76292
-0.84515
-0.78285
-0.78858
-0.78901
-0.80692
-0.78026
-0.78173
-0.79891
-0.77461
-0.74912
-0.73138
-0.7283
-0.76079
-0.77766
-0.79168
-0.76319
-0.7138
-0.78508
-0.73664
-0.75259
-0.75322
-0.73848
-0.74266
-0.73652
-0.73643
-0.74445
-0.70385
-0.70701
-0.74155
-0.73969
-0.7361
-0.7476
-0.76202
-0.73864
-0.74205
-0.76707
-0.75399
-0.77321
-0.80167
-0.70943
-0.79663
-0.76581
-0.89516
-1.0784
-0.85375
-0.94333
-1.0737
-1.1721
0
0
0
0
0
0
0
0
0
0
0
0
0
0
0
0
-3.3854
0
0
0
0
0
0
0
0
0
0
0
0
0
0
0
0
0
0
0
0
0
0
0
0
0
0
0
0
0
0
0
0
0
0
0
0
0
0
0
0
0
0
0
-0.83428
-0.84329
-0.86918
-0.85806
-0.83703
-0.84181
-0.82499
-0.80748
-0.8207
-0.80465
-0.79611
51.1546
-0.81037
-0.80505
-0.79626
-0.78284
-0.86405
-0.80057
-0.80867
-0.80759
-0.82296
-0.7998
-0.80054
-0.82203
-0.80306
-0.76768
-0.74924
-0.74576
-0.78122
-0.79715
-0.81353
-0.78267
-0.7311
-0.80332
-0.75633
-0.77293
-0.77218
-0.75797
-0.76103
-0.75466
-0.75456
-0.76343
-0.72161
-0.72446
-0.76196
-0.75892
-0.75451
-0.76583
-0.78139
-0.7575
-0.76023
-0.78671
-0.77225
-0.79285
-0.82195
-0.72732
-0.81664
-0.78497
-0.91531
-1.1001
-0.87059
-0.96312
-1.0961
-1.1941
0
0
0
0
0
0
0
0
0
0
0
0
0
0
0
0
0
0
0
0
0
0
0
0
0
0
0
0
0
0
0
0
0
0
0
0
0
0
0
0
0
0
0
0
0
0
0
0
0
0
0
0
0
0
0
0
0
0
0
0
-0.83428
-0.84329
-0.86918
-0.85806
-0.83703
-0.8418
-0.82498
-0.80748
-0.8207
-0.80465
-0.79611
-0.81037
51.1544
-0.80505
-0.79626
-0.78283
-0.86405
-0.80057
-0.80866
-0.80759
-0.82297
-0.79981
-0.80053
-0.82203
-0.80306
-0.76768
-0.74924
-0.74575
-0.78121
-0.79716
-0.81353
-0.78266
-0.73111
-0.80333
-0.75634
-0.77292
-0.77218
-0.75797
-0.76104
-0.75466
-0.75456
-0.76343
-0.7216
-0.72445
-0.76196
-0.75891
-0.75451
-0.76582
-0.78139
-0.7575
-0.76023
-0.78671
-0.77225
-0.79284
-0.82194
-0.72731
-0.81664
-0.78496
-0.91532
-1.1001
-0.87059
-0.96311
-1.0961
-1.1941
0
0
0
0
0
0
0
0
0
0
0
0
0
0
0
0
0
0
0
0
0
0
0
0
0
0
0
0
0
0
0
0
0
0
0
0
0
0
0
0
0
0
0
0
0
0
0
0
0
0
0
0
0
0
0
0
0
0
0
0
-0.8063
-0.82616
-0.86369
-0.85176
-0.83227
-0.83527
-0.82386
-0.80218
-0.81303
-0.80683
-0.77307
-0.80505
-0.80505
55.7892
-0.78525
-0.77927
-0.85789
-0.79286
-0.79855
-0.79898
-0.8201
-0.79005
-0.7918
-0.80838
-0.77911
-0.75924
-0.74131
-0.73824
-0.7716
-0.78858
-0.80087
-0.77272
-0.72378
-0.81865
-0.74534
-0.76149
-0.76313
-0.74817
-0.75017
-0.74683
-0.74673
-0.75567
-0.71327
-0.71708
-0.75011
-0.74975
-0.74621
-0.75782
-0.7716
-0.74914
-0.75241
-0.777
-0.76433
-0.78396
-0.81267
-0.72298
-0.80749
-0.77606
-0.90215
-1.0898
-0.87029
-0.95377
0
0
0
0
0
0
0
0
0
0
0
0
0
0
0
0
0
0
-3.3994
0
0
0
0
0
0
-4.0426
0
0
0
0
0
0
0
0
0
0
0
0
0
0
0
0
0
0
0
0
0
0
0
0
0
0
0
0
0
0
0
0
0
0
0
0
-0.81608
-0.82482
-0.85193
-0.84122
-0.81984
-0.82464
-0.80695
-0.78922
-0.80341
-0.78521
-0.77663
-0.79626
-0.79626
-0.78525
52.7361
-0.76427
-0.84524
-0.7835
-0.7884
-0.78961
-0.78653
-0.78094
-0.78203
-0.78298
-0.78087
-0.74945
-0.73147
-0.72837
-0.76436
-0.77815
-0.79178
-0.76447
-0.71383
-0.7818
-0.73569
-0.7521
-0.75332
-0.73894
-0.74273
-0.73657
-0.73647
-0.74559
-0.704
-0.707
-0.74091
-0.73994
-0.73615
-0.74758
-0.76189
-0.74013
-0.74209
-0.76751
-0.75391
-0.77374
-0.80202
-0.71017
-0.79579
-0.76751
-0.89618
-1.0784
-0.85787
-0.94405
-1.077
0
0
0
0
0
0
0
0
0
0
0
0
0
0
0
0
0
0
0
0
0
0
0
-3.9451
0
0
0
0
0
0
0
0
0
0
0
0
0
0
0
0
0
0
0
0
0
0
0
0
0
0
0
0
0
0
0
0
0
0
0
0
0
-0.80601
-0.81616
-0.84276
-0.83231
-0.80488
-0.8141
-0.79882
-0.78054
-0.79265
-0.77442
-0.76292
-0.78284
-0.78283
-0.77927
-0.76427
54.0447
-0.83402
-0.77159
-0.77665
-0.77791
-0.8003
-0.76869
-0.77154
-0.7889
-0.7728
-0.73888
-0.72143
-0.7186
-0.7525
-0.75911
-0.78099
-0.75309
-0.70437
-0.77309
-0.73025
-0.74758
-0.74665
-0.72781
-0.73277
-0.72686
-0.72677
-0.71509
-0.69466
-0.69763
-0.73388
-0.73125
-0.7236
-0.73744
-0.75453
-0.72952
-0.73221
-0.75583
-0.74429
-0.76169
-0.79098
-0.69503
-0.79225
-0.75617
-0.87683
-1.0652
-0.80263
-0.93288
0
0
0
0
0
0
0
0
0
0
0
0
-3.4016
0
0
-3.5816
0
0
0
0
0
0
0
0
0
0
0
0
0
0
0
0
0
0
0
0
0
0
0
0
0
0
0
0
0
0
0
0
0
0
0
0
0
0
0
0
0
0
0
0
0
0
-0.88275
-0.89545
-0.92429
-0.91462
-0.88323
-0.89297
-0.87929
-0.86113
-0.87595
-0.85218
-0.84515
-0.86405
-0.86405
-0.85789
-0.84524
-0.83402
63.2175
-0.85115
-0.85687
-0.85727
-0.87683
-0.8483
-0.85017
-0.86897
-0.85768
-0.81615
-0.7974
-0.79441
-0.83027
-0.84571
-0.85842
-0.8312
-0.77945
-0.86124
-0.80697
-0.82123
-0.82048
-0.80121
-0.81003
-0.8034
-0.80329
-0.81113
-0.76847
-0.77255
-0.81242
-0.80548
-0.80259
-0.81432
-0.83162
-0.80624
-0.80919
-0.83235
-0.82105
-0.84167
-0.86926
-0.77173
-0.86733
-0.83452
-0.96578
-1.1543
-0.92453
-1.0159
0
0
0
0
0
0
0
0
0
0
0
0
0
0
0
0
0
0
0
0
0
0
0
0
0
0
0
0
0
0
0
0
0
0
0
0
-4.5826
0
0
0
0
0
0
0
0
0
0
0
0
0
0
0
0
-6.7821
0
0
0
0
0
0
0
0
-0.82199
-0.83081
-0.85683
-0.84564
-0.82513
-0.82952
-0.81293
-0.79513
-0.80833
-0.79262
-0.78285
-0.80057
-0.80057
-0.79286
-0.7835
-0.77159
-0.85115
49.1826
-0.79547
-0.79605
-0.81071
-0.78714
-0.78756
-0.80753
-0.79144
-0.75491
-0.73644
-0.73298
-0.7683
-0.78414
-0.79912
-0.76964
-0.71836
-0.79131
-0.74315
-0.75945
-0.75908
-0.7452
-0.74798
-0.74187
-0.74178
-0.75103
-0.70899
-0.7118
-0.7486
-0.74609
-0.74161
-0.75289
-0.76797
-0.74466
-0.74726
-0.77353
-0.75923
-0.77948
-0.80852
-0.71507
-0.80289
-0.77198
-0.90134
-1.0837
-0.86281
-0.9495
-1.082
0
0
0
0
0
0
0
0
0
0
0
0
0
0
0
0
0
0
0
0
0
0
0
0
0
0
0
0
0
0
0
0
0
0
0
0
0
0
0
0
0
0
0
0
0
0
0
0
0
0
0
0
0
0
0
0
0
0
0
0
0
-0.8318
-0.82497
-0.85744
-0.85071
-0.83136
-0.83598
-0.81852
-0.7995
-0.81489
-0.79756
-0.78858
-0.80867
-0.80866
-0.79855
-0.7884
-0.77665
-0.85687
-0.79547
52.0527
-0.80164
-0.81606
-0.7926
-0.79406
-0.81293
-0.79423
-0.76063
-0.74305
-0.73953
-0.77471
-0.79113
-0.80504
-0.77544
-0.72485
-0.7933
-0.75101
-0.76271
-0.76499
-0.75082
-0.7545
-0.74826
-0.74817
-0.75827
-0.71479
-0.71822
-0.75597
-0.74887
-0.74784
-0.75959
-0.77475
-0.75112
-0.75384
-0.77951
-0.766
-0.78496
-0.81449
-0.72584
-0.8043
-0.77756
-0.90806
-1.0899
-0.86962
-0.95533
0
0
0
0
0
0
0
0
0
0
0
0
0
0
-3.6096
0
0
0
0
0
0
0
0
0
0
0
0
0
0
0
0
0
0
0
0
0
0
0
0
0
0
0
0
0
0
0
0
0
0
0
0
0
0
0
0
0
0
0
0
0
0
0
-0.82814
-0.83718
-0.86332
-0.85207
-0.83171
-0.83598
-0.8194
-0.80144
-0.81461
-0.79912
-0.78901
-0.80759
-0.80759
-0.79898
-0.78961
-0.77791
-0.85727
-0.79605
-0.80164
48.4654
-0.81652
-0.7926
-0.79291
-0.81315
-0.79785
-0.76038
-0.74181
-0.73807
-0.774
-0.79067
-0.80379
-0.77616
-0.7235
-0.79974
-0.74889
-0.76654
-0.76491
-0.75157
-0.7535
-0.74747
-0.74737
-0.75689
-0.71449
-0.71722
-0.75421
-0.75205
-0.74728
-0.75875
-0.77395
-0.75036
-0.75293
-0.77959
-0.7651
-0.78528
-0.8148
-0.72338
-0.80891
-0.77794
-0.90755
-1.0899
-0.86937
-0.95542
0
0
0
0
0
0
0
0
0
0
0
0
0
0
0
0
0
0
0
0
0
0
0
0
0
0
0
0
0
0
0
0
0
0
0
0
0
0
0
0
0
0
0
0
0
0
0
0
0
0
0
0
0
0
0
0
0
0
0
0
0
0
-0.83999
-0.85517
-0.8889
-0.88066
-0.84915
-0.86432
-0.83743
-0.80717
-0.84393
-0.81828
-0.80692
-0.82296
-0.82297
-0.8201
-0.78653
-0.8003
-0.87683
-0.81071
-0.81606
-0.81652
60.1725
-0.80702
-0.80919
-0.8083
-0.81631
-0.77567
-0.75548
-0.75466
-0.79018
-0.80504
-0.8164
-0.78827
-0.73939
-0.82029
-0.75806
-0.77824
-0.77721
-0.76426
-0.7689
-0.76246
-0.76235
-0.77233
-0.72929
-0.73236
-0.76214
-0.76331
-0.76134
-0.77157
-0.78749
-0.76599
-0.76822
-0.79307
-0.77789
-0.80069
-0.82871
-0.73827
-0.82548
-0.79174
0
0
0
0
0
0
0
0
0
0
0
0
0
0
0
0
0
0
0
0
0
0
0
0
0
0
0
0
-4.0013
0
-3.5762
-3.4976
0
0
0
0
0
0
0
0
0
0
0
0
0
0
0
0
0
0
0
0
0
0
0
-3.6051
0
0
0
0
0
0
0
0
0
0
-0.82039
-0.82773
-0.85328
-0.84363
-0.8227
-0.82782
-0.81162
-0.79036
-0.80628
-0.7907
-0.78026
-0.7998
-0.79981
-0.79005
-0.78094
-0.76869
-0.8483
-0.78714
-0.7926
-0.7926
-0.80702
48.0649
-0.78436
-0.80552
-0.78913
-0.7515
-0.7332
-0.72947
-0.76518
-0.7811
-0.79471
-0.76703
-0.71499
-0.79254
-0.74082
-0.75725
-0.75589
-0.74295
-0.74488
-0.73886
-0.73876
-0.74689
-0.70634
-0.70877
-0.7408
-0.74211
-0.73842
-0.75001
-0.76498
-0.74185
-0.74425
-0.77039
-0.75638
-0.77091
-0.80572
-0.7147
-0.79926
-0.76816
-0.89809
-1.0786
0
0
0
0
0
0
0
0
-1.9484
0
0
0
0
0
0
0
0
0
0
0
0
0
0
0
0
0
0
0
0
0
0
0
0
0
0
0
0
0
0
0
0
0
0
0
0
0
0
0
0
0
0
0
0
0
0
0
0
0
0
0
0
0
0
0
-0.82132
-0.83012
-0.85637
-0.845
-0.82473
-0.82905
-0.81268
-0.79428
-0.80756
-0.79226
-0.78173
-0.80054
-0.80053
-0.7918
-0.78203
-0.77154
-0.85017
-0.78756
-0.79406
-0.79291
-0.80919
-0.78436
46.2012
-0.80499
-0.79129
-0.75224
-0.73332
-0.72911
-0.76631
-0.78223
-0.79495
-0.76802
-0.71486
-0.79357
-0.74168
-0.76036
-0.757
-0.74498
-0.74552
-0.73984
-0.73974
-0.74934
-0.70694
-0.70932
-0.74634
-0.74407
-0.73943
-0.75104
-0.76608
-0.74261
-0.74505
-0.77181
-0.75732
-0.77787
-0.80731
-0.71612
-0.80115
-0.77007
-0.89951
-1.08
0
0
0
0
0
0
0
0
0
0
0
0
0
0
0
0
0
0
0
0
0
0
0
0
0
0
0
0
0
0
0
0
0
0
0
0
0
0
0
0
0
0
0
0
0
0
0
0
0
0
0
0
0
0
0
0
0
0
0
0
0
0
0
0
-0.83952
-0.84838
-0.87644
-0.8653
-0.84402
-0.84879
-0.83146
-0.81236
-0.82653
-0.80973
-0.79891
-0.82203
-0.82203
-0.80838
-0.78298
-0.7889
-0.86897
-0.80753
-0.81293
-0.81315
-0.8083
-0.80552
-0.80499
50.1204
-0.80675
-0.77062
-0.7518
-0.74899
-0.786
-0.80059
-0.81531
-0.78591
-0.73299
-0.80992
-0.75648
-0.77429
-0.77425
-0.76089
-0.7635
-0.75718
-0.75708
-0.76703
-0.72389
-0.72654
-0.76168
-0.76124
-0.75692
-0.76866
-0.78338
-0.76088
-0.76253
-0.78932
-0.77509
-0.79706
-0.82511
-0.73345
-0.81813
-0.78999
0
0
0
-0.96805
0
0
0
0
0
0
0
0
0
0
0
0
0
0
0
0
0
0
0
0
0
0
0
0
-3.9518
0
0
0
0
0
0
0
0
0
0
0
0
0
0
0
0
0
0
0
0
0
0
0
0
0
0
0
0
0
0
0
0
0
0
0
0
0
-0.8267
-0.82404
-0.86665
-0.85595
-0.82878
-0.83906
-0.82717
-0.80336
-0.81674
-0.80589
-0.77461
-0.80306
-0.80306
-0.77911
-0.78087
-0.7728
-0.85768
-0.79144
-0.79423
-0.79785
-0.81631
-0.78913
-0.79129
-0.80675
54.5046
-0.75797
-0.74
-0.73742
-0.77015
-0.78663
-0.79802
-0.77184
-0.72215
-0.80148
-0.74738
-0.76248
-0.76142
-0.74599
-0.7515
-0.74535
-0.74526
-0.75317
-0.71232
-0.71537
-0.75217
-0.74736
-0.7446
-0.75626
-0.77243
-0.74754
-0.75061
-0.77455
-0.76271
-0.78296
-0.81004
-0.71685
-0.8062
-0.7755
0
0
0
0
0
0
0
0
0
0
0
0
0
0
0
0
0
0
0
0
0
0
-3.3729
0
0
0
0
0
0
0
0
0
0
0
0
0
0
0
0
0
0
0
0
0
0
0
0
0
0
0
0
0
0
0
0
0
0
0
0
-6.6536
0
0
0
0
0
0
-0.78802
-0.79604
-0.8222
-0.81098
-0.79151
-0.79553
-0.77949
-0.76201
-0.77407
-0.75937
-0.74912
-0.76768
-0.76768
-0.75924
-0.74945
-0.73888
-0.81615
-0.75491
-0.76063
-0.76038
-0.77567
-0.7515
-0.75224
-0.77062
-0.75797
44.5027
-0.69909
-0.69709
-0.72767
-0.74762
-0.76039
-0.73235
-0.68159
-0.76095
-0.70781
-0.72772
-0.72027
-0.71162
-0.7102
-0.70585
-0.70575
-0.7139
-0.67326
-0.67568
-0.71055
-0.70768
-0.70428
-0.71611
-0.72945
-0.70755
-0.70994
-0.73507
-0.72228
-0.74327
-0.77045
-0.68231
-0.76548
-0.73408
0
0
0
0
0
0
0
0
0
0
0
0
0
0
0
0
0
0
0
0
0
0
0
0
0
0
-2.194
0
0
0
0
0
0
0
0
0
0
0
0
0
0
0
0
0
0
0
0
0
0
0
0
0
0
0
0
0
0
0
0
0
0
0
0
0
0
0
-0.76683
-0.77828
-0.80406
-0.79305
-0.77237
-0.77726
-0.76164
-0.7434
-0.75634
-0.74165
-0.73138
-0.74924
-0.74924
-0.74131
-0.73147
-0.72143
-0.7974
-0.73644
-0.74305
-0.74181
-0.75548
-0.7332
-0.73332
-0.7518
-0.74
-0.69909
43.071
-0.68089
-0.71136
-0.72859
-0.74239
-0.71395
-0.66506
-0.74438
-0.68731
-0.707
-0.70331
-0.68986
-0.69245
-0.68857
-0.68847
-0.69671
-0.65636
-0.65864
-0.69197
-0.68809
-0.68683
-0.69415
-0.71166
-0.69042
-0.69257
-0.71841
-0.69947
-0.72544
-0.75231
-0.6663
-0.74733
-0.71755
0
0
0
0
0
0
0
0
0
-1.7827
0
0
0
0
0
0
0
0
0
0
0
0
0
0
0
0
0
0
0
0
0
0
0
0
0
0
0
0
0
0
0
0
0
0
0
0
0
0
0
0
0
0
0
0
0
0
0
0
0
0
0
0
0
0
0
0
-0.76722
-0.7752
-0.80026
-0.78929
-0.77056
-0.7739
-0.75841
-0.74063
-0.75332
-0.73866
-0.7283
-0.74576
-0.74575
-0.73824
-0.72837
-0.7186
-0.79441
-0.73298
-0.73953
-0.73807
-0.75466
-0.72947
-0.72911
-0.74899
-0.73742
-0.69709
-0.68089
41.9924
-0.7095
-0.72602
-0.73943
-0.71167
-0.66183
-0.74142
-0.6846
-0.70336
-0.70224
-0.68658
-0.68934
-0.68654
-0.68644
-0.6947
-0.65432
-0.65656
-0.69154
-0.68979
-0.68488
-0.69628
-0.7099
-0.6883
-0.69058
-0.71676
-0.70206
-0.72165
-0.75017
-0.66371
-0.74364
-0.71455
-0.83893
0
0
0
0
0
0
0
0
0
0
0
0
0
0
0
0
0
0
0
0
0
0
0
0
0
0
0
0
0
0
0
0
0
0
0
0
0
0
0
0
0
0
0
0
0
0
0
0
0
0
0
0
0
0
0
0
0
0
0
0
0
0
0
0
0
-0.80214
-0.80877
-0.83652
-0.82513
-0.80494
-0.80929
-0.79325
-0.77469
-0.78813
-0.77252
-0.76079
-0.78122
-0.78121
-0.7716
-0.76436
-0.7525
-0.83027
-0.7683
-0.77471
-0.774
-0.79018
-0.76518
-0.76631
-0.786
-0.77015
-0.72767
-0.71136
-0.7095
45.4192
-0.76167
-0.77452
-0.7472
-0.69404
-0.77506
-0.72116
-0.74208
-0.73504
-0.72453
-0.72405
-0.71888
-0.71879
-0.72837
-0.68623
-0.68852
-0.72512
-0.72222
-0.71769
-0.72934
-0.74423
-0.72151
-0.72344
-0.75008
-0.73546
-0.75736
-0.78548
-0.69614
-0.77959
-0.74996
0
0
0
0
0
0
0
0
0
0
0
0
0
0
0
0
0
0
0
0
0
0
0
0
0
0
0
0
0
0
0
0
0
-2.3407
0
0
0
0
0
0
0
0
0
0
0
0
0
0
0
0
0
0
0
0
0
0
0
0
0
0
0
0
0
0
0
0
-0.81776
-0.82661
-0.85342
-0.84195
-0.81899
-0.82525
-0.80976
-0.79138
-0.80354
-0.78807
-0.77766
-0.79715
-0.79716
-0.78858
-0.77815
-0.75911
-0.84571
-0.78414
-0.79113
-0.79067
-0.80504
-0.7811
-0.78223
-0.80059
-0.78663
-0.74762
-0.72859
-0.72602
-0.76167
47.2692
-0.79
-0.76235
-0.71047
-0.77918
-0.73633
-0.75532
-0.7545
-0.73886
-0.74118
-0.73508
-0.73499
-0.73708
-0.7025
-0.70465
-0.74082
-0.73915
-0.73436
-0.74583
-0.761
-0.73786
-0.74009
-0.76623
-0.75223
-0.77365
-0.80206
-0.70848
-0.79993
-0.7665
0
0
0
0
0
0
0
0
0
0
0
0
0
0
0
0
0
-3.3128
0
0
0
0
0
0
0
0
0
0
0
0
0
0
0
0
0
0
0
0
0
0
0
0
0
0
0
0
0
0
0
0
0
0
0
0
0
0
0
0
0
0
0
0
0
0
0
0
-0.83171
-0.84049
-0.86698
-0.8554
-0.83668
-0.83949
-0.82325
-0.80281
-0.81754
-0.80133
-0.79168
-0.81353
-0.81353
-0.80087
-0.79178
-0.78099
-0.85842
-0.79912
-0.80504
-0.80379
-0.8164
-0.79471
-0.79495
-0.81531
-0.79802
-0.76039
-0.74239
-0.73943
-0.77452
-0.79
49.4717
-0.77819
-0.72353
-0.80266
-0.74772
-0.76235
-0.76346
-0.75048
-0.75356
-0.74764
-0.74754
-0.75603
-0.71479
-0.71709
-0.75268
-0.75222
-0.74683
-0.75923
-0.77025
-0.75043
-0.75285
-0.77842
-0.76569
-0.78713
-0.81376
-0.72577
-0.80882
-0.7838
0
0
0
0
0
0
0
0
0
0
0
0
0
0
0
0
0
0
0
0
0
0
0
0
0
0
0
0
0
0
0
0
0
0
0
0
0
0
0
0
0
0
0
-4.7582
0
0
0
0
0
0
0
0
0
0
0
0
0
0
0
0
0
0
0
0
0
0
-0.80172
-0.81092
-0.83674
-0.82608
-0.80382
-0.81034
-0.79434
-0.7754
-0.78849
-0.77423
-0.76319
-0.78267
-0.78266
-0.77272
-0.76447
-0.75309
-0.8312
-0.76964
-0.77544
-0.77616
-0.78827
-0.76703
-0.76802
-0.78591
-0.77184
-0.73235
-0.71395
-0.71167
-0.7472
-0.76235
-0.77819
46.7526
-0.69624
-0.77599
-0.72068
-0.73821
-0.73388
-0.72501
-0.72539
-0.72089
-0.72078
-0.72857
-0.68819
-0.69048
-0.72486
-0.72176
-0.71979
-0.73053
-0.74559
-0.72275
-0.7254
-0.7516
-0.73656
-0.75278
-0.78675
-0.69832
-0.77783
0
0
0
0
0
0
0
0
0
0
0
0
0
0
0
0
0
0
0
0
0
0
0
0
0
0
0
0
0
0
0
0
0
0
0
0
0
-4.3736
0
0
0
0
0
0
0
0
0
0
0
0
0
0
0
0
0
0
0
0
0
0
0
0
0
0
0
0
0
-0.75282
-0.76039
-0.78529
-0.77437
-0.75594
-0.75916
-0.74385
-0.72606
-0.7386
-0.72418
-0.7138
-0.7311
-0.73111
-0.72378
-0.71383
-0.70437
-0.77945
-0.71836
-0.72485
-0.7235
-0.73939
-0.71499
-0.71486
-0.73299
-0.72215
-0.68159
-0.66506
-0.66183
-0.69404
-0.71047
-0.72353
-0.69624
40.3125
-0.72497
-0.66962
-0.68679
-0.68616
-0.67148
-0.67286
-0.67313
-0.67303
-0.67687
-0.63998
-0.64206
-0.67567
-0.67497
-0.6702
-0.68134
-0.69464
-0.67344
-0.67566
-0.70173
-0.68666
-0.70747
-0.73454
-0.64916
-0.72794
-0.70023
0
0
0
0
0
0
0
0
0
0
0
0
0
0
0
0
0
0
0
0
0
0
0
0
0
0
0
0
0
0
0
0
0
0
0
0
0
0
0
0
0
0
0
0
0
0
0
0
0
0
0
0
0
0
0
0
0
0
0
0
0
0
0
0
0
0
-0.83054
-0.8382
-0.86774
-0.84422
-0.82973
-0.84089
-0.83328
-0.80337
-0.78132
-0.81434
-0.78508
-0.80332
-0.80333
-0.81865
-0.7818
-0.77309
-0.86124
-0.79131
-0.7933
-0.79974
-0.82029
-0.79254
-0.79357
-0.80992
-0.80148
-0.76095
-0.74438
-0.74142
-0.77506
-0.77918
-0.80266
-0.77599
-0.72497
55.7828
-0.74478
-0.75628
-0.76183
-0.7468
-0.75213
-0.74653
-0.74643
-0.74859
-0.71211
-0.71579
-0.74776
-0.7426
-0.74245
-0.75749
-0.76467
-0.74898
-0.75214
-0.7754
-0.7638
0
0
0
0
0
0
0
0
0
0
0
0
0
0
0
0
0
0
0
0
0
0
-3.3736
0
0
0
-3.3169
0
0
0
0
0
0
0
0
0
0
0
0
-3.5177
0
0
0
-4.9312
0
0
0
0
0
0
0
0
0
0
0
0
0
0
0
0
0
0
0
0
0
0
0
0
0
0
0
-0.78476
-0.7853
-0.81255
-0.80018
-0.78734
-0.78395
-0.76814
-0.74975
-0.75887
-0.74886
-0.73664
-0.75633
-0.75634
-0.74534
-0.73569
-0.73025
-0.80697
-0.74315
-0.75101
-0.74889
-0.75806
-0.74082
-0.74168
-0.75648
-0.74738
-0.70781
-0.68731
-0.6846
-0.72116
-0.73633
-0.74772
-0.72068
-0.66962
-0.74478
44.0038
-0.71846
-0.70301
-0.70247
-0.69516
-0.69121
-0.69111
-0.69811
-0.65859
-0.66091
-0.64935
-0.691
-0.68938
-0.69899
-0.71273
-0.69204
-0.69483
-0.72017
-0.70505
-0.72613
-0.75668
0
0
0
0
0
0
0
0
0
0
0
0
0
0
0
0
0
0
0
0
0
0
0
0
0
0
0
0
0
0
0
0
0
0
0
0
0
0
0
0
0
0
-4.5937
0
0
0
0
0
0
0
0
0
0
0
0
0
0
0
0
0
0
0
0
0
0
0
0
0
0
-0.79369
-0.79722
-0.82389
-0.81282
-0.79348
-0.79982
-0.78361
-0.76194
-0.77804
-0.76378
-0.75259
-0.77293
-0.77292
-0.76149
-0.7521
-0.74758
-0.82123
-0.75945
-0.76271
-0.76654
-0.77824
-0.75725
-0.76036
-0.77429
-0.76248
-0.72772
-0.707
-0.70336
-0.74208
-0.75532
-0.76235
-0.73821
-0.68679
-0.75628
-0.71846
45.8943
-0.7179
-0.71392
-0.71046
-0.7089
-0.70879
-0.71744
-0.67497
-0.67691
-0.71114
-0.70495
-0.70449
-0.71683
-0.7058
-0.70824
-0.71211
-0.73618
-0.72274
0
0
0
0
0
0
0
0
0
0
0
0
0
0
0
0
0
0
0
0
0
0
0
0
0
0
0
0
0
-3.6293
0
0
0
0
0
0
0
0
0
0
0
0
-3.5051
0
0
0
0
0
0
0
0
0
0
0
0
0
0
0
0
0
0
0
0
0
0
0
0
0
0
0
0
-0.79059
-0.80025
-0.82602
-0.81392
-0.79351
-0.79988
-0.78367
-0.76447
-0.77757
-0.76455
-0.75322
-0.77218
-0.77218
-0.76313
-0.75332
-0.74665
-0.82048
-0.75908
-0.76499
-0.76491
-0.77721
-0.75589
-0.757
-0.77425
-0.76142
-0.72027
-0.70331
-0.70224
-0.73504
-0.7545
-0.76346
-0.73388
-0.68616
-0.76183
-0.70301
-0.7179
42.5172
-0.70291
-0.71325
-0.71277
-0.71266
-0.72211
-0.67686
-0.67911
-0.71846
-0.71379
-0.71006
-0.72145
-0.73363
-0.71344
-0.71695
-0.74358
-0.72645
0
0
0
0
0
0
0
0
0
0
0
0
0
0
0
0
0
0
0
0
0
0
0
0
0
0
0
0
0
0
0
0
0
0
0
0
0
0
0
0
0
0
0
0
0
0
0
-3.7078
0
0
0
0
0
0
0
0
0
0
0
0
0
0
0
0
0
0
0
0
0
0
0
-0.77531
-0.78432
-0.81087
-0.79979
-0.77783
-0.78375
-0.76895
-0.75076
-0.76331
-0.74779
-0.73848
-0.75797
-0.75797
-0.74817
-0.73894
-0.72781
-0.80121
-0.7452
-0.75082
-0.75157
-0.76426
-0.74295
-0.74498
-0.76089
-0.74599
-0.71162
-0.68986
-0.68658
-0.72453
-0.73886
-0.75048
-0.72501
-0.67148
-0.7468
-0.70247
-0.71392
-0.70291
43.9222
-0.69451
-0.69465
-0.69454
-0.69579
-0.65891
-0.66219
-0.69228
-0.68547
-0.6873
-0.6985
-0.71007
-0.6912
-0.69536
-0.7161
-0.70422
0
0
0
0
0
0
0
0
0
0
0
0
0
0
0
0
0
0
0
0
0
0
0
0
0
0
0
0
0
0
0
0
0
0
0
0
0
0
0
0
0
0
0
0
0
0
0
0
0
0
0
0
0
0
0
0
0
0
0
0
0
0
0
0
0
0
-5.9367
0
0
0
0
-0.77652
-0.79036
-0.81363
-0.80203
-0.78601
-0.78645
-0.77032
-0.75541
-0.76831
-0.75307
-0.74266
-0.76103
-0.76104
-0.75017
-0.74273
-0.73277
-0.81003
-0.74798
-0.7545
-0.7535
-0.7689
-0.74488
-0.74552
-0.7635
-0.7515
-0.7102
-0.69245
-0.68934
-0.72405
-0.74118
-0.75356
-0.72539
-0.67286
-0.75213
-0.69516
-0.71046
-0.71325
-0.69451
39.184
-0.71286
-0.71273
-0.70378
-0.66776
-0.66837
-0.69573
-0.69755
-0.70074
-0.71213
-0.7251
-0.70326
-0.70648
-0.73655
0
0
0
0
0
0
0
0
0
0
0
0
0
-1.6336
0
0
0
0
0
0
0
0
0
0
0
0
0
0
0
0
0
0
0
0
0
0
0
0
0
0
0
0
0
0
0
0
0
0
0
0
0
0
0
0
0
0
0
0
0
0
0
0
0
0
0
0
0
0
0
0
0
0
-0.77552
-0.78387
-0.80934
-0.79803
-0.77927
-0.78259
-0.76703
-0.74901
-0.76152
-0.74724
-0.73652
-0.75466
-0.75466
-0.74683
-0.73657
-0.72686
-0.8034
-0.74187
-0.74826
-0.74747
-0.76246
-0.73886
-0.73984
-0.75718
-0.74535
-0.70585
-0.68857
-0.68654
-0.71888
-0.73508
-0.74764
-0.72089
-0.67313
-0.74653
-0.69121
-0.7089
-0.71277
-0.69465
-0.71286
37.9704
-0.66094
-0.70629
-0.65055
-0.65652
-0.70756
-0.70671
-0.68809
-0.7046
-0.718
-0.69647
-0.70005
-0.72743
-0.70947
0
0
0
0
0
0
0
0
0
0
0
0
0
0
0
0
0
0
0
0
0
0
0
0
0
0
0
0
0
0
0
0
0
0
0
0
0
0
0
0
0
0
0
0
0
0
0
0
0
0
0
0
0
0
0
0
0
0
0
0
0
0
0
0
0
0
0
0
0
0
0
-0.77543
-0.78376
-0.80924
-0.79793
-0.77917
-0.78248
-0.76693
-0.74892
-0.76142
-0.74714
-0.73643
-0.75456
-0.75456
-0.74673
-0.73647
-0.72677
-0.80329
-0.74178
-0.74817
-0.74737
-0.76235
-0.73876
-0.73974
-0.75708
-0.74526
-0.70575
-0.68847
-0.68644
-0.71879
-0.73499
-0.74754
-0.72078
-0.67303
-0.74643
-0.69111
-0.70879
-0.71266
-0.69454
-0.71273
-0.66094
37.9651
-0.70618
-0.65044
-0.65642
-0.70748
-0.70662
-0.68798
-0.70449
-0.71787
-0.69636
-0.69995
-0.72729
-0.70937
0
0
0
0
0
0
0
0
0
0
0
0
0
0
0
0
0
0
0
0
0
0
0
0
0
0
0
0
0
0
0
0
0
0
0
0
0
0
0
0
0
0
0
0
0
0
0
0
0
0
0
0
0
0
0
0
0
0
0
0
0
0
0
0
0
0
0
0
0
0
0
-0.78459
-0.79276
-0.81871
-0.80706
-0.78478
-0.79094
-0.77561
-0.75831
-0.77019
-0.75513
-0.74445
-0.76343
-0.76343
-0.75567
-0.74559
-0.71509
-0.81113
-0.75103
-0.75827
-0.75689
-0.77233
-0.74689
-0.74934
-0.76703
-0.75317
-0.7139
-0.69671
-0.6947
-0.72837
-0.73708
-0.75603
-0.72857
-0.67687
-0.74859
-0.69811
-0.71744
-0.72211
-0.69579
-0.70378
-0.70629
-0.70618
41.1864
-0.66833
-0.67004
-0.70821
-0.70943
-0.7001
-0.71306
-0.72726
-0.705
-0.70839
-0.73392
0
0
0
0
0
0
0
0
0
0
0
0
0
0
0
0
0
0
0
0
0
0
0
0
0
-3.5203
0
0
0
0
0
0
0
0
0
0
0
0
0
0
0
0
0
0
0
0
0
0
0
0
0
0
0
0
0
0
0
0
0
0
0
0
0
0
0
0
0
0
0
0
0
0
-0.73891
-0.74853
-0.7739
-0.76278
-0.74581
-0.74729
-0.72978
-0.71571
-0.72847
-0.71317
-0.70385
-0.72161
-0.7216
-0.71327
-0.704
-0.69466
-0.76847
-0.70899
-0.71479
-0.71449
-0.72929
-0.70634
-0.70694
-0.72389
-0.71232
-0.67326
-0.65636
-0.65432
-0.68623
-0.7025
-0.71479
-0.68819
-0.63998
-0.71211
-0.65859
-0.67497
-0.67686
-0.65891
-0.66776
-0.65055
-0.65044
-0.66833
36.554
-0.64141
-0.66245
-0.66051
-0.65353
-0.66991
-0.66607
-0.66246
-0.66569
0
0
0
0
0
0
0
0
0
0
0
0
0
0
0
-1.6889
0
0
0
0
0
0
0
0
0
0
0
0
0
0
0
0
0
0
0
0
0
0
0
0
0
0
0
0
0
0
0
0
0
0
0
0
0
0
0
0
0
0
0
0
0
0
0
0
0
0
0
0
0
0
0
0
0
-0.74577
-0.75357
-0.77829
-0.76725
-0.74929
-0.75214
-0.73682
-0.71931
-0.73155
-0.71751
-0.70701
-0.72446
-0.72445
-0.71708
-0.707
-0.69763
-0.77255
-0.7118
-0.71822
-0.71722
-0.73236
-0.70877
-0.70932
-0.72654
-0.71537
-0.67568
-0.65864
-0.65656
-0.68852
-0.70465
-0.71709
-0.69048
-0.64206
-0.71579
-0.66091
-0.67691
-0.67911
-0.66219
-0.66837
-0.65652
-0.65642
-0.67004
-0.64141
35.0492
-0.66606
-0.66516
-0.65489
-0.67604
-0.68628
-0.66769
-0.67042
0
0
0
0
0
0
0
0
0
0
0
0
0
0
0
0
0
0
0
0
0
0
0
0
0
0
0
0
0
0
0
0
0
0
0
0
0
0
0
0
0
0
0
0
0
0
0
0
0
0
0
0
0
0
0
0
0
0
0
0
0
0
0
0
0
0
0
0
0
0
0
0
0
-0.79204
-0.78978
-0.81654
-0.80585
-0.79308
-0.78971
-0.77402
-0.75124
-0.76395
-0.75433
-0.74155
-0.76196
-0.76196
-0.75011
-0.74091
-0.73388
-0.81242
-0.7486
-0.75597
-0.75421
-0.76214
-0.7408
-0.74634
-0.76168
-0.75217
-0.71055
-0.69197
-0.69154
-0.72512
-0.74082
-0.75268
-0.72486
-0.67567
-0.74776
-0.64935
-0.71114
-0.71846
-0.69228
-0.69573
-0.70756
-0.70748
-0.70821
-0.66245
-0.66606
40.3136
-0.6811
-0.67177
0
0
0
0
0
0
0
0
0
0
0
0
0
0
0
0
0
0
0
0
0
-1.8959
0
0
0
0
0
0
0
0
0
0
0
0
0
0
0
0
0
0
0
0
0
0
0
0
0
0
0
0
-4.5299
0
0
0
0
0
0
0
0
0
0
0
0
0
0
0
0
0
0
0
0
0
0
0
0
0
0
-0.77626
-0.78339
-0.80622
-0.79548
-0.78026
-0.78515
-0.76829
-0.75017
-0.76405
-0.75046
-0.73969
-0.75892
-0.75891
-0.74975
-0.73994
-0.73125
-0.80548
-0.74609
-0.74887
-0.75205
-0.76331
-0.74211
-0.74407
-0.76124
-0.74736
-0.70768
-0.68809
-0.68979
-0.72222
-0.73915
-0.75222
-0.72176
-0.67497
-0.7426
-0.691
-0.70495
-0.71379
-0.68547
-0.69755
-0.70671
-0.70662
-0.70943
-0.66051
-0.66516
-0.6811
40.5762
-0.67079
0
0
0
0
0
0
0
0
0
0
0
0
0
0
0
0
0
0
0
0
0
0
0
-2.9653
0
0
0
0
0
0
0
0
0
0
0
0
0
0
0
0
0
0
0
0
0
0
-3.8305
0
0
0
0
0
0
0
0
0
0
0
0
0
0
0
0
0
0
0
0
0
0
0
0
0
0
0
0
0
0
-0.77426
-0.78323
-0.80912
-0.79798
-0.7774
-0.78205
-0.76668
-0.74848
-0.76082
-0.74124
-0.7361
-0.75451
-0.75451
-0.74621
-0.73615
-0.7236
-0.80259
-0.74161
-0.74784
-0.74728
-0.76134
-0.73842
-0.73943
-0.75692
-0.7446
-0.70428
-0.68683
-0.68488
-0.71769
-0.73436
-0.74683
-0.71979
-0.6702
-0.74245
-0.68938
-0.70449
-0.71006
-0.6873
-0.70074
-0.68809
-0.68798
-0.7001
-0.65353
-0.65489
-0.67177
-0.67079
35.6698
0
0
0
0
0
0
0
0
0
0
0
0
0
0
0
0
0
0
0
0
0
0
-2.071
0
0
0
0
0
0
0
0
0
0
0
0
0
0
0
0
0
0
0
0
0
0
0
0
0
0
0
0
0
0
0
0
0
0
0
0
0
0
0
0
0
0
0
0
0
0
0
0
0
0
0
0
0
0
-0.78222
-0.7954
-0.82163
-0.81035
-0.78891
-0.79418
-0.77835
-0.75995
-0.77293
-0.75794
-0.7476
-0.76583
-0.76582
-0.75782
-0.74758
-0.73744
-0.81432
-0.75289
-0.75959
-0.75875
-0.77157
-0.75001
-0.75104
-0.76866
-0.75626
-0.71611
-0.69415
-0.69628
-0.72934
-0.74583
-0.75923
-0.73053
-0.68134
-0.75749
-0.69899
-0.71683
-0.72145
-0.6985
-0.71213
-0.7046
-0.70449
-0.71306
-0.66991
-0.67604
0
0
0
34.5671
0
0
0
0
0
0
0
0
0
0
0
0
0
0
0
0
0
0
0
-1.7737
0
0
0
0
0
0
0
0
0
0
0
0
0
0
0
0
0
0
0
0
0
0
0
0
0
0
0
0
0
0
0
0
0
0
0
0
0
0
0
0
0
0
0
0
0
0
0
0
0
0
0
0
0
0
0
0
-0.79739
-0.81048
-0.83726
-0.82515
-0.80218
-0.80989
-0.79364
-0.775
-0.78866
-0.77328
-0.76202
-0.78139
-0.78139
-0.7716
-0.76189
-0.75453
-0.83162
-0.76797
-0.77475
-0.77395
-0.78749
-0.76498
-0.76608
-0.78338
-0.77243
-0.72945
-0.71166
-0.7099
-0.74423
-0.761
-0.77025
-0.74559
-0.69464
-0.76467
-0.71273
-0.7058
-0.73363
-0.71007
-0.7251
-0.718
-0.71787
-0.72726
-0.66607
-0.68628
0
0
0
0
36.8292
0
0
0
0
0
0
0
0
0
0
0
0
0
0
0
0
0
0
0
0
0
0
0
0
0
0
0
0
0
0
0
0
0
0
0
0
0
0
0
0
0
0
0
0
0
0
-3.4466
0
0
0
0
0
0
0
0
0
0
0
0
0
0
0
0
0
0
0
0
0
0
0
0
0
0
0
0
-0.77541
-0.78266
-0.80843
-0.79711
-0.78205
-0.78155
-0.76587
-0.74825
-0.76068
-0.7497
-0.73864
-0.7575
-0.7575
-0.74914
-0.74013
-0.72952
-0.80624
-0.74466
-0.75112
-0.75036
-0.76599
-0.74185
-0.74261
-0.76088
-0.74754
-0.70755
-0.69042
-0.6883
-0.72151
-0.73786
-0.75043
-0.72275
-0.67344
-0.74898
-0.69204
-0.70824
-0.71344
-0.6912
-0.70326
-0.69647
-0.69636
-0.705
-0.66246
-0.66769
0
0
0
0
0
34.0282
0
0
0
0
0
0
0
0
0
0
0
0
0
0
-1.6154
0
0
0
0
0
0
0
0
0
0
0
0
0
0
0
0
0
0
0
0
0
0
0
0
0
0
0
0
0
0
0
0
0
0
0
0
0
0
0
0
0
0
0
0
0
0
0
0
0
0
0
0
0
0
0
0
0
0
0
-0.78158
-0.78987
-0.81533
-0.80398
-0.7851
-0.78845
-0.77275
-0.75479
-0.76728
-0.75274
-0.74205
-0.76023
-0.76023
-0.75241
-0.74209
-0.73221
-0.80919
-0.74726
-0.75384
-0.75293
-0.76822
-0.74425
-0.74505
-0.76253
-0.75061
-0.70994
-0.69257
-0.69058
-0.72344
-0.74009
-0.75285
-0.7254
-0.67566
-0.75214
-0.69483
-0.71211
-0.71695
-0.69536
-0.70648
-0.70005
-0.69995
-0.70839
-0.66569
-0.67042
0
0
0
0
0
0
32.5679
0
0
0
0
0
0
0
0
0
0
0
0
0
0
0
0
0
0
0
0
0
0
0
0
0
0
0
0
0
0
0
0
0
0
0
0
0
0
0
0
0
0
0
0
0
0
0
0
0
0
0
0
0
0
0
0
0
0
0
0
0
0
0
0
0
0
0
0
0
0
0
0
0
-0.80481
-0.81371
-0.84117
-0.83003
-0.80736
-0.81372
-0.7983
-0.7802
-0.79265
-0.77705
-0.76707
-0.78671
-0.78671
-0.777
-0.76751
-0.75583
-0.83235
-0.77353
-0.77951
-0.77959
-0.79307
-0.77039
-0.77181
-0.78932
-0.77455
-0.73507
-0.71841
-0.71676
-0.75008
-0.76623
-0.77842
-0.7516
-0.70173
-0.7754
-0.72017
-0.73618
-0.74358
-0.7161
-0.73655
-0.72743
-0.72729
-0.73392
0
0
0
0
0
0
0
0
0
38.0719
0
0
0
0
0
0
0
0
0
0
0
0
0
0
0
0
0
0
0
0
0
0
0
0
0
0
0
0
0
0
0
0
0
0
0
0
0
0
0
0
0
0
0
0
0
0
0
0
0
0
0
0
0
0
0
0
0
0
0
0
0
0
0
0
0
0
0
0
0
-5.773
0
0
-0.78843
-0.80204
-0.82849
-0.81724
-0.79546
-0.80093
-0.78495
-0.76632
-0.77939
-0.7646
-0.75399
-0.77225
-0.77225
-0.76433
-0.75391
-0.74429
-0.82105
-0.75923
-0.766
-0.7651
-0.77789
-0.75638
-0.75732
-0.77509
-0.76271
-0.72228
-0.69947
-0.70206
-0.73546
-0.75223
-0.76569
-0.73656
-0.68666
-0.7638
-0.70505
-0.72274
-0.72645
-0.70422
0
-0.70947
-0.70937
0
0
0
0
0
0
0
0
0
0
0
32.037
0
0
0
0
0
0
0
0
0
0
0
0
0
0
-1.7659
0
0
0
0
0
0
0
0
0
0
0
0
0
0
0
0
0
0
0
0
0
0
0
0
0
0
0
0
0
0
0
0
0
0
0
0
0
0
0
0
0
0
0
0
0
0
0
0
0
0
0
0
0
0
0
0
-0.81453
-0.82131
-0.84668
-0.83809
-0.81654
-0.82191
-0.8064
-0.78191
-0.8011
-0.78512
-0.77321
-0.79285
-0.79284
-0.78396
-0.77374
-0.76169
-0.84167
-0.77948
-0.78496
-0.78528
-0.80069
-0.77091
-0.77787
-0.79706
-0.78296
-0.74327
-0.72544
-0.72165
-0.75736
-0.77365
-0.78713
-0.75278
-0.70747
0
-0.72613
0
0
0
0
0
0
0
0
0
0
0
0
0
0
0
0
0
0
30.1628
0
0
0
-0.80802
-0.86263
0
0
0
0
0
0
0
0
0
-1.8645
0
0
0
0
0
0
0
0
0
0
0
0
0
0
0
0
0
0
0
0
0
0
0
0
0
0
0
0
0
0
0
0
0
0
0
0
0
0
0
0
0
0
0
0
0
0
0
0
0
0
0
0
0
0
0
-0.84014
-0.84924
-0.87836
-0.8672
-0.8434
-0.85022
-0.83442
-0.8157
-0.82916
-0.81273
-0.80167
-0.82195
-0.82194
-0.81267
-0.80202
-0.79098
-0.86926
-0.80852
-0.81449
-0.8148
-0.82871
-0.80572
-0.80731
-0.82511
-0.81004
-0.77045
-0.75231
-0.75017
-0.78548
-0.80206
-0.81376
-0.78675
-0.73454
0
-0.75668
0
0
0
0
0
0
0
0
0
0
0
0
0
0
0
0
0
0
0
33.2207
0
0
0
0
0
0
0
0
0
0
0
0
0
0
0
0
0
0
0
0
0
0
0
0
0
0
0
0
0
0
0
0
0
0
0
0
0
0
0
0
0
0
0
0
0
0
0
0
0
0
0
0
0
0
0
0
0
0
0
0
0
-5.6127
0
0
0
0
0
0
0
-0.74665
-0.75706
-0.78272
-0.77199
-0.74285
-0.75365
-0.74054
-0.72482
-0.73549
-0.71756
-0.70943
-0.72732
-0.72731
-0.72298
-0.71017
-0.69503
-0.77173
-0.71507
-0.72584
-0.72338
-0.73827
-0.7147
-0.71612
-0.73345
-0.71685
-0.68231
-0.6663
-0.66371
-0.69614
-0.70848
-0.72577
-0.69832
-0.64916
0
0
0
0
0
0
0
0
0
0
0
0
0
0
0
0
0
0
0
0
0
0
28.1304
0
0
0
0
0
0
0
0
0
0
0
0
0
0
0
0
0
0
0
0
0
0
0
0
0
0
0
0
0
0
0
0
0
0
0
0
0
0
0
0
0
0
0
0
0
0
0
0
0
0
0
-4.3192
0
0
0
0
0
0
0
0
0
0
0
0
0
0
0
0
-0.84702
-0.84208
-0.86925
-0.85911
-0.84289
-0.84617
-0.82953
-0.80575
-0.82396
-0.80938
-0.79663
-0.81664
-0.81664
-0.80749
-0.79579
-0.79225
-0.86733
-0.80289
-0.8043
-0.80891
-0.82548
-0.79926
-0.80115
-0.81813
-0.8062
-0.76548
-0.74733
-0.74364
-0.77959
-0.79993
-0.80882
-0.77783
-0.72794
0
0
0
0
0
0
0
0
0
0
0
0
0
0
0
0
0
0
0
0
0
0
0
30.1475
0
0
0
0
0
0
0
0
0
0
0
0
0
0
0
0
0
0
0
0
0
0
0
0
0
-3.4628
0
0
0
0
0
0
0
0
0
0
0
0
0
0
0
0
0
0
0
0
0
0
0
0
0
0
0
0
0
0
0
0
0
0
0
0
0
0
0
0
0
-0.80428
-0.81445
-0.84034
-0.83031
-0.80595
-0.81406
-0.79832
-0.77814
-0.79283
-0.77842
-0.76581
-0.78497
-0.78496
-0.77606
-0.76751
-0.75617
-0.83452
-0.77198
-0.77756
-0.77794
-0.79174
-0.76816
-0.77007
-0.78999
-0.7755
-0.73408
-0.71755
-0.71455
-0.74996
-0.7665
-0.7838
0
-0.70023
0
0
0
0
0
0
0
0
0
0
0
0
0
0
0
0
0
0
0
0
-0.80802
0
0
0
29.7148
0
0
0
0
0
0
0
0
0
0
0
0
0
0
0
0
0
0
0
0
0
0
0
0
0
0
0
0
0
0
0
0
0
0
0
0
-3.99
0
0
0
0
0
0
0
0
0
0
0
0
0
0
0
0
0
0
0
0
0
0
0
0
0
0
0
0
0
-0.92387
-0.94741
-0.97073
-0.96039
-0.93516
-0.94059
-0.92264
-0.90996
-0.92607
-0.90544
-0.89516
-0.91531
-0.91532
-0.90215
-0.89618
-0.87683
-0.96578
-0.90134
-0.90806
-0.90755
0
-0.89809
-0.89951
0
0
0
0
-0.83893
0
0
0
0
0
0
0
0
0
0
0
0
0
0
0
0
0
0
0
0
0
0
0
0
0
-0.86263
0
0
0
0
26.8822
0
0
0
0
0
0
-1.7053
0
0
0
0
0
0
0
0
0
0
0
0
0
0
0
0
0
0
0
-3.2518
0
0
0
0
0
0
0
0
0
0
0
0
0
0
0
0
0
0
0
0
0
0
0
0
0
0
0
0
0
0
0
0
0
0
0
0
0
0
-1.1241
-1.1327
-1.1629
-1.151
-1.1131
-1.1333
-1.1138
-1.092
-1.1091
-1.0918
-1.0784
-1.1001
-1.1001
-1.0898
-1.0784
-1.0652
-1.1543
-1.0837
-1.0899
-1.0899
0
-1.0786
-1.08
0
0
0
0
0
0
0
0
0
0
0
0
0
0
0
0
0
0
0
0
0
0
0
0
0
0
0
0
0
0
0
0
0
0
0
0
26.0112
0
0
0
0
0
0
0
0
0
0
0
0
0
0
0
0
0
0
0
0
0
0
0
0
0
0
0
0
0
0
0
0
0
0
0
0
0
0
0
0
0
0
0
0
0
0
0
0
0
0
0
0
-1.6989
0
0
0
0
0
0
0
0
0
0
0
-0.88957
-0.90221
-0.93108
-0.92358
-0.88918
-0.90093
-0.88481
-0.86755
-0.8772
-0.8587
-0.85375
-0.87059
-0.87059
-0.87029
-0.85787
-0.80263
-0.92453
-0.86281
-0.86962
-0.86937
0
0
0
0
0
0
0
0
0
0
0
0
0
0
0
0
0
0
0
0
0
0
0
0
0
0
0
0
0
0
0
0
0
0
0
0
0
0
0
0
25.0207
0
0
-1.0864
0
0
0
0
0
0
0
0
0
0
-2.9949
0
0
0
0
0
0
0
0
0
0
0
0
0
0
0
0
0
0
0
0
0
0
0
0
-3.3625
0
0
0
0
0
0
0
0
0
0
0
0
0
0
0
0
0
0
0
0
0
0
0
0
-0.97623
-0.99492
-1.0226
-1.0109
-0.9905
-0.99417
-0.96799
-0.95836
-0.97363
-0.95561
-0.94333
-0.96312
-0.96311
-0.95377
-0.94405
-0.93288
-1.0159
-0.9495
-0.95533
-0.95542
0
0
0
-0.96805
0
0
0
0
0
0
0
0
0
0
0
0
0
0
0
0
0
0
0
0
0
0
0
0
0
0
0
0
0
0
0
0
0
0
0
0
0
22.1307
0
0
0
0
-1.7414
0
0
0
0
0
0
0
0
0
0
0
0
0
0
0
0
0
0
0
0
0
0
0
0
0
0
0
0
0
0
0
0
0
0
0
0
0
0
0
0
0
0
0
0
0
0
0
0
0
0
0
0
0
0
0
0
0
-1.1229
-1.1282
-1.1622
-1.148
-1.1067
-1.1298
-1.1117
0
-1.1046
-1.0844
-1.0737
-1.0961
-1.0961
0
-1.077
0
0
-1.082
0
0
0
0
0
0
0
0
0
0
0
0
0
0
0
0
0
0
0
0
0
0
0
0
0
0
0
0
0
0
0
0
0
0
0
0
0
0
0
0
0
0
0
0
22.0543
0
0
0
0
0
0
0
0
-2.3695
0
0
0
0
0
0
0
0
0
0
0
0
0
0
0
0
0
0
0
0
0
0
0
0
0
0
0
0
0
0
0
0
0
0
0
-4.1615
0
0
0
0
0
0
0
0
0
0
0
0
0
0
0
0
-1.2177
-1.2351
-1.2591
-1.2498
-1.1969
-1.2292
-1.2098
0
-1.2028
-1.1868
-1.1721
-1.1941
-1.1941
0
0
0
0
0
0
0
0
0
0
0
0
0
0
0
0
0
0
0
0
0
0
0
0
0
0
0
0
0
0
0
0
0
0
0
0
0
0
0
0
0
0
0
0
0
0
0
-1.0864
0
0
24.1279
0
0
0
0
0
0
0
0
0
0
0
0
0
0
-3.3615
0
0
0
0
0
0
0
0
0
0
0
0
0
0
0
0
0
0
0
0
0
0
0
0
0
0
0
0
0
0
-5.1325
0
0
0
0
0
0
0
0
0
0
0
0
0
0
-1.7861
-1.7858
-1.8296
-1.8141
0
-1.793
-1.7701
-1.7488
-1.767
0
0
0
0
0
0
0
0
0
0
0
0
0
0
0
0
0
0
0
0
0
0
0
0
0
0
0
0
0
0
0
0
0
0
0
0
0
0
0
0
-1.6154
0
0
0
0
0
0
0
0
0
0
0
0
0
0
19.1522
0
0
0
0
0
0
0
0
0
0
0
0
0
0
0
0
0
0
0
0
0
0
0
0
0
0
-3.2423
0
0
0
0
0
0
0
0
0
0
0
0
0
0
0
0
0
0
0
0
0
0
0
0
0
0
0
0
0
0
0
0
-1.6342
0
-1.8065
-1.7859
0
-1.7601
-1.7302
0
0
0
0
0
0
0
0
0
0
0
0
0
0
0
0
0
0
0
0
0
0
0
0
0
0
0
0
0
0
0
-1.6336
0
0
0
0
0
0
0
0
0
0
0
0
0
0
0
0
0
0
0
-1.7053
0
0
0
0
0
0
17.8672
-2.3914
0
0
0
0
0
0
0
0
0
0
0
0
0
0
0
0
0
0
0
0
-3.42
0
0
0
0
0
0
0
0
0
0
0
0
0
0
0
0
0
0
0
0
0
0
0
0
0
0
0
0
0
0
0
0
0
0
0
0
-1.8478
0
0
0
0
0
-1.8481
0
0
0
0
0
0
0
0
0
0
0
0
0
0
0
0
0
0
0
0
0
0
0
0
0
0
0
0
0
0
0
0
0
0
0
-1.6889
0
0
0
0
0
0
0
0
0
0
0
0
0
0
0
0
0
0
-1.7414
0
0
0
-2.3914
19.3945
0
0
0
-3.2186
0
-3.2315
0
0
0
0
0
0
0
0
0
0
0
0
0
0
0
0
0
-3.4268
0
0
0
0
0
0
0
0
0
0
0
0
0
0
0
0
0
0
0
0
0
0
0
0
0
0
0
0
0
0
0
0
0
-1.8786
0
0
0
0
0
0
0
0
0
0
0
0
0
0
0
0
0
0
0
0
0
0
0
0
0
-1.7827
0
0
0
0
0
0
0
0
0
0
0
0
0
0
0
0
0
0
0
0
-1.7737
0
0
0
0
-1.7659
0
0
0
0
0
0
0
0
0
0
0
0
0
0
17.2869
0
0
0
0
0
0
0
0
0
0
0
0
0
0
0
0
0
0
0
0
0
-3.6115
0
0
0
-3.5217
0
0
0
0
0
0
0
0
0
0
0
0
0
0
0
0
0
0
-2.9528
0
0
0
0
0
0
0
0
0
0
0
0
0
0
0
0
0
0
-1.9547
0
0
0
0
0
0
0
0
0
0
0
0
0
-1.9484
0
0
0
0
0
0
0
0
0
0
0
0
0
0
0
0
0
0
0
0
0
0
-1.8959
0
0
0
0
0
0
0
0
-1.8645
0
0
0
0
0
0
0
0
0
0
0
0
0
0
19.4097
0
0
0
0
-3.563
0
0
0
0
-3.7362
0
0
0
0
0
0
0
0
0
0
0
0
0
0
0
0
0
0
0
0
0
0
0
0
0
0
0
-4.4469
0
0
0
0
0
0
0
0
0
0
0
0
0
0
0
0
0
0
0
0
0
0
0
0
0
0
-2.1973
0
0
0
0
0
0
0
0
0
0
0
0
0
0
0
0
0
0
0
0
0
0
0
0
0
0
0
0
0
0
0
0
0
0
0
0
-2.071
0
0
0
0
0
0
0
0
0
0
0
0
0
0
0
0
0
0
0
0
0
0
17.9443
0
0
0
0
-3.4814
0
0
0
0
0
0
0
0
-1.9908
0
0
0
0
0
0
0
0
-3.795
0
0
0
0
0
0
0
0
0
0
0
0
0
0
0
-4.4089
0
0
0
0
0
0
0
0
0
0
0
0
0
0
0
0
0
0
0
0
0
0
0
0
0
0
0
0
0
0
0
0
0
0
0
0
0
0
0
0
0
0
0
0
0
0
0
0
0
0
0
0
0
0
0
0
0
0
0
0
-2.9653
0
0
0
0
0
0
0
0
0
0
0
0
0
0
0
0
0
0
0
0
-3.2186
0
0
0
15.1956
0
0
-3.4661
0
0
0
0
0
-3.3233
0
0
0
-2.2222
0
0
0
0
0
0
0
0
0
0
0
0
0
0
0
0
0
0
0
0
0
0
0
0
0
0
0
0
0
0
0
0
0
0
0
0
0
0
0
0
0
0
0
0
0
0
0
-2.4919
0
0
0
0
0
0
0
0
0
0
0
0
0
0
0
0
0
0
0
0
0
0
0
0
0
0
0
0
0
0
0
0
0
0
0
0
0
0
0
0
0
0
0
0
0
0
0
0
0
0
0
0
0
0
-2.3695
0
0
0
0
0
0
0
0
15.6058
0
0
0
0
0
0
0
-3.3797
0
-3.7902
-3.5746
0
0
0
0
0
0
0
0
0
0
0
0
0
0
0
0
0
0
0
0
0
0
0
0
0
0
0
0
0
0
0
0
0
0
0
0
0
0
0
0
0
0
0
0
0
0
-3.1691
0
0
0
-3.1106
0
0
0
0
0
0
0
0
0
0
0
0
0
0
0
0
0
0
0
0
0
0
0
0
0
0
0
0
0
0
0
0
0
0
0
0
0
0
0
0
0
0
0
0
0
0
0
0
0
0
0
0
0
0
0
0
-3.2315
0
0
0
0
0
14.191
0
0
0
0
0
0
0
0
0
0
0
0
0
0
0
0
0
0
0
0
0
0
0
0
0
-4.6799
0
0
0
0
0
0
0
0
0
0
0
0
0
0
0
0
0
0
0
0
0
0
0
0
0
0
0
-3.7606
0
0
0
0
0
0
0
0
0
0
0
0
0
0
0
0
0
0
0
0
0
0
0
0
0
0
0
0
0
0
0
0
0
0
0
0
0
0
0
0
0
0
0
0
0
0
0
0
0
0
0
0
0
0
0
0
0
0
0
0
0
0
0
0
0
-3.563
0
-3.4661
0
0
14.5243
0
0
-3.7346
0
0
0
0
0
0
0
0
0
0
0
0
0
0
0
0
0
0
0
0
0
0
0
0
0
0
0
0
0
0
0
0
0
0
0
0
0
0
0
0
0
0
0
0
0
0
0
0
0
0
0
0
0
0
0
0
0
0
0
0
0
0
-3.4016
0
0
0
0
0
0
0
0
0
0
0
0
0
0
0
0
0
0
0
0
0
0
0
0
0
0
0
0
0
0
0
0
0
0
0
0
0
0
0
0
0
0
0
0
-2.9949
0
0
0
0
0
0
0
0
-3.4814
0
0
0
0
13.7399
0
0
0
-3.8619
0
0
0
0
0
0
0
0
0
0
0
0
0
0
0
0
0
0
0
0
0
0
0
0
0
0
0
0
0
0
0
0
0
0
0
0
0
0
0
0
0
0
0
0
0
0
0
0
0
0
0
0
0
0
0
0
0
0
0
0
0
0
0
0
0
0
0
0
0
0
0
0
0
0
-3.3128
0
0
0
-3.3736
0
0
0
0
0
0
0
0
0
0
0
0
0
0
0
0
0
0
0
0
0
0
0
0
0
0
0
0
0
0
0
0
0
0
0
0
0
0
0
0
0
13.8934
0
-3.4547
0
0
0
0
0
0
0
-3.7523
0
0
0
0
0
0
0
0
0
0
0
0
0
0
0
0
0
0
0
0
0
0
0
0
0
0
0
0
0
0
0
0
0
0
0
0
0
0
0
-3.7043
0
0
0
0
0
0
0
0
0
0
0
0
0
0
0
0
-3.6096
0
0
0
0
0
0
0
0
0
0
0
0
0
0
0
0
0
0
0
0
0
0
0
0
0
0
0
0
0
0
0
0
0
0
0
0
0
0
0
0
0
0
0
0
0
0
0
0
0
0
0
0
0
0
-3.7346
0
0
12.06
0
0
0
0
0
0
0
0
0
0
0
0
0
0
0
0
0
0
0
0
0
0
0
0
0
0
0
0
0
0
0
0
0
0
0
0
0
0
0
0
0
0
0
-1.0115
0
0
0
0
0
0
0
0
0
0
0
0
0
0
0
0
0
0
-3.5816
0
0
0
0
0
0
0
0
0
0
0
0
0
0
0
0
0
0
0
0
0
0
0
0
0
-3.5203
0
0
0
0
0
0
0
0
0
0
0
0
0
0
0
0
0
0
0
0
0
0
0
0
0
0
0
0
0
0
0
0
0
-3.4547
0
13.9517
-3.3951
0
0
0
0
0
0
0
0
0
0
0
0
0
0
0
0
0
0
0
0
0
0
0
0
0
0
0
0
0
0
0
0
0
0
0
0
0
0
0
0
0
0
0
0
0
0
0
0
0
0
0
0
0
0
0
0
0
0
0
0
0
0
0
0
0
0
0
0
0
0
0
0
0
0
0
0
0
0
0
0
0
0
0
0
0
0
0
0
0
0
0
0
0
0
0
0
0
0
0
0
0
0
0
0
0
0
0
0
-3.3615
0
0
0
0
-3.7362
0
0
0
0
0
-3.8619
0
0
-3.3951
14.3548
0
0
0
0
0
0
0
0
0
0
0
0
0
0
0
0
0
0
0
0
0
0
0
0
0
0
0
0
0
0
0
0
0
0
0
0
0
0
0
0
0
0
0
0
0
0
0
0
-3.4386
0
0
0
0
0
0
0
0
0
0
0
0
0
0
0
0
0
0
0
0
0
0
0
0
0
0
0
0
0
-3.3169
0
0
0
0
0
0
0
0
0
0
0
0
0
0
0
0
0
0
0
0
0
0
0
0
0
0
0
0
0
0
0
0
0
0
0
0
-3.3233
-3.3797
0
0
0
0
0
0
0
13.4584
0
0
0
0
0
0
0
0
0
0
0
0
0
0
0
0
0
0
0
0
0
0
0
0
0
0
0
0
0
0
0
0
0
0
0
0
0
0
0
0
0
0
0
0
0
-3.4726
0
0
0
0
0
0
0
0
-3.3854
0
0
-3.3994
0
0
0
0
0
0
0
0
0
0
-3.3729
0
0
0
0
0
0
0
0
0
0
0
0
0
0
0
0
0
0
0
0
0
0
0
0
0
0
0
0
0
0
0
0
0
0
0
0
0
0
0
0
0
0
0
0
0
0
0
0
0
0
0
0
0
0
0
13.6303
0
0
0
0
0
0
0
0
0
0
0
0
0
0
0
0
0
0
0
0
0
0
0
0
0
0
0
0
0
0
0
0
0
0
0
0
0
0
0
0
0
0
0
0
0
0
0
0
0
0
0
0
0
0
0
0
0
0
0
0
0
0
0
0
0
0
0
0
0
0
0
0
0
0
0
0
0
0
0
0
0
0
0
0
0
0
0
0
0
0
0
0
0
0
0
0
0
0
0
0
0
0
0
0
0
0
0
0
0
0
0
0
0
0
-3.7902
0
0
0
0
0
0
0
0
0
12.6157
0
0
0
0
0
0
0
-4.1368
0
0
0
0
0
0
0
0
0
0
0
0
0
-4.6887
0
0
0
0
0
0
0
0
0
0
0
0
0
0
0
0
0
0
0
0
0
0
0
0
0
0
0
0
0
0
0
0
0
0
0
0
0
0
0
0
0
0
0
0
0
0
0
0
0
0
0
0
0
0
0
-3.6293
0
0
0
0
0
0
0
0
0
0
0
0
0
0
0
0
0
0
0
0
-3.4628
0
0
0
0
0
0
0
0
0
0
0
0
0
0
-3.5746
0
0
0
0
0
0
0
0
0
0
10.6667
0
0
0
0
0
0
0
0
0
0
0
0
0
0
0
0
0
0
0
0
0
0
0
0
0
0
0
0
0
0
0
0
0
0
0
0
0
0
0
0
0
0
0
0
0
0
0
0
0
0
0
0
0
0
0
0
0
0
0
0
0
0
0
0
0
0
0
0
0
0
0
0
0
0
0
0
0
0
0
0
0
0
0
0
0
0
0
0
0
0
0
0
0
0
0
0
0
0
0
0
0
0
0
0
0
0
0
0
0
0
-1.9908
-2.2222
0
0
0
0
0
0
0
0
0
0
0
0
9.4093
0
0
0
0
0
0
0
0
0
0
0
0
0
0
0
0
0
0
0
0
0
0
0
0
0
0
0
0
0
0
0
0
0
0
-5.1963
0
0
0
0
0
0
0
0
0
0
0
0
0
0
0
0
0
0
0
0
0
0
0
0
0
0
0
0
0
0
-2.194
0
0
0
0
0
0
0
0
0
0
0
0
0
0
0
0
0
0
0
0
0
0
0
0
0
0
0
0
0
0
0
0
0
0
0
0
0
0
0
0
0
0
0
0
0
0
0
0
0
0
0
0
0
0
0
0
0
0
11.7771
0
0
0
0
0
0
0
0
0
0
0
0
0
0
0
0
0
0
-4.7599
0
0
0
0
0
0
0
0
0
-4.8232
0
0
0
0
0
0
0
0
0
0
0
0
0
0
0
0
0
0
0
0
0
0
0
0
0
0
0
0
0
0
0
0
0
0
0
0
0
0
0
0
0
0
0
0
0
0
0
0
0
0
0
0
0
0
0
0
0
0
0
0
0
0
0
0
0
0
0
0
-3.2518
0
0
0
0
0
0
0
0
0
0
0
0
0
0
0
0
-3.7523
0
0
0
0
0
0
0
0
0
11.8505
0
0
0
0
0
0
0
0
0
0
0
0
0
0
0
0
0
0
-4.8464
0
0
0
0
0
0
0
0
0
0
0
0
0
0
0
0
0
0
0
0
0
0
0
0
0
0
0
0
0
0
0
0
0
-3.9451
0
0
0
0
0
-4.0013
0
0
-3.9518
0
0
0
0
0
0
0
0
0
0
0
0
0
0
0
0
0
0
0
0
0
0
0
0
0
0
0
0
0
0
0
0
0
0
0
0
0
0
0
0
0
0
0
0
0
0
0
0
0
0
0
0
0
0
0
0
0
0
0
0
0
0
11.8982
0
0
0
0
0
0
0
0
0
0
0
0
0
0
0
0
0
0
0
0
0
0
0
0
0
0
0
0
0
0
0
0
0
0
0
0
0
-4.0052
0
0
0
0
0
0
0
0
0
0
0
0
-4.0426
0
0
0
0
0
0
0
0
0
0
0
0
0
0
0
0
0
0
0
0
0
0
0
0
0
0
0
0
0
0
0
0
0
0
0
0
0
0
0
0
0
0
0
0
0
0
0
0
0
0
0
-3.42
0
0
0
0
0
0
0
0
0
0
0
0
0
0
0
0
0
0
0
0
0
11.4678
0
0
0
0
0
0
0
0
0
0
0
0
0
0
0
0
0
0
0
0
0
0
0
0
0
0
0
0
0
0
0
0
0
0
0
0
0
0
0
0
0
0
0
-3.5612
0
0
0
0
0
0
0
0
0
0
0
0
-3.5762
0
0
0
0
0
0
0
0
0
0
0
0
0
0
0
0
0
0
0
0
0
0
0
0
0
0
0
0
0
0
0
0
0
0
0
0
0
0
0
0
0
0
0
0
0
0
0
0
0
0
0
0
0
0
0
0
0
0
0
0
0
0
0
0
0
0
0
11.7639
0
0
0
0
0
0
0
0
0
0
0
0
0
0
0
0
0
-4.6265
0
0
0
0
0
0
0
0
0
0
0
0
0
0
0
0
0
0
0
0
0
0
0
0
0
0
0
0
0
0
0
0
0
0
0
0
0
-3.4976
0
0
0
0
0
0
0
0
0
0
0
0
0
0
0
0
0
0
0
0
0
0
0
0
0
0
0
0
0
0
0
0
0
0
0
0
0
0
0
0
0
0
0
0
0
0
-3.6115
0
0
0
0
0
0
0
0
0
0
0
0
0
-4.1368
0
0
0
0
0
0
0
11.2458
0
0
0
0
0
0
0
0
0
0
0
0
0
0
0
0
0
0
0
0
0
0
0
0
0
0
0
0
0
0
0
0
0
0
0
-3.2105
0
0
0
0
0
0
0
0
0
0
0
0
0
0
0
0
0
0
0
0
0
0
0
0
0
0
0
0
0
0
0
0
0
0
0
0
0
0
0
0
0
0
0
0
0
0
0
0
0
0
0
0
0
0
0
0
0
0
0
0
0
0
0
0
-3.4268
0
0
0
0
0
0
0
0
0
0
0
0
0
0
0
0
0
0
0
0
0
0
0
11.5577
0
0
0
0
0
0
0
0
-4.9205
0
0
0
0
0
0
0
0
0
0
0
0
0
0
0
0
0
0
0
0
0
0
0
0
0
0
0
0
0
0
0
0
0
0
0
0
0
0
0
0
0
0
0
0
0
0
0
0
0
0
0
0
-2.3407
0
0
0
0
0
0
0
0
0
0
0
0
0
0
0
0
0
0
0
0
0
0
0
0
0
0
0
0
0
0
0
0
0
0
0
-3.2423
0
0
0
0
0
0
0
0
0
0
0
0
0
0
0
0
0
0
0
0
0
0
0
0
0
0
10.2333
0
0
0
0
0
0
0
0
0
0
0
0
0
0
0
0
0
0
0
0
0
0
-4.6502
0
0
0
0
0
0
0
0
0
0
0
0
0
0
0
0
0
0
0
0
0
0
0
0
0
0
0
0
0
0
0
0
0
0
0
0
0
0
0
0
0
0
-3.5177
0
0
0
0
0
0
0
0
0
0
0
0
0
0
0
0
0
0
0
0
0
0
0
0
0
0
0
0
0
0
0
0
0
0
0
-3.795
0
0
0
0
0
0
0
0
0
0
0
0
0
0
0
0
0
0
0
0
0
0
11.401
0
0
-4.0883
0
0
0
0
0
0
0
0
0
0
0
0
0
0
0
0
0
0
0
0
0
0
0
0
0
0
0
0
0
0
0
0
0
0
0
0
0
0
0
0
0
0
0
0
0
0
0
0
0
0
0
0
0
0
0
0
0
0
0
0
0
0
0
0
0
0
0
0
0
0
0
0
0
-3.8305
0
0
0
0
0
0
0
0
0
0
0
0
0
0
0
0
0
0
0
0
0
-3.5217
0
0
0
0
0
0
0
0
0
0
0
0
0
0
0
0
0
0
0
0
0
0
0
0
0
12.0335
0
0
0
0
0
0
0
0
0
0
0
-4.6813
0
0
0
0
0
0
0
0
0
0
0
0
0
0
0
0
0
0
0
0
0
0
0
0
0
0
0
0
0
0
0
0
0
0
0
0
0
0
0
0
0
0
0
0
0
0
0
0
0
-4.3736
0
0
0
0
0
0
0
0
0
0
0
0
0
0
0
0
0
0
0
0
0
0
0
0
0
-3.99
0
0
0
0
0
0
0
0
0
0
0
0
0
0
0
0
0
0
0
0
0
0
0
0
0
0
0
0
0
0
0
0
0
0
0
0
13.5014
0
0
0
0
0
0
0
0
0
0
0
0
0
0
0
0
-5.1377
0
0
0
0
0
0
0
0
0
0
0
0
0
0
0
0
0
0
0
0
0
0
0
0
0
0
0
0
0
0
0
0
0
0
0
0
0
0
0
0
0
0
0
0
0
0
0
-3.5051
0
0
0
0
0
0
0
0
0
0
0
0
-3.4466
0
0
0
0
0
0
0
0
0
0
0
0
0
0
0
0
0
0
0
0
0
0
0
0
0
0
0
0
0
0
0
0
0
0
0
0
0
0
0
0
0
0
0
-4.0883
0
0
11.0401
0
0
0
0
0
0
0
0
0
0
0
0
0
0
0
0
0
0
0
0
0
0
0
0
0
0
0
0
0
0
0
0
0
0
0
0
-5.0352
0
0
0
0
0
0
0
0
0
0
0
0
0
0
0
0
0
0
0
0
0
0
0
0
-4.9312
0
0
0
0
0
0
0
0
0
0
0
0
0
0
0
0
0
0
0
0
0
0
0
0
0
0
0
0
0
0
0
0
0
0
0
0
0
0
0
0
0
0
0
0
0
0
0
0
0
0
0
0
0
0
0
0
0
0
0
0
0
0
9.9664
0
0
0
0
0
0
0
0
0
0
0
0
0
0
0
0
0
0
0
0
0
0
0
0
0
0
0
0
0
0
0
0
0
0
0
0
0
0
0
0
0
0
0
0
0
0
0
0
0
0
0
0
0
0
0
0
0
0
0
0
0
-4.5937
0
0
0
0
0
0
0
0
0
-4.5299
0
0
0
0
0
0
0
0
0
0
0
0
0
0
0
0
0
0
0
0
0
0
0
0
0
0
0
0
0
0
0
0
0
0
0
0
0
0
0
0
0
0
0
0
0
0
0
0
0
0
0
0
9.1236
0
0
0
0
0
0
0
0
0
0
0
0
0
0
0
0
0
0
0
0
0
0
0
0
0
0
0
0
0
0
0
0
0
0
0
0
0
0
0
0
0
0
-4.5826
0
0
0
0
0
0
0
0
0
0
0
0
0
0
0
0
0
0
0
0
0
0
0
0
0
0
0
0
0
0
0
0
0
0
0
0
0
0
0
0
0
0
0
0
0
0
0
0
0
0
0
0
0
0
0
-4.6799
0
0
0
0
0
0
0
0
0
0
0
0
0
0
0
0
0
0
0
0
0
0
0
0
0
9.2625
0
0
0
0
0
0
0
0
0
0
0
0
0
0
0
0
0
0
0
0
0
0
0
0
0
0
0
0
0
0
0
0
0
0
0
0
0
0
0
0
0
0
0
0
0
0
0
0
0
0
0
0
0
0
0
0
0
0
0
0
0
0
0
0
0
0
0
0
0
0
0
0
0
0
0
0
0
0
0
0
0
0
0
0
0
-3.3625
0
0
0
0
0
0
0
0
0
0
0
0
0
0
0
0
0
0
0
0
0
0
0
0
0
0
0
0
0
-4.9205
0
0
0
0
0
0
0
0
8.283
0
0
0
0
0
0
0
0
0
0
0
0
0
0
0
0
0
0
0
0
0
0
0
0
0
0
0
0
0
0
0
0
0
0
0
0
0
0
0
0
0
0
0
0
0
0
0
0
0
0
0
0
0
0
0
0
0
0
0
0
-3.7078
0
0
0
0
0
0
0
0
0
0
0
0
0
0
0
0
0
0
0
0
0
0
0
0
0
0
0
0
0
0
0
0
0
0
0
0
0
0
0
0
0
0
0
0
0
0
0
0
0
0
0
0
0
0
0
0
0
0
0
0
0
0
0
9.0259
0
0
0
-5.3181
0
0
0
0
0
0
0
0
0
0
0
0
0
0
0
0
0
0
0
0
0
0
0
0
0
0
0
0
0
0
0
0
0
0
0
0
0
0
0
0
0
0
0
0
0
0
0
0
0
-4.7582
0
0
0
0
0
0
0
0
0
0
0
0
0
0
0
0
0
0
0
0
0
0
0
0
0
0
0
0
0
0
0
0
0
0
0
0
0
0
0
0
0
0
0
0
0
0
0
0
0
0
0
0
0
0
0
0
0
0
0
0
0
0
0
0
0
0
0
0
0
0
9.7485
0
0
0
0
0
0
-4.9902
0
0
0
0
0
0
0
0
0
0
0
0
0
0
0
0
0
0
0
-4.6634
0
0
0
0
0
0
0
0
0
0
0
0
0
0
0
0
0
0
0
0
0
0
0
0
0
0
0
0
0
0
0
0
0
0
0
0
0
0
0
0
0
0
0
0
0
0
0
0
0
0
0
0
0
0
0
0
0
0
0
0
0
0
0
0
0
0
0
0
0
0
0
0
0
0
0
0
0
0
0
0
0
0
0
0
0
0
0
0
0
0
0
0
0
0
0
0
0
9.7088
0
0
-5.0454
0
0
0
0
0
0
0
0
0
0
0
0
0
0
0
0
0
0
0
0
0
0
0
0
0
0
0
0
0
0
0
0
0
0
0
0
0
0
0
0
0
0
0
0
0
0
0
0
0
0
0
0
0
0
0
0
0
0
0
0
0
0
0
0
0
0
0
0
0
0
0
0
0
0
0
0
0
0
0
0
0
0
0
0
0
0
0
0
0
0
0
0
0
0
0
0
0
0
0
-4.6887
0
0
-4.7599
0
0
0
0
0
0
0
0
0
0
0
0
0
0
0
0
0
0
9.4486
0
0
0
0
0
0
0
0
0
0
0
0
0
0
0
0
0
0
0
0
0
0
0
0
0
0
0
0
0
0
0
0
0
0
0
0
0
0
0
0
0
0
0
0
0
0
0
0
0
0
0
0
0
0
0
0
0
0
0
0
0
0
0
0
0
0
0
0
0
0
0
0
0
0
0
0
0
0
0
0
0
0
0
0
0
0
0
0
0
0
0
0
0
0
0
0
0
0
0
0
0
0
0
0
0
-4.8464
0
0
0
0
0
0
0
0
0
0
0
0
0
0
-5.3181
0
0
0
10.1645
0
0
0
0
0
0
0
0
0
0
0
0
0
0
0
0
0
0
0
0
0
0
0
0
0
0
0
0
0
0
0
0
0
0
0
0
0
0
0
0
0
0
0
0
0
0
0
0
0
0
0
0
0
0
0
0
0
0
0
0
0
0
0
0
0
0
0
0
0
0
0
0
0
0
0
0
0
0
0
0
0
0
0
0
0
0
0
0
0
0
0
0
0
0
0
0
0
0
0
0
0
0
0
0
0
0
0
0
0
0
0
0
-4.6813
0
0
0
0
0
0
0
0
-5.0454
0
0
9.7267
0
0
0
0
0
0
0
0
0
0
0
0
0
0
0
0
0
0
0
0
0
0
0
0
0
0
0
0
0
0
0
0
0
0
0
0
0
0
0
0
0
0
0
0
0
0
0
0
0
0
0
0
0
0
0
0
0
0
0
0
0
0
0
0
0
0
0
0
0
0
0
0
0
0
0
0
0
0
0
0
0
0
0
0
0
0
-4.4469
0
0
0
0
0
0
0
0
0
0
0
0
0
0
0
0
0
0
0
-4.6265
0
0
0
0
0
0
0
0
0
0
0
0
0
0
0
0
0
9.0734
0
0
0
0
0
0
0
0
0
0
0
0
0
0
0
0
0
0
0
0
0
0
0
0
0
0
0
0
0
0
0
0
0
0
0
0
0
0
0
0
0
0
0
0
0
0
0
0
0
0
0
0
0
0
0
0
0
0
0
0
0
0
0
0
0
0
0
0
0
0
0
0
-4.3192
0
0
0
0
0
0
-4.1615
0
0
0
0
0
0
0
0
0
0
0
0
0
0
0
0
0
0
0
0
0
0
0
0
0
0
0
0
0
0
0
0
0
0
0
0
0
0
0
0
0
0
0
0
8.4807
0
0
0
0
0
0
0
0
0
0
0
0
0
0
0
0
0
0
0
0
0
0
0
0
0
0
0
0
0
0
0
0
0
0
0
0
0
0
0
0
0
0
0
0
0
0
0
0
0
0
0
0
0
0
0
0
0
0
0
0
0
0
0
0
0
0
0
0
0
0
0
0
0
0
0
0
0
0
0
0
0
0
0
0
0
-4.4089
0
0
0
0
0
0
0
0
0
0
0
0
0
0
0
0
0
0
0
0
0
0
0
0
0
0
0
0
0
0
0
-4.9902
0
0
0
0
0
0
9.3991
0
0
0
0
0
0
0
0
0
0
0
0
0
0
0
0
0
0
0
0
0
0
0
0
0
0
0
0
0
0
0
0
0
0
0
0
0
0
0
0
0
0
0
0
0
0
0
0
0
0
0
0
0
0
0
0
0
0
0
0
0
0
0
0
0
0
0
0
0
0
0
0
0
0
0
0
0
0
-5.1325
0
0
0
0
0
0
0
0
0
0
0
0
0
0
0
0
0
0
0
0
0
0
0
0
0
0
0
0
0
0
0
0
0
0
0
0
0
0
0
0
0
0
0
0
0
10.714
0
-5.5814
0
0
0
0
0
0
0
0
0
0
0
0
-4.9014
0
0
0
-4.9466
0
0
0
0
0
0
0
0
0
0
0
0
0
0
0
0
0
0
0
0
0
0
0
0
0
0
0
0
0
0
0
0
0
0
0
0
0
0
0
0
0
0
0
0
0
0
0
0
0
0
0
0
0
0
0
0
0
0
0
0
0
0
0
0
0
0
0
0
0
0
0
0
0
0
0
0
0
0
0
0
0
0
0
0
0
0
0
0
0
0
0
0
0
0
0
0
0
0
0
0
0
0
0
0
0
9.848
0
0
0
0
0
0
0
0
0
0
0
0
0
0
0
0
0
0
0
0
0
0
0
0
0
0
0
0
0
0
0
0
0
0
0
0
0
0
0
0
0
0
0
0
0
0
0
0
0
0
0
0
0
0
0
0
0
0
0
0
0
0
0
0
0
0
0
0
0
0
0
0
0
0
0
0
0
0
0
0
0
0
0
0
0
0
0
0
0
0
0
0
0
0
0
0
0
0
0
0
0
0
0
0
0
0
0
-5.1377
0
0
0
0
0
0
0
0
0
0
0
0
0
0
-5.5814
0
10.7192
0
0
0
0
0
0
0
0
0
0
0
0
0
0
0
0
0
0
0
0
0
0
0
0
0
0
0
0
0
0
0
0
0
0
0
0
0
0
0
0
0
0
0
0
0
0
0
0
0
0
0
0
0
0
0
0
0
0
0
0
0
0
0
0
0
0
0
0
0
0
0
-1.6989
0
0
0
0
0
0
0
-2.9528
0
0
0
0
0
0
0
0
0
0
0
0
0
0
0
0
0
0
0
0
0
0
0
0
0
0
0
0
0
0
0
0
0
0
0
0
0
0
0
0
0
0
0
0
4.6517
0
0
0
0
0
0
0
0
0
0
0
0
0
0
0
0
0
0
0
0
0
0
0
0
0
0
0
0
0
0
0
-3.6051
0
0
0
0
0
0
0
0
0
0
0
0
0
0
0
0
0
0
0
0
0
0
0
0
0
0
0
0
0
0
0
0
0
0
0
0
0
0
0
0
0
0
0
0
0
0
0
0
0
0
0
0
0
0
0
0
0
0
0
0
0
0
0
-4.8232
0
0
0
0
0
0
0
0
0
0
0
0
0
0
0
0
0
0
0
0
0
0
0
0
0
0
0
0
8.4282
0
0
0
0
0
0
0
0
0
0
0
0
0
0
0
0
0
0
0
0
0
0
0
0
0
0
0
0
0
0
0
0
0
0
0
0
0
0
0
0
0
0
0
0
0
0
0
0
0
0
0
0
0
0
0
0
0
0
0
0
0
0
0
0
0
0
0
0
0
0
0
0
0
0
0
0
0
0
0
0
0
0
0
0
0
0
0
0
0
0
0
0
0
0
0
0
0
0
0
0
0
-4.6502
0
0
0
0
0
0
0
0
0
0
0
0
0
0
0
0
0
0
0
0
0
0
4.6502
0
0
0
0
0
0
0
0
0
0
0
0
0
0
0
0
0
0
0
0
0
0
0
0
0
-6.7821
0
0
0
0
0
0
0
0
0
0
0
0
0
0
0
0
0
0
0
0
0
0
0
0
0
0
0
0
0
0
0
0
0
0
0
0
0
0
0
0
0
0
0
0
0
0
0
0
0
0
0
0
0
0
0
0
0
0
0
0
0
0
0
0
0
0
0
0
0
0
0
0
0
0
0
0
0
0
0
0
0
0
0
0
0
0
0
0
0
0
0
0
0
0
0
0
0
0
6.7821
0
0
0
0
0
0
0
0
0
0
0
0
0
0
0
0
0
0
0
0
0
0
0
0
0
0
0
0
0
0
0
0
0
0
0
0
0
0
0
0
0
0
0
0
0
0
0
0
0
0
0
0
0
0
0
0
0
0
0
0
0
0
-5.6127
0
0
0
0
0
0
0
0
0
0
0
0
0
0
0
0
0
0
0
0
0
0
0
0
0
0
0
0
0
0
0
0
0
0
0
0
0
0
0
0
0
0
0
0
0
0
0
0
0
0
0
0
0
0
0
0
0
0
0
0
0
5.6127
0
0
0
0
0
0
0
0
0
0
0
0
0
0
0
0
0
0
0
0
0
0
0
0
0
0
0
0
0
0
0
-6.6536
0
0
0
0
0
0
0
0
0
0
0
0
0
0
0
0
0
0
0
0
0
0
0
0
0
0
0
0
0
0
0
0
0
0
0
0
0
0
0
0
0
0
0
0
0
0
0
0
0
0
0
0
0
0
0
0
0
0
0
0
0
0
0
0
0
0
0
0
0
0
0
0
0
0
0
0
0
0
0
0
0
0
0
0
0
0
0
0
0
0
0
0
6.6536
0
0
0
0
0
0
0
0
0
0
0
0
0
0
0
0
0
0
0
0
0
0
0
0
0
0
0
0
0
0
0
0
0
0
0
0
0
0
0
0
0
0
0
0
0
0
0
0
0
0
0
0
0
0
0
0
0
0
0
0
0
0
0
0
0
0
0
0
0
0
0
0
0
0
0
0
0
0
0
0
0
0
0
0
0
0
0
0
0
-5.1963
0
0
0
0
0
0
0
0
0
0
0
0
0
0
0
0
0
0
0
0
0
0
0
0
0
0
0
0
0
0
0
0
0
0
5.1963
0
0
0
0
0
0
0
0
0
0
0
0
0
0
0
0
0
0
0
0
0
0
0
0
0
0
0
0
0
0
0
0
0
0
0
0
0
0
0
0
0
0
-5.9367
0
0
0
0
0
0
0
0
0
0
0
0
0
0
0
0
0
0
0
0
0
0
0
0
0
0
0
0
0
0
0
0
0
0
0
0
0
0
0
0
0
0
0
0
0
0
0
0
0
0
0
0
0
0
0
0
0
0
0
0
0
0
0
0
0
0
0
0
0
0
0
0
0
0
0
0
0
0
0
0
0
5.9367
0
0
0
0
0
0
0
0
0
0
0
0
0
0
0
0
0
0
0
0
0
0
0
0
0
0
0
0
0
0
0
0
0
0
0
0
0
0
0
0
0
0
0
0
0
0
0
0
0
0
0
0
0
0
0
0
0
0
0
0
0
0
0
0
0
0
0
0
0
0
0
0
0
0
0
0
0
0
0
0
-1.0115
0
0
0
0
0
0
0
0
0
0
0
0
0
0
0
0
0
0
0
0
0
0
0
0
0
0
0
0
0
0
0
0
0
0
0
0
0
0
0
0
0
0
0
1.0115
0
0
0
0
0
0
0
0
0
0
0
0
0
0
0
0
0
0
0
0
0
0
0
0
0
0
0
0
0
0
0
0
0
0
0
0
0
0
0
0
0
0
0
0
0
0
0
0
0
0
0
0
0
0
-5.773
0
0
0
0
0
0
0
0
0
0
0
0
0
0
0
0
0
0
0
0
0
0
0
0
0
0
0
0
0
0
0
0
0
0
0
0
0
0
0
0
0
0
0
0
0
0
0
0
0
0
0
0
0
0
0
0
0
0
0
0
0
0
0
0
0
0
0
0
0
5.773
0
0
0
0
0
0
-7.9628
0
0
0
0
0
0
0
0
0
0
0
0
0
0
0
0
0
0
0
0
0
0
0
0
0
0
0
0
0
0
0
0
0
0
0
0
0
0
0
0
0
0
0
0
0
0
0
0
0
0
0
0
0
0
0
0
0
0
0
0
0
0
0
0
0
0
0
0
0
0
0
0
0
0
0
0
0
0
0
0
0
0
0
0
0
0
0
0
0
0
0
0
0
0
0
0
0
0
0
0
0
0
0
0
0
0
0
0
0
0
0
0
0
0
0
0
0
7.9628
0
-8.5538
0
0
0
0
0
0
0
0
0
0
0
0
0
0
0
0
0
0
0
0
0
0
0
0
0
0
0
0
0
0
0
0
0
0
0
0
0
0
0
0
0
0
0
0
0
0
0
0
0
0
0
0
0
0
0
0
0
0
0
0
0
0
0
0
0
0
0
0
0
0
0
0
0
0
0
0
0
0
0
0
0
0
0
0
0
0
0
0
0
0
0
0
0
0
0
0
0
0
0
0
0
0
0
0
0
0
0
0
0
0
0
0
0
0
0
0
0
0
0
0
0
0
8.5538
