1
0.94885
0.92987
0.91937
0.91193
0.90561
0.90051
0.89606
0.89293
0.88424
0.87729
0.87135
0.86574
0.86032
0.855
0.84984
0.84473
0.83966
0.83463
0.82971
0.82496
0.82042
0.81609
0.81199
0.8081
0.80436
0.80071
0.79708
0.79346
0.78985
0.78625
0.7827
0.77921
0.77582
0.77254
0.76938
0.76637
0.76352
0.76083
0.75831
0.75593
0.75368
0.75154
0.74947
0.74744
0.74543
0.74342
0.74141
0.73939
0.73734
0.73527
0.73316
0.73102
0.72887
0.72672
0.72457
0.72244
0.72033
0.71826
0.71622
0.7142
0.7122
0.71018
0.70814
0.70608
0.704
0.70188
0.69974
0.69758
0.69539
0.69319
0.69096
0.68872
0.68647
0.6842
0.68193
0.67966
0.67739
0.67513
0.67289
0.67067
0.66847
0.66629
0.66414
0.66202
0.65994
0.65789
0.65589
0.65393
0.652
0.65011
0.64825
0.64641
0.64459
0.64278
0.64098
0.63918
0.6374
0.63562
0.63384
0.63207
