1
0.9862
0.97779
0.97197
0.9675
0.96393
0.96088
0.95846
0.95623
0.95452
0.95298
0.95175
0.95061
0.94595
0.94169
0.93781
0.93425
0.93095
0.92787
0.92496
0.9222
0.91953
0.91695
0.91443
0.91196
0.90952
0.9071
0.9047
0.90232
0.89995
0.89761
0.89529
0.89302
0.89079
0.88861
0.88648
0.8844
0.88236
0.88035
0.87837
0.87641
0.87446
0.87253
0.87061
0.8687
0.86682
0.86496
0.86312
0.86131
0.85952
0.85777
0.85605
0.85436
0.85269
0.85105
0.84943
0.84784
0.84626
0.84471
0.84318
0.84167
0.84018
0.83871
0.83726
0.83583
0.83441
0.83301
0.83163
0.83026
0.8289
0.82756
0.82623
0.8249
0.82359
0.82229
0.82099
0.81971
0.81843
0.81715
0.81588
0.81462
0.81337
0.81212
0.81088
0.80964
0.80842
0.80721
0.806
0.8048
0.80361
0.80243
0.80126
0.80011
0.79896
0.79782
0.7967
0.79558
0.79448
0.79339
0.79231
0.79124
0.79018
0.78913
0.7881
0.78708
0.78607
0.78507
0.78409
0.78311
0.78215
0.7812
0.78027
0.77934
0.77843
0.77753
0.77664
0.77577
0.7749
0.77404
0.7732
0.77237
0.77155
0.77073
0.76993
0.76914
0.76836
0.76759
0.76682
0.76607
0.76532
0.76459
0.76386
0.76315
0.76244
0.76174
0.76105
0.76037
0.7597
0.75904
0.75839
0.75775
0.75713
0.75651
0.7559
0.75531
0.75473
0.75416
0.7536
0.75305
0.75251
0.75199
0.75148
0.75098
0.75049
0.75002
0.74955
0.7491
0.74866
0.74823
0.74781
0.74739
0.74699
0.7466
0.74621
0.74584
0.74547
0.74511
0.74475
0.7444
0.74406
0.74372
0.74339
0.74306
0.74273
0.74241
0.74209
0.74178
0.74146
0.74115
0.74084
0.74053
0.74023
0.73992
0.73962
0.73931
0.73901
0.73871
0.73841
0.73811
0.73781
0.73752
0.73722
0.73693
0.73663
0.73634
0.73605
0.73576
0.73547
0.73518
0.73489
0.7346
0.73432
0.73403
0.73375
0.73347
0.73319
0.73291
0.73264
0.73237
0.73209
0.73182
0.73155
0.73129
0.73102
0.73076
0.73049
0.73023
0.72997
0.72971
0.72946
0.7292
0.72895
0.72869
0.72844
0.72819
0.72795
0.7277
0.72746
0.72721
0.72697
0.72673
0.72649
0.72626
0.72602
0.72578
0.72555
0.72532
0.72509
0.72486
0.72463
0.7244
0.72418
0.72395
0.72373
0.72351
0.72329
0.72307
0.72285
0.72263
0.72242
0.7222
0.72199
0.72177
0.72156
0.72135
0.72114
0.72093
0.72073
0.72052
0.72031
0.72011
0.71991
0.7197
0.7195
0.7193
0.71909
0.71889
0.71869
0.71849
0.71829
0.71809
0.71789
0.71769
0.71749
0.71729
0.7171
0.7169
0.7167
0.71651
0.71631
