94.3021
-0.87496
-0.85939
-0.81912
-0.83712
-0.87858
-0.83864
-0.83864
-0.87745
-0.88178
-0.84868
-0.82393
-0.84973
-0.82861
-0.81569
-0.83707
-0.84386
-0.84589
-0.81366
-0.81365
-0.79766
-0.80657
-0.92505
-0.9031
-0.85686
-0.84849
-0.84849
-0.8266
-0.81434
-0.82749
-0.79598
-0.83793
-0.75135
-0.85872
-0.84392
-0.74588
-0.74614
-0.87234
-0.74777
-0.75138
-0.76351
-0.89736
-0.81521
-0.93003
-0.91599
-0.91826
-0.93288
-0.96815
-0.90085
-0.88426
-0.86769
-1.2054
-1.2581
-1.4771
-1.432
-1.7488
0
0
0
0
0
-2.9791
-3.0669
-4.4041
0
0
0
0
0
0
0
0
0
0
0
0
0
0
0
0
0
-8.6856
0
0
0
-8.6132
0
0
0
0
0
-8.6131
0
0
0
0
0
-8.592
0
0
0
0
0
0
0
0
-0.87496
59.4632
-0.85734
-0.79097
-0.81219
-0.87222
-0.81358
-0.81358
-0.8678
-0.87146
-0.82318
-0.79845
-0.82392
-0.80627
-0.79613
-0.81695
-0.8181
-0.82011
-0.78803
-0.78802
-0.77218
-0.78076
-0.90972
-0.89039
-0.83368
-0.8227
-0.82271
-0.80121
-0.78903
-0.80208
-0.77079
-0.81242
-0.72628
-0.84168
-0.82358
-0.72075
-0.7202
-0.85567
-0.72677
-0.73092
-0.73683
-0.8928
-0.78758
-0.89947
-0.90429
-0.89596
-0.9018
-0.93706
-0.86973
-0.85271
-0.8356
-1.1684
-1.2274
-1.4284
-1.4621
-1.6969
0
0
0
-3.1143
0
0
0
0
0
0
0
0
0
0
0
0
0
0
0
0
0
0
0
-8.245
0
0
0
0
0
0
0
0
0
0
0
0
0
0
0
0
0
0
0
0
0
0
0
0
0
0
-0.85939
-0.85734
62.9273
-0.79893
-0.8119
-0.85883
-0.81324
-0.81324
-0.85739
-0.86123
-0.81975
-0.79751
-0.82282
-0.80246
-0.79165
-0.81484
-0.81701
-0.81902
-0.78694
-0.78692
-0.7711
-0.77976
-0.89729
-0.88157
-0.83173
-0.82154
-0.82154
-0.79996
-0.78781
-0.80084
-0.76959
-0.81118
-0.72553
-0.84012
-0.81913
-0.71973
-0.71958
-0.84945
-0.72328
-0.72708
-0.73648
-0.87972
-0.78735
-0.90055
-0.89564
-0.89103
-0.90317
-0.93823
-0.8713
-0.8545
-0.83772
-1.172
-1.2331
-1.4376
-1.4689
-1.7065
0
0
0
0
0
0
0
0
0
0
0
0
0
0
0
0
0
0
-7.4626
0
0
0
0
0
0
0
0
0
0
0
0
0
0
0
-7.4626
0
0
0
0
0
0
0
0
0
0
0
0
0
0
0
-0.81912
-0.79097
-0.79893
52.1976
-0.75386
-0.80423
-0.75673
-0.75673
-0.81291
-0.80781
-0.76394
-0.73942
-0.76442
-0.74745
-0.73805
-0.75829
-0.75872
-0.7607
-0.72936
-0.72935
-0.7139
-0.72214
-0.85712
-0.82974
-0.77329
-0.76304
-0.76304
-0.74236
-0.73045
-0.74321
-0.71262
-0.7533
-0.66772
-0.78117
-0.76531
-0.66393
-0.66314
-0.79777
-0.67083
-0.67504
-0.67892
-0.83721
-0.72825
-0.83719
-0.84377
-0.83681
-0.83946
-0.87413
-0.8079
-0.79099
-0.77411
-1.1014
-1.2209
-1.3636
-1.3924
-1.6283
0
0
0
-3.0816
0
0
0
0
-4.1805
0
0
0
0
0
0
0
0
0
0
0
0
0
0
0
0
0
0
0
0
0
0
0
0
0
0
0
0
0
0
0
0
0
0
0
0
0
0
0
0
0
-0.83712
-0.81219
-0.8119
-0.75386
47.7676
-0.81506
-0.76842
-0.76842
-0.81851
-0.8254
-0.77828
-0.75079
-0.77611
-0.76136
-0.75055
-0.76976
-0.77037
-0.77235
-0.74054
-0.74053
-0.72493
-0.73338
-0.86563
-0.85184
-0.78603
-0.77484
-0.77484
-0.75415
-0.74222
-0.75501
-0.72426
-0.76512
-0.67372
-0.79696
-0.77805
-0.67483
-0.67391
-0.81123
-0.6823
-0.68667
-0.68983
-0.85363
-0.73957
-0.84886
-0.85442
-0.84826
-0.85096
-0.88587
-0.81916
-0.80206
-0.78477
-1.1134
-1.1805
-1.3748
-1.4156
-1.6398
0
0
0
0
-2.2147
0
0
0
0
0
0
0
0
0
0
0
0
0
0
0
0
0
0
0
0
0
0
0
0
0
0
0
0
0
0
0
0
0
0
0
0
0
0
0
0
0
0
0
0
0
-0.87858
-0.87222
-0.85883
-0.80423
-0.81506
56.4002
-0.81625
-0.81625
-0.86795
-0.87263
-0.82511
-0.80092
-0.82629
-0.80817
-0.79782
-0.81935
-0.82046
-0.82248
-0.79034
-0.79033
-0.77445
-0.78308
-0.91423
-0.89155
-0.83612
-0.8251
-0.82509
-0.80367
-0.79149
-0.80453
-0.77322
-0.81488
-0.72923
-0.84577
-0.82535
-0.72308
-0.72258
-0.85703
-0.72844
-0.73266
-0.73925
-0.89314
-0.79003
-0.9024
-0.90216
-0.89649
-0.90487
-0.94011
-0.87279
-0.85583
-0.83876
-1.1718
-1.2334
-1.4325
-1.4701
-1.6996
0
0
0
0
0
0
0
0
0
0
0
0
0
0
0
0
0
0
0
0
0
0
0
0
0
0
0
0
0
0
0
0
0
0
0
0
0
0
0
0
0
0
0
0
0
0
-8.1521
0
0
0
-0.83864
-0.81358
-0.81324
-0.75673
-0.76842
-0.81625
45.6294
-0.75991
-0.82012
-0.82595
-0.78551
-0.75164
-0.77692
-0.76263
-0.75054
-0.76998
-0.77119
-0.77317
-0.74142
-0.74139
-0.72578
-0.7343
-0.8655
-0.85667
-0.78759
-0.7759
-0.7759
-0.7553
-0.74334
-0.75615
-0.72537
-0.76627
-0.68132
-0.79832
-0.77976
-0.67591
-0.67524
-0.81336
-0.68381
-0.68827
-0.6912
-0.86163
-0.74097
-0.85023
-0.85654
-0.84928
-0.85242
-0.88742
-0.82053
-0.80345
-0.78611
-1.1147
-1.185
-1.3761
-1.4129
-1.6396
0
0
0
0
0
0
0
0
0
0
0
0
0
0
0
0
0
0
0
0
0
0
0
0
0
0
0
0
0
0
0
0
0
0
0
0
0
0
0
0
0
0
0
0
0
0
0
0
0
0
-0.83864
-0.81358
-0.81324
-0.75673
-0.76842
-0.81625
-0.75991
45.6294
-0.82012
-0.82595
-0.7855
-0.75164
-0.77692
-0.76262
-0.75054
-0.76999
-0.77119
-0.77317
-0.74141
-0.74141
-0.72579
-0.7343
-0.8655
-0.85668
-0.78758
-0.7759
-0.7759
-0.7553
-0.74335
-0.75616
-0.72537
-0.76627
-0.68132
-0.79833
-0.77975
-0.67591
-0.67524
-0.81336
-0.68381
-0.68827
-0.6912
-0.86163
-0.74097
-0.85023
-0.85654
-0.84928
-0.85242
-0.88742
-0.82054
-0.80345
-0.78611
-1.1147
-1.185
-1.3761
-1.4129
-1.6396
0
0
0
0
0
0
0
0
0
0
0
0
0
0
0
0
0
0
0
0
0
0
0
0
0
0
0
0
0
0
0
0
0
0
0
0
0
0
0
0
0
0
0
0
0
0
0
0
0
0
-0.87745
-0.8678
-0.85739
-0.81291
-0.81851
-0.86795
-0.82012
-0.82012
53.4166
-0.86714
-0.8223
-0.79911
-0.82443
-0.80531
-0.79512
-0.82034
-0.81861
-0.82063
-0.78821
-0.78821
-0.77226
-0.7809
-0.91226
-0.88641
-0.83345
-0.8231
-0.8231
-0.80165
-0.78947
-0.8025
-0.77122
-0.81282
-0.72695
-0.84498
-0.82285
-0.72083
-0.72028
-0.85324
-0.72563
-0.72981
-0.7371
-0.88914
-0.78797
-0.90096
-0.90294
-0.89155
-0.9034
-0.93872
-0.87119
-0.85401
-0.83685
-1.1709
0
0
0
0
0
0
0
0
0
0
0
0
0
0
0
0
0
0
0
-3.3199
0
0
0
0
0
0
0
0
0
0
-7.7666
0
0
0
0
0
0
0
0
0
0
0
0
0
0
0
0
0
0
0
0
0
0
0
-0.88178
-0.87146
-0.86123
-0.80781
-0.8254
-0.87263
-0.82595
-0.82595
-0.86714
49.628
-0.8285
-0.8037
-0.82954
-0.81112
-0.80008
-0.82161
-0.82369
-0.82573
-0.79294
-0.79293
-0.7769
-0.78566
-0.9079
-0.89488
-0.83865
-0.82806
-0.82806
-0.80658
-0.79439
-0.80745
-0.77608
-0.81777
-0.73146
-0.85061
-0.82824
-0.72533
-0.72481
-0.86015
-0.73084
-0.7349
-0.74169
-0.8982
-0.7928
-0.90585
-0.90768
-0.89967
-0.90829
-0.94368
-0.87598
-0.85858
-0.84128
-1.1768
0
0
0
0
0
0
0
0
0
0
0
0
0
0
0
0
0
0
0
0
0
0
0
-7.0595
0
0
0
0
0
0
0
0
0
0
0
0
0
0
0
0
0
0
0
0
0
0
0
0
0
0
0
0
0
0
-0.84868
-0.82318
-0.81975
-0.76394
-0.77828
-0.82511
-0.78551
-0.7855
-0.8223
-0.8285
44.892
-0.75507
-0.78176
-0.75772
-0.74549
-0.77209
-0.77614
-0.77809
-0.74521
-0.7452
-0.7295
-0.73789
-0.8695
-0.85993
-0.78935
-0.77935
-0.77936
-0.75902
-0.74707
-0.75987
-0.72907
-0.76998
-0.6853
-0.802
-0.77972
-0.67957
-0.67914
-0.81116
-0.6853
-0.68921
-0.69515
-0.85193
-0.74494
-0.85528
-0.85785
-0.85031
-0.85782
-0.89264
-0.82604
-0.80892
-0.79166
0
0
0
0
0
0
0
0
0
0
0
0
0
0
0
0
0
0
0
0
0
0
0
0
0
0
0
0
0
0
0
0
0
0
0
0
0
0
0
0
0
-5.8006
0
0
0
0
0
0
0
0
0
0
0
0
0
-0.82393
-0.79845
-0.79751
-0.73942
-0.75079
-0.80092
-0.75164
-0.75164
-0.79911
-0.8037
-0.75507
38.6113
-0.75286
-0.73973
-0.73249
-0.74843
-0.74698
-0.74899
-0.72438
-0.72436
-0.70642
-0.71498
-0.84294
-0.83056
-0.76733
-0.7568
-0.7568
-0.73686
-0.725
-0.7377
-0.70701
-0.74762
-0.66175
-0.78251
-0.76001
-0.65682
-0.65534
-0.7943
-0.66431
-0.66864
-0.67113
-0.82857
-0.72064
-0.82953
-0.83792
-0.82875
-0.83197
-0.86671
-0.80024
-0.78299
-0.76551
0
0
0
0
0
-0.68321
0
0
0
0
0
0
0
0
0
0
0
0
0
0
0
0
0
0
0
0
0
0
0
0
0
0
0
0
0
0
0
0
0
0
0
0
0
0
0
0
0
0
0
0
0
0
0
0
0
-0.84973
-0.82392
-0.82282
-0.76442
-0.77611
-0.82629
-0.77692
-0.77692
-0.82443
-0.82954
-0.78176
-0.75286
40.3337
-0.7663
-0.75978
-0.78321
-0.77812
-0.78048
-0.74494
-0.74493
-0.72934
-0.73872
-0.86939
-0.85584
-0.79284
-0.78178
-0.78179
-0.7615
-0.74949
-0.76236
-0.73134
-0.77245
-0.68704
-0.80965
-0.78702
-0.68092
-0.68033
-0.82463
-0.68998
-0.69447
-0.69671
-0.86763
-0.74683
-0.85646
-0.86578
-0.85547
-0.85869
-0.89378
-0.82664
-0.80909
-0.79144
-1.1209
0
0
0
0
0
0
0
0
0
0
0
0
0
0
0
0
0
0
0
0
0
0
0
0
0
0
0
0
0
0
0
0
0
0
0
0
0
0
0
0
0
0
0
0
0
0
0
0
0
0
0
0
0
0
-0.82861
-0.80627
-0.80246
-0.74745
-0.76136
-0.80817
-0.76263
-0.76262
-0.80531
-0.81112
-0.75772
-0.73973
-0.7663
43.5976
-0.72871
-0.7564
-0.76071
-0.76265
-0.72987
-0.72986
-0.71414
-0.72234
-0.84982
-0.83652
-0.77331
-0.76343
-0.76343
-0.74319
-0.73132
-0.74404
-0.71342
-0.75407
-0.66962
-0.7856
-0.76331
-0.66422
-0.66353
-0.79464
-0.6697
-0.67358
-0.67934
-0.82924
-0.72876
-0.83883
-0.84205
-0.83388
-0.84142
-0.87604
-0.80983
-0.79285
-0.77572
0
0
0
0
0
0
0
0
0
0
0
0
0
0
0
0
0
0
0
0
0
0
0
0
0
0
0
0
0
0
0
0
0
0
0
0
0
0
0
0
0
0
0
0
0
-5.3284
0
0
0
0
0
0
0
0
0
-0.81569
-0.79613
-0.79165
-0.73805
-0.75055
-0.79782
-0.75054
-0.75054
-0.79512
-0.80008
-0.74549
-0.73249
-0.75978
-0.72871
42.4844
-0.74953
-0.75421
-0.75615
-0.72242
-0.72241
-0.70643
-0.71437
-0.83794
-0.8237
-0.76521
-0.75519
-0.75519
-0.73498
-0.72314
-0.73584
-0.70525
-0.74583
-0.66093
-0.77663
-0.75558
-0.65608
-0.65482
-0.78743
-0.66174
-0.6661
-0.67034
-0.81434
-0.71948
-0.82911
-0.83461
-0.825
-0.83174
-0.86623
-0.80027
-0.78332
-0.76622
0
0
0
0
0
0
0
0
0
0
0
0
0
0
0
0
0
0
0
0
0
0
0
0
0
0
0
0
0
0
0
0
0
0
0
0
0
0
0
0
0
0
0
0
0
0
0
0
-4.664
0
0
0
0
0
0
-0.83707
-0.81695
-0.81484
-0.75829
-0.76976
-0.81935
-0.76998
-0.76999
-0.82034
-0.82161
-0.77209
-0.74843
-0.78321
-0.7564
-0.74953
41.7616
-0.77756
-0.77954
-0.74074
-0.74073
-0.72492
-0.73381
-0.86241
-0.84794
-0.78677
-0.77613
-0.77613
-0.75594
-0.74398
-0.7568
-0.72592
-0.76688
-0.68113
-0.80137
-0.77944
-0.67567
-0.67453
-0.81346
-0.68306
-0.68747
-0.6906
-0.84987
-0.7405
-0.84998
-0.85836
-0.84718
-0.8525
-0.88754
-0.8205
-0.80336
-0.78585
0
0
0
0
0
0
0
0
0
0
0
-2.8752
0
0
0
0
0
0
0
0
0
0
0
0
0
0
0
0
0
0
0
0
0
0
0
0
0
0
0
0
0
0
0
0
0
0
0
0
0
0
0
0
0
0
0
-0.84386
-0.8181
-0.81701
-0.75872
-0.77037
-0.82046
-0.77119
-0.77119
-0.81861
-0.82369
-0.77614
-0.74698
-0.77812
-0.76071
-0.75421
-0.77756
40.0351
-0.77369
-0.73918
-0.73918
-0.72359
-0.73285
-0.86369
-0.85032
-0.78662
-0.77567
-0.77567
-0.7555
-0.74354
-0.75635
-0.72543
-0.7664
-0.68135
-0.80318
-0.78078
-0.67521
-0.67469
-0.81676
-0.68411
-0.68856
-0.69089
-0.86276
-0.74083
-0.85019
-0.8593
-0.84915
-0.85242
-0.88741
-0.82044
-0.80295
-0.78535
-1.1142
0
0
0
0
0
0
0
0
0
0
0
0
0
0
0
0
0
0
0
0
0
0
0
0
0
0
0
0
0
0
0
0
0
0
0
0
0
0
0
0
0
0
0
0
0
0
0
0
0
0
0
0
0
0
-0.84589
-0.82011
-0.81902
-0.7607
-0.77235
-0.82248
-0.77317
-0.77317
-0.82063
-0.82573
-0.77809
-0.74899
-0.78048
-0.76265
-0.75615
-0.77954
-0.77369
40.1384
-0.74116
-0.74116
-0.72557
-0.73488
-0.86568
-0.85224
-0.78877
-0.77778
-0.77778
-0.75758
-0.74559
-0.75842
-0.72748
-0.76849
-0.68331
-0.80541
-0.78293
-0.67717
-0.67664
-0.81952
-0.68614
-0.6906
-0.69291
-0.86445
-0.7429
-0.85236
-0.86156
-0.85134
-0.85458
-0.88961
-0.82258
-0.80507
-0.78745
-1.1165
0
0
0
0
0
0
0
0
0
0
0
0
0
0
0
0
0
0
0
0
0
0
0
0
0
0
0
0
0
0
0
0
0
0
0
0
0
0
0
0
0
0
0
0
0
0
0
0
0
0
0
0
0
0
-0.81366
-0.78803
-0.78694
-0.72936
-0.74054
-0.79034
-0.74142
-0.74141
-0.78821
-0.79294
-0.74521
-0.72438
-0.74494
-0.72987
-0.72242
-0.74074
-0.73918
-0.74116
37.4053
-0.70795
-0.69351
-0.70285
-0.83324
-0.81847
-0.75448
-0.74486
-0.74486
-0.7258
-0.71401
-0.72664
-0.69608
-0.73645
-0.65135
-0.76972
-0.74762
-0.64636
-0.64493
-0.79045
-0.65438
-0.65873
-0.6609
-0.81931
-0.70985
-0.81771
-0.82681
-0.8169
-0.82034
-0.8549
-0.78877
-0.77184
-0.75448
0
0
0
0
0
0
0
0
0
0
0
0
0
0
0
0
0
0
0
0
0
0
0
0
0
0
0
0
0
0
0
0
0
0
0
0
0
0
0
0
0
0
0
0
0
0
0
0
0
0
0
0
0
0
0
-0.81365
-0.78802
-0.78692
-0.72935
-0.74053
-0.79033
-0.74139
-0.74141
-0.78821
-0.79293
-0.7452
-0.72436
-0.74493
-0.72986
-0.72241
-0.74073
-0.73918
-0.74116
-0.70795
37.4049
-0.6935
-0.70284
-0.83323
-0.81847
-0.75446
-0.74486
-0.74486
-0.72578
-0.714
-0.72663
-0.69607
-0.73644
-0.65134
-0.76971
-0.74761
-0.64635
-0.64492
-0.79044
-0.65438
-0.65872
-0.66089
-0.81931
-0.70984
-0.81771
-0.82681
-0.81689
-0.82033
-0.8549
-0.78876
-0.77184
-0.75447
0
0
0
0
0
0
0
0
0
0
0
0
0
0
0
0
0
0
0
0
0
0
0
0
0
0
0
0
0
0
0
0
0
0
0
0
0
0
0
0
0
0
0
0
0
0
0
0
0
0
0
0
0
0
0
-0.79766
-0.77218
-0.7711
-0.7139
-0.72493
-0.77445
-0.72578
-0.72579
-0.77226
-0.7769
-0.7295
-0.70642
-0.72934
-0.71414
-0.70643
-0.72492
-0.72359
-0.72557
-0.69351
-0.6935
35.8768
-0.68753
-0.81673
-0.80147
-0.73695
-0.72905
-0.72906
-0.71058
-0.69889
-0.7114
-0.68101
-0.72103
-0.63613
-0.75353
-0.73025
-0.63125
-0.62972
-0.76769
-0.63838
-0.64255
-0.64496
-0.80282
-0.69353
-0.80093
-0.8096
-0.79979
-0.80383
-0.83807
-0.77251
-0.75567
0
0
0
0
0
0
0
0
0
0
0
0
0
0
0
0
0
0
0
0
0
0
0
0
0
0
0
0
0
0
0
0
0
0
0
0
0
0
0
0
0
0
0
0
0
0
0
0
0
0
0
0
0
0
0
0
-0.80657
-0.78076
-0.77976
-0.72214
-0.73338
-0.78308
-0.7343
-0.7343
-0.7809
-0.78566
-0.73789
-0.71498
-0.73872
-0.72234
-0.71437
-0.73381
-0.73285
-0.73488
-0.70285
-0.70284
-0.68753
34.7027
-0.82462
-0.80815
-0.74256
-0.73898
-0.73898
-0.72064
-0.70892
-0.72147
-0.69069
-0.73085
-0.64367
-0.76037
-0.73752
-0.63872
-0.63683
-0.77587
-0.64576
-0.64987
-0.65307
-0.80959
-0.70161
-0.8099
0
-0.80838
-0.813
-0.84738
-0.78147
0
0
0
0
0
0
0
0
0
0
0
0
0
0
0
0
0
0
0
0
0
0
0
0
0
0
0
0
0
0
0
0
0
0
0
0
0
0
0
0
0
0
0
0
0
0
0
0
0
0
0
0
0
0
0
0
0
-0.92505
-0.90972
-0.89729
-0.85712
-0.86563
-0.91423
-0.8655
-0.8655
-0.91226
-0.9079
-0.8695
-0.84294
-0.86939
-0.84982
-0.83794
-0.86241
-0.86369
-0.86568
-0.83324
-0.83323
-0.81673
-0.82462
55.234
-0.92807
-0.87262
-0.86473
-0.86472
-0.843
-0.83068
-0.84387
-0.81206
-0.85427
-0.76572
-0.88322
-0.86286
-0.75992
-0.75912
-0.89515
-0.7653
-0.76884
-0.77649
-0.92636
-0.82845
0
0
0
0
0
0
0
0
0
0
0
0
0
0
0
0
0
0
0
0
0
0
0
0
0
0
0
-4.87
0
0
0
0
0
0
0
0
0
0
0
0
0
0
0
0
0
-7.2845
0
0
0
0
-7.2846
0
0
0
0
0
0
0
0
0
0
0
0
-0.9031
-0.89039
-0.88157
-0.82974
-0.85184
-0.89155
-0.85667
-0.85668
-0.88641
-0.89488
-0.85993
-0.83056
-0.85584
-0.83652
-0.8237
-0.84794
-0.85032
-0.85224
-0.81847
-0.81847
-0.80147
-0.80815
-0.92807
48.1646
-0.85586
-0.84809
-0.84809
-0.82698
-0.81473
-0.82786
-0.79616
-0.83814
-0.75
-0.86818
-0.84416
-0.74371
-0.74278
-0.87682
-0.74764
-0.75121
-0.76013
-0.9055
-0.81193
0
0
0
0
0
0
0
0
0
0
0
0
0
0
0
0
0
0
0
0
0
0
0
0
0
0
0
0
0
0
0
0
0
0
0
0
0
0
0
0
0
0
0
0
-6.5161
0
0
0
0
0
0
0
0
0
0
0
0
0
0
0
0
-6.516
0
-0.85686
-0.83368
-0.83173
-0.77329
-0.78603
-0.83612
-0.78759
-0.78758
-0.83345
-0.83865
-0.78935
-0.76733
-0.79284
-0.77331
-0.76521
-0.78677
-0.78662
-0.78877
-0.75448
-0.75446
-0.73695
-0.74256
-0.87262
-0.85586
33.8457
-0.811
-0.81101
-0.78046
-0.76833
-0.78127
-0.74874
-0.79026
-0.6912
-0.80984
-0.78887
-0.68653
-0.68231
-0.82634
-0.6945
-0.69867
-0.70043
-0.85706
-0.75116
0
0
0
0
0
0
0
0
0
0
0
0
0
0
-1.0356
0
0
0
0
0
0
0
0
0
0
0
0
0
0
0
0
0
0
0
0
0
0
0
0
0
0
0
0
0
0
0
0
0
0
0
0
0
0
0
0
0
0
0
0
0
0
0
0
-0.84849
-0.8227
-0.82154
-0.76304
-0.77484
-0.8251
-0.7759
-0.7759
-0.8231
-0.82806
-0.77935
-0.7568
-0.78178
-0.76343
-0.75519
-0.77613
-0.77567
-0.77778
-0.74486
-0.74486
-0.72905
-0.73898
-0.86473
-0.84809
-0.811
33.1962
-0.78086
-0.76501
-0.75304
-0.76581
-0.73351
-0.77422
-0.67881
-0.80105
-0.77792
-0.67193
-0.66989
-0.81565
-0.68129
-0.68518
-0.68756
-0.85674
-0.73781
-0.85354
0
0
0
0
0
0
0
0
0
0
0
0
0
0
0
0
0
0
0
0
0
0
0
0
0
0
0
0
0
0
0
0
0
0
0
0
0
0
0
0
0
0
0
0
0
0
0
0
0
0
0
0
0
0
0
0
0
0
0
0
0
0
-0.84849
-0.82271
-0.82154
-0.76304
-0.77484
-0.82509
-0.7759
-0.7759
-0.8231
-0.82806
-0.77936
-0.7568
-0.78179
-0.76343
-0.75519
-0.77613
-0.77567
-0.77778
-0.74486
-0.74486
-0.72906
-0.73898
-0.86472
-0.84809
-0.81101
-0.78086
33.1963
-0.765
-0.75305
-0.76581
-0.73352
-0.77423
-0.67881
-0.80105
-0.77793
-0.67193
-0.6699
-0.81565
-0.68129
-0.68519
-0.68756
-0.85673
-0.73782
-0.85354
0
0
0
0
0
0
0
0
0
0
0
0
0
0
0
0
0
0
0
0
0
0
0
0
0
0
0
0
0
0
0
0
0
0
0
0
0
0
0
0
0
0
0
0
0
0
0
0
0
0
0
0
0
0
0
0
0
0
0
0
0
0
-0.8266
-0.80121
-0.79996
-0.74236
-0.75415
-0.80367
-0.7553
-0.7553
-0.80165
-0.80658
-0.75902
-0.73686
-0.7615
-0.74319
-0.73498
-0.75594
-0.7555
-0.75758
-0.7258
-0.72578
-0.71058
-0.72064
-0.843
-0.82698
-0.78046
-0.76501
-0.765
31.4443
-0.73395
-0.75403
-0.70712
-0.7697
-0.6427
-0.78279
-0.76465
-0.63808
-0.64088
-0.8046
-0.64375
-0.64181
-0.65714
-0.84127
-0.70719
0
0
0
0
0
0
0
0
0
0
0
0
0
0
0
0
0
0
0
0
0
0
0
0
0
0
0
0
0
0
0
0
0
0
0
0
0
0
0
0
0
0
0
0
0
0
0
0
0
0
0
0
0
0
0
0
0
0
0
0
0
0
0
-0.81434
-0.78903
-0.78781
-0.73045
-0.74222
-0.79149
-0.74334
-0.74335
-0.78947
-0.79439
-0.74707
-0.725
-0.74949
-0.73132
-0.72314
-0.74398
-0.74354
-0.74559
-0.71401
-0.714
-0.69889
-0.70892
-0.83068
-0.81473
-0.76833
-0.75304
-0.75305
-0.73395
30.9318
-0.7353
-0.69055
-0.75164
-0.63059
-0.77082
-0.75279
-0.62628
-0.62926
-0.79304
-0.63048
-0.62754
-0.64491
-0.82923
-0.69475
0
0
0
0
0
0
0
0
0
0
0
0
0
0
0
0
0
0
0
0
0
0
0
0
0
0
0
0
0
0
0
0
0
0
0
0
0
0
0
0
0
0
0
0
0
0
0
0
0
0
0
0
0
0
0
0
0
0
0
0
0
0
0
-0.82749
-0.80208
-0.80084
-0.74321
-0.75501
-0.80453
-0.75615
-0.75616
-0.8025
-0.80745
-0.75987
-0.7377
-0.76236
-0.74404
-0.73584
-0.7568
-0.75635
-0.75842
-0.72664
-0.72663
-0.7114
-0.72147
-0.84387
-0.82786
-0.78127
-0.76581
-0.76581
-0.75403
-0.7353
31.4809
-0.70837
-0.77093
-0.64361
-0.78362
-0.76546
-0.63896
-0.64174
-0.8054
-0.64475
-0.64288
-0.65805
-0.84212
-0.70811
0
0
0
0
0
0
0
0
0
0
0
0
0
0
0
0
0
0
0
0
0
0
0
0
0
0
0
0
0
0
0
0
0
0
0
0
0
0
0
0
0
0
0
0
0
0
0
0
0
0
0
0
0
0
0
0
0
0
0
0
0
0
0
-0.79598
-0.77079
-0.76959
-0.71262
-0.72426
-0.77322
-0.72537
-0.72537
-0.77122
-0.77608
-0.72907
-0.70701
-0.73134
-0.71342
-0.70525
-0.72592
-0.72543
-0.72748
-0.69608
-0.69607
-0.68101
-0.69069
-0.81206
-0.79616
-0.74874
-0.73351
-0.73352
-0.70712
-0.69055
-0.70837
30.1622
-0.72415
-0.61471
-0.75217
-0.73408
-0.60993
-0.61293
-0.77462
-0.61254
-0.60823
-0.62766
-0.8107
-0.67722
0
0
0
0
0
0
0
0
0
0
0
0
0
0
0
0
0
0
0
0
0
0
0
0
0
0
0
0
0
0
0
0
0
0
0
0
0
0
0
0
0
0
0
0
0
0
0
0
0
0
0
0
0
0
0
0
0
0
0
0
0
0
0
-0.83793
-0.81242
-0.81118
-0.7533
-0.76512
-0.81488
-0.76627
-0.76627
-0.81282
-0.81777
-0.76998
-0.74762
-0.77245
-0.75407
-0.74583
-0.76688
-0.7664
-0.76849
-0.73645
-0.73644
-0.72103
-0.73085
-0.85427
-0.83814
-0.79026
-0.77422
-0.77423
-0.7697
-0.75164
-0.77093
-0.72415
31.9154
-0.65499
-0.79316
-0.77477
-0.64976
-0.65221
-0.81446
-0.65719
-0.65639
-0.66912
-0.85207
-0.71929
0
0
0
0
0
0
0
0
0
0
0
0
0
0
0
0
0
0
0
0
0
0
0
0
0
0
0
0
0
0
0
0
0
0
0
0
0
0
0
0
0
0
0
0
0
0
0
0
0
0
0
0
0
0
0
0
0
0
0
0
0
0
0
-0.75135
-0.72628
-0.72553
-0.66772
-0.67372
-0.72923
-0.68132
-0.68132
-0.72695
-0.73146
-0.6853
-0.66175
-0.68704
-0.66962
-0.66093
-0.68113
-0.68135
-0.68331
-0.65135
-0.65134
-0.63613
-0.64367
-0.76572
-0.75
-0.6912
-0.67881
-0.67881
-0.6427
-0.63059
-0.64361
-0.61471
-0.65499
28.9144
-0.70405
-0.68265
-0.57646
-0.57412
-0.71867
-0.59138
-0.60001
-0.59377
0
0
0
0
0
0
0
0
0
0
0
0
0
0
0
0
0
0
0
-2.0343
0
0
0
0
0
0
0
0
0
0
0
0
0
0
0
0
0
0
0
0
0
0
0
0
0
0
0
0
0
0
0
0
0
0
0
0
0
0
0
0
0
0
0
0
0
-0.85872
-0.84168
-0.84012
-0.78117
-0.79696
-0.84577
-0.79832
-0.79833
-0.84498
-0.85061
-0.802
-0.78251
-0.80965
-0.7856
-0.77663
-0.80137
-0.80318
-0.80541
-0.76972
-0.76971
-0.75353
-0.76037
-0.88322
-0.86818
-0.80984
-0.80105
-0.80105
-0.78279
-0.77082
-0.78362
-0.75217
-0.79316
-0.70405
36.2435
-0.8025
-0.6927
-0.69371
-0.85358
-0.70771
-0.71146
-0.71378
0
0
0
0
0
0
0
0
0
0
0
0
0
0
0
0
0
0
0
0
0
0
0
0
-4.6418
0
0
0
0
0
0
0
0
0
0
0
0
0
0
0
0
0
0
0
0
0
0
0
0
0
0
0
0
0
0
0
0
0
0
0
0
0
0
0
0
-0.84392
-0.82358
-0.81913
-0.76531
-0.77805
-0.82535
-0.77976
-0.77975
-0.82285
-0.82824
-0.77972
-0.76001
-0.78702
-0.76331
-0.75558
-0.77944
-0.78078
-0.78293
-0.74762
-0.74761
-0.73025
-0.73752
-0.86286
-0.84416
-0.78887
-0.77792
-0.77793
-0.76465
-0.75279
-0.76546
-0.73408
-0.77477
-0.68265
-0.8025
35.2013
-0.67191
-0.67251
-0.8209
-0.68458
-0.68954
-0.69051
0
0
0
0
0
0
0
0
0
0
0
0
0
0
0
0
0
0
0
0
0
0
0
0
0
0
0
0
0
0
0
0
0
0
0
0
0
0
0
0
0
0
-4.425
0
0
0
0
0
0
0
0
0
0
0
0
0
0
0
0
0
0
0
0
0
0
-0.74588
-0.72075
-0.71973
-0.66393
-0.67483
-0.72308
-0.67591
-0.67591
-0.72083
-0.72533
-0.67957
-0.65682
-0.68092
-0.66422
-0.65608
-0.67567
-0.67521
-0.67717
-0.64636
-0.64635
-0.63125
-0.63872
-0.75992
-0.74371
-0.68653
-0.67193
-0.67193
-0.63808
-0.62628
-0.63896
-0.60993
-0.64976
-0.57646
-0.6927
-0.67191
27.4042
-0.57333
-0.7066
-0.57622
-0.593
-0.58753
-0.75486
0
0
0
0
0
0
0
0
0
0
0
0
0
0
0
0
0
0
0
0
0
0
0
0
0
0
0
0
0
0
0
0
0
0
0
0
0
0
0
0
0
0
0
0
0
0
0
0
0
0
0
0
0
0
0
0
0
0
0
0
0
0
0
0
-0.74614
-0.7202
-0.71958
-0.66314
-0.67391
-0.72258
-0.67524
-0.67524
-0.72028
-0.72481
-0.67914
-0.65534
-0.68033
-0.66353
-0.65482
-0.67453
-0.67469
-0.67664
-0.64493
-0.64492
-0.62972
-0.63683
-0.75912
-0.74278
-0.68231
-0.66989
-0.6699
-0.64088
-0.62926
-0.64174
-0.61293
-0.65221
-0.57412
-0.69371
-0.67251
-0.57333
26.6296
-0.70981
-0.57799
-0.58681
-0.58372
0
0
0
0
0
0
0
0
0
0
0
0
0
0
0
0
0
0
0
0
0
0
0
0
0
0
0
0
0
0
0
0
0
0
0
0
0
0
0
0
0
0
0
0
0
0
0
0
0
0
0
0
0
0
0
0
0
0
0
0
0
0
0
0
0
-0.87234
-0.85567
-0.84945
-0.79777
-0.81123
-0.85703
-0.81336
-0.81336
-0.85324
-0.86015
-0.81116
-0.7943
-0.82463
-0.79464
-0.78743
-0.81346
-0.81676
-0.81952
-0.79045
-0.79044
-0.76769
-0.77587
-0.89515
-0.87682
-0.82634
-0.81565
-0.81565
-0.8046
-0.79304
-0.8054
-0.77462
-0.81446
-0.71867
-0.85358
-0.8209
-0.7066
-0.70981
38.4357
0
0
0
0
0
0
0
0
0
0
0
0
0
0
0
0
0
0
0
0
0
0
0
0
0
0
0
0
0
0
0
0
0
0
0
0
0
0
0
0
0
0
0
0
0
0
0
0
0
0
0
0
0
0
0
0
0
-4.2172
0
0
-4.2172
0
0
0
0
0
0
0
-0.74777
-0.72677
-0.72328
-0.67083
-0.6823
-0.72844
-0.68381
-0.68381
-0.72563
-0.73084
-0.6853
-0.66431
-0.68998
-0.6697
-0.66174
-0.68306
-0.68411
-0.68614
-0.65438
-0.65438
-0.63838
-0.64576
-0.7653
-0.74764
-0.6945
-0.68129
-0.68129
-0.64375
-0.63048
-0.64475
-0.61254
-0.65719
-0.59138
-0.70771
-0.68458
-0.57622
-0.57799
0
28.7024
0
0
0
0
0
0
0
0
0
0
0
0
0
0
0
0
0
0
0
0
0
0
0
0
0
0
0
0
0
0
0
0
0
0
0
0
0
-3.685
0
0
0
0
0
0
0
0
0
0
0
0
0
0
0
0
0
0
0
0
0
0
0
0
0
0
0
0
0
-0.75138
-0.73092
-0.72708
-0.67504
-0.68667
-0.73266
-0.68827
-0.68827
-0.72981
-0.7349
-0.68921
-0.66864
-0.69447
-0.67358
-0.6661
-0.68747
-0.68856
-0.6906
-0.65873
-0.65872
-0.64255
-0.64987
-0.76884
-0.75121
-0.69867
-0.68518
-0.68519
-0.64181
-0.62754
-0.64288
-0.60823
-0.65639
-0.60001
-0.71146
-0.68954
-0.593
-0.58681
0
0
29.4196
0
0
0
0
0
0
0
0
0
0
0
0
0
0
0
0
0
0
0
0
0
0
0
0
0
0
0
0
0
0
0
0
0
0
0
0
0
0
0
0
0
0
0
0
0
0
-4.2593
0
0
0
0
0
0
0
0
0
0
0
0
0
0
0
0
0
0
0
-0.76351
-0.73683
-0.73648
-0.67892
-0.68983
-0.73925
-0.6912
-0.6912
-0.7371
-0.74169
-0.69515
-0.67113
-0.69671
-0.67934
-0.67034
-0.6906
-0.69089
-0.69291
-0.6609
-0.66089
-0.64496
-0.65307
-0.77649
-0.76013
-0.70043
-0.68756
-0.68756
-0.65714
-0.64491
-0.65805
-0.62766
-0.66912
-0.59377
-0.71378
-0.69051
-0.58753
-0.58372
0
0
0
25.3513
0
0
0
0
0
0
0
0
0
0
0
0
0
0
0
0
0
0
0
0
0
0
0
0
0
0
0
0
0
0
0
0
0
0
0
0
0
0
0
0
0
0
0
0
0
0
0
0
0
0
0
0
0
0
0
0
0
0
0
0
0
0
0
0
0
-0.89736
-0.8928
-0.87972
-0.83721
-0.85363
-0.89314
-0.86163
-0.86163
-0.88914
-0.8982
-0.85193
-0.82857
-0.86763
-0.82924
-0.81434
-0.84987
-0.86276
-0.86445
-0.81931
-0.81931
-0.80282
-0.80959
-0.92636
-0.9055
-0.85706
-0.85674
-0.85673
-0.84127
-0.82923
-0.84212
-0.8107
-0.85207
0
0
0
-0.75486
0
0
0
0
0
46.3437
0
0
0
0
0
0
0
0
0
0
0
0
0
0
0
0
0
0
0
0
0
0
0
0
0
0
0
0
0
0
0
0
0
0
0
-6.0742
0
0
0
0
0
0
-6.0717
0
0
0
0
0
0
0
0
0
0
0
0
0
0
0
-6.0809
0
0
0
0
0
-0.81521
-0.78758
-0.78735
-0.72825
-0.73957
-0.79003
-0.74097
-0.74097
-0.78797
-0.7928
-0.74494
-0.72064
-0.74683
-0.72876
-0.71948
-0.7405
-0.74083
-0.7429
-0.70985
-0.70984
-0.69353
-0.70161
-0.82845
-0.81193
-0.75116
-0.73781
-0.73782
-0.70719
-0.69475
-0.70811
-0.67722
-0.71929
0
0
0
0
0
0
0
0
0
0
23.7841
0
0
0
0
0
0
0
0
0
0
0
0
0
0
0
0
0
0
0
0
0
0
0
0
0
0
0
0
0
0
0
0
0
0
0
0
0
0
0
0
0
0
0
0
0
0
0
0
0
0
0
0
0
0
0
0
0
0
0
0
0
0
0
-0.93003
-0.89947
-0.90055
-0.83719
-0.84886
-0.9024
-0.85023
-0.85023
-0.90096
-0.90585
-0.85528
-0.82953
-0.85646
-0.83883
-0.82911
-0.84998
-0.85019
-0.85236
-0.81771
-0.81771
-0.80093
-0.8099
0
0
0
-0.85354
-0.85354
0
0
0
0
0
0
0
0
0
0
0
0
0
0
0
0
20.5408
0
0
0
0
0
0
0
0
0
0
0
0
0
0
0
0
0
0
0
0
0
0
0
0
0
0
0
0
0
0
0
0
0
0
0
0
0
0
0
0
0
0
0
0
0
0
0
0
0
0
0
0
0
0
0
0
0
0
0
0
0
0
-0.91599
-0.90429
-0.89564
-0.84377
-0.85442
-0.90216
-0.85654
-0.85654
-0.90294
-0.90768
-0.85785
-0.83792
-0.86578
-0.84205
-0.83461
-0.85836
-0.8593
-0.86156
-0.82681
-0.82681
-0.8096
0
0
0
0
0
0
0
0
0
0
0
0
0
0
0
0
0
0
0
0
0
0
0
25.8195
0
0
0
0
0
0
0
0
0
0
0
0
0
0
0
0
0
0
0
0
0
0
0
-4.3634
0
0
0
0
0
0
0
0
0
0
0
0
0
0
0
0
0
0
0
0
0
0
0
0
0
0
0
0
0
0
0
0
0
0
0
0
-3.3355
-0.91826
-0.89596
-0.89103
-0.83681
-0.84826
-0.89649
-0.84928
-0.84928
-0.89155
-0.89967
-0.85031
-0.82875
-0.85547
-0.83388
-0.825
-0.84718
-0.84915
-0.85134
-0.8169
-0.81689
-0.79979
-0.80838
0
0
0
0
0
0
0
0
0
0
0
0
0
0
0
0
0
0
0
0
0
0
0
21.6803
0
0
0
0
0
0
0
0
0
0
0
0
0
0
0
0
0
0
0
0
0
0
0
0
0
0
0
0
0
0
0
0
0
0
0
0
0
0
0
0
0
0
0
-2.9206
0
0
0
0
0
0
0
0
0
0
0
0
0
0
0
0
-0.93288
-0.9018
-0.90317
-0.83946
-0.85096
-0.90487
-0.85242
-0.85242
-0.9034
-0.90829
-0.85782
-0.83197
-0.85869
-0.84142
-0.83174
-0.8525
-0.85242
-0.85458
-0.82034
-0.82033
-0.80383
-0.813
0
0
0
0
0
0
0
0
0
0
0
0
0
0
0
0
0
0
0
0
0
0
0
0
18.8883
0
0
0
0
0
0
0
0
0
0
0
0
0
0
0
0
0
0
0
0
0
0
0
0
0
0
0
0
0
0
0
0
0
0
0
0
0
0
0
0
0
0
0
0
0
0
0
0
0
0
0
0
0
0
0
0
0
0
0
-0.96815
-0.93706
-0.93823
-0.87413
-0.88587
-0.94011
-0.88742
-0.88742
-0.93872
-0.94368
-0.89264
-0.86671
-0.89378
-0.87604
-0.86623
-0.88754
-0.88741
-0.88961
-0.8549
-0.8549
-0.83807
-0.84738
0
0
0
0
0
0
0
0
0
0
0
0
0
0
0
0
0
0
0
0
0
0
0
0
0
19.656
0
0
0
0
0
0
0
0
0
0
0
0
0
0
0
0
0
0
0
0
0
0
0
0
0
0
0
0
0
0
0
0
0
0
0
0
0
0
0
0
0
0
0
0
0
0
0
0
0
0
0
0
0
0
0
0
0
0
-0.90085
-0.86973
-0.8713
-0.8079
-0.81916
-0.87279
-0.82053
-0.82054
-0.87119
-0.87598
-0.82604
-0.80024
-0.82664
-0.80983
-0.80027
-0.8205
-0.82044
-0.82258
-0.78877
-0.78876
-0.77251
-0.78147
0
0
0
0
0
0
0
0
0
0
0
0
0
0
0
0
0
0
0
0
0
0
0
0
0
0
18.188
0
0
0
0
0
0
0
0
0
0
0
0
0
0
0
0
0
0
0
0
0
0
0
0
0
0
0
0
0
0
0
0
0
0
0
0
0
0
0
0
0
0
0
0
0
0
0
0
0
0
0
0
0
0
0
0
0
-0.88426
-0.85271
-0.8545
-0.79099
-0.80206
-0.85583
-0.80345
-0.80345
-0.85401
-0.85858
-0.80892
-0.78299
-0.80909
-0.79285
-0.78332
-0.80336
-0.80295
-0.80507
-0.77184
-0.77184
-0.75567
0
0
0
0
0
0
0
0
0
0
0
0
0
0
0
0
0
0
0
0
0
0
0
0
0
0
0
0
17.0477
0
0
0
0
0
0
0
0
0
0
0
0
0
0
0
0
0
0
0
0
0
0
0
0
0
0
0
0
0
0
0
0
0
0
0
0
0
0
0
0
0
0
0
0
0
0
0
0
0
0
0
0
0
0
0
0
-0.86769
-0.8356
-0.83772
-0.77411
-0.78477
-0.83876
-0.78611
-0.78611
-0.83685
-0.84128
-0.79166
-0.76551
-0.79144
-0.77572
-0.76622
-0.78585
-0.78535
-0.78745
-0.75448
-0.75447
0
0
0
0
0
0
0
0
0
0
0
0
0
0
0
0
0
0
0
0
0
0
0
0
0
0
0
0
0
0
15.9472
0
0
0
0
0
0
0
0
0
0
0
0
0
0
0
0
0
0
0
0
0
0
0
0
0
0
0
0
0
0
0
0
0
0
0
0
0
0
0
0
0
0
0
0
0
0
0
0
0
0
0
0
0
0
0
-1.2054
-1.1684
-1.172
-1.1014
-1.1134
-1.1718
-1.1147
-1.1147
-1.1709
-1.1768
0
0
-1.1209
0
0
0
-1.1142
-1.1165
0
0
0
0
0
0
0
0
0
0
0
0
0
0
0
0
0
0
0
0
0
0
0
0
0
0
0
0
0
0
0
0
0
14.8612
0
0
0
0
0
0
0
0
0
0
0
0
0
0
0
0
0
0
0
0
0
0
0
0
0
0
0
0
0
0
0
0
0
0
0
0
0
0
0
0
0
0
0
0
0
0
0
0
0
0
0
0
0
0
-1.2581
-1.2274
-1.2331
-1.2209
-1.1805
-1.2334
-1.185
-1.185
0
0
0
0
0
0
0
0
0
0
0
0
0
0
0
0
0
0
0
0
0
0
0
0
0
0
0
0
0
0
0
0
0
0
0
0
0
0
0
0
0
0
0
0
13.4541
0
0
0
-1.1779
0
0
0
0
0
0
0
0
0
0
0
0
-2.5527
0
0
0
0
0
0
0
0
0
0
0
0
0
0
0
0
0
0
0
0
0
0
0
0
0
0
0
0
0
0
0
0
0
0
0
0
-1.4771
-1.4284
-1.4376
-1.3636
-1.3748
-1.4325
-1.3761
-1.3761
0
0
0
0
0
0
0
0
0
0
0
0
0
0
0
0
0
0
0
0
0
0
0
0
0
0
0
0
0
0
0
0
0
0
0
0
0
0
0
0
0
0
0
0
0
11.8336
0
0
0
0
0
0
0
0
0
0
0
0
0
0
0
0
0
0
0
0
0
0
0
0
0
0
0
0
0
0
0
0
0
0
0
0
0
0
0
0
0
0
0
0
0
0
0
-0.56755
0
0
0
0
-1.432
-1.4621
-1.4689
-1.3924
-1.4156
-1.4701
-1.4129
-1.4129
0
0
0
0
0
0
0
0
0
0
0
0
0
0
0
0
0
0
0
0
0
0
0
0
0
0
0
0
0
0
0
0
0
0
0
0
0
0
0
0
0
0
0
0
0
0
14.0798
0
0
0
0
0
0
0
0
-2.6129
0
0
0
0
0
0
0
0
0
0
0
0
0
0
0
0
0
0
0
0
0
0
0
0
0
0
0
0
0
0
0
0
0
0
0
0
0
0
0
0
0
0
-1.7488
-1.6969
-1.7065
-1.6283
-1.6398
-1.6996
-1.6396
-1.6396
0
0
0
0
0
0
0
0
0
0
0
0
0
0
0
0
0
0
0
0
0
0
0
0
0
0
0
0
0
0
0
0
0
0
0
0
0
0
0
0
0
0
0
0
0
0
0
13.3993
0
0
0
0
0
0
0
0
0
0
0
0
0
0
0
0
0
0
0
0
0
0
0
0
0
0
0
0
0
0
0
0
0
0
0
0
0
0
0
0
0
0
0
0
0
0
0
0
0
0
0
0
0
0
0
0
0
0
0
0
0
-0.68321
0
0
0
0
0
0
0
0
0
0
0
0
0
0
0
0
0
0
0
0
0
0
0
0
0
0
0
0
0
0
0
0
0
0
0
0
0
0
0
0
-1.1779
0
0
0
8.3044
0
0
0
0
0
0
0
0
0
0
-3.0268
0
0
0
0
0
0
0
0
0
0
0
0
-3.4165
0
0
0
0
0
0
0
0
0
0
0
0
0
0
0
0
0
0
0
0
0
0
0
0
0
0
0
0
0
0
0
0
0
0
0
0
0
0
0
0
0
0
0
0
0
0
0
0
0
-1.0356
0
0
0
0
0
0
0
0
0
0
0
0
0
0
0
0
0
0
0
0
0
0
0
0
0
0
0
0
0
0
0
0
12.362
0
0
0
0
0
0
-3.9189
0
0
0
0
-4.0712
0
0
0
0
0
0
0
0
0
0
0
0
0
0
0
0
0
0
0
0
0
0
0
0
-3.3363
0
0
0
0
0
0
0
0
0
0
0
0
0
0
0
0
0
0
0
0
0
0
0
0
0
0
0
0
0
0
0
0
0
0
0
0
0
0
0
0
0
0
0
0
0
0
0
0
0
0
0
0
0
0
0
0
0
0
0
0
0
0
0
0
0
0
0
0
0
9.9169
0
0
0
-2.993
0
0
0
0
-3.2757
0
0
0
-3.6482
0
0
0
0
0
0
0
0
0
0
0
0
0
0
0
0
0
0
0
0
0
0
0
0
0
0
0
0
0
0
0
0
0
0
0
-3.1143
0
-3.0816
0
0
0
0
0
0
0
0
0
0
0
0
0
0
0
0
0
0
0
0
0
0
0
0
0
0
0
0
0
0
0
0
0
0
0
0
0
0
0
0
0
0
0
0
0
0
0
0
0
0
0
0
0
0
0
10.095
0
0
0
0
0
0
0
0
0
0
0
0
0
0
0
0
0
0
-3.8992
0
0
0
0
0
0
0
0
0
0
0
0
0
0
0
0
0
0
0
0
0
0
0
0
0
0
0
0
0
0
0
-2.2147
0
0
0
0
0
0
0
0
0
0
0
0
0
0
0
0
0
0
0
0
0
0
0
0
0
0
0
-2.0343
0
0
0
0
0
0
0
0
0
0
0
0
0
0
0
0
0
0
0
0
0
0
0
0
0
0
0
8.1124
0
0
0
0
0
0
0
0
0
0
0
0
0
0
0
0
0
0
0
0
0
0
0
0
0
0
0
0
0
0
0
0
0
0
0
0
0
0
0
0
0
0
-3.8634
0
0
-2.9791
0
0
0
0
0
0
0
0
0
0
0
0
0
0
0
0
0
0
0
0
0
0
0
0
0
0
0
0
0
0
0
0
0
0
0
0
0
0
0
0
0
0
0
0
0
0
0
0
0
0
0
0
0
0
0
0
0
0
0
0
11.3511
0
0
0
-4.1962
-4.1759
0
0
0
0
0
0
0
0
0
0
0
0
0
0
0
0
0
0
0
0
0
0
0
0
0
0
0
0
0
0
0
0
0
0
0
0
0
0
0
-3.0669
0
0
0
0
0
0
0
0
0
0
0
0
0
0
-2.8752
0
0
0
0
0
0
0
0
0
0
0
0
0
0
0
0
0
0
0
0
0
0
0
0
0
0
0
0
0
0
0
0
0
0
0
0
0
0
0
0
0
0
-2.993
0
0
0
8.9352
0
0
0
0
0
0
0
0
0
0
0
0
0
0
0
0
0
0
0
0
0
0
0
0
0
0
0
0
0
0
0
0
0
0
0
0
0
0
0
0
0
0
0
-4.4041
0
0
0
0
0
0
0
0
0
0
0
0
0
0
0
0
0
0
0
0
0
0
0
0
0
0
0
0
0
0
0
0
0
0
0
0
0
0
0
0
0
0
0
0
0
0
0
0
0
0
0
0
0
-2.6129
0
0
0
0
0
0
0
0
11.2759
0
0
0
0
0
0
0
0
0
-4.2589
0
0
0
0
0
0
0
0
0
0
0
0
0
0
0
0
0
0
0
0
0
0
0
0
0
0
0
0
0
0
0
0
0
0
0
-4.1805
0
0
0
0
0
0
0
0
0
0
0
0
0
0
0
0
0
0
0
0
0
0
0
0
0
0
0
0
0
0
0
0
0
0
0
0
0
0
0
0
0
0
0
0
0
0
0
0
0
0
0
0
0
-3.9189
0
0
0
0
0
0
8.0994
0
0
0
0
0
0
0
0
0
0
0
0
0
0
0
0
0
0
0
0
0
0
0
0
0
0
0
0
0
0
0
0
0
0
0
0
0
0
0
0
0
0
0
0
0
0
0
0
0
0
0
0
0
0
0
0
0
0
0
0
0
0
0
0
0
0
0
0
0
0
0
0
0
0
-4.6418
0
0
0
0
0
0
0
0
0
0
0
0
0
0
0
0
0
0
0
0
0
0
0
0
0
0
0
-4.1962
0
0
0
8.838
0
0
0
0
0
0
0
0
0
0
0
0
0
0
0
0
0
0
0
0
0
0
0
0
0
0
0
0
0
0
0
0
0
0
0
0
0
0
0
0
0
0
0
0
0
0
0
0
0
0
0
0
0
0
0
0
0
0
0
0
0
0
0
0
0
0
0
0
0
0
0
0
0
0
0
0
0
0
0
0
0
0
0
0
0
0
0
0
0
0
0
0
0
0
0
0
0
0
0
0
0
-4.1759
0
0
0
0
9.2393
0
0
0
0
0
0
-5.0634
0
0
0
0
0
0
0
0
0
0
0
0
0
0
0
0
0
0
0
0
0
0
0
0
0
0
0
0
0
0
0
0
0
0
0
0
0
0
0
0
0
0
0
0
0
0
0
0
0
0
0
0
0
0
0
0
0
0
0
0
0
0
0
0
0
0
0
0
0
0
0
0
0
0
0
0
0
0
0
0
0
0
0
0
0
0
0
0
-3.0268
0
-3.2757
0
0
0
0
0
0
0
0
6.3025
0
0
0
0
0
0
0
0
0
0
0
0
0
0
0
0
0
0
0
0
0
0
0
0
0
0
0
0
0
0
0
0
0
0
0
0
0
0
0
0
0
0
0
0
0
0
0
0
0
0
0
0
0
0
0
0
0
0
0
0
0
0
0
0
0
0
0
0
0
0
0
0
0
0
0
0
0
0
0
0
0
0
-4.3634
0
0
0
0
0
0
0
0
0
0
0
0
0
0
0
0
0
0
0
0
0
0
0
8.1232
0
0
0
-3.7599
0
0
0
0
0
0
0
0
0
0
0
0
0
0
0
0
0
0
0
0
0
0
0
0
0
0
0
0
0
0
0
0
0
0
0
0
0
0
0
0
0
0
0
0
0
0
0
0
0
0
0
0
0
0
0
0
0
0
0
0
0
0
0
0
0
0
0
0
0
0
0
0
0
0
0
0
0
0
0
0
0
0
0
0
0
-2.5527
0
0
0
0
-4.0712
0
0
0
0
0
0
0
0
0
0
0
6.6239
0
0
0
0
0
0
0
0
0
0
0
0
0
0
0
0
0
0
0
0
0
0
0
0
0
0
0
0
0
0
0
0
0
0
0
0
0
0
0
0
0
0
0
0
0
0
0
0
0
0
0
0
0
0
0
0
0
0
-4.87
0
0
0
0
0
0
0
0
0
0
0
0
0
0
0
0
0
0
0
0
0
0
0
0
0
0
0
0
0
0
0
0
0
0
0
0
0
0
0
0
0
0
0
0
0
0
0
8.4111
0
-3.5411
0
0
0
0
0
0
0
0
0
0
0
0
0
0
0
0
0
0
0
0
0
0
0
0
0
0
0
0
0
0
0
0
0
0
0
0
0
0
0
0
0
-3.3199
0
0
0
0
0
0
0
0
0
0
0
0
0
0
0
0
0
0
0
0
0
0
0
0
0
0
0
0
0
0
0
0
0
0
0
0
0
0
0
0
0
0
0
0
0
0
0
0
0
-3.6482
0
0
0
0
0
0
0
0
0
0
0
0
6.9681
0
0
0
0
0
0
0
0
0
0
0
0
0
0
0
0
0
0
0
0
0
0
0
0
0
0
0
0
0
0
0
0
0
0
0
0
0
0
0
0
0
0
0
0
0
0
0
0
0
0
0
0
0
0
0
0
0
0
0
0
0
0
0
0
0
0
0
0
0
0
0
0
0
0
0
0
0
0
0
0
0
0
0
0
0
0
0
0
0
0
0
0
0
0
0
0
0
0
0
0
0
0
-3.7599
0
-3.5411
0
7.301
0
0
0
0
0
0
0
0
0
0
0
0
0
0
0
0
0
0
0
0
0
0
0
0
0
0
0
0
0
0
0
0
0
0
0
0
0
0
0
0
0
0
0
0
0
0
0
0
0
0
0
0
0
0
0
0
0
0
0
0
0
0
0
0
0
0
0
0
0
0
0
0
0
0
0
0
0
0
0
0
0
0
0
0
0
0
0
0
0
0
0
0
0
0
0
0
-4.2589
0
0
-5.0634
0
0
0
0
0
0
9.3224
0
0
0
0
0
0
0
0
0
0
0
0
0
0
0
0
0
0
0
0
0
0
0
0
0
0
0
0
0
0
0
0
0
0
-7.4626
0
0
0
0
0
0
0
0
0
0
0
0
0
0
0
0
0
0
0
0
0
0
0
0
0
0
0
0
0
0
0
0
0
0
0
0
0
0
0
0
0
0
0
0
0
0
0
0
0
0
0
0
0
0
0
0
0
0
0
0
0
0
0
0
0
0
0
0
0
0
0
7.4626
0
0
0
0
0
0
0
0
0
0
0
0
0
0
0
0
0
0
0
0
0
0
0
0
0
0
0
0
0
0
0
0
0
0
0
0
0
0
0
0
-7.0595
0
0
0
0
0
0
0
0
0
0
0
0
0
0
0
0
0
0
0
0
0
0
0
0
0
0
0
0
0
0
0
0
0
0
0
0
0
0
0
0
0
0
0
0
0
0
0
0
0
0
0
0
0
0
0
0
0
0
0
0
0
0
0
0
0
7.0595
0
0
0
0
0
0
0
0
0
0
0
0
0
0
0
0
0
0
0
0
0
0
0
0
0
0
0
0
0
0
0
0
0
0
0
0
0
0
0
0
0
0
0
0
0
0
0
0
0
0
0
0
0
0
0
0
0
0
0
0
0
0
0
0
0
0
0
0
-3.685
0
0
0
0
0
0
0
0
0
0
0
0
0
0
0
0
0
0
0
0
0
0
0
0
0
0
0
0
0
0
0
0
0
0
0
0
0
3.685
0
0
0
0
0
0
0
0
0
0
0
0
0
0
0
0
0
0
0
0
0
0
0
0
0
0
0
0
0
0
0
0
0
0
0
0
0
0
0
0
0
0
0
0
0
0
0
0
0
0
0
0
0
0
0
0
0
0
0
0
0
0
0
0
0
0
0
0
0
0
-6.0742
0
0
0
0
0
0
0
0
0
0
0
0
0
0
0
0
0
0
0
0
0
0
0
0
0
0
0
0
0
0
0
0
0
0
0
6.0742
0
0
0
0
0
0
0
0
0
0
0
0
0
0
0
0
0
0
0
0
0
0
0
0
0
0
0
0
0
0
0
0
0
0
0
0
0
0
0
0
0
0
0
0
0
0
0
0
0
0
0
0
0
0
0
0
0
0
0
0
0
0
0
0
0
0
0
0
0
0
0
0
0
0
0
0
0
0
0
0
0
0
0
0
0
0
0
-3.8992
0
0
0
0
0
0
0
0
0
0
0
0
0
0
0
0
0
0
3.8992
0
0
0
0
0
0
0
0
0
0
0
0
0
0
0
0
0
0
0
0
0
0
0
0
0
0
0
0
-8.245
0
0
0
0
0
0
0
0
0
0
0
0
0
0
0
0
0
0
0
0
0
0
0
0
0
0
0
0
0
0
0
0
0
0
0
0
0
0
0
0
0
0
0
0
0
0
0
0
0
0
0
0
0
0
0
0
0
0
0
0
0
0
0
0
0
0
0
0
0
0
0
0
0
0
0
0
0
8.245
0
0
0
0
0
0
0
0
0
0
0
0
0
0
0
0
0
0
0
0
0
0
0
0
0
0
0
0
0
0
0
0
0
0
0
0
0
0
0
0
0
0
0
0
0
0
0
0
0
0
0
0
0
0
0
0
0
0
0
0
0
0
0
0
0
0
0
0
0
0
0
0
0
0
0
0
0
0
0
0
0
0
-3.4165
0
0
0
0
0
0
0
0
0
0
0
0
0
0
0
0
0
0
0
0
0
0
0
3.4165
0
0
0
0
0
0
0
0
0
0
0
0
0
0
0
0
0
0
0
0
0
0
0
0
0
-8.6856
0
0
0
0
0
0
0
0
0
0
0
0
0
0
0
0
0
0
0
0
0
0
0
0
0
0
0
0
0
0
0
0
0
0
0
0
0
0
0
0
0
0
0
0
0
0
0
0
0
0
0
0
0
0
0
0
0
0
0
0
0
0
0
0
0
0
0
0
0
0
0
0
0
0
0
0
0
0
0
0
8.6856
0
0
0
0
0
0
0
0
0
0
0
0
0
0
0
0
0
0
0
0
0
0
0
0
0
0
0
0
0
0
0
0
-7.7666
0
0
0
0
0
0
0
0
0
0
0
0
0
0
0
0
0
0
0
0
0
0
0
0
0
0
0
0
0
0
0
0
0
0
0
0
0
0
0
0
0
0
0
0
0
0
0
0
0
0
0
0
0
0
0
0
0
0
0
0
0
0
0
0
0
0
0
0
0
0
0
0
0
7.7666
0
0
0
0
0
0
0
0
0
0
0
0
0
0
0
0
0
0
0
0
0
0
0
0
0
0
0
0
0
0
0
0
0
0
0
0
0
0
0
0
0
0
0
0
0
0
0
0
0
0
0
0
0
0
0
0
0
-4.425
0
0
0
0
0
0
0
0
0
0
0
0
0
0
0
0
0
0
0
0
0
0
0
0
0
0
0
0
0
0
0
0
0
0
0
0
0
0
0
0
0
0
0
0
0
0
0
0
4.425
0
0
0
0
0
0
0
0
0
0
0
0
0
0
0
0
0
0
0
0
0
0
0
0
0
0
0
0
0
0
0
0
0
0
0
0
0
0
0
0
0
0
0
0
0
0
0
0
0
0
0
0
0
0
0
0
0
0
0
0
0
0
0
-6.0717
0
0
0
0
0
0
0
0
0
0
0
0
0
0
0
0
0
0
0
0
0
0
0
0
0
0
0
0
0
0
0
0
0
0
0
0
0
0
0
0
0
0
6.0717
0
0
0
0
0
0
0
0
0
0
0
0
0
0
0
0
0
0
0
0
0
-8.6132
0
0
0
0
0
0
0
0
0
0
0
0
0
0
0
0
0
0
0
0
0
0
0
0
0
0
0
0
0
0
0
0
0
0
0
0
0
0
0
0
0
0
0
0
0
0
0
0
0
0
0
0
0
0
0
0
0
0
0
0
0
0
0
0
0
0
0
0
0
0
0
0
0
0
0
0
0
0
0
0
0
0
0
0
8.6132
0
0
0
0
0
0
0
0
0
0
0
0
0
0
0
0
0
0
0
0
0
0
0
0
0
0
0
0
0
0
0
0
0
0
0
0
0
0
0
0
0
0
0
0
0
0
0
0
0
0
0
0
0
0
0
0
0
0
0
-4.2593
0
0
0
0
0
0
0
0
0
0
0
0
0
0
0
0
0
0
0
0
0
0
0
0
0
0
0
0
0
0
0
0
0
0
0
0
0
0
0
0
0
0
0
0
0
0
4.2593
0
0
0
0
0
0
0
0
0
0
0
0
0
0
0
0
0
0
0
0
0
0
0
0
0
0
0
0
0
0
0
0
0
0
0
0
0
0
0
0
0
0
-6.5161
0
0
0
0
0
0
0
0
0
0
0
0
0
0
0
0
0
0
0
0
0
0
0
0
0
0
0
0
0
0
0
0
0
0
0
0
0
0
0
0
0
0
0
0
0
0
0
0
0
0
0
0
0
0
0
0
0
0
0
0
0
0
0
6.5161
0
0
0
0
0
0
0
0
0
0
0
0
0
0
0
0
0
0
0
0
0
0
0
0
0
0
0
0
0
0
0
0
0
0
0
0
0
0
0
0
-7.2845
0
0
0
0
0
0
0
0
0
0
0
0
0
0
0
0
0
0
0
0
0
0
0
0
0
0
0
0
0
0
0
0
0
0
0
0
0
0
0
0
0
0
0
0
0
0
0
0
0
0
0
0
0
0
0
0
0
0
0
0
0
0
0
0
0
7.2845
0
0
0
0
0
0
0
0
0
0
0
0
0
0
0
0
0
0
0
0
0
0
0
0
0
0
0
0
0
0
0
0
0
0
0
0
0
0
0
0
0
0
0
0
0
0
0
0
0
0
0
0
0
0
0
0
0
0
0
0
0
0
-2.9206
0
0
0
0
0
0
0
0
0
0
0
0
0
0
0
0
0
0
0
0
0
0
0
0
0
0
0
0
0
0
0
0
0
0
0
0
0
0
0
0
0
0
0
2.9206
0
0
0
0
0
0
0
0
0
0
0
0
0
0
0
0
0
0
-7.4626
0
0
0
0
0
0
0
0
0
0
0
0
0
0
0
0
0
0
0
0
0
0
0
0
0
0
0
0
0
0
0
0
0
0
0
0
0
0
0
0
0
0
0
0
0
0
0
0
0
0
0
0
0
0
0
0
0
0
0
0
0
0
0
0
0
0
0
0
0
0
0
0
0
0
0
0
0
0
0
0
0
0
0
0
0
0
0
7.4626
0
0
0
0
0
0
0
0
0
0
0
0
0
0
0
-8.6131
0
0
0
0
0
0
0
0
0
0
0
0
0
0
0
0
0
0
0
0
0
0
0
0
0
0
0
0
0
0
0
0
0
0
0
0
0
0
0
0
0
0
0
0
0
0
0
0
0
0
0
0
0
0
0
0
0
0
0
0
0
0
0
0
0
0
0
0
0
0
0
0
0
0
0
0
0
0
0
0
0
0
0
0
0
0
0
0
0
0
8.6131
0
0
0
0
0
0
0
0
0
0
0
0
0
0
0
0
0
0
0
0
0
0
0
0
-5.8006
0
0
0
0
0
0
0
0
0
0
0
0
0
0
0
0
0
0
0
0
0
0
0
0
0
0
0
0
0
0
0
0
0
0
0
0
0
0
0
0
0
0
0
0
0
0
0
0
0
0
0
0
0
0
0
0
0
0
0
0
0
0
0
0
0
0
0
0
0
0
0
0
0
0
0
0
0
0
0
0
0
5.8006
0
0
0
0
0
0
0
0
0
0
0
0
0
0
0
0
0
0
0
0
0
0
0
0
0
0
0
0
0
0
0
0
0
0
0
-7.2846
0
0
0
0
0
0
0
0
0
0
0
0
0
0
0
0
0
0
0
0
0
0
0
0
0
0
0
0
0
0
0
0
0
0
0
0
0
0
0
0
0
0
0
0
0
0
0
0
0
0
0
0
0
0
0
0
0
0
0
0
0
0
0
0
0
0
0
0
0
0
7.2846
0
0
0
0
0
0
0
0
0
0
0
0
0
0
0
0
0
0
0
0
0
0
0
0
0
0
0
0
0
0
0
0
0
0
0
0
0
0
0
0
0
0
0
0
0
0
0
0
0
0
0
0
0
0
0
0
0
0
0
0
0
0
0
0
0
0
0
0
0
-3.3363
0
0
0
0
0
0
0
0
0
0
0
0
0
0
0
0
0
0
0
0
0
0
0
0
0
0
0
0
0
0
0
0
0
0
0
0
3.3363
0
0
0
0
0
0
0
0
0
0
0
0
0
0
0
0
0
0
0
0
0
0
0
0
0
0
0
0
0
0
0
0
0
0
0
0
0
0
0
0
0
0
0
0
0
0
0
0
-4.2172
0
0
0
0
0
0
0
0
0
0
0
0
0
0
0
0
0
0
0
0
0
0
0
0
0
0
0
0
0
0
0
0
0
0
0
0
0
0
0
0
0
0
0
0
0
0
0
0
0
0
0
0
0
0
0
0
0
4.2172
0
0
0
0
0
0
0
0
0
0
0
0
0
0
0
0
0
0
0
0
0
0
0
-5.3284
0
0
0
0
0
0
0
0
0
0
0
0
0
0
0
0
0
0
0
0
0
0
0
0
0
0
0
0
0
0
0
0
0
0
0
0
0
0
0
0
0
0
0
0
0
0
0
0
0
0
0
0
0
0
0
0
0
0
0
0
0
0
0
0
0
0
0
0
0
0
0
0
0
0
0
0
0
0
0
0
0
0
5.3284
0
0
0
0
0
0
0
0
0
-8.592
0
0
0
0
0
0
0
0
0
0
0
0
0
0
0
0
0
0
0
0
0
0
0
0
0
0
0
0
0
0
0
0
0
0
0
0
0
0
0
0
0
0
0
0
0
0
0
0
0
0
0
0
0
0
0
0
0
0
0
0
0
0
0
0
0
0
0
0
0
0
0
0
0
0
0
0
0
0
0
0
0
0
0
0
0
0
0
0
0
0
0
0
0
0
0
0
8.592
0
0
0
0
0
0
0
0
0
0
0
0
0
0
0
0
0
0
0
0
0
0
0
0
0
0
0
0
0
0
0
0
0
0
0
0
0
0
0
0
0
0
0
0
0
-4.2172
0
0
0
0
0
0
0
0
0
0
0
0
0
0
0
0
0
0
0
0
0
0
0
0
0
0
0
0
0
0
0
0
0
0
0
0
0
0
0
0
0
0
0
0
0
0
0
0
0
0
0
0
0
0
0
0
0
0
0
0
4.2172
0
0
0
0
0
0
0
0
0
0
0
0
0
0
0
0
0
0
0
0
0
-4.664
0
0
0
0
0
0
0
0
0
0
0
0
0
0
0
0
0
0
0
0
0
0
0
0
0
0
0
0
0
0
0
0
0
0
0
0
0
0
0
0
0
0
0
0
0
0
0
0
0
0
0
0
0
0
0
0
0
0
0
0
0
0
0
0
0
0
0
0
0
0
0
0
0
0
0
0
0
0
0
0
0
0
0
0
4.664
0
0
0
0
0
0
0
0
0
0
0
0
0
0
0
0
0
0
0
0
0
0
0
0
0
0
0
0
0
0
0
0
0
0
0
0
0
0
0
0
0
0
0
0
0
0
0
-6.0809
0
0
0
0
0
0
0
0
0
0
0
0
0
0
0
0
0
0
0
0
0
0
0
0
0
0
0
0
0
0
0
0
0
0
0
0
0
0
0
0
0
0
0
0
0
0
0
0
0
0
0
0
0
0
0
0
0
0
6.0809
0
0
0
0
0
0
0
0
0
0
0
0
0
0
0
0
0
0
0
0
0
0
0
0
0
0
0
0
0
0
0
0
0
0
0
0
0
0
0
0
0
0
0
0
0
0
0
0
0
0
0
0
0
0
0
0
0
0
-0.56755
0
0
0
0
0
0
0
0
0
0
0
0
0
0
0
0
0
0
0
0
0
0
0
0
0
0
0
0
0
0
0
0
0
0
0
0
0
0
0
0
0
0
0
0
0
0
0
0.56755
0
0
0
0
0
0
0
0
0
-8.1521
0
0
0
0
0
0
0
0
0
0
0
0
0
0
0
0
0
0
0
0
0
0
0
0
0
0
0
0
0
0
0
0
0
0
0
0
0
0
0
0
0
0
0
0
0
0
0
0
0
0
0
0
0
0
0
0
0
0
0
0
0
0
0
0
0
0
0
0
0
0
0
0
0
0
0
0
0
0
0
0
0
0
0
0
0
0
0
0
0
0
0
0
0
0
0
0
8.1521
0
0
0
0
0
0
0
0
0
0
0
0
0
0
0
0
0
0
0
0
0
0
0
0
0
0
0
0
0
0
0
0
0
0
0
0
0
0
0
0
0
0
0
0
0
0
0
0
0
0
0
0
0
0
0
0
0
0
0
0
0
0
0
-3.8634
0
0
0
0
0
0
0
0
0
0
0
0
0
0
0
0
0
0
0
0
0
0
0
0
0
0
0
0
0
0
0
0
0
0
0
0
0
0
0
0
0
0
3.8634
0
0
0
0
0
0
0
0
0
0
0
0
0
0
0
0
0
0
0
0
0
0
0
0
0
-6.516
0
0
0
0
0
0
0
0
0
0
0
0
0
0
0
0
0
0
0
0
0
0
0
0
0
0
0
0
0
0
0
0
0
0
0
0
0
0
0
0
0
0
0
0
0
0
0
0
0
0
0
0
0
0
0
0
0
0
0
0
0
0
0
0
0
0
0
0
0
0
0
0
0
0
0
0
0
0
0
0
6.516
0
0
0
0
0
0
0
0
0
0
0
0
0
0
0
0
0
0
0
0
0
0
0
0
0
0
0
0
0
0
0
0
0
0
0
0
0
0
0
0
0
0
0
0
0
-3.3355
0
0
0
0
0
0
0
0
0
0
0
0
0
0
0
0
0
0
0
0
0
0
0
0
0
0
0
0
0
0
0
0
0
0
0
0
0
0
0
0
0
0
0
0
0
0
0
0
0
0
0
0
0
0
0
0
0
0
0
0
3.3355
