1
0.97049
0.96212
0.95959
0.95752
0.95527
0.95368
0.95188
0.95066
0.94916
0.94668
0.94536
0.94321
0.941
0.93912
0.93724
0.93558
0.93389
0.93233
0.93075
0.92927
0.92774
0.92631
0.92481
0.92337
0.92188
0.92043
0.91898
0.91755
0.91614
0.91475
0.91338
0.91204
0.91071
0.90942
0.90814
0.9069
0.90568
0.9045
0.90334
0.90221
0.9011
0.90002
0.89897
0.89795
0.89694
0.89596
0.89499
0.89404
0.8931
0.89217
0.89127
0.89037
0.88948
0.88859
0.8877
0.88682
0.88594
0.88508
0.88422
0.88338
0.88256
0.88176
0.88098
0.88021
0.87947
0.87873
0.87801
0.8773
0.87661
0.87593
0.87526
0.8746
0.87396
0.87331
0.87267
0.87204
0.8714
0.87077
0.87015
0.86954
0.86893
0.86834
0.86775
0.86717
0.8666
0.86603
0.86546
0.8649
0.86434
0.86379
0.86324
0.8627
0.86217
0.86164
0.86113
0.86062
0.86013
0.85966
0.85919
0.85875
0.85833
0.85793
0.85756
0.85721
0.85689
0.8566
0.85634
0.8561
0.85589
0.85571
0.85554
0.8554
0.85527
0.85516
0.85506
