1
0.96004
0.9352
0.9274
0.92229
0.91853
0.91321
0.9045
0.89576
0.89357
0.89221
0.88481
0.87821
0.87277
0.86871
0.8657
0.86311
0.8607
0.85829
0.85578
0.85291
0.8497
0.84607
0.84211
0.83784
0.8335
0.82913
0.8249
0.8208
0.81694
0.81328
0.80989
0.80674
0.80389
0.80133
0.79909
0.79709
0.79526
0.79352
0.7918
0.79004
0.78822
0.78637
0.78448
0.78256
0.78064
0.77871
0.7768
0.77491
0.77308
0.77132
0.76964
0.76807
0.76659
0.76517
0.76379
0.76242
0.76102
0.75957
0.75806
0.75648
0.75483
0.7531
0.75129
0.7494
0.74746
0.74548
0.74346
0.74143
0.73937
0.7373
0.73521
0.73309
0.73093
0.72873
0.72648
0.72418
0.72179
0.71932
0.71676
0.71411
0.71136
0.70854
0.70565
0.70268
0.69968
0.69666
0.69365
0.69068
0.68777
0.68493
0.68218
0.67952
0.67695
0.67447
0.67208
0.66975
0.6675
0.66531
0.66318
0.66112
0.65914
0.65723
0.6554
0.65364
0.65195
0.65033
0.64878
0.6473
0.64589
0.64454
0.64328
0.64209
0.64097
0.63994
0.63898
0.63811
0.63732
0.63663
0.63602
0.63553
0.63514
0.63487
0.63471
0.63469
0.63479
0.635
0.63533
0.63577
0.63631
0.63696
0.63771
0.63855
0.63949
0.6405
0.64159
0.64274
0.64394
0.64518
0.64644
0.64771
0.64896
0.65017
0.65129
0.65231
0.65319
0.65394
0.65456
0.65504
0.6554
