1
0.95195
0.94009
0.9356
0.93433
0.93293
0.9316
0.93064
0.92763
0.92655
0.92376
0.9227
0.92208
0.91952
0.91723
0.91503
0.91306
0.9112
0.90947
0.90783
0.90625
0.90474
0.90327
0.90183
0.90041
0.89898
0.89756
0.89611
0.89465
0.89318
0.8917
0.89024
0.88882
0.88743
0.8861
0.88483
0.88362
0.88248
0.88142
0.88043
0.87952
0.87867
0.87789
0.87718
0.87653
0.87596
0.87544
0.87499
0.8746
0.87427
0.87402
0.87383
0.8737
0.87364
0.87364
0.8737
0.87381
0.87396
0.87414
0.87435
0.87459
0.87484
0.87512
0.87541
0.87571
0.87603
0.87637
0.87671
0.87706
0.87741
0.87776
0.8781
0.87842
0.87874
0.87904
0.87932
0.87958
0.87983
0.88007
0.88029
0.88049
0.88069
0.88087
0.88104
0.8812
0.88134
0.88148
0.8816
0.88171
0.88181
0.8819
0.88198
0.88206
0.88212
0.88217
0.88222
0.88227
0.8823
0.88232
0.88234
0.88234
0.88234
0.88231
0.88226
0.88219
0.88209
0.88195
0.88178
0.88157
0.88132
0.88104
