1
0.95068
0.93662
0.92887
0.92428
0.92013
0.91653
0.91377
0.90728
0.90553
0.89957
0.89862
0.89814
0.89255
0.88736
0.88236
0.87769
0.87322
0.86897
0.8649
0.861
0.85727
0.85368
0.85024
0.84692
0.84372
0.84064
0.83768
0.83483
0.83209
0.82946
0.82693
0.82449
0.82213
0.81985
0.81764
0.8155
0.81344
0.81147
0.80959
0.8078
0.80608
0.80442
0.80282
0.80128
0.79979
0.79834
0.79691
0.79552
0.79415
0.79281
0.79149
0.7902
0.78894
0.78772
0.78653
0.78538
0.78426
0.78317
0.78212
0.7811
0.78011
0.77916
0.77824
0.77735
0.7765
0.77567
0.77488
0.77411
0.77338
0.77266
0.77197
0.77131
0.77068
0.77006
0.76948
0.76892
0.7684
0.76789
0.76742
0.76697
0.76654
0.76613
0.76574
0.76537
0.76501
0.76467
0.76434
0.76402
0.7637
0.7634
0.7631
0.76279
0.76248
0.76216
0.76181
0.76143
0.76101
0.76053
0.76
0.75941
0.75877
0.75807
0.75735
0.75661
0.75587
0.75514
0.75443
0.75373
0.75304
0.75235
