1
0.94896
0.93653
0.93037
0.92801
0.92524
0.92322
0.92188
0.9176
0.91671
0.91247
0.91155
0.91132
0.90766
0.90432
0.901
0.89791
0.89484
0.89187
0.88898
0.88616
0.88343
0.88079
0.87824
0.87578
0.87341
0.87115
0.86899
0.86695
0.86501
0.86317
0.86141
0.85972
0.85807
0.85648
0.85489
0.85327
0.85157
0.84988
0.84831
0.84691
0.84566
0.84453
0.84353
0.84261
0.84177
0.84096
0.84018
0.83941
0.83865
0.8379
0.83714
0.83637
0.83559
0.83479
0.83396
0.8331
0.8322
0.83126
0.83026
0.82921
0.82809
0.8269
0.82565
0.82435
0.823
0.82164
0.82027
0.81891
0.81757
0.81626
0.81497
0.81372
0.81249
0.81129
0.81012
0.80896
0.80783
0.80672
0.80562
0.80454
0.80347
0.80242
0.80138
0.80035
0.79933
0.79831
0.79729
0.79628
0.79527
0.79426
0.79326
0.79226
0.79127
0.79029
0.78931
0.78835
0.78739
0.78645
0.78553
0.78461
0.78371
0.78283
0.78196
0.78109
0.78024
0.77939
0.77856
0.77773
0.77692
0.77612
