1
0.96373
0.95189
0.94242
0.93603
0.93143
0.92766
0.92442
0.91702
0.91053
0.90977
0.90394
0.90416
0.89893
0.89413
0.88985
0.88589
0.88234
0.87899
0.8759
0.87295
0.87021
0.86753
0.86501
0.86253
0.86014
0.85777
0.85544
0.8531
0.85075
0.84836
0.84593
0.84344
0.84086
0.8382
0.83542
0.83251
0.82945
0.82623
0.82283
0.81928
0.81562
0.81191
0.80822
0.80462
0.80114
0.79781
0.79464
0.79161
0.78873
0.78599
0.78337
0.78089
0.77852
0.77626
0.77411
0.77206
0.77009
0.76822
0.76642
0.7647
0.76305
0.76146
0.75994
0.75847
0.75704
0.75567
0.75433
0.75302
0.75175
0.7505
0.74928
0.74807
0.74687
0.74569
0.74452
0.74337
0.74222
0.74108
0.73996
0.73885
0.73776
0.73669
0.73564
0.73463
0.73365
0.73271
0.7318
0.73093
0.7301
0.72931
0.72856
0.72785
0.72718
0.72655
0.72595
0.72539
0.72487
0.72439
0.72394
0.72353
0.72316
0.72281
0.7225
0.72222
0.72198
0.72177
0.72159
0.72144
0.72133
0.72124
0.72118
0.72115
0.72114
0.72115
0.72119
0.72125
0.72132
0.7214
0.72149
0.7216
0.72171
0.72185
0.722
0.72216
0.72234
0.72254
0.72275
0.72298
0.72323
0.72348
0.72375
0.72403
0.72431
