1
0.9659
0.95558
0.94751
0.94216
0.93843
0.93531
0.93268
0.92686
0.92177
0.92084
0.91626
0.91595
0.91183
0.90797
0.90449
0.90123
0.89829
0.8955
0.89292
0.89044
0.88814
0.88588
0.88377
0.88169
0.8797
0.87773
0.87581
0.8739
0.87199
0.87007
0.86812
0.86612
0.86405
0.8619
0.85963
0.85722
0.85467
0.85196
0.84907
0.84603
0.8429
0.83972
0.83658
0.83354
0.83064
0.82789
0.8253
0.82285
0.82055
0.81836
0.8163
0.81433
0.81246
0.81067
0.80896
0.80733
0.80576
0.80425
0.80281
0.80142
0.80008
0.79879
0.79756
0.79637
0.79522
0.79411
0.79305
0.79202
0.79103
0.79007
0.78914
0.78824
0.78738
0.78654
0.78573
0.78495
0.78419
0.78346
0.78275
0.78206
0.78139
0.78073
0.7801
0.77948
0.77888
0.77828
0.7777
0.77713
0.77656
0.776
0.77545
0.77491
0.77437
0.77383
0.77331
0.77279
0.77228
0.77177
0.77128
0.7708
0.77034
0.76989
0.76947
0.76907
0.76869
0.76835
0.76803
0.76776
0.76751
0.76731
0.76714
0.76701
0.76692
0.76688
0.76686
0.76688
0.76692
0.76698
0.76707
0.76717
0.7673
0.76744
0.76759
0.76776
0.76794
0.76812
0.76832
0.76851
0.76871
0.7689
0.7691
0.76929
0.76947
