1
0.96833
0.96398
0.95935
0.95493
0.95097
0.94753
0.944
0.94093
0.93853
0.93643
0.93451
0.92986
0.92507
0.92108
0.91688
0.913
0.90925
0.90571
0.90236
0.89903
0.89582
0.89257
0.88939
0.88618
0.88306
0.88001
0.87706
0.8742
0.87146
0.86883
0.86636
0.86404
0.86191
0.85998
0.85826
0.85676
0.85547
0.85438
0.85346
0.85266
0.85193
0.85122
0.85047
0.84969
0.84885
0.84796
0.84702
0.84603
0.845
0.84395
0.84288
0.84181
0.84075
0.8397
0.83868
0.83767
0.83668
0.83572
0.83479
0.83389
0.83301
0.83217
0.83135
0.83055
0.82977
0.82901
0.82827
0.82754
0.82684
0.82615
0.82549
0.82485
0.82422
0.82362
0.82302
0.82245
0.82189
0.82134
0.8208
0.82028
0.81976
0.81925
0.81875
0.81824
0.81775
0.81725
0.81676
0.81627
0.81578
0.81529
0.81481
0.81433
0.81386
0.81339
0.81295
0.81251
0.8121
0.81171
0.81135
0.81101
0.81069
0.81041
0.81015
0.80992
0.80971
0.80953
0.80936
0.80919
0.80903
0.80887
0.8087
0.80852
0.80832
0.8081
0.80786
0.80761
0.80734
0.80704
0.80673
0.8064
0.80605
0.80568
0.80529
0.80489
0.80448
0.80404
0.8036
0.80315
0.80268
0.80221
0.80172
0.80124
0.80074
0.80025
0.79975
0.79926
0.79876
0.79827
0.79779
0.79731
0.79683
0.79636
0.7959
0.79544
0.79499
0.79455
0.79413
0.79371
0.79331
0.79292
0.79254
0.79218
0.79183
0.79149
0.79116
0.79084
0.79052
0.79021
0.7899
0.7896
0.7893
0.78899
0.78869
0.78838
0.78807
0.78775
