61.1986
-0.9342
-0.9099
-0.88773
-0.9076
-0.90998
-0.82795
-0.91369
-0.89451
-0.87626
-0.91943
-0.91365
-0.87474
-0.8761
-0.80211
-0.82455
-0.84391
-0.79476
-0.94708
-0.81422
-0.8024
-0.8026
-0.79755
-0.75336
-0.79561
-0.83909
-0.80002
-0.86832
-0.81478
-0.8148
-0.81097
-0.79557
-0.79569
-0.86829
-0.85982
-0.83339
-0.8184
-0.90004
-0.90529
-0.92668
-0.84758
-0.84367
-0.83677
-0.88719
-0.88309
-0.79567
-0.91755
-0.80949
-0.95892
-0.95947
-0.84971
-0.91372
-1.0307
-1.1665
-2.0858
-2.3664
0
-2.1073
0
0
0
0
0
0
0
0
0
0
0
0
0
0
0
0
0
0
0
0
0
0
0
0
0
0
0
0
0
0
0
0
0
0
0
0
0
0
0
-8.6642
0
0
0
-0.9342
57.8587
-0.92123
-0.89659
-0.91005
-0.92131
-0.834
-0.91986
-0.89996
-0.88623
-0.93044
-0.91982
-0.88472
-0.88607
-0.80729
-0.83131
-0.84657
-0.80088
-0.94766
-0.82426
-0.80837
-0.80857
-0.8038
-0.75882
-0.80143
-0.84296
-0.80744
-0.87193
-0.82079
-0.8208
-0.8159
-0.80255
-0.80267
-0.87688
-0.86608
-0.83774
-0.82682
-0.90666
-0.91148
-0.93299
-0.85332
-0.8512
-0.84425
-0.89462
-0.8905
-0.77532
-0.92462
-0.8166
-0.96638
-0.96685
-0.85737
-0.92059
-1.0286
-1.1738
0
0
0
0
0
0
0
0
0
0
-3.2104
0
0
0
0
0
0
0
0
0
0
0
0
0
0
0
0
0
0
0
0
0
0
0
0
-8.3572
0
0
0
0
0
0
0
0
0
0
0
-0.9099
-0.92123
50.325
-0.88837
-0.90115
-0.89894
-0.82906
-0.9172
-0.89777
-0.87719
-0.9243
-0.91715
-0.87559
-0.877
-0.80348
-0.8261
-0.84073
-0.79535
-0.95163
-0.81848
-0.80256
-0.80276
-0.79695
-0.75639
-0.79548
-0.84597
-0.81064
-0.87626
-0.81579
-0.81581
-0.81575
-0.79689
-0.79702
-0.88055
-0.86075
-0.84741
-0.82107
-0.9013
-0.91617
-0.9289
-0.85447
-0.84473
-0.83778
-0.88856
-0.88443
-0.79683
-0.91869
-0.81033
-0.96023
-0.96034
-0.84965
-0.91311
-1.0196
-1.173
-2.0999
0
0
-2.1583
0
0
0
0
0
0
0
0
0
0
0
0
0
0
0
0
0
0
0
0
0
0
0
0
0
0
0
0
0
0
0
0
0
0
0
0
0
0
0
0
0
0
0
-0.88773
-0.89659
-0.88837
49.2825
-0.87563
-0.88844
-0.80308
-0.88918
-0.87329
-0.85281
-0.90058
-0.88913
-0.85119
-0.85264
-0.77791
-0.80083
-0.81434
-0.77023
-0.92837
-0.79255
-0.77749
-0.7777
-0.77143
-0.73056
-0.7704
-0.82009
-0.78593
-0.84852
-0.79037
-0.79039
-0.78938
-0.77167
-0.77179
-0.85243
-0.83465
-0.82096
-0.7958
-0.87468
-0.88698
-0.9026
-0.82575
-0.81892
-0.81204
-0.86224
-0.85814
-0.77187
-0.89183
-0.78216
-0.93291
-0.93313
-0.82398
-0.88664
-0.99188
-1.1432
-2.0671
0
0
0
0
0
0
0
0
0
0
0
0
0
0
0
0
0
0
0
0
0
-2.4841
0
0
0
0
0
0
0
0
0
0
0
0
0
0
0
0
0
0
0
0
0
0
0
0
-0.9076
-0.91005
-0.90115
-0.87563
55.3224
-0.90122
-0.81691
-0.90201
-0.88201
-0.86529
-0.90909
-0.90198
-0.86377
-0.86514
-0.79016
-0.81412
-0.82568
-0.7841
-0.92599
-0.80701
-0.79138
-0.79159
-0.78646
-0.74223
-0.78448
-0.83091
-0.7901
-0.85338
-0.80369
-0.80371
-0.79772
-0.78478
-0.7849
-0.85838
-0.84827
-0.83036
-0.80697
-0.88828
-0.89309
-0.91463
-0.83478
-0.83256
-0.82567
-0.8759
-0.8718
-0.7846
-0.90596
-0.79875
-0.94747
-0.94797
-0.83935
-0.90235
-0.99941
-1.153
-2.0791
0
0
0
0
0
0
0
0
0
0
0
0
0
0
0
0
0
0
0
0
0
0
0
0
0
0
0
0
0
0
0
0
0
-7.8896
0
0
0
0
0
0
0
0
0
0
0
0
-0.90998
-0.92131
-0.89894
-0.88844
-0.90122
50.3292
-0.82913
-0.91727
-0.89784
-0.87726
-0.92437
-0.91724
-0.87567
-0.87708
-0.80356
-0.82617
-0.8408
-0.79543
-0.9517
-0.81855
-0.80263
-0.80284
-0.79703
-0.75646
-0.79555
-0.84606
-0.81071
-0.87634
-0.81586
-0.81588
-0.81582
-0.79697
-0.79709
-0.88063
-0.86083
-0.84749
-0.82115
-0.90138
-0.91626
-0.92898
-0.85456
-0.84481
-0.83786
-0.88864
-0.8845
-0.79691
-0.91878
-0.8104
-0.96031
-0.96041
-0.84972
-0.9132
-1.0197
-1.1731
-2.1
0
0
-2.1584
0
0
0
0
0
0
0
0
0
0
0
0
0
0
0
0
0
0
0
0
0
0
0
0
0
0
0
0
0
0
0
0
0
0
0
0
0
0
0
0
0
0
0
-0.82795
-0.834
-0.82906
-0.80308
-0.81691
-0.82913
43.1747
-0.82492
-0.80423
-0.78918
-0.8342
-0.82487
-0.78774
-0.78903
-0.7135
-0.7387
-0.75112
-0.7072
-0.86266
-0.7305
-0.71615
-0.71636
-0.71057
-0.66646
-0.70819
-0.75673
-0.72468
-0.78191
-0.72773
-0.72774
-0.72922
-0.7099
-0.71002
-0.79024
-0.76999
-0.75625
-0.73198
-0.80914
-0.82189
-0.83485
-0.76477
-0.75559
-0.74885
-0.79781
-0.7938
-0.71057
-0.82589
-0.72428
-0.8656
-0.86556
-0.76077
-0.82055
-0.9252
-1.0727
0
0
0
0
0
0
0
0
0
-1.7448
0
0
0
0
0
0
0
0
0
0
0
0
0
0
0
0
0
0
0
0
0
0
0
0
0
0
0
0
0
0
0
0
0
0
0
0
0
-0.91369
-0.91986
-0.9172
-0.88918
-0.90201
-0.91727
-0.82492
48.1056
-0.89456
-0.8792
-0.92195
-0.90196
-0.87763
-0.87904
-0.79921
-0.82246
-0.83859
-0.79241
-0.9491
-0.81554
-0.79957
-0.79977
-0.79445
-0.75342
-0.7924
-0.8447
-0.80933
-0.87667
-0.81318
-0.8132
-0.81481
-0.79447
-0.79459
-0.8797
-0.85806
-0.84459
-0.8187
-0.8988
-0.91383
-0.92618
-0.85302
-0.84252
-0.83556
-0.88639
-0.88225
-0.79536
-0.91639
-0.80785
-0.9579
-0.95797
-0.84847
-0.91061
-1.0183
-1.1705
0
0
0
0
0
0
-2.1263
0
0
0
0
0
0
0
0
0
0
0
0
0
0
0
0
0
0
0
0
0
0
0
0
0
0
0
0
0
0
0
0
0
0
0
0
0
0
0
0
-0.89451
-0.89996
-0.89777
-0.87329
-0.88201
-0.89784
-0.80423
-0.89456
47.4096
-0.85942
-0.90233
-0.89451
-0.85782
-0.85924
-0.77948
-0.80279
-0.81735
-0.77278
-0.92943
-0.79522
-0.77967
-0.77988
-0.77397
-0.73312
-0.77244
-0.82477
-0.79004
-0.854
-0.79292
-0.79292
-0.7929
-0.77432
-0.77445
-0.85709
-0.83713
-0.82422
-0.79945
-0.87737
-0.89095
-0.90548
-0.83015
-0.82169
-0.81479
-0.86515
-0.86105
-0.77554
-0.89465
-0.78626
-0.9358
-0.9359
-0.82866
-0.88901
-0.99583
-1.1474
0
0
0
0
0
0
0
0
0
0
0
0
0
0
0
0
0
0
0
0
0
0
0
0
0
-2.4861
0
0
0
0
0
0
0
0
0
0
0
0
0
0
0
0
0
0
0
0
0
-0.87626
-0.88623
-0.87719
-0.85281
-0.86529
-0.87726
-0.78918
-0.8792
-0.85942
46.1517
-0.88693
-0.87917
-0.81744
-0.81918
-0.76497
-0.7869
-0.80432
-0.7578
-0.91492
-0.78059
-0.76522
-0.76542
-0.75929
-0.72006
-0.7582
-0.81138
-0.77538
-0.84338
-0.77862
-0.77864
-0.78024
-0.76026
-0.76038
-0.84454
-0.8227
-0.81043
-0.78492
-0.86277
-0.87794
-0.88983
-0.81808
-0.80757
-0.80069
-0.85076
-0.84668
-0.76108
-0.88009
-0.7722
-0.92105
-0.92117
-0.81264
-0.87509
-0.98121
-1.131
-2.0477
0
0
0
0
0
0
0
0
0
0
0
0
0
0
0
0
0
0
0
0
0
0
0
0
0
0
0
0
0
0
0
0
0
0
0
0
0
0
0
0
0
0
0
0
0
0
-0.91943
-0.93044
-0.9243
-0.90058
-0.90909
-0.92437
-0.8342
-0.92195
-0.90233
-0.88693
51.6499
-0.9219
-0.8854
-0.88676
-0.80903
-0.83073
-0.84596
-0.80084
-0.95857
-0.82187
-0.80795
-0.80816
-0.80229
-0.76189
-0.80086
-0.85618
-0.81423
-0.88255
-0.8213
-0.82131
-0.82058
-0.80211
-0.80223
-0.88439
-0.86603
-0.84305
-0.83759
-0.90639
-0.92036
-0.93354
-0.8623
-0.8496
-0.84264
-0.89354
-0.8894
-0.80979
-0.92334
-0.8114
-0.96466
-0.96464
-0.85462
-0.91704
-1.0258
-1.1793
0
0
0
0
0
0
0
0
0
0
0
0
0
0
0
0
0
0
0
0
0
0
0
0
0
0
0
0
0
0
0
-5.2542
0
0
0
0
0
0
0
0
0
0
0
0
0
0
0
-0.91365
-0.91982
-0.91715
-0.88913
-0.90198
-0.91724
-0.82487
-0.90196
-0.89451
-0.87917
-0.9219
48.1034
-0.8776
-0.87899
-0.79916
-0.82241
-0.83854
-0.79237
-0.94907
-0.8155
-0.79953
-0.79973
-0.79441
-0.75337
-0.79237
-0.84466
-0.80929
-0.87663
-0.81315
-0.81316
-0.81476
-0.79443
-0.79456
-0.87966
-0.85802
-0.84455
-0.81866
-0.89876
-0.91378
-0.92613
-0.85299
-0.84249
-0.83552
-0.88635
-0.88221
-0.79532
-0.91635
-0.80781
-0.95786
-0.95791
-0.84843
-0.91057
-1.0183
-1.1704
0
0
0
0
0
0
-2.1262
0
0
0
0
0
0
0
0
0
0
0
0
0
0
0
0
0
0
0
0
0
0
0
0
0
0
0
0
0
0
0
0
0
0
0
0
0
0
0
0
-0.87474
-0.88472
-0.87559
-0.85119
-0.86377
-0.87567
-0.78774
-0.87763
-0.85782
-0.81744
-0.8854
-0.8776
46.0699
-0.81725
-0.76352
-0.78543
-0.80278
-0.75634
-0.9134
-0.7791
-0.76375
-0.76396
-0.75782
-0.71861
-0.75674
-0.8098
-0.77385
-0.84175
-0.77714
-0.77717
-0.77872
-0.75879
-0.75891
-0.84295
-0.82119
-0.8089
-0.78341
-0.86124
-0.87633
-0.88826
-0.81652
-0.80605
-0.79919
-0.84923
-0.84514
-0.75959
-0.87853
-0.7707
-0.91946
-0.91959
-0.81111
-0.87354
-0.9796
-1.1293
-2.0459
0
0
0
0
0
0
0
0
0
0
0
0
0
0
0
0
0
0
0
0
0
0
0
0
0
0
0
0
0
0
0
0
0
0
0
0
0
0
0
0
0
0
0
0
0
0
-0.8761
-0.88607
-0.877
-0.85264
-0.86514
-0.87708
-0.78903
-0.87904
-0.85924
-0.81918
-0.88676
-0.87899
-0.81725
46.1429
-0.76482
-0.78674
-0.80415
-0.75764
-0.91476
-0.78043
-0.76505
-0.76526
-0.75914
-0.7199
-0.75804
-0.81121
-0.77522
-0.8432
-0.77846
-0.77848
-0.78008
-0.7601
-0.76023
-0.84437
-0.82254
-0.81026
-0.78475
-0.86261
-0.87777
-0.88966
-0.8179
-0.8074
-0.80053
-0.85059
-0.84651
-0.76093
-0.87993
-0.77204
-0.92088
-0.921
-0.81247
-0.87493
-0.98104
-1.1308
-2.0475
0
0
0
0
0
0
0
0
0
0
0
0
0
0
0
0
0
0
0
0
0
0
0
0
0
0
0
0
0
0
0
0
0
0
0
0
0
0
0
0
0
0
0
0
0
0
-0.80211
-0.80729
-0.80348
-0.77791
-0.79016
-0.80356
-0.7135
-0.79921
-0.77948
-0.76497
-0.80903
-0.79916
-0.76352
-0.76482
41.5532
-0.7115
-0.72344
-0.6833
-0.83429
-0.69843
-0.69219
-0.6924
-0.68393
-0.64169
-0.68363
-0.73311
-0.69548
-0.75628
-0.70271
-0.70273
-0.70201
-0.68501
-0.68513
-0.75792
-0.74318
-0.72925
-0.70562
-0.78171
-0.78966
-0.80698
-0.73516
-0.72925
-0.7226
-0.77079
-0.76682
-0.68499
-0.79865
-0.69668
-0.83812
-0.8385
-0.73622
-0.79434
-0.89532
0
0
0
0
0
0
0
0
0
0
0
0
0
0
0
0
0
0
-2.5459
0
0
0
0
0
0
0
0
0
0
0
0
0
0
0
0
0
0
0
0
0
0
0
0
0
0
0
0
0
-0.82455
-0.83131
-0.8261
-0.80083
-0.81412
-0.82617
-0.7387
-0.82246
-0.80279
-0.7869
-0.83073
-0.82241
-0.78543
-0.78674
-0.7115
44.0332
-0.74571
-0.70219
-0.85908
-0.72628
-0.71208
-0.71229
-0.7049
-0.66563
-0.7044
-0.7351
-0.71469
-0.77867
-0.72355
-0.72357
-0.7218
-0.7056
-0.70572
-0.78385
-0.76518
-0.75629
-0.72122
-0.80385
-0.81694
-0.82934
-0.7578
-0.75046
-0.74374
-0.79247
-0.78848
-0.70791
-0.82102
-0.71626
-0.8607
-0.86092
-0.75317
-0.81619
-0.92181
0
0
0
0
0
0
0
0
0
0
0
0
0
0
0
0
0
0
0
-3.9136
0
0
0
0
0
0
0
0
0
0
0
0
0
0
0
0
0
0
0
0
0
0
0
0
0
0
0
0
-0.84391
-0.84657
-0.84073
-0.81434
-0.82568
-0.8408
-0.75112
-0.83859
-0.81735
-0.80432
-0.84596
-0.83854
-0.80278
-0.80415
-0.72344
-0.74571
45.2269
-0.71963
-0.87394
-0.74216
-0.72836
-0.72856
-0.72171
-0.6802
-0.72018
-0.7655
-0.72902
-0.79143
-0.7394
-0.73941
-0.73571
-0.72132
-0.72143
-0.7955
-0.78092
-0.76574
-0.74313
-0.82001
-0.8275
-0.84556
-0.77156
-0.76697
-0.76022
-0.8091
-0.80508
-0.7225
-0.8373
-0.73413
-0.87728
-0.87776
-0.77364
-0.83463
0
0
0
0
0
0
0
0
0
0
0
0
0
0
0
0
0
0
0
0
0
0
0
0
0
0
0
0
0
0
-5.2365
0
0
0
0
0
0
0
0
0
0
0
0
0
0
0
0
0
0
-0.79476
-0.80088
-0.79535
-0.77023
-0.7841
-0.79543
-0.7072
-0.79241
-0.77278
-0.7578
-0.80084
-0.79237
-0.75634
-0.75764
-0.6833
-0.70219
-0.71963
40.5599
-0.82691
-0.69338
-0.68557
-0.68578
-0.67395
-0.63678
-0.67571
-0.7193
-0.68661
-0.74886
-0.69467
-0.69469
-0.69375
-0.6765
-0.67662
-0.75395
-0.73497
-0.72007
-0.69538
-0.77327
-0.78359
-0.79848
-0.71198
-0.72134
-0.71469
-0.76266
-0.75871
-0.67625
-0.79008
-0.68682
-0.82926
-0.82965
-0.70322
-0.78629
0
0
0
0
0
0
-2.8769
0
0
0
0
0
0
0
0
0
0
0
0
0
0
0
0
0
0
0
0
0
0
0
0
0
0
0
0
0
0
0
0
0
0
0
0
0
0
0
0
0
0
-0.94708
-0.94766
-0.95163
-0.92837
-0.92599
-0.9517
-0.86266
-0.9491
-0.92943
-0.91492
-0.95857
-0.94907
-0.9134
-0.91476
-0.83429
-0.85908
-0.87394
-0.82691
52.7404
-0.84973
-0.83358
-0.83379
-0.829
-0.78525
-0.82621
-0.87758
-0.83509
-0.90268
-0.84664
-0.84666
-0.84202
-0.82745
-0.82758
-0.9073
-0.89201
-0.87619
-0.85227
-0.93295
-0.94272
-0.96037
-0.88279
-0.87604
-0.86902
-0.92026
-0.91609
-0.82829
-0.95116
-0.84279
-0.99337
-0.99363
-0.88435
-0.9462
0
0
0
0
0
0
0
0
0
0
0
0
0
0
0
0
0
0
0
0
0
0
0
0
0
0
0
0
0
0
0
0
0
0
0
0
0
0
0
0
0
0
-7.2708
0
0
0
0
0
0
-0.81422
-0.82426
-0.81848
-0.79255
-0.80701
-0.81855
-0.7305
-0.81554
-0.79522
-0.78059
-0.82187
-0.8155
-0.7791
-0.78043
-0.69843
-0.72628
-0.74216
-0.69338
-0.84973
42.2538
-0.70334
-0.70355
-0.69552
-0.65731
-0.69575
-0.74785
-0.71194
-0.77059
-0.71495
-0.71496
-0.71368
-0.69718
-0.69729
-0.74519
-0.75575
-0.7361
-0.719
-0.79474
-0.8061
-0.8206
-0.75163
-0.74214
-0.73544
-0.78386
-0.77989
-0.69839
-0.81235
-0.70761
-0.85205
-0.85222
-0.74917
-0.80848
0
0
0
0
0
0
0
0
0
0
0
0
0
0
0
0
0
0
0
0
0
0
-3.4754
0
0
0
0
0
0
0
0
0
0
0
0
0
0
0
0
0
0
0
0
0
0
0
0
0
0
-0.8024
-0.80837
-0.80256
-0.77749
-0.79138
-0.80263
-0.71615
-0.79957
-0.77967
-0.76522
-0.80795
-0.79953
-0.76375
-0.76505
-0.69219
-0.71208
-0.72836
-0.68557
-0.83358
-0.70334
38.0713
-0.66667
-0.68943
-0.62932
-0.67764
-0.73101
-0.69723
-0.75719
-0.69967
-0.6997
-0.70087
-0.68307
-0.68318
-0.77003
-0.74048
-0.72851
-0.70457
-0.77926
-0.79464
-0.80547
-0.73878
-0.72802
-0.72133
-0.7696
-0.76561
-0.68422
-0.79705
-0.69411
-0.83622
-0.8357
-0.73394
-0.79196
0
0
0
0
0
0
0
0
0
0
0
0
0
0
0
0
0
0
0
0
0
0
0
0
0
0
0
0
0
0
0
0
0
0
0
0
0
0
0
0
0
0
0
0
0
0
0
0
0
-0.8026
-0.80857
-0.80276
-0.7777
-0.79159
-0.80284
-0.71636
-0.79977
-0.77988
-0.76542
-0.80816
-0.79973
-0.76396
-0.76526
-0.6924
-0.71229
-0.72856
-0.68578
-0.83379
-0.70355
-0.66667
38.0817
-0.68966
-0.62953
-0.67782
-0.7312
-0.69742
-0.75739
-0.69987
-0.69988
-0.70108
-0.68326
-0.68338
-0.77018
-0.74069
-0.72874
-0.70478
-0.77947
-0.7949
-0.80568
-0.739
-0.72823
-0.72154
-0.7698
-0.76582
-0.68442
-0.79727
-0.69431
-0.83643
-0.83593
-0.73415
-0.79218
0
0
0
0
0
0
0
0
0
0
0
0
0
0
0
0
0
0
0
0
0
0
0
0
0
0
0
0
0
0
0
0
0
0
0
0
0
0
0
0
0
0
0
0
0
0
0
0
0
-0.79755
-0.8038
-0.79695
-0.77143
-0.78646
-0.79703
-0.71057
-0.79445
-0.77397
-0.75929
-0.80229
-0.79441
-0.75782
-0.75914
-0.68393
-0.7049
-0.72171
-0.67395
-0.829
-0.69552
-0.68943
-0.68966
39.5649
-0.63962
-0.67649
-0.72278
-0.67972
-0.75023
-0.6963
-0.69631
-0.6894
-0.67853
-0.67865
-0.75345
-0.73471
-0.72075
-0.69828
-0.77307
-0.78331
-0.79814
-0.73069
-0.72162
-0.71496
-0.7629
-0.75893
-0.67839
-0.7907
-0.67324
-0.82998
-0.8303
0
-0.78633
0
0
0
0
0
0
0
0
0
0
-2.5239
0
0
0
0
0
0
0
0
0
0
0
0
0
0
0
0
0
0
0
0
0
0
0
0
0
0
0
0
0
0
0
0
0
0
0
0
0
0
-0.75336
-0.75882
-0.75639
-0.73056
-0.74223
-0.75646
-0.66646
-0.75342
-0.73312
-0.72006
-0.76189
-0.75337
-0.71861
-0.7199
-0.64169
-0.66563
-0.6802
-0.63678
-0.78525
-0.65731
-0.62932
-0.62953
-0.63962
37.0836
-0.6434
-0.67919
-0.64666
-0.70379
-0.66287
-0.66289
-0.64589
-0.64288
-0.643
-0.7103
-0.69169
-0.67526
-0.65283
-0.72905
-0.72512
-0.75283
-0.68119
-0.68112
-0.67453
-0.72121
-0.7173
-0.63728
-0.74765
0
-0.78662
0
0
0
0
0
0
0
0
0
0
0
0
0
0
-1.6424
0
0
0
0
0
0
-2.6367
0
0
0
0
0
0
0
0
0
0
0
0
0
0
0
0
0
0
0
0
0
0
0
0
0
0
0
0
0
0
-0.79561
-0.80143
-0.79548
-0.7704
-0.78448
-0.79555
-0.70819
-0.7924
-0.77244
-0.7582
-0.80086
-0.79237
-0.75674
-0.75804
-0.68363
-0.7044
-0.72018
-0.67571
-0.82621
-0.69575
-0.67764
-0.67782
-0.67649
-0.6434
36.2186
-0.72102
-0.68599
-0.74671
-0.70184
-0.70186
-0.68901
-0.6811
-0.68123
-0.74566
-0.73258
-0.72185
-0.69777
-0.7717
-0.78123
-0.79622
-0.73032
-0.72081
-0.7141
-0.76216
-0.75817
-0.67725
-0.7891
-0.6885
-0.82909
-0.8299
0
0
0
0
0
0
0
0
0
0
0
0
0
0
0
0
0
0
0
0
0
0
0
0
0
0
0
0
0
0
0
0
0
0
0
0
0
0
0
0
0
0
0
0
0
0
0
0
0
0
0
-0.83909
-0.84296
-0.84597
-0.82009
-0.83091
-0.84606
-0.75673
-0.8447
-0.82477
-0.81138
-0.85618
-0.84466
-0.8098
-0.81121
-0.73311
-0.7351
-0.7655
-0.7193
-0.87758
-0.74785
-0.73101
-0.7312
-0.72278
-0.67919
-0.72102
43.1228
-0.72603
-0.79071
-0.73971
-0.73973
-0.73351
-0.7212
-0.72133
-0.79553
-0.77729
-0.75228
-0.7428
-0.81696
-0.82663
-0.84184
-0.76957
-0.766
-0.75913
-0.8083
-0.80425
-0.71743
0
0
0
0
0
0
0
0
0
0
0
0
0
0
0
0
0
0
0
0
0
-3.8598
0
-4.1646
0
0
0
0
0
0
0
0
0
0
0
0
0
0
0
0
0
0
0
0
0
0
0
0
0
0
0
0
0
0
0
-0.80002
-0.80744
-0.81064
-0.78593
-0.7901
-0.81071
-0.72468
-0.80933
-0.79004
-0.77538
-0.81423
-0.80929
-0.77385
-0.77522
-0.69548
-0.71469
-0.72902
-0.68661
-0.83509
-0.71194
-0.69723
-0.69742
-0.67972
-0.64666
-0.68599
-0.72603
41.9011
-0.75233
-0.70571
-0.70573
-0.68174
-0.68881
-0.68894
-0.7482
-0.74025
-0.71655
-0.69988
-0.77943
-0.78181
-0.80372
-0.73206
-0.73248
-0.72568
-0.77327
-0.76927
0
0
0
0
0
0
0
0
0
0
0
0
0
0
0
0
0
-2.4922
0
0
0
-3.5458
0
0
0
0
0
0
-3.0545
0
0
0
0
0
0
0
0
0
0
0
0
0
0
0
0
0
0
0
0
0
0
0
0
0
0
0
-0.86832
-0.87193
-0.87626
-0.84852
-0.85338
-0.87634
-0.78191
-0.87667
-0.854
-0.84338
-0.88255
-0.87663
-0.84175
-0.8432
-0.75628
-0.77867
-0.79143
-0.74886
-0.90268
-0.77059
-0.75719
-0.75739
-0.75023
-0.70379
-0.74671
-0.79071
-0.75233
43.9157
-0.76533
-0.76536
-0.75997
-0.74704
-0.74717
-0.81883
-0.80515
-0.78986
-0.76719
-0.8449
-0.85174
-0.87042
-0.79682
-0.79274
-0.78585
-0.83532
-0.83125
-0.74645
-0.86378
0
0
0
0
0
0
0
0
0
0
0
0
0
0
0
0
0
0
0
0
0
0
0
0
0
0
0
0
0
0
0
0
0
0
0
0
0
0
0
0
-6.7288
0
0
0
0
0
0
0
0
0
0
0
0
0
-0.81478
-0.82079
-0.81579
-0.79037
-0.80369
-0.81586
-0.72773
-0.81318
-0.79292
-0.77862
-0.8213
-0.81315
-0.77714
-0.77846
-0.70271
-0.72355
-0.7394
-0.69467
-0.84664
-0.71495
-0.69967
-0.69987
-0.6963
-0.66287
-0.70184
-0.73971
-0.70571
-0.76533
34.7188
-0.68335
-0.71107
-0.69807
-0.69821
-0.76928
-0.74756
-0.74007
-0.71438
-0.78812
-0.8131
-0.81312
-0.75088
-0.73956
-0.73268
-0.78116
-0.7771
-0.69543
-0.8087
0
0
0
0
0
0
0
0
0
0
0
0
0
0
0
0
0
0
0
0
0
0
0
0
0
0
0
0
0
0
0
0
0
0
0
0
0
0
0
0
0
0
0
0
0
0
0
0
0
0
0
0
0
0
-0.8148
-0.8208
-0.81581
-0.79039
-0.80371
-0.81588
-0.72774
-0.8132
-0.79292
-0.77864
-0.82131
-0.81316
-0.77717
-0.77848
-0.70273
-0.72357
-0.73941
-0.69469
-0.84666
-0.71496
-0.6997
-0.69988
-0.69631
-0.66289
-0.70186
-0.73973
-0.70573
-0.76536
-0.68335
34.7196
-0.71108
-0.69808
-0.69822
-0.7693
-0.74758
-0.74009
-0.71439
-0.78814
-0.8131
-0.81313
-0.7509
-0.73958
-0.7327
-0.78118
-0.77712
-0.69545
-0.80872
0
0
0
0
0
0
0
0
0
0
0
0
0
0
0
0
0
0
0
0
0
0
0
0
0
0
0
0
0
0
0
0
0
0
0
0
0
0
0
0
0
0
0
0
0
0
0
0
0
0
0
0
0
0
-0.81097
-0.8159
-0.81575
-0.78938
-0.79772
-0.81582
-0.72922
-0.81481
-0.7929
-0.78024
-0.82058
-0.81476
-0.77872
-0.78008
-0.70201
-0.7218
-0.73571
-0.69375
-0.84202
-0.71368
-0.70087
-0.70108
-0.6894
-0.64589
-0.68901
-0.73351
-0.68174
-0.75997
-0.71107
-0.71108
39.8379
-0.69262
-0.69275
-0.76958
-0.74709
-0.72709
-0.71066
-0.7845
-0.78794
-0.80981
0
-0.73783
-0.73099
-0.77896
-0.77494
0
0
0
0
0
0
0
0
0
0
0
0
0
0
0
0
0
0
0
0
0
0
0
0
0
0
0
0
-3.1407
0
-4.363
0
0
0
0
0
0
0
0
0
0
0
0
0
0
0
0
0
0
0
0
0
0
0
0
0
-0.79557
-0.80255
-0.79689
-0.77167
-0.78478
-0.79697
-0.7099
-0.79447
-0.77432
-0.76026
-0.80211
-0.79443
-0.75879
-0.7601
-0.68501
-0.7056
-0.72132
-0.6765
-0.82745
-0.69718
-0.68307
-0.68326
-0.67853
-0.64288
-0.6811
-0.7212
-0.68881
-0.74704
-0.69807
-0.69808
-0.69262
32.3821
-0.61095
-0.7518
-0.71932
-0.73303
-0.68484
-0.76283
-0.798
-0.7865
-0.74662
-0.72218
-0.71517
-0.7622
-0.75812
0
0
0
0
0
0
0
0
0
0
0
0
0
0
0
0
0
0
0
0
0
0
0
0
0
0
0
0
0
0
0
0
0
0
0
0
0
0
0
0
0
0
0
0
0
0
0
0
0
0
0
0
0
0
0
0
-0.79569
-0.80267
-0.79702
-0.77179
-0.7849
-0.79709
-0.71002
-0.79459
-0.77445
-0.76038
-0.80223
-0.79456
-0.75891
-0.76023
-0.68513
-0.70572
-0.72143
-0.67662
-0.82758
-0.69729
-0.68318
-0.68338
-0.67865
-0.643
-0.68123
-0.72133
-0.68894
-0.74717
-0.69821
-0.69822
-0.69275
-0.61095
32.3875
-0.75192
-0.71943
-0.73317
-0.685
-0.76296
-0.79811
-0.78664
-0.74676
-0.72231
-0.7153
-0.76233
-0.75825
0
0
0
0
0
0
0
0
0
0
0
0
0
0
0
0
0
0
0
0
0
0
0
0
0
0
0
0
0
0
0
0
0
0
0
0
0
0
0
0
0
0
0
0
0
0
0
0
0
0
0
0
0
0
0
0
-0.86829
-0.87688
-0.88055
-0.85243
-0.85838
-0.88063
-0.79024
-0.8797
-0.85709
-0.84454
-0.88439
-0.87966
-0.84295
-0.84437
-0.75792
-0.78385
-0.7955
-0.75395
-0.9073
-0.74519
-0.77003
-0.77018
-0.75345
-0.7103
-0.74566
-0.79553
-0.7482
-0.81883
-0.76928
-0.7693
-0.76958
-0.7518
-0.75192
39.668
-0.78607
-0.76281
-0.7561
-0.82102
0
0
0
0
0
0
0
0
0
0
0
0
0
0
0
0
0
0
0
0
0
0
0
0
0
0
0
0
0
0
0
0
0
0
0
0
-3.4547
0
0
0
0
0
0
0
0
0
0
0
0
0
0
0
0
0
0
0
0
0
-6.3794
0
0
0
0
-0.85982
-0.86608
-0.86075
-0.83465
-0.84827
-0.86083
-0.76999
-0.85806
-0.83713
-0.8227
-0.86603
-0.85802
-0.82119
-0.82254
-0.74318
-0.76518
-0.78092
-0.73497
-0.89201
-0.75575
-0.74048
-0.74069
-0.73471
-0.69169
-0.73258
-0.77729
-0.74025
-0.80515
-0.74756
-0.74758
-0.74709
-0.71932
-0.71943
-0.78607
29.1654
-0.76962
-0.71115
-0.79668
0
0
0
0
0
0
0
0
0
0
0
0
0
0
0
0
0
0
0
0
0
0
0
0
0
0
0
0
0
0
0
0
0
0
0
0
0
0
0
0
0
0
0
0
0
0
0
0
0
0
0
0
0
0
0
0
0
0
0
0
0
0
0
-0.83339
-0.83774
-0.84741
-0.82096
-0.83036
-0.84749
-0.75625
-0.84459
-0.82422
-0.81043
-0.84305
-0.84455
-0.8089
-0.81026
-0.72925
-0.75629
-0.76574
-0.72007
-0.87619
-0.7361
-0.72851
-0.72874
-0.72075
-0.67526
-0.72185
-0.75228
-0.71655
-0.78986
-0.74007
-0.74009
-0.72709
-0.73303
-0.73317
-0.76281
-0.76962
33.2074
0
0
0
0
0
0
0
0
0
0
0
0
0
0
0
0
0
0
0
-2.1581
0
0
0
0
0
0
0
0
0
0
0
0
-3.8663
0
0
0
0
0
0
0
0
0
0
0
0
0
0
0
0
0
0
0
0
0
0
0
0
0
0
0
0
0
0
0
0
-0.8184
-0.82682
-0.82107
-0.7958
-0.80697
-0.82115
-0.73198
-0.8187
-0.79945
-0.78492
-0.83759
-0.81866
-0.78341
-0.78475
-0.70562
-0.72122
-0.74313
-0.69538
-0.85227
-0.719
-0.70457
-0.70478
-0.69828
-0.65283
-0.69777
-0.7428
-0.69988
-0.76719
-0.71438
-0.71439
-0.71066
-0.68484
-0.685
-0.7561
-0.71115
0
31.2798
0
0
0
0
0
0
0
0
0
0
0
0
0
0
0
0
0
0
0
0
0
0
0
0
0
0
0
0
0
0
0
0
0
0
0
0
0
0
0
0
-4.9489
0
0
0
0
0
0
0
0
0
0
0
0
0
0
0
0
0
0
0
0
0
0
0
-0.90004
-0.90666
-0.9013
-0.87468
-0.88828
-0.90138
-0.80914
-0.8988
-0.87737
-0.86277
-0.90639
-0.89876
-0.86124
-0.86261
-0.78171
-0.80385
-0.82001
-0.77327
-0.93295
-0.79474
-0.77926
-0.77947
-0.77307
-0.72905
-0.7717
-0.81696
-0.77943
-0.8449
-0.78812
-0.78814
-0.7845
-0.76283
-0.76296
-0.82102
-0.79668
0
0
29.034
0
0
0
0
0
0
0
0
0
0
0
0
0
0
0
0
0
0
0
0
0
0
0
0
0
0
0
0
0
0
0
0
0
0
0
0
0
0
0
0
0
0
0
0
0
0
0
0
0
0
0
0
0
0
0
0
0
0
0
0
0
0
0
-0.90529
-0.91148
-0.91617
-0.88698
-0.89309
-0.91626
-0.82189
-0.91383
-0.89095
-0.87794
-0.92036
-0.91378
-0.87633
-0.87777
-0.78966
-0.81694
-0.8275
-0.78359
-0.94272
-0.8061
-0.79464
-0.7949
-0.78331
-0.72512
-0.78123
-0.82663
-0.78181
-0.85174
-0.8131
-0.8131
-0.78794
-0.798
-0.79811
0
0
0
0
0
36.4475
0
0
0
0
0
0
0
0
0
0
0
0
0
0
0
0
0
0
0
0
0
0
-2.6402
0
0
0
0
0
0
0
0
0
0
0
0
0
0
0
0
0
0
0
0
0
0
0
0
-5.9691
0
0
0
0
0
0
0
0
0
0
0
0
0
0
-0.92668
-0.93299
-0.9289
-0.9026
-0.91463
-0.92898
-0.83485
-0.92618
-0.90548
-0.88983
-0.93354
-0.92613
-0.88826
-0.88966
-0.80698
-0.82934
-0.84556
-0.79848
-0.96037
-0.8206
-0.80547
-0.80568
-0.79814
-0.75283
-0.79622
-0.84184
-0.80372
-0.87042
-0.81312
-0.81313
-0.80981
-0.7865
-0.78664
0
0
0
0
0
0
28.6554
0
0
0
0
0
0
0
0
0
0
0
0
0
0
0
0
-0.38184
0
0
0
0
0
0
0
0
0
0
0
0
0
0
0
0
0
0
0
0
0
0
0
0
0
0
0
0
0
0
0
0
0
0
0
0
0
0
0
0
0
0
0
0
-0.84758
-0.85332
-0.85447
-0.82575
-0.83478
-0.85456
-0.76477
-0.85302
-0.83015
-0.81808
-0.8623
-0.85299
-0.81652
-0.8179
-0.73516
-0.7578
-0.77156
-0.71198
-0.88279
-0.75163
-0.73878
-0.739
-0.73069
-0.68119
-0.73032
-0.76957
-0.73206
-0.79682
-0.75088
-0.7509
0
-0.74662
-0.74676
0
0
0
0
0
0
0
33.3625
0
0
0
0
0
0
0
0
0
0
0
0
0
0
0
0
0
-2.8286
0
0
0
0
0
0
0
0
0
0
0
0
0
0
0
0
0
0
0
0
0
0
0
0
0
0
0
0
0
0
0
0
0
0
0
0
0
0
0
0
-5.3232
0
-0.84367
-0.8512
-0.84473
-0.81892
-0.83256
-0.84481
-0.75559
-0.84252
-0.82169
-0.80757
-0.8496
-0.84249
-0.80605
-0.8074
-0.72925
-0.75046
-0.76697
-0.72134
-0.87604
-0.74214
-0.72802
-0.72823
-0.72162
-0.68112
-0.72081
-0.766
-0.73248
-0.79274
-0.73956
-0.73958
-0.73783
-0.72218
-0.72231
0
0
0
0
0
0
0
0
25.6875
0
0
0
0
0
0
0
0
0
0
0
0
0
0
0
0
0
0
0
0
0
0
0
0
0
0
0
0
0
0
0
0
0
0
0
0
0
0
0
0
0
0
0
0
0
0
0
0
0
0
0
0
0
0
0
0
0
0
0
-0.83677
-0.84425
-0.83778
-0.81204
-0.82567
-0.83786
-0.74885
-0.83556
-0.81479
-0.80069
-0.84264
-0.83552
-0.79919
-0.80053
-0.7226
-0.74374
-0.76022
-0.71469
-0.86902
-0.73544
-0.72133
-0.72154
-0.71496
-0.67453
-0.7141
-0.75913
-0.72568
-0.78585
-0.73268
-0.7327
-0.73099
-0.71517
-0.7153
0
0
0
0
0
0
0
0
0
25.4618
0
0
0
0
0
0
0
0
0
0
0
0
0
0
0
0
0
0
0
0
0
0
0
0
0
0
0
0
0
0
0
0
0
0
0
0
0
0
0
0
0
0
0
0
0
0
0
0
0
0
0
0
0
0
0
0
0
0
-0.88719
-0.89462
-0.88856
-0.86224
-0.8759
-0.88864
-0.79781
-0.88639
-0.86515
-0.85076
-0.89354
-0.88635
-0.84923
-0.85059
-0.77079
-0.79247
-0.8091
-0.76266
-0.92026
-0.78386
-0.7696
-0.7698
-0.7629
-0.72121
-0.76216
-0.8083
-0.77327
-0.83532
-0.78116
-0.78118
-0.77896
-0.7622
-0.76233
0
0
0
0
0
0
0
0
0
0
27.0845
0
0
0
0
0
0
0
0
0
0
0
0
0
0
0
0
0
0
0
0
0
0
0
0
0
0
0
0
0
0
0
0
0
0
0
0
0
0
0
0
0
0
0
0
0
0
0
0
0
0
0
0
0
0
0
0
0
-0.88309
-0.8905
-0.88443
-0.85814
-0.8718
-0.8845
-0.7938
-0.88225
-0.86105
-0.84668
-0.8894
-0.88221
-0.84514
-0.84651
-0.76682
-0.78848
-0.80508
-0.75871
-0.91609
-0.77989
-0.76561
-0.76582
-0.75893
-0.7173
-0.75817
-0.80425
-0.76927
-0.83125
-0.7771
-0.77712
-0.77494
-0.75812
-0.75825
0
0
0
0
0
0
0
0
0
0
0
26.9507
0
0
0
0
0
0
0
0
0
0
0
0
0
0
0
0
0
0
0
0
0
0
0
0
0
0
0
0
0
0
0
0
0
0
0
0
0
0
0
0
0
0
0
0
0
0
0
0
0
0
0
0
0
0
0
0
-0.79567
-0.77532
-0.79683
-0.77187
-0.7846
-0.79691
-0.71057
-0.79536
-0.77554
-0.76108
-0.80979
-0.79532
-0.75959
-0.76093
-0.68499
-0.70791
-0.7225
-0.67625
-0.82829
-0.69839
-0.68422
-0.68442
-0.67839
-0.63728
-0.67725
-0.71743
0
-0.74645
-0.69543
-0.69545
0
0
0
0
0
0
0
0
0
0
0
0
0
0
0
24.1856
0
0
0
0
0
0
0
0
0
0
0
0
0
0
0
0
0
0
-2.7616
0
0
0
0
0
0
0
0
0
0
0
0
0
0
0
0
0
0
0
0
0
0
0
0
0
0
0
0
0
0
0
0
0
0
0
0
-0.91755
-0.92462
-0.91869
-0.89183
-0.90596
-0.91878
-0.82589
-0.91639
-0.89465
-0.88009
-0.92334
-0.91635
-0.87853
-0.87993
-0.79865
-0.82102
-0.8373
-0.79008
-0.95116
-0.81235
-0.79705
-0.79727
-0.7907
-0.74765
-0.7891
0
0
-0.86378
-0.8087
-0.80872
0
0
0
0
0
0
0
0
0
0
0
0
0
0
0
0
24.0061
0
0
0
0
0
0
0
0
0
0
0
0
0
0
0
0
0
0
0
0
0
0
0
0
0
0
0
0
0
0
0
0
0
0
0
0
0
0
0
0
0
0
0
0
0
0
0
0
0
0
0
0
0
0
-0.80949
-0.8166
-0.81033
-0.78216
-0.79875
-0.8104
-0.72428
-0.80785
-0.78626
-0.7722
-0.8114
-0.80781
-0.7707
-0.77204
-0.69668
-0.71626
-0.73413
-0.68682
-0.84279
-0.70761
-0.69411
-0.69431
-0.67324
0
-0.6885
0
0
0
0
0
0
0
0
0
0
0
0
0
0
0
0
0
0
0
0
0
0
22.9502
0
0
0
0
0
0
0
0
0
0
0
0
0
-2.3858
-2.3497
0
0
0
0
0
0
0
0
0
0
0
0
0
0
0
0
0
0
0
0
0
0
0
0
0
0
0
0
0
0
0
0
0
0
0
0
0
0
-0.95892
-0.96638
-0.96023
-0.93291
-0.94747
-0.96031
-0.8656
-0.9579
-0.9358
-0.92105
-0.96466
-0.95786
-0.91946
-0.92088
-0.83812
-0.8607
-0.87728
-0.82926
-0.99337
-0.85205
-0.83622
-0.83643
-0.82998
-0.78662
-0.82909
0
0
0
0
0
0
0
0
0
0
0
0
0
0
0
0
0
0
0
0
0
0
0
22.5385
0
0
0
0
0
0
0
0
0
0
0
0
0
0
0
0
0
0
0
0
0
0
0
0
0
0
0
0
0
0
0
0
0
0
0
0
0
0
0
0
0
0
0
0
0
0
0
0
0
0
0
0
-0.95947
-0.96685
-0.96034
-0.93313
-0.94797
-0.96041
-0.86556
-0.95797
-0.9359
-0.92117
-0.96464
-0.95791
-0.91959
-0.921
-0.8385
-0.86092
-0.87776
-0.82965
-0.99363
-0.85222
-0.8357
-0.83593
-0.8303
0
-0.8299
0
0
0
0
0
0
0
0
0
0
0
0
0
0
0
0
0
0
0
0
0
0
0
0
21.7564
0
0
0
0
0
0
0
0
0
0
0
0
0
0
0
0
0
0
0
0
0
0
0
0
0
0
0
0
0
0
0
0
0
0
0
0
0
0
0
0
0
0
0
0
0
0
0
0
0
0
0
-0.84971
-0.85737
-0.84965
-0.82398
-0.83935
-0.84972
-0.76077
-0.84847
-0.82866
-0.81264
-0.85462
-0.84843
-0.81111
-0.81247
-0.73622
-0.75317
-0.77364
-0.70322
-0.88435
-0.74917
-0.73394
-0.73415
0
0
0
0
0
0
0
0
0
0
0
0
0
0
0
0
0
0
0
0
0
0
0
0
0
0
0
0
20.3416
0
0
0
0
0
0
0
-2.6268
0
0
0
0
0
0
0
0
0
0
0
0
0
0
0
0
0
0
0
0
0
0
0
0
0
0
0
0
0
0
0
0
0
0
0
0
0
0
0
0
0
0
-0.91372
-0.92059
-0.91311
-0.88664
-0.90235
-0.9132
-0.82055
-0.91061
-0.88901
-0.87509
-0.91704
-0.91057
-0.87354
-0.87493
-0.79434
-0.81619
-0.83463
-0.78629
-0.9462
-0.80848
-0.79196
-0.79218
-0.78633
0
0
0
0
0
0
0
0
0
0
0
0
0
0
0
0
0
0
0
0
0
0
0
0
0
0
0
0
19.8775
0
0
0
0
0
0
0
0
0
0
0
0
0
0
0
0
0
0
0
0
0
0
0
0
0
0
0
0
0
0
0
0
0
0
0
0
0
0
0
0
0
0
0
0
0
0
0
0
0
-1.0307
-1.0286
-1.0196
-0.99188
-0.99941
-1.0197
-0.9252
-1.0183
-0.99583
-0.98121
-1.0258
-1.0183
-0.9796
-0.98104
-0.89532
-0.92181
0
0
0
0
0
0
0
0
0
0
0
0
0
0
0
0
0
0
0
0
0
0
0
0
0
0
0
0
0
0
0
0
0
0
0
0
19.8278
0
0
0
0
0
0
0
0
0
0
0
0
0
0
0
0
0
0
0
0
0
0
0
0
0
0
0
0
0
-3.9956
0
0
0
0
0
0
0
0
0
0
0
0
0
0
0
0
0
0
-1.1665
-1.1738
-1.173
-1.1432
-1.153
-1.1731
-1.0727
-1.1705
-1.1474
-1.131
-1.1793
-1.1704
-1.1293
-1.1308
0
0
0
0
0
0
0
0
0
0
0
0
0
0
0
0
0
0
0
0
0
0
0
0
0
0
0
0
0
0
0
0
0
0
0
0
0
0
0
18.882
0
0
0
0
0
0
0
0
0
0
0
0
0
0
0
0
-2.768
0
0
0
0
0
0
0
0
0
0
0
0
0
0
0
0
0
0
0
0
0
0
0
0
0
0
0
0
0
0
-2.0858
0
-2.0999
-2.0671
-2.0791
-2.1
0
0
0
-2.0477
0
0
-2.0459
-2.0475
0
0
0
0
0
0
0
0
0
0
0
0
0
0
0
0
0
0
0
0
0
0
0
0
0
0
0
0
0
0
0
0
0
0
0
0
0
0
0
0
16.573
0
0
0
0
0
0
0
0
0
0
0
0
0
0
0
0
0
0
0
0
0
0
0
0
0
0
0
0
0
0
0
0
0
0
0
0
0
0
0
0
0
0
0
0
0
0
-2.3664
0
0
0
0
0
0
0
0
0
0
0
0
0
0
0
0
0
0
0
0
0
0
0
0
0
0
0
0
0
0
0
0
0
0
-2.1581
0
0
0
0
0
0
0
0
0
0
0
0
0
0
0
0
0
0
0
19.7931
0
0
0
0
0
-2.7713
0
0
0
0
-3.628
0
0
0
0
0
0
0
-3.2899
0
0
0
0
0
0
0
0
0
0
0
0
0
0
0
0
0
0
0
0
0
0
0
-5.5795
0
0
0
0
0
0
0
0
0
0
0
0
0
0
0
0
0
0
0
0
0
0
0
0
0
0
0
0
0
0
0
0
0
0
0
0
0
0
0
0
0
-0.38184
0
0
0
0
0
0
0
0
0
0
0
0
0
0
0
0
12.7982
0
0
-2.5173
0
0
0
0
0
0
0
0
0
0
0
0
0
0
0
0
-3.3453
0
0
-3.3481
0
0
0
0
0
0
0
0
0
0
0
0
0
-3.2056
0
0
0
0
0
0
0
-2.1073
0
-2.1583
0
0
-2.1584
0
0
0
0
0
0
0
0
0
0
0
0
0
0
0
0
0
0
0
0
0
0
0
0
0
0
0
0
0
0
0
0
0
0
0
0
0
0
0
0
0
0
0
0
0
0
0
0
0
0
0
12.5931
0
-2.4836
0
0
0
0
0
0
0
0
0
0
0
0
0
0
0
0
0
0
-3.6855
0
0
0
0
0
0
0
0
0
0
0
0
0
0
0
0
0
0
0
0
0
0
0
0
0
0
0
0
0
0
0
0
0
0
0
0
0
0
0
-2.8769
0
0
0
0
0
0
0
0
0
0
0
0
0
0
0
0
0
0
0
0
0
0
-2.8286
0
0
0
0
0
0
0
0
0
-2.6268
0
0
0
0
0
0
0
13.2067
0
0
0
0
0
0
0
0
0
0
0
0
0
0
0
0
0
0
0
0
0
0
0
0
0
0
0
0
0
0
0
0
0
0
0
0
-4.8744
0
0
0
0
0
0
0
0
0
0
0
0
0
0
0
0
0
0
0
0
0
0
0
0
0
0
0
0
0
0
0
0
0
0
0
0
0
0
0
0
0
0
0
0
0
0
0
0
0
0
0
0
0
0
0
0
0
0
0
0
0
-2.5173
-2.4836
0
12.9473
0
0
0
0
0
0
-3.3128
0
0
0
0
0
0
0
0
0
0
0
0
0
0
0
0
0
0
0
0
0
0
0
0
-4.6335
0
0
0
0
0
0
0
0
0
0
0
0
0
0
0
0
-2.1263
0
0
0
-2.1262
0
0
0
0
0
0
0
0
0
0
0
0
0
0
0
0
0
0
0
0
0
0
0
0
0
0
0
0
0
0
0
0
0
0
0
0
0
0
0
0
0
0
0
0
0
0
0
0
11.3545
0
0
0
0
0
0
0
0
0
0
-3.3315
0
0
0
0
0
0
0
0
0
0
0
0
0
0
0
0
0
0
0
0
0
0
0
0
0
0
0
0
-3.7705
0
0
0
0
0
0
0
0
0
0
0
0
0
0
0
0
0
0
0
0
0
0
0
0
0
0
0
0
0
0
0
0
0
0
0
0
0
0
-2.6402
0
0
0
0
0
0
0
0
-2.3858
0
0
0
0
0
0
0
-2.7713
0
0
0
0
0
11.3141
0
0
0
0
0
0
0
0
0
0
0
0
0
0
0
0
-3.5168
0
0
0
0
0
0
0
0
0
0
0
0
0
0
0
0
0
0
0
0
0
0
0
0
0
0
0
0
0
0
0
0
0
0
0
0
0
0
0
0
0
0
0
0
-2.5239
0
0
0
-2.4922
0
0
0
0
0
0
0
0
0
0
0
0
0
0
0
0
0
0
0
0
-2.3497
0
0
0
0
0
0
0
0
0
0
0
0
0
0
10.502
0
0
0
0
0
0
0
0
0
0
0
0
0
0
0
0
0
0
0
0
-3.1362
0
0
0
0
0
0
0
0
0
0
0
0
0
0
0
0
0
0
0
0
0
0
0
-1.7448
0
0
0
0
0
0
0
0
0
0
0
0
0
0
0
0
-1.6424
0
0
0
0
0
0
0
0
0
0
0
0
0
0
0
0
0
0
0
0
0
0
0
0
0
0
0
0
0
0
0
0
0
0
0
0
0
0
0
12.1673
0
-4.1863
0
0
0
0
0
0
0
0
0
0
0
0
0
0
0
0
0
0
0
0
0
0
0
0
-4.5938
0
0
0
0
0
0
0
0
0
0
0
-3.2104
0
0
0
0
0
0
0
0
0
0
0
0
0
0
0
0
0
0
0
0
0
0
0
0
0
0
0
0
0
0
0
0
0
0
0
0
0
0
0
0
0
0
0
-2.7616
0
0
0
0
0
0
0
0
0
0
0
0
0
0
0
0
0
0
13.7357
0
0
0
-3.8692
-3.8945
0
0
0
0
0
0
0
0
0
0
0
0
0
0
0
0
0
0
0
0
0
0
0
0
0
0
0
0
0
0
0
0
0
0
0
0
0
0
0
0
0
0
0
0
0
0
0
0
0
0
0
0
0
0
0
0
0
0
0
0
0
0
0
0
0
0
0
0
0
0
0
0
0
0
0
0
0
0
0
0
0
0
0
0
0
0
0
0
0
0
0
0
0
0
-4.1863
0
11.4767
0
0
0
0
0
0
0
0
0
-3.4754
0
0
0
0
0
0
0
-3.8149
0
0
0
0
0
0
0
0
0
0
0
0
0
0
0
0
0
0
0
0
0
0
0
0
0
0
0
0
0
0
0
0
0
0
0
0
0
0
0
0
0
0
0
-3.5458
0
0
0
0
0
0
0
0
0
0
0
0
0
0
0
0
0
0
0
0
0
0
0
0
0
0
0
0
-3.628
0
0
0
-3.3128
0
0
0
0
0
0
10.4865
0
0
0
0
0
0
0
0
0
0
0
0
0
0
0
0
0
0
0
0
0
0
0
0
0
0
0
0
0
0
0
0
0
0
0
0
0
0
0
0
0
0
0
0
0
0
0
0
0
0
0
0
0
0
0
0
0
0
0
-3.8598
0
0
0
0
0
0
0
0
0
0
0
0
0
0
0
0
0
0
0
0
0
0
0
0
0
0
0
0
0
0
0
0
0
0
0
0
0
0
0
0
0
11.5316
0
0
0
0
-3.7307
0
0
0
0
0
0
0
0
0
0
0
-3.9411
0
0
0
0
0
0
0
0
0
0
0
0
0
0
0
0
0
0
0
0
0
0
0
0
0
0
0
0
0
0
0
0
0
0
0
0
0
0
0
0
0
0
0
0
0
0
0
0
0
0
0
-3.8663
0
0
0
0
0
0
0
0
0
0
0
0
0
0
0
0
0
0
0
0
0
0
0
0
0
0
0
0
-3.8692
0
0
0
12.3361
0
0
0
0
0
0
0
0
0
0
0
-4.6006
0
0
0
0
0
0
0
0
0
0
0
0
0
0
0
0
0
0
0
0
0
0
0
0
0
0
0
0
0
0
0
0
0
0
0
0
0
0
0
0
0
0
0
0
0
-4.1646
0
0
0
0
0
0
0
0
0
0
0
0
0
0
0
0
0
0
0
0
0
0
0
0
0
0
0
0
0
0
0
0
0
0
0
0
0
0
-3.8945
0
0
0
0
12.7944
0
0
0
0
0
0
0
0
0
0
0
0
0
0
-4.7353
0
0
0
0
0
0
0
0
0
0
0
0
0
0
0
0
0
0
0
0
0
0
0
0
0
0
0
0
0
0
0
0
0
0
0
0
0
0
0
-2.6367
0
0
0
0
0
0
0
0
0
0
0
0
0
0
0
0
0
0
0
0
0
0
0
0
0
0
0
0
0
-2.768
0
0
0
0
0
0
0
0
0
0
0
0
0
0
0
0
8.6158
-3.2111
0
0
0
0
0
0
0
0
0
0
0
0
0
0
0
0
0
0
0
0
0
0
0
0
0
0
0
0
0
0
0
0
0
0
0
0
0
0
0
0
0
0
0
-2.5459
0
0
0
0
0
0
0
0
0
0
0
0
0
0
0
0
0
0
0
0
0
0
0
0
0
0
0
0
0
0
0
0
0
0
0
0
0
0
0
0
0
0
0
0
0
-3.3315
0
0
0
0
0
0
0
0
0
-3.2111
9.0885
0
0
0
0
0
0
0
0
0
0
0
0
0
0
0
0
0
0
0
0
0
0
0
0
0
0
0
0
0
0
0
0
0
0
0
0
0
0
0
0
0
0
0
0
-3.9136
0
0
0
0
0
0
0
0
0
0
0
0
0
0
0
0
0
0
0
0
0
0
0
0
0
0
0
0
0
0
0
0
0
0
0
0
0
0
0
0
0
0
0
0
0
0
0
0
0
0
0
-3.7307
0
0
0
0
11.8898
0
0
0
0
0
0
0
0
-4.2454
0
0
0
0
0
0
0
0
0
0
0
0
0
0
0
0
0
0
0
0
0
0
0
0
0
0
0
0
0
0
0
0
0
0
0
0
0
0
0
0
0
0
0
0
0
-3.0545
0
0
0
-3.1407
0
0
0
0
0
0
0
0
0
0
0
0
0
0
0
0
0
0
0
0
0
0
0
0
0
0
0
0
0
0
0
0
0
0
0
0
0
0
0
0
0
0
7.0588
0
0
0
0
0
0
0
0
0
0
0
0
0
0
0
0
0
0
-0.86357
0
0
0
0
0
0
0
0
0
0
0
0
0
0
0
0
0
0
0
0
0
0
0
0
0
0
0
-3.4754
0
0
0
0
0
0
0
0
0
0
0
0
0
-3.4547
0
0
0
0
0
0
0
0
0
0
0
0
0
0
0
0
0
0
0
0
0
-3.2899
0
0
0
0
0
0
0
0
0
0
0
0
0
0
0
0
0
0
10.22
0
0
0
0
0
0
0
0
0
0
0
0
0
0
0
0
0
0
0
0
0
0
0
0
0
0
0
0
0
0
0
0
0
0
0
0
0
0
0
0
0
0
0
0
0
0
0
0
0
0
0
0
0
0
0
0
-4.363
0
0
0
0
0
0
0
0
0
0
0
0
0
0
0
0
0
0
0
0
0
0
0
0
0
0
0
0
0
0
0
0
0
0
-3.4754
0
0
0
0
0
0
0
0
0
7.8384
0
0
0
0
0
0
0
0
0
0
0
0
0
0
0
0
0
0
0
0
0
0
0
0
0
0
0
0
-2.4841
0
0
0
0
0
0
0
0
0
0
0
0
0
0
0
0
0
0
0
0
0
0
0
0
0
0
0
0
0
0
0
0
0
0
0
0
0
0
0
0
0
0
0
0
0
0
0
0
0
0
0
0
-3.3453
0
0
0
0
0
0
0
0
0
0
0
0
0
0
0
0
0
0
0
5.8294
0
0
0
0
0
0
0
0
0
0
0
0
0
0
0
0
0
0
0
0
0
0
0
0
0
0
0
0
0
0
0
0
0
0
0
0
0
0
0
0
0
0
0
0
0
0
0
0
0
0
0
0
0
0
0
0
0
0
0
0
-4.9489
0
0
0
0
0
0
0
0
0
0
0
0
0
0
0
0
0
0
0
0
0
0
0
0
0
0
0
0
0
0
0
0
0
0
0
0
0
0
0
0
9.1161
0
0
0
-4.1672
0
0
0
0
0
0
0
0
0
0
0
0
0
0
0
0
0
0
0
0
0
0
0
0
0
0
0
0
0
0
0
0
0
0
0
0
0
0
0
0
0
0
0
0
0
0
0
0
0
0
0
0
0
0
0
0
0
0
0
0
0
0
0
0
0
0
0
0
0
0
0
0
0
0
0
0
-3.6855
0
0
0
-3.5168
0
0
0
0
0
0
0
0
0
0
0
0
0
0
0
0
7.2024
0
0
0
0
0
0
0
0
0
0
0
0
0
0
0
0
0
0
0
0
0
0
0
0
0
0
0
0
0
0
-2.4861
0
0
0
0
0
0
0
0
0
0
0
0
0
0
0
0
0
0
0
0
0
0
0
0
0
0
0
0
0
0
0
0
0
0
0
0
0
0
0
0
0
0
0
0
0
0
0
-3.3481
0
0
0
0
0
0
0
0
0
0
0
0
0
0
0
0
0
0
0
0
0
0
5.8342
0
0
0
0
0
0
0
0
0
0
0
0
0
0
0
0
0
0
0
0
0
0
0
0
0
0
0
0
0
0
0
0
0
0
0
0
0
0
0
0
0
0
0
0
0
0
0
0
0
0
0
0
0
0
0
0
0
0
0
0
0
0
0
0
0
0
0
0
0
0
0
0
0
0
0
0
0
0
0
0
0
0
0
0
0
0
0
0
0
-4.6006
0
0
0
0
0
0
0
0
0
0
0
8.9
0
0
0
0
-4.2994
0
0
0
0
0
0
0
0
0
0
0
0
0
0
0
0
0
0
0
0
0
0
0
0
0
0
0
0
0
0
0
0
0
0
0
0
0
0
0
0
0
0
0
0
0
0
0
0
0
0
0
0
0
0
0
0
0
0
0
0
0
0
0
0
0
0
0
0
0
0
0
0
0
0
0
0
0
0
0
0
0
0
0
0
0
0
0
-4.2454
0
0
0
0
-4.1672
0
0
0
8.4126
0
0
0
0
0
0
0
0
0
0
0
0
0
0
0
0
0
0
0
0
0
0
0
0
0
0
0
0
0
0
0
0
0
0
0
-5.2365
0
0
0
0
0
0
0
0
0
0
0
0
0
0
0
0
0
0
0
0
0
0
0
0
0
0
0
0
0
0
0
0
0
0
0
-3.9956
0
0
0
0
0
0
0
0
0
0
0
0
0
0
0
0
0
0
0
0
0
0
0
0
0
0
0
0
0
9.232
0
0
0
0
0
0
0
0
0
0
0
0
0
0
0
0
0
0
0
0
0
0
0
0
0
0
0
0
0
0
0
0
0
0
0
0
0
0
0
0
0
0
0
0
0
0
0
0
0
0
0
0
0
0
0
0
0
0
0
0
0
0
0
0
0
0
0
0
0
0
0
0
0
0
0
0
0
0
0
0
-3.1362
0
0
-3.8149
0
0
0
0
0
0
0
0
0
0
0
0
0
0
0
0
0
6.9511
0
0
0
0
0
0
0
0
0
0
0
0
0
0
0
0
0
0
0
0
0
0
0
0
0
0
0
0
0
0
0
0
0
0
0
0
0
0
0
0
0
0
0
0
0
0
0
0
0
0
0
0
0
0
0
0
0
0
0
0
0
0
0
0
0
0
0
0
0
0
0
0
0
0
0
0
0
0
0
0
0
0
0
0
-3.9411
0
-4.7353
0
0
0
0
0
0
0
0
0
0
0
0
0
0
8.6763
0
0
0
0
0
0
0
0
0
0
0
0
0
0
0
0
0
0
0
0
0
0
0
0
0
0
-5.2542
0
0
0
0
0
0
0
0
0
0
0
0
0
0
0
0
0
0
0
0
0
0
0
0
0
0
0
0
0
0
0
0
0
0
0
0
0
0
0
0
0
0
0
0
0
0
0
0
0
0
0
0
0
0
0
0
0
0
0
0
0
0
0
0
0
0
0
0
0
-4.2994
0
0
0
0
9.5536
0
0
0
0
0
0
0
0
0
0
0
0
0
0
0
0
0
0
0
0
0
0
0
0
0
0
0
0
0
0
0
0
0
0
0
0
0
0
0
0
0
0
0
0
0
0
0
0
0
0
0
0
0
-5.9691
0
0
0
0
0
0
0
0
0
0
0
0
0
0
0
0
0
0
0
0
0
0
0
0
0
0
0
0
0
0
0
0
0
0
0
0
0
0
0
0
0
0
0
0
0
0
0
5.9691
0
0
0
0
0
0
0
0
0
0
0
0
0
0
0
0
0
0
0
0
0
0
0
0
0
0
0
0
0
0
0
0
0
0
0
0
0
0
0
0
0
-6.7288
0
0
0
0
0
0
0
0
0
0
0
0
0
0
0
0
0
0
0
0
0
0
0
0
0
0
0
0
0
0
0
0
0
0
0
0
0
0
0
0
0
0
0
0
0
0
0
0
0
0
0
0
0
0
0
0
0
0
0
6.7288
0
0
0
0
0
0
0
0
0
0
0
0
0
0
0
0
0
-7.8896
0
0
0
0
0
0
0
0
0
0
0
0
0
0
0
0
0
0
0
0
0
0
0
0
0
0
0
0
0
0
0
0
0
0
0
0
0
0
0
0
0
0
0
0
0
0
0
0
0
0
0
0
0
0
0
0
0
0
0
0
0
0
0
0
0
0
0
0
0
0
0
0
0
0
0
0
0
0
0
0
0
0
0
7.8896
0
0
0
0
0
0
0
0
0
0
0
0
0
-8.3572
0
0
0
0
0
0
0
0
0
0
0
0
0
0
0
0
0
0
0
0
0
0
0
0
0
0
0
0
0
0
0
0
0
0
0
0
0
0
0
0
0
0
0
0
0
0
0
0
0
0
0
0
0
0
0
0
0
0
0
0
0
0
0
0
0
0
0
0
0
0
0
0
0
0
0
0
0
0
0
0
0
0
0
0
0
0
0
8.3572
0
0
0
0
0
0
0
0
0
0
0
0
0
0
0
0
0
0
0
0
0
0
0
0
0
0
0
0
0
0
0
0
0
0
0
0
0
0
0
0
0
0
0
0
0
0
0
0
0
0
0
0
0
0
0
0
0
0
0
0
0
0
0
0
0
0
0
0
0
0
0
0
0
0
-4.5938
0
0
0
0
0
0
0
0
0
0
0
0
0
0
0
0
0
0
0
0
0
0
0
0
0
0
4.5938
0
0
0
0
0
0
0
0
0
0
0
0
0
0
0
0
0
0
0
0
0
0
0
0
0
0
0
0
0
0
0
0
0
0
0
0
0
0
0
0
0
0
0
0
0
0
0
0
0
0
0
0
0
0
0
0
0
0
0
0
0
0
0
0
0
0
0
0
0
-4.6335
0
0
0
0
0
0
0
0
0
0
0
0
0
0
0
0
0
0
0
0
0
0
0
0
0
0
0
0
0
0
0
4.6335
0
0
0
0
0
0
0
0
0
0
0
0
0
0
0
0
0
0
0
0
0
0
0
0
0
0
0
0
0
0
0
0
0
0
0
0
0
0
0
0
0
0
0
0
0
0
0
0
0
0
0
0
0
0
0
0
0
0
0
0
0
0
0
0
0
0
0
0
0
0
0
0
0
0
0
0
0
0
0
0
0
0
-0.86357
0
0
0
0
0
0
0
0
0
0
0
0
0
0
0
0
0
0
0.86357
0
0
0
0
0
0
0
0
0
0
0
0
0
0
0
0
0
0
0
0
0
0
0
0
0
0
0
0
0
0
0
0
0
0
0
0
0
0
0
0
0
0
0
0
0
0
0
0
0
0
0
0
0
0
0
0
0
0
0
0
0
0
0
0
-3.2056
0
0
0
0
0
0
0
0
0
0
0
0
0
0
0
0
0
0
0
0
0
0
0
0
0
0
0
0
0
0
0
0
0
0
0
0
3.2056
0
0
0
0
0
0
0
0
0
0
0
0
0
0
0
0
0
0
0
0
0
0
0
0
0
-7.2708
0
0
0
0
0
0
0
0
0
0
0
0
0
0
0
0
0
0
0
0
0
0
0
0
0
0
0
0
0
0
0
0
0
0
0
0
0
0
0
0
0
0
0
0
0
0
0
0
0
0
0
0
0
0
0
0
0
0
0
0
0
0
0
0
0
0
0
0
0
0
0
0
0
0
0
7.2708
0
0
0
0
0
0
0
0
0
0
0
0
0
0
0
0
0
0
0
0
0
0
0
0
0
0
0
0
0
0
0
0
0
0
0
0
0
0
0
0
0
0
0
0
0
0
0
0
0
0
0
0
0
0
0
0
0
0
0
0
0
0
0
0
-4.8744
0
0
0
0
0
0
0
0
0
0
0
0
0
0
0
0
0
0
0
0
0
0
0
0
0
0
0
0
0
0
0
0
0
0
0
0
4.8744
0
0
0
0
0
0
0
0
0
0
0
0
0
0
0
0
0
0
0
0
0
0
0
0
0
0
0
0
0
0
0
0
0
0
0
0
0
0
-6.3794
0
0
0
0
0
0
0
0
0
0
0
0
0
0
0
0
0
0
0
0
0
0
0
0
0
0
0
0
0
0
0
0
0
0
0
0
0
0
0
0
0
0
0
0
0
0
0
0
0
0
0
0
0
0
0
0
0
0
0
0
0
0
6.3794
0
0
0
0
-8.6642
0
0
0
0
0
0
0
0
0
0
0
0
0
0
0
0
0
0
0
0
0
0
0
0
0
0
0
0
0
0
0
0
0
0
0
0
0
0
0
0
0
0
0
0
0
0
0
0
0
0
0
0
0
0
0
0
0
0
0
0
0
0
0
0
0
0
0
0
0
0
0
0
0
0
0
0
0
0
0
0
0
0
0
0
0
0
0
0
0
0
0
0
0
0
0
0
8.6642
0
0
0
0
0
0
0
0
0
0
0
0
0
0
0
0
0
0
0
0
0
0
0
0
0
0
0
0
0
0
0
0
0
0
0
0
0
0
0
0
0
0
0
0
0
0
0
0
0
0
0
0
0
0
0
0
0
0
-5.5795
0
0
0
0
0
0
0
0
0
0
0
0
0
0
0
0
0
0
0
0
0
0
0
0
0
0
0
0
0
0
0
0
0
0
0
0
0
0
0
0
0
0
5.5795
0
0
0
0
0
0
0
0
0
0
0
0
0
0
0
0
0
0
0
0
0
0
0
0
0
0
0
0
0
0
0
0
0
0
0
0
0
0
0
0
0
0
-5.3232
0
0
0
0
0
0
0
0
0
0
0
0
0
0
0
0
0
0
0
0
0
0
0
0
0
0
0
0
0
0
0
0
0
0
0
0
0
0
0
0
0
0
0
0
0
0
0
0
0
0
0
0
0
0
0
0
0
0
5.3232
0
0
0
0
0
0
0
0
0
0
0
0
0
0
0
0
0
0
0
0
0
0
0
0
0
0
0
0
0
0
0
0
0
0
0
0
0
0
0
0
0
0
0
0
0
0
0
0
0
0
0
0
0
0
0
0
0
0
0
0
0
-3.7705
0
0
0
0
0
0
0
0
0
0
0
0
0
0
0
0
0
0
0
0
0
0
0
0
0
0
0
0
0
0
0
0
0
0
0
0
0
0
0
3.7705
