52.1896
-0.59192
-0.59842
-0.5931
-0.60967
-0.58099
-0.62542
-0.62549
-0.62492
-0.63392
-0.58882
-0.62948
-0.62064
-0.58562
-0.60129
-0.59628
-0.58598
-0.5993
-0.56748
-0.56524
-0.59059
-0.54526
-0.57973
-0.57517
-0.5923
-0.56726
-0.61911
-0.64646
-0.67816
-0.6088
-0.59739
-0.61228
-0.60664
-0.59154
-0.65372
-0.62726
-0.69921
-0.73206
-0.72058
-0.72725
-0.68831
-0.78991
-0.77591
-0.69188
-0.88883
-0.79921
-0.79253
-0.83719
-0.80934
-0.80648
-0.88403
-0.89577
-0.98004
-1.1247
0
-1.3986
0
0
-1.9056
0
-2.0722
0
0
0
0
0
-2.4496
0
0
0
0
0
-2.1058
0
0
0
0
0
0
0
-3.0372
0
0
0
0
0
0
0
0
0
0
0
0
0
0
0
0
-3.4617
0
0
0
0
0
0
0
0
0
0
0
0
0
0
0
0
0
0
0
0
0
0
0
-0.59192
45.3575
-0.61116
-0.60442
-0.62228
-0.58998
-0.63791
-0.63827
-0.63562
-0.64569
-0.59905
-0.6404
-0.63043
-0.59525
-0.61381
-0.60643
-0.5954
-0.60957
-0.57922
-0.58153
-0.60261
-0.56046
-0.58819
-0.58516
-0.60076
-0.57628
-0.62796
-0.6575
-0.69016
-0.62055
-0.62567
-0.62153
-0.61765
-0.60227
-0.66388
-0.64985
-0.71043
-0.74121
-0.73298
-0.73731
-0.70901
-0.80148
-0.78516
-0.71864
-0.89947
-0.80822
-0.80442
-0.84388
-0.822
-0.82724
-0.89237
-0.91058
-0.99091
-1.1849
0
-1.4209
0
0
-1.9158
0
0
0
0
0
0
0
0
0
0
0
0
0
-2.1147
0
0
0
0
0
0
0
0
0
0
0
0
0
0
0
0
0
0
0
0
0
0
0
0
-3.4671
0
0
0
0
0
0
0
0
0
0
0
0
0
0
0
0
0
0
0
0
0
0
0
-0.59842
-0.61116
43.8348
-0.59802
-0.61473
-0.56259
-0.62645
-0.62996
-0.6228
-0.63743
-0.59099
-0.63233
-0.62227
-0.58736
-0.60592
-0.59968
-0.58782
-0.60196
-0.57189
-0.57346
-0.59543
-0.554
-0.57546
-0.57795
-0.59282
-0.57065
-0.62053
-0.64863
-0.68112
-0.61203
-0.61887
-0.61094
-0.60999
-0.59735
-0.65462
-0.64247
-0.702
-0.7328
-0.72315
-0.7287
-0.70484
-0.79151
-0.7761
-0.71202
-0.88962
-0.80034
-0.79582
-0.83457
-0.81329
-0.82274
-0.8849
-0.90313
-0.97053
-1.179
0
-1.4082
0
0
-1.9083
0
0
0
0
0
0
-2.4156
0
0
0
0
0
0
-2.0994
0
0
0
0
0
0
0
0
0
0
0
0
0
0
0
0
0
0
0
0
0
0
0
0
0
0
0
0
0
0
0
0
0
0
0
0
0
0
0
0
0
0
0
0
0
0
0
0
-0.5931
-0.60442
-0.59802
47.6513
-0.60883
-0.5792
-0.62024
-0.62052
-0.61661
-0.6207
-0.58218
-0.62404
-0.61184
-0.57772
-0.60012
-0.58874
-0.57749
-0.59372
-0.56189
-0.56663
-0.58347
-0.54616
-0.56793
-0.57815
-0.57183
-0.55739
-0.60916
-0.64345
-0.67515
-0.60613
-0.60726
-0.6049
-0.59364
-0.59506
-0.64715
-0.64981
-0.69022
-0.7221
-0.70849
-0.72422
-0.69793
-0.78825
-0.76429
-0.71301
-0.87682
-0.69029
-0.78838
-0.81874
-0.79919
-0.81716
-0.86773
-0.8888
-0.97974
-1.1661
0
0
0
0
-1.8852
0
0
0
0
0
0
0
0
-2.4047
0
0
0
0
0
0
0
0
0
0
-2.8958
0
0
0
0
0
0
0
0
0
0
0
0
0
0
0
0
0
0
0
0
0
0
0
0
0
0
0
0
0
-4.9815
0
0
0
0
0
0
0
0
0
0
0
0
-0.60967
-0.62228
-0.61473
-0.60883
50.5369
-0.59884
-0.6393
-0.63802
-0.63334
-0.64358
-0.59742
-0.64021
-0.62554
-0.59414
-0.61269
-0.6046
-0.59409
-0.60961
-0.57547
-0.57699
-0.59885
-0.56008
-0.5805
-0.58589
-0.5977
-0.57826
-0.62535
-0.65449
-0.68441
-0.6178
-0.62722
-0.61351
-0.61205
-0.60233
-0.66011
-0.63907
-0.70628
-0.73948
-0.72961
-0.73846
-0.70526
-0.79783
-0.78314
-0.70281
-0.89619
-0.81511
-0.80302
-0.83776
-0.8223
-0.82885
-0.88975
-0.90664
-0.9919
0
0
0
0
0
0
0
0
0
0
0
0
0
-2.4278
0
0
0
0
-2.163
0
0
0
0
0
0
0
0
0
0
0
0
0
0
-3.7018
0
0
0
0
0
0
0
0
0
0
0
0
0
0
0
0
0
0
0
0
0
0
0
0
0
0
0
0
0
0
0
0
-7.073
0
-0.58099
-0.58998
-0.56259
-0.5792
-0.59884
43.154
-0.61359
-0.61352
-0.60898
-0.62023
-0.574
-0.61491
-0.60466
-0.5708
-0.58888
-0.583
-0.57073
-0.58418
-0.55466
-0.55798
-0.5778
-0.53691
-0.56393
-0.56169
-0.57457
-0.55181
-0.60257
-0.63092
-0.66079
-0.59428
-0.60062
-0.5905
-0.59167
-0.57988
-0.63664
-0.62513
-0.68185
-0.71285
-0.70423
-0.70917
-0.68354
-0.77073
-0.75605
-0.69155
-0.8679
-0.77796
-0.78069
-0.81099
-0.79089
-0.79618
-0.86491
-0.88544
-0.95892
-1.1525
0
0
0
0
-1.8795
0
0
0
0
0
0
0
0
0
0
0
0
0
-2.0512
0
0
0
0
0
0
0
0
0
0
0
0
0
0
0
0
0
0
0
0
0
0
0
0
0
0
0
0
0
0
0
-4.1755
0
0
0
0
0
0
0
0
0
0
0
0
0
0
0
0
-0.62542
-0.63791
-0.62645
-0.62024
-0.6393
-0.61359
41.7198
-0.65389
-0.62716
-0.6612
-0.61329
-0.6556
-0.64555
-0.60912
-0.62966
-0.62264
-0.60972
-0.62516
-0.59374
-0.59678
-0.61927
-0.57608
-0.5988
-0.60081
-0.61576
-0.594
-0.64454
-0.67464
-0.71025
-0.63552
-0.64238
-0.63609
-0.6352
-0.62345
-0.67911
-0.66693
-0.72688
-0.76023
-0.75
-0.75518
-0.73494
-0.81845
-0.8028
-0.73808
-0.91779
-0.82605
-0.82586
-0.86294
-0.83964
-0.84883
-0.9137
-0.93372
-1.0001
-1.2135
0
0
0
0
-1.9388
0
0
0
0
0
0
-2.453
0
0
0
0
0
0
0
0
0
0
0
0
0
0
0
0
0
0
0
0
0
0
0
0
0
0
0
0
0
0
0
0
0
0
0
0
0
0
0
0
0
0
0
0
0
0
0
0
0
0
0
0
0
0
0
-0.62549
-0.63827
-0.62996
-0.62052
-0.63802
-0.61352
-0.65389
38.6716
-0.65021
-0.66005
-0.60662
-0.65581
-0.63628
-0.60492
-0.62483
-0.6187
-0.60624
-0.62203
-0.58984
-0.59479
-0.61494
-0.57005
-0.60188
-0.5983
-0.61402
-0.59261
-0.64176
-0.66903
-0.71363
-0.63315
-0.64
-0.63366
-0.63144
-0.62171
-0.67777
-0.66549
-0.72387
-0.7581
-0.74879
-0.7526
-0.73269
-0.81618
-0.80107
-0.73589
-0.91526
-0.82454
-0.82533
-0.86043
-0.83541
-0.84399
-0.91184
-0.92935
-1.0034
-1.2102
-1.4332
0
0
0
0
0
0
0
0
0
0
0
0
0
0
0
0
0
0
0
0
0
0
0
0
0
0
0
0
0
0
0
0
0
0
0
0
0
0
0
0
0
0
0
0
0
0
0
0
0
0
0
0
0
0
0
0
0
0
0
0
0
0
0
0
0
0
-0.62492
-0.63562
-0.6228
-0.61661
-0.63334
-0.60898
-0.62716
-0.65021
41.2861
-0.65702
-0.60695
-0.64954
-0.63896
-0.6032
-0.62213
-0.61659
-0.60388
-0.6186
-0.58889
-0.59178
-0.59815
-0.57171
-0.59241
-0.59156
-0.61094
-0.58798
-0.63866
-0.6685
-0.70042
-0.62642
-0.63881
-0.62889
-0.62714
-0.61553
-0.66968
-0.65779
-0.72004
-0.7527
-0.74364
-0.74391
-0.72723
-0.80921
-0.79768
-0.7298
-0.91131
-0.81697
-0.81967
-0.85378
-0.83637
-0.84083
-0.90741
-0.9276
-0.98942
0
0
0
0
0
0
0
0
0
0
0
0
-2.4253
0
0
0
0
0
0
0
0
0
0
0
0
0
0
0
0
0
-3.0914
0
0
0
0
0
0
0
0
0
0
0
0
0
0
0
0
0
0
0
0
0
0
0
0
0
0
0
0
0
0
0
0
0
0
0
0
0
-0.63392
-0.64569
-0.63743
-0.6207
-0.64358
-0.62023
-0.6612
-0.66005
-0.65702
40.0734
-0.61605
-0.6557
-0.64971
-0.61239
-0.6353
-0.62543
-0.61304
-0.62863
-0.59689
-0.60376
-0.62663
-0.5815
-0.60725
-0.60546
-0.60637
-0.59958
-0.64661
-0.68136
-0.7163
-0.64216
-0.64759
-0.64059
-0.6389
-0.62854
-0.6839
-0.67391
-0.73077
-0.76411
-0.75298
-0.76077
-0.73742
-0.82507
-0.80647
-0.74653
-0.9222
-0.8304
-0.83325
-0.86093
-0.84353
-0.85222
-0.91619
-0.93622
-1.0168
-1.2197
0
0
0
0
0
0
0
0
0
0
0
0
0
-2.4744
0
0
0
0
0
0
0
0
0
0
0
0
0
0
0
0
0
0
0
0
0
0
0
0
0
0
0
0
0
0
0
0
0
0
0
0
0
0
0
0
0
0
0
0
0
0
0
0
0
0
0
0
0
-0.58882
-0.59905
-0.59099
-0.58218
-0.59742
-0.574
-0.61329
-0.60662
-0.60695
-0.61605
36.2774
-0.60903
-0.59686
-0.56805
-0.58216
-0.58312
-0.56806
-0.58363
-0.55164
-0.55597
-0.5767
-0.53574
-0.56155
-0.56003
-0.57347
-0.55369
-0.60028
-0.63207
-0.66804
-0.59329
-0.60129
-0.57851
-0.5924
-0.56212
-0.63491
-0.62461
-0.67538
-0.69833
-0.70139
-0.70604
-0.68675
-0.76902
-0.75428
-0.68343
-0.86495
-0.7776
-0.77529
-0.81132
-0.79239
-0.79889
-0.86084
-0.87626
-0.95668
0
0
0
0
0
0
0
0
0
0
0
0
0
0
0
0
0
0
0
0
0
-2.466
0
0
0
0
0
0
0
0
0
0
0
0
0
0
0
0
0
0
0
0
0
0
0
0
0
0
0
0
0
0
0
0
0
0
0
0
0
0
0
0
0
0
0
0
0
0
-0.62948
-0.6404
-0.63233
-0.62404
-0.64021
-0.61491
-0.6556
-0.65581
-0.64954
-0.6557
-0.60903
39.6478
-0.64406
-0.60628
-0.62804
-0.6205
-0.60676
-0.59236
-0.5909
-0.59645
-0.61985
-0.57505
-0.60202
-0.60059
-0.61303
-0.59263
-0.64154
-0.67494
-0.70874
-0.63429
-0.64236
-0.63343
-0.63251
-0.60462
-0.67718
-0.66882
-0.72466
-0.75791
-0.74743
-0.72667
-0.73313
-0.81665
-0.80102
-0.73803
-0.91489
-0.82976
-0.82405
-0.85874
-0.83717
-0.84549
-0.91417
-0.93154
-1.0099
0
0
0
0
0
0
0
0
0
0
0
0
0
0
0
0
0
0
0
0
0
0
0
0
0
0
0
0
0
0
0
0
0
0
0
-3.6226
0
0
0
0
0
0
0
0
0
0
0
0
0
0
0
0
0
0
0
0
0
0
0
0
0
0
0
0
0
0
0
0
-0.62064
-0.63043
-0.62227
-0.61184
-0.62554
-0.60466
-0.64555
-0.63628
-0.63896
-0.64971
-0.59686
-0.64406
38.6264
-0.59512
-0.61453
-0.60782
-0.59577
-0.6115
-0.58004
-0.58667
-0.60881
-0.56499
-0.59155
-0.58886
-0.60257
-0.58002
-0.63051
-0.66295
-0.6993
-0.62302
-0.63254
-0.61572
-0.58995
-0.60979
-0.6652
-0.65514
-0.7122
-0.7465
-0.73401
-0.742
-0.71916
-0.80148
-0.78846
-0.72604
-0.90227
-0.81324
-0.81234
-0.8457
-0.82403
-0.83501
-0.89672
-0.91371
-0.99365
0
0
0
0
0
0
0
0
0
0
0
0
0
0
0
0
0
0
0
0
0
0
0
0
0
0
0
0
0
-3.1808
0
0
0
0
0
0
0
0
0
0
0
0
0
0
0
0
0
0
0
0
0
0
0
0
0
0
0
0
0
0
0
0
0
0
0
0
0
0
-0.58562
-0.59525
-0.58736
-0.57772
-0.59414
-0.5708
-0.60912
-0.60492
-0.6032
-0.61239
-0.56805
-0.60628
-0.59512
33.6233
-0.58161
-0.57439
-0.56337
-0.57543
-0.54231
-0.554
-0.575
-0.53228
-0.56087
-0.55531
-0.56867
-0.54809
-0.59572
-0.62858
-0.66048
-0.58883
-0.59697
-0.58657
-0.58826
-0.57645
-0.62984
-0.61904
-0.67558
-0.70634
-0.6968
-0.70298
-0.68434
-0.76299
-0.74907
-0.68665
-0.8584
-0.77017
-0.7694
-0.8043
-0.78123
-0.78965
-0.85423
-0.87204
-0.9471
0
0
0
0
0
0
0
0
0
0
0
0
0
0
0
0
0
0
0
0
0
0
0
0
0
0
0
0
0
0
0
0
0
0
0
0
0
0
0
0
0
0
0
0
0
0
0
0
0
0
0
0
0
0
0
0
0
0
0
0
0
0
0
0
0
0
0
0
-0.60129
-0.61381
-0.60592
-0.60012
-0.61269
-0.58888
-0.62966
-0.62483
-0.62213
-0.6353
-0.58216
-0.62804
-0.61453
-0.58161
37.4359
-0.59316
-0.57988
-0.59501
-0.56282
-0.56837
-0.58923
-0.54637
-0.57559
-0.57001
-0.58736
-0.56214
-0.6135
-0.64438
-0.68434
-0.60257
-0.6134
-0.60535
-0.59804
-0.59365
-0.64792
-0.63325
-0.69545
-0.72535
-0.71244
-0.72291
-0.70227
-0.75968
-0.76948
-0.67639
-0.88107
-0.80191
-0.79417
-0.83042
-0.80766
-0.81206
-0.87722
0
0
0
0
0
0
0
0
0
0
0
-1.8723
0
0
0
0
0
0
0
0
0
0
0
0
0
0
0
0
-2.8877
0
0
0
0
0
0
0
0
0
0
0
0
0
0
0
0
0
0
0
0
0
0
0
0
0
0
0
0
0
0
0
0
0
0
0
0
0
0
0
0
0
-0.59628
-0.60643
-0.59968
-0.58874
-0.6046
-0.583
-0.62264
-0.6187
-0.61659
-0.62543
-0.58312
-0.6205
-0.60782
-0.57439
-0.59316
35.5688
-0.57369
-0.58763
-0.55626
-0.55873
-0.58442
-0.54279
-0.56559
-0.56493
-0.57924
-0.55802
-0.60486
-0.63953
-0.67545
-0.60118
-0.60952
-0.59648
-0.59832
-0.58847
-0.64261
-0.63252
-0.68854
-0.71861
-0.71065
-0.71812
-0.68981
-0.77736
-0.7637
-0.69823
-0.87522
-0.78566
-0.78739
-0.81282
-0.79787
-0.80289
-0.84183
-0.89236
0
0
0
0
0
0
0
0
0
0
0
0
0
0
0
0
0
0
0
0
0
0
0
0
0
0
0
0
0
-2.3064
0
0
0
0
0
0
0
0
0
0
0
0
0
0
0
0
0
0
0
0
0
0
0
0
0
0
0
0
0
0
0
0
0
0
0
0
0
0
0
-0.58598
-0.5954
-0.58782
-0.57749
-0.59409
-0.57073
-0.60972
-0.60624
-0.60388
-0.61304
-0.56806
-0.60676
-0.59577
-0.56337
-0.57988
-0.57369
31.7408
-0.57458
-0.55623
-0.55339
-0.57337
-0.52446
-0.55937
-0.55513
-0.56566
-0.545
-0.59312
-0.62685
-0.6577
-0.58647
-0.59479
-0.5821
-0.59166
-0.57467
-0.62697
-0.61739
-0.67343
-0.70322
-0.69438
-0.69999
-0.68416
-0.76003
-0.74699
-0.684
-0.85525
-0.76724
-0.76782
-0.80068
-0.77779
-0.78537
-0.84959
0
0
0
0
0
0
0
0
0
0
0
0
0
0
0
0
0
0
0
0
0
0
0
0
0
0
0
0
0
0
0
0
0
0
0
0
0
0
0
0
0
0
0
0
0
0
0
0
0
0
0
0
0
0
0
0
0
0
0
0
0
0
0
0
0
0
0
0
0
0
-0.5993
-0.60957
-0.60196
-0.59372
-0.60961
-0.58418
-0.62516
-0.62203
-0.6186
-0.62863
-0.58363
-0.59236
-0.6115
-0.57543
-0.59501
-0.58763
-0.57458
35.0483
-0.55551
-0.5595
-0.58898
-0.54275
-0.56582
-0.5671
-0.5793
-0.55863
-0.60701
-0.63924
-0.68307
-0.60022
-0.60823
-0.59769
-0.5981
-0.5698
-0.64111
-0.63372
-0.68809
-0.72039
-0.71041
-0.68734
-0.69781
-0.77824
-0.76371
-0.70108
-0.8745
-0.79136
-0.78585
-0.81812
-0.79767
-0.80426
0
0
0
0
0
0
0
0
0
0
0
0
0
0
0
0
0
0
0
0
0
0
0
0
0
0
0
0
0
0
0
0
0
0
0
0
0
0
-3.5208
0
0
0
0
0
0
0
0
0
0
0
0
0
0
0
0
0
0
0
0
0
0
0
0
0
0
0
0
0
0
0
0
-0.56748
-0.57922
-0.57189
-0.56189
-0.57547
-0.55466
-0.59374
-0.58984
-0.58889
-0.59689
-0.55164
-0.5909
-0.58004
-0.54231
-0.56282
-0.55626
-0.55623
-0.55551
32.1112
-0.53515
-0.54911
-0.51654
-0.54088
-0.53377
-0.55088
-0.52892
-0.57725
-0.61018
-0.64083
-0.57007
-0.57807
-0.56672
-0.5682
-0.55785
-0.60965
-0.59445
-0.65216
-0.68138
-0.67655
-0.68241
-0.66389
-0.74144
-0.72945
-0.65976
-0.83757
-0.75056
-0.74997
-0.78241
-0.76165
-0.76716
0
0
0
0
0
0
0
0
0
0
0
0
0
0
0
0
0
0
-2.0706
0
0
0
0
0
0
0
0
0
0
0
0
0
0
0
0
0
0
0
0
0
0
0
0
0
0
0
0
0
0
0
0
0
0
0
0
0
0
0
0
0
0
0
0
0
0
0
0
0
0
0
0
-0.56524
-0.58153
-0.57346
-0.56663
-0.57699
-0.55798
-0.59678
-0.59479
-0.59178
-0.60376
-0.55597
-0.59645
-0.58667
-0.554
-0.56837
-0.55873
-0.55339
-0.5595
-0.53515
34.3656
-0.55997
-0.50876
-0.54111
-0.54484
-0.5555
-0.52785
-0.58105
-0.60613
-0.63875
-0.55997
-0.57847
-0.57007
-0.56469
-0.5554
-0.61149
-0.60442
-0.65668
-0.68569
-0.68069
-0.68442
-0.65475
-0.74583
-0.73204
-0.66538
-0.83876
-0.75113
-0.75021
0
0
0
0
-0.85223
0
0
0
0
0
0
0
0
0
0
0
0
0
0
0
0
0
0
0
0
0
0
0
-2.128
0
0
0
0
0
0
0
0
0
0
0
0
0
0
0
0
0
0
0
0
0
0
-3.5541
0
0
0
0
0
0
0
0
0
0
0
0
0
0
0
0
0
0
0
0
0
0
-0.59059
-0.60261
-0.59543
-0.58347
-0.59885
-0.5778
-0.61927
-0.61494
-0.59815
-0.62663
-0.5767
-0.61985
-0.60881
-0.575
-0.58923
-0.58442
-0.57337
-0.58898
-0.54911
-0.55997
36.6529
-0.53245
-0.55413
-0.54594
-0.5735
-0.55108
-0.5918
-0.62433
-0.66708
-0.58915
-0.60267
-0.59054
-0.58741
-0.58076
-0.63014
-0.61454
-0.67693
-0.7076
-0.7051
-0.70282
-0.68524
-0.76746
-0.75932
-0.68248
-0.86795
-0.7759
0
0
0
0
0
0
0
0
-1.3588
0
0
0
0
-2.1371
0
0
0
0
0
0
0
0
-2.1364
0
0
0
0
0
0
0
0
0
0
0
0
0
0
-3.0212
0
0
0
0
0
0
0
0
0
0
0
0
0
0
0
0
0
0
0
0
0
0
0
0
0
0
0
0
0
0
0
0
0
0
0
0
0
-0.54526
-0.56046
-0.554
-0.54616
-0.56008
-0.53691
-0.57608
-0.57005
-0.57171
-0.5815
-0.53574
-0.57505
-0.56499
-0.53228
-0.54637
-0.54279
-0.52446
-0.54275
-0.51654
-0.50876
-0.53245
30.627
-0.52317
-0.51641
-0.53098
-0.50783
-0.55747
-0.58019
-0.61915
-0.5469
-0.55756
-0.5433
-0.55553
-0.53487
-0.58892
-0.58001
-0.63511
-0.66272
-0.65618
-0.65876
-0.62209
-0.71996
-0.70965
-0.64031
-0.81246
-0.72814
0
0
0
0
0
0
0
0
-1.2759
0
0
0
0
0
-1.9356
0
0
0
0
0
0
0
0
0
0
0
0
0
0
0
0
0
0
0
0
0
0
0
0
0
0
-1.3035
0
0
0
0
0
0
0
0
0
0
0
0
0
0
0
0
0
0
0
0
0
0
0
0
0
0
0
0
0
0
0
0
0
-0.57973
-0.58819
-0.57546
-0.56793
-0.5805
-0.56393
-0.5988
-0.60188
-0.59241
-0.60725
-0.56155
-0.60202
-0.59155
-0.56087
-0.57559
-0.56559
-0.55937
-0.56582
-0.54088
-0.54111
-0.55413
-0.52317
33.7958
-0.53847
-0.55606
-0.53579
-0.57555
-0.61194
-0.65081
-0.57861
-0.58812
-0.5724
-0.5778
-0.56481
-0.61403
-0.60735
-0.6632
-0.69119
-0.68522
-0.68894
-0.66868
-0.75009
-0.73773
-0.67232
-0.8435
-0.75322
-0.75629
0
0
0
0
0
0
0
0
0
0
0
0
-2.0926
0
0
0
0
0
0
0
0
0
0
0
0
0
0
0
0
0
0
0
0
0
0
0
0
0
0
0
0
0
0
0
0
0
0
0
-3.6234
0
0
0
0
0
0
0
0
0
0
0
0
0
0
0
0
0
0
0
0
0
0
0
0
0
-0.57517
-0.58516
-0.57795
-0.57815
-0.58589
-0.56169
-0.60081
-0.5983
-0.59156
-0.60546
-0.56003
-0.60059
-0.58886
-0.55531
-0.57001
-0.56493
-0.55513
-0.5671
-0.53377
-0.54484
-0.54594
-0.51641
-0.53847
32.6058
-0.55352
-0.53356
-0.5712
-0.62177
-0.6447
-0.57183
-0.58188
-0.57272
-0.57186
-0.56426
-0.61608
-0.56282
-0.65796
-0.68944
-0.68087
-0.68622
-0.6725
-0.74255
-0.73377
-0.6623
-0.83919
-0.77971
0
0
0
0
0
0
0
0
0
0
0
0
0
-2.0744
0
0
0
0
0
0
0
0
0
0
0
0
0
0
0
0
0
0
0
0
0
0
0
0
0
0
0
0
0
-3.3191
0
0
0
0
0
0
0
0
0
0
0
0
0
0
0
0
0
0
0
0
0
0
0
0
0
0
0
0
0
0
0
-0.5923
-0.60076
-0.59282
-0.57183
-0.5977
-0.57457
-0.61576
-0.61402
-0.61094
-0.60637
-0.57347
-0.61303
-0.60257
-0.56867
-0.58736
-0.57924
-0.56566
-0.5793
-0.55088
-0.5555
-0.5735
-0.53098
-0.55606
-0.55352
27.9781
-0.54606
-0.60247
-0.61966
-0.65732
-0.59259
-0.59975
-0.58334
-0.5793
-0.56001
-0.62334
-0.61382
-0.67489
-0.69596
-0.6934
-0.6959
0
-0.75437
-0.74976
0
-0.85607
0
0
0
0
0
0
0
0
0
0
0
0
0
0
0
0
0
0
0
0
0
0
-2.3133
0
0
0
0
0
0
0
0
0
0
0
0
0
0
0
0
0
0
0
0
0
0
0
0
0
0
0
0
0
0
0
0
0
0
0
0
0
0
0
0
0
0
0
0
0
0
0
0
0
0
0
0
0
-0.56726
-0.57628
-0.57065
-0.55739
-0.57826
-0.55181
-0.594
-0.59261
-0.58798
-0.59958
-0.55369
-0.59263
-0.58002
-0.54809
-0.56214
-0.55802
-0.545
-0.55863
-0.52892
-0.52785
-0.55108
-0.50783
-0.53579
-0.53356
-0.54606
29.7116
-0.57012
-0.60532
-0.6371
-0.55595
-0.57059
-0.5614
-0.47651
-0.5369
-0.58806
-0.58272
-0.64262
-0.66445
-0.66193
0
0
-0.71945
-0.71655
0
0
0
0
0
0
0
0
0
0
0
0
0
0
0
0
0
0
0
0
0
0
0
0
0
0
0
0
0
0
0
0
0
0
0
0
0
0
0
0
0
0
0
0
0
0
0
0
-3.1238
-3.493
0
0
0
0
0
0
0
0
0
0
0
0
0
0
0
0
0
0
0
0
0
0
0
0
0
0
0
0
-0.61911
-0.62796
-0.62053
-0.60916
-0.62535
-0.60257
-0.64454
-0.64176
-0.63866
-0.64661
-0.60028
-0.64154
-0.63051
-0.59572
-0.6135
-0.60486
-0.59312
-0.60701
-0.57725
-0.58105
-0.5918
-0.55747
-0.57555
-0.5712
-0.60247
-0.57012
27.2605
-0.64462
-0.67943
-0.61049
-0.61949
-0.60987
-0.6085
-0.60421
-0.64552
-0.63837
-0.71287
-0.72117
-0.72514
0
0
-0.77651
-0.77473
0
0
0
0
0
0
0
0
0
0
0
0
0
0
0
0
-2.0999
0
0
0
0
0
0
0
0
0
0
0
0
0
0
0
0
0
0
0
0
0
0
0
0
0
0
0
0
0
0
0
0
0
0
0
0
0
0
0
0
0
0
0
0
0
0
0
0
0
0
0
0
0
0
0
0
0
0
0
0
0
-0.64646
-0.6575
-0.64863
-0.64345
-0.65449
-0.63092
-0.67464
-0.66903
-0.6685
-0.68136
-0.63207
-0.67494
-0.66295
-0.62858
-0.64438
-0.63953
-0.62685
-0.63924
-0.61018
-0.60613
-0.62433
-0.58019
-0.61194
-0.62177
-0.61966
-0.60532
-0.64462
32.3283
-0.71103
-0.63092
-0.64027
-0.62817
-0.62425
-0.61391
-0.66918
-0.66103
-0.72688
-0.74707
0
0
0
0
-0.79655
0
0
0
0
0
0
0
0
0
0
0
-1.3916
0
0
0
0
0
0
0
0
0
0
0
0
0
0
0
0
0
0
0
0
0
0
0
0
0
0
0
0
0
0
0
0
0
0
0
0
0
0
0
0
0
0
0
0
0
0
0
0
0
0
0
0
0
0
0
-6.2398
0
0
0
0
0
0
0
0
0
0
-0.67816
-0.69016
-0.68112
-0.67515
-0.68441
-0.66079
-0.71025
-0.71363
-0.70042
-0.7163
-0.66804
-0.70874
-0.6993
-0.66048
-0.68434
-0.67545
-0.6577
-0.68307
-0.64083
-0.63875
-0.66708
-0.61915
-0.65081
-0.6447
-0.65732
-0.6371
-0.67943
-0.71103
36.6576
-0.65062
-0.67201
-0.65606
-0.66137
-0.64807
-0.7026
-0.69431
-0.75509
0
0
0
0
0
0
0
0
0
0
0
0
0
0
0
0
0
0
0
0
0
0
0
0
0
0
0
0
0
0
0
0
0
0
0
0
0
0
-2.2668
0
0
0
0
0
0
0
0
0
0
0
0
0
0
0
0
0
0
0
0
-3.7074
0
0
0
0
0
0
0
0
0
0
0
0
0
0
0
0
-6.3496
0
0
0
0
0
0
0
-0.6088
-0.62055
-0.61203
-0.60613
-0.6178
-0.59428
-0.63552
-0.63315
-0.62642
-0.64216
-0.59329
-0.63429
-0.62302
-0.58883
-0.60257
-0.60118
-0.58647
-0.60022
-0.57007
-0.55997
-0.58915
-0.5469
-0.57861
-0.57183
-0.59259
-0.55595
-0.61049
-0.63092
-0.65062
26.1762
-0.60768
-0.5939
-0.59547
-0.58796
-0.6271
-0.62245
-0.69316
0
0
0
0
0
0
-0.69426
0
0
0
0
0
0
0
0
0
0
0
0
0
0
0
0
0
0
0
-1.5456
0
0
0
0
0
0
0
0
0
0
0
-2.1248
0
0
0
0
0
0
0
0
0
0
0
0
0
0
0
0
0
0
0
0
0
0
0
0
0
0
0
0
0
0
0
0
0
0
0
0
0
0
0
0
0
0
0
0
0
-0.59739
-0.62567
-0.61887
-0.60726
-0.62722
-0.60062
-0.64238
-0.64
-0.63881
-0.64759
-0.60129
-0.64236
-0.63254
-0.59697
-0.6134
-0.60952
-0.59479
-0.60823
-0.57807
-0.57847
-0.60267
-0.55756
-0.58812
-0.58188
-0.59975
-0.57059
-0.61949
-0.64027
-0.67201
-0.60768
25.7284
-0.60465
-0.60274
-0.59648
-0.64183
-0.62758
-0.69455
0
0
0
0
0
-0.77206
0
0
0
0
0
0
0
0
0
0
0
0
0
0
0
0
0
0
0
0
0
0
0
0
0
0
0
0
0
0
0
0
0
0
0
0
0
-2.847
0
0
0
0
0
0
0
0
0
0
0
0
0
0
0
0
0
0
0
0
0
0
0
0
0
0
0
0
0
0
0
0
0
0
0
0
0
0
0
0
-0.61228
-0.62153
-0.61094
-0.6049
-0.61351
-0.5905
-0.63609
-0.63366
-0.62889
-0.64059
-0.57851
-0.63343
-0.61572
-0.58657
-0.60535
-0.59648
-0.5821
-0.59769
-0.56672
-0.57007
-0.59054
-0.5433
-0.5724
-0.57272
-0.58334
-0.5614
-0.60987
-0.62817
-0.65606
-0.5939
-0.60465
28.6733
-0.59383
-0.53134
-0.62466
-0.62308
-0.68595
0
0
0
0
0
0
0
0
0
0
0
0
0
0
0
0
0
0
0
0
0
0
0
0
0
0
0
0
0
0
0
0
0
-2.359
0
0
0
0
0
0
0
0
0
0
0
0
0
0
0
0
0
0
0
0
0
0
0
0
0
0
0
0
0
-4.6136
0
0
0
0
0
0
0
0
0
0
0
0
0
0
0
0
0
0
0
0
-0.60664
-0.61765
-0.60999
-0.59364
-0.61205
-0.59167
-0.6352
-0.63144
-0.62714
-0.6389
-0.5924
-0.63251
-0.58995
-0.58826
-0.59804
-0.59832
-0.59166
-0.5981
-0.5682
-0.56469
-0.58741
-0.55553
-0.5778
-0.57186
-0.5793
-0.47651
-0.6085
-0.62425
-0.66137
-0.59547
-0.60274
-0.59383
30.2741
-0.5517
-0.61147
0
0
0
0
0
0
0
0
0
0
0
0
0
0
0
0
0
0
0
0
0
0
0
0
0
0
0
0
0
0
0
0
0
0
0
0
0
0
0
0
0
0
0
0
0
0
0
-2.9615
0
0
0
0
0
0
0
0
0
-3.4684
0
-3.56
0
0
0
0
0
0
0
0
0
0
0
0
0
0
0
0
0
0
0
0
0
0
0
0
0
0
-0.59154
-0.60227
-0.59735
-0.59506
-0.60233
-0.57988
-0.62345
-0.62171
-0.61553
-0.62854
-0.56212
-0.60462
-0.60979
-0.57645
-0.59365
-0.58847
-0.57467
-0.5698
-0.55785
-0.5554
-0.58076
-0.53487
-0.56481
-0.56426
-0.56001
-0.5369
-0.60421
-0.61391
-0.64807
-0.58796
-0.59648
-0.53134
-0.5517
28.5484
-0.61726
0
0
0
0
0
0
0
0
0
0
0
0
0
0
0
0
0
0
0
0
0
0
0
0
0
0
0
0
0
0
0
0
0
0
0
0
0
0
0
-2.3074
0
0
0
0
0
0
0
0
0
0
-3.523
0
0
0
0
0
0
0
0
0
0
0
0
0
0
0
0
0
0
0
0
0
-2.775
0
0
0
0
0
0
0
0
0
0
0
0
0
-0.65372
-0.66388
-0.65462
-0.64715
-0.66011
-0.63664
-0.67911
-0.67777
-0.66968
-0.6839
-0.63491
-0.67718
-0.6652
-0.62984
-0.64792
-0.64261
-0.62697
-0.64111
-0.60965
-0.61149
-0.63014
-0.58892
-0.61403
-0.61608
-0.62334
-0.58806
-0.64552
-0.66918
-0.7026
-0.6271
-0.64183
-0.62466
-0.61147
-0.61726
26.1553
0
0
0
0
0
0
0
0
0
0
0
0
0
0
0
0
0
0
0
0
0
0
0
0
0
0
0
0
0
0
0
0
0
0
0
0
0
0
0
0
0
0
0
0
0
0
0
0
0
0
0
0
0
0
0
0
0
0
0
0
0
0
0
0
0
0
0
-4.3416
0
0
0
0
0
0
0
0
0
0
0
0
0
0
0
0
0
0
-0.62726
-0.64985
-0.64247
-0.64981
-0.63907
-0.62513
-0.66693
-0.66549
-0.65779
-0.67391
-0.62461
-0.66882
-0.65514
-0.61904
-0.63325
-0.63252
-0.61739
-0.63372
-0.59445
-0.60442
-0.61454
-0.58001
-0.60735
-0.56282
-0.61382
-0.58272
-0.63837
-0.66103
-0.69431
-0.62245
-0.62758
-0.62308
0
0
0
25.6941
0
0
0
0
0
0
0
0
0
0
0
0
0
0
0
0
0
0
0
0
0
0
0
0
0
0
0
0
0
0
-2.2795
0
0
0
0
0
0
0
0
0
0
0
0
0
0
0
0
0
0
0
0
0
0
-3.2055
0
0
0
0
0
0
0
0
0
0
0
0
0
0
0
0
0
0
0
0
0
0
0
0
0
0
0
0
0
0
0
-0.69921
-0.71043
-0.702
-0.69022
-0.70628
-0.68185
-0.72688
-0.72387
-0.72004
-0.73077
-0.67538
-0.72466
-0.7122
-0.67558
-0.69545
-0.68854
-0.67343
-0.68809
-0.65216
-0.65668
-0.67693
-0.63511
-0.6632
-0.65796
-0.67489
-0.64262
-0.71287
-0.72688
-0.75509
-0.69316
-0.69455
-0.68595
0
0
0
0
24.274
0
0
0
0
0
0
0
0
0
0
0
0
0
0
0
0
0
0
0
0
0
0
0
0
0
0
0
0
0
0
0
0
-2.1211
0
0
0
0
0
0
0
0
0
0
0
0
0
0
0
0
0
0
0
0
0
0
0
0
0
0
0
0
0
0
0
0
0
0
0
0
0
0
0
0
0
0
0
0
0
0
0
0
0
0
0
-0.73206
-0.74121
-0.7328
-0.7221
-0.73948
-0.71285
-0.76023
-0.7581
-0.7527
-0.76411
-0.69833
-0.75791
-0.7465
-0.70634
-0.72535
-0.71861
-0.70322
-0.72039
-0.68138
-0.68569
-0.7076
-0.66272
-0.69119
-0.68944
-0.69596
-0.66445
-0.72117
-0.74707
0
0
0
0
0
0
0
0
0
24.7925
0
0
0
0
0
0
0
0
0
0
0
0
0
0
0
0
0
0
0
0
0
0
0
0
0
0
0
0
0
0
0
-2.1407
0
0
0
0
-2.5128
0
0
0
0
0
0
0
0
0
0
0
0
0
0
0
0
0
0
0
0
0
0
0
0
0
0
0
0
0
0
0
0
0
0
0
0
0
0
0
0
0
0
0
0
0
0
-0.72058
-0.73298
-0.72315
-0.70849
-0.72961
-0.70423
-0.75
-0.74879
-0.74364
-0.75298
-0.70139
-0.74743
-0.73401
-0.6968
-0.71244
-0.71065
-0.69438
-0.71041
-0.67655
-0.68069
-0.7051
-0.65618
-0.68522
-0.68087
-0.6934
-0.66193
-0.72514
0
0
0
0
0
0
0
0
0
0
0
21.4179
0
0
-0.9828
0
0
0
0
0
0
0
0
0
0
0
0
0
0
0
-1.248
0
0
0
0
0
0
0
0
0
0
0
0
0
0
0
0
0
0
0
0
0
0
0
0
0
0
0
0
0
0
0
0
0
0
0
0
0
0
0
0
0
0
0
0
0
0
0
0
0
0
0
0
0
0
0
0
0
0
0
0
0
0
0
-0.72725
-0.73731
-0.7287
-0.72422
-0.73846
-0.70917
-0.75518
-0.7526
-0.74391
-0.76077
-0.70604
-0.72667
-0.742
-0.70298
-0.72291
-0.71812
-0.69999
-0.68734
-0.68241
-0.68442
-0.70282
-0.65876
-0.68894
-0.68622
-0.6959
0
0
0
0
0
0
0
0
0
0
0
0
0
0
23.9908
-0.7851
0
0
0
0
0
0
0
0
0
0
0
0
0
0
0
0
0
0
0
0
0
0
-1.6691
0
0
0
0
0
0
0
0
0
0
0
0
0
-0.14759
0
0
0
0
0
0
0
-3.506
0
0
0
0
0
0
0
0
0
0
0
0
0
0
0
0
0
0
0
0
0
0
0
0
0
0
0
0
0
0
0
0
0
0
0
-0.68831
-0.70901
-0.70484
-0.69793
-0.70526
-0.68354
-0.73494
-0.73269
-0.72723
-0.73742
-0.68675
-0.73313
-0.71916
-0.68434
-0.70227
-0.68981
-0.68416
-0.69781
-0.66389
-0.65475
-0.68524
-0.62209
-0.66868
-0.6725
0
0
0
0
0
0
0
0
0
0
0
0
0
0
0
-0.7851
28.4973
0
0
0
0
0
0
0
0
0
0
0
0
0
0
0
0
-1.1141
0
0
-2.0428
-2.0057
0
0
0
0
0
0
0
0
0
0
0
0
0
0
0
0
0
0
0
0
0
0
0
0
0
0
0
0
0
0
0
0
0
0
0
0
0
0
0
0
0
0
0
0
0
0
0
0
0
0
-5.8639
0
0
0
0
0
0
0
0
-0.78991
-0.80148
-0.79151
-0.78825
-0.79783
-0.77073
-0.81845
-0.81618
-0.80921
-0.82507
-0.76902
-0.81665
-0.80148
-0.76299
-0.75968
-0.77736
-0.76003
-0.77824
-0.74144
-0.74583
-0.76746
-0.71996
-0.75009
-0.74255
-0.75437
-0.71945
-0.77651
0
0
0
0
0
0
0
0
0
0
0
-0.9828
0
0
24.8331
0
0
0
0
0
0
0
0
0
0
0
0
0
0
0
0
0
0
0
0
0
0
0
0
0
0
0
0
0
0
0
0
0
0
0
0
0
-2.8986
0
0
0
0
0
0
0
0
0
0
0
0
0
0
0
0
0
0
0
0
0
0
0
0
0
0
0
0
0
0
0
0
0
0
0
0
0
0
0
0
0
-0.77591
-0.78516
-0.7761
-0.76429
-0.78314
-0.75605
-0.8028
-0.80107
-0.79768
-0.80647
-0.75428
-0.80102
-0.78846
-0.74907
-0.76948
-0.7637
-0.74699
-0.76371
-0.72945
-0.73204
-0.75932
-0.70965
-0.73773
-0.73377
-0.74976
-0.71655
-0.77473
-0.79655
0
0
-0.77206
0
0
0
0
0
0
0
0
0
0
0
22.197
0
0
0
0
0
0
0
0
0
0
0
0
0
0
0
0
0
0
0
0
0
0
0
0
0
0
0
0
0
0
0
0
0
0
0
0
0
0
0
0
0
0
0
0
0
0
0
0
0
0
0
0
0
0
0
0
0
0
0
0
0
0
0
0
0
0
0
0
0
0
0
0
0
0
0
0
0
0
-0.69188
-0.71864
-0.71202
-0.71301
-0.70281
-0.69155
-0.73808
-0.73589
-0.7298
-0.74653
-0.68343
-0.73803
-0.72604
-0.68665
-0.67639
-0.69823
-0.684
-0.70108
-0.65976
-0.66538
-0.68248
-0.64031
-0.67232
-0.6623
0
0
0
0
0
-0.69426
0
0
0
0
0
0
0
0
0
0
0
0
0
25.7165
0
0
0
0
0
0
0
0
0
0
0
0
0
0
0
0
0
0
0
0
0
0
-2.3343
0
0
0
0
0
0
0
0
0
0
0
0
-2.7534
0
0
0
0
-3.178
0
0
0
0
0
0
0
0
0
0
0
0
0
0
0
0
0
0
0
0
0
0
0
0
0
0
0
0
0
0
0
0
0
0
0
0
-0.88883
-0.89947
-0.88962
-0.87682
-0.89619
-0.8679
-0.91779
-0.91526
-0.91131
-0.9222
-0.86495
-0.91489
-0.90227
-0.8584
-0.88107
-0.87522
-0.85525
-0.8745
-0.83757
-0.83876
-0.86795
-0.81246
-0.8435
-0.83919
-0.85607
0
0
0
0
0
0
0
0
0
0
0
0
0
0
0
0
0
0
0
21.9075
0
0
0
0
0
0
0
0
0
0
0
0
0
0
0
0
0
0
0
0
0
0
0
0
0
0
0
0
0
0
0
0
0
0
0
0
0
0
0
0
0
0
0
0
0
0
0
0
0
0
0
0
0
0
0
0
0
0
0
0
0
0
0
0
0
0
0
0
0
0
0
0
0
0
0
0
-0.79921
-0.80822
-0.80034
-0.69029
-0.81511
-0.77796
-0.82605
-0.82454
-0.81697
-0.8304
-0.7776
-0.82976
-0.81324
-0.77017
-0.80191
-0.78566
-0.76724
-0.79136
-0.75056
-0.75113
-0.7759
-0.72814
-0.75322
-0.77971
0
0
0
0
0
0
0
0
0
0
0
0
0
0
0
0
0
0
0
0
0
23.1342
0
0
0
0
0
0
0
0
0
0
0
0
0
0
0
0
0
0
0
0
0
0
0
0
0
0
0
0
0
0
0
0
0
0
0
0
0
0
0
0
0
0
0
0
0
0
0
0
0
0
0
0
0
0
0
0
0
0
0
0
0
0
-4.2695
0
0
0
0
0
0
0
0
0
0
0
0
-0.79253
-0.80442
-0.79582
-0.78838
-0.80302
-0.78069
-0.82586
-0.82533
-0.81967
-0.83325
-0.77529
-0.82405
-0.81234
-0.7694
-0.79417
-0.78739
-0.76782
-0.78585
-0.74997
-0.75021
0
0
-0.75629
0
0
0
0
0
0
0
0
0
0
0
0
0
0
0
0
0
0
0
0
0
0
0
19.0858
0
0
0
0
0
0
0
0
0
0
0
0
0
0
0
0
0
0
0
0
0
0
0
0
0
0
-2.4441
0
0
0
0
0
0
0
0
0
0
0
0
0
0
0
0
0
0
0
0
0
0
0
0
0
0
0
0
0
0
0
0
0
0
0
0
0
0
0
0
0
0
0
0
0
0
0
-0.83719
-0.84388
-0.83457
-0.81874
-0.83776
-0.81099
-0.86294
-0.86043
-0.85378
-0.86093
-0.81132
-0.85874
-0.8457
-0.8043
-0.83042
-0.81282
-0.80068
-0.81812
-0.78241
0
0
0
0
0
0
0
0
0
0
0
0
0
0
0
0
0
0
0
0
0
0
0
0
0
0
0
0
21.3899
0
0
0
0
0
0
0
0
0
0
0
-2.1755
0
0
0
0
0
0
0
0
0
0
0
0
0
0
0
0
0
0
0
0
0
0
0
0
0
0
0
0
0
0
0
0
0
0
0
0
-3.4286
0
0
0
0
0
0
0
0
0
0
0
0
0
0
0
0
0
0
0
0
0
0
0
0
-0.80934
-0.822
-0.81329
-0.79919
-0.8223
-0.79089
-0.83964
-0.83541
-0.83637
-0.84353
-0.79239
-0.83717
-0.82403
-0.78123
-0.80766
-0.79787
-0.77779
-0.79767
-0.76165
0
0
0
0
0
0
0
0
0
0
0
0
0
0
0
0
0
0
0
0
0
0
0
0
0
0
0
0
0
16.8049
0
0
0
0
-1.4155
0
0
0
0
0
0
0
0
0
0
0
0
0
0
0
0
0
0
0
0
0
0
0
0
0
0
0
0
0
0
0
0
0
0
0
0
0
0
0
0
0
0
0
0
0
0
0
0
0
0
0
0
0
0
0
0
0
0
0
0
0
0
0
0
0
0
0
-0.80648
-0.82724
-0.82274
-0.81716
-0.82885
-0.79618
-0.84883
-0.84399
-0.84083
-0.85222
-0.79889
-0.84549
-0.83501
-0.78965
-0.81206
-0.80289
-0.78537
-0.80426
-0.76716
0
0
0
0
0
0
0
0
0
0
0
0
0
0
0
0
0
0
0
0
0
0
0
0
0
0
0
0
0
0
18.8868
0
0
0
0
0
0
0
0
0
0
0
0
0
0
0
0
0
0
0
0
0
0
0
0
0
0
0
0
0
0
0
0
0
0
0
0
0
0
0
0
0
0
0
-3.3615
0
0
0
0
0
0
0
0
0
0
0
0
0
0
0
0
0
0
0
0
0
0
0
0
0
0
0
-0.88403
-0.89237
-0.8849
-0.86773
-0.88975
-0.86491
-0.9137
-0.91184
-0.90741
-0.91619
-0.86084
-0.91417
-0.89672
-0.85423
-0.87722
-0.84183
-0.84959
0
0
0
0
0
0
0
0
0
0
0
0
0
0
0
0
0
0
0
0
0
0
0
0
0
0
0
0
0
0
0
0
0
17.3166
0
0
0
0
0
0
0
0
0
0
0
0
0
0
0
0
0
0
0
0
0
0
0
0
0
0
0
0
0
0
-2.2891
0
0
0
0
0
0
0
0
0
0
0
0
0
0
0
0
0
0
0
0
0
0
0
0
0
0
0
0
0
0
0
0
0
0
0
0
0
0
0
-0.89577
-0.91058
-0.90313
-0.8888
-0.90664
-0.88544
-0.93372
-0.92935
-0.9276
-0.93622
-0.87626
-0.93154
-0.91371
-0.87204
0
-0.89236
0
0
0
-0.85223
0
0
0
0
0
0
0
0
0
0
0
0
0
0
0
0
0
0
0
0
0
0
0
0
0
0
0
0
0
0
0
16.8942
0
0
0
0
0
0
0
0
0
0
0
0
0
0
0
0
0
0
0
0
0
-2.4388
0
0
0
0
0
0
0
0
0
0
0
0
0
0
0
0
0
0
0
0
0
0
0
0
0
0
0
0
0
0
0
0
0
0
0
0
0
0
0
0
0
0
0
0
0
0
0
-0.98004
-0.99091
-0.97053
-0.97974
-0.9919
-0.95892
-1.0001
-1.0034
-0.98942
-1.0168
-0.95668
-1.0099
-0.99365
-0.9471
0
0
0
0
0
0
0
0
0
0
0
0
0
0
0
0
0
0
0
0
0
0
0
0
0
0
0
0
0
0
0
0
0
0
0
0
0
0
15.7495
0
0
0
-1.9604
0
0
0
0
0
0
0
0
0
0
0
0
0
0
0
0
0
0
0
0
0
0
0
0
0
0
0
0
0
0
0
0
0
0
0
0
0
0
0
0
0
0
0
0
0
0
0
0
0
0
0
0
0
0
0
0
0
0
0
0
0
0
0
0
-1.1247
-1.1849
-1.179
-1.1661
0
-1.1525
-1.2135
-1.2102
0
-1.2197
0
0
0
0
0
0
0
0
0
0
0
0
0
0
0
0
0
0
0
0
0
0
0
0
0
0
0
0
0
0
0
0
0
0
0
0
0
0
-1.4155
0
0
0
0
17.7826
0
0
0
0
0
0
0
0
0
0
0
0
0
0
0
0
0
0
0
0
0
0
0
0
0
0
-2.9115
0
0
0
0
0
0
0
0
0
0
0
0
0
0
0
0
0
0
0
0
0
0
0
0
0
-4.0051
0
0
0
0
0
0
0
0
0
0
0
0
0
0
0
0
0
0
0
0
0
-1.4332
0
0
0
0
0
0
0
0
0
0
0
0
-1.3588
-1.2759
0
0
0
0
0
-1.3916
0
0
0
0
0
0
0
0
0
0
0
0
0
0
0
0
0
0
0
0
0
0
0
0
0
0
17.6592
-1.9351
-2.262
0
-2.078
0
0
0
-2.2207
0
0
0
0
0
0
0
0
0
0
0
0
0
0
0
0
0
0
0
0
0
0
0
0
0
0
0
0
0
0
0
0
0
0
0
0
0
0
-3.704
0
0
0
0
0
0
0
0
0
0
0
0
0
0
0
0
0
0
0
-1.3986
-1.4209
-1.4082
0
0
0
0
0
0
0
0
0
0
0
0
0
0
0
0
0
0
0
0
0
0
0
0
0
0
0
0
0
0
0
0
0
0
0
0
0
0
0
0
0
0
0
0
0
0
0
0
0
0
0
-1.9351
19.2833
0
0
0
0
0
0
0
0
0
0
0
0
0
0
0
0
0
-2.5845
0
0
0
0
0
0
0
0
0
0
0
0
-3.4584
0
0
0
0
0
0
0
-3.5147
0
0
0
0
-3.5629
0
0
0
0
0
0
0
0
0
0
0
0
0
0
0
0
0
0
0
0
0
0
0
0
0
0
0
0
0
0
0
0
0
0
0
0
0
0
0
0
0
0
0
0
0
0
0
0
0
0
0
0
0
0
0
0
0
0
0
0
0
0
0
0
0
0
0
0
0
0
0
0
0
-1.9604
0
-2.262
0
18.0747
0
0
0
0
0
0
-2.3245
-2.4567
-2.7223
0
0
0
0
0
0
0
0
0
0
0
0
0
-3.0398
0
0
0
0
0
0
0
0
0
-3.3089
0
0
0
0
0
0
0
0
0
0
0
0
0
0
0
0
0
0
0
0
0
0
0
0
0
0
0
0
0
0
0
0
0
0
0
0
0
0
0
0
0
0
0
0
0
0
0
0
0
0
0
0
0
0
0
0
0
0
0
0
0
0
0
0
0
0
0
0
0
-1.248
0
-1.1141
0
0
0
0
0
0
0
0
0
0
0
0
0
0
0
0
19.2543
0
0
0
0
0
0
0
0
0
0
0
0
0
0
0
0
0
0
0
0
-2.9672
0
-2.9811
0
0
0
0
0
0
0
0
0
0
-3.4915
0
0
0
0
0
0
0
0
0
0
0
0
0
0
0
0
0
0
0
0
0
0
0
0
0
-3.7262
0
0
-3.7262
-1.9056
-1.9158
-1.9083
-1.8852
0
-1.8795
-1.9388
0
0
0
0
0
0
0
0
0
0
0
0
0
0
0
0
0
0
0
0
0
0
0
0
0
0
0
0
0
0
0
0
0
0
0
0
0
0
0
0
0
0
0
0
0
0
0
-2.078
0
0
0
13.5112
0
0
0
0
0
0
0
0
0
0
0
0
0
0
0
0
0
0
0
0
0
0
0
0
0
0
0
0
0
0
0
0
0
0
0
0
0
0
0
0
0
0
0
0
0
0
0
0
0
0
0
0
0
0
0
0
0
0
0
0
0
0
0
0
0
0
0
0
0
0
0
0
0
0
0
0
0
0
0
0
0
0
-2.1371
0
-2.0926
-2.0744
0
0
-2.0999
0
0
0
0
0
0
0
0
0
0
0
0
0
0
0
0
0
0
0
0
-2.1755
0
0
0
0
0
0
0
0
0
0
0
13.5725
0
0
0
0
0
0
0
0
0
0
0
0
0
0
0
0
0
0
0
0
0
-2.9931
0
0
0
0
0
0
0
0
0
0
0
0
0
0
0
0
0
0
0
0
0
0
0
0
0
0
0
0
0
0
0
0
0
0
0
0
0
0
0
-2.0722
0
0
0
0
0
0
0
0
0
0
0
0
0
0
0
0
0
0
0
0
-1.9356
0
0
0
0
0
0
0
0
0
0
0
0
0
0
0
0
0
0
-2.0428
0
0
0
0
0
0
0
0
0
0
0
0
0
0
0
0
0
0
0
15.2122
0
-2.4794
0
0
0
0
0
0
0
0
0
0
0
0
0
0
0
0
0
0
0
0
0
0
0
0
0
0
0
0
0
0
-3.4227
0
0
0
0
-3.2595
0
0
0
0
0
0
0
0
0
0
0
0
0
0
0
0
0
0
0
0
0
0
0
0
0
0
0
0
0
0
0
0
0
0
0
0
0
0
0
0
0
0
0
0
0
0
0
0
0
0
0
0
0
0
0
0
0
0
0
0
0
0
-2.0057
0
0
0
0
0
0
0
0
0
0
0
0
0
0
0
0
0
0
0
0
17.8379
0
0
0
0
0
-2.9166
0
0
0
0
0
-3.0563
0
0
-3.3022
0
0
0
0
0
-3.193
0
0
0
-3.3641
0
0
0
0
0
0
0
0
0
0
0
0
0
0
0
0
0
0
0
0
0
0
0
0
0
0
0
0
0
0
0
0
0
0
0
0
0
0
0
0
0
0
0
0
0
0
0
0
-1.8723
0
0
0
0
0
0
0
0
0
0
0
0
0
0
0
0
0
0
0
0
0
0
0
0
0
0
0
0
0
0
0
0
0
0
0
0
0
0
0
-2.2207
0
0
0
0
0
-2.4794
0
16.8873
0
0
0
0
0
0
0
0
0
0
0
0
-2.9082
0
0
0
0
0
0
0
0
0
0
0
0
0
0
0
0
0
0
-3.5358
0
0
0
0
0
0
0
0
0
0
0
0
0
0
-3.8708
0
0
0
0
0
0
0
0
0
0
0
0
0
0
0
0
0
0
0
0
0
0
0
0
0
0
0
0
0
0
0
0
0
0
0
0
0
0
0
0
-1.5456
0
0
0
0
0
0
0
0
0
-1.6691
0
0
0
0
0
0
0
0
0
0
0
0
0
0
0
0
-2.3245
0
0
0
0
0
0
15.8126
-2.5921
0
0
0
0
0
0
0
0
0
0
0
0
0
0
0
0
0
0
-3.0934
0
0
0
0
0
0
0
0
0
0
0
0
0
0
0
0
0
0
0
0
0
0
0
0
0
0
0
0
0
0
0
-4.5879
0
0
0
0
0
0
0
0
0
0
0
0
0
0
0
0
0
0
0
0
0
0
0
0
0
0
0
0
0
0
0
0
0
0
0
0
0
0
0
0
0
0
0
0
0
0
0
0
0
0
0
0
0
0
0
0
0
0
0
0
0
-2.4567
0
0
0
0
0
0
-2.5921
14.9708
0
0
-2.6034
0
0
0
0
0
0
0
0
0
0
-3.0127
0
0
0
0
0
0
0
0
0
0
0
0
0
0
0
0
0
0
0
0
0
0
0
0
0
0
0
0
0
0
0
0
0
0
0
0
0
-4.306
0
0
0
0
0
0
-2.4156
0
0
0
-2.453
0
-2.4253
0
0
0
0
0
0
0
0
0
0
0
0
0
0
0
0
0
0
0
0
0
0
0
0
0
0
0
0
0
0
0
0
0
0
0
0
0
0
0
0
0
0
0
0
0
0
0
-2.7223
0
0
0
0
0
0
0
0
13.6196
0
0
0
0
0
0
0
0
0
0
0
0
0
0
0
0
0
0
0
0
0
0
0
0
0
0
0
0
0
-3.6033
0
0
0
0
0
0
0
0
0
0
0
0
0
0
0
0
0
0
0
0
0
0
0
0
0
-2.4496
0
0
0
-2.4278
0
0
0
0
0
0
0
0
0
0
0
0
0
0
0
0
0
0
0
0
0
0
0
0
0
0
0
0
0
0
-2.2795
0
0
0
0
0
0
0
-2.3343
0
0
0
0
0
0
0
0
0
0
0
0
0
0
0
0
0
0
0
0
0
0
12.3561
0
-2.865
0
0
0
0
0
0
0
0
0
0
0
0
0
0
0
0
0
0
0
0
0
0
0
0
0
0
0
0
0
0
0
0
0
0
0
0
0
0
0
0
0
0
0
0
0
0
0
0
0
0
0
0
0
0
0
-2.4047
0
0
0
0
0
-2.4744
0
0
0
0
0
0
0
0
0
0
0
0
0
0
-2.3133
0
0
0
0
0
0
0
0
0
0
0
0
0
0
0
0
0
0
0
0
0
0
0
0
0
0
0
0
0
0
0
0
0
0
0
0
-2.9166
0
0
-2.6034
0
0
12.7123
0
0
0
0
0
0
0
0
0
0
0
0
0
0
0
0
0
0
0
0
0
0
0
0
0
0
0
0
0
0
0
0
0
0
0
0
0
0
0
0
0
0
0
0
0
0
0
0
0
0
0
0
0
0
0
0
0
0
0
0
0
0
0
0
0
0
0
0
0
0
0
-2.0706
0
-2.1364
0
0
0
0
0
0
0
0
0
0
0
0
0
0
0
0
0
0
0
0
0
0
0
0
0
0
0
0
0
0
0
0
0
0
0
0
0
0
0
0
0
0
0
0
0
-2.865
0
12.8101
-2.7044
0
0
0
0
0
0
0
0
0
0
0
0
0
0
0
0
0
-3.0336
0
0
0
0
0
0
0
0
0
0
0
0
0
0
0
0
0
0
0
0
0
0
0
0
0
0
0
0
0
0
0
0
0
0
0
0
0
0
0
0
0
0
0
0
0
0
0
0
0
0
0
0
0
0
0
0
0
0
0
0
0
0
0
0
0
0
0
0
0
-2.1211
-2.1407
0
0
0
0
0
0
0
0
0
0
0
0
0
0
0
0
0
0
0
0
0
0
0
0
0
0
0
0
0
0
-2.7044
16.0026
0
0
0
0
0
0
0
0
0
0
0
0
0
0
0
0
0
0
0
0
0
0
0
0
0
0
0
0
0
0
0
0
-4.1118
0
0
0
0
0
0
0
0
0
0
0
0
0
0
0
-4.9245
0
0
0
0
0
0
0
0
0
0
0
0
0
0
0
0
0
0
0
0
0
0
0
0
0
0
0
0
0
0
0
0
0
-2.359
0
0
0
0
0
0
0
0
0
0
0
0
0
0
0
0
0
0
0
0
0
0
0
0
0
0
0
0
0
0
0
0
0
0
0
0
0
0
15.8008
-3.103
0
0
0
0
0
0
0
0
0
0
-3.2364
0
0
0
0
0
0
0
0
0
0
-3.6201
0
0
-3.4823
0
0
0
0
0
0
0
0
0
0
0
0
0
0
0
0
0
0
0
0
0
0
0
0
0
0
0
0
-2.163
0
0
0
0
0
0
0
0
0
0
0
0
0
0
0
0
0
0
0
0
0
0
0
0
0
0
0
0
0
0
0
0
0
0
0
0
0
0
0
0
0
0
0
0
0
0
0
0
0
0
0
0
0
0
0
0
0
0
0
0
0
0
0
0
0
-3.103
15.1063
0
0
0
0
0
0
0
0
0
0
0
0
0
0
0
0
0
0
-2.9411
0
0
0
0
-3.3346
0
0
-3.5645
0
0
0
0
0
0
0
0
0
0
0
0
0
0
0
0
0
0
0
0
0
0
-2.1058
-2.1147
-2.0994
0
0
-2.0512
0
0
0
0
0
0
0
0
0
0
0
0
0
0
0
0
0
0
0
0
0
0
0
0
0
0
0
0
0
0
0
0
0
0
0
0
0
0
0
0
0
0
0
0
0
0
0
0
0
0
0
0
0
0
0
0
0
0
0
0
0
0
0
0
0
0
11.9866
0
0
0
0
0
0
0
0
0
0
0
0
0
0
0
0
0
0
0
0
0
0
0
0
0
0
-3.6154
0
0
0
0
0
0
0
0
0
0
0
0
0
0
0
0
0
0
0
0
0
0
0
0
0
0
0
0
0
0
0
0
0
0
0
0
0
0
0
0
0
0
0
0
0
0
0
0
0
0
0
0
0
0
0
0
0
0
0
0
0
0
0
0
0
0
0
-2.4441
0
0
0
0
-2.4388
0
0
0
-2.5845
0
0
0
0
0
-3.0563
0
0
0
0
0
0
0
0
0
0
0
14.2826
0
0
0
0
0
0
0
0
0
0
0
0
0
0
0
0
0
0
0
0
0
0
0
0
0
0
0
0
0
-3.7588
0
0
0
0
0
0
0
0
0
0
0
0
0
0
0
0
0
0
0
0
0
0
0
0
0
0
0
-2.466
0
0
0
0
0
0
0
0
0
0
0
0
0
0
0
0
0
0
0
0
0
0
-2.3074
0
0
0
-2.5128
0
0
0
0
0
0
0
0
0
0
0
0
0
0
0
0
0
0
0
0
0
0
0
0
0
0
0
0
0
0
0
0
0
0
0
0
15.0601
0
0
0
0
0
0
0
0
0
-3.655
0
0
0
0
0
0
0
0
0
0
0
0
0
0
0
-4.1189
0
0
0
0
0
0
0
0
0
0
0
0
0
0
0
0
0
0
0
0
0
0
0
0
0
0
0
0
0
0
0
0
0
0
0
0
0
0
0
-2.128
0
0
0
0
0
0
0
0
-2.2668
-2.1248
0
0
0
0
0
0
0
0
0
0
0
0
0
0
0
0
0
0
0
0
0
0
0
0
0
0
0
0
0
0
0
0
-2.9082
0
0
0
0
0
0
0
0
0
0
0
0
11.986
0
0
0
0
0
0
0
0
0
0
0
0
0
0
0
0
0
0
0
0
0
0
0
0
0
0
0
0
0
-2.5582
0
0
0
0
0
0
0
0
0
0
0
0
0
0
0
0
0
0
0
0
0
0
0
0
0
0
0
0
0
0
0
0
0
0
0
0
0
0
0
0
0
0
0
0
0
0
0
0
0
0
0
0
0
0
0
0
0
0
0
0
0
0
0
0
0
0
0
0
0
0
0
0
0
0
0
0
-3.3022
0
0
0
0
0
0
0
0
0
0
0
0
0
0
14.4441
0
0
0
0
0
0
0
-3.795
0
0
0
0
0
0
-3.6519
0
0
0
0
0
-3.695
0
0
0
0
0
0
0
0
0
0
0
0
0
0
0
0
0
0
0
0
0
0
0
0
0
0
0
0
0
0
0
0
0
0
0
0
0
0
0
0
0
0
0
0
0
0
0
0
0
0
0
0
0
0
0
0
0
0
0
0
0
0
-0.14759
0
0
0
0
0
0
0
0
0
0
0
0
0
0
0
0
0
0
0
0
0
0
0
0
0
0
0
0
0
0
0
0
0
0
0
0
0
12.338
0
0
0
0
0
0
0
0
0
0
0
0
-2.9838
0
0
0
0
0
0
0
0
0
0
0
0
0
0
-4.5113
0
0
0
0
0
0
0
0
-4.6953
0
0
0
0
0
0
0
0
0
-2.8958
0
0
0
0
0
0
0
0
0
0
0
0
0
0
0
0
0
0
0
0
0
0
0
0
0
0
0
0
0
0
0
0
0
0
0
0
0
0
0
0
0
0
0
0
0
0
0
0
0
0
0
0
0
-2.9672
0
0
0
0
0
0
-3.0127
0
0
0
0
0
0
0
0
0
0
0
0
0
12.3666
0
0
0
0
0
0
0
0
0
0
0
0
0
-3.4909
0
0
0
0
0
0
0
0
0
0
0
0
0
0
0
0
0
0
0
0
0
0
0
0
0
0
0
0
0
0
0
0
0
0
0
0
0
0
0
0
0
0
-2.8877
0
0
0
0
0
0
0
0
0
0
0
0
0
0
0
0
0
0
0
0
0
0
0
0
0
0
-2.8986
0
-2.7534
0
0
0
0
0
0
0
0
0
0
0
0
-3.0398
0
0
0
0
0
0
0
0
0
0
0
0
0
0
0
0
0
0
0
0
0
0
11.5795
0
0
0
0
0
0
0
0
0
0
0
0
0
0
0
0
0
0
0
0
0
0
0
0
0
0
0
0
0
0
0
0
0
0
0
0
0
0
0
0
0
-3.0372
0
0
0
0
0
0
0
0
0
0
0
0
0
0
0
0
0
0
0
0
0
0
0
0
0
0
0
0
0
-2.847
0
0
0
0
0
0
0
0
0
0
0
0
0
0
0
0
0
0
0
0
0
0
-2.9115
0
0
0
-2.9811
0
0
0
0
0
0
0
0
0
0
0
0
0
0
0
0
0
0
0
0
0
0
11.7768
0
0
0
0
0
0
0
0
0
0
0
0
0
0
0
0
0
0
0
0
0
0
0
0
0
0
0
0
0
0
0
0
0
0
0
0
0
0
0
0
0
0
0
0
0
0
0
0
0
0
0
0
0
0
0
-2.3064
0
0
0
0
0
0
0
0
0
0
0
0
0
0
0
0
0
0
0
0
0
0
0
0
0
0
0
0
0
0
0
0
0
0
-2.2891
0
0
0
0
0
0
0
0
-2.9931
0
0
0
0
0
0
0
0
0
0
0
0
0
0
0
0
0
0
0
0
0
12.1117
0
0
0
0
0
0
0
0
0
0
0
0
0
0
0
0
0
0
0
0
0
0
0
0
0
-4.523
0
0
0
0
0
0
0
0
0
0
0
0
0
0
0
0
0
0
0
0
0
0
0
0
0
-3.1808
0
0
0
0
0
0
0
0
0
0
0
0
0
0
0
0
0
0
0
-2.9615
0
0
0
0
0
0
0
0
0
0
0
0
0
0
0
0
0
0
0
0
0
0
0
0
0
0
0
0
-3.193
0
0
0
0
0
0
0
0
-3.2364
0
0
0
0
0
0
0
0
0
0
0
12.5717
0
0
0
0
0
0
0
0
0
0
0
0
0
0
0
0
0
0
0
0
0
0
0
0
0
0
0
0
0
0
0
0
0
0
0
0
0
0
0
0
0
0
0
0
0
0
-3.0914
0
0
0
0
0
0
0
0
0
0
0
-3.0212
0
0
0
0
0
0
0
0
0
0
0
0
0
0
0
0
0
0
0
0
0
0
0
0
0
0
0
0
0
0
0
0
0
0
0
0
0
0
0
0
0
0
-3.0934
0
0
0
0
0
0
0
0
0
0
0
0
0
0
0
0
0
0
0
9.206
0
0
0
0
0
0
0
0
0
0
0
0
0
0
0
0
0
0
0
0
0
0
0
0
0
0
0
0
0
0
0
0
0
0
0
0
0
0
0
0
0
0
0
0
0
0
0
0
0
0
0
0
0
0
0
0
0
0
0
0
0
0
0
0
0
0
0
0
0
0
0
0
0
0
0
0
0
0
0
0
-3.178
0
0
0
0
0
0
0
0
0
0
0
0
0
0
0
0
0
0
0
0
0
0
0
0
0
0
0
0
0
0
-3.655
0
-3.795
0
0
0
0
0
0
0
10.628
0
0
0
0
0
0
0
0
0
0
0
0
0
0
0
0
0
0
0
0
0
0
0
0
0
0
0
0
0
0
0
0
0
0
0
0
0
0
0
0
0
0
0
0
0
0
0
0
0
0
0
0
0
0
0
0
0
0
0
0
0
0
0
0
0
0
0
0
0
-3.523
0
0
0
0
0
-3.506
0
0
0
0
0
0
0
0
0
0
0
0
0
0
0
0
0
0
0
0
0
0
0
0
0
0
0
0
0
0
0
0
0
0
0
0
0
0
0
0
0
0
0
0
0
10.3277
0
0
-3.2987
0
0
0
0
0
0
0
0
0
0
0
0
0
0
0
0
0
0
0
0
0
0
0
0
0
0
0
0
0
0
0
0
0
0
0
0
-3.7018
0
0
0
0
0
0
0
0
0
0
0
0
0
0
0
0
0
0
0
0
0
0
0
0
0
0
0
0
0
0
0
0
0
0
0
0
0
0
0
0
0
0
0
0
0
0
0
0
0
0
-3.4584
0
0
0
0
0
-3.3641
0
0
0
0
0
0
0
0
0
0
0
0
0
0
0
0
0
0
0
0
0
0
0
0
10.5242
0
0
0
0
0
0
0
0
0
0
0
0
0
0
0
0
0
0
0
0
0
0
0
0
0
0
0
0
0
0
0
0
0
0
0
0
0
0
0
0
0
0
0
0
0
0
0
0
0
0
0
0
0
0
0
-1.3035
0
0
0
0
0
0
0
0
0
0
0
0
0
0
0
0
0
0
0
0
0
0
0
0
0
0
0
0
0
0
0
0
0
0
0
0
0
0
0
0
0
0
0
0
0
0
-3.0336
0
0
0
0
0
0
0
0
0
0
0
0
0
0
0
0
0
0
9.2136
0
0
0
0
0
0
0
0
0
0
0
0
0
0
0
0
0
0
0
0
0
0
0
-4.8765
0
0
0
0
0
0
0
0
0
0
0
0
0
0
0
0
0
0
0
0
-3.6226
0
0
0
0
0
-3.5208
0
0
0
0
0
0
0
0
0
0
0
0
0
0
0
0
0
0
0
0
0
0
0
0
0
0
0
0
0
0
0
0
0
0
0
0
0
0
0
0
0
0
0
0
0
0
0
0
0
0
0
0
0
0
0
0
0
0
0
0
0
0
0
0
0
0
0
-3.2987
0
0
10.4421
0
0
0
0
0
0
0
0
0
0
0
0
0
0
0
0
0
0
0
0
0
0
0
0
0
0
0
0
0
0
0
0
0
0
0
0
0
0
0
0
0
0
0
0
0
0
0
0
0
0
0
0
0
0
0
-3.3191
0
0
0
0
0
0
0
0
0
0
0
-3.2055
0
0
0
0
0
0
0
0
0
0
0
0
0
0
0
0
0
0
0
0
-3.3089
0
0
0
0
0
0
0
0
0
0
0
0
0
0
0
0
0
0
0
0
0
0
0
0
0
0
0
0
0
0
0
0
9.8336
0
0
0
0
0
0
0
0
0
0
0
0
0
0
0
0
0
0
0
0
0
0
0
0
0
0
0
0
0
0
0
0
0
0
0
0
0
0
0
0
0
0
0
0
0
0
0
0
0
0
0
0
0
0
0
0
0
0
0
0
0
0
0
0
0
0
0
0
0
0
0
0
0
0
0
0
0
0
0
0
0
0
0
0
0
0
0
0
0
0
0
0
0
0
0
0
0
0
0
0
0
0
-2.9411
0
0
0
0
0
-2.9838
0
0
0
0
0
0
0
0
0
0
0
0
10.4887
0
0
0
0
0
0
0
0
0
0
0
0
0
0
0
0
0
0
-4.5638
0
0
0
0
0
0
0
0
0
0
0
0
0
0
0
0
0
0
0
0
0
0
0
0
0
0
0
0
0
0
0
0
0
0
0
0
-3.1238
0
0
0
0
0
0
0
0
0
0
0
0
0
0
0
0
0
0
0
0
0
0
0
0
0
0
0
0
0
0
0
-3.4915
0
0
0
0
0
0
0
0
0
0
0
0
0
0
0
0
0
0
-3.6519
0
0
0
0
0
0
0
0
0
0
0
0
0
0
10.2671
0
0
0
0
0
0
0
0
0
0
0
0
0
0
0
0
0
0
0
0
0
0
0
0
0
0
0
0
0
0
0
0
0
0
0
0
0
0
0
0
0
0
0
0
0
0
0
0
0
0
0
0
0
0
-3.493
0
0
0
0
0
0
-3.4684
0
0
0
0
0
0
0
0
0
0
0
0
0
0
0
0
0
0
0
0
0
0
0
0
0
0
0
0
0
0
0
0
0
0
0
0
0
0
0
0
0
0
0
0
0
-3.4909
0
0
0
0
0
0
0
0
0
0
0
0
0
10.4522
0
0
0
0
0
0
0
0
0
0
0
0
0
0
0
0
0
0
0
0
0
0
0
0
0
0
0
0
0
0
0
0
0
0
0
0
0
0
0
0
0
0
0
0
0
0
0
0
0
0
0
0
0
0
0
0
0
0
0
0
0
0
0
0
0
0
0
0
0
0
0
0
0
0
0
0
0
-3.3615
0
0
0
0
0
0
0
0
0
0
-3.4227
0
0
0
0
0
0
0
0
0
-3.6201
0
0
0
0
0
0
0
0
0
0
0
0
0
0
0
0
0
0
0
0
0
0
10.4043
0
0
0
0
0
0
0
0
0
0
0
0
0
0
0
0
0
0
0
0
0
0
0
0
0
0
0
0
0
0
0
0
0
0
0
0
0
0
0
0
0
0
0
0
0
0
0
0
0
0
0
0
0
0
0
0
0
0
0
-3.56
0
0
0
0
0
0
0
0
0
0
0
0
0
0
0
0
0
0
0
0
0
0
-3.5147
0
0
0
0
0
0
-3.5358
0
0
0
0
0
0
0
0
0
0
0
0
0
0
0
0
0
0
0
0
0
0
0
0
0
0
0
0
0
0
0
10.6106
0
0
0
0
0
0
0
0
0
0
0
0
0
0
0
0
0
0
0
0
0
0
0
0
0
0
0
0
0
0
0
0
0
0
0
0
0
0
0
0
0
0
0
0
0
0
0
0
-3.6234
0
0
0
0
0
0
0
0
0
0
0
0
0
0
0
0
0
0
0
0
0
0
0
0
0
0
0
0
0
0
0
0
0
0
0
0
0
0
0
0
0
0
-3.6033
0
0
0
0
0
-3.3346
0
0
0
0
0
0
0
0
0
0
0
0
0
0
0
0
0
0
0
0
0
0
0
10.5613
0
0
0
0
0
0
0
0
0
0
0
0
0
0
0
0
0
0
0
0
0
0
0
0
0
0
0
0
0
0
0
0
0
0
0
0
0
0
0
0
0
0
0
0
0
0
0
0
0
0
0
0
0
-3.7074
0
0
0
0
0
0
0
0
0
0
0
0
0
0
0
0
0
0
-3.4286
0
0
0
0
0
0
0
0
0
0
0
0
0
0
0
0
0
0
0
0
0
0
-3.4823
0
0
0
0
0
0
0
0
0
0
0
0
0
0
0
0
0
0
0
0
0
0
0
0
0
10.6183
0
0
0
0
0
0
0
0
0
0
0
0
0
0
0
0
0
0
0
0
0
0
0
0
-3.4617
-3.4671
0
0
0
0
0
0
0
0
0
0
0
0
0
0
0
0
0
0
0
0
0
0
0
0
0
0
0
0
0
0
0
0
0
0
0
0
0
0
0
0
0
0
0
0
0
0
0
0
0
0
0
0
0
0
0
0
0
0
0
0
0
0
0
0
0
0
0
0
0
0
0
0
0
0
-3.695
0
0
0
0
0
0
0
0
0
0
0
0
0
0
0
0
0
0
0
0
10.6238
0
0
0
0
0
0
0
0
0
0
0
0
0
0
0
0
0
0
0
0
0
0
0
0
0
0
0
0
0
0
0
0
0
0
0
0
0
0
0
0
0
0
-3.5541
0
0
0
0
0
0
0
0
0
0
0
0
0
0
0
0
0
0
0
0
0
0
0
0
0
0
0
0
0
0
0
0
0
0
0
0
0
0
0
0
-3.2595
0
0
0
0
0
0
0
0
0
0
-3.5645
0
0
0
0
0
0
0
0
0
0
0
0
0
0
0
0
0
0
0
0
0
0
0
0
0
0
10.3782
0
0
0
0
0
0
0
0
0
0
0
0
0
0
0
0
0
0
0
0
0
0
0
0
0
0
0
0
0
0
0
0
0
0
0
0
0
0
0
0
0
0
0
0
0
0
0
0
0
0
0
0
0
0
0
0
0
0
0
0
0
0
0
0
0
0
0
0
0
0
0
0
0
0
0
0
0
-3.5629
0
0
0
0
0
0
0
0
0
0
0
0
0
0
0
0
-3.6154
0
0
0
0
0
0
0
0
0
0
0
0
0
0
0
0
0
0
0
0
0
0
0
0
0
0
7.1783
0
0
0
0
0
0
0
0
0
0
0
0
0
0
0
0
0
0
0
0
0
0
0
0
0
0
0
0
0
0
0
0
0
0
0
0
0
0
0
0
0
0
0
0
0
0
0
0
0
0
0
0
-4.6136
0
0
0
0
0
0
0
0
0
0
0
0
0
0
0
0
0
0
0
0
0
0
0
0
0
0
0
0
0
0
0
0
0
0
0
0
0
0
0
0
0
0
-4.1189
0
0
0
0
0
0
0
0
0
0
0
0
0
0
0
0
0
0
0
0
0
0
0
0
0
8.7325
0
0
0
0
0
0
0
0
0
0
0
0
0
0
0
0
0
0
0
0
0
0
0
0
0
0
0
0
0
0
0
0
0
0
0
0
0
0
0
0
0
0
0
0
0
0
0
0
0
0
0
0
0
0
0
0
0
0
0
0
0
0
0
0
0
0
0
0
0
0
0
0
0
0
-3.704
0
0
0
0
0
0
0
0
0
0
0
0
0
0
0
0
0
0
0
0
0
0
0
0
0
0
0
0
0
0
0
0
0
0
0
0
0
0
0
0
0
0
0
0
0
0
8.6332
0
0
-4.9292
0
0
0
0
0
0
0
0
0
0
0
0
0
0
0
0
0
0
0
0
0
0
0
0
0
0
0
0
0
0
0
0
0
0
0
0
0
0
0
0
0
0
0
0
0
0
0
0
0
0
-4.3416
0
0
0
0
0
0
0
0
0
0
0
0
0
0
0
0
0
0
0
0
0
0
0
0
0
0
0
0
0
0
0
0
0
0
-4.1118
0
0
0
0
0
0
0
0
0
0
0
0
0
0
0
0
0
0
0
0
0
0
0
0
0
0
0
0
0
0
0
0
8.4534
0
0
0
0
0
0
0
0
0
0
0
0
0
0
0
0
0
0
0
0
0
0
0
0
0
0
0
0
0
0
0
0
0
0
0
0
0
0
0
0
0
0
0
0
0
0
0
0
0
0
0
0
0
0
0
0
0
0
0
0
0
0
0
0
0
0
0
0
0
0
0
0
0
0
0
0
0
0
0
0
0
0
0
0
0
0
0
0
0
0
0
-3.7588
0
0
0
0
0
0
0
0
0
0
0
0
0
0
0
0
0
0
0
0
0
0
0
0
0
0
0
0
0
8.602
0
0
-4.8432
0
0
0
0
0
0
0
0
0
0
0
0
0
0
0
0
0
0
0
-4.1755
0
0
0
0
0
0
0
0
0
0
0
0
0
0
0
0
0
0
0
0
0
0
0
0
0
0
0
0
0
0
0
0
0
0
0
0
0
0
0
0
0
0
0
0
0
0
0
0
0
0
0
0
0
0
0
0
0
0
0
0
0
0
0
0
0
0
0
0
0
0
0
0
0
0
0
0
0
0
0
0
0
0
0
0
0
0
0
0
0
0
0
0
0
0
0
-4.9292
0
0
9.1047
0
0
0
0
0
0
0
0
0
0
0
0
0
0
0
0
0
0
0
0
0
0
0
0
0
0
0
0
0
0
0
0
0
0
0
0
0
0
0
0
0
0
0
0
0
0
0
0
0
0
0
0
0
0
0
0
0
0
0
0
0
0
0
0
0
0
0
0
0
0
0
0
0
0
0
0
0
0
0
0
0
0
0
0
0
0
0
0
0
0
0
-2.5582
0
-4.5113
0
0
0
0
0
0
0
0
0
0
0
0
0
0
0
0
0
0
0
0
0
0
0
0
0
0
0
7.0695
0
0
0
0
0
0
0
0
0
0
0
0
0
0
0
0
0
0
0
0
0
0
0
0
0
0
0
0
0
0
0
0
0
0
0
0
0
0
0
0
0
0
0
0
0
0
0
0
0
0
0
0
0
0
0
0
0
0
0
0
0
0
0
0
0
0
0
0
-4.0051
0
0
0
0
0
0
0
0
0
0
0
0
0
0
0
0
0
0
0
0
0
0
0
0
0
0
0
0
0
0
0
0
0
0
0
0
0
0
0
0
0
0
0
0
0
0
0
0
0
-4.8432
0
0
8.8483
0
0
0
0
0
0
0
0
0
0
0
0
0
0
0
0
0
0
0
0
0
0
0
0
0
0
0
0
0
0
0
0
0
0
0
0
0
0
0
0
0
0
0
0
0
0
0
-2.775
0
0
0
0
0
0
0
0
0
0
0
0
0
0
0
0
0
0
0
0
0
0
0
0
0
0
0
0
0
0
0
0
0
0
0
0
0
0
0
0
0
0
0
0
0
0
0
-4.523
0
0
0
0
0
0
0
0
0
0
0
0
0
0
0
0
0
0
0
0
0
0
0
0
0
7.298
0
0
0
0
0
0
0
0
0
0
0
0
0
0
0
0
-4.9815
0
0
0
0
0
0
0
0
0
0
0
0
0
0
0
0
0
0
0
0
0
0
0
0
0
0
0
0
0
0
0
0
0
0
0
0
0
0
0
0
0
-4.2695
0
0
0
0
0
0
0
0
0
0
0
0
0
0
0
0
0
0
0
0
0
0
0
0
0
0
0
0
0
0
0
0
0
0
0
0
0
0
0
0
0
0
0
0
0
0
0
0
0
0
0
0
0
0
0
0
0
0
0
0
0
0
9.251
0
0
0
0
0
0
0
0
0
0
0
0
0
0
0
0
0
0
0
0
0
0
0
0
0
0
0
0
0
0
0
0
0
0
0
0
0
0
0
0
0
0
0
0
0
0
0
0
0
0
0
0
0
0
0
0
0
0
0
0
0
0
0
0
0
0
0
0
0
0
0
0
0
0
-3.8708
0
0
0
0
0
0
0
0
0
0
0
0
0
0
0
0
0
0
0
0
0
0
0
0
0
0
0
-4.5638
0
0
0
0
0
0
0
0
0
0
0
0
0
0
0
0
0
0
8.4346
0
0
0
0
0
0
0
0
0
0
0
0
0
0
0
0
0
0
0
0
0
0
0
0
0
0
0
0
0
0
0
0
0
0
0
0
0
0
-6.2398
0
0
0
0
0
0
0
0
0
0
0
0
0
0
0
0
0
0
0
0
0
0
0
0
0
0
0
0
0
0
0
0
0
0
0
0
0
0
0
0
0
0
0
0
0
0
0
0
0
0
0
0
0
0
0
0
0
0
0
0
0
0
0
0
0
0
0
0
0
0
0
0
0
0
0
0
0
0
0
0
0
0
6.2398
0
0
0
0
0
0
0
0
0
0
0
0
0
0
0
0
0
0
0
0
0
0
0
0
0
0
0
0
0
0
0
0
0
0
0
0
0
0
0
0
0
0
0
0
0
0
0
0
0
0
0
0
0
0
0
0
0
0
0
0
0
0
0
0
0
0
0
0
0
0
0
0
0
0
0
0
0
0
0
0
0
0
0
0
0
0
0
0
0
0
0
0
0
0
0
0
0
-4.8765
0
0
0
0
0
0
0
0
0
0
0
0
0
0
0
0
0
0
0
0
0
0
0
4.8765
0
0
0
0
0
0
0
0
0
0
0
0
0
0
0
0
0
0
0
0
0
0
0
0
0
0
0
0
0
0
0
0
0
0
0
0
0
0
0
0
0
0
0
0
0
0
0
0
0
-5.8639
0
0
0
0
0
0
0
0
0
0
0
0
0
0
0
0
0
0
0
0
0
0
0
0
0
0
0
0
0
0
0
0
0
0
0
0
0
0
0
0
0
0
0
0
0
0
0
0
0
0
0
0
0
0
0
0
0
0
0
0
0
0
0
0
0
0
0
0
0
0
0
5.8639
0
0
0
0
0
0
0
0
0
0
0
0
0
0
0
0
0
0
0
0
0
0
0
0
0
0
0
0
0
0
0
0
0
0
0
0
-6.3496
0
0
0
0
0
0
0
0
0
0
0
0
0
0
0
0
0
0
0
0
0
0
0
0
0
0
0
0
0
0
0
0
0
0
0
0
0
0
0
0
0
0
0
0
0
0
0
0
0
0
0
0
0
0
0
0
0
0
0
0
0
0
0
0
0
0
0
0
0
0
0
0
0
0
0
0
0
0
0
0
0
0
0
0
6.3496
0
0
0
0
0
0
0
0
0
0
0
0
0
0
0
0
0
0
0
0
0
0
0
0
0
0
0
0
0
0
0
0
0
0
0
0
0
0
0
0
0
0
0
0
0
0
0
0
0
0
0
0
0
0
0
0
0
0
0
0
0
0
0
0
0
0
0
0
0
0
0
0
0
0
0
0
0
0
0
0
0
0
0
0
-4.6953
0
0
0
0
0
0
0
0
0
0
0
0
0
0
0
0
0
0
0
0
0
0
0
0
0
0
0
0
0
0
0
0
0
0
0
0
4.6953
0
0
0
0
0
0
0
0
0
0
0
0
0
0
0
0
0
0
0
0
0
0
0
0
0
0
0
0
0
0
0
0
0
0
0
0
0
0
0
0
0
0
0
0
0
0
0
0
0
0
0
0
0
0
0
0
0
0
0
0
0
0
0
0
0
0
0
0
0
-4.5879
0
0
0
0
0
0
0
0
0
0
0
0
0
0
0
0
0
0
0
0
0
0
0
0
0
0
0
0
0
0
0
0
0
0
0
0
0
0
0
0
0
0
0
0
0
0
0
0
0
0
0
4.5879
0
0
0
0
0
0
0
0
0
0
0
0
0
0
0
0
0
0
0
0
0
0
0
0
0
0
0
0
0
0
0
0
0
0
0
0
0
0
0
0
0
0
0
0
0
0
0
0
0
0
0
0
0
0
0
0
0
0
0
0
0
0
0
0
0
0
0
0
0
-4.306
0
0
0
0
0
0
0
0
0
0
0
0
0
0
0
0
0
0
0
0
0
0
0
0
0
0
0
0
0
0
0
0
0
0
0
0
0
0
0
0
0
0
0
0
0
0
0
0
0
0
0
4.306
0
0
0
0
0
0
0
0
0
0
0
0
0
0
0
0
0
0
0
0
0
0
0
0
0
0
0
0
0
0
0
0
0
0
0
0
0
0
0
0
0
0
0
0
0
0
0
0
0
0
0
0
0
0
0
0
0
0
0
0
0
-3.7262
0
0
0
0
0
0
0
0
0
0
0
0
0
0
0
0
0
0
0
0
0
0
0
0
0
0
0
0
0
0
0
0
0
0
0
0
0
0
0
0
0
0
0
0
0
0
0
0
0
0
0
0
0
0
0
0
0
0
0
3.7262
0
0
0
0
0
0
0
0
0
0
0
0
0
0
0
0
0
0
0
0
0
0
0
0
0
0
0
0
0
0
0
0
0
0
0
0
0
0
0
0
0
0
0
0
0
0
0
0
0
0
0
0
0
0
0
0
0
0
0
0
0
0
0
0
0
0
0
0
0
0
0
0
-4.9245
0
0
0
0
0
0
0
0
0
0
0
0
0
0
0
0
0
0
0
0
0
0
0
0
0
0
0
0
0
0
0
0
0
0
0
0
0
0
0
0
0
0
0
0
0
0
0
0
4.9245
0
0
0
0
0
0
-7.073
0
0
0
0
0
0
0
0
0
0
0
0
0
0
0
0
0
0
0
0
0
0
0
0
0
0
0
0
0
0
0
0
0
0
0
0
0
0
0
0
0
0
0
0
0
0
0
0
0
0
0
0
0
0
0
0
0
0
0
0
0
0
0
0
0
0
0
0
0
0
0
0
0
0
0
0
0
0
0
0
0
0
0
0
0
0
0
0
0
0
0
0
0
0
0
0
0
0
0
0
0
0
0
0
0
0
0
0
0
0
0
0
0
0
7.073
0
0
0
0
0
0
0
0
0
0
0
0
0
0
0
0
0
0
0
0
0
0
0
0
0
0
0
0
0
0
0
0
0
0
0
0
0
0
0
0
0
0
0
0
0
0
0
0
0
0
0
0
0
0
0
0
0
0
-3.7262
0
0
0
0
0
0
0
0
0
0
0
0
0
0
0
0
0
0
0
0
0
0
0
0
0
0
0
0
0
0
0
0
0
0
0
0
0
0
0
0
0
0
0
0
0
0
0
0
0
0
0
0
0
0
0
0
0
0
0
0
0
0
3.7262
