1
0.95601
0.94964
0.94906
0.94771
0.94667
0.94545
0.94369
0.94245
0.94111
0.93994
0.93908
0.93671
0.93429
0.93207
0.92998
0.92788
0.9257
0.92373
0.92197
0.92033
0.91876
0.91724
0.91575
0.91428
0.91281
0.91136
0.90997
0.90867
0.90749
0.90642
0.90544
0.90454
0.90371
0.90293
0.9022
0.90152
0.90087
0.90026
0.89969
0.89914
0.89863
0.89814
0.89767
0.89723
0.89682
0.89643
0.89606
0.89571
0.89539
0.89509
0.89481
0.89455
0.89431
0.89409
0.89387
0.89367
0.89348
0.8933
0.89313
0.89296
0.89281
0.89266
0.89251
0.89238
0.89225
0.89212
0.892
0.89189
0.89177
0.89167
0.89156
0.89146
0.89137
0.89128
0.89119
0.89111
0.89103
0.89096
0.89089
0.89082
0.89075
0.89067
0.8906
0.89053
0.89045
0.89036
0.89028
0.89019
0.8901
0.89
0.8899
0.88979
0.88967
0.88955
0.88943
0.8893
0.88916
0.88902
0.88887
0.88871
0.88855
0.88838
0.88821
0.88803
0.88784
0.88764
0.88744
0.88723
0.88701
0.88678
0.88654
0.8863
0.88604
0.88579
0.88553
0.88527
0.885
0.88474
0.88448
0.88422
0.88396
0.88371
0.88346
0.88322
0.88298
0.88274
0.88251
0.88228
0.88206
0.88183
0.88161
0.8814
0.88118
0.88097
0.88075
