1
2.547
2.623
2.2903
2.293
2.3136
2.2992
2.1265
2.1484
2.1064
2.0892
2.0852
2.1618
2.2272
2.2896
2.3531
2.4104
2.4681
2.5243
2.577
2.6262
2.6731
2.7181
2.7612
2.8022
2.8413
2.8789
2.9153
2.9507
2.9853
3.0192
3.0525
3.0852
3.1172
3.1484
3.1788
3.2083
3.2371
3.2651
3.2924
3.3192
3.3453
3.3708
3.3957
3.42
3.4436
3.4666
3.489
3.5109
3.5324
3.5537
3.5746
3.5953
3.6159
3.6362
3.6563
3.6761
3.6956
3.7148
3.7339
3.7527
3.7713
3.7898
3.808
3.8261
3.844
3.8615
3.8788
3.8956
3.9122
3.9284
3.9443
3.96
3.9754
3.9907
4.0059
4.0209
4.0358
4.0507
4.0655
4.0802
4.0949
4.1095
4.124
4.1385
4.1529
4.1672
4.1815
4.1958
4.21
4.2242
4.2383
4.2524
4.2664
4.2804
4.2944
4.3083
4.3221
4.3358
4.3492
4.3625
4.3755
4.3883
4.4008
4.4131
4.4252
4.4372
4.4491
4.4608
4.4725
4.4841
4.4955
4.5069
4.5182
4.5294
4.5405
4.5516
4.5625
4.5734
4.5842
4.5949
4.6056
4.6163
4.6268
4.6373
4.6478
4.6582
4.6686
4.6789
4.6891
4.6993
4.7093
4.7193
4.7293
4.7391
4.7489
