1
0.97128
0.95879
0.95108
0.94572
0.94168
0.93776
0.93407
0.92774
0.92203
0.92119
0.92054
0.91542
0.91073
0.90584
0.90144
0.89671
0.89241
0.88796
0.88369
0.8794
0.87522
0.87116
0.86719
0.86346
0.85982
0.85644
0.8532
0.85022
0.84736
0.84463
0.84196
0.83929
0.83661
0.8339
0.83118
0.82846
0.82575
0.82308
0.82047
0.8179
0.8154
0.81295
0.81054
0.80817
0.80584
0.80355
0.8013
0.79909
0.79694
0.79484
0.79279
0.79078
0.78881
0.78686
0.78493
0.78302
0.78111
0.7792
0.77729
0.77537
0.77347
0.77157
0.76969
0.76783
0.76602
0.76427
0.76256
0.76093
0.75937
0.7579
0.75652
0.75524
0.75405
0.75295
0.75194
0.75098
0.75007
0.74918
0.74828
0.74735
0.74638
0.74537
0.74431
0.7432
0.74205
0.74087
0.73965
0.7384
0.73713
0.73583
0.73452
0.7332
0.73186
0.7305
0.72913
0.72776
0.72637
0.72497
0.72358
0.72218
0.72078
0.71939
0.718
0.71661
0.71524
0.71387
0.71252
0.71119
0.70986
0.70856
0.70729
0.70603
0.7048
0.70359
0.70241
0.70125
0.70012
0.69901
0.69792
0.69684
0.69578
0.69474
0.6937
0.69267
0.69164
0.69062
0.68959
0.68857
0.68754
0.68652
0.68549
0.68445
0.68341
0.68237
0.68133
0.68028
0.67923
