1
1.2749
1.2063
1.1809
1.1889
1.2206
1.2954
1.3353
1.362
1.3907
1.4571
1.5227
1.5907
1.6589
1.7259
1.7896
1.8511
1.9083
1.9626
2.0137
2.0631
2.1103
2.1562
2.2002
2.243
2.2841
2.324
2.3627
2.4003
2.4367
2.472
2.5061
2.5384
2.569
2.5978
2.6251
2.6509
2.6756
2.6992
2.7219
2.744
2.7655
2.7865
2.8072
2.8276
2.8478
2.8678
2.8878
2.9077
2.9276
2.9475
2.9672
2.9869
3.0064
3.0256
3.0447
3.0634
3.0818
3.0999
3.1176
3.1349
3.1518
3.1682
3.1842
3.1997
3.2149
3.2296
3.244
3.258
3.2716
3.2849
3.2979
3.3105
3.3228
3.3348
3.3466
3.3581
3.3693
3.3803
3.3911
3.4017
3.4121
3.4223
3.4324
3.4423
3.452
3.4616
3.4711
3.4804
3.4896
3.4987
3.5076
3.5164
3.5252
3.5338
3.5423
3.5507
3.559
3.5672
3.5753
3.5834
3.5913
3.5992
3.6069
3.6146
3.6222
3.6297
3.6372
3.6446
3.652
3.6593
3.6665
3.6737
3.6809
3.6879
3.695
3.702
3.7089
3.7158
3.7227
3.7295
3.7362
3.743
3.7496
3.7563
3.7629
3.7695
3.776
3.7825
3.789
3.7954
3.8018
