1
0.97638
0.96807
0.96353
0.96024
0.95766
0.95339
0.95167
0.94783
0.9466
0.94554
0.94199
0.93866
0.93545
0.9324
0.9294
0.92656
0.9237
0.92099
0.91821
0.91558
0.91289
0.91031
0.90771
0.90518
0.90264
0.90015
0.89768
0.89525
0.89285
0.89049
0.88819
0.88593
0.88372
0.88155
0.87942
0.87733
0.87528
0.87327
0.8713
0.86937
0.86749
0.86564
0.86382
0.86202
0.86025
0.8585
0.85676
0.85503
0.8533
0.85158
0.84986
0.84814
0.84641
0.84469
0.84297
0.84125
0.83954
0.83784
0.83615
0.83447
0.83281
0.83116
0.82953
0.82792
0.82633
0.82477
0.82324
0.82174
0.82027
0.81884
0.81745
0.8161
0.81479
0.81352
0.8123
0.81112
0.80999
0.8089
0.80785
0.80683
0.80586
0.80491
0.80399
0.80309
0.80221
0.80134
0.80047
0.79961
0.79875
0.79789
0.79702
0.79615
0.79527
0.79438
0.79349
0.7926
0.7917
0.7908
0.7899
0.789
0.7881
0.7872
0.7863
0.7854
0.78451
0.78362
0.78273
0.78186
0.78099
0.78013
0.77927
0.77843
0.7776
0.77677
0.77596
0.77515
0.77436
0.77358
0.77281
0.77206
0.77131
0.77058
0.76986
0.76916
0.76847
0.76779
0.76713
0.76648
0.76585
0.76523
0.76462
0.76404
0.76346
0.7629
0.76236
0.76183
0.76132
0.76082
0.76033
0.75986
0.75941
0.75896
0.75853
0.75812
0.75772
0.75733
0.75695
0.75658
0.75623
0.75589
0.75555
0.75523
0.75492
0.75462
0.75433
0.75404
0.75377
0.75351
0.75326
0.75302
0.75279
0.75257
0.75237
0.75217
0.75199
0.75182
0.75166
0.75152
0.75139
0.75126
