1
0.96184
0.95285
0.94669
0.9449
0.94258
0.94073
0.93929
0.93777
0.93397
0.93324
0.93273
0.92921
0.926
0.92299
0.92016
0.91755
0.91504
0.91274
0.91046
0.90832
0.90617
0.9041
0.90198
0.89991
0.89778
0.89568
0.89356
0.89146
0.88936
0.8873
0.88525
0.88322
0.88121
0.87922
0.87726
0.87533
0.87342
0.87155
0.86971
0.8679
0.86612
0.86438
0.86266
0.86099
0.85935
0.85775
0.85619
0.85467
0.8532
0.85178
0.85042
0.84912
0.84788
0.84672
0.84564
0.84465
0.84376
0.84297
0.8423
0.84172
0.84124
0.84084
0.84049
0.84016
0.83984
0.83951
0.83914
0.83874
0.8383
0.83782
0.83731
0.83676
0.83618
0.83556
0.83492
0.83426
0.83359
0.83289
0.83218
0.83146
0.83073
0.82999
0.82924
0.82848
0.82773
0.82696
0.82619
0.82542
0.82465
0.82387
0.82309
0.82232
0.82155
0.8208
0.82006
0.81934
0.81866
0.81801
0.81741
0.81686
0.81637
0.81592
0.81554
0.8152
0.81491
0.81466
0.81443
0.81422
0.81401
0.81378
0.8135
0.81317
0.81275
0.81224
0.81159
0.81079
0.80981
0.80861
0.80717
0.80548
0.80356
0.8015
0.79939
0.79735
0.79544
0.79372
0.79217
0.7908
0.78957
0.78848
0.78749
0.78659
0.78577
0.785
0.78428
0.78359
0.78292
0.78227
0.78163
0.78099
0.78036
