1
0.98192
0.97113
0.96647
0.96287
0.95968
0.95698
0.95477
0.94995
0.94537
0.9411
0.93701
0.93309
0.92929
0.92563
0.92203
0.91858
0.91522
0.91196
0.90876
0.90569
0.90266
0.89975
0.89689
0.89414
0.89144
0.88883
0.88625
0.88375
0.88129
0.87887
0.8765
0.87416
0.87186
0.8696
0.86737
0.86516
0.86299
0.86084
0.85872
0.85661
0.85451
0.85243
0.85035
0.84828
0.84622
0.84417
0.84213
0.84011
0.8381
0.8361
0.83412
0.83215
0.8302
0.82826
0.82633
0.82442
0.82252
0.82063
0.81875
0.81689
0.81504
0.81321
0.81139
0.80958
0.80779
0.806
0.80423
0.80247
0.80072
0.79897
0.79724
0.79552
0.79381
0.79211
0.79042
0.78875
0.78709
0.78545
0.78382
0.78221
0.7806
0.77901
0.77743
0.77587
0.77431
0.77277
0.77124
0.76973
0.76823
0.76674
0.76526
0.76378
0.76232
0.76086
0.75941
0.75797
0.75653
0.7551
0.75368
0.75226
0.75085
0.74945
0.74806
0.74667
0.7453
0.74393
0.74257
0.74122
0.73987
0.73854
0.73722
0.7359
0.73459
0.7333
0.73201
0.73074
0.72948
0.72822
0.72699
0.72576
0.72455
0.72334
0.72214
0.72094
0.71975
0.71856
0.71738
0.71619
0.71501
0.71384
0.71267
0.7115
0.71033
0.70917
0.70801
0.70685
0.7057
0.70455
0.7034
0.70225
0.70111
0.69997
0.69884
0.69771
0.69658
0.69545
0.69433
0.69321
0.69209
0.69098
0.68987
0.68876
0.68766
0.68655
0.68545
0.68435
0.68325
0.68216
0.68106
0.67996
0.67886
0.67776
0.67665
0.67554
0.67443
0.67331
0.67219
0.67106
0.66992
0.66878
0.66762
0.66646
0.66529
0.66411
0.66293
0.66174
0.66054
0.65934
0.65813
0.65693
0.65573
0.65453
0.65334
0.65216
0.651
0.64984
0.6487
0.64757
0.64647
0.64538
0.6443
0.64325
0.64221
0.64119
0.64018
0.6392
0.63823
0.63727
0.63633
0.63541
0.6345
0.63361
0.63273
0.63186
0.63101
0.63017
