1
0.96944
0.95245
0.94262
0.93479
0.9236
0.91357
0.90469
0.89678
0.88977
0.8835
0.87789
0.87286
0.86833
0.86424
0.86053
0.85715
0.85403
0.8511
0.8483
0.84556
0.84282
0.84006
0.8373
0.83458
0.83195
0.82946
0.82713
0.82495
0.82291
0.82097
0.81911
0.8173
0.81555
0.81382
0.81211
0.81041
0.8087
0.80698
0.80524
0.80348
0.80168
0.79984
0.79796
0.79603
0.79405
0.79203
0.78996
0.78786
0.78573
0.7836
0.78146
0.77934
0.77723
0.77513
0.77305
0.77097
0.76888
0.76677
0.76465
0.76251
0.76033
0.75812
0.75588
0.75361
0.75129
0.74895
0.74657
0.74417
0.74174
0.73929
0.73685
0.7344
0.73197
0.72956
0.72719
0.72485
0.72257
0.72034
0.71817
0.71607
0.71404
0.71207
0.71019
0.70837
0.70663
0.70495
0.70334
0.70178
0.70029
0.69885
0.69745
0.69609
0.69477
0.69349
0.69223
0.691
0.68979
0.6886
0.68742
0.68625
0.68508
0.68393
0.68277
0.68161
0.68045
0.67928
0.67811
0.67693
0.67573
0.67453
0.67331
0.67209
0.67085
0.6696
0.66834
0.66706
0.66578
0.66449
0.66318
0.66186
0.66053
0.65919
0.65784
0.65647
0.65508
0.65368
0.65226
0.65084
0.64941
0.64798
0.64656
0.64515
0.64377
0.64242
0.6411
0.63981
0.63857
0.63735
0.63618
0.63504
0.63394
0.63287
0.63182
0.63081
0.62983
0.62887
0.62793
0.62702
0.62613
0.62526
0.6244
0.62356
