1
0.95762
0.94119
0.92965
0.92001
0.91188
0.90625
0.89579
0.89241
0.8835
0.87468
0.8663
0.85827
0.85047
0.8428
0.83536
0.82834
0.82196
0.81632
0.81142
0.80722
0.8037
0.80086
0.79871
0.79708
0.7957
0.79429
0.79268
0.79069
0.78812
0.7848
0.78056
0.77543
0.76968
0.76384
0.75839
0.75355
0.74937
0.74578
0.7427
0.74003
0.73769
0.73561
0.73373
0.73197
0.73032
0.72878
0.72738
0.72614
0.72507
0.72418
0.72348
0.72295
0.72259
0.72239
0.72235
0.72245
0.72266
0.72292
0.72318
0.72341
0.7236
0.72373
0.72377
0.72367
0.72341
0.72294
0.72222
0.72124
0.71994
0.71824
0.71609
0.71353
0.71073
0.70793
0.70532
0.70297
0.70084
0.69884
0.69691
0.69496
0.69294
0.6908
0.68852
0.68613
0.68366
0.68121
0.67883
0.6766
0.67453
0.67263
0.67092
0.66939
0.66803
0.66685
0.66585
0.66501
0.66433
0.66378
0.66337
0.66305
0.66282
0.66264
0.66251
0.66242
0.66235
0.66232
0.66232
0.66235
0.66242
0.66251
