1
0.95407
0.93416
0.9243
0.91829
0.91242
0.90752
0.89722
0.89449
0.8863
0.87945
0.87384
0.86898
0.86437
0.8595
0.85418
0.84852
0.84279
0.83688
0.83057
0.82412
0.8182
0.81317
0.80902
0.80559
0.80268
0.80011
0.7977
0.79526
0.79258
0.78946
0.78573
0.78143
0.77677
0.7721
0.76764
0.76346
0.75955
0.75582
0.75223
0.74878
0.74555
0.74269
0.74029
0.73838
0.73684
0.73545
0.73395
0.73207
0.72969
0.72696
0.7242
0.72168
0.71944
0.7174
0.71546
0.71349
0.71139
0.70905
0.70643
0.70346
0.70016
0.69658
0.69288
0.68923
0.68576
0.68255
0.67964
0.67702
0.67467
0.67258
0.67073
0.66909
0.66763
0.66635
0.66521
0.6642
0.66328
0.66245
0.66168
0.66096
0.66028
0.6596
0.65893
0.65824
0.6575
0.65672
0.65585
0.65489
0.65382
0.65264
0.65135
0.64993
0.6484
0.64677
0.64503
0.6432
0.64127
0.63926
0.63717
0.63504
0.63291
0.63083
0.62886
0.62703
0.62535
0.62384
0.62246
0.62121
0.62006
0.619
