1
0.96091
0.94422
0.93438
0.92716
0.92154
0.91198
0.90361
0.89617
0.88948
0.8834
0.87783
0.8727
0.86794
0.86348
0.85926
0.85524
0.85142
0.84775
0.84422
0.84081
0.8375
0.83428
0.83111
0.82798
0.82483
0.82163
0.81832
0.81493
0.81148
0.80799
0.80453
0.80112
0.7978
0.79456
0.79141
0.78834
0.78534
0.78242
0.77957
0.77678
0.77405
0.77138
0.76874
0.76614
0.76357
0.76102
0.7585
0.75601
0.75353
0.75108
0.74864
0.74621
0.7438
0.74141
0.73903
0.73667
0.73433
0.73201
0.72972
0.72745
0.72521
0.723
0.7208
0.71862
0.71644
0.71426
0.71211
0.70996
0.70784
0.70573
0.70364
0.70158
0.69954
0.69754
0.69557
0.69363
0.69173
0.68985
0.688
0.68617
0.68437
0.68259
0.68083
0.67908
0.67733
0.67558
0.67383
0.67209
0.67035
0.66862
0.66688
0.66514
0.6634
0.66165
0.65988
0.6581
0.6563
0.65449
0.65265
0.6508
0.64892
0.64704
0.64514
0.64323
0.64131
0.63941
0.6375
