1
0.96358
0.94913
0.94081
0.93398
0.92864
0.91979
0.91173
0.90435
0.89762
0.89148
0.88578
0.88038
0.87523
0.87031
0.86564
0.86121
0.857
0.85296
0.84907
0.84537
0.84196
0.8389
0.8362
0.83373
0.83134
0.82891
0.82642
0.82387
0.82129
0.8187
0.81611
0.81355
0.81102
0.80857
0.80619
0.80391
0.80171
0.7996
0.79755
0.79555
0.79358
0.79164
0.78973
0.78784
0.78599
0.78419
0.78243
0.78071
0.77903
0.77736
0.77569
0.77402
0.77232
0.77061
0.76889
0.76714
0.76539
0.76362
0.76184
0.76006
0.75828
0.7565
0.75469
0.75286
0.75101
0.74914
0.74726
0.7454
0.74354
0.74171
0.73991
0.73815
0.73643
0.73475
0.73313
0.73155
0.73001
0.72852
0.72706
0.72563
0.72422
0.72282
0.72143
0.72002
0.71858
0.71712
0.71563
0.71413
0.71261
0.71107
0.70952
0.70796
0.70639
0.70481
0.70323
0.70164
0.70006
0.69847
0.69689
0.69532
0.69376
0.69222
0.69069
0.68919
0.68771
0.68626
0.68484
