1
0.98043
0.97925
0.98008
0.98523
0.99386
1.0043
1.0147
1.0233
1.0329
1.046
1.0627
1.081
1.0999
1.1184
1.1362
1.1532
1.1693
1.1845
1.1989
1.2121
1.224
1.2338
1.2409
1.2451
1.2477
1.2509
1.2555
1.2615
1.2683
1.2755
1.2829
1.2902
1.2975
1.3046
1.3118
1.3191
1.3266
1.3342
1.3419
1.3497
1.3573
1.3648
1.372
1.3789
1.3855
1.3919
1.3982
1.4042
1.4102
1.416
1.4216
1.4272
1.4325
1.4377
1.4427
1.4474
1.4519
1.4562
1.4601
1.4638
1.4672
1.4703
1.473
1.4755
1.4778
1.4798
1.4816
1.4832
1.4847
1.4861
1.4875
1.4888
1.4901
1.4914
1.4927
1.4941
1.4957
1.4973
1.4991
1.5011
1.5031
1.5054
1.5077
1.5101
1.5127
1.5154
1.5181
1.521
1.5239
1.5268
1.5298
1.5329
1.5359
1.539
1.5421
1.5452
1.5483
1.5514
1.5545
1.5576
1.5607
1.5638
1.5669
1.5699
1.5729
1.576
1.579
1.582
1.5849
1.5879
1.5908
1.5938
1.5967
1.5995
1.6024
1.6052
1.608
1.6108
1.6136
1.6163
1.619
1.6217
1.6243
1.6269
1.6294
1.6319
1.6344
1.6368
1.6392
1.6416
1.6439
1.6461
1.6483
1.6505
1.6526
1.6547
1.6567
1.6587
1.6606
1.6625
1.6643
1.666
1.6677
1.6694
1.6709
1.6724
1.6738
1.6752
1.6764
1.6776
1.6787
1.6797
1.6805
1.6813
1.682
1.6826
1.683
1.6834
1.6837
1.6839
1.684
1.684
1.684
1.684
1.6839
1.6838
1.6838
1.6837
1.6837
1.6836
1.6836
1.6836
1.6836
1.6837
