1
0.95088
0.93426
0.92429
0.91631
0.90998
0.90373
0.89814
0.89426
0.89054
0.88796
0.88539
0.88372
0.88196
0.88082
0.87951
0.87114
0.86313
0.856
0.8492
0.84302
0.83712
0.83172
0.82665
0.82201
0.81764
0.8135
0.80944
0.80541
0.80135
0.79724
0.79311
0.78897
0.78485
0.78072
0.77652
0.7722
0.76774
0.76315
0.7585
0.7539
0.74945
0.7452
0.74119
0.73741
0.73385
0.73047
0.72725
0.72415
0.72114
0.7182
0.7153
0.71243
0.70957
0.70671
0.70386
0.701
0.69814
0.69528
0.69242
0.68957
0.68673
0.6839
0.68109
0.67831
0.67557
0.67288
0.67027
0.66774
0.66531
0.66298
0.66077
0.65869
0.65672
0.65488
0.65316
0.65155
0.65006
0.64869
0.64742
0.64626
0.64518
0.64418
0.64325
0.64238
0.64157
0.6408
0.64006
0.63935
0.63867
0.63799
0.63733
0.63667
0.63602
0.63538
0.63476
0.63417
0.63362
0.6331
0.63262
0.63215
0.6317
0.63125
0.63079
0.63033
0.62986
0.6294
0.62895
0.62853
0.62813
0.62775
0.62738
0.62702
0.62667
0.62632
