1
0.95182
0.93438
0.91915
0.91184
0.90979
0.90293
0.90306
0.89954
0.89969
0.89647
0.89705
0.89457
0.89578
0.89444
0.8959
0.89014
0.88563
0.88104
0.8769
0.87296
0.86911
0.86537
0.86154
0.85774
0.85383
0.84986
0.84574
0.8415
0.83712
0.83265
0.82815
0.8237
0.81936
0.81516
0.81113
0.80725
0.80351
0.79988
0.79635
0.7929
0.78951
0.78619
0.78291
0.77966
0.77643
0.7732
0.76993
0.7666
0.7632
0.75973
0.75618
0.75259
0.74896
0.74535
0.74178
0.73829
0.7349
0.73163
0.72848
0.72546
0.72255
0.71976
0.71708
0.7145
0.71202
0.70961
0.70728
0.70502
0.70283
0.70072
0.69867
0.69669
0.69477
0.69293
0.69116
0.68946
0.68784
0.6863
0.68484
0.68346
0.68217
0.68097
0.67985
0.67882
0.67789
0.67707
0.67637
0.6758
0.67539
0.67515
0.67512
0.67531
0.67573
0.67636
0.67714
0.67798
0.67882
0.67957
0.68023
0.68079
0.68128
0.68173
0.68216
0.68259
0.68304
0.68353
0.68405
0.68461
0.6852
0.68583
0.68646
0.68709
0.68769
0.68825
