1
0.95352
0.94148
0.933
0.9268
0.92169
0.91766
0.91479
0.91307
0.91099
0.90969
0.90777
0.90681
0.90531
0.90471
0.90353
0.89877
0.89368
0.88933
0.88473
0.88045
0.87594
0.87165
0.86722
0.863
0.85874
0.85464
0.85061
0.84669
0.84286
0.83909
0.8354
0.83175
0.82815
0.8246
0.8211
0.81762
0.81417
0.81072
0.80727
0.80383
0.8004
0.79698
0.7936
0.79025
0.78698
0.78378
0.78067
0.77766
0.77475
0.77193
0.76919
0.76653
0.76394
0.7614
0.75889
0.75642
0.75397
0.75154
0.7491
0.74667
0.74424
0.7418
0.73935
0.73689
0.73443
0.73196
0.7295
0.72706
0.72464
0.72225
0.71989
0.71757
0.7153
0.71307
0.71089
0.70876
0.70667
0.70463
0.70262
0.70065
0.6987
0.69677
0.69486
0.69294
0.69102
0.68909
0.68715
0.68518
0.68319
0.68118
0.67914
0.67707
0.67497
0.67285
0.67071
0.66856
0.66639
0.66422
0.66205
0.65989
0.65774
0.65562
0.65353
0.65147
0.64945
0.64747
0.64552
0.64361
0.64174
0.6399
0.6381
0.63634
0.63461
0.63293
