1
0.97743
0.97157
0.96774
0.96481
0.96279
0.96043
0.95897
0.95731
0.95614
0.95278
0.94954
0.94636
0.94324
0.94021
0.93726
0.93439
0.93161
0.92891
0.92629
0.92375
0.92125
0.91877
0.91629
0.91379
0.91126
0.90871
0.90616
0.90364
0.90118
0.89881
0.89655
0.89439
0.89233
0.89034
0.88842
0.88654
0.88469
0.88288
0.88109
0.87932
0.87757
0.87585
0.87414
0.87243
0.87073
0.86903
0.86734
0.86566
0.86398
0.8623
0.86063
0.85896
0.85729
0.85562
0.85395
0.85229
0.85065
0.84901
0.8474
0.8458
0.84423
0.84268
0.84117
0.83969
0.83825
0.83683
0.83546
0.83411
0.83281
0.83153
0.83029
0.82908
0.8279
0.82674
0.82562
0.82452
0.82344
0.82239
0.82136
0.82036
0.81937
0.81841
0.81746
0.81653
0.81562
0.81473
0.81385
0.81299
0.81214
0.8113
0.81048
0.80967
0.80888
0.80809
0.80732
0.80656
0.8058
0.80506
0.80433
0.8036
0.80288
0.80217
0.80146
0.80076
0.80007
0.79938
0.79869
0.79801
0.79733
0.79666
0.79599
0.79532
0.79466
0.794
0.79335
0.7927
0.79207
0.79143
0.79081
0.79019
0.78958
0.78898
0.78838
0.78779
0.7872
0.78662
0.78605
0.78549
0.78492
0.78437
0.78382
0.78327
0.78273
0.78219
0.78165
0.78112
0.78059
0.78007
0.77955
0.77903
0.77852
0.77801
0.7775
0.77699
0.77649
0.77599
0.7755
0.77501
0.77452
0.77403
0.77354
0.77306
0.77258
0.77211
0.77163
0.77116
0.77069
0.77022
0.76976
0.76929
0.76883
0.76836
0.7679
0.76743
0.76697
0.7665
0.76604
0.76557
0.76511
0.76465
0.76418
0.76372
0.76326
