1
0.93642
0.90365
0.87919
0.85092
0.82609
0.80398
0.78387
0.76459
0.74604
0.72901
0.71387
0.70001
0.68686
0.67443
0.66277
0.65176
0.64126
0.63106
0.62119
0.61164
0.60245
0.59365
0.58525
0.57718
0.56938
0.56178
0.55433
0.54708
0.54011
0.53351
0.52733
0.52157
0.51618
0.51103
0.50601
0.50106
0.49617
0.49134
0.48657
0.48185
0.47716
0.47247
0.46775
0.46299
0.45819
0.45334
0.44848
0.44364
0.43886
0.4342
0.42967
0.42531
0.42117
0.4173
0.41369
0.41029
0.40697
0.40368
0.40044
0.3973
0.39428
0.39142
0.38871
0.38614
0.38369
0.38134
0.37908
0.37693
0.37487
0.37293
0.37107
0.36927
0.36751
0.36578
0.36407
0.36239
0.36075
0.35918
0.35769
0.3563
0.355
0.35379
0.35265
0.35158
0.35055
0.34951
0.34847
0.3474
0.34631
0.34521
0.34412
0.34304
0.34197
0.34093
0.3399
0.33889
0.33788
0.33688
0.33588
0.33488
0.33388
0.33289
0.33192
0.33095
0.32999
0.32906
0.32816
0.32728
0.32644
0.32563
0.32487
0.32414
0.32345
0.32281
0.32221
0.32166
0.32113
0.32062
0.32013
0.31963
0.31913
0.3186
0.31806
0.3175
0.31692
0.31633
0.31572
0.31511
0.31449
0.31387
0.31326
0.31265
0.31205
0.31146
0.31089
0.31033
0.30979
0.30926
0.30876
0.30826
0.30779
0.30734
0.30691
0.3065
0.30612
0.30575
0.3054
0.30508
0.30478
0.3045
0.30424
0.30399
0.30374
0.3035
0.30326
0.30302
0.30276
0.3025
0.30223
0.30195
0.30166
0.30136
0.30106
0.30075
0.30043
0.30012
0.29981
0.2995
0.29919
0.29889
0.2986
0.29831
0.29803
0.29776
0.29751
0.29726
0.29703
0.29681
0.2966
0.29641
0.29623
0.29606
0.2959
0.29576
0.29562
0.29549
0.29536
0.29522
0.29509
0.29494
0.29479
0.29462
0.29444
0.29424
0.29403
0.2938
0.29356
0.29331
0.29304
0.29276
0.29247
0.29218
0.29188
0.29157
0.29127
0.29096
0.29065
0.29034
0.29004
0.28974
0.28945
0.28917
0.2889
0.28863
0.28837
0.28812
0.28788
0.28765
0.28743
0.28722
0.28702
0.28682
0.28664
0.28646
0.28629
0.28613
0.28597
0.28582
0.28568
0.28555
0.28542
0.2853
0.28518
0.28507
0.28496
0.28485
0.28476
0.28466
0.28457
0.28448
0.2844
0.28432
0.28424
0.28416
0.28409
0.28402
0.28395
0.28389
0.28382
0.28376
0.2837
0.28364
0.28358
0.28353
0.28347
0.28342
0.28337
0.28332
0.28326
0.28321
0.28316
0.28312
0.28307
0.28302
0.28297
0.28293
0.28288
0.28284
0.28279
0.28275
0.2827
0.28265
0.2826
0.28255
0.2825
0.28245
0.2824
0.28235
0.2823
0.28224
0.28219
0.28213
0.28207
0.28202
0.28196
0.2819
0.28184
0.28179
0.28173
0.28167
0.28161
0.28155
0.28149
0.28143
0.28137
0.28131
0.28125
0.2812
0.28114
0.28108
0.28102
0.28097
0.28091
0.28086
0.2808
0.28075
0.28069
0.28064
0.28058
0.28053
0.28047
0.28042
0.28036
0.2803
0.28025
0.28019
0.28013
0.28008
0.28002
0.27996
0.2799
0.27984
0.27978
0.27973
0.27967
0.27962
0.27956
0.27951
0.27946
0.27941
0.27936
0.27931
0.27926
0.27922
0.27918
0.27913
0.27909
0.27905
0.27901
0.27898
0.27894
0.27891
0.27888
0.27885
0.27882
0.2788
0.27877
0.27874
0.27872
0.2787
0.27868
0.27867
0.27865
0.27864
0.27862
0.27861
0.2786
0.27859
0.27858
0.27858
0.27857
0.27857
0.27856
0.27856
0.27856
0.27856
0.27856
0.27856
0.27856
0.27857
0.27857
0.27858
0.27859
0.27859
0.2786
0.27861
0.27862
0.27863
0.27864
0.27865
0.27867
0.27868
0.2787
0.27871
0.27873
0.27875
0.27877
0.27878
0.2788
0.27882
0.27884
0.27886
0.27888
0.2789
0.27892
0.27895
0.27897
0.27899
0.27902
0.27905
0.27907
0.2791
0.27913
0.27916
0.27919
0.27922
0.27925
0.27928
0.27931
0.27935
0.27938
0.27941
0.27945
0.27948
0.27952
0.27955
0.27959
0.27963
0.27967
0.27971
0.27975
0.27979
0.27982
0.27986
0.2799
0.27994
0.27998
0.28002
0.28006
0.2801
0.28014
0.28017
0.28021
0.28025
0.28029
0.28033
0.28037
0.28041
0.28045
0.28049
0.28053
0.28056
0.2806
0.28065
0.28068
0.28072
0.28076
0.28079
0.28083
0.28086
0.2809
0.28094
0.28097
0.28101
0.28104
0.28107
0.28111
0.28114
0.28118
0.28121
0.28124
0.28127
0.2813
0.28133
0.28136
0.2814
0.28143
0.28146
0.28149
0.28152
0.28154
0.28158
0.2816
0.28163
0.28166
0.28169
0.28171
0.28174
0.28177
0.28179
0.28182
0.28185
0.28187
0.2819
0.28193
0.28195
0.28198
0.282
0.28203
0.28206
0.28208
0.28211
0.28213
0.28216
0.28219
0.28221
0.28224
0.28227
0.28229
0.28232
0.28235
0.28237
0.2824
0.28242
0.28245
0.28248
0.28251
0.28253
0.28256
0.28259
0.28262
0.28265
0.28267
0.2827
0.28273
0.28276
0.28279
0.28281
0.28284
0.28287
0.2829
0.28292
0.28295
0.28298
0.28301
0.28304
0.28307
0.28311
0.28314
0.28317
0.2832
0.28323
0.28326
0.28329
0.28332
0.28335
0.28338
0.28341
0.28344
0.28347
0.2835
0.28353
0.28356
0.2836
0.28363
0.28366
0.28369
0.28372
0.28376
0.28378
0.28381
0.28385
0.28388
0.28391
0.28394
0.28398
0.28401
0.28404
0.28407
0.28411
0.28414
0.28417
0.2842
0.28424
0.28427
0.28431
0.28434
0.28438
0.28441
0.28445
0.28448
0.28452
0.28456
0.28459
0.28463
0.28467
0.28471
0.28475
0.28479
0.28483
0.28487
0.28491
0.28495
0.28499
0.28503
0.28508
0.28512
0.28516
0.2852
0.28525
0.2853
0.28534
0.28538
0.28543
0.28548
0.28553
0.28557
0.28562
0.28567
0.28571
0.28576
0.28581
0.28586
0.2859
0.28595
0.286
0.28605
0.2861
0.28615
0.2862
0.28624
0.28629
0.28634
0.28639
0.28644
0.28649
0.28654
0.28659
0.28663
0.28668
0.28673
0.28677
0.28682
0.28686
0.28691
0.28695
0.28699
0.28704
0.28707
0.28712
0.28716
0.2872
0.28724
0.28728
0.28732
0.28736
0.28739
0.28743
0.28746
0.2875
0.28753
0.28757
0.2876
0.28763
0.28766
0.2877
0.28773
0.28776
0.28779
0.28782
0.28785
0.28788
0.28791
0.28794
0.28797
0.288
0.28802
0.28805
0.28808
0.2881
0.28813
0.28815
0.28818
0.28821
0.28823
0.28826
0.28828
0.28831
0.28833
0.28836
0.28838
0.28841
0.28843
0.28846
0.28848
0.2885
0.28853
0.28855
0.28858
0.2886
0.28862
0.28865
0.28867
0.28869
0.28872
0.28874
0.28876
0.28879
0.28881
0.28884
0.28886
0.28889
0.28891
0.28893
0.28896
0.28898
0.28901
0.28903
0.28906
0.28908
0.28911
0.28913
0.28916
0.28918
0.28921
0.28923
0.28926
0.28928
0.28931
0.28934
0.28936
0.28939
0.28942
0.28944
0.28947
0.2895
0.28953
0.28956
0.28958
0.28961
0.28964
0.28967
0.28969
0.28972
0.28975
0.28977
0.2898
0.28983
0.28985
0.28988
0.28991
0.28993
0.28996
0.28998
0.29
0.29002
0.29003
0.29005
0.29007
0.29008
0.29009
0.2901
0.29011
0.29012
0.29013
0.29013
0.29013
0.29013
0.29013
0.29012
