1
0.98828
0.98404
0.98118
0.98048
0.98037
0.97983
0.98028
0.97996
0.98046
0.97997
0.98017
0.97986
0.98017
0.97984
0.97938
0.97887
0.97847
0.97803
0.97761
0.97721
0.97683
0.97647
0.97612
0.9758
0.97549
0.9752
0.97491
0.97463
0.97436
0.9741
0.97386
0.97362
0.9734
0.97318
0.97298
0.97278
0.97259
0.97241
0.97223
0.97205
0.97188
0.97171
0.97153
0.97136
0.97119
0.97101
0.97083
0.97065
0.97047
0.97028
0.97008
0.96988
0.96968
0.96947
0.96925
0.96903
0.9688
0.96856
0.96832
0.96807
0.96781
0.96754
0.96727
0.96698
0.96669
0.96639
0.96608
0.96576
0.96543
0.96508
0.96473
0.96436
0.96399
0.9636
0.96319
0.96277
0.96234
0.96189
0.96143
0.96096
0.96047
0.95996
0.95944
0.95891
0.95837
0.95781
0.95724
0.95666
0.95607
0.95547
0.95486
0.95425
0.95362
0.95299
0.95235
0.9517
0.95105
0.9504
0.94974
0.94907
0.94841
0.94774
0.94706
0.94639
0.94571
0.94504
0.94436
0.94369
0.94301
0.94233
0.94166
0.94099
0.94032
0.93965
0.93898
0.93831
0.93765
0.93699
0.93634
0.93568
0.93503
0.93438
0.93374
0.93309
0.93246
0.93182
0.93118
0.93055
0.92992
0.9293
0.92867
0.92805
0.92743
0.92681
0.92619
0.92557
0.92496
0.92435
0.92373
0.92312
0.92251
0.9219
0.92129
0.92068
0.92007
0.91946
0.91884
0.91823
0.91762
0.91701
0.91639
0.91578
0.91517
0.91456
0.91394
0.91333
0.91272
0.91211
0.91151
0.91091
0.91031
0.90971
0.90911
0.90853
0.90794
0.90736
0.90679
0.90622
0.90565
0.90509
0.90454
0.904
0.90346
0.90293
0.9024
0.90188
0.90137
0.90087
0.90037
0.89988
0.89939
0.89892
0.89845
0.89798
0.89753
0.89708
0.89663
0.89619
0.89576
0.89534
0.89492
0.8945
0.8941
0.89369
0.8933
0.8929
0.89252
0.89214
0.89176
0.89139
0.89102
0.89066
0.8903
0.88995
0.8896
0.88926
0.88892
0.88858
0.88825
0.88792
0.8876
0.88728
0.88696
0.88665
0.88634
0.88604
0.88574
0.88544
0.88515
0.88486
0.88457
0.88428
0.884
0.88373
0.88345
0.88318
0.88291
0.88265
0.88239
0.88213
0.88187
0.88162
0.88137
0.88112
0.88088
0.88064
0.8804
0.88017
0.87993
0.87971
0.87948
0.87926
0.87904
0.87882
0.8786
0.87839
0.87818
0.87798
0.87777
0.87757
0.87737
0.87717
0.87698
0.87679
0.8766
0.87641
0.87623
0.87604
0.87586
0.87568
0.87551
0.87533
0.87516
0.87499
0.87482
0.87465
0.87448
0.87432
0.87416
0.874
0.87384
0.87368
0.87352
0.87337
0.87322
0.87307
0.87293
0.87279
0.87265
0.87251
0.87238
0.87225
0.87213
0.87201
0.87189
0.87177
0.87165
