1
0.95658
0.94271
0.93276
0.92606
0.92057
0.91671
0.91312
0.91055
0.9083
0.90603
0.89929
0.89272
0.88673
0.88087
0.87567
0.87033
0.86565
0.86086
0.85653
0.85215
0.84817
0.8442
0.84043
0.83672
0.83313
0.82963
0.82622
0.8229
0.81966
0.8165
0.81341
0.8104
0.80747
0.80463
0.80187
0.79919
0.79659
0.79403
0.79152
0.78906
0.78665
0.78427
0.78193
0.77961
0.77732
0.77505
0.77281
0.7706
0.76844
0.7663
0.76419
0.76212
0.76008
0.75806
0.75607
0.7541
0.75216
0.75024
0.74835
0.74648
0.74464
0.74282
0.74102
0.73924
0.73748
0.73574
0.73402
0.73232
0.73063
0.72895
0.72729
0.72565
0.72401
0.72237
0.72074
0.7191
0.71745
0.71579
0.7141
0.71238
0.71064
0.70886
0.70706
0.70523
0.70337
0.7015
0.69962
0.69772
0.69583
0.69393
0.69204
0.69017
0.68831
0.68646
0.68462
0.6828
0.681
0.67921
0.67745
0.67569
0.67395
0.67223
0.67053
0.66885
0.66718
0.66554
