1
0.95484
0.94014
0.93085
0.92372
0.91832
0.9133
0.90951
0.90607
0.90327
0.90065
0.893
0.88559
0.87883
0.87223
0.86615
0.86017
0.8546
0.84915
0.844
0.83897
0.8342
0.82957
0.82511
0.82079
0.81662
0.81259
0.80871
0.80495
0.80131
0.79778
0.79436
0.79105
0.78783
0.7847
0.78164
0.77864
0.77568
0.77276
0.76984
0.76694
0.76402
0.76109
0.75813
0.75515
0.75217
0.7492
0.74625
0.74334
0.74049
0.73769
0.73493
0.73223
0.72957
0.72696
0.72437
0.72182
0.7193
0.7168
0.71435
0.71192
0.70953
0.70718
0.70486
0.70257
0.70031
0.69808
0.69589
0.69372
0.69159
0.68949
0.68742
0.68538
0.68336
0.68138
0.67943
0.6775
0.67559
0.6737
0.67183
0.66997
0.66812
0.66628
0.66445
0.66263
0.66082
0.65902
0.65723
0.65545
0.65369
0.65194
0.6502
0.64847
0.64676
0.64506
0.64337
0.64169
0.64002
0.63836
0.63671
0.63507
0.63343
0.63181
0.63018
0.62857
0.62696
0.62536
