1
0.95814
0.94551
0.93624
0.92965
0.92449
0.91956
0.91593
0.91301
0.91045
0.90788
0.90136
0.89469
0.88862
0.88255
0.87704
0.87137
0.8662
0.86094
0.85603
0.85108
0.84647
0.84184
0.8374
0.83304
0.82882
0.82471
0.82073
0.81683
0.81304
0.80934
0.80572
0.80219
0.79872
0.79533
0.79199
0.78873
0.78553
0.7824
0.77932
0.77629
0.77331
0.77035
0.76742
0.76453
0.76167
0.75886
0.75611
0.75343
0.75084
0.74832
0.74588
0.74351
0.7412
0.73893
0.73671
0.73453
0.73237
0.73024
0.72813
0.72603
0.72395
0.72189
0.71983
0.71778
0.71574
0.7137
0.71167
0.70965
0.70763
0.70562
0.70363
0.70164
0.69966
0.69769
0.69574
0.6938
0.69186
0.68992
0.68799
0.68605
0.68411
0.68216
0.6802
0.67823
0.67626
0.67427
0.67228
0.67028
0.66829
0.66629
0.66428
0.66229
0.66029
0.65829
0.65629
0.65429
0.6523
0.6503
0.64831
0.64632
0.64433
0.64234
0.64035
0.63837
0.63638
0.63439
