1
0.96152
0.94651
0.9376
0.93163
0.92693
0.9236
0.91594
0.90939
0.90351
0.89833
0.89368
0.88944
0.88554
0.88198
0.87872
0.87573
0.87295
0.87038
0.86798
0.86569
0.86349
0.86133
0.85918
0.85703
0.85487
0.85273
0.85064
0.84862
0.84665
0.84471
0.84275
0.84068
0.83844
0.83593
0.83309
0.82985
0.82618
0.8221
0.81775
0.81334
0.80905
0.80498
0.80116
0.79758
0.79422
0.79106
0.78807
0.78522
0.78249
0.77984
0.77726
0.77474
0.77226
0.76982
0.7674
0.76501
0.76262
0.76022
0.75783
0.75544
0.75307
0.75072
0.74839
0.7461
0.74385
0.74164
0.73948
0.73736
0.7353
0.73328
0.73132
0.72942
0.72757
0.72579
0.72407
0.72242
0.72083
0.71931
0.71786
0.71647
0.71514
0.71388
0.71267
0.71152
0.71043
0.70938
0.70837
0.70741
0.70647
0.70555
0.70464
0.70372
0.70278
0.70181
0.70079
0.69972
0.69857
0.69736
0.69607
0.6947
0.69325
0.69173
0.69015
0.68853
0.68688
0.68523
0.68358
0.68196
0.68036
0.67878
0.67722
0.67565
0.67406
0.67243
0.67073
0.66896
0.6671
0.66517
0.66317
0.66111
0.65904
0.65695
0.65487
0.6528
