1
0.96789
0.95513
0.94737
0.94155
0.93695
0.93001
0.92377
0.91827
0.91307
0.90835
0.90393
0.8998
0.89593
0.89225
0.88876
0.88537
0.8822
0.87909
0.87616
0.87328
0.87056
0.86788
0.86535
0.86289
0.86055
0.85824
0.856
0.85378
0.85162
0.84948
0.84741
0.84539
0.84343
0.84152
0.83966
0.83785
0.83608
0.83434
0.83263
0.83094
0.82928
0.82764
0.82603
0.82444
0.82288
0.82135
0.81985
0.81836
0.8169
0.81547
0.81405
0.81265
0.81127
0.8099
0.80856
0.80725
0.80597
0.80472
0.8035
0.80233
0.80118
0.80008
0.799
0.79794
0.79692
0.79592
0.79494
0.79399
0.79305
0.79213
0.79121
0.79031
0.78941
0.78852
0.78763
0.78676
0.78589
0.78504
0.7842
0.78337
0.78255
0.78175
0.78096
0.78019
0.77943
0.77869
0.77796
0.77725
0.77656
0.77588
0.77522
0.77457
0.77393
0.77331
0.77271
0.77212
0.77155
0.771
0.77046
0.76995
0.76945
0.76896
0.7685
0.76805
0.76761
0.7672
0.7668
