58.3122
-0.70099
-0.72559
-0.72104
-0.6981
-0.72618
-0.70664
-0.70149
-0.71999
-0.70399
-0.69249
-0.6845
-0.69697
-0.691
-0.68155
-0.68422
-0.6887
-0.67723
-0.65213
-0.6727
-0.67218
-0.73949
-0.72871
-0.67763
-0.67166
-0.70942
-0.66959
-0.70522
-0.72089
-0.7205
-0.71073
-0.72549
-0.71239
-0.72239
-0.73717
-0.73508
-0.7519
-0.7398
-0.76162
-0.80674
-0.77412
-0.7392
-0.79405
-0.78345
-0.77713
-0.78665
-0.80994
-0.80877
-0.82393
-0.97691
-0.94144
-0.80359
-0.86705
-0.78344
-0.77936
-0.97535
-1.0639
-1.2823
0
-1.4119
0
-2.4352
0
0
0
-2.8372
0
0
0
0
0
0
0
0
0
0
0
0
0
0
0
0
0
0
0
0
-4.744
0
0
0
0
0
0
0
0
0
0
0
0
0
0
0
-3.6692
0
0
0
0
0
0
0
0
0
0
0
0
0
-0.70099
60.7146
-0.77091
-0.75523
-0.74821
-0.76589
-0.74667
-0.74018
-0.76038
-0.74027
-0.733
-0.72424
-0.73621
-0.72821
-0.72017
-0.72269
-0.71783
-0.71745
-0.69075
-0.71081
-0.71027
-0.77837
-0.7793
-0.71578
-0.70544
-0.74828
-0.70752
-0.74399
-0.75999
-0.7596
-0.75225
-0.76476
-0.75111
-0.76135
-0.77637
-0.7726
-0.79769
-0.78184
-0.80041
-0.84727
-0.81412
-0.7782
-0.83771
-0.82079
-0.81969
-0.82587
-0.8484
-0.85169
-0.87763
-1.019
-0.98308
-0.84924
-0.90816
-0.82349
-0.83191
-1.017
-1.1124
-1.3776
0
-1.4622
0
0
-2.2345
0
0
0
0
0
0
0
0
0
0
0
0
0
0
0
0
0
0
0
0
0
0
0
-4.7741
0
0
0
0
0
0
0
0
0
0
0
0
0
0
0
0
0
0
0
0
0
0
0
0
0
0
-6.7035
0
0
-0.72559
-0.77091
53.2445
-0.76128
-0.73935
-0.76581
-0.74162
-0.73998
-0.75579
-0.74145
-0.73091
-0.72204
-0.7353
-0.72906
-0.71867
-0.72081
-0.72278
-0.7038
-0.68934
-0.70846
-0.70792
-0.77962
-0.77898
-0.71637
-0.71144
-0.74672
-0.70732
-0.74228
-0.75955
-0.75915
-0.755
-0.76409
-0.75207
-0.76071
-0.77602
-0.77266
-0.79564
-0.77889
-0.80146
-0.84695
-0.81383
-0.77766
-0.79688
-0.8195
-0.81935
-0.82775
-0.85157
-0.82937
-0.85407
-1.0195
-0.98373
-0.85162
-0.90899
-0.82592
-0.82874
-1.0193
-1.1162
-1.3758
0
-1.4625
0
-2.4839
0
0
0
0
0
0
0
0
0
0
0
0
-3.8424
0
0
0
0
0
0
0
0
0
0
0
0
0
0
0
0
0
0
0
0
0
0
0
0
0
0
0
0
0
0
0
0
0
0
0
0
0
0
0
0
0
-0.72104
-0.75523
-0.76128
55.0384
-0.73955
-0.75364
-0.73583
-0.731
-0.74942
-0.73325
-0.72425
-0.71537
-0.72765
-0.72041
-0.71157
-0.71371
-0.71024
-0.70725
-0.68203
-0.7018
-0.70127
-0.76983
-0.773
-0.70798
-0.70327
-0.73913
-0.69994
-0.73509
-0.75118
-0.7508
-0.74401
-0.75586
-0.74359
-0.75247
-0.76786
-0.76358
-0.78661
-0.77265
-0.79216
-0.83815
-0.80507
-0.76922
-0.82681
-0.81052
-0.80954
-0.80759
-0.84099
-0.84133
-0.863
-1.0092
-0.97341
-0.83895
-0.89859
-0.81508
-0.818
-1.0096
-1.1094
-1.3652
0
-1.4541
0
0
0
-2.1344
0
0
0
0
0
0
0
0
0
0
0
0
0
0
0
0
0
0
0
0
0
0
0
0
0
0
0
0
0
0
0
0
0
0
0
0
0
0
0
0
0
0
0
0
0
0
0
0
0
0
0
-6.3955
-0.6981
-0.74821
-0.73935
-0.73955
50.9287
-0.74512
-0.72055
-0.72097
-0.73446
-0.72135
-0.71
-0.70022
-0.71431
-0.7081
-0.69801
-0.70055
-0.70174
-0.69353
-0.66842
-0.68835
-0.68782
-0.75899
-0.74436
-0.69552
-0.69026
-0.72569
-0.68687
-0.72136
-0.73734
-0.73694
-0.72989
-0.74188
-0.72994
-0.73871
-0.75393
-0.75166
-0.76896
-0.75663
-0.77948
-0.82388
-0.79129
-0.75547
-0.81127
-0.80018
-0.79456
-0.80323
-0.82847
-0.82814
-0.83415
-0.99533
-0.95977
-0.82287
-0.88597
-0.80314
-0.79987
-0.99491
-1.0904
-1.2929
0
-1.4368
0
-2.4521
0
0
0
-2.8368
0
0
0
0
0
0
0
0
0
0
0
0
0
0
0
0
0
0
0
0
0
0
0
0
0
0
0
0
0
0
0
0
0
0
0
0
0
0
0
0
0
0
0
0
0
0
0
0
0
0
-0.72618
-0.76589
-0.76581
-0.75364
-0.74512
51.9613
-0.74
-0.73665
-0.75244
-0.73472
-0.72654
-0.71658
-0.72947
-0.72161
-0.71293
-0.71513
-0.71163
-0.70834
-0.68319
-0.70294
-0.7024
-0.73344
-0.77231
-0.7093
-0.70396
-0.74005
-0.70212
-0.73585
-0.75194
-0.75154
-0.74367
-0.75655
-0.74392
-0.75325
-0.76896
-0.76518
-0.78351
-0.77391
-0.79411
-0.83921
-0.80627
-0.77012
-0.82779
-0.81577
-0.80924
-0.81015
-0.84493
-0.8451
-0.87262
-1.013
-0.97742
-0.83728
-0.90285
-0.82114
-0.81672
-1.0123
-1.1151
-1.3786
0
0
0
0
0
-2.1369
0
0
0
0
0
0
0
0
0
0
0
0
0
0
0
0
0
0
0
0
0
0
0
0
0
-4.6741
0
0
0
0
0
0
0
0
0
0
0
0
0
0
0
0
0
0
0
0
0
0
0
0
0
0
-0.70664
-0.74667
-0.74162
-0.73583
-0.72055
-0.74
49.025
-0.71353
-0.72063
-0.71599
-0.70533
-0.69644
-0.70916
-0.70281
-0.69267
-0.69534
-0.69705
-0.68823
-0.66465
-0.68267
-0.68214
-0.75495
-0.75311
-0.69137
-0.68612
-0.72071
-0.68249
-0.71643
-0.73233
-0.73194
-0.72555
-0.73682
-0.72532
-0.73355
-0.74896
-0.74615
-0.76394
-0.75395
-0.77434
-0.81841
-0.78606
-0.75027
-0.80664
-0.79559
-0.78949
-0.79813
-0.82302
-0.82205
-0.79496
-0.98811
-0.95246
-0.81638
-0.87998
-0.79801
-0.79403
-0.98884
-1.0908
-1.3501
0
-1.4343
0
0
0
0
0
0
0
0
0
0
0
0
0
0
0
0
0
0
0
0
-3.6114
0
0
0
0
0
0
0
0
0
0
0
0
0
0
0
0
0
0
0
0
0
0
0
0
0
0
0
0
0
0
0
0
0
0
0
-0.70149
-0.74018
-0.73998
-0.731
-0.72097
-0.73665
-0.71353
50.0892
-0.72647
-0.70912
-0.69789
-0.69234
-0.70323
-0.69526
-0.68694
-0.68943
-0.68967
-0.68115
-0.65588
-0.67739
-0.67686
-0.74446
-0.74526
-0.6831
-0.67871
-0.71369
-0.67627
-0.70926
-0.72697
-0.72658
-0.71311
-0.7312
-0.71727
-0.72801
-0.74375
-0.7402
-0.75223
-0.74253
-0.76807
-0.81377
-0.78176
-0.74559
-0.79917
-0.72494
-0.77917
-0.79348
-0.81658
-0.81236
-0.84336
-0.98463
-0.94937
-0.8057
-0.87572
-0.79311
-0.78003
-0.98044
-1.0859
0
0
0
0
0
0
0
0
0
0
0
0
0
0
0
0
0
0
0
-3.2348
0
0
0
0
0
0
0
0
0
0
0
0
0
0
0
0
0
0
0
0
0
0
0
0
0
0
-4.5832
0
0
0
0
0
0
0
0
0
0
0
0
-0.71999
-0.76038
-0.75579
-0.74942
-0.73446
-0.75244
-0.72063
-0.72647
48.3415
-0.72825
-0.7182
-0.70809
-0.72175
-0.71474
-0.70478
-0.70775
-0.71015
-0.70075
-0.6768
-0.69486
-0.69433
-0.77111
-0.76705
-0.70474
-0.69929
-0.73329
-0.69475
-0.72897
-0.74504
-0.74465
-0.73917
-0.74954
-0.73803
-0.7462
-0.76176
-0.75871
-0.77683
-0.76678
-0.78752
-0.83176
-0.79927
-0.76304
-0.82017
-0.80887
-0.80271
-0.81146
-0.83665
-0.8361
-0.80759
-1.0028
-0.96716
-0.82968
-0.89432
-0.8131
-0.80843
-1.0004
-1.106
-1.3659
0
0
0
0
0
0
0
0
0
0
0
0
0
0
0
0
0
0
0
0
0
0
-3.6226
0
0
0
0
0
0
0
0
0
0
0
0
0
0
0
0
0
0
0
0
0
0
0
0
0
0
0
0
0
0
0
0
0
0
0
-0.70399
-0.74027
-0.74145
-0.73325
-0.72135
-0.73472
-0.71599
-0.70912
-0.72825
47.675
-0.70309
-0.69475
-0.70759
-0.69858
-0.68926
-0.69146
-0.69001
-0.68342
-0.66333
-0.6791
-0.67856
-0.74945
-0.74608
-0.68429
-0.67748
-0.71577
-0.67965
-0.71151
-0.72736
-0.72698
-0.71717
-0.73201
-0.72108
-0.72904
-0.74512
-0.72167
-0.76063
-0.7496
-0.76682
-0.8139
-0.78143
-0.74583
-0.79987
-0.78813
-0.78427
-0.79328
-0.81965
-0.8143
-0.84041
-0.98574
-0.95046
-0.82036
-0.87596
-0.79647
-0.78742
-0.98437
0
0
0
0
0
0
0
0
0
0
0
0
0
-3.1937
-3.1302
0
0
0
0
0
0
0
0
0
0
0
0
0
0
0
0
0
0
0
0
0
0
0
0
0
0
0
0
0
0
0
0
0
0
0
0
0
0
0
0
0
0
0
0
0
-0.69249
-0.733
-0.73091
-0.72425
-0.71
-0.72654
-0.70533
-0.69789
-0.7182
-0.70309
46.5453
-0.68614
-0.69611
-0.68899
-0.68053
-0.68262
-0.68323
-0.67506
-0.65147
-0.67039
-0.66986
-0.73765
-0.73721
-0.67734
-0.67065
-0.70705
-0.66812
-0.7029
-0.71881
-0.71843
-0.71081
-0.72331
-0.7119
-0.71985
-0.73606
-0.73451
-0.7485
-0.73938
-0.7594
-0.8043
-0.77217
-0.73633
-0.79107
-0.77774
-0.77365
-0.78425
-0.81062
-0.80616
-0.82346
-0.97296
-0.93748
-0.80684
-0.86333
-0.78558
-0.7808
-0.97188
0
0
-1.4269
0
0
0
0
0
0
0
0
0
0
0
0
0
0
0
0
0
0
0
0
0
0
0
0
0
0
0
0
0
0
0
0
0
0
0
0
-4.2718
0
0
0
0
0
0
0
0
0
0
0
0
0
0
0
0
0
0
0
0
-0.6845
-0.72424
-0.72204
-0.71537
-0.70022
-0.71658
-0.69644
-0.69234
-0.70809
-0.69475
-0.68614
42.7931
-0.68863
-0.68175
-0.67337
-0.67547
-0.67607
-0.66785
-0.64242
-0.66226
-0.66172
-0.73213
-0.72966
-0.67197
-0.66654
-0.69852
-0.66075
-0.69439
-0.71026
-0.70987
-0.70647
-0.71458
-0.70314
-0.71139
-0.72671
-0.72315
-0.74074
-0.73099
-0.75178
-0.79536
-0.76347
-0.72781
-0.7832
-0.77004
-0.7664
-0.7754
-0.80018
-0.79963
-0.81992
-0.96495
-0.92978
-0.79484
-0.85631
-0.77861
-0.7731
-0.96231
-1.0662
-1.3122
0
0
0
0
0
0
0
0
0
0
0
0
0
0
0
0
0
0
0
0
0
0
0
0
0
0
0
0
0
0
0
0
0
0
0
0
0
0
0
0
0
0
0
0
0
0
0
0
0
0
0
0
0
0
0
0
0
0
-0.69697
-0.73621
-0.7353
-0.72765
-0.71431
-0.72947
-0.70916
-0.70323
-0.72175
-0.70759
-0.69611
-0.68863
45.4332
-0.68624
-0.68344
-0.68538
-0.68759
-0.67832
-0.65432
-0.67342
-0.67289
-0.72831
-0.74197
-0.67972
-0.67027
-0.71001
-0.66266
-0.7058
-0.72179
-0.7214
-0.71438
-0.72627
-0.71918
-0.72303
-0.73907
-0.73542
-0.75316
-0.74239
-0.76253
-0.80752
-0.77507
-0.73939
-0.79486
-0.78119
-0.7775
-0.78827
-0.81251
-0.81118
-0.83174
-0.97844
-0.94305
-0.80824
-0.86855
-0.79017
-0.78801
-0.97848
0
0
0
0
-1.5001
0
0
0
0
0
-2.9136
0
0
0
0
0
0
0
0
0
0
0
0
0
0
0
0
0
0
0
0
0
0
0
0
0
0
0
0
0
0
0
0
0
0
0
0
0
0
0
0
0
0
0
0
0
0
0
0
0
-0.691
-0.72821
-0.72906
-0.72041
-0.7081
-0.72161
-0.70281
-0.69526
-0.71474
-0.69858
-0.68899
-0.68175
-0.68624
44.8363
-0.67626
-0.67824
-0.67803
-0.6714
-0.64692
-0.6661
-0.66557
-0.74034
-0.73327
-0.67178
-0.66367
-0.70226
-0.66093
-0.69802
-0.7139
-0.71351
-0.70599
-0.71824
-0.70699
-0.71505
-0.73104
-0.72734
-0.74402
-0.73483
-0.75423
-0.79908
-0.7667
-0.73127
-0.78741
-0.77189
-0.76957
-0.77904
-0.80272
-0.80359
-0.82498
-0.97079
-0.93569
-0.80017
-0.86052
-0.78058
-0.77877
-0.96806
0
0
0
0
0
0
0
0
0
0
0
0
0
0
0
0
0
0
0
0
0
0
0
0
0
0
0
0
0
0
0
0
-4.2208
0
0
0
0
0
0
0
0
0
0
0
0
0
0
0
0
0
0
0
0
0
0
0
0
0
0
0
-0.68155
-0.72017
-0.71867
-0.71157
-0.69801
-0.71293
-0.69267
-0.68694
-0.70478
-0.68926
-0.68053
-0.67337
-0.68344
-0.67626
42.138
-0.67042
-0.67076
-0.66218
-0.63665
-0.65744
-0.6569
-0.72354
-0.72662
-0.66731
-0.66181
-0.69352
-0.65545
-0.68944
-0.70537
-0.70498
-0.70241
-0.70964
-0.69805
-0.70645
-0.72227
-0.7177
-0.73483
-0.72575
-0.74599
-0.79036
-0.75824
-0.72297
-0.77778
-0.76401
-0.76071
-0.77042
-0.79503
-0.79316
-0.81343
-0.9599
-0.92481
-0.78886
-0.85006
-0.76082
-0.76766
-0.95632
0
0
0
0
0
0
0
0
0
0
0
0
0
0
0
0
0
0
0
0
0
0
-2.0079
0
0
0
0
0
0
0
0
0
0
0
0
0
0
0
0
0
0
0
0
0
0
0
0
0
0
0
0
0
0
0
0
0
0
0
0
0
-0.68422
-0.72269
-0.72081
-0.71371
-0.70055
-0.71513
-0.69534
-0.68943
-0.70775
-0.69146
-0.68262
-0.67547
-0.68538
-0.67824
-0.67042
41.2737
-0.67313
-0.66191
-0.63734
-0.65908
-0.65854
-0.72511
-0.7305
-0.64089
-0.66772
-0.69395
-0.65729
-0.69093
-0.70701
-0.70663
-0.7109
-0.71141
-0.70004
-0.7069
-0.72413
-0.71938
-0.74044
-0.72773
-0.74806
-0.7925
-0.76046
-0.72496
-0.7795
-0.76683
-0.76256
-0.77205
-0.79819
-0.79484
-0.81722
-0.96193
-0.92697
-0.78916
-0.81762
-0.77243
0
0
0
0
0
0
0
0
0
0
0
0
0
0
-2.8042
0
0
0
0
0
0
0
0
0
0
0
0
0
0
0
0
0
0
0
0
0
0
0
0
0
0
0
0
0
0
0
0
0
0
0
0
0
0
0
0
0
0
0
0
0
0
0
-0.6887
-0.71783
-0.72278
-0.71024
-0.70174
-0.71163
-0.69705
-0.68967
-0.71015
-0.69001
-0.68323
-0.67607
-0.68759
-0.67803
-0.67076
-0.67313
43.8513
-0.66445
-0.63936
-0.65988
-0.65934
-0.7286
-0.72503
-0.66599
-0.65266
-0.69582
-0.65664
-0.69175
-0.70759
-0.7072
-0.70076
-0.71192
-0.69796
-0.70895
-0.72401
-0.71908
-0.74124
-0.72779
-0.74712
-0.79253
-0.76024
-0.72511
-0.77973
-0.76588
-0.76224
-0.76161
-0.79691
-0.79383
-0.81616
-0.96251
-0.92743
0
0
0
0
0
0
0
0
0
0
0
-2.1468
-2.0638
0
0
0
0
0
0
0
0
0
0
0
0
0
0
0
0
0
0
0
0
0
0
0
0
0
0
0
0
0
0
-3.5547
0
0
0
0
0
0
0
0
0
0
0
0
0
0
0
0
0
0
0
0
0
-0.67723
-0.71745
-0.7038
-0.70725
-0.69353
-0.70834
-0.68823
-0.68115
-0.70075
-0.68342
-0.67506
-0.66785
-0.67832
-0.6714
-0.66218
-0.66191
-0.66445
40.1869
-0.62783
-0.65011
-0.64956
-0.71917
-0.72453
-0.66094
-0.65594
-0.68682
-0.6485
-0.68282
-0.69922
-0.69884
-0.70989
-0.70351
-0.69172
-0.70051
-0.71554
-0.70981
-0.73771
-0.71881
-0.73862
-0.78365
-0.75161
-0.71657
-0.74865
-0.75516
-0.75712
-0.76312
-0.7883
-0.72353
-0.80759
-0.95267
-0.91772
-0.78959
0
0
0
0
0
0
0
0
0
0
0
0
0
0
0
0
0
0
0
-3.7589
0
0
0
0
0
0
0
0
0
0
0
0
0
0
0
0
0
0
0
0
0
0
0
0
0
0
0
0
0
0
0
0
0
0
0
0
0
0
0
0
0
0
0
0
-0.65213
-0.69075
-0.68934
-0.68203
-0.66842
-0.68319
-0.66465
-0.65588
-0.6768
-0.66333
-0.65147
-0.64242
-0.65432
-0.64692
-0.63665
-0.63734
-0.63936
-0.62783
37.3804
-0.6326
-0.63204
-0.69385
-0.69539
-0.63178
-0.63102
-0.66487
-0.62681
-0.66076
-0.67608
-0.67569
-0.65223
-0.67983
-0.66668
-0.6764
-0.69131
-0.69299
-0.70607
-0.69573
-0.71006
-0.75726
-0.72614
-0.69186
-0.74365
-0.73065
-0.72504
-0.73612
-0.76053
0
0
-0.92334
-0.88845
0
0
0
0
0
0
0
-1.3808
0
0
0
0
0
0
0
0
0
0
0
0
0
0
-3.0616
0
0
0
0
0
0
0
0
0
0
0
0
0
0
0
0
0
0
0
0
0
0
0
0
0
0
0
0
0
0
0
0
0
0
0
0
0
0
0
0
0
0
-0.6727
-0.71081
-0.70846
-0.7018
-0.68835
-0.70294
-0.68267
-0.67739
-0.69486
-0.6791
-0.67039
-0.66226
-0.67342
-0.6661
-0.65744
-0.65908
-0.65988
-0.65011
-0.6326
35.4573
-0.61083
-0.71462
-0.71428
-0.65163
-0.6447
-0.6835
-0.6461
-0.67939
-0.6961
-0.69571
-0.68294
-0.69968
-0.68876
-0.69674
-0.71249
-0.70732
-0.72985
-0.7159
-0.73591
-0.77971
-0.74768
-0.71227
-0.76683
-0.7539
-0.74956
-0.75906
-0.78499
-0.78158
-0.80237
-0.94865
-0.9139
0
0
0
0
0
0
0
0
0
0
0
0
0
0
0
0
0
0
0
0
0
0
0
0
0
0
0
0
0
0
0
0
0
0
0
0
0
0
0
0
0
0
0
0
0
0
0
0
0
0
0
0
0
0
0
0
0
0
0
0
0
0
0
0
0
-0.67218
-0.71027
-0.70792
-0.70127
-0.68782
-0.7024
-0.68214
-0.67686
-0.69433
-0.67856
-0.66986
-0.66172
-0.67289
-0.66557
-0.6569
-0.65854
-0.65934
-0.64956
-0.63204
-0.61083
35.4302
-0.7141
-0.71375
-0.65113
-0.64422
-0.68299
-0.64554
-0.67887
-0.69555
-0.69516
-0.68249
-0.69912
-0.6882
-0.69616
-0.71192
-0.70674
-0.72922
-0.71532
-0.73532
-0.77912
-0.7471
-0.71171
-0.76623
-0.75331
-0.74897
-0.75848
-0.7844
-0.78099
-0.80177
-0.94803
-0.91328
0
0
0
0
0
0
0
0
0
0
0
0
0
0
0
0
0
0
0
0
0
0
0
0
0
0
0
0
0
0
0
0
0
0
0
0
0
0
0
0
0
0
0
0
0
0
0
0
0
0
0
0
0
0
0
0
0
0
0
0
0
0
0
0
0
-0.73949
-0.77837
-0.77962
-0.76983
-0.75899
-0.73344
-0.75495
-0.74446
-0.77111
-0.74945
-0.73765
-0.73213
-0.72831
-0.74034
-0.72354
-0.72511
-0.7286
-0.71917
-0.69385
-0.71462
-0.7141
46.2505
-0.77878
-0.71481
-0.71055
-0.74676
-0.6997
-0.74162
-0.75818
-0.75778
-0.7488
-0.7623
-0.75221
-0.75935
-0.77504
-0.76885
-0.79256
-0.77891
-0.79624
-0.84505
-0.81151
-0.77601
-0.83164
-0.82029
-0.81417
0
0
0
0
0
0
0
0
0
0
0
0
0
0
0
0
0
0
0
0
0
-2.9546
0
0
0
0
0
0
0
0
0
0
0
0
0
0
0
0
0
0
0
0
0
0
-4.5726
0
0
0
0
0
0
0
0
0
0
0
0
0
0
0
0
0
0
0
0
-5.4451
0
0
0
0
0
-0.72871
-0.7793
-0.77898
-0.773
-0.74436
-0.77231
-0.75311
-0.74526
-0.76705
-0.74608
-0.73721
-0.72966
-0.74197
-0.73327
-0.72662
-0.7305
-0.72503
-0.72453
-0.69539
-0.71428
-0.71375
-0.77878
43.3697
-0.7189
-0.71529
-0.74585
-0.70487
-0.74113
-0.75753
-0.75714
-0.75435
-0.76149
-0.74879
-0.75859
-0.77413
-0.76727
-0.79494
-0.77821
-0.79576
-0.84386
-0.81055
-0.77492
-0.83357
-0.81885
-0.81578
-0.82275
0
0
0
0
0
0
0
0
0
0
0
0
0
0
0
0
0
0
0
-2.8263
0
0
0
0
0
0
0
0
0
0
0
0
0
0
0
0
0
0
0
0
0
0
0
0
0
0
0
0
0
0
0
0
0
0
0
0
0
0
0
0
0
0
0
0
0
0
0
0
-6.4098
0
-0.67763
-0.71578
-0.71637
-0.70798
-0.69552
-0.7093
-0.69137
-0.6831
-0.70474
-0.68429
-0.67734
-0.67197
-0.67972
-0.67178
-0.66731
-0.64089
-0.66599
-0.66094
-0.63178
-0.65163
-0.65113
-0.71481
-0.7189
39.5939
-0.65075
-0.68195
-0.64223
-0.67887
-0.69439
-0.694
-0.68669
-0.69788
-0.68483
-0.69342
-0.70953
-0.7023
-0.72503
-0.71376
-0.72956
-0.77741
-0.74522
-0.71121
-0.76432
-0.75083
-0.74736
-0.75728
0
0
0
0
0
0
0
0
0
0
0
0
0
0
0
0
0
0
0
0
0
0
-2.7672
0
0
0
0
0
0
0
0
0
0
0
0
0
0
0
0
0
0
0
0
0
0
0
0
0
0
0
0
0
0
0
0
0
0
0
0
0
-5.4976
0
0
0
0
0
0
0
0
0
-0.67166
-0.70544
-0.71144
-0.70327
-0.69026
-0.70396
-0.68612
-0.67871
-0.69929
-0.67748
-0.67065
-0.66654
-0.67027
-0.66367
-0.66181
-0.66772
-0.65266
-0.65594
-0.63102
-0.6447
-0.64422
-0.71055
-0.71529
-0.65075
39.2036
-0.67303
-0.63238
-0.67071
-0.68688
-0.6865
-0.65945
-0.68937
-0.67544
-0.6857
-0.69981
-0.69446
-0.71591
-0.70479
-0.71914
-0.76793
-0.73621
-0.7024
-0.75427
0
0
0
0
0
0
0
0
-0.76879
0
0
0
0
0
0
0
0
-1.4893
0
-2.1047
0
0
0
0
0
0
0
0
0
0
0
0
0
0
0
0
0
0
0
0
0
0
0
0
0
0
0
0
0
0
0
0
0
0
0
0
0
0
0
0
0
-6.053
0
0
0
0
0
0
0
0
0
0
0
-0.70942
-0.74828
-0.74672
-0.73913
-0.72569
-0.74005
-0.72071
-0.71369
-0.73329
-0.71577
-0.70705
-0.69852
-0.71001
-0.70226
-0.69352
-0.69395
-0.69582
-0.68682
-0.66487
-0.6835
-0.68299
-0.74676
-0.74585
-0.68195
-0.67303
33.7504
-0.69061
-0.71479
-0.73449
-0.73407
-0.7169
-0.73652
-0.72573
-0.73292
-0.74934
-0.74455
-0.76716
-0.75387
-0.77367
-0.81846
-0.78592
-0.74967
-0.80586
-0.79189
-0.78694
-0.79754
0
0
0
0
0
0
-0.87983
0
0
0
0
0
0
0
0
0
0
0
0
0
0
0
0
0
0
0
0
0
0
0
0
0
0
0
0
0
0
0
0
0
0
0
0
0
0
0
0
0
0
0
0
0
0
0
0
0
0
0
0
0
0
0
0
0
0
0
0
0
0
0
-0.66959
-0.70752
-0.70732
-0.69994
-0.68687
-0.70212
-0.68249
-0.67627
-0.69475
-0.67965
-0.66812
-0.66075
-0.66266
-0.66093
-0.65545
-0.65729
-0.65664
-0.6485
-0.62681
-0.6461
-0.64554
-0.6997
-0.70487
-0.64223
-0.63238
-0.69061
32.7439
-0.67618
-0.69586
-0.69543
-0.68539
-0.69392
-0.68482
-0.68915
-0.70227
-0.69769
-0.7156
-0.70572
-0.72517
-0.77312
-0.74151
-0.70688
-0.7573
0
0
0
0
0
0
0
0
0
0
0
0
0
0
0
0
0
-1.4973
0
0
0
0
0
0
-2.4354
0
0
0
0
0
0
0
0
0
0
0
0
0
0
0
0
0
0
0
0
0
0
0
0
0
0
0
0
0
0
0
0
0
0
0
0
0
0
0
0
0
0
0
0
0
0
0
0
-0.70522
-0.74399
-0.74228
-0.73509
-0.72136
-0.73585
-0.71643
-0.70926
-0.72897
-0.71151
-0.7029
-0.69439
-0.7058
-0.69802
-0.68944
-0.69093
-0.69175
-0.68282
-0.66076
-0.67939
-0.67887
-0.74162
-0.74113
-0.67887
-0.67071
-0.71479
-0.67618
31.857
-0.73465
-0.73418
-0.7126
-0.73069
-0.71866
-0.72697
-0.74196
-0.73683
-0.75781
-0.74685
-0.76621
-0.81199
-0.77926
-0.74329
-0.80001
-0.78595
-0.78083
0
0
0
0
0
0
0
0
0
0
0
0
0
0
0
0
0
0
0
0
0
0
0
0
0
0
0
0
0
0
0
0
0
0
0
0
0
0
0
0
0
0
0
0
0
0
0
0
0
0
0
0
0
0
0
0
0
0
0
0
0
0
0
0
0
0
0
0
0
0
0
-0.72089
-0.75999
-0.75955
-0.75118
-0.73734
-0.75194
-0.73233
-0.72697
-0.74504
-0.72736
-0.71881
-0.71026
-0.72179
-0.7139
-0.70537
-0.70701
-0.70759
-0.69922
-0.67608
-0.6961
-0.69555
-0.75818
-0.75753
-0.69439
-0.68688
-0.73449
-0.69586
-0.73465
30.1644
-0.68949
-0.72725
-0.74278
-0.73145
-0.74123
-0.76596
-0.76228
-0.80808
-0.77088
-0.79028
-0.83859
-0.80398
-0.76592
0
0
0
0
0
0
0
0
0
0
0
0
0
0
0
0
0
0
0
0
0
0
0
0
0
0
0
0
0
0
0
0
0
0
0
0
0
0
0
0
0
0
0
0
0
0
0
0
0
0
0
0
0
0
0
0
0
0
0
0
0
0
0
0
0
0
0
0
0
0
0
0
0
0
-0.7205
-0.7596
-0.75915
-0.7508
-0.73694
-0.75154
-0.73194
-0.72658
-0.74465
-0.72698
-0.71843
-0.70987
-0.7214
-0.71351
-0.70498
-0.70663
-0.7072
-0.69884
-0.67569
-0.69571
-0.69516
-0.75778
-0.75714
-0.694
-0.6865
-0.73407
-0.69543
-0.73418
-0.68949
30.1479
-0.72687
-0.74239
-0.73081
-0.74079
-0.76552
-0.76184
-0.80769
-0.7704
-0.78978
-0.83811
-0.80351
-0.76549
0
0
0
0
0
0
0
0
0
0
0
0
0
0
0
0
0
0
0
0
0
0
0
0
0
0
0
0
0
0
0
0
0
0
0
0
0
0
0
0
0
0
0
0
0
0
0
0
0
0
0
0
0
0
0
0
0
0
0
0
0
0
0
0
0
0
0
0
0
0
0
0
0
0
-0.71073
-0.75225
-0.755
-0.74401
-0.72989
-0.74367
-0.72555
-0.71311
-0.73917
-0.71717
-0.71081
-0.70647
-0.71438
-0.70599
-0.70241
-0.7109
-0.70076
-0.70989
-0.65223
-0.68294
-0.68249
-0.7488
-0.75435
-0.68669
-0.65945
-0.7169
-0.68539
-0.7126
-0.72725
-0.72687
39.7317
-0.73032
-0.71665
-0.72476
-0.74143
-0.73308
-0.76434
-0.74492
0
0
0
0
0
0
0
0
0
0
0
0
0
0
0
0
0
0
0
0
0
0
0
0
0
0
0
0
0
0
0
0
0
0
0
0
0
0
0
0
0
0
0
0
0
0
0
-4.2923
0
0
0
0
0
0
0
0
0
0
0
0
-4.3878
0
0
0
0
0
0
0
0
0
0
-4.468
0
0
0
0
0
0
-0.72549
-0.76476
-0.76409
-0.75586
-0.74188
-0.75655
-0.73682
-0.7312
-0.74954
-0.73201
-0.72331
-0.71458
-0.72627
-0.71824
-0.70964
-0.71141
-0.71192
-0.70351
-0.67983
-0.69968
-0.69912
-0.7623
-0.76149
-0.69788
-0.68937
-0.73652
-0.69392
-0.73069
-0.74278
-0.74239
-0.73032
27.9356
-0.73983
-0.74291
-0.76475
-0.75642
-0.77863
-0.76792
0
-0.84178
0
0
0
0
0
0
0
0
0
0
0
0
0
0
0
0
0
0
0
0
0
0
0
0
0
0
0
0
0
0
0
0
0
0
0
0
0
0
0
0
0
0
0
0
0
0
0
0
0
0
0
0
0
0
0
0
0
0
0
0
0
0
0
0
0
0
0
0
0
0
0
0
0
0
0
0
-0.71239
-0.75111
-0.75207
-0.74359
-0.72994
-0.74392
-0.72532
-0.71727
-0.73803
-0.72108
-0.7119
-0.70314
-0.71918
-0.70699
-0.69805
-0.70004
-0.69796
-0.69172
-0.66668
-0.68876
-0.6882
-0.75221
-0.74879
-0.68483
-0.67544
-0.72573
-0.68482
-0.71866
-0.73145
-0.73081
-0.71665
-0.73983
29.201
-0.72558
-0.74114
-0.73272
-0.73695
0
0
0
0
0
0
0
0
0
0
0
0
0
0
0
0
0
0
0
0
0
0
0
0
0
0
0
0
0
0
0
0
0
0
0
0
0
0
0
0
0
0
0
0
0
0
0
-3.3481
0
0
0
0
0
0
0
0
0
0
0
0
0
0
0
0
0
0
0
0
0
0
0
0
0
0
0
0
0
0
0
-0.72239
-0.76135
-0.76071
-0.75247
-0.73871
-0.75325
-0.73355
-0.72801
-0.7462
-0.72904
-0.71985
-0.71139
-0.72303
-0.71505
-0.70645
-0.7069
-0.70895
-0.70051
-0.6764
-0.69674
-0.69616
-0.75935
-0.75859
-0.69342
-0.6857
-0.73292
-0.68915
-0.72697
-0.74123
-0.74079
-0.72476
-0.74291
-0.72558
27.0446
-0.75135
-0.72834
-0.76644
0
0
0
0
0
0
0
0
0
0
0
0
0
0
0
-0.89
0
0
0
0
0
0
0
0
0
0
0
0
0
0
0
0
0
0
0
0
0
0
0
0
0
0
0
0
0
0
0
0
0
0
0
0
0
0
0
0
0
0
0
0
0
0
0
0
0
0
0
0
0
0
0
0
0
0
0
0
0
0
0
-0.73717
-0.77637
-0.77602
-0.76786
-0.75393
-0.76896
-0.74896
-0.74375
-0.76176
-0.74512
-0.73606
-0.72671
-0.73907
-0.73104
-0.72227
-0.72413
-0.72401
-0.71554
-0.69131
-0.71249
-0.71192
-0.77504
-0.77413
-0.70953
-0.69981
-0.74934
-0.70227
-0.74196
-0.76596
-0.76552
-0.74143
-0.76475
-0.74114
-0.75135
27.165
0
0
0
0
0
0
0
0
0
0
0
-0.85682
0
0
0
0
0
0
0
0
0
-1.1115
0
0
0
0
0
0
0
0
0
0
0
0
0
0
0
0
0
0
0
0
0
0
0
0
0
0
0
0
0
0
0
0
0
0
0
0
0
0
0
0
0
0
0
0
0
0
0
0
0
0
0
0
0
0
0
0
0
0
0
-0.73508
-0.7726
-0.77266
-0.76358
-0.75166
-0.76518
-0.74615
-0.7402
-0.75871
-0.72167
-0.73451
-0.72315
-0.73542
-0.72734
-0.7177
-0.71938
-0.71908
-0.70981
-0.69299
-0.70732
-0.70674
-0.76885
-0.76727
-0.7023
-0.69446
-0.74455
-0.69769
-0.73683
-0.76228
-0.76184
-0.73308
-0.75642
-0.73272
-0.72834
0
27.9767
0
0
0
0
0
0
0
0
0
0
0
0
0
0
0
0
0
0
0
0
0
0
0
0
0
0
0
0
0
0
0
0
0
0
-2.9691
0
0
0
0
0
0
0
0
0
0
0
0
0
0
0
0
0
0
0
0
0
0
0
0
0
0
0
0
0
0
0
0
0
0
0
0
0
0
0
0
0
0
0
0
0
-0.7519
-0.79769
-0.79564
-0.78661
-0.76896
-0.78351
-0.76394
-0.75223
-0.77683
-0.76063
-0.7485
-0.74074
-0.75316
-0.74402
-0.73483
-0.74044
-0.74124
-0.73771
-0.70607
-0.72985
-0.72922
-0.79256
-0.79494
-0.72503
-0.71591
-0.76716
-0.7156
-0.75781
-0.80808
-0.80769
-0.76434
-0.77863
-0.73695
-0.76644
0
0
30.381
0
0
0
0
0
0
0
0
0
0
0
0
0
0
0
0
0
0
0
0
0
0
0
0
0
0
0
0
0
0
0
0
0
0
0
0
0
0
0
0
0
0
0
0
0
0
0
0
0
0
0
0
0
0
-4.6062
0
0
0
0
0
0
0
0
0
0
0
0
0
0
0
0
0
0
0
0
0
0
0
0
-0.7398
-0.78184
-0.77889
-0.77265
-0.75663
-0.77391
-0.75395
-0.74253
-0.76678
-0.7496
-0.73938
-0.73099
-0.74239
-0.73483
-0.72575
-0.72773
-0.72779
-0.71881
-0.69573
-0.7159
-0.71532
-0.77891
-0.77821
-0.71376
-0.70479
-0.75387
-0.70572
-0.74685
-0.77088
-0.7704
-0.74492
-0.76792
0
0
0
0
0
26.1457
0
0
0
0
0
-0.83198
0
0
0
0
0
0
0
0
0
0
0
0
0
0
-1.4863
0
0
0
0
0
0
0
0
0
0
0
0
0
0
0
0
0
0
0
0
0
0
0
0
0
0
0
0
0
0
0
0
0
0
0
0
0
0
0
0
0
0
0
0
0
0
0
0
0
0
0
0
0
0
0
0
0
-0.76162
-0.80041
-0.80146
-0.79216
-0.77948
-0.79411
-0.77434
-0.76807
-0.78752
-0.76682
-0.7594
-0.75178
-0.76253
-0.75423
-0.74599
-0.74806
-0.74712
-0.73862
-0.71006
-0.73591
-0.73532
-0.79624
-0.79576
-0.72956
-0.71914
-0.77367
-0.72517
-0.76621
-0.79028
-0.78978
0
0
0
0
0
0
0
0
26.8029
0
0
0
0
0
0
0
0
0
0
0
0
0
0
0
0
0
0
0
0
0
0
0
0
0
0
0
0
0
0
0
0
0
0
0
0
0
0
0
0
0
0
0
0
0
0
0
0
0
0
0
0
0
0
0
0
0
0
0
0
0
0
0
0
0
0
0
0
0
-3.9021
0
0
0
0
0
0
0
-0.80674
-0.84727
-0.84695
-0.83815
-0.82388
-0.83921
-0.81841
-0.81377
-0.83176
-0.8139
-0.8043
-0.79536
-0.80752
-0.79908
-0.79036
-0.7925
-0.79253
-0.78365
-0.75726
-0.77971
-0.77912
-0.84505
-0.84386
-0.77741
-0.76793
-0.81846
-0.77312
-0.81199
-0.83859
-0.83811
0
-0.84178
0
0
0
0
0
0
0
25.1177
0
0
0
0
0
0
0
0
0
0
0
0
0
0
0
0
0
0
0
0
0
0
0
0
0
0
0
0
0
0
0
0
0
0
0
0
0
0
0
0
0
0
0
0
0
0
0
0
0
0
0
0
0
0
0
0
0
0
0
0
0
0
0
0
0
0
0
0
0
0
0
0
0
0
0
0
-0.77412
-0.81412
-0.81383
-0.80507
-0.79129
-0.80627
-0.78606
-0.78176
-0.79927
-0.78143
-0.77217
-0.76347
-0.77507
-0.7667
-0.75824
-0.76046
-0.76024
-0.75161
-0.72614
-0.74768
-0.7471
-0.81151
-0.81055
-0.74522
-0.73621
-0.78592
-0.74151
-0.77926
-0.80398
-0.80351
0
0
0
0
0
0
0
0
0
0
23.9714
0
0
0
0
0
0
0
0
0
0
0
0
0
0
0
0
0
0
0
0
0
0
0
0
0
0
0
0
0
0
0
0
0
0
0
0
0
0
-0.67158
0
0
0
0
0
0
0
0
0
0
0
0
0
0
0
0
0
0
0
0
0
0
0
0
0
0
0
0
0
0
0
0
0
0
0
0
-0.7392
-0.7782
-0.77766
-0.76922
-0.75547
-0.77012
-0.75027
-0.74559
-0.76304
-0.74583
-0.73633
-0.72781
-0.73939
-0.73127
-0.72297
-0.72496
-0.72511
-0.71657
-0.69186
-0.71227
-0.71171
-0.77601
-0.77492
-0.71121
-0.7024
-0.74967
-0.70688
-0.74329
-0.76592
-0.76549
0
0
0
0
0
0
0
0
0
0
0
22.2306
0
0
0
0
0
0
0
0
0
0
0
0
0
0
0
0
0
0
0
0
0
0
0
0
0
0
0
0
0
0
0
0
0
0
0
0
0
0
0
0
0
0
0
0
0
0
0
0
0
0
0
0
0
0
0
0
0
0
0
0
0
0
0
0
0
0
0
0
0
0
0
0
0
0
-0.79405
-0.83771
-0.79688
-0.82681
-0.81127
-0.82779
-0.80664
-0.79917
-0.82017
-0.79987
-0.79107
-0.7832
-0.79486
-0.78741
-0.77778
-0.7795
-0.77973
-0.74865
-0.74365
-0.76683
-0.76623
-0.83164
-0.83357
-0.76432
-0.75427
-0.80586
-0.7573
-0.80001
0
0
0
0
0
0
0
0
0
0
0
0
0
0
25.6654
0
0
0
0
0
0
0
0
0
0
0
0
0
0
0
0
0
0
0
0
0
0
0
0
0
0
0
0
0
0
0
-3.4791
0
0
0
0
0
0
0
0
0
0
0
0
0
0
0
0
0
0
0
0
0
0
0
0
0
0
0
0
0
0
0
0
0
0
0
0
0
0
0
0
0
-0.78345
-0.82079
-0.8195
-0.81052
-0.80018
-0.81577
-0.79559
-0.72494
-0.80887
-0.78813
-0.77774
-0.77004
-0.78119
-0.77189
-0.76401
-0.76683
-0.76588
-0.75516
-0.73065
-0.7539
-0.75331
-0.82029
-0.81885
-0.75083
0
-0.79189
0
-0.78595
0
0
0
0
0
0
0
0
0
-0.83198
0
0
0
0
0
25.2043
0
0
0
0
0
0
0
0
0
0
0
0
0
0
0
0
0
0
0
0
0
0
0
0
0
0
0
0
0
0
0
0
0
0
0
0
0
0
0
0
0
0
0
0
0
0
0
0
0
0
0
0
0
0
0
0
0
0
0
-4.0462
0
0
0
0
0
0
0
0
0
0
0
0
-0.77713
-0.81969
-0.81935
-0.80954
-0.79456
-0.80924
-0.78949
-0.77917
-0.80271
-0.78427
-0.77365
-0.7664
-0.7775
-0.76957
-0.76071
-0.76256
-0.76224
-0.75712
-0.72504
-0.74956
-0.74897
-0.81417
-0.81578
-0.74736
0
-0.78694
0
-0.78083
0
0
0
0
0
0
0
0
0
0
0
0
0
0
0
0
24.2347
0
0
0
0
0
0
0
0
0
0
0
0
0
0
0
0
0
0
0
0
0
0
0
0
0
0
0
0
0
0
0
0
0
0
0
0
0
0
0
0
-3.9512
0
0
0
0
0
0
0
0
0
0
0
0
0
0
0
0
0
0
0
0
0
0
0
0
0
0
0
0
0
0
-0.78665
-0.82587
-0.82775
-0.80759
-0.80323
-0.81015
-0.79813
-0.79348
-0.81146
-0.79328
-0.78425
-0.7754
-0.78827
-0.77904
-0.77042
-0.77205
-0.76161
-0.76312
-0.73612
-0.75906
-0.75848
0
-0.82275
-0.75728
0
-0.79754
0
0
0
0
0
0
0
0
0
0
0
0
0
0
0
0
0
0
0
20.895
0
0
0
0
0
0
0
0
0
0
0
0
0
0
0
0
0
-2.012
0
0
0
0
0
0
0
0
0
0
0
0
0
0
0
0
0
0
0
0
0
0
0
0
0
0
0
0
0
0
0
0
0
0
0
0
0
0
0
0
0
0
0
0
0
0
0
0
0
0
0
0
-0.80994
-0.8484
-0.85157
-0.84099
-0.82847
-0.84493
-0.82302
-0.81658
-0.83665
-0.81965
-0.81062
-0.80018
-0.81251
-0.80272
-0.79503
-0.79819
-0.79691
-0.7883
-0.76053
-0.78499
-0.7844
0
0
0
0
0
0
0
0
0
0
0
0
0
-0.85682
0
0
0
0
0
0
0
0
0
0
0
22.8288
0
0
0
0
0
0
0
0
0
-1.158
0
0
0
0
0
0
0
0
0
0
0
0
0
0
0
0
0
0
0
0
0
0
0
0
0
0
0
0
0
0
0
0
0
0
0
0
0
0
0
0
0
0
0
0
-3.7594
0
0
0
0
0
0
0
0
0
0
0
0
0
0
-0.80877
-0.85169
-0.82937
-0.84133
-0.82814
-0.8451
-0.82205
-0.81236
-0.8361
-0.8143
-0.80616
-0.79963
-0.81118
-0.80359
-0.79316
-0.79484
-0.79383
-0.72353
0
-0.78158
-0.78099
0
0
0
0
0
0
0
0
0
0
0
0
0
0
0
0
0
0
0
0
0
0
0
0
0
0
22.2874
0
0
0
0
0
0
0
0
0
0
0
0
0
0
0
0
0
0
0
0
0
0
0
-3.3252
-2.7845
0
0
0
0
0
0
0
0
0
0
0
0
0
0
0
0
0
0
0
0
0
0
0
0
0
0
0
0
0
0
0
0
0
0
0
0
0
0
0
0
0
0
0
-0.82393
-0.87763
-0.85407
-0.863
-0.83415
-0.87262
-0.79496
-0.84336
-0.80759
-0.84041
-0.82346
-0.81992
-0.83174
-0.82498
-0.81343
-0.81722
-0.81616
-0.80759
0
-0.80237
-0.80177
0
0
0
0
0
0
0
0
0
0
0
0
0
0
0
0
0
0
0
0
0
0
0
0
0
0
0
21.9091
0
0
0
0
0
0
0
0
0
0
0
0
-2.2447
0
0
0
0
0
0
0
0
0
0
0
0
0
0
0
0
0
0
-3.094
0
0
0
0
0
0
0
0
0
0
0
0
0
0
0
0
0
0
0
0
0
0
0
0
0
0
0
0
0
0
0
0
0
0
0
-0.97691
-1.019
-1.0195
-1.0092
-0.99533
-1.013
-0.98811
-0.98463
-1.0028
-0.98574
-0.97296
-0.96495
-0.97844
-0.97079
-0.9599
-0.96193
-0.96251
-0.95267
-0.92334
-0.94865
-0.94803
0
0
0
0
0
0
0
0
0
0
0
0
0
0
0
0
0
0
0
0
0
0
0
0
0
0
0
0
20.5384
0
0
0
0
0
0
0
0
0
0
0
0
0
0
0
0
0
0
0
0
0
0
0
0
0
0
0
0
0
0
0
0
0
0
0
0
0
0
0
0
0
0
0
0
0
0
0
0
0
0
0
0
0
0
0
0
0
0
0
0
0
0
0
0
0
0
-0.94144
-0.98308
-0.98373
-0.97341
-0.95977
-0.97742
-0.95246
-0.94937
-0.96716
-0.95046
-0.93748
-0.92978
-0.94305
-0.93569
-0.92481
-0.92697
-0.92743
-0.91772
-0.88845
-0.9139
-0.91328
0
0
0
0
0
0
0
0
0
0
0
0
0
0
0
0
0
0
0
0
0
0
0
0
0
0
0
0
0
19.7969
0
0
0
0
0
0
0
0
0
0
0
0
0
0
0
0
0
0
0
0
0
0
0
0
0
0
0
0
0
0
0
0
0
0
0
0
0
0
0
0
0
0
0
0
0
0
0
0
0
0
0
0
0
0
0
0
0
0
0
0
0
0
0
0
0
-0.80359
-0.84924
-0.85162
-0.83895
-0.82287
-0.83728
-0.81638
-0.8057
-0.82968
-0.82036
-0.80684
-0.79484
-0.80824
-0.80017
-0.78886
-0.78916
0
-0.78959
0
0
0
0
0
0
-0.76879
0
0
0
0
0
0
0
0
0
0
0
0
0
0
0
0
0
0
0
0
0
0
0
0
0
0
21.1549
0
0
0
0
0
0
0
0
0
0
0
0
0
0
0
0
0
0
0
0
0
-2.7857
0
0
0
0
0
0
0
0
0
0
0
0
0
0
0
0
0
0
0
0
0
0
0
0
-3.7471
0
0
0
0
0
0
0
0
0
0
0
0
0
0
0
0
0
-0.86705
-0.90816
-0.90899
-0.89859
-0.88597
-0.90285
-0.87998
-0.87572
-0.89432
-0.87596
-0.86333
-0.85631
-0.86855
-0.86052
-0.85006
-0.81762
0
0
0
0
0
0
0
0
0
-0.87983
0
0
0
0
0
0
0
-0.89
0
0
0
0
0
0
0
0
0
0
0
0
0
0
0
0
0
0
18.3416
0
0
0
0
0
0
0
0
0
0
0
0
0
0
0
-2.5578
0
0
0
0
0
0
0
0
0
0
0
0
0
0
0
0
0
0
0
0
0
0
0
0
0
0
0
0
0
0
0
0
0
0
0
0
0
0
0
0
0
0
0
0
0
0
0
-0.78344
-0.82349
-0.82592
-0.81508
-0.80314
-0.82114
-0.79801
-0.79311
-0.8131
-0.79647
-0.78558
-0.77861
-0.79017
-0.78058
-0.76082
-0.77243
0
0
0
0
0
0
0
0
0
0
0
0
0
0
0
0
0
0
0
0
0
0
0
0
0
0
0
0
0
0
0
0
0
0
0
0
0
17.3138
0
0
0
0
0
0
0
0
0
0
0
0
0
0
0
0
0
0
0
0
0
0
0
-2.7329
-1.8398
0
0
0
0
0
0
0
0
0
0
0
0
0
0
0
0
0
0
0
0
0
0
0
0
0
0
0
0
0
0
0
0
0
0
0
0
0
-0.77936
-0.83191
-0.82874
-0.818
-0.79987
-0.81672
-0.79403
-0.78003
-0.80843
-0.78742
-0.7808
-0.7731
-0.78801
-0.77877
-0.76766
0
0
0
0
0
0
0
0
0
0
0
0
0
0
0
0
0
0
0
0
0
0
0
0
0
0
0
0
0
0
0
0
0
0
0
0
0
0
0
18.032
0
0
0
0
0
0
0
0
0
0
0
0
0
0
0
0
0
0
0
0
-2.4741
0
0
0
0
0
0
0
0
0
0
0
0
0
0
0
-3.6251
0
0
0
0
0
0
0
0
0
0
0
0
0
0
0
0
0
0
0
0
0
0
0
0
-0.97535
-1.017
-1.0193
-1.0096
-0.99491
-1.0123
-0.98884
-0.98044
-1.0004
-0.98437
-0.97188
-0.96231
-0.97848
-0.96806
-0.95632
0
0
0
0
0
0
0
0
0
0
0
0
0
0
0
0
0
0
0
0
0
0
0
0
0
0
0
0
0
0
0
0
0
0
0
0
0
0
0
0
16.8029
0
0
0
0
0
0
0
0
-1.9833
0
0
0
0
0
0
0
0
0
0
0
0
0
0
0
0
0
0
0
0
0
0
0
0
0
0
0
0
0
0
0
0
0
0
0
0
0
0
0
0
0
0
0
0
0
0
0
0
0
0
0
-1.0639
-1.1124
-1.1162
-1.1094
-1.0904
-1.1151
-1.0908
-1.0859
-1.106
0
0
-1.0662
0
0
0
0
0
0
0
0
0
0
0
0
0
0
0
0
0
0
0
0
0
0
-1.1115
0
0
0
0
0
0
0
0
0
0
0
-1.158
0
0
0
0
0
0
0
0
0
16.9174
0
0
0
0
0
0
0
0
0
0
0
0
0
0
0
0
0
0
0
0
0
0
0
0
0
0
0
0
0
0
0
0
0
-3.6914
0
0
0
0
0
0
0
0
0
0
0
0
0
0
0
0
0
0
0
0
0
0
0
0
0
-1.2823
-1.3776
-1.3758
-1.3652
-1.2929
-1.3786
-1.3501
0
-1.3659
0
0
-1.3122
0
0
0
0
0
0
0
0
0
0
0
0
0
0
0
0
0
0
0
0
0
0
0
0
0
0
0
0
0
0
0
0
0
0
0
0
0
0
0
0
0
0
0
0
0
14.5456
0
0
0
0
0
0
0
-2.4449
0
0
0
0
0
0
0
0
0
0
0
0
0
0
0
0
0
0
0
0
0
0
0
0
0
0
0
0
0
0
0
0
0
0
0
0
0
0
0
0
0
0
0
0
0
0
0
0
0
0
0
0
0
0
0
0
0
0
0
0
-1.4269
0
0
0
0
0
0
0
-1.3808
0
0
0
0
0
0
0
0
0
0
0
0
0
0
0
0
0
0
-1.4863
0
0
0
0
0
0
0
0
0
0
0
0
0
0
0
0
0
0
0
0
16.6215
0
0
-2.3573
0
0
0
0
0
0
0
0
0
0
0
0
0
0
-2.796
0
0
0
0
-0.23868
0
-3.3461
0
0
0
0
0
0
0
0
0
0
0
0
-3.5895
0
0
0
0
0
0
0
0
0
0
0
0
0
0
0
0
0
0
0
-1.4119
-1.4622
-1.4625
-1.4541
-1.4368
0
-1.4343
0
0
0
0
0
0
0
0
0
0
0
0
0
0
0
0
0
0
0
0
0
0
0
0
0
0
0
0
0
0
0
0
0
0
0
0
0
0
0
0
0
0
0
0
0
0
0
0
0
0
0
0
15.8866
0
0
0
0
0
0
0
0
0
0
0
0
0
0
0
0
0
0
0
0
0
0
0
0
0
0
0
0
0
0
0
0
0
-3.6451
0
0
0
-3.5797
0
0
0
0
0
0
0
0
0
0
0
0
0
0
0
0
0
0
0
0
0
0
0
0
0
0
0
0
0
0
-1.5001
0
0
0
0
0
0
0
0
0
0
0
-1.4893
0
-1.4973
0
0
0
0
0
0
0
0
0
0
0
0
0
0
0
0
0
0
0
0
0
0
0
0
0
0
0
0
0
0
0
0
0
17.685
0
0
0
0
0
-2.766
0
0
0
0
0
0
0
0
0
0
0
0
0
0
0
0
0
0
0
0
-3.57
-3.4926
0
0
0
0
0
0
0
0
-3.3695
0
0
0
0
0
0
0
0
0
0
0
0
0
0
0
0
0
0
-2.4352
0
-2.4839
0
-2.4521
0
0
0
0
0
0
0
0
0
0
0
0
0
0
0
0
0
0
0
0
0
0
0
0
0
0
0
0
0
0
0
0
0
0
0
0
0
0
0
0
0
0
0
-2.2447
0
0
0
0
0
0
0
0
0
-2.3573
0
0
11.9733
0
0
0
0
0
0
0
0
0
0
0
0
0
0
0
0
0
0
0
0
0
0
0
0
0
0
0
0
0
0
0
0
0
0
0
0
0
0
0
0
0
0
0
0
0
0
0
0
0
0
0
0
0
0
0
-2.2345
0
0
0
0
0
0
0
0
0
0
0
0
0
0
-2.1468
0
0
0
0
0
0
0
-2.1047
0
0
0
0
0
0
0
0
0
0
0
0
0
0
0
0
0
0
0
0
0
0
0
0
0
0
0
0
0
0
0
0
0
0
0
0
0
13.7364
0
0
0
0
0
0
-3.3078
0
0
0
0
0
0
0
0
0
0
0
0
0
-3.9426
0
0
0
0
0
0
0
0
0
0
0
0
0
0
0
0
0
0
0
0
0
0
0
0
0
0
0
0
0
0
0
0
0
0
0
-2.1344
0
-2.1369
0
0
0
0
0
0
0
0
0
0
-2.0638
0
0
0
0
0
0
0
0
0
0
0
0
0
0
0
0
0
0
0
0
0
0
0
0
0
0
0
0
-2.012
0
0
0
0
0
0
0
0
0
0
0
0
0
0
0
0
0
12.1118
0
0
0
0
0
0
0
0
0
0
0
0
0
0
0
0
0
0
0
0
0
0
0
0
0
0
0
0
0
0
0
0
0
0
0
0
-3.7647
0
0
0
0
0
0
0
0
0
0
0
0
0
0
0
0
0
0
0
0
0
0
0
0
0
0
0
0
0
0
0
0
0
0
0
0
0
0
0
0
0
0
0
0
0
0
0
0
0
0
0
0
0
0
0
0
0
0
0
0
0
0
0
0
0
0
0
0
0
0
-1.9833
0
0
0
0
0
0
0
0
16.8979
0
0
0
0
0
0
0
-3.1579
0
0
0
0
-3.3783
0
0
0
0
0
0
0
0
0
0
0
0
0
0
0
-3.9436
0
0
0
0
0
0
0
0
0
0
0
-4.4348
0
0
0
0
0
0
0
0
0
0
-2.8372
0
0
0
-2.8368
0
0
0
0
0
0
0
0
0
0
0
0
0
0
0
0
0
-2.8263
0
0
0
0
0
0
0
0
0
0
0
0
0
0
0
0
0
0
0
0
0
0
0
0
0
0
0
0
0
0
0
0
0
0
-2.4449
0
0
0
0
0
0
0
10.9452
0
0
0
0
0
0
0
0
0
0
0
0
0
0
0
0
0
0
0
0
0
0
0
0
0
0
0
0
0
0
0
0
0
0
0
0
0
0
0
0
0
0
0
0
0
0
0
0
0
0
0
0
0
0
0
0
0
0
0
0
0
0
-2.9136
0
0
0
0
0
0
0
0
-2.9546
0
0
0
0
0
0
0
0
0
0
0
0
0
0
0
0
0
0
0
0
0
0
0
0
0
0
0
0
0
0
0
0
0
0
0
0
0
0
-2.766
0
0
0
0
0
11.5483
-2.914
0
0
0
0
0
0
0
0
0
0
0
0
0
0
0
0
0
0
0
0
0
0
0
0
0
0
0
0
0
0
0
0
0
0
0
0
0
0
0
0
0
0
0
0
0
0
0
0
0
0
0
0
0
0
0
0
0
0
0
0
0
0
0
0
0
0
0
0
0
0
0
0
0
0
-2.4354
0
0
0
0
0
0
0
0
0
0
0
0
0
0
0
0
0
0
0
0
0
0
0
0
0
0
0
0
0
0
0
0
0
0
0
0
0
0
0
-2.914
12.7134
0
0
0
0
0
0
0
-3.5913
0
0
0
0
0
0
-3.7726
0
0
0
0
0
0
0
0
0
0
0
0
0
0
0
0
0
0
0
0
0
0
0
0
0
0
0
0
0
0
0
0
0
0
0
0
0
0
0
0
0
0
0
0
0
0
0
0
-2.8042
0
0
0
0
0
0
0
-2.7672
0
0
0
0
0
0
0
0
0
0
0
0
0
0
0
0
0
0
0
0
0
0
0
0
0
0
0
0
-2.5578
0
0
0
0
0
0
0
0
0
0
0
0
0
0
0
9.6181
0
0
0
0
0
0
0
0
0
0
0
0
-1.4889
0
0
0
0
0
0
0
0
0
0
0
0
0
0
0
0
0
0
0
0
0
0
0
0
0
0
0
0
0
0
0
0
0
0
0
0
0
0
0
0
0
0
0
-3.1937
0
0
0
0
0
0
0
0
0
0
0
0
0
0
0
0
0
0
0
0
0
0
0
0
0
0
0
0
0
0
0
0
0
0
0
0
0
0
0
0
0
0
0
0
0
0
0
0
0
0
0
0
-3.3078
0
0
0
0
0
0
10.4419
0
0
0
0
0
-3.9404
0
0
0
0
0
0
0
0
0
0
0
0
0
0
0
0
0
0
0
0
0
0
0
0
0
0
0
0
0
0
0
0
0
0
0
0
0
0
0
0
0
0
0
0
0
0
0
0
0
-3.1302
0
0
0
0
0
0
0
0
0
0
0
0
0
0
0
0
0
0
0
0
0
0
0
0
0
-2.9691
0
0
0
0
0
0
0
0
0
0
0
0
0
0
0
0
0
0
0
0
0
0
0
0
0
0
0
0
0
0
0
0
0
0
10.1214
0
0
0
0
0
0
0
0
0
0
0
0
0
0
0
0
0
0
0
0
0
-4.022
0
0
0
0
0
0
0
0
0
0
0
0
0
0
0
0
0
0
0
0
0
0
0
0
0
0
0
0
0
0
0
0
0
0
0
0
0
0
0
0
-3.7589
0
0
0
0
0
0
0
0
0
0
0
0
0
0
0
0
0
0
0
0
0
0
0
0
0
0
0
0
0
-3.3252
0
0
0
0
0
0
0
0
0
0
0
0
0
0
0
0
0
0
0
0
0
0
0
10.8574
0
0
-3.7733
0
0
0
0
0
0
0
0
0
0
0
0
0
0
0
0
0
0
0
0
0
0
0
0
0
0
0
0
0
0
0
0
0
0
0
0
0
0
0
0
0
0
0
0
0
0
0
0
0
0
0
0
0
0
0
0
0
0
0
0
0
0
0
0
0
0
0
0
0
0
0
0
0
0
0
0
0
0
0
0
0
0
0
0
0
0
0
0
-2.7845
0
0
0
0
0
0
0
0
0
0
0
0
0
0
0
0
-3.1579
0
0
0
0
0
0
0
9.9384
0
0
0
0
0
0
0
0
0
0
0
0
0
0
0
0
0
0
0
0
0
0
0
0
0
0
0
-3.996
0
0
0
0
0
0
0
0
0
0
0
0
0
0
0
0
0
0
0
0
0
0
0
0
0
0
0
0
0
0
0
0
0
-3.0616
0
0
0
0
0
0
0
0
0
0
0
0
0
0
0
0
0
0
0
0
0
0
0
0
0
0
0
0
0
0
0
0
-2.7857
0
0
0
0
0
0
0
0
0
0
0
0
0
0
0
0
0
0
0
0
0
9.9447
0
0
0
0
0
0
0
0
0
0
0
0
0
0
0
0
0
0
-4.0975
0
0
0
0
0
0
0
0
0
0
0
0
0
0
0
0
0
0
0
0
0
0
0
0
0
-3.8424
0
0
0
0
0
0
0
0
0
0
0
0
0
0
0
0
0
0
0
0
0
0
0
0
0
0
0
0
0
0
0
0
0
0
0
0
0
0
0
-3.4791
0
0
0
0
0
0
0
0
0
0
0
0
0
0
0
0
0
0
0
0
0
0
0
0
0
0
0
0
-3.7733
0
0
11.0949
0
0
0
0
0
0
0
0
0
0
0
0
0
0
0
0
0
0
0
0
0
0
0
0
0
0
0
0
0
0
0
0
0
0
0
0
0
0
0
0
0
0
0
0
0
0
0
0
0
0
0
0
0
0
0
0
0
0
0
0
0
0
0
0
0
0
0
0
0
0
0
0
0
0
0
0
0
0
0
0
0
0
0
0
0
0
0
0
0
0
0
0
0
0
0
-2.4741
0
0
0
0
0
0
0
0
0
0
0
0
-3.5913
0
-3.9404
0
0
0
0
0
10.0057
0
0
0
0
0
0
0
0
0
0
0
0
0
0
0
0
0
0
0
0
0
0
0
0
0
0
0
0
0
0
0
0
0
0
0
0
0
0
0
0
0
0
0
0
0
0
0
-3.2348
0
0
0
0
0
0
0
0
0
0
0
0
0
0
0
0
0
0
0
0
0
0
0
0
0
0
0
0
0
0
0
0
0
0
0
0
0
0
0
0
0
0
0
0
0
0
0
0
0
0
-2.796
0
0
0
0
0
0
0
0
0
0
0
0
0
0
0
0
0
9.45
0
0
-3.4192
0
0
0
0
0
0
0
0
0
0
0
0
0
0
0
0
0
0
0
0
0
0
0
0
0
0
0
0
0
0
0
0
0
0
0
0
0
0
0
0
0
0
0
0
0
0
0
0
0
0
0
0
0
0
0
0
0
0
0
0
0
0
0
0
0
0
0
0
0
0
0
0
0
0
0
0
0
0
0
0
0
0
0
0
0
0
0
0
0
-2.7329
0
0
0
0
0
0
0
0
0
0
-3.3783
0
0
0
0
0
0
0
0
0
0
0
0
10.3204
0
0
0
0
0
0
0
0
0
0
0
0
0
0
0
0
0
0
0
0
0
0
0
-4.2092
0
0
0
0
0
0
0
0
0
0
0
0
0
0
0
0
0
0
0
0
0
0
0
0
0
0
0
0
-2.0079
0
0
0
0
0
0
0
0
0
0
0
0
0
0
0
0
0
0
0
0
0
0
0
0
0
0
0
0
0
0
0
0
0
0
0
0
0
0
-1.8398
0
0
0
0
0
0
0
0
0
0
0
0
0
0
0
0
0
0
0
0
0
0
0
0
8.5921
0
0
0
0
0
0
0
0
0
0
0
0
0
0
0
0
0
0
0
0
0
0
0
0
0
0
0
0
-4.7444
0
0
0
0
0
0
0
0
0
0
0
0
0
0
0
0
0
0
0
0
0
0
0
0
0
0
0
0
0
0
0
0
0
0
0
0
0
0
0
0
0
0
0
0
0
0
0
0
-0.67158
0
0
0
0
0
0
0
0
0
0
0
0
0
0
0
0
0
0
0
0
0
0
0
0
0
0
0
0
0
0
0
0
0
0
0
-3.4192
0
0
9.0349
0
0
0
0
0
0
0
0
0
0
0
0
0
0
0
0
0
0
0
0
0
0
0
0
0
0
0
0
0
0
0
0
-4.9441
0
0
0
0
0
0
0
0
0
-3.6114
0
-3.6226
0
0
0
0
0
0
0
0
0
0
0
0
0
0
0
0
0
0
0
0
0
0
0
0
0
0
0
0
0
0
0
0
0
0
0
0
0
0
0
-3.094
0
0
0
0
0
0
0
0
0
0
0
0
0
0
0
0
0
0
0
0
0
0
0
0
0
0
0
0
0
0
0
10.328
0
0
0
0
0
0
0
0
0
0
0
0
0
0
0
0
0
0
0
0
0
0
0
0
0
0
0
0
0
0
0
0
0
0
0
0
0
0
0
0
0
0
0
0
0
0
0
0
0
0
0
0
0
0
0
0
0
0
0
0
0
0
0
0
0
0
0
0
0
0
0
0
0
0
0
0
0
0
0
0
0
0
0
0
0
0
0
0
0
0
0
0
0
-0.23868
0
0
0
0
0
0
0
0
0
-1.4889
0
0
0
0
0
0
0
0
0
0
0
0
6.3812
0
0
0
0
0
0
0
0
0
0
0
0
0
0
0
0
0
0
0
0
0
0
0
0
0
0
0
0
0
-4.6537
0
0
0
0
0
0
0
0
0
0
0
0
0
0
0
0
0
0
0
0
0
0
0
0
0
0
0
0
0
0
0
0
0
0
0
0
0
0
0
0
0
0
0
0
0
0
0
0
0
0
0
0
0
0
0
0
0
0
0
0
0
0
0
0
0
0
0
0
0
0
0
-3.7726
0
0
0
0
0
0
0
0
0
0
0
0
0
0
8.5278
0
-4.7552
0
0
0
0
0
0
0
0
0
0
0
0
0
0
0
0
0
0
0
0
0
0
0
0
0
0
0
0
0
0
0
0
0
0
0
0
0
0
0
0
0
0
0
0
0
0
0
0
0
0
0
0
0
0
0
0
0
0
0
0
0
0
0
0
0
0
0
0
0
0
0
0
0
0
0
0
0
0
0
0
0
0
0
0
0
0
0
0
0
-3.3461
0
0
0
-3.9426
0
0
0
0
0
0
0
0
0
0
0
0
0
0
0
0
0
0
0
0
7.2887
0
0
0
0
0
0
0
0
0
0
0
0
0
0
0
0
0
0
0
0
0
0
0
0
0
0
0
0
0
0
0
0
0
0
0
0
0
0
0
0
0
0
0
0
0
0
0
0
0
0
0
0
0
0
0
0
0
0
0
0
0
0
0
0
-3.3481
0
0
0
0
0
0
0
0
0
0
0
0
0
0
0
0
0
0
0
0
0
0
0
0
0
0
0
0
0
0
0
0
0
0
0
0
0
0
0
0
0
0
0
0
0
0
0
0
0
-4.7552
0
8.1033
0
0
0
0
0
0
0
0
0
0
0
0
0
0
0
0
0
0
0
0
0
0
0
0
0
0
0
0
0
0
0
0
0
0
0
0
0
0
0
0
0
0
0
0
0
0
0
0
0
0
0
0
0
0
0
0
0
0
0
0
0
-4.2923
0
0
0
0
0
0
0
0
0
0
0
0
0
-3.9512
0
0
0
0
0
0
0
0
0
0
0
0
0
0
0
0
0
0
0
0
0
0
0
0
0
0
0
0
0
0
0
0
0
0
0
0
0
0
0
0
8.2435
0
0
0
0
0
0
0
0
0
0
0
0
0
0
0
0
0
0
0
0
0
0
0
0
0
0
0
0
0
0
-4.744
-4.7741
0
0
0
0
0
0
0
0
0
0
0
0
0
0
0
0
0
0
0
0
0
0
0
0
0
0
0
0
0
0
0
0
0
0
0
0
0
0
0
0
0
0
0
0
0
0
0
0
0
0
0
0
0
0
0
0
0
0
0
0
0
0
0
0
0
0
0
0
0
0
0
0
0
0
0
0
0
0
0
0
0
0
0
0
9.5181
0
0
0
0
0
0
0
0
0
0
0
0
0
0
0
0
0
0
0
0
0
0
0
0
0
0
0
0
0
0
0
0
0
0
0
0
0
0
0
0
0
0
0
0
0
0
0
0
0
0
0
0
0
0
0
0
0
0
0
0
0
0
0
0
0
0
0
0
0
0
0
0
0
0
0
0
0
0
0
0
0
0
0
0
0
0
0
0
0
-3.57
0
0
0
0
0
0
0
0
0
0
0
0
0
0
0
0
0
0
0
0
0
0
0
0
0
0
8.3747
0
0
0
0
0
0
0
-4.8046
0
0
0
0
0
0
0
0
0
0
0
0
0
0
0
0
0
0
0
0
0
0
0
0
0
0
0
0
0
0
0
0
0
-4.2208
0
0
0
0
0
0
0
0
0
0
0
0
0
0
0
0
0
0
0
0
0
0
0
0
0
0
0
0
0
0
0
0
0
0
0
0
0
0
0
0
0
0
0
0
0
0
-3.4926
0
0
0
0
0
0
0
0
0
0
0
0
0
0
0
0
0
0
0
0
0
0
0
0
0
0
0
7.7134
0
0
0
0
0
0
0
0
0
0
0
0
0
0
0
0
0
0
0
0
0
0
0
0
0
0
0
0
0
0
0
0
-4.6741
0
0
0
0
0
0
0
0
0
0
0
0
0
0
0
-4.5726
0
0
0
0
0
0
0
0
0
0
0
0
0
0
0
0
0
0
0
0
0
0
0
0
0
0
0
0
0
0
0
0
0
0
0
0
0
0
0
0
0
0
0
0
0
0
0
0
0
0
0
0
0
0
0
0
0
0
0
0
0
0
0
0
0
0
0
9.2467
0
0
0
0
0
0
0
0
0
0
0
0
0
0
0
0
0
0
0
0
0
0
0
0
0
0
0
0
0
0
0
0
0
0
0
0
0
0
0
0
0
0
0
0
0
0
0
0
0
0
0
0
0
0
0
0
0
0
0
0
0
0
0
0
0
0
0
0
0
0
0
0
0
0
0
0
0
0
0
0
0
0
-3.6914
0
0
0
0
0
0
0
0
0
0
0
0
0
0
0
0
0
0
0
0
0
0
0
0
0
0
0
0
0
0
0
0
0
8.4915
0
0
0
0
0
-4.8001
0
0
0
0
0
0
0
0
0
0
0
0
0
0
0
0
0
0
0
0
0
0
0
0
0
0
0
0
0
0
0
0
0
0
0
0
0
0
0
0
0
0
0
0
0
0
0
0
0
0
0
0
0
0
0
-4.6062
0
0
0
0
0
0
0
0
0
0
0
0
0
0
0
0
0
-3.6251
0
0
0
0
0
0
0
0
0
0
0
0
0
0
0
0
0
0
0
0
0
0
0
0
0
0
0
0
0
0
0
0
0
0
0
0
8.2312
0
0
0
0
0
0
0
0
0
0
0
0
0
0
0
0
0
0
0
0
0
0
0
0
0
0
0
0
0
0
0
0
0
0
0
0
0
0
0
0
0
0
0
0
0
0
0
0
0
0
0
0
0
0
0
0
0
0
0
0
0
0
0
0
0
0
0
0
0
0
0
0
0
0
0
0
0
0
0
0
0
0
0
0
0
0
0
0
0
0
0
0
0
0
-4.022
0
0
-4.0975
0
0
0
0
0
0
0
0
0
0
0
0
0
0
0
0
0
0
8.1195
0
0
0
0
0
0
0
0
0
0
0
0
0
0
0
0
0
0
0
0
0
0
0
0
0
0
0
0
0
0
0
0
0
0
0
0
0
0
0
0
0
0
0
0
0
0
0
0
0
0
0
0
0
0
0
0
0
0
0
0
0
0
0
0
0
0
0
0
0
0
0
0
0
0
0
0
0
0
0
0
0
0
-3.6451
0
0
0
0
-3.9436
0
0
0
0
0
0
0
0
0
0
0
0
0
0
0
0
0
0
0
0
0
0
0
0
0
0
0
0
7.5887
0
0
0
0
0
0
0
0
0
0
0
0
0
0
0
0
0
0
0
0
0
0
0
0
0
0
0
0
0
0
0
0
0
0
0
0
0
0
-3.5547
0
0
0
0
0
0
0
0
0
0
0
0
0
0
0
0
0
0
0
0
0
0
0
0
0
0
0
0
0
0
0
0
0
0
0
0
0
0
0
0
0
0
0
0
0
0
0
0
0
0
0
0
0
0
0
0
0
0
0
0
0
0
0
0
0
0
0
0
0
0
0
0
0
0
0
0
0
8.2292
0
0
0
0
-4.6745
0
0
0
0
0
0
0
0
0
0
0
0
0
0
0
0
0
0
0
0
0
0
0
0
0
0
-4.2718
0
0
0
0
0
0
0
0
0
0
0
0
0
0
0
0
0
0
0
0
0
0
0
0
0
0
0
0
0
0
0
0
0
0
0
0
0
0
0
0
0
0
0
0
0
0
0
0
0
0
0
0
0
0
0
0
0
0
0
0
0
0
0
0
0
0
0
0
0
0
0
0
0
0
0
0
-4.8046
0
0
0
0
0
0
0
9.0764
0
0
0
0
0
0
0
0
0
0
0
0
0
0
0
0
0
0
0
0
0
0
0
0
0
0
0
0
0
0
0
0
0
0
0
0
0
0
0
0
0
0
0
0
0
0
0
0
0
0
0
0
0
0
0
0
0
0
0
0
0
0
0
0
0
0
0
0
0
0
0
0
0
0
0
0
0
0
-3.5895
0
0
0
0
0
0
0
0
0
0
0
0
0
0
0
0
0
0
0
0
0
0
0
0
0
0
0
0
0
0
0
-4.8001
0
0
0
0
0
8.3896
0
0
0
0
0
0
0
0
0
0
0
0
0
0
0
0
0
0
0
0
0
0
0
0
0
0
0
0
0
0
0
0
0
0
0
0
0
0
0
0
0
0
0
0
0
0
0
0
0
0
0
0
0
0
0
0
0
0
0
0
0
0
0
0
0
0
0
0
0
0
0
0
0
0
0
0
0
0
-3.5797
-3.3695
0
0
0
0
0
0
0
0
0
0
0
0
0
0
0
0
0
0
0
0
0
0
0
0
0
0
0
0
0
0
0
0
0
0
0
0
6.9492
0
0
0
0
0
0
0
0
0
0
0
0
0
0
0
0
0
0
0
0
0
0
0
0
0
0
0
0
0
0
0
0
0
0
0
0
0
0
0
0
0
0
0
0
0
0
0
0
-4.3878
0
0
0
0
0
0
0
0
0
0
0
0
0
0
0
0
0
0
0
0
-3.7471
0
0
0
0
0
0
0
0
0
0
0
0
0
0
0
0
0
0
0
0
0
0
0
0
0
0
0
0
0
0
0
0
0
0
0
0
0
0
0
0
0
0
0
0
0
0
8.1349
0
0
0
0
0
0
0
0
0
0
0
0
0
0
0
0
0
0
0
0
0
0
0
0
0
0
0
0
0
0
0
0
0
0
0
0
0
0
0
0
0
0
0
0
0
0
0
0
0
0
0
0
0
0
0
0
0
0
0
0
0
0
0
0
0
0
0
0
0
0
0
0
0
0
0
0
0
0
0
0
0
0
0
0
0
0
0
0
0
0
0
0
0
0
0
0
0
0
0
0
0
0
0
0
0
0
0
0
0
0
0
-4.6745
0
0
0
0
9.3053
0
0
-4.6308
0
0
0
0
0
0
0
0
0
0
0
0
0
0
0
0
0
0
0
0
0
0
0
0
0
0
0
0
0
0
0
0
0
0
0
0
0
0
0
0
0
0
0
0
0
0
0
0
0
0
0
0
0
0
0
0
0
0
0
0
0
0
0
0
0
0
0
0
0
0
0
0
0
0
0
0
-3.7647
0
0
0
0
0
0
0
0
-3.996
0
0
0
0
0
0
0
0
0
0
0
0
0
0
0
0
0
0
0
0
0
0
0
0
0
0
0
7.7607
0
0
0
0
0
0
0
0
0
0
0
0
0
0
0
0
0
0
0
0
0
0
0
0
0
0
0
0
0
0
0
0
0
0
0
0
0
0
0
0
0
0
0
0
0
0
0
0
0
0
0
0
0
0
0
0
0
0
0
0
0
-3.7594
0
0
0
0
0
0
0
0
0
0
0
0
0
0
0
0
0
0
0
0
0
0
0
0
0
0
0
0
0
0
-4.2092
0
0
0
0
0
0
0
0
0
0
0
0
0
0
0
0
0
0
0
0
0
0
0
7.9686
0
0
0
0
0
0
0
0
0
0
0
0
0
0
-3.6692
0
0
0
0
0
0
0
0
0
0
0
0
0
0
0
0
0
0
0
0
0
0
0
0
0
0
0
0
0
0
0
0
0
0
0
0
0
0
0
0
0
0
0
0
0
0
0
0
0
0
0
0
0
0
0
0
0
0
0
0
0
0
0
0
0
0
0
0
0
0
0
0
0
0
0
0
0
0
0
0
0
0
0
0
0
0
0
0
0
0
0
0
0
0
0
0
0
0
-4.6308
0
0
8.3
0
0
0
0
0
0
0
0
0
0
0
0
0
0
0
0
0
0
0
0
-4.5832
0
0
0
0
0
0
0
0
0
0
0
0
0
0
0
0
0
0
0
0
0
0
0
0
0
0
0
0
0
0
0
0
0
0
0
-4.0462
0
0
0
0
0
0
0
0
0
0
0
0
0
0
0
0
0
0
0
0
0
0
0
0
0
0
0
0
0
0
0
0
0
0
0
0
0
0
0
0
0
0
0
0
0
0
0
0
0
0
0
0
0
0
0
0
0
0
0
8.6294
0
0
0
0
0
0
0
0
0
0
0
0
0
0
0
0
0
0
0
0
0
0
0
0
0
0
0
0
0
0
0
0
0
0
0
0
-6.053
0
0
0
0
0
0
0
0
0
0
0
0
0
0
0
0
0
0
0
0
0
0
0
0
0
0
0
0
0
0
0
0
0
0
0
0
0
0
0
0
0
0
0
0
0
0
0
0
0
0
0
0
0
0
0
0
0
0
0
0
0
0
0
0
0
0
0
0
0
0
0
0
0
0
0
0
0
0
0
6.053
0
0
0
0
0
0
0
0
0
0
0
0
0
0
0
0
0
0
0
0
0
0
0
0
0
0
0
0
0
0
0
0
0
0
0
0
0
0
0
0
0
0
0
0
0
0
0
0
0
0
0
0
0
0
0
0
0
0
0
0
0
0
0
0
0
0
0
0
0
0
0
0
0
0
0
-4.4348
0
0
0
0
0
0
0
0
0
0
0
0
0
0
0
0
0
0
0
0
0
0
0
0
0
0
0
0
0
0
0
0
0
0
0
0
0
0
0
0
4.4348
0
0
0
0
0
0
0
0
0
0
0
0
0
0
0
0
0
0
0
0
0
0
0
0
0
0
0
0
0
0
0
0
0
-5.4976
0
0
0
0
0
0
0
0
0
0
0
0
0
0
0
0
0
0
0
0
0
0
0
0
0
0
0
0
0
0
0
0
0
0
0
0
0
0
0
0
0
0
0
0
0
0
0
0
0
0
0
0
0
0
0
0
0
0
0
0
0
0
0
0
0
0
0
0
0
0
0
0
0
0
0
0
0
0
0
0
0
0
5.4976
0
0
0
0
0
0
0
0
0
0
0
0
0
0
0
0
0
0
0
0
0
0
0
0
0
0
0
0
0
0
0
0
0
0
0
0
0
0
0
0
0
0
0
0
0
0
0
0
0
0
0
0
0
0
0
0
0
0
0
0
0
0
0
0
0
0
0
0
0
0
0
0
0
0
0
0
0
0
0
0
0
0
0
0
0
0
0
-4.7444
0
0
0
0
0
0
0
0
0
0
0
0
0
0
0
0
0
0
0
0
0
0
0
0
0
0
0
0
4.7444
0
0
0
0
0
0
0
0
0
0
0
0
0
0
0
0
0
0
0
0
0
0
0
0
0
0
0
0
0
0
0
0
0
0
0
0
0
0
0
0
0
0
0
0
0
0
-3.9021
0
0
0
0
0
0
0
0
0
0
0
0
0
0
0
0
0
0
0
0
0
0
0
0
0
0
0
0
0
0
0
0
0
0
0
0
0
0
0
0
0
0
0
0
0
0
0
0
0
0
0
0
0
0
0
0
0
0
0
0
0
0
0
0
0
0
0
0
0
3.9021
0
0
0
0
0
0
0
0
0
0
0
0
0
0
0
0
0
0
0
0
0
0
0
0
0
0
0
0
0
0
0
0
0
0
0
0
0
-4.468
0
0
0
0
0
0
0
0
0
0
0
0
0
0
0
0
0
0
0
0
0
0
0
0
0
0
0
0
0
0
0
0
0
0
0
0
0
0
0
0
0
0
0
0
0
0
0
0
0
0
0
0
0
0
0
0
0
0
0
0
0
0
0
0
0
0
0
0
0
0
0
0
0
0
0
0
0
0
4.468
0
0
0
0
0
0
0
0
0
0
0
0
0
0
0
0
0
0
0
0
0
0
0
0
0
0
0
-5.4451
0
0
0
0
0
0
0
0
0
0
0
0
0
0
0
0
0
0
0
0
0
0
0
0
0
0
0
0
0
0
0
0
0
0
0
0
0
0
0
0
0
0
0
0
0
0
0
0
0
0
0
0
0
0
0
0
0
0
0
0
0
0
0
0
0
0
0
0
0
0
0
0
0
0
0
0
0
0
0
0
0
0
0
0
0
0
0
0
5.4451
0
0
0
0
0
0
0
0
0
0
0
0
0
0
0
0
0
0
0
0
0
0
0
0
0
0
0
0
0
0
0
0
0
0
0
0
0
0
0
0
0
0
0
0
0
0
0
0
0
0
0
0
0
0
0
0
0
0
0
0
0
0
0
0
0
0
0
0
0
0
0
0
0
0
0
0
0
0
0
0
0
0
0
0
0
0
-4.6537
0
0
0
0
0
0
0
0
0
0
0
0
0
0
0
0
0
0
0
0
0
0
0
0
0
0
0
0
0
4.6537
0
0
0
0
0
0
0
0
0
0
0
0
0
0
0
0
0
0
0
0
0
0
0
0
0
0
0
0
0
0
0
0
0
0
0
0
0
0
0
0
0
0
0
0
0
0
0
0
0
0
0
0
0
0
0
0
0
0
0
0
0
0
0
0
0
0
0
0
0
0
0
0
0
0
0
0
0
0
0
0
0
0
0
-4.9441
0
0
0
0
0
0
0
0
0
0
0
0
0
0
0
0
0
0
0
0
0
0
0
0
0
0
0
0
0
0
0
0
4.9441
0
0
0
0
-6.7035
0
0
0
0
0
0
0
0
0
0
0
0
0
0
0
0
0
0
0
0
0
0
0
0
0
0
0
0
0
0
0
0
0
0
0
0
0
0
0
0
0
0
0
0
0
0
0
0
0
0
0
0
0
0
0
0
0
0
0
0
0
0
0
0
0
0
0
0
0
0
0
0
0
0
0
0
0
0
0
0
0
0
0
0
0
0
0
0
0
0
0
0
0
0
0
0
0
0
0
0
0
0
0
0
0
0
0
0
0
0
0
6.7035
0
0
0
0
0
0
0
0
0
0
0
0
0
0
0
0
0
0
0
0
0
0
0
0
-6.4098
0
0
0
0
0
0
0
0
0
0
0
0
0
0
0
0
0
0
0
0
0
0
0
0
0
0
0
0
0
0
0
0
0
0
0
0
0
0
0
0
0
0
0
0
0
0
0
0
0
0
0
0
0
0
0
0
0
0
0
0
0
0
0
0
0
0
0
0
0
0
0
0
0
0
0
0
0
0
0
0
0
0
0
0
0
0
0
0
0
0
0
6.4098
0
0
0
0
-6.3955
0
0
0
0
0
0
0
0
0
0
0
0
0
0
0
0
0
0
0
0
0
0
0
0
0
0
0
0
0
0
0
0
0
0
0
0
0
0
0
0
0
0
0
0
0
0
0
0
0
0
0
0
0
0
0
0
0
0
0
0
0
0
0
0
0
0
0
0
0
0
0
0
0
0
0
0
0
0
0
0
0
0
0
0
0
0
0
0
0
0
0
0
0
0
0
0
0
0
0
0
0
0
0
0
0
0
0
0
0
0
0
6.3955
