1
0.96145
0.94319
0.93304
0.92691
0.92219
0.91855
0.91532
0.9128
0.90545
0.89871
0.89247
0.88656
0.88099
0.87562
0.87053
0.86558
0.86089
0.85636
0.85208
0.84795
0.84401
0.8402
0.83657
0.83311
0.82981
0.82668
0.82371
0.82089
0.81821
0.81566
0.81324
0.81093
0.80873
0.80662
0.8046
0.80266
0.80078
0.79895
0.79716
0.7954
0.79366
0.79195
0.79024
0.78855
0.78686
0.78515
0.7834
0.78159
0.7797
0.77775
0.77577
0.77382
0.77195
0.77021
0.76859
0.76711
0.76574
0.76448
0.7633
0.76221
0.76116
0.76015
0.75916
0.75815
0.75712
0.75604
0.7549
0.75368
0.75239
0.75103
0.7496
0.74814
0.74665
0.74517
0.74371
0.7423
0.74094
0.73965
0.73844
0.7373
0.73623
0.73522
0.73427
0.73336
0.73249
0.73165
0.73082
0.72999
0.72917
0.72832
0.72746
0.72656
0.72561
0.7246
0.72353
0.72237
0.72113
0.71979
0.71837
0.71686
