1
0.97472
0.97095
0.96908
0.96784
0.96692
0.96562
0.96451
0.96341
0.9625
0.96145
0.95948
0.95742
0.95533
0.95323
0.95115
0.94906
0.94703
0.94506
0.94318
0.94138
0.93966
0.938
0.9364
0.93485
0.93336
0.93191
0.9305
0.92913
0.92779
0.92648
0.9252
0.92394
0.92271
0.92149
0.92029
0.91911
0.91795
0.9168
0.91567
0.91454
0.91344
0.91234
0.91125
0.91018
0.90912
0.90808
0.90704
0.90603
0.90502
0.90404
0.90306
0.9021
0.90116
0.90023
0.89931
0.89841
0.89752
0.89664
0.89577
0.89491
0.89405
0.89321
0.89237
0.89155
0.89072
0.88991
0.88911
0.88831
0.88752
0.88673
0.88595
0.88518
0.88441
0.88364
0.88288
0.88212
0.88137
0.88063
0.87988
0.87914
0.8784
0.87767
0.87694
0.87621
0.87549
0.87476
0.87404
0.87332
0.8726
0.87189
0.87117
0.87046
0.86974
0.86903
0.86832
0.86762
0.86691
0.86621
0.86551
0.86481
0.86411
0.86341
0.86272
0.86203
0.86133
0.86064
0.85995
0.85926
0.85858
0.85789
0.85721
0.85653
0.85585
0.85517
0.85449
0.85382
0.85315
0.85248
0.85181
0.85114
0.85048
0.84981
0.84915
0.8485
0.84784
0.84719
0.84653
0.84588
0.84524
0.84459
0.84395
0.84331
0.84267
0.84203
0.8414
0.84077
0.84013
0.83951
0.83888
0.83826
0.83764
0.83702
0.83641
0.83579
0.83518
0.83457
0.83397
0.83336
0.83276
0.83216
0.83155
0.83095
0.83034
0.82974
0.82913
0.82853
0.82792
0.82731
0.8267
0.82609
0.82547
0.82485
0.82422
0.82359
0.82295
0.8223
0.82165
0.82099
0.82032
0.81964
0.81896
0.81826
0.81756
0.81685
0.81614
0.81541
0.81467
0.81393
0.81318
