1
0.95697
0.94015
0.93077
0.92285
0.91625
0.90483
0.89377
0.8834
0.8737
0.86457
0.85594
0.84765
0.83954
0.83151
0.82349
0.81549
0.80767
0.8003
0.79369
0.78807
0.78344
0.77952
0.7759
0.77236
0.76879
0.76514
0.7614
0.75761
0.75388
0.75025
0.74676
0.74337
0.74001
0.73665
0.73331
0.73
0.72681
0.72375
0.72084
0.71807
0.71542
0.71286
0.71033
0.70778
0.70515
0.70247
0.69973
0.69693
0.69409
0.69121
0.68832
0.68544
0.68256
0.67971
0.67688
0.67408
0.67131
0.66859
0.66589
0.66322
0.66057
0.65795
0.65536
0.65281
0.65031
0.64788
0.64552
0.64322
0.64098
0.63879
0.63664
0.63453
0.63246
0.63042
0.62842
0.62646
0.62454
0.62268
0.62087
0.61912
0.61745
0.61586
0.61437
0.61298
0.61169
0.6105
0.60941
0.60842
0.60751
0.60669
0.60595
0.60529
0.60471
0.60419
0.60375
0.60337
0.60304
0.60275
0.60249
0.60225
0.60201
0.60177
0.60152
0.60125
0.60095
0.60063
0.60027
0.59988
0.59946
0.599
0.59851
0.59799
0.59743
0.59683
0.5962
0.59555
0.59487
0.59417
0.59346
0.59276
0.59206
0.59137
0.59068
0.58999
0.5893
0.5886
0.58787
0.58712
0.58634
0.58555
