1
0.97299
0.9653
0.96084
0.95832
0.95633
0.95454
0.9531
0.9517
0.95055
0.94935
0.94838
0.94744
0.94666
0.9442
0.94181
0.93942
0.93704
0.93463
0.93223
0.92982
0.92745
0.92509
0.92278
0.92052
0.91831
0.91612
0.91394
0.91179
0.90964
0.9075
0.90537
0.90322
0.90105
0.89885
0.89662
0.89435
0.89207
0.88978
0.88753
0.88534
0.88323
0.88123
0.87935
0.8776
0.87597
0.87446
0.87306
0.87176
0.87057
0.86946
0.86843
0.86745
0.86651
0.8656
0.86469
0.86377
0.86282
0.86184
0.86081
0.85973
0.85859
0.8574
0.85616
0.85487
0.85356
0.85223
0.8509
0.84957
0.84827
0.84699
0.84575
0.84454
0.84337
0.84224
0.84115
0.84009
0.83906
0.83806
0.83709
0.83613
0.8352
0.83428
0.83338
0.83249
0.83161
0.83073
0.82986
0.829
0.82813
0.82727
0.8264
0.82553
0.82466
0.82379
0.82292
0.82204
0.82116
0.82028
0.81939
0.81851
0.81762
0.81673
0.81583
0.81493
0.81402
0.81311
0.81219
0.81127
0.81034
0.8094
0.80845
0.8075
0.80655
0.80558
0.80461
0.80364
0.80265
0.80166
0.80067
0.79967
0.79867
0.79765
0.79664
0.79561
0.79458
0.79354
0.7925
0.79145
0.79039
0.78933
0.78826
0.78718
0.7861
0.78501
0.78391
0.78281
0.7817
0.78057
0.77944
0.7783
0.77715
0.776
0.77483
0.77365
0.77246
0.77127
0.77006
0.76885
0.76763
0.76641
