63.6471
-0.8981
-0.87327
-0.89988
-0.89831
-0.89831
-0.89832
-0.88369
-0.8837
-0.87456
-0.87461
-0.87462
-0.88188
-0.87457
-0.8466
-0.89051
-0.85018
-0.84896
-0.89344
-0.88711
-0.8675
-0.85765
-0.86526
-0.86424
-0.86424
-0.8721
-0.87562
-0.87057
-0.87056
-0.86378
-0.87512
-0.85845
-0.86746
-0.88014
-0.85886
-0.86558
-0.86069
-0.86258
-0.85668
-0.88089
-0.89966
-0.87696
-0.87825
-0.88136
-0.88136
-0.85443
-0.85444
-0.87751
-0.87035
-0.87233
-0.90126
-0.90132
-0.88922
-0.88922
-0.84337
-0.85714
-0.8529
-0.86027
-0.90147
-0.9351
-0.91397
-0.9242
-0.90055
-0.87607
-0.96264
-0.94674
0
0
-1.7375
0
0
0
0
0
-0.82541
0
0
0
0
0
0
0
0
0
0
0
0
0
0
-3.9135
0
0
0
0
0
0
0
0
0
0
0
0
0
0
0
0
0
0
0
0
0
0
0
0
0
0
0
0
0
0
0
0
0
0
0
-0.8981
73.9574
-0.89763
-0.92705
-0.92222
-0.92222
-0.92223
-0.9055
-0.9055
-0.89829
-0.89833
-0.89835
-0.90564
-0.89829
-0.87016
-0.91696
-0.8742
-0.87277
-0.91917
-0.9132
-0.89146
-0.88152
-0.889
-0.88748
-0.8875
-0.89597
-0.89968
-0.89438
-0.89439
-0.88756
-0.89853
-0.88221
-0.8914
-0.90313
-0.88342
-0.89003
-0.88457
-0.88639
-0.88046
-0.90389
-0.92318
-0.90115
-0.90285
-0.9053
-0.90531
-0.87823
-0.87823
-0.90188
-0.89425
-0.89807
-0.92467
-0.92471
-0.91325
-0.91324
-0.8661
-0.88299
-0.87673
-0.88333
-0.92569
-0.96197
-0.93663
-0.94858
-0.92478
-0.90021
-0.98474
-0.97128
0
0
0
0
0
0
0
0
0
0
0
0
0
0
0
-2.4796
0
0
0
0
0
0
0
0
0
0
0
0
0
0
0
0
0
0
0
0
0
0
0
0
0
0
0
0
0
0
0
0
0
0
0
0
0
-6.3859
0
0
0
0
-6.3859
-0.87327
-0.89763
62.1385
-0.89879
-0.89562
-0.89562
-0.89563
-0.88318
-0.88318
-0.87404
-0.87409
-0.8741
-0.88151
-0.87403
-0.84602
-0.89043
-0.84952
-0.84837
-0.89318
-0.88769
-0.86723
-0.8568
-0.86473
-0.8639
-0.8639
-0.87147
-0.86829
-0.86987
-0.86987
-0.8631
-0.8745
-0.85773
-0.86707
-0.87946
-0.85835
-0.86504
-0.86011
-0.86185
-0.85597
-0.8803
-0.89874
-0.87724
-0.87771
-0.88059
-0.88059
-0.8537
-0.8537
-0.87654
-0.86957
-0.87154
-0.90111
-0.90116
-0.88843
-0.88843
-0.84409
-0.85982
-0.85242
-0.86039
-0.90093
-0.93524
-0.91543
-0.92367
-0.90004
-0.87566
-0.9568
-0.94659
0
0
0
0
0
0
0
0
0
-3.2197
0
0
0
0
-1.7931
0
0
0
0
0
0
0
0
0
0
0
0
0
0
0
0
0
0
0
0
0
0
0
0
0
0
0
0
0
0
0
0
0
0
0
0
0
0
0
0
0
0
0
0
-0.89988
-0.92705
-0.89879
68.2347
-0.92605
-0.92604
-0.92607
-0.90957
-0.90957
-0.89935
-0.89941
-0.89941
-0.90684
-0.89935
-0.87124
-0.918
-0.87519
-0.87367
-0.92061
-0.91552
-0.89383
-0.8824
-0.89018
-0.8899
-0.88991
-0.89702
-0.90091
-0.89539
-0.89539
-0.88854
-0.90015
-0.88318
-0.89295
-0.90559
-0.88469
-0.89117
-0.88635
-0.88757
-0.8816
-0.90641
-0.92609
-0.90367
-0.90395
-0.90647
-0.90647
-0.87929
-0.87929
-0.90296
-0.89532
-0.88758
-0.92663
-0.92669
-0.91423
-0.91422
-0.86806
-0.8852
-0.87761
-0.88556
-0.92635
-0.9626
-0.93888
-0.94917
-0.92524
-0.90044
-0.98785
-0.97151
0
0
0
0
0
0
0
0
0
0
0
-2.7553
0
0
0
0
0
0
0
0
0
0
0
0
0
-6.6833
0
0
0
0
0
0
0
0
0
0
0
0
0
0
0
0
0
0
0
0
0
0
0
0
0
0
0
0
0
0
0
0
0
-0.89831
-0.92222
-0.89562
-0.92605
65.0856
-0.92379
-0.92381
-0.90622
-0.90622
-0.89632
-0.89636
-0.89638
-0.90376
-0.89632
-0.8681
-0.91369
-0.87209
-0.87057
-0.91659
-0.91127
-0.8901
-0.8796
-0.88705
-0.88634
-0.88635
-0.8939
-0.89775
-0.89231
-0.8923
-0.88547
-0.89692
-0.88011
-0.88951
-0.90194
-0.88141
-0.88788
-0.88254
-0.88425
-0.87829
-0.90274
-0.9225
-0.89994
-0.90069
-0.90312
-0.90312
-0.876
-0.876
-0.89969
-0.89198
-0.89571
-0.92313
-0.92319
-0.91095
-0.91094
-0.86465
-0.88166
-0.87433
-0.88197
-0.92302
-0.95949
-0.93532
-0.9458
-0.92189
-0.89716
-0.98426
-0.96812
0
0
0
0
0
0
0
0
0
0
0
0
0
0
0
0
0
0
0
0
0
0
0
0
0
0
0
0
0
0
0
0
0
0
0
0
0
0
0
0
-6.4905
0
0
0
0
0
0
0
0
0
0
0
0
0
0
0
0
0
0
-0.89831
-0.92222
-0.89562
-0.92604
-0.92379
65.086
-0.92382
-0.90623
-0.90622
-0.89632
-0.89637
-0.89638
-0.90376
-0.89632
-0.86811
-0.9137
-0.87209
-0.87056
-0.9166
-0.91127
-0.89009
-0.8796
-0.88705
-0.88635
-0.88636
-0.8939
-0.89776
-0.89231
-0.89231
-0.88548
-0.89692
-0.88012
-0.88951
-0.90195
-0.88142
-0.88789
-0.88254
-0.88426
-0.8783
-0.90274
-0.92251
-0.89995
-0.90069
-0.90312
-0.90312
-0.87601
-0.87601
-0.89969
-0.89199
-0.89571
-0.92315
-0.9232
-0.91096
-0.91095
-0.86465
-0.88166
-0.87434
-0.88198
-0.92302
-0.95948
-0.93532
-0.9458
-0.9219
-0.89716
-0.98426
-0.96812
0
0
0
0
0
0
0
0
0
0
0
0
0
0
0
0
0
0
0
0
0
0
0
0
0
0
0
0
0
0
0
0
0
0
0
0
0
0
0
0
0
-6.4907
0
0
0
0
0
0
0
0
0
0
0
0
0
0
0
0
0
-0.89832
-0.92223
-0.89563
-0.92607
-0.92381
-0.92382
65.0867
-0.90624
-0.90624
-0.89633
-0.89638
-0.89639
-0.90377
-0.89633
-0.86812
-0.9137
-0.8721
-0.87057
-0.91662
-0.91129
-0.8901
-0.87961
-0.88706
-0.88636
-0.88636
-0.89392
-0.89776
-0.89232
-0.89232
-0.88549
-0.89693
-0.88014
-0.88952
-0.90195
-0.88143
-0.88791
-0.88255
-0.88427
-0.87831
-0.90276
-0.92253
-0.89995
-0.90071
-0.90313
-0.90312
-0.87602
-0.87601
-0.89971
-0.892
-0.89571
-0.92315
-0.92321
-0.91096
-0.91096
-0.86468
-0.88167
-0.87435
-0.88199
-0.92304
-0.9595
-0.93532
-0.94581
-0.92191
-0.89718
-0.98427
-0.96813
0
0
0
0
0
0
0
0
0
0
0
0
0
0
0
0
0
0
0
0
0
0
0
0
0
0
0
0
0
0
0
0
0
0
0
0
0
0
0
0
0
0
0
0
0
0
0
0
0
0
0
0
0
0
0
0
0
-6.4906
0
-0.88369
-0.9055
-0.88318
-0.90957
-0.90622
-0.90623
-0.90624
60.2248
-0.88953
-0.88394
-0.88399
-0.88399
-0.89158
-0.88393
-0.85562
-0.90071
-0.85978
-0.85789
-0.90501
-0.90093
-0.87803
-0.86748
-0.8748
-0.87442
-0.87442
-0.88159
-0.88561
-0.87998
-0.87999
-0.87317
-0.88486
-0.86781
-0.87736
-0.89003
-0.86915
-0.87557
-0.87031
-0.87197
-0.86603
-0.89089
-0.91091
-0.88806
-0.88827
-0.8908
-0.8908
-0.86375
-0.86374
-0.88735
-0.87967
-0.88209
-0.9112
-0.91125
-0.89858
-0.89858
-0.85295
-0.86991
-0.86202
-0.8703
-0.91055
-0.9467
-0.92367
-0.93328
-0.90941
-0.8846
-0.97275
-0.95535
0
0
0
0
0
0
0
0
0
0
0
0
0
0
0
-2.4372
0
0
0
0
0
0
0
0
0
0
0
0
0
0
0
0
0
0
0
0
0
0
0
0
0
0
0
0
0
0
0
0
0
0
0
0
0
0
0
0
0
0
0
-0.8837
-0.9055
-0.88318
-0.90957
-0.90622
-0.90622
-0.90624
-0.88953
60.2248
-0.88394
-0.88398
-0.884
-0.89158
-0.88393
-0.85562
-0.90071
-0.85978
-0.85789
-0.905
-0.90092
-0.87803
-0.86749
-0.8748
-0.87441
-0.87442
-0.88159
-0.88561
-0.87999
-0.87999
-0.87317
-0.88486
-0.86782
-0.87737
-0.89002
-0.86915
-0.87558
-0.87031
-0.87198
-0.86604
-0.89089
-0.91092
-0.88806
-0.88827
-0.8908
-0.89079
-0.86374
-0.86374
-0.88735
-0.87967
-0.88209
-0.9112
-0.91125
-0.89858
-0.89858
-0.85294
-0.86991
-0.86202
-0.8703
-0.91054
-0.9467
-0.92367
-0.93328
-0.9094
-0.88461
-0.97275
-0.95535
0
0
0
0
0
0
0
0
0
0
0
0
0
0
0
-2.4372
0
0
0
0
0
0
0
0
0
0
0
0
0
0
0
0
0
0
0
0
0
0
0
0
0
0
0
0
0
0
0
0
0
0
0
0
0
0
0
0
0
0
0
-0.87456
-0.89829
-0.87404
-0.89935
-0.89632
-0.89632
-0.89633
-0.88394
-0.88394
57.177
-0.87058
-0.8706
-0.88031
-0.87053
-0.84515
-0.89115
-0.84966
-0.84793
-0.89568
-0.89235
-0.8691
-0.85814
-0.86539
-0.86503
-0.86504
-0.87221
-0.8762
-0.87066
-0.87066
-0.86387
-0.87546
-0.8585
-0.86777
-0.88049
-0.85989
-0.86622
-0.86103
-0.86265
-0.85676
-0.88133
-0.90142
-0.87854
-0.87892
-0.88143
-0.88143
-0.8545
-0.8545
-0.87797
-0.87035
-0.87249
-0.90169
-0.90174
-0.88925
-0.88925
-0.84371
-0.86048
-0.85283
-0.86083
-0.90128
-0.93732
-0.91429
-0.92396
-0.90023
-0.87555
-0.96352
-0.94611
0
0
0
0
0
0
0
0
0
0
0
0
0
0
0
0
0
0
0
0
0
0
0
0
0
0
0
0
0
0
0
0
0
0
0
0
0
0
0
0
0
0
0
0
0
0
0
0
0
0
0
0
0
0
0
0
0
0
0
-0.87461
-0.89833
-0.87409
-0.89941
-0.89636
-0.89637
-0.89638
-0.88399
-0.88398
-0.87058
57.1799
-0.87063
-0.88036
-0.87058
-0.84519
-0.8912
-0.84971
-0.84797
-0.89571
-0.8924
-0.86915
-0.85818
-0.86544
-0.86507
-0.86508
-0.87225
-0.87624
-0.8707
-0.8707
-0.86391
-0.8755
-0.85855
-0.86782
-0.88054
-0.85993
-0.86627
-0.86107
-0.8627
-0.8568
-0.88138
-0.90146
-0.87859
-0.87897
-0.88148
-0.88148
-0.85454
-0.85454
-0.87802
-0.87039
-0.87255
-0.90174
-0.90178
-0.8893
-0.88929
-0.84376
-0.86052
-0.85286
-0.86088
-0.90133
-0.93737
-0.91434
-0.92401
-0.90027
-0.87559
-0.96356
-0.94617
0
0
0
0
0
0
0
0
0
0
0
0
0
0
0
0
0
0
0
0
0
0
0
0
0
0
0
0
0
0
0
0
0
0
0
0
0
0
0
0
0
0
0
0
0
0
0
0
0
0
0
0
0
0
0
0
0
0
0
-0.87462
-0.89835
-0.8741
-0.89941
-0.89638
-0.89638
-0.89639
-0.88399
-0.884
-0.8706
-0.87063
57.1807
-0.88036
-0.87059
-0.84521
-0.89121
-0.84973
-0.84798
-0.89573
-0.89242
-0.86916
-0.85819
-0.86544
-0.86508
-0.86509
-0.87227
-0.87626
-0.87072
-0.87071
-0.86392
-0.87551
-0.85856
-0.86784
-0.88055
-0.85994
-0.86628
-0.86109
-0.8627
-0.85682
-0.8814
-0.90148
-0.8786
-0.87897
-0.88148
-0.88148
-0.85455
-0.85455
-0.87803
-0.87041
-0.87256
-0.90174
-0.9018
-0.88931
-0.88931
-0.84377
-0.86053
-0.85287
-0.8609
-0.90134
-0.93739
-0.91435
-0.92403
-0.90029
-0.8756
-0.96359
-0.94618
0
0
0
0
0
0
0
0
0
0
0
0
0
0
0
0
0
0
0
0
0
0
0
0
0
0
0
0
0
0
0
0
0
0
0
0
0
0
0
0
0
0
0
0
0
0
0
0
0
0
0
0
0
0
0
0
0
0
0
-0.88188
-0.90564
-0.88151
-0.90684
-0.90376
-0.90376
-0.90377
-0.89158
-0.89158
-0.88031
-0.88036
-0.88036
57.912
-0.8803
-0.85259
-0.89848
-0.85718
-0.85529
-0.90266
-0.89901
-0.87662
-0.86559
-0.8725
-0.87253
-0.87254
-0.87966
-0.88361
-0.87813
-0.87813
-0.87132
-0.88296
-0.86595
-0.87325
-0.88801
-0.86733
-0.87371
-0.86846
-0.87011
-0.86424
-0.8887
-0.90892
-0.88589
-0.88646
-0.88899
-0.88899
-0.86199
-0.862
-0.88553
-0.87789
-0.88015
-0.90921
-0.90927
-0.89694
-0.89694
-0.85112
-0.86788
-0.86044
-0.86826
-0.90914
-0.94505
-0.92189
-0.93202
-0.90825
-0.88368
0
-0.95435
-1.2205
0
0
0
0
0
0
0
0
0
0
0
0
0
0
0
0
0
0
0
0
0
0
0
0
0
0
0
0
0
0
0
0
0
0
0
0
0
0
0
0
0
0
0
0
0
0
0
0
0
0
0
0
0
0
0
0
0
0
-0.87457
-0.89829
-0.87403
-0.89935
-0.89632
-0.89632
-0.89633
-0.88393
-0.88393
-0.87053
-0.87058
-0.87059
-0.8803
57.1768
-0.84515
-0.89115
-0.84966
-0.84793
-0.89566
-0.89236
-0.86909
-0.85814
-0.86539
-0.86502
-0.86503
-0.87221
-0.8762
-0.87065
-0.87064
-0.86386
-0.87545
-0.85849
-0.86778
-0.8805
-0.85989
-0.86621
-0.86103
-0.86265
-0.85676
-0.88133
-0.90141
-0.87853
-0.87892
-0.88143
-0.88142
-0.8545
-0.8545
-0.87797
-0.87035
-0.8725
-0.90168
-0.90173
-0.88925
-0.88925
-0.84371
-0.86048
-0.85282
-0.86082
-0.90128
-0.93732
-0.91428
-0.92396
-0.90022
-0.87554
-0.96351
-0.94611
0
0
0
0
0
0
0
0
0
0
0
0
0
0
0
0
0
0
0
0
0
0
0
0
0
0
0
0
0
0
0
0
0
0
0
0
0
0
0
0
0
0
0
0
0
0
0
0
0
0
0
0
0
0
0
0
0
0
0
-0.8466
-0.87016
-0.84602
-0.87124
-0.8681
-0.86811
-0.86812
-0.85562
-0.85562
-0.84515
-0.84519
-0.84521
-0.85259
-0.84515
55.5448
-0.86257
-0.82169
-0.82107
-0.86592
-0.86164
-0.83876
-0.82934
-0.83723
-0.83556
-0.83556
-0.84394
-0.84665
-0.84233
-0.84234
-0.83561
-0.84702
-0.83025
-0.83872
-0.85124
-0.83106
-0.83757
-0.83254
-0.83421
-0.82835
-0.85163
-0.87078
-0.84926
-0.84997
-0.85263
-0.85263
-0.82606
-0.82607
-0.84915
-0.84169
-0.84375
-0.87205
-0.8721
-0.86045
-0.86045
-0.81494
-0.83137
-0.82448
-0.8318
-0.87244
-0.9075
-0.88459
-0.89498
-0.87147
-0.84718
0
0
0
0
0
0
0
0
0
0
0
0
-2.0514
0
0
0
0
0
0
0
0
0
0
0
0
0
0
0
0
0
0
0
0
0
0
0
0
0
0
0
0
0
0
0
0
0
0
0
0
0
0
0
0
0
0
0
0
0
0
0
0
-0.89051
-0.91696
-0.89043
-0.918
-0.91369
-0.9137
-0.9137
-0.90071
-0.90071
-0.89115
-0.8912
-0.89121
-0.89848
-0.89115
-0.86257
62.3552
-0.86666
-0.86504
-0.91142
-0.90598
-0.88462
-0.87417
-0.88163
-0.88073
-0.88074
-0.8885
-0.89228
-0.88692
-0.88691
-0.88009
-0.89145
-0.87472
-0.88352
-0.89627
-0.87601
-0.88248
-0.87716
-0.87887
-0.87295
-0.89705
-0.91681
-0.89436
-0.89524
-0.89773
-0.89773
-0.87068
-0.87068
-0.89425
-0.88663
-0.88962
-0.91765
-0.91769
-0.90562
-0.90562
-0.8593
-0.87619
-0.86907
-0.87651
-0.9178
-0.954
-0.92989
-0.94076
-0.91687
-0.89215
0
0
0
0
0
0
0
0
0
0
0
0
0
0
0
0
0
0
0
0
0
0
0
0
0
0
0
0
0
0
0
0
0
0
0
0
0
-6.062
0
0
0
0
0
0
0
0
0
0
0
0
0
0
0
0
0
0
0
0
0
0
0
-0.85018
-0.8742
-0.84952
-0.87519
-0.87209
-0.87209
-0.8721
-0.85978
-0.85978
-0.84966
-0.84971
-0.84973
-0.85718
-0.84966
-0.82169
-0.86666
55.981
-0.8244
-0.87009
-0.86599
-0.84239
-0.83241
-0.84059
-0.83905
-0.83905
-0.84734
-0.8501
-0.84572
-0.84571
-0.83897
-0.85006
-0.83359
-0.84186
-0.85473
-0.83415
-0.84076
-0.83578
-0.8377
-0.83183
-0.85564
-0.8737
-0.85271
-0.85331
-0.85615
-0.85615
-0.82962
-0.82963
-0.84291
-0.84526
-0.84728
-0.87646
-0.8765
-0.86403
-0.86403
-0.81973
-0.83556
-0.82809
-0.83601
-0.87623
-0.91082
-0.89037
-0.89889
-0.87543
0
0
0
0
0
0
0
0
0
0
0
0
0
0
0
0
-3.115
0
0
0
0
0
0
0
0
0
0
0
0
0
0
0
0
0
0
0
0
0
0
0
0
0
0
0
0
0
0
0
0
0
0
0
0
0
0
0
0
0
0
0
0
0
-0.84896
-0.87277
-0.84837
-0.87367
-0.87057
-0.87056
-0.87057
-0.85789
-0.85789
-0.84793
-0.84797
-0.84798
-0.85529
-0.84793
-0.82107
-0.86504
-0.8244
53.6514
-0.86806
-0.8633
-0.84137
-0.83191
-0.83989
-0.83861
-0.83861
-0.84656
-0.84951
-0.84491
-0.84491
-0.83814
-0.84919
-0.83276
-0.84104
-0.85392
-0.83364
-0.84007
-0.83497
-0.83667
-0.83077
-0.85452
-0.8733
-0.85183
-0.85245
-0.85509
-0.85508
-0.82847
-0.82848
-0.85155
-0.84411
-0.8462
-0.87499
-0.87504
-0.86289
-0.86289
-0.81775
-0.83428
-0.82686
-0.83466
-0.87485
-0.9101
-0.8876
-0.89741
-0.87383
-0.84948
0
0
0
0
0
0
0
0
0
0
0
0
0
0
0
0
0
0
0
0
0
0
0
0
0
0
0
0
0
0
0
0
0
0
0
0
0
0
0
0
0
0
0
0
0
0
0
0
0
0
0
0
0
0
0
0
0
0
0
0
0
-0.89344
-0.91917
-0.89318
-0.92061
-0.91659
-0.9166
-0.91662
-0.90501
-0.905
-0.89568
-0.89571
-0.89573
-0.90266
-0.89566
-0.86592
-0.91142
-0.87009
-0.86806
59.5925
-0.91248
-0.88664
-0.87638
-0.88392
-0.88263
-0.88265
-0.89087
-0.89444
-0.8893
-0.88929
-0.88245
-0.89363
-0.87707
-0.88565
-0.89825
-0.8783
-0.88498
-0.87945
-0.88119
-0.87525
-0.89898
-0.91858
-0.89635
-0.89769
-0.90004
-0.90003
-0.87299
-0.87299
-0.89653
-0.88892
-0.8919
-0.91979
-0.91983
-0.908
-0.908
-0.8615
-0.87831
-0.87142
-0.87864
-0.92046
0
-0.93224
-0.94352
0
0
0
0
0
0
0
0
0
0
0
0
0
0
0
0
0
0
0
0
0
0
0
0
0
0
0
0
0
0
0
0
0
0
0
0
0
0
0
0
0
0
0
0
0
0
0
0
0
0
0
0
0
0
0
-5.9038
0
0
0
0
0
0
0
-0.88711
-0.9132
-0.88769
-0.91552
-0.91127
-0.91127
-0.91129
-0.90093
-0.90092
-0.89235
-0.8924
-0.89242
-0.89901
-0.89236
-0.86164
-0.90598
-0.86599
-0.8633
-0.91248
59.9204
-0.88033
-0.87034
-0.87813
-0.87616
-0.87616
-0.88505
-0.88818
-0.8835
-0.8835
-0.87667
-0.88759
-0.87127
-0.87939
-0.89199
-0.87019
-0.87883
-0.87155
-0.87529
-0.86935
-0.89262
-0.91157
-0.88842
-0.89147
-0.89412
-0.89412
-0.86715
-0.86717
-0.89046
-0.88316
-0.88658
-0.91378
-0.91384
-0.90225
-0.90225
-0.85575
-0.86907
-0.8658
-0.87291
0
0
0
0
0
0
0
0
0
0
-1.7476
0
-1.8159
0
0
0
0
0
0
0
0
0
0
0
0
0
0
0
0
0
0
0
0
0
0
0
0
0
0
0
0
0
0
0
0
0
0
0
0
0
0
-5.7838
0
0
0
0
0
0
0
0
0
0
0
0
0
0
0
-0.8675
-0.89146
-0.86723
-0.89383
-0.8901
-0.89009
-0.8901
-0.87803
-0.87803
-0.8691
-0.86915
-0.86916
-0.87662
-0.86909
-0.83876
-0.88462
-0.84239
-0.84137
-0.88664
-0.88033
55.719
-0.84919
-0.85727
-0.85466
-0.85467
-0.8642
-0.86683
-0.86253
-0.86253
-0.8557
-0.86632
-0.85031
-0.85839
-0.87063
-0.85108
-0.85784
-0.8524
-0.85423
-0.84829
-0.87123
-0.88953
-0.86865
-0.8703
-0.87278
-0.87278
-0.84601
-0.84601
-0.86913
-0.86179
-0.86448
-0.89219
-0.89225
-0.88069
-0.88069
-0.83455
-0.85116
-0.84446
-0.85152
-0.89328
0
0
0
0
0
0
0
0
0
0
0
0
0
0
0
0
0
0
0
0
0
0
0
0
0
0
0
0
0
0
0
0
0
0
0
0
0
0
0
0
0
0
0
0
0
0
0
0
0
0
0
0
0
0
0
0
0
0
0
-5.4549
0
0
0
0
0
0
-0.85765
-0.88152
-0.8568
-0.8824
-0.8796
-0.8796
-0.87961
-0.86748
-0.86749
-0.85814
-0.85818
-0.85819
-0.86559
-0.85814
-0.82934
-0.87417
-0.83241
-0.83191
-0.87638
-0.87034
-0.84919
52.6917
-0.84827
-0.84608
-0.84609
-0.8552
-0.85706
-0.85333
-0.85332
-0.84644
-0.85739
-0.84096
-0.84909
-0.86195
-0.84171
-0.84827
-0.84322
-0.8449
-0.83919
-0.8628
-0.8731
-0.86001
-0.86078
-0.86364
-0.86364
-0.83692
-0.83693
-0.85942
-0.85265
-0.85411
-0.88373
-0.88378
-0.87152
-0.87152
-0.82672
-0.8429
-0.83538
-0.84319
0
0
0
0
0
0
0
0
0
-0.98503
0
0
0
0
0
0
0
0
0
0
0
0
0
0
-2.8773
0
0
0
0
0
0
0
0
0
0
0
0
0
0
0
0
0
0
0
0
0
0
0
0
0
0
0
0
0
0
0
0
0
0
0
0
0
0
0
0
0
0
-0.86526
-0.889
-0.86473
-0.89018
-0.88705
-0.88705
-0.88706
-0.8748
-0.8748
-0.86539
-0.86544
-0.86544
-0.8725
-0.86539
-0.83723
-0.88163
-0.84059
-0.83989
-0.88392
-0.87813
-0.85727
-0.84827
51.3694
-0.8542
-0.85421
-0.86307
-0.86571
-0.86137
-0.86137
-0.85442
-0.86565
-0.84894
-0.85576
-0.87059
-0.85006
-0.85662
-0.85123
-0.85296
-0.84707
-0.87092
-0.89023
-0.86814
-0.86911
-0.87163
-0.87163
-0.84482
-0.84482
-0.86801
-0.86058
-0.86284
-0.89156
-0.89161
-0.87962
-0.87962
-0.83396
-0.85065
-0.84328
-0.85098
-0.89197
0
0
0
0
0
0
0
-1.1991
0
0
0
0
0
0
0
0
0
0
0
0
0
0
0
0
0
0
0
0
0
0
0
0
0
0
0
0
0
0
0
0
0
0
0
0
0
0
0
0
0
0
0
0
0
0
0
0
0
0
0
0
0
0
0
0
0
0
-0.86424
-0.88748
-0.8639
-0.8899
-0.88634
-0.88635
-0.88636
-0.87442
-0.87441
-0.86503
-0.86507
-0.86508
-0.87253
-0.86502
-0.83556
-0.88073
-0.83905
-0.83861
-0.88263
-0.87616
-0.85466
-0.84608
-0.8542
54.1619
-0.85182
-0.86123
-0.86366
-0.85948
-0.85948
-0.8526
-0.8632
-0.84718
-0.85533
-0.86769
-0.84799
-0.85468
-0.84927
-0.85106
-0.84512
-0.86832
-0.88652
-0.86571
-0.86708
-0.8696
-0.8696
-0.84282
-0.84283
-0.86597
-0.85858
-0.86102
-0.88906
-0.8891
-0.87748
-0.87748
-0.83146
-0.84817
-0.84126
-0.84854
0
0
0
0
0
0
0
0
0
0
0
0
0
0
0
0
0
0
0
0
0
0
0
0
0
0
0
0
0
0
0
0
0
0
0
0
0
0
0
0
-4.9777
0
0
0
0
0
0
0
0
0
0
0
0
0
0
0
0
0
0
0
0
0
0
0
0
0
0
-0.86424
-0.8875
-0.8639
-0.88991
-0.88635
-0.88636
-0.88636
-0.87442
-0.87442
-0.86504
-0.86508
-0.86509
-0.87254
-0.86503
-0.83556
-0.88074
-0.83905
-0.83861
-0.88265
-0.87616
-0.85467
-0.84609
-0.85421
-0.85182
54.1625
-0.86124
-0.86367
-0.85949
-0.85948
-0.85261
-0.86321
-0.84719
-0.85532
-0.86771
-0.848
-0.85469
-0.84926
-0.85107
-0.84513
-0.86833
-0.88653
-0.86571
-0.86708
-0.8696
-0.86959
-0.84283
-0.84282
-0.86598
-0.85859
-0.86102
-0.88906
-0.88911
-0.87749
-0.87749
-0.83146
-0.84818
-0.84125
-0.84855
0
0
0
0
0
0
0
0
0
0
0
0
0
0
0
0
0
0
0
0
0
0
0
0
0
0
0
0
0
0
0
0
0
0
0
0
0
0
0
0
0
0
0
0
0
0
0
0
0
0
0
0
0
0
0
-4.978
0
0
0
0
0
0
0
0
0
0
0
-0.8721
-0.89597
-0.87147
-0.89702
-0.8939
-0.8939
-0.89392
-0.88159
-0.88159
-0.87221
-0.87225
-0.87227
-0.87966
-0.87221
-0.84394
-0.8885
-0.84734
-0.84656
-0.89087
-0.88505
-0.8642
-0.8552
-0.86307
-0.86123
-0.86124
49.6692
-0.87342
-0.86826
-0.86826
-0.8611
-0.87207
-0.85559
-0.86459
-0.8779
-0.85718
-0.86353
-0.85813
-0.85976
-0.85388
-0.87826
-0.89834
-0.87557
-0.87608
-0.87858
-0.87857
-0.85164
-0.85164
-0.87495
-0.86746
-0.86969
-0.89878
-0.89884
-0.88647
-0.88648
-0.84096
-0.85786
-0.84995
-0.85811
0
0
0
0
0
0
0
0
0
0
0
0
0
0
0
0
0
0
0
0
0
0
0
0
0
0
0
0
0
0
0
0
0
0
0
0
0
0
0
0
0
0
0
0
0
0
0
0
0
0
0
0
0
0
0
0
0
0
0
0
0
0
0
0
0
0
0
-0.87562
-0.89968
-0.86829
-0.90091
-0.89775
-0.89776
-0.89776
-0.88561
-0.88561
-0.8762
-0.87624
-0.87626
-0.88361
-0.8762
-0.84665
-0.89228
-0.8501
-0.84951
-0.89444
-0.88818
-0.86683
-0.85706
-0.86571
-0.86366
-0.86367
-0.87342
51.1591
-0.87219
-0.87219
-0.86512
-0.87534
-0.85959
-0.86836
-0.88189
-0.86083
-0.86735
-0.86207
-0.8638
-0.85792
-0.88097
-0.90138
-0.8793
-0.87987
-0.88275
-0.88275
-0.8558
-0.8558
-0.87855
-0.87174
-0.87376
-0.90299
-0.90304
-0.89136
-0.89136
0
0
0
0
0
0
0
0
0
0
0
0
0
0
0
-1.5328
0
0
0
0
0
-3.1792
0
0
0
0
0
0
0
0
0
0
0
0
0
0
0
0
0
0
0
0
0
0
0
0
0
0
0
0
0
0
0
0
0
0
0
0
0
0
0
0
0
0
0
0
0
0
0
0
0
-0.87057
-0.89438
-0.86987
-0.89539
-0.89231
-0.89231
-0.89232
-0.87998
-0.87999
-0.87066
-0.8707
-0.87072
-0.87813
-0.87065
-0.84233
-0.88692
-0.84572
-0.84491
-0.8893
-0.8835
-0.86253
-0.85333
-0.86137
-0.85948
-0.85949
-0.86826
-0.87219
47.8681
-0.86441
-0.85868
-0.87153
-0.85337
-0.86295
-0.87657
-0.85551
-0.8617
-0.85637
-0.85808
-0.85238
-0.87686
-0.89855
-0.87414
-0.87446
-0.87712
-0.87712
-0.8502
-0.8502
-0.87343
-0.86598
-0.86815
-0.89721
-0.89726
-0.88532
-0.88533
-0.83956
0
-0.8484
0
0
0
0
0
0
0
0
0
0
0
0
0
0
0
0
0
0
0
0
0
0
0
0
0
0
0
0
0
0
0
0
0
0
0
0
0
0
0
0
0
0
0
0
0
0
0
0
0
0
0
0
0
0
0
0
0
0
0
0
0
0
0
0
0
0
0
0
-0.87056
-0.89439
-0.86987
-0.89539
-0.8923
-0.89231
-0.89232
-0.87999
-0.87999
-0.87066
-0.8707
-0.87071
-0.87813
-0.87064
-0.84234
-0.88691
-0.84571
-0.84491
-0.88929
-0.8835
-0.86253
-0.85332
-0.86137
-0.85948
-0.85948
-0.86826
-0.87219
-0.86441
47.868
-0.85867
-0.87153
-0.85337
-0.86295
-0.87656
-0.85551
-0.86169
-0.85637
-0.85806
-0.85239
-0.87686
-0.89854
-0.87413
-0.87447
-0.87712
-0.87713
-0.85019
-0.85019
-0.87342
-0.86598
-0.86815
-0.89721
-0.89727
-0.88532
-0.88532
-0.83954
0
-0.8484
0
0
0
0
0
0
0
0
0
0
0
0
0
0
0
0
0
0
0
0
0
0
0
0
0
0
0
0
0
0
0
0
0
0
0
0
0
0
0
0
0
0
0
0
0
0
0
0
0
0
0
0
0
0
0
0
0
0
0
0
0
0
0
0
0
0
0
0
-0.86378
-0.88756
-0.8631
-0.88854
-0.88547
-0.88548
-0.88549
-0.87317
-0.87317
-0.86387
-0.86391
-0.86392
-0.87132
-0.86386
-0.83561
-0.88009
-0.83897
-0.83814
-0.88245
-0.87667
-0.8557
-0.84644
-0.85442
-0.8526
-0.85261
-0.8611
-0.86512
-0.85868
-0.85867
46.6501
-0.86432
-0.84626
-0.85564
-0.86939
-0.84804
-0.8544
-0.84919
-0.85101
-0.84542
-0.86942
-0.89165
-0.86671
-0.86724
-0.87005
-0.87006
-0.8432
-0.84321
-0.86627
-0.85888
-0.861
-0.88989
-0.88994
-0.87826
-0.87825
-0.8325
0
0
0
0
0
0
0
0
0
0
0
0
0
0
0
0
0
0
0
0
0
0
0
0
0
0
0
0
0
0
0
0
0
0
0
0
0
0
0
0
0
0
0
0
0
0
0
0
0
0
0
0
0
0
0
0
0
0
0
0
0
0
0
0
0
0
0
0
0
0
-0.87512
-0.89853
-0.8745
-0.90015
-0.89692
-0.89692
-0.89693
-0.88486
-0.88486
-0.87546
-0.8755
-0.87551
-0.88296
-0.87545
-0.84702
-0.89145
-0.85006
-0.84919
-0.89363
-0.88759
-0.86632
-0.85739
-0.86565
-0.8632
-0.86321
-0.87207
-0.87534
-0.87153
-0.87153
-0.86432
49.5664
-0.85873
-0.86874
-0.8813
-0.86052
-0.86685
-0.86142
-0.86309
-0.85724
-0.87985
-0.90147
-0.87859
-0.87929
-0.88205
-0.88205
-0.85513
-0.85513
-0.87844
-0.87102
-0.87318
-0.90145
-0.9015
-0.89071
-0.89071
0
0
0
0
0
0
0
0
0
0
0
0
0
0
0
0
0
0
0
0
0
0
0
0
0
0
0
0
0
0
0
0
0
0
0
0
-3.1448
0
0
0
0
0
0
0
0
0
0
0
0
0
0
0
0
0
0
0
0
0
0
0
0
0
0
0
0
0
0
0
0
0
0
-0.85845
-0.88221
-0.85773
-0.88318
-0.88011
-0.88012
-0.88014
-0.86781
-0.86782
-0.8585
-0.85855
-0.85856
-0.86595
-0.85849
-0.83025
-0.87472
-0.83359
-0.83276
-0.87707
-0.87127
-0.85031
-0.84096
-0.84894
-0.84718
-0.84719
-0.85559
-0.85959
-0.85337
-0.85337
-0.84626
-0.85873
45.5322
-0.84903
-0.86363
-0.84113
-0.84846
-0.84351
-0.84552
-0.84013
-0.86348
-0.88722
-0.86088
-0.86168
-0.86468
-0.86467
-0.83783
-0.83784
-0.8607
-0.8534
-0.85532
-0.88409
-0.88415
-0.87304
-0.87304
0
0
0
0
0
0
0
0
0
0
0
0
0
0
0
0
0
0
0
0
0
0
0
0
0
0
0
0
0
0
0
0
0
0
0
0
0
0
0
0
0
0
0
0
0
0
0
0
0
0
0
0
0
0
0
0
0
0
0
0
0
0
0
0
0
0
0
0
0
0
0
-0.86746
-0.8914
-0.86707
-0.89295
-0.88951
-0.88951
-0.88952
-0.87736
-0.87737
-0.86777
-0.86782
-0.86784
-0.87325
-0.86778
-0.83872
-0.88352
-0.84186
-0.84104
-0.88565
-0.87939
-0.85839
-0.84909
-0.85576
-0.85533
-0.85532
-0.86459
-0.86836
-0.86295
-0.86295
-0.85564
-0.86874
-0.84903
45.5035
-0.86945
-0.84482
-0.8555
-0.85063
-0.85292
-0.84728
-0.87002
-0.89356
-0.867
-0.8685
-0.87213
-0.87214
-0.84489
-0.8449
-0.86804
-0.86107
0
0
0
0
0
0
0
0
0
0
0
0
0
0
0
0
0
0
0
0
0
0
0
0
0
0
0
0
0
0
0
0
0
0
-3.9577
0
0
0
0
0
0
0
0
0
0
0
0
0
0
0
0
0
0
0
0
0
0
0
0
0
0
0
0
0
0
0
0
0
0
0
0
0
0
0
0
0
-0.88014
-0.90313
-0.87946
-0.90559
-0.90194
-0.90195
-0.90195
-0.89003
-0.89002
-0.88049
-0.88054
-0.88055
-0.88801
-0.8805
-0.85124
-0.89627
-0.85473
-0.85392
-0.89825
-0.89199
-0.87063
-0.86195
-0.87059
-0.86769
-0.86771
-0.8779
-0.88189
-0.87657
-0.87656
-0.86939
-0.8813
-0.86363
-0.86945
46.8488
-0.86137
-0.86889
-0.86379
-0.86598
-0.86056
-0.88557
-0.91007
-0.88245
-0.88229
-0.88565
-0.88566
-0.85831
-0.85831
-0.88176
-0.87463
0
0
0
0
0
0
0
0
0
0
0
0
0
0
0
0
0
0
0
0
0
0
0
0
0
0
0
0
0
0
0
0
0
0
0
0
0
0
0
0
0
0
0
0
0
0
0
0
0
0
0
0
0
0
0
-4.6776
0
0
0
0
0
0
0
0
0
0
0
0
0
0
0
0
0
0
0
0
-0.85886
-0.88342
-0.85835
-0.88469
-0.88141
-0.88142
-0.88143
-0.86915
-0.86915
-0.85989
-0.85993
-0.85994
-0.86733
-0.85989
-0.83106
-0.87601
-0.83415
-0.83364
-0.8783
-0.87019
-0.85108
-0.84171
-0.85006
-0.84799
-0.848
-0.85718
-0.86083
-0.85551
-0.85551
-0.84804
-0.86052
-0.84113
-0.84482
-0.86137
45.1559
-0.84866
-0.84437
-0.84616
-0.83991
-0.86203
-0.88476
-0.85929
-0.85995
-0.86469
-0.8647
-0.83744
-0.83744
-0.86004
0
0
0
0
0
0
0
0
0
0
0
0
0
0
0
0
0
0
0
0
-1.7184
0
0
0
0
0
0
0
0
0
0
0
0
0
0
0
-3.1062
0
0
0
0
0
0
0
0
0
0
0
0
0
0
0
0
0
0
0
0
0
0
0
0
0
0
0
0
0
0
0
0
0
0
0
0
0
0
0
0
-0.86558
-0.89003
-0.86504
-0.89117
-0.88788
-0.88789
-0.88791
-0.87557
-0.87558
-0.86622
-0.86627
-0.86628
-0.87371
-0.86621
-0.83757
-0.88248
-0.84076
-0.84007
-0.88498
-0.87883
-0.85784
-0.84827
-0.85662
-0.85468
-0.85469
-0.86353
-0.86735
-0.8617
-0.86169
-0.8544
-0.86685
-0.84846
-0.8555
-0.86889
-0.84866
43.2797
-0.85167
-0.85324
-0.84652
-0.8744
-0.88826
-0.86961
-0.86817
-0.87212
-0.87213
-0.84498
-0.84499
-0.86823
0
0
0
0
0
0
0
0
0
0
0
0
0
0
0
0
0
0
0
0
0
0
0
0
0
-2.6262
0
0
0
0
0
0
0
0
0
0
0
0
0
0
0
0
0
0
0
0
0
0
0
0
0
0
0
0
0
0
0
0
0
0
0
0
0
0
0
0
0
0
0
0
0
0
0
0
0
0
0
-0.86069
-0.88457
-0.86011
-0.88635
-0.88254
-0.88254
-0.88255
-0.87031
-0.87031
-0.86103
-0.86107
-0.86109
-0.86846
-0.86103
-0.83254
-0.87716
-0.83578
-0.83497
-0.87945
-0.87155
-0.8524
-0.84322
-0.85123
-0.84927
-0.84926
-0.85813
-0.86207
-0.85637
-0.85637
-0.84919
-0.86142
-0.84351
-0.85063
-0.86379
-0.84437
-0.85167
42.1714
-0.84737
-0.8411
-0.86686
-0.88559
-0.85922
-0.8615
-0.86603
-0.86603
-0.83892
-0.83892
-0.86202
0
0
0
0
0
0
0
0
0
0
0
0
0
0
0
0
0
0
0
0
0
0
-1.7708
0
0
0
0
0
0
0
0
0
0
0
0
0
0
0
0
0
0
0
0
0
0
0
0
0
0
0
0
0
0
0
0
0
0
0
0
0
0
0
0
0
0
0
0
0
0
0
0
0
0
0
0
0
0
-0.86258
-0.88639
-0.86185
-0.88757
-0.88425
-0.88426
-0.88427
-0.87197
-0.87198
-0.86265
-0.8627
-0.8627
-0.87011
-0.86265
-0.83421
-0.87887
-0.8377
-0.83667
-0.88119
-0.87529
-0.85423
-0.8449
-0.85296
-0.85106
-0.85107
-0.85976
-0.8638
-0.85808
-0.85806
-0.85101
-0.86309
-0.84552
-0.85292
-0.86598
-0.84616
-0.85324
-0.84737
39.6213
-0.84246
-0.86763
-0.88825
-0.86418
-0.86116
-0.86768
-0.86768
-0.84158
-0.84159
0
0
0
0
0
0
0
0
0
0
0
0
0
0
0
0
0
0
0
0
0
0
0
0
0
0
0
0
0
0
0
0
0
0
0
0
0
0
0
0
0
0
0
0
0
0
0
0
0
0
0
0
0
0
0
0
0
0
0
0
0
0
0
0
0
0
0
0
0
0
0
0
0
0
0
0
0
0
-0.85668
-0.88046
-0.85597
-0.8816
-0.87829
-0.8783
-0.87831
-0.86603
-0.86604
-0.85676
-0.8568
-0.85682
-0.86424
-0.85676
-0.82835
-0.87295
-0.83183
-0.83077
-0.87525
-0.86935
-0.84829
-0.83919
-0.84707
-0.84512
-0.84513
-0.85388
-0.85792
-0.85238
-0.85239
-0.84542
-0.85724
-0.84013
-0.84728
-0.86056
-0.83991
-0.84652
-0.8411
-0.84246
38.4644
-0.86146
0
-0.86129
-0.84993
-0.85966
-0.85965
-0.8344
-0.83441
0
0
0
0
0
0
0
0
0
0
0
0
0
0
0
0
0
0
0
0
0
0
0
0
0
0
0
0
0
0
0
0
0
0
0
0
0
0
0
0
0
0
0
0
0
0
0
0
0
0
0
0
0
0
0
0
0
0
0
0
0
0
0
0
0
0
0
0
0
0
0
0
0
0
0
0
0
0
-0.88089
-0.90389
-0.8803
-0.90641
-0.90274
-0.90274
-0.90276
-0.89089
-0.89089
-0.88133
-0.88138
-0.8814
-0.8887
-0.88133
-0.85163
-0.89705
-0.85564
-0.85452
-0.89898
-0.89262
-0.87123
-0.8628
-0.87092
-0.86832
-0.86833
-0.87826
-0.88097
-0.87686
-0.87686
-0.86942
-0.87985
-0.86348
-0.87002
-0.88557
-0.86203
-0.8744
-0.86686
-0.86763
-0.86146
43.0914
0
0
-0.87917
-0.88538
-0.88537
0
0
0
0
0
0
0
0
0
0
0
0
0
0
0
0
0
0
0
0
0
0
0
0
-1.5204
0
0
0
0
0
0
0
0
0
0
0
0
0
0
0
0
0
0
0
0
0
0
0
0
0
0
0
0
0
0
0
0
0
0
0
0
0
0
0
0
0
0
0
0
0
0
-4.6397
0
0
0
0
0
0
0
0
-0.89966
-0.92318
-0.89874
-0.92609
-0.9225
-0.92251
-0.92253
-0.91091
-0.91092
-0.90142
-0.90146
-0.90148
-0.90892
-0.90141
-0.87078
-0.91681
-0.8737
-0.8733
-0.91858
-0.91157
-0.88953
-0.8731
-0.89023
-0.88652
-0.88653
-0.89834
-0.90138
-0.89855
-0.89854
-0.89165
-0.90147
-0.88722
-0.89356
-0.91007
-0.88476
-0.88826
-0.88559
-0.88825
0
0
48.7669
0
0
0
0
0
0
0
0
0
0
0
0
0
0
0
0
0
0
0
0
0
0
0
0
0
0
0
0
0
0
0
0
0
0
0
0
0
0
0
0
0
-2.8569
0
0
0
0
-2.9174
0
0
0
0
0
0
0
0
0
0
0
0
0
0
0
0
0
0
0
0
-4.4113
0
-4.4113
0
0
0
0
0
0
0
0
0
0
0
0
0
0
-0.87696
-0.90115
-0.87724
-0.90367
-0.89994
-0.89995
-0.89995
-0.88806
-0.88806
-0.87854
-0.87859
-0.8786
-0.88589
-0.87853
-0.84926
-0.89436
-0.85271
-0.85183
-0.89635
-0.88842
-0.86865
-0.86001
-0.86814
-0.86571
-0.86571
-0.87557
-0.8793
-0.87414
-0.87413
-0.86671
-0.87859
-0.86088
-0.867
-0.88245
-0.85929
-0.86961
-0.85922
-0.86418
-0.86129
0
0
41.4024
0
0
0
0
0
0
0
0
0
0
0
0
0
0
0
0
0
0
0
0
0
0
0
0
0
-1.0111
0
0
-1.8003
0
0
0
0
0
0
0
0
0
0
0
0
0
0
0
0
0
0
0
0
0
0
0
0
-4.4223
0
0
0
0
0
0
0
0
0
0
0
0
0
0
0
0
0
0
0
0
0
0
0
0
0
0
0
0
0
-0.87825
-0.90285
-0.87771
-0.90395
-0.90069
-0.90069
-0.90071
-0.88827
-0.88827
-0.87892
-0.87897
-0.87897
-0.88646
-0.87892
-0.84997
-0.89524
-0.85331
-0.85245
-0.89769
-0.89147
-0.8703
-0.86078
-0.86911
-0.86708
-0.86708
-0.87608
-0.87987
-0.87446
-0.87447
-0.86724
-0.87929
-0.86168
-0.8685
-0.88229
-0.85995
-0.86817
-0.8615
-0.86116
-0.84993
-0.87917
0
0
37.3976
0
0
0
0
0
0
0
0
0
0
0
0
0
0
0
0
0
0
0
0
0
0
0
0
0
0
0
0
-2.3358
0
0
0
0
0
0
0
0
0
0
0
0
0
0
0
0
0
0
0
0
0
0
0
0
0
0
0
0
0
0
0
0
0
0
0
0
0
0
0
0
0
0
0
0
0
0
0
0
0
0
0
0
0
-0.88136
-0.9053
-0.88059
-0.90647
-0.90312
-0.90312
-0.90313
-0.8908
-0.8908
-0.88143
-0.88148
-0.88148
-0.88899
-0.88143
-0.85263
-0.89773
-0.85615
-0.85509
-0.90004
-0.89412
-0.87278
-0.86364
-0.87163
-0.8696
-0.8696
-0.87858
-0.88275
-0.87712
-0.87712
-0.87005
-0.88205
-0.86468
-0.87213
-0.88565
-0.86469
-0.87212
-0.86603
-0.86768
-0.85966
-0.88538
0
0
0
35.1882
0
0
0
0
0
0
0
0
0
0
0
0
0
0
0
0
0
0
0
0
0
0
0
0
0
0
0
0
0
0
0
0
0
0
0
0
0
0
0
0
0
0
0
0
0
0
0
0
0
0
0
0
0
0
0
0
0
0
0
0
0
0
0
0
0
0
0
0
0
0
0
0
0
0
0
0
0
0
0
0
0
-0.88136
-0.90531
-0.88059
-0.90647
-0.90312
-0.90312
-0.90312
-0.8908
-0.89079
-0.88143
-0.88148
-0.88148
-0.88899
-0.88142
-0.85263
-0.89773
-0.85615
-0.85508
-0.90003
-0.89412
-0.87278
-0.86364
-0.87163
-0.8696
-0.86959
-0.87857
-0.88275
-0.87712
-0.87713
-0.87006
-0.88205
-0.86467
-0.87214
-0.88566
-0.8647
-0.87213
-0.86603
-0.86768
-0.85965
-0.88537
0
0
0
0
35.1882
0
0
0
0
0
0
0
0
0
0
0
0
0
0
0
0
0
0
0
0
0
0
0
0
0
0
0
0
0
0
0
0
0
0
0
0
0
0
0
0
0
0
0
0
0
0
0
0
0
0
0
0
0
0
0
0
0
0
0
0
0
0
0
0
0
0
0
0
0
0
0
0
0
0
0
0
0
0
0
0
-0.85443
-0.87823
-0.8537
-0.87929
-0.876
-0.87601
-0.87602
-0.86375
-0.86374
-0.8545
-0.85454
-0.85455
-0.86199
-0.8545
-0.82606
-0.87068
-0.82962
-0.82847
-0.87299
-0.86715
-0.84601
-0.83692
-0.84482
-0.84282
-0.84283
-0.85164
-0.8558
-0.8502
-0.85019
-0.8432
-0.85513
-0.83783
-0.84489
-0.85831
-0.83744
-0.84498
-0.83892
-0.84158
-0.8344
0
0
0
0
0
0
33.2541
0
0
0
0
0
0
0
0
0
0
0
0
0
0
0
0
0
0
0
0
0
0
0
0
0
0
0
0
0
0
0
0
0
0
0
0
0
0
0
0
0
0
0
0
0
0
0
0
0
0
0
0
0
0
0
0
0
0
0
0
0
0
0
0
0
0
0
0
0
0
0
0
0
0
0
0
0
0
0
-0.85444
-0.87823
-0.8537
-0.87929
-0.876
-0.87601
-0.87601
-0.86374
-0.86374
-0.8545
-0.85454
-0.85455
-0.862
-0.8545
-0.82607
-0.87068
-0.82963
-0.82848
-0.87299
-0.86717
-0.84601
-0.83693
-0.84482
-0.84283
-0.84282
-0.85164
-0.8558
-0.8502
-0.85019
-0.84321
-0.85513
-0.83784
-0.8449
-0.85831
-0.83744
-0.84499
-0.83892
-0.84159
-0.83441
0
0
0
0
0
0
0
33.2543
0
0
0
0
0
0
0
0
0
0
0
0
0
0
0
0
0
0
0
0
0
0
0
0
0
0
0
0
0
0
0
0
0
0
0
0
0
0
0
0
0
0
0
0
0
0
0
0
0
0
0
0
0
0
0
0
0
0
0
0
0
0
0
0
0
0
0
0
0
0
0
0
0
0
0
0
0
0
-0.87751
-0.90188
-0.87654
-0.90296
-0.89969
-0.89969
-0.89971
-0.88735
-0.88735
-0.87797
-0.87802
-0.87803
-0.88553
-0.87797
-0.84915
-0.89425
-0.84291
-0.85155
-0.89653
-0.89046
-0.86913
-0.85942
-0.86801
-0.86597
-0.86598
-0.87495
-0.87855
-0.87343
-0.87342
-0.86627
-0.87844
-0.8607
-0.86804
-0.88176
-0.86004
-0.86823
-0.86202
0
0
0
0
0
0
0
0
0
0
35.4505
0
0
0
0
0
0
0
0
0
0
0
0
0
0
0
0
0
0
0
0
0
0
0
0
0
0
0
0
0
0
0
-3.0211
0
0
0
0
0
0
0
0
0
0
0
0
0
0
0
0
0
0
0
0
0
0
0
0
0
0
0
0
0
0
0
0
0
0
0
0
0
0
0
0
0
0
0
0
0
-0.87035
-0.89425
-0.86957
-0.89532
-0.89198
-0.89199
-0.892
-0.87967
-0.87967
-0.87035
-0.87039
-0.87041
-0.87789
-0.87035
-0.84169
-0.88663
-0.84526
-0.84411
-0.88892
-0.88316
-0.86179
-0.85265
-0.86058
-0.85858
-0.85859
-0.86746
-0.87174
-0.86598
-0.86598
-0.85888
-0.87102
-0.8534
-0.86107
-0.87463
0
0
0
0
0
0
0
0
0
0
0
0
0
0
29.5963
0
0
0
0
0
0
0
0
0
0
0
0
0
0
0
0
0
0
0
0
0
0
0
0
0
0
0
0
0
0
0
0
0
0
0
0
0
0
0
0
0
0
0
0
0
0
0
0
0
0
0
0
0
0
0
0
0
0
0
0
0
0
0
0
0
0
0
0
0
0
0
0
0
0
0
0
-0.87233
-0.89807
-0.87154
-0.88758
-0.89571
-0.89571
-0.89571
-0.88209
-0.88209
-0.87249
-0.87255
-0.87256
-0.88015
-0.8725
-0.84375
-0.88962
-0.84728
-0.8462
-0.8919
-0.88658
-0.86448
-0.85411
-0.86284
-0.86102
-0.86102
-0.86969
-0.87376
-0.86815
-0.86815
-0.861
-0.87318
-0.85532
0
0
0
0
0
0
0
0
0
0
0
0
0
0
0
0
0
30.4999
0
0
0
0
0
0
0
0
0
0
0
0
0
0
0
0
0
0
0
0
0
0
0
0
0
0
0
-2.5708
0
0
0
0
0
0
0
0
0
0
0
0
0
0
0
0
0
0
0
0
0
0
0
0
0
0
0
0
0
0
0
0
0
0
0
0
0
0
0
0
0
0
0
0
0
0
0
-0.90126
-0.92467
-0.90111
-0.92663
-0.92313
-0.92315
-0.92315
-0.9112
-0.9112
-0.90169
-0.90174
-0.90174
-0.90921
-0.90168
-0.87205
-0.91765
-0.87646
-0.87499
-0.91979
-0.91378
-0.89219
-0.88373
-0.89156
-0.88906
-0.88906
-0.89878
-0.90299
-0.89721
-0.89721
-0.88989
-0.90145
-0.88409
0
0
0
0
0
0
0
0
0
0
0
0
0
0
0
0
0
0
31.8679
0
0
0
0
0
0
0
0
0
0
0
0
0
0
0
0
0
0
0
0
0
0
0
0
0
0
0
0
0
0
0
0
0
0
0
0
0
0
0
0
0
0
0
0
0
0
0
0
0
0
0
0
0
0
0
0
0
0
0
0
0
-3.0144
0
0
0
0
0
0
0
0
0
0
0
0
-0.90132
-0.92471
-0.90116
-0.92669
-0.92319
-0.9232
-0.92321
-0.91125
-0.91125
-0.90174
-0.90178
-0.9018
-0.90927
-0.90173
-0.8721
-0.91769
-0.8765
-0.87504
-0.91983
-0.91384
-0.89225
-0.88378
-0.89161
-0.8891
-0.88911
-0.89884
-0.90304
-0.89726
-0.89727
-0.88994
-0.9015
-0.88415
0
0
0
0
0
0
0
0
0
0
0
0
0
0
0
0
0
0
0
31.8707
0
0
0
0
0
0
0
0
0
0
0
0
0
0
0
0
0
0
0
0
0
0
0
0
0
0
0
0
0
0
0
0
0
0
0
0
0
0
0
0
0
0
0
0
0
0
0
0
-3.0155
0
0
0
0
0
0
0
0
0
0
0
0
0
0
0
0
0
0
0
0
0
0
0
0
-0.88922
-0.91325
-0.88843
-0.91423
-0.91095
-0.91096
-0.91096
-0.89858
-0.89858
-0.88925
-0.8893
-0.88931
-0.89694
-0.88925
-0.86045
-0.90562
-0.86403
-0.86289
-0.908
-0.90225
-0.88069
-0.87152
-0.87962
-0.87748
-0.87749
-0.88647
-0.89136
-0.88532
-0.88532
-0.87826
-0.89071
-0.87304
0
0
0
0
0
0
0
0
0
0
0
0
0
0
0
0
0
0
0
0
28.4697
0
0
0
0
0
0
0
0
0
0
0
0
0
0
0
0
0
0
0
0
0
0
0
0
0
0
0
0
0
0
0
0
0
0
0
0
0
0
0
0
0
0
0
0
0
0
0
0
0
0
0
0
0
0
0
0
0
0
0
0
0
0
0
0
0
0
0
0
0
0
0
0
-0.88922
-0.91324
-0.88843
-0.91422
-0.91094
-0.91095
-0.91096
-0.89858
-0.89858
-0.88925
-0.88929
-0.88931
-0.89694
-0.88925
-0.86045
-0.90562
-0.86403
-0.86289
-0.908
-0.90225
-0.88069
-0.87152
-0.87962
-0.87748
-0.87749
-0.88648
-0.89136
-0.88533
-0.88532
-0.87825
-0.89071
-0.87304
0
0
0
0
0
0
0
0
0
0
0
0
0
0
0
0
0
0
0
0
0
28.4697
0
0
0
0
0
0
0
0
0
0
0
0
0
0
0
0
0
0
0
0
0
0
0
0
0
0
0
0
0
0
0
0
0
0
0
0
0
0
0
0
0
0
0
0
0
0
0
0
0
0
0
0
0
0
0
0
0
0
0
0
0
0
0
0
0
0
0
0
0
0
0
-0.84337
-0.8661
-0.84409
-0.86806
-0.86465
-0.86465
-0.86468
-0.85295
-0.85294
-0.84371
-0.84376
-0.84377
-0.85112
-0.84371
-0.81494
-0.8593
-0.81973
-0.81775
-0.8615
-0.85575
-0.83455
-0.82672
-0.83396
-0.83146
-0.83146
-0.84096
0
-0.83956
-0.83954
-0.8325
0
0
0
0
0
0
0
0
0
0
0
0
0
0
0
0
0
0
0
0
0
0
0
0
27.2222
0
0
0
0
0
0
0
0
0
0
0
0
0
0
0
0
0
0
0
0
0
0
0
0
0
0
0
0
0
0
0
0
0
0
0
0
0
0
0
0
0
0
0
0
0
0
0
0
0
0
0
0
0
0
0
0
0
0
0
-2.7349
0
0
0
0
0
0
0
0
0
0
-0.85714
-0.88299
-0.85982
-0.8852
-0.88166
-0.88166
-0.88167
-0.86991
-0.86991
-0.86048
-0.86052
-0.86053
-0.86788
-0.86048
-0.83137
-0.87619
-0.83556
-0.83428
-0.87831
-0.86907
-0.85116
-0.8429
-0.85065
-0.84817
-0.84818
-0.85786
0
0
0
0
0
0
0
0
0
0
0
0
0
0
0
0
0
0
0
0
0
0
0
0
0
0
0
0
0
27.5422
0
0
0
0
0
0
0
0
0
0
0
0
-1.6491
0
0
0
0
0
0
0
0
0
0
0
0
0
0
0
0
0
0
0
0
0
0
0
0
-3.4896
0
0
0
0
0
0
0
0
0
0
0
0
0
0
0
0
0
0
0
0
0
0
0
0
0
0
0
0
0
0
0
-0.8529
-0.87673
-0.85242
-0.87761
-0.87433
-0.87434
-0.87435
-0.86202
-0.86202
-0.85283
-0.85286
-0.85287
-0.86044
-0.85282
-0.82448
-0.86907
-0.82809
-0.82686
-0.87142
-0.8658
-0.84446
-0.83538
-0.84328
-0.84126
-0.84125
-0.84995
0
-0.8484
-0.8484
0
0
0
0
0
0
0
0
0
0
0
0
0
0
0
0
0
0
0
0
0
0
0
0
0
0
0
23.9166
0
0
0
0
0
0
0
0
0
0
0
0
0
0
0
0
0
0
0
0
0
0
0
0
0
0
0
0
0
0
0
0
0
0
0
0
0
0
0
0
0
0
0
0
0
0
0
0
0
0
0
0
0
0
0
0
0
0
0
0
0
0
0
0
0
0
0
0
-0.86027
-0.88333
-0.86039
-0.88556
-0.88197
-0.88198
-0.88199
-0.8703
-0.8703
-0.86083
-0.86088
-0.8609
-0.86826
-0.86082
-0.8318
-0.87651
-0.83601
-0.83466
-0.87864
-0.87291
-0.85152
-0.84319
-0.85098
-0.84854
-0.84855
-0.85811
0
0
0
0
0
0
0
0
0
0
0
0
0
0
0
0
0
0
0
0
0
0
0
0
0
0
0
0
0
0
0
26.0558
0
0
0
0
0
0
0
0
0
0
0
0
0
0
0
0
0
0
0
0
0
0
0
0
0
0
0
0
0
0
0
0
0
0
0
0
0
0
0
-3.6366
0
0
0
0
0
0
0
0
0
0
0
0
0
0
0
0
0
0
0
0
0
0
0
0
0
0
0
-0.90147
-0.92569
-0.90093
-0.92635
-0.92302
-0.92302
-0.92304
-0.91055
-0.91054
-0.90128
-0.90133
-0.90134
-0.90914
-0.90128
-0.87244
-0.9178
-0.87623
-0.87485
-0.92046
0
-0.89328
0
-0.89197
0
0
0
0
0
0
0
0
0
0
0
0
0
0
0
0
0
0
0
0
0
0
0
0
0
0
0
0
0
0
0
0
0
0
0
19.006
0
0
0
0
0
0
0
0
0
0
0
0
0
0
0
0
0
0
0
0
0
0
0
0
0
0
0
0
0
0
0
0
0
0
0
0
0
0
0
0
0
0
0
0
0
0
0
0
0
0
0
0
0
0
0
0
0
0
0
0
0
0
0
0
0
0
-0.9351
-0.96197
-0.93524
-0.9626
-0.95949
-0.95948
-0.9595
-0.9467
-0.9467
-0.93732
-0.93737
-0.93739
-0.94505
-0.93732
-0.9075
-0.954
-0.91082
-0.9101
0
0
0
0
0
0
0
0
0
0
0
0
0
0
0
0
0
0
0
0
0
0
0
0
0
0
0
0
0
0
0
0
0
0
0
0
0
0
0
0
0
21.7274
0
0
0
0
0
0
0
0
0
0
0
-2.2668
0
-2.5169
0
0
0
0
0
0
0
0
0
0
0
0
0
0
0
0
0
0
0
0
0
0
0
0
0
0
0
0
0
0
0
0
0
0
0
0
0
0
0
0
0
0
0
0
0
0
0
0
0
0
0
-0.91397
-0.93663
-0.91543
-0.93888
-0.93532
-0.93532
-0.93532
-0.92367
-0.92367
-0.91429
-0.91434
-0.91435
-0.92189
-0.91428
-0.88459
-0.92989
-0.89037
-0.8876
-0.93224
0
0
0
0
0
0
0
0
0
0
0
0
0
0
0
0
0
0
0
0
0
0
0
0
0
0
0
0
0
0
0
0
0
0
0
0
0
0
0
0
0
20.2801
0
0
0
0
0
0
0
0
0
0
0
0
0
0
0
0
0
0
0
0
0
0
0
0
0
0
0
0
0
0
0
0
0
0
0
0
0
0
0
0
0
0
0
0
0
0
0
0
0
0
0
0
0
0
-2.818
0
0
0
0
0
0
0
0
0
-0.9242
-0.94858
-0.92367
-0.94917
-0.9458
-0.9458
-0.94581
-0.93328
-0.93328
-0.92396
-0.92401
-0.92403
-0.93202
-0.92396
-0.89498
-0.94076
-0.89889
-0.89741
-0.94352
0
0
0
0
0
0
0
0
0
0
0
0
0
0
0
0
0
0
0
0
0
0
0
0
0
0
0
0
0
0
0
0
0
0
0
0
0
0
0
0
0
0
17.6531
0
0
0
0
0
0
0
0
0
0
0
0
0
0
0
0
0
0
0
0
0
0
0
0
0
0
0
0
0
0
0
0
0
0
0
0
0
0
0
0
0
0
0
0
0
0
0
0
0
0
0
0
0
0
0
0
0
0
0
0
0
0
0
-0.90055
-0.92478
-0.90004
-0.92524
-0.92189
-0.9219
-0.92191
-0.90941
-0.9094
-0.90023
-0.90027
-0.90029
-0.90825
-0.90022
-0.87147
-0.91687
-0.87543
-0.87383
0
0
0
0
0
0
0
0
0
0
0
0
0
0
0
0
0
0
0
0
0
0
0
0
0
0
0
0
0
0
0
0
0
0
0
0
0
0
0
0
0
0
0
0
16.282
0
0
0
0
0
0
0
0
0
0
0
0
0
0
0
0
0
0
0
0
0
0
0
0
0
0
0
0
0
0
0
0
0
0
0
0
0
0
0
0
0
0
0
0
0
0
0
0
0
0
0
0
0
0
0
0
0
0
0
0
0
0
-0.87607
-0.90021
-0.87566
-0.90044
-0.89716
-0.89716
-0.89718
-0.8846
-0.88461
-0.87555
-0.87559
-0.8756
-0.88368
-0.87554
-0.84718
-0.89215
0
-0.84948
0
0
0
0
0
0
0
0
0
0
0
0
0
0
0
0
0
0
0
0
0
0
0
0
0
0
0
0
0
0
0
0
0
0
0
0
0
0
0
0
0
0
0
0
0
14.9878
0
0
0
0
0
0
0
0
0
0
0
0
0
0
0
0
0
0
0
0
0
0
0
0
0
0
0
0
0
0
0
0
0
0
0
0
0
0
0
0
0
0
0
0
0
0
0
0
0
0
0
0
0
0
0
0
0
0
0
0
0
-0.96264
-0.98474
-0.9568
-0.98785
-0.98426
-0.98426
-0.98427
-0.97275
-0.97275
-0.96352
-0.96356
-0.96359
0
-0.96351
0
0
0
0
0
0
0
0
0
0
0
0
0
0
0
0
0
0
0
0
0
0
0
0
0
0
0
0
0
0
0
0
0
0
0
0
0
0
0
0
0
0
0
0
0
0
0
0
0
0
17.2869
0
0
0
0
0
0
0
0
0
0
0
0
0
0
0
-1.6756
0
0
0
0
-2.9668
0
0
0
0
0
0
0
0
0
0
0
0
0
0
0
0
0
0
0
0
0
0
0
0
0
0
0
0
0
0
0
0
0
0
0
0
0
0
0
-0.94674
-0.97128
-0.94659
-0.97151
-0.96812
-0.96812
-0.96813
-0.95535
-0.95535
-0.94611
-0.94617
-0.94618
-0.95435
-0.94611
0
0
0
0
0
0
0
0
0
0
0
0
0
0
0
0
0
0
0
0
0
0
0
0
0
0
0
0
0
0
0
0
0
0
0
0
0
0
0
0
0
0
0
0
0
0
0
0
0
0
0
13.3901
0
0
0
0
0
0
0
0
0
0
0
0
0
0
0
0
0
0
0
0
0
0
0
0
0
0
0
0
0
0
0
0
0
0
0
0
0
0
0
0
0
0
0
0
0
0
0
0
0
0
0
0
0
0
0
0
0
0
0
0
0
0
0
0
0
0
0
0
0
0
0
-1.2205
0
0
0
0
0
0
0
0
0
-1.1991
0
0
0
0
0
0
0
0
0
0
0
0
0
0
0
0
0
0
0
0
0
0
0
0
0
0
0
0
0
0
0
0
0
0
0
0
0
0
0
0
0
0
0
12.8595
0
0
-1.6294
0
0
0
0
-1.3784
0
0
0
0
0
0
0
0
-3.2716
0
-3.4651
0
0
0
0
0
0
0
0
0
0
0
0
0
0
0
0
0
0
0
-0.69534
0
0
0
0
0
0
0
0
0
0
0
0
0
0
0
0
0
0
0
0
0
0
0
0
0
0
0
0
0
0
0
0
0
0
0
0
0
0
0
0
-0.98503
0
0
0
0
0
0
0
0
0
0
0
0
0
0
0
0
0
0
0
-1.0111
0
0
0
0
0
0
0
0
0
0
0
0
0
0
0
0
0
0
0
0
0
0
0
0
0
14.1924
0
0
0
0
0
0
0
0
0
-2.4818
0
0
0
0
0
0
0
0
-2.797
0
0
0
0
0
0
0
0
0
0
0
0
0
0
0
-3.4587
-3.4587
0
0
0
0
0
0
0
0
0
0
0
0
0
0
0
0
0
0
0
0
0
-1.7375
0
0
0
0
0
0
0
0
0
0
0
0
0
0
0
0
0
0
-1.7476
0
0
0
0
0
0
0
0
0
0
0
0
0
0
-1.7184
0
0
0
0
0
0
0
0
0
0
0
0
0
0
0
0
0
0
0
0
-1.6491
0
0
0
0
0
0
0
0
0
0
0
0
9.2083
0
0
0
0
0
0
0
0
0
-2.3558
0
0
0
0
0
0
0
0
0
0
0
0
0
0
0
0
0
0
0
0
0
0
0
0
0
0
0
0
0
0
0
0
0
0
0
0
0
0
0
0
0
0
0
0
0
0
0
0
0
0
0
0
0
0
0
0
0
0
0
0
0
0
0
0
0
0
0
0
0
0
0
0
-1.5328
0
0
0
0
0
0
0
0
0
0
0
0
-1.5204
0
0
0
0
0
0
0
0
0
0
0
0
0
0
0
0
0
0
0
0
0
0
0
0
0
0
-1.6294
0
0
9.2777
0
0
0
0
0
0
-2.2172
0
0
0
0
0
0
0
0
0
0
0
0
0
-2.3779
0
0
0
0
0
0
0
0
0
0
0
0
0
0
0
0
0
0
0
0
0
0
0
0
0
0
0
0
0
0
0
0
0
0
0
0
0
0
0
0
0
0
0
0
0
0
0
0
0
0
0
0
0
-1.8159
0
0
0
0
0
0
0
0
0
0
0
0
0
0
0
0
-1.7708
0
0
0
0
-1.8003
0
0
0
0
0
0
0
0
0
0
0
0
0
0
0
0
0
0
0
0
0
0
0
0
0
0
0
0
7.9382
0
0
0
0
0
0
0
0
0
0
0
0
0
0
0
-2.5512
0
0
0
0
0
0
0
0
0
0
0
0
0
0
0
0
0
0
0
0
0
0
0
0
0
0
0
0
0
0
0
0
0
0
0
0
0
0
0
0
0
0
0
0
0
0
0
0
0
0
0
0
0
0
0
0
0
0
0
0
0
0
0
0
0
0
0
0
0
0
0
0
0
0
0
0
0
0
0
0
-2.3358
0
0
0
0
0
0
0
0
0
0
0
0
0
0
0
0
-2.2668
0
0
0
0
0
0
0
0
0
0
0
8.0613
0
0
0
0
0
0
0
0
0
0
0
0
0
0
0
0
0
0
0
0
0
0
0
0
0
0
0
0
0
0
0
0
0
0
0
0
0
0
0
0
0
0
0
0
0
0
0
0
-3.4587
0
0
0
0
0
0
0
0
0
0
0
0
0
0
0
0
0
0
0
0
0
0
0
0
0
0
0
0
0
0
0
0
0
0
0
0
0
0
0
0
0
0
0
0
0
0
0
0
0
0
0
0
0
0
0
0
0
0
0
0
0
0
0
0
0
0
0
0
0
0
0
0
0
0
0
0
9.1678
0
0
0
0
0
-2.8527
0
0
0
0
0
-3.0067
0
0
0
-3.3084
0
0
0
0
0
0
0
0
0
0
0
0
0
0
0
0
0
0
0
0
0
0
0
0
0
0
0
0
0
0
0
0
0
0
0
0
0
0
0
0
0
0
0
0
0
0
0
0
0
0
0
0
0
0
0
0
0
0
0
0
0
0
0
0
0
0
0
0
0
0
0
-2.6262
0
0
0
0
0
0
0
0
0
0
0
0
0
0
0
0
0
0
0
0
0
0
0
-2.5169
0
0
0
0
0
0
0
0
0
0
0
0
0
8.7084
0
0
0
0
0
0
0
0
0
0
0
0
0
0
0
0
0
0
0
0
-3.5652
0
0
0
0
0
0
0
0
0
0
0
0
0
0
0
0
0
0
0
0
0
0
0
0
0
0
0
0
0
0
-0.82541
0
0
0
0
0
0
0
0
0
0
0
0
0
0
0
0
0
0
0
0
0
0
0
0
0
0
0
0
0
0
0
0
0
0
0
0
0
0
0
0
0
0
0
0
0
0
0
0
0
0
0
0
0
0
0
0
0
0
0
0
0
0
0
0
0
-1.3784
0
0
0
0
0
0
0
5.5605
0
0
0
0
0
0
0
0
0
0
0
0
0
0
0
0
0
0
0
0
0
0
0
0
0
0
0
0
0
0
0
0
0
0
0
0
0
0
0
0
0
0
0
0
0
0
-3.3567
0
0
0
0
0
-3.2197
0
0
0
0
0
0
0
0
0
0
0
0
0
0
0
0
0
0
0
0
0
0
0
-3.1792
0
0
0
0
0
0
0
0
0
0
0
0
0
0
0
0
0
0
0
0
0
0
0
0
0
0
0
0
0
0
0
0
0
0
0
0
0
0
0
0
0
0
0
0
0
0
0
0
10.7638
0
0
0
0
0
0
0
0
0
0
0
0
0
0
0
0
0
0
0
0
0
0
0
-4.3649
0
0
0
0
0
0
0
0
0
0
0
0
0
0
0
0
0
0
0
0
0
0
0
0
0
0
0
0
0
0
0
0
0
0
0
0
0
0
0
-2.0514
0
0
0
0
0
0
0
0
0
0
0
0
0
0
0
0
0
0
0
0
0
0
0
0
0
0
0
0
0
0
0
0
0
0
0
0
0
0
0
0
0
0
0
0
0
0
0
0
0
0
0
0
0
0
-2.2172
0
0
0
0
0
0
4.7229
0
0
0
0
0
0
0
0
0
0
0
0
0
0
0
-0.45435
0
0
0
0
0
0
0
0
0
0
0
0
0
0
0
0
0
0
0
0
0
0
0
0
0
0
0
0
0
0
0
0
0
0
0
-2.7553
0
0
0
0
0
0
0
0
0
0
0
0
0
0
0
0
0
0
0
0
0
0
0
0
0
0
0
0
0
0
0
0
0
0
0
0
0
0
0
0
0
0
0
0
0
-2.5708
0
0
0
0
0
0
0
0
0
0
0
0
0
0
0
0
0
-2.4818
0
0
0
0
0
0
0
0
0
7.8079
0
0
0
0
0
0
0
0
0
0
0
0
0
0
0
0
0
0
0
0
0
0
0
0
0
0
0
0
0
0
0
0
0
0
0
0
0
0
0
0
0
0
0
0
0
0
0
0
0
0
0
0
0
0
0
0
0
0
0
0
0
0
0
0
0
0
0
0
0
0
0
0
0
0
0
0
0
0
0
0
0
0
0
0
0
0
0
0
0
0
0
0
0
0
0
0
0
0
0
0
0
0
0
0
0
0
0
0
0
0
0
0
0
0
0
-2.3558
0
0
0
-2.8527
0
0
0
0
0
7.9944
0
0
0
0
0
0
0
0
0
0
-2.786
0
0
0
0
0
0
0
0
0
0
0
0
0
0
0
0
0
0
0
0
0
0
0
0
0
0
0
0
0
0
0
0
0
0
0
0
0
0
0
0
0
0
0
0
0
0
0
0
0
0
0
-3.115
0
0
0
0
0
0
0
0
0
0
0
0
0
0
0
0
0
0
0
0
0
0
0
0
0
0
0
0
0
0
-3.0211
0
0
0
0
0
0
0
0
0
0
0
0
0
0
0
0
0
0
0
0
0
0
0
0
0
0
0
0
0
0
0
10.3331
0
0
0
0
0
0
0
0
0
0
0
0
0
0
0
0
0
0
0
0
0
0
0
0
0
0
0
0
0
0
0
-4.197
0
0
0
0
0
0
0
0
0
0
0
0
0
0
0
-1.7931
0
0
0
0
0
0
0
0
0
0
0
0
0
0
0
0
0
0
0
0
0
0
0
0
0
0
0
0
0
0
0
0
0
0
0
0
0
0
0
0
0
0
0
0
0
0
0
0
0
0
0
0
0
0
0
0
0
0
0
0
0
-1.6756
0
0
0
0
0
0
0
0
0
0
0
0
0
0
0
6.7373
0
0
0
0
0
0
0
0
0
0
0
0
0
0
0
0
0
0
0
0
0
0
0
0
0
0
0
0
0
0
0
0
0
0
0
0
0
0
0
0
0
-3.2685
0
0
0
-2.4796
0
0
0
0
0
-2.4372
-2.4372
0
0
0
0
0
0
0
0
0
0
0
0
0
0
0
0
0
0
0
0
0
0
0
0
0
0
0
0
0
0
0
0
0
0
0
0
0
0
0
0
0
0
0
0
0
0
0
0
0
0
0
0
0
0
0
0
0
0
0
0
0
0
0
0
0
0
0
0
0
0
0
0
7.354
0
0
0
0
0
0
0
0
0
0
0
0
0
0
0
0
0
0
0
0
0
0
0
0
0
0
0
0
0
0
0
0
0
0
0
0
0
0
0
0
0
0
0
0
0
0
0
0
0
0
0
0
0
0
0
0
0
0
0
0
0
0
0
0
-2.8773
0
0
0
0
0
0
0
0
0
0
0
0
0
0
0
0
0
0
-2.8569
0
0
0
0
0
0
0
0
0
0
0
0
0
0
0
0
0
0
0
0
0
0
0
0
0
0
0
0
0
0
0
0
0
0
0
0
0
0
0
0
0
9.6905
0
0
0
0
0
0
0
0
0
0
0
0
0
-3.9563
0
0
0
0
0
0
0
0
0
0
0
0
0
0
0
0
0
0
0
0
0
0
0
0
0
0
0
0
0
0
0
0
0
0
0
0
0
0
0
0
0
0
0
0
0
0
0
0
0
0
0
0
0
0
0
0
0
0
0
0
-3.9577
0
0
0
0
0
0
0
0
0
0
0
0
0
0
0
0
0
0
0
0
0
0
0
0
0
0
0
0
0
0
0
0
0
-3.2716
0
0
0
0
0
0
0
0
0
0
0
0
0
0
0
0
7.2294
0
0
0
0
0
0
0
0
0
0
0
0
0
0
0
0
0
0
0
0
0
0
0
0
0
0
0
0
0
0
0
0
0
0
0
0
0
0
0
0
0
0
0
0
0
0
0
0
0
0
0
0
0
0
0
0
0
0
0
0
0
0
0
0
0
0
0
0
0
0
0
0
0
0
0
-3.1062
0
0
0
0
0
0
0
0
0
0
0
0
0
0
0
0
0
0
0
0
0
0
0
0
0
0
0
0
0
0
0
0
0
0
0
0
0
-3.0067
0
0
0
0
0
0
0
0
0
0
0
6.1128
0
0
0
0
0
0
0
0
0
0
0
0
0
0
0
0
0
0
0
0
0
0
0
0
0
0
0
0
0
0
0
0
0
0
0
0
0
0
0
0
0
0
0
0
0
0
0
0
0
0
0
0
0
0
0
0
0
0
0
0
0
0
0
0
0
0
0
0
0
0
0
0
0
0
0
0
0
0
0
0
0
0
0
0
0
0
0
0
0
0
0
0
0
0
0
0
0
0
0
0
0
0
0
0
-2.9668
0
-3.4651
0
0
0
0
0
0
0
0
0
0
0
0
0
0
0
0
0
0
6.4319
0
0
0
0
0
0
0
0
0
0
0
0
0
0
0
0
0
0
0
0
0
0
0
0
0
0
0
0
0
0
0
0
0
0
0
0
0
0
0
0
0
0
0
0
0
0
0
0
0
0
0
0
0
0
0
0
0
0
0
0
0
0
0
0
0
0
0
0
0
0
0
0
0
0
0
0
0
0
0
0
0
0
0
0
0
0
0
0
0
0
0
0
0
0
0
0
0
0
0
0
0
0
0
0
0
0
-2.797
0
0
-2.5512
0
0
0
0
0
0
0
0
0
0
0
0
0
0
0
5.3483
0
0
0
0
0
0
0
0
0
0
0
0
0
0
0
0
0
0
0
0
0
0
0
0
0
0
0
0
0
0
0
0
0
0
0
0
0
0
0
0
0
0
0
0
0
0
0
0
0
0
0
0
0
0
0
0
0
0
0
0
0
0
0
0
0
0
0
0
0
0
0
0
0
0
0
0
0
0
-2.9174
0
0
0
0
0
0
0
0
0
0
0
0
0
0
0
0
0
0
0
0
0
0
0
0
0
0
0
0
0
0
0
0
0
0
0
0
0
0
0
0
0
0
0
0
0
0
6.1779
-3.2606
0
0
0
0
0
0
0
0
0
0
0
0
0
0
0
0
0
0
0
0
0
0
0
0
0
0
0
0
0
0
0
0
0
0
0
0
0
0
0
0
0
0
0
0
0
0
0
0
0
0
0
0
0
0
0
0
0
0
0
0
0
0
0
0
0
0
0
0
0
0
0
0
0
0
0
0
0
0
0
0
0
0
0
0
0
0
0
0
0
0
0
0
0
0
0
0
0
0
0
0
0
0
0
0
0
0
0
0
-3.3084
0
0
0
0
0
0
0
0
0
0
0
0
0
0
-3.2606
6.569
0
0
0
0
0
0
0
0
0
0
0
0
0
0
0
0
0
0
0
0
0
0
0
0
0
0
0
0
0
0
0
0
0
0
0
0
-3.9135
0
0
0
0
0
0
0
0
0
0
0
0
0
0
0
0
0
0
0
0
0
0
0
0
0
0
0
0
0
0
0
0
0
0
0
0
0
0
0
0
0
0
0
0
0
0
0
0
0
0
0
0
0
0
0
0
0
0
0
0
0
0
0
0
0
0
0
0
0
0
0
0
0
0
0
0
0
-2.786
0
0
0
0
0
0
0
0
0
0
6.6995
0
0
0
0
0
0
0
0
0
0
0
0
0
0
0
0
0
0
0
0
0
0
0
0
0
0
0
0
0
0
0
0
0
0
0
0
0
0
0
0
0
0
0
0
0
0
0
0
0
0
0
0
0
0
0
0
0
0
0
0
0
0
0
0
0
-3.1448
0
0
0
0
0
0
0
0
0
0
0
0
0
0
0
0
0
0
0
0
0
0
0
0
0
0
0
0
0
0
0
0
0
0
0
0
0
0
-2.3779
0
0
0
0
0
0
0
0
0
0
0
0
0
0
0
0
0
0
0
0
5.5227
0
0
0
0
0
0
0
0
0
0
0
0
0
0
0
0
0
0
0
0
0
0
0
0
0
0
0
0
0
0
0
0
0
0
0
0
0
-6.6833
0
0
0
0
0
0
0
0
0
0
0
0
0
0
0
0
0
0
0
0
0
0
0
0
0
0
0
0
0
0
0
0
0
0
0
0
0
0
0
0
0
0
0
0
0
0
0
0
0
0
0
0
0
0
0
0
0
0
0
0
0
0
0
0
0
0
0
0
0
0
0
0
0
0
0
0
0
0
0
0
0
0
0
0
0
0
0
6.6833
0
0
0
0
0
0
0
0
0
0
0
0
0
0
0
0
0
0
0
0
0
0
0
0
0
0
0
0
0
0
0
0
0
0
0
0
0
0
0
0
0
0
0
0
0
0
0
0
0
0
0
0
0
0
0
0
0
0
0
0
0
0
0
0
0
0
0
0
0
0
0
0
0
0
0
0
0
0
0
0
0
0
0
0
0
0
0
0
0
0
0
0
0
0
0
0
0
0
0
0
0
0
0
0
0
0
0
0
0
-0.45435
0
0
0
0
0
0
0
0
0
0
0
0
0
0
0
0.45435
0
0
0
0
0
0
0
0
0
0
0
0
0
0
0
0
0
0
0
0
0
0
0
0
0
0
0
0
0
0
0
0
0
0
0
0
0
0
0
0
0
0
0
0
0
0
0
0
0
0
0
0
0
0
0
0
0
0
0
0
0
0
0
0
0
0
0
0
0
0
0
0
0
0
0
0
0
0
0
0
0
0
0
0
0
0
0
-3.4896
0
0
0
0
0
0
0
0
0
0
0
0
0
0
0
0
0
0
0
0
0
0
0
0
0
0
0
0
0
0
0
0
0
0
0
0
0
3.4896
0
0
0
0
0
0
0
0
0
0
0
0
0
0
0
0
0
0
0
0
0
0
0
0
0
0
0
0
0
0
0
0
0
0
0
0
0
0
0
0
0
0
0
0
0
0
0
0
0
0
0
0
0
0
0
0
0
0
0
0
0
0
0
0
0
0
0
0
0
0
0
0
0
0
0
0
0
0
0
0
0
0
0
0
0
0
0
0
0
0
0
0
0
0
0
0
0
0
0
0
0
0
0
0
-3.5652
0
0
0
0
0
0
0
0
0
0
0
0
0
0
0
0
0
0
0
0
3.5652
0
0
0
0
0
0
0
0
0
0
0
0
0
0
0
0
0
0
0
0
0
0
0
0
0
0
0
0
0
0
0
0
0
0
0
0
0
0
0
0
0
0
0
0
0
0
0
0
0
0
0
0
0
0
0
0
0
0
0
0
0
0
0
0
0
0
0
0
0
0
0
-4.4223
0
0
0
0
0
0
0
0
0
0
0
0
0
0
0
0
0
0
0
0
0
0
0
0
0
0
0
0
0
0
0
0
0
0
0
0
0
0
0
0
0
0
0
0
0
0
0
0
0
0
0
0
0
4.4223
0
0
0
0
0
0
0
0
0
0
0
0
0
0
0
0
0
0
0
0
0
0
0
0
0
0
0
0
0
0
0
0
0
0
0
0
0
0
0
0
0
0
0
0
0
0
0
0
0
0
0
0
0
0
0
0
0
0
0
0
0
0
0
0
0
0
0
0
0
0
0
0
0
0
0
0
0
0
0
0
0
0
0
0
0
0
0
0
0
0
0
0
0
0
0
0
0
0
0
0
0
0
0
0
0
0
0
0
0
0
0
-3.9563
0
0
0
0
0
0
0
0
0
0
0
0
0
3.9563
0
0
0
0
0
0
0
0
0
0
0
0
0
0
0
0
0
0
0
0
0
0
0
0
0
0
0
0
0
0
0
0
0
0
0
0
0
0
0
0
0
0
0
0
0
0
0
0
0
0
0
0
0
0
0
0
0
0
0
0
0
0
0
0
0
0
0
0
0
0
0
0
0
0
0
0
0
0
0
0
0
0
0
0
0
-3.6366
0
0
0
0
0
0
0
0
0
0
0
0
0
0
0
0
0
0
0
0
0
0
0
0
0
0
0
0
0
0
0
0
0
0
0
0
0
0
0
3.6366
0
0
0
0
0
0
0
0
0
0
0
0
0
0
0
0
0
0
0
0
0
0
0
0
0
0
0
0
0
0
0
0
0
0
0
0
0
0
0
0
0
0
0
0
0
0
0
0
0
0
-4.9777
0
0
0
0
0
0
0
0
0
0
0
0
0
0
0
0
0
0
0
0
0
0
0
0
0
0
0
0
0
0
0
0
0
0
0
0
0
0
0
0
0
0
0
0
0
0
0
0
0
0
0
0
0
0
0
0
0
0
0
0
0
0
0
0
0
0
0
0
0
0
0
0
0
0
4.9777
0
0
0
0
0
0
0
0
0
0
0
0
0
0
0
0
0
0
0
0
0
0
0
0
0
0
0
0
0
0
0
0
0
0
0
0
0
0
0
0
0
0
0
0
0
0
0
0
0
0
0
0
0
0
0
0
0
0
0
0
0
0
0
0
0
0
0
0
0
0
0
0
0
0
0
0
0
0
0
0
0
0
0
0
0
0
0
0
0
0
0
0
0
0
0
0
0
0
0
0
0
-4.3649
0
0
0
0
0
0
0
0
0
0
0
0
0
0
0
0
0
0
0
0
0
0
0
4.3649
0
0
0
0
0
0
0
0
0
0
0
0
0
0
0
0
0
0
0
0
0
0
0
0
0
0
0
0
0
0
0
0
0
0
0
0
0
0
0
0
0
0
0
0
0
0
0
0
0
0
0
0
0
0
0
0
0
0
0
0
0
0
0
0
0
0
0
0
0
0
0
0
0
0
0
0
-3.0155
0
0
0
0
0
0
0
0
0
0
0
0
0
0
0
0
0
0
0
0
0
0
0
0
0
0
0
0
0
0
0
0
0
0
0
0
0
0
0
0
0
0
0
0
0
0
0
0
3.0155
0
0
0
0
0
0
0
0
0
0
0
0
0
0
0
0
0
0
0
0
0
0
0
0
0
0
0
0
0
0
0
0
0
0
0
0
0
0
0
-6.062
0
0
0
0
0
0
0
0
0
0
0
0
0
0
0
0
0
0
0
0
0
0
0
0
0
0
0
0
0
0
0
0
0
0
0
0
0
0
0
0
0
0
0
0
0
0
0
0
0
0
0
0
0
0
0
0
0
0
0
0
0
0
0
0
0
0
0
0
0
0
0
0
0
0
0
0
0
0
0
0
0
0
0
0
0
6.062
0
0
0
0
0
0
0
0
0
0
0
0
0
0
0
0
0
0
0
0
0
0
0
0
0
0
0
0
0
0
0
0
0
0
0
0
0
0
0
0
0
0
0
0
0
0
0
0
0
0
0
0
0
0
0
0
0
0
0
0
0
0
0
0
0
0
0
0
0
0
0
0
0
0
0
0
0
0
0
0
0
0
0
0
0
0
0
0
0
0
-3.4587
0
0
0
0
0
0
0
0
0
0
0
0
0
0
0
0
0
0
0
0
0
0
0
0
0
0
0
0
0
0
0
0
0
0
3.4587
0
0
0
0
0
0
0
0
0
0
0
0
0
0
0
0
0
0
0
0
0
0
0
0
0
0
0
0
0
0
0
0
0
0
0
0
0
0
0
0
0
0
0
0
0
0
0
0
0
0
0
0
0
0
0
0
0
0
0
0
0
0
0
0
0
0
0
0
0
0
0
0
0
0
0
0
0
0
0
0
0
0
0
0
0
0
0
0
0
-3.4587
0
0
0
0
0
0
0
0
0
0
0
0
0
0
0
0
0
0
0
0
0
0
0
0
0
0
0
0
0
0
0
0
0
0
0
3.4587
0
0
0
0
0
0
0
0
0
0
0
0
0
0
0
0
0
0
0
0
0
0
0
0
0
0
0
0
0
0
0
0
0
0
0
0
0
0
0
0
0
0
0
0
0
0
0
0
0
0
0
0
0
0
-4.6776
0
0
0
0
0
0
0
0
0
0
0
0
0
0
0
0
0
0
0
0
0
0
0
0
0
0
0
0
0
0
0
0
0
0
0
0
0
0
0
0
0
0
0
0
0
0
0
0
0
0
0
0
0
0
0
0
0
0
0
0
0
0
0
0
0
0
0
0
0
0
4.6776
0
0
0
0
0
0
0
0
0
0
0
0
0
0
0
0
0
0
0
0
0
0
0
0
0
0
0
0
0
0
0
0
0
0
0
0
0
0
0
0
0
0
0
0
0
0
0
0
0
0
0
0
0
0
0
0
0
0
0
0
0
0
0
0
0
0
0
0
0
0
0
0
0
0
0
0
0
0
0
0
0
0
0
0
0
0
-0.69534
0
0
0
0
0
0
0
0
0
0
0
0
0
0
0
0
0
0
0
0
0
0
0
0
0
0
0
0
0
0
0
0
0
0
0
0
0
0
0.69534
0
0
0
0
0
0
0
0
0
0
0
0
0
0
0
0
0
0
0
0
0
0
0
-6.4905
0
0
0
0
0
0
0
0
0
0
0
0
0
0
0
0
0
0
0
0
0
0
0
0
0
0
0
0
0
0
0
0
0
0
0
0
0
0
0
0
0
0
0
0
0
0
0
0
0
0
0
0
0
0
0
0
0
0
0
0
0
0
0
0
0
0
0
0
0
0
0
0
0
0
0
0
0
0
0
0
0
0
0
0
0
0
0
0
0
0
0
0
0
0
0
0
0
0
0
0
0
6.4905
0
0
0
0
0
0
0
0
0
0
0
0
0
0
0
0
0
0
0
0
0
0
0
-6.4907
0
0
0
0
0
0
0
0
0
0
0
0
0
0
0
0
0
0
0
0
0
0
0
0
0
0
0
0
0
0
0
0
0
0
0
0
0
0
0
0
0
0
0
0
0
0
0
0
0
0
0
0
0
0
0
0
0
0
0
0
0
0
0
0
0
0
0
0
0
0
0
0
0
0
0
0
0
0
0
0
0
0
0
0
0
0
0
0
0
0
0
0
0
0
0
0
0
0
0
0
0
6.4907
0
0
0
0
0
0
0
0
0
0
0
0
0
0
0
0
0
0
0
0
0
0
0
0
0
0
0
0
0
0
0
0
0
0
0
0
0
0
0
0
0
0
0
0
0
0
0
0
0
0
0
0
0
0
0
0
0
-4.4113
0
0
0
0
0
0
0
0
0
0
0
0
0
0
0
0
0
0
0
0
0
0
0
0
0
0
0
0
0
0
0
0
0
0
0
0
0
0
0
0
0
0
0
0
0
0
0
0
0
0
0
0
0
0
0
0
0
0
0
0
0
0
0
0
0
0
0
4.4113
0
0
0
0
0
0
0
0
0
0
0
0
0
0
0
0
0
0
0
0
0
0
0
0
0
0
0
0
0
0
0
0
0
0
0
-5.7838
0
0
0
0
0
0
0
0
0
0
0
0
0
0
0
0
0
0
0
0
0
0
0
0
0
0
0
0
0
0
0
0
0
0
0
0
0
0
0
0
0
0
0
0
0
0
0
0
0
0
0
0
0
0
0
0
0
0
0
0
0
0
0
0
0
0
0
0
0
0
0
0
0
0
0
0
0
0
0
0
0
0
0
0
0
0
0
0
0
5.7838
0
0
0
0
0
0
0
0
0
0
0
0
0
0
0
0
0
0
0
0
0
0
0
0
0
0
0
0
0
0
0
0
0
0
0
0
0
0
0
0
0
0
0
0
0
0
0
0
0
0
0
0
0
0
0
-4.4113
0
0
0
0
0
0
0
0
0
0
0
0
0
0
0
0
0
0
0
0
0
0
0
0
0
0
0
0
0
0
0
0
0
0
0
0
0
0
0
0
0
0
0
0
0
0
0
0
0
0
0
0
0
0
0
0
0
0
0
0
0
0
0
0
0
0
0
0
0
4.4113
0
0
0
0
0
0
0
0
0
0
0
0
0
0
0
0
0
0
0
0
0
0
0
0
0
0
0
0
0
0
0
0
0
0
0
0
0
0
0
0
0
0
0
0
0
0
0
0
0
0
0
0
0
0
0
0
0
0
0
0
0
0
0
0
0
0
0
0
0
0
0
0
0
0
0
0
0
0
0
0
0
0
0
0
0
0
0
0
0
0
0
0
0
-4.197
0
0
0
0
0
0
0
0
0
0
0
0
0
0
0
0
0
0
0
0
0
0
0
0
0
0
0
0
0
0
0
4.197
0
0
0
0
0
0
0
0
0
0
0
0
0
0
0
0
0
0
0
0
0
0
0
0
0
0
0
0
0
0
0
0
0
0
0
0
0
0
0
0
0
0
0
0
0
0
0
0
0
0
0
0
0
0
0
0
0
0
0
0
0
0
0
-3.0144
0
0
0
0
0
0
0
0
0
0
0
0
0
0
0
0
0
0
0
0
0
0
0
0
0
0
0
0
0
0
0
0
0
0
0
0
0
0
0
0
0
0
0
0
0
0
0
0
0
0
0
0
0
0
0
0
0
0
0
0
0
3.0144
0
0
0
0
0
0
0
0
0
0
0
0
0
0
0
0
0
0
0
0
0
0
0
0
0
0
0
0
0
0
0
0
0
0
0
0
-4.978
0
0
0
0
0
0
0
0
0
0
0
0
0
0
0
0
0
0
0
0
0
0
0
0
0
0
0
0
0
0
0
0
0
0
0
0
0
0
0
0
0
0
0
0
0
0
0
0
0
0
0
0
0
0
0
0
0
0
0
0
0
0
0
0
0
0
0
0
0
0
0
0
0
0
0
0
0
0
0
0
0
0
0
0
0
0
0
0
4.978
0
0
0
0
0
0
0
0
0
0
0
0
0
0
0
0
0
0
0
0
0
0
0
0
0
0
0
0
0
0
0
0
0
0
0
0
0
0
0
0
0
0
0
0
0
0
0
0
0
0
0
0
0
0
0
0
0
0
0
0
0
0
0
0
0
-2.7349
0
0
0
0
0
0
0
0
0
0
0
0
0
0
0
0
0
0
0
0
0
0
0
0
0
0
0
0
0
0
0
0
0
0
0
0
0
0
0
0
0
0
0
0
0
0
0
0
0
0
0
0
0
0
0
0
0
0
0
2.7349
0
0
0
0
0
0
0
0
0
0
0
0
0
0
0
0
0
0
0
0
0
0
0
0
0
0
0
0
0
0
0
0
0
0
0
0
0
0
0
0
0
0
0
0
0
0
0
0
0
0
0
0
0
0
0
0
0
0
0
0
0
0
0
0
0
0
0
0
0
0
-2.818
0
0
0
0
0
0
0
0
0
0
0
0
0
0
0
0
0
0
0
0
0
0
0
0
0
0
0
0
0
0
0
0
0
0
0
0
0
0
0
0
0
0
0
0
0
0
0
0
0
0
0
0
0
0
2.818
0
0
0
0
0
0
0
0
0
0
0
0
0
0
0
0
0
0
0
0
0
0
0
0
0
0
0
0
0
0
0
0
0
0
0
0
0
0
0
0
0
0
0
0
0
0
0
0
-4.6397
0
0
0
0
0
0
0
0
0
0
0
0
0
0
0
0
0
0
0
0
0
0
0
0
0
0
0
0
0
0
0
0
0
0
0
0
0
0
0
0
0
0
0
0
0
0
0
0
0
0
0
0
0
0
0
0
0
0
0
0
0
0
0
0
0
0
0
0
0
0
0
0
0
0
0
0
4.6397
0
0
0
0
0
0
0
0
0
0
0
0
0
0
0
0
0
0
0
0
0
0
0
0
0
0
-5.9038
0
0
0
0
0
0
0
0
0
0
0
0
0
0
0
0
0
0
0
0
0
0
0
0
0
0
0
0
0
0
0
0
0
0
0
0
0
0
0
0
0
0
0
0
0
0
0
0
0
0
0
0
0
0
0
0
0
0
0
0
0
0
0
0
0
0
0
0
0
0
0
0
0
0
0
0
0
0
0
0
0
0
0
0
0
0
0
0
0
0
0
0
0
0
0
0
0
0
5.9038
0
0
0
0
0
0
0
0
0
0
0
0
0
0
0
0
0
0
0
0
0
0
0
0
0
0
0
-5.4549
0
0
0
0
0
0
0
0
0
0
0
0
0
0
0
0
0
0
0
0
0
0
0
0
0
0
0
0
0
0
0
0
0
0
0
0
0
0
0
0
0
0
0
0
0
0
0
0
0
0
0
0
0
0
0
0
0
0
0
0
0
0
0
0
0
0
0
0
0
0
0
0
0
0
0
0
0
0
0
0
0
0
0
0
0
0
0
0
0
0
0
0
0
0
0
0
0
5.4549
0
0
0
0
0
0
0
-6.3859
0
0
0
0
0
0
0
0
0
0
0
0
0
0
0
0
0
0
0
0
0
0
0
0
0
0
0
0
0
0
0
0
0
0
0
0
0
0
0
0
0
0
0
0
0
0
0
0
0
0
0
0
0
0
0
0
0
0
0
0
0
0
0
0
0
0
0
0
0
0
0
0
0
0
0
0
0
0
0
0
0
0
0
0
0
0
0
0
0
0
0
0
0
0
0
0
0
0
0
0
0
0
0
0
0
0
0
0
0
0
0
0
0
0
0
0
0
6.3859
0
0
0
0
0
0
0
0
0
0
0
0
0
0
0
0
0
0
0
0
0
0
0
0
0
0
0
0
0
0
0
0
0
0
0
0
0
0
0
0
0
0
0
0
0
0
0
0
0
0
0
0
0
0
0
0
0
0
0
0
0
0
0
0
0
0
0
0
0
0
0
0
0
0
0
0
-3.4587
0
0
0
0
0
0
0
0
0
0
0
0
0
0
0
0
0
0
0
0
0
0
0
0
0
0
0
0
0
0
0
0
0
0
0
0
0
0
0
0
0
0
0
0
0
0
0
0
3.4587
0
0
0
0
0
0
0
0
0
0
0
0
0
0
0
0
0
0
0
0
0
0
0
0
0
0
0
0
0
0
0
0
0
0
0
0
0
0
0
0
0
0
0
0
0
0
0
0
0
0
0
0
0
0
0
0
0
0
0
0
0
0
0
0
0
0
0
0
0
0
0
0
0
0
0
0
0
0
-3.3567
0
0
0
0
0
0
0
0
0
0
0
0
0
0
0
0
0
0
0
0
0
0
0
0
0
0
0
0
0
0
0
0
0
0
0
0
0
0
0
0
0
0
0
0
0
0
3.3567
0
0
0
0
0
0
0
0
0
0
0
0
0
0
0
0
0
0
0
0
0
0
0
0
0
0
0
0
0
0
0
0
0
0
0
0
0
0
0
0
0
0
0
0
0
0
0
0
0
0
0
0
0
0
0
0
0
0
0
0
0
0
0
0
0
0
0
0
0
0
0
0
0
0
0
0
0
0
0
0
0
0
0
-3.2685
0
0
0
0
0
0
0
0
0
0
0
0
0
0
0
0
0
0
0
0
0
0
0
0
0
0
0
0
0
0
0
0
0
0
0
0
0
0
0
0
0
3.2685
0
0
0
0
0
0
0
0
-6.4906
0
0
0
0
0
0
0
0
0
0
0
0
0
0
0
0
0
0
0
0
0
0
0
0
0
0
0
0
0
0
0
0
0
0
0
0
0
0
0
0
0
0
0
0
0
0
0
0
0
0
0
0
0
0
0
0
0
0
0
0
0
0
0
0
0
0
0
0
0
0
0
0
0
0
0
0
0
0
0
0
0
0
0
0
0
0
0
0
0
0
0
0
0
0
0
0
0
0
0
0
0
0
0
0
0
0
0
0
0
0
0
0
0
0
0
0
6.4906
0
0
-6.3859
0
0
0
0
0
0
0
0
0
0
0
0
0
0
0
0
0
0
0
0
0
0
0
0
0
0
0
0
0
0
0
0
0
0
0
0
0
0
0
0
0
0
0
0
0
0
0
0
0
0
0
0
0
0
0
0
0
0
0
0
0
0
0
0
0
0
0
0
0
0
0
0
0
0
0
0
0
0
0
0
0
0
0
0
0
0
0
0
0
0
0
0
0
0
0
0
0
0
0
0
0
0
0
0
0
0
0
0
0
0
0
0
0
0
0
0
0
0
0
0
0
0
6.3859
