1
0.937
0.91445
0.90649
0.90039
0.89631
0.89356
0.89245
0.89171
0.89202
0.8925
0.8923
0.88688
0.88096
0.87582
0.8706
0.86511
0.85893
0.85239
0.84588
0.8397
0.83404
0.82895
0.82439
0.82024
0.81633
0.81253
0.80875
0.80496
0.80119
0.79745
0.79377
0.7902
0.78676
0.78349
0.78042
0.77759
0.77501
0.77272
0.77074
0.76909
0.76775
0.76668
0.76581
0.76506
0.76432
0.7635
0.76255
0.76145
0.76024
0.75893
0.75754
0.75607
0.75455
0.75297
0.75134
0.74967
0.74795
0.74621
0.74447
0.74276
0.74116
0.73972
0.7385
0.73755
0.73687
0.73645
0.7362
0.73608
0.73599
0.73589
0.73573
0.73549
0.73517
0.73476
0.73426
0.73367
0.73297
0.73216
0.73122
0.73015
0.72891
0.72749
0.72589
0.72411
0.7222
0.72024
0.71828
0.71638
0.71459
0.71292
0.71138
0.70997
0.70867
0.70748
0.7064
0.70542
0.70453
0.70372
0.703
0.70234
0.70176
0.70124
0.70077
0.70036
