63.3631
-0.78559
-0.8071
-0.80945
-0.82348
-0.80931
-0.80205
-0.79968
-0.83428
-0.81808
-0.81476
-0.80678
-0.81458
-0.84653
-0.84318
-0.8119
-0.81339
-0.82166
-0.81859
-0.81211
-0.81166
-0.81147
-0.77974
-0.79156
-0.8314
-0.77359
-0.7736
-0.80886
-0.79552
-0.80156
-0.82339
-0.8206
-0.81138
-0.80694
-0.801
-0.84596
-0.83229
-0.8456
-0.81246
-0.76339
-0.81242
-0.81254
-0.81644
-0.75546
-0.85088
-0.92115
-0.88572
-1.0671
-1.0203
-1.085
-1.1106
-1.0385
-1.1577
-1.2869
-1.4566
0
0
0
-2.2437
0
-2.0003
-2.1371
0
0
0
-2.1444
0
0
0
0
0
-2.5128
-2.391
0
0
0
0
0
0
0
0
0
0
0
0
0
0
0
0
0
0
0
-3.222
0
0
0
0
0
0
0
0
0
0
0
0
0
0
0
0
0
-0.78559
58.6959
-0.79116
-0.79414
-0.80744
-0.79349
-0.78567
-0.78416
-0.8177
-0.80257
-0.80795
-0.79132
-0.79903
-0.82946
-0.82629
-0.79663
-0.79784
-0.80557
-0.80334
-0.79793
-0.79607
-0.79661
-0.76454
-0.77595
-0.81553
-0.75821
-0.75821
-0.79427
-0.78004
-0.78269
-0.80825
-0.805
-0.7959
-0.79112
-0.78564
-0.82973
-0.8156
-0.82698
-0.79711
-0.74838
-0.79707
-0.79718
-0.79901
-0.74049
-0.83513
-0.90519
-0.87043
-1.0508
-1.0042
-1.0686
-1.0944
-1.0088
-1.1391
-1.2677
-1.4374
0
0
0
-2.2244
0
-1.9837
-2.1275
0
-2.011
0
-2.1256
0
0
0
0
0
0
-2.365
0
0
0
0
0
0
0
0
0
0
0
0
0
0
0
0
0
0
0
0
0
0
0
0
0
0
0
0
0
0
0
0
0
0
0
0
0
-0.8071
-0.79116
61.5827
-0.81361
-0.82763
-0.81318
-0.80471
-0.80556
-0.83666
-0.82194
-0.82858
-0.81066
-0.8185
-0.84955
-0.84675
-0.8173
-0.81733
-0.82527
-0.82371
-0.81812
-0.81552
-0.81631
-0.78387
-0.79527
-0.83478
-0.77745
-0.77745
-0.81685
-0.79946
-0.80554
-0.8284
-0.82389
-0.8154
-0.81089
-0.80502
-0.84972
-0.83578
-0.8489
-0.81633
-0.76737
-0.81629
-0.81641
-0.81739
-0.75922
-0.85293
-0.92479
-0.89293
-1.0707
-1.0239
-1.0884
-1.1139
-1.0405
-1.1589
-1.2873
-1.4577
0
0
0
-2.2404
0
0
-2.1511
0
0
0
-2.1401
0
0
0
0
0
0
-2.3757
0
0
0
0
0
0
0
0
0
0
0
0
0
0
0
0
0
0
0
0
0
0
0
0
0
0
0
-5.7528
0
0
0
0
0
0
0
0
0
-0.80945
-0.79414
-0.81361
50.4958
-0.82106
-0.80599
-0.79749
-0.7985
-0.8302
-0.81485
-0.82067
-0.80349
-0.81138
-0.84295
-0.8388
-0.80813
-0.81021
-0.81738
-0.81566
-0.81085
-0.80848
-0.80862
-0.77684
-0.78863
-0.8283
-0.77029
-0.77029
-0.80775
-0.79261
-0.799
-0.82015
-0.81759
-0.80812
-0.80377
-0.79777
-0.84175
-0.82807
-0.8421
-0.80934
-0.76022
-0.80929
-0.80941
-0.81192
-0.75205
-0.84772
-0.91765
-0.88312
-1.0636
-1.016
-1.0815
-1.1072
-1.0365
-1.1517
-1.2805
-1.4898
-1.7546
0
0
0
0
0
0
0
0
0
-2.1388
0
0
0
0
0
0
0
0
0
0
0
0
0
0
0
0
0
0
0
0
0
0
0
0
0
0
0
0
0
0
0
0
0
0
0
0
0
0
0
0
0
0
0
0
-0.82348
-0.80744
-0.82763
-0.82106
51.6259
-0.81427
-0.80638
-0.8073
-0.83914
-0.82388
-0.82989
-0.81241
-0.82028
-0.8512
-0.84691
-0.81841
-0.8191
-0.82714
-0.82361
-0.82009
-0.8174
-0.81645
-0.78653
-0.79481
-0.837
-0.77905
-0.77905
-0.81734
-0.80171
-0.80819
-0.82918
-0.82626
-0.81709
-0.81274
-0.8067
-0.85029
-0.8365
-0.8511
-0.81829
-0.76899
-0.81824
-0.81836
-0.82029
-0.76069
-0.85674
-0.92712
-0.89173
-1.0739
-1.0279
-1.0918
-1.1175
-1.0465
-1.1637
-1.2935
0
0
-1.903
0
0
-1.7245
0
0
0
0
0
0
0
0
0
0
0
0
0
0
0
0
0
0
0
0
0
0
0
-2.3962
0
0
0
0
0
0
0
0
0
0
0
0
0
0
0
0
0
0
0
0
0
0
0
0
0
0
-0.80931
-0.79349
-0.81318
-0.80599
-0.81427
48.4997
-0.79039
-0.79241
-0.82465
-0.80881
-0.81465
-0.79728
-0.80511
-0.83564
-0.83168
-0.80386
-0.80392
-0.8127
-0.8087
-0.80429
-0.80215
-0.80246
-0.7701
-0.78111
-0.82166
-0.76399
-0.764
-0.80104
-0.78589
-0.79231
-0.81381
-0.81123
-0.80177
-0.79746
-0.79143
-0.83498
-0.82139
-0.83499
-0.80303
-0.75398
-0.80299
-0.80311
-0.80469
-0.74576
-0.84174
-0.91112
-0.87699
-1.0571
-1.0091
-1.075
-1.1007
-1.0303
-1.1461
-1.2758
0
0
0
0
0
0
0
0
0
0
0
0
0
0
-1.4677
0
0
0
0
0
0
0
0
0
0
0
0
-2.2324
0
0
0
0
0
0
0
0
0
0
0
0
0
0
0
0
0
0
0
0
0
0
0
0
0
0
0
0
-0.80205
-0.78567
-0.80471
-0.79749
-0.80638
-0.79039
47.6839
-0.78454
-0.81539
-0.80049
-0.8064
-0.78882
-0.79655
-0.82475
-0.82286
-0.79557
-0.79535
-0.80367
-0.80029
-0.79535
-0.79352
-0.79407
-0.76183
-0.7731
-0.8128
-0.75551
-0.75551
-0.79291
-0.77706
-0.78344
-0.80526
-0.80256
-0.79311
-0.78883
-0.78282
-0.82623
-0.81265
-0.82625
-0.79434
-0.74552
-0.79429
-0.79441
-0.79534
-0.73735
-0.83275
-0.90194
-0.8688
-1.0474
-0.9996
-1.0651
-1.0907
-1.0207
-1.1362
-1.2643
0
0
0
0
0
0
0
0
0
0
0
0
0
0
0
0
0
0
0
0
0
0
0
0
0
0
0
0
0
0
0
0
0
0
-3.3409
0
0
0
0
0
0
0
0
0
0
0
0
0
0
0
0
0
0
0
0
0
-0.79968
-0.78416
-0.80556
-0.7985
-0.8073
-0.79241
-0.78454
46.3719
-0.81635
-0.80138
-0.80705
-0.78965
-0.79748
-0.82825
-0.82454
-0.7964
-0.79632
-0.80577
-0.80167
-0.79656
-0.79453
-0.79505
-0.76298
-0.77449
-0.81424
-0.75646
-0.75646
-0.79391
-0.77893
-0.78543
-0.80627
-0.80398
-0.79408
-0.78976
-0.78379
-0.82733
-0.81368
-0.82768
-0.7953
-0.74639
-0.79526
-0.79537
-0.79705
-0.73823
-0.83433
-0.90278
-0.86968
-1.0479
-1.0007
-1.0655
-1.091
-1.0214
-1.1358
-1.264
0
0
0
0
0
0
-1.9786
0
0
0
0
0
0
0
0
0
0
0
0
0
0
0
0
0
0
0
0
0
0
0
0
0
0
0
0
0
0
0
0
0
0
0
0
0
0
0
0
0
0
0
0
0
0
0
0
0
-0.83428
-0.8177
-0.83666
-0.8302
-0.83914
-0.82465
-0.81539
-0.81635
49.1773
-0.83099
-0.8378
-0.81938
-0.82731
-0.85904
-0.85542
-0.82705
-0.82614
-0.83564
-0.83246
-0.82724
-0.82434
-0.82505
-0.79266
-0.80432
-0.84388
-0.78587
-0.78587
-0.82559
-0.80888
-0.81588
-0.8368
-0.83312
-0.82398
-0.82032
-0.81347
-0.8582
-0.84526
-0.8578
-0.82512
-0.77566
-0.82507
-0.8252
-0.8263
-0.76721
-0.86251
-0.93342
-0.90129
-1.0798
-1.0321
-1.0976
-1.1237
0
-1.1676
0
0
0
0
0
0
0
0
0
0
0
0
0
0
0
0
0
0
0
0
0
0
0
0
0
0
0
0
0
0
0
0
0
0
0
0
0
0
0
0
0
0
0
0
0
0
0
0
0
0
0
-5.5406
0
0
0
0
0
-0.81808
-0.80257
-0.82194
-0.81485
-0.82388
-0.80881
-0.80049
-0.80138
-0.83099
42.8976
-0.82284
-0.80344
-0.81225
-0.84812
-0.84241
-0.81153
-0.81117
-0.82638
-0.81665
-0.81221
-0.80957
-0.81018
-0.77801
-0.78959
-0.82931
-0.77105
-0.77105
-0.80905
-0.79412
-0.80102
-0.82124
-0.81884
-0.80895
-0.80527
-0.79846
-0.84255
-0.82971
-0.84377
-0.8104
-0.76097
-0.81036
-0.81048
-0.81221
-0.75247
-0.8491
-0.91823
-0.88484
-1.0647
-1.0176
-1.0826
-1.1089
0
-1.1529
0
0
0
0
0
0
0
0
0
0
0
0
0
0
0
0
0
0
0
0
0
0
0
0
0
0
0
0
0
0
0
0
0
0
0
0
0
0
0
0
0
0
0
0
0
0
0
0
0
0
0
0
0
0
0
0
0
-0.81476
-0.80795
-0.82858
-0.82067
-0.82989
-0.81465
-0.8064
-0.80705
-0.8378
-0.82284
45.2083
-0.81013
-0.81827
-0.85109
-0.84723
-0.81746
-0.81712
-0.82902
-0.82381
-0.81789
-0.81547
-0.81588
-0.78383
-0.79541
-0.83566
-0.77695
-0.77696
-0.81487
-0.79989
-0.80682
-0.82729
-0.82482
-0.81495
-0.81125
-0.80443
-0.84912
-0.8363
-0.85006
-0.81639
-0.76687
-0.81634
-0.81646
-0.81845
-0.75843
-0.85493
-0.92451
-0.89013
-1.0709
-1.0241
-1.0888
-1.115
0
0
0
0
0
0
0
0
0
0
0
0
0
0
0
0
0
0
0
0
0
0
0
0
0
0
0
0
0
0
0
0
0
0
0
0
0
0
0
0
0
-3.1845
0
0
0
0
0
0
0
0
0
0
0
0
0
0
0
0
0
-0.80678
-0.79132
-0.81066
-0.80349
-0.81241
-0.79728
-0.78882
-0.78965
-0.81938
-0.80344
-0.81013
41.1457
-0.80089
-0.83521
-0.82817
-0.7989
-0.79955
-0.81021
-0.80491
-0.80013
-0.79774
-0.79813
-0.76602
-0.77768
-0.81692
-0.75918
-0.75917
-0.79685
-0.78216
-0.78893
-0.80897
-0.80665
-0.79687
-0.79316
-0.78641
-0.83018
-0.81741
-0.83145
-0.79838
-0.74914
-0.79834
-0.79846
-0.8
-0.74065
-0.83672
-0.90565
-0.87226
-1.0515
-1.0046
-1.0693
-1.0955
0
0
0
0
0
0
0
0
0
0
0
0
0
0
0
0
0
0
0
0
0
0
0
0
0
0
0
0
0
0
0
0
0
0
0
0
0
0
0
0
0
0
0
0
0
0
0
0
0
0
0
0
0
0
0
0
0
0
0
-0.81458
-0.79903
-0.8185
-0.81138
-0.82028
-0.80511
-0.79655
-0.79748
-0.82731
-0.81225
-0.81827
-0.80089
39.39
-0.84036
-0.83409
-0.80683
-0.80642
-0.8148
-0.81168
-0.80763
-0.80483
-0.80546
-0.77267
-0.78473
-0.82535
-0.76572
-0.76571
-0.80531
-0.79018
-0.79675
-0.81612
-0.81383
-0.80382
-0.80025
-0.79329
-0.8374
-0.82491
-0.83921
-0.80564
-0.75601
-0.8056
-0.80572
-0.80768
-0.74738
-0.84405
-0.91291
-0.88011
-1.0591
0
-1.0768
0
0
0
0
0
0
0
0
0
0
0
0
0
0
0
0
0
0
0
0
0
0
0
0
0
0
0
0
0
0
0
0
0
0
0
0
0
0
0
0
0
0
0
0
0
0
0
0
0
0
0
0
0
0
0
0
0
0
0
0
-0.84653
-0.82946
-0.84955
-0.84295
-0.8512
-0.83564
-0.82475
-0.82825
-0.85904
-0.84812
-0.85109
-0.83521
-0.84036
44.4314
-0.86808
-0.83822
-0.83838
-0.85117
-0.84436
-0.83828
-0.83571
-0.83612
-0.80327
-0.81525
-0.85492
-0.79666
-0.79665
-0.83715
-0.81954
-0.82565
-0.84747
-0.84443
-0.83515
-0.83154
-0.82452
-0.86891
-0.85615
-0.86773
-0.83691
-0.78686
-0.83687
-0.837
-0.83759
-0.77807
-0.87545
-0.94592
0
0
0
0
0
0
0
0
0
0
0
0
0
0
0
0
0
0
0
0
-1.9256
0
0
0
0
0
0
0
0
0
0
0
0
0
0
0
0
0
0
0
0
0
0
0
0
0
0
0
0
0
0
0
0
0
0
0
0
0
0
0
-4.7537
0
0
0
-0.84318
-0.82629
-0.84675
-0.8388
-0.84691
-0.83168
-0.82286
-0.82454
-0.85542
-0.84241
-0.84723
-0.82817
-0.83409
-0.86808
43.5987
-0.83223
-0.83224
-0.84598
-0.83913
-0.83272
-0.82994
-0.83063
-0.79783
-0.80958
-0.84862
-0.79098
-0.79098
-0.83056
-0.81384
-0.82026
-0.84179
-0.83828
-0.82928
-0.82574
-0.81864
-0.86368
-0.85111
-0.86216
-0.83083
-0.78095
-0.83079
-0.8309
-0.83108
-0.77211
-0.86855
-0.93924
-0.90719
0
0
0
0
0
0
0
0
0
0
0
0
0
0
0
0
0
0
0
0
0
0
0
0
0
0
0
0
0
0
0
0
0
0
0
0
0
0
0
0
0
0
0
0
0
0
0
0
0
0
0
0
0
0
0
0
-5.1745
0
0
0
0
0
0
-0.8119
-0.79663
-0.8173
-0.80813
-0.81841
-0.80386
-0.79557
-0.7964
-0.82705
-0.81153
-0.81746
-0.7989
-0.80683
-0.83822
-0.83223
40.456
-0.80481
-0.80942
-0.80832
-0.80438
-0.80255
-0.80277
-0.77037
-0.7822
-0.82185
-0.76361
-0.76361
-0.79393
-0.78737
-0.79415
-0.80419
-0.81112
-0.80133
-0.79783
-0.79092
-0.83533
-0.82325
-0.83725
-0.80374
-0.75387
-0.80369
-0.80381
-0.80629
-0.74578
-0.8425
-0.91131
0
0
0
0
0
0
0
0
0
-1.736
0
0
0
0
0
0
0
0
0
0
0
0
0
0
0
0
0
0
0
-2.4581
0
0
0
0
0
0
0
0
0
0
0
0
0
0
0
0
0
0
0
0
0
0
0
0
0
0
0
0
0
0
0
0
0
0
-0.81339
-0.79784
-0.81733
-0.81021
-0.8191
-0.80392
-0.79535
-0.79632
-0.82614
-0.81117
-0.81712
-0.79955
-0.80642
-0.83838
-0.83224
-0.80481
38.2352
-0.81314
-0.80961
-0.80555
-0.80303
-0.8032
-0.77042
-0.78274
-0.82365
-0.7636
-0.76359
-0.80463
-0.7888
-0.79505
-0.81413
-0.81187
-0.80185
-0.79834
-0.7913
-0.8354
-0.82311
-0.83737
-0.80386
-0.75413
-0.80382
-0.80394
-0.80583
-0.74547
-0.84219
-0.91081
-0.87846
-1.057
0
0
0
0
0
0
0
0
0
0
0
0
0
0
0
0
0
0
0
0
0
0
0
0
0
0
0
0
0
0
0
0
0
0
0
0
0
0
0
0
0
0
0
0
0
0
0
0
0
0
0
0
0
0
0
0
0
0
0
0
0
0
-0.82166
-0.80557
-0.82527
-0.81738
-0.82714
-0.8127
-0.80367
-0.80577
-0.83564
-0.82638
-0.82902
-0.81021
-0.8148
-0.85117
-0.84598
-0.80942
-0.81314
43.1624
-0.8087
-0.81198
-0.81085
-0.81004
-0.77809
-0.78995
-0.82868
-0.77169
-0.77168
-0.81086
-0.79397
-0.79997
-0.82145
-0.81829
-0.80966
-0.80615
-0.79902
-0.83599
-0.82247
-0.84263
-0.81143
-0.76198
-0.81138
-0.8115
-0.81329
-0.75331
0
0
0
0
0
0
0
0
0
0
0
-1.7431
0
-2.2234
0
0
0
0
0
0
0
0
0
0
0
0
0
0
0
0
0
0
0
0
0
0
0
0
0
0
0
0
0
0
0
0
0
0
0
0
0
0
0
0
0
0
0
0
0
0
0
-4.3359
0
0
0
0
-0.81859
-0.80334
-0.82371
-0.81566
-0.82361
-0.8087
-0.80029
-0.80167
-0.83246
-0.81665
-0.82381
-0.80491
-0.81168
-0.84436
-0.83913
-0.80832
-0.80961
-0.8087
41.7874
-0.80593
-0.80739
-0.8054
-0.77451
-0.78646
-0.82521
-0.76802
-0.76802
-0.80785
-0.79117
-0.79772
-0.81861
-0.81573
-0.80616
-0.80303
-0.79605
-0.82694
-0.81368
-0.84034
-0.80851
-0.75889
-0.80847
-0.80859
-0.80884
-0.75011
0
0
0
0
-1.0172
0
0
0
0
0
0
0
0
0
0
0
0
0
-1.9636
0
0
0
0
0
0
0
0
0
0
0
0
0
0
0
0
0
0
0
0
0
0
0
-4.1098
0
0
0
0
0
0
0
0
0
0
0
0
0
0
0
0
0
0
0
0
0
0
0
-0.81211
-0.79793
-0.81812
-0.81085
-0.82009
-0.80429
-0.79535
-0.79656
-0.82724
-0.81221
-0.81789
-0.80013
-0.80763
-0.83828
-0.83272
-0.80438
-0.80555
-0.81198
-0.80593
37.9581
-0.80398
-0.80087
-0.77047
-0.78238
-0.82354
-0.76301
-0.76301
-0.80451
-0.78751
-0.79287
-0.8132
-0.81137
-0.80142
-0.79793
-0.79079
-0.83493
-0.82288
-0.83775
-0.80388
-0.75396
-0.80385
-0.80396
-0.8058
-0.74507
0
0
0
0
0
0
0
0
0
0
0
0
0
0
0
0
0
0
-1.9437
0
0
0
0
0
0
-1.4762
0
0
0
0
0
0
0
0
0
0
0
0
0
0
0
0
0
0
0
0
0
0
0
0
0
0
0
0
0
0
0
0
0
0
0
0
0
0
0
0
-0.81166
-0.79607
-0.81552
-0.80848
-0.8174
-0.80215
-0.79352
-0.79453
-0.82434
-0.80957
-0.81547
-0.79774
-0.80483
-0.83571
-0.82994
-0.80255
-0.80303
-0.81085
-0.80739
-0.80398
36.1943
-0.80211
-0.76386
-0.77744
-0.82118
-0.75955
-0.75955
-0.80612
-0.78896
-0.79255
-0.81101
-0.80882
-0.79889
-0.79541
-0.78826
-0.83225
-0.82053
-0.83484
-0.80131
-0.75143
-0.80127
-0.80138
-0.80331
-0.74273
-0.83928
-0.90757
0
0
0
0
0
0
0
0
0
0
0
0
0
0
0
0
0
0
0
0
0
0
0
0
0
0
0
0
0
0
0
0
0
0
0
0
0
0
0
0
0
0
0
0
0
0
0
0
0
0
0
0
0
0
0
0
0
0
0
0
0
0
0
0
-0.81147
-0.79661
-0.81631
-0.80862
-0.81645
-0.80246
-0.79407
-0.79505
-0.82505
-0.81018
-0.81588
-0.79813
-0.80546
-0.83612
-0.83063
-0.80277
-0.8032
-0.81004
-0.8054
-0.80087
-0.80211
37.2674
-0.76536
-0.77904
-0.82066
-0.76021
-0.76022
-0.80046
-0.78707
-0.79182
-0.81092
-0.80902
-0.79894
-0.79547
-0.78831
-0.83199
-0.82007
-0.83408
-0.80149
-0.75147
-0.80144
-0.80156
-0.80273
-0.74266
0
0
0
0
0
0
0
0
0
0
0
0
0
0
0
0
0
0
0
0
0
0
0
0
0
0
0
0
0
0
0
0
0
0
0
0
0
0
0
0
0
0
0
0
0
0
0
-2.8255
0
0
0
0
0
0
0
0
0
0
0
0
0
0
0
0
0
0
-0.77974
-0.76454
-0.78387
-0.77684
-0.78653
-0.7701
-0.76183
-0.76298
-0.79266
-0.77801
-0.78383
-0.76602
-0.77267
-0.80327
-0.79783
-0.77037
-0.77042
-0.77809
-0.77451
-0.77047
-0.76386
-0.76536
34.6887
-0.73932
-0.78704
-0.73027
-0.73027
-0.77196
-0.75306
-0.75236
-0.77703
-0.77511
-0.76629
-0.76255
-0.75566
-0.79762
-0.78599
-0.80031
-0.7684
-0.71896
-0.76836
-0.76847
-0.76869
-0.71032
0
0
0
0
0
0
0
0
0
0
0
0
0
0
0
0
0
0
0
0
0
0
0
0
0
0
0
0
0
0
0
0
0
0
-1.6268
0
0
0
0
0
0
0
0
0
0
0
0
0
0
0
0
0
0
0
0
0
0
0
0
0
0
0
0
0
0
0
-0.79156
-0.77595
-0.79527
-0.78863
-0.79481
-0.78111
-0.7731
-0.77449
-0.80432
-0.78959
-0.79541
-0.77768
-0.78473
-0.81525
-0.80958
-0.7822
-0.78274
-0.78995
-0.78646
-0.78238
-0.77744
-0.77904
-0.73932
35.3794
-0.7995
-0.73974
-0.73974
-0.78549
-0.76679
-0.7668
-0.78856
-0.7865
-0.77765
-0.77398
-0.76705
-0.80965
-0.79821
-0.81181
-0.78017
-0.73055
-0.78013
-0.78025
-0.78117
-0.72194
0
0
0
0
0
0
0
0
0
0
0
0
-1.8228
0
0
0
0
0
0
0
0
0
0
0
0
0
0
0
0
0
0
0
0
0
0
0
0
0
0
0
0
0
0
0
0
0
0
0
0
0
0
0
0
0
0
0
0
0
0
0
0
0
0
0
0
0
-0.8314
-0.81553
-0.83478
-0.8283
-0.837
-0.82166
-0.8128
-0.81424
-0.84388
-0.82931
-0.83566
-0.81692
-0.82535
-0.85492
-0.84862
-0.82185
-0.82365
-0.82868
-0.82521
-0.82354
-0.82118
-0.82066
-0.78704
-0.7995
39.3263
-0.78023
-0.78022
-0.82344
-0.80585
-0.81172
-0.83158
-0.82852
-0.81918
-0.81578
-0.80852
-0.85271
-0.84053
-0.85386
-0.8216
-0.77139
-0.82156
-0.82167
-0.82201
-0.76243
0
0
0
0
0
0
0
0
0
0
0
0
0
0
0
0
0
0
0
0
0
0
0
0
0
0
0
0
0
0
0
0
0
0
0
0
0
0
0
0
0
0
0
0
0
0
0
0
0
0
0
0
-4.0518
0
0
0
0
0
0
0
0
0
0
0
0
0
-0.77359
-0.75821
-0.77745
-0.77029
-0.77905
-0.76399
-0.75551
-0.75646
-0.78587
-0.77105
-0.77695
-0.75918
-0.76572
-0.79666
-0.79098
-0.76361
-0.7636
-0.77169
-0.76802
-0.76301
-0.75955
-0.76021
-0.73027
-0.73974
-0.78023
32.7662
-0.70845
-0.76642
-0.74698
-0.75579
-0.76598
-0.76525
-0.75792
-0.7539
-0.74729
-0.78918
-0.77801
-0.79182
-0.76085
-0.7114
-0.76081
-0.76093
-0.76153
-0.7028
0
0
0
0
0
0
0
0
0
0
0
0
0
0
0
0
0
0
0
0
0
0
0
0
0
0
0
0
0
0
0
0
0
0
0
0
0
0
0
0
0
0
0
0
0
0
0
0
0
0
0
0
0
0
0
0
0
0
0
0
0
0
0
0
0
0
-0.7736
-0.75821
-0.77745
-0.77029
-0.77905
-0.764
-0.75551
-0.75646
-0.78587
-0.77105
-0.77696
-0.75917
-0.76571
-0.79665
-0.79098
-0.76361
-0.76359
-0.77168
-0.76802
-0.76301
-0.75955
-0.76022
-0.73027
-0.73974
-0.78022
-0.70845
32.7661
-0.76642
-0.74697
-0.75578
-0.76598
-0.76524
-0.75792
-0.7539
-0.74728
-0.78918
-0.778
-0.79181
-0.76085
-0.7114
-0.76081
-0.76093
-0.76153
-0.7028
0
0
0
0
0
0
0
0
0
0
0
0
0
0
0
0
0
0
0
0
0
0
0
0
0
0
0
0
0
0
0
0
0
0
0
0
0
0
0
0
0
0
0
0
0
0
0
0
0
0
0
0
0
0
0
0
0
0
0
0
0
0
0
0
0
0
-0.80886
-0.79427
-0.81685
-0.80775
-0.81734
-0.80104
-0.79291
-0.79391
-0.82559
-0.80905
-0.81487
-0.79685
-0.80531
-0.83715
-0.83056
-0.79393
-0.80463
-0.81086
-0.80785
-0.80451
-0.80612
-0.80046
-0.77196
-0.78549
-0.82344
-0.76642
-0.76642
37.1031
-0.79439
-0.77693
-0.78714
-0.79853
-0.79191
-0.78794
-0.78078
-0.82237
0
0
0
-0.75523
0
0
0
0
0
0
0
0
0
0
0
0
0
0
0
0
0
0
0
0
0
0
0
0
0
0
0
0
0
0
0
0
0
-0.12391
0
-2.3994
0
0
0
0
0
0
-2.3024
0
0
0
0
0
0
0
0
0
0
-3.4877
0
0
0
0
0
0
0
0
0
0
0
0
0
0
0
0
-0.79552
-0.78004
-0.79946
-0.79261
-0.80171
-0.78589
-0.77706
-0.77893
-0.80888
-0.79412
-0.79989
-0.78216
-0.79018
-0.81954
-0.81384
-0.78737
-0.7888
-0.79397
-0.79117
-0.78751
-0.78896
-0.78707
-0.75306
-0.76679
-0.80585
-0.74698
-0.74697
-0.79439
35.9042
-0.74746
-0.78505
-0.78369
-0.77862
-0.77428
-0.76782
-0.80661
0
0
-0.78224
0
-0.78219
-0.7823
0
0
0
0
0
0
0
0
0
0
0
0
0
0
0
0
0
0
0
0
0
0
0
0
0
0
0
0
0
0
0
0
0
0
0
-2.4436
0
0
0
0
0
0
0
0
0
0
0
0
0
0
0
0
-3.6116
0
0
0
0
0
0
0
0
0
0
0
0
0
0
0
-0.80156
-0.78269
-0.80554
-0.799
-0.80819
-0.79231
-0.78344
-0.78543
-0.81588
-0.80102
-0.80682
-0.78893
-0.79675
-0.82565
-0.82026
-0.79415
-0.79505
-0.79997
-0.79772
-0.79287
-0.79255
-0.79182
-0.75236
-0.7668
-0.81172
-0.75579
-0.75578
-0.77693
-0.74746
34.5617
-0.79181
-0.7913
-0.78686
-0.78196
-0.77129
0
0
0
0
0
0
0
0
0
0
0
0
0
0
0
0
0
0
0
0
0
0
0
0
0
0
0
0
-1.9655
0
0
0
0
0
0
0
0
0
0
0
0
0
-2.4364
0
0
0
0
0
0
0
0
0
0
0
0
0
0
0
0
0
0
0
0
0
0
0
0
0
0
0
0
0
0
0
-3.2921
-0.82339
-0.80825
-0.8284
-0.82015
-0.82918
-0.81381
-0.80526
-0.80627
-0.8368
-0.82124
-0.82729
-0.80897
-0.81612
-0.84747
-0.84179
-0.80419
-0.81413
-0.82145
-0.81861
-0.8132
-0.81101
-0.81092
-0.77703
-0.78856
-0.83158
-0.76598
-0.76598
-0.78714
-0.78505
-0.79181
30.9185
-0.83729
-0.81613
-0.81273
-0.79332
0
0
0
0
0
0
0
0
0
0
0
0
0
0
0
0
0
0
0
0
0
0
0
0
0
0
0
0
0
0
0
0
0
0
0
0
0
0
0
0
-2.4122
0
0
0
0
0
0
0
0
-0.92586
0
0
0
0
0
0
0
0
0
0
0
0
0
0
0
0
0
0
0
0
0
0
0
0
0
-0.8206
-0.805
-0.82389
-0.81759
-0.82626
-0.81123
-0.80256
-0.80398
-0.83312
-0.81884
-0.82482
-0.80665
-0.81383
-0.84443
-0.83828
-0.81112
-0.81187
-0.81829
-0.81573
-0.81137
-0.80882
-0.80902
-0.77511
-0.7865
-0.82852
-0.76525
-0.76524
-0.79853
-0.78369
-0.7913
-0.83729
30.3658
-0.81004
-0.80555
-0.78587
0
0
0
0
0
0
0
0
0
0
0
0
0
0
0
0
0
0
0
0
0
0
0
0
0
0
0
0
0
0
0
0
0
0
0
0
0
0
0
0
0
0
0
0
0
0
0
0
0
0
0
0
0
0
0
0
0
0
0
0
0
0
0
0
0
0
0
0
0
0
0
0
-2.8556
0
0
-0.81138
-0.7959
-0.8154
-0.80812
-0.81709
-0.80177
-0.79311
-0.79408
-0.82398
-0.80895
-0.81495
-0.79687
-0.80382
-0.83515
-0.82928
-0.80133
-0.80185
-0.80966
-0.80616
-0.80142
-0.79889
-0.79894
-0.76629
-0.77765
-0.81918
-0.75792
-0.75792
-0.79191
-0.77862
-0.78686
-0.81613
-0.81004
28.0223
-0.79509
-0.77359
-0.82303
0
0
0
0
0
0
0
0
0
0
0
0
0
0
0
0
0
0
0
0
0
0
0
0
0
0
0
0
0
0
0
0
0
0
0
0
0
0
0
0
0
0
0
0
0
0
0
0
0
0
0
0
0
0
0
0
0
0
0
0
0
0
0
0
0
0
0
0
0
0
0
0
0
0
-0.80694
-0.79112
-0.81089
-0.80377
-0.81274
-0.79746
-0.78883
-0.78976
-0.82032
-0.80527
-0.81125
-0.79316
-0.80025
-0.83154
-0.82574
-0.79783
-0.79834
-0.80615
-0.80303
-0.79793
-0.79541
-0.79547
-0.76255
-0.77398
-0.81578
-0.7539
-0.7539
-0.78794
-0.77428
-0.78196
-0.81273
-0.80555
-0.79509
28.0772
-0.75792
0
0
0
0
0
0
0
0
0
0
0
0
0
0
0
0
-1.0185
0
0
0
0
0
0
0
0
0
0
0
0
0
0
0
0
0
0
0
0
0
0
0
0
0
0
0
0
0
0
0
0
0
0
0
0
0
0
0
0
0
0
0
0
0
0
0
0
0
0
0
0
0
0
0
0
0
0
-0.801
-0.78564
-0.80502
-0.79777
-0.8067
-0.79143
-0.78282
-0.78379
-0.81347
-0.79846
-0.80443
-0.78641
-0.79329
-0.82452
-0.81864
-0.79092
-0.7913
-0.79902
-0.79605
-0.79079
-0.78826
-0.78831
-0.75566
-0.76705
-0.80852
-0.74729
-0.74728
-0.78078
-0.76782
-0.77129
-0.79332
-0.78587
-0.77359
-0.75792
26.7944
0
0
0
0
0
0
0
0
0
0
0
0
0
0
0
0
0
0
0
0
0
0
0
0
0
0
0
0
0
0
0
0
0
0
0
0
0
0
0
0
0
0
0
0
0
0
0
0
0
0
0
0
0
0
0
0
0
0
0
0
0
0
0
0
0
0
0
0
0
0
0
0
0
0
0
-0.84596
-0.82973
-0.84972
-0.84175
-0.85029
-0.83498
-0.82623
-0.82733
-0.8582
-0.84255
-0.84912
-0.83018
-0.8374
-0.86891
-0.86368
-0.83533
-0.8354
-0.83599
-0.82694
-0.83493
-0.83225
-0.83199
-0.79762
-0.80965
-0.85271
-0.78918
-0.78918
-0.82237
-0.80661
0
0
0
-0.82303
0
0
27.1495
0
0
0
0
0
0
0
0
0
0
0
0
0
0
0
0
0
0
0
0
0
-2.1703
0
0
0
0
0
0
0
0
0
0
0
0
0
0
0
0
0
0
0
0
0
0
0
0
0
0
0
0
0
0
0
0
0
0
0
0
0
0
0
0
0
0
0
0
0
0
0
0
0
0
0
0
-0.83229
-0.8156
-0.83578
-0.82807
-0.8365
-0.82139
-0.81265
-0.81368
-0.84526
-0.82971
-0.8363
-0.81741
-0.82491
-0.85615
-0.85111
-0.82325
-0.82311
-0.82247
-0.81368
-0.82288
-0.82053
-0.82007
-0.78599
-0.79821
-0.84053
-0.77801
-0.778
0
0
0
0
0
0
0
0
0
25.3617
0
0
0
0
0
0
0
0
0
0
0
0
0
0
-1.0403
0
0
0
0
0
-2.1379
0
0
0
0
0
0
0
0
0
0
0
0
0
0
0
0
0
0
0
0
0
0
0
0
0
0
0
0
0
0
0
0
0
0
0
0
0
0
0
0
0
0
0
0
0
0
0
0
0
0
0
0
-0.8456
-0.82698
-0.8489
-0.8421
-0.8511
-0.83499
-0.82625
-0.82768
-0.8578
-0.84377
-0.85006
-0.83145
-0.83921
-0.86773
-0.86216
-0.83725
-0.83737
-0.84263
-0.84034
-0.83775
-0.83484
-0.83408
-0.80031
-0.81181
-0.85386
-0.79182
-0.79181
0
0
0
0
0
0
0
0
0
0
26.5688
0
0
0
0
0
0
0
0
0
0
0
0
0
0
0
0
0
0
0
0
0
0
0
0
0
0
-1.7794
0
0
0
0
0
0
0
0
0
0
0
0
0
0
0
-2.2197
0
0
0
0
0
0
0
0
0
0
0
0
0
0
0
0
0
0
0
0
0
0
0
0
0
0
0
0
0
-0.81246
-0.79711
-0.81633
-0.80934
-0.81829
-0.80303
-0.79434
-0.7953
-0.82512
-0.8104
-0.81639
-0.79838
-0.80564
-0.83691
-0.83083
-0.80374
-0.80386
-0.81143
-0.80851
-0.80388
-0.80131
-0.80149
-0.7684
-0.78017
-0.8216
-0.76085
-0.76085
0
-0.78224
0
0
0
0
0
0
0
0
0
22.4782
0
0
0
0
0
0
0
0
0
0
0
0
0
0
0
0
0
0
0
0
0
0
0
0
0
0
0
0
0
0
0
0
0
0
0
0
0
0
0
0
0
0
0
0
0
0
0
0
0
0
0
0
0
0
0
0
0
0
0
0
0
0
0
0
0
0
0
0
0
0
0
-0.76339
-0.74838
-0.76737
-0.76022
-0.76899
-0.75398
-0.74552
-0.74639
-0.77566
-0.76097
-0.76687
-0.74914
-0.75601
-0.78686
-0.78095
-0.75387
-0.75413
-0.76198
-0.75889
-0.75396
-0.75143
-0.75147
-0.71896
-0.73055
-0.77139
-0.7114
-0.7114
-0.75523
0
0
0
0
0
0
0
0
0
0
0
21.1154
0
0
0
0
0
0
0
0
0
0
0
0
0
0
0
0
0
0
0
0
0
0
0
0
0
0
0
0
0
0
0
0
0
0
0
0
0
0
0
0
0
0
0
0
0
0
0
0
0
0
0
0
0
0
0
0
0
0
0
0
0
0
0
0
0
0
0
0
0
0
-0.81242
-0.79707
-0.81629
-0.80929
-0.81824
-0.80299
-0.79429
-0.79526
-0.82507
-0.81036
-0.81634
-0.79834
-0.8056
-0.83687
-0.83079
-0.80369
-0.80382
-0.81138
-0.80847
-0.80385
-0.80127
-0.80144
-0.76836
-0.78013
-0.82156
-0.76081
-0.76081
0
-0.78219
0
0
0
0
0
0
0
0
0
0
0
22.477
0
0
0
0
0
0
0
0
0
0
0
0
0
0
0
0
0
0
0
0
0
0
0
0
0
0
0
0
0
0
0
0
0
0
0
0
0
0
0
0
0
0
0
0
0
0
0
0
0
0
0
0
0
0
0
0
0
0
0
0
0
0
0
0
0
0
0
0
0
-0.81254
-0.79718
-0.81641
-0.80941
-0.81836
-0.80311
-0.79441
-0.79537
-0.8252
-0.81048
-0.81646
-0.79846
-0.80572
-0.837
-0.8309
-0.80381
-0.80394
-0.8115
-0.80859
-0.80396
-0.80138
-0.80156
-0.76847
-0.78025
-0.82167
-0.76093
-0.76093
0
-0.7823
0
0
0
0
0
0
0
0
0
0
0
0
22.4803
0
0
0
0
0
0
0
0
0
0
0
0
0
0
0
0
0
0
0
0
0
0
0
0
0
0
0
0
0
0
0
0
0
0
0
0
0
0
0
0
0
0
0
0
0
0
0
0
0
0
0
0
0
0
0
0
0
0
0
0
0
0
0
0
0
0
0
0
-0.81644
-0.79901
-0.81739
-0.81192
-0.82029
-0.80469
-0.79534
-0.79705
-0.8263
-0.81221
-0.81845
-0.8
-0.80768
-0.83759
-0.83108
-0.80629
-0.80583
-0.81329
-0.80884
-0.8058
-0.80331
-0.80273
-0.76869
-0.78117
-0.82201
-0.76153
-0.76153
0
0
0
0
0
0
0
0
0
0
0
0
0
0
0
24.7366
0
0
0
0
0
0
0
0
0
0
0
0
0
0
0
0
0
0
0
0
0
0
0
0
0
0
0
0
0
0
0
0
0
0
0
0
0
0
0
0
0
0
-3.0001
0
0
0
0
0
0
0
0
0
0
0
0
0
0
0
0
0
0
0
0
0
0
0
0
-0.75546
-0.74049
-0.75922
-0.75205
-0.76069
-0.74576
-0.73735
-0.73823
-0.76721
-0.75247
-0.75843
-0.74065
-0.74738
-0.77807
-0.77211
-0.74578
-0.74547
-0.75331
-0.75011
-0.74507
-0.74273
-0.74266
-0.71032
-0.72194
-0.76243
-0.7028
-0.7028
0
0
0
0
0
0
0
0
0
0
0
0
0
0
0
0
20.131
0
0
0
0
0
0
0
0
0
0
0
0
0
0
0
0
0
0
0
0
0
0
0
0
0
0
0
0
0
0
0
0
0
0
0
0
0
0
0
0
0
0
0
0
0
0
0
0
0
0
0
0
0
0
0
0
0
0
0
0
0
0
0
0
0
0
-0.85088
-0.83513
-0.85293
-0.84772
-0.85674
-0.84174
-0.83275
-0.83433
-0.86251
-0.8491
-0.85493
-0.83672
-0.84405
-0.87545
-0.86855
-0.8425
-0.84219
0
0
0
-0.83928
0
0
0
0
0
0
0
0
0
0
0
0
0
0
0
0
0
0
0
0
0
0
0
17.9239
0
0
0
0
0
0
0
0
0
0
0
0
0
0
0
0
0
0
0
0
0
0
0
0
0
0
0
0
0
0
0
0
0
0
0
0
0
0
0
0
0
0
0
0
0
0
0
0
0
0
0
0
0
0
-2.6565
0
0
0
0
0
0
0
0
0
0
-0.92115
-0.90519
-0.92479
-0.91765
-0.92712
-0.91112
-0.90194
-0.90278
-0.93342
-0.91823
-0.92451
-0.90565
-0.91291
-0.94592
-0.93924
-0.91131
-0.91081
0
0
0
-0.90757
0
0
0
0
0
0
0
0
0
0
0
0
0
0
0
0
0
0
0
0
0
0
0
0
16.5213
0
0
0
0
0
0
0
0
0
0
0
0
0
0
0
0
0
0
0
0
0
0
0
0
0
0
0
0
0
0
0
0
0
0
0
0
0
0
0
0
0
0
0
0
0
0
0
0
0
0
0
0
0
0
0
0
0
0
0
0
0
0
0
0
-0.88572
-0.87043
-0.89293
-0.88312
-0.89173
-0.87699
-0.8688
-0.86968
-0.90129
-0.88484
-0.89013
-0.87226
-0.88011
0
-0.90719
0
-0.87846
0
0
0
0
0
0
0
0
0
0
0
0
0
0
0
0
0
0
0
0
0
0
0
0
0
0
0
0
0
19.2754
0
0
0
0
0
0
0
0
0
0
0
0
0
0
0
0
0
0
0
0
0
0
0
0
0
0
0
0
0
0
0
0
0
0
0
0
0
0
0
0
0
0
0
0
0
0
-3.0964
0
-2.9253
0
0
0
0
0
0
0
0
0
0
0
0
0
0
-1.0671
-1.0508
-1.0707
-1.0636
-1.0739
-1.0571
-1.0474
-1.0479
-1.0798
-1.0647
-1.0709
-1.0515
-1.0591
0
0
0
-1.057
0
0
0
0
0
0
0
0
0
0
0
0
0
0
0
0
0
0
0
0
0
0
0
0
0
0
0
0
0
0
14.8616
0
0
0
0
0
0
0
0
0
0
0
0
0
0
0
0
0
0
0
0
0
0
0
0
0
0
0
0
0
0
0
0
0
0
0
0
0
0
0
0
0
0
0
0
0
0
0
0
0
0
0
0
0
0
0
0
0
0
0
0
0
0
-1.0203
-1.0042
-1.0239
-1.016
-1.0279
-1.0091
-0.9996
-1.0007
-1.0321
-1.0176
-1.0241
-1.0046
0
0
0
0
0
0
-1.0172
0
0
0
0
0
0
0
0
0
0
0
0
0
0
0
0
0
0
0
0
0
0
0
0
0
0
0
0
0
15.0621
0
0
0
0
0
0
0
0
0
0
0
0
0
0
0
-1.8649
0
0
0
0
0
0
0
0
0
0
0
0
0
0
0
0
0
0
0
0
0
0
0
0
0
0
0
0
0
0
0
0
0
0
0
0
0
0
0
0
0
0
0
0
0
-1.085
-1.0686
-1.0884
-1.0815
-1.0918
-1.075
-1.0651
-1.0655
-1.0976
-1.0826
-1.0888
-1.0693
-1.0768
0
0
0
0
0
0
0
0
0
0
0
0
0
0
0
0
0
0
0
0
0
0
0
0
0
0
0
0
0
0
0
0
0
0
0
0
14.036
0
0
0
0
0
0
0
0
0
0
0
0
0
0
0
0
0
0
0
0
0
0
0
0
0
0
0
0
0
0
0
0
0
0
0
0
0
0
0
0
0
0
0
0
0
0
0
0
0
0
0
0
0
0
0
0
0
0
0
0
-1.1106
-1.0944
-1.1139
-1.1072
-1.1175
-1.1007
-1.0907
-1.091
-1.1237
-1.1089
-1.115
-1.0955
0
0
0
0
0
0
0
0
0
0
0
0
0
0
0
0
0
0
0
0
0
0
0
0
0
0
0
0
0
0
0
0
0
0
0
0
0
0
13.2692
0
0
0
0
0
0
0
0
0
0
0
0
0
0
0
0
0
0
0
0
0
0
0
0
0
0
0
0
0
0
0
0
0
0
0
0
0
0
0
0
0
0
0
0
0
0
0
0
0
0
0
0
0
0
0
0
0
0
0
-1.0385
-1.0088
-1.0405
-1.0365
-1.0465
-1.0303
-1.0207
-1.0214
0
0
0
0
0
0
0
0
0
0
0
0
0
0
0
0
0
0
0
0
0
0
0
0
0
-1.0185
0
0
-1.0403
0
0
0
0
0
0
0
0
0
0
0
0
0
0
12.1953
0
0
0
0
0
0
0
0
0
0
0
-1.8934
0
0
0
0
0
0
0
0
0
0
0
0
0
0
0
0
0
0
0
0
0
0
0
0
0
0
0
0
0
0
0
0
0
0
0
0
0
0
0
0
0
0
0
0
0
0
-1.1577
-1.1391
-1.1589
-1.1517
-1.1637
-1.1461
-1.1362
-1.1358
-1.1676
-1.1529
0
0
0
0
0
0
0
0
0
0
0
0
0
0
0
0
0
0
0
0
0
0
0
0
0
0
0
0
0
0
0
0
0
0
0
0
0
0
0
0
0
0
11.5096
0
0
0
0
0
0
0
0
0
0
0
0
0
0
0
0
0
0
0
0
0
0
0
0
0
0
0
0
0
0
0
0
0
0
0
0
0
0
0
0
0
0
0
0
0
0
0
0
0
0
0
0
0
0
0
0
0
-1.2869
-1.2677
-1.2873
-1.2805
-1.2935
-1.2758
-1.2643
-1.264
0
0
0
0
0
0
0
0
0
0
0
0
0
0
0
0
0
0
0
0
0
0
0
0
0
0
0
0
0
0
0
0
0
0
0
0
0
0
0
0
0
0
0
0
0
10.22
0
0
0
0
0
0
0
0
0
0
0
0
0
0
0
0
0
0
0
0
0
0
0
0
0
0
0
0
0
0
0
0
0
0
0
0
0
0
0
0
0
0
0
0
0
0
0
0
0
0
0
0
0
0
0
0
-1.4566
-1.4374
-1.4577
-1.4898
0
0
0
0
0
0
0
0
0
0
0
0
0
0
0
0
0
0
0
0
0
0
0
0
0
0
0
0
0
0
0
0
0
0
0
0
0
0
0
0
0
0
0
0
0
0
0
0
0
0
12.4536
0
0
0
-1.9796
0
0
0
0
0
0
0
-2.2572
0
0
0
0
0
0
0
-2.3753
0
0
0
0
0
0
0
0
0
0
0
0
0
0
0
0
0
0
0
0
0
0
0
0
0
0
0
0
0
0
0
0
0
0
0
0
0
0
-1.7546
0
0
0
0
0
0
0
0
0
0
0
-1.736
0
-1.7431
0
0
0
0
0
0
0
0
0
0
0
0
0
0
0
0
0
0
0
0
0
0
0
0
0
0
0
0
0
0
0
0
0
0
0
0
0
9.971
0
0
0
0
0
-2.147
0
0
0
0
0
0
0
0
0
0
0
0
0
0
0
0
0
0
0
0
0
-2.5903
0
0
0
0
0
0
0
0
0
0
0
0
0
0
0
0
0
0
0
0
0
0
0
0
0
0
0
0
0
0
-1.903
0
0
0
0
0
0
0
0
0
0
0
0
0
0
0
0
0
0
-1.8228
0
0
0
0
0
0
0
0
0
0
0
0
0
0
0
0
0
0
0
0
0
0
0
0
0
0
0
0
0
0
0
0
9.3496
0
0
0
0
0
0
0
0
0
0
0
0
0
0
0
0
0
0
0
0
0
0
0
0
-2.6663
0
0
0
0
0
-2.9575
0
0
0
0
0
0
0
0
0
0
0
0
0
0
0
0
0
0
0
0
0
0
0
0
0
0
0
0
0
0
0
0
0
0
0
0
0
0
0
-2.2234
0
0
0
0
0
0
0
0
0
0
0
0
0
0
0
0
0
-2.1703
-2.1379
0
0
0
0
0
0
0
0
0
0
0
0
0
0
0
0
0
0
0
0
9.0511
0
0
0
0
0
0
0
0
0
0
0
0
0
0
0
0
0
0
0
0
0
0
0
0
0
0
0
0
-2.5195
0
0
0
0
0
0
0
0
0
0
0
0
0
0
0
0
0
0
0
0
0
0
0
-2.2437
-2.2244
-2.2404
0
0
0
0
0
0
0
0
0
0
0
0
0
0
0
0
0
0
0
0
0
0
0
0
0
0
0
0
0
0
0
0
0
0
0
0
0
0
0
0
0
0
0
0
0
0
0
0
0
0
0
-1.9796
0
0
0
8.6882
0
0
0
0
0
0
0
0
0
0
0
0
0
0
0
0
0
0
0
0
0
0
0
0
0
0
0
0
0
0
0
0
0
0
0
0
0
0
0
0
0
0
0
0
0
0
0
0
0
0
0
0
0
0
0
-1.7245
0
0
0
0
0
0
0
0
0
0
0
0
0
0
0
0
0
0
0
0
0
0
0
0
0
0
0
0
0
0
0
0
0
0
0
0
0
0
0
0
0
0
0
0
0
0
0
0
0
0
0
0
0
0
10.2188
0
0
0
0
0
0
0
0
0
0
0
0
0
0
-2.752
0
0
0
0
-2.5732
0
0
0
0
0
0
0
-3.1691
0
0
0
0
0
0
0
0
0
0
0
0
0
0
0
0
0
0
0
0
0
0
-2.0003
-1.9837
0
0
0
0
0
-1.9786
0
0
0
0
0
0
0
0
0
0
0
0
0
0
0
0
0
0
0
0
0
0
0
0
0
0
0
0
0
0
0
0
0
0
0
0
0
0
0
0
0
0
0
0
0
0
0
0
0
0
0
0
9.3122
0
0
0
0
0
0
0
0
0
0
0
0
0
0
0
0
0
0
0
0
0
0
0
0
0
0
0
0
0
0
0
0
0
0
0
0
0
0
0
0
-3.3495
0
0
0
0
0
0
0
0
-2.1371
-2.1275
-2.1511
0
0
0
0
0
0
0
0
0
0
0
0
0
0
0
0
0
0
0
0
0
0
0
0
0
0
0
0
0
0
0
0
0
0
0
0
0
0
0
0
0
0
0
0
0
0
0
0
0
0
0
0
-2.147
0
0
0
0
0
8.5627
0
0
0
0
0
0
0
0
0
0
0
0
0
0
0
0
0
0
0
0
0
0
0
0
0
0
0
0
0
0
0
0
0
0
0
0
0
0
0
0
0
0
0
0
0
0
0
0
0
0
0
0
0
0
0
0
0
0
0
0
0
0
0
0
0
0
-1.9636
-1.9437
0
0
0
0
0
0
0
0
0
0
0
0
0
0
0
0
0
0
0
0
0
0
0
0
0
0
0
0
0
0
0
0
0
0
0
0
0
0
0
0
0
0
9.7035
0
0
0
0
0
0
0
0
-2.6387
0
0
0
0
0
0
0
0
0
0
0
0
0
0
0
0
0
0
-3.1575
0
0
0
0
0
0
0
0
0
0
0
0
0
0
0
0
0
0
0
0
-2.011
0
0
0
0
0
0
0
0
0
0
0
0
0
0
0
0
0
0
0
0
0
0
0
0
0
0
0
-1.9655
0
0
0
0
0
0
0
0
0
0
0
0
0
0
0
0
0
0
0
0
0
-1.8934
0
0
0
0
0
0
0
0
0
0
0
7.9802
0
0
0
0
0
0
0
0
0
0
0
0
0
0
0
0
-2.1104
0
0
0
0
0
0
0
0
0
0
0
0
0
0
0
0
0
0
0
0
0
0
0
0
0
0
0
0
0
0
0
0
0
0
0
0
0
0
0
0
0
0
0
0
0
0
0
0
0
0
0
0
0
0
0
0
0
0
0
0
0
0
0
0
0
0
-1.7794
0
0
0
0
0
0
0
0
0
0
-1.8649
0
0
0
0
0
0
0
0
0
0
0
0
0
0
0
8.6122
0
0
-2.3526
0
0
0
0
0
0
0
0
0
0
0
0
0
0
0
0
0
-2.6153
0
0
0
0
0
0
0
0
0
0
0
0
0
0
0
0
0
0
0
0
0
0
0
0
-2.1444
-2.1256
-2.1401
-2.1388
0
0
0
0
0
0
0
0
0
0
0
0
0
0
0
0
0
0
0
0
0
0
0
0
0
0
0
0
0
0
0
0
0
0
0
0
0
0
0
0
0
0
0
0
0
0
0
0
0
0
0
0
0
0
0
0
0
0
0
0
0
8.549
0
0
0
0
0
0
0
0
0
0
0
0
0
0
0
0
0
0
0
0
0
0
0
0
0
0
0
0
0
0
0
0
0
0
0
0
0
0
0
0
0
0
0
0
0
0
0
0
0
0
0
0
0
0
0
0
0
-1.9256
0
0
0
0
0
0
0
0
0
0
0
0
0
0
0
0
0
0
0
0
0
0
0
0
0
0
0
0
0
0
0
0
0
0
0
0
0
0
0
0
-2.2572
0
0
0
0
0
0
0
0
0
0
0
10.5038
0
0
0
0
0
0
0
0
0
0
0
0
0
0
0
0
0
0
0
0
0
-2.8874
0
0
0
0
0
0
0
0
0
0
0
0
0
-3.4335
0
0
0
0
0
0
0
0
0
0
0
0
0
0
0
0
0
0
0
0
0
0
0
0
0
0
0
0
0
0
0
0
0
0
0
0
0
0
0
0
0
0
0
0
0
0
0
0
0
0
0
0
0
0
0
0
0
0
0
0
0
0
0
0
0
0
0
0
0
0
0
-2.3526
0
0
11.2935
0
0
0
-2.6799
0
0
-2.7762
0
0
0
0
0
0
0
0
0
0
0
0
0
0
0
0
0
0
0
0
0
0
0
-3.4849
0
0
0
0
0
0
0
0
0
0
0
0
0
0
0
0
-1.4677
0
0
0
0
0
0
0
0
0
0
0
0
0
0
0
0
0
0
0
0
0
0
0
0
0
0
0
0
0
0
0
0
0
0
0
0
0
0
0
0
0
0
0
0
0
0
0
0
0
0
0
0
0
0
0
0
0
0
0
0
0
0
8.178
0
0
0
0
-1.609
0
0
-2.7178
0
0
0
0
0
0
-2.3835
0
0
0
0
0
0
0
0
0
0
0
0
0
0
0
0
0
0
0
0
0
0
0
0
0
0
0
0
0
0
0
0
0
0
0
0
0
0
0
0
0
0
0
0
0
-1.4762
0
0
0
0
0
0
0
0
0
0
0
0
0
0
0
0
0
0
0
0
0
0
0
0
0
0
0
0
0
0
0
0
0
0
0
0
0
0
0
0
0
0
0
0
0
0
0
0
0
8.7988
-2.4447
0
0
0
0
0
0
-2.4036
0
-2.4743
0
0
0
0
0
0
0
0
0
0
0
0
0
0
0
0
0
0
0
0
0
0
0
0
0
0
0
0
0
0
0
0
0
0
0
0
0
0
0
0
0
0
0
0
0
0
0
0
0
0
0
0
0
0
0
0
0
0
0
0
0
0
0
0
0
0
0
0
0
0
0
0
0
0
0
0
0
0
0
0
0
0
0
0
0
0
0
0
0
0
0
0
0
0
0
0
0
0
0
-2.4447
8.0978
0
0
0
0
0
0
0
0
-2.5377
0
0
0
0
0
0
0
0
0
-3.1154
0
0
0
0
0
0
0
0
0
0
0
0
0
0
0
0
0
0
0
0
-2.5128
0
0
0
0
0
0
0
0
0
0
0
0
0
0
0
0
0
0
0
0
0
0
0
0
0
0
0
0
0
0
0
0
0
0
0
0
0
0
0
0
0
0
0
0
0
0
0
0
0
0
0
0
0
0
0
0
0
0
0
0
0
-2.6387
0
0
0
0
-2.6799
0
0
0
7.8314
0
0
0
0
0
0
0
0
0
0
0
0
0
0
0
0
0
0
0
0
0
0
0
0
0
0
0
0
0
0
0
0
0
0
0
0
0
0
-2.391
-2.365
-2.3757
0
0
0
0
0
0
0
0
0
0
0
0
0
0
0
0
0
0
0
0
0
0
0
0
0
0
0
0
0
0
0
0
0
0
0
0
0
0
0
0
0
0
0
0
0
0
0
0
0
0
0
0
0
0
0
0
0
0
0
0
0
0
0
0
0
0
0
0
0
7.1317
0
0
0
0
0
0
0
0
0
0
0
0
0
0
0
0
0
0
0
0
0
0
0
0
0
0
0
0
0
0
0
0
0
0
0
0
0
0
0
0
0
0
0
0
0
0
0
0
0
0
0
0
0
0
0
0
0
0
0
0
0
0
0
0
-0.12391
0
0
0
0
0
0
0
0
0
0
0
0
0
0
0
0
0
0
0
0
0
0
0
0
0
0
0
0
0
0
0
0
0
0
0
0
0
0
0
0
-1.609
0
0
0
0
4.7414
0
0
0
0
0
0
0
0
0
0
0
0
0
0
0
0
0
0
0
0
0
0
0
0
0
0
0
0
0
0
0
0
0
0
-3.0084
0
0
0
0
0
0
0
0
0
0
0
0
0
0
0
0
0
0
0
0
0
0
0
0
0
0
0
0
0
0
0
0
0
0
0
0
0
0
0
0
0
0
0
0
0
0
0
0
0
0
0
0
0
0
0
-2.3753
0
0
0
0
-2.752
0
0
0
0
0
0
0
-2.7762
0
0
0
0
0
0
7.9035
0
0
0
0
0
0
0
0
0
0
0
0
0
0
0
0
0
0
0
0
0
0
0
0
0
0
0
0
0
0
0
0
0
0
0
0
0
0
0
0
0
0
0
0
0
0
0
0
0
0
-2.4581
0
0
0
0
0
0
0
0
0
0
0
-2.3994
0
0
-2.4122
0
0
0
0
0
0
0
0
0
0
0
0
0
0
0
0
0
0
0
0
0
0
0
0
0
0
0
0
0
0
0
0
0
0
0
0
0
0
0
0
0
0
0
0
7.2696
0
0
0
0
0
0
0
0
0
0
0
0
0
0
0
0
0
0
0
0
0
0
0
0
0
0
0
0
0
0
0
0
0
0
0
0
0
0
0
0
0
0
0
0
0
0
0
0
0
0
0
0
0
0
0
0
0
0
0
0
0
0
0
0
0
0
0
0
0
0
0
0
0
0
0
0
0
0
0
0
0
0
0
0
0
0
0
0
0
0
0
0
0
0
0
0
0
0
0
0
0
0
-2.7178
0
0
0
0
0
0
0
8.1164
0
0
0
0
0
-2.3085
0
0
0
0
0
0
0
-3.0901
0
0
0
0
0
0
0
0
0
0
0
0
0
0
0
0
0
0
0
0
0
0
0
0
0
0
0
0
0
0
0
0
0
0
0
0
0
0
0
0
0
0
0
0
0
0
0
-2.4436
-2.4364
0
0
0
0
0
0
0
0
0
0
0
0
0
0
0
0
0
0
0
0
0
0
0
0
0
0
0
0
0
0
0
0
0
0
0
0
0
0
0
-2.4036
0
0
0
0
0
0
0
7.2837
0
0
0
0
0
0
0
0
0
0
0
0
0
0
0
0
0
0
0
0
0
0
0
0
0
0
0
0
0
0
0
0
0
0
0
0
0
0
0
0
0
0
0
0
0
0
0
0
0
0
0
0
0
0
-1.6268
0
0
0
0
0
0
0
0
0
0
0
0
0
0
0
0
0
0
0
0
0
0
0
0
0
0
0
0
0
0
0
0
0
0
0
0
0
0
0
0
0
0
0
0
0
0
0
0
0
0
0
0
0
0
0
7.3311
0
0
-2.7482
0
0
0
0
0
0
0
-2.956
0
0
0
0
0
0
0
0
0
0
0
0
0
0
0
0
0
0
0
0
0
0
0
0
0
0
0
0
0
0
0
0
0
0
0
0
0
0
0
0
0
0
0
0
0
0
0
0
0
0
0
0
0
0
0
0
0
0
0
0
0
0
0
0
0
0
0
0
0
0
0
0
0
0
0
0
0
0
0
-2.5732
0
0
0
0
0
0
0
0
0
-2.4743
-2.5377
0
0
0
0
0
0
0
0
7.5851
0
0
0
0
0
0
0
0
0
0
0
0
0
0
0
0
0
0
0
0
0
0
0
0
0
0
0
0
0
0
0
0
0
0
0
0
0
0
0
0
0
0
0
0
0
0
0
0
0
0
0
0
0
0
0
0
0
0
0
0
0
0
0
0
0
0
0
-2.2197
0
0
0
0
0
0
0
0
0
0
0
0
0
0
0
0
0
0
0
0
0
0
0
0
0
-2.1104
0
0
0
0
0
0
0
0
0
0
0
0
0
0
0
0
6.5347
0
0
0
-2.2046
0
0
0
0
0
0
0
0
0
0
0
0
0
0
0
0
0
0
0
0
0
0
0
0
0
0
0
0
0
0
-2.2324
0
0
0
0
0
0
0
0
0
0
0
0
0
0
0
0
0
0
0
0
0
0
0
0
0
0
0
0
0
0
0
0
0
0
0
0
0
0
0
0
0
0
0
0
0
0
0
0
0
0
-2.6663
0
0
0
0
0
0
0
0
0
0
0
0
0
0
0
0
0
0
0
0
0
-2.7482
0
0
7.6469
0
0
0
0
0
0
0
0
0
0
0
0
0
0
0
0
0
0
0
0
0
0
0
0
0
0
0
0
0
0
0
0
0
0
0
0
0
0
0
0
0
0
0
0
0
0
0
0
0
0
0
0
0
0
0
-2.3024
0
0
0
0
0
0
0
0
0
0
0
0
0
0
0
0
0
0
0
0
0
0
0
0
0
0
0
0
0
0
0
0
0
0
0
0
0
0
0
0
0
0
0
0
0
0
0
0
-2.3085
0
0
0
0
0
7.4318
0
0
0
0
0
0
0
0
-2.8208
0
0
0
0
0
0
0
0
0
0
0
0
0
0
0
0
0
0
0
0
0
0
-2.3962
0
0
0
0
0
0
0
0
0
0
0
0
0
0
0
0
0
0
0
0
0
0
0
0
0
0
0
0
0
0
0
0
0
0
0
0
0
0
0
0
0
0
0
0
0
0
0
0
0
0
-2.5903
0
0
0
0
0
0
0
0
0
0
0
0
-2.3835
0
0
0
0
0
0
0
0
0
0
0
0
0
0
7.37
0
0
0
0
0
0
0
0
0
0
0
0
0
0
0
0
0
0
0
0
0
0
0
0
0
0
0
0
0
0
0
0
0
0
0
0
0
0
0
0
0
0
0
0
0
0
0
0
0
0
0
0
0
0
0
0
-0.92586
0
0
0
0
0
0
0
0
0
0
0
0
0
0
0
0
0
0
0
0
0
0
0
0
0
0
0
0
0
0
0
0
0
0
0
0
0
0
0
0
0
0
0
0
0
0
0
0
0
-2.2046
0
0
0
6.2858
0
0
0
0
0
0
0
0
0
0
0
0
-3.1553
0
0
0
0
0
0
0
0
0
0
0
0
0
0
0
0
0
0
0
0
0
0
0
0
0
0
0
0
0
0
0
0
0
0
0
0
0
0
0
0
0
0
0
0
0
0
0
0
0
0
0
0
0
0
-3.0001
0
0
0
0
0
0
0
0
0
0
0
0
0
0
0
0
0
0
0
0
0
-2.6153
0
0
0
0
0
0
0
0
0
0
0
0
0
0
0
0
0
0
0
0
5.6154
0
0
0
0
0
0
0
0
0
0
0
0
0
0
0
0
0
0
0
0
0
0
0
0
0
0
0
0
0
0
0
0
0
0
0
0
0
0
0
0
0
0
-4.1098
0
0
0
0
0
0
0
0
0
0
0
0
0
0
0
0
0
0
0
0
0
0
0
0
0
0
0
0
0
0
0
0
0
0
0
0
0
0
-2.5195
0
0
0
0
0
0
0
0
0
0
0
0
0
0
0
0
0
0
0
0
0
0
0
0
0
0
0
0
6.6292
0
0
0
0
0
0
0
0
0
0
0
0
0
0
0
0
0
0
0
0
0
0
0
0
0
0
0
0
0
0
0
0
0
0
0
0
0
0
0
0
0
0
0
0
0
0
0
0
0
0
0
0
0
0
0
0
0
0
0
0
0
0
0
0
0
0
0
0
0
0
0
0
0
0
0
0
0
0
0
-2.9575
0
0
-3.1691
0
0
0
0
0
0
0
0
0
0
0
0
0
0
0
0
0
0
0
0
0
0
0
0
0
0
0
6.1266
0
0
0
0
0
0
0
0
0
0
0
0
0
0
0
0
0
0
0
0
0
0
0
0
0
0
0
0
-3.3409
0
0
0
0
0
0
0
0
0
0
0
0
0
0
0
0
0
0
0
0
0
0
0
0
0
0
0
0
0
0
0
0
0
0
0
0
0
0
0
0
0
0
0
0
0
0
0
0
0
0
0
0
0
0
0
0
0
0
0
-2.8874
0
0
0
0
0
0
0
0
0
0
0
0
0
0
0
0
0
0
0
0
0
6.2283
0
0
0
0
0
0
0
0
0
0
0
0
0
0
0
0
0
0
0
0
0
0
0
0
0
0
0
0
0
0
0
0
0
0
0
0
0
0
0
0
0
0
0
0
0
0
0
0
0
0
0
0
0
0
0
0
0
0
0
0
0
0
0
0
0
0
0
0
0
0
0
0
0
0
0
0
0
0
0
0
0
0
0
0
0
0
0
0
0
0
0
-3.1154
0
0
0
0
0
0
0
-2.956
0
0
0
0
0
0
0
0
0
0
6.0714
0
0
0
0
0
0
0
0
0
0
0
0
0
0
0
0
0
0
0
0
0
0
0
0
0
0
0
0
0
0
0
0
0
0
0
0
0
0
0
0
0
0
0
0
0
0
0
0
0
0
0
0
0
0
0
0
0
0
0
0
0
0
0
0
0
0
0
0
0
0
0
0
0
0
0
0
0
0
0
0
0
0
-3.1575
0
0
0
0
0
0
0
0
0
0
0
0
0
-3.0901
0
0
0
0
0
0
0
0
0
0
0
0
0
6.2476
0
0
0
0
0
0
0
0
0
0
0
0
0
0
0
0
0
0
0
0
0
0
0
0
0
0
0
0
0
0
0
0
0
0
0
0
0
0
0
0
-2.8255
0
0
0
0
0
0
0
0
0
0
0
0
0
0
0
0
0
0
0
0
0
0
0
0
0
0
0
0
0
0
0
0
0
0
0
0
0
0
0
0
0
0
0
0
0
0
0
0
0
0
0
0
0
0
0
0
0
0
0
0
-2.8208
0
0
0
0
0
0
0
0
5.6463
0
0
0
0
0
0
0
0
0
0
0
0
0
0
0
0
0
0
-3.222
0
0
0
0
0
0
0
0
0
-3.1845
0
0
0
0
0
0
0
0
0
0
0
0
0
0
0
0
0
0
0
0
0
0
0
0
0
0
0
0
0
0
0
0
0
0
0
0
0
0
0
0
0
0
0
0
0
0
0
0
0
0
0
0
0
0
0
0
0
0
0
0
0
0
0
0
0
0
0
0
0
0
0
0
0
0
0
0
0
0
0
0
0
6.4064
0
0
0
0
0
0
0
0
0
0
0
0
0
0
0
0
0
0
0
0
0
0
0
0
0
0
0
0
0
0
0
0
0
0
0
0
0
0
0
0
0
0
0
0
-3.4877
0
0
0
0
0
0
0
0
0
0
0
0
0
0
0
0
0
0
-3.0964
0
0
0
0
0
0
0
0
0
0
0
0
0
0
0
0
0
0
0
0
0
0
0
0
0
0
0
0
0
0
0
0
0
0
0
0
0
0
0
0
0
0
0
0
0
0
6.5841
0
0
0
0
0
0
0
0
0
0
0
0
0
0
0
0
0
0
0
0
0
0
0
0
0
0
0
0
0
0
0
0
0
0
0
0
0
0
0
0
0
0
0
0
-3.6116
0
0
0
0
0
0
0
0
0
0
0
0
0
0
0
0
0
0
0
0
0
0
0
0
0
0
0
0
0
0
0
0
0
0
0
0
0
0
0
0
0
0
0
0
0
0
0
0
0
0
0
0
0
0
0
0
0
0
0
0
0
0
0
0
0
3.6116
0
0
0
0
0
0
0
0
0
0
0
0
0
0
0
0
0
0
0
0
0
0
0
0
0
0
0
0
0
0
0
0
0
0
0
0
0
0
0
0
0
0
0
0
0
0
0
0
0
0
0
0
0
0
0
0
0
0
0
0
0
-2.9253
0
0
0
0
0
0
0
0
0
0
0
0
0
0
0
0
0
0
0
0
0
0
0
0
0
0
0
0
0
0
0
0
0
0
0
0
0
0
0
0
0
0
0
0
0
0
0
0
2.9253
0
0
0
0
0
0
0
0
0
0
0
0
0
0
0
0
0
0
0
0
0
0
0
0
0
0
0
0
0
0
0
0
0
0
0
0
0
0
-4.0518
0
0
0
0
0
0
0
0
0
0
0
0
0
0
0
0
0
0
0
0
0
0
0
0
0
0
0
0
0
0
0
0
0
0
0
0
0
0
0
0
0
0
0
0
0
0
0
0
0
0
0
0
0
0
0
0
0
0
0
0
0
0
0
0
0
0
0
0
0
0
0
4.0518
0
0
0
0
0
0
0
0
0
0
0
0
0
0
0
0
0
0
0
0
0
0
0
0
0
0
0
0
0
0
0
0
0
0
0
0
0
0
0
0
0
0
0
0
0
0
0
0
0
0
0
0
0
0
0
0
0
0
0
0
0
0
0
0
0
0
0
0
0
0
0
0
0
0
0
0
0
0
0
0
0
0
0
0
0
0
0
0
0
0
0
0
0
0
0
0
0
-3.1553
0
0
0
0
0
0
0
0
0
0
0
0
3.1553
0
0
0
0
0
0
0
0
0
0
0
0
0
0
0
0
0
0
0
0
0
0
0
0
0
0
0
0
0
0
0
0
0
0
0
0
0
0
0
0
0
0
0
0
0
0
0
0
0
0
0
0
0
0
0
0
0
0
0
0
0
0
0
0
0
0
0
0
0
0
0
0
0
0
0
0
0
0
0
-3.4849
0
0
0
0
0
0
0
0
0
0
0
0
0
0
0
0
0
0
0
0
0
0
0
0
0
0
0
0
0
0
3.4849
0
0
0
0
0
0
0
0
0
0
0
0
0
0
0
0
0
0
0
0
0
0
0
0
0
0
0
0
0
0
0
0
0
0
0
0
0
0
0
0
0
0
0
0
0
0
0
0
0
0
0
0
0
0
0
-2.6565
0
0
0
0
0
0
0
0
0
0
0
0
0
0
0
0
0
0
0
0
0
0
0
0
0
0
0
0
0
0
0
0
0
0
0
0
0
0
0
0
0
0
0
0
0
0
0
0
0
0
0
0
0
0
2.6565
0
0
0
0
0
0
0
0
0
0
0
0
-5.7528
0
0
0
0
0
0
0
0
0
0
0
0
0
0
0
0
0
0
0
0
0
0
0
0
0
0
0
0
0
0
0
0
0
0
0
0
0
0
0
0
0
0
0
0
0
0
0
0
0
0
0
0
0
0
0
0
0
0
0
0
0
0
0
0
0
0
0
0
0
0
0
0
0
0
0
0
0
0
0
0
0
0
0
0
0
0
0
0
0
0
0
0
0
0
0
0
0
5.7528
0
0
0
0
0
0
0
0
0
0
0
0
0
0
0
0
0
0
0
0
0
0
0
0
0
0
0
0
0
0
0
0
0
0
0
0
0
0
0
0
0
0
0
0
0
0
0
0
0
0
0
0
0
0
0
0
0
0
0
0
0
0
0
0
0
0
0
0
0
-3.3495
0
0
0
0
0
0
0
0
0
0
0
0
0
0
0
0
0
0
0
0
0
0
0
0
0
0
0
0
0
0
0
0
0
0
0
0
0
0
0
0
3.3495
0
0
0
0
0
0
0
0
0
0
0
0
0
0
0
0
0
0
0
0
0
0
0
0
0
0
0
0
0
0
0
0
0
0
0
0
0
0
0
0
0
0
0
0
0
0
0
0
0
0
0
0
0
0
0
0
0
0
0
0
0
0
0
0
0
0
0
0
0
0
0
0
0
0
-3.4335
0
0
0
0
0
0
0
0
0
0
0
0
0
0
0
0
0
0
0
0
0
0
0
0
0
0
0
0
0
0
0
0
0
0
0
3.4335
0
0
0
0
0
0
0
0
0
0
0
0
0
0
0
0
0
0
0
0
0
-5.1745
0
0
0
0
0
0
0
0
0
0
0
0
0
0
0
0
0
0
0
0
0
0
0
0
0
0
0
0
0
0
0
0
0
0
0
0
0
0
0
0
0
0
0
0
0
0
0
0
0
0
0
0
0
0
0
0
0
0
0
0
0
0
0
0
0
0
0
0
0
0
0
0
0
0
0
0
0
0
0
0
0
0
0
0
0
0
0
0
5.1745
0
0
0
0
0
0
0
0
0
0
0
0
0
0
-5.5406
0
0
0
0
0
0
0
0
0
0
0
0
0
0
0
0
0
0
0
0
0
0
0
0
0
0
0
0
0
0
0
0
0
0
0
0
0
0
0
0
0
0
0
0
0
0
0
0
0
0
0
0
0
0
0
0
0
0
0
0
0
0
0
0
0
0
0
0
0
0
0
0
0
0
0
0
0
0
0
0
0
0
0
0
0
0
0
0
0
0
0
0
0
0
0
5.5406
0
0
0
0
0
0
0
0
0
0
0
0
0
0
0
0
0
0
0
0
0
0
-4.3359
0
0
0
0
0
0
0
0
0
0
0
0
0
0
0
0
0
0
0
0
0
0
0
0
0
0
0
0
0
0
0
0
0
0
0
0
0
0
0
0
0
0
0
0
0
0
0
0
0
0
0
0
0
0
0
0
0
0
0
0
0
0
0
0
0
0
0
0
0
0
0
0
0
0
0
0
0
0
0
0
0
0
0
0
0
0
0
4.3359
0
0
0
0
0
0
0
0
0
0
0
0
0
0
0
0
0
-4.7537
0
0
0
0
0
0
0
0
0
0
0
0
0
0
0
0
0
0
0
0
0
0
0
0
0
0
0
0
0
0
0
0
0
0
0
0
0
0
0
0
0
0
0
0
0
0
0
0
0
0
0
0
0
0
0
0
0
0
0
0
0
0
0
0
0
0
0
0
0
0
0
0
0
0
0
0
0
0
0
0
0
0
0
0
0
0
0
0
0
0
0
0
4.7537
0
0
0
0
0
0
0
0
0
0
0
0
0
0
0
0
0
0
0
0
0
0
0
0
0
0
0
0
0
0
0
0
0
0
-2.8556
0
0
0
0
0
0
0
0
0
0
0
0
0
0
0
0
0
0
0
0
0
0
0
0
0
0
0
0
0
0
0
0
0
0
0
0
0
0
0
0
0
0
0
0
0
0
0
0
0
0
0
0
0
0
0
0
0
0
0
0
0
0
0
0
0
0
0
0
0
0
0
0
0
0
0
2.8556
0
0
0
0
0
0
0
0
0
0
0
0
0
0
0
0
0
0
0
0
0
0
0
0
0
0
0
0
0
0
0
0
0
0
0
0
0
0
0
0
0
0
0
0
0
0
0
0
0
0
0
0
0
0
0
0
0
0
0
0
0
0
0
0
0
0
0
0
0
0
0
0
0
0
0
-3.0084
0
0
0
0
0
0
0
0
0
0
0
0
0
0
0
0
0
0
0
0
0
0
0
0
0
0
0
0
0
0
0
0
0
0
3.0084
0
0
0
0
0
0
0
0
0
0
0
0
0
0
0
0
0
0
0
0
0
0
0
0
0
0
0
0
0
0
-3.2921
0
0
0
0
0
0
0
0
0
0
0
0
0
0
0
0
0
0
0
0
0
0
0
0
0
0
0
0
0
0
0
0
0
0
0
0
0
0
0
0
0
0
0
0
0
0
0
0
0
0
0
0
0
0
0
0
0
0
0
0
0
0
0
0
0
0
0
0
0
0
0
0
0
0
0
0
0
0
0
3.2921
