1
0.97021
0.94992
0.94503
0.94306
0.9422
0.9424
0.94073
0.93632
0.93036
0.92583
0.92224
0.92039
0.92006
0.92064
0.92144
0.92177
0.92215
0.92209
0.9221
0.92177
0.92164
0.92138
0.92138
0.92137
0.92157
0.92175
0.92199
0.92215
0.92227
0.92231
0.92228
0.92219
0.92205
0.92189
0.92173
0.92158
0.92145
0.92136
0.9213
0.92127
0.92124
0.92118
0.92106
0.92084
0.9205
0.92001
0.91937
0.91858
0.91766
0.91665
0.91556
0.91442
0.91325
0.91207
0.91088
0.90968
0.90845
0.90719
0.9059
0.90458
0.90322
0.90184
0.90044
0.89902
0.89761
0.89621
0.89483
0.89349
0.89219
0.89095
0.88976
0.88862
0.88755
0.88657
0.88567
0.8849
0.88426
0.88379
0.88352
0.88348
0.88367
0.88412
0.8848
0.88566
0.88665
0.88769
0.88872
0.88969
0.89057
0.89134
0.89199
0.89253
0.89297
0.89331
0.89356
0.89373
0.89383
0.89387
0.89385
0.89378
0.89367
0.89352
0.89334
0.89313
0.89288
0.89259
0.89227
0.8919
0.89149
0.89104
0.89054
0.89
0.88942
0.8888
0.88815
0.88745
0.88672
0.88596
0.88517
0.88435
0.88351
0.88265
0.88176
0.88087
0.87997
0.87909
0.87823
0.87742
0.87666
0.87598
0.87537
0.87486
0.87444
0.87413
0.87391
0.8738
0.87378
0.87384
0.87398
0.87418
0.87442
0.87469
0.87498
0.87528
0.87558
0.87588
0.87617
0.87646
0.87674
0.87701
0.87727
0.87752
0.87777
0.878
0.87823
0.87845
0.87865
0.87883
0.879
0.87915
