1
0.96978
0.95419
0.9481
0.94329
0.93924
0.93611
0.93328
0.92716
0.92154
0.91663
0.91212
0.9081
0.90435
0.90089
0.8977
0.89473
0.89208
0.88974
0.8877
0.88585
0.88414
0.88244
0.88075
0.87894
0.877
0.87481
0.87231
0.86936
0.86587
0.86176
0.85713
0.85238
0.84792
0.84397
0.84055
0.8376
0.83506
0.83288
0.83101
0.82942
0.82809
0.82699
0.82609
0.82536
0.82475
0.82424
0.82375
0.82322
0.82256
0.82167
0.82041
0.81864
0.81622
0.81312
0.80953
0.80589
0.8026
0.79984
0.79761
0.79584
0.79447
0.79341
0.79262
0.79205
0.79164
0.79137
0.79121
0.79112
0.79108
0.79107
0.79108
0.79111
0.79116
0.79125
0.79138
0.79154
0.79172
0.79193
0.79214
0.79235
0.79255
0.79274
0.7929
0.79305
0.79318
0.79329
0.79338
0.79344
0.79348
0.79349
0.79347
0.7934
0.7933
0.79314
0.79292
0.79263
0.79225
0.79176
0.79113
0.79035
0.78939
0.78822
0.78684
0.78528
0.78361
0.78193
0.78037
0.77901
0.77791
0.77707
0.77649
0.77612
0.77595
0.77594
0.77606
0.7763
0.77663
0.77705
0.77753
0.77806
0.77863
0.77922
0.77983
0.78045
0.78106
0.78166
0.78225
0.78281
0.78336
0.78389
0.7844
0.78489
0.78536
0.7858
0.78623
0.78664
0.78701
0.78736
0.78768
0.78798
0.78827
0.78854
0.78881
0.78909
0.78937
0.78966
0.78996
0.79028
0.79061
0.79095
0.79129
0.79165
0.792
0.79234
0.79267
0.79299
0.79328
0.79356
0.79382
0.79407
