1
0.96813
0.9522
0.94456
0.93879
0.93379
0.92979
0.92627
0.91848
0.91139
0.90468
0.89877
0.89301
0.88772
0.88249
0.87757
0.87263
0.86795
0.86328
0.85881
0.85434
0.85005
0.8458
0.84171
0.83768
0.83379
0.82998
0.8263
0.82271
0.81926
0.81591
0.81266
0.80952
0.80649
0.80357
0.80075
0.79803
0.79541
0.79288
0.79045
0.78811
0.78584
0.78364
0.78151
0.77943
0.7774
0.77543
0.7735
0.77161
0.76977
0.76797
0.76621
0.7645
0.76282
0.76119
0.7596
0.75803
0.75648
0.75494
0.75341
0.75187
0.75033
0.74879
0.74726
0.74574
0.74424
0.74277
0.74133
0.73993
0.73857
0.73725
0.73598
0.73475
0.73358
0.73246
0.7314
0.73041
0.72948
0.72862
0.72783
0.72711
0.72646
0.72588
0.72536
0.72491
0.72451
0.72417
0.72388
0.72363
0.72343
0.72327
0.72315
0.72308
0.72306
0.72311
0.72321
0.72337
0.72359
0.72387
0.72421
0.72459
0.725
0.72543
0.72587
0.72629
0.72669
0.72705
0.72738
0.72766
0.72791
0.72813
0.72831
0.72847
0.72861
0.72872
0.72883
0.72891
0.72898
0.72903
0.72905
0.72905
0.72903
0.72897
0.72889
0.72879
0.72867
0.72854
0.72839
0.72823
0.72806
0.72789
0.7277
0.7275
0.72729
0.72707
0.72684
0.7266
0.72635
0.72609
0.72582
0.72554
0.72525
0.72495
0.72463
0.7243
0.72395
0.72358
0.72317
0.72273
0.72225
0.72173
0.72116
0.72056
0.71991
0.71923
0.71852
0.71777
0.71701
0.71623
0.71544
0.71465
