1
0.96615
0.95369
0.94975
0.94701
0.94472
0.94271
0.94103
0.93638
0.93211
0.92793
0.92419
0.92057
0.91731
0.91417
0.91135
0.90862
0.90615
0.90368
0.90131
0.8988
0.89626
0.89357
0.89083
0.88802
0.88523
0.88248
0.87984
0.87731
0.87491
0.87265
0.8705
0.86847
0.86654
0.86471
0.86296
0.86129
0.85968
0.85813
0.85665
0.85521
0.85382
0.85246
0.85112
0.84981
0.84851
0.84722
0.84594
0.84467
0.8434
0.84213
0.84085
0.83956
0.83825
0.83692
0.83555
0.83414
0.83265
0.83109
0.82944
0.82771
0.82592
0.82408
0.82224
0.8204
0.8186
0.81684
0.81514
0.8135
0.8119
0.81033
0.80877
0.80719
0.80558
0.80391
0.80219
0.80039
0.79851
0.79654
0.79448
0.79232
0.79006
0.78771
0.7853
0.78285
0.7804
0.77797
0.7756
0.77329
0.77105
0.76888
0.76678
0.76473
0.76274
0.7608
0.7589
0.75705
0.75523
0.75344
0.75168
0.74996
0.74826
0.74658
0.74492
0.74329
0.74166
0.74004
0.73843
0.73683
0.73522
0.73363
0.73203
0.73044
0.72886
0.72729
0.72573
0.72418
0.72264
0.72112
0.71961
0.71811
0.71663
0.71516
0.71371
0.71229
0.71088
0.7095
0.70815
0.70683
0.70553
0.70427
0.70304
0.70184
0.70068
0.69955
0.69845
0.69738
0.69634
0.69534
0.69435
0.69338
0.69242
0.69147
0.6905
0.68953
0.68855
0.68754
0.68652
0.68548
0.68442
0.68333
0.68224
0.68113
0.68
0.67888
0.67774
0.67661
0.67548
0.67435
0.67323
0.67212
