1
3.0465
2.8046
2.6368
2.3088
2.3102
2.2694
2.2974
2.367
2.3526
2.4154
2.4567
2.5639
2.6107
2.6995
2.7675
2.8358
2.8981
2.9541
3.0116
3.0651
3.1166
3.1664
3.2132
3.2596
3.3036
3.3481
3.3905
3.4332
3.4741
3.5153
3.5549
3.5946
3.6326
3.6706
3.7069
3.7431
3.7778
3.8121
3.8451
3.8778
3.9093
3.9405
3.9707
4.0006
4.0297
4.0584
4.0864
4.1139
4.1408
4.1672
4.1929
4.218
4.2425
4.2663
4.2895
4.3122
4.3346
4.3571
4.3801
4.404
4.4287
4.4543
4.4804
4.5069
4.5334
4.5599
4.5862
4.6123
4.6379
4.6632
4.688
4.7123
4.7361
4.7593
4.7821
4.8044
4.8264
4.8481
4.8695
4.8907
4.9118
4.9327
4.9535
4.9742
4.9948
5.0155
5.0363
5.0574
5.079
5.1013
5.1241
5.1471
5.1695
5.1908
5.2109
5.23
5.2482
5.2659
5.2832
5.3002
5.317
5.3336
5.3503
5.3668
5.3834
5.4
5.4164
5.4328
5.4491
5.4652
5.4812
5.4969
5.5124
5.5277
