1
0.96835
0.95668
0.94797
0.94482
0.94259
0.94041
0.93897
0.93752
0.93389
0.9308
0.9288
0.9278
0.92838
0.93065
0.93417
0.93757
0.93934
0.93874
0.93811
0.93976
0.94341
0.94827
0.95376
0.95948
0.96512
0.97038
0.97488
0.97808
0.9793
0.97803
0.97459
0.97027
0.96653
0.96443
0.96417
0.96547
0.96792
0.97121
0.97508
0.97935
0.98389
0.98861
0.99343
0.99828
1.0031
1.0079
1.0127
1.0174
1.0221
1.0266
1.0311
1.0356
1.0399
1.0442
1.0485
1.0527
1.0568
1.0608
1.0647
1.0686
1.0724
1.0761
1.0798
1.0833
1.0868
1.0903
1.0936
1.0969
1.1001
1.1032
1.1062
1.1092
1.112
1.1147
1.1174
1.1199
1.1224
1.1247
1.1269
1.129
1.131
1.1328
1.1346
1.1362
1.1376
1.1389
1.1401
1.1412
1.1421
1.143
1.1438
1.1445
1.1452
1.1459
1.1466
1.1473
1.148
1.1488
1.1495
1.1502
1.1509
1.1516
1.1524
1.1531
1.1539
1.1546
1.1554
1.1563
1.1571
1.1581
1.1591
1.1601
1.1612
1.1624
1.1636
1.1648
1.1662
1.1675
1.1689
1.1703
1.1718
1.1733
