1
0.98559
0.94626
0.94522
0.94868
0.97265
0.99266
1.006
1.0157
1.0375
1.0626
1.0824
1.0931
1.1042
1.1111
1.1198
1.1284
1.1403
1.1529
1.166
1.1765
1.1865
1.195
1.2037
1.2116
1.2197
1.2274
1.2353
1.2429
1.2506
1.2581
1.2656
1.273
1.2801
1.287
1.2936
1.2998
1.3057
1.3111
1.3161
1.3208
1.3252
1.3293
1.3332
1.3369
1.3404
1.3438
1.3473
1.3507
1.3543
1.3579
1.3615
1.3652
1.369
1.3727
1.3765
1.3803
1.3841
1.388
1.3918
1.3956
1.3994
1.4033
1.4071
1.411
1.4149
1.4187
1.4226
1.4265
1.4303
1.4341
1.4379
1.4415
1.4451
1.4487
1.4522
1.4556
1.4589
1.4621
1.4653
1.4684
1.4713
1.4743
1.4771
1.4799
1.4826
1.4852
1.4879
1.4904
1.493
1.4954
1.4979
1.5003
1.5027
1.5051
1.5074
1.5097
