64.1434
-0.84194
-0.83566
-0.80829
-0.81878
-0.81153
-0.78112
-0.75473
-0.78634
-0.8026
-0.78312
-0.77875
-0.8013
-0.78118
-0.75225
-0.79453
-0.78648
-0.75636
-0.81702
-0.77466
-0.7741
-0.79158
-0.75165
-0.79159
-0.77819
-0.77806
-0.7507
-0.77827
-0.73033
-0.75826
-0.75316
-0.72082
-0.72149
-0.73527
-0.75575
-0.78023
-0.71832
-0.76054
-0.70146
-0.73187
-0.73417
-0.75252
-0.77174
-0.76704
-0.74958
-0.75818
-0.75436
-0.73941
-0.81283
-0.81617
-0.79425
-0.7826
-0.81331
-0.81556
-0.70625
-0.7601
-1.0727
-1.0504
-1.0217
-1.2455
-1.9159
0
0
0
0
0
-2.4153
0
0
0
0
0
0
0
0
0
0
0
0
0
0
0
0
0
0
0
0
0
0
0
0
0
0
0
0
0
0
0
-3.8298
0
0
0
0
0
0
0
0
0
0
-4.7194
0
-4.4163
0
0
0
0
0
0
-0.84194
60.0893
-0.86518
-0.83901
-0.85245
-0.83509
-0.8109
-0.78188
-0.82037
-0.83548
-0.81321
-0.80708
-0.83305
-0.80776
-0.78069
-0.82129
-0.81453
-0.78776
-0.8451
-0.80193
-0.80137
-0.82024
-0.78548
-0.823
-0.80616
-0.80603
-0.77949
-0.8066
-0.75675
-0.78701
-0.78025
-0.74704
-0.74705
-0.7627
-0.7827
-0.81138
-0.74329
-0.818
-0.72748
-0.76194
-0.76167
-0.7811
-0.79841
-0.7938
-0.77255
-0.78758
-0.78557
-0.76999
-0.84163
-0.84191
-0.82063
-0.81688
-0.83877
-0.84449
-0.75392
-0.78845
-1.1018
-1.0703
-1.047
-1.2669
-1.9428
-1.2938
0
-1.7845
0
0
0
0
0
0
0
0
0
0
-2.0914
0
0
0
0
0
0
0
0
0
0
0
0
0
0
0
0
0
0
0
0
-4.4447
0
0
0
0
0
0
0
0
0
0
0
0
0
0
0
0
0
0
0
0
0
0
-0.83566
-0.86518
58.9826
-0.8256
-0.84734
-0.82519
-0.80514
-0.77511
-0.81651
-0.83399
-0.80424
-0.80079
-0.82783
-0.80186
-0.77455
-0.81332
-0.80667
-0.78328
-0.83684
-0.79461
-0.79405
-0.81016
-0.7856
-0.81593
-0.79923
-0.79911
-0.77432
-0.80213
-0.75144
-0.78116
-0.77374
-0.741
-0.73083
-0.75772
-0.77914
-0.8048
-0.73455
-0.80338
-0.72334
-0.75764
-0.75705
-0.77387
-0.79223
-0.78727
-0.76926
-0.78191
-0.78279
-0.7678
-0.83446
-0.83615
-0.81617
-0.80949
-0.81292
-0.83579
-0.741
-0.76986
-1.0939
-1.0719
-1.0192
-1.2335
-1.9335
0
0
0
0
-2.6978
0
0
0
0
0
0
-2.3173
0
0
0
0
0
0
0
0
0
0
0
0
0
0
-3.9545
0
0
0
0
0
0
0
0
0
0
0
0
0
0
0
0
0
0
0
0
0
0
0
0
0
0
0
0
0
0
-0.80829
-0.83901
-0.8256
56.4071
-0.82395
-0.80703
-0.77656
-0.74827
-0.78604
-0.80829
-0.77706
-0.77327
-0.7995
-0.77465
-0.74039
-0.78726
-0.77983
-0.75027
-0.8103
-0.76804
-0.76749
-0.78531
-0.75228
-0.78843
-0.77237
-0.77225
-0.74712
-0.77321
-0.72429
-0.75364
-0.74708
-0.71479
-0.71459
-0.73061
-0.75038
-0.77623
-0.71083
-0.78214
-0.69555
-0.73143
-0.7239
-0.74767
-0.7652
-0.76041
-0.73754
-0.75502
-0.75399
-0.7377
-0.8058
-0.80819
-0.78779
-0.7833
-0.80393
-0.80774
-0.71318
-0.73282
-1.0627
-1.0398
-1.0097
-1.2259
-1.8966
0
-1.5484
0
0
0
0
0
0
0
0
0
-2.282
0
0
0
0
0
0
0
0
0
0
0
0
0
0
0
0
0
0
0
0
0
-4.1443
0
0
0
0
0
0
0
0
0
0
0
0
0
0
0
0
0
0
0
0
0
0
0
-0.81878
-0.85245
-0.84734
-0.82395
58.0508
-0.81628
-0.78728
-0.76192
-0.79338
-0.81535
-0.78889
-0.78589
-0.81012
-0.78488
-0.75734
-0.80002
-0.79193
-0.75765
-0.82077
-0.77822
-0.77768
-0.79571
-0.76342
-0.79777
-0.78185
-0.78173
-0.75577
-0.78249
-0.72628
-0.76296
-0.75604
-0.72363
-0.72382
-0.73962
-0.75411
-0.78937
-0.72073
-0.79244
-0.70415
-0.72249
-0.72607
-0.75827
-0.77459
-0.77019
-0.75362
-0.74344
-0.76136
-0.74618
-0.81877
-0.81871
-0.79564
-0.79246
-0.81528
-0.81869
-0.73694
-0.77116
-1.0747
-1.0519
-1.0232
-1.2307
0
0
0
0
0
0
0
0
-2.9842
0
-2.5948
0
0
0
0
-3.4173
0
0
0
0
0
0
0
0
0
0
0
0
0
0
0
0
0
0
0
0
0
0
0
0
0
0
0
0
0
0
0
-1.9281
0
0
0
0
0
0
0
0
0
0
-0.81153
-0.83509
-0.82519
-0.80703
-0.81628
61.8737
-0.78259
-0.75631
-0.7848
-0.80532
-0.78123
-0.78024
-0.80347
-0.77956
-0.74788
-0.7955
-0.7841
-0.75303
-0.81549
-0.77234
-0.77178
-0.78747
-0.75645
-0.79132
-0.77608
-0.77597
-0.74884
-0.73363
-0.73203
-0.75581
-0.75068
-0.71856
-0.72017
-0.7329
-0.75217
-0.77869
-0.71325
-0.78825
-0.70066
-0.73181
-0.73023
-0.74503
-0.76938
-0.76455
-0.74345
-0.75695
-0.75457
-0.74093
-0.80694
-0.81255
-0.79231
-0.77558
-0.80655
-0.81037
-0.72949
-0.75334
-1.0695
-1.0449
-1.0221
0
0
0
-1.6416
0
-2.3577
0
0
0
0
0
0
0
0
0
0
0
0
0
0
0
0
0
0
0
0
0
0
-3.9323
0
0
0
0
-3.1867
0
0
0
0
0
0
0
0
0
0
0
0
0
0
0
0
0
0
0
-5.2732
0
0
0
0
0
-0.78112
-0.8109
-0.80514
-0.77656
-0.78728
-0.78259
54.7692
-0.72335
-0.74226
-0.76883
-0.7518
-0.74812
-0.77164
-0.74934
-0.72171
-0.76207
-0.75426
-0.72769
-0.78392
-0.74224
-0.7417
-0.75898
-0.72743
-0.76154
-0.74586
-0.74575
-0.72009
-0.74516
-0.69379
-0.72685
-0.7208
-0.68928
-0.68966
-0.67757
-0.72417
-0.74874
-0.68622
-0.75618
-0.67104
-0.70403
-0.69656
-0.72129
-0.73815
-0.73396
-0.7165
-0.72813
-0.72108
-0.70294
-0.77758
-0.78051
-0.76039
-0.7545
-0.77901
-0.78212
-0.70136
-0.73194
-1.0326
-1.0083
-0.98214
-1.1998
-1.8707
0
0
0
0
0
0
0
0
0
0
0
0
0
0
0
0
0
0
-3.6638
0
0
0
0
0
0
0
0
0
0
0
0
0
0
0
0
0
0
0
0
0
0
0
0
0
0
-4.2602
0
0
0
0
0
0
0
0
0
0
0
-0.75473
-0.78188
-0.77511
-0.74827
-0.76192
-0.75631
-0.72335
49.621
-0.72863
-0.74385
-0.72455
-0.71679
-0.74391
-0.72207
-0.69671
-0.73764
-0.72592
-0.70481
-0.75846
-0.71621
-0.71568
-0.7323
-0.70371
-0.73471
-0.71935
-0.71923
-0.69667
-0.71799
-0.67251
-0.67232
-0.69451
-0.66394
-0.66376
-0.67982
-0.6988
-0.72113
-0.66032
-0.72895
-0.64628
-0.68193
-0.6767
-0.69457
-0.71121
-0.70702
-0.68986
-0.70168
-0.69999
-0.68471
-0.75053
-0.75234
-0.73245
-0.72675
-0.74949
-0.75235
-0.67633
-0.70391
-0.99896
-0.97664
-0.94876
-1.1619
-1.8151
0
0
0
0
0
0
0
0
0
0
0
0
0
0
0
0
0
0
0
0
0
0
0
0
0
0
0
0
0
0
0
0
0
0
0
0
0
0
-4.3647
0
0
0
0
0
0
0
0
0
0
0
0
0
0
0
0
0
0
-0.78634
-0.82037
-0.81651
-0.78604
-0.79338
-0.7848
-0.74226
-0.72863
55.404
-0.77157
-0.75355
-0.72763
-0.77392
-0.75127
-0.72359
-0.76711
-0.75597
-0.71314
-0.78659
-0.74425
-0.74371
-0.76106
-0.72732
-0.76272
-0.74767
-0.74755
-0.72043
-0.74717
-0.70068
-0.7272
-0.7225
-0.6908
-0.69273
-0.70509
-0.72457
-0.75345
-0.69009
-0.75833
-0.63695
-0.70358
-0.70027
-0.72648
-0.73991
-0.73555
-0.71698
-0.7292
-0.72226
-0.70645
-0.78162
-0.78288
-0.76308
-0.75488
-0.78302
-0.78449
-0.70668
-0.72869
-1.0343
-1.0102
-0.98875
0
0
0
0
0
0
0
0
0
0
0
0
0
0
0
0
0
0
0
0
-3.6784
0
0
0
0
-3.4363
0
0
0
0
-4.4031
0
0
0
0
0
0
0
0
0
0
0
0
0
0
0
0
0
0
0
0
0
0
0
0
0
0
0
0
-0.8026
-0.83548
-0.83399
-0.80829
-0.81535
-0.80532
-0.76883
-0.74385
-0.77157
56.7902
-0.76742
-0.76883
-0.74401
-0.76664
-0.73846
-0.78217
-0.77065
-0.74163
-0.80207
-0.75923
-0.75869
-0.77613
-0.74243
-0.77838
-0.76309
-0.76297
-0.73652
-0.76611
-0.72033
-0.74326
-0.73759
-0.70571
-0.70726
-0.72153
-0.74143
-0.77072
-0.70449
-0.77579
-0.69074
-0.72024
-0.7222
-0.73975
-0.75705
-0.7524
-0.73262
-0.74381
-0.72334
-0.70715
-0.79623
-0.79991
-0.77702
-0.77165
-0.79822
-0.79875
-0.71609
-0.72299
-1.0512
-1.0299
-1.0047
0
0
0
0
0
0
0
0
0
0
0
0
-2.9682
0
0
0
0
0
0
0
0
0
0
0
0
0
-3.6068
0
0
0
0
0
0
0
0
0
0
-5.4205
0
0
0
0
0
0
0
0
0
0
0
0
0
0
0
0
0
0
0
0
0
-0.78312
-0.81321
-0.80424
-0.77706
-0.78889
-0.78123
-0.7518
-0.72455
-0.75355
-0.76742
53.054
-0.7485
-0.77161
-0.74589
-0.72345
-0.76089
-0.72746
-0.72896
-0.78091
-0.73908
-0.73855
-0.75556
-0.73293
-0.75984
-0.74391
-0.74379
-0.71871
-0.74612
-0.70234
-0.72666
-0.71852
-0.68824
-0.68903
-0.70484
-0.72438
-0.75248
-0.68866
-0.75737
-0.67059
-0.70457
-0.70357
-0.7239
-0.73849
-0.73363
-0.71304
-0.7281
-0.69996
-0.71364
-0.77765
-0.78076
-0.75675
-0.75428
-0.77766
-0.73544
-0.70043
-0.66619
-1.0287
-1.0042
-0.98014
-1.2035
0
0
0
0
0
0
0
0
0
0
0
0
0
0
0
0
0
0
0
0
-3.8464
0
0
0
0
0
-4.3486
0
0
0
0
0
0
0
0
0
0
0
0
0
0
0
0
0
0
0
0
0
0
0
0
0
0
0
0
0
0
0
-0.77875
-0.80708
-0.80079
-0.77327
-0.78589
-0.78024
-0.74812
-0.71679
-0.72763
-0.76883
-0.7485
51.0276
-0.7688
-0.74373
-0.72392
-0.75781
-0.74838
-0.73525
-0.78019
-0.73844
-0.7379
-0.75483
-0.73498
-0.7569
-0.74222
-0.74211
-0.71677
-0.743
-0.69511
-0.72356
-0.71705
-0.68561
-0.68665
-0.70092
-0.72058
-0.74455
-0.68438
-0.75405
-0.62766
-0.70095
-0.70049
-0.72169
-0.73428
-0.72972
-0.71283
-0.7244
-0.72467
-0.7092
-0.77668
-0.77678
-0.75697
-0.74949
-0.77527
-0.77647
-0.70283
-0.72719
-1.0269
-1.0043
-0.97867
-1.1901
-1.8509
0
0
0
0
0
0
0
0
0
0
0
0
0
0
0
0
0
0
0
0
0
0
0
0
0
0
0
0
-4.3756
0
0
0
0
0
0
0
0
0
0
0
0
0
0
0
0
0
0
0
0
0
0
0
0
0
0
0
0
-0.8013
-0.83305
-0.82783
-0.7995
-0.81012
-0.80347
-0.77164
-0.74391
-0.77392
-0.74401
-0.77161
-0.7688
53.825
-0.76541
-0.73937
-0.78089
-0.7699
-0.74654
-0.80131
-0.75831
-0.75776
-0.77634
-0.7471
-0.77872
-0.762
-0.76188
-0.73619
-0.76634
-0.71962
-0.74303
-0.73663
-0.70448
-0.70577
-0.71962
-0.73954
-0.76781
-0.70265
-0.77495
-0.68832
-0.71983
-0.72054
-0.73634
-0.75375
-0.74903
-0.73455
-0.74313
-0.74426
-0.72968
-0.79287
-0.79617
-0.77565
-0.76998
-0.79671
-0.79516
-0.71548
-0.74631
-1.0479
-1.0245
-0.99961
0
0
0
0
0
0
0
0
0
0
0
0
0
0
0
0
0
0
0
0
0
0
0
0
0
0
0
0
0
0
0
-3.6647
0
0
0
0
0
-5.3692
0
0
0
0
0
0
0
0
0
0
0
0
0
0
0
0
0
0
0
0
0
-0.78118
-0.80776
-0.80186
-0.77465
-0.78488
-0.77956
-0.74934
-0.72207
-0.75127
-0.76664
-0.74589
-0.74373
-0.76541
48.8489
-0.71253
-0.76386
-0.75267
-0.71615
-0.7853
-0.74038
-0.73984
-0.75846
-0.71433
-0.76127
-0.74355
-0.74343
-0.71926
-0.74435
-0.70115
-0.72661
-0.71772
-0.6862
-0.6868
-0.70471
-0.72323
-0.75375
-0.68473
-0.75816
-0.67066
-0.70438
-0.70208
-0.71947
-0.73604
-0.73141
-0.71525
-0.72716
-0.70072
-0.71232
-0.77699
-0.77814
-0.7582
-0.75294
-0.77565
-0.77814
-0.6987
-0.72686
-1.0271
-1.0041
-0.976
-1.1931
0
0
0
0
0
0
0
0
0
0
0
0
0
0
0
0
0
0
0
0
0
0
0
0
0
0
0
0
0
0
0
0
0
0
0
0
0
0
0
0
0
0
0
0
0
-3.9709
0
0
0
0
0
0
0
0
0
0
0
0
-0.75225
-0.78069
-0.77455
-0.74039
-0.75734
-0.74788
-0.72171
-0.69671
-0.72359
-0.73846
-0.72345
-0.72392
-0.73937
-0.71253
50.3629
-0.72909
-0.72016
-0.68976
-0.74885
-0.70853
-0.70801
-0.72432
-0.68404
-0.72594
-0.71235
-0.71224
-0.68782
-0.71195
-0.67083
-0.6947
-0.68847
-0.65779
-0.65834
-0.6727
-0.68952
-0.71719
-0.63984
-0.72119
-0.64482
-0.6737
-0.66918
-0.67028
-0.70463
-0.7014
-0.67326
-0.67915
-0.68995
-0.67736
-0.74326
-0.7471
-0.72839
-0.7172
-0.74469
-0.74866
-0.64745
0
-0.99194
0
-0.9445
0
0
0
-1.5596
0
0
0
0
0
0
-2.629
0
0
0
-2.9406
0
0
0
0
0
0
0
0
0
-3.0303
0
0
0
0
0
0
0
0
0
0
0
0
0
0
0
0
0
0
0
0
0
0
0
0
0
0
0
0
0
0
0
0
0
0
-0.79453
-0.82129
-0.81332
-0.78726
-0.80002
-0.7955
-0.76207
-0.73764
-0.76711
-0.78217
-0.76089
-0.75781
-0.78089
-0.76386
-0.72909
47.5914
-0.76801
-0.73354
-0.80213
-0.75364
-0.75308
-0.77263
-0.73321
-0.7767
-0.75767
-0.75755
-0.73261
-0.75899
-0.70901
-0.74001
-0.7318
-0.6997
-0.70031
-0.71671
-0.73713
-0.76268
-0.69701
-0.77575
-0.68353
-0.71815
-0.71527
-0.73278
-0.74916
-0.74447
-0.7289
-0.74093
-0.74342
-0.72585
-0.7908
-0.79182
-0.7723
-0.76703
-0.78938
-0.79176
-0.71332
-0.74369
-1.0425
-1.0208
-0.99059
-1.2065
-1.8651
0
0
0
0
0
0
0
0
0
0
0
0
0
0
0
0
0
0
0
0
0
0
0
0
0
0
0
0
0
0
0
0
0
0
0
0
0
0
0
0
0
0
0
0
0
0
0
0
0
0
0
0
0
0
0
0
0
-0.78648
-0.81453
-0.80667
-0.77983
-0.79193
-0.7841
-0.75426
-0.72592
-0.75597
-0.77065
-0.72746
-0.74838
-0.7699
-0.75267
-0.72016
-0.76801
48.1892
-0.72474
-0.7897
-0.7439
-0.74335
-0.76226
-0.72256
-0.76672
-0.74893
-0.74881
-0.72313
-0.75028
-0.70654
-0.73019
-0.72328
-0.69118
-0.69297
-0.70712
-0.72742
-0.75742
-0.68869
-0.76362
-0.67574
-0.70822
-0.70735
-0.72397
-0.74023
-0.73548
-0.7168
-0.73087
-0.73355
-0.71609
-0.78001
-0.78225
-0.7627
-0.75617
-0.781
-0.78297
-0.70418
-0.66175
-1.0301
-1.0085
-0.98382
0
0
0
0
0
0
0
0
0
0
0
0
0
0
0
0
0
0
0
0
0
0
0
0
0
0
0
-4.2978
0
0
0
0
0
0
0
0
0
0
0
0
0
0
0
0
0
0
0
0
0
0
0
0
0
0
0
0
0
0
0
-0.75636
-0.78776
-0.78328
-0.75027
-0.75765
-0.75303
-0.72769
-0.70481
-0.71314
-0.74163
-0.72896
-0.73525
-0.74654
-0.71615
-0.68976
-0.73354
-0.72474
51.7314
-0.7521
-0.7133
-0.7128
-0.72749
-0.70436
-0.73052
-0.71669
-0.71658
-0.68986
-0.71445
-0.6745
-0.69731
-0.69128
-0.66052
-0.66139
-0.67594
-0.69176
-0.72259
-0.65766
-0.72465
-0.64391
-0.67553
-0.6736
-0.69216
-0.70926
-0.70446
-0.68149
-0.693
-0.67763
-0.68266
-0.7477
-0.75093
-0.73163
-0.72656
-0.74706
-0.74862
0
0
0
0
0
0
0
0
-1.567
0
0
0
0
0
0
0
-2.4791
0
0
0
0
0
0
-1.864
0
0
0
0
-3.3376
0
-3.3285
0
0
0
0
0
0
0
0
0
0
0
0
0
0
0
0
0
0
-1.2826
0
0
0
0
0
0
0
0
0
0
0
0
0
0
-0.81702
-0.8451
-0.83684
-0.8103
-0.82077
-0.81549
-0.78392
-0.75846
-0.78659
-0.80207
-0.78091
-0.78019
-0.80131
-0.7853
-0.74885
-0.80213
-0.7897
-0.7521
46.9213
-0.77067
-0.77012
-0.7901
-0.75151
-0.79798
-0.77623
-0.77611
-0.75127
-0.7776
-0.73413
-0.75891
-0.75044
-0.71762
-0.71908
-0.73555
-0.75652
-0.79531
-0.71616
-0.79975
-0.70216
-0.73808
-0.73502
-0.75268
-0.76841
-0.7634
-0.74849
-0.76118
-0.76614
-0.74698
-0.81115
-0.81173
-0.79232
-0.78754
-0.81005
-0.81203
-0.73312
-0.76393
-1.0652
-1.0429
-1.0131
-1.2337
0
0
0
0
0
0
0
0
0
0
0
0
0
0
0
0
0
0
0
0
0
0
0
0
0
0
0
0
0
0
0
0
0
0
0
0
0
0
0
0
0
0
0
0
0
0
0
0
0
0
0
0
0
0
0
0
0
0
-0.77466
-0.80193
-0.79461
-0.76804
-0.77822
-0.77234
-0.74224
-0.71621
-0.74425
-0.75923
-0.73908
-0.73844
-0.75831
-0.74038
-0.70853
-0.75364
-0.7439
-0.7133
-0.77067
43.2187
-0.70988
-0.74597
-0.71236
-0.74978
-0.73518
-0.73505
-0.70822
-0.73779
-0.69291
-0.71658
-0.70892
-0.67676
-0.67849
-0.69405
-0.71426
-0.74829
-0.6751
-0.75006
-0.66464
-0.6966
-0.69334
-0.70975
-0.72552
-0.72084
-0.70591
-0.71815
-0.72338
-0.70452
-0.76619
-0.76739
-0.74799
-0.74398
-0.76684
-0.76743
-0.69198
-0.72239
-1.0147
-0.99298
-0.96657
0
0
0
0
0
0
0
0
0
0
0
0
0
0
0
0
0
0
0
0
0
0
0
0
0
0
0
0
0
0
0
0
0
0
0
0
0
0
0
0
0
0
0
0
0
0
0
0
0
0
0
0
0
0
0
0
0
0
0
-0.7741
-0.80137
-0.79405
-0.76749
-0.77768
-0.77178
-0.7417
-0.71568
-0.74371
-0.75869
-0.73855
-0.7379
-0.75776
-0.73984
-0.70801
-0.75308
-0.74335
-0.7128
-0.77012
-0.70988
43.1869
-0.74544
-0.71185
-0.74927
-0.73463
-0.73451
-0.7075
-0.73732
-0.69234
-0.71592
-0.70837
-0.67622
-0.67793
-0.69347
-0.71366
-0.74792
-0.67453
-0.74975
-0.66407
-0.69599
-0.69278
-0.70916
-0.72494
-0.72027
-0.70534
-0.71758
-0.72274
-0.70397
-0.7656
-0.76681
-0.74742
-0.74342
-0.76626
-0.76684
-0.69142
-0.72183
-1.014
-0.99234
-0.96593
0
0
0
0
0
0
0
0
0
0
0
0
0
0
0
0
0
0
0
0
0
0
0
0
0
0
0
0
0
0
0
0
0
0
0
0
0
0
0
0
0
0
0
0
0
0
0
0
0
0
0
0
0
0
0
0
0
0
0
-0.79158
-0.82024
-0.81016
-0.78531
-0.79571
-0.78747
-0.75898
-0.7323
-0.76106
-0.77613
-0.75556
-0.75483
-0.77634
-0.75846
-0.72432
-0.77263
-0.76226
-0.72749
-0.7901
-0.74597
-0.74544
45.0164
-0.72613
-0.7649
-0.75082
-0.7507
-0.72458
-0.7434
-0.70835
-0.73235
-0.72503
-0.6926
-0.69477
-0.70982
-0.73014
-0.77276
-0.68624
-0.77459
-0.68053
-0.71183
-0.70933
-0.72651
-0.74258
-0.73777
-0.72319
-0.73556
-0.73958
-0.71994
-0.78376
-0.78675
-0.76752
-0.7609
-0.7804
-0.78493
-0.70877
-0.73682
-1.0358
0
-0.98705
0
0
0
0
0
0
0
0
-1.8373
0
0
0
0
0
0
0
0
0
0
0
0
0
0
0
0
0
0
0
0
0
0
0
0
0
0
0
0
0
0
0
0
0
0
0
0
0
0
0
0
0
0
0
0
0
0
0
0
0
0
-0.75165
-0.78548
-0.7856
-0.75228
-0.76342
-0.75645
-0.72743
-0.70371
-0.72732
-0.74243
-0.73293
-0.73498
-0.7471
-0.71433
-0.68404
-0.73321
-0.72256
-0.70436
-0.75151
-0.71236
-0.71185
-0.72613
52.5599
-0.72751
-0.7158
-0.71569
-0.6888
-0.71263
-0.67405
-0.69641
-0.69195
-0.66074
-0.66178
-0.67397
-0.69264
-0.72265
-0.64348
-0.72419
-0.64795
-0.67189
-0.67402
-0.6771
-0.70806
-0.70335
-0.68298
-0.6951
-0.69761
-0.68182
-0.74722
-0.7508
-0.72529
-0.72191
-0.74815
0
0
0
0
-0.97552
0
0
0
0
0
-1.6493
0
0
-2.3105
0
0
0
0
0
0
-2.951
0
0
0
0
0
0
0
0
0
0
0
0
0
0
0
0
0
0
0
-4.1588
0
0
0
-3.4081
0
0
0
0
0
0
0
0
0
0
0
0
0
0
0
0
0
0
0
0
-0.79159
-0.823
-0.81593
-0.78843
-0.79777
-0.79132
-0.76154
-0.73471
-0.76272
-0.77838
-0.75984
-0.7569
-0.77872
-0.76127
-0.72594
-0.7767
-0.76672
-0.73052
-0.79798
-0.74978
-0.74927
-0.7649
-0.72751
46.1933
-0.75415
-0.75403
-0.72653
-0.7483
-0.71075
-0.73478
-0.72817
-0.69575
-0.69804
-0.71253
-0.73182
-0.77448
-0.69396
-0.77724
-0.68185
-0.71456
-0.71251
-0.72878
-0.74629
-0.74137
-0.72472
-0.73608
-0.74107
-0.71755
-0.78647
-0.79043
-0.77083
-0.75474
-0.78884
-0.7894
-0.71222
0
-1.0389
0
0
0
0
0
0
0
0
0
0
0
0
0
0
0
0
0
0
0
0
0
0
0
0
-2.2341
0
0
0
0
0
0
0
0
0
0
0
0
0
0
0
0
0
0
0
0
0
0
-2.3507
0
0
0
0
0
0
0
0
0
0
0
0
0
-0.77819
-0.80616
-0.79923
-0.77237
-0.78185
-0.77608
-0.74586
-0.71935
-0.74767
-0.76309
-0.74391
-0.74222
-0.762
-0.74355
-0.71235
-0.75767
-0.74893
-0.71669
-0.77623
-0.73518
-0.73463
-0.75082
-0.7158
-0.75415
40.7027
-0.7161
-0.71737
-0.74149
-0.68736
-0.7211
-0.7093
-0.67662
-0.67868
-0.69483
-0.7152
-0.74827
-0.67632
-0.7583
-0.66684
-0.70076
-0.69472
-0.71097
-0.72737
-0.72219
-0.70833
-0.72079
-0.73276
-0.70773
-0.76716
-0.77107
-0.75135
-0.74583
-0.76873
-0.76823
-0.69736
0
-1.0156
0
0
0
0
0
0
0
0
0
0
0
0
0
0
0
0
0
0
0
0
0
0
0
0
0
0
0
0
0
0
0
0
0
0
0
0
0
0
0
0
0
0
0
0
0
0
0
0
0
0
0
0
0
0
0
0
0
0
0
0
0
-0.77806
-0.80603
-0.79911
-0.77225
-0.78173
-0.77597
-0.74575
-0.71923
-0.74755
-0.76297
-0.74379
-0.74211
-0.76188
-0.74343
-0.71224
-0.75755
-0.74881
-0.71658
-0.77611
-0.73505
-0.73451
-0.7507
-0.71569
-0.75403
-0.7161
40.6962
-0.71725
-0.74137
-0.68722
-0.72097
-0.70919
-0.67651
-0.67856
-0.69471
-0.71508
-0.74817
-0.67619
-0.75819
-0.66672
-0.70064
-0.6946
-0.71085
-0.72724
-0.72207
-0.7082
-0.72067
-0.73263
-0.70761
-0.76704
-0.77094
-0.75123
-0.74572
-0.76861
-0.7681
-0.69724
0
-1.0154
0
0
0
0
0
0
0
0
0
0
0
0
0
0
0
0
0
0
0
0
0
0
0
0
0
0
0
0
0
0
0
0
0
0
0
0
0
0
0
0
0
0
0
0
0
0
0
0
0
0
0
0
0
0
0
0
0
0
0
0
0
-0.7507
-0.77949
-0.77432
-0.74712
-0.75577
-0.74884
-0.72009
-0.69667
-0.72043
-0.73652
-0.71871
-0.71677
-0.73619
-0.71926
-0.68782
-0.73261
-0.72313
-0.68986
-0.75127
-0.70822
-0.7075
-0.72458
-0.6888
-0.72653
-0.71737
-0.71725
42.0307
-0.71091
-0.66853
-0.69429
-0.68787
-0.65497
-0.65698
-0.66922
-0.68901
-0.71845
-0.65065
-0.71847
-0.64023
-0.62533
-0.66935
-0.68712
-0.70206
-0.69711
-0.68132
-0.69366
-0.69138
-0.67764
-0.7397
-0.74421
-0.72427
-0.71777
-0.74206
-0.74023
0
0
0
0
0
0
0
0
0
0
0
0
0
0
0
0
0
0
0
0
0
0
0
0
0
0
0
0
0
0
0
0
0
0
0
0
0
0
0
0
0
0
0
0
0
0
0
0
0
0
0
0
0
0
-4.4421
0
0
0
0
0
0
0
0
0
-0.77827
-0.8066
-0.80213
-0.77321
-0.78249
-0.73363
-0.74516
-0.71799
-0.74717
-0.76611
-0.74612
-0.743
-0.76634
-0.74435
-0.71195
-0.75899
-0.75028
-0.71445
-0.7776
-0.73779
-0.73732
-0.7434
-0.71263
-0.7483
-0.74149
-0.74137
-0.71091
43.9803
-0.69498
-0.71997
-0.71337
-0.68019
-0.6829
-0.69556
-0.71617
-0.74286
-0.67905
-0.73849
-0.66636
-0.69664
-0.69519
-0.71322
-0.72901
-0.72401
-0.7074
-0.71895
-0.71977
-0.7039
-0.76795
-0.77169
-0.75122
-0.74437
-0.7707
-0.76873
0
0
0
0
0
0
0
0
0
0
0
0
0
0
0
0
0
0
0
0
0
0
0
0
0
0
0
0
0
0
0
0
0
0
0
0
0
0
0
0
0
0
0
0
0
0
0
0
0
0
0
0
0
0
0
0
0
0
-5.0286
0
0
0
0
0
-0.73033
-0.75675
-0.75144
-0.72429
-0.72628
-0.73203
-0.69379
-0.67251
-0.70068
-0.72033
-0.70234
-0.69511
-0.71962
-0.70115
-0.67083
-0.70901
-0.70654
-0.6745
-0.73413
-0.69291
-0.69234
-0.70835
-0.67405
-0.71075
-0.68736
-0.68722
-0.66853
-0.69498
39.689
-0.67073
-0.67696
-0.63881
-0.64047
-0.65153
-0.67029
-0.69503
-0.63394
-0.7028
-0.62341
-0.65345
-0.63271
-0.66397
-0.68457
-0.67853
-0.66269
-0.67298
-0.67991
-0.65986
-0.71916
-0.72557
-0.70352
-0.69961
0
0
0
0
0
0
0
0
-1.7408
0
0
0
0
0
0
0
-2.7695
0
0
0
0
0
0
0
0
0
0
0
0
0
0
0
0
0
0
0
0
0
0
0
0
0
0
0
0
0
0
0
0
0
0
0
0
0
0
0
0
0
0
0
0
0
0
0
0
0
-0.75826
-0.78701
-0.78116
-0.75364
-0.76296
-0.75581
-0.72685
-0.67232
-0.7272
-0.74326
-0.72666
-0.72356
-0.74303
-0.72661
-0.6947
-0.74001
-0.73019
-0.69731
-0.75891
-0.71658
-0.71592
-0.73235
-0.69641
-0.73478
-0.7211
-0.72097
-0.69429
-0.71997
-0.67073
41.4866
-0.69495
-0.66079
-0.66269
-0.67611
-0.69475
-0.73008
-0.65758
-0.73567
-0.6454
-0.68041
-0.67434
-0.69094
-0.70834
-0.703
-0.68731
-0.69906
-0.70138
-0.68418
-0.7457
-0.75046
-0.73135
-0.72397
-0.74769
0
0
0
0
0
0
0
0
0
0
0
0
0
0
0
0
0
0
0
0
0
0
0
0
0
0
0
0
0
0
0
0
0
0
0
0
0
0
0
0
0
0
0
0
0
0
-4.268
0
0
0
0
0
0
0
0
0
0
0
0
0
0
0
0
0
0
-0.75316
-0.78025
-0.77374
-0.74708
-0.75604
-0.75068
-0.7208
-0.69451
-0.7225
-0.73759
-0.71852
-0.71705
-0.73663
-0.71772
-0.68847
-0.7318
-0.72328
-0.69128
-0.75044
-0.70892
-0.70837
-0.72503
-0.69195
-0.72817
-0.7093
-0.70919
-0.68787
-0.71337
-0.67696
-0.69495
37.6285
-0.64934
-0.64382
-0.66484
-0.68967
-0.71728
-0.64899
-0.72724
-0.63934
-0.67676
-0.6652
-0.68155
-0.69972
-0.69431
-0.67956
-0.69204
-0.71914
-0.68012
-0.73547
-0.74189
-0.72242
-0.7161
-0.73896
-0.73907
0
0
0
0
0
0
0
0
0
0
0
0
0
0
0
0
0
0
0
0
0
0
0
0
0
0
0
0
0
0
0
0
0
0
0
0
0
0
0
0
0
0
0
0
0
0
0
0
0
0
0
0
0
0
0
0
0
0
0
0
0
0
0
0
-0.72082
-0.74704
-0.741
-0.71479
-0.72363
-0.71856
-0.68928
-0.66394
-0.6908
-0.70571
-0.68824
-0.68561
-0.70448
-0.6862
-0.65779
-0.6997
-0.69118
-0.66052
-0.71762
-0.67676
-0.67622
-0.6926
-0.66074
-0.69575
-0.67662
-0.67651
-0.65497
-0.68019
-0.63881
-0.66079
-0.64934
34.5306
-0.62543
-0.63272
-0.65243
-0.68551
-0.617
-0.69358
-0.60941
-0.64407
-0.62893
-0.64571
-0.66874
-0.66175
-0.64468
-0.65717
-0.68849
-0.64862
-0.6986
-0.70798
-0.69053
-0.68302
0
0
0
0
0
0
0
0
0
0
0
0
0
0
0
0
0
0
0
0
0
0
0
0
0
0
0
0
0
0
0
0
0
0
0
0
0
0
0
0
0
0
0
0
0
0
0
0
0
0
0
0
0
0
0
0
0
0
0
0
0
0
0
0
0
0
-0.72149
-0.74705
-0.73083
-0.71459
-0.72382
-0.72017
-0.68966
-0.66376
-0.69273
-0.70726
-0.68903
-0.68665
-0.70577
-0.6868
-0.65834
-0.70031
-0.69297
-0.66139
-0.71908
-0.67849
-0.67793
-0.69477
-0.66178
-0.69804
-0.67868
-0.67856
-0.65698
-0.6829
-0.64047
-0.66269
-0.64382
-0.62543
36.3587
-0.63083
-0.65448
-0.68672
-0.61699
-0.6846
-0.60904
-0.64131
-0.63388
-0.64697
-0.66975
-0.66335
-0.64738
-0.65809
-0.68499
-0.64994
-0.70043
-0.70989
-0.69253
0
0
0
0
0
0
0
0
0
0
0
0
0
0
-2.4853
0
0
0
0
0
0
0
0
0
0
0
0
0
0
0
0
0
0
0
0
0
0
0
0
0
0
0
0
0
0
0
0
0
0
0
0
0
0
0
0
0
0
0
0
0
0
0
0
0
0
0
0
-0.73527
-0.7627
-0.75772
-0.73061
-0.73962
-0.7329
-0.67757
-0.67982
-0.70509
-0.72153
-0.70484
-0.70092
-0.71962
-0.70471
-0.6727
-0.71671
-0.70712
-0.67594
-0.73555
-0.69405
-0.69347
-0.70982
-0.67397
-0.71253
-0.69483
-0.69471
-0.66922
-0.69556
-0.65153
-0.67611
-0.66484
-0.63272
-0.63083
37.9713
-0.67464
-0.70283
-0.6397
-0.70866
-0.6258
-0.66322
-0.65729
-0.66621
-0.68478
-0.67899
-0.66515
-0.67857
0
-0.66533
-0.72486
-0.72692
-0.70945
0
0
0
0
0
0
0
0
0
0
0
0
0
0
0
0
0
0
0
0
0
0
0
0
0
0
0
0
0
0
0
0
0
0
0
0
0
0
0
0
0
0
0
0
0
0
0
0
0
0
0
0
0
0
0
-4.0238
0
0
0
0
0
0
0
0
0
0
0
-0.75575
-0.7827
-0.77914
-0.75038
-0.75411
-0.75217
-0.72417
-0.6988
-0.72457
-0.74143
-0.72438
-0.72058
-0.73954
-0.72323
-0.68952
-0.73713
-0.72742
-0.69176
-0.75652
-0.71426
-0.71366
-0.73014
-0.69264
-0.73182
-0.7152
-0.71508
-0.68901
-0.71617
-0.67029
-0.69475
-0.68967
-0.65243
-0.65448
-0.67464
38.9356
-0.72156
-0.65691
-0.73336
-0.6441
-0.67299
-0.67098
-0.68653
-0.70454
-0.69861
-0.68537
-0.6923
0
-0.68305
-0.74429
-0.74823
-0.72961
0
0
0
0
0
0
0
0
0
0
0
0
0
0
0
0
0
0
0
0
0
0
0
0
0
0
0
0
0
0
0
0
0
0
0
0
0
-4.0357
0
0
0
0
0
0
0
0
0
0
0
0
0
0
0
0
0
0
0
0
0
0
0
0
0
0
0
0
0
-0.78023
-0.81138
-0.8048
-0.77623
-0.78937
-0.77869
-0.74874
-0.72113
-0.75345
-0.77072
-0.75248
-0.74455
-0.76781
-0.75375
-0.71719
-0.76268
-0.75742
-0.72259
-0.79531
-0.74829
-0.74792
-0.77276
-0.72265
-0.77448
-0.74827
-0.74817
-0.71845
-0.74286
-0.69503
-0.73008
-0.71728
-0.68551
-0.68672
-0.70283
-0.72156
44.8923
-0.68273
-0.74227
-0.66829
-0.70123
-0.69845
-0.7043
-0.73405
-0.72861
-0.70697
-0.72097
0
0
-0.77271
-0.77588
0
0
0
0
0
0
0
0
0
0
-1.8214
0
0
0
-2.2666
0
0
0
0
0
0
0
0
0
0
0
0
0
0
0
0
0
0
0
0
0
0
0
0
0
0
0
0
0
0
0
0
0
0
0
0
0
0
0
0
0
0
0
0
0
0
0
0
0
0
0
-5.9964
0
-0.71832
-0.74329
-0.73455
-0.71083
-0.72073
-0.71325
-0.68622
-0.66032
-0.69009
-0.70449
-0.68866
-0.68438
-0.70265
-0.68473
-0.63984
-0.69701
-0.68869
-0.65766
-0.71616
-0.6751
-0.67453
-0.68624
-0.64348
-0.69396
-0.67632
-0.67619
-0.65065
-0.67905
-0.63394
-0.65758
-0.64899
-0.617
-0.61699
-0.6397
-0.65691
-0.68273
35.4467
-0.68955
-0.6122
-0.65702
-0.62572
-0.60828
-0.66142
-0.65211
-0.63674
-0.64914
0
0
0
-0.70063
0
0
0
0
0
0
0
0
0
0
0
0
0
0
0
0
0
-1.7118
0
0
0
0
0
-2.7909
0
0
0
0
0
0
0
0
0
0
0
0
0
0
0
0
0
0
0
0
0
0
0
0
0
0
0
0
0
0
0
0
0
0
0
0
0
0
0
0
0
0
0
0
-0.76054
-0.818
-0.80338
-0.78214
-0.79244
-0.78825
-0.75618
-0.72895
-0.75833
-0.77579
-0.75737
-0.75405
-0.77495
-0.75816
-0.72119
-0.77575
-0.76362
-0.72465
-0.79975
-0.75006
-0.74975
-0.77459
-0.72419
-0.77724
-0.7583
-0.75819
-0.71847
-0.73849
-0.7028
-0.73567
-0.72724
-0.69358
-0.6846
-0.70866
-0.73336
-0.74227
-0.68955
44.4749
-0.66952
-0.70506
-0.70052
-0.71056
-0.73367
-0.73106
0
0
0
0
0
0
0
0
0
0
0
0
0
0
0
0
0
0
0
0
0
-2.596
0
0
0
0
0
0
0
0
0
0
0
0
0
0
0
0
0
0
0
0
0
0
0
0
0
0
0
0
0
0
0
0
0
0
0
0
0
0
0
0
0
0
0
-4.4592
0
0
0
-5.409
0
0
0
0
-0.70146
-0.72748
-0.72334
-0.69555
-0.70415
-0.70066
-0.67104
-0.64628
-0.63695
-0.69074
-0.67059
-0.62766
-0.68832
-0.67066
-0.64482
-0.68353
-0.67574
-0.64391
-0.70216
-0.66464
-0.66407
-0.68053
-0.64795
-0.68185
-0.66684
-0.66672
-0.64023
-0.66636
-0.62341
-0.6454
-0.63934
-0.60941
-0.60904
-0.6258
-0.6441
-0.66829
-0.6122
-0.66952
35.5299
-0.61274
-0.60277
-0.57947
-0.6439
-0.64253
0
0
0
0
0
0
0
0
0
0
0
0
0
0
0
-1.0663
0
0
0
0
0
0
0
0
0
0
0
0
0
0
0
0
0
0
0
0
0
0
0
0
0
0
0
0
0
-4.0041
0
0
0
0
0
0
0
0
0
0
0
-2.1474
0
0
0
0
0
0
0
0
0
0
0
0
0
0
0
0
-0.73187
-0.76194
-0.75764
-0.73143
-0.72249
-0.73181
-0.70403
-0.68193
-0.70358
-0.72024
-0.70457
-0.70095
-0.71983
-0.70438
-0.6737
-0.71815
-0.70822
-0.67553
-0.73808
-0.6966
-0.69599
-0.71183
-0.67189
-0.71456
-0.70076
-0.70064
-0.62533
-0.69664
-0.65345
-0.68041
-0.67676
-0.64407
-0.64131
-0.66322
-0.67299
-0.70123
-0.65702
-0.70506
-0.61274
37.1532
-0.63144
-0.62448
-0.6714
-0.67172
0
0
0
0
0
0
0
0
0
0
0
0
0
0
0
0
0
0
0
0
0
0
0
0
0
0
0
0
0
0
0
-3.135
0
0
0
0
0
0
0
0
0
0
0
0
0
0
0
0
0
0
0
0
0
0
0
0
0
0
0
0
0
0
0
0
-4.3062
0
0
0
0
0
0
0
0
0
-0.73417
-0.76167
-0.75705
-0.7239
-0.72607
-0.73023
-0.69656
-0.6767
-0.70027
-0.7222
-0.70357
-0.70049
-0.72054
-0.70208
-0.66918
-0.71527
-0.70735
-0.6736
-0.73502
-0.69334
-0.69278
-0.70933
-0.67402
-0.71251
-0.69472
-0.6946
-0.66935
-0.69519
-0.63271
-0.67434
-0.6652
-0.62893
-0.63388
-0.65729
-0.67098
-0.69845
-0.62572
-0.70052
-0.60277
-0.63144
33.1254
0
-0.65656
0
0
0
-0.65904
0
0
0
0
0
0
0
0
0
0
0
0
0
0
0
-1.4931
0
0
0
0
0
-2.7027
0
0
0
0
0
0
0
0
0
0
0
0
0
0
0
0
0
0
0
0
0
0
0
0
0
0
0
0
0
0
0
0
0
0
0
0
0
0
0
0
0
0
0
0
0
0
0
0
0
-0.75252
-0.7811
-0.77387
-0.74767
-0.75827
-0.74503
-0.72129
-0.69457
-0.72648
-0.73975
-0.7239
-0.72169
-0.73634
-0.71947
-0.67028
-0.73278
-0.72397
-0.69216
-0.75268
-0.70975
-0.70916
-0.72651
-0.6771
-0.72878
-0.71097
-0.71085
-0.68712
-0.71322
-0.66397
-0.69094
-0.68155
-0.64571
-0.64697
-0.66621
-0.68653
-0.7043
-0.60828
-0.71056
-0.57947
-0.62448
0
34.6291
-0.71261
-0.71873
0
0
0
0
0
0
0
0
0
0
0
0
0
0
0
0
0
0
0
0
-2.187
0
0
0
0
0
0
0
0
-2.8145
0
0
0
0
0
0
0
0
0
0
0
0
0
0
0
0
0
0
0
0
0
0
0
0
0
0
0
0
0
0
0
0
0
0
0
0
0
0
0
0
0
0
0
0
-0.77174
-0.79841
-0.79223
-0.7652
-0.77459
-0.76938
-0.73815
-0.71121
-0.73991
-0.75705
-0.73849
-0.73428
-0.75375
-0.73604
-0.70463
-0.74916
-0.74023
-0.70926
-0.76841
-0.72552
-0.72494
-0.74258
-0.70806
-0.74629
-0.72737
-0.72724
-0.70206
-0.72901
-0.68457
-0.70834
-0.69972
-0.66874
-0.66975
-0.68478
-0.70454
-0.73405
-0.66142
-0.73367
-0.6439
-0.6714
-0.65656
-0.71261
31.1349
-0.71569
0
0
0
0
0
0
0
0
0
0
0
0
0
0
0
0
0
0
0
0
0
0
0
0
0
0
0
0
0
0
0
0
0
0
0
0
0
0
0
0
0
0
0
0
0
0
0
0
0
0
0
0
0
0
0
0
0
0
0
0
0
0
0
0
0
0
0
0
0
0
0
0
0
0
-0.76704
-0.7938
-0.78727
-0.76041
-0.77019
-0.76455
-0.73396
-0.70702
-0.73555
-0.7524
-0.73363
-0.72972
-0.74903
-0.73141
-0.7014
-0.74447
-0.73548
-0.70446
-0.7634
-0.72084
-0.72027
-0.73777
-0.70335
-0.74137
-0.72219
-0.72207
-0.69711
-0.72401
-0.67853
-0.703
-0.69431
-0.66175
-0.66335
-0.67899
-0.69861
-0.72861
-0.65211
-0.73106
-0.64253
-0.67172
0
-0.71873
-0.71569
30.2932
0
0
0
0
0
0
0
0
0
0
0
0
0
0
0
0
0
0
0
0
0
0
0
0
0
0
0
0
0
0
0
0
0
0
0
0
0
0
0
0
0
0
0
0
0
0
0
0
0
0
0
0
0
0
0
0
0
0
0
0
0
0
0
0
0
0
0
0
0
0
0
0
0
0
-0.74958
-0.77255
-0.76926
-0.73754
-0.75362
-0.74345
-0.7165
-0.68986
-0.71698
-0.73262
-0.71304
-0.71283
-0.73455
-0.71525
-0.67326
-0.7289
-0.7168
-0.68149
-0.74849
-0.70591
-0.70534
-0.72319
-0.68298
-0.72472
-0.70833
-0.7082
-0.68132
-0.7074
-0.66269
-0.68731
-0.67956
-0.64468
-0.64738
-0.66515
-0.68537
-0.70697
-0.63674
0
0
0
0
0
0
0
32.3482
-0.651
0
0
0
0
0
0
0
-0.73253
0
-0.69997
0
0
0
0
0
0
0
-1.5877
0
0
0
0
0
-2.5072
0
0
0
0
0
0
0
0
0
0
0
0
0
0
0
0
0
0
0
0
0
0
0
0
0
0
0
0
0
0
0
0
0
0
0
0
0
0
0
0
0
0
0
0
0
0
0
0
-0.75818
-0.78758
-0.78191
-0.75502
-0.74344
-0.75695
-0.72813
-0.70168
-0.7292
-0.74381
-0.7281
-0.7244
-0.74313
-0.72716
-0.67915
-0.74093
-0.73087
-0.693
-0.76118
-0.71815
-0.71758
-0.73556
-0.6951
-0.73608
-0.72079
-0.72067
-0.69366
-0.71895
-0.67298
-0.69906
-0.69204
-0.65717
-0.65809
-0.67857
-0.6923
-0.72097
-0.64914
0
0
0
0
0
0
0
-0.651
33.1913
0
0
0
0
0
0
0
0
0
0
0
0
0
0
0
0
0
0
0
0
0
0
0
0
0
0
0
0
0
-3.0854
0
0
0
0
0
0
0
-2.8643
0
0
0
0
0
0
0
0
0
0
0
0
0
0
0
0
0
0
0
0
0
0
0
0
0
0
0
0
0
0
0
0
0
0
-0.75436
-0.78557
-0.78279
-0.75399
-0.76136
-0.75457
-0.72108
-0.69999
-0.72226
-0.72334
-0.69996
-0.72467
-0.74426
-0.70072
-0.68995
-0.74342
-0.73355
-0.67763
-0.76614
-0.72338
-0.72274
-0.73958
-0.69761
-0.74107
-0.73276
-0.73263
-0.69138
-0.71977
-0.67991
-0.70138
-0.71914
-0.68849
-0.68499
0
0
0
0
0
0
0
-0.65904
0
0
0
0
0
39.1378
0
-0.72025
0
0
0
0
0
0
0
0
0
0
0
0
0
0
0
0
0
0
0
0
0
0
0
0
0
0
0
0
0
0
0
-3.5873
0
-3.1749
0
0
-3.3171
0
0
0
0
0
0
0
0
0
0
0
0
0
0
0
0
0
0
0
-3.7647
0
0
0
0
0
0
0
0
0
0
0
0
-0.73941
-0.76999
-0.7678
-0.7377
-0.74618
-0.74093
-0.70294
-0.68471
-0.70645
-0.70715
-0.71364
-0.7092
-0.72968
-0.71232
-0.67736
-0.72585
-0.71609
-0.68266
-0.74698
-0.70452
-0.70397
-0.71994
-0.68182
-0.71755
-0.70773
-0.70761
-0.67764
-0.7039
-0.65986
-0.68418
-0.68012
-0.64862
-0.64994
-0.66533
-0.68305
0
0
0
0
0
0
0
0
0
0
0
0
32.2034
0
0
0
0
0
0
0
0
0
0
0
0
0
0
0
0
0
0
0
0
0
0
0
0
0
0
0
0
0
0
-2.0549
0
0
0
0
0
0
-3.2223
0
0
0
0
0
0
0
0
0
0
0
0
0
0
0
0
0
0
-2.2133
0
0
0
0
0
0
0
0
0
0
0
0
0
-0.81283
-0.84163
-0.83446
-0.8058
-0.81877
-0.80694
-0.77758
-0.75053
-0.78162
-0.79623
-0.77765
-0.77668
-0.79287
-0.77699
-0.74326
-0.7908
-0.78001
-0.7477
-0.81115
-0.76619
-0.7656
-0.78376
-0.74722
-0.78647
-0.76716
-0.76704
-0.7397
-0.76795
-0.71916
-0.7457
-0.73547
-0.6986
-0.70043
-0.72486
-0.74429
-0.77271
0
0
0
0
0
0
0
0
0
0
-0.72025
0
30.8716
0
0
0
0
0
0
0
0
0
0
0
0
0
0
0
0
0
0
0
0
0
0
0
0
0
0
0
-2.3955
0
0
0
0
0
0
0
0
0
0
0
0
0
0
0
0
0
0
0
0
0
0
0
0
0
0
0
0
0
0
0
0
0
0
0
0
0
0
0
0
0
-0.81617
-0.84191
-0.83615
-0.80819
-0.81871
-0.81255
-0.78051
-0.75234
-0.78288
-0.79991
-0.78076
-0.77678
-0.79617
-0.77814
-0.7471
-0.79182
-0.78225
-0.75093
-0.81173
-0.76739
-0.76681
-0.78675
-0.7508
-0.79043
-0.77107
-0.77094
-0.74421
-0.77169
-0.72557
-0.75046
-0.74189
-0.70798
-0.70989
-0.72692
-0.74823
-0.77588
-0.70063
0
0
0
0
0
0
0
0
0
0
0
0
29.5911
0
0
0
0
0
0
0
-1.0186
0
0
0
0
0
0
0
0
0
0
0
0
0
0
0
0
0
0
0
0
0
0
0
0
0
0
0
0
0
0
0
0
0
0
0
0
0
0
0
0
0
0
0
0
0
0
0
0
0
0
0
0
0
0
0
0
0
0
0
0
-0.79425
-0.82063
-0.81617
-0.78779
-0.79564
-0.79231
-0.76039
-0.73245
-0.76308
-0.77702
-0.75675
-0.75697
-0.77565
-0.7582
-0.72839
-0.7723
-0.7627
-0.73163
-0.79232
-0.74799
-0.74742
-0.76752
-0.72529
-0.77083
-0.75135
-0.75123
-0.72427
-0.75122
-0.70352
-0.73135
-0.72242
-0.69053
-0.69253
-0.70945
-0.72961
0
0
0
0
0
0
0
0
0
0
0
0
0
0
0
27.7158
0
0
0
0
0
0
0
0
0
0
-1.3247
0
0
0
0
0
0
0
0
0
0
0
0
0
0
0
0
0
0
0
0
0
0
0
0
0
0
0
0
0
0
0
0
0
0
0
0
0
0
0
0
0
0
0
0
0
0
0
0
0
0
0
0
0
0
0
0
-0.7826
-0.81688
-0.80949
-0.7833
-0.79246
-0.77558
-0.7545
-0.72675
-0.75488
-0.77165
-0.75428
-0.74949
-0.76998
-0.75294
-0.7172
-0.76703
-0.75617
-0.72656
-0.78754
-0.74398
-0.74342
-0.7609
-0.72191
-0.75474
-0.74583
-0.74572
-0.71777
-0.74437
-0.69961
-0.72397
-0.7161
-0.68302
0
0
0
0
0
0
0
0
0
0
0
0
0
0
0
0
0
0
0
28.2748
0
0
0
0
0
0
0
0
0
0
0
0
-2.138
0
0
0
0
0
0
0
0
0
0
0
0
0
0
0
0
-2.0862
0
0
0
0
0
0
0
0
0
0
0
0
0
0
0
0
0
0
0
0
0
0
0
0
0
0
0
0
0
0
0
0
0
0
0
0
-0.81331
-0.83877
-0.81292
-0.80393
-0.81528
-0.80655
-0.77901
-0.74949
-0.78302
-0.79822
-0.77766
-0.77527
-0.79671
-0.77565
-0.74469
-0.78938
-0.781
-0.74706
-0.81005
-0.76684
-0.76626
-0.7804
-0.74815
-0.78884
-0.76873
-0.76861
-0.74206
-0.7707
0
-0.74769
-0.73896
0
0
0
0
0
0
0
0
0
0
0
0
0
0
0
0
0
0
0
0
0
27.6131
0
0
0
0
0
0
0
0
0
0
0
0
-2.4464
0
-1.7815
0
0
0
0
0
0
0
0
0
0
0
0
0
0
0
0
0
0
0
0
0
0
0
0
0
0
0
0
0
0
0
0
0
0
0
0
0
0
0
0
0
0
0
0
0
0
0
0
0
0
-0.81556
-0.84449
-0.83579
-0.80774
-0.81869
-0.81037
-0.78212
-0.75235
-0.78449
-0.79875
-0.73544
-0.77647
-0.79516
-0.77814
-0.74866
-0.79176
-0.78297
-0.74862
-0.81203
-0.76743
-0.76684
-0.78493
0
-0.7894
-0.76823
-0.7681
-0.74023
-0.76873
0
0
-0.73907
0
0
0
0
0
0
0
0
0
0
0
0
0
-0.73253
0
0
0
0
0
0
0
0
25.9782
0
0
0
0
0
0
0
0
0
0
0
0
0
0
0
0
0
0
0
0
0
0
0
0
0
0
-3.3331
0
0
0
0
0
0
0
0
0
0
0
0
0
0
0
0
0
0
0
0
0
0
0
0
0
0
0
0
0
0
0
0
0
0
0
0
0
-0.70625
-0.75392
-0.741
-0.71318
-0.73694
-0.72949
-0.70136
-0.67633
-0.70668
-0.71609
-0.70043
-0.70283
-0.71548
-0.6987
-0.64745
-0.71332
-0.70418
0
-0.73312
-0.69198
-0.69142
-0.70877
0
-0.71222
-0.69736
-0.69724
0
0
0
0
0
0
0
0
0
0
0
0
0
0
0
0
0
0
0
0
0
0
0
0
0
0
0
0
25.9223
0
0
0
0
0
0
-1.1668
0
0
0
0
0
0
0
0
0
0
-1.9361
-2.5513
0
0
0
0
0
0
0
0
0
0
0
0
0
0
0
0
0
0
0
0
0
0
0
0
-3.2724
0
0
0
0
0
0
0
0
0
0
0
0
0
0
0
0
0
0
0
-0.7601
-0.78845
-0.76986
-0.73282
-0.77116
-0.75334
-0.73194
-0.70391
-0.72869
-0.72299
-0.66619
-0.72719
-0.74631
-0.72686
0
-0.74369
-0.66175
0
-0.76393
-0.72239
-0.72183
-0.73682
0
0
0
0
0
0
0
0
0
0
0
0
0
0
0
0
0
0
0
0
0
0
-0.69997
0
0
0
0
0
0
0
0
0
0
24.5352
0
0
0
0
0
0
-1.3564
0
0
0
0
0
0
0
0
-2.439
-1.9149
0
0
0
0
0
0
0
0
0
0
0
0
0
-3.4447
0
0
0
0
0
0
0
0
0
0
0
0
0
0
0
0
0
0
0
0
0
0
0
0
0
0
0
0
0
0
0
-1.0727
-1.1018
-1.0939
-1.0627
-1.0747
-1.0695
-1.0326
-0.99896
-1.0343
-1.0512
-1.0287
-1.0269
-1.0479
-1.0271
-0.99194
-1.0425
-1.0301
0
-1.0652
-1.0147
-1.014
-1.0358
0
-1.0389
-1.0156
-1.0154
0
0
0
0
0
0
0
0
0
0
0
0
0
0
0
0
0
0
0
0
0
0
0
0
0
0
0
0
0
0
24.9871
0
0
0
0
0
0
0
0
0
0
0
0
0
0
0
0
0
0
0
0
0
0
0
0
0
0
0
0
0
0
0
0
0
0
0
0
0
0
0
0
0
0
0
0
0
0
0
0
0
0
0
0
0
0
0
0
0
0
0
0
0
-1.0504
-1.0703
-1.0719
-1.0398
-1.0519
-1.0449
-1.0083
-0.97664
-1.0102
-1.0299
-1.0042
-1.0043
-1.0245
-1.0041
0
-1.0208
-1.0085
0
-1.0429
-0.99298
-0.99234
0
-0.97552
0
0
0
0
0
0
0
0
0
0
0
0
0
0
0
0
0
0
0
0
0
0
0
0
0
0
-1.0186
0
0
0
0
0
0
0
22.7531
0
0
0
-1.3103
0
0
0
0
0
0
0
0
0
0
0
0
0
0
0
0
0
0
0
0
0
0
0
0
0
0
0
0
0
0
0
0
0
0
0
0
0
0
0
0
0
0
0
0
0
0
0
0
0
0
0
0
0
0
0
0
-1.0217
-1.047
-1.0192
-1.0097
-1.0232
-1.0221
-0.98214
-0.94876
-0.98875
-1.0047
-0.98014
-0.97867
-0.99961
-0.976
-0.9445
-0.99059
-0.98382
0
-1.0131
-0.96657
-0.96593
-0.98705
0
0
0
0
0
0
0
0
0
0
0
0
0
0
0
0
0
0
0
0
0
0
0
0
0
0
0
0
0
0
0
0
0
0
0
0
23.3884
0
0
0
0
0
0
-2.5352
0
0
0
0
0
0
0
0
0
0
0
0
0
0
0
0
0
0
0
0
0
0
0
0
0
0
0
0
0
0
0
0
0
0
0
0
0
0
0
0
0
0
0
0
0
0
0
0
0
0
0
0
-1.2455
-1.2669
-1.2335
-1.2259
-1.2307
0
-1.1998
-1.1619
0
0
-1.2035
-1.1901
0
-1.1931
0
-1.2065
0
0
-1.2337
0
0
0
0
0
0
0
0
0
0
0
0
0
0
0
0
0
0
0
-1.0663
0
0
0
0
0
0
0
0
0
0
0
0
0
0
0
0
0
0
0
0
20.8444
0
0
0
0
0
-2.5615
0
0
0
0
-2.6255
0
0
0
0
0
0
0
0
0
0
0
0
0
0
0
0
0
0
0
0
0
0
0
0
0
0
0
0
0
0
0
0
0
0
0
0
0
0
0
0
0
0
0
0
0
0
0
-1.9159
-1.9428
-1.9335
-1.8966
0
0
-1.8707
-1.8151
0
0
0
-1.8509
0
0
0
-1.8651
0
0
0
0
0
0
0
0
0
0
0
0
-1.7408
0
0
0
0
0
0
-1.8214
0
0
0
0
0
0
0
0
0
0
0
0
0
0
0
0
0
0
0
0
0
0
0
0
18.6529
0
0
0
0
0
0
0
0
0
0
0
0
0
0
0
0
0
0
0
0
0
0
0
0
0
0
0
0
0
0
0
0
0
0
0
0
0
0
0
0
0
0
0
0
0
0
0
0
0
0
0
0
0
0
0
0
0
0
-1.2938
0
0
0
0
0
0
0
0
0
0
0
0
0
0
0
0
0
0
0
0
0
0
0
0
0
0
0
0
0
0
0
0
0
0
0
0
0
0
0
0
0
0
0
0
0
0
0
0
-1.3247
0
0
0
-1.1668
0
0
-1.3103
0
0
0
24.8816
0
0
0
0
-2.4583
0
-2.8669
0
0
-2.8842
0
0
0
0
0
0
0
0
-3.4348
0
0
0
0
0
0
0
0
0
0
0
0
-3.8534
0
-4.2883
0
0
0
0
0
0
0
0
0
0
0
0
0
0
0
0
0
0
0
0
0
0
0
0
0
-1.5484
0
-1.6416
0
0
0
0
0
0
0
0
-1.5596
0
0
-1.567
0
0
0
0
0
0
0
0
0
0
0
0
0
0
0
0
0
0
0
0
0
0
-1.4931
0
0
0
0
0
0
0
0
0
0
0
0
0
0
-1.3564
0
0
0
0
0
0
19.4574
0
0
0
0
0
0
0
0
0
0
0
0
0
-2.8582
0
0
0
0
0
0
0
0
0
0
0
-3.7352
0
0
0
0
0
-3.698
0
0
0
0
0
0
0
0
0
0
0
0
0
0
0
0
0
0
0
0
0
0
0
0
-1.7845
0
0
0
0
0
0
0
0
0
0
0
0
0
0
0
0
0
0
0
0
-1.6493
0
0
0
0
0
0
0
0
0
0
0
0
0
0
0
0
0
0
0
0
0
-1.5877
0
0
0
0
0
0
0
0
0
0
0
0
0
0
0
0
0
0
19.8186
0
0
0
0
0
0
-2.9722
-3.1052
0
0
0
0
0
0
0
0
0
0
0
0
0
0
0
0
0
0
0
-0.96429
0
0
0
0
0
0
0
0
0
0
-3.3478
0
0
0
0
0
0
0
-4.4076
0
0
0
0
0
0
0
0
0
0
0
0
-2.3577
0
0
0
0
0
0
0
0
0
0
0
0
0
0
0
0
0
0
0
0
0
0
0
0
0
0
0
0
0
-2.2666
0
0
0
0
0
-2.187
0
0
0
0
0
0
0
0
0
-2.138
0
0
0
0
0
0
0
0
0
0
0
0
16.9473
0
0
0
0
-3.2985
0
0
0
0
0
0
0
0
0
0
0
0
0
0
0
0
0
0
0
0
0
0
0
0
0
0
0
0
0
0
0
0
0
0
0
0
0
0
0
0
0
-4.6994
0
0
0
0
0
0
0
0
-2.6978
0
0
0
0
0
0
0
0
0
0
0
0
0
0
0
0
0
0
0
0
0
0
0
0
0
0
0
0
0
-2.4853
0
0
0
0
-2.596
0
0
0
0
0
0
0
0
0
0
0
0
0
0
-2.4464
0
0
0
0
0
-2.5352
-2.5615
0
0
0
0
0
15.3222
0
0
0
0
0
0
0
0
0
0
0
0
0
0
0
0
0
0
0
0
0
0
0
0
0
0
0
0
0
0
0
0
0
0
0
0
0
0
0
0
0
0
0
0
0
0
0
0
0
0
0
0
-2.4153
0
0
0
0
0
0
0
0
0
0
0
0
0
0
0
0
0
0
0
0
0
-2.3105
0
0
0
0
0
0
0
0
0
0
0
0
0
0
0
0
0
0
0
0
0
0
0
0
0
0
0
0
0
0
0
0
0
0
0
0
0
0
-2.4583
0
0
0
0
15.5655
0
0
0
0
0
0
0
0
0
0
-2.8726
-2.7765
0
0
-2.7324
0
0
0
0
0
0
0
0
0
0
0
0
0
0
0
0
0
0
0
0
0
0
0
0
0
0
0
0
0
0
0
0
0
0
0
0
0
0
0
0
0
0
0
0
0
0
0
0
0
0
0
0
0
0
0
0
0
-1.8373
0
0
0
0
0
0
0
0
0
0
0
0
0
0
-1.7118
0
0
0
0
0
0
0
0
0
0
0
0
0
0
0
-1.7815
0
0
0
0
0
0
0
0
0
0
0
0
0
0
16.4485
0
0
0
0
0
0
0
0
0
0
-2.9926
0
0
0
0
0
0
0
0
-3.7496
0
0
0
0
0
0
0
0
0
-4.3758
0
0
0
0
0
0
0
0
0
0
0
0
0
0
0
0
0
0
0
0
0
0
0
0
-2.9842
0
0
0
0
0
0
0
0
0
0
0
0
0
0
0
0
0
0
0
0
0
0
0
-2.7695
0
0
0
0
0
0
0
0
0
0
0
-2.7027
0
0
0
0
0
0
0
0
0
0
0
0
0
0
0
0
0
0
0
0
-2.8669
0
0
0
0
0
0
14.7753
0
0
0
0
0
0
0
0
0
0
-3.452
0
0
0
0
0
0
0
0
0
0
0
0
0
0
0
0
0
0
0
0
0
0
0
0
0
0
0
0
0
0
0
0
0
0
0
0
0
0
0
0
0
0
0
0
0
0
0
0
0
0
0
0
-2.629
0
0
0
0
0
0
0
0
0
0
0
0
0
0
0
0
0
0
0
0
0
0
0
0
0
0
0
0
0
-2.5072
0
0
0
0
0
0
0
0
0
0
0
0
0
0
0
0
0
0
0
-3.2985
0
0
0
0
16.6942
0
0
0
0
0
0
0
0
0
0
0
0
-3.8742
0
0
0
0
0
0
0
0
0
0
0
-4.3853
0
0
0
0
0
0
0
0
0
0
0
0
0
0
0
0
0
0
0
0
0
0
0
0
0
0
0
-2.5948
0
0
0
0
0
0
0
0
0
0
0
0
-2.4791
0
0
0
0
0
0
0
0
0
0
0
0
0
0
0
0
0
0
0
0
0
0
0
0
0
0
0
0
0
0
0
0
0
0
0
0
0
0
0
0
0
-2.6255
0
0
0
-2.9722
0
0
0
0
0
0
14.4406
0
0
0
0
0
0
0
0
0
0
0
0
0
0
0
0
0
0
0
0
0
-3.769
0
0
0
0
0
0
0
0
0
0
0
0
0
0
0
0
0
0
0
0
0
0
0
0
0
0
0
0
0
0
0
0
0
0
-2.9682
0
0
0
0
0
0
0
0
0
0
0
0
0
0
0
0
0
0
0
0
0
0
0
0
0
0
0
0
0
0
0
0
0
0
0
0
0
0
0
0
0
0
0
0
0
-2.439
0
0
0
0
0
-2.8842
0
-3.1052
0
0
0
0
0
0
0
14.9013
0
0
0
0
0
0
0
0
0
0
0
0
-3.5047
0
0
0
0
0
0
0
0
0
0
0
0
0
0
0
0
0
0
0
0
0
0
0
0
0
0
0
0
0
0
0
0
0
0
0
-2.3173
-2.282
0
0
0
0
0
0
0
0
0
0
0
0
0
0
0
0
0
0
0
0
0
0
0
0
0
0
0
0
0
0
0
0
0
0
0
0
0
0
0
0
0
0
0
0
0
0
0
0
0
0
-1.9361
-1.9149
0
0
0
0
0
0
0
0
0
0
0
0
0
0
0
0
12.496
0
0
0
0
0
0
0
0
0
0
0
0
0
0
0
0
0
0
0
0
0
0
0
0
0
0
0
0
0
0
0
0
0
0
-4.0457
0
0
0
0
0
0
0
0
0
0
0
0
0
0
0
0
0
0
0
0
0
0
0
0
-2.9406
0
0
0
0
0
0
0
-2.951
0
0
0
0
0
0
0
0
0
0
0
0
0
-2.7909
0
0
0
0
-2.8145
0
0
0
0
0
0
0
0
0
0
0
0
-2.5513
0
0
0
0
0
0
0
0
0
0
0
0
0
0
0
0
0
0
14.0483
0
0
0
0
0
0
0
0
0
0
0
0
0
0
0
0
0
0
0
0
0
0
0
0
0
0
0
0
0
0
0
0
0
0
0
0
0
0
0
0
0
0
0
0
0
-2.0914
0
0
0
0
0
0
0
0
0
0
0
0
0
0
0
0
0
0
0
0
0
0
0
0
0
0
0
0
0
0
0
0
0
0
0
0
0
0
0
0
0
0
0
0
0
0
0
0
0
0
0
0
0
0
0
0
0
0
0
0
0
0
0
0
0
0
0
0
0
0
0
0
14.7648
0
0
0
0
0
0
0
0
0
-3.4239
0
0
0
0
0
0
0
0
-3.9011
0
0
0
0
0
0
0
0
0
0
0
0
0
0
0
0
0
0
0
0
0
-5.3484
0
0
0
0
0
0
-3.4173
0
0
0
0
0
0
0
0
0
0
0
0
0
0
0
0
0
0
0
0
0
0
0
0
0
0
0
0
0
0
0
0
0
0
-3.135
0
0
0
0
0
-3.0854
0
0
0
0
0
0
0
0
0
0
0
0
0
0
0
0
0
0
0
0
0
0
0
0
0
0
0
0
0
14.0263
0
0
0
0
0
0
0
0
0
0
0
0
-4.3887
0
0
0
0
0
0
0
0
0
0
0
0
0
0
0
0
0
0
0
0
0
0
0
0
0
0
0
0
0
0
0
0
0
0
0
0
0
0
0
0
0
0
0
0
0
0
0
0
0
0
0
0
0
0
0
0
0
0
0
0
0
0
0
0
0
0
0
0
0
0
0
0
0
0
0
0
0
-2.3955
0
0
0
0
0
0
0
0
0
0
0
0
0
-2.8582
0
0
0
0
0
0
0
0
0
0
0
0
0
12.0209
0
0
0
0
0
0
0
0
0
0
0
0
0
0
-2.7296
-4.0375
0
0
0
0
0
0
0
0
0
0
0
0
0
0
0
0
0
0
0
0
0
0
0
0
0
0
0
0
0
0
0
0
0
0
0
0
0
0
0
0
0
0
-1.864
0
0
0
0
0
0
0
0
0
0
0
0
0
0
0
0
0
0
0
0
0
0
0
0
0
0
0
0
0
0
0
0
0
0
0
0
0
0
0
0
0
0
0
0
0
0
0
0
-2.8726
0
0
0
0
0
0
0
0
0
0
14.029
0
0
0
0
0
0
0
0
0
0
0
0
-3.8095
0
0
0
0
0
0
0
0
0
0
0
0
0
0
0
0
0
0
0
0
0
0
0
0
0
0
-5.483
0
0
0
0
0
0
0
0
0
0
0
0
0
0
0
0
0
0
0
0
0
0
0
0
0
0
0
0
0
0
0
0
0
0
0
0
0
0
0
0
0
0
0
0
0
0
0
-2.0549
0
0
0
0
0
0
0
0
0
0
0
0
0
0
0
0
0
0
-2.7765
-2.9926
0
0
0
0
0
0
0
0
0
0
12.8057
0
0
0
0
0
0
0
0
0
0
0
0
0
0
0
0
0
0
0
0
0
0
-4.9816
0
0
0
0
0
0
0
0
0
0
0
0
0
0
0
0
0
0
0
0
0
0
-3.6638
0
-3.6784
0
0
0
0
0
0
0
0
0
0
0
0
0
0
0
0
0
0
0
0
0
0
0
0
0
0
0
0
0
0
0
0
0
0
0
0
0
0
0
0
0
0
0
0
0
0
0
0
0
0
0
0
0
0
0
0
0
0
0
-3.452
0
0
0
0
0
0
0
0
0
0
14.3195
0
0
0
0
0
-3.5253
0
0
0
0
0
0
0
0
0
0
0
0
0
0
0
0
0
0
0
0
0
0
0
0
0
0
0
0
0
0
0
0
0
0
0
0
0
0
0
0
0
0
-3.8464
0
0
0
0
0
0
0
0
0
0
0
0
0
0
0
0
0
0
0
0
0
0
0
0
0
0
0
0
0
0
0
0
0
0
0
-3.5873
0
0
0
0
0
0
-3.3331
0
0
0
0
0
0
0
-3.4348
0
0
0
0
0
0
0
0
0
0
0
0
0
0
0
0
0
0
14.2016
0
0
0
0
0
0
0
0
0
0
0
0
0
0
0
0
0
0
0
0
0
0
0
0
0
0
0
0
0
0
0
0
0
0
0
0
0
0
0
0
0
0
0
0
0
0
0
0
0
0
0
0
0
0
0
0
0
0
0
0
-2.2341
0
0
0
0
0
0
0
0
0
0
0
0
0
0
0
0
0
0
0
0
0
0
0
0
0
0
0
-2.0862
0
0
0
0
0
0
0
0
0
0
0
0
0
0
-2.7324
0
0
0
0
0
0
0
0
0
0
0
0
0
0
12.0938
0
0
0
0
0
0
0
0
0
0
0
0
0
0
0
0
0
0
0
0
0
-5.0412
0
0
0
0
0
0
0
0
0
0
0
0
0
0
0
0
0
0
0
0
0
0
0
0
0
0
0
0
0
0
0
-3.3376
0
0
0
0
0
0
0
0
0
0
0
0
0
0
0
0
0
0
0
0
0
0
0
0
0
0
0
0
-3.1749
0
0
0
0
0
0
0
0
0
0
0
0
0
0
0
0
0
0
0
0
0
0
-3.8742
0
0
0
0
0
0
0
0
0
0
0
0
14.418
-4.0312
0
0
0
0
0
0
0
0
0
0
0
0
0
0
0
0
0
0
0
0
0
0
0
0
0
0
0
0
0
0
0
0
0
0
0
0
0
0
0
0
0
0
0
0
0
0
0
0
-3.0303
0
0
0
0
0
0
0
0
0
0
0
0
0
0
0
0
0
0
0
0
0
0
0
0
0
0
0
0
0
0
-2.8643
0
0
0
0
0
0
0
0
0
0
0
0
0
0
0
0
0
0
0
0
0
0
0
0
0
0
0
0
0
0
0
0
0
0
0
0
-4.0312
15.1848
0
0
0
0
0
0
0
0
0
0
0
0
0
0
0
0
0
0
0
0
0
0
0
0
0
0
-5.259
0
0
0
0
0
0
0
0
0
0
0
0
0
0
0
-3.4363
0
0
0
0
0
0
0
0
-3.3285
0
0
0
0
0
0
0
0
0
0
0
0
0
0
0
0
0
0
0
0
0
0
0
0
0
0
0
0
0
0
0
0
0
0
0
0
0
0
0
0
0
0
0
0
0
0
0
0
0
0
0
0
0
-3.5047
0
0
-3.4239
0
0
0
0
0
0
0
0
0
13.6933
0
0
0
0
0
0
0
0
0
0
0
0
0
0
0
0
0
0
0
0
0
0
0
0
0
0
0
0
0
0
0
0
0
0
0
0
0
0
0
0
0
0
-3.6068
0
0
0
0
0
0
0
0
0
0
0
0
0
0
0
0
0
0
0
0
0
0
0
0
0
0
0
0
0
0
0
0
0
0
0
0
-3.3171
-3.2223
0
0
0
0
0
0
0
0
0
0
0
0
0
0
0
0
0
0
0
0
0
0
0
0
0
0
0
0
0
0
0
-3.5253
0
0
0
0
0
13.6716
0
0
0
0
0
0
0
0
0
0
0
0
0
0
0
0
0
0
0
0
0
0
0
0
0
0
0
0
0
0
0
0
0
0
0
0
0
0
0
0
0
0
-4.3486
0
0
0
0
0
-4.2978
0
0
0
0
0
0
0
0
0
0
0
0
0
0
0
0
0
0
0
0
0
0
0
0
0
0
0
0
0
0
0
0
0
0
0
0
0
0
-3.4447
0
0
0
0
0
0
0
0
0
0
0
0
0
0
0
0
0
0
0
0
0
0
0
0
0
0
0
0
0
0
12.0912
0
0
0
0
0
0
0
0
0
0
0
0
0
0
0
0
0
0
0
0
0
0
0
0
0
0
0
0
0
0
0
0
0
-3.9545
0
0
-3.9323
0
0
0
0
0
0
0
0
0
0
0
0
0
0
0
0
0
0
0
0
0
0
0
0
0
0
0
0
0
0
0
0
0
0
0
0
0
0
0
0
0
0
0
0
0
0
0
0
0
0
0
0
0
0
0
0
0
0
0
0
0
-3.7496
0
0
0
0
0
0
0
0
0
0
0
0
0
0
0
0
0
0
0
11.6364
0
0
0
0
0
0
0
0
0
0
0
0
0
0
0
0
0
0
0
0
0
0
0
0
0
0
0
0
0
0
0
0
0
0
0
0
0
0
0
0
0
0
0
0
0
0
0
0
0
0
0
0
0
0
0
0
0
0
0
0
0
0
0
0
-4.0357
0
0
0
0
0
0
0
0
0
0
0
0
0
0
0
0
0
0
0
0
0
0
0
0
0
0
0
-3.7352
0
0
0
0
0
0
0
0
0
0
0
0
-4.3887
0
0
0
0
0
0
0
0
0
0
0
0
12.1596
0
0
0
0
0
0
0
0
0
0
0
0
0
0
0
0
0
0
0
0
0
0
0
0
0
0
0
0
0
0
0
0
0
0
0
0
0
-4.4031
0
0
-4.3756
0
0
0
0
0
0
0
0
0
0
0
0
0
0
0
0
0
0
0
0
0
0
0
0
0
0
-4.0041
0
0
0
0
0
0
0
0
0
0
0
0
0
0
0
0
0
0
0
0
0
0
0
0
0
0
0
0
0
0
0
0
0
0
0
0
0
0
0
0
0
0
0
0
0
0
0
0
0
0
12.7828
0
0
0
0
0
0
0
0
0
0
0
0
0
0
0
0
0
0
0
0
0
0
0
0
0
0
0
0
0
0
0
0
0
0
0
0
0
0
0
0
-3.6647
0
0
0
0
0
0
0
0
0
0
0
0
0
0
0
0
0
0
0
0
0
0
0
0
0
0
0
0
0
0
0
0
0
0
0
0
0
0
0
0
0
0
0
0
0
0
0
0
0
0
0
0
0
0
0
0
0
0
0
0
0
0
0
0
-3.8095
0
0
0
0
0
0
0
0
0
0
0
0
11.9381
0
0
0
0
0
0
0
0
0
-4.4639
0
0
0
0
0
0
0
0
0
0
0
0
0
0
0
0
0
0
0
0
0
0
0
0
0
0
0
0
0
0
0
0
0
0
0
0
0
0
0
0
0
0
0
0
0
0
0
0
0
0
0
0
0
0
0
0
0
0
0
0
0
0
0
0
0
0
0
0
0
0
0
0
0
0
0
0
0
0
0
0
-0.96429
0
0
0
0
0
0
0
0
0
0
0
0
-2.7296
0
0
0
0
0
0
0
0
0
0
0
0
0
0
9.1679
0
0
0
0
0
0
0
0
0
0
0
0
0
0
0
0
0
0
0
0
0
0
-5.474
0
0
0
0
0
0
0
0
-3.1867
0
0
0
0
0
0
0
0
0
0
0
0
0
0
0
0
0
0
0
0
0
0
0
0
0
0
0
0
0
0
0
0
0
0
0
0
0
0
0
0
0
0
0
0
0
0
0
0
0
0
0
0
0
0
0
0
0
0
0
0
0
0
0
0
-3.769
0
0
0
0
0
-4.0375
0
0
0
0
0
0
0
0
0
0
0
0
0
0
0
10.9932
0
0
0
0
0
0
0
0
0
0
0
0
0
0
0
0
0
0
0
0
0
0
0
0
0
0
0
0
0
0
0
0
0
0
0
0
0
0
0
0
0
0
0
0
0
0
0
-4.1588
0
0
0
0
0
0
0
0
0
0
0
0
0
0
0
0
0
0
0
0
0
0
0
0
0
0
0
0
0
0
0
0
0
0
0
0
0
0
-3.8534
0
0
0
0
0
0
0
0
0
0
0
0
-3.9011
0
0
0
0
0
0
0
0
0
0
0
0
0
0
0
0
0
0
11.9133
0
0
0
0
0
0
0
0
0
0
0
0
0
0
0
0
0
0
0
0
0
0
0
0
0
0
0
-4.1443
0
0
0
0
0
0
0
0
0
0
0
0
0
0
0
0
0
0
0
0
0
0
0
0
0
0
0
0
0
0
0
0
0
0
0
0
0
0
0
0
0
0
0
0
0
0
0
0
0
0
0
0
0
0
0
0
0
0
-3.698
0
0
0
0
0
0
-4.3853
0
0
0
0
0
0
0
0
0
0
0
0
0
0
0
0
0
0
0
0
0
0
0
0
12.2276
0
0
0
0
0
0
0
0
0
0
0
0
0
0
0
0
0
0
0
0
0
0
0
0
-4.4447
0
0
0
0
0
0
0
0
0
0
0
0
0
0
0
0
0
0
0
0
0
0
0
0
0
0
0
0
0
0
0
0
0
0
0
0
0
0
0
0
0
0
0
0
0
0
0
0
0
0
0
0
0
0
0
0
0
0
0
-4.2883
0
0
0
0
0
0
0
0
0
0
0
0
0
0
0
0
0
0
0
0
0
0
0
0
0
0
0
0
0
0
0
0
0
8.7331
0
0
0
0
0
0
0
0
0
0
0
0
0
0
0
0
0
0
0
0
0
0
0
0
0
0
0
0
0
0
0
-5.4205
0
0
-5.3692
0
0
0
0
0
0
0
0
0
0
0
0
0
0
0
0
0
0
0
0
0
0
0
0
0
0
0
0
0
0
0
0
0
0
0
0
0
0
0
0
0
0
0
0
0
0
0
0
0
0
0
0
0
0
0
0
0
0
0
0
0
0
0
0
0
0
0
0
0
0
0
0
0
0
0
0
0
0
0
0
0
0
0
10.7897
0
0
0
0
0
0
0
0
0
0
0
0
0
0
0
0
0
0
0
0
0
0
0
0
0
0
0
0
0
0
0
0
0
0
0
0
0
0
0
0
0
0
0
-3.4081
0
0
0
0
0
0
0
0
0
0
0
0
0
0
0
0
0
0
0
0
0
0
0
0
0
0
0
0
0
0
0
0
0
0
0
0
0
0
0
0
0
0
0
0
-4.3758
0
0
0
0
0
0
0
0
0
0
0
0
0
0
0
0
0
0
0
0
0
0
0
0
0
0
0
0
0
7.7839
0
0
0
0
0
0
0
0
0
0
0
0
0
0
0
0
0
0
0
0
-3.8298
0
0
0
0
0
0
0
0
0
0
0
0
0
0
0
0
0
0
0
0
0
0
0
0
0
0
0
0
0
0
0
0
0
0
0
0
0
0
0
0
0
0
0
0
0
0
0
0
0
0
0
0
0
-3.2724
0
0
0
0
0
0
0
0
0
0
0
0
0
0
0
0
0
0
0
0
0
0
0
0
0
0
0
0
0
0
0
0
0
0
0
0
0
0
0
0
0
0
0
7.1021
0
0
0
0
0
0
0
0
0
0
0
0
0
0
0
0
0
0
0
0
0
0
0
0
0
0
-4.3647
0
0
0
0
0
0
0
0
0
0
0
0
0
0
0
0
0
0
0
0
0
-4.268
0
0
0
0
0
0
0
0
0
0
0
0
0
0
0
0
0
0
0
0
0
0
0
0
0
0
0
0
0
0
0
0
0
0
0
0
0
0
0
0
0
0
0
0
0
0
0
0
0
0
0
0
0
0
0
0
0
0
0
0
0
0
0
0
0
0
0
0
0
8.6326
0
0
0
0
0
0
0
0
0
0
0
0
0
0
0
0
0
0
0
0
0
0
0
0
0
0
0
0
0
0
0
0
0
0
0
0
0
0
0
0
0
0
0
0
0
0
0
0
0
0
0
0
0
0
0
0
0
0
0
0
0
0
0
0
0
0
0
0
0
0
0
0
0
0
0
0
0
0
0
0
0
0
0
0
0
0
0
0
0
0
0
0
0
0
0
0
0
0
0
0
0
0
0
0
0
0
0
0
-4.4639
0
0
0
0
0
0
0
0
0
10.4247
0
-5.9608
0
0
0
0
0
0
0
0
0
0
0
0
0
0
0
0
0
0
0
0
0
0
0
0
0
0
0
0
0
0
0
0
0
0
0
0
0
0
0
0
0
0
0
0
0
0
0
0
0
0
0
0
0
-2.1474
0
0
0
0
0
0
0
0
0
0
0
0
0
0
0
0
0
0
0
0
0
0
0
0
0
0
0
0
0
0
0
0
0
0
0
0
0
0
0
-4.9816
0
0
0
0
0
0
0
0
0
0
0
0
0
0
0
0
0
0
0
0
0
0
7.1291
0
0
0
0
0
0
0
0
0
0
0
0
0
0
0
0
0
0
0
0
0
0
0
0
0
0
0
0
0
0
0
0
0
0
0
0
0
0
0
0
0
0
0
0
0
0
0
0
0
0
0
0
0
0
0
0
0
0
0
0
0
0
0
0
0
0
0
0
0
0
0
0
0
0
0
0
0
0
0
-3.3478
0
0
0
0
0
0
0
0
0
0
0
0
0
0
0
0
0
0
0
0
0
0
0
0
0
0
0
0
0
0
0
0
0
0
0
0
-5.9608
0
9.3086
0
0
0
0
0
0
0
0
0
0
0
0
0
0
0
0
0
0
0
0
0
0
0
0
0
0
0
0
0
0
0
0
-1.2826
0
0
0
0
0
0
0
0
0
0
0
0
0
0
0
0
0
0
0
0
0
0
0
0
0
0
0
0
0
0
0
0
0
0
0
0
0
0
0
0
0
0
0
0
0
0
0
0
0
0
0
0
0
0
0
0
0
0
0
0
0
0
0
-5.0412
0
0
0
0
0
0
0
0
0
0
0
0
0
0
0
0
0
0
0
0
0
6.3238
0
0
0
0
0
0
0
0
0
0
0
0
0
0
0
0
0
0
0
0
0
0
0
0
0
0
0
0
0
0
0
0
0
0
0
0
0
-2.3507
0
0
0
0
0
0
0
0
0
0
0
0
0
0
0
0
0
0
0
0
0
0
0
-2.2133
0
0
0
0
0
0
0
0
0
0
0
0
0
0
0
0
0
0
0
0
0
0
0
0
0
0
0
0
0
0
0
0
0
0
0
0
0
0
0
0
0
0
0
0
0
0
0
0
0
0
0
0
0
0
0
0
4.5639
0
0
0
0
0
0
0
0
0
0
0
0
0
0
0
0
0
0
0
0
0
0
0
0
0
0
-3.9709
0
0
0
0
0
0
0
0
0
0
0
0
0
0
0
0
0
0
0
0
0
0
0
0
0
0
0
0
0
0
0
0
-3.7647
0
0
0
0
0
0
0
0
0
0
0
0
0
0
0
0
0
0
0
0
0
0
0
0
0
0
0
0
0
0
0
0
0
0
0
0
0
0
0
0
0
0
0
0
0
0
0
0
0
0
0
0
0
0
0
0
0
0
7.7356
0
0
0
0
0
0
0
0
0
0
0
0
0
0
0
0
0
0
-4.2602
0
0
0
0
0
0
0
0
0
0
0
0
0
0
0
0
0
0
0
0
0
0
0
0
0
0
-4.0238
0
0
0
0
0
0
0
0
0
0
0
0
0
0
0
0
0
0
0
0
0
0
0
0
0
0
0
0
0
0
0
0
0
0
0
0
0
0
0
0
0
0
0
0
0
0
0
0
0
0
0
0
0
0
0
0
0
0
0
0
0
0
0
0
0
0
0
0
0
0
0
0
8.2841
0
0
0
0
0
0
0
0
0
0
0
0
0
0
0
-1.9281
0
0
0
0
0
0
0
0
0
0
0
0
0
0
0
0
0
0
0
0
0
0
0
0
0
0
0
0
0
0
0
0
0
0
0
0
0
0
0
0
0
0
0
0
0
0
0
0
0
0
0
0
0
0
0
0
0
0
0
0
0
0
0
0
0
0
0
-4.0457
0
0
0
0
0
0
0
0
0
0
0
0
0
0
0
0
0
0
0
0
0
0
0
0
0
0
0
0
0
0
0
0
0
0
5.9739
0
0
0
0
0
0
0
0
0
0
0
0
0
0
0
0
0
0
0
0
0
0
0
0
0
0
0
0
0
0
0
0
0
0
0
0
-4.4421
0
0
0
0
0
0
0
0
0
0
0
0
-4.3062
0
0
0
0
0
0
0
0
0
0
0
0
0
0
0
0
0
0
0
0
0
0
0
0
0
0
0
0
0
0
0
0
0
0
0
0
0
0
0
0
0
0
0
0
0
0
0
0
0
0
0
0
0
0
0
0
0
0
0
0
0
0
0
0
0
0
0
0
8.7484
0
0
0
0
0
0
0
0
0
-4.7194
0
0
0
0
0
0
0
0
0
0
0
0
0
0
0
0
0
0
0
0
0
0
0
0
0
0
0
0
0
0
0
0
0
0
0
0
-4.4592
0
0
0
0
0
0
0
0
0
0
0
0
0
0
0
0
0
0
0
0
0
0
0
0
0
0
0
0
0
0
0
0
0
0
0
0
0
0
0
0
0
0
0
0
0
0
0
0
0
0
0
0
0
0
0
0
0
0
0
0
0
0
0
0
0
0
0
0
0
0
0
9.1785
0
0
0
0
0
0
0
0
0
0
0
0
0
0
0
0
0
0
0
0
0
0
0
0
0
0
0
0
0
0
0
0
0
0
0
0
0
0
0
0
0
0
0
0
0
0
0
0
0
0
0
0
0
0
0
0
0
0
0
0
0
0
0
0
0
0
0
0
0
0
0
-4.4076
0
0
0
0
0
0
0
0
0
0
0
0
0
0
0
0
0
0
0
-5.259
0
0
0
0
0
0
0
0
0
0
0
0
0
0
0
0
0
0
0
0
0
0
0
0
0
0
9.6666
0
0
0
0
0
0
0
-4.4163
0
0
0
0
0
0
0
0
0
0
0
0
0
0
0
0
0
0
0
0
0
0
0
0
0
0
0
0
0
0
0
0
0
0
0
0
0
0
0
0
0
0
0
0
0
0
0
0
0
0
0
0
0
0
0
0
0
0
0
0
0
0
0
-4.6994
0
0
0
0
0
0
0
0
0
0
0
0
0
0
0
0
0
0
0
0
0
0
0
0
0
0
0
0
0
0
0
0
0
0
0
0
0
0
0
0
0
0
0
0
0
0
9.1158
0
0
0
0
0
0
0
0
0
0
0
-5.2732
0
0
0
0
0
0
0
0
0
0
0
0
0
0
0
0
0
0
0
0
0
-5.0286
0
0
0
0
0
0
0
0
0
0
0
0
0
0
0
0
0
0
0
0
0
0
0
0
0
0
0
0
0
0
0
0
0
0
0
0
0
0
0
0
0
0
0
0
0
0
0
0
0
0
0
0
0
0
0
0
0
0
0
0
0
0
0
0
0
0
0
0
0
0
0
0
0
0
0
0
0
0
0
0
0
0
0
0
10.3018
0
0
0
0
0
0
0
0
0
0
0
0
0
0
0
0
0
0
0
0
0
0
0
0
0
0
0
0
0
0
0
0
0
0
0
0
0
0
0
0
0
0
-5.409
0
0
0
0
0
0
0
0
0
0
0
0
0
0
0
0
0
0
0
0
0
0
0
0
0
0
0
0
0
0
0
0
0
0
0
0
0
0
0
0
0
0
0
0
0
0
0
0
0
0
0
0
0
0
0
0
0
0
0
0
0
0
0
0
0
0
0
0
0
0
0
0
0
0
0
5.409
0
0
0
0
0
0
0
0
0
0
0
0
0
0
0
0
0
0
0
0
0
0
0
0
0
0
0
0
0
0
0
0
0
0
0
0
0
0
0
0
0
0
0
0
0
0
0
0
0
0
0
0
0
0
0
0
0
0
0
0
0
0
0
0
0
0
0
0
0
0
0
0
0
0
0
0
0
0
0
0
0
0
0
0
0
0
0
0
0
0
0
0
0
0
0
-5.474
0
0
0
0
0
0
0
0
0
0
0
0
0
0
0
0
0
0
0
0
0
0
5.474
0
0
0
0
0
0
0
0
0
0
0
0
0
0
0
0
0
0
0
0
0
0
0
0
0
0
0
0
0
0
0
0
0
0
0
0
0
0
0
0
0
0
0
0
0
0
0
0
0
0
0
0
0
0
0
0
0
0
0
0
0
0
0
0
0
0
0
0
0
0
0
0
0
0
0
0
0
-5.3484
0
0
0
0
0
0
0
0
0
0
0
0
0
0
0
0
0
0
0
0
0
0
0
0
0
0
0
0
0
0
0
0
0
0
0
0
0
0
0
0
5.3484
0
0
0
0
0
0
0
0
0
0
0
0
0
0
0
0
0
0
0
0
0
0
0
0
0
0
0
0
0
0
0
0
0
0
0
0
0
-5.9964
0
0
0
0
0
0
0
0
0
0
0
0
0
0
0
0
0
0
0
0
0
0
0
0
0
0
0
0
0
0
0
0
0
0
0
0
0
0
0
0
0
0
0
0
0
0
0
0
0
0
0
0
0
0
0
0
0
0
0
0
0
0
0
0
0
0
0
0
0
0
0
0
0
0
0
0
0
0
0
0
5.9964
0
0
0
0
0
0
0
0
0
0
0
0
0
0
0
0
0
0
0
0
0
0
0
0
0
0
0
0
0
0
0
0
0
0
0
0
0
0
0
0
0
0
0
0
0
0
0
0
0
0
0
0
0
0
0
0
0
0
0
0
0
0
0
0
0
0
0
0
0
0
0
0
0
0
0
0
0
0
-5.483
0
0
0
0
0
0
0
0
0
0
0
0
0
0
0
0
0
0
0
0
0
0
0
0
0
0
0
0
0
0
0
0
0
0
0
0
0
0
0
5.483
