1
0.96676
0.96314
0.95691
0.95576
0.95282
0.94994
0.94706
0.9451
0.94376
0.94223
0.93932
0.93718
0.93595
0.93413
0.93187
0.93
0.92836
0.9269
0.92499
0.92354
0.92228
0.92178
0.92171
0.92234
0.92328
0.92463
0.92582
0.92706
0.92799
0.92901
0.92984
0.93081
0.93165
0.93259
0.93338
0.93418
0.93485
0.9355
0.93607
0.93664
0.93716
0.93767
0.93816
0.93864
0.9391
0.93955
0.93996
0.94034
0.9407
0.94102
0.94132
0.9416
0.94186
0.94212
0.94237
0.94262
0.94289
0.94317
0.94345
0.94374
0.94402
0.94427
0.94447
0.9446
0.94467
0.94467
0.94459
0.94442
0.94418
0.94387
0.94348
0.94302
0.9425
0.94192
0.94129
0.94063
0.93994
0.93924
0.93856
0.93789
0.93728
0.93672
0.93624
0.93584
0.93553
0.93532
0.93521
0.93518
0.93523
0.93534
0.93549
0.93567
0.93586
0.93605
0.93625
0.93645
0.93665
0.93686
0.93708
0.93731
0.93756
0.93782
0.9381
0.93839
0.9387
0.93902
0.93936
0.93971
0.94008
0.94047
0.94087
0.94131
0.94176
0.94225
0.94277
0.94331
0.94388
0.94447
0.94509
0.94574
0.9464
0.9471
0.94781
