70.9452
-0.73681
-0.68656
-0.6988
-0.67547
-0.75294
-0.69231
-0.71059
-0.67166
-0.65677
-0.72443
-0.6572
-0.75085
-0.69759
-0.73285
-0.71233
-0.732
-0.72936
-0.72913
-0.6967
-0.7046
-0.69467
-0.70961
-0.79915
-0.77301
-0.70864
-0.69652
-0.79744
-0.68538
-0.7115
-0.70338
-0.77824
-0.70365
-0.70766
-0.70765
-0.71902
-0.72523
-0.72524
-0.80548
-0.76261
-0.763
-0.78301
-0.81585
-0.83109
-0.82009
-0.83311
-0.94149
-0.94624
-0.90245
-0.92472
-0.95322
-0.99524
-1.1981
-1.0904
-1.2798
-1.1143
-1.2225
-1.2177
-1.3496
-1.2706
-1.1991
-1.1177
-1.1605
-0.98078
-1.5375
0
0
0
-3.4087
0
0
0
0
0
0
0
0
0
0
0
0
0
0
0
0
0
0
0
0
0
0
0
-5.29
0
0
0
0
0
0
0
0
0
0
0
0
0
0
0
0
0
0
0
0
-7.9354
0
0
0
0
0
0
-0.73681
65.787
-0.69345
-0.69548
-0.67202
-0.75632
-0.68896
-0.70728
-0.66818
-0.65292
-0.7256
-0.65297
-0.74777
-0.69694
-0.73198
-0.71143
-0.73083
-0.72618
-0.72595
-0.69054
-0.70133
-0.69135
-0.70686
-0.79618
-0.77041
-0.7052
-0.69308
-0.79289
-0.68217
-0.70883
-0.69885
-0.77346
-0.70022
-0.70423
-0.70427
-0.71449
-0.72181
-0.72181
-0.80003
-0.75916
-0.75955
-0.77949
-0.81239
-0.82717
-0.8148
-0.83245
-0.938
-0.9427
-0.90089
-0.92527
-0.95217
-0.99797
-1.1875
-1.0876
-1.2756
-1.1127
-1.2248
-1.1325
-1.3497
-1.2721
-1.1952
-1.1151
-1.1574
-0.98486
-1.5304
0
0
0
0
0
0
0
0
0
0
0
0
0
0
0
-3.7475
0
0
0
0
0
0
0
0
0
0
0
0
0
0
0
0
0
0
0
0
0
0
0
0
0
0
0
-7.9729
0
0
0
0
0
0
0
0
0
0
0
-0.68656
-0.69345
55.4419
-0.67213
-0.64713
-0.71025
-0.66516
-0.68449
-0.64307
-0.62387
-0.68919
-0.62347
-0.71521
-0.66229
-0.69521
-0.67726
-0.69616
-0.69358
-0.69335
-0.66073
-0.66915
-0.65938
-0.67363
-0.75915
-0.73395
-0.67302
-0.66115
-0.75831
-0.65016
-0.67539
-0.66785
-0.73985
-0.66794
-0.67191
-0.67187
-0.68542
-0.68904
-0.68904
-0.76919
-0.72566
-0.72605
-0.74575
-0.77799
-0.79469
-0.78358
-0.79601
-0.90222
-0.90698
-0.86491
-0.88398
-0.91231
-0.95844
-1.1536
-1.0537
-1.2394
-1.0769
-1.183
-1.1717
-1.3122
-1.2297
-1.161
-1.0794
-1.1219
-0.94719
-1.4982
0
0
0
-3.4375
0
0
0
0
0
0
0
0
0
0
0
0
0
0
0
0
0
0
0
0
0
0
0
0
0
0
0
0
0
0
0
0
0
0
0
0
0
0
0
0
0
0
0
0
0
0
0
0
0
0
0
-0.6988
-0.69548
-0.67213
52.0003
-0.61109
-0.71297
-0.63113
-0.65874
-0.60673
-0.61474
-0.69065
-0.61867
-0.71573
-0.67019
-0.69749
-0.68116
-0.69984
-0.69469
-0.69446
-0.66228
-0.67018
-0.66034
-0.67541
-0.76233
-0.74025
-0.67408
-0.66219
-0.76104
-0.65123
-0.67722
-0.66854
-0.74219
-0.66908
-0.67304
-0.67308
-0.68757
-0.69029
-0.69028
-0.77038
-0.727
-0.72739
-0.74709
-0.77957
-0.79723
-0.78511
-0.79967
-0.90415
-0.90892
-0.86828
-0.88556
-0.91453
-0.96317
-1.16
-1.0551
-1.2393
-1.0777
-1.1878
-1.1744
-1.3185
-1.2374
-1.1619
-1.0806
-1.123
-0.95055
-1.5008
0
0
0
0
0
0
0
0
0
0
0
0
0
0
0
0
0
0
0
0
0
0
0
0
0
0
0
0
0
0
0
0
0
0
0
0
0
0
0
0
0
0
0
0
0
0
0
0
0
0
0
0
0
0
0
-0.67547
-0.67202
-0.64713
-0.61109
50.4474
-0.68916
-0.60312
-0.629
-0.57948
-0.5939
-0.66735
-0.59731
-0.69249
-0.64687
-0.67408
-0.6581
-0.67651
-0.67154
-0.67132
-0.63955
-0.64734
-0.63766
-0.65241
-0.738
-0.71591
-0.65117
-0.63946
-0.73675
-0.62864
-0.65419
-0.64566
-0.71821
-0.64623
-0.65016
-0.65019
-0.66439
-0.66714
-0.66713
-0.74594
-0.70339
-0.70377
-0.72323
-0.75523
-0.77256
-0.76071
-0.77499
-0.87859
-0.88332
-0.84302
-0.8601
-0.88886
-0.93708
-1.1326
-1.0284
-1.2113
-1.0507
-1.1602
-1.1468
-1.2902
-1.2094
-1.1344
-1.0537
-1.0958
-0.92459
-1.4721
0
0
0
0
0
0
0
0
0
0
0
0
0
0
0
0
0
0
0
0
0
0
0
0
0
0
0
0
0
0
0
0
0
0
0
0
0
0
0
0
0
0
0
0
0
0
0
0
0
0
0
0
0
0
0
-0.75294
-0.75632
-0.71025
-0.71297
-0.68916
61.5769
-0.70636
-0.72491
-0.68526
-0.66807
-0.74237
-0.66838
-0.76311
-0.71219
-0.74644
-0.72603
-0.74547
-0.74128
-0.74105
-0.70813
-0.71627
-0.70618
-0.72166
-0.8134
-0.78573
-0.7202
-0.70796
-0.81009
-0.69667
-0.7235
-0.71393
-0.78975
-0.71504
-0.71905
-0.71901
-0.73115
-0.73669
-0.73669
-0.81666
-0.77436
-0.77474
-0.7948
-0.82812
-0.84507
-0.83254
-0.84853
-0.9545
-0.95925
-0.91631
-0.93299
-0.9686
-1.0124
-1.2126
-1.1061
-1.2939
-1.1305
-1.2397
-1.2329
-1.368
-1.2906
-1.2143
-1.133
-1.1757
-0.99756
0
0
0
0
0
0
0
0
0
0
0
0
0
0
0
0
0
0
0
0
0
0
0
0
0
0
0
0
0
0
0
0
0
0
0
0
0
0
0
0
0
0
0
0
0
0
0
0
0
0
-7.9595
0
0
0
0
0
-0.69231
-0.68896
-0.66516
-0.63113
-0.60312
-0.70636
51.5675
-0.64987
-0.5988
-0.60871
-0.68419
-0.61261
-0.70923
-0.6638
-0.69098
-0.67474
-0.69335
-0.68824
-0.68801
-0.65593
-0.66381
-0.65402
-0.669
-0.75559
-0.73353
-0.6677
-0.65586
-0.7543
-0.64494
-0.67081
-0.66218
-0.73553
-0.66272
-0.66667
-0.66671
-0.68111
-0.68385
-0.68383
-0.76361
-0.72045
-0.72082
-0.74046
-0.77281
-0.79038
-0.77833
-0.79281
-0.89706
-0.90182
-0.86127
-0.87848
-0.9074
-0.95594
-1.1524
-1.0477
-1.2315
-1.0702
-1.1802
-1.1667
-1.3107
-1.2296
-1.1542
-1.0732
-1.1155
-0.94334
-1.4929
0
0
0
0
0
0
0
0
0
0
0
0
0
0
0
0
0
0
0
0
0
0
0
0
0
0
0
0
0
0
0
0
0
0
0
0
0
0
0
0
0
0
0
0
0
0
0
0
0
0
0
0
0
0
0
-0.71059
-0.70728
-0.68449
-0.65874
-0.629
-0.72491
-0.64987
52.7987
-0.6245
-0.62674
-0.70241
-0.63029
-0.72772
-0.68141
-0.70934
-0.69289
-0.71171
-0.70651
-0.70629
-0.67386
-0.68182
-0.67192
-0.68708
-0.77451
-0.75231
-0.68575
-0.67377
-0.77325
-0.66274
-0.68891
-0.68016
-0.75427
-0.6807
-0.68468
-0.6847
-0.69932
-0.70203
-0.70203
-0.78262
-0.73899
-0.73937
-0.75919
-0.79192
-0.80962
-0.79742
-0.81215
-0.91709
-0.92186
-0.88105
-0.89842
-0.92748
-0.97633
-1.1739
-1.0687
-1.2533
-1.0913
-1.2017
-1.1882
-1.3327
-1.2513
-1.1757
-1.0942
-1.1367
-0.96371
-1.5152
0
0
0
0
0
0
0
0
0
0
0
0
0
0
0
0
0
0
0
0
0
0
0
0
0
0
0
0
0
0
0
0
0
0
0
0
0
0
0
0
0
0
0
0
0
0
0
0
0
0
0
0
0
0
0
-0.67166
-0.66818
-0.64307
-0.60673
-0.57948
-0.68526
-0.5988
-0.6245
50.1943
-0.59076
-0.66353
-0.59394
-0.68873
-0.64291
-0.67028
-0.65434
-0.67271
-0.66777
-0.66754
-0.63584
-0.64362
-0.63395
-0.64865
-0.734
-0.71189
-0.64745
-0.63575
-0.73277
-0.62494
-0.65043
-0.64191
-0.71429
-0.6425
-0.64642
-0.64646
-0.6606
-0.66336
-0.66335
-0.74192
-0.69954
-0.6999
-0.71933
-0.75126
-0.76852
-0.75672
-0.77096
-0.87441
-0.87914
-0.83889
-0.85593
-0.88466
-0.9328
-1.1281
-1.024
-1.2068
-1.0463
-1.1557
-1.1423
-1.2856
-1.2049
-1.1299
-1.0493
-1.0914
-0.92035
-1.4674
0
0
0
0
0
0
0
0
0
0
0
0
0
0
0
0
0
0
0
0
0
0
0
0
0
0
0
0
0
0
0
0
0
0
0
0
0
0
0
0
0
0
0
0
0
0
0
0
0
0
0
0
0
0
0
-0.65677
-0.65292
-0.62387
-0.61474
-0.5939
-0.66807
-0.60871
-0.62674
-0.59076
47.7283
-0.64776
-0.58098
-0.67377
-0.62573
-0.65289
-0.63794
-0.65609
-0.65193
-0.6517
-0.6202
-0.62796
-0.61848
-0.63228
-0.71601
-0.69265
-0.63174
-0.62026
-0.71473
-0.60954
-0.63407
-0.62592
-0.6969
-0.62681
-0.63072
-0.63083
-0.64444
-0.6475
-0.6475
-0.7233
-0.68315
-0.68352
-0.70285
-0.73421
-0.75019
-0.73913
-0.75246
-0.85561
-0.86044
-0.81976
-0.83682
-0.86513
-0.9124
-1.1064
-1.0036
-1.1854
-1.0268
-1.131
-1.1186
-1.2618
-1.181
-1.1094
-1.0297
-1.0712
-0.90061
0
0
0
0
0
0
0
0
0
0
0
0
0
0
0
0
0
0
0
0
0
0
0
0
0
0
0
0
0
0
0
0
0
0
0
0
0
0
0
0
0
0
0
0
0
0
0
0
0
0
0
0
0
0
0
0
-0.72443
-0.7256
-0.68919
-0.69065
-0.66735
-0.74237
-0.68419
-0.70241
-0.66353
-0.64776
59.573
-0.64634
-0.73847
-0.68914
-0.71981
-0.70016
-0.71988
-0.71683
-0.7166
-0.68351
-0.69203
-0.68211
-0.69724
-0.78579
-0.76151
-0.69574
-0.68365
-0.78292
-0.67353
-0.69997
-0.68923
-0.76319
-0.69172
-0.69571
-0.69592
-0.71355
-0.71334
-0.71335
-0.7877
-0.7502
-0.75059
-0.77047
-0.80335
-0.7867
-0.80566
-0.82392
-0.92824
-0.93304
-0.89066
-0.90531
-0.94844
-0.98442
-1.1813
-1.0785
-1.2654
-1.1032
-1.213
-1.2
0
0
-1.1869
-1.1068
-1.149
0
0
0
0
0
0
0
0
0
0
0
0
0
0
0
0
0
0
-3.5559
0
0
0
0
0
0
0
0
0
0
0
0
0
0
0
0
0
0
0
0
-7.5655
0
0
0
0
0
0
0
0
0
0
0
0
0
0
0
0
0
-0.6572
-0.65297
-0.62347
-0.61867
-0.59731
-0.66838
-0.61261
-0.63029
-0.59394
-0.58098
-0.64634
45.5336
-0.67518
-0.62572
-0.65204
-0.63675
-0.65533
-0.65159
-0.65136
-0.61948
-0.62728
-0.61774
-0.63123
-0.71441
-0.68894
-0.63091
-0.61941
-0.713
-0.6086
-0.633
-0.62488
-0.69553
-0.62586
-0.62977
-0.62988
-0.64359
-0.64648
-0.64649
-0.72135
-0.68212
-0.68249
-0.70177
-0.73308
-0.74879
-0.73779
-0.75192
-0.85422
-0.85913
-0.8202
-0.83447
-0.86359
-0.9114
-1.1042
-1.0027
-1.1842
-1.0255
-1.1333
-1.1174
0
-1.1807
-1.1084
-1.0283
-1.07
0
0
0
0
0
0
0
0
0
0
0
0
0
0
0
0
0
0
0
0
0
0
0
0
0
0
0
0
0
0
0
0
0
0
0
0
0
0
0
0
0
0
0
0
0
0
0
0
0
0
0
0
0
0
0
0
0
-0.75085
-0.74777
-0.71521
-0.71573
-0.69249
-0.76311
-0.70923
-0.72772
-0.68873
-0.67377
-0.73847
-0.67518
42.8251
-0.70767
-0.73996
-0.72414
-0.74293
-0.7404
-0.74015
-0.7057
-0.71368
-0.70358
-0.71951
-0.81398
-0.80341
-0.71806
-0.70599
-0.80734
-0.69439
-0.72172
-0.71257
-0.78828
-0.71303
-0.717
-0.71694
-0.73293
-0.73451
-0.73451
-0.81645
-0.7723
-0.77268
-0.79259
-0.8263
-0.84609
-0.83177
-0.85085
-0.95427
-0.95904
-0.91798
-0.93457
-0.96282
-1.0174
-1.2143
-1.1102
-1.2948
0
0
0
0
0
0
0
0
0
0
0
0
0
0
0
0
0
0
0
0
0
0
0
0
0
0
0
0
0
0
0
0
0
0
0
0
0
0
0
0
0
0
0
0
0
0
0
0
0
0
0
0
0
0
0
0
0
0
0
0
0
0
0
0
0
-0.69759
-0.69694
-0.66229
-0.67019
-0.64687
-0.71219
-0.6638
-0.68141
-0.64291
-0.62573
-0.68914
-0.62572
-0.70767
48.5984
-0.68758
-0.66761
-0.68621
-0.68443
-0.68421
-0.65303
-0.66029
-0.65186
-0.66561
-0.74955
-0.7183
-0.66628
-0.65448
-0.74818
-0.64363
-0.6673
-0.65683
-0.7306
-0.66091
-0.66488
-0.66504
-0.68137
-0.68196
-0.68197
-0.75296
-0.71828
-0.71865
-0.73796
-0.76981
-0.78977
-0.77497
-0.7501
-0.89438
-0.89893
-0.8003
-0.87525
-0.85547
0
0
0
0
0
0
0
0
0
0
0
0
0
0
0
0
0
0
0
0
0
0
0
0
-3.6757
0
-3.5144
-2.1929
-3.844
0
0
0
0
0
0
0
0
0
0
0
0
0
0
0
0
0
0
0
0
0
0
0
0
0
0
0
0
0
0
0
0
0
0
0
0
0
0
0
0
-0.73285
-0.73198
-0.69521
-0.69749
-0.67408
-0.74644
-0.69098
-0.70934
-0.67028
-0.65289
-0.71981
-0.65204
-0.73996
-0.68758
46.5521
-0.69724
-0.71695
-0.71516
-0.71493
-0.68154
-0.68915
-0.67914
-0.69388
-0.78486
-0.75048
-0.69276
-0.6808
-0.77671
-0.66945
-0.69582
-0.68668
-0.75756
-0.6874
-0.6914
-0.69143
-0.70345
-0.70863
-0.70863
-0.78251
-0.74563
-0.74601
-0.76584
-0.79846
-0.81245
-0.80039
-0.81913
-0.92189
-0.92678
-0.88465
-0.90189
-0.93443
-0.98192
0
0
-1.2562
0
0
0
0
0
0
0
0
0
0
0
0
0
0
0
0
0
0
0
0
0
0
0
0
0
0
0
0
0
0
0
0
0
0
0
0
0
0
0
0
0
0
0
0
0
0
0
0
0
0
0
0
0
0
0
0
0
0
0
0
0
-7.3989
0
0
0
-0.71233
-0.71143
-0.67726
-0.68116
-0.6581
-0.72603
-0.67474
-0.69289
-0.65434
-0.63794
-0.70016
-0.63675
-0.72414
-0.66761
-0.69724
39.8908
-0.66354
-0.70274
-0.70249
-0.66546
-0.67293
-0.66286
-0.67678
-0.7658
-0.75556
-0.67666
-0.66482
-0.75855
-0.65459
-0.67889
-0.67067
-0.74257
-0.6712
-0.6751
-0.67498
-0.68942
-0.69193
-0.69193
-0.7643
-0.72881
-0.72919
-0.74879
-0.78144
-0.79793
-0.78552
-0.80409
-0.90627
-0.91116
-0.87082
-0.89453
0
0
0
0
0
0
0
0
0
0
0
0
0
0
0
0
0
0
0
0
0
-1.0216
0
0
0
0
0
0
0
0
0
0
-3.6848
0
0
0
0
0
0
0
0
0
0
0
0
0
0
0
0
0
0
0
0
0
0
0
0
0
0
0
0
0
0
0
0
0
0
0
0
0
-0.732
-0.73083
-0.69616
-0.69984
-0.67651
-0.74547
-0.69335
-0.71171
-0.67271
-0.65609
-0.71988
-0.65533
-0.74293
-0.68621
-0.71695
-0.66354
40.8371
-0.72057
-0.72032
-0.68512
-0.69243
-0.68232
-0.69779
-0.79136
-0.78073
-0.69648
-0.68452
-0.78007
-0.67434
-0.69984
-0.69122
-0.76458
-0.69122
-0.69514
-0.69501
-0.71061
-0.71226
-0.71225
-0.7887
-0.74961
-0.75
-0.7697
-0.8029
-0.82145
-0.80775
-0.82699
-0.92941
-0.93434
-0.89411
-0.91794
-0.93981
0
0
0
0
0
0
0
0
0
0
0
0
0
0
0
0
0
0
0
0
0
0
0
0
0
0
0
0
0
0
0
-3.7267
0
0
0
0
0
0
0
0
0
0
0
0
0
0
0
0
0
0
0
0
0
0
0
0
0
0
0
0
0
0
0
0
0
0
0
0
0
-0.72936
-0.72618
-0.69358
-0.69469
-0.67154
-0.74128
-0.68824
-0.70651
-0.66777
-0.65193
-0.71683
-0.65159
-0.7404
-0.68443
-0.71516
-0.70274
-0.72057
36.9347
-0.69174
-0.67127
-0.68304
-0.67469
-0.68899
-0.78102
-0.76685
-0.69018
-0.67886
-0.79014
-0.66922
-0.69372
-0.68565
-0.76763
-0.68608
-0.69007
-0.69119
-0.70889
-0.7084
-0.70841
-0.80764
-0.74592
-0.7463
-0.76587
-0.79966
-0.82225
-0.80587
-0.82534
-0.92516
-0.93002
-0.89083
-0.90736
-0.93367
0
0
0
0
0
0
0
0
0
0
0
0
0
0
0
0
0
0
0
0
0
0
0
0
0
0
0
0
0
0
0
0
0
0
0
0
0
0
0
0
0
0
0
0
0
0
0
0
0
0
0
0
0
0
0
0
0
0
0
0
0
0
0
0
0
0
0
0
0
-0.72913
-0.72595
-0.69335
-0.69446
-0.67132
-0.74105
-0.68801
-0.70629
-0.66754
-0.6517
-0.7166
-0.65136
-0.74015
-0.68421
-0.71493
-0.70249
-0.72032
-0.69174
36.923
-0.67104
-0.68282
-0.67448
-0.68873
-0.78078
-0.76664
-0.68995
-0.67862
-0.78993
-0.66899
-0.69347
-0.68541
-0.76737
-0.68585
-0.68983
-0.69095
-0.70865
-0.70816
-0.70816
-0.80737
-0.74568
-0.74606
-0.76562
-0.79941
-0.822
-0.80561
-0.82508
-0.92489
-0.92976
-0.89056
-0.9071
-0.93341
0
0
0
0
0
0
0
0
0
0
0
0
0
0
0
0
0
0
0
0
0
0
0
0
0
0
0
0
0
0
0
0
0
0
0
0
0
0
0
0
0
0
0
0
0
0
0
0
0
0
0
0
0
0
0
0
0
0
0
0
0
0
0
0
0
0
0
0
0
-0.6967
-0.69054
-0.66073
-0.66228
-0.63955
-0.70813
-0.65593
-0.67386
-0.63584
-0.6202
-0.68351
-0.61948
-0.7057
-0.65303
-0.68154
-0.66546
-0.68512
-0.67127
-0.67104
35.2416
-0.65706
-0.64594
-0.65942
-0.74051
-0.72635
-0.65984
-0.64809
-0.74195
-0.63766
-0.66251
-0.65342
-0.72022
-0.6539
-0.65775
-0.65768
-0.67267
-0.67436
-0.67436
-0.75092
-0.7111
-0.71147
-0.73093
-0.76352
-0.78123
-0.7671
-0.78838
-0.88691
-0.89217
-0.85378
0
0
0
0
0
0
0
0
0
0
0
0
0
0
0
0
-1.7805
0
0
0
0
0
0
0
0
0
0
0
0
0
0
0
0
0
0
0
0
0
0
0
0
0
0
0
0
0
0
0
0
0
0
0
0
0
0
0
0
0
0
0
0
0
0
0
0
0
0
0
0
0
0
-0.7046
-0.70133
-0.66915
-0.67018
-0.64734
-0.71627
-0.66381
-0.68182
-0.64362
-0.62796
-0.69203
-0.62728
-0.71368
-0.66029
-0.68915
-0.67293
-0.69243
-0.68304
-0.68282
-0.65706
33.848
-0.65187
-0.67215
-0.74897
-0.73521
-0.66682
-0.65513
-0.75269
-0.64419
-0.66911
-0.66005
-0.73553
-0.66058
-0.66446
-0.66471
-0.68158
-0.68131
-0.68131
-0.76379
-0.71812
-0.71849
-0.73772
-0.77027
-0.79081
-0.77612
-0.7954
-0.89461
-0.89944
-0.86084
0
0
0
0
0
0
0
0
0
0
0
0
0
0
0
0
0
0
0
0
0
0
0
0
0
0
0
0
0
0
0
0
0
0
0
0
0
0
0
0
0
0
0
0
0
0
0
0
0
0
0
0
0
0
0
0
0
0
0
0
0
0
0
0
0
0
0
0
0
0
0
-0.69467
-0.69135
-0.65938
-0.66034
-0.63766
-0.70618
-0.65402
-0.67192
-0.63395
-0.61848
-0.68211
-0.61774
-0.70358
-0.65186
-0.67914
-0.66286
-0.68232
-0.67469
-0.67448
-0.64594
-0.65187
32.4865
-0.65732
-0.73793
-0.72362
-0.65675
-0.64474
-0.74293
-0.63302
-0.67082
-0.64667
-0.72272
-0.64893
-0.65268
-0.65262
-0.6691
-0.66886
-0.66885
-0.74762
-0.70528
-0.70565
-0.72477
-0.75687
-0.77961
-0.76413
-0.78267
-0.88159
-0.88627
0
0
0
0
0
0
0
0
0
0
0
0
0
0
0
0
0
0
0
0
0
0
0
0
0
0
0
0
0
0
0
0
0
0
0
0
0
0
0
0
0
0
0
0
0
0
0
0
0
0
0
0
0
0
0
0
0
0
0
0
0
0
0
0
0
0
0
0
0
0
0
0
-0.70961
-0.70686
-0.67363
-0.67541
-0.65241
-0.72166
-0.669
-0.68708
-0.64865
-0.63228
-0.69724
-0.63123
-0.71951
-0.66561
-0.69388
-0.67678
-0.69779
-0.68899
-0.68873
-0.65942
-0.67215
-0.65732
34.3806
-0.74896
-0.73139
-0.67261
-0.65859
-0.75506
-0.64704
-0.64122
-0.66247
-0.73207
-0.66313
-0.66691
-0.66529
-0.6825
-0.68178
-0.68179
-0.74871
-0.71874
-0.71911
-0.73815
-0.77003
-0.7977
-0.7821
0
0
0
0
0
0
0
0
0
0
0
0
0
0
0
0
0
0
0
0
0
0
0
0
0
0
0
-3.89
0
0
0
0
0
0
0
0
0
0
0
0
0
0
0
0
0
0
0
0
0
0
0
0
0
0
0
0
0
0
0
0
0
0
0
0
0
0
0
0
0
0
0
0
0
0
0
-0.79915
-0.79618
-0.75915
-0.76233
-0.738
-0.8134
-0.75559
-0.77451
-0.734
-0.71601
-0.78579
-0.71441
-0.81398
-0.74955
-0.78486
-0.7658
-0.79136
-0.78102
-0.78078
-0.74051
-0.74897
-0.73793
-0.74896
41.4238
-0.83787
-0.75005
-0.73621
-0.82676
-0.72563
-0.7518
-0.74218
-0.8129
-0.74256
-0.74659
-0.7463
-0.75867
-0.76377
-0.76376
-0.83939
-0.80219
-0.80258
-0.82236
-0.85585
-0.87385
-0.86029
0
0
0
0
0
0
0
0
0
0
0
0
0
0
0
0
0
0
0
0
0
0
0
0
0
0
0
0
0
0
0
0
0
0
0
0
0
0
0
0
0
0
0
0
0
0
0
0
0
0
0
0
0
0
0
0
0
0
0
0
0
0
0
0
-7.27
0
0
0
0
0
0
0
0
0
0
-0.77301
-0.77041
-0.73395
-0.74025
-0.71591
-0.78573
-0.73353
-0.75231
-0.71189
-0.69265
-0.76151
-0.68894
-0.80341
-0.7183
-0.75048
-0.75556
-0.78073
-0.76685
-0.76664
-0.72635
-0.73521
-0.72362
-0.73139
-0.83787
43.0953
-0.73541
-0.72182
-0.81838
-0.70999
-0.73247
-0.72781
-0.80337
-0.72729
-0.73134
-0.73161
-0.74278
-0.74901
-0.749
-0.82887
-0.7869
-0.78729
-0.80727
-0.84059
0
0
0
0
0
0
0
0
0
0
0
0
0
0
0
0
0
0
0
0
0
0
0
0
0
0
0
0
0
0
0
-2.7284
0
-3.8629
0
0
0
0
0
0
0
0
0
0
0
0
0
0
0
0
0
0
0
0
0
-4.8163
0
0
0
0
0
0
0
0
0
0
0
0
0
0
0
0
0
0
0
0
0
-0.70864
-0.7052
-0.67302
-0.67408
-0.65117
-0.7202
-0.6677
-0.68575
-0.64745
-0.63174
-0.69574
-0.63091
-0.71806
-0.66628
-0.69276
-0.67666
-0.69648
-0.69018
-0.68995
-0.65984
-0.66682
-0.65675
-0.67261
-0.75005
-0.73541
31.4055
-0.65689
-0.75266
-0.64553
-0.66974
-0.6647
-0.73165
-0.66134
-0.66511
-0.66513
-0.68604
-0.68133
-0.68133
-0.76295
-0.71863
-0.71899
-0.73744
-0.76909
-0.79993
-0.77798
0
-0.89557
0
0
0
0
0
0
0
0
0
0
0
0
0
0
0
0
0
0
0
0
0
0
0
0
0
0
0
0
0
0
0
0
0
0
0
0
0
0
0
0
0
0
0
0
0
0
0
0
0
0
0
0
0
0
0
0
0
0
0
0
0
0
0
0
0
0
0
0
0
0
0
0
0
-0.69652
-0.69308
-0.66115
-0.66219
-0.63946
-0.70796
-0.65586
-0.67377
-0.63575
-0.62026
-0.68365
-0.61941
-0.70599
-0.65448
-0.6808
-0.66482
-0.68452
-0.67886
-0.67862
-0.64809
-0.65513
-0.64474
-0.65859
-0.73621
-0.72182
-0.65689
29.9351
-0.73876
-0.62739
-0.65854
-0.65799
-0.71955
-0.64398
-0.64777
-0.6489
-0.67159
-0.66428
-0.66429
-0.75009
-0.70129
-0.70164
-0.71965
-0.75162
-0.78852
-0.76065
0
0
0
0
0
0
0
0
0
0
0
0
0
0
0
0
0
0
0
0
0
0
0
0
0
0
0
0
0
0
0
0
0
0
0
0
0
0
0
0
0
0
0
0
0
0
0
0
0
0
0
0
0
0
0
0
0
0
0
0
0
0
0
0
0
0
0
0
0
0
0
0
0
0
0
-0.79744
-0.79289
-0.75831
-0.76104
-0.73675
-0.81009
-0.7543
-0.77325
-0.73277
-0.71473
-0.78292
-0.713
-0.80734
-0.74818
-0.77671
-0.75855
-0.78007
-0.79014
-0.78993
-0.74195
-0.75269
-0.74293
-0.75506
-0.82676
-0.81838
-0.75266
-0.73876
39.1027
-0.72678
-0.75486
-0.74329
-0.82056
-0.74402
-0.74805
-0.74859
-0.76182
-0.766
-0.766
-0.84685
-0.80427
-0.80466
-0.82468
-0.85905
0
0
0
0
0
0
0
0
0
0
0
0
0
0
0
0
0
0
0
0
0
0
0
0
0
0
0
0
0
0
0
0
0
0
0
0
0
0
0
0
0
0
0
0
0
0
0
0
0
0
0
0
0
0
0
0
0
0
0
0
0
0
0
0
0
0
0
0
0
0
0
0
-6.6756
0
0
0
0
-0.68538
-0.68217
-0.65016
-0.65123
-0.62864
-0.69667
-0.64494
-0.66274
-0.62494
-0.60954
-0.67353
-0.6086
-0.69439
-0.64363
-0.66945
-0.65459
-0.67434
-0.66922
-0.66899
-0.63766
-0.64419
-0.63302
-0.64704
-0.72563
-0.70999
-0.64553
-0.62739
-0.72678
28.869
-0.64517
-0.63559
-0.70693
-0.63594
-0.63876
-0.64007
-0.66945
-0.65506
-0.65506
-0.73191
-0.69205
-0.69239
-0.71068
-0.74132
0
0
0
0
0
0
0
0
-0.9282
0
0
0
0
0
0
0
0
0
0
0
0
0
0
0
0
0
0
0
0
0
0
0
0
0
0
0
0
0
0
0
0
0
0
0
0
0
0
0
0
0
0
0
0
0
0
0
0
0
0
0
0
0
0
0
0
0
0
0
0
0
0
0
0
0
0
0
0
-0.7115
-0.70883
-0.67539
-0.67722
-0.65419
-0.7235
-0.67081
-0.68891
-0.65043
-0.63407
-0.69997
-0.633
-0.72172
-0.6673
-0.69582
-0.67889
-0.69984
-0.69372
-0.69347
-0.66251
-0.66911
-0.67082
-0.64122
-0.7518
-0.73247
-0.66974
-0.65854
-0.75486
-0.64517
32.8463
-0.65933
-0.73379
-0.66242
-0.66632
-0.66703
-0.68161
-0.68314
-0.68314
-0.76146
-0.71937
-0.71974
-0.73925
-0.77088
0
0
0
0
0
0
0
0
0
0
0
0
0
0
0
0
0
0
0
0
0
0
0
0
0
0
0
0
0
-3.864
0
0
0
0
0
0
0
0
0
0
0
0
0
0
0
0
0
0
0
0
0
0
0
0
0
0
0
0
0
0
0
0
0
0
0
0
0
0
0
0
0
0
0
0
0
0
0
-0.70338
-0.69885
-0.66785
-0.66854
-0.64566
-0.71393
-0.66218
-0.68016
-0.64191
-0.62592
-0.68923
-0.62488
-0.71257
-0.65683
-0.68668
-0.67067
-0.69122
-0.68565
-0.68541
-0.65342
-0.66005
-0.64667
-0.66247
-0.74218
-0.72781
-0.6647
-0.65799
-0.74329
-0.63559
-0.65933
31.0946
-0.72019
-0.65308
-0.65616
-0.65637
-0.67263
-0.67164
-0.67164
-0.7256
-0.70799
-0.70834
-0.72671
0
0
0
0
0
0
0
0
0
0
0
0
0
0
0
0
0
0
0
0
0
0
0
0
0
0
0
0
0
0
0
0
0
0
0
0
0
0
0
0
0
-3.2593
0
0
0
0
0
0
0
0
0
0
0
0
0
0
0
0
0
0
0
0
0
0
0
0
0
0
0
0
0
0
0
0
0
0
0
0
-0.77824
-0.77346
-0.73985
-0.74219
-0.71821
-0.78975
-0.73553
-0.75427
-0.71429
-0.6969
-0.76319
-0.69553
-0.78828
-0.7306
-0.75756
-0.74257
-0.76458
-0.76763
-0.76737
-0.72022
-0.73553
-0.72272
-0.73207
-0.8129
-0.80337
-0.73165
-0.71955
-0.82056
-0.70693
-0.73379
-0.72019
37.1642
-0.72198
-0.72603
-0.72653
-0.74027
-0.74338
-0.74338
-0.82811
-0.7811
-0.78148
-0.80087
0
0
0
0
0
0
0
0
0
0
0
0
0
0
0
0
0
0
0
0
0
0
0
0
0
0
0
0
0
0
0
0
0
0
0
0
0
0
0
0
0
0
0
0
0
0
0
0
0
0
0
0
0
0
0
0
0
0
0
0
0
0
0
0
-6.3916
0
0
0
0
0
0
0
0
0
0
0
0
0
-0.70365
-0.70022
-0.66794
-0.66908
-0.64623
-0.71504
-0.66272
-0.6807
-0.6425
-0.62681
-0.69172
-0.62586
-0.71303
-0.66091
-0.6874
-0.6712
-0.69122
-0.68608
-0.68585
-0.6539
-0.66058
-0.64893
-0.66313
-0.74256
-0.72729
-0.66134
-0.64398
-0.74402
-0.63594
-0.66242
-0.65308
-0.72198
27.8781
-0.65625
-0.65836
-0.67712
-0.67191
-0.67191
-0.75187
-0.70836
-0.70869
-0.72631
0
0
0
0
0
0
0
0
0
0
0
0
0
0
0
0
0
0
0
0
0
0
0
0
0
0
0
0
0
0
0
0
0
0
0
0
0
0
0
0
0
0
0
0
0
0
0
0
0
0
0
0
0
0
0
0
0
0
0
0
0
0
0
0
0
0
0
0
0
0
0
0
0
0
0
0
0
0
-0.70766
-0.70423
-0.67191
-0.67304
-0.65016
-0.71905
-0.66667
-0.68468
-0.64642
-0.63072
-0.69571
-0.62977
-0.717
-0.66488
-0.6914
-0.6751
-0.69514
-0.69007
-0.68983
-0.65775
-0.66446
-0.65268
-0.66691
-0.74659
-0.73134
-0.66511
-0.64777
-0.74805
-0.63876
-0.66632
-0.65616
-0.72603
-0.65625
27.2865
-0.66564
-0.66777
-0.67375
-0.67375
-0.75957
-0.70905
-0.70935
0
0
0
0
0
0
0
0
0
0
0
0
0
0
0
0
0
0
0
0
0
0
0
0
0
0
0
0
0
0
0
0
0
0
0
0
0
0
0
0
0
0
0
0
0
0
0
0
0
0
0
0
0
0
0
0
0
0
0
0
0
0
0
0
0
0
0
0
0
0
0
0
0
0
0
0
0
0
0
-0.70765
-0.70427
-0.67187
-0.67308
-0.65019
-0.71901
-0.66671
-0.6847
-0.64646
-0.63083
-0.69592
-0.62988
-0.71694
-0.66504
-0.69143
-0.67498
-0.69501
-0.69119
-0.69095
-0.65768
-0.66471
-0.65262
-0.66529
-0.7463
-0.73161
-0.66513
-0.6489
-0.74859
-0.64007
-0.66703
-0.65637
-0.72653
-0.65836
-0.66564
26.5248
-0.6805
-0.66688
-0.66687
0
-0.70466
-0.70495
0
0
0
0
0
0
0
0
0
0
0
0
0
0
0
0
0
0
0
0
0
0
0
0
0
0
0
0
0
0
0
0
0
0
0
0
0
0
0
0
0
0
0
0
0
0
0
0
0
0
0
0
0
0
0
0
0
0
0
0
0
0
0
0
0
0
0
0
0
0
0
0
0
0
0
0
0
0
0
-0.71902
-0.71449
-0.68542
-0.68757
-0.66439
-0.73115
-0.68111
-0.69932
-0.6606
-0.64444
-0.71355
-0.64359
-0.73293
-0.68137
-0.70345
-0.68942
-0.71061
-0.70889
-0.70865
-0.67267
-0.68158
-0.6691
-0.6825
-0.75867
-0.74278
-0.68604
-0.67159
-0.76182
-0.66945
-0.68161
-0.67263
-0.74027
-0.67712
-0.66777
-0.6805
29.3232
-0.67311
-0.67311
0
0
0
0
0
0
0
0
0
0
0
0
0
0
0
0
0
0
0
0
0
0
0
0
0
0
0
0
0
0
0
0
0
0
0
0
0
0
0
0
0
0
0
0
0
0
0
0
0
0
0
0
0
0
0
0
0
0
0
-3.6809
0
0
0
0
0
0
0
0
0
0
0
0
0
0
0
0
0
0
0
0
0
0
-0.72523
-0.72181
-0.68904
-0.69029
-0.66714
-0.73669
-0.68385
-0.70203
-0.66336
-0.6475
-0.71334
-0.64648
-0.73451
-0.68196
-0.70863
-0.69193
-0.71226
-0.7084
-0.70816
-0.67436
-0.68131
-0.66886
-0.68178
-0.76377
-0.74901
-0.68133
-0.66428
-0.766
-0.65506
-0.68314
-0.67164
-0.74338
-0.67191
-0.67375
-0.66688
-0.67311
25.6947
-0.69252
0
0
0
0
0
0
0
0
0
0
0
0
0
0
0
0
0
0
0
0
0
0
0
0
0
0
0
0
0
0
0
0
0
0
0
0
0
0
0
0
0
0
0
0
0
0
0
0
0
0
0
0
0
0
0
0
0
0
0
0
0
0
0
0
0
0
0
0
0
0
0
0
0
0
0
0
0
0
0
0
0
0
-0.72524
-0.72181
-0.68904
-0.69028
-0.66713
-0.73669
-0.68383
-0.70203
-0.66335
-0.6475
-0.71335
-0.64649
-0.73451
-0.68197
-0.70863
-0.69193
-0.71225
-0.70841
-0.70816
-0.67436
-0.68131
-0.66885
-0.68179
-0.76376
-0.749
-0.68133
-0.66429
-0.766
-0.65506
-0.68314
-0.67164
-0.74338
-0.67191
-0.67375
-0.66687
-0.67311
-0.69252
25.6947
0
0
0
0
0
0
0
0
0
0
0
0
0
0
0
0
0
0
0
0
0
0
0
0
0
0
0
0
0
0
0
0
0
0
0
0
0
0
0
0
0
0
0
0
0
0
0
0
0
0
0
0
0
0
0
0
0
0
0
0
0
0
0
0
0
0
0
0
0
0
0
0
0
0
0
0
0
0
0
0
0
0
-0.80548
-0.80003
-0.76919
-0.77038
-0.74594
-0.81666
-0.76361
-0.78262
-0.74192
-0.7233
-0.7877
-0.72135
-0.81645
-0.75296
-0.78251
-0.7643
-0.7887
-0.80764
-0.80737
-0.75092
-0.76379
-0.74762
-0.74871
-0.83939
-0.82887
-0.76295
-0.75009
-0.84685
-0.73191
-0.76146
-0.7256
-0.82811
-0.75187
-0.75957
0
0
0
0
37.0722
0
0
0
0
0
0
0
0
0
0
0
0
0
0
0
0
0
0
0
0
0
0
0
0
0
0
0
0
0
0
0
0
0
0
0
0
0
0
0
0
0
0
0
0
0
0
0
0
-4.7032
0
0
0
0
0
0
0
0
0
0
0
0
0
0
0
0
0
0
0
0
0
0
0
0
0
0
0
0
0
-6.0232
0
0
-0.76261
-0.75916
-0.72566
-0.727
-0.70339
-0.77436
-0.72045
-0.73899
-0.69954
-0.68315
-0.7502
-0.68212
-0.7723
-0.71828
-0.74563
-0.72881
-0.74961
-0.74592
-0.74568
-0.7111
-0.71812
-0.70528
-0.71874
-0.80219
-0.7869
-0.71863
-0.70129
-0.80427
-0.69205
-0.71937
-0.70799
-0.7811
-0.70836
-0.70905
-0.70466
0
0
0
0
25.622
0
0
0
0
0
0
0
0
0
0
0
0
0
0
0
0
0
0
0
0
0
0
0
0
0
0
0
0
0
0
0
0
0
0
0
0
0
0
0
0
0
0
0
0
0
0
0
0
0
0
0
0
0
0
0
0
0
0
0
0
0
0
0
0
0
0
0
0
0
0
0
0
0
0
0
0
0
0
0
0
-0.763
-0.75955
-0.72605
-0.72739
-0.70377
-0.77474
-0.72082
-0.73937
-0.6999
-0.68352
-0.75059
-0.68249
-0.77268
-0.71865
-0.74601
-0.72919
-0.75
-0.7463
-0.74606
-0.71147
-0.71849
-0.70565
-0.71911
-0.80258
-0.78729
-0.71899
-0.70164
-0.80466
-0.69239
-0.71974
-0.70834
-0.78148
-0.70869
-0.70935
-0.70495
0
0
0
0
0
25.6349
0
0
0
0
0
0
0
0
0
0
0
0
0
0
0
0
0
0
0
0
0
0
0
0
0
0
0
0
0
0
0
0
0
0
0
0
0
0
0
0
0
0
0
0
0
0
0
0
0
0
0
0
0
0
0
0
0
0
0
0
0
0
0
0
0
0
0
0
0
0
0
0
0
0
0
0
0
0
0
-0.78301
-0.77949
-0.74575
-0.74709
-0.72323
-0.7948
-0.74046
-0.75919
-0.71933
-0.70285
-0.77047
-0.70177
-0.79259
-0.73796
-0.76584
-0.74879
-0.7697
-0.76587
-0.76562
-0.73093
-0.73772
-0.72477
-0.73815
-0.82236
-0.80727
-0.73744
-0.71965
-0.82468
-0.71068
-0.73925
-0.72671
-0.80087
-0.72631
0
0
0
0
0
0
0
0
24.8606
0
0
0
0
0
0
0
0
0
0
0
0
0
0
0
0
0
0
0
0
0
0
0
0
0
0
0
0
0
0
0
0
0
0
0
0
0
0
0
0
0
0
0
0
0
0
0
0
0
0
0
0
0
0
0
0
0
0
0
0
0
0
0
0
0
0
0
0
0
0
0
0
0
0
0
0
0
0
-0.81585
-0.81239
-0.77799
-0.77957
-0.75523
-0.82812
-0.77281
-0.79192
-0.75126
-0.73421
-0.80335
-0.73308
-0.8263
-0.76981
-0.79846
-0.78144
-0.8029
-0.79966
-0.79941
-0.76352
-0.77027
-0.75687
-0.77003
-0.85585
-0.84059
-0.76909
-0.75162
-0.85905
-0.74132
-0.77088
0
0
0
0
0
0
0
0
0
0
0
0
23.5828
0
0
0
0
0
0
0
0
0
0
0
0
0
0
0
0
0
0
0
0
0
0
0
0
0
0
0
0
0
0
0
0
0
0
0
0
0
0
0
0
0
0
0
0
0
0
0
0
0
0
0
0
0
0
0
0
0
0
0
0
0
0
0
0
0
0
0
0
0
0
0
0
0
0
0
0
0
-0.83109
-0.82717
-0.79469
-0.79723
-0.77256
-0.84507
-0.79038
-0.80962
-0.76852
-0.75019
-0.7867
-0.74879
-0.84609
-0.78977
-0.81245
-0.79793
-0.82145
-0.82225
-0.822
-0.78123
-0.79081
-0.77961
-0.7977
-0.87385
0
-0.79993
-0.78852
0
0
0
0
0
0
0
0
0
0
0
0
0
0
0
0
29.966
0
0
0
0
0
0
0
0
0
0
0
0
0
0
0
0
0
0
0
0
0
0
0
0
0
0
0
0
0
0
0
0
0
0
0
0
0
-3.3284
0
0
0
0
0
0
0
0
0
0
0
0
0
0
0
0
0
0
0
0
0
0
0
0
0
-5.792
0
0
0
0
0
0
0
0
0
0
0
0
-0.82009
-0.8148
-0.78358
-0.78511
-0.76071
-0.83254
-0.77833
-0.79742
-0.75672
-0.73913
-0.80566
-0.73779
-0.83177
-0.77497
-0.80039
-0.78552
-0.80775
-0.80587
-0.80561
-0.7671
-0.77612
-0.76413
-0.7821
-0.86029
0
-0.77798
-0.76065
0
0
0
0
0
0
0
0
0
0
0
0
0
0
0
0
0
26.0381
0
0
0
0
0
0
0
0
0
0
0
0
0
0
0
0
0
0
0
0
0
0
0
0
0
0
0
0
0
0
0
0
0
0
0
0
0
0
0
0
0
0
0
0
0
0
0
0
0
0
0
0
0
0
0
0
0
0
0
0
0
0
0
0
0
0
0
0
0
0
0
0
0
0
-5.526
-0.83311
-0.83245
-0.79601
-0.79967
-0.77499
-0.84853
-0.79281
-0.81215
-0.77096
-0.75246
-0.82392
-0.75192
-0.85085
-0.7501
-0.81913
-0.80409
-0.82699
-0.82534
-0.82508
-0.78838
-0.7954
-0.78267
0
0
0
0
0
0
0
0
0
0
0
0
0
0
0
0
0
0
0
0
0
0
0
21.835
0
0
0
0
0
0
0
0
0
0
0
0
0
0
0
0
0
0
0
0
0
0
0
0
0
0
0
0
0
-3.47
0
0
0
0
0
0
0
0
0
0
0
0
0
0
0
0
0
0
0
-0.70801
0
0
0
0
0
0
0
0
0
0
0
0
0
0
0
0
0
0
0
0
0
0
0
0
-0.94149
-0.938
-0.90222
-0.90415
-0.87859
-0.9545
-0.89706
-0.91709
-0.87441
-0.85561
-0.92824
-0.85422
-0.95427
-0.89438
-0.92189
-0.90627
-0.92941
-0.92516
-0.92489
-0.88691
-0.89461
-0.88159
0
0
0
-0.89557
0
0
0
0
0
0
0
0
0
0
0
0
0
0
0
0
0
0
0
0
20.8605
0
0
0
0
0
0
0
0
0
0
0
0
0
0
0
0
0
0
0
0
0
0
0
0
0
0
0
0
0
0
0
0
0
0
0
0
0
0
0
0
0
0
0
0
0
0
0
0
0
0
0
0
0
0
0
0
0
0
0
0
0
0
0
0
0
0
0
0
0
0
0
0
0
-0.94624
-0.9427
-0.90698
-0.90892
-0.88332
-0.95925
-0.90182
-0.92186
-0.87914
-0.86044
-0.93304
-0.85913
-0.95904
-0.89893
-0.92678
-0.91116
-0.93434
-0.93002
-0.92976
-0.89217
-0.89944
-0.88627
0
0
0
0
0
0
0
0
0
0
0
0
0
0
0
0
0
0
0
0
0
0
0
0
0
20.0707
0
0
0
0
0
0
0
0
0
0
0
0
0
0
0
0
0
0
0
0
0
0
0
0
0
0
0
0
0
0
0
0
0
0
0
0
0
0
0
0
0
0
0
0
0
0
0
0
0
0
0
0
0
0
0
0
0
0
0
0
0
0
0
0
0
0
0
0
0
0
0
0
-0.90245
-0.90089
-0.86491
-0.86828
-0.84302
-0.91631
-0.86127
-0.88105
-0.83889
-0.81976
-0.89066
-0.8202
-0.91798
-0.8003
-0.88465
-0.87082
-0.89411
-0.89083
-0.89056
-0.85378
-0.86084
0
0
0
0
0
0
0
0
0
0
0
0
0
0
0
0
0
0
0
0
0
0
0
0
0
0
0
21.7262
0
0
0
0
0
0
0
0
0
0
0
0
0
0
0
0
0
0
0
0
0
0
0
0
0
0
0
0
0
0
-3.4546
0
0
0
0
0
0
0
0
0
0
0
0
0
0
0
0
0
0
0
0
0
0
0
0
0
0
0
0
0
0
0
0
0
0
0
0
0
0
0
0
-0.92472
-0.92527
-0.88398
-0.88556
-0.8601
-0.93299
-0.87848
-0.89842
-0.85593
-0.83682
-0.90531
-0.83447
-0.93457
-0.87525
-0.90189
-0.89453
-0.91794
-0.90736
-0.9071
0
0
0
0
0
0
0
0
0
0
0
0
0
0
0
0
0
0
0
0
0
0
0
0
0
0
0
0
0
0
21.2439
0
0
0
0
0
0
0
0
0
0
0
0
0
0
0
0
0
0
0
0
0
0
0
0
0
0
0
0
0
0
0
0
0
0
0
0
0
0
0
0
0
0
0
0
-4.2832
0
0
0
0
0
0
0
0
0
0
0
0
0
0
0
0
0
0
0
0
0
0
0
0
0
-0.95322
-0.95217
-0.91231
-0.91453
-0.88886
-0.9686
-0.9074
-0.92748
-0.88466
-0.86513
-0.94844
-0.86359
-0.96282
-0.85547
-0.93443
0
-0.93981
-0.93367
-0.93341
0
0
0
0
0
0
0
0
0
0
0
0
0
0
0
0
0
0
0
0
0
0
0
0
0
0
0
0
0
0
0
19.7237
0
0
0
0
0
0
0
0
0
0
0
0
0
0
0
0
0
0
0
0
0
0
0
0
0
0
-3.1777
0
0
0
0
0
0
0
0
0
0
0
0
0
0
0
0
0
0
0
0
0
0
0
0
0
0
0
0
0
0
0
0
0
0
0
0
0
0
0
0
0
0
-0.99524
-0.99797
-0.95844
-0.96317
-0.93708
-1.0124
-0.95594
-0.97633
-0.9328
-0.9124
-0.98442
-0.9114
-1.0174
0
-0.98192
0
0
0
0
0
0
0
0
0
0
0
0
0
-0.9282
0
0
0
0
0
0
0
0
0
0
0
0
0
0
0
0
0
0
0
0
0
0
18.721
0
0
0
0
0
0
0
0
0
0
0
0
0
0
0
-2.9269
0
0
0
-1.3291
0
0
0
0
0
0
0
0
0
0
0
0
0
0
0
0
0
0
0
0
0
0
0
0
0
0
0
0
0
0
0
0
0
0
0
0
0
0
0
0
0
0
0
0
0
0
0
0
-1.1981
-1.1875
-1.1536
-1.16
-1.1326
-1.2126
-1.1524
-1.1739
-1.1281
-1.1064
-1.1813
-1.1042
-1.2143
0
0
0
0
0
0
0
0
0
0
0
0
0
0
0
0
0
0
0
0
0
0
0
0
0
0
0
0
0
0
0
0
0
0
0
0
0
0
0
17.1932
0
0
0
0
0
0
0
0
0
0
0
0
-2.0881
0
0
0
0
0
0
0
0
0
0
0
0
0
0
0
0
0
0
0
0
0
0
0
0
0
0
0
0
0
0
0
0
0
0
0
0
0
0
0
0
0
0
0
0
0
0
0
0
0
0
0
0
0
0
-1.0904
-1.0876
-1.0537
-1.0551
-1.0284
-1.1061
-1.0477
-1.0687
-1.024
-1.0036
-1.0785
-1.0027
-1.1102
0
0
0
0
0
0
0
0
0
0
0
0
0
0
0
0
0
0
0
0
0
0
0
0
0
0
0
0
0
0
0
0
0
0
0
0
0
0
0
0
14.9426
0
0
0
0
0
0
0
0
0
0
0
0
0
0
0
0
0
0
0
0
0
0
0
0
0
0
0
0
0
0
0
-1.1859
0
0
0
0
0
0
0
0
0
0
0
0
0
0
0
0
0
0
0
0
0
0
0
0
0
0
0
0
0
0
0
0
0
0
-1.2798
-1.2756
-1.2394
-1.2393
-1.2113
-1.2939
-1.2315
-1.2533
-1.2068
-1.1854
-1.2654
-1.1842
-1.2948
0
-1.2562
0
0
0
0
0
0
0
0
0
0
0
0
0
0
0
0
0
0
0
0
0
0
0
0
0
0
0
0
0
0
0
0
0
0
0
0
0
0
0
17.4168
0
0
0
0
0
0
0
0
0
0
0
0
0
0
0
0
0
0
0
0
0
0
0
0
0
0
0
0
0
0
0
0
0
0
0
0
0
0
0
0
0
0
0
0
0
0
0
0
0
0
0
0
0
0
0
0
0
0
0
0
0
0
0
0
0
-1.1143
-1.1127
-1.0769
-1.0777
-1.0507
-1.1305
-1.0702
-1.0913
-1.0463
-1.0268
-1.1032
-1.0255
0
0
0
0
0
0
0
0
0
0
0
0
0
0
0
0
0
0
0
0
0
0
0
0
0
0
0
0
0
0
0
0
0
0
0
0
0
0
0
0
0
0
0
15.5731
0
0
0
0
0
0
0
0
0
0
0
0
0
0
0
0
0
0
-2.647
0
0
0
0
0
0
0
0
0
0
0
0
0
0
0
0
0
0
0
0
0
0
0
0
0
0
0
0
0
0
0
0
0
0
0
0
0
0
0
0
0
0
0
0
0
-1.2225
-1.2248
-1.183
-1.1878
-1.1602
-1.2397
-1.1802
-1.2017
-1.1557
-1.131
-1.213
-1.1333
0
0
0
0
0
0
0
0
0
0
0
0
0
0
0
0
0
0
0
0
0
0
0
0
0
0
0
0
0
0
0
0
0
0
0
0
0
0
0
0
0
0
0
0
17.7202
0
0
0
0
0
0
0
0
0
0
0
0
0
0
0
0
-3.4872
0
0
0
0
0
0
0
0
0
0
0
0
0
0
0
0
0
0
0
0
0
0
0
0
0
0
0
0
0
0
0
0
0
0
0
0
0
0
0
0
0
0
0
0
0
0
-1.2177
-1.1325
-1.1717
-1.1744
-1.1468
-1.2329
-1.1667
-1.1882
-1.1423
-1.1186
-1.2
-1.1174
0
0
0
0
0
0
0
0
0
0
0
0
0
0
0
0
0
0
0
0
0
0
0
0
0
0
0
0
0
0
0
0
0
0
0
0
0
0
0
0
0
0
0
0
0
17.2266
0
0
0
0
0
0
0
0
0
0
0
0
0
0
0
0
0
0
0
0
0
0
-3.2173
0
0
0
0
0
0
0
0
0
0
0
0
0
0
0
0
0
0
0
0
0
0
0
0
0
0
0
0
0
0
0
0
0
0
0
0
0
0
0
-1.3496
-1.3497
-1.3122
-1.3185
-1.2902
-1.368
-1.3107
-1.3327
-1.2856
-1.2618
0
0
0
0
0
0
0
0
0
0
0
0
0
0
0
0
0
0
0
0
0
0
0
0
0
0
0
0
0
0
0
0
0
0
0
0
0
0
0
0
0
0
0
0
0
0
0
0
20.2998
0
0
0
0
0
0
0
0
0
0
0
0
0
0
0
0
0
0
0
0
0
0
0
0
0
0
0
0
0
0
0
0
0
0
-2.4034
0
0
0
0
0
0
0
0
0
0
0
0
0
0
0
0
0
-4.7175
0
0
0
0
0
0
0
0
-1.2706
-1.2721
-1.2297
-1.2374
-1.2094
-1.2906
-1.2296
-1.2513
-1.2049
-1.181
0
-1.1807
0
0
0
0
0
0
0
0
0
0
0
0
0
0
0
0
0
0
0
0
0
0
0
0
0
0
0
0
0
0
0
0
0
0
0
0
0
0
0
0
0
0
0
0
0
0
0
17.7514
0
0
0
0
0
0
0
0
0
0
0
0
0
0
0
0
0
0
0
0
0
0
0
0
0
0
0
0
-4.1941
0
0
0
0
0
0
0
0
0
0
0
0
0
0
0
0
0
0
0
0
0
0
0
0
0
0
0
0
0
0
0
-1.1991
-1.1952
-1.161
-1.1619
-1.1344
-1.2143
-1.1542
-1.1757
-1.1299
-1.1094
-1.1869
-1.1084
0
0
0
0
0
0
0
0
0
0
0
0
0
0
0
0
0
0
0
0
0
0
0
0
0
0
0
0
0
0
0
0
0
0
0
0
0
0
0
0
0
0
0
0
0
0
0
0
13.9305
0
0
0
0
0
0
0
0
0
0
0
0
0
0
0
0
0
0
0
0
0
0
0
0
0
0
0
0
0
0
0
0
0
0
0
0
0
0
0
0
0
0
0
0
0
0
0
0
0
0
0
0
0
0
0
0
0
0
0
-1.1177
-1.1151
-1.0794
-1.0806
-1.0537
-1.133
-1.0732
-1.0942
-1.0493
-1.0297
-1.1068
-1.0283
0
0
0
0
0
0
0
0
0
0
0
0
0
0
0
0
0
0
0
0
0
0
0
0
0
0
0
0
0
0
0
0
0
0
0
0
0
0
0
0
0
0
0
0
0
0
0
0
0
12.9609
0
0
0
0
0
0
0
0
0
0
0
0
0
0
0
0
0
0
0
0
0
0
0
0
0
0
0
0
0
0
0
0
0
0
0
0
0
0
0
0
0
0
0
0
0
0
0
0
0
0
0
0
0
0
0
0
0
0
-1.1605
-1.1574
-1.1219
-1.123
-1.0958
-1.1757
-1.1155
-1.1367
-1.0914
-1.0712
-1.149
-1.07
0
0
0
0
0
0
0
0
0
0
0
0
0
0
0
0
0
0
0
0
0
0
0
0
0
0
0
0
0
0
0
0
0
0
0
0
0
0
0
0
0
0
0
0
0
0
0
0
0
0
13.4682
0
0
0
0
0
0
0
0
0
0
0
0
0
0
0
0
0
0
0
0
0
0
0
0
0
0
0
0
0
0
0
0
0
0
0
0
0
0
0
0
0
0
0
0
0
0
0
0
0
0
0
0
0
0
0
0
0
-0.98078
-0.98486
-0.94719
-0.95055
-0.92459
-0.99756
-0.94334
-0.96371
-0.92035
-0.90061
0
0
0
0
0
0
0
0
0
0
0
0
0
0
0
0
0
0
0
0
0
0
0
0
0
0
0
0
0
0
0
0
0
0
0
0
0
0
0
0
0
0
0
0
0
0
0
0
0
0
0
0
0
12.0996
0
0
0
-2.586
0
0
0
0
0
0
0
0
0
0
0
0
0
0
0
0
0
0
0
0
0
0
0
0
0
0
0
0
0
0
0
0
0
0
0
0
0
0
0
0
0
0
0
0
0
0
0
0
0
0
0
0
-1.5375
-1.5304
-1.4982
-1.5008
-1.4721
0
-1.4929
-1.5152
-1.4674
0
0
0
0
0
0
0
0
0
0
0
0
0
0
0
0
0
0
0
0
0
0
0
0
0
0
0
0
0
0
0
0
0
0
0
0
0
0
0
0
0
0
0
0
0
0
0
0
0
0
0
0
0
0
0
17.3353
0
0
0
0
0
0
0
0
0
0
0
0
0
0
0
0
0
0
0
0
0
0
0
0
0
0
0
0
0
0
0
0
0
0
0
0
0
0
0
0
-5.3209
0
0
0
0
0
0
0
0
0
0
0
0
0
0
0
0
0
0
0
0
0
0
0
0
0
0
0
0
0
0
0
0
0
-1.7805
0
0
0
0
0
0
0
0
0
0
0
0
0
0
0
0
0
0
0
0
0
0
0
0
0
0
0
0
0
0
0
0
-2.0881
0
0
0
0
0
0
0
0
0
0
0
0
18.7176
0
0
0
0
0
0
0
0
0
0
-3.5032
0
0
0
-3.3946
0
0
0
-3.8678
0
0
0
0
0
0
0
0
0
-4.0834
0
0
0
0
0
0
0
0
0
0
0
0
0
0
0
0
0
0
0
0
0
0
0
0
0
0
0
0
0
0
0
0
0
0
0
0
0
0
0
0
0
0
0
0
0
0
0
0
0
0
0
0
0
0
0
0
0
0
0
0
0
0
0
0
0
0
0
0
0
0
0
0
0
0
0
0
0
0
0
0
0
0
0
0
0
0
0
0
0
0
0
17.42
0
-3.3072
-3.4764
0
0
0
0
0
0
-3.439
0
0
0
0
0
-3.323
0
0
0
0
0
0
0
0
0
-3.8744
0
0
0
0
0
0
0
0
0
0
0
0
0
0
0
0
0
0
0
0
0
0
0
0
0
0
0
0
0
0
0
0
0
0
0
0
0
0
0
0
0
0
0
0
0
0
0
0
0
0
0
0
0
0
0
0
0
0
0
0
0
0
0
0
0
0
0
0
0
0
0
0
0
0
0
0
0
0
-2.9269
0
0
0
0
0
0
0
0
0
0
0
-2.586
0
0
0
18.4873
0
0
0
0
0
-3.5737
0
0
0
0
0
-3.77
0
0
0
0
0
0
0
0
0
0
0
0
0
0
0
0
0
0
0
0
0
-5.6307
0
0
0
0
0
0
0
0
0
0
0
0
0
0
0
0
0
0
-3.4087
0
-3.4375
0
0
0
0
0
0
0
0
0
0
0
0
0
0
0
0
0
0
0
0
0
0
0
0
0
0
0
0
0
0
0
0
0
0
0
0
0
0
0
0
0
0
0
0
0
0
0
0
0
0
0
0
0
0
0
0
0
0
0
0
0
0
0
-3.3072
0
15.7066
0
0
0
0
0
0
0
0
0
0
0
0
0
0
0
0
0
0
0
0
0
0
0
0
0
0
0
0
0
0
0
0
0
0
0
0
0
0
0
0
0
0
0
0
0
0
0
0
0
-5.5531
0
0
0
0
0
0
0
0
0
0
0
0
0
0
0
0
0
0
0
0
0
0
0
0
0
0
0
0
0
0
0
0
0
0
0
0
0
0
0
0
0
0
0
0
0
0
0
0
0
0
0
0
0
0
0
0
0
0
0
0
0
0
0
0
0
0
0
-3.4764
0
0
15.7188
0
0
0
0
0
0
0
0
0
0
0
0
0
0
0
0
0
0
0
-4.1597
0
0
0
0
0
0
0
0
-3.8902
-4.1924
0
0
0
0
0
0
0
0
0
0
0
0
0
0
0
0
0
0
0
0
0
0
0
0
0
0
0
0
0
0
0
0
0
0
0
0
0
0
0
0
0
0
0
0
0
0
0
0
0
0
0
0
0
0
0
0
0
0
0
0
0
0
0
0
0
0
0
0
0
0
0
0
0
0
0
0
0
0
0
0
0
0
0
0
0
0
0
0
0
0
11.122
0
0
0
0
0
0
-2.7786
0
0
0
-2.6287
0
0
0
0
0
0
0
0
0
0
0
0
0
0
0
-3.6084
0
0
0
0
0
0
0
0
0
0
0
0
0
0
-2.1064
0
0
0
0
0
0
0
0
0
0
0
0
0
0
0
0
0
0
0
0
0
0
-1.0216
0
0
0
0
0
0
0
0
0
0
0
0
0
0
0
0
0
0
0
0
0
0
0
0
0
0
0
0
0
0
0
0
0
0
0
-1.3291
0
0
0
0
0
0
0
0
0
0
0
0
0
0
0
0
0
0
0
10.9445
0
0
0
0
0
0
0
0
0
0
0
0
0
0
0
0
0
0
0
-3.9512
0
0
0
0
0
0
0
0
0
0
0
0
-4.6426
0
0
0
0
0
0
0
0
0
0
0
0
0
0
0
0
0
0
0
0
0
0
0
0
0
0
0
0
0
0
0
0
0
0
0
0
0
-3.89
0
0
0
0
0
0
-3.864
0
0
0
0
0
0
0
0
0
0
0
0
0
0
0
0
0
0
0
0
0
0
0
0
0
0
0
0
0
0
0
0
0
0
0
0
0
0
0
0
0
0
12.7576
0
0
0
0
0
0
0
0
0
0
0
0
0
0
0
0
0
0
0
0
0
0
0
0
0
0
0
0
0
0
-5.0036
0
0
0
0
0
0
0
0
0
0
0
0
0
0
0
0
0
0
0
0
0
0
0
0
0
0
0
0
0
0
0
0
0
0
0
0
0
0
0
0
0
0
0
0
0
0
0
0
0
0
0
0
0
0
0
0
0
0
0
0
0
0
0
0
0
0
0
0
0
0
0
0
-3.4872
0
0
0
0
0
0
0
0
0
0
-3.5737
0
0
0
0
0
10.7424
0
0
0
0
0
0
0
0
0
0
0
0
0
0
0
0
-3.6816
0
0
0
0
0
0
0
0
0
0
0
0
0
0
0
0
0
0
0
0
0
0
0
0
0
0
0
0
0
0
0
0
0
0
0
0
0
0
0
0
0
0
0
0
0
0
0
0
0
0
0
0
0
-2.7284
0
0
0
0
0
0
0
0
0
0
0
0
0
0
0
0
0
0
0
0
0
0
0
0
0
0
0
0
0
0
-2.647
0
0
0
0
0
0
0
0
0
0
0
0
0
0
0
0
0
0
9.8527
0
0
0
0
0
0
0
0
0
0
0
0
0
0
0
0
0
0
0
0
0
0
0
0
0
0
0
0
0
0
0
0
0
0
0
-4.4773
0
0
0
0
0
0
0
0
0
0
0
0
0
0
0
0
0
0
0
0
0
0
-3.6757
0
0
0
0
0
0
0
0
0
0
0
0
0
0
0
0
0
0
0
0
0
0
0
0
0
0
0
0
0
0
0
-3.47
0
0
0
0
0
0
0
0
0
0
0
0
0
0
0
0
0
0
0
0
0
0
0
0
0
0
0
0
0
11.8153
0
0
0
0
0
0
0
0
0
0
0
0
0
0
0
0
0
0
0
0
0
0
0
0
-4.6695
0
0
0
0
0
0
0
0
0
0
0
0
0
0
0
0
0
0
0
0
0
0
0
0
0
0
0
0
0
0
0
0
0
0
0
0
0
0
0
0
0
0
0
-3.8629
0
0
0
0
0
0
0
0
0
0
0
0
0
0
0
0
0
0
0
0
0
0
0
0
0
0
0
0
0
0
0
0
0
0
0
0
0
0
0
0
-3.5032
-3.439
0
0
0
0
0
0
0
0
0
10.8052
0
0
0
0
0
0
0
0
0
0
0
0
0
0
0
0
0
0
0
0
0
0
0
0
0
0
0
0
0
0
0
0
0
0
0
0
0
0
0
0
0
0
0
0
0
0
0
0
0
0
0
0
0
0
0
0
-3.5144
0
0
0
0
0
0
0
0
0
0
0
0
0
0
0
0
0
0
0
0
0
0
0
0
0
0
0
0
0
0
0
0
0
0
0
0
-3.1777
0
0
0
0
0
0
0
0
0
0
0
0
0
0
0
0
0
0
0
-2.7786
0
0
0
0
0
0
9.4706
0
0
0
0
0
0
0
0
0
0
0
0
0
0
0
0
0
0
0
0
0
0
0
0
0
0
0
0
0
0
0
0
0
0
0
0
0
0
0
0
0
0
0
0
0
0
0
0
0
0
0
0
0
0
0
-2.1929
0
0
0
0
0
0
0
0
0
0
0
0
0
0
0
0
0
0
0
0
0
0
0
0
0
0
0
0
0
0
0
0
0
0
0
0
0
0
0
0
0
0
0
0
0
0
0
0
0
0
0
0
0
0
0
0
0
0
0
0
0
0
0
0
11.0721
0
0
0
0
0
0
0
0
0
0
0
-4.5514
0
0
0
0
0
-4.3278
0
0
0
0
0
0
0
0
0
0
0
0
0
0
0
0
0
0
0
0
0
0
0
0
0
0
0
0
0
0
0
0
0
0
0
0
-3.844
0
0
0
0
0
0
0
0
0
0
0
0
0
0
0
0
0
0
0
0
0
0
0
0
0
0
0
0
0
0
0
0
0
0
-3.4546
0
0
0
0
0
0
0
0
0
0
0
0
0
0
0
0
0
0
-3.77
0
0
0
0
0
0
0
0
0
0
0
11.0686
0
0
0
0
0
0
0
0
0
0
0
0
0
0
0
0
0
0
0
0
0
0
0
0
0
0
0
0
0
0
0
0
0
0
0
0
0
0
0
0
0
-3.7475
0
0
0
0
0
0
0
0
0
0
0
0
0
0
0
0
0
0
0
0
0
0
0
0
0
0
0
0
0
0
0
0
0
0
0
0
0
0
0
0
0
0
0
0
0
0
0
0
0
0
0
0
0
0
0
-3.2173
0
0
0
0
0
0
0
-3.3946
0
0
0
0
0
0
0
0
0
0
0
0
0
0
10.3594
0
0
0
0
0
0
0
0
0
0
0
0
0
0
0
0
0
0
0
0
0
0
0
0
0
0
0
0
0
0
0
0
0
0
0
0
0
0
0
0
0
0
0
0
0
0
0
0
0
-3.5559
0
0
0
0
0
0
0
0
0
0
0
0
0
0
0
0
0
0
0
0
0
0
0
0
0
0
0
0
0
0
0
0
-3.3284
0
0
0
0
0
0
0
0
0
0
0
0
0
0
0
0
0
0
0
0
0
0
0
0
0
0
-2.6287
0
0
0
0
0
0
0
0
0
0
9.513
0
0
0
0
0
0
0
0
0
0
0
0
0
0
0
0
0
0
0
0
0
0
0
0
0
0
0
0
0
0
0
0
0
0
0
0
0
0
0
0
0
0
0
0
0
0
0
0
0
0
0
0
0
-3.6848
-3.7267
0
0
0
0
0
0
0
0
0
0
0
0
0
0
0
0
0
0
0
0
0
0
0
0
0
0
0
0
0
0
0
0
0
0
0
0
0
0
0
0
0
0
0
0
0
0
0
0
0
-3.323
0
0
0
0
0
0
0
0
0
0
0
0
0
0
0
10.7344
0
0
0
0
0
0
0
0
0
0
0
0
0
0
0
0
0
0
0
0
0
0
0
0
0
0
0
0
0
0
0
0
0
0
0
0
0
0
0
0
0
0
0
0
0
0
0
0
0
0
0
0
0
0
0
0
0
0
0
0
0
0
0
0
0
0
0
-3.2593
0
0
0
0
0
0
0
0
0
0
0
0
0
0
0
0
0
0
0
0
0
0
0
0
0
0
0
0
0
0
0
0
0
0
0
0
0
0
0
0
0
0
0
0
0
0
0
0
0
0
0
0
11.0715
0
0
0
-3.7262
0
-4.086
0
0
0
0
0
0
0
0
0
0
0
0
0
0
0
0
0
0
0
0
0
0
0
0
0
0
0
0
0
0
0
0
0
0
0
0
0
0
0
0
0
0
0
0
0
0
0
0
0
0
0
0
0
0
0
0
0
0
0
0
0
0
0
0
0
0
0
0
0
0
0
0
0
0
0
0
0
0
0
0
0
0
0
0
0
0
0
0
0
0
0
0
0
0
0
-3.8678
0
0
0
0
0
0
0
0
0
0
0
0
0
0
0
0
0
0
8.0507
0
0
0
0
0
0
0
0
0
0
0
-4.1829
0
0
0
0
0
0
0
0
0
0
0
0
0
0
0
0
0
0
0
0
0
0
0
0
0
0
0
0
0
0
0
0
0
0
0
0
0
0
0
0
0
0
0
0
0
0
0
0
0
0
0
0
0
0
0
0
0
0
0
0
0
0
0
0
0
0
0
0
0
0
0
0
0
0
0
0
-1.1859
0
0
0
0
0
0
0
0
0
0
0
0
0
0
0
0
0
0
0
0
0
0
0
0
0
0
0
0
0
0
0
5.232
-4.0461
0
0
0
0
0
0
0
0
0
0
0
0
0
0
0
0
0
0
0
0
0
0
0
0
0
0
0
0
0
0
0
0
0
0
0
0
0
0
0
0
0
0
0
0
0
0
0
0
0
0
0
0
0
0
0
0
0
0
0
0
0
0
0
0
0
0
0
0
0
0
0
0
0
0
0
0
0
0
0
0
0
0
0
0
0
0
0
0
0
0
0
0
0
0
0
0
0
0
0
0
0
0
0
0
0
0
0
0
0
0
0
0
0
0
0
0
0
0
-4.0461
8.1785
0
0
0
0
0
0
0
0
-4.1324
0
0
0
0
0
0
0
0
0
0
0
0
0
0
0
0
0
0
0
0
0
0
0
0
0
0
0
0
0
0
0
0
0
0
0
0
0
0
0
0
0
0
0
0
0
0
0
0
0
0
0
0
0
0
0
0
0
0
0
0
0
0
-4.7032
0
0
0
0
0
0
0
0
0
0
0
0
0
0
0
0
0
0
0
0
0
0
0
0
0
0
0
0
0
0
0
0
0
0
0
0
0
0
0
0
0
0
0
0
-3.7262
0
0
0
8.4294
0
0
0
0
0
0
0
0
0
0
0
0
0
0
0
0
0
0
0
0
0
0
0
0
0
0
0
0
0
0
0
0
0
0
0
0
0
0
0
0
0
0
0
0
0
0
0
0
0
0
0
0
0
0
0
0
0
0
0
0
0
0
0
0
0
0
0
0
0
0
0
0
0
0
0
0
0
0
0
0
0
0
0
0
0
0
0
0
0
0
0
-4.1941
0
0
0
0
0
0
0
0
0
0
0
0
0
0
0
0
0
0
0
0
0
0
0
0
0
0
0
0
8.4071
0
0
0
0
0
0
0
0
0
0
-4.213
0
0
0
0
0
0
0
0
0
0
0
0
0
0
0
0
0
0
0
0
0
0
0
0
0
0
0
0
0
0
0
0
0
0
0
0
0
0
0
0
0
0
0
0
0
0
0
0
0
0
0
0
0
0
0
0
0
0
0
0
0
0
0
0
0
0
0
0
0
0
0
0
0
0
0
0
0
0
0
0
0
0
0
0
0
0
0
0
0
-4.1597
0
0
0
0
0
0
0
0
0
0
0
0
0
-4.086
0
0
0
0
0
8.2457
0
0
0
0
0
0
0
0
0
0
0
0
0
0
0
0
0
0
0
0
0
0
0
0
0
0
0
0
0
0
0
0
0
0
0
0
0
0
0
0
0
0
0
0
0
0
0
0
0
0
0
0
0
0
0
0
0
0
0
0
0
0
0
0
0
0
0
0
0
0
0
0
0
0
0
0
0
0
0
0
0
0
0
0
0
0
0
0
0
0
0
0
0
0
0
0
0
0
0
0
0
0
0
-3.6816
0
0
0
0
-4.5514
0
0
0
0
0
0
0
0
0
0
0
8.233
0
0
0
0
0
0
0
0
0
0
0
0
0
0
0
0
0
0
0
0
0
0
0
0
0
0
0
0
0
0
0
0
0
0
0
0
0
0
0
0
0
0
0
0
0
0
0
0
0
0
0
0
0
0
0
0
0
0
0
0
0
0
0
0
0
0
0
0
0
0
0
0
0
0
0
0
0
0
0
0
0
0
0
0
0
0
0
0
0
0
0
0
0
0
0
0
0
0
0
0
-3.9512
0
0
0
0
0
0
0
0
0
0
0
0
0
0
0
0
0
0
0
8.5751
0
-4.6239
0
0
0
0
0
0
0
0
0
0
0
0
0
0
0
0
0
0
0
0
0
0
0
0
0
0
-5.29
0
0
0
0
0
0
0
0
0
0
0
0
0
0
0
0
0
0
0
0
0
0
0
0
0
0
0
0
0
0
0
0
0
0
0
0
0
0
0
0
0
0
0
0
0
0
0
0
0
0
0
0
0
0
0
0
0
0
0
0
0
0
0
0
0
-3.8744
0
0
0
0
0
0
0
0
0
0
0
0
0
0
0
0
0
0
0
0
0
0
0
0
0
9.1644
0
0
0
0
0
0
0
0
0
0
0
0
0
0
0
0
0
0
0
0
0
0
0
0
0
0
0
0
0
0
0
0
0
0
0
0
0
0
0
0
0
0
0
0
0
0
0
0
0
0
0
0
0
0
0
0
0
0
0
0
0
0
0
0
0
0
0
0
0
0
0
0
0
0
0
0
0
0
0
0
0
0
0
0
0
-2.4034
0
0
0
0
0
0
0
0
0
0
0
0
0
0
0
0
0
0
0
0
0
0
0
0
0
0
0
0
0
0
0
0
-4.6239
0
7.0273
0
0
0
0
0
0
0
0
0
0
0
0
0
0
0
0
0
0
0
0
0
0
0
0
0
0
0
0
0
0
0
0
0
0
0
0
0
0
0
0
0
0
0
0
0
0
0
0
0
0
0
0
0
0
0
0
0
0
0
0
0
0
0
0
0
0
0
0
0
0
0
0
0
0
0
-4.2832
0
0
0
0
0
0
0
0
0
0
0
0
0
0
0
-4.0834
0
0
0
0
0
0
0
0
0
0
0
0
0
0
0
0
0
0
0
0
0
0
0
0
0
0
0
0
8.3667
0
0
0
0
0
0
0
0
0
0
0
0
0
0
0
0
0
0
0
0
0
0
0
0
0
0
0
0
0
0
0
0
0
0
0
0
0
0
0
0
0
0
0
0
0
0
0
0
0
0
0
0
0
0
0
0
0
0
0
0
0
0
0
0
0
0
0
0
0
0
-0.70801
0
0
0
0
0
0
0
0
0
0
0
0
0
0
0
0
0
0
0
0
0
0
0
0
0
0
0
0
0
0
0
0
0
0
0
0
0
0
0
0
-4.1324
0
0
0
0
0
0
0
0
4.8404
0
0
0
0
0
0
0
0
0
0
0
0
0
0
0
0
0
0
0
0
0
0
0
0
0
0
0
0
0
0
0
0
0
0
0
0
0
0
0
0
0
0
0
0
0
0
0
0
0
0
0
0
0
0
0
0
0
0
0
0
0
0
0
0
0
0
0
0
0
0
0
0
0
0
0
0
0
0
0
0
0
0
0
0
0
0
0
0
0
0
0
0
0
0
0
0
0
0
0
0
0
0
-4.3278
0
0
0
0
0
-4.1829
0
0
0
0
0
0
0
0
0
0
0
8.5107
0
0
0
0
0
0
0
0
0
0
0
0
0
0
0
0
0
0
0
0
0
0
0
0
0
0
0
0
0
0
0
0
0
0
0
0
0
0
0
0
0
0
0
0
0
0
0
0
0
0
0
0
0
0
0
0
0
0
-3.6809
0
0
0
0
0
0
0
0
0
0
0
0
0
0
0
0
0
0
0
0
0
0
0
0
0
0
0
0
0
0
0
0
0
0
-3.6084
0
0
0
0
0
0
0
0
0
0
0
0
0
0
0
0
0
0
0
0
0
0
0
0
0
0
7.2893
0
0
0
0
0
0
0
0
0
0
0
0
0
0
0
0
0
0
0
0
0
0
0
0
0
0
0
0
0
0
0
0
0
0
0
0
0
0
0
0
0
0
0
0
0
0
-4.8163
0
0
0
0
0
0
0
0
0
0
0
0
0
0
0
0
0
0
0
0
0
0
0
0
0
0
0
0
0
0
0
0
0
0
0
0
0
0
0
0
0
0
0
0
-3.8902
0
0
0
0
0
0
0
0
0
0
0
0
0
0
0
0
0
0
0
0
0
0
0
0
0
0
0
0
8.7065
0
0
0
0
0
0
0
0
0
0
0
0
0
0
0
0
0
0
0
0
0
0
0
0
0
0
0
0
0
0
0
0
0
0
0
0
0
0
0
0
0
0
0
0
0
0
0
0
0
0
0
0
0
0
0
0
0
0
0
0
0
0
0
0
0
0
0
0
0
0
0
0
0
0
0
0
0
0
0
0
0
0
0
0
0
0
0
0
0
0
-4.1924
0
0
0
0
0
0
0
0
0
0
0
0
0
0
0
0
0
0
-4.213
0
0
0
0
0
0
0
0
0
0
8.4054
0
0
0
0
0
0
0
0
0
0
0
0
0
0
0
0
0
0
0
0
0
0
0
0
0
0
0
0
0
0
0
0
0
0
0
0
0
0
0
0
0
0
0
0
0
0
0
0
0
0
0
0
0
0
0
0
0
0
0
0
0
0
0
0
0
0
0
0
0
0
0
0
0
0
0
0
0
0
0
0
0
0
0
0
0
0
0
0
0
0
0
0
0
0
0
-4.6695
0
0
0
0
0
0
0
0
0
0
0
0
0
0
0
0
0
0
0
0
0
0
0
0
4.6695
0
0
0
0
0
0
0
0
0
0
0
0
0
0
0
0
0
0
0
0
0
0
0
0
0
0
0
0
0
0
0
0
0
0
0
0
0
0
0
0
0
0
0
0
0
0
0
0
0
0
0
0
0
0
0
0
0
0
0
0
0
0
0
0
0
0
0
0
0
0
0
0
0
0
0
0
0
0
0
0
0
0
0
0
0
0
-5.6307
0
0
0
0
0
0
0
0
0
0
0
0
0
0
0
0
0
0
0
0
0
0
0
0
0
0
0
0
0
0
0
0
0
5.6307
0
0
0
0
0
0
0
0
0
0
0
0
0
0
0
0
0
0
0
0
0
0
0
0
0
0
0
0
-7.5655
0
0
0
0
0
0
0
0
0
0
0
0
0
0
0
0
0
0
0
0
0
0
0
0
0
0
0
0
0
0
0
0
0
0
0
0
0
0
0
0
0
0
0
0
0
0
0
0
0
0
0
0
0
0
0
0
0
0
0
0
0
0
0
0
0
0
0
0
0
0
0
0
0
0
0
0
0
0
0
0
0
0
0
0
0
0
0
0
0
0
0
7.5655
0
0
0
0
0
0
0
0
0
0
0
0
0
0
0
0
0
0
0
0
0
0
0
0
0
0
0
0
0
0
0
0
0
0
0
0
0
0
0
0
0
0
0
0
0
0
0
0
0
0
0
0
0
0
0
0
0
0
0
0
0
0
0
0
0
0
0
0
0
0
0
0
0
0
0
0
0
0
0
0
0
0
0
0
0
0
0
0
0
-5.0036
0
0
0
0
0
0
0
0
0
0
0
0
0
0
0
0
0
0
0
0
0
0
0
0
0
0
0
0
0
0
5.0036
0
0
0
0
0
0
0
0
0
0
0
0
0
0
0
0
0
0
0
0
0
0
0
0
0
0
0
0
0
0
0
0
0
0
0
0
0
0
0
0
0
0
0
0
0
0
0
0
0
0
0
0
0
0
0
0
0
0
0
0
0
0
0
0
0
0
0
0
0
0
0
0
0
0
0
0
0
0
0
0
0
0
0
0
0
0
0
-4.6426
0
0
0
0
0
0
0
0
0
0
0
0
0
0
0
0
0
0
0
0
0
0
0
0
0
0
0
0
0
0
0
0
4.6426
0
0
0
0
0
0
0
0
0
0
0
0
0
0
0
0
0
0
0
0
0
0
0
0
0
0
0
0
0
0
0
0
0
0
0
0
0
0
0
0
0
0
0
0
0
0
0
0
0
0
0
0
0
0
0
0
0
0
0
0
0
0
0
0
0
0
0
0
0
0
0
0
0
0
0
0
0
0
0
-5.3209
0
0
0
0
0
0
0
0
0
0
0
0
0
0
0
0
0
0
0
0
0
0
0
0
0
0
0
0
0
0
0
0
0
0
0
0
0
0
0
0
5.3209
0
0
0
0
0
0
0
0
0
0
0
0
0
0
0
0
0
0
0
0
0
0
0
0
0
0
0
0
0
0
0
0
0
0
0
0
0
0
0
0
0
0
0
0
0
-6.3916
0
0
0
0
0
0
0
0
0
0
0
0
0
0
0
0
0
0
0
0
0
0
0
0
0
0
0
0
0
0
0
0
0
0
0
0
0
0
0
0
0
0
0
0
0
0
0
0
0
0
0
0
0
0
0
0
0
0
0
0
0
0
0
0
0
0
0
0
0
0
0
0
0
0
6.3916
0
0
0
0
0
0
0
0
0
0
0
0
0
0
0
0
0
0
0
0
0
0
0
0
0
0
0
0
0
0
0
0
0
0
0
0
0
0
0
0
0
0
0
0
0
0
0
0
0
0
0
0
0
0
0
0
-5.792
0
0
0
0
0
0
0
0
0
0
0
0
0
0
0
0
0
0
0
0
0
0
0
0
0
0
0
0
0
0
0
0
0
0
0
0
0
0
0
0
0
0
0
0
0
0
0
0
0
0
0
0
0
0
0
0
0
0
0
0
0
0
0
5.792
0
0
0
0
0
0
0
0
0
0
0
0
0
-7.9729
0
0
0
0
0
0
0
0
0
0
0
0
0
0
0
0
0
0
0
0
0
0
0
0
0
0
0
0
0
0
0
0
0
0
0
0
0
0
0
0
0
0
0
0
0
0
0
0
0
0
0
0
0
0
0
0
0
0
0
0
0
0
0
0
0
0
0
0
0
0
0
0
0
0
0
0
0
0
0
0
0
0
0
0
0
0
0
0
0
0
0
0
0
0
0
0
0
0
0
0
0
0
0
0
0
0
7.9729
0
0
0
0
0
0
0
0
0
0
0
0
0
0
0
0
0
0
0
0
0
0
0
0
0
0
0
0
0
0
0
0
0
0
-7.27
0
0
0
0
0
0
0
0
0
0
0
0
0
0
0
0
0
0
0
0
0
0
0
0
0
0
0
0
0
0
0
0
0
0
0
0
0
0
0
0
0
0
0
0
0
0
0
0
0
0
0
0
0
0
0
0
0
0
0
0
0
0
0
0
0
0
0
0
0
0
0
0
0
0
0
0
0
0
0
0
0
0
0
0
0
7.27
0
0
0
0
0
0
0
0
0
0
0
0
0
0
0
0
0
0
0
0
0
0
0
0
0
0
0
0
0
0
0
0
0
0
0
0
0
0
0
0
0
0
0
0
0
0
0
0
0
0
0
0
0
0
0
0
0
0
0
0
0
0
0
0
0
0
0
0
0
0
0
0
0
0
0
0
0
0
0
0
0
0
0
0
-4.4773
0
0
0
0
0
0
0
0
0
0
0
0
0
0
0
0
0
0
0
0
0
0
0
0
0
0
0
0
0
0
0
0
0
0
0
4.4773
0
0
0
0
0
0
0
0
0
0
0
0
0
0
0
0
0
0
0
0
0
0
0
0
0
0
0
0
0
0
0
0
0
0
0
0
0
0
0
0
0
0
0
0
0
0
0
0
0
0
0
0
0
0
0
0
0
0
0
0
0
0
0
0
0
0
0
-4.7175
0
0
0
0
0
0
0
0
0
0
0
0
0
0
0
0
0
0
0
0
0
0
0
0
0
0
0
0
0
0
0
0
0
0
0
0
0
0
0
0
0
0
0
0
0
0
0
0
0
0
0
0
4.7175
0
0
0
0
0
0
0
0
0
0
0
0
0
0
0
0
0
0
0
0
0
0
0
0
0
0
0
0
0
0
0
0
0
0
0
0
0
0
0
0
0
0
0
0
0
0
0
0
0
0
0
0
0
0
0
0
0
0
0
0
0
0
0
0
0
0
0
0
0
0
0
0
0
0
0
0
0
0
-2.1064
0
0
0
0
0
0
0
0
0
0
0
0
0
0
0
0
0
0
0
0
0
0
0
0
0
0
0
0
0
0
0
0
0
0
0
0
0
0
0
0
0
2.1064
0
0
0
0
0
0
0
-7.9354
0
0
0
0
0
0
0
0
0
0
0
0
0
0
0
0
0
0
0
0
0
0
0
0
0
0
0
0
0
0
0
0
0
0
0
0
0
0
0
0
0
0
0
0
0
0
0
0
0
0
0
0
0
0
0
0
0
0
0
0
0
0
0
0
0
0
0
0
0
0
0
0
0
0
0
0
0
0
0
0
0
0
0
0
0
0
0
0
0
0
0
0
0
0
0
0
0
0
0
0
0
0
0
0
0
0
0
0
0
0
0
0
7.9354
0
0
0
0
0
0
0
0
0
0
0
-7.9595
0
0
0
0
0
0
0
0
0
0
0
0
0
0
0
0
0
0
0
0
0
0
0
0
0
0
0
0
0
0
0
0
0
0
0
0
0
0
0
0
0
0
0
0
0
0
0
0
0
0
0
0
0
0
0
0
0
0
0
0
0
0
0
0
0
0
0
0
0
0
0
0
0
0
0
0
0
0
0
0
0
0
0
0
0
0
0
0
0
0
0
0
0
0
0
0
0
0
0
0
0
0
0
0
0
0
0
0
7.9595
0
0
0
0
0
0
0
0
0
0
0
0
0
0
0
0
0
0
0
0
0
0
0
0
0
0
0
0
0
0
0
0
-6.6756
0
0
0
0
0
0
0
0
0
0
0
0
0
0
0
0
0
0
0
0
0
0
0
0
0
0
0
0
0
0
0
0
0
0
0
0
0
0
0
0
0
0
0
0
0
0
0
0
0
0
0
0
0
0
0
0
0
0
0
0
0
0
0
0
0
0
0
0
0
0
0
0
0
0
0
0
0
0
0
0
0
0
0
0
0
0
0
6.6756
0
0
0
0
0
0
0
0
0
0
0
0
0
0
0
0
0
0
-7.3989
0
0
0
0
0
0
0
0
0
0
0
0
0
0
0
0
0
0
0
0
0
0
0
0
0
0
0
0
0
0
0
0
0
0
0
0
0
0
0
0
0
0
0
0
0
0
0
0
0
0
0
0
0
0
0
0
0
0
0
0
0
0
0
0
0
0
0
0
0
0
0
0
0
0
0
0
0
0
0
0
0
0
0
0
0
0
0
0
0
0
0
0
0
0
0
0
0
0
0
0
0
7.3989
0
0
0
0
0
0
0
0
0
0
0
0
0
0
0
0
0
0
0
0
0
0
0
0
0
0
0
0
0
0
0
0
0
0
0
0
0
0
0
0
0
-6.0232
0
0
0
0
0
0
0
0
0
0
0
0
0
0
0
0
0
0
0
0
0
0
0
0
0
0
0
0
0
0
0
0
0
0
0
0
0
0
0
0
0
0
0
0
0
0
0
0
0
0
0
0
0
0
0
0
0
0
0
0
0
0
0
0
0
0
0
0
0
0
0
0
0
0
0
0
0
0
6.0232
0
0
0
0
0
0
0
0
0
0
0
0
0
0
0
0
0
0
0
0
0
0
0
0
0
0
0
0
0
0
0
0
0
0
0
0
0
0
0
0
0
0
0
0
0
0
0
0
0
0
0
0
0
0
0
0
0
0
0
0
0
0
0
0
0
0
0
0
0
0
-5.5531
0
0
0
0
0
0
0
0
0
0
0
0
0
0
0
0
0
0
0
0
0
0
0
0
0
0
0
0
0
0
0
0
0
0
0
0
0
0
0
0
0
0
0
0
0
0
0
0
0
5.5531
0
0
0
0
0
0
0
0
0
0
0
0
0
0
0
0
0
0
0
0
0
0
0
0
0
0
0
0
0
0
0
0
0
0
0
0
0
0
0
0
0
0
0
0
0
-5.526
0
0
0
0
0
0
0
0
0
0
0
0
0
0
0
0
0
0
0
0
0
0
0
0
0
0
0
0
0
0
0
0
0
0
0
0
0
0
0
0
0
0
0
0
0
0
0
0
0
0
0
0
0
0
0
0
0
0
0
0
0
0
0
0
0
0
0
0
0
0
0
0
0
0
5.526
