1
0.96675
0.95001
0.93817
0.92977
0.91802
0.91341
0.90351
0.89439
0.88588
0.87781
0.87009
0.86263
0.85539
0.84829
0.84132
0.83442
0.8276
0.82089
0.8143
0.80781
0.80143
0.79517
0.7891
0.7833
0.77772
0.77225
0.7667
0.76094
0.75499
0.74905
0.74334
0.73795
0.73289
0.7281
0.72357
0.71932
0.71535
0.71164
0.70821
0.70503
0.70208
0.69935
0.69683
0.69451
0.69237
0.69042
0.68863
0.687
0.68553
0.68419
0.68297
0.68187
0.68087
0.67995
0.67911
0.67834
0.67761
0.67693
0.67628
0.67565
0.67503
0.6744
0.67378
0.67314
0.67249
0.67183
0.67116
0.67048
0.6698
0.66913
0.66847
0.66782
0.66719
0.6666
0.66603
0.6655
0.66502
0.6646
0.66423
0.66391
0.66365
0.66343
0.66324
0.66308
0.66292
0.66277
0.6626
0.66241
0.6622
0.66197
0.6617
0.66141
0.66108
0.66073
0.66034
0.65992
0.65947
0.659
0.65851
0.65801
0.6575
0.65699
0.65648
0.65596
0.65544
0.6549
0.65436
0.65379
0.6532
0.65257
0.65191
0.65119
0.65041
0.64956
0.64863
0.64761
0.64649
0.64526
0.64391
0.64244
0.64085
0.63916
0.63739
0.63557
0.63375
0.63197
0.6303
0.62879
0.62746
0.62632
0.62536
0.62455
0.62387
0.6233
0.62281
0.62238
0.62201
0.62167
0.62137
0.62108
0.62081
0.62055
0.6203
0.62004
