1
0.96529
0.94509
0.93302
0.92406
0.91192
0.90659
0.89368
0.881
0.87086
0.86285
0.85683
0.85246
0.84936
0.84678
0.84439
0.84202
0.83971
0.83744
0.83522
0.83305
0.83096
0.82893
0.82695
0.82501
0.82308
0.82116
0.81924
0.81733
0.81545
0.81359
0.81177
0.80998
0.80824
0.80653
0.80487
0.80325
0.80166
0.80012
0.79864
0.79724
0.79593
0.79476
0.79375
0.79289
0.79219
0.79162
0.79116
0.79077
0.79043
0.79009
0.78973
0.78933
0.78888
0.78836
0.78778
0.78719
0.78665
0.78626
0.78613
0.78633
0.78689
0.78778
0.78893
0.79025
0.79168
0.79316
0.79466
0.79617
0.79767
0.79915
0.80061
0.80203
0.80337
0.80463
0.80579
0.80683
0.80771
0.80842
0.80891
0.80913
0.80904
0.80864
0.80798
0.80722
0.80656
0.80613
0.80597
0.80609
0.80645
0.80702
0.80774
0.8086
0.80956
0.81059
0.81166
0.81276
0.81386
0.81494
0.81599
0.81701
0.81799
0.81893
0.81982
0.82068
0.82149
0.82226
0.82297
0.82363
0.82424
0.82479
0.82528
0.82572
0.82611
0.82646
0.82676
0.82704
0.8273
0.82755
0.8278
0.82806
0.82834
0.82866
0.829
0.82938
0.8298
0.83024
0.8307
0.83117
0.83164
0.8321
0.83255
0.83298
0.8334
0.8338
0.83417
0.83452
0.83484
0.83513
0.83538
0.83561
0.8358
0.83596
0.83608
0.83619
