1
0.97875
0.96499
0.95358
0.94464
0.93748
0.93177
0.92173
0.91295
0.90519
0.89831
0.89213
0.88651
0.88136
0.87657
0.87208
0.86783
0.86378
0.85989
0.85614
0.85251
0.84899
0.84556
0.84221
0.83894
0.83575
0.83262
0.82958
0.8266
0.82369
0.82084
0.81806
0.81533
0.81266
0.81004
0.80747
0.80495
0.80247
0.80005
0.79767
0.79534
0.79306
0.79084
0.78867
0.78656
0.7845
0.78249
0.78054
0.77864
0.77678
0.77497
0.7732
0.77145
0.76974
0.76806
0.76639
0.76475
0.76313
0.76153
0.75994
0.75837
0.75681
0.75527
0.75374
0.75222
0.75071
0.7492
0.74771
0.74622
0.74474
0.74327
0.7418
0.74034
0.73888
0.73743
0.73599
0.73455
0.73311
0.73167
0.73024
0.72881
0.72739
0.72596
0.72453
0.72309
0.72165
0.72021
0.71877
0.71732
0.71587
0.71442
0.71297
0.71153
0.71008
0.70864
0.7072
0.70576
0.70433
0.7029
0.70148
0.70007
0.69866
0.69726
0.69587
0.69449
0.69311
0.69174
0.69038
0.68903
0.68768
0.68634
0.685
0.68367
0.68234
0.68101
0.67969
0.67837
0.67706
0.67574
0.67443
0.67312
0.67181
0.6705
0.66919
0.66788
0.66656
0.66524
0.66392
0.66259
0.66127
0.65994
0.6586
0.65727
0.65593
0.65459
0.65325
0.65191
0.65058
0.64924
0.6479
0.64657
0.64524
0.64391
0.64259
0.64126
0.63994
0.63862
0.63729
0.63597
0.63464
0.63332
0.63199
0.63066
0.62933
0.628
0.62667
0.62535
0.62404
0.62273
0.62145
0.62018
0.61894
0.61772
0.61653
0.61537
0.61424
0.61314
0.61208
0.61105
0.61005
0.60908
0.60815
0.60724
0.60635
0.60549
0.60465
0.60383
0.60303
0.60225
0.60148
0.60073
0.59998
0.59925
0.59852
0.59781
0.5971
0.5964
0.5957
0.595
0.59431
0.59362
0.59294
0.59226
0.59158
0.5909
0.59023
0.58955
0.58888
0.58822
0.58755
0.58689
0.58624
0.58559
0.58494
0.5843
0.58366
0.58303
0.5824
0.58178
0.58116
0.58055
0.57995
0.57934
0.57875
0.57816
0.57758
0.577
0.57642
0.57586
0.57529
0.57474
0.57419
0.57364
0.5731
0.57257
0.57204
