1
1.7138
1.8171
1.8181
1.8782
1.8727
1.9733
2.0269
2.0887
2.1414
2.1911
2.2379
2.282
2.3242
2.3646
2.4035
2.441
2.4772
2.5122
2.5461
2.5791
2.6114
2.6428
2.6733
2.7028
2.7315
2.7594
2.7865
2.813
2.8388
2.864
2.8887
2.9128
2.9365
2.9596
2.9822
3.0044
3.0261
3.0475
3.0686
3.0894
3.1098
3.1298
3.1493
3.1683
3.1869
3.2051
3.2229
3.2405
3.2578
3.2749
3.2918
3.3084
3.3248
3.3409
3.3567
3.3723
3.3877
3.4029
3.4178
3.4326
3.4472
3.4616
3.4758
3.4898
3.5037
3.5173
3.5308
3.5441
3.5573
3.5703
3.5832
3.596
3.6087
3.6213
3.6338
3.6462
3.6584
3.6706
3.6827
3.6947
3.7066
3.7184
3.7301
3.7417
3.7532
3.7646
3.7759
3.787
3.7981
3.8091
3.8201
3.8309
3.8416
3.8523
3.8629
3.8735
3.884
3.8944
3.9047
3.915
3.9252
3.9354
3.9455
3.9556
3.9657
3.9757
3.9857
3.9956
4.0056
4.0155
4.0255
4.0355
4.0454
4.0554
4.0654
4.0753
4.0853
4.0953
4.1053
4.1153
4.1254
4.1354
4.1454
4.1554
4.1654
4.1755
4.1855
4.1955
4.2054
4.2154
4.2252
4.235
4.2447
4.2544
4.2639
4.2734
4.2827
4.292
4.3012
4.3103
4.3193
4.3282
4.337
4.3457
4.3543
4.3628
4.3712
4.3794
4.3876
4.3955
4.4034
4.411
4.4186
4.4259
4.4331
4.4401
4.447
4.4538
4.4604
4.4669
4.4732
4.4794
4.4855
4.4915
4.4974
4.5032
4.5089
4.5145
4.52
4.5254
4.5307
4.536
4.5411
4.5462
4.5512
