1
0.98451
0.97561
0.96986
0.96479
0.96116
0.95559
0.95068
0.94617
0.94191
0.93778
0.93372
0.92971
0.92578
0.92198
0.91834
0.91488
0.91159
0.90847
0.90548
0.9026
0.89982
0.89712
0.89448
0.8919
0.88938
0.88691
0.88449
0.88213
0.87982
0.87756
0.87535
0.87319
0.87109
0.86903
0.86703
0.86506
0.86313
0.86124
0.85938
0.85755
0.85575
0.85397
0.85221
0.85047
0.84875
0.84705
0.84537
0.8437
0.84205
0.84041
0.83879
0.83718
0.83558
0.83399
0.83241
0.83085
0.82929
0.82774
0.82621
0.82468
0.82316
0.82164
0.82014
0.81865
0.81716
0.81569
0.81423
0.81277
0.81131
0.80986
0.80841
0.80697
0.80552
0.80408
0.80265
0.80121
0.79979
0.79837
0.79695
0.79554
0.79414
0.79275
0.79136
0.78998
0.78861
0.78725
0.7859
0.78456
0.78322
0.7819
0.78058
0.77928
0.77798
0.77669
0.77541
0.77414
0.77288
0.77163
0.77039
0.76915
0.76793
0.76672
0.76551
0.76432
0.76313
0.76195
0.76079
0.75963
0.75849
0.75735
0.75623
0.75511
0.75401
0.75292
0.75184
0.75077
0.74971
0.74867
0.74763
0.74661
0.7456
0.7446
0.74361
0.74263
0.74166
0.7407
0.73975
0.73881
0.73789
0.73697
0.73606
0.73516
0.73427
0.73339
0.73253
0.73167
0.73082
0.72998
0.72914
0.72832
0.72751
0.72671
0.72592
0.72513
0.72436
0.72359
0.72283
0.72208
0.72134
0.72061
0.71989
0.71917
0.71846
0.71776
0.71706
0.71637
0.71569
0.71502
0.71435
0.71369
0.71303
0.71239
0.71174
0.71111
0.71049
0.70986
0.70925
0.70864
0.70804
0.70745
