1
0.98412
0.9774
0.97472
0.97232
0.97083
0.96943
0.96841
0.96743
0.96672
0.96601
0.96545
0.96491
0.96444
0.96259
0.96085
0.95929
0.95775
0.9563
0.95483
0.95341
0.95196
0.95052
0.94907
0.94763
0.94618
0.94474
0.9433
0.94186
0.94044
0.93902
0.93762
0.93623
0.93486
0.93351
0.93218
0.93087
0.92957
0.92829
0.92703
0.92579
0.92455
0.92333
0.92213
0.92092
0.91973
0.91854
0.91735
0.91617
0.91498
0.91379
0.9126
0.9114
0.91021
0.90902
0.90783
0.90665
0.90547
0.90429
0.90312
0.90195
0.90079
0.89964
0.8985
0.89737
0.89625
0.89514
0.89405
0.89296
0.89187
0.89078
0.88969
0.8886
0.88751
0.88642
0.88532
0.88421
0.88311
0.882
0.8809
0.8798
0.87871
0.87762
0.87655
0.87549
0.87444
0.87341
0.87239
0.87138
0.87039
0.86941
0.86845
0.8675
0.86655
0.86562
0.8647
0.86379
0.86288
0.86199
0.8611
0.86022
0.85934
0.85848
0.85762
0.85678
0.85595
0.85513
0.85433
0.85355
0.85278
0.85204
0.85133
0.85063
0.84997
0.84932
0.84871
0.84811
0.84755
0.847
0.84647
0.84597
0.84548
0.84501
0.84455
0.84412
0.8437
0.84329
0.8429
0.84251
0.84214
0.84178
0.84142
0.84107
0.84073
0.84039
0.84005
0.83971
0.83938
0.83904
0.8387
0.83836
0.83802
0.83768
0.83733
0.83698
0.83663
0.83628
0.83593
0.83557
0.83521
0.83485
0.8345
0.83414
0.83378
0.83342
0.83306
0.8327
0.83233
0.83197
0.83161
0.83125
0.83088
0.83052
0.83015
0.82979
0.82943
0.82906
0.8287
0.82834
0.82798
0.82762
0.82725
0.82689
0.82653
0.82617
0.82581
0.82545
0.82509
0.82473
0.82437
0.82401
0.82365
0.82329
0.82293
0.82258
0.82222
0.82187
0.82151
0.82116
0.82081
0.82046
0.82011
0.81976
0.81941
0.81906
0.81872
0.81838
0.81803
0.81769
0.81735
0.81702
0.81668
0.81634
0.81601
0.81568
0.81535
0.81502
0.81469
0.81437
0.81404
0.81373
0.81341
0.81309
0.81278
0.81247
0.81216
0.81186
0.81155
0.81125
0.81096
0.81066
0.81036
0.81007
0.80978
0.80949
0.8092
0.80892
0.80863
0.80835
0.80807
0.80778
