1
0.96996
0.95758
0.95082
0.94556
0.94109
0.93737
0.93438
0.92727
0.92082
0.91493
0.90944
0.90427
0.89937
0.89474
0.89033
0.88613
0.8821
0.87822
0.8745
0.87092
0.86747
0.86415
0.86096
0.85789
0.85492
0.85205
0.84926
0.84654
0.8439
0.84134
0.83886
0.83646
0.83413
0.83189
0.82971
0.82761
0.82556
0.82356
0.82159
0.81966
0.81776
0.81589
0.81404
0.81219
0.81035
0.8085
0.80664
0.80475
0.80285
0.80092
0.79898
0.79703
0.79509
0.79318
0.7913
0.78947
0.78769
0.78596
0.7843
0.78269
0.78115
0.77966
0.77823
0.77685
0.77553
0.77426
0.77305
0.77188
0.77075
0.76967
0.76863
0.76763
0.76666
0.76573
0.76482
0.76395
0.7631
0.76228
0.76148
0.76069
0.75993
0.75918
0.75845
0.75773
0.75702
0.75634
0.75567
0.75501
0.75436
0.75371
0.75306
0.75241
0.75174
0.75104
0.75032
0.74957
0.74877
0.74793
0.74705
0.74611
0.74511
0.74404
0.74291
0.74171
0.74041
0.739
0.73746
0.73578
0.73398
0.73209
0.7302
0.72837
0.72665
0.72505
0.72357
0.72221
0.72093
0.71975
0.71864
0.7176
0.71661
0.71569
0.71481
0.71397
0.71318
0.71242
0.7117
0.71101
0.71035
0.70972
0.70912
0.70853
0.70797
0.70743
0.7069
0.70639
0.70588
0.70539
0.70491
0.70444
0.70396
0.70349
0.70302
0.70254
0.70205
0.70156
0.70105
0.70052
0.69997
0.69939
0.69879
0.69817
0.69751
0.69682
0.69609
0.69532
0.69452
0.69368
0.6928
