1
0.96021
0.93871
0.9227
0.91258
0.90365
0.89692
0.89017
0.88538
0.88069
0.8682
0.85644
0.8457
0.83573
0.82647
0.81786
0.80983
0.80233
0.79527
0.78856
0.78219
0.77615
0.77043
0.76504
0.75993
0.75507
0.75039
0.74586
0.74148
0.73726
0.73322
0.72938
0.72579
0.72243
0.71932
0.71643
0.7137
0.71108
0.70852
0.70595
0.70336
0.70073
0.69809
0.69547
0.69288
0.69037
0.68796
0.68566
0.68349
0.68145
0.67954
0.67775
0.67606
0.67444
0.67288
0.67134
0.6698
0.66825
0.66668
0.66511
0.66354
0.662
0.66049
0.65903
0.65763
0.65629
0.655
0.65374
0.6525
0.65125
0.64998
0.64869
0.64736
0.64599
0.6446
0.64319
0.64178
0.64036
0.63894
0.63753
0.63611
0.63471
0.63331
0.63194
0.6306
0.6293
0.62804
0.62684
0.6257
0.62462
0.6236
0.62264
0.62173
0.62085
0.61999
0.61915
0.61832
0.6175
0.61669
0.61589
0.61511
0.61434
0.61358
0.61284
0.6121
0.61137
0.61064
0.60993
0.60923
0.60856
0.60791
0.60729
0.60671
0.60616
0.60564
0.60516
0.6047
0.60427
0.60385
0.60344
0.60304
0.60263
0.60221
0.60177
0.60131
0.60083
0.60031
0.59978
0.59922
0.59863
0.59803
0.59741
0.59678
0.59613
0.59548
0.59482
0.59416
0.5935
0.59282
0.59215
0.59147
0.59078
0.59008
0.58938
0.58867
0.58795
0.58723
0.58651
0.58579
0.58507
0.58435
0.58363
0.58293
