1
0.95986
0.94032
0.92709
0.91807
0.91109
0.90519
0.90006
0.89587
0.89227
0.88192
0.87275
0.86453
0.85716
0.85048
0.8444
0.8388
0.83356
0.82854
0.82359
0.8186
0.81352
0.80834
0.80313
0.79802
0.79313
0.78853
0.78425
0.78029
0.77662
0.7732
0.76998
0.76692
0.76396
0.76106
0.75817
0.75528
0.75235
0.74943
0.74658
0.7439
0.74149
0.73939
0.73762
0.73617
0.73502
0.73415
0.73353
0.73316
0.73298
0.73299
0.73314
0.73341
0.73376
0.73417
0.7346
0.73504
0.73547
0.73586
0.73621
0.73649
0.73669
0.73678
0.73676
0.7366
0.73632
0.73589
0.73535
0.73468
0.7339
0.733
0.732
0.7309
0.7297
0.72841
0.72703
0.72558
0.72407
0.72251
0.72094
0.71935
0.71776
0.71617
0.7146
0.71304
0.71152
0.71005
0.70867
0.7074
0.70625
0.70523
0.70432
0.7035
0.70273
0.70198
0.7012
0.70036
0.69942
0.69835
0.69712
0.69572
0.69416
0.69252
0.69089
0.68938
0.68806
0.68696
0.68607
0.68534
0.68473
0.68422
0.68376
0.68333
0.68293
0.68252
0.68211
0.68169
0.68125
0.6808
0.68034
0.67988
0.67942
0.67897
0.67854
0.67812
0.6777
0.67729
0.67688
0.67646
0.67602
0.67554
0.67503
0.67447
0.67386
0.67321
0.6725
0.67175
0.67096
0.67014
0.6693
0.66845
0.66759
0.66673
0.66587
0.66503
0.66419
0.66337
0.66256
0.66177
0.66099
0.66022
0.65947
0.65873
