1
0.97134
0.95817
0.94949
0.94277
0.93329
0.92494
0.91752
0.9109
0.90485
0.89929
0.89414
0.88932
0.8848
0.88054
0.87653
0.87275
0.86919
0.86582
0.86266
0.85966
0.85684
0.85416
0.8516
0.84916
0.84683
0.84459
0.84244
0.84038
0.8384
0.83651
0.8347
0.83296
0.83131
0.82974
0.82824
0.82682
0.82548
0.82423
0.82306
0.82199
0.82101
0.82013
0.81934
0.81862
0.81796
0.81734
0.81672
0.81612
0.81552
0.8149
0.81428
0.81364
0.81301
0.81237
0.81173
0.8111
0.81046
0.80984
0.80922
0.8086
0.808
0.8074
0.80681
0.80623
0.80566
0.8051
0.80456
0.80403
0.80352
0.80303
0.80256
0.8021
0.80165
0.80121
0.80077
0.80033
0.79989
0.79944
0.79897
0.79848
0.79797
0.79743
0.79686
0.79626
0.79563
0.79498
0.79431
0.79362
0.79291
0.79221
0.7915
0.7908
0.7901
0.78941
0.78874
0.78807
0.78741
0.78676
0.78612
0.78548
0.78484
0.7842
0.78354
0.78286
0.78215
0.7814
0.78061
0.77977
0.77887
0.77792
0.77692
0.77588
0.77481
0.77371
0.77259
0.77147
0.77035
0.76924
0.76815
0.76708
0.76605
0.76505
0.76409
0.76317
0.76229
0.76146
0.76067
0.75993
0.75924
0.7586
0.758
0.75746
0.75696
0.7565
0.75607
0.75569
0.75533
0.755
0.75469
0.75441
0.75414
0.75388
0.75363
0.75339
0.75316
0.75293
0.75271
0.75248
0.75226
0.75203
0.7518
0.75156
0.75132
0.75107
