1
0.9868
0.98006
0.97565
0.97286
0.97044
0.96846
0.96499
0.96175
0.95876
0.95592
0.95324
0.95067
0.9482
0.94583
0.94354
0.94132
0.93917
0.93708
0.93505
0.93306
0.93113
0.92925
0.92742
0.92564
0.92391
0.92221
0.92054
0.9189
0.91728
0.91569
0.91412
0.91257
0.91105
0.90955
0.90808
0.90663
0.9052
0.90379
0.90239
0.90101
0.89964
0.89829
0.89695
0.89562
0.89432
0.89302
0.89175
0.89049
0.88926
0.88804
0.88684
0.88566
0.88449
0.88331
0.88214
0.88098
0.87981
0.87864
0.87748
0.87631
0.87514
0.87398
0.87281
0.87164
0.87048
0.86932
0.86816
0.867
0.86585
0.8647
0.86356
0.86242
0.86129
0.86016
0.85905
0.85795
0.85686
0.85578
0.85471
0.85366
0.85261
0.85158
0.85057
0.84956
0.84856
0.84758
0.8466
0.84564
0.84468
0.84374
0.84281
0.84189
0.84099
0.8401
0.83922
0.83836
0.83751
0.83668
0.83586
0.83505
0.83425
0.83346
0.83269
0.83193
0.83118
0.83044
0.82972
0.829
0.8283
0.82761
0.82693
0.82627
0.82561
0.82496
0.82433
0.8237
0.82308
0.82248
0.82188
0.82129
0.82072
0.82016
0.8196
0.81906
0.81852
0.818
0.81748
0.81696
0.81645
0.81595
0.81545
0.81495
0.81445
0.81396
0.81347
0.81299
0.81251
0.81203
0.81156
0.81109
0.81063
0.81017
0.80972
0.80927
0.80882
0.80838
0.80795
0.80752
0.8071
0.80668
0.80626
0.80585
0.80545
0.80505
0.80466
0.80426
0.80387
0.80348
0.80309
0.8027
0.80231
0.80191
0.80152
0.80112
0.80072
0.80033
0.79993
0.79953
0.79914
0.79874
0.79834
0.79795
0.79755
0.79716
0.79676
0.79637
0.79598
0.79559
0.7952
0.79482
0.79443
0.79405
0.79367
0.7933
0.79293
0.79256
0.79219
0.79183
0.79147
0.79112
0.79077
0.79042
0.79008
0.78974
0.7894
0.78906
0.78873
0.78839
0.78806
0.78773
0.7874
0.78707
0.78674
0.78642
0.78609
0.78577
0.78546
0.78514
0.78483
0.78451
0.7842
0.78389
0.78359
0.78329
0.78299
0.78269
0.7824
0.7821
0.78181
