1
0.95006
0.93781
0.93188
0.92811
0.92462
0.92202
0.91646
0.91125
0.90629
0.90591
0.90564
0.90117
0.89708
0.89333
0.88978
0.88643
0.88318
0.88005
0.87699
0.87399
0.87105
0.86815
0.86531
0.86251
0.85974
0.85702
0.85435
0.85172
0.84915
0.84663
0.84415
0.84172
0.83931
0.83691
0.83452
0.83215
0.82978
0.82744
0.82509
0.82276
0.82046
0.8182
0.81599
0.81384
0.81174
0.8097
0.8077
0.80575
0.80384
0.80197
0.80014
0.79835
0.7966
0.79489
0.79323
0.79163
0.79008
0.78858
0.78713
0.78573
0.78438
0.78306
0.78177
0.78052
0.77929
0.77808
0.77689
0.77571
0.77455
0.7734
0.77227
0.77115
0.77004
0.76895
0.76787
0.76681
0.76575
0.76471
0.76367
0.76264
0.76163
0.76061
0.75961
0.75861
0.75761
0.75663
0.75564
0.75466
0.75369
0.75271
0.75174
0.75076
0.74979
0.74881
0.74783
0.74685
