1
0.95117
0.93826
0.93218
0.92852
0.92517
0.9227
0.91729
0.9123
0.90764
0.90744
0.90735
0.90328
0.89959
0.89623
0.89306
0.89008
0.88721
0.88442
0.88166
0.87892
0.87618
0.87345
0.8707
0.86795
0.86518
0.86237
0.8595
0.85659
0.85363
0.85067
0.84775
0.84493
0.84222
0.83965
0.8372
0.83486
0.8326
0.83041
0.82824
0.82607
0.82387
0.82162
0.81931
0.81695
0.81453
0.81208
0.80961
0.80715
0.80472
0.80234
0.80001
0.79775
0.79555
0.79341
0.79134
0.78933
0.78738
0.7855
0.78367
0.78189
0.78016
0.77848
0.77685
0.77525
0.7737
0.77218
0.77069
0.76923
0.76781
0.76641
0.76503
0.76369
0.76237
0.76108
0.7598
0.75855
0.75732
0.75611
0.75491
0.75373
0.75256
0.7514
0.75025
0.7491
0.74795
0.74679
0.74562
0.74443
0.74323
0.74201
0.74078
0.73953
0.73828
0.73703
0.73578
0.73454
