1
0.97211
0.96902
0.96492
0.96207
0.96038
0.9576
0.95562
0.95316
0.95124
0.94986
0.94826
0.94711
0.94587
0.94493
0.94393
0.94073
0.93746
0.93452
0.93155
0.92878
0.92603
0.9234
0.92079
0.91828
0.91578
0.91337
0.91099
0.90868
0.90641
0.90421
0.90205
0.89994
0.89787
0.89582
0.8938
0.89179
0.88979
0.88779
0.8858
0.8838
0.88181
0.8798
0.87779
0.87579
0.87378
0.87178
0.8698
0.86786
0.86595
0.8641
0.86231
0.86057
0.8589
0.85729
0.85575
0.85429
0.85289
0.85157
0.85031
0.84912
0.84798
0.8469
0.84586
0.84487
0.84391
0.84299
0.84211
0.84125
0.84042
0.83961
0.83882
0.83805
0.83729
0.83655
0.83582
0.8351
0.83439
0.83368
0.83298
0.83228
0.83159
0.8309
0.83021
0.82953
0.82886
0.82819
0.82752
0.82687
0.82621
0.82556
0.82491
0.82426
0.82362
0.82298
0.82235
0.82172
0.82111
0.8205
0.81991
0.81932
0.81874
0.81817
0.81761
0.81706
0.81652
0.81599
0.81546
0.81494
0.81443
0.81393
0.81343
0.81294
0.81245
0.81197
0.8115
0.81103
0.81056
0.81011
0.80965
0.8092
0.80876
0.80832
0.80789
0.80746
0.80704
0.80662
0.8062
0.80579
0.80538
0.80498
0.80458
0.80419
0.8038
0.80341
0.80303
0.80264
0.80227
0.8019
0.80153
0.80116
0.8008
0.80044
0.80009
0.79974
0.79939
0.79905
0.79871
0.79837
0.79804
0.79772
0.79739
0.79707
0.79676
0.79645
0.79614
0.79584
0.79554
0.79524
0.79495
0.79466
0.79437
0.79408
0.7938
0.79351
0.79323
0.79295
0.79267
0.7924
0.79212
0.79185
0.79157
0.7913
0.79103
0.79076
0.79049
0.79021
0.78995
0.78968
0.78941
0.78914
0.78888
0.78861
0.78835
0.78808
0.78782
0.78756
0.7873
