1
0.6973
0.5783
0.62384
0.60788
0.59654
0.88407
0.93178
0.88077
0.91115
0.88862
0.96335
0.99213
1.032
1.0586
1.0519
1.0355
0.99757
0.99599
0.98733
0.99889
1.0045
1.0187
1.0283
1.0442
1.055
1.0704
1.0818
1.0956
1.107
1.1191
1.1299
1.1405
1.1505
1.1601
1.1693
1.1782
1.1868
1.195
1.2028
1.2103
1.2174
1.2242
1.2305
1.2366
1.2422
1.2476
1.2526
1.2574
1.2619
1.2663
1.2705
1.2746
1.2785
1.2823
1.2859
1.2893
1.2926
1.2958
1.299
1.3021
1.3052
1.3083
1.3113
1.3144
1.3174
1.3205
1.3235
1.3265
1.3295
1.3325
1.3356
1.3386
1.3417
1.3448
1.3479
1.351
1.3543
1.3575
1.3608
1.3642
1.3677
1.3712
1.3748
1.3784
1.3822
1.386
1.3899
1.394
1.3981
1.4023
1.4065
1.4108
1.4151
1.4194
1.4236
1.4278
1.4319
1.436
1.44
1.4439
1.4477
1.4515
1.4552
1.4589
1.4625
1.4661
1.4696
1.4731
1.4765
1.48
1.4833
1.4867
1.4901
1.4934
1.4967
1.5
1.5033
1.5065
1.5098
1.513
1.5162
1.5194
1.5226
1.5258
1.529
1.5321
1.5353
1.5384
1.5415
1.5446
1.5477
1.5508
1.5539
1.5569
1.56
1.563
1.566
1.5691
1.572
1.575
1.578
1.581
1.5839
1.5868
1.5898
1.5927
1.5956
1.5985
1.6013
1.6042
1.6071
1.6099
1.6127
1.6155
1.6183
1.6211
1.6239
1.6267
1.6294
1.6322
1.6349
1.6376
1.6403
1.643
1.6457
1.6484
1.651
1.6537
1.6563
1.659
1.6616
1.6642
1.6668
1.6693
1.6719
1.6744
1.677
1.6795
1.682
1.6845
1.687
1.6894
1.6918
1.6943
1.6967
1.6991
1.7014
