1
0.98629
0.97523
0.97766
0.97387
0.97573
0.97203
0.97189
0.96888
0.96768
0.96546
0.96378
0.96195
0.96013
0.95828
0.95641
0.95448
0.95247
0.95036
0.94813
0.94578
0.94329
0.94068
0.93795
0.93512
0.9322
0.9292
0.92614
0.92301
0.91982
0.91657
0.91329
0.90999
0.90669
0.90341
0.90016
0.89697
0.89384
0.89078
0.88781
0.88493
0.88215
0.87948
0.87691
0.87446
0.87213
0.86992
0.86781
0.86582
0.86394
0.86218
0.86052
0.85898
0.85754
0.85621
0.85498
0.85385
0.85281
0.85187
0.85103
0.85027
0.8496
0.84902
0.84854
0.84814
0.84785
0.84766
0.84759
0.84765
0.84784
0.8482
0.84871
0.8494
0.85025
0.85126
0.85239
0.85362
0.85488
0.85615
0.85739
0.85857
0.85969
0.86076
0.86177
0.86274
0.8637
0.86464
0.86558
0.86654
0.86754
0.86857
0.86966
0.87081
0.87204
0.87336
0.87476
0.87625
0.87781
0.87941
0.88102
0.8826
0.88413
0.88557
0.88692
0.88818
0.88934
0.89042
0.89143
0.89238
0.89328
0.89414
0.89496
0.89577
0.89655
0.89733
0.89811
0.8989
0.89971
0.90054
0.9014
0.9023
0.90324
0.90424
0.9053
0.90641
0.90757
0.90878
0.91001
0.91124
0.91246
0.91364
0.91477
0.91584
0.91686
0.91781
0.91871
0.91955
0.92035
0.92111
0.92185
0.92255
0.92324
0.92392
0.92459
0.92525
0.92592
0.92659
0.92728
0.92799
0.92871
0.92947
0.93026
0.93108
0.93194
0.93285
0.93379
0.93477
0.93578
0.93681
0.93784
0.93888
0.93989
0.94088
0.94182
0.94272
0.94357
0.94437
0.94513
0.94584
0.94651
0.94715
0.94777
0.94835
0.94892
0.94947
0.95001
0.95053
0.95105
0.95156
0.95207
0.95258
0.95309
0.9536
0.95412
0.95465
0.95519
0.95575
0.95632
0.95691
0.95752
0.95816
0.95882
0.95951
0.96023
0.96099
0.96177
0.96259
0.96344
0.9643
0.96519
0.96609
0.967
0.9679
0.96878
0.96965
0.9705
0.97131
0.97209
0.97283
0.97353
0.9742
0.97484
0.97545
0.97602
0.97657
