1
0.9513
0.93064
0.9166
0.90672
0.89927
0.89326
0.88089
0.87825
0.87612
0.8658
0.85641
0.8479
0.83985
0.83223
0.82487
0.818
0.81141
0.80533
0.79951
0.79408
0.7889
0.78407
0.77939
0.77505
0.77078
0.76679
0.76286
0.7592
0.75562
0.75231
0.74912
0.74621
0.74343
0.7409
0.73845
0.73615
0.73387
0.73161
0.72924
0.72671
0.72396
0.72109
0.71823
0.71548
0.71289
0.71045
0.70814
0.70595
0.70391
0.70201
0.70019
0.69838
0.69647
0.69433
0.69186
0.68907
0.68605
0.68295
0.67983
0.67665
0.67338
0.67007
0.6668
0.66372
0.66089
0.65826
0.65572
0.65316
0.6505
0.64773
0.645
0.64246
0.64024
0.63836
0.63681
0.63552
0.63444
0.63352
0.63271
0.632
0.63138
0.63083
0.63034
0.62991
0.62953
0.62917
0.62883
0.62847
0.6281
0.62768
0.62719
0.62662
0.62592
0.62508
0.62406
0.62287
0.62155
0.62018
0.61884
0.61764
0.61661
0.61576
0.61508
0.61454
0.61411
0.61377
0.61348
0.61323
0.613
0.61277
