1
0.96329
0.95014
0.94303
0.93776
0.93356
0.93039
0.92758
0.92549
0.91915
0.91353
0.90836
0.90363
0.89914
0.89492
0.89083
0.88693
0.88305
0.87935
0.87563
0.87204
0.86841
0.86488
0.86128
0.85781
0.85433
0.85101
0.8477
0.84452
0.84136
0.83831
0.83531
0.83244
0.82967
0.82704
0.82452
0.82214
0.81987
0.81771
0.81566
0.8137
0.81184
0.81006
0.80835
0.80672
0.80514
0.80362
0.80214
0.80069
0.79924
0.79779
0.79633
0.79485
0.79334
0.79179
0.79019
0.78855
0.78685
0.7851
0.7833
0.78146
0.77959
0.77769
0.77579
0.77387
0.77195
0.77004
0.76814
0.76624
0.76435
0.76248
0.76061
0.75877
0.75693
0.75511
0.7533
0.75149
0.7497
0.74792
0.74615
0.74439
0.74266
0.74095
0.73927
0.73762
0.73601
0.73443
0.7329
0.73141
0.72997
0.72858
0.72723
0.72593
0.72468
0.72346
0.72229
0.72115
0.72004
0.71896
0.7179
0.71687
0.71585
0.71485
0.71388
0.71293
0.712
0.71109
0.71021
0.70935
0.70851
0.7077
0.70692
0.70615
0.70542
0.7047
0.70401
0.70335
0.70271
0.70209
0.70149
0.70091
0.70034
0.69979
0.69926
0.69872
0.6982
0.69767
0.69713
0.69658
0.69599
0.69536
0.69466
0.69387
0.69298
0.69193
0.69072
0.68932
0.6877
0.68589
0.68395
