1
0.9644
0.95098
0.94458
0.93969
0.93555
0.93225
0.92918
0.92686
0.92045
0.91465
0.90929
0.90439
0.89977
0.89549
0.89136
0.88745
0.8836
0.87994
0.87628
0.87274
0.86918
0.86573
0.86224
0.85891
0.85562
0.85254
0.84954
0.84671
0.84395
0.84132
0.83873
0.8362
0.83369
0.83118
0.82865
0.82609
0.82349
0.82086
0.81821
0.81555
0.81289
0.81025
0.80764
0.80505
0.8025
0.79997
0.79745
0.79495
0.79245
0.78993
0.78739
0.7848
0.78217
0.77946
0.77669
0.77386
0.771
0.76814
0.7653
0.76251
0.75975
0.75704
0.75436
0.7517
0.74906
0.74642
0.74378
0.74113
0.7385
0.73589
0.73331
0.73077
0.72829
0.72588
0.72353
0.72125
0.71902
0.71685
0.71472
0.71264
0.71059
0.70856
0.70655
0.70454
0.70254
0.70052
0.69848
0.69642
0.69431
0.69217
0.68997
0.68771
0.68541
0.68305
0.68066
0.67826
0.67589
0.67357
0.67137
0.66929
0.66738
0.66563
0.66406
0.66265
0.66139
0.66027
0.65926
0.65836
0.65755
0.65682
0.65616
0.65556
0.65502
0.65453
0.65408
0.65367
0.65331
0.65297
0.65266
0.65237
0.65209
0.65183
0.65157
0.65132
0.65107
0.65083
0.65059
0.65035
0.65011
0.64988
0.64966
0.64944
0.64922
0.64901
0.64881
0.64862
0.64843
0.64826
0.64809
