1
1.0008
1.3703
1.5238
1.5955
1.6701
1.7406
1.7783
1.7941
1.8726
1.9459
2.0159
2.0823
2.1446
2.2033
2.2583
2.3101
2.3591
2.4063
2.4519
2.4967
2.5407
2.584
2.6266
2.6684
2.7092
2.7487
2.7868
2.8234
2.8584
2.8919
2.9239
2.9545
2.9838
3.0118
3.0388
3.0647
3.0896
3.1137
3.1369
3.1593
3.1808
3.2016
3.2214
3.2404
3.2586
3.2759
3.2924
3.3081
3.323
3.3372
3.3509
3.364
3.3767
3.3891
3.4012
3.4133
3.4254
3.4377
3.4502
3.4632
3.4769
3.4913
3.5066
3.5229
3.5401
3.558
3.5764
3.5952
3.6141
3.6328
3.651
3.6686
3.6854
3.7015
3.7168
3.7315
3.7456
3.7593
3.7727
3.7858
3.7988
3.8117
3.8246
3.8377
3.8511
3.865
3.8792
3.8938
3.9085
3.923
3.9372
