53.484
-0.81841
-0.80115
-0.80976
-0.82576
-0.79693
-0.80403
-0.7772
-0.77722
-0.79209
-0.77721
-0.79719
-0.81168
-0.79902
-0.77113
-0.77017
-0.77967
-0.76327
-0.77172
-0.76463
-0.79596
-0.76858
-0.79196
-0.76609
-0.77961
-0.76736
-0.78639
-0.79638
-0.78116
-0.80972
-0.82141
-0.80276
-0.80229
-0.79103
-0.79427
-0.76786
-0.78828
-0.8431
-0.78827
-0.78333
-0.82601
-0.79009
-0.78792
-0.77197
-0.79083
-0.84872
-0.92187
-0.89651
-0.87121
-1.0499
0
0
0
0
0
0
0
0
0
-2.1733
0
0
0
-2.635
0
0
0
0
0
0
0
0
0
-1.9086
0
0
0
0
0
-3.5812
0
0
0
0
0
0
-3.7968
0
0
0
0
0
0
0
0
0
0
0
0
0
0
0
0
0
0
0
0
0
0
0
0
0
-0.81841
57.1164
-0.83991
-0.84853
-0.86294
-0.83328
-0.83815
-0.81053
-0.81054
-0.82252
-0.81053
-0.82936
-0.84447
-0.83166
-0.80279
-0.80187
-0.81354
-0.79405
-0.80091
-0.79638
-0.82903
-0.80169
-0.82353
-0.79682
-0.80659
-0.79811
-0.81843
-0.83065
-0.81786
-0.84212
-0.85698
-0.83421
-0.83232
-0.82248
-0.82424
-0.79807
-0.81932
-0.87101
-0.81932
-0.8137
-0.86011
-0.81975
-0.81877
-0.80395
-0.86269
-0.88083
-0.95359
-0.92726
-0.90203
-1.1551
0
0
0
0
0
0
0
0
0
0
0
0
0
-2.6188
0
0
0
0
0
0
0
0
0
0
-2.3444
0
0
0
0
0
0
0
0
0
0
0
0
0
0
0
0
0
0
0
0
0
0
0
0
0
0
0
-5.5511
0
0
0
0
0
0
-5.5511
0
0
-0.80115
-0.83991
47.0834
-0.82486
-0.83764
-0.80992
-0.81521
-0.78838
-0.78839
-0.8019
-0.78838
-0.80569
-0.82196
-0.80926
-0.78057
-0.77974
-0.79197
-0.7709
-0.78063
-0.77428
-0.80541
-0.77997
-0.8037
-0.77482
-0.7901
-0.77612
-0.79584
-0.80677
-0.79514
-0.8226
-0.83191
-0.8126
-0.81064
-0.80052
-0.80402
-0.77609
-0.79695
-0.85155
-0.79696
-0.79143
-0.83657
-0.79845
-0.79584
-0.78003
-0.83787
-0.85617
-0.92964
-0.90318
-0.87479
-1.1259
0
0
0
0
0
0
0
0
0
0
0
-1.6993
0
0
0
0
0
0
0
0
0
0
0
0
0
0
0
0
0
0
0
0
0
0
0
0
0
0
0
0
0
0
0
0
0
0
0
-5.4118
0
0
0
0
0
0
0
0
0
0
0
0
0
0
-0.80976
-0.84853
-0.82486
48.3042
-0.84409
-0.81732
-0.82291
-0.79597
-0.79597
-0.80937
-0.79596
-0.81448
-0.82951
-0.81635
-0.788
-0.78709
-0.7992
-0.7797
-0.78791
-0.78162
-0.81307
-0.78749
-0.80967
-0.78226
-0.7867
-0.78353
-0.80307
-0.81333
-0.80267
-0.82779
-0.83776
-0.82
-0.81796
-0.80826
-0.81052
-0.78375
-0.80455
-0.86119
-0.80455
-0.79907
-0.84433
-0.80664
-0.80412
-0.78903
-0.83912
-0.86506
-0.93878
-0.91237
-0.8867
-1.1419
0
0
0
0
0
0
0
0
0
0
0
0
0
0
0
-2.6393
0
0
0
0
0
0
0
0
0
0
0
0
0
0
0
0
0
0
0
0
0
0
0
0
0
0
0
0
0
0
0
0
0
0
0
0
0
0
-5.3311
0
0
0
0
0
0
0
-0.82576
-0.86294
-0.83764
-0.84409
50.2887
-0.82969
-0.83559
-0.809
-0.809
-0.8206
-0.80899
-0.82672
-0.84109
-0.82802
-0.80018
-0.79925
-0.80991
-0.79127
-0.80038
-0.79373
-0.82351
-0.79921
-0.81968
-0.79423
-0.80909
-0.79548
-0.81328
-0.82445
-0.81448
-0.83829
-0.85104
-0.83053
-0.8302
-0.81849
-0.82352
-0.7959
-0.81683
-0.87333
-0.81683
-0.81141
-0.85384
-0.81909
-0.81622
-0.79935
-0.85994
-0.87669
-0.9517
-0.92578
-0.90003
0
0
0
0
0
0
0
0
0
-0.22172
0
0
0
0
0
0
0
0
0
0
0
0
0
0
0
0
0
0
0
0
0
0
0
0
0
0
0
0
0
0
0
-5.1453
0
0
0
0
0
0
0
0
0
0
0
0
0
0
0
-5.1453
0
0
0
0
0
-0.79693
-0.83328
-0.80992
-0.81732
-0.82969
42.2092
-0.81069
-0.78533
-0.78533
-0.79751
-0.78533
-0.80426
-0.81934
-0.80324
-0.77704
-0.77621
-0.78964
-0.76918
-0.77798
-0.7709
-0.80099
-0.77689
-0.80044
-0.77153
-0.78617
-0.77283
-0.79199
-0.79497
-0.78956
-0.8173
-0.82899
-0.8094
-0.80937
-0.79757
-0.80129
-0.77353
-0.79414
-0.84634
-0.79414
-0.78909
-0.83194
-0.79818
-0.79374
-0.77854
-0.83419
-0.85211
-0.92844
-0.90176
-0.87648
-1.1321
0
0
0
0
0
0
-2.396
0
0
0
0
0
0
0
0
0
0
0
0
0
0
0
0
0
0
0
0
0
0
0
0
0
0
0
0
0
0
0
0
0
0
0
0
0
0
0
0
0
0
0
0
0
0
0
0
0
0
0
0
0
0
0
-0.80403
-0.83815
-0.81521
-0.82291
-0.83559
-0.81069
42.8087
-0.79014
-0.79015
-0.80219
-0.79014
-0.80917
-0.82553
-0.81104
-0.78194
-0.78115
-0.79592
-0.77479
-0.78322
-0.77647
-0.8073
-0.78272
-0.80761
-0.77707
-0.79214
-0.77847
-0.79797
-0.8086
-0.79817
-0.82433
-0.83621
-0.81593
-0.81399
-0.79853
-0.8067
-0.77886
-0.79997
-0.8543
-0.79997
-0.79451
-0.83489
-0.802
-0.7991
-0.78417
-0.84154
-0.83249
-0.93364
-0.90679
-0.88183
-1.1384
0
0
0
0
0
0
0
0
0
0
0
0
0
0
0
0
0
0
0
0
0
0
-2.742
0
0
0
0
0
0
0
0
0
0
0
0
0
0
0
0
0
0
0
0
0
0
0
0
0
0
0
0
0
0
0
0
0
0
0
0
0
0
0
-0.7772
-0.81053
-0.78838
-0.79597
-0.809
-0.78533
-0.79014
38.7719
-0.75569
-0.77756
-0.75569
-0.78193
-0.79774
-0.78431
-0.75438
-0.75411
-0.76938
-0.74759
-0.75632
-0.74936
-0.77983
-0.75566
-0.78423
-0.75008
-0.76482
-0.7516
-0.77079
-0.78132
-0.77081
-0.79678
-0.80754
-0.78839
-0.7868
-0.77632
-0.77963
-0.75191
-0.77261
-0.8263
-0.7726
-0.76721
-0.81028
-0.77467
-0.77177
-0.75729
-0.81182
-0.82949
-0.90458
-0.87823
-0.85331
-1.1047
0
0
0
0
0
0
0
0
0
0
0
0
0
0
0
0
0
0
0
0
0
0
0
0
0
0
0
0
0
0
0
0
0
0
0
0
0
0
0
0
0
0
0
0
0
0
0
0
0
0
0
0
0
0
0
0
0
0
0
0
0
0
-0.77722
-0.81054
-0.78839
-0.79597
-0.809
-0.78533
-0.79015
-0.75569
38.7722
-0.77757
-0.75568
-0.78194
-0.79775
-0.78432
-0.75438
-0.75412
-0.76939
-0.7476
-0.75632
-0.74937
-0.77983
-0.75567
-0.78423
-0.7501
-0.76483
-0.7516
-0.77079
-0.78133
-0.77081
-0.79678
-0.80755
-0.7884
-0.7868
-0.77633
-0.77964
-0.75191
-0.77261
-0.82632
-0.77261
-0.76721
-0.81029
-0.77467
-0.77179
-0.7573
-0.81182
-0.8295
-0.90459
-0.87824
-0.85331
-1.1047
0
0
0
0
0
0
0
0
0
0
0
0
0
0
0
0
0
0
0
0
0
0
0
0
0
0
0
0
0
0
0
0
0
0
0
0
0
0
0
0
0
0
0
0
0
0
0
0
0
0
0
0
0
0
0
0
0
0
0
0
0
0
-0.79209
-0.82252
-0.8019
-0.80937
-0.8206
-0.79751
-0.80219
-0.77756
-0.77757
45.9644
-0.77756
-0.79422
-0.80751
-0.79539
-0.76909
-0.7678
-0.77855
-0.75868
-0.7681
-0.76177
-0.79017
-0.76785
-0.78861
-0.76225
-0.7751
-0.7635
-0.78127
-0.78385
-0.78334
-0.80634
-0.81637
-0.79875
-0.78466
-0.78689
-0.78964
-0.76477
-0.78515
-0.838
-0.78515
-0.78015
-0.82138
-0.78709
-0.78497
-0.77096
-0.82359
0
-0.92016
0
0
0
0
0
0
0
0
0
0
0
0
0
0
0
0
0
0
0
0
0
0
0
-2.7198
0
0
0
0
-2.6228
-1.6563
0
0
0
0
0
0
0
0
0
0
0
-3.3455
0
0
0
0
0
0
0
0
0
0
0
0
0
0
0
0
0
0
0
0
0
0
0
-0.77721
-0.81053
-0.78838
-0.79596
-0.80899
-0.78533
-0.79014
-0.75569
-0.75568
-0.77756
38.7719
-0.78193
-0.79775
-0.78431
-0.75438
-0.75412
-0.76937
-0.74759
-0.75632
-0.74936
-0.77983
-0.75567
-0.78423
-0.75008
-0.76482
-0.7516
-0.77079
-0.78133
-0.7708
-0.79678
-0.80754
-0.7884
-0.7868
-0.77632
-0.77962
-0.75191
-0.7726
-0.82631
-0.7726
-0.76721
-0.81028
-0.77467
-0.77178
-0.7573
-0.81182
-0.82949
-0.90458
-0.87822
-0.8533
-1.1047
0
0
0
0
0
0
0
0
0
0
0
0
0
0
0
0
0
0
0
0
0
0
0
0
0
0
0
0
0
0
0
0
0
0
0
0
0
0
0
0
0
0
0
0
0
0
0
0
0
0
0
0
0
0
0
0
0
0
0
0
0
0
-0.79719
-0.82936
-0.80569
-0.81448
-0.82672
-0.80426
-0.80917
-0.78193
-0.78194
-0.79422
-0.78193
40.612
-0.81581
-0.803
-0.77265
-0.77212
-0.78727
-0.75914
-0.77415
-0.76707
-0.79766
-0.77313
-0.80133
-0.76779
-0.78286
-0.7692
-0.78865
-0.79896
-0.78901
-0.81536
-0.81862
-0.80637
-0.80445
-0.79413
-0.79768
-0.76976
-0.79064
-0.84446
-0.79063
-0.7852
-0.82871
-0.79259
-0.78946
-0.77508
-0.83052
-0.84863
-0.92431
-0.89844
-0.87378
0
0
0
0
-2.0865
0
0
0
0
0
0
0
0
0
0
0
0
0
0
0
0
0
0
0
0
0
0
0
0
0
0
0
0
0
0
0
0
0
0
0
0
0
0
0
0
0
0
0
0
0
0
0
0
0
0
0
0
0
0
0
0
0
0
-0.81168
-0.84447
-0.82196
-0.82951
-0.84109
-0.81934
-0.82553
-0.79774
-0.79775
-0.80751
-0.79775
-0.81581
43.1921
-0.81703
-0.78856
-0.78784
-0.80099
-0.78075
-0.78948
-0.78253
-0.81272
-0.78826
-0.81223
-0.78321
-0.79812
-0.78461
-0.80387
-0.81373
-0.80375
-0.82846
-0.84029
-0.8209
-0.81988
-0.80911
-0.81285
-0.78524
-0.80616
-0.86153
-0.80616
-0.80076
-0.84379
-0.80788
-0.80542
-0.78974
-0.84621
-0.86468
-0.94066
-0.9147
-0.888
0
0
0
0
0
0
0
0
0
0
0
0
0
0
0
0
0
0
0
0
0
0
0
0
0
0
0
0
0
0
0
0
0
0
0
0
0
0
0
0
0
0
0
0
0
0
0
0
0
0
0
0
0
0
0
0
0
0
-3.9419
0
0
0
0
-0.79902
-0.83166
-0.80926
-0.81635
-0.82802
-0.80324
-0.81104
-0.78431
-0.78432
-0.79539
-0.78431
-0.803
-0.81703
41.2481
-0.77491
-0.77426
-0.78843
-0.76753
-0.77627
-0.76909
-0.79918
-0.776
-0.80003
-0.76974
-0.78439
-0.77115
-0.79033
-0.79987
-0.7905
-0.81549
-0.82697
-0.80769
-0.80597
-0.79553
-0.79976
-0.77163
-0.79264
-0.84388
-0.79264
-0.78722
-0.82962
-0.7952
-0.79183
-0.77686
-0.83252
-0.85026
-0.92607
-0.90032
-0.87409
0
0
0
0
0
0
0
0
0
0
0
0
0
0
0
0
0
0
-2.6333
0
0
0
0
0
0
0
0
0
0
0
0
0
0
0
0
0
0
0
0
0
0
0
0
0
0
0
0
0
0
0
0
0
0
0
0
0
0
0
0
0
0
0
0
-0.77113
-0.80279
-0.78057
-0.788
-0.80018
-0.77704
-0.78194
-0.75438
-0.75438
-0.76909
-0.75438
-0.77265
-0.78856
-0.77491
37.2717
-0.74633
-0.75953
-0.73887
-0.7478
-0.74106
-0.77084
-0.74701
-0.7714
-0.74168
-0.75614
-0.74319
-0.76205
-0.77261
-0.76226
-0.78791
-0.79838
-0.77957
-0.77798
-0.76763
-0.77103
-0.7434
-0.76404
-0.81702
-0.76403
-0.75866
-0.80137
-0.76581
-0.763
-0.74865
-0.80268
-0.82035
-0.89526
-0.87
-0.84415
0
0
0
0
0
0
0
0
0
0
0
0
0
0
0
0
0
0
0
0
0
0
0
0
0
0
0
0
0
0
0
0
0
0
0
0
0
0
0
0
0
0
0
0
0
0
0
0
0
0
0
0
0
0
0
0
0
0
0
0
0
0
0
-0.77017
-0.80187
-0.77974
-0.78709
-0.79925
-0.77621
-0.78115
-0.75411
-0.75412
-0.7678
-0.75412
-0.77212
-0.78784
-0.77426
-0.74633
36.3778
-0.75828
-0.73708
-0.74602
-0.73982
-0.76974
-0.74567
-0.76969
-0.74048
-0.75499
-0.74205
-0.76082
-0.77131
-0.76113
-0.78665
-0.79702
-0.77836
-0.77675
-0.7665
-0.76974
-0.74228
-0.76291
-0.8159
-0.7629
-0.75752
-0.80014
-0.76457
-0.76185
-0.74748
-0.80147
-0.81912
-0.89472
-0.86872
0
0
0
0
0
0
0
0
0
0
0
0
0
0
0
0
0
0
0
0
0
0
0
0
0
0
0
0
0
0
0
0
0
0
0
0
0
0
0
0
0
0
0
0
0
0
0
0
0
0
0
0
0
0
0
0
0
0
0
0
0
0
0
0
-0.77967
-0.81354
-0.79197
-0.7992
-0.80991
-0.78964
-0.79592
-0.76938
-0.76939
-0.77855
-0.76937
-0.78727
-0.80099
-0.78843
-0.75953
-0.75828
40.2308
-0.74894
-0.75734
-0.75165
-0.77956
-0.75641
-0.78388
-0.7522
-0.76639
-0.75366
-0.77088
-0.78081
-0.77201
-0.79581
-0.80584
-0.78839
-0.78789
-0.77729
-0.78094
-0.75423
-0.77476
-0.82828
-0.77476
-0.7695
-0.81079
-0.77603
-0.77411
-0.75975
-0.81363
0
0
0
0
0
0
0
0
0
0
0
0
0
0
0
0
0
0
0
0
0
0
0
0
0
0
-1.5209
0
-1.8956
0
0
0
0
0
0
0
0
0
0
0
0
0
0
0
0
0
0
0
-2.5076
0
0
0
0
0
0
0
0
0
0
0
0
0
0
0
0
0
0
-0.76327
-0.79405
-0.7709
-0.7797
-0.79127
-0.76918
-0.77479
-0.74759
-0.7476
-0.75868
-0.74759
-0.75914
-0.78075
-0.76753
-0.73887
-0.73708
-0.74894
35.8085
-0.73622
-0.73192
-0.75981
-0.73702
-0.76083
-0.732
-0.74505
-0.73327
-0.75072
-0.75969
-0.75175
-0.77662
-0.77891
-0.76714
-0.76663
-0.75644
-0.75927
-0.73333
-0.75369
-0.80444
-0.75369
-0.74866
-0.79
-0.75471
-0.75248
-0.74043
0
0
0
0
0
0
0
0
0
-2.0218
0
0
0
0
0
0
0
0
0
0
-1.1752
0
0
0
0
0
0
0
0
0
0
0
0
0
0
0
0
0
0
0
0
0
0
0
0
0
0
0
0
0
0
0
0
0
0
0
0
0
0
0
0
0
0
0
0
0
0
0
-0.77172
-0.80091
-0.78063
-0.78791
-0.80038
-0.77798
-0.78322
-0.75632
-0.75632
-0.7681
-0.75632
-0.77415
-0.78948
-0.77627
-0.7478
-0.74602
-0.75734
-0.73622
36.5253
-0.73965
-0.76807
-0.74025
-0.76847
-0.73984
-0.75248
-0.7416
-0.7594
-0.77073
-0.75991
-0.78529
-0.79386
-0.77598
-0.77615
-0.76431
-0.76928
-0.74174
-0.76267
-0.80449
-0.76267
-0.75772
-0.79738
-0.75299
-0.76184
0
0
0
0
0
0
0
0
0
0
0
0
0
0
0
0
0
-2.1101
0
0
0
0
0
0
0
0
-2.2014
0
0
0
0
0
0
0
0
0
0
0
0
0
0
0
0
0
0
0
0
0
0
0
0
0
0
0
0
0
0
0
0
0
0
0
0
0
0
0
0
0
0
-0.76463
-0.79638
-0.77428
-0.78162
-0.79373
-0.7709
-0.77647
-0.74936
-0.74937
-0.76177
-0.74936
-0.76707
-0.78253
-0.76909
-0.74106
-0.73982
-0.75165
-0.73192
-0.73965
33.5297
-0.76241
-0.73947
-0.76306
-0.73408
-0.74707
-0.73587
-0.75236
-0.76421
-0.75455
-0.77996
-0.78949
-0.7713
-0.77001
-0.7602
-0.7632
-0.73584
-0.75634
-0.8086
-0.75634
-0.75085
-0.79312
-0.75788
-0.7549
-0.74306
-0.79483
0
0
0
0
0
0
0
0
0
0
0
0
0
0
0
0
0
0
0
0
0
0
0
0
0
0
0
0
0
0
0
0
0
0
0
0
0
0
0
0
0
0
0
0
0
0
0
0
0
0
0
0
0
0
0
0
0
0
0
0
0
0
0
0
0
0
0
-0.79596
-0.82903
-0.80541
-0.81307
-0.82351
-0.80099
-0.8073
-0.77983
-0.77983
-0.79017
-0.77983
-0.79766
-0.81272
-0.79918
-0.77084
-0.76974
-0.77956
-0.75981
-0.76807
-0.76241
37.9635
-0.76685
-0.78993
-0.76256
-0.77687
-0.76393
-0.78146
-0.7916
-0.78247
-0.80678
-0.81778
-0.79882
-0.79804
-0.78754
-0.79087
-0.76422
-0.78482
-0.83905
-0.78482
-0.77971
-0.8209
-0.78598
-0.78411
0
0
0
0
0
0
0
0
0
0
0
0
0
0
0
0
0
0
0
0
0
0
0
0
0
0
0
0
0
0
0
0
0
0
0
0
0
0
0
0
0
0
0
0
0
0
0
0
0
0
0
0
0
0
0
0
0
0
0
0
0
0
0
0
0
0
0
-4.7795
0
-0.76858
-0.80169
-0.77997
-0.78749
-0.79921
-0.77689
-0.78272
-0.75566
-0.75567
-0.76785
-0.75567
-0.77313
-0.78826
-0.776
-0.74701
-0.74567
-0.75641
-0.73702
-0.74025
-0.73947
-0.76685
35.0822
-0.76694
-0.73957
-0.75323
-0.74116
-0.75849
-0.77302
-0.75419
-0.7835
-0.79299
-0.77515
-0.77519
-0.76424
-0.76903
-0.74127
-0.76174
-0.81505
-0.76174
-0.75664
-0.79721
-0.75473
-0.76091
0
0
0
0
0
0
0
0
0
0
0
0
0
0
0
0
0
0
0
0
0
0
0
0
0
-2.8848
0
0
0
0
0
0
0
0
0
0
0
0
0
0
0
0
0
0
0
0
0
0
0
0
0
0
0
0
0
0
0
0
0
0
0
0
0
0
0
0
0
0
0
-0.79196
-0.82353
-0.8037
-0.80967
-0.81968
-0.80044
-0.80761
-0.78423
-0.78423
-0.78861
-0.78423
-0.80133
-0.81223
-0.80003
-0.7714
-0.76969
-0.78388
-0.76083
-0.76847
-0.76306
-0.78993
-0.76694
40.5237
-0.76294
-0.776
-0.76387
-0.77981
-0.78925
-0.78135
-0.79711
-0.81474
-0.7977
-0.79809
-0.78594
-0.79039
-0.76485
-0.78531
-0.83924
-0.78531
-0.78067
-0.82017
0
0
0
0
0
0
0
0
0
0
0
0
0
0
0
0
0
0
0
0
0
0
0
0
0
-2.2962
0
0
0
0
0
0
0
0
0
0
0
0
0
0
0
0
0
0
0
0
0
0
0
0
-3.3146
0
0
0
0
0
0
0
0
0
0
0
0
0
0
0
0
-3.3145
0
0
0
-0.76609
-0.79682
-0.77482
-0.78226
-0.79423
-0.77153
-0.77707
-0.75008
-0.7501
-0.76225
-0.75008
-0.76779
-0.78321
-0.76974
-0.74168
-0.74048
-0.7522
-0.732
-0.73984
-0.73408
-0.76256
-0.73957
-0.76294
32.0105
-0.74832
-0.73686
-0.75317
-0.76521
-0.75472
-0.78007
-0.78872
-0.77092
-0.77006
-0.76054
-0.76349
-0.73623
-0.75666
-0.80879
-0.75666
-0.7516
-0.79314
-0.75821
-0.75576
0
0
0
0
0
0
0
0
0
0
0
0
0
0
0
0
0
0
0
0
0
0
0
0
0
0
0
0
0
0
0
0
0
0
0
0
0
0
0
0
0
0
0
0
0
0
0
0
0
0
0
0
0
0
0
0
0
0
0
0
0
0
0
0
0
0
0
0
0
-0.77961
-0.80659
-0.7901
-0.7867
-0.80909
-0.78617
-0.79214
-0.76482
-0.76483
-0.7751
-0.76482
-0.78286
-0.79812
-0.78439
-0.75614
-0.75499
-0.76639
-0.74505
-0.75248
-0.74707
-0.77687
-0.75323
-0.776
-0.74832
34.1614
-0.74963
-0.76202
-0.77885
-0.76868
-0.79321
-0.79703
-0.78526
-0.78295
-0.77543
-0.77632
-0.75025
-0.7717
0
-0.77171
-0.7665
0
0
0
0
0
0
0
0
0
0
0
0
0
0
0
0
0
0
0
0
0
0
0
0
0
-2.5313
0
0
0
0
0
0
0
0
-2.2386
0
0
0
0
0
0
0
0
0
0
0
0
0
0
0
0
0
0
0
0
0
0
0
0
0
0
0
0
0
0
0
0
0
0
0
0
0
-0.76736
-0.79811
-0.77612
-0.78353
-0.79548
-0.77283
-0.77847
-0.7516
-0.7516
-0.7635
-0.7516
-0.7692
-0.78461
-0.77115
-0.74319
-0.74205
-0.75366
-0.73327
-0.7416
-0.73587
-0.76393
-0.74116
-0.76387
-0.73686
-0.74963
30.5455
-0.75512
-0.76721
-0.75546
-0.78063
-0.79089
-0.77034
-0.7705
-0.76146
-0.7643
-0.7373
-0.75768
-0.80933
-0.75768
-0.75329
-0.79407
0
0
0
0
0
0
0
0
0
0
0
0
0
0
0
0
0
0
0
0
0
0
0
0
0
0
0
0
0
0
0
0
0
0
0
0
0
0
0
0
0
0
0
0
0
0
0
0
0
0
0
0
0
0
0
0
0
0
0
0
0
0
0
0
0
0
0
0
0
0
0
-0.78639
-0.81843
-0.79584
-0.80307
-0.81328
-0.79199
-0.79797
-0.77079
-0.77079
-0.78127
-0.77079
-0.78865
-0.80387
-0.79033
-0.76205
-0.76082
-0.77088
-0.75072
-0.7594
-0.75236
-0.78146
-0.75849
-0.77981
-0.75317
-0.76202
-0.75512
33.9961
-0.7807
-0.77274
-0.79544
-0.80375
-0.78858
-0.78773
-0.77783
-0.78088
-0.75435
-0.77597
0
-0.77597
-0.77071
0
0
0
0
0
0
0
0
0
0
0
0
0
0
0
0
0
0
0
0
0
0
0
0
0
0
0
0
0
0
0
0
0
0
0
0
0
0
0
0
0
0
0
0
0
0
0
0
0
0
0
0
0
0
0
0
0
0
0
0
0
-4.4017
0
0
0
0
0
0
0
0
0
0
-0.79638
-0.83065
-0.80677
-0.81333
-0.82445
-0.79497
-0.8086
-0.78132
-0.78133
-0.78385
-0.78133
-0.79896
-0.81373
-0.79987
-0.77261
-0.77131
-0.78081
-0.75969
-0.77073
-0.76421
-0.7916
-0.77302
-0.78925
-0.76521
-0.77885
-0.76721
-0.7807
32.5975
-0.78276
-0.80042
0
-0.79264
-0.7994
0
0
0
-0.78694
0
-0.78694
0
0
0
0
0
0
0
0
0
0
0
0
0
0
0
0
0
0
0
0
0
0
0
0
0
0
0
0
0
0
0
0
0
0
0
0
-2.5524
0
0
0
0
0
0
0
0
0
0
0
-4.0153
0
0
0
0
0
0
0
0
0
0
0
0
0
0
0
0
0
0
0
0
0
0
0
0
-0.78116
-0.81786
-0.79514
-0.80267
-0.81448
-0.78956
-0.79817
-0.77081
-0.77081
-0.78334
-0.7708
-0.78901
-0.80375
-0.7905
-0.76226
-0.76113
-0.77201
-0.75175
-0.75991
-0.75455
-0.78247
-0.75419
-0.78135
-0.75472
-0.76868
-0.75546
-0.77274
-0.78276
28.6025
-0.80566
0
-0.78692
-0.7936
0
-0.78611
0
-0.78252
0
-0.78252
0
0
0
0
0
0
0
0
0
0
0
0
0
0
0
0
0
0
0
0
-2.0732
0
0
0
0
0
0
0
0
0
0
0
0
0
0
0
0
0
0
0
0
0
0
0
0
0
0
0
0
0
0
0
0
0
0
0
0
0
0
0
0
0
0
0
0
0
0
0
0
0
0
0
0
-0.80972
-0.84212
-0.8226
-0.82779
-0.83829
-0.8173
-0.82433
-0.79678
-0.79678
-0.80634
-0.79678
-0.81536
-0.82846
-0.81549
-0.78791
-0.78665
-0.79581
-0.77662
-0.78529
-0.77996
-0.80678
-0.7835
-0.79711
-0.78007
-0.79321
-0.78063
-0.79544
-0.80042
-0.80566
29.4582
0
0
0
0
0
0
0
0
0
0
0
0
0
0
0
0
0
0
0
0
0
0
0
0
0
0
0
0
0
0
0
0
0
0
0
0
-2.2512
0
0
0
0
0
0
0
0
0
0
0
0
0
0
0
0
0
0
0
0
0
0
0
0
0
0
0
0
0
0
0
0
0
0
0
0
-3.9138
0
0
0
0
0
0
0
0
-0.82141
-0.85698
-0.83191
-0.83776
-0.85104
-0.82899
-0.83621
-0.80754
-0.80755
-0.81637
-0.80754
-0.81862
-0.84029
-0.82697
-0.79838
-0.79702
-0.80584
-0.77891
-0.79386
-0.78949
-0.81778
-0.79299
-0.81474
-0.78872
-0.79703
-0.79089
-0.80375
0
0
0
31.713
0
0
0
0
0
0
0
0
0
0
0
-0.81337
0
0
0
0
0
0
0
0
0
0
-2.0398
0
0
0
0
0
0
0
0
0
0
0
0
0
0
0
0
0
0
0
0
0
0
0
0
0
0
0
0
0
0
0
-4.1389
0
0
0
0
0
0
0
0
0
0
0
0
0
0
0
0
0
0
0
0
0
0
0
0
0
-2.7623
-0.80276
-0.83421
-0.8126
-0.82
-0.83053
-0.8094
-0.81593
-0.78839
-0.7884
-0.79875
-0.7884
-0.80637
-0.8209
-0.80769
-0.77957
-0.77836
-0.78839
-0.76714
-0.77598
-0.7713
-0.79882
-0.77515
-0.7977
-0.77092
-0.78526
-0.77034
-0.78858
-0.79264
-0.78692
0
0
27.7553
0
0
0
0
0
0
0
0
0
0
0
0
0
0
0
0
0
0
0
0
0
0
0
0
0
0
0
0
0
0
0
0
-1.2243
0
0
0
0
0
0
0
0
0
0
0
0
0
0
0
0
0
0
0
0
0
0
0
0
0
0
0
0
0
-3.4796
0
0
0
0
0
0
0
0
0
0
0
0
0
0
0
0
0
-0.80229
-0.83232
-0.81064
-0.81796
-0.8302
-0.80937
-0.81399
-0.7868
-0.7868
-0.78466
-0.7868
-0.80445
-0.81988
-0.80597
-0.77798
-0.77675
-0.78789
-0.76663
-0.77615
-0.77001
-0.79804
-0.77519
-0.79809
-0.77006
-0.78295
-0.7705
-0.78773
-0.7994
-0.7936
0
0
0
25.5946
0
0
0
0
0
0
0
0
0
0
0
0
0
0
0
0
0
0
0
0
0
0
0
0
0
0
0
0
0
0
0
0
0
0
0
0
0
-2.5715
0
0
0
0
0
0
0
0
0
0
0
0
0
0
0
0
0
0
0
0
0
0
0
0
0
0
0
0
0
0
0
0
0
0
0
0
0
0
0
0
0
-0.79103
-0.82248
-0.80052
-0.80826
-0.81849
-0.79757
-0.79853
-0.77632
-0.77633
-0.78689
-0.77632
-0.79413
-0.80911
-0.79553
-0.76763
-0.7665
-0.77729
-0.75644
-0.76431
-0.7602
-0.78754
-0.76424
-0.78594
-0.76054
-0.77543
-0.76146
-0.77783
0
0
0
0
0
0
26.4553
0
-0.7708
0
0
0
0
0
0
0
0
0
0
0
0
0
0
0
0
0
0
0
0
0
0
0
0
0
0
-2.2859
0
0
0
0
0
0
0
0
0
0
0
0
0
0
0
0
0
0
0
0
0
0
0
0
0
0
0
0
0
0
0
0
0
-2.2417
0
0
0
0
0
0
0
0
0
0
0
0
0
0
0
-0.79427
-0.82424
-0.80402
-0.81052
-0.82352
-0.80129
-0.8067
-0.77963
-0.77964
-0.78964
-0.77962
-0.79768
-0.81285
-0.79976
-0.77103
-0.76974
-0.78094
-0.75927
-0.76928
-0.7632
-0.79087
-0.76903
-0.79039
-0.76349
-0.77632
-0.7643
-0.78088
0
-0.78611
0
0
0
0
0
24.6029
0
0
0
0
0
0
0
0
0
0
0
0
0
0
0
0
0
-0.96182
0
0
0
0
0
0
0
0
0
0
0
0
0
0
0
0
0
0
0
0
0
0
0
-1.6028
0
0
0
0
0
0
0
0
0
0
0
0
0
0
0
0
0
0
0
0
0
0
0
0
0
0
0
0
0
0
0
0
0
0
0
-0.76786
-0.79807
-0.77609
-0.78375
-0.7959
-0.77353
-0.77886
-0.75191
-0.75191
-0.76477
-0.75191
-0.76976
-0.78524
-0.77163
-0.7434
-0.74228
-0.75423
-0.73333
-0.74174
-0.73584
-0.76422
-0.74127
-0.76485
-0.73623
-0.75025
-0.7373
-0.75435
0
0
0
0
0
0
-0.7708
0
22.1061
0
-0.81481
0
0
0
0
0
0
0
0
0
0
0
0
0
0
0
0
0
0
0
0
0
0
0
0
0
0
0
0
0
0
0
0
0
0
0
0
0
0
0
0
0
0
0
0
0
0
0
0
0
0
0
0
0
0
0
0
0
0
0
0
0
0
0
0
0
0
0
0
0
0
0
0
0
0
-0.78828
-0.81932
-0.79695
-0.80455
-0.81683
-0.79414
-0.79997
-0.77261
-0.77261
-0.78515
-0.7726
-0.79064
-0.80616
-0.79264
-0.76404
-0.76291
-0.77476
-0.75369
-0.76267
-0.75634
-0.78482
-0.76174
-0.78531
-0.75666
-0.7717
-0.75768
-0.77597
-0.78694
-0.78252
0
0
0
0
0
0
0
22.6502
0
0
0
0
0
0
0
0
0
0
0
0
0
0
0
0
0
0
0
0
0
0
0
0
0
0
0
0
0
0
0
0
0
0
0
0
0
0
0
0
0
0
0
0
0
0
0
0
0
0
0
0
0
0
0
0
0
0
0
0
0
0
0
0
0
0
0
0
0
0
0
0
0
0
0
-0.8431
-0.87101
-0.85155
-0.86119
-0.87333
-0.84634
-0.8543
-0.8263
-0.82632
-0.838
-0.82631
-0.84446
-0.86153
-0.84388
-0.81702
-0.8159
-0.82828
-0.80444
-0.80449
-0.8086
-0.83905
-0.81505
-0.83924
-0.80879
0
-0.80933
0
0
0
0
0
0
0
0
0
-0.81481
0
29.9459
0
0
0
0
0
0
0
-0.88655
0
0
0
0
0
0
0
0
0
0
0
0
0
0
0
0
0
0
0
0
0
0
0
0
0
0
0
0
0
0
0
0
0
0
0
-3.5805
0
0
-3.8062
0
0
0
0
0
0
0
0
0
0
0
0
0
0
0
0
0
0
0
0
0
0
0
0
0
0
0
-0.78827
-0.81932
-0.79696
-0.80455
-0.81683
-0.79414
-0.79997
-0.7726
-0.77261
-0.78515
-0.7726
-0.79063
-0.80616
-0.79264
-0.76403
-0.7629
-0.77476
-0.75369
-0.76267
-0.75634
-0.78482
-0.76174
-0.78531
-0.75666
-0.77171
-0.75768
-0.77597
-0.78694
-0.78252
0
0
0
0
0
0
0
0
0
22.6502
0
0
0
0
0
0
0
0
0
0
0
0
0
0
0
0
0
0
0
0
0
0
0
0
0
0
0
0
0
0
0
0
0
0
0
0
0
0
0
0
0
0
0
0
0
0
0
0
0
0
0
0
0
0
0
0
0
0
0
0
0
0
0
0
0
0
0
0
0
0
0
0
0
-0.78333
-0.8137
-0.79143
-0.79907
-0.81141
-0.78909
-0.79451
-0.76721
-0.76721
-0.78015
-0.76721
-0.7852
-0.80076
-0.78722
-0.75866
-0.75752
-0.7695
-0.74866
-0.75772
-0.75085
-0.77971
-0.75664
-0.78067
-0.7516
-0.7665
-0.75329
-0.77071
0
0
0
0
0
0
0
0
0
0
0
0
20.9395
0
0
0
0
0
0
0
0
0
0
0
0
0
0
0
0
0
0
0
0
0
0
0
0
0
0
0
0
0
0
0
0
0
0
0
0
0
0
0
0
0
0
0
0
0
0
0
0
0
0
0
0
0
0
0
0
0
0
0
0
0
0
0
0
0
0
0
0
0
0
0
0
-0.82601
-0.86011
-0.83657
-0.84433
-0.85384
-0.83194
-0.83489
-0.81028
-0.81029
-0.82138
-0.81028
-0.82871
-0.84379
-0.82962
-0.80137
-0.80014
-0.81079
-0.79
-0.79738
-0.79312
-0.8209
-0.79721
-0.82017
-0.79314
0
-0.79407
0
0
0
0
0
0
0
0
0
0
0
0
0
0
24.3107
0
0
0
0
0
0
0
0
0
0
0
0
0
0
0
0
0
0
0
0
0
0
0
0
0
0
0
0
0
0
0
0
0
0
0
0
0
0
0
0
0
-3.8504
0
0
0
0
0
0
0
0
0
0
0
0
0
0
0
0
0
0
0
0
0
0
0
0
0
0
0
0
0
-0.79009
-0.81975
-0.79845
-0.80664
-0.81909
-0.79818
-0.802
-0.77467
-0.77467
-0.78709
-0.77467
-0.79259
-0.80788
-0.7952
-0.76581
-0.76457
-0.77603
-0.75471
-0.75299
-0.75788
-0.78598
-0.75473
0
-0.75821
0
0
0
0
0
0
0
0
0
0
0
0
0
0
0
0
0
19.9985
0
0
0
0
0
0
0
0
0
0
0
0
0
0
0
0
0
0
-1.9866
0
0
0
0
0
0
0
0
0
0
0
0
0
0
0
0
0
0
0
0
0
0
0
0
0
0
0
0
0
0
0
0
0
0
0
0
0
0
0
0
0
0
0
0
0
0
0
0
0
0
0
-0.78792
-0.81877
-0.79584
-0.80412
-0.81622
-0.79374
-0.7991
-0.77177
-0.77179
-0.78497
-0.77178
-0.78946
-0.80542
-0.79183
-0.763
-0.76185
-0.77411
-0.75248
-0.76184
-0.7549
-0.78411
-0.76091
0
-0.75576
0
0
0
0
0
0
-0.81337
0
0
0
0
0
0
0
0
0
0
0
18.7851
0
0
0
0
0
0
0
0
0
0
0
0
0
0
0
0
0
0
0
0
0
0
0
0
0
0
0
0
0
0
0
0
0
0
0
0
0
0
0
0
0
0
0
0
0
0
0
0
0
0
0
0
0
0
0
0
0
0
0
0
0
0
0
0
0
0
0
0
0
-0.77197
-0.80395
-0.78003
-0.78903
-0.79935
-0.77854
-0.78417
-0.75729
-0.7573
-0.77096
-0.7573
-0.77508
-0.78974
-0.77686
-0.74865
-0.74748
-0.75975
-0.74043
0
-0.74306
0
0
0
0
0
0
0
0
0
0
0
0
0
0
0
0
0
0
0
0
0
0
0
17.5819
0
-0.76945
0
0
0
0
0
0
0
0
0
0
0
0
0
0
0
0
0
0
0
0
0
0
0
0
0
0
0
0
0
0
0
0
0
0
0
0
0
0
0
0
0
0
0
0
0
0
0
0
0
0
0
0
0
-2.1815
0
0
0
0
0
0
0
0
0
0
0
0
-0.79083
-0.86269
-0.83787
-0.83912
-0.85994
-0.83419
-0.84154
-0.81182
-0.81182
-0.82359
-0.81182
-0.83052
-0.84621
-0.83252
-0.80268
-0.80147
-0.81363
0
0
-0.79483
0
0
0
0
0
0
0
0
0
0
0
0
0
0
0
0
0
0
0
0
0
0
0
0
20.1636
0
0
0
0
0
0
0
0
0
0
0
0
-2.3122
0
0
0
0
0
0
0
0
0
0
0
0
0
0
0
0
0
0
0
0
0
-3.0043
0
0
0
0
0
0
0
0
0
0
0
0
0
0
0
0
0
0
0
0
0
0
0
0
0
0
0
0
0
0
0
0
-0.84872
-0.88083
-0.85617
-0.86506
-0.87669
-0.85211
-0.83249
-0.82949
-0.8295
0
-0.82949
-0.84863
-0.86468
-0.85026
-0.82035
-0.81912
0
0
0
0
0
0
0
0
0
0
0
0
0
0
0
0
0
0
0
0
0
-0.88655
0
0
0
0
0
-0.76945
0
16.7391
0
0
0
0
0
0
0
0
0
0
0
0
0
0
0
0
0
0
0
0
0
0
0
0
0
0
-2.3795
0
0
0
0
0
0
0
0
0
0
0
0
0
0
0
0
0
0
0
0
0
0
0
0
0
0
0
0
0
0
0
0
0
0
0
0
0
0
0
-0.92187
-0.95359
-0.92964
-0.93878
-0.9517
-0.92844
-0.93364
-0.90458
-0.90459
-0.92016
-0.90458
-0.92431
-0.94066
-0.92607
-0.89526
-0.89472
0
0
0
0
0
0
0
0
0
0
0
0
0
0
0
0
0
0
0
0
0
0
0
0
0
0
0
0
0
0
14.7726
0
0
0
0
0
0
0
0
0
0
0
0
0
0
0
0
0
0
0
0
0
0
0
0
0
0
0
0
0
0
0
0
0
0
0
0
0
0
0
0
0
0
0
0
0
0
0
0
0
0
0
0
0
0
0
0
0
0
0
0
0
0
0
0
0
-0.89651
-0.92726
-0.90318
-0.91237
-0.92578
-0.90176
-0.90679
-0.87823
-0.87824
0
-0.87822
-0.89844
-0.9147
-0.90032
-0.87
-0.86872
0
0
0
0
0
0
0
0
0
0
0
0
0
0
0
0
0
0
0
0
0
0
0
0
0
0
0
0
0
0
0
13.4605
0
0
0
0
0
0
0
0
0
0
0
0
0
0
0
0
0
0
0
0
0
0
0
0
0
0
0
0
0
0
0
0
0
0
0
0
0
0
0
0
0
0
0
0
0
0
0
0
0
0
0
0
0
0
0
0
0
0
0
0
0
0
0
0
-0.87121
-0.90203
-0.87479
-0.8867
-0.90003
-0.87648
-0.88183
-0.85331
-0.85331
0
-0.8533
-0.87378
-0.888
-0.87409
-0.84415
0
0
0
0
0
0
0
0
0
0
0
0
0
0
0
0
0
0
0
0
0
0
0
0
0
0
0
0
0
0
0
0
0
13.8865
0
0
0
0
0
0
-1.6535
0
0
0
0
0
0
0
0
0
0
0
0
0
0
0
0
0
0
0
0
0
0
0
0
0
0
0
0
0
0
0
0
0
0
0
0
0
0
0
0
0
0
0
0
0
0
0
0
0
0
0
0
0
0
0
0
-1.0499
-1.1551
-1.1259
-1.1419
0
-1.1321
-1.1384
-1.1047
-1.1047
0
-1.1047
0
0
0
0
0
0
0
0
0
0
0
0
0
0
0
0
0
0
0
0
0
0
0
0
0
0
0
0
0
0
0
0
0
0
0
0
0
0
12.7822
0
0
0
0
0
0
0
0
0
0
0
0
0
0
0
0
0
0
0
0
0
0
0
0
0
0
0
0
0
0
0
0
0
0
0
0
-2.7249
0
0
0
0
0
0
0
0
0
0
0
0
0
0
0
0
0
0
0
0
0
0
0
0
0
0
0
0
0
0
0
0
0
0
0
0
0
0
0
0
0
0
0
0
0
0
0
0
0
0
0
0
0
0
0
0
0
0
0
0
0
0
0
0
0
0
0
0
0
0
0
0
0
0
0
12.0827
0
0
0
0
-2.2508
0
0
0
0
0
0
0
-2.2715
0
0
0
-2.4673
0
0
-2.2869
0
0
0
0
0
0
0
-2.8063
0
0
0
0
0
0
0
0
0
0
0
0
0
0
0
0
0
0
0
0
0
0
0
0
0
0
0
0
0
0
0
0
0
0
0
0
0
0
0
0
0
0
0
0
0
0
0
0
0
0
0
0
0
0
0
0
0
0
0
0
0
0
0
0
0
0
0
0
0
0
0
0
0
0
0
0
0
0
0
0
0
0
0
0
8.7481
-2.4065
0
0
0
0
0
-1.962
0
-2.1652
0
0
0
0
0
0
0
0
0
0
0
0
0
0
-2.2144
0
0
0
0
0
0
0
0
0
0
0
0
0
0
0
0
0
0
0
0
0
0
0
0
0
0
0
0
0
0
0
0
0
0
0
0
0
0
0
0
0
0
0
0
0
0
0
0
0
0
0
0
0
0
0
0
0
0
0
0
0
0
0
0
0
0
0
0
0
0
-0.96182
0
0
0
0
0
0
0
0
0
0
0
0
0
0
0
0
-2.4065
8.2321
0
0
0
0
0
-1.8709
0
0
0
0
0
0
0
0
0
0
0
0
0
0
0
0
0
0
-2.9928
0
0
0
0
0
0
0
0
0
0
0
0
0
0
0
0
0
0
0
0
0
0
0
0
0
0
0
0
0
0
0
0
0
0
0
0
0
0
0
0
0
0
0
0
0
-2.0865
0
0
0
0
0
-2.0218
0
0
0
0
0
0
0
0
0
0
0
0
-2.0398
0
0
0
0
0
0
0
0
0
0
0
0
0
0
0
0
0
0
0
0
0
0
8.3281
0
0
0
0
0
0
0
-2.18
0
0
0
0
0
0
0
0
0
0
0
0
0
0
0
0
0
0
0
0
0
0
0
0
0
0
0
0
0
0
0
0
0
0
0
0
0
0
0
0
0
0
0
0
0
0
0
0
0
0
0
0
0
0
0
0
0
0
0
0
0
0
0
0
0
0
0
0
0
0
0
0
0
0
0
0
0
0
0
0
0
0
0
0
0
0
0
0
0
0
0
0
0
0
0
0
0
0
0
0
0
0
0
0
12.8875
0
0
-2.8341
0
0
0
0
-2.6973
0
0
0
0
0
0
0
0
0
0
0
0
0
0
0
0
0
0
-3.251
0
0
0
0
0
0
0
0
0
0
0
0
0
0
0
0
0
0
0
0
0
0
0
-4.105
0
0
0
0
0
0
0
0
0
0
0
0
0
0
0
0
0
0
0
0
0
0
0
0
0
0
0
0
0
0
0
0
0
0
0
0
0
0
0
0
0
0
0
0
0
0
0
0
0
0
0
0
0
0
-1.6535
0
-2.2508
0
0
0
0
8.9257
0
0
0
0
0
-2.2007
0
0
0
0
0
0
0
0
0
0
0
0
0
0
0
-2.8207
0
0
0
0
0
0
0
0
0
0
0
0
0
0
0
0
0
0
0
0
0
0
0
0
0
0
0
0
0
0
0
0
0
0
0
0
0
0
0
-2.396
0
0
0
0
0
0
0
0
0
0
0
0
0
0
0
0
0
0
0
0
0
0
0
0
0
0
0
0
0
0
0
0
0
0
0
0
0
0
0
0
0
0
0
0
0
0
0
0
0
0
10.0722
0
0
-2.4464
0
0
0
0
0
0
0
-2.5559
0
0
0
0
0
0
0
0
0
0
0
0
0
0
0
0
0
0
0
-2.6738
0
0
0
0
0
0
0
0
0
0
0
0
0
0
0
0
0
0
0
0
0
0
0
0
0
0
0
0
0
0
0
0
0
0
0
0
0
0
0
0
0
0
0
0
0
0
0
0
0
0
0
0
0
0
0
0
0
0
0
0
0
0
0
0
0
0
0
0
-2.3122
0
0
0
0
0
0
0
0
0
-2.8341
0
0
9.8357
0
0
0
0
0
0
0
-2.206
0
0
0
0
0
0
0
0
0
0
0
0
0
0
0
0
0
0
0
-2.4833
0
0
0
0
0
0
0
0
0
0
0
0
0
0
0
0
0
0
0
0
0
0
0
0
0
0
0
0
0
0
-0.22172
0
0
0
0
0
0
0
0
0
0
0
0
0
0
0
0
0
0
0
0
0
0
0
0
0
0
0
0
0
0
0
0
0
0
0
0
0
0
0
0
0
0
0
0
0
0
-1.962
-1.8709
0
0
0
0
0
6.8025
0
0
0
0
0
0
0
0
0
0
0
0
0
0
0
0
0
0
0
0
0
0
0
0
0
0
0
0
0
0
0
0
0
0
0
0
0
0
0
-2.7478
0
0
0
0
0
0
0
0
0
0
0
0
0
-2.1733
0
0
0
0
0
0
0
0
0
0
0
0
0
0
0
0
0
0
0
0
0
0
0
0
0
0
0
-2.0732
0
0
0
0
0
0
0
0
0
0
0
0
0
0
0
0
0
0
0
0
0
0
0
0
0
0
0
-2.4464
0
0
9.1774
0
0
0
0
0
0
0
0
-2.4846
0
0
0
0
0
0
0
0
0
0
0
0
0
0
0
0
0
0
0
0
0
0
0
0
0
0
0
0
0
0
0
0
0
0
0
0
0
0
0
0
0
0
0
0
0
0
0
0
0
0
0
0
0
0
0
0
0
0
0
0
0
-2.1101
0
0
0
0
0
0
0
0
0
0
0
0
0
0
0
0
0
0
0
0
0
0
-1.9866
0
0
0
0
0
0
0
0
0
-2.1652
0
0
0
0
0
0
0
0
8.702
0
0
0
0
0
0
0
-2.4401
0
0
0
0
0
0
0
0
0
0
0
0
0
0
0
0
0
0
0
0
0
0
0
0
0
0
0
0
0
0
0
0
0
0
0
0
0
0
0
0
0
0
0
0
0
-1.6993
0
0
0
0
0
0
0
0
0
0
0
0
0
0
0
0
0
0
0
0
0
0
0
0
0
0
0
0
0
0
0
0
0
0
0
0
0
0
0
0
0
0
0
0
0
0
0
0
0
0
-2.18
0
-2.2007
0
0
0
0
0
9.0014
0
0
0
0
0
0
0
0
0
0
0
0
0
0
0
0
0
0
0
0
0
-2.9215
0
0
0
0
0
0
0
0
0
0
0
0
0
0
0
0
0
0
0
0
0
0
0
0
0
0
0
0
0
0
0
0
0
0
0
0
0
0
0
0
0
0
0
0
0
0
0
0
0
0
0
0
0
0
0
0
0
0
0
0
0
-2.2859
0
0
0
0
0
0
0
0
0
0
0
0
0
0
0
0
0
0
0
0
-2.6973
0
0
0
0
0
0
0
9.9554
0
0
0
0
0
0
0
0
0
-2.3401
0
0
0
0
0
0
0
0
0
-2.6321
0
0
0
0
0
0
0
0
0
0
0
0
0
0
0
0
0
0
0
0
0
0
0
0
0
0
0
0
0
-2.635
-2.6188
0
0
0
0
0
0
0
0
0
0
0
0
0
0
0
0
0
0
0
0
0
0
0
0
0
0
0
0
0
0
0
0
0
0
0
0
0
0
0
0
0
0
0
0
0
0
0
0
-2.2715
0
0
0
0
0
0
0
0
0
0
0
0
7.5253
0
0
0
0
0
0
0
0
0
0
0
0
0
0
0
0
0
0
0
0
0
0
0
0
0
0
0
0
0
0
0
0
0
0
0
0
0
0
0
0
0
0
0
0
0
0
0
0
0
0
0
0
0
0
0
0
0
0
0
0
0
0
0
0
0
-1.1752
0
0
0
0
0
0
0
0
0
0
0
0
0
-1.2243
0
0
0
0
0
0
0
0
0
0
0
0
0
0
0
0
0
0
0
0
0
0
0
0
0
0
0
0
0
0
0
0
5.6103
0
0
0
0
0
0
0
0
0
0
0
0
0
0
0
0
0
0
0
0
0
0
0
0
-3.2109
0
0
0
0
0
0
0
0
0
0
0
0
0
0
0
0
0
0
0
0
0
0
0
0
0
-2.6393
0
0
0
0
0
0
0
0
0
0
0
0
0
0
0
0
0
0
0
0
-2.5313
0
0
0
0
0
0
0
0
0
0
0
0
0
0
0
0
0
0
0
0
0
0
0
0
0
0
0
0
0
0
0
0
-2.206
0
0
0
0
0
0
0
7.3766
0
0
0
0
0
0
0
0
0
0
0
0
0
0
0
0
0
0
0
0
0
0
0
0
0
0
0
0
0
0
0
0
0
0
0
0
0
0
0
0
0
0
0
0
0
0
0
0
0
0
0
0
0
0
0
0
0
0
0
0
0
0
0
0
0
0
0
0
-2.2962
0
0
0
0
0
0
-2.2512
0
0
0
0
0
0
0
0
0
0
0
0
0
0
0
0
0
0
0
0
0
0
0
0
0
0
0
0
0
0
0
0
0
0
0
0
7.4971
0
0
0
0
0
0
0
0
0
0
0
0
0
0
0
0
-2.9498
0
0
0
0
0
0
0
0
0
0
0
0
0
0
0
0
0
0
0
0
0
0
0
0
0
0
0
0
0
0
0
0
0
0
0
0
0
0
0
0
0
-2.6333
0
0
0
0
0
0
0
0
0
0
0
0
0
0
0
0
0
0
0
0
0
0
0
0
0
0
0
0
0
0
0
0
0
0
0
0
-2.4673
0
0
0
0
0
-2.5559
0
0
0
0
0
0
0
0
0
0
7.6564
0
0
0
0
0
0
0
0
0
0
0
0
0
0
0
0
0
0
0
0
0
0
0
0
0
0
0
0
0
0
0
0
0
0
0
0
0
0
0
0
0
0
0
0
0
0
0
0
0
0
0
0
0
0
0
0
0
0
0
0
0
0
0
0
0
-2.8848
0
0
0
0
0
0
0
0
0
0
0
0
0
0
0
0
0
0
0
0
0
0
0
0
0
0
0
0
0
0
0
0
0
0
0
0
0
-2.4846
-2.4401
0
0
0
0
0
0
0
7.8095
0
0
0
0
0
0
0
0
0
0
0
0
0
0
0
0
0
0
0
0
0
0
0
0
0
0
0
0
0
0
0
0
0
0
0
0
0
0
0
0
0
0
0
0
0
0
0
0
0
0
0
0
0
0
0
0
0
0
0
0
0
-2.2014
0
0
0
0
0
0
0
0
0
0
0
0
0
0
0
0
0
0
0
0
0
0
0
0
0
0
0
0
0
0
0
0
0
0
0
0
0
0
0
0
0
0
0
0
0
0
0
0
0
0
8.2698
0
0
0
0
0
0
0
0
0
0
-3.1816
0
0
0
-2.8868
0
0
0
0
0
0
0
0
0
0
0
0
0
0
0
0
0
0
0
0
0
0
0
0
0
0
0
0
0
0
0
0
0
0
0
0
-2.7198
0
0
0
0
0
0
0
0
0
0
0
0
0
0
0
0
0
0
0
0
0
0
-2.5715
0
0
0
0
0
0
0
0
0
0
0
0
0
0
0
0
0
-2.2869
0
0
0
0
0
0
0
0
0
0
0
0
0
0
0
0
0
0
0
7.5782
0
0
0
0
0
0
0
0
0
0
0
0
0
0
0
0
0
0
0
0
0
0
0
0
0
0
0
0
0
0
0
0
0
0
0
0
0
0
0
0
0
0
0
0
0
0
0
0
0
0
0
0
0
0
0
0
0
-1.5209
0
0
0
0
0
0
0
0
0
0
0
0
0
0
0
0
0
0
0
0
0
0
0
0
0
0
0
0
0
0
0
0
0
0
0
0
0
0
0
0
0
0
0
0
0
0
0
0
0
0
0
0
0
0
5.0891
0
-3.0222
0
0
0
0
0
0
0
0
0
0
0
0
0
0
0
0
0
0
-0.54589
0
0
0
0
0
0
0
0
0
0
0
0
0
0
0
0
0
0
0
0
0
0
0
0
0
-2.742
0
0
0
0
0
0
0
0
0
0
0
0
0
0
0
0
0
0
0
0
0
0
0
0
0
0
0
0
0
0
0
0
0
0
0
0
0
0
-2.3795
0
0
0
0
0
0
0
0
0
0
0
0
0
0
0
0
-2.3401
0
0
0
0
0
0
0
0
0
7.4616
0
0
0
0
0
0
0
0
0
0
0
0
0
0
0
0
0
0
0
0
0
0
0
0
0
0
0
0
0
0
0
0
0
0
0
0
0
0
0
-1.9086
0
0
0
0
0
0
0
0
0
0
0
0
0
0
0
-1.8956
0
0
0
0
0
0
0
0
0
0
0
0
0
0
0
0
0
0
0
0
0
0
0
0
0
0
0
0
0
0
0
0
0
0
0
0
0
0
0
0
0
0
0
0
0
0
0
0
0
0
0
0
0
0
-3.0222
0
6.8264
0
0
0
0
0
0
0
0
0
0
0
0
0
0
0
0
0
0
0
0
0
0
0
0
0
0
0
0
0
0
0
0
0
0
0
0
0
0
0
-2.3444
0
0
0
0
0
0
0
0
0
0
0
0
0
0
0
0
0
0
0
0
0
0
-2.2386
0
0
0
0
0
0
0
0
0
0
0
0
0
0
0
0
0
0
0
0
0
0
0
0
0
0
0
0
0
0
0
0
0
0
0
0
0
0
0
0
0
0
0
0
0
0
0
0
0
8.0599
0
0
0
0
0
0
0
0
0
0
0
0
0
0
0
0
0
0
0
0
0
0
0
0
0
-3.4768
0
0
0
0
0
0
0
0
0
0
0
0
0
0
0
0
0
0
0
0
-2.6228
0
0
0
0
0
0
0
0
0
0
0
0
0
0
0
0
0
-2.5524
0
0
0
0
0
0
0
0
0
0
0
0
0
0
0
0
0
0
0
0
0
0
0
-2.2144
0
0
0
0
0
0
0
0
0
0
0
0
0
0
0
0
0
0
0
0
0
0
0
7.3897
0
0
0
0
0
0
0
0
0
0
0
0
0
0
0
0
0
0
0
0
0
0
0
0
0
0
0
0
0
0
0
0
0
0
0
0
0
0
0
0
0
0
0
0
0
-1.6563
0
0
0
0
0
0
0
0
0
0
0
0
0
0
0
0
0
0
0
0
0
0
0
0
-1.6028
0
0
0
0
0
0
0
0
0
0
0
0
0
0
0
0
0
0
0
0
0
0
0
0
0
0
0
0
0
0
0
0
0
0
0
0
0
0
0
0
0
6.3245
0
0
0
0
0
0
0
0
0
0
0
0
0
0
0
0
0
0
-3.0654
0
0
0
0
0
0
0
0
0
0
0
0
0
0
0
0
0
0
0
0
0
0
0
0
0
0
0
0
0
0
0
0
0
0
0
0
0
0
0
0
0
0
0
0
0
0
0
0
0
0
0
0
0
0
0
0
0
0
0
0
0
0
0
0
0
0
0
0
-2.9928
0
0
-2.8207
0
0
0
0
0
0
0
0
0
0
0
0
0
0
0
0
0
0
0
0
0
5.8136
0
0
0
0
0
0
0
0
0
0
0
0
0
0
0
0
0
0
0
0
0
0
0
0
0
0
0
0
0
0
0
0
0
0
0
0
0
0
0
0
0
0
0
0
0
0
0
0
0
0
0
0
0
0
0
0
0
0
0
0
0
0
0
0
0
0
0
0
0
0
0
0
0
0
0
0
0
0
0
0
0
0
0
0
-2.8063
0
0
0
0
0
0
0
0
0
0
0
0
0
0
0
0
0
0
0
0
0
0
0
0
0
0
0
6.3056
0
-3.4993
0
0
0
0
0
0
0
0
0
0
0
0
0
0
0
0
0
0
0
0
0
0
0
0
0
0
0
0
0
0
0
-3.5812
0
0
0
0
0
0
0
0
0
0
0
0
0
0
0
0
0
0
0
0
0
0
0
0
0
0
0
0
0
0
0
0
0
0
0
0
0
0
0
0
0
0
0
-3.0043
0
0
0
0
0
0
0
0
0
0
0
0
0
0
0
0
0
0
0
0
0
0
0
0
0
0
0
0
0
0
0
0
0
0
6.5855
0
0
0
0
0
0
0
0
0
0
0
0
0
0
0
0
0
0
0
0
0
0
0
0
0
0
0
0
0
0
0
0
0
0
0
0
0
0
0
0
0
0
0
0
0
0
0
0
0
0
0
0
0
0
0
0
0
0
0
0
0
0
0
0
0
0
0
0
0
0
0
0
0
0
0
0
0
0
0
0
0
0
0
0
0
0
0
0
0
0
0
0
0
0
0
0
0
0
0
0
0
-3.1816
0
0
0
0
0
0
0
0
-3.4993
0
6.6809
0
0
0
0
0
0
0
0
0
0
0
0
0
0
0
0
0
0
0
0
0
0
0
0
0
0
0
0
0
0
0
0
0
0
0
0
0
0
0
0
0
0
0
0
0
0
0
0
0
0
0
0
0
0
0
0
0
0
0
0
0
0
0
0
0
0
0
0
-3.5805
0
0
0
0
0
0
0
0
0
0
0
0
0
0
0
0
-3.251
0
0
0
0
0
0
0
0
0
0
0
0
0
0
0
0
0
0
0
0
0
0
0
0
0
0
6.8315
0
0
0
0
0
0
0
0
0
0
0
0
0
0
0
0
0
0
0
0
0
0
0
0
0
0
0
0
0
0
0
0
0
0
0
0
0
0
0
0
0
0
0
0
0
0
0
0
0
0
0
0
0
0
0
0
0
0
0
0
0
0
0
0
0
0
0
0
0
0
-3.8504
0
0
0
0
0
0
0
0
0
0
0
0
0
0
0
0
0
0
0
0
0
-2.6321
0
0
0
0
0
0
0
0
0
0
0
0
0
0
0
0
0
0
0
6.4825
0
0
0
0
0
0
0
0
0
0
0
0
0
0
0
0
0
0
0
0
0
0
0
0
0
0
0
0
0
0
0
0
0
0
0
0
0
0
0
0
0
0
0
0
0
0
0
0
0
0
0
0
0
0
0
0
0
0
0
0
0
0
0
0
0
0
0
0
0
0
0
0
0
0
0
0
0
0
0
0
0
0
0
0
0
0
0
0
0
0
-2.9215
0
0
0
0
-2.9498
0
0
0
0
0
0
0
0
0
0
0
0
0
0
0
0
5.8713
0
0
0
0
0
0
0
0
0
0
0
0
0
0
0
0
0
0
0
0
0
0
0
0
0
0
0
0
0
0
0
0
0
0
0
0
0
0
0
0
0
0
0
0
0
0
0
0
0
0
0
0
0
0
0
0
0
0
0
0
0
0
0
0
0
-3.8062
0
0
0
0
0
0
0
0
0
0
0
0
0
0
0
0
0
0
0
0
0
0
0
0
0
0
0
0
0
0
0
-2.8868
0
0
0
0
0
0
0
0
0
0
0
0
0
0
6.6929
0
0
0
0
0
0
0
0
0
0
0
0
0
0
0
0
0
0
0
0
0
0
0
0
0
0
0
0
0
0
0
0
0
0
0
0
0
0
0
0
0
0
0
0
0
0
0
0
0
0
0
0
0
0
0
0
0
-4.1389
0
0
0
0
0
0
0
0
0
0
0
0
0
0
0
0
0
0
0
0
0
0
0
0
0
0
-2.4833
0
0
0
0
0
0
0
0
0
0
0
0
0
0
0
0
0
0
0
0
0
0
0
0
0
0
0
6.6222
0
0
0
0
0
0
0
0
0
0
0
0
0
0
0
0
0
0
0
0
0
0
0
0
0
0
-3.7968
0
0
0
0
0
0
0
0
0
0
0
0
0
0
0
0
0
0
0
0
0
0
0
0
0
0
0
0
0
0
0
0
0
0
0
0
0
0
0
0
0
0
0
0
0
0
0
0
-2.7249
0
0
0
0
0
0
0
0
0
0
0
0
0
0
0
0
0
0
0
0
0
0
0
0
0
0
0
0
0
0
0
0
0
0
0
0
6.5217
0
0
0
0
0
0
0
0
0
0
0
0
0
0
0
0
0
0
0
0
0
0
0
0
0
0
0
0
0
0
0
0
0
0
0
0
0
0
0
0
0
0
0
0
0
0
0
0
0
0
0
0
-4.0153
0
0
0
0
0
0
0
0
0
0
0
0
0
0
0
0
0
0
0
0
0
0
0
0
0
0
0
0
-2.6738
0
0
0
0
0
0
0
0
0
0
0
0
0
0
0
0
0
0
0
0
0
0
0
0
0
0
0
0
0
0
6.6891
0
0
0
0
0
0
0
0
0
0
0
0
0
0
0
0
0
0
0
0
0
0
0
0
0
0
0
0
0
0
0
0
0
-3.3455
0
0
0
0
0
0
0
0
0
0
0
0
0
0
0
0
0
0
0
0
0
0
0
0
0
0
0
0
0
0
0
0
0
0
0
0
0
0
0
0
0
0
0
0
0
0
0
0
0
0
0
0
0
0
0
0
0
0
0
0
0
0
0
0
0
0
0
0
0
0
0
0
0
0
0
0
0
0
3.3455
0
0
0
0
0
0
0
0
0
0
0
0
0
0
0
0
0
0
0
0
0
0
0
0
0
0
0
0
0
0
0
0
0
0
0
0
0
0
0
0
0
0
0
0
0
0
0
0
0
0
0
0
0
0
0
0
0
0
0
0
0
0
0
0
0
0
0
0
0
0
0
0
0
0
0
0
0
0
0
0
0
0
0
0
0
0
0
-3.2109
0
0
0
0
0
0
0
0
0
0
0
0
0
0
0
0
0
0
0
0
0
0
0
0
3.2109
0
0
0
0
0
0
0
0
0
0
0
0
0
0
0
0
0
0
0
0
0
0
0
0
0
0
-5.1453
0
0
0
0
0
0
0
0
0
0
0
0
0
0
0
0
0
0
0
0
0
0
0
0
0
0
0
0
0
0
0
0
0
0
0
0
0
0
0
0
0
0
0
0
0
0
0
0
0
0
0
0
0
0
0
0
0
0
0
0
0
0
0
0
0
0
0
0
0
0
0
0
0
0
0
0
0
0
0
0
0
0
0
0
0
5.1453
0
0
0
0
0
0
0
0
0
0
0
0
0
0
0
0
0
0
0
0
0
0
0
0
0
0
0
0
0
0
0
0
0
0
0
0
0
0
0
0
0
0
0
-3.3146
0
0
0
0
0
0
0
0
0
0
0
0
0
0
0
0
0
0
0
0
0
0
0
0
0
0
0
0
0
0
0
0
0
0
0
0
0
0
0
0
0
0
0
0
0
0
0
0
0
0
0
0
0
0
0
0
0
0
0
0
0
0
0
0
0
0
0
0
3.3146
0
0
0
0
0
0
0
0
0
0
0
0
0
0
0
0
0
0
0
0
0
0
0
0
0
0
0
0
0
0
0
0
0
0
0
0
0
0
0
0
0
0
0
0
0
0
0
0
0
0
0
0
0
0
0
0
0
0
0
0
0
0
0
0
0
0
0
0
0
0
0
0
0
0
0
0
0
0
0
0
0
0
0
0
0
0
0
0
0
0
0
-0.54589
0
0
0
0
0
0
0
0
0
0
0
0
0
0
0
0
0
0
0
0
0.54589
0
0
0
0
0
0
0
0
0
0
0
0
0
0
0
0
0
0
0
0
0
0
0
0
0
0
0
0
0
0
0
0
0
0
0
-2.5076
0
0
0
0
0
0
0
0
0
0
0
0
0
0
0
0
0
0
0
0
0
0
0
0
0
0
0
0
0
0
0
0
0
0
0
0
0
0
0
0
0
0
0
0
0
0
0
0
0
0
0
0
0
0
0
0
0
0
0
0
0
0
0
0
0
0
0
0
0
0
0
0
0
0
0
0
2.5076
0
0
0
0
0
0
0
0
0
0
0
0
0
0
0
0
0
0
0
0
0
0
0
0
0
0
0
0
0
0
0
0
0
0
0
0
0
0
0
0
0
0
0
0
0
0
0
0
0
-3.4796
0
0
0
0
0
0
0
0
0
0
0
0
0
0
0
0
0
0
0
0
0
0
0
0
0
0
0
0
0
0
0
0
0
0
0
0
0
0
0
0
0
0
0
0
0
0
0
0
0
0
0
0
0
0
0
0
0
0
0
0
0
0
3.4796
0
0
0
0
0
0
0
0
0
0
0
0
0
0
0
0
0
0
0
0
0
0
0
0
0
0
0
0
0
0
0
0
0
0
0
0
0
0
0
0
0
0
0
0
0
0
0
0
0
0
0
0
0
0
0
0
0
0
0
0
0
0
0
0
0
0
0
0
0
0
0
0
0
0
0
0
0
0
0
0
0
0
0
0
0
0
0
0
0
0
0
0
0
-3.0654
0
0
0
0
0
0
0
0
0
0
0
0
0
0
0
0
0
0
3.0654
0
0
0
0
0
0
0
0
0
0
0
0
0
0
0
0
0
0
0
0
0
0
0
0
0
0
0
0
0
0
0
0
0
0
0
0
0
0
0
0
0
0
0
0
0
0
0
0
0
-2.2417
0
0
0
0
0
0
0
0
0
0
0
0
0
0
0
0
0
0
0
0
0
0
0
0
0
0
0
0
0
0
0
0
0
0
0
0
0
0
0
0
0
0
0
0
0
0
0
0
0
0
0
0
0
0
0
0
0
0
0
0
0
0
2.2417
0
0
0
0
0
0
0
0
0
0
0
0
0
0
0
0
0
-5.4118
0
0
0
0
0
0
0
0
0
0
0
0
0
0
0
0
0
0
0
0
0
0
0
0
0
0
0
0
0
0
0
0
0
0
0
0
0
0
0
0
0
0
0
0
0
0
0
0
0
0
0
0
0
0
0
0
0
0
0
0
0
0
0
0
0
0
0
0
0
0
0
0
0
0
0
0
0
0
0
0
0
0
0
0
0
0
0
0
0
0
0
0
0
0
5.4118
0
0
0
0
0
0
0
0
0
0
0
0
0
0
0
0
0
0
0
0
0
0
0
0
0
0
0
0
0
0
0
0
0
0
0
0
0
0
0
0
0
0
0
0
0
0
0
0
0
0
0
0
0
0
0
0
0
0
0
0
0
0
0
0
0
0
0
0
0
0
0
0
-2.7478
0
0
0
0
0
0
0
0
0
0
0
0
0
0
0
0
0
0
0
0
0
0
0
0
0
0
0
0
0
0
0
0
0
0
0
0
0
0
0
2.7478
0
0
0
0
0
0
0
0
0
0
0
0
0
0
0
0
0
0
0
0
0
0
0
0
0
0
0
0
0
0
0
0
0
0
0
0
0
0
0
0
0
0
0
0
0
0
0
0
0
0
0
0
0
0
0
0
-2.1815
0
0
0
0
0
0
0
0
0
0
0
0
0
0
0
0
0
0
0
0
0
0
0
0
0
0
0
0
0
0
0
0
0
0
0
0
0
0
0
0
0
0
0
0
0
0
0
0
0
0
0
0
0
0
0
2.1815
0
0
0
0
0
0
0
0
0
0
0
0
0
0
0
0
0
0
0
0
0
0
0
0
0
0
0
0
0
0
0
0
0
0
0
0
0
0
0
0
0
0
0
0
0
0
0
0
0
0
0
0
0
0
0
0
0
0
0
0
0
0
0
0
0
0
0
0
0
0
0
0
0
0
0
0
0
0
0
0
0
0
0
0
0
0
-3.4768
0
0
0
0
0
0
0
0
0
0
0
0
0
0
0
0
0
0
0
0
0
0
0
0
0
3.4768
0
0
0
0
0
0
0
0
0
0
0
0
0
0
0
0
0
0
0
0
0
0
0
0
0
0
0
0
0
0
0
0
0
0
0
0
0
-4.4017
0
0
0
0
0
0
0
0
0
0
0
0
0
0
0
0
0
0
0
0
0
0
0
0
0
0
0
0
0
0
0
0
0
0
0
0
0
0
0
0
0
0
0
0
0
0
0
0
0
0
0
0
0
0
0
0
0
0
0
0
0
0
0
0
0
0
0
0
0
0
0
0
0
0
4.4017
0
0
0
0
0
0
0
0
0
0
0
-5.5511
0
0
0
0
0
0
0
0
0
0
0
0
0
0
0
0
0
0
0
0
0
0
0
0
0
0
0
0
0
0
0
0
0
0
0
0
0
0
0
0
0
0
0
0
0
0
0
0
0
0
0
0
0
0
0
0
0
0
0
0
0
0
0
0
0
0
0
0
0
0
0
0
0
0
0
0
0
0
0
0
0
0
0
0
0
0
0
0
0
0
0
0
0
0
0
0
0
0
0
0
5.5511
0
0
0
0
0
0
0
0
0
0
0
0
0
0
0
0
0
0
0
0
0
0
0
0
0
0
0
0
0
0
0
0
0
0
0
0
0
0
-3.9138
0
0
0
0
0
0
0
0
0
0
0
0
0
0
0
0
0
0
0
0
0
0
0
0
0
0
0
0
0
0
0
0
0
0
0
0
0
0
0
0
0
0
0
0
0
0
0
0
0
0
0
0
0
0
0
0
0
0
0
0
0
0
0
0
0
0
0
0
0
0
0
0
0
3.9138
0
0
0
0
0
0
0
0
0
0
0
-5.3311
0
0
0
0
0
0
0
0
0
0
0
0
0
0
0
0
0
0
0
0
0
0
0
0
0
0
0
0
0
0
0
0
0
0
0
0
0
0
0
0
0
0
0
0
0
0
0
0
0
0
0
0
0
0
0
0
0
0
0
0
0
0
0
0
0
0
0
0
0
0
0
0
0
0
0
0
0
0
0
0
0
0
0
0
0
0
0
0
0
0
0
0
0
0
0
0
0
0
0
0
5.3311
0
0
0
0
0
0
0
0
0
0
0
0
0
0
0
0
0
0
0
0
0
0
0
0
0
0
0
0
0
0
0
0
0
0
0
0
0
0
0
0
0
0
0
0
0
0
0
0
0
0
0
0
0
0
0
0
0
0
0
0
0
-4.105
0
0
0
0
0
0
0
0
0
0
0
0
0
0
0
0
0
0
0
0
0
0
0
0
0
0
0
0
0
0
0
0
0
0
0
0
0
0
0
0
0
0
0
0
0
0
0
0
0
0
4.105
0
0
0
0
0
0
0
0
0
0
-5.1453
0
0
0
0
0
0
0
0
0
0
0
0
0
0
0
0
0
0
0
0
0
0
0
0
0
0
0
0
0
0
0
0
0
0
0
0
0
0
0
0
0
0
0
0
0
0
0
0
0
0
0
0
0
0
0
0
0
0
0
0
0
0
0
0
0
0
0
0
0
0
0
0
0
0
0
0
0
0
0
0
0
0
0
0
0
0
0
0
0
0
0
0
0
0
0
0
0
0
0
0
0
5.1453
0
0
0
0
0
0
0
0
0
0
0
0
0
0
0
0
0
-3.9419
0
0
0
0
0
0
0
0
0
0
0
0
0
0
0
0
0
0
0
0
0
0
0
0
0
0
0
0
0
0
0
0
0
0
0
0
0
0
0
0
0
0
0
0
0
0
0
0
0
0
0
0
0
0
0
0
0
0
0
0
0
0
0
0
0
0
0
0
0
0
0
0
0
0
0
0
0
0
0
0
0
0
0
0
0
0
0
0
0
0
0
0
0
0
3.9419
0
0
0
0
0
0
0
0
0
0
0
0
0
0
0
0
0
0
0
0
0
0
0
0
0
0
-3.3145
0
0
0
0
0
0
0
0
0
0
0
0
0
0
0
0
0
0
0
0
0
0
0
0
0
0
0
0
0
0
0
0
0
0
0
0
0
0
0
0
0
0
0
0
0
0
0
0
0
0
0
0
0
0
0
0
0
0
0
0
0
0
0
0
0
0
0
0
0
0
0
0
0
0
0
0
0
0
0
0
0
0
0
0
0
3.3145
0
0
0
0
-5.5511
0
0
0
0
0
0
0
0
0
0
0
0
0
0
0
0
0
0
0
0
0
0
0
0
0
0
0
0
0
0
0
0
0
0
0
0
0
0
0
0
0
0
0
0
0
0
0
0
0
0
0
0
0
0
0
0
0
0
0
0
0
0
0
0
0
0
0
0
0
0
0
0
0
0
0
0
0
0
0
0
0
0
0
0
0
0
0
0
0
0
0
0
0
0
0
0
0
0
0
0
0
0
0
0
0
0
0
5.5511
0
0
0
0
0
0
0
0
0
0
0
0
0
0
0
0
0
0
0
0
0
0
-4.7795
0
0
0
0
0
0
0
0
0
0
0
0
0
0
0
0
0
0
0
0
0
0
0
0
0
0
0
0
0
0
0
0
0
0
0
0
0
0
0
0
0
0
0
0
0
0
0
0
0
0
0
0
0
0
0
0
0
0
0
0
0
0
0
0
0
0
0
0
0
0
0
0
0
0
0
0
0
0
0
0
0
0
0
0
0
0
0
0
0
4.7795
0
0
0
0
0
0
0
0
0
0
0
0
0
0
0
0
0
0
0
0
0
0
0
0
0
0
0
0
0
0
0
-2.7623
0
0
0
0
0
0
0
0
0
0
0
0
0
0
0
0
0
0
0
0
0
0
0
0
0
0
0
0
0
0
0
0
0
0
0
0
0
0
0
0
0
0
0
0
0
0
0
0
0
0
0
0
0
0
0
0
0
0
0
0
0
0
0
0
0
0
0
0
0
0
0
0
0
0
0
0
0
0
0
0
2.7623
