1
0.95302
0.94314
0.93812
0.93346
0.92998
0.92569
0.92255
0.92114
0.91943
0.91867
0.91406
0.91012
0.90618
0.90241
0.89853
0.89458
0.89072
0.88718
0.88374
0.88043
0.87731
0.87434
0.87148
0.86868
0.86598
0.86336
0.86085
0.85846
0.85618
0.85399
0.85186
0.84976
0.8477
0.84566
0.84364
0.84166
0.83972
0.83784
0.83602
0.83428
0.8326
0.83098
0.8294
0.82785
0.8263
0.82474
0.82316
0.82158
0.81999
0.81843
0.81691
0.81545
0.81406
0.81274
0.8115
0.8103
0.80913
0.80795
0.80676
0.80556
0.80433
0.8031
0.80185
0.80062
0.79939
0.79819
0.79703
0.79592
0.79486
0.79387
0.79296
0.79214
0.79141
0.79077
0.79022
0.78975
0.78933
0.78895
0.78859
0.78822
0.78783
0.78741
0.78696
0.78648
0.78597
0.78545
0.78492
0.78438
0.78385
0.78333
0.78282
0.78235
0.7819
0.78148
0.7811
0.78076
0.78047
0.78023
0.78005
0.77994
0.7799
0.77993
0.78003
0.7802
0.78044
0.78075
0.78112
0.78154
0.782
0.78248
0.78298
0.78348
0.78396
0.78442
0.78484
0.78521
0.78554
