1
0.97818
0.96932
0.9628
0.95859
0.95504
0.9498
0.94489
0.94043
0.93619
0.93214
0.92817
0.92422
0.92025
0.91628
0.91231
0.9084
0.90459
0.90088
0.89727
0.89374
0.89028
0.88687
0.88352
0.88022
0.87695
0.87374
0.87056
0.8674
0.86426
0.86112
0.85798
0.85482
0.85165
0.84847
0.84529
0.84212
0.83896
0.83582
0.8327
0.8296
0.82653
0.82348
0.82047
0.81747
0.81451
0.81159
0.80871
0.80586
0.80306
0.80031
0.79759
0.79491
0.79226
0.78965
0.78706
0.78452
0.78201
0.77954
0.77712
0.77475
0.77242
0.77013
0.76788
0.76568
0.7635
0.76136
0.75926
0.75718
0.75514
0.75312
0.75113
0.74916
0.7472
0.74525
0.74331
0.74138
0.73944
0.73749
0.73553
0.73356
0.73157
0.72956
0.72752
0.72547
0.7234
0.72132
0.71923
0.71714
0.71506
0.713
0.71098
0.709
0.7071
0.70527
0.70354
0.70192
0.70042
0.69906
0.69783
0.69676
0.69583
0.69506
0.69444
0.69396
0.6936
0.69336
0.69321
0.69313
0.69311
0.69312
0.69315
0.69318
0.69322
0.69324
0.69324
0.69322
0.69318
0.69312
0.69304
0.69294
0.69282
0.6927
0.69256
0.69242
0.69227
0.69213
0.69198
0.69184
0.69169
0.69155
0.69141
0.69126
0.69111
0.69095
0.69078
0.69058
0.69035
0.6901
0.6898
0.68946
0.68907
0.68862
0.6881
0.68751
0.68685
0.6861
0.68527
0.68436
0.68336
