1
0.97787
0.96789
0.96238
0.95833
0.95446
0.95002
0.94595
0.94217
0.93874
0.93557
0.93262
0.92988
0.92732
0.92493
0.92266
0.92052
0.91848
0.91657
0.91478
0.91314
0.91167
0.91036
0.90916
0.90804
0.90695
0.90588
0.90481
0.90377
0.90276
0.9018
0.90087
0.89996
0.89906
0.89816
0.89726
0.89637
0.89549
0.89461
0.89373
0.89286
0.892
0.89115
0.89031
0.88948
0.88865
0.88785
0.88705
0.88626
0.88549
0.88473
0.88397
0.88322
0.88246
0.88171
0.88096
0.88022
0.87949
0.87879
0.87811
0.87746
0.87684
0.87626
0.87571
0.8752
0.87474
0.87432
0.87396
0.87366
0.87343
0.87327
0.87319
0.87317
0.87322
0.87333
0.87348
0.87367
0.87387
0.87408
0.87429
0.87447
0.87463
0.87477
0.87488
0.87496
0.87501
0.87504
0.87504
0.87503
0.87499
0.87494
0.87486
0.87478
0.87467
0.87455
0.87442
0.87428
0.87412
0.87396
0.87378
0.8736
0.87341
0.87322
0.87303
0.87285
0.87266
0.87249
0.87232
0.87217
0.87203
0.8719
0.87179
0.8717
0.87162
0.87157
0.87153
0.8715
0.8715
0.87151
0.87153
0.87156
0.87161
0.87166
0.87173
0.8718
0.87188
0.87197
0.87206
0.87216
0.87226
0.87237
0.87248
0.87259
0.8727
0.8728
0.87291
0.87301
0.87312
0.87321
0.87331
0.8734
0.87349
0.87357
0.87366
0.87374
0.87382
0.8739
0.87398
0.87405
0.87413
