1
0.98201
0.9706
0.96289
0.95749
0.94984
0.94299
0.93682
0.93112
0.92583
0.92087
0.91618
0.91172
0.90746
0.90336
0.89941
0.89559
0.89187
0.88825
0.88471
0.88124
0.87783
0.87447
0.87117
0.8679
0.86468
0.8615
0.85836
0.85528
0.85224
0.84927
0.84637
0.84354
0.84078
0.8381
0.8355
0.83298
0.83054
0.82817
0.82588
0.82365
0.82149
0.8194
0.81737
0.8154
0.81349
0.81162
0.80981
0.80805
0.80633
0.80466
0.80303
0.80143
0.79986
0.79833
0.79683
0.79534
0.79388
0.79244
0.79101
0.7896
0.78819
0.7868
0.78541
0.78402
0.78264
0.78126
0.77988
0.7785
0.77713
0.77576
0.77439
0.77302
0.77166
0.7703
0.76894
0.76759
0.76624
0.76491
0.76358
0.76226
0.76095
0.75965
0.75837
0.7571
0.75584
0.7546
0.75338
0.75218
0.75099
0.74982
0.74868
0.74755
0.74644
0.74536
0.74429
0.74324
0.74222
0.74121
0.74022
0.73925
0.73829
0.73736
0.73644
0.73554
0.73465
0.73378
0.73292
0.73207
0.73124
0.73042
0.72961
0.72881
0.72802
0.72724
0.72647
0.7257
0.72493
0.72417
0.72341
0.72266
0.72191
0.72115
0.7204
0.71965
0.71889
0.71813
0.71737
0.71661
0.71584
0.71507
0.7143
0.71352
0.71274
0.71195
0.71116
0.71037
0.70957
0.70877
0.70797
0.70716
0.70635
0.70554
0.70472
0.70391
0.70309
0.70227
0.70144
0.70062
0.69979
0.69896
0.69814
0.69731
0.69647
0.69564
0.6948
0.69396
0.69312
0.69228
0.69143
0.69058
0.68973
0.68888
0.68802
0.68716
0.68631
0.68545
0.68459
0.68374
0.68288
0.68203
0.68119
0.68035
0.67952
0.67869
0.67787
0.67707
0.67627
0.67548
0.67471
0.67394
0.67319
0.67245
0.67173
0.67101
0.67031
0.66962
0.66894
0.66827
0.66762
0.66697
0.66634
0.66572
0.6651
0.6645
0.66391
0.66332
0.66275
0.66219
0.66164
0.66109
0.66056
0.66004
0.65953
0.65903
0.65853
0.65805
0.65758
0.65712
0.65667
