1
0.9836
0.97376
0.96877
0.96545
0.96036
0.95588
0.95187
0.94817
0.94472
0.94143
0.93829
0.93525
0.9323
0.92942
0.9266
0.92384
0.92112
0.91844
0.91579
0.91318
0.91059
0.90804
0.9055
0.90298
0.90048
0.89799
0.89552
0.89305
0.89059
0.88813
0.88567
0.88321
0.88075
0.87828
0.87581
0.87334
0.87085
0.86836
0.86585
0.86334
0.86082
0.8583
0.85577
0.85325
0.85073
0.84822
0.84572
0.84324
0.84079
0.83836
0.83596
0.83359
0.83126
0.82896
0.8267
0.82448
0.8223
0.82015
0.81804
0.81597
0.81394
0.81194
0.80998
0.80805
0.80616
0.8043
0.80247
0.80068
0.79891
0.79718
0.79547
0.7938
0.79215
0.79054
0.78895
0.78739
0.78586
0.78436
0.78289
0.78144
0.78003
0.77863
0.77727
0.77593
0.77462
0.77334
0.77208
0.77085
0.76964
0.76846
0.7673
0.76616
0.76505
0.76396
0.76289
0.76184
0.76082
0.75981
0.75882
0.75785
0.75691
0.75597
0.75506
0.75416
0.75328
0.75241
0.75156
0.75072
0.74989
0.74908
0.74829
0.7475
0.74673
0.74597
0.74522
0.74449
0.74376
0.74304
0.74234
0.74165
0.74096
0.74029
0.73962
0.73897
0.73832
0.73769
0.73706
0.73644
0.73583
0.73522
0.73463
0.73404
0.73346
0.73288
0.73231
0.73175
0.73119
0.73064
0.73008
0.72954
0.729
0.72846
0.72792
0.72738
0.72685
0.72632
0.72579
0.72527
0.72474
0.72422
0.72369
0.72317
0.72265
0.72213
0.72161
0.72109
0.72057
0.72005
0.71953
0.71901
0.71849
0.71797
0.71744
0.71692
0.7164
0.71588
0.71536
0.71483
0.71431
0.71378
0.71325
0.71272
0.71219
0.71166
0.71112
0.71058
0.71003
0.70949
0.70894
0.70838
0.70783
0.70727
0.70671
0.70614
0.70557
0.705
0.70442
0.70384
0.70326
0.70267
0.70208
0.70148
0.70088
0.70027
0.69966
0.69904
0.69841
0.69778
0.69714
0.6965
0.69584
0.69518
0.6945
0.69382
0.69312
0.69242
0.6917
0.69097
0.69023
