1
0.98251
0.97153
0.96514
0.96075
0.9543
0.9487
0.94379
0.9394
0.93542
0.93178
0.92839
0.92522
0.92222
0.91936
0.9166
0.91393
0.91132
0.90875
0.90622
0.9037
0.90119
0.89868
0.89616
0.89365
0.89113
0.88862
0.88611
0.88363
0.88117
0.87876
0.87638
0.87406
0.8718
0.8696
0.86745
0.86537
0.86334
0.86136
0.85944
0.85756
0.85573
0.85394
0.85219
0.85047
0.84878
0.84712
0.84549
0.84388
0.84229
0.84072
0.83917
0.83763
0.83611
0.8346
0.83311
0.83163
0.83016
0.82871
0.82726
0.82583
0.8244
0.82298
0.82157
0.82017
0.81878
0.81739
0.816
0.81463
0.81326
0.81189
0.81053
0.80917
0.80782
0.80648
0.80514
0.8038
0.80247
0.80115
0.79983
0.79852
0.79721
0.79592
0.79463
0.79335
0.79209
0.79083
0.78958
0.78834
0.78712
0.7859
0.7847
0.78351
0.78233
0.78117
0.78001
0.77887
0.77774
0.77662
0.77551
0.77441
0.77332
0.77224
0.77117
0.77011
0.76906
0.76801
0.76697
0.76594
0.76492
0.7639
0.76289
0.76189
0.76089
0.75989
0.7589
0.75792
0.75694
0.75596
0.75499
0.75402
0.75305
0.75209
0.75113
0.75017
0.74922
0.74827
0.74732
0.74637
0.74543
0.74449
0.74355
0.74262
0.74168
0.74075
0.73983
0.7389
0.73798
0.73706
0.73615
0.73523
0.73432
0.73341
0.73251
0.7316
0.7307
0.72979
0.72889
0.72799
0.72709
0.72619
0.72529
0.72439
0.72348
0.72258
0.72168
0.72077
0.71986
0.71895
0.71804
0.71712
0.7162
0.71529
0.71436
0.71344
0.71252
0.7116
0.71067
0.70975
0.70883
0.70792
0.70701
0.7061
0.70521
0.70432
0.70344
0.70258
0.70172
0.70088
0.70005
0.69924
0.69843
0.69765
0.69687
0.69612
0.69537
0.69464
0.69392
0.69322
0.69253
0.69185
0.69119
0.69053
0.68989
0.68926
0.68864
0.68803
0.68743
0.68684
0.68626
0.68569
0.68513
0.68457
0.68403
0.68349
0.68296
0.68243
0.68192
0.68141
0.6809
