1
0.97503
0.9707
0.96908
0.96725
0.96599
0.96502
0.96392
0.96281
0.96116
0.96007
0.95903
0.95728
0.95573
0.95433
0.95307
0.95185
0.9507
0.94959
0.94855
0.94755
0.94662
0.94578
0.94501
0.94432
0.94369
0.94312
0.9426
0.94213
0.94171
0.94133
0.941
0.94072
0.94048
0.94029
0.94015
0.94004
0.93996
0.93989
0.93982
0.93973
0.93959
0.93939
0.93909
0.9387
0.93818
0.93756
0.93684
0.93606
0.93525
0.93443
0.93365
0.93291
0.93222
0.9316
0.93103
0.93053
0.93008
0.92968
0.92932
0.92901
0.92873
0.92849
0.92828
0.9281
0.92794
0.9278
0.92768
0.92758
0.9275
0.92742
0.92736
0.92731
0.92726
0.92722
0.92719
0.92716
0.92713
0.9271
0.92707
0.92704
0.927
0.92695
0.9269
0.92682
0.92674
0.92664
0.92652
0.92637
0.9262
0.92601
0.92579
0.92555
0.92527
0.92496
0.92462
0.92424
0.92383
0.92338
0.92289
0.92236
0.9218
0.9212
0.92057
0.91991
0.91924
0.91855
0.91786
0.91718
0.91651
0.91585
0.91522
0.91462
0.91405
0.9135
0.91299
0.9125
0.91205
0.91162
0.91122
0.91084
0.91048
0.91014
0.90982
0.90952
0.90923
0.90895
0.90869
0.90843
0.90818
0.90794
0.9077
0.90747
0.90723
0.90698
0.90673
0.90647
0.9062
0.90591
0.90562
0.9053
0.90496
0.90461
0.90424
0.90385
0.90343
0.90299
0.90252
0.90203
0.90151
0.90096
0.90039
0.89979
0.89916
0.89852
0.89786
0.89719
0.8965
0.89582
0.89515
0.89448
0.89383
0.8932
