71.4614
-0.89927
-0.89832
-0.89832
-0.89483
-0.89735
-0.88832
-0.89899
-0.89678
-0.89856
-0.8883
-0.87824
-0.87333
-0.87333
-0.8855
-0.87418
-0.88467
-0.88468
-0.87538
-0.89501
-0.88052
-0.88183
-0.86077
-0.89858
-0.87168
-0.89846
-0.85752
-0.87408
-0.88916
-0.89251
-0.88124
-0.88893
-0.87549
-0.87549
-0.8755
-0.92213
-0.91938
-0.91937
-0.91939
-0.93335
-0.92719
-0.90576
-0.88797
-0.88628
-0.88766
-0.91932
-0.91392
-0.8876
-0.88774
-0.90586
-0.85365
-0.88536
-0.85312
-0.86254
-0.85046
-0.87104
-0.90393
-0.90722
-0.90396
-0.86242
-0.87443
-0.93592
-1.0104
-0.97588
-0.98665
-0.87483
-0.99871
-1.0254
-0.9679
-1.1878
0
-0.97677
0
0
0
0
0
0
0
0
0
-2.7583
0
0
0
0
-2.7754
0
0
0
0
0
0
0
0
0
0
0
-2.6514
0
0
0
0
0
0
0
0
0
0
0
0
0
0
0
0
0
0
0
0
0
0
0
0
-0.89927
71.911
-0.91218
-0.91218
-0.90777
-0.90952
-0.9008
-0.91152
-0.90973
-0.91129
-0.9008
-0.89098
-0.88576
-0.88576
-0.89823
-0.8867
-0.89749
-0.89749
-0.88811
-0.90779
-0.89296
-0.89417
-0.87339
-0.91158
-0.88403
-0.91569
-0.87026
-0.88675
-0.90231
-0.90498
-0.89367
-0.90125
-0.88786
-0.88785
-0.88787
-0.93467
-0.9319
-0.9319
-0.9319
-0.94684
-0.94008
-0.91818
-0.90038
-0.89868
-0.90007
-0.93158
-0.92667
-0.90001
-0.90013
-0.91945
-0.86589
-0.89801
-0.8659
-0.87495
-0.86423
-0.88351
-0.91637
-0.9202
-0.91627
-0.87439
-0.88706
-0.94806
-1.0293
-0.98743
-0.99931
-0.88633
-1.0114
-1.0374
-0.97987
-1.2001
0
0
0
0
0
0
0
0
0
0
0
-2.7866
0
0
0
0
0
0
0
0
0
0
0
0
0
0
0
0
0
0
0
0
0
0
0
0
0
-5.9579
0
0
0
0
0
0
0
0
0
0
0
0
0
0
0
-0.89832
-0.91218
68.6266
-0.90845
-0.90367
-0.90566
-0.89693
-0.90769
-0.90577
-0.90741
-0.89692
-0.88721
-0.88182
-0.88183
-0.89429
-0.88276
-0.89363
-0.89363
-0.88424
-0.9036
-0.88897
-0.8902
-0.86948
-0.90758
-0.88009
-0.9112
-0.86649
-0.88274
-0.8983
-0.901
-0.88969
-0.89749
-0.88393
-0.88392
-0.88393
-0.93064
-0.92787
-0.92787
-0.92788
-0.94283
-0.93606
-0.91424
-0.89638
-0.89469
-0.89607
-0.92819
-0.92296
-0.89601
-0.89614
-0.91514
-0.8621
-0.89316
-0.862
-0.87109
-0.85998
-0.87963
-0.91233
-0.91649
-0.91236
-0.8704
-0.88157
-0.94401
-1.0275
-0.98383
-0.99575
-0.88288
-1.0073
-1.0332
-0.97582
-1.196
0
0
0
0
0
0
0
0
0
0
0
0
0
0
0
0
0
0
0
0
0
0
0
0
0
0
0
0
0
0
0
0
0
-5.7252
0
0
0
0
0
0
0
0
0
0
0
0
0
0
0
0
0
0
0
-0.89832
-0.91218
-0.90845
68.6265
-0.90365
-0.90566
-0.89693
-0.90768
-0.90577
-0.90741
-0.89692
-0.8872
-0.88183
-0.88182
-0.89428
-0.88275
-0.89363
-0.89363
-0.88424
-0.9036
-0.88897
-0.8902
-0.86948
-0.90759
-0.8801
-0.91121
-0.86648
-0.88274
-0.8983
-0.901
-0.8897
-0.89749
-0.88392
-0.88392
-0.88393
-0.93063
-0.92787
-0.92787
-0.92787
-0.94282
-0.93606
-0.91423
-0.89638
-0.8947
-0.89607
-0.92819
-0.92296
-0.89601
-0.89614
-0.91514
-0.86211
-0.89316
-0.86199
-0.87109
-0.85998
-0.87963
-0.91233
-0.91649
-0.91235
-0.8704
-0.88158
-0.94401
-1.0275
-0.98384
-0.99575
-0.88287
-1.0073
-1.0332
-0.97582
-1.196
0
0
0
0
0
0
0
0
0
0
0
0
0
0
0
0
0
0
0
0
0
0
0
0
0
0
0
0
0
0
0
0
0
0
0
0
0
0
0
0
0
0
0
0
0
0
-5.7251
0
0
0
0
0
0
-0.89483
-0.90777
-0.90367
-0.90365
66.6435
-0.90227
-0.8937
-0.90425
-0.90196
-0.90374
-0.89371
-0.88383
-0.87829
-0.87829
-0.89065
-0.87925
-0.88994
-0.88993
-0.88064
-0.90031
-0.88548
-0.88677
-0.86602
-0.90425
-0.87667
-0.90781
-0.86277
-0.87942
-0.89472
-0.89753
-0.88621
-0.89373
-0.88046
-0.88045
-0.88046
-0.9271
-0.92434
-0.92434
-0.92435
-0.93897
-0.93266
-0.91069
-0.8929
-0.8912
-0.89258
-0.9248
-0.91969
-0.89252
-0.89265
-0.91101
-0.85867
-0.88977
-0.85859
-0.86851
-0.85592
-0.87625
-0.90884
-0.91266
-0.90895
-0.86695
-0.87769
-0.94049
-1.0236
-0.9805
-0.99182
-0.87986
-1.0027
-1.0297
-0.97231
0
0
0
0
0
0
0
0
0
0
0
0
0
0
0
0
0
0
0
0
0
0
0
0
0
0
0
0
0
0
0
0
0
0
0
0
0
0
0
0
0
0
0
0
-5.1765
0
0
0
0
0
0
0
0
0
-0.89735
-0.90952
-0.90566
-0.90566
-0.90227
63.0546
-0.89414
-0.90533
-0.90384
-0.9056
-0.89413
-0.88567
-0.87892
-0.8789
-0.89225
-0.88067
-0.89141
-0.89141
-0.882
-0.90227
-0.88696
-0.88844
-0.86758
-0.90695
-0.8783
-0.91169
-0.86417
-0.88119
-0.89746
-0.8991
-0.88776
-0.89444
-0.88199
-0.88198
-0.88199
-0.92865
-0.92589
-0.92588
-0.92588
-0.94083
-0.93444
-0.91225
-0.89442
-0.89272
-0.8941
-0.92639
-0.92162
-0.89405
-0.89418
-0.91324
-0.86036
-0.89214
-0.86026
-0.87039
-0.85827
-0.87815
-0.91039
-0.91365
-0.91095
-0.86844
-0.87997
-0.94204
-1.027
-0.98243
-0.99284
-0.88236
-1.0063
-1.0312
-0.9732
0
0
0
0
0
0
0
-1.4727
0
0
0
0
0
0
0
0
0
0
0
0
0
0
0
0
0
0
0
0
0
0
0
0
0
0
0
0
0
0
0
0
0
0
0
0
0
0
0
0
0
0
0
0
0
0
-0.88832
-0.9008
-0.89693
-0.89693
-0.8937
-0.89414
62.18
-0.89628
-0.89505
-0.89694
-0.88419
-0.87682
-0.87042
-0.87042
-0.88354
-0.87204
-0.88271
-0.88272
-0.87332
-0.89349
-0.87831
-0.87978
-0.85898
-0.89807
-0.8696
-0.90288
-0.85564
-0.87258
-0.88873
-0.89037
-0.8791
-0.88654
-0.87334
-0.87333
-0.87334
-0.91982
-0.91707
-0.91707
-0.91707
-0.93212
-0.9257
-0.90348
-0.88571
-0.88401
-0.88539
-0.91761
-0.9128
-0.88534
-0.88547
-0.90445
-0.85176
-0.8835
-0.85165
-0.86108
-0.84977
-0.86951
-0.90156
-0.90484
-0.90216
-0.8597
-0.87134
-0.93306
-1.0175
-0.97302
-0.98374
-0.87389
-0.99733
-1.0219
-0.96443
-1.1857
0
0
0
0
0
0
0
0
0
0
0
0
0
0
0
0
0
0
0
0
0
0
0
0
0
0
0
0
0
0
0
0
0
0
0
0
0
0
0
0
0
0
0
0
0
0
0
0
0
0
0
0
0
-0.89899
-0.91152
-0.90769
-0.90768
-0.90425
-0.90533
-0.89628
63.3526
-0.90581
-0.90758
-0.89627
-0.88781
-0.88092
-0.88091
-0.89304
-0.88259
-0.89338
-0.89338
-0.88402
-0.9043
-0.8889
-0.89047
-0.86963
-0.90902
-0.88021
-0.91362
-0.86621
-0.88323
-0.89953
-0.90109
-0.88975
-0.89723
-0.88399
-0.88398
-0.88399
-0.93073
-0.92798
-0.92797
-0.92799
-0.94278
-0.93648
-0.91295
-0.89646
-0.89476
-0.89614
-0.92843
-0.92355
-0.89609
-0.89622
-0.91362
-0.8624
-0.89418
-0.86238
-0.87242
-0.8602
-0.88017
-0.91245
-0.91589
-0.91299
-0.87048
-0.87884
-0.94413
-1.029
-0.98415
-0.99635
-0.88458
-1.0087
-1.0336
-0.976
0
0
0
0
-1.639
0
0
0
0
0
0
0
0
0
0
0
0
0
0
0
0
0
0
0
0
0
0
0
0
0
0
0
0
0
0
0
0
0
0
0
0
0
0
0
0
0
0
0
0
0
0
0
0
0
-0.89678
-0.90973
-0.90577
-0.90577
-0.90196
-0.90384
-0.89505
-0.90581
64.8053
-0.90528
-0.89505
-0.88546
-0.87939
-0.87939
-0.89188
-0.88057
-0.89109
-0.89109
-0.88188
-0.90207
-0.8868
-0.88823
-0.86743
-0.90603
-0.87802
-0.90995
-0.86373
-0.88101
-0.8969
-0.89883
-0.88751
-0.89461
-0.88168
-0.88167
-0.88168
-0.92859
-0.92579
-0.92579
-0.9258
-0.93087
-0.93441
-0.91209
-0.89431
-0.89262
-0.894
-0.92624
-0.92147
-0.89394
-0.89407
-0.91308
-0.86024
-0.89195
-0.8602
-0.87036
-0.85842
-0.87805
-0.91035
-0.91387
-0.91084
-0.86844
-0.87925
-0.94205
-1.0268
-0.98209
-0.99339
-0.88246
-1.0069
-1.0315
-0.97409
0
0
0
0
0
0
0
0
0
0
0
0
0
0
0
0
0
0
0
0
0
0
0
0
0
0
-3.239
0
0
0
0
0
0
0
0
0
0
0
0
0
0
0
0
0
0
0
0
0
0
0
0
0
0
0
-0.89856
-0.91129
-0.90741
-0.90741
-0.90374
-0.9056
-0.89694
-0.90758
-0.90528
65.3911
-0.89693
-0.88732
-0.88133
-0.88133
-0.89396
-0.88239
-0.89279
-0.89279
-0.88443
-0.90385
-0.88863
-0.89004
-0.8692
-0.8978
-0.87981
-0.91174
-0.8657
-0.88273
-0.89871
-0.90066
-0.88931
-0.89671
-0.88352
-0.88353
-0.88354
-0.93025
-0.92747
-0.92746
-0.92748
-0.94237
-0.93608
-0.91386
-0.89598
-0.89428
-0.89567
-0.92801
-0.92296
-0.89561
-0.89574
-0.91451
-0.8618
-0.89359
-0.86177
-0.87195
-0.85965
-0.8796
-0.91194
-0.9173
-0.91278
-0.86994
-0.88191
-0.94409
-1.0288
-0.98425
-0.99866
-0.88432
-1.0086
-1.0337
-0.97629
0
0
0
0
0
0
0
0
0
0
0
0
0
0
0
0
0
0
0
0
0
-3.6999
0
0
0
0
0
0
0
0
0
0
0
0
0
0
0
0
0
0
0
0
0
0
0
0
0
0
0
0
0
0
0
0
-0.8883
-0.9008
-0.89692
-0.89692
-0.89371
-0.89413
-0.88419
-0.89627
-0.89505
-0.89693
62.1797
-0.87682
-0.87042
-0.87042
-0.88354
-0.87203
-0.88271
-0.8827
-0.87331
-0.89349
-0.87831
-0.87977
-0.85897
-0.89807
-0.86959
-0.90288
-0.85563
-0.87257
-0.88873
-0.89038
-0.87909
-0.88653
-0.87333
-0.87332
-0.87334
-0.91982
-0.91706
-0.91707
-0.91707
-0.93211
-0.92569
-0.90347
-0.8857
-0.88402
-0.88538
-0.91761
-0.9128
-0.88533
-0.88547
-0.90444
-0.85177
-0.8835
-0.85164
-0.86108
-0.84977
-0.86951
-0.90156
-0.90483
-0.90216
-0.8597
-0.87134
-0.93306
-1.0175
-0.97302
-0.98373
-0.87388
-0.99734
-1.0219
-0.96442
-1.1857
0
0
0
0
0
0
0
0
0
0
0
0
0
0
0
0
0
0
0
0
0
0
0
0
0
0
0
0
0
0
0
0
0
0
0
0
0
0
0
0
0
0
0
0
0
0
0
0
0
0
0
0
0
-0.87824
-0.89098
-0.88721
-0.8872
-0.88383
-0.88567
-0.87682
-0.88781
-0.88546
-0.88732
-0.87682
61.3824
-0.86153
-0.86154
-0.87321
-0.86204
-0.87238
-0.87238
-0.86318
-0.88274
-0.86833
-0.87029
-0.84837
-0.88684
-0.8587
-0.89118
-0.8454
-0.86209
-0.87795
-0.88027
-0.86901
-0.87617
-0.86334
-0.86333
-0.86334
-0.90964
-0.90692
-0.90692
-0.90693
-0.92095
-0.91492
-0.89355
-0.87569
-0.87401
-0.87538
-0.90605
-0.90241
-0.87532
-0.87545
-0.89285
-0.84161
-0.873
-0.84069
-0.85138
-0.83931
-0.85919
-0.89153
-0.8946
-0.89173
-0.84989
-0.86113
-0.92314
-1.0049
-0.95916
-0.97342
0
0
-1.0122
0
0
-1.3153
-0.96549
-1.5968
0
0
0
0
0
0
0
0
0
0
0
0
0
0
0
0
0
0
0
0
0
0
0
0
0
0
0
0
0
0
0
0
0
0
0
0
0
0
0
0
0
0
0
0
0
0
0
0
0
0
-0.87333
-0.88576
-0.88182
-0.88183
-0.87829
-0.87892
-0.87042
-0.88092
-0.87939
-0.88133
-0.87042
-0.86153
59.9552
-0.85495
-0.86792
-0.85684
-0.86716
-0.86716
-0.8579
-0.87757
-0.86303
-0.86431
-0.84372
-0.88217
-0.85426
-0.88664
-0.84031
-0.85711
-0.87273
-0.87495
-0.8637
-0.8709
-0.85797
-0.85797
-0.85798
-0.90413
-0.90141
-0.90141
-0.90142
-0.9162
-0.90994
-0.88783
-0.87022
-0.86855
-0.86992
-0.90186
-0.89709
-0.86987
-0.86998
-0.88884
-0.83649
-0.8681
-0.83639
-0.84644
-0.83449
-0.85411
-0.88599
-0.88912
-0.88654
-0.84435
-0.85583
-0.91734
-1.0012
-0.95709
-0.96764
-0.85855
-0.98116
-1.0059
-0.94858
0
0
0
0
0
0
0
0
0
0
0
0
0
0
0
0
0
0
0
0
0
0
0
0
0
0
0
0
0
0
0
0
0
0
0
0
0
0
0
0
0
0
0
0
0
0
0
0
0
0
0
0
0
0
-0.87333
-0.88576
-0.88183
-0.88182
-0.87829
-0.8789
-0.87042
-0.88091
-0.87939
-0.88133
-0.87042
-0.86154
-0.85495
59.9551
-0.86792
-0.85684
-0.86716
-0.86715
-0.85791
-0.87757
-0.86303
-0.86431
-0.84371
-0.88217
-0.85427
-0.88664
-0.84031
-0.85711
-0.87273
-0.87495
-0.86371
-0.8709
-0.85797
-0.85796
-0.85798
-0.90413
-0.90141
-0.90141
-0.90141
-0.91619
-0.90993
-0.88784
-0.87022
-0.86854
-0.86991
-0.90186
-0.89709
-0.86986
-0.86999
-0.88884
-0.83648
-0.8681
-0.83638
-0.84644
-0.83449
-0.85412
-0.88599
-0.88912
-0.88654
-0.84435
-0.85583
-0.91734
-1.0012
-0.95709
-0.96764
-0.85855
-0.98116
-1.0059
-0.94859
0
0
0
0
0
0
0
0
0
0
0
0
0
0
0
0
0
0
0
0
0
0
0
0
0
0
0
0
0
0
0
0
0
0
0
0
0
0
0
0
0
0
0
0
0
0
0
0
0
0
0
0
0
0
-0.8855
-0.89823
-0.89429
-0.89428
-0.89065
-0.89225
-0.88354
-0.89304
-0.89188
-0.89396
-0.88354
-0.87321
-0.86792
-0.86792
58.9132
-0.86853
-0.87911
-0.87911
-0.87039
-0.88942
-0.87483
-0.87698
-0.85572
-0.89384
-0.86628
-0.89885
-0.85215
-0.86913
-0.8851
-0.88714
-0.87579
-0.88295
-0.87011
-0.87011
-0.87011
-0.91662
-0.91385
-0.91384
-0.91385
-0.92794
-0.92208
-0.89776
-0.88255
-0.88086
-0.88224
-0.91428
-0.90913
-0.88219
-0.88231
-0.89817
-0.84852
-0.87974
-0.84852
-0.85857
-0.84625
-0.86618
-0.89847
-0.90298
-0.89886
-0.85669
-0.85164
-0.93007
-1.0139
-0.96938
0
0
0
0
0
0
0
0
0
0
0
0
0
0
0
0
-2.9798
0
0
0
0
0
0
0
0
0
0
0
0
0
0
0
0
0
0
0
0
0
0
0
0
0
0
0
0
0
0
0
0
0
0
0
0
0
0
0
0
0
0
-0.87418
-0.8867
-0.88276
-0.88275
-0.87925
-0.88067
-0.87204
-0.88259
-0.88057
-0.88239
-0.87203
-0.86204
-0.85684
-0.85684
-0.86853
55.2293
-0.86754
-0.86753
-0.85834
-0.87884
-0.86367
-0.86517
-0.84392
-0.88304
-0.85462
-0.8879
-0.8405
-0.85747
-0.87312
-0.8754
-0.86407
-0.87104
-0.85836
-0.85835
-0.85837
-0.9045
-0.90176
-0.90176
-0.90177
-0.91628
-0.91014
-0.88816
-0.87062
-0.86893
-0.87031
-0.90222
-0.89719
-0.87025
-0.87039
-0.88884
-0.83685
-0.86834
-0.83672
-0.84683
-0.83475
-0.85445
-0.8864
-0.89059
-0.88701
-0.84471
-0.85603
-0.91787
-1.0012
-0.95698
0
0
0
0
0
0
0
0
0
0
0
0
0
0
0
0
0
0
0
0
0
0
0
0
0
0
0
0
0
0
0
0
0
0
0
0
0
0
0
0
0
0
0
0
0
0
0
0
0
0
0
0
0
0
0
0
0
0
0
-0.88467
-0.89749
-0.89363
-0.89363
-0.88994
-0.89141
-0.88271
-0.89338
-0.89109
-0.89279
-0.88271
-0.87238
-0.86716
-0.86716
-0.87911
-0.86754
57.3926
-0.86551
-0.86905
-0.8891
-0.87341
-0.8751
-0.85396
-0.8927
-0.8646
-0.89767
-0.85068
-0.86757
-0.88456
-0.88548
-0.87415
-0.88138
-0.86841
-0.8684
-0.86841
-0.91476
-0.91201
-0.912
-0.91201
-0.9265
-0.92044
-0.89835
-0.88075
-0.87906
-0.88044
-0.91252
-0.90717
-0.88039
-0.88051
-0.89901
-0.84677
-0.87858
-0.84677
-0.85697
-0.84474
-0.8645
-0.89663
-0.90174
-0.89714
-0.85477
-0.86645
-0.92817
0
0
0
0
0
0
0
0
0
0
0
0
0
0
0
0
0
0
0
0
0
0
0
0
0
0
0
0
0
0
-3.5165
0
0
0
0
0
0
0
0
0
0
0
0
0
0
0
0
0
0
0
0
0
0
0
0
0
0
0
0
0
0
-0.88468
-0.89749
-0.89363
-0.89363
-0.88993
-0.89141
-0.88272
-0.89338
-0.89109
-0.89279
-0.8827
-0.87238
-0.86716
-0.86715
-0.87911
-0.86753
-0.86551
57.3926
-0.86904
-0.8891
-0.87342
-0.8751
-0.85396
-0.8927
-0.86461
-0.89767
-0.85068
-0.86757
-0.88456
-0.88548
-0.87414
-0.88138
-0.86841
-0.8684
-0.86842
-0.91476
-0.91201
-0.91201
-0.91201
-0.9265
-0.92045
-0.89835
-0.88076
-0.87907
-0.88043
-0.91252
-0.90717
-0.88038
-0.88051
-0.89901
-0.84677
-0.87858
-0.84677
-0.85697
-0.84474
-0.8645
-0.89662
-0.90173
-0.89714
-0.85477
-0.86645
-0.92817
0
0
0
0
0
0
0
0
0
0
0
0
0
0
0
0
0
0
0
0
0
0
0
0
0
0
0
0
0
0
-3.5165
0
0
0
0
0
0
0
0
0
0
0
0
0
0
0
0
0
0
0
0
0
0
0
0
0
0
0
0
0
0
-0.87538
-0.88811
-0.88424
-0.88424
-0.88064
-0.882
-0.87332
-0.88402
-0.88188
-0.88443
-0.87331
-0.86318
-0.8579
-0.85791
-0.87039
-0.85834
-0.86905
-0.86904
56.3774
-0.88022
-0.86466
-0.8658
-0.84504
-0.88507
-0.85561
-0.88997
-0.84208
-0.85876
-0.87579
-0.87671
-0.86538
-0.8726
-0.85965
-0.85964
-0.85965
-0.90575
-0.90302
-0.90301
-0.90302
-0.91771
-0.91147
-0.88952
-0.87189
-0.87021
-0.87157
-0.90369
-0.89793
-0.87152
-0.87165
-0.89041
-0.83787
-0.87007
-0.83807
-0.84816
-0.8362
-0.85569
-0.88771
-0.87526
-0.88813
-0.84586
-0.85836
-0.91903
0
0
0
0
0
0
0
0
0
0
0
0
0
0
0
0
0
0
0
0
0
0
0
0
0
-3.0406
0
0
0
0
0
0
0
0
0
0
0
0
0
0
0
0
0
0
0
0
0
0
0
0
0
0
0
0
0
0
0
0
0
0
0
-0.89501
-0.90779
-0.9036
-0.9036
-0.90031
-0.90227
-0.89349
-0.9043
-0.90207
-0.90385
-0.89349
-0.88274
-0.87757
-0.87757
-0.88942
-0.87884
-0.8891
-0.8891
-0.88022
58.5417
-0.88428
-0.88581
-0.86458
-0.90328
-0.87525
-0.90813
-0.86115
-0.87811
-0.89419
-0.89625
-0.88487
-0.89194
-0.87912
-0.87912
-0.87914
-0.92572
-0.92294
-0.92294
-0.92294
-0.9374
-0.93111
-0.90926
-0.89155
-0.88986
-0.89123
-0.92326
-0.91785
-0.89118
-0.89132
-0.9095
-0.85778
-0.88861
-0.85733
-0.8673
-0.85488
-0.87492
-0.90752
-0.91223
-0.90773
-0.86549
-0.87676
0
0
0
0
0
0
0
0
0
0
0
0
0
0
0
0
0
0
0
0
0
0
0
0
0
0
0
0
0
0
0
0
0
0
0
0
0
0
0
0
0
-4.9536
0
0
0
0
0
0
0
0
0
0
0
0
0
0
0
0
0
0
0
0
-0.88052
-0.89296
-0.88897
-0.88897
-0.88548
-0.88696
-0.87831
-0.8889
-0.8868
-0.88863
-0.87831
-0.86833
-0.86303
-0.86303
-0.87483
-0.86367
-0.87341
-0.87342
-0.86466
-0.88428
53.6421
-0.87156
-0.8494
-0.88796
-0.86038
-0.89207
-0.84667
-0.86477
-0.88057
-0.88162
-0.87023
-0.87728
-0.86452
-0.86452
-0.86453
-0.91076
-0.908
-0.908
-0.908
-0.9226
-0.91643
-0.89442
-0.87682
-0.87513
-0.8765
-0.9086
-0.90341
-0.87645
-0.87658
-0.89517
-0.84303
-0.87472
-0.8429
-0.85314
-0.84103
-0.8607
-0.89266
-0.89687
-0.89328
-0.85077
-0.86246
-0.92406
0
0
0
0
0
0
0
0
0
0
0
0
0
0
0
0
0
0
0
0
0
0
0
0
0
0
0
0
0
0
0
0
0
0
0
0
0
0
0
0
0
0
0
0
0
0
0
0
0
0
0
0
0
0
0
0
0
0
0
0
0
-0.88183
-0.89417
-0.8902
-0.8902
-0.88677
-0.88844
-0.87978
-0.89047
-0.88823
-0.89004
-0.87977
-0.87029
-0.86431
-0.86431
-0.87698
-0.86517
-0.8751
-0.8751
-0.8658
-0.88581
-0.87156
55.0204
-0.8515
-0.88925
-0.86247
-0.89321
-0.84825
-0.86551
-0.88198
-0.88338
-0.872
-0.87863
-0.86627
-0.86627
-0.86629
-0.91244
-0.90971
-0.9097
-0.90971
-0.92359
-0.91756
-0.89607
-0.87851
-0.87682
-0.8782
-0.91038
-0.90855
-0.87814
-0.87827
-0.89659
-0.84527
-0.87625
-0.8446
-0.8545
-0.84217
-0.8621
-0.89442
-0.89813
-0.89467
-0.85258
0
0
0
0
0
0
0
0
0
0
0
0
0
0
0
0
0
0
0
0
0
0
-3.0721
0
0
0
0
0
0
0
0
0
0
0
0
0
0
0
0
0
0
0
0
0
0
0
0
0
0
0
0
0
0
0
0
0
0
0
0
0
0
0
0
-0.86077
-0.87339
-0.86948
-0.86948
-0.86602
-0.86758
-0.85898
-0.86963
-0.86743
-0.8692
-0.85897
-0.84837
-0.84372
-0.84371
-0.85572
-0.84392
-0.85396
-0.85396
-0.84504
-0.86458
-0.8494
-0.8515
51.9921
-0.86831
-0.83959
-0.87238
-0.82635
-0.84413
-0.86191
-0.86172
-0.85033
-0.85638
-0.84457
-0.84456
-0.84457
-0.89022
-0.88749
-0.88748
-0.8875
-0.9012
-0.89542
-0.87404
-0.8566
-0.85492
-0.85628
-0.88805
-0.88262
-0.85623
-0.85636
-0.87378
-0.82348
-0.85414
-0.82186
-0.8329
-0.82088
-0.84048
-0.87241
-0.87651
-0.87284
-0.83092
0
0
0
0
0
0
0
0
0
0
-1.2979
0
0
0
0
0
0
0
0
0
0
0
0
0
0
0
0
0
0
0
0
0
0
0
0
0
0
0
0
0
0
0
0
0
0
0
0
0
0
0
0
0
0
0
0
0
0
0
0
0
0
0
0
-0.89858
-0.91158
-0.90758
-0.90759
-0.90425
-0.90695
-0.89807
-0.90902
-0.90603
-0.8978
-0.89807
-0.88684
-0.88217
-0.88217
-0.89384
-0.88304
-0.8927
-0.8927
-0.88507
-0.90328
-0.88796
-0.88925
-0.86831
60.5441
-0.87883
-0.9131
-0.86442
-0.88132
-0.8969
-0.89968
-0.88829
-0.89511
-0.88253
-0.88253
-0.88254
-0.92915
-0.92639
-0.92638
-0.92639
-0.94043
-0.93439
-0.91267
-0.895
-0.89331
-0.89469
-0.9265
-0.92083
-0.89463
-0.89476
-0.91269
-0.86105
-0.89211
-0.8607
-0.87059
-0.85801
-0.87815
-0.91103
-0.91768
0
-0.86928
0
0
0
0
0
0
0
0
0
0
0
0
0
0
0
0
0
0
0
0
0
0
0
0
0
0
0
0
0
0
-3.6857
0
0
0
0
0
0
0
0
0
0
0
0
0
0
0
0
0
0
0
0
0
0
0
-4.8534
0
0
0
0
0
0
0
0
-0.87168
-0.88403
-0.88009
-0.8801
-0.87667
-0.8783
-0.8696
-0.88021
-0.87802
-0.87981
-0.86959
-0.8587
-0.85426
-0.85427
-0.86628
-0.85462
-0.8646
-0.86461
-0.85561
-0.87525
-0.86038
-0.86247
-0.83959
-0.87883
53.1385
-0.88304
-0.83732
-0.85562
-0.87209
-0.87243
-0.86107
-0.86772
-0.85538
-0.85537
-0.85538
-0.90135
-0.89863
-0.89863
-0.89864
-0.91251
-0.90662
-0.88503
-0.86756
-0.86589
-0.86725
-0.89898
-0.89373
-0.8672
-0.86733
-0.88306
-0.83439
-0.86566
-0.8329
-0.84381
-0.83157
-0.85137
-0.88345
-0.8875
-0.88386
-0.84179
0
0
0
0
0
0
0
0
0
0
0
0
0
0
0
-1.8168
0
0
0
0
0
0
0
0
0
0
0
0
0
0
0
0
0
0
0
0
0
0
0
0
0
0
0
0
0
0
0
0
0
0
0
0
0
0
0
0
0
0
0
0
0
0
0
-0.89846
-0.91569
-0.9112
-0.91121
-0.90781
-0.91169
-0.90288
-0.91362
-0.90995
-0.91174
-0.90288
-0.89118
-0.88664
-0.88664
-0.89885
-0.8879
-0.89767
-0.89767
-0.88997
-0.90813
-0.89207
-0.89321
-0.87238
-0.9131
-0.88304
61.6255
-0.86806
-0.88493
-0.88857
-0.90348
-0.89206
-0.89872
-0.88632
-0.88631
-0.88632
-0.93297
-0.93021
-0.93022
-0.93022
-0.94389
-0.93803
-0.91632
-0.89883
-0.89713
-0.89851
-0.93003
-0.92433
-0.89846
-0.89859
-0.91624
-0.86475
-0.89614
-0.86421
-0.87456
-0.86174
-0.88219
-0.91553
0
0
0
0
0
0
0
0
0
0
0
0
0
0
0
0
0
0
0
0
0
0
0
0
0
0
0
0
0
-2.7675
0
-3.684
0
0
0
0
0
0
0
0
0
0
0
0
0
0
0
0
-4.7406
0
0
0
0
0
0
0
0
0
0
0
0
0
0
0
0
0
-0.85752
-0.87026
-0.86649
-0.86648
-0.86277
-0.86417
-0.85564
-0.86621
-0.86373
-0.8657
-0.85563
-0.8454
-0.84031
-0.84031
-0.85215
-0.8405
-0.85068
-0.85068
-0.84208
-0.86115
-0.84667
-0.84825
-0.82635
-0.86442
-0.83732
-0.86806
51.3413
-0.83889
-0.85659
-0.85728
-0.84574
-0.83886
-0.83989
-0.83989
-0.8399
-0.88525
-0.8825
-0.8825
-0.88251
-0.89545
-0.89033
-0.86888
-0.85176
-0.85008
-0.85145
-0.88295
-0.87769
-0.8514
-0.85152
-0.86967
-0.81904
-0.8501
-0.81869
-0.82875
-0.81668
-0.83622
-0.86841
0
0
0
0
0
0
0
0
0
0
0
0
0
0
0
0
0
0
0
0
0
0
0
0
0
0
0
0
0
0
0
0
0
0
0
0
0
0
0
0
-3.4635
0
0
0
0
0
0
0
0
0
0
0
0
0
0
0
0
0
0
0
0
0
0
0
0
0
-0.87408
-0.88675
-0.88274
-0.88274
-0.87942
-0.88119
-0.87258
-0.88323
-0.88101
-0.88273
-0.87257
-0.86209
-0.85711
-0.85711
-0.86913
-0.85747
-0.86757
-0.86757
-0.85876
-0.87811
-0.86477
-0.86551
-0.84413
-0.88132
-0.85562
-0.88493
-0.83889
53.3728
-0.87369
-0.87456
-0.86311
-0.86898
-0.85731
-0.8573
-0.85731
-0.90318
-0.90045
-0.90045
-0.90045
-0.91388
-0.90814
-0.88672
-0.86947
-0.86778
-0.86915
-0.90032
-0.89491
-0.86911
-0.86924
-0.88686
-0.83588
-0.86671
-0.83543
-0.84537
-0.83321
-0.85295
-0.88563
0
0
0
0
0
0
0
0
0
0
0
0
0
0
0
0
0
0
0
0
0
0
0
0
0
0
0
0
0
0
0
0
0
0
0
0
0
0
0
0
0
0
0
0
0
0
0
0
0
0
0
0
0
0
0
0
0
0
0
0
0
0
0
0
0
-4.5361
-0.88916
-0.90231
-0.8983
-0.8983
-0.89472
-0.89746
-0.88873
-0.89953
-0.8969
-0.89871
-0.88873
-0.87795
-0.87273
-0.87273
-0.8851
-0.87312
-0.88456
-0.88456
-0.87579
-0.89419
-0.88057
-0.88198
-0.86191
-0.8969
-0.87209
-0.88857
-0.85659
-0.87369
57.2874
-0.8901
-0.87889
-0.88477
-0.87314
-0.87314
-0.87315
-0.91922
-0.91648
-0.91647
-0.91648
-0.92988
-0.92452
-0.90251
-0.88568
-0.88399
-0.88537
-0.91612
-0.9106
-0.88532
-0.88545
-0.90257
-0.85128
-0.88208
-0.85101
0
0
0
0
0
0
0
0
0
0
0
0
0
0
0
0
0
0
0
0
0
0
0
0
0
0
0
0
0
0
0
0
0
0
0
-3.6468
-3.0943
0
0
0
0
0
0
0
0
0
0
0
0
0
0
0
0
0
0
0
0
0
0
0
0
0
0
0
0
0
0
0
-4.3223
0
-0.89251
-0.90498
-0.901
-0.901
-0.89753
-0.8991
-0.89037
-0.90109
-0.89883
-0.90066
-0.89038
-0.88027
-0.87495
-0.87495
-0.88714
-0.8754
-0.88548
-0.88548
-0.87671
-0.89625
-0.88162
-0.88338
-0.86172
-0.89968
-0.87243
-0.90348
-0.85728
-0.87456
-0.8901
47.2661
-0.88143
-0.89173
-0.87741
-0.8774
-0.87742
-0.92374
-0.92098
-0.92097
-0.92099
-0.93553
-0.92942
-0.90762
-0.89016
-0.88846
-0.88984
-0.92176
-0.91666
-0.88979
-0.88992
-0.90929
-0.85661
-0.8885
-0.85584
-0.86631
0
0
0
0
0
0
0
0
0
0
0
0
0
0
0
0
0
0
0
0
0
0
0
0
0
0
0
0
0
0
0
0
0
0
0
0
0
0
0
0
0
0
0
0
0
0
0
0
0
0
0
0
0
0
0
0
0
0
0
0
0
0
0
0
0
0
0
0
0
-0.88124
-0.89367
-0.88969
-0.8897
-0.88621
-0.88776
-0.8791
-0.88975
-0.88751
-0.88931
-0.87909
-0.86901
-0.8637
-0.86371
-0.87579
-0.86407
-0.87415
-0.87414
-0.86538
-0.88487
-0.87023
-0.872
-0.85033
-0.88829
-0.86107
-0.89206
-0.84574
-0.86311
-0.87889
-0.88143
45.8056
-0.88081
-0.86612
-0.86611
-0.86612
-0.91139
-0.90863
-0.90862
-0.90863
-0.92202
-0.91657
-0.8952
-0.87833
-0.87663
-0.87801
-0.90923
-0.9041
-0.87796
-0.87809
-0.89684
-0.84472
-0.87639
-0.84406
0
0
0
0
0
0
0
0
0
0
0
0
0
0
0
0
0
0
0
0
0
0
0
0
0
0
0
0
0
0
0
0
0
0
0
0
0
0
0
0
0
0
0
0
0
0
0
0
0
0
0
0
0
0
0
0
0
0
0
0
0
0
0
0
0
0
0
0
0
0
-0.88893
-0.90125
-0.89749
-0.89749
-0.89373
-0.89444
-0.88654
-0.89723
-0.89461
-0.89671
-0.88653
-0.87617
-0.8709
-0.8709
-0.88295
-0.87104
-0.88138
-0.88138
-0.8726
-0.89194
-0.87728
-0.87863
-0.85638
-0.89511
-0.86772
-0.89872
-0.83886
-0.86898
-0.88477
-0.89173
-0.88081
45.7365
-0.87347
-0.87346
-0.87347
-0.91798
-0.91616
-0.91616
-0.91616
-0.92603
-0.92191
-0.9015
-0.88546
-0.88377
-0.88515
0
0
-0.88509
-0.88522
0
0
0
0
0
0
0
0
0
0
0
0
0
0
0
0
0
0
0
0
0
0
0
0
0
0
0
-1.4468
0
0
0
0
0
0
0
0
0
0
0
0
0
0
0
0
0
0
0
0
-3.4555
0
0
0
0
0
0
0
0
0
0
0
0
0
0
0
0
0
0
0
0
0
0
0
0
0
-0.87549
-0.88786
-0.88393
-0.88392
-0.88046
-0.88199
-0.87334
-0.88399
-0.88168
-0.88352
-0.87333
-0.86334
-0.85797
-0.85797
-0.87011
-0.85836
-0.86841
-0.86841
-0.85965
-0.87912
-0.86452
-0.86627
-0.84457
-0.88253
-0.85538
-0.88632
-0.83989
-0.85731
-0.87314
-0.87741
-0.86612
-0.87347
42.068
-0.84267
-0.84268
-0.90733
-0.90504
-0.90503
-0.90504
-0.91849
-0.91254
-0.89137
-0.8752
-0.87351
-0.87488
-0.90436
-0.90029
-0.87483
-0.87496
0
0
0
0
0
0
0
0
0
0
0
0
0
0
0
0
0
0
0
0
0
0
0
0
0
0
0
0
0
0
0
0
0
0
0
0
0
0
0
0
0
0
0
0
0
0
0
0
0
0
0
0
0
0
0
0
0
0
0
0
0
0
0
0
0
0
0
0
0
0
0
0
0
0
-0.87549
-0.88785
-0.88392
-0.88392
-0.88045
-0.88198
-0.87333
-0.88398
-0.88167
-0.88353
-0.87332
-0.86333
-0.85797
-0.85796
-0.87011
-0.85835
-0.8684
-0.8684
-0.85964
-0.87912
-0.86452
-0.86627
-0.84456
-0.88253
-0.85537
-0.88631
-0.83989
-0.8573
-0.87314
-0.8774
-0.86611
-0.87346
-0.84267
42.0676
-0.84268
-0.90732
-0.90503
-0.90501
-0.90502
-0.91848
-0.91252
-0.89136
-0.87519
-0.87349
-0.87487
-0.90435
-0.90027
-0.87482
-0.87495
0
0
0
0
0
0
0
0
0
0
0
0
0
0
0
0
0
0
0
0
0
0
0
0
0
0
0
0
0
0
0
0
0
0
0
0
0
0
0
0
0
0
0
0
0
0
0
0
0
0
0
0
0
0
0
0
0
0
0
0
0
0
0
0
0
0
0
0
0
0
0
0
0
0
-0.8755
-0.88787
-0.88393
-0.88393
-0.88046
-0.88199
-0.87334
-0.88399
-0.88168
-0.88354
-0.87334
-0.86334
-0.85798
-0.85798
-0.87011
-0.85837
-0.86841
-0.86842
-0.85965
-0.87914
-0.86453
-0.86629
-0.84457
-0.88254
-0.85538
-0.88632
-0.8399
-0.85731
-0.87315
-0.87742
-0.86612
-0.87347
-0.84268
-0.84268
42.0682
-0.90733
-0.90504
-0.90504
-0.90505
-0.9185
-0.91254
-0.89137
-0.87521
-0.87351
-0.87489
-0.90437
-0.90029
-0.87483
-0.87497
0
0
0
0
0
0
0
0
0
0
0
0
0
0
0
0
0
0
0
0
0
0
0
0
0
0
0
0
0
0
0
0
0
0
0
0
0
0
0
0
0
0
0
0
0
0
0
0
0
0
0
0
0
0
0
0
0
0
0
0
0
0
0
0
0
0
0
0
0
0
0
0
0
0
-0.92213
-0.93467
-0.93064
-0.93063
-0.9271
-0.92865
-0.91982
-0.93073
-0.92859
-0.93025
-0.91982
-0.90964
-0.90413
-0.90413
-0.91662
-0.9045
-0.91476
-0.91476
-0.90575
-0.92572
-0.91076
-0.91244
-0.89022
-0.92915
-0.90135
-0.93297
-0.88525
-0.90318
-0.91922
-0.92374
-0.91139
-0.91798
-0.90733
-0.90732
-0.90733
35.8791
-0.95334
-0.95333
-0.95335
0
-0.95645
0
0
0
0
0
0
0
0
0
0
0
0
0
0
0
0
0
0
0
0
0
0
0
0
0
0
0
0
0
0
0
0
0
0
0
0
0
0
0
0
0
0
0
0
0
0
0
0
0
0
0
0
0
0
0
0
0
0
0
0
0
0
0
0
0
0
0
0
0
0
0
0
0
0
0
0
0
0
0
0
0
0
-0.91938
-0.9319
-0.92787
-0.92787
-0.92434
-0.92589
-0.91707
-0.92798
-0.92579
-0.92747
-0.91706
-0.90692
-0.90141
-0.90141
-0.91385
-0.90176
-0.91201
-0.91201
-0.90302
-0.92294
-0.908
-0.90971
-0.88749
-0.92639
-0.89863
-0.93021
-0.8825
-0.90045
-0.91648
-0.92098
-0.90863
-0.91616
-0.90504
-0.90503
-0.90504
-0.95334
34.8171
-0.94754
-0.94755
0
0
0
0
0
0
0
0
0
0
0
0
0
0
0
0
0
0
0
0
0
0
0
0
0
0
0
0
0
0
0
0
0
0
0
0
0
0
0
0
0
0
0
0
0
0
0
0
0
0
0
0
0
0
0
0
0
0
0
0
0
0
0
0
0
0
0
0
0
0
0
0
0
0
0
0
0
0
0
0
0
0
0
0
-0.91937
-0.9319
-0.92787
-0.92787
-0.92434
-0.92588
-0.91707
-0.92797
-0.92579
-0.92746
-0.91707
-0.90692
-0.90141
-0.90141
-0.91384
-0.90176
-0.912
-0.91201
-0.90301
-0.92294
-0.908
-0.9097
-0.88748
-0.92638
-0.89863
-0.93022
-0.8825
-0.90045
-0.91647
-0.92097
-0.90862
-0.91616
-0.90503
-0.90501
-0.90504
-0.95333
-0.94754
34.817
-0.94755
0
0
0
0
0
0
0
0
0
0
0
0
0
0
0
0
0
0
0
0
0
0
0
0
0
0
0
0
0
0
0
0
0
0
0
0
0
0
0
0
0
0
0
0
0
0
0
0
0
0
0
0
0
0
0
0
0
0
0
0
0
0
0
0
0
0
0
0
0
0
0
0
0
0
0
0
0
0
0
0
0
0
0
0
-0.91939
-0.9319
-0.92788
-0.92787
-0.92435
-0.92588
-0.91707
-0.92799
-0.9258
-0.92748
-0.91707
-0.90693
-0.90142
-0.90141
-0.91385
-0.90177
-0.91201
-0.91201
-0.90302
-0.92294
-0.908
-0.90971
-0.8875
-0.92639
-0.89864
-0.93022
-0.88251
-0.90045
-0.91648
-0.92099
-0.90863
-0.91616
-0.90504
-0.90502
-0.90505
-0.95335
-0.94755
-0.94755
34.8173
0
0
0
0
0
0
0
0
0
0
0
0
0
0
0
0
0
0
0
0
0
0
0
0
0
0
0
0
0
0
0
0
0
0
0
0
0
0
0
0
0
0
0
0
0
0
0
0
0
0
0
0
0
0
0
0
0
0
0
0
0
0
0
0
0
0
0
0
0
0
0
0
0
0
0
0
0
0
0
0
0
0
0
0
-0.93335
-0.94684
-0.94283
-0.94282
-0.93897
-0.94083
-0.93212
-0.94278
-0.93087
-0.94237
-0.93211
-0.92095
-0.9162
-0.91619
-0.92794
-0.91628
-0.9265
-0.9265
-0.91771
-0.9374
-0.9226
-0.92359
-0.9012
-0.94043
-0.91251
-0.94389
-0.89545
-0.91388
-0.92988
-0.93553
-0.92202
-0.92603
-0.91849
-0.91848
-0.9185
0
0
0
0
39.6221
0
0
0
0
0
0
0
0
0
0
0
0
0
0
0
0
0
0
0
0
0
0
0
0
0
0
0
0
0
0
0
0
0
0
0
0
0
0
0
0
0
0
0
0
0
0
0
0
0
0
0
0
0
0
0
-3.1406
0
0
0
0
-4.0275
0
0
0
0
0
0
0
0
0
0
0
0
0
0
0
0
0
0
0
0
0
0
-0.92719
-0.94008
-0.93606
-0.93606
-0.93266
-0.93444
-0.9257
-0.93648
-0.93441
-0.93608
-0.92569
-0.91492
-0.90994
-0.90993
-0.92208
-0.91014
-0.92044
-0.92045
-0.91147
-0.93111
-0.91643
-0.91756
-0.89542
-0.93439
-0.90662
-0.93803
-0.89033
-0.90814
-0.92452
-0.92942
-0.91657
-0.92191
-0.91254
-0.91252
-0.91254
-0.95645
0
0
0
0
37.3421
0
0
0
0
0
0
0
0
0
0
0
0
0
0
0
0
0
0
0
0
0
0
0
0
0
0
0
0
0
0
0
0
0
0
0
0
0
0
0
0
0
0
0
0
0
0
0
0
0
0
0
0
0
0
0
0
0
0
0
0
0
0
0
0
0
0
0
0
0
0
0
0
0
0
0
0
0
0
0
-4.1333
0
0
-0.90576
-0.91818
-0.91424
-0.91423
-0.91069
-0.91225
-0.90348
-0.91295
-0.91209
-0.91386
-0.90347
-0.89355
-0.88783
-0.88784
-0.89776
-0.88816
-0.89835
-0.89835
-0.88952
-0.90926
-0.89442
-0.89607
-0.87404
-0.91267
-0.88503
-0.91632
-0.86888
-0.88672
-0.90251
-0.90762
-0.8952
-0.9015
-0.89137
-0.89136
-0.89137
0
0
0
0
0
0
33.1021
0
0
0
0
0
0
0
0
0
0
0
0
0
0
0
0
0
0
0
0
0
0
0
0
0
0
0
0
0
0
0
-1.6152
0
0
0
0
0
0
0
0
0
0
0
0
0
0
0
0
0
0
0
0
0
0
0
0
0
0
0
0
0
0
0
0
0
0
0
0
0
0
0
0
0
0
0
0
0
0
0
0
0
-0.88797
-0.90038
-0.89638
-0.89638
-0.8929
-0.89442
-0.88571
-0.89646
-0.89431
-0.89598
-0.8857
-0.87569
-0.87022
-0.87022
-0.88255
-0.87062
-0.88075
-0.88076
-0.87189
-0.89155
-0.87682
-0.87851
-0.8566
-0.895
-0.86756
-0.89883
-0.85176
-0.86947
-0.88568
-0.89016
-0.87833
-0.88546
-0.8752
-0.87519
-0.87521
0
0
0
0
0
0
0
30.8806
0
0
0
0
0
0
0
0
0
0
0
0
0
0
0
0
0
0
0
0
0
0
0
0
0
0
0
0
0
0
0
0
0
0
0
0
0
0
0
0
0
0
0
0
0
0
0
0
0
0
0
0
0
0
0
0
0
0
0
0
0
0
0
0
0
0
0
0
0
0
0
0
0
0
0
0
0
0
0
0
-0.88628
-0.89868
-0.89469
-0.8947
-0.8912
-0.89272
-0.88401
-0.89476
-0.89262
-0.89428
-0.88402
-0.87401
-0.86855
-0.86854
-0.88086
-0.86893
-0.87906
-0.87907
-0.87021
-0.88986
-0.87513
-0.87682
-0.85492
-0.89331
-0.86589
-0.89713
-0.85008
-0.86778
-0.88399
-0.88846
-0.87663
-0.88377
-0.87351
-0.87349
-0.87351
0
0
0
0
0
0
0
0
30.8215
0
0
0
0
0
0
0
0
0
0
0
0
0
0
0
0
0
0
0
0
0
0
0
0
0
0
0
0
0
0
0
0
0
0
0
0
0
0
0
0
0
0
0
0
0
0
0
0
0
0
0
0
0
0
0
0
0
0
0
0
0
0
0
0
0
0
0
0
0
0
0
0
0
0
0
0
0
0
0
-0.88766
-0.90007
-0.89607
-0.89607
-0.89258
-0.8941
-0.88539
-0.89614
-0.894
-0.89567
-0.88538
-0.87538
-0.86992
-0.86991
-0.88224
-0.87031
-0.88044
-0.88043
-0.87157
-0.89123
-0.8765
-0.8782
-0.85628
-0.89469
-0.86725
-0.89851
-0.85145
-0.86915
-0.88537
-0.88984
-0.87801
-0.88515
-0.87488
-0.87487
-0.87489
0
0
0
0
0
0
0
0
0
30.8696
0
0
0
0
0
0
0
0
0
0
0
0
0
0
0
0
0
0
0
0
0
0
0
0
0
0
0
0
0
0
0
0
0
0
0
0
0
0
0
0
0
0
0
0
0
0
0
0
0
0
0
0
0
0
0
0
0
0
0
0
0
0
0
0
0
0
0
0
0
0
0
0
0
0
0
0
0
0
-0.91932
-0.93158
-0.92819
-0.92819
-0.9248
-0.92639
-0.91761
-0.92843
-0.92624
-0.92801
-0.91761
-0.90605
-0.90186
-0.90186
-0.91428
-0.90222
-0.91252
-0.91252
-0.90369
-0.92326
-0.9086
-0.91038
-0.88805
-0.9265
-0.89898
-0.93003
-0.88295
-0.90032
-0.91612
-0.92176
-0.90923
0
-0.90436
-0.90435
-0.90437
0
0
0
0
0
0
0
0
0
0
33.7409
0
0
0
0
0
0
0
0
0
0
0
0
0
0
0
0
0
0
0
0
0
0
0
0
0
0
0
0
0
0
0
0
0
0
0
0
0
0
-2.6803
0
0
0
0
0
0
0
0
0
0
0
0
0
0
0
0
0
0
0
0
0
0
0
0
0
0
0
0
0
0
0
0
0
0
0
0
0
0
-0.91392
-0.92667
-0.92296
-0.92296
-0.91969
-0.92162
-0.9128
-0.92355
-0.92147
-0.92296
-0.9128
-0.90241
-0.89709
-0.89709
-0.90913
-0.89719
-0.90717
-0.90717
-0.89793
-0.91785
-0.90341
-0.90855
-0.88262
-0.92083
-0.89373
-0.92433
-0.87769
-0.89491
-0.9106
-0.91666
-0.9041
0
-0.90029
-0.90027
-0.90029
0
0
0
0
0
0
0
0
0
0
0
34.883
0
0
0
0
0
0
0
0
0
0
0
0
0
0
0
0
0
0
0
0
0
0
0
0
0
0
0
0
0
0
0
0
0
0
0
0
0
0
0
0
0
0
0
0
0
0
0
0
0
-3.9903
0
0
0
0
0
0
0
0
0
0
0
0
0
0
0
0
0
0
0
0
0
0
0
0
0
0
-0.8876
-0.90001
-0.89601
-0.89601
-0.89252
-0.89405
-0.88534
-0.89609
-0.89394
-0.89561
-0.88533
-0.87532
-0.86987
-0.86986
-0.88219
-0.87025
-0.88039
-0.88038
-0.87152
-0.89118
-0.87645
-0.87814
-0.85623
-0.89463
-0.8672
-0.89846
-0.8514
-0.86911
-0.88532
-0.88979
-0.87796
-0.88509
-0.87483
-0.87482
-0.87483
0
0
0
0
0
0
0
0
0
0
0
0
30.8677
0
0
0
0
0
0
0
0
0
0
0
0
0
0
0
0
0
0
0
0
0
0
0
0
0
0
0
0
0
0
0
0
0
0
0
0
0
0
0
0
0
0
0
0
0
0
0
0
0
0
0
0
0
0
0
0
0
0
0
0
0
0
0
0
0
0
0
0
0
0
0
0
0
0
0
-0.88774
-0.90013
-0.89614
-0.89614
-0.89265
-0.89418
-0.88547
-0.89622
-0.89407
-0.89574
-0.88547
-0.87545
-0.86998
-0.86999
-0.88231
-0.87039
-0.88051
-0.88051
-0.87165
-0.89132
-0.87658
-0.87827
-0.85636
-0.89476
-0.86733
-0.89859
-0.85152
-0.86924
-0.88545
-0.88992
-0.87809
-0.88522
-0.87496
-0.87495
-0.87497
0
0
0
0
0
0
0
0
0
0
0
0
0
30.8723
0
0
0
0
0
0
0
0
0
0
0
0
0
0
0
0
0
0
0
0
0
0
0
0
0
0
0
0
0
0
0
0
0
0
0
0
0
0
0
0
0
0
0
0
0
0
0
0
0
0
0
0
0
0
0
0
0
0
0
0
0
0
0
0
0
0
0
0
0
0
0
0
0
0
-0.90586
-0.91945
-0.91514
-0.91514
-0.91101
-0.91324
-0.90445
-0.91362
-0.91308
-0.91451
-0.90444
-0.89285
-0.88884
-0.88884
-0.89817
-0.88884
-0.89901
-0.89901
-0.89041
-0.9095
-0.89517
-0.89659
-0.87378
-0.91269
-0.88306
-0.91624
-0.86967
-0.88686
-0.90257
-0.90929
-0.89684
0
0
0
0
0
0
0
0
0
0
0
0
0
0
0
0
0
0
34.5358
0
0
0
0
0
0
0
0
0
0
0
0
0
0
0
0
0
0
0
0
0
0
0
-1.5954
0
-1.7991
0
0
0
0
0
0
0
0
0
0
0
0
0
0
0
0
0
-3.2131
0
0
0
0
0
0
0
0
0
0
0
0
0
0
0
0
0
0
0
0
0
0
0
0
0
0
0
0
0
-0.85365
-0.86589
-0.8621
-0.86211
-0.85867
-0.86036
-0.85176
-0.8624
-0.86024
-0.8618
-0.85177
-0.84161
-0.83649
-0.83648
-0.84852
-0.83685
-0.84677
-0.84677
-0.83787
-0.85778
-0.84303
-0.84527
-0.82348
-0.86105
-0.83439
-0.86475
-0.81904
-0.83588
-0.85128
-0.85661
-0.84472
0
0
0
0
0
0
0
0
0
0
0
0
0
0
0
0
0
0
0
28.4244
0
0
0
0
0
0
0
0
0
0
-0.88516
0
0
0
0
0
0
0
0
0
0
0
0
0
0
0
0
0
0
0
0
0
0
0
-1.2199
0
0
0
0
0
0
0
0
0
0
0
0
0
0
0
0
0
0
0
0
0
0
0
0
0
0
0
0
0
0
0
0
0
0
0
0
0
-0.88536
-0.89801
-0.89316
-0.89316
-0.88977
-0.89214
-0.8835
-0.89418
-0.89195
-0.89359
-0.8835
-0.873
-0.8681
-0.8681
-0.87974
-0.86834
-0.87858
-0.87858
-0.87007
-0.88861
-0.87472
-0.87625
-0.85414
-0.89211
-0.86566
-0.89614
-0.8501
-0.86671
-0.88208
-0.8885
-0.87639
0
0
0
0
0
0
0
0
0
0
0
0
0
0
0
0
0
0
0
0
33.0773
0
0
0
0
0
0
0
0
0
0
0
0
0
0
0
0
0
0
0
0
0
0
0
0
0
0
0
-2.2716
0
0
0
0
0
0
0
0
0
0
0
0
0
0
0
0
0
0
0
0
0
-3.5114
0
0
0
0
0
0
0
0
0
0
0
0
0
0
0
0
0
0
0
0
0
-0.85312
-0.8659
-0.862
-0.86199
-0.85859
-0.86026
-0.85165
-0.86238
-0.8602
-0.86177
-0.85164
-0.84069
-0.83639
-0.83638
-0.84852
-0.83672
-0.84677
-0.84677
-0.83807
-0.85733
-0.8429
-0.8446
-0.82186
-0.8607
-0.8329
-0.86421
-0.81869
-0.83543
-0.85101
-0.85584
-0.84406
0
0
0
0
0
0
0
0
0
0
0
0
0
0
0
0
0
0
0
0
0
27.5739
0
0
0
0
0
0
0
0
0
0
0
0
0
0
0
0
0
-1.2646
0
0
0
0
0
0
0
0
0
0
0
0
0
0
0
0
0
0
0
0
0
0
0
0
0
0
0
0
0
0
0
0
0
0
0
0
0
0
0
0
0
0
0
0
0
0
0
0
0
0
0
0
-0.86254
-0.87495
-0.87109
-0.87109
-0.86851
-0.87039
-0.86108
-0.87242
-0.87036
-0.87195
-0.86108
-0.85138
-0.84644
-0.84644
-0.85857
-0.84683
-0.85697
-0.85697
-0.84816
-0.8673
-0.85314
-0.8545
-0.8329
-0.87059
-0.84381
-0.87456
-0.82875
-0.84537
0
-0.86631
0
0
0
0
0
0
0
0
0
0
0
0
0
0
0
0
0
0
0
0
0
0
0
29.1885
0
0
0
0
0
0
0
0
0
0
0
0
0
0
0
-1.1335
0
0
0
0
0
0
0
0
0
0
0
0
0
0
0
0
0
0
0
0
0
0
0
0
0
0
0
0
0
0
0
0
0
0
0
0
0
0
-3.1506
0
0
0
0
0
0
0
0
0
0
0
0
0
0
-0.85046
-0.86423
-0.85998
-0.85998
-0.85592
-0.85827
-0.84977
-0.8602
-0.85842
-0.85965
-0.84977
-0.83931
-0.83449
-0.83449
-0.84625
-0.83475
-0.84474
-0.84474
-0.8362
-0.85488
-0.84103
-0.84217
-0.82088
-0.85801
-0.83157
-0.86174
-0.81668
-0.83321
0
0
0
0
0
0
0
0
0
0
0
0
0
0
0
0
0
0
0
0
0
0
0
0
0
0
29.5763
0
0
0
0
0
0
0
0
0
0
0
0
0
0
0
0
0
0
0
0
0
0
0
0
0
0
0
0
0
0
0
0
0
0
0
0
0
0
-3.1075
0
0
0
0
0
0
0
0
0
0
0
0
0
0
0
0
0
0
0
0
0
0
0
0
0
-2.767
0
0
0
-0.87104
-0.88351
-0.87963
-0.87963
-0.87625
-0.87815
-0.86951
-0.88017
-0.87805
-0.8796
-0.86951
-0.85919
-0.85411
-0.85412
-0.86618
-0.85445
-0.8645
-0.8645
-0.85569
-0.87492
-0.8607
-0.8621
-0.84048
-0.87815
-0.85137
-0.88219
-0.83622
-0.85295
0
0
0
0
0
0
0
0
0
0
0
0
0
0
0
0
0
0
0
0
0
0
0
0
0
0
0
26.8172
0
0
0
0
0
0
0
0
0
0
0
0
0
0
0
0
0
0
0
0
0
0
0
0
0
0
0
0
0
0
0
0
0
0
0
0
0
0
0
0
0
0
0
0
0
0
0
0
0
0
-2.5603
0
0
0
0
0
0
0
0
0
0
0
0
0
0
0
0
-0.90393
-0.91637
-0.91233
-0.91233
-0.90884
-0.91039
-0.90156
-0.91245
-0.91035
-0.91194
-0.90156
-0.89153
-0.88599
-0.88599
-0.89847
-0.8864
-0.89663
-0.89662
-0.88771
-0.90752
-0.89266
-0.89442
-0.87241
-0.91103
-0.88345
-0.91553
-0.86841
-0.88563
0
0
0
0
0
0
0
0
0
0
0
0
0
0
0
0
0
0
0
0
0
0
0
0
0
0
0
0
25.1624
0
0
0
0
0
0
0
0
0
0
0
0
0
0
0
0
0
0
0
0
0
0
0
0
0
0
0
0
0
0
0
0
0
0
0
0
0
0
0
0
0
0
0
0
0
0
0
0
0
0
0
0
0
0
0
0
0
0
0
0
0
0
0
0
0
0
-0.90722
-0.9202
-0.91649
-0.91649
-0.91266
-0.91365
-0.90484
-0.91589
-0.91387
-0.9173
-0.90483
-0.8946
-0.88912
-0.88912
-0.90298
-0.89059
-0.90174
-0.90173
-0.87526
-0.91223
-0.89687
-0.89813
-0.87651
-0.91768
-0.8875
0
0
0
0
0
0
0
0
0
0
0
0
0
0
0
0
0
0
0
0
0
0
0
0
0
0
0
0
0
0
0
0
25.3558
0
0
0
0
0
0
0
0
0
0
0
0
0
0
0
0
0
0
0
0
0
0
0
0
0
0
0
0
0
-2.7783
0
0
0
0
0
0
0
0
0
0
0
0
0
0
0
0
0
0
0
0
0
0
0
0
0
0
0
0
0
0
0
0
0
0
0
-0.90396
-0.91627
-0.91236
-0.91235
-0.90895
-0.91095
-0.90216
-0.91299
-0.91084
-0.91278
-0.90216
-0.89173
-0.88654
-0.88654
-0.89886
-0.88701
-0.89714
-0.89714
-0.88813
-0.90773
-0.89328
-0.89467
-0.87284
0
-0.88386
0
0
0
0
0
0
0
0
0
0
0
0
0
0
0
0
0
0
0
0
0
0
0
0
0
0
0
0
0
0
0
0
0
23.9674
0
0
0
0
0
0
0
0
0
0
0
0
0
0
0
0
0
0
0
0
0
0
0
0
0
0
0
0
0
0
0
0
0
0
0
0
0
0
0
0
0
0
0
0
0
0
0
0
0
0
0
-2.3762
0
0
0
0
0
0
0
0
0
0
0
0
-0.86242
-0.87439
-0.8704
-0.8704
-0.86695
-0.86844
-0.8597
-0.87048
-0.86844
-0.86994
-0.8597
-0.84989
-0.84435
-0.84435
-0.85669
-0.84471
-0.85477
-0.85477
-0.84586
-0.86549
-0.85077
-0.85258
-0.83092
-0.86928
-0.84179
0
0
0
0
0
0
0
0
0
0
0
0
0
0
0
0
0
0
0
0
0
0
0
0
0
0
0
0
0
0
0
0
0
0
21.4475
0
0
0
0
0
0
0
0
0
0
0
0
0
0
0
0
0
0
0
0
0
0
0
0
0
0
0
0
0
0
0
0
0
0
0
0
0
0
0
0
0
0
0
0
0
0
0
0
0
0
0
0
0
0
0
0
0
0
0
0
0
0
0
-0.87443
-0.88706
-0.88157
-0.88158
-0.87769
-0.87997
-0.87134
-0.87884
-0.87925
-0.88191
-0.87134
-0.86113
-0.85583
-0.85583
-0.85164
-0.85603
-0.86645
-0.86645
-0.85836
-0.87676
-0.86246
0
0
0
0
0
0
0
0
0
0
0
0
0
0
0
0
0
0
0
0
0
0
0
0
0
0
0
0
0
0
0
0
0
0
0
0
0
0
0
23.0232
0
0
0
0
0
0
0
0
0
0
0
0
0
0
0
0
0
0
-2.139
-2.6082
0
0
0
0
0
0
0
0
0
0
0
0
0
0
0
0
0
0
0
0
0
0
0
0
0
0
0
0
0
0
0
0
0
0
0
0
0
0
0
0
0
0
-0.93592
-0.94806
-0.94401
-0.94401
-0.94049
-0.94204
-0.93306
-0.94413
-0.94205
-0.94409
-0.93306
-0.92314
-0.91734
-0.91734
-0.93007
-0.91787
-0.92817
-0.92817
-0.91903
0
-0.92406
0
0
0
0
0
0
0
0
0
0
0
0
0
0
0
0
0
0
0
0
0
0
0
0
0
0
0
0
0
-0.88516
0
0
0
0
0
0
0
0
0
0
19.5413
0
0
0
0
0
0
0
0
0
0
0
0
0
0
0
0
0
0
0
0
0
0
0
0
0
0
0
0
0
0
0
0
0
0
0
0
0
0
0
0
0
0
0
0
0
0
0
0
0
0
0
0
0
0
0
0
0
0
0
0
0
-1.0104
-1.0293
-1.0275
-1.0275
-1.0236
-1.027
-1.0175
-1.029
-1.0268
-1.0288
-1.0175
-1.0049
-1.0012
-1.0012
-1.0139
-1.0012
0
0
0
0
0
0
0
0
0
0
0
0
0
0
0
0
0
0
0
0
0
0
0
0
0
0
0
0
0
0
0
0
0
0
0
0
0
0
0
0
0
0
0
0
0
0
18.2036
0
0
0
0
0
0
0
0
0
0
0
-1.9163
0
0
0
0
0
0
0
0
0
0
0
0
0
0
0
0
0
0
0
0
0
0
0
0
0
0
0
0
0
0
0
0
0
0
0
0
0
0
0
0
0
0
0
0
0
0
0
0
-0.97588
-0.98743
-0.98383
-0.98384
-0.9805
-0.98243
-0.97302
-0.98415
-0.98209
-0.98425
-0.97302
-0.95916
-0.95709
-0.95709
-0.96938
-0.95698
0
0
0
0
0
0
0
0
0
0
0
0
0
0
0
0
0
0
0
0
0
0
0
0
0
0
0
0
0
0
0
0
0
0
0
0
0
0
0
0
0
0
0
0
0
0
0
17.1806
0
0
0
0
0
0
0
0
-1.5905
0
0
0
0
0
0
0
0
0
0
0
0
0
0
0
0
0
0
0
0
0
0
0
0
0
0
0
0
0
0
0
0
0
0
0
0
0
0
0
0
0
0
0
0
0
0
0
0
0
0
-0.98665
-0.99931
-0.99575
-0.99575
-0.99182
-0.99284
-0.98374
-0.99635
-0.99339
-0.99866
-0.98373
-0.97342
-0.96764
-0.96764
0
0
0
0
0
0
0
0
0
0
0
0
0
0
0
0
0
0
0
0
0
0
0
0
0
0
0
0
0
0
0
0
0
0
0
0
0
0
0
0
0
0
0
0
0
0
0
0
0
0
17.3454
0
0
0
0
0
0
0
0
0
0
0
0
0
-0.99
0
0
0
0
0
0
0
0
-2.5287
0
0
0
0
0
0
0
0
0
0
0
0
0
0
0
0
0
0
0
0
0
0
0
0
0
0
0
0
0
0
0
0
0
0
0
-0.87483
-0.88633
-0.88288
-0.88287
-0.87986
-0.88236
-0.87389
-0.88458
-0.88246
-0.88432
-0.87388
0
-0.85855
-0.85855
0
0
0
0
0
0
0
0
0
0
0
0
0
0
0
0
0
0
0
0
0
0
0
0
0
0
0
0
0
0
0
0
0
0
0
0
0
0
0
0
0
0
0
0
0
0
0
0
0
0
0
16.1097
0
0
0
0
0
0
0
0
0
0
0
0
0
0
0
0
-2.3696
0
0
0
0
0
0
0
0
0
0
0
0
0
0
0
0
0
0
0
0
0
-2.3347
0
0
0
0
0
0
0
0
0
0
0
0
0
0
0
0
0
0
-0.99871
-1.0114
-1.0073
-1.0073
-1.0027
-1.0063
-0.99733
-1.0087
-1.0069
-1.0086
-0.99734
0
-0.98116
-0.98116
0
0
0
0
0
0
0
0
0
0
0
0
0
0
0
0
0
0
0
0
0
0
0
0
0
0
0
0
0
0
0
0
0
0
0
0
0
0
0
0
0
0
0
0
0
0
0
0
0
0
0
0
15.6323
0
0
0
0
0
0
0
0
0
0
0
0
0
0
0
0
0
0
0
0
0
0
-2.6175
0
0
0
0
0
0
0
0
0
0
0
0
0
0
0
0
0
0
0
0
0
0
0
0
0
0
0
0
0
0
0
0
0
-1.0254
-1.0374
-1.0332
-1.0332
-1.0297
-1.0312
-1.0219
-1.0336
-1.0315
-1.0337
-1.0219
-1.0122
-1.0059
-1.0059
0
0
0
0
0
0
0
0
0
0
0
0
0
0
0
0
0
0
0
0
0
0
0
0
0
0
0
0
0
0
0
0
0
0
0
0
0
0
0
0
0
0
0
0
0
0
0
0
0
0
0
0
0
14.3567
0
0
0
0
0
0
0
0
0
0
0
0
0
0
0
0
0
0
0
0
0
0
0
0
0
0
0
0
0
0
0
0
0
0
0
0
0
0
0
0
0
0
0
0
0
0
0
0
0
0
0
0
0
0
0
-0.9679
-0.97987
-0.97582
-0.97582
-0.97231
-0.9732
-0.96443
-0.976
-0.97409
-0.97629
-0.96442
0
-0.94858
-0.94859
0
0
0
0
0
0
0
0
0
0
0
0
0
0
0
0
0
0
0
0
0
0
0
0
0
0
0
0
0
0
0
0
0
0
0
0
0
0
0
0
0
0
0
0
0
0
0
0
0
0
0
0
0
0
12.5973
0
0
0
0
0
0
0
0
0
0
0
0
0
0
0
0
0
0
0
0
0
0
0
0
0
0
0
0
0
0
0
0
0
0
0
0
0
0
0
0
0
0
0
0
0
0
0
0
0
0
0
0
0
0
-1.1878
-1.2001
-1.196
-1.196
0
0
-1.1857
0
0
0
-1.1857
0
0
0
0
0
0
0
0
0
0
0
0
0
0
0
0
0
0
0
0
0
0
0
0
0
0
0
0
0
0
0
0
0
0
0
0
0
0
0
0
0
0
-1.1335
0
0
0
0
0
0
0
0
0
0
0
0
0
0
0
10.6431
0
0
0
0
0
0
0
0
0
0
0
0
0
0
0
0
0
0
0
0
0
0
0
0
0
0
0
0
0
-2.3584
0
0
0
0
0
0
0
0
0
0
0
0
0
0
0
0
0
0
0
0
0
0
0
0
0
0
0
0
0
0
0
0
0
0
-1.3153
0
0
0
0
0
0
0
0
0
0
-1.2979
0
0
0
0
0
0
0
0
0
0
0
0
0
0
0
0
0
0
0
0
0
0
0
0
0
0
0
0
0
-1.2646
0
0
0
0
0
0
0
0
0
0
0
0
0
0
0
0
0
10.7592
-1.3497
0
0
-1.9485
-1.4966
0
0
0
0
0
0
0
-2.0867
0
0
0
0
0
0
0
0
0
0
0
0
0
0
0
0
0
0
0
0
0
0
0
0
0
0
0
0
0
0
0
0
0
0
0
0
0
0
0
-0.97677
0
0
0
0
0
0
0
0
0
0
-0.96549
0
0
0
0
0
0
0
0
0
0
0
0
0
0
0
0
0
0
0
0
0
0
0
0
0
0
0
0
0
0
0
0
0
0
0
0
0
0
0
0
0
0
0
0
0
0
0
0
0
0
0
0
0
0
0
0
0
0
-1.3497
11.3791
0
0
0
0
0
0
-2.0795
0
0
0
0
0
0
0
0
0
0
0
0
0
0
0
0
0
0
0
0
0
0
0
0
0
0
0
0
0
0
-3.0038
0
0
0
0
0
0
0
-3.0038
0
0
0
0
0
0
0
0
0
0
0
0
0
0
0
0
-1.5968
0
0
0
0
0
0
0
0
0
0
0
0
0
0
0
0
0
0
0
0
0
0
0
0
0
0
0
0
0
0
0
0
0
0
0
0
0
0
0
0
0
0
0
0
0
0
0
0
0
0
0
-1.5905
0
0
0
0
0
0
0
0
9.8341
0
0
-1.8978
0
0
0
0
0
0
0
0
-2.3551
-1.8994
0
0
0
0
0
0
0
0
0
0
0
0
0
0
0
0
0
0
0
0
0
0
0
0
0
0
0
0
0
-0.49449
0
0
0
0
0
0
0
0
0
0
0
0
0
0
-1.639
0
0
0
0
0
0
0
0
0
0
0
0
0
0
0
0
0
0
0
0
0
0
0
0
0
0
0
0
0
0
0
0
0
-1.6152
0
0
0
0
0
0
0
-1.5954
0
0
0
0
0
0
0
0
0
0
0
0
0
0
0
0
0
0
0
0
0
0
0
9.3209
0
0
0
0
0
0
-2.0501
0
0
0
0
0
0
0
0
0
0
0
0
0
-2.4213
0
0
0
0
0
0
0
0
0
0
0
0
0
0
0
0
0
0
0
0
0
0
0
0
0
0
0
0
0
0
0
0
0
0
0
0
0
0
0
0
0
0
0
0
0
0
0
0
0
0
0
0
0
0
0
0
0
0
0
0
0
0
0
0
0
0
0
0
0
0
0
0
0
0
0
0
0
0
0
0
0
0
0
0
0
0
0
0
0
0
-1.9163
0
0
0
0
0
0
0
-1.9485
0
0
0
10.6552
0
0
0
0
-2.2302
0
-2.2791
0
0
0
0
-2.2812
0
0
0
0
0
0
0
0
0
0
0
0
0
0
0
0
0
0
0
0
0
0
0
0
0
0
0
0
0
0
0
0
0
0
0
0
0
0
0
0
0
0
0
0
0
0
0
0
0
0
0
0
0
0
0
0
0
0
0
0
-1.8168
0
0
0
0
0
0
0
0
0
0
0
0
0
0
0
0
0
0
0
0
0
0
0
0
-1.7991
0
0
0
0
0
0
0
0
0
0
0
0
0
0
0
0
0
0
0
0
-1.4966
0
-1.8978
0
0
9.452
0
0
0
0
0
0
0
-2.4418
0
0
0
0
0
0
0
0
0
0
0
0
0
0
0
0
0
0
0
0
0
0
0
0
0
0
0
0
0
0
0
0
0
0
0
0
0
0
0
0
0
0
0
0
-1.4727
0
0
0
0
0
0
0
0
0
0
0
0
0
0
0
0
0
0
0
0
0
0
0
0
0
-1.4468
0
0
0
0
0
0
0
0
0
0
0
0
0
0
0
0
0
0
0
0
0
0
0
0
0
0
0
0
0
0
0
0
0
0
0
0
0
0
0
0
0
0
0
0
10.9223
0
0
0
0
0
0
-2.5076
0
0
0
0
0
0
0
-2.4862
0
0
0
0
0
0
0
0
0
0
0
0
0
0
0
0
0
0
0
-3.009
0
0
0
0
0
0
0
0
0
0
0
0
0
0
0
0
0
0
0
0
0
0
0
0
0
0
0
0
0
0
0
0
0
0
0
0
0
0
0
0
0
0
0
0
0
0
0
0
0
0
0
0
0
0
0
0
0
0
0
0
0
0
0
0
0
0
0
0
0
0
0
0
0
0
0
0
0
0
0
0
0
0
0
0
0
0
0
0
11.6591
0
-2.63
0
0
-2.9164
0
-2.849
0
0
0
0
0
0
0
0
0
0
0
-3.2638
0
0
0
0
0
0
0
0
0
0
0
0
0
0
0
0
0
0
0
0
0
0
0
0
0
0
0
0
0
0
0
0
0
0
0
0
0
0
0
0
0
0
0
0
0
0
0
0
0
0
0
0
0
0
0
0
0
0
0
0
0
0
0
0
0
0
0
0
0
0
0
0
0
0
0
0
0
0
0
0
0
0
0
0
0
0
0
0
0
0
-0.99
0
0
0
0
0
0
-2.0795
0
0
0
0
0
0
8.7166
0
0
0
0
0
0
0
0
0
0
0
0
0
0
0
-2.7348
0
0
0
0
0
0
0
0
0
0
0
0
0
0
0
0
0
0
0
0
0
0
0
-2.9122
0
0
0
0
0
0
0
0
0
0
0
0
0
0
0
0
0
0
0
0
0
0
0
0
0
0
0
0
0
0
0
0
0
0
0
0
0
0
0
0
0
0
0
0
0
0
0
0
0
0
0
0
0
0
0
-2.2716
0
0
0
0
0
0
0
0
-2.139
0
0
0
0
0
0
0
0
0
0
0
0
0
-2.2302
0
0
-2.63
0
9.2708
0
0
0
0
0
0
0
0
0
0
0
0
0
0
0
0
0
0
0
0
0
0
0
0
0
0
0
0
0
0
0
0
0
0
0
0
0
0
0
0
0
0
0
0
0
0
0
0
0
0
0
0
0
0
0
0
0
-2.9798
0
0
0
0
0
0
0
0
0
0
0
0
0
0
0
0
0
0
0
0
0
0
0
0
0
0
0
0
0
0
0
0
0
0
0
0
0
0
0
0
0
0
0
0
0
-2.6082
0
0
0
0
0
0
0
0
0
0
0
0
-2.0501
0
0
0
0
0
0
7.6381
0
0
0
0
0
0
0
0
0
0
0
0
0
0
0
0
0
0
0
0
0
0
0
0
0
0
0
0
0
0
0
0
0
0
0
0
0
0
0
0
0
0
-2.7583
-2.7866
0
0
0
0
0
0
0
0
0
0
0
0
0
0
0
0
0
0
0
0
0
0
0
0
0
0
0
0
0
0
0
0
0
0
0
0
0
0
0
0
0
0
0
0
0
0
0
0
0
0
0
0
0
0
0
0
0
0
0
0
0
0
0
0
0
0
0
0
0
0
0
0
-2.2791
0
0
0
0
0
0
7.824
0
0
0
0
0
0
0
0
0
0
0
0
0
0
0
0
0
0
0
0
0
0
0
0
0
0
0
0
0
0
0
0
0
0
0
0
0
0
0
0
0
0
0
0
0
0
0
0
0
0
0
0
0
0
0
0
0
0
0
0
0
0
-3.0721
0
0
0
0
0
0
0
0
0
0
0
0
0
0
0
0
0
0
0
0
0
0
0
0
0
0
0
0
0
0
0
0
0
0
0
0
0
0
0
0
0
0
0
-2.3696
0
0
0
0
0
0
0
0
0
0
0
-2.9164
0
0
0
0
8.3581
0
0
0
0
0
0
0
0
0
0
0
0
0
0
0
0
0
0
0
0
0
0
0
0
0
0
0
0
0
0
0
0
0
0
0
0
0
0
0
0
0
0
0
0
0
0
0
0
0
0
0
0
0
0
0
0
0
0
0
0
0
0
0
0
0
0
0
0
0
0
0
0
0
0
0
0
0
0
0
0
0
0
0
0
0
0
0
0
0
0
0
0
0
0
0
0
0
0
0
0
0
0
0
0
0
0
0
0
0
0
-2.0867
0
0
0
0
-2.4418
-2.5076
0
0
0
0
0
0
7.0361
0
0
0
0
0
0
0
0
0
0
0
0
0
0
0
0
0
0
0
0
0
0
0
0
0
0
0
0
0
0
0
0
0
0
0
0
0
0
0
0
0
0
0
0
0
0
0
0
0
0
0
0
0
0
0
0
0
0
0
0
0
0
0
0
0
0
0
0
0
0
0
0
0
0
0
0
0
0
0
0
0
0
0
0
-2.6803
0
0
0
0
0
0
0
0
0
0
0
0
0
0
0
0
0
0
0
0
0
0
0
0
0
0
-2.3551
0
0
0
0
-2.849
0
0
0
0
0
0
7.8843
0
0
0
0
0
0
0
0
0
0
0
0
0
0
0
0
0
0
0
0
0
0
0
0
0
0
0
0
0
0
0
0
0
0
0
0
0
0
0
0
0
0
0
0
0
0
0
0
0
0
0
0
0
0
0
0
0
0
0
0
0
0
0
0
0
0
0
0
0
0
0
0
0
0
0
0
0
0
0
0
0
0
0
0
0
0
0
0
-1.2199
0
0
0
0
0
0
0
0
0
0
0
0
0
0
0
0
0
0
0
0
0
-1.8994
0
0
0
0
0
0
0
0
0
0
0
0
6.6181
0
0
0
0
0
0
0
0
0
0
0
0
0
0
0
0
0
0
0
0
0
0
0
0
0
0
-3.4987
0
0
0
0
0
0
0
0
0
0
-2.7754
0
0
0
0
0
0
0
0
0
0
0
0
0
0
0
0
0
0
0
0
0
0
0
0
-2.7675
0
0
0
0
0
0
0
0
0
0
0
0
0
0
0
0
0
0
0
0
0
0
0
0
0
0
0
0
0
0
0
0
0
0
0
0
0
0
0
0
0
0
0
0
0
0
0
0
-2.2812
0
0
0
0
0
0
0
0
0
0
0
7.8241
0
0
0
0
0
0
0
0
0
0
0
0
0
0
0
0
0
0
0
0
0
0
0
0
0
0
0
0
0
0
0
0
0
0
0
0
0
0
0
0
0
0
0
0
0
0
0
0
0
0
0
0
0
0
-3.0406
0
0
0
0
0
0
0
0
0
0
0
0
0
0
0
0
0
0
0
0
0
0
0
0
0
0
0
0
0
0
0
0
0
0
0
0
0
0
-2.7783
0
0
0
0
0
0
-2.5287
0
0
0
0
0
0
0
0
0
0
0
0
0
0
0
0
0
0
0
0
0
0
8.3476
0
0
0
0
0
0
0
0
0
0
0
0
0
0
0
0
0
0
0
0
0
0
0
0
0
0
0
0
0
0
0
0
0
0
0
0
0
0
0
0
0
0
0
0
0
0
0
0
0
0
0
0
0
0
0
0
0
0
0
0
-3.684
0
0
-3.6468
0
0
0
0
0
0
0
0
0
0
0
0
0
0
0
0
0
0
0
0
0
0
0
0
0
0
0
0
0
0
0
0
0
0
0
0
0
0
0
0
0
0
0
0
0
0
0
0
0
0
0
0
0
0
0
0
0
0
0
7.3307
0
0
0
0
0
0
0
0
0
0
0
0
0
0
0
0
0
0
0
0
0
0
0
0
0
0
0
0
0
0
0
0
0
0
0
0
0
0
0
0
0
0
0
0
0
0
0
0
0
0
0
0
0
0
0
0
0
0
0
0
0
0
-3.0943
0
0
0
0
0
0
0
0
0
0
0
0
0
0
0
0
0
0
0
0
0
0
0
0
0
0
0
0
0
0
0
0
0
0
0
0
0
-2.6175
0
0
0
0
0
0
0
0
0
0
0
0
0
0
0
0
0
0
0
0
0
0
5.7118
0
0
0
0
0
0
0
0
0
0
0
0
0
0
0
0
0
0
0
0
0
0
0
0
0
0
0
0
0
0
0
0
0
0
0
0
0
0
0
0
0
0
-3.6999
0
0
0
0
0
0
0
0
0
0
0
0
0
-3.6857
0
0
0
0
0
0
0
0
0
0
0
0
0
0
0
0
0
0
0
0
0
0
0
0
0
0
0
0
0
0
0
0
0
0
0
0
0
0
0
0
0
0
0
0
0
0
0
0
0
0
0
0
0
0
0
0
0
0
0
0
0
0
0
0
0
0
7.3857
0
0
0
0
0
0
0
0
0
0
0
0
0
0
0
0
0
0
0
0
0
0
0
0
0
0
0
0
0
0
0
0
0
0
0
0
0
0
0
0
0
0
0
0
0
0
0
0
0
0
0
0
0
0
0
0
0
0
0
0
0
0
0
0
0
0
0
0
0
0
0
0
0
0
0
0
0
0
0
0
0
0
0
0
0
0
0
0
0
0
0
0
0
0
0
0
0
0
0
0
0
0
0
0
0
0
0
0
-2.4862
0
0
0
0
0
0
0
0
0
0
0
0
0
0
6.1362
0
0
0
0
0
0
-3.65
0
0
0
0
0
0
0
0
0
0
0
0
0
0
0
0
0
0
0
0
0
0
0
0
0
0
0
0
0
0
0
0
0
0
0
0
0
0
0
0
-3.5165
-3.5165
0
0
0
0
0
0
0
0
0
0
0
0
0
0
0
0
0
0
0
0
0
0
0
0
0
0
0
0
0
0
0
0
0
0
0
0
0
0
0
0
0
0
0
0
0
0
0
0
0
0
0
0
0
0
0
0
0
0
0
0
0
0
0
0
0
0
0
0
0
0
0
0
0
0
7.033
0
0
0
0
0
0
0
0
0
0
0
0
0
0
0
0
0
0
0
0
0
0
0
0
0
0
0
0
0
0
0
0
0
0
0
0
0
0
0
0
0
0
0
0
0
0
0
0
0
0
0
0
0
0
0
0
0
0
0
0
0
0
0
0
0
0
0
0
0
0
0
0
0
0
0
0
0
0
0
-3.2131
0
0
0
0
-3.1075
0
0
0
0
0
0
0
0
0
0
0
0
0
0
0
0
0
0
0
0
0
0
0
0
0
0
0
0
0
0
0
0
0
0
0
0
0
0
6.3206
0
0
0
0
0
0
0
0
0
0
0
0
0
0
0
0
0
0
0
0
0
0
0
0
0
0
0
0
0
0
0
0
0
0
0
0
0
0
0
0
0
0
0
0
0
0
0
0
0
0
0
0
0
0
0
0
0
0
0
0
0
0
0
0
0
0
0
0
0
0
0
0
0
0
0
0
0
0
0
0
0
0
0
0
0
0
0
0
0
0
0
0
0
0
0
0
0
0
0
0
0
0
-2.4213
0
0
0
0
-2.7348
0
0
0
0
0
0
0
0
0
0
0
0
0
0
0
5.1561
0
0
0
0
0
0
0
0
0
0
0
0
0
0
0
0
0
0
0
0
0
0
0
0
0
0
0
0
0
0
0
0
0
0
0
0
-3.239
0
0
0
0
0
0
0
0
0
0
0
0
0
0
0
0
0
0
0
0
0
0
0
0
0
0
0
0
0
0
-3.1406
0
0
0
0
0
0
0
0
0
0
0
0
0
0
0
0
0
0
0
0
0
0
0
0
0
0
0
0
0
0
0
0
0
0
0
0
0
0
0
0
0
0
0
0
0
0
0
0
0
0
0
0
0
0
0
6.3796
0
0
0
0
0
0
0
0
0
0
0
0
0
0
0
0
0
0
0
0
0
0
0
0
0
0
0
0
0
0
0
0
0
0
0
0
0
0
0
0
0
0
0
0
0
0
0
0
0
0
0
0
0
0
0
0
0
0
0
0
0
0
0
0
0
0
0
0
0
0
0
0
0
-3.9903
0
0
0
0
0
0
0
0
0
0
0
0
0
0
0
0
0
0
0
0
0
0
0
0
0
0
0
0
0
0
-3.2638
0
0
0
0
0
0
0
0
0
0
0
0
0
0
0
0
0
0
7.2541
0
0
0
0
0
0
0
0
0
0
0
0
0
0
0
0
0
0
0
0
0
0
0
0
0
0
0
0
0
0
0
0
0
0
0
0
0
0
0
0
0
0
0
0
0
0
0
0
0
0
0
0
-3.4635
0
0
0
0
-3.4555
0
0
0
0
0
0
0
0
0
0
0
0
0
0
0
0
0
0
0
0
0
0
0
0
0
0
0
0
0
0
0
0
0
0
0
0
0
0
0
0
0
0
0
0
0
0
0
0
0
0
0
0
0
0
0
0
0
0
0
0
0
0
0
0
0
6.919
0
0
0
0
0
0
0
0
0
0
0
0
0
0
0
0
0
0
0
0
0
0
0
0
0
-2.6514
0
0
0
0
0
0
0
0
0
0
0
0
0
0
0
0
0
0
0
0
0
0
0
0
0
0
0
0
0
0
0
0
0
0
0
0
0
0
0
0
0
0
0
0
0
0
0
0
0
0
0
0
0
0
0
0
0
0
0
0
0
0
0
0
0
0
0
0
0
0
0
0
0
0
0
0
0
0
0
0
0
0
0
0
0
0
0
0
0
0
-3.65
0
0
0
0
0
0
6.3015
0
0
0
0
0
0
0
0
0
0
0
0
0
0
0
0
0
0
0
0
0
0
0
0
0
0
0
0
0
0
0
0
0
0
0
0
0
0
0
0
0
0
0
0
0
0
0
0
0
0
0
0
0
0
0
0
0
0
0
0
0
0
0
0
0
0
0
0
0
0
0
0
0
0
0
0
0
0
0
0
0
0
0
0
0
0
0
0
0
0
0
0
0
-2.3584
0
0
0
0
0
0
0
0
0
0
0
0
0
0
0
0
0
0
0
0
0
0
0
0
0
0
0
0
0
2.3584
0
0
0
0
0
0
0
0
0
0
0
0
0
0
0
0
0
0
0
0
0
0
0
0
0
0
0
0
0
0
0
0
0
0
0
0
0
0
0
0
0
0
0
0
0
0
0
0
0
0
0
0
0
0
0
0
0
0
0
0
0
0
-4.0275
0
0
0
0
0
0
0
0
0
0
0
0
0
0
0
0
0
0
0
0
0
0
0
0
0
0
0
0
0
0
0
0
0
0
0
0
0
0
0
0
0
0
0
0
0
0
0
0
0
0
0
0
0
0
0
0
0
0
0
0
4.0275
0
0
0
0
0
0
0
0
0
0
0
0
0
0
0
0
0
0
0
0
0
0
0
0
0
0
0
0
0
0
0
0
0
0
0
0
0
0
0
0
0
0
0
0
0
0
0
0
0
0
0
0
0
0
0
0
0
0
0
0
0
0
0
0
0
0
0
0
0
0
0
0
0
-3.5114
0
0
0
0
0
0
0
0
0
0
0
0
0
0
0
0
0
0
0
0
0
0
0
0
0
0
0
0
0
0
0
0
0
0
0
0
0
0
0
0
0
0
0
0
0
0
0
0
0
3.5114
0
0
0
0
0
0
0
0
0
0
0
0
0
0
0
0
0
0
0
0
0
0
0
0
0
0
0
0
0
0
0
0
0
0
0
0
0
0
0
0
-4.9536
0
0
0
0
0
0
0
0
0
0
0
0
0
0
0
0
0
0
0
0
0
0
0
0
0
0
0
0
0
0
0
0
0
0
0
0
0
0
0
0
0
0
0
0
0
0
0
0
0
0
0
0
0
0
0
0
0
0
0
0
0
0
0
0
0
0
0
0
0
0
0
0
0
0
0
0
0
0
0
0
0
0
4.9536
0
0
0
0
0
0
0
0
0
0
0
0
0
0
0
0
0
0
0
0
0
0
-5.7252
0
0
0
0
0
0
0
0
0
0
0
0
0
0
0
0
0
0
0
0
0
0
0
0
0
0
0
0
0
0
0
0
0
0
0
0
0
0
0
0
0
0
0
0
0
0
0
0
0
0
0
0
0
0
0
0
0
0
0
0
0
0
0
0
0
0
0
0
0
0
0
0
0
0
0
0
0
0
0
0
0
0
0
0
0
0
0
0
0
0
0
0
0
0
0
0
0
0
0
0
5.7252
0
0
0
0
0
0
0
0
0
0
0
0
0
0
0
0
0
0
0
0
0
0
0
0
0
0
0
0
0
0
0
0
0
0
0
0
0
0
0
0
0
0
0
0
0
0
0
0
0
0
0
0
0
0
0
0
0
0
0
0
0
0
0
0
0
0
0
0
0
0
0
0
0
0
0
0
0
0
0
0
0
0
0
0
-2.3347
0
0
0
0
0
0
0
0
0
0
0
0
0
0
0
0
0
0
0
0
0
0
0
0
0
0
0
0
0
0
0
0
0
0
0
0
0
0
2.3347
0
0
0
0
0
0
0
0
0
0
0
0
0
0
0
0
0
0
0
0
0
0
0
0
0
0
0
0
0
0
0
0
0
0
0
0
0
0
0
0
0
0
0
-4.7406
0
0
0
0
0
0
0
0
0
0
0
0
0
0
0
0
0
0
0
0
0
0
0
0
0
0
0
0
0
0
0
0
0
0
0
0
0
0
0
0
0
0
0
0
0
0
0
0
0
0
0
0
0
0
0
0
0
0
0
0
0
0
0
0
0
0
0
0
0
0
0
0
0
0
0
0
0
0
0
4.7406
0
0
0
0
0
0
0
0
0
0
0
0
0
0
0
0
0
0
0
0
0
0
0
0
0
0
0
0
0
0
0
0
0
0
0
0
0
0
0
0
0
0
0
0
0
0
0
0
0
0
0
0
0
0
0
0
0
0
0
0
0
0
0
0
0
0
0
0
0
0
0
0
-2.5603
0
0
0
0
0
0
0
0
0
0
0
0
0
0
0
0
0
0
0
0
0
0
0
0
0
0
0
0
0
0
0
0
0
0
0
0
0
0
0
0
0
0
0
0
0
0
0
0
0
0
2.5603
0
0
0
0
0
0
0
0
0
0
0
0
0
0
0
0
0
-5.9579
0
0
0
0
0
0
0
0
0
0
0
0
0
0
0
0
0
0
0
0
0
0
0
0
0
0
0
0
0
0
0
0
0
0
0
0
0
0
0
0
0
0
0
0
0
0
0
0
0
0
0
0
0
0
0
0
0
0
0
0
0
0
0
0
0
0
0
0
0
0
0
0
0
0
0
0
0
0
0
0
0
0
0
0
0
0
0
0
0
0
0
0
0
0
0
0
0
0
0
0
0
0
0
0
0
5.9579
0
0
0
0
0
0
0
0
0
0
0
0
0
0
0
0
0
0
0
0
0
0
0
0
0
0
0
0
0
0
0
0
0
0
0
0
0
0
0
0
0
0
0
0
0
0
0
0
0
0
0
0
0
0
0
0
0
0
0
0
0
0
0
0
0
0
0
0
-3.1506
0
0
0
0
0
0
0
0
0
0
0
0
0
0
0
0
0
0
0
0
0
0
0
0
0
0
0
0
0
0
0
0
0
0
0
0
0
0
0
0
0
0
0
0
0
0
0
0
0
0
0
0
0
0
3.1506
0
0
0
0
0
0
0
0
0
0
0
0
0
0
0
0
0
0
0
0
0
0
0
0
0
0
0
0
0
0
0
0
0
0
0
0
0
0
0
0
0
0
0
0
0
0
0
0
0
0
0
0
0
0
0
0
0
0
0
0
0
0
0
0
0
0
0
0
0
0
0
0
0
0
0
0
0
0
0
0
0
0
0
0
0
-3.0038
0
0
0
0
0
0
0
0
0
0
0
0
0
0
0
0
0
0
0
0
0
0
0
0
0
0
0
0
0
0
0
0
0
0
0
0
0
3.0038
0
0
0
0
0
0
0
0
0
0
0
0
0
0
0
0
0
0
0
0
0
0
0
0
0
0
0
0
0
0
0
0
0
0
0
0
0
0
0
0
0
0
0
0
0
0
0
0
0
0
0
0
0
0
0
0
0
0
0
0
0
0
0
0
0
0
0
0
0
0
0
-2.3762
0
0
0
0
0
0
0
0
0
0
0
0
0
0
0
0
0
0
0
0
0
0
0
0
0
0
0
0
0
0
0
0
0
0
0
0
0
0
0
0
0
0
0
0
0
0
0
0
0
0
0
2.3762
0
0
0
0
0
0
0
0
0
0
0
0
0
0
0
0
0
0
0
0
0
0
0
0
0
0
0
0
0
0
0
0
0
0
0
0
0
0
0
0
0
0
0
0
0
0
0
0
0
0
0
0
0
0
0
0
0
0
0
0
0
0
0
0
0
0
0
0
0
0
0
0
0
0
0
0
0
0
0
0
0
0
0
0
0
0
0
0
-3.009
0
0
0
0
0
0
0
0
0
0
0
0
0
0
0
0
0
0
0
0
0
0
0
0
0
0
0
0
0
0
0
0
0
0
3.009
0
0
0
0
0
0
0
0
0
0
0
0
0
0
0
0
0
0
0
0
0
0
0
0
0
0
0
0
0
0
0
0
0
0
0
0
0
0
0
0
0
0
0
0
0
0
0
0
0
0
0
0
0
0
0
0
0
0
0
0
0
0
0
0
0
0
0
0
0
0
0
0
0
0
0
0
0
0
0
0
0
0
0
0
0
0
0
0
0
0
0
0
0
0
0
0
-3.4987
0
0
0
0
0
0
0
0
0
0
0
0
0
0
0
0
0
0
0
0
0
0
0
0
0
0
3.4987
0
0
0
0
0
0
0
0
0
0
0
0
0
0
-5.1765
0
0
0
0
0
0
0
0
0
0
0
0
0
0
0
0
0
0
0
0
0
0
0
0
0
0
0
0
0
0
0
0
0
0
0
0
0
0
0
0
0
0
0
0
0
0
0
0
0
0
0
0
0
0
0
0
0
0
0
0
0
0
0
0
0
0
0
0
0
0
0
0
0
0
0
0
0
0
0
0
0
0
0
0
0
0
0
0
0
0
0
0
0
0
0
0
0
0
0
0
0
0
0
0
0
0
0
0
5.1765
0
0
0
0
0
0
0
0
0
0
0
0
0
0
0
0
0
0
0
0
0
0
0
0
0
0
0
0
0
0
0
0
-4.8534
0
0
0
0
0
0
0
0
0
0
0
0
0
0
0
0
0
0
0
0
0
0
0
0
0
0
0
0
0
0
0
0
0
0
0
0
0
0
0
0
0
0
0
0
0
0
0
0
0
0
0
0
0
0
0
0
0
0
0
0
0
0
0
0
0
0
0
0
0
0
0
0
0
0
0
0
0
0
0
0
0
0
0
0
0
0
0
0
0
0
4.8534
0
0
0
0
0
0
0
0
0
0
0
0
0
0
0
0
0
0
0
0
0
0
0
0
0
0
0
0
0
0
0
0
0
0
0
0
0
0
0
0
0
0
0
0
0
0
0
0
0
0
0
0
0
0
0
0
0
0
0
0
0
0
0
0
0
0
0
0
0
0
0
0
0
0
0
0
0
0
0
0
-0.49449
0
0
0
0
0
0
0
0
0
0
0
0
0
0
0
0
0
0
0
0
0
0
0
0
0
0
0
0
0
0
0
0
0
0
0
0
0
0
0
0
0
0
0.49449
0
0
0
0
0
0
0
0
0
0
-5.7251
0
0
0
0
0
0
0
0
0
0
0
0
0
0
0
0
0
0
0
0
0
0
0
0
0
0
0
0
0
0
0
0
0
0
0
0
0
0
0
0
0
0
0
0
0
0
0
0
0
0
0
0
0
0
0
0
0
0
0
0
0
0
0
0
0
0
0
0
0
0
0
0
0
0
0
0
0
0
0
0
0
0
0
0
0
0
0
0
0
0
0
0
0
0
0
0
0
0
0
0
0
0
0
0
0
0
0
0
0
0
0
0
5.7251
0
0
0
0
0
0
0
0
0
0
0
0
0
0
0
0
0
0
0
0
0
0
0
0
0
0
0
0
0
0
0
0
0
0
0
0
0
0
0
0
0
0
0
0
0
0
0
0
0
0
0
0
0
0
0
0
0
0
0
0
0
0
0
0
0
0
0
0
0
0
0
0
0
0
0
0
0
-3.0038
0
0
0
0
0
0
0
0
0
0
0
0
0
0
0
0
0
0
0
0
0
0
0
0
0
0
0
0
0
0
0
0
0
0
0
0
0
0
0
0
0
0
0
0
0
3.0038
0
0
0
0
0
0
0
0
0
0
0
0
0
0
0
0
0
0
0
0
0
0
0
0
0
0
0
0
0
0
0
0
0
0
0
0
0
0
0
0
0
0
0
0
0
0
0
0
0
0
0
0
0
0
0
0
0
0
0
0
0
0
0
0
0
0
0
0
0
0
0
0
0
0
0
0
0
0
0
0
0
0
0
-2.9122
0
0
0
0
0
0
0
0
0
0
0
0
0
0
0
0
0
0
0
0
0
0
0
0
0
0
0
0
0
0
0
0
0
0
0
0
0
0
0
2.9122
0
0
0
0
0
0
0
0
0
0
0
0
0
0
0
0
0
0
0
0
0
0
0
0
0
0
0
0
0
0
0
0
0
0
0
0
0
0
0
0
0
0
0
0
0
0
0
0
0
0
0
0
0
0
0
0
0
0
-2.767
0
0
0
0
0
0
0
0
0
0
0
0
0
0
0
0
0
0
0
0
0
0
0
0
0
0
0
0
0
0
0
0
0
0
0
0
0
0
0
0
0
0
0
0
0
0
0
0
0
0
0
0
0
0
0
0
0
0
0
0
0
0
0
0
2.767
0
0
0
0
0
0
0
0
0
0
0
0
0
0
0
0
0
0
0
0
0
0
0
0
0
0
0
0
0
0
0
0
0
0
0
0
0
0
0
0
0
0
0
-4.1333
0
0
0
0
0
0
0
0
0
0
0
0
0
0
0
0
0
0
0
0
0
0
0
0
0
0
0
0
0
0
0
0
0
0
0
0
0
0
0
0
0
0
0
0
0
0
0
0
0
0
0
0
0
0
0
0
0
0
0
0
0
0
0
0
0
0
0
0
0
0
0
0
0
0
0
0
0
0
0
4.1333
0
0
0
0
0
0
0
0
0
0
0
0
0
0
0
0
0
0
0
0
0
0
0
0
0
0
0
0
0
0
-4.3223
0
0
0
0
0
0
0
0
0
0
0
0
0
0
0
0
0
0
0
0
0
0
0
0
0
0
0
0
0
0
0
0
0
0
0
0
0
0
0
0
0
0
0
0
0
0
0
0
0
0
0
0
0
0
0
0
0
0
0
0
0
0
0
0
0
0
0
0
0
0
0
0
0
0
0
0
0
0
0
0
0
0
0
0
0
0
0
0
0
0
0
0
4.3223
0
0
0
0
0
0
0
0
0
0
0
0
0
0
0
0
0
0
0
0
0
0
0
0
0
0
0
0
-4.5361
0
0
0
0
0
0
0
0
0
0
0
0
0
0
0
0
0
0
0
0
0
0
0
0
0
0
0
0
0
0
0
0
0
0
0
0
0
0
0
0
0
0
0
0
0
0
0
0
0
0
0
0
0
0
0
0
0
0
0
0
0
0
0
0
0
0
0
0
0
0
0
0
0
0
0
0
0
0
0
0
0
0
0
0
0
0
0
0
0
0
0
0
0
0
4.5361
