70.9082
-0.86219
-0.85691
-0.8569
-0.85505
-0.85628
-0.83929
-0.86043
-0.85511
-0.85923
-0.83926
-0.82417
-0.82283
-0.82283
-0.82464
-0.81705
-0.82887
-0.82888
-0.81972
-0.84945
-0.8235
-0.83223
-0.78962
-0.86375
-0.81026
-0.86837
-0.79532
-0.82726
-0.85028
-0.85154
-0.82162
-0.84353
-0.82757
-0.82753
-0.8276
-0.92055
-0.90767
-0.90765
-0.9077
-0.8993
-0.91218
-0.8636
-0.88362
-0.81325
-0.86257
-0.87128
-0.86661
-0.8572
-0.86968
-0.85812
-0.80519
-0.84854
-0.8088
-0.78719
-0.77406
-0.81264
-0.8732
-0.86558
-0.85566
-0.86519
-0.8012
-0.99608
-1.03
-0.98148
-1.0287
-0.90832
-1.0432
-1.0545
-1.0375
-1.3046
0
-1.045
0
0
0
0
0
0
0
0
0
-3.2734
0
0
0
0
-3.3089
0
0
0
0
0
0
0
0
0
0
0
-3.1591
0
0
0
0
0
0
0
0
0
0
0
0
0
0
0
0
0
0
0
0
0
0
0
0
-0.86219
72.5077
-0.88735
-0.88734
-0.88299
-0.88323
-0.86647
-0.88791
-0.88314
-0.88705
-0.86647
-0.85182
-0.84989
-0.84989
-0.85224
-0.84422
-0.85661
-0.85661
-0.84714
-0.8775
-0.85056
-0.85917
-0.81695
-0.89235
-0.83715
-0.90471
-0.8226
-0.85486
-0.87923
-0.87883
-0.84862
-0.87045
-0.85448
-0.85443
-0.8545
-0.94828
-0.93528
-0.93527
-0.9353
-0.92826
-0.94053
-0.89082
-0.91099
-0.84002
-0.88979
-0.89737
-0.89537
-0.88437
-0.89694
-0.88948
-0.83156
-0.87672
-0.83676
-0.81397
-0.805
-0.83958
-0.90043
-0.89326
-0.88244
-0.89173
-0.82935
-1.0234
-1.0707
-1.0068
-1.0566
-0.9338
-1.0731
-1.0813
-1.0639
-1.3316
0
0
0
0
0
0
0
0
0
0
0
-3.323
0
0
0
0
0
0
0
0
0
0
0
0
0
0
0
0
0
0
0
0
0
0
0
0
0
-7.1656
0
0
0
0
0
0
0
0
0
0
0
0
0
0
0
-0.85691
-0.88735
68.1562
-0.87718
-0.87191
-0.8736
-0.85686
-0.87826
-0.87352
-0.87731
-0.85685
-0.8425
-0.84021
-0.84022
-0.84243
-0.83451
-0.84718
-0.84718
-0.83769
-0.86658
-0.84075
-0.84928
-0.80721
-0.8817
-0.82765
-0.89268
-0.81353
-0.84455
-0.86835
-0.86896
-0.83883
-0.86132
-0.84478
-0.84472
-0.84479
-0.93813
-0.92519
-0.92517
-0.92522
-0.91813
-0.93
-0.88091
-0.90103
-0.83026
-0.87988
-0.88939
-0.88613
-0.87447
-0.88702
-0.8797
-0.82215
-0.86453
-0.82678
-0.80427
-0.79517
-0.82986
-0.89046
-0.88429
-0.87265
-0.88187
-0.81586
-1.0134
-1.0619
-0.99887
-1.0477
-0.92389
-1.0604
-1.0711
-1.0536
-1.3211
0
0
0
0
0
0
0
0
0
0
0
0
0
0
0
0
0
0
0
0
0
0
0
0
0
0
0
0
0
0
0
0
0
-6.8085
0
0
0
0
0
0
0
0
0
0
0
0
0
0
0
0
0
0
0
-0.8569
-0.88734
-0.87718
68.1556
-0.87189
-0.87359
-0.85686
-0.87825
-0.87351
-0.87731
-0.85684
-0.84249
-0.84021
-0.84021
-0.84242
-0.8345
-0.84718
-0.84718
-0.83768
-0.86657
-0.84075
-0.84927
-0.80721
-0.8817
-0.82764
-0.89267
-0.81351
-0.84455
-0.86834
-0.86895
-0.83883
-0.86132
-0.84476
-0.84472
-0.84478
-0.93813
-0.92519
-0.92516
-0.92521
-0.91811
-0.93
-0.8809
-0.90102
-0.83025
-0.87987
-0.88937
-0.88612
-0.87447
-0.88701
-0.87969
-0.82215
-0.86452
-0.82677
-0.80426
-0.79516
-0.82985
-0.89045
-0.8843
-0.87264
-0.88187
-0.81586
-1.0133
-1.0619
-0.99887
-1.0477
-0.92388
-1.0604
-1.0711
-1.0536
-1.3211
0
0
0
0
0
0
0
0
0
0
0
0
0
0
0
0
0
0
0
0
0
0
0
0
0
0
0
0
0
0
0
0
0
0
0
0
0
0
0
0
0
0
0
0
0
0
-6.8083
0
0
0
0
0
0
-0.85505
-0.88299
-0.87191
-0.87189
65.9748
-0.87088
-0.85442
-0.87548
-0.86996
-0.87415
-0.85442
-0.83973
-0.83723
-0.83723
-0.83928
-0.83154
-0.8437
-0.84369
-0.8344
-0.86545
-0.83778
-0.84638
-0.80438
-0.88008
-0.82467
-0.89064
-0.80998
-0.84232
-0.86593
-0.86606
-0.83587
-0.85777
-0.84189
-0.84184
-0.8419
-0.93515
-0.92221
-0.92219
-0.92224
-0.91481
-0.92763
-0.87791
-0.89808
-0.82732
-0.87693
-0.8863
-0.88363
-0.87153
-0.88407
-0.87361
-0.81929
-0.86257
-0.82421
-0.80335
-0.78953
-0.82728
-0.88753
-0.88045
-0.86998
-0.8789
-0.81328
-1.0102
-1.0607
-0.99551
-1.0436
-0.92165
-1.0568
-1.068
-1.0505
0
0
0
0
0
0
0
0
0
0
0
0
0
0
0
0
0
0
0
0
0
0
0
0
0
0
0
0
0
0
0
0
0
0
0
0
0
0
0
0
0
0
0
0
-6.147
0
0
0
0
0
0
0
0
0
-0.85628
-0.88323
-0.8736
-0.87359
-0.87088
61.554
-0.85286
-0.87482
-0.87084
-0.87473
-0.85284
-0.83994
-0.83608
-0.83607
-0.83941
-0.8313
-0.84358
-0.84357
-0.83414
-0.86516
-0.83768
-0.84654
-0.80436
-0.8821
-0.82482
-0.89565
-0.80981
-0.84253
-0.86837
-0.86617
-0.8359
-0.8564
-0.84197
-0.84192
-0.84198
-0.93525
-0.92231
-0.92228
-0.92232
-0.91533
-0.92795
-0.87803
-0.89818
-0.82736
-0.87702
-0.88655
-0.88446
-0.87162
-0.88417
-0.87379
-0.81962
-0.86377
-0.82447
-0.80397
-0.78986
-0.82796
-0.88765
-0.87992
-0.87097
-0.879
-0.81448
-1.0106
-1.0631
-0.99649
-1.0436
-0.92339
-1.0616
-1.0682
-1.0501
0
0
0
0
0
0
0
-1.6995
0
0
0
0
0
0
0
0
0
0
0
0
0
0
0
0
0
0
0
0
0
0
0
0
0
0
0
0
0
0
0
0
0
0
0
0
0
0
0
0
0
0
0
0
0
0
-0.83929
-0.86647
-0.85686
-0.85686
-0.85442
-0.85286
60.03
-0.85766
-0.85392
-0.85803
-0.83318
-0.82287
-0.82
-0.82
-0.82283
-0.81489
-0.82695
-0.82695
-0.81759
-0.84844
-0.82121
-0.82998
-0.78807
-0.86598
-0.80833
-0.87915
-0.79364
-0.82603
-0.85141
-0.84947
-0.81941
-0.84124
-0.82547
-0.82542
-0.82547
-0.91807
-0.90521
-0.90519
-0.90523
-0.89842
-0.91096
-0.86124
-0.8813
-0.81085
-0.86024
-0.86974
-0.86746
-0.85487
-0.86736
-0.85696
-0.80323
-0.84719
-0.80798
-0.78626
-0.77378
-0.8115
-0.87066
-0.86303
-0.85415
-0.86209
-0.79821
-0.99295
-1.0449
-0.97864
-1.0257
-0.9068
-1.0439
-1.0503
-1.0325
-1.3028
0
0
0
0
0
0
0
0
0
0
0
0
0
0
0
0
0
0
0
0
0
0
0
0
0
0
0
0
0
0
0
0
0
0
0
0
0
0
0
0
0
0
0
0
0
0
0
0
0
0
0
0
0
-0.86043
-0.88791
-0.87826
-0.87825
-0.87548
-0.87482
-0.85766
62.0679
-0.87539
-0.87931
-0.85764
-0.84477
-0.84064
-0.84063
-0.84166
-0.83577
-0.84823
-0.84823
-0.83882
-0.86988
-0.84217
-0.85127
-0.80897
-0.88701
-0.82931
-0.89971
-0.81456
-0.84721
-0.87329
-0.8708
-0.84049
-0.86264
-0.84661
-0.84656
-0.84662
-0.94009
-0.92726
-0.92723
-0.92728
-0.91965
-0.9326
-0.88032
-0.9029
-0.83204
-0.88173
-0.89139
-0.88893
-0.87633
-0.88888
-0.8753
-0.82429
-0.86864
-0.82919
-0.80861
-0.79408
-0.83261
-0.89242
-0.88506
-0.87567
-0.88376
-0.81334
-1.0156
-1.068
-1.0011
-1.0506
-0.92861
-1.0671
-1.074
-1.0562
0
0
0
0
-1.9063
0
0
0
0
0
0
0
0
0
0
0
0
0
0
0
0
0
0
0
0
0
0
0
0
0
0
0
0
0
0
0
0
0
0
0
0
0
0
0
0
0
0
0
0
0
0
0
0
0
-0.85511
-0.88314
-0.87352
-0.87351
-0.86996
-0.87084
-0.85392
-0.87539
63.7215
-0.87366
-0.85391
-0.83949
-0.8364
-0.83639
-0.83808
-0.83078
-0.84273
-0.84274
-0.83361
-0.86446
-0.83702
-0.84595
-0.8038
-0.87965
-0.82403
-0.89078
-0.8087
-0.84191
-0.86697
-0.86529
-0.83514
-0.85644
-0.84087
-0.84082
-0.84088
-0.93485
-0.92184
-0.92182
-0.92187
-0.89536
-0.92765
-0.87729
-0.89766
-0.82691
-0.87652
-0.88596
-0.88414
-0.87111
-0.88365
-0.87225
-0.81909
-0.86315
-0.82409
-0.80362
-0.78893
-0.82747
-0.88723
-0.8799
-0.87036
-0.87863
-0.81193
-1.0102
-1.0626
-0.99565
-1.0441
-0.92351
-1.0626
-1.0687
-1.0512
0
0
0
0
0
0
0
0
0
0
0
0
0
0
0
0
0
0
0
0
0
0
0
0
0
0
-3.9238
0
0
0
0
0
0
0
0
0
0
0
0
0
0
0
0
0
0
0
0
0
0
0
0
0
0
0
-0.85923
-0.88705
-0.87731
-0.87731
-0.87415
-0.87473
-0.85803
-0.87931
-0.87366
64.5959
-0.85802
-0.84376
-0.84074
-0.84073
-0.84321
-0.83498
-0.84685
-0.84685
-0.83968
-0.86856
-0.84124
-0.85014
-0.80785
-0.86343
-0.82816
-0.8955
-0.81346
-0.84596
-0.87144
-0.8695
-0.83923
-0.86152
-0.84524
-0.8452
-0.84526
-0.9387
-0.92572
-0.92569
-0.92574
-0.91881
-0.93159
-0.88151
-0.90152
-0.83066
-0.88035
-0.89006
-0.88726
-0.87494
-0.88749
-0.87665
-0.82274
-0.8671
-0.82769
-0.80729
-0.79269
-0.83109
-0.89089
-0.88824
-0.87479
-0.88211
-0.81917
-1.0148
-1.067
-1.0005
-1.0564
-0.92778
-1.0665
-1.0732
-1.0558
0
0
0
0
0
0
0
0
0
0
0
0
0
0
0
0
0
0
0
0
0
-4.506
0
0
0
0
0
0
0
0
0
0
0
0
0
0
0
0
0
0
0
0
0
0
0
0
0
0
0
0
0
0
0
0
-0.83926
-0.86647
-0.85685
-0.85684
-0.85442
-0.85284
-0.83318
-0.85764
-0.85391
-0.85802
60.0293
-0.82285
-0.81999
-0.81999
-0.82282
-0.81488
-0.82694
-0.82693
-0.81758
-0.84842
-0.8212
-0.82997
-0.78806
-0.86597
-0.80832
-0.87915
-0.79363
-0.82602
-0.8514
-0.84947
-0.8194
-0.84123
-0.82545
-0.82541
-0.82547
-0.91806
-0.9052
-0.90518
-0.90522
-0.89841
-0.91094
-0.86122
-0.88129
-0.81084
-0.86023
-0.86973
-0.86745
-0.85486
-0.86735
-0.85693
-0.80323
-0.84718
-0.80796
-0.78626
-0.77377
-0.81149
-0.87065
-0.86302
-0.85415
-0.86208
-0.7982
-0.99294
-1.0449
-0.97863
-1.0257
-0.90678
-1.0439
-1.0503
-1.0325
-1.3028
0
0
0
0
0
0
0
0
0
0
0
0
0
0
0
0
0
0
0
0
0
0
0
0
0
0
0
0
0
0
0
0
0
0
0
0
0
0
0
0
0
0
0
0
0
0
0
0
0
0
0
0
0
-0.82417
-0.85182
-0.8425
-0.84249
-0.83973
-0.83994
-0.82287
-0.84477
-0.83949
-0.84376
-0.82285
59.1765
-0.80707
-0.80707
-0.80769
-0.80009
-0.81162
-0.81162
-0.80252
-0.83269
-0.80645
-0.81607
-0.77211
-0.8479
-0.79192
-0.86198
-0.77848
-0.81036
-0.83499
-0.8344
-0.80447
-0.82573
-0.81064
-0.8106
-0.81065
-0.90268
-0.88991
-0.88988
-0.88993
-0.88178
-0.89469
-0.8463
-0.86625
-0.79612
-0.8453
-0.85193
-0.85093
-0.83994
-0.85238
-0.83905
-0.78806
-0.83138
-0.79129
-0.77237
-0.75838
-0.7962
-0.85569
-0.84767
-0.83861
-0.84745
-0.78309
-0.97771
-1.0251
-0.95661
-1.0095
0
0
-1.0354
0
0
-1.5019
-1.0286
-1.8827
0
0
0
0
0
0
0
0
0
0
0
0
0
0
0
0
0
0
0
0
0
0
0
0
0
0
0
0
0
0
0
0
0
0
0
0
0
0
0
0
0
0
0
0
0
0
0
0
0
0
-0.82283
-0.84989
-0.84021
-0.84021
-0.83723
-0.83608
-0.82
-0.84064
-0.8364
-0.84074
-0.81999
-0.80707
57.5701
-0.80078
-0.80514
-0.79794
-0.80941
-0.8094
-0.80033
-0.83269
-0.80421
-0.8127
-0.77122
-0.84604
-0.79133
-0.85937
-0.77667
-0.80879
-0.83756
-0.83231
-0.80236
-0.82378
-0.80842
-0.80837
-0.80844
-0.90028
-0.88752
-0.88749
-0.88754
-0.8805
-0.89313
-0.84376
-0.86383
-0.79376
-0.84289
-0.85218
-0.84995
-0.83755
-0.84996
-0.83951
-0.78631
-0.82999
-0.79106
-0.77098
-0.75713
-0.79459
-0.85333
-0.84548
-0.83678
-0.84486
-0.78114
-0.97494
-1.0264
-0.96058
-1.0072
-0.88935
-1.0254
-1.0319
-1.0143
0
0
0
0
0
0
0
0
0
0
0
0
0
0
0
0
0
0
0
0
0
0
0
0
0
0
0
0
0
0
0
0
0
0
0
0
0
0
0
0
0
0
0
0
0
0
0
0
0
0
0
0
0
0
-0.82283
-0.84989
-0.84022
-0.84021
-0.83723
-0.83607
-0.82
-0.84063
-0.83639
-0.84073
-0.81999
-0.80707
-0.80078
57.5699
-0.80514
-0.79794
-0.80941
-0.8094
-0.80033
-0.83268
-0.80421
-0.81269
-0.77122
-0.84604
-0.79133
-0.85937
-0.77668
-0.80879
-0.83756
-0.8323
-0.80236
-0.82377
-0.80842
-0.80837
-0.80844
-0.90028
-0.88752
-0.8875
-0.88754
-0.88049
-0.89312
-0.84376
-0.86382
-0.79376
-0.84288
-0.85218
-0.84995
-0.83754
-0.84996
-0.8395
-0.7863
-0.82999
-0.79105
-0.77098
-0.75713
-0.79459
-0.85333
-0.84548
-0.83678
-0.84486
-0.78114
-0.97494
-1.0264
-0.96058
-1.0072
-0.88935
-1.0254
-1.0319
-1.0143
0
0
0
0
0
0
0
0
0
0
0
0
0
0
0
0
0
0
0
0
0
0
0
0
0
0
0
0
0
0
0
0
0
0
0
0
0
0
0
0
0
0
0
0
0
0
0
0
0
0
0
0
0
0
-0.82464
-0.85224
-0.84243
-0.84242
-0.83928
-0.83941
-0.82283
-0.84166
-0.83808
-0.84321
-0.82282
-0.80769
-0.80514
-0.80514
56.263
-0.79884
-0.80978
-0.80977
-0.802
-0.83114
-0.80502
-0.81495
-0.77251
-0.84752
-0.79244
-0.86126
-0.7779
-0.80953
-0.83817
-0.83363
-0.80358
-0.82503
-0.80982
-0.80978
-0.80984
-0.90176
-0.88899
-0.88896
-0.88901
-0.87965
-0.89371
-0.84019
-0.86542
-0.79533
-0.84448
-0.85341
-0.8506
-0.83913
-0.85156
-0.8346
-0.78758
-0.82998
-0.79262
-0.77218
-0.75727
-0.79567
-0.85506
-0.84953
-0.83802
-0.84657
-0.748
-0.97677
-1.0277
-0.96207
0
0
0
0
0
0
0
0
0
0
0
0
0
0
0
0
-3.6177
0
0
0
0
0
0
0
0
0
0
0
0
0
0
0
0
0
0
0
0
0
0
0
0
0
0
0
0
0
0
0
0
0
0
0
0
0
0
0
0
0
0
-0.81705
-0.84422
-0.83451
-0.8345
-0.83154
-0.8313
-0.81489
-0.83577
-0.83078
-0.83498
-0.81488
-0.80009
-0.79794
-0.79794
-0.79884
52.2
-0.8029
-0.80289
-0.7944
-0.82391
-0.79819
-0.80731
-0.76424
-0.83948
-0.78479
-0.85305
-0.76981
-0.80263
-0.82647
-0.82592
-0.79572
-0.81665
-0.80201
-0.80196
-0.80204
-0.89331
-0.88062
-0.88059
-0.88064
-0.87318
-0.88591
-0.83692
-0.8572
-0.78719
-0.8363
-0.84536
-0.84267
-0.83096
-0.84337
-0.83225
-0.77977
-0.8232
-0.78447
-0.76449
-0.75043
-0.78792
-0.84655
-0.84062
-0.83018
-0.83823
-0.7743
-0.968
-1.0182
-0.95349
0
0
0
0
0
0
0
0
0
0
0
0
0
0
0
0
0
0
0
0
0
0
0
0
0
0
0
0
0
0
0
0
0
0
0
0
0
0
0
0
0
0
0
0
0
0
0
0
0
0
0
0
0
0
0
0
0
0
0
-0.82887
-0.85661
-0.84718
-0.84718
-0.8437
-0.84358
-0.82695
-0.84823
-0.84273
-0.84685
-0.82694
-0.81162
-0.80941
-0.80941
-0.80978
-0.8029
55.101
-0.79231
-0.80568
-0.83447
-0.80856
-0.81765
-0.77519
-0.85036
-0.79544
-0.86437
-0.78166
-0.81295
-0.8391
-0.83662
-0.80646
-0.8289
-0.81266
-0.81261
-0.81267
-0.90444
-0.89168
-0.89165
-0.89169
-0.88422
-0.89715
-0.84801
-0.86811
-0.79789
-0.84713
-0.85649
-0.85335
-0.84178
-0.85421
-0.84257
-0.79022
-0.8343
-0.79521
-0.77519
-0.7602
-0.79848
-0.85741
-0.85228
-0.84079
-0.84885
-0.78686
-0.97911
0
0
0
0
0
0
0
0
0
0
0
0
0
0
0
0
0
0
0
0
0
0
0
0
0
0
0
0
0
0
-4.2222
0
0
0
0
0
0
0
0
0
0
0
0
0
0
0
0
0
0
0
0
0
0
0
0
0
0
0
0
0
0
-0.82888
-0.85661
-0.84718
-0.84718
-0.84369
-0.84357
-0.82695
-0.84823
-0.84274
-0.84685
-0.82693
-0.81162
-0.8094
-0.8094
-0.80977
-0.80289
-0.79231
55.101
-0.80568
-0.83447
-0.80856
-0.81765
-0.77519
-0.85036
-0.79545
-0.86436
-0.78166
-0.81295
-0.83911
-0.83662
-0.80646
-0.8289
-0.81266
-0.81261
-0.81267
-0.90444
-0.89167
-0.89165
-0.89169
-0.88422
-0.89715
-0.848
-0.86811
-0.79789
-0.84713
-0.85649
-0.85335
-0.84177
-0.85422
-0.84257
-0.79022
-0.83431
-0.79522
-0.77519
-0.76019
-0.79848
-0.8574
-0.85227
-0.84079
-0.84885
-0.78686
-0.97911
0
0
0
0
0
0
0
0
0
0
0
0
0
0
0
0
0
0
0
0
0
0
0
0
0
0
0
0
0
0
-4.2222
0
0
0
0
0
0
0
0
0
0
0
0
0
0
0
0
0
0
0
0
0
0
0
0
0
0
0
0
0
0
-0.81972
-0.84714
-0.83769
-0.83768
-0.8344
-0.83414
-0.81759
-0.83882
-0.83361
-0.83968
-0.81758
-0.80252
-0.80033
-0.80033
-0.802
-0.7944
-0.80568
-0.80568
54.026
-0.82652
-0.80049
-0.8091
-0.76692
-0.84413
-0.78718
-0.85746
-0.77332
-0.80515
-0.83108
-0.82887
-0.79871
-0.8202
-0.80495
-0.80491
-0.80496
-0.89625
-0.88356
-0.88353
-0.88358
-0.87636
-0.88896
-0.84012
-0.8602
-0.79011
-0.83927
-0.84865
-0.84492
-0.83393
-0.84636
-0.83532
-0.78237
-0.82673
-0.78758
-0.76746
-0.75316
-0.79071
-0.84945
-0.81034
-0.83276
-0.84094
-0.77917
-0.97069
0
0
0
0
0
0
0
0
0
0
0
0
0
0
0
0
0
0
0
0
0
0
0
0
0
-3.6506
0
0
0
0
0
0
0
0
0
0
0
0
0
0
0
0
0
0
0
0
0
0
0
0
0
0
0
0
0
0
0
0
0
0
0
-0.84945
-0.8775
-0.86658
-0.86657
-0.86545
-0.86516
-0.84844
-0.86988
-0.86446
-0.86856
-0.84842
-0.83269
-0.83269
-0.83268
-0.83114
-0.82391
-0.83447
-0.83447
-0.82652
57.1719
-0.82916
-0.83773
-0.79524
-0.87147
-0.81547
-0.8845
-0.80063
-0.83254
-0.86378
-0.8572
-0.82688
-0.84791
-0.83305
-0.833
-0.83306
-0.92554
-0.91269
-0.91267
-0.91271
-0.90461
-0.91739
-0.8685
-0.88892
-0.81826
-0.86782
-0.87668
-0.87354
-0.86243
-0.87495
-0.864
-0.81144
-0.85346
-0.81531
-0.79473
-0.78115
-0.81837
-0.87847
-0.87348
-0.8612
-0.86977
-0.80574
0
0
0
0
0
0
0
0
0
0
0
0
0
0
0
0
0
0
0
0
0
0
0
0
0
0
0
0
0
0
0
0
0
0
0
0
0
0
0
0
0
-6.0275
0
0
0
0
0
0
0
0
0
0
0
0
0
0
0
0
0
0
0
0
-0.8235
-0.85056
-0.84075
-0.84075
-0.83778
-0.83768
-0.82121
-0.84217
-0.83702
-0.84124
-0.8212
-0.80645
-0.80421
-0.80421
-0.80502
-0.79819
-0.80856
-0.80856
-0.80049
-0.82916
50.5881
-0.81338
-0.76858
-0.84417
-0.78898
-0.85702
-0.77542
-0.80931
-0.83357
-0.83202
-0.8015
-0.8226
-0.80798
-0.80793
-0.80799
-0.89934
-0.88664
-0.88661
-0.88666
-0.87933
-0.89199
-0.84293
-0.86326
-0.79302
-0.8423
-0.85165
-0.84892
-0.83694
-0.84938
-0.83847
-0.78572
-0.8296
-0.79049
-0.77056
-0.75648
-0.7939
-0.85256
-0.84672
-0.83621
-0.84404
-0.78107
-0.9742
0
0
0
0
0
0
0
0
0
0
0
0
0
0
0
0
0
0
0
0
0
0
0
0
0
0
0
0
0
0
0
0
0
0
0
0
0
0
0
0
0
0
0
0
0
0
0
0
0
0
0
0
0
0
0
0
0
0
0
0
0
-0.83223
-0.85917
-0.84928
-0.84927
-0.84638
-0.84654
-0.82998
-0.85127
-0.84595
-0.85014
-0.82997
-0.81607
-0.8127
-0.81269
-0.81495
-0.80731
-0.81765
-0.81765
-0.8091
-0.83773
-0.81338
53.1686
-0.77887
-0.85284
-0.7998
-0.86564
-0.78478
-0.81793
-0.84177
-0.84144
-0.811
-0.83166
-0.81738
-0.81734
-0.81741
-0.90896
-0.89624
-0.89622
-0.89626
-0.88856
-0.90084
-0.85243
-0.87275
-0.80233
-0.85173
-0.86081
-0.86615
-0.84636
-0.85884
-0.84773
-0.79626
-0.83826
-0.79968
-0.77901
-0.76467
-0.8025
-0.86211
-0.85599
-0.84483
-0.8532
0
0
0
0
0
0
0
0
0
0
0
0
0
0
0
0
0
0
0
0
0
0
-3.7986
0
0
0
0
0
0
0
0
0
0
0
0
0
0
0
0
0
0
0
0
0
0
0
0
0
0
0
0
0
0
0
0
0
0
0
0
0
0
0
0
-0.78962
-0.81695
-0.80721
-0.80721
-0.80438
-0.80436
-0.78807
-0.80897
-0.8038
-0.80785
-0.78806
-0.77211
-0.77122
-0.77122
-0.77251
-0.76424
-0.77519
-0.77519
-0.76692
-0.79524
-0.76858
-0.77887
48.3055
-0.8102
-0.75422
-0.82283
-0.74033
-0.77434
-0.80086
-0.79862
-0.76794
-0.78649
-0.77424
-0.77419
-0.77425
-0.86345
-0.85093
-0.85091
-0.85096
-0.84214
-0.85531
-0.80789
-0.82818
-0.75878
-0.80747
-0.81623
-0.8132
-0.80217
-0.81448
-0.80184
-0.7529
-0.79435
-0.75451
-0.73646
-0.72283
-0.75958
-0.81778
-0.8117
-0.80112
-0.80915
0
0
0
0
0
0
0
0
0
0
-1.4648
0
0
0
0
0
0
0
0
0
0
0
0
0
0
0
0
0
0
0
0
0
0
0
0
0
0
0
0
0
0
0
0
0
0
0
0
0
0
0
0
0
0
0
0
0
0
0
0
0
0
0
0
-0.86375
-0.89235
-0.8817
-0.8817
-0.88008
-0.8821
-0.86598
-0.88701
-0.87965
-0.86343
-0.86597
-0.8479
-0.84604
-0.84604
-0.84752
-0.83948
-0.85036
-0.85036
-0.84413
-0.87147
-0.84417
-0.85284
-0.8102
60.6986
-0.83036
-0.90163
-0.81529
-0.8472
-0.8728
-0.87191
-0.84148
-0.8628
-0.84764
-0.84759
-0.84765
-0.94069
-0.92779
-0.92777
-0.92781
-0.9194
-0.93246
-0.88346
-0.90393
-0.83293
-0.88275
-0.89145
-0.88781
-0.87734
-0.88991
-0.87855
-0.8258
-0.86862
-0.82991
-0.80897
-0.79495
-0.8326
-0.89348
-0.89284
0
-0.88474
0
0
0
0
0
0
0
0
0
0
0
0
0
0
0
0
0
0
0
0
0
0
0
0
0
0
0
0
0
0
-4.4781
0
0
0
0
0
0
0
0
0
0
0
0
0
0
0
0
0
0
0
0
0
0
0
-5.9039
0
0
0
0
0
0
0
0
-0.81026
-0.83715
-0.82765
-0.82764
-0.82467
-0.82482
-0.80833
-0.82931
-0.82403
-0.82816
-0.80832
-0.79192
-0.79133
-0.79133
-0.79244
-0.78479
-0.79544
-0.79545
-0.78718
-0.81547
-0.78898
-0.7998
-0.75422
-0.83036
50.156
-0.84336
-0.76173
-0.79563
-0.82044
-0.81839
-0.78796
-0.80828
-0.7945
-0.79446
-0.79452
-0.88497
-0.87252
-0.87249
-0.87254
-0.86411
-0.87702
-0.829
-0.84929
-0.77939
-0.82842
-0.83704
-0.834
-0.82309
-0.83549
-0.81926
-0.7732
-0.81633
-0.7753
-0.7568
-0.74259
-0.78003
-0.83883
-0.83276
-0.82204
-0.8301
0
0
0
0
0
0
0
0
0
0
0
0
0
0
0
-2.1211
0
0
0
0
0
0
0
0
0
0
0
0
0
0
0
0
0
0
0
0
0
0
0
0
0
0
0
0
0
0
0
0
0
0
0
0
0
0
0
0
0
0
0
0
0
0
0
-0.86837
-0.90471
-0.89268
-0.89267
-0.89064
-0.89565
-0.87915
-0.89971
-0.89078
-0.8955
-0.87915
-0.86198
-0.85937
-0.85937
-0.86126
-0.85305
-0.86437
-0.86436
-0.85746
-0.8845
-0.85702
-0.86564
-0.82283
-0.90163
-0.84336
62.6769
-0.8271
-0.85951
-0.86183
-0.88431
-0.8537
-0.87481
-0.85992
-0.85987
-0.85993
-0.95339
-0.94045
-0.94044
-0.94048
-0.93174
-0.94525
-0.89572
-0.91655
-0.84524
-0.89528
-0.90376
-0.89978
-0.88985
-0.90247
-0.89077
-0.83789
-0.88125
-0.84173
-0.82155
-0.80713
-0.84535
-0.90707
0
0
0
0
0
0
0
0
0
0
0
0
0
0
0
0
0
0
0
0
0
0
0
0
0
0
0
0
0
-3.3119
0
-4.4154
0
0
0
0
0
0
0
0
0
0
0
0
0
0
0
0
-5.7302
0
0
0
0
0
0
0
0
0
0
0
0
0
0
0
0
0
-0.79532
-0.8226
-0.81353
-0.81351
-0.80998
-0.80981
-0.79364
-0.81456
-0.8087
-0.81346
-0.79363
-0.77848
-0.77667
-0.77668
-0.7779
-0.76981
-0.78166
-0.78166
-0.77332
-0.80063
-0.77542
-0.78478
-0.74033
-0.81529
-0.76173
-0.8271
48.8606
-0.77758
-0.80419
-0.8017
-0.77117
-0.76465
-0.77745
-0.7774
-0.77747
-0.86651
-0.85382
-0.85379
-0.85385
-0.84399
-0.85833
-0.81081
-0.83136
-0.76182
-0.81062
-0.81939
-0.81693
-0.8053
-0.81764
-0.80579
-0.75677
-0.79899
-0.76082
-0.74108
-0.72601
-0.76388
-0.82248
0
0
0
0
0
0
0
0
0
0
0
0
0
0
0
0
0
0
0
0
0
0
0
0
0
0
0
0
0
0
0
0
0
0
0
0
0
0
0
0
-4.2188
0
0
0
0
0
0
0
0
0
0
0
0
0
0
0
0
0
0
0
0
0
0
0
0
0
-0.82726
-0.85486
-0.84455
-0.84455
-0.84232
-0.84253
-0.82603
-0.84721
-0.84191
-0.84596
-0.82602
-0.81036
-0.80879
-0.80879
-0.80953
-0.80263
-0.81295
-0.81295
-0.80515
-0.83254
-0.80931
-0.81793
-0.77434
-0.8472
-0.79563
-0.85951
-0.77758
51.9641
-0.83532
-0.83499
-0.80434
-0.82393
-0.81073
-0.81068
-0.81074
-0.90162
-0.88897
-0.88894
-0.88899
-0.87988
-0.89325
-0.84506
-0.86594
-0.79558
-0.84497
-0.85298
-0.85004
-0.83961
-0.85207
-0.84041
-0.78893
-0.83109
-0.79279
-0.77239
-0.75893
-0.7957
-0.85567
0
0
0
0
0
0
0
0
0
0
0
0
0
0
0
0
0
0
0
0
0
0
0
0
0
0
0
0
0
0
0
0
0
0
0
0
0
0
0
0
0
0
0
0
0
0
0
0
0
0
0
0
0
0
0
0
0
0
0
0
0
0
0
0
0
-5.4811
-0.85028
-0.87923
-0.86835
-0.86834
-0.86593
-0.86837
-0.85141
-0.87329
-0.86697
-0.87144
-0.8514
-0.83499
-0.83756
-0.83756
-0.83817
-0.82647
-0.8391
-0.83911
-0.83108
-0.86378
-0.83357
-0.84177
-0.80086
-0.8728
-0.82044
-0.86183
-0.80419
-0.83532
58.1761
-0.85898
-0.82875
-0.84845
-0.83516
-0.83511
-0.83517
-0.92656
-0.91383
-0.9138
-0.91385
-0.90443
-0.91931
-0.8694
-0.89145
-0.82057
-0.87042
-0.87759
-0.87478
-0.865
-0.87755
-0.86539
-0.81264
-0.85421
-0.81671
0
0
0
0
0
0
0
0
0
0
0
0
0
0
0
0
0
0
0
0
0
0
0
0
0
0
0
0
0
0
0
0
0
0
0
-4.3548
-4.0074
0
0
0
0
0
0
0
0
0
0
0
0
0
0
0
0
0
0
0
0
0
0
0
0
0
0
0
0
0
0
0
-5.2512
0
-0.85154
-0.87883
-0.86896
-0.86895
-0.86606
-0.86617
-0.84947
-0.8708
-0.86529
-0.8695
-0.84947
-0.8344
-0.83231
-0.8323
-0.83363
-0.82592
-0.83662
-0.83662
-0.82887
-0.8572
-0.83202
-0.84144
-0.79862
-0.87191
-0.81839
-0.88431
-0.8017
-0.83499
-0.85898
45.4128
-0.82523
-0.85732
-0.83781
-0.83776
-0.83783
-0.92865
-0.9162
-0.91617
-0.91622
-0.90983
-0.92179
-0.87258
-0.8943
-0.82276
-0.87322
-0.88174
-0.87973
-0.86778
-0.88039
-0.87159
-0.81662
-0.8611
-0.82018
-0.80075
0
0
0
0
0
0
0
0
0
0
0
0
0
0
0
0
0
0
0
0
0
0
0
0
0
0
0
0
0
0
0
0
0
0
0
0
0
0
0
0
0
0
0
0
0
0
0
0
0
0
0
0
0
0
0
0
0
0
0
0
0
0
0
0
0
0
0
0
0
-0.82162
-0.84862
-0.83883
-0.83883
-0.83587
-0.8359
-0.81941
-0.84049
-0.83514
-0.83923
-0.8194
-0.80447
-0.80236
-0.80236
-0.80358
-0.79572
-0.80646
-0.80646
-0.79871
-0.82688
-0.8015
-0.811
-0.76794
-0.84148
-0.78796
-0.8537
-0.77117
-0.80434
-0.82875
-0.82523
43.0271
-0.82477
-0.81024
-0.81018
-0.81025
-0.89501
-0.88277
-0.88274
-0.88279
-0.87206
-0.88635
-0.83954
-0.86242
-0.79156
-0.84159
-0.84817
-0.84612
-0.83619
-0.8487
-0.83881
-0.78559
-0.82869
-0.78917
0
0
0
0
0
0
0
0
0
0
0
0
0
0
0
0
0
0
0
0
0
0
0
0
0
0
0
0
0
0
0
0
0
0
0
0
0
0
0
0
0
0
0
0
0
0
0
0
0
0
0
0
0
0
0
0
0
0
0
0
0
0
0
0
0
0
0
0
0
0
-0.84353
-0.87045
-0.86132
-0.86132
-0.85777
-0.8564
-0.84124
-0.86264
-0.85644
-0.86152
-0.84123
-0.82573
-0.82378
-0.82377
-0.82503
-0.81665
-0.8289
-0.8289
-0.8202
-0.84791
-0.8226
-0.83166
-0.78649
-0.8628
-0.80828
-0.87481
-0.76465
-0.82393
-0.84845
-0.85732
-0.82477
44.8972
-0.82939
-0.82933
-0.82939
-0.91428
-0.90713
-0.9071
-0.90714
-0.89162
-0.90432
-0.86131
-0.88349
-0.8126
-0.86258
0
0
-0.85719
-0.86969
0
0
0
0
0
0
0
0
0
0
0
0
0
0
0
0
0
0
0
0
0
0
0
0
0
0
0
-1.6576
0
0
0
0
0
0
0
0
0
0
0
0
0
0
0
0
0
0
0
0
-4.2125
0
0
0
0
0
0
0
0
0
0
0
0
0
0
0
0
0
0
0
0
0
0
0
0
0
-0.82757
-0.85448
-0.84478
-0.84476
-0.84189
-0.84197
-0.82547
-0.84661
-0.84087
-0.84524
-0.82545
-0.81064
-0.80842
-0.80842
-0.80982
-0.80201
-0.81266
-0.81266
-0.80495
-0.83305
-0.80798
-0.81738
-0.77424
-0.84764
-0.7945
-0.85992
-0.77745
-0.81073
-0.83516
-0.83781
-0.81024
-0.82939
40.0855
-0.78095
-0.78105
-0.90269
-0.89423
-0.89421
-0.89426
-0.89546
-0.89659
-0.85002
-0.87367
-0.80177
-0.85275
-0.8582
-0.8583
-0.84729
-0.8599
0
0
0
0
0
0
0
0
0
0
0
0
0
0
0
0
0
0
0
0
0
0
0
0
0
0
0
0
0
0
0
0
0
0
0
0
0
0
0
0
0
0
0
0
0
0
0
0
0
0
0
0
0
0
0
0
0
0
0
0
0
0
0
0
0
0
0
0
0
0
0
0
0
0
-0.82753
-0.85443
-0.84472
-0.84472
-0.84184
-0.84192
-0.82542
-0.84656
-0.84082
-0.8452
-0.82541
-0.8106
-0.80837
-0.80837
-0.80978
-0.80196
-0.81261
-0.81261
-0.80491
-0.833
-0.80793
-0.81734
-0.77419
-0.84759
-0.79446
-0.85987
-0.7774
-0.81068
-0.83511
-0.83776
-0.81018
-0.82933
-0.78095
40.0832
-0.78099
-0.90264
-0.89419
-0.89415
-0.8942
-0.89541
-0.89653
-0.84997
-0.87362
-0.80172
-0.8527
-0.85815
-0.85824
-0.84724
-0.85986
0
0
0
0
0
0
0
0
0
0
0
0
0
0
0
0
0
0
0
0
0
0
0
0
0
0
0
0
0
0
0
0
0
0
0
0
0
0
0
0
0
0
0
0
0
0
0
0
0
0
0
0
0
0
0
0
0
0
0
0
0
0
0
0
0
0
0
0
0
0
0
0
0
0
-0.8276
-0.8545
-0.84479
-0.84478
-0.8419
-0.84198
-0.82547
-0.84662
-0.84088
-0.84526
-0.82547
-0.81065
-0.80844
-0.80844
-0.80984
-0.80204
-0.81267
-0.81267
-0.80496
-0.83306
-0.80799
-0.81741
-0.77425
-0.84765
-0.79452
-0.85993
-0.77747
-0.81074
-0.83517
-0.83783
-0.81025
-0.82939
-0.78105
-0.78099
40.0863
-0.90271
-0.89425
-0.89423
-0.89428
-0.89548
-0.8966
-0.85003
-0.87369
-0.80179
-0.85277
-0.85823
-0.85832
-0.84731
-0.85993
0
0
0
0
0
0
0
0
0
0
0
0
0
0
0
0
0
0
0
0
0
0
0
0
0
0
0
0
0
0
0
0
0
0
0
0
0
0
0
0
0
0
0
0
0
0
0
0
0
0
0
0
0
0
0
0
0
0
0
0
0
0
0
0
0
0
0
0
0
0
0
0
0
0
-0.92055
-0.94828
-0.93813
-0.93813
-0.93515
-0.93525
-0.91807
-0.94009
-0.93485
-0.9387
-0.91806
-0.90268
-0.90028
-0.90028
-0.90176
-0.89331
-0.90444
-0.90444
-0.89625
-0.92554
-0.89934
-0.90896
-0.86345
-0.94069
-0.88497
-0.95339
-0.86651
-0.90162
-0.92656
-0.92865
-0.89501
-0.91428
-0.90269
-0.90264
-0.90271
35.9424
-1.0047
-1.0047
-1.0047
0
-0.94254
0
0
0
0
0
0
0
0
0
0
0
0
0
0
0
0
0
0
0
0
0
0
0
0
0
0
0
0
0
0
0
0
0
0
0
0
0
0
0
0
0
0
0
0
0
0
0
0
0
0
0
0
0
0
0
0
0
0
0
0
0
0
0
0
0
0
0
0
0
0
0
0
0
0
0
0
0
0
0
0
0
0
-0.90767
-0.93528
-0.92519
-0.92519
-0.92221
-0.92231
-0.90521
-0.92726
-0.92184
-0.92572
-0.9052
-0.88991
-0.88752
-0.88752
-0.88899
-0.88062
-0.89168
-0.89167
-0.88356
-0.91269
-0.88664
-0.89624
-0.85093
-0.92779
-0.87252
-0.94045
-0.85382
-0.88897
-0.91383
-0.9162
-0.88277
-0.90713
-0.89423
-0.89419
-0.89425
-1.0047
34.5021
-0.97002
-0.97013
0
0
0
0
0
0
0
0
0
0
0
0
0
0
0
0
0
0
0
0
0
0
0
0
0
0
0
0
0
0
0
0
0
0
0
0
0
0
0
0
0
0
0
0
0
0
0
0
0
0
0
0
0
0
0
0
0
0
0
0
0
0
0
0
0
0
0
0
0
0
0
0
0
0
0
0
0
0
0
0
0
0
0
0
-0.90765
-0.93527
-0.92517
-0.92516
-0.92219
-0.92228
-0.90519
-0.92723
-0.92182
-0.92569
-0.90518
-0.88988
-0.88749
-0.8875
-0.88896
-0.88059
-0.89165
-0.89165
-0.88353
-0.91267
-0.88661
-0.89622
-0.85091
-0.92777
-0.87249
-0.94044
-0.85379
-0.88894
-0.9138
-0.91617
-0.88274
-0.9071
-0.89421
-0.89415
-0.89423
-1.0047
-0.97002
34.5011
-0.97008
0
0
0
0
0
0
0
0
0
0
0
0
0
0
0
0
0
0
0
0
0
0
0
0
0
0
0
0
0
0
0
0
0
0
0
0
0
0
0
0
0
0
0
0
0
0
0
0
0
0
0
0
0
0
0
0
0
0
0
0
0
0
0
0
0
0
0
0
0
0
0
0
0
0
0
0
0
0
0
0
0
0
0
0
-0.9077
-0.9353
-0.92522
-0.92521
-0.92224
-0.92232
-0.90523
-0.92728
-0.92187
-0.92574
-0.90522
-0.88993
-0.88754
-0.88754
-0.88901
-0.88064
-0.89169
-0.89169
-0.88358
-0.91271
-0.88666
-0.89626
-0.85096
-0.92781
-0.87254
-0.94048
-0.85385
-0.88899
-0.91385
-0.91622
-0.88279
-0.90714
-0.89426
-0.8942
-0.89428
-1.0047
-0.97013
-0.97008
34.5029
0
0
0
0
0
0
0
0
0
0
0
0
0
0
0
0
0
0
0
0
0
0
0
0
0
0
0
0
0
0
0
0
0
0
0
0
0
0
0
0
0
0
0
0
0
0
0
0
0
0
0
0
0
0
0
0
0
0
0
0
0
0
0
0
0
0
0
0
0
0
0
0
0
0
0
0
0
0
0
0
0
0
0
0
-0.8993
-0.92826
-0.91813
-0.91811
-0.91481
-0.91533
-0.89842
-0.91965
-0.89536
-0.91881
-0.89841
-0.88178
-0.8805
-0.88049
-0.87965
-0.87318
-0.88422
-0.88422
-0.87636
-0.90461
-0.87933
-0.88856
-0.84214
-0.9194
-0.86411
-0.93174
-0.84399
-0.87988
-0.90443
-0.90983
-0.87206
-0.89162
-0.89546
-0.89541
-0.89548
0
0
0
0
39.8622
0
0
0
0
0
0
0
0
0
0
0
0
0
0
0
0
0
0
0
0
0
0
0
0
0
0
0
0
0
0
0
0
0
0
0
0
0
0
0
0
0
0
0
0
0
0
0
0
0
0
0
0
0
0
0
-3.7579
0
0
0
0
-4.8213
0
0
0
0
0
0
0
0
0
0
0
0
0
0
0
0
0
0
0
0
0
0
-0.91218
-0.94053
-0.93
-0.93
-0.92763
-0.92795
-0.91096
-0.9326
-0.92765
-0.93159
-0.91094
-0.89469
-0.89313
-0.89312
-0.89371
-0.88591
-0.89715
-0.89715
-0.88896
-0.91739
-0.89199
-0.90084
-0.85531
-0.93246
-0.87702
-0.94525
-0.85833
-0.89325
-0.91931
-0.92179
-0.88635
-0.90432
-0.89659
-0.89653
-0.8966
-0.94254
0
0
0
0
37.7461
0
0
0
0
0
0
0
0
0
0
0
0
0
0
0
0
0
0
0
0
0
0
0
0
0
0
0
0
0
0
0
0
0
0
0
0
0
0
0
0
0
0
0
0
0
0
0
0
0
0
0
0
0
0
0
0
0
0
0
0
0
0
0
0
0
0
0
0
0
0
0
0
0
0
0
0
0
0
0
-5.0844
0
0
-0.8636
-0.89082
-0.88091
-0.8809
-0.87791
-0.87803
-0.86124
-0.88032
-0.87729
-0.88151
-0.86122
-0.8463
-0.84376
-0.84376
-0.84019
-0.83692
-0.84801
-0.848
-0.84012
-0.8685
-0.84293
-0.85243
-0.80789
-0.88346
-0.829
-0.89572
-0.81081
-0.84506
-0.8694
-0.87258
-0.83954
-0.86131
-0.85002
-0.84997
-0.85003
0
0
0
0
0
0
31.8673
0
0
0
0
0
0
0
0
0
0
0
0
0
0
0
0
0
0
0
0
0
0
0
0
0
0
0
0
0
0
0
-1.8579
0
0
0
0
0
0
0
0
0
0
0
0
0
0
0
0
0
0
0
0
0
0
0
0
0
0
0
0
0
0
0
0
0
0
0
0
0
0
0
0
0
0
0
0
0
0
0
0
0
-0.88362
-0.91099
-0.90103
-0.90102
-0.89808
-0.89818
-0.8813
-0.9029
-0.89766
-0.90152
-0.88129
-0.86625
-0.86383
-0.86382
-0.86542
-0.8572
-0.86811
-0.86811
-0.8602
-0.88892
-0.86326
-0.87275
-0.82818
-0.90393
-0.84929
-0.91655
-0.83136
-0.86594
-0.89145
-0.8943
-0.86242
-0.88349
-0.87367
-0.87362
-0.87369
0
0
0
0
0
0
0
30.7433
0
0
0
0
0
0
0
0
0
0
0
0
0
0
0
0
0
0
0
0
0
0
0
0
0
0
0
0
0
0
0
0
0
0
0
0
0
0
0
0
0
0
0
0
0
0
0
0
0
0
0
0
0
0
0
0
0
0
0
0
0
0
0
0
0
0
0
0
0
0
0
0
0
0
0
0
0
0
0
0
-0.81325
-0.84002
-0.83026
-0.83025
-0.82732
-0.82736
-0.81085
-0.83204
-0.82691
-0.83066
-0.81084
-0.79612
-0.79376
-0.79376
-0.79533
-0.78719
-0.79789
-0.79789
-0.79011
-0.81826
-0.79302
-0.80233
-0.75878
-0.83293
-0.77939
-0.84524
-0.76182
-0.79558
-0.82057
-0.82276
-0.79156
-0.8126
-0.80177
-0.80172
-0.80179
0
0
0
0
0
0
0
0
28.2719
0
0
0
0
0
0
0
0
0
0
0
0
0
0
0
0
0
0
0
0
0
0
0
0
0
0
0
0
0
0
0
0
0
0
0
0
0
0
0
0
0
0
0
0
0
0
0
0
0
0
0
0
0
0
0
0
0
0
0
0
0
0
0
0
0
0
0
0
0
0
0
0
0
0
0
0
0
0
0
-0.86257
-0.88979
-0.87988
-0.87987
-0.87693
-0.87702
-0.86024
-0.88173
-0.87652
-0.88035
-0.86023
-0.8453
-0.84289
-0.84288
-0.84448
-0.8363
-0.84713
-0.84713
-0.83927
-0.86782
-0.8423
-0.85173
-0.80747
-0.88275
-0.82842
-0.89528
-0.81062
-0.84497
-0.87042
-0.87322
-0.84159
-0.86258
-0.85275
-0.8527
-0.85277
0
0
0
0
0
0
0
0
0
30.0079
0
0
0
0
0
0
0
0
0
0
0
0
0
0
0
0
0
0
0
0
0
0
0
0
0
0
0
0
0
0
0
0
0
0
0
0
0
0
0
0
0
0
0
0
0
0
0
0
0
0
0
0
0
0
0
0
0
0
0
0
0
0
0
0
0
0
0
0
0
0
0
0
0
0
0
0
0
0
-0.87128
-0.89737
-0.88939
-0.88937
-0.8863
-0.88655
-0.86974
-0.89139
-0.88596
-0.89006
-0.86973
-0.85193
-0.85218
-0.85218
-0.85341
-0.84536
-0.85649
-0.85649
-0.84865
-0.87668
-0.85165
-0.86081
-0.81623
-0.89145
-0.83704
-0.90376
-0.81939
-0.85298
-0.87759
-0.88174
-0.84817
0
-0.8582
-0.85815
-0.85823
0
0
0
0
0
0
0
0
0
0
32.6007
0
0
0
0
0
0
0
0
0
0
0
0
0
0
0
0
0
0
0
0
0
0
0
0
0
0
0
0
0
0
0
0
0
0
0
0
0
0
-3.1648
0
0
0
0
0
0
0
0
0
0
0
0
0
0
0
0
0
0
0
0
0
0
0
0
0
0
0
0
0
0
0
0
0
0
0
0
0
0
-0.86661
-0.89537
-0.88613
-0.88612
-0.88363
-0.88446
-0.86746
-0.88893
-0.88414
-0.88726
-0.86745
-0.85093
-0.84995
-0.84995
-0.8506
-0.84267
-0.85335
-0.85335
-0.84492
-0.87354
-0.84892
-0.86615
-0.8132
-0.88781
-0.834
-0.89978
-0.81693
-0.85004
-0.87478
-0.87973
-0.84612
0
-0.8583
-0.85824
-0.85832
0
0
0
0
0
0
0
0
0
0
0
33.9892
0
0
0
0
0
0
0
0
0
0
0
0
0
0
0
0
0
0
0
0
0
0
0
0
0
0
0
0
0
0
0
0
0
0
0
0
0
0
0
0
0
0
0
0
0
0
0
0
0
-4.6301
0
0
0
0
0
0
0
0
0
0
0
0
0
0
0
0
0
0
0
0
0
0
0
0
0
0
-0.8572
-0.88437
-0.87447
-0.87447
-0.87153
-0.87162
-0.85487
-0.87633
-0.87111
-0.87494
-0.85486
-0.83994
-0.83755
-0.83754
-0.83913
-0.83096
-0.84178
-0.84177
-0.83393
-0.86243
-0.83694
-0.84636
-0.80217
-0.87734
-0.82309
-0.88985
-0.8053
-0.83961
-0.865
-0.86778
-0.83619
-0.85719
-0.84729
-0.84724
-0.84731
0
0
0
0
0
0
0
0
0
0
0
0
29.8194
0
0
0
0
0
0
0
0
0
0
0
0
0
0
0
0
0
0
0
0
0
0
0
0
0
0
0
0
0
0
0
0
0
0
0
0
0
0
0
0
0
0
0
0
0
0
0
0
0
0
0
0
0
0
0
0
0
0
0
0
0
0
0
0
0
0
0
0
0
0
0
0
0
0
0
-0.86968
-0.89694
-0.88702
-0.88701
-0.88407
-0.88417
-0.86736
-0.88888
-0.88365
-0.88749
-0.86735
-0.85238
-0.84996
-0.84996
-0.85156
-0.84337
-0.85421
-0.85422
-0.84636
-0.87495
-0.84938
-0.85884
-0.81448
-0.88991
-0.83549
-0.90247
-0.81764
-0.85207
-0.87755
-0.88039
-0.8487
-0.86969
-0.8599
-0.85986
-0.85993
0
0
0
0
0
0
0
0
0
0
0
0
0
30.2569
0
0
0
0
0
0
0
0
0
0
0
0
0
0
0
0
0
0
0
0
0
0
0
0
0
0
0
0
0
0
0
0
0
0
0
0
0
0
0
0
0
0
0
0
0
0
0
0
0
0
0
0
0
0
0
0
0
0
0
0
0
0
0
0
0
0
0
0
0
0
0
0
0
0
-0.85812
-0.88948
-0.8797
-0.87969
-0.87361
-0.87379
-0.85696
-0.8753
-0.87225
-0.87665
-0.85693
-0.83905
-0.83951
-0.8395
-0.8346
-0.83225
-0.84257
-0.84257
-0.83532
-0.864
-0.83847
-0.84773
-0.80184
-0.87855
-0.81926
-0.89077
-0.80579
-0.84041
-0.86539
-0.87159
-0.83881
0
0
0
0
0
0
0
0
0
0
0
0
0
0
0
0
0
0
34.3382
0
0
0
0
0
0
0
0
0
0
0
0
0
0
0
0
0
0
0
0
0
0
0
-1.8208
0
-2.0912
0
0
0
0
0
0
0
0
0
0
0
0
0
0
0
0
0
-3.9657
0
0
0
0
0
0
0
0
0
0
0
0
0
0
0
0
0
0
0
0
0
0
0
0
0
0
0
0
0
-0.80519
-0.83156
-0.82215
-0.82215
-0.81929
-0.81962
-0.80323
-0.82429
-0.81909
-0.82274
-0.80323
-0.78806
-0.78631
-0.7863
-0.78758
-0.77977
-0.79022
-0.79022
-0.78237
-0.81144
-0.78572
-0.79626
-0.7529
-0.8258
-0.7732
-0.83789
-0.75677
-0.78893
-0.81264
-0.81662
-0.78559
0
0
0
0
0
0
0
0
0
0
0
0
0
0
0
0
0
0
0
27.144
0
0
0
0
0
0
0
0
0
0
-0.92425
0
0
0
0
0
0
0
0
0
0
0
0
0
0
0
0
0
0
0
0
0
0
0
-1.3926
0
0
0
0
0
0
0
0
0
0
0
0
0
0
0
0
0
0
0
0
0
0
0
0
0
0
0
0
0
0
0
0
0
0
0
0
0
-0.84854
-0.87672
-0.86453
-0.86452
-0.86257
-0.86377
-0.84719
-0.86864
-0.86315
-0.8671
-0.84718
-0.83138
-0.82999
-0.82999
-0.82998
-0.8232
-0.8343
-0.83431
-0.82673
-0.85346
-0.8296
-0.83826
-0.79435
-0.86862
-0.81633
-0.88125
-0.79899
-0.83109
-0.85421
-0.8611
-0.82869
0
0
0
0
0
0
0
0
0
0
0
0
0
0
0
0
0
0
0
0
33.212
0
0
0
0
0
0
0
0
0
0
0
0
0
0
0
0
0
0
0
0
0
0
0
0
0
0
0
-2.684
0
0
0
0
0
0
0
0
0
0
0
0
0
0
0
0
0
0
0
0
0
-4.3583
0
0
0
0
0
0
0
0
0
0
0
0
0
0
0
0
0
0
0
0
0
-0.8088
-0.83676
-0.82678
-0.82677
-0.82421
-0.82447
-0.80798
-0.82919
-0.82409
-0.82769
-0.80796
-0.79129
-0.79106
-0.79105
-0.79262
-0.78447
-0.79521
-0.79522
-0.78758
-0.81531
-0.79049
-0.79968
-0.75451
-0.82991
-0.7753
-0.84173
-0.76082
-0.79279
-0.81671
-0.82018
-0.78917
0
0
0
0
0
0
0
0
0
0
0
0
0
0
0
0
0
0
0
0
0
26.4043
0
0
0
0
0
0
0
0
0
0
0
0
0
0
0
0
0
-1.4445
0
0
0
0
0
0
0
0
0
0
0
0
0
0
0
0
0
0
0
0
0
0
0
0
0
0
0
0
0
0
0
0
0
0
0
0
0
0
0
0
0
0
0
0
0
0
0
0
0
0
0
0
-0.78719
-0.81397
-0.80427
-0.80426
-0.80335
-0.80397
-0.78626
-0.80861
-0.80362
-0.80729
-0.78626
-0.77237
-0.77098
-0.77098
-0.77218
-0.76449
-0.77519
-0.77519
-0.76746
-0.79473
-0.77056
-0.77901
-0.73646
-0.80897
-0.7568
-0.82155
-0.74108
-0.77239
0
-0.80075
0
0
0
0
0
0
0
0
0
0
0
0
0
0
0
0
0
0
0
0
0
0
0
27.8435
0
0
0
0
0
0
0
0
0
0
0
0
0
0
0
-1.1969
0
0
0
0
0
0
0
0
0
0
0
0
0
0
0
0
0
0
0
0
0
0
0
0
0
0
0
0
0
0
0
0
0
0
0
0
0
0
-3.8865
0
0
0
0
0
0
0
0
0
0
0
0
0
0
-0.77406
-0.805
-0.79517
-0.79516
-0.78953
-0.78986
-0.77378
-0.79408
-0.78893
-0.79269
-0.77377
-0.75838
-0.75713
-0.75713
-0.75727
-0.75043
-0.7602
-0.76019
-0.75316
-0.78115
-0.75648
-0.76467
-0.72283
-0.79495
-0.74259
-0.80713
-0.72601
-0.75893
0
0
0
0
0
0
0
0
0
0
0
0
0
0
0
0
0
0
0
0
0
0
0
0
0
0
28.7721
0
0
0
0
0
0
0
0
0
0
0
0
0
0
0
0
0
0
0
0
0
0
0
0
0
0
0
0
0
0
0
0
0
0
0
0
0
0
-3.7769
0
0
0
0
0
0
0
0
0
0
0
0
0
0
0
0
0
0
0
0
0
0
0
0
0
-3.4145
0
0
0
-0.81264
-0.83958
-0.82986
-0.82985
-0.82728
-0.82796
-0.8115
-0.83261
-0.82747
-0.83109
-0.81149
-0.7962
-0.79459
-0.79459
-0.79567
-0.78792
-0.79848
-0.79848
-0.79071
-0.81837
-0.7939
-0.8025
-0.75958
-0.8326
-0.78003
-0.84535
-0.76388
-0.7957
0
0
0
0
0
0
0
0
0
0
0
0
0
0
0
0
0
0
0
0
0
0
0
0
0
0
0
25.7832
0
0
0
0
0
0
0
0
0
0
0
0
0
0
0
0
0
0
0
0
0
0
0
0
0
0
0
0
0
0
0
0
0
0
0
0
0
0
0
0
0
0
0
0
0
0
0
0
0
0
-3.1533
0
0
0
0
0
0
0
0
0
0
0
0
0
0
0
0
-0.8732
-0.90043
-0.89046
-0.89045
-0.88753
-0.88765
-0.87066
-0.89242
-0.88723
-0.89089
-0.87065
-0.85569
-0.85333
-0.85333
-0.85506
-0.84655
-0.85741
-0.8574
-0.84945
-0.87847
-0.85256
-0.86211
-0.81778
-0.89348
-0.83883
-0.90707
-0.82248
-0.85567
0
0
0
0
0
0
0
0
0
0
0
0
0
0
0
0
0
0
0
0
0
0
0
0
0
0
0
0
24.2982
0
0
0
0
0
0
0
0
0
0
0
0
0
0
0
0
0
0
0
0
0
0
0
0
0
0
0
0
0
0
0
0
0
0
0
0
0
0
0
0
0
0
0
0
0
0
0
0
0
0
0
0
0
0
0
0
0
0
0
0
0
0
0
0
0
0
-0.86558
-0.89326
-0.88429
-0.8843
-0.88045
-0.87992
-0.86303
-0.88506
-0.8799
-0.88824
-0.86302
-0.84767
-0.84548
-0.84548
-0.84953
-0.84062
-0.85228
-0.85227
-0.81034
-0.87348
-0.84672
-0.85599
-0.8117
-0.89284
-0.83276
0
0
0
0
0
0
0
0
0
0
0
0
0
0
0
0
0
0
0
0
0
0
0
0
0
0
0
0
0
0
0
0
24.7582
0
0
0
0
0
0
0
0
0
0
0
0
0
0
0
0
0
0
0
0
0
0
0
0
0
0
0
0
0
-3.234
0
0
0
0
0
0
0
0
0
0
0
0
0
0
0
0
0
0
0
0
0
0
0
0
0
0
0
0
0
0
0
0
0
0
0
-0.85566
-0.88244
-0.87265
-0.87264
-0.86998
-0.87097
-0.85415
-0.87567
-0.87036
-0.87479
-0.85415
-0.83861
-0.83678
-0.83678
-0.83802
-0.83018
-0.84079
-0.84079
-0.83276
-0.8612
-0.83621
-0.84483
-0.80112
0
-0.82204
0
0
0
0
0
0
0
0
0
0
0
0
0
0
0
0
0
0
0
0
0
0
0
0
0
0
0
0
0
0
0
0
0
23.3307
0
0
0
0
0
0
0
0
0
0
0
0
0
0
0
0
0
0
0
0
0
0
0
0
0
0
0
0
0
0
0
0
0
0
0
0
0
0
0
0
0
0
0
0
0
0
0
0
0
0
0
-2.9172
0
0
0
0
0
0
0
0
0
0
0
0
-0.86519
-0.89173
-0.88187
-0.88187
-0.8789
-0.879
-0.86209
-0.88376
-0.87863
-0.88211
-0.86208
-0.84745
-0.84486
-0.84486
-0.84657
-0.83823
-0.84885
-0.84885
-0.84094
-0.86977
-0.84404
-0.8532
-0.80915
-0.88474
-0.8301
0
0
0
0
0
0
0
0
0
0
0
0
0
0
0
0
0
0
0
0
0
0
0
0
0
0
0
0
0
0
0
0
0
0
21.4988
0
0
0
0
0
0
0
0
0
0
0
0
0
0
0
0
0
0
0
0
0
0
0
0
0
0
0
0
0
0
0
0
0
0
0
0
0
0
0
0
0
0
0
0
0
0
0
0
0
0
0
0
0
0
0
0
0
0
0
0
0
0
0
-0.8012
-0.82935
-0.81586
-0.81586
-0.81328
-0.81448
-0.79821
-0.81334
-0.81193
-0.81917
-0.7982
-0.78309
-0.78114
-0.78114
-0.748
-0.7743
-0.78686
-0.78686
-0.77917
-0.80574
-0.78107
0
0
0
0
0
0
0
0
0
0
0
0
0
0
0
0
0
0
0
0
0
0
0
0
0
0
0
0
0
0
0
0
0
0
0
0
0
0
0
22.1393
0
0
0
0
0
0
0
0
0
0
0
0
0
0
0
0
0
0
-2.4016
-2.9994
0
0
0
0
0
0
0
0
0
0
0
0
0
0
0
0
0
0
0
0
0
0
0
0
0
0
0
0
0
0
0
0
0
0
0
0
0
0
0
0
0
0
-0.99608
-1.0234
-1.0134
-1.0133
-1.0102
-1.0106
-0.99295
-1.0156
-1.0102
-1.0148
-0.99294
-0.97771
-0.97494
-0.97494
-0.97677
-0.968
-0.97911
-0.97911
-0.97069
0
-0.9742
0
0
0
0
0
0
0
0
0
0
0
0
0
0
0
0
0
0
0
0
0
0
0
0
0
0
0
0
0
-0.92425
0
0
0
0
0
0
0
0
0
0
20.7931
0
0
0
0
0
0
0
0
0
0
0
0
0
0
0
0
0
0
0
0
0
0
0
0
0
0
0
0
0
0
0
0
0
0
0
0
0
0
0
0
0
0
0
0
0
0
0
0
0
0
0
0
0
0
0
0
0
0
0
0
0
-1.03
-1.0707
-1.0619
-1.0619
-1.0607
-1.0631
-1.0449
-1.068
-1.0626
-1.067
-1.0449
-1.0251
-1.0264
-1.0264
-1.0277
-1.0182
0
0
0
0
0
0
0
0
0
0
0
0
0
0
0
0
0
0
0
0
0
0
0
0
0
0
0
0
0
0
0
0
0
0
0
0
0
0
0
0
0
0
0
0
0
0
19.0495
0
0
0
0
0
0
0
0
0
0
0
-2.2897
0
0
0
0
0
0
0
0
0
0
0
0
0
0
0
0
0
0
0
0
0
0
0
0
0
0
0
0
0
0
0
0
0
0
0
0
0
0
0
0
0
0
0
0
0
0
0
0
-0.98148
-1.0068
-0.99887
-0.99887
-0.99551
-0.99649
-0.97864
-1.0011
-0.99565
-1.0005
-0.97863
-0.95661
-0.96058
-0.96058
-0.96207
-0.95349
0
0
0
0
0
0
0
0
0
0
0
0
0
0
0
0
0
0
0
0
0
0
0
0
0
0
0
0
0
0
0
0
0
0
0
0
0
0
0
0
0
0
0
0
0
0
0
17.5896
0
0
0
0
0
0
0
0
-1.8638
0
0
0
0
0
0
0
0
0
0
0
0
0
0
0
0
0
0
0
0
0
0
0
0
0
0
0
0
0
0
0
0
0
0
0
0
0
0
0
0
0
0
0
0
0
0
0
0
0
0
-1.0287
-1.0566
-1.0477
-1.0477
-1.0436
-1.0436
-1.0257
-1.0506
-1.0441
-1.0564
-1.0257
-1.0095
-1.0072
-1.0072
0
0
0
0
0
0
0
0
0
0
0
0
0
0
0
0
0
0
0
0
0
0
0
0
0
0
0
0
0
0
0
0
0
0
0
0
0
0
0
0
0
0
0
0
0
0
0
0
0
0
18.6861
0
0
0
0
0
0
0
0
0
0
0
0
0
-1.2279
0
0
0
0
0
0
0
0
-2.9639
0
0
0
0
0
0
0
0
0
0
0
0
0
0
0
0
0
0
0
0
0
0
0
0
0
0
0
0
0
0
0
0
0
0
0
-0.90832
-0.9338
-0.92389
-0.92388
-0.92165
-0.92339
-0.9068
-0.92861
-0.92351
-0.92778
-0.90678
0
-0.88935
-0.88935
0
0
0
0
0
0
0
0
0
0
0
0
0
0
0
0
0
0
0
0
0
0
0
0
0
0
0
0
0
0
0
0
0
0
0
0
0
0
0
0
0
0
0
0
0
0
0
0
0
0
0
17.6508
0
0
0
0
0
0
0
0
0
0
0
0
0
0
0
0
-2.8584
0
0
0
0
0
0
0
0
0
0
0
0
0
0
0
0
0
0
0
0
0
-2.8853
0
0
0
0
0
0
0
0
0
0
0
0
0
0
0
0
0
0
-1.0432
-1.0731
-1.0604
-1.0604
-1.0568
-1.0616
-1.0439
-1.0671
-1.0626
-1.0665
-1.0439
0
-1.0254
-1.0254
0
0
0
0
0
0
0
0
0
0
0
0
0
0
0
0
0
0
0
0
0
0
0
0
0
0
0
0
0
0
0
0
0
0
0
0
0
0
0
0
0
0
0
0
0
0
0
0
0
0
0
0
16.8905
0
0
0
0
0
0
0
0
0
0
0
0
0
0
0
0
0
0
0
0
0
0
-3.2001
0
0
0
0
0
0
0
0
0
0
0
0
0
0
0
0
0
0
0
0
0
0
0
0
0
0
0
0
0
0
0
0
0
-1.0545
-1.0813
-1.0711
-1.0711
-1.068
-1.0682
-1.0503
-1.074
-1.0687
-1.0732
-1.0503
-1.0354
-1.0319
-1.0319
0
0
0
0
0
0
0
0
0
0
0
0
0
0
0
0
0
0
0
0
0
0
0
0
0
0
0
0
0
0
0
0
0
0
0
0
0
0
0
0
0
0
0
0
0
0
0
0
0
0
0
0
0
14.8298
0
0
0
0
0
0
0
0
0
0
0
0
0
0
0
0
0
0
0
0
0
0
0
0
0
0
0
0
0
0
0
0
0
0
0
0
0
0
0
0
0
0
0
0
0
0
0
0
0
0
0
0
0
0
0
-1.0375
-1.0639
-1.0536
-1.0536
-1.0505
-1.0501
-1.0325
-1.0562
-1.0512
-1.0558
-1.0325
0
-1.0143
-1.0143
0
0
0
0
0
0
0
0
0
0
0
0
0
0
0
0
0
0
0
0
0
0
0
0
0
0
0
0
0
0
0
0
0
0
0
0
0
0
0
0
0
0
0
0
0
0
0
0
0
0
0
0
0
0
13.5659
0
0
0
0
0
0
0
0
0
0
0
0
0
0
0
0
0
0
0
0
0
0
0
0
0
0
0
0
0
0
0
0
0
0
0
0
0
0
0
0
0
0
0
0
0
0
0
0
0
0
0
0
0
0
-1.3046
-1.3316
-1.3211
-1.3211
0
0
-1.3028
0
0
0
-1.3028
0
0
0
0
0
0
0
0
0
0
0
0
0
0
0
0
0
0
0
0
0
0
0
0
0
0
0
0
0
0
0
0
0
0
0
0
0
0
0
0
0
0
-1.1969
0
0
0
0
0
0
0
0
0
0
0
0
0
0
0
12.0208
0
0
0
0
0
0
0
0
0
0
0
0
0
0
0
0
0
0
0
0
0
0
0
0
0
0
0
0
0
-2.9401
0
0
0
0
0
0
0
0
0
0
0
0
0
0
0
0
0
0
0
0
0
0
0
0
0
0
0
0
0
0
0
0
0
0
-1.5019
0
0
0
0
0
0
0
0
0
0
-1.4648
0
0
0
0
0
0
0
0
0
0
0
0
0
0
0
0
0
0
0
0
0
0
0
0
0
0
0
0
0
-1.4445
0
0
0
0
0
0
0
0
0
0
0
0
0
0
0
0
0
12.4761
-1.5901
0
0
-2.2898
-1.7189
0
0
0
0
0
0
0
-2.466
0
0
0
0
0
0
0
0
0
0
0
0
0
0
0
0
0
0
0
0
0
0
0
0
0
0
0
0
0
0
0
0
0
0
0
0
0
0
0
-1.045
0
0
0
0
0
0
0
0
0
0
-1.0286
0
0
0
0
0
0
0
0
0
0
0
0
0
0
0
0
0
0
0
0
0
0
0
0
0
0
0
0
0
0
0
0
0
0
0
0
0
0
0
0
0
0
0
0
0
0
0
0
0
0
0
0
0
0
0
0
0
0
-1.5901
13.1891
0
0
0
0
0
0
-2.4767
0
0
0
0
0
0
0
0
0
0
0
0
0
0
0
0
0
0
0
0
0
0
0
0
0
0
0
0
0
0
-3.5244
0
0
0
0
0
0
0
-3.5244
0
0
0
0
0
0
0
0
0
0
0
0
0
0
0
0
-1.8827
0
0
0
0
0
0
0
0
0
0
0
0
0
0
0
0
0
0
0
0
0
0
0
0
0
0
0
0
0
0
0
0
0
0
0
0
0
0
0
0
0
0
0
0
0
0
0
0
0
0
0
-1.8638
0
0
0
0
0
0
0
0
11.7723
0
0
-2.2931
0
0
0
0
0
0
0
0
-2.8725
-2.2644
0
0
0
0
0
0
0
0
0
0
0
0
0
0
0
0
0
0
0
0
0
0
0
0
0
0
0
0
0
-0.59566
0
0
0
0
0
0
0
0
0
0
0
0
0
0
-1.9063
0
0
0
0
0
0
0
0
0
0
0
0
0
0
0
0
0
0
0
0
0
0
0
0
0
0
0
0
0
0
0
0
0
-1.8579
0
0
0
0
0
0
0
-1.8208
0
0
0
0
0
0
0
0
0
0
0
0
0
0
0
0
0
0
0
0
0
0
0
11.0532
0
0
0
0
0
0
-2.4303
0
0
0
0
0
0
0
0
0
0
0
0
0
-3.0379
0
0
0
0
0
0
0
0
0
0
0
0
0
0
0
0
0
0
0
0
0
0
0
0
0
0
0
0
0
0
0
0
0
0
0
0
0
0
0
0
0
0
0
0
0
0
0
0
0
0
0
0
0
0
0
0
0
0
0
0
0
0
0
0
0
0
0
0
0
0
0
0
0
0
0
0
0
0
0
0
0
0
0
0
0
0
0
0
0
0
-2.2897
0
0
0
0
0
0
0
-2.2898
0
0
0
12.7126
0
0
0
0
-2.6536
0
-2.7335
0
0
0
0
-2.746
0
0
0
0
0
0
0
0
0
0
0
0
0
0
0
0
0
0
0
0
0
0
0
0
0
0
0
0
0
0
0
0
0
0
0
0
0
0
0
0
0
0
0
0
0
0
0
0
0
0
0
0
0
0
0
0
0
0
0
0
-2.1211
0
0
0
0
0
0
0
0
0
0
0
0
0
0
0
0
0
0
0
0
0
0
0
0
-2.0912
0
0
0
0
0
0
0
0
0
0
0
0
0
0
0
0
0
0
0
0
-1.7189
0
-2.2931
0
0
11.0714
0
0
0
0
0
0
0
-2.847
0
0
0
0
0
0
0
0
0
0
0
0
0
0
0
0
0
0
0
0
0
0
0
0
0
0
0
0
0
0
0
0
0
0
0
0
0
0
0
0
0
0
0
0
-1.6995
0
0
0
0
0
0
0
0
0
0
0
0
0
0
0
0
0
0
0
0
0
0
0
0
0
-1.6576
0
0
0
0
0
0
0
0
0
0
0
0
0
0
0
0
0
0
0
0
0
0
0
0
0
0
0
0
0
0
0
0
0
0
0
0
0
0
0
0
0
0
0
0
12.9743
0
0
0
0
0
0
-3.0174
0
0
0
0
0
0
0
-2.8945
0
0
0
0
0
0
0
0
0
0
0
0
0
0
0
0
0
0
0
-3.7052
0
0
0
0
0
0
0
0
0
0
0
0
0
0
0
0
0
0
0
0
0
0
0
0
0
0
0
0
0
0
0
0
0
0
0
0
0
0
0
0
0
0
0
0
0
0
0
0
0
0
0
0
0
0
0
0
0
0
0
0
0
0
0
0
0
0
0
0
0
0
0
0
0
0
0
0
0
0
0
0
0
0
0
0
0
0
0
0
13.884
0
-3.0644
0
0
-3.5398
0
-3.3027
0
0
0
0
0
0
0
0
0
0
0
-3.9771
0
0
0
0
0
0
0
0
0
0
0
0
0
0
0
0
0
0
0
0
0
0
0
0
0
0
0
0
0
0
0
0
0
0
0
0
0
0
0
0
0
0
0
0
0
0
0
0
0
0
0
0
0
0
0
0
0
0
0
0
0
0
0
0
0
0
0
0
0
0
0
0
0
0
0
0
0
0
0
0
0
0
0
0
0
0
0
0
0
0
-1.2279
0
0
0
0
0
0
-2.4767
0
0
0
0
0
0
10.4953
0
0
0
0
0
0
0
0
0
0
0
0
0
0
0
-3.2011
0
0
0
0
0
0
0
0
0
0
0
0
0
0
0
0
0
0
0
0
0
0
0
-3.5896
0
0
0
0
0
0
0
0
0
0
0
0
0
0
0
0
0
0
0
0
0
0
0
0
0
0
0
0
0
0
0
0
0
0
0
0
0
0
0
0
0
0
0
0
0
0
0
0
0
0
0
0
0
0
0
-2.684
0
0
0
0
0
0
0
0
-2.4016
0
0
0
0
0
0
0
0
0
0
0
0
0
-2.6536
0
0
-3.0644
0
10.8037
0
0
0
0
0
0
0
0
0
0
0
0
0
0
0
0
0
0
0
0
0
0
0
0
0
0
0
0
0
0
0
0
0
0
0
0
0
0
0
0
0
0
0
0
0
0
0
0
0
0
0
0
0
0
0
0
0
-3.6177
0
0
0
0
0
0
0
0
0
0
0
0
0
0
0
0
0
0
0
0
0
0
0
0
0
0
0
0
0
0
0
0
0
0
0
0
0
0
0
0
0
0
0
0
0
-2.9994
0
0
0
0
0
0
0
0
0
0
0
0
-2.4303
0
0
0
0
0
0
9.0474
0
0
0
0
0
0
0
0
0
0
0
0
0
0
0
0
0
0
0
0
0
0
0
0
0
0
0
0
0
0
0
0
0
0
0
0
0
0
0
0
0
0
-3.2734
-3.323
0
0
0
0
0
0
0
0
0
0
0
0
0
0
0
0
0
0
0
0
0
0
0
0
0
0
0
0
0
0
0
0
0
0
0
0
0
0
0
0
0
0
0
0
0
0
0
0
0
0
0
0
0
0
0
0
0
0
0
0
0
0
0
0
0
0
0
0
0
0
0
0
-2.7335
0
0
0
0
0
0
9.3299
0
0
0
0
0
0
0
0
0
0
0
0
0
0
0
0
0
0
0
0
0
0
0
0
0
0
0
0
0
0
0
0
0
0
0
0
0
0
0
0
0
0
0
0
0
0
0
0
0
0
0
0
0
0
0
0
0
0
0
0
0
0
-3.7986
0
0
0
0
0
0
0
0
0
0
0
0
0
0
0
0
0
0
0
0
0
0
0
0
0
0
0
0
0
0
0
0
0
0
0
0
0
0
0
0
0
0
0
-2.8584
0
0
0
0
0
0
0
0
0
0
0
-3.5398
0
0
0
0
10.1968
0
0
0
0
0
0
0
0
0
0
0
0
0
0
0
0
0
0
0
0
0
0
0
0
0
0
0
0
0
0
0
0
0
0
0
0
0
0
0
0
0
0
0
0
0
0
0
0
0
0
0
0
0
0
0
0
0
0
0
0
0
0
0
0
0
0
0
0
0
0
0
0
0
0
0
0
0
0
0
0
0
0
0
0
0
0
0
0
0
0
0
0
0
0
0
0
0
0
0
0
0
0
0
0
0
0
0
0
0
0
-2.466
0
0
0
0
-2.847
-3.0174
0
0
0
0
0
0
8.3304
0
0
0
0
0
0
0
0
0
0
0
0
0
0
0
0
0
0
0
0
0
0
0
0
0
0
0
0
0
0
0
0
0
0
0
0
0
0
0
0
0
0
0
0
0
0
0
0
0
0
0
0
0
0
0
0
0
0
0
0
0
0
0
0
0
0
0
0
0
0
0
0
0
0
0
0
0
0
0
0
0
0
0
0
-3.1648
0
0
0
0
0
0
0
0
0
0
0
0
0
0
0
0
0
0
0
0
0
0
0
0
0
0
-2.8725
0
0
0
0
-3.3027
0
0
0
0
0
0
9.34
0
0
0
0
0
0
0
0
0
0
0
0
0
0
0
0
0
0
0
0
0
0
0
0
0
0
0
0
0
0
0
0
0
0
0
0
0
0
0
0
0
0
0
0
0
0
0
0
0
0
0
0
0
0
0
0
0
0
0
0
0
0
0
0
0
0
0
0
0
0
0
0
0
0
0
0
0
0
0
0
0
0
0
0
0
0
0
0
-1.3926
0
0
0
0
0
0
0
0
0
0
0
0
0
0
0
0
0
0
0
0
0
-2.2644
0
0
0
0
0
0
0
0
0
0
0
0
8.0154
0
0
0
0
0
0
0
0
0
0
0
0
0
0
0
0
0
0
0
0
0
0
0
0
0
0
-4.3583
0
0
0
0
0
0
0
0
0
0
-3.3089
0
0
0
0
0
0
0
0
0
0
0
0
0
0
0
0
0
0
0
0
0
0
0
0
-3.3119
0
0
0
0
0
0
0
0
0
0
0
0
0
0
0
0
0
0
0
0
0
0
0
0
0
0
0
0
0
0
0
0
0
0
0
0
0
0
0
0
0
0
0
0
0
0
0
0
-2.746
0
0
0
0
0
0
0
0
0
0
0
9.3669
0
0
0
0
0
0
0
0
0
0
0
0
0
0
0
0
0
0
0
0
0
0
0
0
0
0
0
0
0
0
0
0
0
0
0
0
0
0
0
0
0
0
0
0
0
0
0
0
0
0
0
0
0
0
-3.6506
0
0
0
0
0
0
0
0
0
0
0
0
0
0
0
0
0
0
0
0
0
0
0
0
0
0
0
0
0
0
0
0
0
0
0
0
0
0
-3.234
0
0
0
0
0
0
-2.9639
0
0
0
0
0
0
0
0
0
0
0
0
0
0
0
0
0
0
0
0
0
0
9.8485
0
0
0
0
0
0
0
0
0
0
0
0
0
0
0
0
0
0
0
0
0
0
0
0
0
0
0
0
0
0
0
0
0
0
0
0
0
0
0
0
0
0
0
0
0
0
0
0
0
0
0
0
0
0
0
0
0
0
0
0
-4.4154
0
0
-4.3548
0
0
0
0
0
0
0
0
0
0
0
0
0
0
0
0
0
0
0
0
0
0
0
0
0
0
0
0
0
0
0
0
0
0
0
0
0
0
0
0
0
0
0
0
0
0
0
0
0
0
0
0
0
0
0
0
0
0
0
8.7702
0
0
0
0
0
0
0
0
0
0
0
0
0
0
0
0
0
0
0
0
0
0
0
0
0
0
0
0
0
0
0
0
0
0
0
0
0
0
0
0
0
0
0
0
0
0
0
0
0
0
0
0
0
0
0
0
0
0
0
0
0
0
-4.0074
0
0
0
0
0
0
0
0
0
0
0
0
0
0
0
0
0
0
0
0
0
0
0
0
0
0
0
0
0
0
0
0
0
0
0
0
0
-3.2001
0
0
0
0
0
0
0
0
0
0
0
0
0
0
0
0
0
0
0
0
0
0
7.2075
0
0
0
0
0
0
0
0
0
0
0
0
0
0
0
0
0
0
0
0
0
0
0
0
0
0
0
0
0
0
0
0
0
0
0
0
0
0
0
0
0
0
-4.506
0
0
0
0
0
0
0
0
0
0
0
0
0
-4.4781
0
0
0
0
0
0
0
0
0
0
0
0
0
0
0
0
0
0
0
0
0
0
0
0
0
0
0
0
0
0
0
0
0
0
0
0
0
0
0
0
0
0
0
0
0
0
0
0
0
0
0
0
0
0
0
0
0
0
0
0
0
0
0
0
0
0
8.9841
0
0
0
0
0
0
0
0
0
0
0
0
0
0
0
0
0
0
0
0
0
0
0
0
0
0
0
0
0
0
0
0
0
0
0
0
0
0
0
0
0
0
0
0
0
0
0
0
0
0
0
0
0
0
0
0
0
0
0
0
0
0
0
0
0
0
0
0
0
0
0
0
0
0
0
0
0
0
0
0
0
0
0
0
0
0
0
0
0
0
0
0
0
0
0
0
0
0
0
0
0
0
0
0
0
0
0
0
-2.8945
0
0
0
0
0
0
0
0
0
0
0
0
0
0
7.1794
0
0
0
0
0
0
-4.2849
0
0
0
0
0
0
0
0
0
0
0
0
0
0
0
0
0
0
0
0
0
0
0
0
0
0
0
0
0
0
0
0
0
0
0
0
0
0
0
0
-4.2222
-4.2222
0
0
0
0
0
0
0
0
0
0
0
0
0
0
0
0
0
0
0
0
0
0
0
0
0
0
0
0
0
0
0
0
0
0
0
0
0
0
0
0
0
0
0
0
0
0
0
0
0
0
0
0
0
0
0
0
0
0
0
0
0
0
0
0
0
0
0
0
0
0
0
0
0
0
8.4443
0
0
0
0
0
0
0
0
0
0
0
0
0
0
0
0
0
0
0
0
0
0
0
0
0
0
0
0
0
0
0
0
0
0
0
0
0
0
0
0
0
0
0
0
0
0
0
0
0
0
0
0
0
0
0
0
0
0
0
0
0
0
0
0
0
0
0
0
0
0
0
0
0
0
0
0
0
0
0
-3.9657
0
0
0
0
-3.7769
0
0
0
0
0
0
0
0
0
0
0
0
0
0
0
0
0
0
0
0
0
0
0
0
0
0
0
0
0
0
0
0
0
0
0
0
0
0
7.7426
0
0
0
0
0
0
0
0
0
0
0
0
0
0
0
0
0
0
0
0
0
0
0
0
0
0
0
0
0
0
0
0
0
0
0
0
0
0
0
0
0
0
0
0
0
0
0
0
0
0
0
0
0
0
0
0
0
0
0
0
0
0
0
0
0
0
0
0
0
0
0
0
0
0
0
0
0
0
0
0
0
0
0
0
0
0
0
0
0
0
0
0
0
0
0
0
0
0
0
0
0
0
-3.0379
0
0
0
0
-3.2011
0
0
0
0
0
0
0
0
0
0
0
0
0
0
0
6.239
0
0
0
0
0
0
0
0
0
0
0
0
0
0
0
0
0
0
0
0
0
0
0
0
0
0
0
0
0
0
0
0
0
0
0
0
-3.9238
0
0
0
0
0
0
0
0
0
0
0
0
0
0
0
0
0
0
0
0
0
0
0
0
0
0
0
0
0
0
-3.7579
0
0
0
0
0
0
0
0
0
0
0
0
0
0
0
0
0
0
0
0
0
0
0
0
0
0
0
0
0
0
0
0
0
0
0
0
0
0
0
0
0
0
0
0
0
0
0
0
0
0
0
0
0
0
0
7.6817
0
0
0
0
0
0
0
0
0
0
0
0
0
0
0
0
0
0
0
0
0
0
0
0
0
0
0
0
0
0
0
0
0
0
0
0
0
0
0
0
0
0
0
0
0
0
0
0
0
0
0
0
0
0
0
0
0
0
0
0
0
0
0
0
0
0
0
0
0
0
0
0
0
-4.6301
0
0
0
0
0
0
0
0
0
0
0
0
0
0
0
0
0
0
0
0
0
0
0
0
0
0
0
0
0
0
-3.9771
0
0
0
0
0
0
0
0
0
0
0
0
0
0
0
0
0
0
8.6072
0
0
0
0
0
0
0
0
0
0
0
0
0
0
0
0
0
0
0
0
0
0
0
0
0
0
0
0
0
0
0
0
0
0
0
0
0
0
0
0
0
0
0
0
0
0
0
0
0
0
0
0
-4.2188
0
0
0
0
-4.2125
0
0
0
0
0
0
0
0
0
0
0
0
0
0
0
0
0
0
0
0
0
0
0
0
0
0
0
0
0
0
0
0
0
0
0
0
0
0
0
0
0
0
0
0
0
0
0
0
0
0
0
0
0
0
0
0
0
0
0
0
0
0
0
0
0
8.4314
0
0
0
0
0
0
0
0
0
0
0
0
0
0
0
0
0
0
0
0
0
0
0
0
0
-3.1591
0
0
0
0
0
0
0
0
0
0
0
0
0
0
0
0
0
0
0
0
0
0
0
0
0
0
0
0
0
0
0
0
0
0
0
0
0
0
0
0
0
0
0
0
0
0
0
0
0
0
0
0
0
0
0
0
0
0
0
0
0
0
0
0
0
0
0
0
0
0
0
0
0
0
0
0
0
0
0
0
0
0
0
0
0
0
0
0
0
0
-4.2849
0
0
0
0
0
0
7.444
0
0
0
0
0
0
0
0
0
0
0
0
0
0
0
0
0
0
0
0
0
0
0
0
0
0
0
0
0
0
0
0
0
0
0
0
0
0
0
0
0
0
0
0
0
0
0
0
0
0
0
0
0
0
0
0
0
0
0
0
0
0
0
0
0
0
0
0
0
0
0
0
0
0
0
0
0
0
0
0
0
0
0
0
0
0
0
0
0
0
0
0
0
-2.9401
0
0
0
0
0
0
0
0
0
0
0
0
0
0
0
0
0
0
0
0
0
0
0
0
0
0
0
0
0
2.9401
0
0
0
0
0
0
0
0
0
0
0
0
0
0
0
0
0
0
0
0
0
0
0
0
0
0
0
0
0
0
0
0
0
0
0
0
0
0
0
0
0
0
0
0
0
0
0
0
0
0
0
0
0
0
0
0
0
0
0
0
0
0
-4.8213
0
0
0
0
0
0
0
0
0
0
0
0
0
0
0
0
0
0
0
0
0
0
0
0
0
0
0
0
0
0
0
0
0
0
0
0
0
0
0
0
0
0
0
0
0
0
0
0
0
0
0
0
0
0
0
0
0
0
0
0
4.8213
0
0
0
0
0
0
0
0
0
0
0
0
0
0
0
0
0
0
0
0
0
0
0
0
0
0
0
0
0
0
0
0
0
0
0
0
0
0
0
0
0
0
0
0
0
0
0
0
0
0
0
0
0
0
0
0
0
0
0
0
0
0
0
0
0
0
0
0
0
0
0
0
0
-4.3583
0
0
0
0
0
0
0
0
0
0
0
0
0
0
0
0
0
0
0
0
0
0
0
0
0
0
0
0
0
0
0
0
0
0
0
0
0
0
0
0
0
0
0
0
0
0
0
0
0
4.3583
0
0
0
0
0
0
0
0
0
0
0
0
0
0
0
0
0
0
0
0
0
0
0
0
0
0
0
0
0
0
0
0
0
0
0
0
0
0
0
0
-6.0275
0
0
0
0
0
0
0
0
0
0
0
0
0
0
0
0
0
0
0
0
0
0
0
0
0
0
0
0
0
0
0
0
0
0
0
0
0
0
0
0
0
0
0
0
0
0
0
0
0
0
0
0
0
0
0
0
0
0
0
0
0
0
0
0
0
0
0
0
0
0
0
0
0
0
0
0
0
0
0
0
0
0
6.0275
0
0
0
0
0
0
0
0
0
0
0
0
0
0
0
0
0
0
0
0
0
0
-6.8085
0
0
0
0
0
0
0
0
0
0
0
0
0
0
0
0
0
0
0
0
0
0
0
0
0
0
0
0
0
0
0
0
0
0
0
0
0
0
0
0
0
0
0
0
0
0
0
0
0
0
0
0
0
0
0
0
0
0
0
0
0
0
0
0
0
0
0
0
0
0
0
0
0
0
0
0
0
0
0
0
0
0
0
0
0
0
0
0
0
0
0
0
0
0
0
0
0
0
0
0
6.8085
0
0
0
0
0
0
0
0
0
0
0
0
0
0
0
0
0
0
0
0
0
0
0
0
0
0
0
0
0
0
0
0
0
0
0
0
0
0
0
0
0
0
0
0
0
0
0
0
0
0
0
0
0
0
0
0
0
0
0
0
0
0
0
0
0
0
0
0
0
0
0
0
0
0
0
0
0
0
0
0
0
0
0
0
-2.8853
0
0
0
0
0
0
0
0
0
0
0
0
0
0
0
0
0
0
0
0
0
0
0
0
0
0
0
0
0
0
0
0
0
0
0
0
0
0
2.8853
0
0
0
0
0
0
0
0
0
0
0
0
0
0
0
0
0
0
0
0
0
0
0
0
0
0
0
0
0
0
0
0
0
0
0
0
0
0
0
0
0
0
0
-5.7302
0
0
0
0
0
0
0
0
0
0
0
0
0
0
0
0
0
0
0
0
0
0
0
0
0
0
0
0
0
0
0
0
0
0
0
0
0
0
0
0
0
0
0
0
0
0
0
0
0
0
0
0
0
0
0
0
0
0
0
0
0
0
0
0
0
0
0
0
0
0
0
0
0
0
0
0
0
0
0
5.7302
0
0
0
0
0
0
0
0
0
0
0
0
0
0
0
0
0
0
0
0
0
0
0
0
0
0
0
0
0
0
0
0
0
0
0
0
0
0
0
0
0
0
0
0
0
0
0
0
0
0
0
0
0
0
0
0
0
0
0
0
0
0
0
0
0
0
0
0
0
0
0
0
-3.1533
0
0
0
0
0
0
0
0
0
0
0
0
0
0
0
0
0
0
0
0
0
0
0
0
0
0
0
0
0
0
0
0
0
0
0
0
0
0
0
0
0
0
0
0
0
0
0
0
0
0
3.1533
0
0
0
0
0
0
0
0
0
0
0
0
0
0
0
0
0
-7.1656
0
0
0
0
0
0
0
0
0
0
0
0
0
0
0
0
0
0
0
0
0
0
0
0
0
0
0
0
0
0
0
0
0
0
0
0
0
0
0
0
0
0
0
0
0
0
0
0
0
0
0
0
0
0
0
0
0
0
0
0
0
0
0
0
0
0
0
0
0
0
0
0
0
0
0
0
0
0
0
0
0
0
0
0
0
0
0
0
0
0
0
0
0
0
0
0
0
0
0
0
0
0
0
0
0
7.1656
0
0
0
0
0
0
0
0
0
0
0
0
0
0
0
0
0
0
0
0
0
0
0
0
0
0
0
0
0
0
0
0
0
0
0
0
0
0
0
0
0
0
0
0
0
0
0
0
0
0
0
0
0
0
0
0
0
0
0
0
0
0
0
0
0
0
0
0
-3.8865
0
0
0
0
0
0
0
0
0
0
0
0
0
0
0
0
0
0
0
0
0
0
0
0
0
0
0
0
0
0
0
0
0
0
0
0
0
0
0
0
0
0
0
0
0
0
0
0
0
0
0
0
0
0
3.8865
0
0
0
0
0
0
0
0
0
0
0
0
0
0
0
0
0
0
0
0
0
0
0
0
0
0
0
0
0
0
0
0
0
0
0
0
0
0
0
0
0
0
0
0
0
0
0
0
0
0
0
0
0
0
0
0
0
0
0
0
0
0
0
0
0
0
0
0
0
0
0
0
0
0
0
0
0
0
0
0
0
0
0
0
0
-3.5244
0
0
0
0
0
0
0
0
0
0
0
0
0
0
0
0
0
0
0
0
0
0
0
0
0
0
0
0
0
0
0
0
0
0
0
0
0
3.5244
0
0
0
0
0
0
0
0
0
0
0
0
0
0
0
0
0
0
0
0
0
0
0
0
0
0
0
0
0
0
0
0
0
0
0
0
0
0
0
0
0
0
0
0
0
0
0
0
0
0
0
0
0
0
0
0
0
0
0
0
0
0
0
0
0
0
0
0
0
0
0
-2.9172
0
0
0
0
0
0
0
0
0
0
0
0
0
0
0
0
0
0
0
0
0
0
0
0
0
0
0
0
0
0
0
0
0
0
0
0
0
0
0
0
0
0
0
0
0
0
0
0
0
0
0
2.9172
0
0
0
0
0
0
0
0
0
0
0
0
0
0
0
0
0
0
0
0
0
0
0
0
0
0
0
0
0
0
0
0
0
0
0
0
0
0
0
0
0
0
0
0
0
0
0
0
0
0
0
0
0
0
0
0
0
0
0
0
0
0
0
0
0
0
0
0
0
0
0
0
0
0
0
0
0
0
0
0
0
0
0
0
0
0
0
0
-3.7052
0
0
0
0
0
0
0
0
0
0
0
0
0
0
0
0
0
0
0
0
0
0
0
0
0
0
0
0
0
0
0
0
0
0
3.7052
0
0
0
0
0
0
0
0
0
0
0
0
0
0
0
0
0
0
0
0
0
0
0
0
0
0
0
0
0
0
0
0
0
0
0
0
0
0
0
0
0
0
0
0
0
0
0
0
0
0
0
0
0
0
0
0
0
0
0
0
0
0
0
0
0
0
0
0
0
0
0
0
0
0
0
0
0
0
0
0
0
0
0
0
0
0
0
0
0
0
0
0
0
0
0
0
-4.3583
0
0
0
0
0
0
0
0
0
0
0
0
0
0
0
0
0
0
0
0
0
0
0
0
0
0
4.3583
0
0
0
0
0
0
0
0
0
0
0
0
0
0
-6.147
0
0
0
0
0
0
0
0
0
0
0
0
0
0
0
0
0
0
0
0
0
0
0
0
0
0
0
0
0
0
0
0
0
0
0
0
0
0
0
0
0
0
0
0
0
0
0
0
0
0
0
0
0
0
0
0
0
0
0
0
0
0
0
0
0
0
0
0
0
0
0
0
0
0
0
0
0
0
0
0
0
0
0
0
0
0
0
0
0
0
0
0
0
0
0
0
0
0
0
0
0
0
0
0
0
0
0
0
6.147
0
0
0
0
0
0
0
0
0
0
0
0
0
0
0
0
0
0
0
0
0
0
0
0
0
0
0
0
0
0
0
0
-5.9039
0
0
0
0
0
0
0
0
0
0
0
0
0
0
0
0
0
0
0
0
0
0
0
0
0
0
0
0
0
0
0
0
0
0
0
0
0
0
0
0
0
0
0
0
0
0
0
0
0
0
0
0
0
0
0
0
0
0
0
0
0
0
0
0
0
0
0
0
0
0
0
0
0
0
0
0
0
0
0
0
0
0
0
0
0
0
0
0
0
0
5.9039
0
0
0
0
0
0
0
0
0
0
0
0
0
0
0
0
0
0
0
0
0
0
0
0
0
0
0
0
0
0
0
0
0
0
0
0
0
0
0
0
0
0
0
0
0
0
0
0
0
0
0
0
0
0
0
0
0
0
0
0
0
0
0
0
0
0
0
0
0
0
0
0
0
0
0
0
0
0
0
0
-0.59566
0
0
0
0
0
0
0
0
0
0
0
0
0
0
0
0
0
0
0
0
0
0
0
0
0
0
0
0
0
0
0
0
0
0
0
0
0
0
0
0
0
0
0.59566
0
0
0
0
0
0
0
0
0
0
-6.8083
0
0
0
0
0
0
0
0
0
0
0
0
0
0
0
0
0
0
0
0
0
0
0
0
0
0
0
0
0
0
0
0
0
0
0
0
0
0
0
0
0
0
0
0
0
0
0
0
0
0
0
0
0
0
0
0
0
0
0
0
0
0
0
0
0
0
0
0
0
0
0
0
0
0
0
0
0
0
0
0
0
0
0
0
0
0
0
0
0
0
0
0
0
0
0
0
0
0
0
0
0
0
0
0
0
0
0
0
0
0
0
0
6.8083
0
0
0
0
0
0
0
0
0
0
0
0
0
0
0
0
0
0
0
0
0
0
0
0
0
0
0
0
0
0
0
0
0
0
0
0
0
0
0
0
0
0
0
0
0
0
0
0
0
0
0
0
0
0
0
0
0
0
0
0
0
0
0
0
0
0
0
0
0
0
0
0
0
0
0
0
0
-3.5244
0
0
0
0
0
0
0
0
0
0
0
0
0
0
0
0
0
0
0
0
0
0
0
0
0
0
0
0
0
0
0
0
0
0
0
0
0
0
0
0
0
0
0
0
0
3.5244
0
0
0
0
0
0
0
0
0
0
0
0
0
0
0
0
0
0
0
0
0
0
0
0
0
0
0
0
0
0
0
0
0
0
0
0
0
0
0
0
0
0
0
0
0
0
0
0
0
0
0
0
0
0
0
0
0
0
0
0
0
0
0
0
0
0
0
0
0
0
0
0
0
0
0
0
0
0
0
0
0
0
0
-3.5896
0
0
0
0
0
0
0
0
0
0
0
0
0
0
0
0
0
0
0
0
0
0
0
0
0
0
0
0
0
0
0
0
0
0
0
0
0
0
0
3.5896
0
0
0
0
0
0
0
0
0
0
0
0
0
0
0
0
0
0
0
0
0
0
0
0
0
0
0
0
0
0
0
0
0
0
0
0
0
0
0
0
0
0
0
0
0
0
0
0
0
0
0
0
0
0
0
0
0
0
-3.4145
0
0
0
0
0
0
0
0
0
0
0
0
0
0
0
0
0
0
0
0
0
0
0
0
0
0
0
0
0
0
0
0
0
0
0
0
0
0
0
0
0
0
0
0
0
0
0
0
0
0
0
0
0
0
0
0
0
0
0
0
0
0
0
0
3.4145
0
0
0
0
0
0
0
0
0
0
0
0
0
0
0
0
0
0
0
0
0
0
0
0
0
0
0
0
0
0
0
0
0
0
0
0
0
0
0
0
0
0
0
-5.0844
0
0
0
0
0
0
0
0
0
0
0
0
0
0
0
0
0
0
0
0
0
0
0
0
0
0
0
0
0
0
0
0
0
0
0
0
0
0
0
0
0
0
0
0
0
0
0
0
0
0
0
0
0
0
0
0
0
0
0
0
0
0
0
0
0
0
0
0
0
0
0
0
0
0
0
0
0
0
0
5.0844
0
0
0
0
0
0
0
0
0
0
0
0
0
0
0
0
0
0
0
0
0
0
0
0
0
0
0
0
0
0
-5.2512
0
0
0
0
0
0
0
0
0
0
0
0
0
0
0
0
0
0
0
0
0
0
0
0
0
0
0
0
0
0
0
0
0
0
0
0
0
0
0
0
0
0
0
0
0
0
0
0
0
0
0
0
0
0
0
0
0
0
0
0
0
0
0
0
0
0
0
0
0
0
0
0
0
0
0
0
0
0
0
0
0
0
0
0
0
0
0
0
0
0
0
0
5.2512
0
0
0
0
0
0
0
0
0
0
0
0
0
0
0
0
0
0
0
0
0
0
0
0
0
0
0
0
-5.4811
0
0
0
0
0
0
0
0
0
0
0
0
0
0
0
0
0
0
0
0
0
0
0
0
0
0
0
0
0
0
0
0
0
0
0
0
0
0
0
0
0
0
0
0
0
0
0
0
0
0
0
0
0
0
0
0
0
0
0
0
0
0
0
0
0
0
0
0
0
0
0
0
0
0
0
0
0
0
0
0
0
0
0
0
0
0
0
0
0
0
0
0
0
0
5.4811
