1
0.98394
0.97669
0.97275
0.96981
0.96731
0.96525
0.96148
0.95797
0.95643
0.953
0.94956
0.94632
0.94318
0.94023
0.93742
0.93482
0.93236
0.9301
0.92798
0.92603
0.92419
0.92248
0.92087
0.91935
0.91791
0.91654
0.91523
0.91397
0.91276
0.91158
0.91043
0.90931
0.90821
0.90713
0.90607
0.90502
0.90399
0.90297
0.90196
0.90096
0.89998
0.89901
0.89805
0.89711
0.89617
0.89525
0.89435
0.89346
0.89259
0.89173
0.8909
0.89007
0.88927
0.88848
0.88771
0.88695
0.88621
0.88549
0.88478
0.88409
0.88341
0.88274
0.88209
0.88144
0.88081
0.8802
0.87959
0.87899
0.87841
0.87783
0.87726
0.87669
0.87613
0.87558
0.87502
0.87447
0.87391
0.87335
0.8728
0.87224
0.87168
0.87112
0.87057
0.87001
0.86945
0.86889
0.86833
0.86777
0.86721
0.86665
0.86609
0.86552
0.86495
0.86439
0.86382
0.86325
0.86267
0.8621
0.86152
0.86094
0.86036
0.85978
0.8592
0.85862
0.85804
0.85746
0.85688
0.8563
0.85573
0.85516
0.8546
0.85403
0.85347
0.85292
0.85237
0.85183
0.85129
0.85076
0.85024
0.84972
0.84921
0.84871
0.84822
0.84773
0.84725
0.84678
0.84632
0.84586
0.84541
0.84497
0.84453
0.8441
0.84368
0.84327
0.84285
0.84245
0.84205
0.84165
0.84125
0.84086
0.84048
0.84009
0.83971
0.83934
0.83896
0.83859
0.83822
0.83786
0.8375
0.83714
0.83679
0.83643
0.83608
0.83574
0.83539
0.83505
0.83471
0.83437
0.83403
0.8337
0.83336
0.83303
0.83271
0.83238
0.83205
0.83173
0.8314
0.83108
0.83076
0.83044
0.83012
0.82981
0.82949
0.82917
0.82886
0.82854
0.82823
0.82791
