1
0.98288
0.97461
0.97043
0.96736
0.96486
0.96282
0.95884
0.95525
0.9541
0.95074
0.94743
0.94436
0.9414
0.9386
0.9359
0.93336
0.93089
0.92855
0.92628
0.92413
0.92205
0.92006
0.91815
0.91634
0.91461
0.91295
0.91138
0.90989
0.90848
0.90714
0.90586
0.90465
0.90349
0.90238
0.90131
0.90028
0.89927
0.89828
0.89731
0.89635
0.89539
0.89444
0.8935
0.89255
0.89161
0.89067
0.88973
0.88879
0.88786
0.88693
0.88602
0.88511
0.8842
0.88331
0.88243
0.88156
0.8807
0.87985
0.87902
0.87819
0.87738
0.87658
0.8758
0.87503
0.87427
0.87352
0.87279
0.87208
0.87137
0.87068
0.87001
0.86935
0.8687
0.86805
0.86742
0.86679
0.86617
0.86556
0.86495
0.86435
0.86376
0.86317
0.86259
0.86202
0.86145
0.86088
0.86033
0.85978
0.85924
0.8587
0.85816
0.85764
0.85712
0.8566
0.85609
0.85559
0.85509
0.8546
0.85411
0.85362
0.85314
0.85267
0.8522
0.85174
0.85128
0.85082
0.85037
0.84993
0.84949
0.84905
0.84863
0.8482
0.84778
0.84737
0.84697
0.84656
0.84617
0.84578
0.8454
0.84502
0.84465
0.84428
0.84392
0.84357
0.84322
0.84287
0.84254
0.8422
0.84187
0.84155
0.84123
0.84091
0.8406
0.84028
0.83997
0.83966
0.83935
0.83903
0.83872
0.83841
0.83809
0.83777
0.83746
0.83714
0.83681
0.83649
0.83616
0.83584
0.83551
0.83518
0.83484
0.83451
0.83417
0.83383
0.83349
0.83315
0.83281
0.83246
0.83212
0.83177
0.83142
0.83107
0.83072
0.83037
0.83001
0.82966
0.8293
0.82895
0.82859
0.82823
0.82787
0.82751
0.82715
0.82679
0.82642
0.82606
0.82569
0.82533
