1
0.94472
0.93545
0.92987
0.9255
0.92221
0.91988
0.91775
0.91593
0.91062
0.90562
0.90096
0.89659
0.89232
0.88817
0.88412
0.88022
0.8764
0.8726
0.86875
0.86486
0.86091
0.85692
0.85293
0.849
0.84519
0.84151
0.83796
0.83453
0.83122
0.82801
0.8249
0.82187
0.81891
0.816
0.81314
0.8103
0.80748
0.80465
0.80182
0.79899
0.79614
0.79327
0.79038
0.78749
0.7846
0.78175
0.77894
0.77618
0.77348
0.77084
0.76826
0.76573
0.76323
0.76077
0.75831
0.75587
0.75342
0.75095
0.74847
0.74597
0.74346
0.74094
0.73842
0.73588
0.73333
0.73076
0.72816
0.72554
0.7229
0.72025
0.7176
0.71495
0.71231
0.70969
0.7071
0.70455
0.70203
0.69956
0.69712
0.69474
0.69239
0.69009
0.68783
0.68561
0.68343
0.68128
0.67917
0.67709
0.67505
0.67303
0.67105
0.66909
0.66716
0.66526
0.66338
0.66151
0.65965
0.65781
0.65597
0.65415
0.65233
0.65052
0.64872
0.64694
0.64516
0.64339
0.64164
0.63991
0.6382
0.6365
0.63483
0.63318
