1
0.96956
0.96166
0.95667
0.95364
0.95122
0.94922
0.94742
0.94606
0.94472
0.94352
0.94248
0.93926
0.93629
0.9336
0.93109
0.92877
0.92658
0.92459
0.92272
0.921
0.91933
0.91775
0.91621
0.91474
0.91329
0.91188
0.91049
0.90909
0.90768
0.90627
0.90485
0.9034
0.90195
0.90047
0.89898
0.89747
0.89595
0.89441
0.89283
0.89124
0.88962
0.888
0.88637
0.88476
0.88315
0.88156
0.87996
0.87837
0.87678
0.8752
0.87363
0.87207
0.87052
0.86898
0.86745
0.86593
0.86442
0.86294
0.86147
0.86003
0.85862
0.85724
0.8559
0.85459
0.85331
0.85206
0.85084
0.84965
0.84848
0.84733
0.8462
0.84509
0.844
0.84293
0.84188
0.84085
0.83983
0.83883
0.83785
0.83688
0.83594
0.835
0.83408
0.83318
0.8323
0.83143
0.83057
0.82974
0.82891
0.82809
0.82729
0.82649
0.8257
0.82491
0.82413
0.82335
0.82257
0.82179
0.82102
0.82024
0.81946
0.81867
0.81788
0.81709
0.81629
0.81548
0.81467
0.81385
0.81302
0.81219
0.81135
0.8105
0.80963
0.80876
0.80788
0.80698
0.80608
0.80515
0.80422
0.80327
0.8023
0.80133
0.80034
0.79935
0.79834
0.79733
0.79631
0.79529
0.79428
0.79328
0.79227
0.79128
0.7903
0.78934
0.78839
0.78745
0.78653
0.78561
0.78472
0.78383
0.78295
0.78209
0.78123
0.78038
