1
0.98762
0.98208
0.97863
0.97544
0.97301
0.96886
0.96692
0.96303
0.96164
0.95799
0.95713
0.95368
0.95038
0.94723
0.94424
0.94141
0.93873
0.9362
0.93379
0.93151
0.92934
0.92729
0.92535
0.92349
0.92173
0.92005
0.91844
0.91691
0.91544
0.91402
0.91267
0.91137
0.91011
0.9089
0.90774
0.90663
0.90555
0.90451
0.9035
0.90252
0.90158
0.90066
0.89977
0.89891
0.89807
0.89726
0.89648
0.89571
0.89497
0.89424
0.89353
0.89282
0.89212
0.89143
0.89074
0.89005
0.88936
0.88868
0.88799
0.8873
0.8866
0.8859
0.88519
0.88447
0.88374
0.883
0.88225
0.88149
0.88071
0.87994
0.87915
0.87836
0.87756
0.87677
0.87598
0.87519
0.87441
0.87364
0.87289
0.87214
0.87141
0.87069
0.86999
0.8693
0.86863
0.86797
0.86733
0.8667
0.86609
0.86549
0.8649
0.86432
0.86375
0.86319
0.86263
0.86209
0.86155
0.86102
0.86049
0.85997
0.85945
0.85894
0.85843
0.85792
0.85742
0.85691
0.85642
0.85592
0.85543
0.85494
0.85445
0.85397
0.85348
0.853
0.85252
0.85205
0.85157
0.8511
0.85063
0.85016
0.84969
0.84923
0.84877
0.8483
0.84785
0.84739
0.84693
0.84647
0.84602
0.84557
0.84512
0.84467
0.84423
0.84378
0.84334
0.84289
0.84245
0.84201
0.84157
0.84114
0.8407
0.84027
0.83983
0.8394
0.83897
0.83854
0.83811
0.83769
0.83726
0.83684
0.83642
0.83599
0.83557
0.83516
0.83474
0.83433
0.83391
0.8335
0.83309
0.83268
0.83228
0.83187
0.83147
0.83107
0.83068
0.83028
0.82989
0.82949
0.8291
0.82872
0.82833
0.82795
0.82757
0.82719
0.82682
0.82644
0.82607
0.82571
0.82534
0.82498
0.82462
0.82426
0.8239
0.82355
0.82319
0.82284
0.82249
0.82215
0.8218
0.82145
0.82111
0.82077
0.82043
0.82009
0.81976
0.81942
0.81909
0.81875
0.81842
0.8181
0.81777
0.81744
0.81712
0.81679
0.81647
0.81615
0.81583
0.81551
0.81519
0.81488
0.81456
0.81425
0.81394
0.81363
0.81332
0.81301
0.81271
0.8124
0.8121
0.8118
0.81149
0.81119
0.81089
0.81059
0.81029
0.80999
0.80969
0.80939
0.80909
0.80879
0.80849
0.80819
0.80789
0.8076
0.80729
0.807
0.8067
0.8064
0.8061
0.8058
0.80549
0.80519
0.80489
0.80459
0.80429
0.80399
0.8037
0.8034
0.8031
0.8028
0.8025
0.8022
0.8019
0.8016
0.8013
0.80101
0.80071
0.80041
0.80011
0.79982
0.79952
