1
0.98925
0.98428
0.98135
0.97877
0.97704
0.97405
0.97276
0.9701
0.96911
0.96667
0.96593
0.96364
0.9614
0.9592
0.95707
0.955
0.95297
0.95098
0.94902
0.94711
0.94522
0.94338
0.94158
0.93982
0.9381
0.93641
0.93476
0.93314
0.93155
0.92999
0.92845
0.92694
0.92546
0.92401
0.92257
0.92116
0.91977
0.91841
0.91706
0.91574
0.91443
0.91314
0.91188
0.91063
0.90941
0.90821
0.90703
0.90587
0.90473
0.9036
0.90249
0.9014
0.90032
0.89926
0.89821
0.89718
0.89616
0.89516
0.89418
0.89321
0.89226
0.89132
0.8904
0.8895
0.88861
0.88774
0.88689
0.88605
0.88523
0.88442
0.88363
0.88285
0.88209
0.88135
0.88062
0.87991
0.87921
0.87853
0.87786
0.87721
0.87657
0.87594
0.87533
0.87473
0.87413
0.87355
0.87297
0.8724
0.87183
0.87127
0.87071
0.87015
0.8696
0.86904
0.86848
0.86793
0.86737
0.86681
0.86624
0.86568
0.86512
0.86455
0.86399
0.86342
0.86286
0.86229
0.86173
0.86117
0.86061
0.86005
0.8595
0.85895
0.8584
0.85786
0.85732
0.85678
0.85624
0.85571
0.85519
0.85467
0.85415
0.85364
0.85313
0.85262
0.85212
0.85162
0.85113
0.85064
0.85016
0.84968
0.8492
0.84873
0.84826
0.84779
0.84732
0.84686
0.84641
0.84595
0.8455
0.84506
0.84462
0.84418
0.84374
0.84331
0.84289
0.84246
0.84204
0.84163
0.84122
0.84082
0.84042
0.84002
0.83964
0.83925
0.83887
0.8385
0.83813
0.83777
0.83741
0.83706
0.83671
0.83636
0.83602
0.83569
0.83536
0.83503
0.8347
0.83438
0.83406
0.83374
0.83342
0.8331
0.83278
0.83247
0.83215
0.83183
0.83152
0.8312
0.83088
0.83056
0.83023
0.82991
0.82959
0.82926
0.82893
0.8286
0.82826
0.82793
0.82759
0.82725
0.8269
0.82655
0.82621
0.82585
0.8255
0.82514
0.82479
0.82442
0.82406
0.8237
0.82333
0.82296
0.82258
0.8222
0.82182
0.82144
0.82106
0.82067
0.82028
0.81989
0.81949
0.81909
0.81869
0.81829
0.81788
0.81747
0.81705
0.81663
0.81621
0.81579
0.81536
0.81493
0.81449
0.81405
0.81361
0.81316
0.81271
0.81225
0.8118
0.81134
0.81088
0.81041
0.80995
0.80948
0.80901
0.80854
0.80807
0.8076
0.80713
0.80666
0.80619
0.80572
0.80525
0.80479
0.80432
0.80386
0.80339
0.80293
0.80247
0.80201
0.80156
0.8011
0.80065
0.8002
0.79975
0.7993
0.79886
0.79842
0.79798
0.79754
0.79711
