1
0.98675
0.97894
0.97376
0.96951
0.96628
0.96092
0.95909
0.95449
0.95367
0.9496
0.94948
0.94576
0.94228
0.93896
0.93581
0.9328
0.92991
0.92712
0.92443
0.92183
0.91931
0.91686
0.9145
0.9122
0.90996
0.90779
0.90567
0.9036
0.90156
0.89957
0.89762
0.89569
0.8938
0.89193
0.89009
0.88827
0.88647
0.88469
0.88293
0.88118
0.87946
0.87775
0.87607
0.87441
0.87276
0.87114
0.86954
0.86797
0.86641
0.86487
0.86334
0.86183
0.86034
0.85886
0.85741
0.85597
0.85455
0.85315
0.85177
0.85042
0.84908
0.84777
0.84648
0.84521
0.84396
0.84273
0.84153
0.84035
0.83918
0.83804
0.83692
0.83582
0.83474
0.83368
0.83264
0.83162
0.83062
0.82963
0.82867
0.82772
0.82679
0.82587
0.82497
0.82408
0.82321
0.82235
0.8215
0.82066
0.81984
0.81903
0.81823
0.81743
0.81665
0.81587
0.8151
0.81433
0.81357
0.81282
0.81206
0.81132
0.81057
0.80983
0.80909
0.80835
0.80762
0.80688
0.80615
0.80542
0.80469
0.80396
0.80323
0.8025
0.80177
0.80105
0.80032
0.79959
0.79886
0.79813
0.7974
0.79667
0.79594
0.79521
0.79448
0.79375
0.79301
0.79228
0.79155
0.79082
0.79008
0.78935
0.78862
0.78788
0.78715
0.78642
0.78569
0.78496
0.78424
0.78352
0.7828
0.78208
0.78136
0.78065
0.77995
0.77925
0.77855
0.77786
0.77717
0.77649
0.77581
0.77514
0.77447
0.77381
0.77316
0.77251
0.77187
0.77123
0.7706
0.76997
0.76935
0.76874
0.76813
0.76752
0.76692
0.76633
0.76574
0.76516
0.76458
0.764
0.76343
0.76286
0.7623
0.76174
0.76119
0.76064
0.76009
0.75954
0.759
0.75847
0.75793
0.7574
0.75687
0.75634
0.75582
0.7553
0.75478
0.75426
0.75374
0.75323
0.75272
0.75221
0.7517
0.75119
0.75069
0.75019
0.74969
0.74919
0.74869
0.7482
0.7477
0.74721
0.74672
0.74624
0.74575
0.74527
0.74479
0.74431
0.74384
0.74337
0.74289
0.74243
0.74196
0.7415
0.74104
0.74058
0.74012
0.73967
0.73922
0.73877
0.73832
0.73788
0.73743
0.73699
0.73655
0.73612
0.73568
0.73524
0.73481
0.73438
0.73395
0.73352
0.73309
0.73266
0.73223
0.73181
0.73138
0.73096
0.73054
0.73012
0.7297
0.72929
0.72887
0.72846
0.72804
0.72763
0.72722
0.72681
0.72641
0.726
0.7256
0.7252
0.7248
0.7244
0.724
0.7236
0.72321
0.72281
0.72242
0.72203
0.72164
0.72125
0.72086
