1
0.95691
0.93756
0.92794
0.91969
0.91335
0.90772
0.90336
0.89324
0.88377
0.8818
0.88001
0.87111
0.86263
0.85464
0.84707
0.83991
0.8331
0.82685
0.82107
0.81576
0.81083
0.80629
0.80195
0.79776
0.79358
0.78952
0.78549
0.78159
0.77769
0.77387
0.77
0.76617
0.76227
0.75841
0.75452
0.75072
0.74695
0.7433
0.7397
0.7362
0.73274
0.72935
0.72597
0.72261
0.71923
0.71584
0.71243
0.709
0.70556
0.70212
0.69867
0.69521
0.69174
0.68828
0.68481
0.68134
0.6779
0.67447
0.67107
0.66769
0.66435
0.66104
0.65778
0.65455
0.65138
0.64826
0.64522
0.64225
0.63935
0.63653
0.63378
0.6311
0.62847
0.6259
0.62339
0.62093
0.61854
0.6162
0.61393
0.61172
0.60958
0.6075
0.60548
0.60351
0.6016
0.59972
0.59788
0.59608
0.59431
0.59259
0.59089
0.58925
0.58763
0.58606
0.58454
0.58307
0.58164
0.58026
0.57894
0.57766
0.57643
0.57525
0.57412
0.57305
0.57203
0.57107
0.57017
0.56933
0.56855
0.56783
0.56715
0.56651
0.5659
0.5653
0.56471
0.56412
0.56354
0.56296
0.56236
0.56177
0.56116
0.56054
0.5599
0.55926
0.55859
0.55791
0.55721
0.5565
0.55578
0.55504
0.55429
0.55354
0.55278
0.55202
