1
0.97804
0.97252
0.96776
0.96461
0.96211
0.95947
0.95745
0.95575
0.95459
0.95125
0.94793
0.94781
0.94762
0.94483
0.94222
0.93992
0.9379
0.93616
0.93463
0.93324
0.93196
0.93069
0.92944
0.92815
0.92684
0.92549
0.92412
0.92271
0.92128
0.91983
0.91837
0.91691
0.91545
0.914
0.91257
0.91116
0.90977
0.90839
0.90702
0.90567
0.90432
0.90299
0.90167
0.90036
0.89907
0.8978
0.89656
0.89534
0.89415
0.89298
0.89184
0.89074
0.88966
0.88861
0.88759
0.8866
0.88564
0.88471
0.88383
0.88298
0.88218
0.88142
0.88072
0.88007
0.87949
0.87897
0.87854
0.87819
0.87793
0.87777
0.87772
0.87778
0.87797
0.87827
0.87869
0.87922
0.87984
0.88053
0.88127
0.88204
0.88282
0.88359
0.88434
0.88505
0.88574
0.88637
0.88697
0.88752
0.88802
0.88847
0.88888
0.88924
0.88955
0.88981
0.89004
0.89022
0.89036
0.89047
0.89054
0.89058
0.8906
0.89058
0.89054
0.89047
0.89038
0.89027
0.89013
0.88998
0.8898
0.88961
0.8894
0.88917
0.88893
0.88868
0.88841
0.88813
0.88783
0.88753
0.88722
0.88689
0.88656
0.88622
0.88587
0.88552
0.88516
0.88479
0.88442
0.88405
0.88367
0.8833
0.88291
0.88253
0.88215
0.88176
0.88138
0.88099
0.8806
0.88021
0.87982
0.87942
0.87902
0.87862
0.87822
0.87781
0.87741
0.87699
0.87658
0.87617
0.87575
0.87533
0.87491
0.87449
0.87407
0.87364
0.87322
0.87279
0.87236
0.87193
0.8715
0.87107
0.87064
0.87021
0.86977
0.86934
0.86891
0.86848
0.86805
0.86762
0.86719
0.86677
0.86634
0.86592
0.8655
0.86508
0.86467
0.86425
0.86385
0.86344
0.86304
0.86265
0.86226
0.86187
0.86149
0.86111
0.86074
0.86037
0.86
0.85964
0.85928
0.85893
0.85858
0.85823
0.85789
0.85756
0.85722
0.8569
0.85658
0.85626
0.85595
0.85565
0.85535
0.85505
0.85476
0.85448
0.8542
