1
1.0123
1.0468
1.0703
1.0651
1.1047
1.1157
1.1264
1.1359
1.1577
1.1737
1.2037
1.2272
1.2563
1.2785
1.3013
1.319
1.336
1.3522
1.3689
1.3859
1.4028
1.4193
1.4352
1.4502
1.4643
1.4776
1.4901
1.5017
1.5123
1.5222
1.5316
1.5412
1.5513
1.5621
1.5732
1.5846
1.5961
1.6077
1.6192
1.6306
1.642
1.6532
1.6642
1.6751
1.6857
1.6962
1.7065
1.7166
1.7266
1.7364
1.7461
1.7557
1.7651
1.7743
1.7834
1.7924
1.8012
1.8099
1.8185
1.827
1.8353
1.8436
1.8516
1.8596
1.8674
1.8751
1.8827
1.8902
1.8976
1.9049
1.912
1.9191
1.926
1.9328
1.9396
1.9462
1.9527
1.9591
1.9654
1.9716
1.9778
1.9839
1.9899
1.9958
2.0016
2.0074
2.013
2.0186
2.0241
2.0296
2.0349
2.0403
2.0455
2.0507
2.0559
2.061
2.066
2.071
2.0759
2.0808
2.0856
2.0904
