1
0.98702
0.98096
0.97746
0.97518
0.97335
0.97237
0.96978
0.96796
0.96668
0.96572
0.9649
0.96413
0.96333
0.96249
0.96161
0.96069
0.95974
0.95876
0.95777
0.95679
0.95583
0.9549
0.95401
0.95316
0.95237
0.95163
0.95095
0.95033
0.94976
0.94925
0.9488
0.9484
0.94806
0.94776
0.94751
0.94731
0.94715
0.94703
0.94694
0.94689
0.94686
0.94687
0.9469
0.94696
0.94704
0.94713
0.94724
0.94736
0.94748
0.94761
0.94774
0.94786
0.94796
0.94805
0.94812
0.94817
0.9482
0.94819
0.94816
0.94811
0.94802
0.94791
0.94778
0.94763
0.94746
0.94727
0.94708
0.94687
0.94666
0.94644
0.94622
0.946
0.94578
0.94556
0.94534
0.94513
0.94492
0.94472
0.94452
0.94432
0.94413
0.94395
0.94376
0.94358
0.94341
0.94324
0.94307
0.94291
0.94275
0.9426
0.94246
0.94232
0.94218
0.94206
0.94193
0.94182
0.94172
0.94162
0.94153
0.94145
0.94138
0.94131
0.94125
0.9412
0.94115
0.94111
0.94108
0.94105
0.94102
0.94101
0.94099
0.94098
0.94098
0.94098
0.94098
0.94098
0.94099
0.94099
0.941
0.94101
0.94102
0.94103
0.94104
0.94106
0.94107
0.94108
0.94109
0.9411
0.94111
0.94112
0.94113
0.94114
0.94115
0.94115
0.94115
0.94116
0.94116
0.94116
0.94116
0.94116
0.94115
0.94114
0.94114
0.94113
0.94111
0.9411
0.94108
0.94106
0.94104
0.94102
0.94099
0.94096
0.94093
0.9409
0.94086
0.94082
0.94078
0.94074
0.9407
0.94065
0.9406
0.94055
0.9405
0.94045
0.94039
0.94033
0.94028
0.94022
0.94016
0.9401
0.94003
0.93997
0.93991
0.93984
0.93977
0.9397
0.93964
0.93957
0.9395
0.93943
0.93936
0.93929
0.93921
0.93914
0.93907
0.939
0.93893
0.93886
0.93879
0.93871
0.93864
0.93857
0.9385
0.93843
0.93836
0.93829
0.93822
0.93815
0.93809
0.93802
0.93795
0.93789
0.93782
0.93775
0.93769
0.93763
0.93756
0.9375
0.93744
0.93738
0.93732
0.93726
0.93721
0.93715
0.93709
0.93704
0.93699
0.93694
0.93689
0.93684
0.93679
0.93674
0.9367
0.93666
0.93662
0.93658
0.93654
0.9365
0.93646
0.93642
0.93639
0.93635
0.93632
0.93629
0.93625
0.93622
0.93619
0.93616
0.93613
0.93611
0.93608
0.93605
0.93603
0.936
0.93598
0.93595
0.93593
0.9359
0.93588
0.93585
0.93583
0.9358
0.93578
0.93575
0.93572
0.93569
0.93566
0.93563
0.9356
0.93556
0.93553
0.93549
0.93546
0.93542
0.93538
0.93534
0.93531
0.93527
0.93523
0.93519
0.93514
0.9351
0.93506
0.93502
0.93498
0.93493
0.93489
0.93485
0.9348
0.93476
0.93472
0.93467
0.93463
0.93458
0.93454
0.9345
