1
0.95433
0.93287
0.93076
0.93876
0.94605
0.94801
0.9503
0.9519
0.96218
0.97921
0.99501
1.0074
1.0176
1.0296
1.0418
1.0524
1.0611
1.069
1.0779
1.0881
1.099
1.1101
1.1211
1.1317
1.1418
1.1514
1.1604
1.169
1.1772
1.1851
1.1927
1.2001
1.2073
1.2142
1.2209
1.2272
1.2333
1.2388
1.2439
1.2482
1.2517
1.2541
1.2553
1.2551
1.2535
1.2513
1.2491
1.2476
1.247
1.2474
1.2487
1.2505
1.2528
1.2554
1.2581
1.2609
1.2638
1.2666
1.2693
1.2718
1.2742
1.2763
1.2782
1.2797
1.2807
1.2814
1.2816
1.2815
1.2811
1.2804
1.2796
1.2786
1.2776
1.2766
1.2758
1.2752
1.2749
1.2751
1.2756
1.2765
1.2777
