1
0.98718
0.98171
0.97913
0.97701
0.97559
0.9738
0.97282
0.9716
0.97086
0.96869
0.96683
0.96506
0.96354
0.96208
0.96076
0.95949
0.95831
0.95717
0.95609
0.95503
0.95399
0.95295
0.95189
0.95081
0.9497
0.94858
0.94743
0.94628
0.94514
0.944
0.94289
0.94179
0.94073
0.93968
0.93866
0.93766
0.93668
0.93573
0.9348
0.93389
0.933
0.93213
0.93129
0.93046
0.92965
0.92886
0.92808
0.92731
0.92656
0.92581
0.92507
0.92434
0.92361
0.92288
0.92215
0.92143
0.92071
0.91999
0.91926
0.91854
0.91781
0.91708
0.91634
0.91561
0.91487
0.91412
0.91337
0.91262
0.91186
0.91109
0.91031
0.90952
0.90872
0.9079
0.90707
0.90623
0.90537
0.90449
0.90359
0.90267
0.90174
0.90079
0.89982
0.89883
0.89783
0.89682
0.89579
0.89476
0.89372
0.89268
0.89165
0.89062
0.8896
0.88859
0.8876
0.88662
0.88567
0.88473
0.88382
0.88293
0.88206
0.88121
0.88038
0.87957
0.87878
0.87801
0.87725
0.87651
0.87578
0.87507
0.87437
0.87368
0.87301
0.87234
0.87168
0.87103
0.87038
0.86974
0.8691
0.86847
0.86783
0.86719
0.86656
0.86592
0.86529
0.86465
0.86401
0.86337
0.86272
0.86207
0.86141
0.86075
0.86009
0.85942
0.85875
0.85807
0.85739
0.8567
0.85602
0.85533
0.85464
0.85394
0.85325
0.85256
0.85188
0.85119
0.85051
0.84984
0.84917
0.84851
0.84785
0.8472
0.84656
0.84593
0.84531
0.8447
0.84409
0.8435
0.84292
0.84235
0.84178
0.84122
0.84068
0.84013
0.8396
0.83907
0.83855
0.83804
0.83753
0.83703
0.83653
0.83603
0.83555
0.83506
0.83458
0.8341
0.83363
0.83316
0.8327
0.83223
0.83177
0.83131
0.83086
0.8304
0.82995
0.82951
0.82906
0.82862
0.82817
0.82773
0.82729
0.82686
0.82642
0.82599
0.82555
0.82512
0.82469
0.82426
0.82384
0.82341
0.82299
0.82257
0.82215
0.82174
0.82132
0.82091
0.8205
0.8201
0.8197
0.81929
0.8189
0.8185
0.81811
0.81772
0.81733
0.81694
0.81655
0.81617
0.81579
0.8154
0.81502
0.81465
0.81427
0.8139
0.81353
0.81316
0.8128
0.81243
0.81207
0.81172
0.81136
0.81101
0.81066
0.81032
0.80997
0.80963
0.80929
0.80895
0.80861
0.80827
0.80794
0.8076
0.80727
