1
0.98591
0.97967
0.97625
0.9735
0.97155
0.96936
0.96801
0.96657
0.96569
0.96281
0.96036
0.95804
0.9559
0.95365
0.95134
0.94895
0.94657
0.94423
0.94198
0.9398
0.93767
0.93559
0.93353
0.9315
0.92948
0.92749
0.92552
0.92359
0.92169
0.91985
0.91804
0.91629
0.91457
0.91288
0.91122
0.9096
0.90799
0.90642
0.90487
0.90334
0.90184
0.90037
0.89892
0.8975
0.8961
0.89472
0.89336
0.89202
0.89068
0.88936
0.88805
0.88675
0.88546
0.88418
0.8829
0.88164
0.88039
0.87914
0.8779
0.87667
0.87544
0.87422
0.87301
0.8718
0.8706
0.86941
0.86823
0.86705
0.86588
0.86472
0.86357
0.86243
0.86129
0.86016
0.85903
0.8579
0.85678
0.85565
0.85452
0.85339
0.85227
0.85115
0.85002
0.8489
0.84778
0.84666
0.84554
0.84441
0.84328
0.84214
0.841
0.83984
0.83868
0.83751
0.83634
0.83516
0.83398
0.8328
0.83162
0.83044
0.82925
0.82807
0.82688
0.82569
0.82449
0.82329
0.82209
0.82089
0.81969
0.81849
0.8173
0.81613
0.81497
0.81383
0.8127
0.81159
0.81049
0.80941
0.80833
0.80725
0.80617
0.80508
0.80399
0.8029
0.8018
0.8007
0.79959
0.79849
0.79738
0.79627
0.79517
0.79407
0.79298
0.7919
0.79084
0.78979
0.78876
0.78776
0.78678
0.78582
0.78489
0.78398
0.7831
0.78224
0.7814
0.78058
0.77978
0.77901
0.77825
0.77752
0.7768
0.7761
0.77543
0.77477
0.77414
0.77353
0.77293
0.77235
0.77178
0.77122
0.77066
0.77011
0.76955
0.76898
0.76841
0.76784
0.76725
0.76666
0.76606
0.76546
0.76486
0.76425
0.76365
0.76305
0.76245
0.76186
0.76126
0.76068
0.7601
0.75952
0.75895
0.75839
0.75783
0.75728
0.75673
0.75619
0.75565
0.75513
0.7546
0.75408
0.75357
0.75306
0.75256
0.75206
0.75157
0.75108
0.7506
0.75013
0.74966
0.7492
0.74875
0.74831
0.74788
0.74745
0.74704
0.74663
0.74623
0.74584
0.74546
0.74508
0.74471
0.74434
0.74397
0.74361
0.74325
0.7429
0.74254
0.74218
0.74183
0.74147
0.74112
0.74077
0.74042
0.74007
0.73973
0.73938
0.73905
0.73871
0.73838
0.73805
0.73772
0.7374
0.73707
0.73675
0.73644
0.73612
0.73581
0.7355
0.7352
0.73489
0.73459
0.7343
0.73401
