1
0.96791
0.95122
0.9399
0.93199
0.92031
0.91006
0.90085
0.89241
0.88462
0.87731
0.87044
0.86394
0.85781
0.85197
0.84642
0.84113
0.8361
0.8313
0.8267
0.82228
0.81801
0.81389
0.80992
0.8061
0.80242
0.79888
0.79545
0.79214
0.78893
0.78582
0.78281
0.7799
0.77707
0.77433
0.77168
0.7691
0.76658
0.76413
0.76174
0.7594
0.75711
0.75487
0.75269
0.75055
0.74846
0.74642
0.74443
0.74248
0.74058
0.73871
0.73689
0.73511
0.73336
0.73167
0.73001
0.72839
0.7268
0.72523
0.72367
0.72212
0.72057
0.71902
0.71746
0.71591
0.71435
0.71279
0.71123
0.70966
0.7081
0.70654
0.70498
0.70342
0.70186
0.7003
0.69876
0.69722
0.69571
0.69421
0.69273
0.69127
0.68983
0.68841
0.68702
0.68564
0.68429
0.68297
0.68167
0.6804
0.67915
0.67793
0.67673
0.67555
0.6744
0.67327
0.67216
0.67108
0.67002
0.66899
0.66798
0.667
0.66604
0.66511
0.66419
0.6633
0.66242
0.66157
0.66074
0.65993
0.65913
0.65837
0.65763
0.65691
0.65622
0.65556
0.65491
0.65429
0.65368
0.6531
0.65254
0.652
0.65148
0.65098
0.6505
0.65004
0.6496
0.64918
0.64878
0.64839
0.64803
0.64768
0.64735
0.64704
0.64673
0.64645
0.64617
0.6459
0.64564
0.64539
0.64515
0.64491
0.64468
0.64445
0.64422
0.64399
0.64376
0.64351
0.64326
0.64299
0.64271
0.64241
0.64209
0.64174
0.64138
