1
0.96322
0.95365
0.94775
0.94334
0.93985
0.93733
0.93192
0.92706
0.9266
0.92259
0.91942
0.91684
0.91473
0.91273
0.91049
0.90774
0.90404
0.89902
0.89293
0.88705
0.88226
0.8786
0.87577
0.87351
0.87159
0.86992
0.86849
0.86726
0.8662
0.86526
0.8644
0.86362
0.86291
0.86228
0.86172
0.86129
0.86102
0.86086
0.86071
0.86051
0.86029
0.86011
0.86004
0.86007
0.86013
0.86012
0.86002
0.85988
0.85977
0.85973
0.8598
0.85999
0.86033
0.86081
0.86143
0.86216
0.86295
0.86376
0.86459
0.86545
0.86636
0.86731
0.86827
0.86921
0.87012
0.87097
0.87174
0.87242
0.87301
0.87352
0.87397
0.87439
0.87479
0.87519
0.87558
0.87599
0.8764
0.87684
0.87729
0.87778
0.87829
0.87884
0.87942
0.88004
0.88069
0.88135
0.88202
0.88267
0.88329
0.88386
0.88436
0.88478
0.88512
0.88537
0.88554
0.88565
0.88572
0.88578
0.88584
0.88593
0.88606
0.88623
0.88645
0.88673
0.88708
0.88748
0.88796
0.8885
0.88911
0.88978
0.8905
0.89128
0.89208
0.89291
0.89374
0.89456
0.89534
0.89608
0.89678
0.89742
0.89801
0.89854
0.89904
0.89949
0.89992
0.90033
0.90073
0.90111
0.90149
0.90186
0.90223
0.90261
0.90299
0.90339
0.90379
0.90421
0.90465
0.9051
0.90557
0.90604
0.90652
