1
0.9638
0.94797
0.94
0.93478
0.93089
0.92765
0.92497
0.9229
0.92126
0.91542
0.91013
0.90507
0.90048
0.89604
0.89194
0.88793
0.88408
0.8803
0.8766
0.87295
0.86935
0.8658
0.86229
0.85883
0.85542
0.85206
0.84875
0.84548
0.84226
0.8391
0.83601
0.833
0.83008
0.82726
0.82454
0.82192
0.8194
0.81698
0.81462
0.81233
0.81009
0.80788
0.80572
0.80357
0.80144
0.79931
0.79716
0.79496
0.79271
0.79038
0.78795
0.78539
0.78267
0.77976
0.77667
0.77346
0.77022
0.76708
0.76414
0.76146
0.75904
0.75686
0.75489
0.75309
0.75143
0.74987
0.74839
0.74695
0.74552
0.74406
0.74253
0.74089
0.73909
0.73704
0.73468
0.73196
0.72888
0.72556
0.7222
0.71898
0.71604
0.71342
0.71112
0.70913
0.7074
0.70593
0.70467
0.7036
0.70271
0.70197
0.70137
0.70089
0.70051
0.70023
0.70004
0.69991
0.69985
0.69985
0.69989
0.69999
0.70012
0.70029
0.7005
0.70074
0.70101
0.70133
0.70167
0.70204
0.70244
0.70287
0.70332
0.70378
0.70424
0.70471
0.70518
0.70564
0.70608
0.70652
0.70693
0.70733
0.7077
0.70806
