1
0.96483
0.94448
0.93772
0.9345
0.93126
0.92969
0.92851
0.92793
0.92749
0.92343
0.91992
0.91633
0.91273
0.90931
0.90543
0.90183
0.89786
0.89396
0.8899
0.88581
0.88167
0.87752
0.87337
0.86927
0.86523
0.86127
0.85739
0.8536
0.84989
0.84627
0.84273
0.83927
0.83589
0.83259
0.82938
0.82624
0.82318
0.82019
0.81729
0.81447
0.81174
0.80909
0.80652
0.80406
0.80173
0.79953
0.79748
0.79559
0.79387
0.79232
0.79093
0.78972
0.78868
0.78781
0.7871
0.78654
0.78612
0.78583
0.78563
0.78548
0.78532
0.78509
0.78476
0.78432
0.78375
0.78305
0.78224
0.78132
0.78032
0.77923
0.77808
0.77687
0.77561
0.77433
0.77301
0.77169
0.77035
0.76901
0.76769
0.76636
0.76505
0.76374
0.76244
0.76116
0.7599
0.75867
0.75748
0.75634
0.75525
0.75422
0.75324
0.75231
0.75145
0.75063
0.74988
0.74917
0.74851
0.74791
0.74736
0.74687
0.74643
0.74605
0.74573
0.74546
0.74525
0.7451
0.745
0.74495
0.74496
0.74499
0.74505
0.74512
0.74519
0.74524
0.74526
0.74526
0.74523
0.74517
0.74508
0.74495
0.7448
0.74462
