68.021
-0.92935
-0.93298
-0.92982
-0.92447
-0.92668
-0.91262
-0.91262
-0.91262
-0.92776
-0.91892
-0.91945
-0.93843
-0.93844
-0.91906
-0.91621
-0.9162
-0.92465
-0.92617
-0.92173
-0.91695
-0.91647
-0.91647
-0.91647
-0.9196
-0.91949
-0.91915
-0.92034
-0.92623
-0.91511
-0.9151
-0.9151
-0.91511
-0.916
-0.92364
-0.90726
-0.91703
-0.92746
-0.91959
-0.91959
-0.91959
-0.91959
-0.91136
-0.92746
-0.91642
-0.92241
-0.91623
-0.91593
-0.91591
-0.92886
-0.93108
-0.91159
-1.0125
-1.0597
-1.0182
-1.0186
0
0
0
0
0
0
0
-1.4132
0
0
0
0
0
0
0
0
-5.184
-5.184
0
0
0
0
0
0
0
0
0
0
0
0
0
0
0
0
0
0
0
0
0
0
0
-5.184
0
0
0
-0.92935
54.4365
-0.93059
-0.92838
-0.92283
-0.92465
-0.91082
-0.91081
-0.91081
-0.92861
-0.91735
-0.91818
-0.93826
-0.93826
-0.91795
-0.91481
-0.9148
-0.92555
-0.92776
-0.92276
-0.91574
-0.91516
-0.91515
-0.91516
-0.92001
-0.91819
-0.91814
-0.9193
-0.9249
-0.9138
-0.9138
-0.9138
-0.9138
-0.91382
-0.92365
-0.90857
-0.91753
-0.92595
-0.91812
-0.91813
-0.91812
-0.91813
-0.91314
-0.92556
-0.91451
-0.92241
-0.91466
-0.91425
-0.91424
-0.92869
-0.92886
-0.90908
-1.0084
-1.0547
-1.0115
-1.0118
0
0
0
0
0
0
0
-1.4003
-2.0529
0
0
0
0
0
0
0
0
0
0
0
0
0
0
0
0
0
0
0
0
0
0
0
0
0
0
0
0
0
0
0
0
0
0
0
0
-0.93298
-0.93059
58.5872
-0.92877
-0.92527
-0.92768
-0.91334
-0.91334
-0.91334
-0.93313
-0.91988
-0.92076
-0.94148
-0.94149
-0.92054
-0.91733
-0.91733
-0.92859
-0.93054
-0.92558
-0.91833
-0.91766
-0.91765
-0.91765
-0.92249
-0.92071
-0.92105
-0.92233
-0.92742
-0.91627
-0.91626
-0.91627
-0.91627
-0.91743
-0.92688
-0.91169
-0.91994
-0.92848
-0.92053
-0.92053
-0.92053
-0.92053
-0.915
-0.92845
-0.91715
-0.92461
-0.917
-0.91658
-0.91656
-0.9307
-0.93108
-0.91118
-1.0097
-1.0562
-1.0131
-1.0134
0
0
0
0
0
-2.1384
0
0
0
0
0
0
0
0
0
0
0
0
0
0
-5.3292
0
0
0
0
0
0
0
0
0
0
0
0
0
0
0
0
0
0
0
0
0
0
0
0
-0.92982
-0.92838
-0.92877
53.1112
-0.92191
-0.9245
-0.91011
-0.91011
-0.91011
-0.92907
-0.91696
-0.91802
-0.93986
-0.93987
-0.91781
-0.91456
-0.91456
-0.92583
-0.92905
-0.92367
-0.91563
-0.91497
-0.91497
-0.91498
-0.91993
-0.91802
-0.91846
-0.9197
-0.92472
-0.91364
-0.91363
-0.91363
-0.91364
-0.91463
-0.92478
-0.91
-0.91764
-0.92571
-0.91782
-0.91783
-0.91783
-0.91783
-0.9132
-0.92567
-0.91424
-0.92225
-0.91429
-0.91384
-0.91383
-0.92846
-0.92832
-0.90851
-1.0073
-1.0535
-1.0099
-1.0103
0
0
0
0
0
-2.1346
0
0
0
0
0
0
0
0
0
0
0
0
0
0
0
0
0
0
0
0
0
0
0
0
0
0
0
0
0
0
0
0
0
0
0
0
0
0
0
-0.92447
-0.92283
-0.92527
-0.92191
51.9999
-0.91889
-0.90481
-0.90482
-0.90481
-0.92376
-0.91149
-0.91258
-0.93399
-0.93399
-0.91228
-0.90904
-0.90904
-0.91997
-0.92261
-0.91771
-0.91019
-0.90941
-0.90941
-0.9094
-0.91427
-0.91243
-0.91277
-0.91346
-0.91913
-0.9081
-0.90809
-0.90809
-0.9081
-0.90845
-0.91879
-0.9044
-0.91221
-0.92013
-0.91226
-0.91226
-0.91226
-0.91226
-0.9072
-0.9201
-0.90758
-0.91644
-0.90878
-0.90834
-0.90833
-0.92239
-0.92277
-0.90305
-1.0017
-1.0475
-1.0043
-1.0047
-1.3266
0
0
0
0
0
0
0
0
0
0
0
0
0
0
0
0
0
0
0
0
0
0
0
0
0
0
0
0
0
0
0
0
0
0
0
0
0
0
0
0
0
0
0
0
-0.92668
-0.92465
-0.92768
-0.9245
-0.91889
52.4732
-0.90724
-0.90724
-0.90724
-0.9261
-0.91403
-0.915
-0.93675
-0.93675
-0.91477
-0.91159
-0.91159
-0.92258
-0.9255
-0.91973
-0.91261
-0.91198
-0.91198
-0.91198
-0.91684
-0.91501
-0.91528
-0.91647
-0.9217
-0.91065
-0.91064
-0.91064
-0.91065
-0.91099
-0.92132
-0.90623
-0.9145
-0.92271
-0.91487
-0.91487
-0.91487
-0.91486
-0.91009
-0.92241
-0.91128
-0.91921
-0.91136
-0.91093
-0.91092
-0.92538
-0.92547
-0.90571
-1.0047
-1.0509
-1.0076
-1.008
0
0
-1.659
0
0
0
0
0
0
0
0
0
0
0
0
0
0
0
0
0
0
0
0
0
0
0
0
0
0
0
0
0
0
0
0
0
0
0
0
0
0
0
0
0
0
-0.91262
-0.91082
-0.91334
-0.91011
-0.90481
-0.90724
50.0237
-0.89229
-0.89229
-0.91214
-0.8998
-0.90047
-0.92109
-0.9211
-0.90039
-0.8973
-0.89729
-0.90873
-0.91119
-0.90702
-0.89817
-0.89765
-0.89765
-0.89765
-0.90198
-0.90059
-0.90075
-0.90185
-0.9071
-0.89626
-0.89626
-0.89626
-0.89627
-0.89716
-0.90667
-0.89235
-0.8999
-0.90798
-0.90026
-0.90027
-0.90026
-0.90026
-0.89531
-0.9079
-0.8967
-0.90435
-0.8968
-0.89635
-0.89634
-0.91017
-0.91056
-0.8912
-0.98842
-1.0335
-0.99108
-0.99146
0
0
0
0
0
0
0
0
0
0
0
0
0
0
0
0
0
0
0
0
0
0
0
0
0
0
0
0
0
0
0
0
0
0
0
0
0
0
0
0
0
0
0
0
0
-0.91262
-0.91081
-0.91334
-0.91011
-0.90482
-0.90724
-0.89229
50.0237
-0.89229
-0.91215
-0.8998
-0.90046
-0.9211
-0.9211
-0.90039
-0.8973
-0.8973
-0.90873
-0.91119
-0.90701
-0.89817
-0.89765
-0.89765
-0.89765
-0.90198
-0.90059
-0.90075
-0.90185
-0.9071
-0.89626
-0.89625
-0.89626
-0.89627
-0.89715
-0.90667
-0.89236
-0.8999
-0.90798
-0.90026
-0.90026
-0.90026
-0.90025
-0.89531
-0.90789
-0.89669
-0.90434
-0.8968
-0.89635
-0.89634
-0.91017
-0.91056
-0.8912
-0.98842
-1.0335
-0.99108
-0.99146
0
0
0
0
0
0
0
0
0
0
0
0
0
0
0
0
0
0
0
0
0
0
0
0
0
0
0
0
0
0
0
0
0
0
0
0
0
0
0
0
0
0
0
0
0
-0.91262
-0.91081
-0.91334
-0.91011
-0.90481
-0.90724
-0.89229
-0.89229
50.0237
-0.91215
-0.8998
-0.90047
-0.9211
-0.9211
-0.90039
-0.8973
-0.89729
-0.90873
-0.91119
-0.90701
-0.89817
-0.89766
-0.89765
-0.89765
-0.90198
-0.90059
-0.90075
-0.90184
-0.9071
-0.89627
-0.89626
-0.89626
-0.89627
-0.89716
-0.90667
-0.89236
-0.8999
-0.90798
-0.90027
-0.90027
-0.90026
-0.90026
-0.89531
-0.9079
-0.89669
-0.90435
-0.8968
-0.89636
-0.89635
-0.91017
-0.91056
-0.8912
-0.98842
-1.0335
-0.99109
-0.99146
0
0
0
0
0
0
0
0
0
0
0
0
0
0
0
0
0
0
0
0
0
0
0
0
0
0
0
0
0
0
0
0
0
0
0
0
0
0
0
0
0
0
0
0
0
-0.92776
-0.92861
-0.93313
-0.92907
-0.92376
-0.9261
-0.91214
-0.91215
-0.91215
56.6212
-0.91808
-0.9183
-0.93749
-0.93749
-0.91803
-0.91499
-0.91499
-0.924
-0.92586
-0.92136
-0.91584
-0.91531
-0.9153
-0.9153
-0.91886
-0.91832
-0.91811
-0.91934
-0.92507
-0.91395
-0.91394
-0.91395
-0.91396
-0.91543
-0.92309
-0.9077
-0.91648
-0.92618
-0.91831
-0.91831
-0.91831
-0.9183
-0.911
-0.92647
-0.91506
-0.92152
-0.91488
-0.91454
-0.91452
-0.92773
-0.92945
-0.90981
0
0
0
0
0
0
0
0
0
0
0
0
0
0
0
0
0
0
0
0
0
0
-4.8607
0
0
0
0
0
0
0
0
0
0
0
0
0
0
0
0
0
-4.8607
0
0
0
0
0
0
0
0
-0.91892
-0.91735
-0.91988
-0.91696
-0.91149
-0.91403
-0.8998
-0.8998
-0.8998
-0.91808
48.3771
-0.90713
-0.92652
-0.92653
-0.90698
-0.90366
-0.90366
-0.9134
-0.91572
-0.91075
-0.90463
-0.90406
-0.90405
-0.90405
-0.90875
-0.90706
-0.90729
-0.90851
-0.91369
-0.90277
-0.90276
-0.90277
-0.90276
-0.90378
-0.91338
-0.89903
-0.90652
-0.91459
-0.90684
-0.90685
-0.90685
-0.90685
-0.90187
-0.91454
-0.90329
-0.91097
-0.90336
-0.90292
-0.90291
-0.91673
-0.91714
-0.89756
-0.99592
-1.0416
0
0
0
0
0
0
0
0
0
0
0
0
0
0
0
0
0
0
0
0
0
0
0
0
0
0
0
0
0
0
0
0
0
0
0
0
0
0
0
0
0
0
0
0
0
0
0
-0.91945
-0.91818
-0.92076
-0.91802
-0.91258
-0.915
-0.90047
-0.90046
-0.90047
-0.9183
-0.90713
47.7115
-0.92675
-0.92675
-0.90731
-0.904
-0.90401
-0.91367
-0.9159
-0.9109
-0.90438
-0.90447
-0.90446
-0.90446
-0.90917
-0.90748
-0.90745
-0.90902
-0.91414
-0.9032
-0.9032
-0.9032
-0.9032
-0.90457
-0.91325
-0.89932
-0.90618
-0.91504
-0.9073
-0.9073
-0.9073
-0.9073
-0.9021
-0.91522
-0.90412
-0.91133
-0.90382
-0.90341
-0.90339
-0.91724
-0.91769
-0.89806
0
0
0
0
0
0
0
-1.3496
0
0
0
0
0
0
0
0
0
0
0
0
0
0
0
0
0
0
0
0
0
0
0
0
0
0
0
0
0
0
0
0
0
0
0
0
0
0
0
0
0
-0.93843
-0.93826
-0.94148
-0.93986
-0.93399
-0.93675
-0.92109
-0.9211
-0.9211
-0.93749
-0.92652
-0.92675
52.4267
-0.94977
-0.92657
-0.9233
-0.92331
-0.93499
-0.93775
-0.93234
-0.92433
-0.92371
-0.92371
-0.92371
-0.92812
-0.92678
-0.92679
-0.92811
-0.9336
-0.92236
-0.92236
-0.92237
-0.92236
-0.92374
-0.93241
-0.91739
-0.92572
-0.93461
-0.92665
-0.92665
-0.92665
-0.92665
-0.92043
-0.93479
-0.9233
-0.93041
-0.92312
-0.92272
-0.92271
-0.93647
-0.93746
-0.91738
0
0
0
0
0
0
0
0
0
0
0
0
0
0
0
0
0
0
0
0
0
0
0
0
0
0
0
0
0
0
0
0
0
0
0
0
0
0
0
0
0
0
0
-5.0783
0
0
0
0
0
-0.93844
-0.93826
-0.94149
-0.93987
-0.93399
-0.93675
-0.9211
-0.9211
-0.9211
-0.93749
-0.92653
-0.92675
-0.94977
52.427
-0.92657
-0.92331
-0.9233
-0.93499
-0.93776
-0.93234
-0.92433
-0.92372
-0.92371
-0.92371
-0.92812
-0.92678
-0.9268
-0.92812
-0.9336
-0.92237
-0.92237
-0.92237
-0.92238
-0.92375
-0.93241
-0.91739
-0.92572
-0.93462
-0.92666
-0.92666
-0.92665
-0.92665
-0.92042
-0.93479
-0.9233
-0.93041
-0.92313
-0.92271
-0.92271
-0.93647
-0.93747
-0.91739
0
0
0
0
0
0
0
0
0
0
0
0
0
0
0
0
0
0
0
0
0
0
0
0
0
0
0
-5.0784
0
0
0
0
0
0
0
0
0
0
0
0
0
0
0
0
0
0
0
0
0
-0.91906
-0.91795
-0.92054
-0.91781
-0.91228
-0.91477
-0.90039
-0.90039
-0.90039
-0.91803
-0.90698
-0.90731
-0.92657
-0.92657
47.5264
-0.90373
-0.90373
-0.91351
-0.91563
-0.91079
-0.90484
-0.9043
-0.9043
-0.9043
-0.90898
-0.90731
-0.9074
-0.90868
-0.91398
-0.90305
-0.90304
-0.90304
-0.90305
-0.90392
-0.91342
-0.89901
-0.90653
-0.91487
-0.90713
-0.90713
-0.90713
-0.90713
-0.90198
-0.91489
-0.90364
-0.91117
-0.90366
-0.90325
-0.90323
-0.91709
-0.9175
-0.89786
0
0
0
0
0
0
0
0
-1.1732
0
0
0
0
0
0
0
0
0
0
0
0
0
0
0
0
0
0
0
0
0
0
0
0
0
0
0
0
0
0
0
0
0
0
0
0
0
0
0
0
-0.91621
-0.91481
-0.91733
-0.91456
-0.90904
-0.91159
-0.8973
-0.8973
-0.8973
-0.91499
-0.90366
-0.904
-0.9233
-0.92331
-0.90373
46.1914
-0.89946
-0.91046
-0.91272
-0.90793
-0.90158
-0.90113
-0.90112
-0.90112
-0.90632
-0.90408
-0.9041
-0.90533
-0.91069
-0.8998
-0.8998
-0.8998
-0.8998
-0.90081
-0.9101
-0.89589
-0.9034
-0.91148
-0.90379
-0.90379
-0.90378
-0.90378
-0.89885
-0.91162
-0.90027
-0.9079
-0.90031
-0.89989
-0.89988
-0.9137
-0.91404
-0.89448
0
0
0
0
0
0
0
0
0
0
0
0
0
0
0
0
0
0
0
0
0
0
0
0
0
0
0
0
0
0
0
0
0
0
0
0
0
0
0
0
0
0
0
0
0
0
0
0
0
-0.9162
-0.9148
-0.91733
-0.91456
-0.90904
-0.91159
-0.89729
-0.8973
-0.89729
-0.91499
-0.90366
-0.90401
-0.92331
-0.9233
-0.90373
-0.89946
46.1913
-0.91045
-0.91272
-0.90792
-0.90157
-0.90112
-0.90112
-0.90112
-0.90632
-0.90408
-0.90409
-0.90532
-0.91069
-0.8998
-0.89979
-0.8998
-0.89979
-0.90081
-0.9101
-0.89588
-0.90339
-0.91148
-0.90377
-0.90378
-0.90378
-0.90377
-0.89885
-0.91162
-0.90027
-0.90789
-0.9003
-0.89989
-0.89988
-0.9137
-0.91405
-0.89448
0
0
0
0
0
0
0
0
0
0
0
0
0
0
0
0
0
0
0
0
0
0
0
0
0
0
0
0
0
0
0
0
0
0
0
0
0
0
0
0
0
0
0
0
0
0
0
0
0
-0.92465
-0.92555
-0.92859
-0.92583
-0.91997
-0.92258
-0.90873
-0.90873
-0.90873
-0.924
-0.9134
-0.91367
-0.93499
-0.93499
-0.91351
-0.91046
-0.91045
50.5553
-0.92324
-0.91913
-0.91125
-0.91077
-0.91077
-0.91077
-0.91448
-0.91374
-0.91344
-0.91466
-0.9204
-0.90938
-0.90938
-0.90938
-0.90938
-0.91048
-0.91871
-0.90398
-0.91233
-0.92133
-0.91354
-0.91354
-0.91354
-0.91354
-0.90723
-0.92147
-0.91019
-0.91713
-0.91009
-0.90972
-0.9097
-0.92317
-0.92436
0
0
0
0
0
0
0
0
0
0
0
0
0
0
0
0
0
0
0
0
0
0
0
0
0
0
0
0
0
0
-4.7722
0
0
0
0
0
0
0
0
0
0
0
0
0
0
0
0
0
0
0
-0.92617
-0.92776
-0.93054
-0.92905
-0.92261
-0.9255
-0.91119
-0.91119
-0.91119
-0.92586
-0.91572
-0.9159
-0.93775
-0.93776
-0.91563
-0.91272
-0.91272
-0.92324
51.199
-0.91995
-0.91327
-0.91283
-0.91283
-0.91282
-0.91642
-0.91581
-0.91536
-0.91655
-0.92247
-0.9115
-0.9115
-0.9115
-0.9115
-0.90978
-0.92059
-0.90626
-0.91414
-0.92348
-0.91576
-0.91576
-0.91576
-0.91576
-0.90961
-0.92016
-0.91236
-0.91952
-0.91236
-0.91201
-0.91199
0
0
0
0
0
0
0
0
0
0
0
0
0
0
0
0
0
0
0
-2.5189
0
0
0
0
0
0
-4.648
0
0
0
0
0
0
0
0
0
0
0
0
0
0
0
0
0
0
0
0
0
0
0
0
0
-0.92173
-0.92276
-0.92558
-0.92367
-0.91771
-0.91973
-0.90702
-0.90701
-0.90701
-0.92136
-0.91075
-0.9109
-0.93234
-0.93234
-0.91079
-0.90793
-0.90792
-0.91913
-0.91995
50.3887
-0.90848
-0.90814
-0.90814
-0.90814
-0.91165
-0.91108
-0.91015
-0.91121
-0.91768
-0.90672
-0.90671
-0.90671
-0.90672
-0.90694
-0.91437
-0.89981
-0.90937
-0.91861
-0.91094
-0.91095
-0.91095
-0.91094
-0.90478
-0.91857
-0.90753
-0.91465
-0.9076
-0.90724
-0.90723
0
0
0
0
0
0
0
0
0
0
0
0
0
0
0
0
-2.075
0
0
0
0
0
0
0
0
0
0
0
0
0
0
-4.506
0
0
0
0
0
0
0
0
0
0
0
0
0
0
0
0
0
0
0
0
-0.91695
-0.91574
-0.91833
-0.91563
-0.91019
-0.91261
-0.89817
-0.89817
-0.89817
-0.91584
-0.90463
-0.90438
-0.92433
-0.92433
-0.90484
-0.90158
-0.90157
-0.91125
-0.91327
-0.90848
44.8538
-0.90222
-0.9022
-0.90221
-0.90615
-0.90504
-0.90463
-0.90621
-0.91168
-0.90077
-0.90076
-0.90077
-0.90077
-0.9018
-0.91024
-0.89647
-0.90338
-0.91237
-0.90471
-0.90472
-0.90471
-0.90472
-0.89954
-0.91252
-0.90155
-0.90872
-0.90128
-0.90085
-0.90084
0
0
0
0
0
0
0
0
0
0
-1.3435
0
0
0
0
0
0
0
0
0
0
0
0
0
0
0
0
0
0
0
0
0
0
0
0
0
0
0
0
0
0
0
0
0
0
0
0
0
0
0
0
0
-0.91647
-0.91516
-0.91766
-0.91497
-0.90941
-0.91198
-0.89765
-0.89765
-0.89766
-0.91531
-0.90406
-0.90447
-0.92371
-0.92372
-0.9043
-0.90113
-0.90112
-0.91077
-0.91283
-0.90814
-0.90222
43.4831
-0.89885
-0.89886
-0.90575
-0.90444
-0.90428
-0.90573
-0.91122
-0.90031
-0.9003
-0.90031
-0.90031
-0.90119
-0.91047
-0.89636
-0.90379
-0.91183
-0.90422
-0.90422
-0.90422
-0.90422
-0.89939
-0.912
-0.90072
-0.90836
-0.90075
-0.90031
-0.90031
0
0
0
0
0
0
0
0
0
0
0
0
0
0
0
0
0
0
0
0
0
0
0
0
0
0
0
0
0
0
0
0
0
0
0
0
0
0
0
0
0
0
0
0
0
0
0
0
0
0
0
0
-0.91647
-0.91515
-0.91765
-0.91497
-0.90941
-0.91198
-0.89765
-0.89765
-0.89765
-0.9153
-0.90405
-0.90446
-0.92371
-0.92371
-0.9043
-0.90112
-0.90112
-0.91077
-0.91283
-0.90814
-0.9022
-0.89885
43.483
-0.89885
-0.90574
-0.90444
-0.90428
-0.90573
-0.91122
-0.90031
-0.9003
-0.90031
-0.90031
-0.90119
-0.91047
-0.89635
-0.9038
-0.91183
-0.90421
-0.90423
-0.90422
-0.90422
-0.89938
-0.91201
-0.90072
-0.90836
-0.90074
-0.90032
-0.9003
0
0
0
0
0
0
0
0
0
0
0
0
0
0
0
0
0
0
0
0
0
0
0
0
0
0
0
0
0
0
0
0
0
0
0
0
0
0
0
0
0
0
0
0
0
0
0
0
0
0
0
0
-0.91647
-0.91516
-0.91765
-0.91498
-0.9094
-0.91198
-0.89765
-0.89765
-0.89765
-0.9153
-0.90405
-0.90446
-0.92371
-0.92371
-0.9043
-0.90112
-0.90112
-0.91077
-0.91282
-0.90814
-0.90221
-0.89886
-0.89885
43.483
-0.90575
-0.90444
-0.90428
-0.90573
-0.91122
-0.90031
-0.9003
-0.90031
-0.9003
-0.9012
-0.91046
-0.89635
-0.90379
-0.91183
-0.90422
-0.90422
-0.90422
-0.90422
-0.89939
-0.91201
-0.90071
-0.90835
-0.90075
-0.90032
-0.9003
0
0
0
0
0
0
0
0
0
0
0
0
0
0
0
0
0
0
0
0
0
0
0
0
0
0
0
0
0
0
0
0
0
0
0
0
0
0
0
0
0
0
0
0
0
0
0
0
0
0
0
0
-0.9196
-0.92001
-0.92249
-0.91993
-0.91427
-0.91684
-0.90198
-0.90198
-0.90198
-0.91886
-0.90875
-0.90917
-0.92812
-0.92812
-0.90898
-0.90632
-0.90632
-0.91448
-0.91642
-0.91165
-0.90615
-0.90575
-0.90574
-0.90575
45.9268
-0.90874
-0.90827
-0.90944
-0.9154
-0.90443
-0.90442
-0.90444
-0.90443
-0.90523
-0.91353
-0.89877
-0.90703
-0.91605
-0.90842
-0.90842
-0.90842
-0.90842
-0.90232
-0.91626
-0.905
-0.91202
-0.90495
0
0
0
0
0
0
0
0
0
0
0
0
0
0
0
0
0
0
0
0
0
0
0
0
0
0
0
0
0
0
0
0
0
0
0
0
0
0
0
0
0
0
0
0
0
0
0
-4.0528
0
0
0
0
0
0
-0.91949
-0.91819
-0.92071
-0.91802
-0.91243
-0.91501
-0.90059
-0.90059
-0.90059
-0.91832
-0.90706
-0.90748
-0.92678
-0.92678
-0.90731
-0.90408
-0.90408
-0.91374
-0.91581
-0.91108
-0.90504
-0.90444
-0.90444
-0.90444
-0.90874
41.8227
-0.90644
-0.9087
-0.91451
-0.9035
-0.9035
-0.90349
-0.90349
-0.9042
-0.91333
-0.89933
-0.90674
-0.91478
-0.90726
-0.90726
-0.90725
-0.90726
-0.90248
-0.91504
-0.90373
-0.91139
-0.90373
0
0
0
0
0
0
0
0
0
0
0
0
0
0
0
0
0
0
0
0
0
0
0
0
0
0
0
0
0
0
0
0
0
0
0
0
0
0
0
0
0
0
0
0
0
0
0
0
0
0
0
0
0
0
-0.91915
-0.91814
-0.92105
-0.91846
-0.91277
-0.91528
-0.90075
-0.90075
-0.90075
-0.91811
-0.90729
-0.90745
-0.92679
-0.9268
-0.9074
-0.9041
-0.90409
-0.91344
-0.91536
-0.91015
-0.90463
-0.90428
-0.90428
-0.90428
-0.90827
-0.90644
40.5727
-0.90595
-0.91629
-0.90492
-0.90491
-0.90491
-0.90491
-0.90403
-0.90631
-0.89432
-0.9048
-0.91451
-0.90745
-0.90746
-0.90745
-0.90745
0
0
0
0
0
0
0
0
0
0
0
0
0
0
0
0
0
0
0
0
0
0
0
0
0
0
0
0
0
0
0
0
0
0
0
0
0
0
0
0
0
0
0
0
0
0
-3.2968
0
0
0
0
0
0
0
0
0
0
0
0
-0.92034
-0.9193
-0.92233
-0.9197
-0.91346
-0.91647
-0.90185
-0.90185
-0.90184
-0.91934
-0.90851
-0.90902
-0.92811
-0.92812
-0.90868
-0.90533
-0.90532
-0.91466
-0.91655
-0.91121
-0.90621
-0.90573
-0.90573
-0.90573
-0.90944
-0.9087
-0.90595
40.9793
-0.9165
-0.90576
-0.90576
-0.90576
-0.90577
-0.90436
-0.90856
-0.89765
0
-0.91581
-0.90855
-0.90856
-0.90856
-0.90855
0
0
0
0
0
0
0
0
0
0
0
0
0
0
-1.3195
0
0
0
0
0
0
0
0
0
0
0
0
0
0
0
0
0
0
0
0
0
0
0
0
0
0
0
0
0
0
0
0
0
0
0
0
-3.2402
0
0
0
0
0
0
0
-0.92623
-0.9249
-0.92742
-0.92472
-0.91913
-0.9217
-0.9071
-0.9071
-0.9071
-0.92507
-0.91369
-0.91414
-0.9336
-0.9336
-0.91398
-0.91069
-0.91069
-0.9204
-0.92247
-0.91768
-0.91168
-0.91122
-0.91122
-0.91122
-0.9154
-0.91451
-0.91629
-0.9165
38.4867
-0.91053
-0.91053
-0.91053
-0.91053
-0.91124
-0.92127
-0.90778
-0.91373
-0.92106
-0.91442
-0.91443
-0.91443
-0.91442
0
-0.92238
0
0
0
0
0
0
0
0
0
0
0
0
0
0
0
0
0
0
0
0
0
0
0
0
0
0
0
0
0
0
0
0
0
0
0
0
0
0
0
0
0
0
0
0
0
0
0
0
0
0
0
0
0
0
0
0
0
-0.91511
-0.9138
-0.91627
-0.91364
-0.9081
-0.91065
-0.89626
-0.89626
-0.89627
-0.91395
-0.90277
-0.9032
-0.92236
-0.92237
-0.90305
-0.8998
-0.8998
-0.90938
-0.9115
-0.90672
-0.90077
-0.90031
-0.90031
-0.90031
-0.90443
-0.9035
-0.90492
-0.90576
-0.91053
37.1046
-0.89416
-0.89416
-0.89417
-0.89757
-0.91031
-0.89973
-0.90159
-0.90924
-0.9029
-0.90291
-0.9029
-0.9029
0
0
0
0
0
0
0
0
0
0
0
0
0
0
0
0
0
0
0
0
0
0
0
0
0
0
0
0
0
0
0
0
0
0
0
0
0
0
0
0
0
0
0
0
0
0
0
0
0
0
0
0
0
0
0
0
0
0
0
-0.9151
-0.9138
-0.91626
-0.91363
-0.90809
-0.91064
-0.89626
-0.89625
-0.89626
-0.91394
-0.90276
-0.9032
-0.92236
-0.92237
-0.90304
-0.8998
-0.89979
-0.90938
-0.9115
-0.90671
-0.90076
-0.9003
-0.9003
-0.9003
-0.90442
-0.9035
-0.90491
-0.90576
-0.91053
-0.89416
37.1044
-0.89416
-0.89416
-0.89757
-0.9103
-0.89971
-0.90158
-0.90924
-0.90289
-0.9029
-0.9029
-0.9029
0
0
0
0
0
0
0
0
0
0
0
0
0
0
0
0
0
0
0
0
0
0
0
0
0
0
0
0
0
0
0
0
0
0
0
0
0
0
0
0
0
0
0
0
0
0
0
0
0
0
0
0
0
0
0
0
0
0
0
-0.9151
-0.9138
-0.91627
-0.91363
-0.90809
-0.91064
-0.89626
-0.89626
-0.89626
-0.91395
-0.90277
-0.9032
-0.92237
-0.92237
-0.90304
-0.8998
-0.8998
-0.90938
-0.9115
-0.90671
-0.90077
-0.90031
-0.90031
-0.90031
-0.90444
-0.90349
-0.90491
-0.90576
-0.91053
-0.89416
-0.89416
37.1045
-0.89416
-0.89757
-0.9103
-0.89972
-0.90158
-0.90924
-0.9029
-0.90291
-0.9029
-0.9029
0
0
0
0
0
0
0
0
0
0
0
0
0
0
0
0
0
0
0
0
0
0
0
0
0
0
0
0
0
0
0
0
0
0
0
0
0
0
0
0
0
0
0
0
0
0
0
0
0
0
0
0
0
0
0
0
0
0
0
-0.91511
-0.9138
-0.91627
-0.91364
-0.9081
-0.91065
-0.89627
-0.89627
-0.89627
-0.91396
-0.90276
-0.9032
-0.92236
-0.92238
-0.90305
-0.8998
-0.89979
-0.90938
-0.9115
-0.90672
-0.90077
-0.90031
-0.90031
-0.9003
-0.90443
-0.90349
-0.90491
-0.90577
-0.91053
-0.89417
-0.89416
-0.89416
37.1046
-0.89757
-0.9103
-0.89973
-0.90159
-0.90925
-0.9029
-0.90291
-0.9029
-0.90291
0
0
0
0
0
0
0
0
0
0
0
0
0
0
0
0
0
0
0
0
0
0
0
0
0
0
0
0
0
0
0
0
0
0
0
0
0
0
0
0
0
0
0
0
0
0
0
0
0
0
0
0
0
0
0
0
0
0
0
-0.916
-0.91382
-0.91743
-0.91463
-0.90845
-0.91099
-0.89716
-0.89715
-0.89716
-0.91543
-0.90378
-0.90457
-0.92374
-0.92375
-0.90392
-0.90081
-0.90081
-0.91048
-0.90978
-0.90694
-0.9018
-0.90119
-0.90119
-0.9012
-0.90523
-0.9042
-0.90403
-0.90436
-0.91124
-0.89757
-0.89757
-0.89757
-0.89757
37.0883
-0.91501
0
0
-0.90434
0
0
0
0
0
0
0
0
0
0
0
0
0
0
0
0
0
0
-1.3
-2.1556
0
0
0
0
0
0
0
0
0
-1.9118
0
0
0
0
0
0
0
0
0
0
0
0
0
0
0
0
0
0
0
0
0
0
0
0
0
0
0
0
0
0
0
0
0
-0.92364
-0.92365
-0.92688
-0.92478
-0.91879
-0.92132
-0.90667
-0.90667
-0.90667
-0.92309
-0.91338
-0.91325
-0.93241
-0.93241
-0.91342
-0.9101
-0.9101
-0.91871
-0.92059
-0.91437
-0.91024
-0.91047
-0.91047
-0.91046
-0.91353
-0.91333
-0.90631
-0.90856
-0.92127
-0.91031
-0.9103
-0.9103
-0.9103
-0.91501
39.0412
0
0
-0.9186
0
0
0
0
0
0
0
0
0
0
0
0
0
0
0
0
0
0
0
0
0
0
0
0
0
0
0
0
0
0
0
0
0
0
0
0
0
0
0
0
-3.5004
0
0
0
0
0
0
0
0
0
0
0
-3.5004
0
0
0
0
0
0
0
0
0
0
-0.90726
-0.90857
-0.91169
-0.91
-0.9044
-0.90623
-0.89235
-0.89236
-0.89236
-0.9077
-0.89903
-0.89932
-0.91739
-0.91739
-0.89901
-0.89589
-0.89588
-0.90398
-0.90626
-0.89981
-0.89647
-0.89636
-0.89635
-0.89635
-0.89877
-0.89933
-0.89432
-0.89765
-0.90778
-0.89973
-0.89971
-0.89972
-0.89973
0
0
38.1933
0
0
0
0
0
0
0
0
0
0
0
0
0
0
0
0
0
0
0
0
0
0
0
0
0
0
0
0
0
0
-1.9465
0
0
0
0
0
0
0
0
0
0
0
0
0
0
0
0
-3.2488
0
0
0
0
0
0
0
0
0
0
0
0
0
0
0
-3.2488
0
-0.91703
-0.91753
-0.91994
-0.91764
-0.91221
-0.9145
-0.8999
-0.8999
-0.8999
-0.91648
-0.90652
-0.90618
-0.92572
-0.92572
-0.90653
-0.9034
-0.90339
-0.91233
-0.91414
-0.90937
-0.90338
-0.90379
-0.9038
-0.90379
-0.90703
-0.90674
-0.9048
0
-0.91373
-0.90159
-0.90158
-0.90158
-0.90159
0
0
0
34.0659
0
0
0
0
0
0
0
0
0
0
0
0
0
0
0
0
0
0
0
0
0
0
-1.3404
-1.1738
0
0
0
0
0
0
0
0
0
0
0
0
0
0
0
0
0
0
0
0
0
0
0
0
0
0
0
0
0
0
-2.47
0
0
0
0
0
0
0
0
0
-0.92746
-0.92595
-0.92848
-0.92571
-0.92013
-0.92271
-0.90798
-0.90798
-0.90798
-0.92618
-0.91459
-0.91504
-0.93461
-0.93462
-0.91487
-0.91148
-0.91148
-0.92133
-0.92348
-0.91861
-0.91237
-0.91183
-0.91183
-0.91183
-0.91605
-0.91478
-0.91451
-0.91581
-0.92106
-0.90924
-0.90924
-0.90924
-0.90925
-0.90434
-0.9186
0
0
32.0906
0
0
0
0
0
0
0
0
0
0
0
0
0
0
0
0
0
0
0
0
0
0
0
0
0
0
0
0
0
0
0
0
0
0
0
0
0
0
0
0
0
0
0
0
0
0
0
0
0
0
0
0
0
0
0
0
0
0
0
0
0
0
0
-0.91959
-0.91812
-0.92053
-0.91782
-0.91226
-0.91487
-0.90026
-0.90026
-0.90027
-0.91831
-0.90684
-0.9073
-0.92665
-0.92666
-0.90713
-0.90379
-0.90377
-0.91354
-0.91576
-0.91094
-0.90471
-0.90422
-0.90421
-0.90422
-0.90842
-0.90726
-0.90745
-0.90855
-0.91442
-0.9029
-0.90289
-0.9029
-0.9029
0
0
0
0
0
30.0197
0
0
0
0
0
0
0
0
0
0
0
0
0
0
0
0
0
0
0
0
0
0
0
0
0
0
0
0
0
0
0
0
0
0
0
0
0
0
0
0
0
0
0
0
0
0
0
0
0
0
0
0
0
0
0
0
0
0
0
0
0
0
-0.91959
-0.91813
-0.92053
-0.91783
-0.91226
-0.91487
-0.90027
-0.90026
-0.90027
-0.91831
-0.90685
-0.9073
-0.92665
-0.92666
-0.90713
-0.90379
-0.90378
-0.91354
-0.91576
-0.91095
-0.90472
-0.90422
-0.90423
-0.90422
-0.90842
-0.90726
-0.90746
-0.90856
-0.91443
-0.90291
-0.9029
-0.90291
-0.90291
0
0
0
0
0
0
30.0199
0
0
0
0
0
0
0
0
0
0
0
0
0
0
0
0
0
0
0
0
0
0
0
0
0
0
0
0
0
0
0
0
0
0
0
0
0
0
0
0
0
0
0
0
0
0
0
0
0
0
0
0
0
0
0
0
0
0
0
0
0
-0.91959
-0.91812
-0.92053
-0.91783
-0.91226
-0.91487
-0.90026
-0.90026
-0.90026
-0.91831
-0.90685
-0.9073
-0.92665
-0.92665
-0.90713
-0.90378
-0.90378
-0.91354
-0.91576
-0.91095
-0.90471
-0.90422
-0.90422
-0.90422
-0.90842
-0.90725
-0.90745
-0.90856
-0.91443
-0.9029
-0.9029
-0.9029
-0.9029
0
0
0
0
0
0
0
30.0198
0
0
0
0
0
0
0
0
0
0
0
0
0
0
0
0
0
0
0
0
0
0
0
0
0
0
0
0
0
0
0
0
0
0
0
0
0
0
0
0
0
0
0
0
0
0
0
0
0
0
0
0
0
0
0
0
0
0
0
0
-0.91959
-0.91813
-0.92053
-0.91783
-0.91226
-0.91486
-0.90026
-0.90025
-0.90026
-0.9183
-0.90685
-0.9073
-0.92665
-0.92665
-0.90713
-0.90378
-0.90377
-0.91354
-0.91576
-0.91094
-0.90472
-0.90422
-0.90422
-0.90422
-0.90842
-0.90726
-0.90745
-0.90855
-0.91442
-0.9029
-0.9029
-0.9029
-0.90291
0
0
0
0
0
0
0
0
30.0197
0
0
0
0
0
0
0
0
0
0
0
0
0
0
0
0
0
0
0
0
0
0
0
0
0
0
0
0
0
0
0
0
0
0
0
0
0
0
0
0
0
0
0
0
0
0
0
0
0
0
0
0
0
0
0
0
0
0
0
-0.91136
-0.91314
-0.915
-0.9132
-0.9072
-0.91009
-0.89531
-0.89531
-0.89531
-0.911
-0.90187
-0.9021
-0.92043
-0.92042
-0.90198
-0.89885
-0.89885
-0.90723
-0.90961
-0.90478
-0.89954
-0.89939
-0.89938
-0.89939
-0.90232
-0.90248
0
0
0
0
0
0
0
0
0
0
0
0
0
0
0
0
28.2182
0
0
0
0
0
0
0
0
0
0
0
0
0
0
0
0
0
0
0
0
0
0
0
0
0
0
0
0
0
0
0
0
0
0
0
0
0
0
0
0
0
0
0
-2.3413
0
0
0
0
0
0
0
0
0
0
0
0
0
-2.3413
-0.92746
-0.92556
-0.92845
-0.92567
-0.9201
-0.92241
-0.9079
-0.90789
-0.9079
-0.92647
-0.91454
-0.91522
-0.93479
-0.93479
-0.91489
-0.91162
-0.91162
-0.92147
-0.92016
-0.91857
-0.91252
-0.912
-0.91201
-0.91201
-0.91626
-0.91504
0
0
-0.92238
0
0
0
0
0
0
0
0
0
0
0
0
0
0
26.933
0
0
0
0
0
0
0
0
0
0
0
0
0
-2.1333
0
0
0
0
0
0
0
0
0
0
0
0
0
0
0
0
0
0
0
0
0
0
0
0
0
0
0
0
0
0
0
0
0
0
0
0
0
0
0
0
0
0
0
-0.91642
-0.91451
-0.91715
-0.91424
-0.90758
-0.91128
-0.8967
-0.89669
-0.89669
-0.91506
-0.90329
-0.90412
-0.9233
-0.9233
-0.90364
-0.90027
-0.90027
-0.91019
-0.91236
-0.90753
-0.90155
-0.90072
-0.90072
-0.90071
-0.905
-0.90373
0
0
0
0
0
0
0
0
0
0
0
0
0
0
0
0
0
0
24.868
0
0
0
0
0
0
0
0
0
0
0
-1.281
0
0
0
0
0
0
0
0
0
0
0
0
0
0
0
0
0
0
0
0
0
0
0
0
0
0
0
0
0
0
0
0
0
0
0
0
0
0
0
0
0
0
0
0
-0.92241
-0.92241
-0.92461
-0.92225
-0.91644
-0.91921
-0.90435
-0.90434
-0.90435
-0.92152
-0.91097
-0.91133
-0.93041
-0.93041
-0.91117
-0.9079
-0.90789
-0.91713
-0.91952
-0.91465
-0.90872
-0.90836
-0.90836
-0.90835
-0.91202
-0.91139
0
0
0
0
0
0
0
0
0
0
0
0
0
0
0
0
0
0
0
25.7359
0
0
0
0
0
0
0
0
0
0
0
0
0
0
0
0
0
0
0
0
0
0
0
0
0
-1.9554
0
0
0
0
0
0
0
0
0
0
0
0
0
0
0
0
0
0
0
0
0
0
0
0
0
0
0
0
0
-0.91623
-0.91466
-0.917
-0.91429
-0.90878
-0.91136
-0.8968
-0.8968
-0.8968
-0.91488
-0.90336
-0.90382
-0.92312
-0.92313
-0.90366
-0.90031
-0.9003
-0.91009
-0.91236
-0.9076
-0.90128
-0.90075
-0.90074
-0.90075
-0.90495
-0.90373
0
0
0
0
0
0
0
0
0
0
0
0
0
0
0
0
0
0
0
0
23.5875
0
0
0
0
0
0
0
0
0
0
0
0
0
0
0
0
0
0
0
0
0
0
0
0
0
0
0
0
0
0
0
0
0
0
0
0
0
0
0
0
0
0
0
0
0
0
0
0
0
0
0
0
0
0
-0.91593
-0.91425
-0.91658
-0.91384
-0.90834
-0.91093
-0.89635
-0.89635
-0.89636
-0.91454
-0.90292
-0.90341
-0.92272
-0.92271
-0.90325
-0.89989
-0.89989
-0.90972
-0.91201
-0.90724
-0.90085
-0.90031
-0.90032
-0.90032
0
0
0
0
0
0
0
0
0
0
0
0
0
0
0
0
0
0
0
0
0
0
0
21.769
0
0
0
0
0
0
0
0
0
0
0
0
0
0
0
0
0
0
0
0
0
0
0
0
0
0
0
0
0
0
0
0
0
0
0
0
0
0
0
0
0
0
0
0
0
0
0
0
0
0
0
0
0
-0.91591
-0.91424
-0.91656
-0.91383
-0.90833
-0.91092
-0.89634
-0.89634
-0.89635
-0.91452
-0.90291
-0.90339
-0.92271
-0.92271
-0.90323
-0.89988
-0.89988
-0.9097
-0.91199
-0.90723
-0.90084
-0.90031
-0.9003
-0.9003
0
0
0
0
0
0
0
0
0
0
0
0
0
0
0
0
0
0
0
0
0
0
0
0
21.7687
0
0
0
0
0
0
0
0
0
0
0
0
0
0
0
0
0
0
0
0
0
0
0
0
0
0
0
0
0
0
0
0
0
0
0
0
0
0
0
0
0
0
0
0
0
0
0
0
0
0
0
0
-0.92886
-0.92869
-0.9307
-0.92846
-0.92239
-0.92538
-0.91017
-0.91017
-0.91017
-0.92773
-0.91673
-0.91724
-0.93647
-0.93647
-0.91709
-0.9137
-0.9137
-0.92317
0
0
0
0
0
0
0
0
0
0
0
0
0
0
0
0
0
0
0
0
0
0
0
0
0
0
0
0
0
0
0
18.4484
0
0
0
0
0
0
0
0
0
0
0
0
0
0
0
0
0
0
0
0
0
0
0
0
0
0
0
0
0
0
0
0
0
0
0
0
0
-1.8512
0
0
0
0
0
0
0
0
0
0
0
0
0
-0.93108
-0.92886
-0.93108
-0.92832
-0.92277
-0.92547
-0.91056
-0.91056
-0.91056
-0.92945
-0.91714
-0.91769
-0.93746
-0.93747
-0.9175
-0.91404
-0.91405
-0.92436
0
0
0
0
0
0
0
0
0
0
0
0
0
0
0
0
0
0
0
0
0
0
0
0
0
0
0
0
0
0
0
0
16.6084
0
0
0
0
0
0
0
0
0
0
0
0
0
0
0
0
0
0
0
0
0
0
0
0
0
0
0
0
0
0
0
0
0
0
0
0
0
0
0
0
0
0
0
0
0
0
0
0
0
0
-0.91159
-0.90908
-0.91118
-0.90851
-0.90305
-0.90571
-0.8912
-0.8912
-0.8912
-0.90981
-0.89756
-0.89806
-0.91738
-0.91739
-0.89786
-0.89448
-0.89448
0
0
0
0
0
0
0
0
0
0
0
0
0
0
0
0
0
0
0
0
0
0
0
0
0
0
0
0
0
0
0
0
0
0
15.3498
0
0
0
0
0
0
0
0
0
0
0
0
0
0
0
0
0
0
0
0
0
0
0
0
0
0
0
0
0
0
0
0
0
0
0
0
0
0
0
0
0
0
0
0
0
0
0
0
0
-1.0125
-1.0084
-1.0097
-1.0073
-1.0017
-1.0047
-0.98842
-0.98842
-0.98842
0
-0.99592
0
0
0
0
0
0
0
0
0
0
0
0
0
0
0
0
0
0
0
0
0
0
0
0
0
0
0
0
0
0
0
0
0
0
0
0
0
0
0
0
0
10.3049
0
0
0
0
0
0
0
0
0
0
0
0
0
0
0
0
0
0
0
0
0
0
0
0
0
0
0
0
0
0
0
0
0
0
0
0
-0.29938
0
0
0
0
0
0
0
0
0
0
0
-1.0597
-1.0547
-1.0562
-1.0535
-1.0475
-1.0509
-1.0335
-1.0335
-1.0335
0
-1.0416
0
0
0
0
0
0
0
0
0
0
0
0
0
0
0
0
0
0
0
0
0
0
0
0
0
0
0
0
0
0
0
0
0
0
0
0
0
0
0
0
0
0
10.4646
0
0
0
0
0
0
0
0
0
0
0
0
0
0
0
0
0
0
0
0
0
0
0
0
0
0
0
0
0
0
0
0
0
0
0
0
0
0
0
0
0
0
0
0
0
0
0
-1.0182
-1.0115
-1.0131
-1.0099
-1.0043
-1.0076
-0.99108
-0.99108
-0.99109
0
0
0
0
0
0
0
0
0
0
0
0
0
0
0
0
0
0
0
0
0
0
0
0
0
0
0
0
0
0
0
0
0
0
0
0
0
0
0
0
0
0
0
0
0
9.0379
0
0
0
0
0
0
0
0
0
0
0
0
0
0
0
0
0
0
0
0
0
0
0
0
0
0
0
0
0
0
0
0
0
0
0
0
0
0
0
0
0
0
0
0
0
0
-1.0186
-1.0118
-1.0134
-1.0103
-1.0047
-1.008
-0.99146
-0.99146
-0.99146
0
0
0
0
0
0
0
0
0
0
0
0
0
0
0
0
0
0
0
0
0
0
0
0
0
0
0
0
0
0
0
0
0
0
0
0
0
0
0
0
0
0
0
0
0
0
9.0412
0
0
0
0
0
0
0
0
0
0
0
0
0
0
0
0
0
0
0
0
0
0
0
0
0
0
0
0
0
0
0
0
0
0
0
0
0
0
0
0
0
0
0
0
0
0
0
0
0
-1.3266
0
0
0
0
0
0
0
0
0
0
0
0
0
0
0
0
0
0
0
0
0
0
-1.3195
0
0
0
0
0
-1.3
0
0
0
0
0
0
0
0
0
0
-1.281
0
0
0
0
0
0
0
0
0
0
0
6.6072
0
0
0
0
0
-1.3801
0
0
0
0
0
0
0
0
0
0
0
0
0
0
0
0
0
0
0
0
0
0
0
0
0
0
0
0
0
0
0
0
0
0
0
0
0
0
0
0
0
0
0
0
0
0
0
0
0
0
0
0
0
0
0
0
0
0
0
0
0
0
0
0
0
0
0
0
0
0
0
-2.1556
0
0
0
0
0
0
0
0
0
-2.1333
0
0
0
0
0
0
0
0
0
0
0
0
0
8.6007
0
0
0
0
0
0
0
0
0
0
0
-1.7327
0
0
0
0
0
0
0
0
0
0
0
0
-2.5791
0
0
0
0
0
0
0
0
0
0
0
0
0
0
0
0
0
0
0
0
0
0
0
-1.659
0
0
0
0
0
0
0
0
0
0
0
0
0
0
0
0
0
0
0
0
0
0
0
0
0
0
0
0
0
0
0
0
0
0
0
0
0
0
0
0
0
0
0
0
0
0
0
0
0
0
0
0
6.8951
0
0
0
0
0
-1.5812
-1.5832
0
0
0
0
0
0
0
0
0
0
0
0
0
0
0
0
0
0
0
0
0
0
0
0
0
0
0
0
0
0
-2.0717
0
0
0
0
0
0
0
0
0
0
0
0
0
0
0
-1.3496
0
0
0
0
0
0
0
0
-1.3435
0
0
0
0
0
0
0
0
0
0
0
0
0
0
0
-1.3404
0
0
0
0
0
0
0
0
0
0
0
0
0
0
0
0
0
0
0
0
0
0
5.754
0
0
-1.7205
0
0
0
0
0
0
0
0
0
0
0
0
0
0
0
0
0
0
0
0
0
0
0
0
0
0
0
0
0
0
0
0
0
0
0
0
0
0
0
0
0
0
0
0
0
0
0
0
0
0
0
0
-1.1732
0
0
0
0
0
0
0
0
0
0
0
0
0
0
0
0
0
0
0
0
0
-1.1738
0
0
0
0
0
0
0
0
0
0
0
0
0
0
0
0
0
0
0
0
0
0
0
4.161
0
0
0
0
0
0
0
0
0
0
0
0
0
0
0
0
-1.814
0
0
0
0
0
0
0
0
0
0
0
0
0
0
0
0
0
0
0
0
0
0
0
0
0
-2.1384
-2.1346
0
0
0
0
0
0
0
0
0
0
0
0
0
0
0
0
0
0
0
0
0
0
0
0
0
0
0
0
0
0
0
0
0
0
0
0
0
0
0
0
0
0
0
0
0
0
0
0
0
0
0
0
0
0
0
0
0
7.0516
0
0
0
0
0
0
0
0
0
0
0
0
0
0
0
0
0
0
0
0
0
0
0
0
0
0
0
0
0
0
0
0
0
0
0
0
-2.7786
0
0
0
0
0
0
0
0
0
0
0
0
0
0
0
0
0
0
0
0
0
0
0
0
0
0
0
0
0
0
0
0
0
0
0
0
0
0
0
0
0
0
0
0
0
0
0
0
0
0
0
0
0
0
0
0
0
0
-1.3801
0
0
-1.7205
0
0
4.0138
0
0
0
0
0
0
0
0
0
0
0
0
0
0
0
0
0
0
0
0
0
-0.91316
0
0
0
0
0
0
0
0
0
0
0
0
0
0
0
0
-1.4132
-1.4003
0
0
0
0
0
0
0
0
0
0
0
0
0
0
0
0
0
0
0
0
0
0
0
0
0
0
0
0
0
0
0
0
0
0
0
0
0
0
0
0
0
0
0
0
0
0
0
0
0
0
0
0
0
0
0
0
0
0
0
0
0
5.0995
0
0
0
0
0
0
0
0
0
0
0
0
0
0
0
0
0
0
0
0
0
-2.286
0
0
0
0
0
0
0
0
0
0
0
0
0
0
0
0
-2.0529
0
0
0
0
0
0
0
0
0
0
0
0
0
0
0
0
0
0
0
0
0
0
0
0
0
0
0
0
0
0
0
0
0
0
0
0
0
0
0
0
0
0
0
0
0
0
0
0
0
0
0
0
0
0
0
0
-1.5812
0
0
0
0
0
3.6341
0
0
0
0
0
0
0
0
0
0
0
0
0
0
0
0
0
0
0
0
0
0
0
0
0
0
0
0
0
0
0
0
0
0
0
0
0
0
0
0
0
0
0
0
0
0
0
0
0
0
0
0
0
0
0
-2.075
0
0
0
0
0
0
0
0
0
0
0
0
0
0
0
0
0
0
0
0
0
0
0
0
0
0
0
0
0
0
0
0
0
0
0
0
0
0
-1.5832
0
0
0
0
0
0
3.6582
0
0
0
0
0
0
0
0
0
0
0
0
0
0
0
0
0
0
0
0
0
0
0
0
0
0
0
0
0
0
0
0
0
0
0
0
0
0
0
0
0
0
0
0
0
0
0
0
0
0
0
0
0
0
0
0
0
0
0
0
0
0
0
0
0
0
0
0
0
0
-1.9465
0
0
0
0
0
0
0
0
0
0
0
0
0
0
0
0
0
0
0
0
0
0
0
0
0
0
0
0
0
0
3.9869
0
0
0
-2.0404
0
0
0
0
0
0
0
0
0
0
0
0
0
0
0
0
0
0
0
0
0
0
0
0
0
0
0
0
0
0
0
0
0
0
0
0
0
0
0
0
0
0
0
0
0
0
0
0
0
0
0
0
0
0
0
0
0
0
0
0
0
0
0
-1.9118
0
0
0
0
0
0
0
0
0
0
0
0
0
0
0
0
0
0
0
0
0
0
0
0
0
0
0
0
0
0
0
0
0
3.9813
0
0
-2.0695
0
0
0
0
0
0
0
0
0
0
0
0
0
0
0
0
0
0
0
0
0
0
0
0
0
0
0
0
0
0
0
0
0
0
0
0
0
0
0
0
0
0
0
0
0
0
0
0
-2.5189
0
0
0
0
0
0
0
0
0
0
0
0
0
0
0
0
0
0
0
0
0
0
0
0
0
0
0
0
0
0
0
0
0
0
0
0
0
0
0
0
0
0
0
0
0
0
0
0
0
5.1195
-2.6006
0
0
0
0
0
0
0
0
0
0
0
0
0
0
0
0
0
0
0
0
0
0
0
0
0
0
0
0
0
0
0
0
0
0
0
0
0
0
0
0
0
0
0
0
0
0
0
0
0
0
0
0
0
0
0
0
0
0
0
0
0
0
0
0
0
0
0
0
0
0
0
0
0
0
0
0
0
0
0
0
0
0
0
0
0
0
0
0
-1.7327
0
0
0
0
0
0
0
0
0
0
-2.6006
4.3333
0
0
0
0
0
0
0
0
0
0
0
0
0
0
0
0
0
0
0
0
0
0
0
0
0
0
0
0
0
0
0
0
0
0
0
0
0
0
0
0
0
0
0
0
0
0
0
0
0
0
0
0
0
0
0
0
0
0
0
0
0
0
0
0
0
0
0
0
0
0
0
0
0
0
0
0
0
0
0
0
0
0
0
0
0
0
0
0
0
0
0
0
0
0
0
0
0
-2.0404
-2.0695
0
0
4.1099
0
0
0
0
0
0
0
0
0
0
0
0
0
0
0
0
0
0
0
0
0
0
0
0
0
0
0
0
0
0
0
0
0
0
0
0
0
0
0
0
0
0
0
0
0
0
0
0
0
0
0
0
0
0
0
0
0
0
0
0
0
0
0
0
0
0
0
0
0
0
0
0
0
0
0
-1.9554
0
0
0
0
0
0
0
0
0
0
0
0
0
0
0
0
0
0
0
0
0
0
0
0
0
1.9554
0
0
0
0
0
0
0
0
0
0
0
0
0
0
0
0
0
0
0
0
0
0
0
0
0
0
0
0
0
-5.184
0
0
0
0
0
0
0
0
0
0
0
0
0
0
0
0
0
0
0
0
0
0
0
0
0
0
0
0
0
0
0
0
0
0
0
0
0
0
0
0
0
0
0
0
0
0
0
0
0
0
0
0
0
0
0
0
0
0
0
0
0
0
0
0
0
0
0
0
0
0
0
5.184
0
0
0
0
0
0
0
0
0
0
0
0
0
0
0
0
0
0
0
0
0
0
0
0
0
0
0
0
-5.184
0
0
0
0
0
0
0
0
0
0
0
0
0
0
0
0
0
0
0
0
0
0
0
0
0
0
0
0
0
0
0
0
0
0
0
0
0
0
0
0
0
0
0
0
0
0
0
0
0
0
0
0
0
0
0
0
0
0
0
0
0
0
0
0
0
0
0
0
0
0
0
0
5.184
0
0
0
0
0
0
0
0
0
0
0
0
0
0
0
0
0
0
0
0
0
0
0
0
0
0
0
0
0
0
0
0
0
0
0
0
-4.8607
0
0
0
0
0
0
0
0
0
0
0
0
0
0
0
0
0
0
0
0
0
0
0
0
0
0
0
0
0
0
0
0
0
0
0
0
0
0
0
0
0
0
0
0
0
0
0
0
0
0
0
0
0
0
0
0
0
0
0
0
0
0
0
0
4.8607
0
0
0
0
0
0
0
0
0
0
0
0
0
0
0
0
0
0
0
0
0
0
0
0
0
0
0
0
0
0
0
0
0
0
0
0
0
0
0
0
0
0
0
0
-4.648
0
0
0
0
0
0
0
0
0
0
0
0
0
0
0
0
0
0
0
0
0
0
0
0
0
0
0
0
0
0
0
0
0
0
0
0
0
0
0
0
0
0
0
0
0
0
0
0
0
0
0
0
0
0
0
0
4.648
0
0
0
0
0
0
0
0
0
0
0
0
0
0
0
0
0
0
0
0
0
0
0
0
0
0
0
-5.3292
0
0
0
0
0
0
0
0
0
0
0
0
0
0
0
0
0
0
0
0
0
0
0
0
0
0
0
0
0
0
0
0
0
0
0
0
0
0
0
0
0
0
0
0
0
0
0
0
0
0
0
0
0
0
0
0
0
0
0
0
0
0
0
0
0
0
0
0
0
0
0
0
0
5.3292
0
0
0
0
0
0
0
0
0
0
0
0
0
0
0
0
0
0
0
0
0
0
0
0
0
0
0
0
0
0
0
0
0
0
0
0
0
0
0
0
0
0
0
0
0
0
0
0
0
0
0
0
0
0
0
0
0
0
0
0
0
0
0
0
0
0
0
0
0
0
0
0
0
0
0
0
0
0
0
0
0
0
0
0
-1.814
0
0
0
0
0
0
0
0
0
0
0
0
0
0
0
0
1.814
0
0
0
0
0
0
0
0
0
0
0
0
0
0
0
0
0
0
0
0
0
0
0
0
0
0
0
0
0
0
0
0
0
0
0
0
0
0
0
0
0
0
0
0
0
0
0
0
0
0
0
0
0
0
0
0
0
-3.5004
0
0
0
0
0
0
0
0
0
0
0
0
0
0
0
0
0
0
0
0
0
0
0
0
0
0
0
0
0
0
0
0
0
0
0
0
0
0
0
0
0
0
0
3.5004
0
0
0
0
0
0
0
0
0
0
0
0
0
0
0
0
0
0
0
0
0
0
0
0
0
0
0
0
0
0
0
0
0
0
0
-5.0784
0
0
0
0
0
0
0
0
0
0
0
0
0
0
0
0
0
0
0
0
0
0
0
0
0
0
0
0
0
0
0
0
0
0
0
0
0
0
0
0
0
0
0
0
0
0
0
0
0
0
0
0
0
0
0
0
0
0
0
0
0
0
0
0
0
5.0784
0
0
0
0
0
0
0
0
0
0
0
0
0
0
0
0
0
0
0
0
0
0
0
0
0
0
0
0
0
0
0
0
0
0
0
0
0
0
0
0
-4.506
0
0
0
0
0
0
0
0
0
0
0
0
0
0
0
0
0
0
0
0
0
0
0
0
0
0
0
0
0
0
0
0
0
0
0
0
0
0
0
0
0
0
0
0
0
0
0
0
0
0
0
0
0
0
0
0
0
0
0
0
4.506
0
0
0
0
0
0
0
0
0
0
0
0
0
0
0
0
0
0
0
0
0
0
0
0
0
0
0
0
0
0
0
0
0
0
0
0
0
-4.7722
0
0
0
0
0
0
0
0
0
0
0
0
0
0
0
0
0
0
0
0
0
0
0
0
0
0
0
0
0
0
0
0
0
0
0
0
0
0
0
0
0
0
0
0
0
0
0
0
0
0
0
0
0
0
0
0
0
0
0
0
0
0
0
4.7722
0
0
0
0
0
0
0
0
0
0
0
0
0
0
0
0
0
0
0
0
0
0
0
0
0
0
0
0
0
0
0
0
0
0
0
0
0
0
0
0
0
0
0
0
0
0
0
0
0
0
0
0
0
0
0
0
0
0
0
0
0
0
0
0
0
0
0
0
0
0
0
0
0
0
0
0
-2.5791
0
0
0
0
0
0
0
0
0
0
0
0
0
0
0
0
0
0
0
0
0
0
0
0
2.5791
0
0
0
0
0
0
0
0
0
0
0
0
0
0
0
0
0
0
0
0
0
0
0
0
0
0
0
0
0
0
0
0
0
0
0
0
0
0
0
0
0
0
0
0
0
0
0
0
0
0
0
0
0
-3.2488
0
0
0
0
0
0
0
0
0
0
0
0
0
0
0
0
0
0
0
0
0
0
0
0
0
0
0
0
0
0
0
0
0
0
0
0
0
0
0
0
0
0
0
0
0
0
0
3.2488
0
0
0
0
0
0
0
0
0
0
0
0
0
0
0
0
0
0
0
0
0
0
0
0
0
0
0
0
0
0
0
0
0
0
0
0
0
0
0
0
0
0
0
0
0
0
0
0
0
0
0
0
0
0
0
0
0
0
0
0
0
0
0
0
0
0
0
0
0
0
0
0
0
0
0
0
0
0
0
-0.91316
0
0
0
0
0
0
0
0
0
0
0
0
0
0
0
0
0
0
0
0
0
0.91316
0
0
0
0
0
0
0
0
0
0
0
0
0
0
0
0
0
0
0
0
0
0
0
0
0
0
0
0
0
0
0
0
0
0
0
0
0
0
0
0
0
0
0
0
0
0
0
0
0
0
0
0
0
0
0
0
0
0
0
0
0
0
0
0
0
0
0
0
0
0
0
0
0
0
0
0
0
0
0
-2.286
0
0
0
0
0
0
0
0
0
0
0
0
0
0
0
0
0
0
0
0
0
2.286
0
0
0
0
0
0
0
0
0
0
0
0
0
0
0
0
0
0
0
0
0
0
0
0
0
0
0
0
0
0
0
0
0
0
0
0
0
0
0
0
0
0
0
0
0
0
0
0
0
0
0
0
0
0
0
0
0
-2.3413
0
0
0
0
0
0
0
0
0
0
0
0
0
0
0
0
0
0
0
0
0
0
0
0
0
0
0
0
0
0
0
0
0
0
0
0
0
0
0
0
0
0
0
2.3413
0
0
0
0
0
0
0
0
0
0
0
0
0
0
0
0
0
0
0
0
0
0
0
0
0
0
0
0
0
0
0
0
0
0
0
0
0
0
0
0
0
0
0
0
0
0
0
0
0
0
0
0
0
0
0
0
0
0
0
0
0
0
0
-1.8512
0
0
0
0
0
0
0
0
0
0
0
0
0
0
0
0
0
0
0
0
0
0
0
0
0
0
0
0
0
0
0
0
0
0
0
0
0
1.8512
0
0
0
0
0
0
0
0
0
0
0
0
0
0
0
0
0
0
0
0
0
0
0
0
0
0
0
0
0
0
0
0
0
0
0
0
0
0
0
-3.2968
0
0
0
0
0
0
0
0
0
0
0
0
0
0
0
0
0
0
0
0
0
0
0
0
0
0
0
0
0
0
0
0
0
0
0
0
0
0
0
0
0
0
0
0
0
0
0
0
0
0
0
0
0
0
0
0
0
0
0
0
0
3.2968
0
0
0
0
0
0
0
0
0
0
0
0
0
0
0
0
0
0
0
0
0
0
0
0
0
0
0
0
0
0
0
0
0
0
0
0
0
0
0
0
0
0
0
0
0
0
0
0
0
0
0
0
0
0
0
0
0
0
0
0
0
0
0
0
-0.29938
0
0
0
0
0
0
0
0
0
0
0
0
0
0
0
0
0
0
0
0
0
0
0
0
0
0
0
0
0
0
0
0
0
0
0
0
0.29938
0
0
0
0
0
0
0
0
0
0
0
0
0
0
0
0
0
0
0
0
0
0
0
0
0
0
0
0
0
0
0
0
0
0
0
0
0
0
0
0
0
0
0
0
0
-3.5004
0
0
0
0
0
0
0
0
0
0
0
0
0
0
0
0
0
0
0
0
0
0
0
0
0
0
0
0
0
0
0
0
0
0
0
0
0
0
0
0
0
0
0
0
0
0
0
0
0
0
0
0
0
0
0
3.5004
0
0
0
0
0
0
0
0
0
0
0
0
0
0
0
0
0
0
0
0
0
0
0
0
0
0
0
0
0
0
0
0
0
0
0
0
0
0
0
0
0
0
0
0
0
0
-2.47
0
0
0
0
0
0
0
0
0
0
0
0
0
0
0
0
0
0
0
0
0
0
0
0
0
0
0
0
0
0
0
0
0
0
0
0
0
0
0
0
0
0
0
0
0
0
0
0
0
0
0
0
0
0
2.47
0
0
0
0
0
0
0
0
0
0
0
0
0
0
0
0
0
0
-4.8607
0
0
0
0
0
0
0
0
0
0
0
0
0
0
0
0
0
0
0
0
0
0
0
0
0
0
0
0
0
0
0
0
0
0
0
0
0
0
0
0
0
0
0
0
0
0
0
0
0
0
0
0
0
0
0
0
0
0
0
0
0
0
0
0
0
0
0
0
0
0
0
0
0
0
0
0
0
0
0
0
0
0
4.8607
0
0
0
0
0
0
0
0
0
0
0
0
0
0
0
0
0
0
0
0
0
0
0
0
0
0
0
0
0
0
0
0
0
0
0
-3.2402
0
0
0
0
0
0
0
0
0
0
0
0
0
0
0
0
0
0
0
0
0
0
0
0
0
0
0
0
0
0
0
0
0
0
0
0
0
0
0
0
0
0
0
0
0
0
0
0
0
0
0
0
0
0
0
0
0
0
0
0
0
0
0
0
0
3.2402
0
0
0
0
0
0
0
0
0
0
0
0
0
0
0
0
0
0
0
0
0
0
0
0
0
0
0
0
0
0
0
-4.0528
0
0
0
0
0
0
0
0
0
0
0
0
0
0
0
0
0
0
0
0
0
0
0
0
0
0
0
0
0
0
0
0
0
0
0
0
0
0
0
0
0
0
0
0
0
0
0
0
0
0
0
0
0
0
0
0
0
0
0
0
0
0
0
0
0
0
0
0
0
4.0528
0
0
0
0
0
0
0
0
0
0
0
0
0
0
0
0
0
0
-5.0783
0
0
0
0
0
0
0
0
0
0
0
0
0
0
0
0
0
0
0
0
0
0
0
0
0
0
0
0
0
0
0
0
0
0
0
0
0
0
0
0
0
0
0
0
0
0
0
0
0
0
0
0
0
0
0
0
0
0
0
0
0
0
0
0
0
0
0
0
0
0
0
0
0
0
0
0
0
0
0
0
0
0
5.0783
0
0
0
0
0
0
0
0
0
0
0
0
0
0
0
0
0
0
0
0
0
0
0
0
0
0
0
0
0
0
0
0
0
0
0
0
0
0
0
0
0
0
0
0
0
0
0
0
0
0
0
0
0
0
0
0
0
0
0
0
0
0
0
-2.0717
0
0
0
0
0
0
0
0
0
0
0
0
0
0
0
0
0
0
0
0
0
0
0
0
0
0
0
0
0
0
0
0
0
0
0
0
0
2.0717
0
0
0
0
-5.184
0
0
0
0
0
0
0
0
0
0
0
0
0
0
0
0
0
0
0
0
0
0
0
0
0
0
0
0
0
0
0
0
0
0
0
0
0
0
0
0
0
0
0
0
0
0
0
0
0
0
0
0
0
0
0
0
0
0
0
0
0
0
0
0
0
0
0
0
0
0
0
0
0
0
0
0
0
0
0
0
0
0
0
0
0
0
0
0
0
0
0
0
0
0
0
0
5.184
0
0
0
0
0
0
0
0
0
0
0
0
0
0
0
0
0
0
0
0
0
0
0
0
0
0
0
0
0
0
0
0
0
0
0
0
0
0
0
0
0
0
0
0
0
0
0
0
0
0
0
0
0
0
0
0
0
0
0
0
0
0
0
0
-2.7786
0
0
0
0
0
0
0
0
0
0
0
0
0
0
0
0
0
0
0
0
0
0
0
0
0
0
0
0
0
0
0
0
0
0
0
0
2.7786
0
0
0
0
0
0
0
0
0
0
0
0
0
0
0
0
0
0
0
0
0
0
0
0
0
0
0
0
0
0
0
0
0
0
0
0
0
-3.2488
0
0
0
0
0
0
0
0
0
0
0
0
0
0
0
0
0
0
0
0
0
0
0
0
0
0
0
0
0
0
0
0
0
0
0
0
0
0
0
0
0
0
0
0
0
0
0
0
0
0
0
0
0
0
0
0
0
0
0
0
0
0
0
3.2488
0
0
0
0
0
0
0
0
0
0
0
0
0
0
0
0
0
0
0
0
0
0
0
0
0
0
0
0
0
0
0
0
0
0
0
0
0
0
0
0
0
0
0
-2.3413
0
0
0
0
0
0
0
0
0
0
0
0
0
0
0
0
0
0
0
0
0
0
0
0
0
0
0
0
0
0
0
0
0
0
0
0
0
0
0
0
0
0
0
0
0
0
0
0
0
0
0
0
0
0
0
0
0
2.3413
