1
1.3318
1.4557
1.4975
1.5216
1.514
1.522
1.5415
1.5614
1.5777
1.6424
1.6966
1.7469
1.7926
1.8352
1.8743
1.9105
1.9457
1.9778
2.0093
2.0378
2.0673
2.0934
2.12
2.144
2.1694
2.1912
2.2159
2.2374
2.26
2.2809
2.3036
2.324
2.3459
2.3649
2.3854
2.4034
2.4229
2.4402
2.4586
2.475
2.4921
2.5073
2.523
2.5372
2.5517
2.5652
2.5788
2.5915
2.6041
2.6158
2.6267
2.6361
2.6443
2.6512
2.6571
2.6623
2.6669
2.6711
2.6751
2.679
2.6828
2.6866
2.6904
2.6941
2.6979
2.7017
2.7056
2.7096
2.7139
2.7185
2.7233
2.7285
2.7339
2.7397
2.7456
2.7517
2.7578
2.7641
2.7703
2.7765
2.7826
2.7889
2.7952
2.8016
2.8082
2.815
2.8221
2.8294
2.8369
2.8447
