1
0.97448
0.96499
0.95735
0.95329
0.94732
0.94241
0.93831
0.93468
0.93143
0.92837
0.92537
0.92239
0.91939
0.91631
0.91312
0.90977
0.90623
0.90247
0.89848
0.89432
0.89009
0.88592
0.88194
0.8782
0.87474
0.87155
0.86862
0.8659
0.86338
0.86103
0.85882
0.85672
0.85474
0.85285
0.85107
0.84937
0.84777
0.84626
0.84484
0.84351
0.84227
0.84112
0.84006
0.83908
0.83819
0.83738
0.83665
0.83599
0.8354
0.83488
0.83441
0.83399
0.83361
0.83326
0.83292
0.83258
0.83221
0.8318
0.8313
0.8307
0.82993
0.82897
0.82776
0.82627
0.82448
0.82241
0.82012
0.81773
0.81538
0.81316
0.81117
0.80942
0.80791
0.80663
0.80556
0.80467
0.80394
0.80335
0.8029
0.80258
0.80237
0.80228
0.80229
0.80239
0.80257
0.80283
0.80316
0.80355
0.80399
0.80447
0.80498
0.80553
0.80609
0.80667
0.80726
0.80787
0.80848
0.80911
0.80975
0.8104
0.81105
0.81171
0.81238
0.81304
0.81371
0.81437
0.81502
0.81567
0.8163
0.81692
0.81752
0.81811
0.81867
0.81922
0.81974
0.82024
0.82073
0.8212
0.82166
0.82212
0.82258
0.82305
0.82354
0.82406
0.82461
0.82521
0.82586
0.82655
0.82731
0.82811
0.82895
0.82983
0.83073
0.83163
0.83253
0.8334
0.83424
0.83504
0.83579
0.8365
