68.7469
-0.9503
-0.95199
-0.94719
-0.9463
-0.94719
-0.95839
-0.93493
-0.93424
-0.93086
-0.94045
-0.95359
-0.95266
-0.9393
-0.93931
-0.93942
-0.94026
-0.93672
-0.93496
-0.93496
-0.93791
-0.93152
-0.92611
-0.92612
-0.92611
-0.92545
-0.94278
-0.95168
-0.95384
-0.95194
-0.95507
-0.94873
-0.94232
-0.95286
-0.94892
-0.94262
-0.92482
-0.95311
-0.92885
-0.92047
-0.93755
-0.92879
-0.93047
-0.93325
-0.94167
-0.95324
-0.93146
-0.93646
-0.95789
-0.98417
-0.95714
-0.95607
-0.95581
-0.97835
-0.96173
-0.95907
-0.95663
-0.94026
-0.90999
-0.87915
-0.91
-0.92422
-0.93427
-0.95674
-1.0358
-1.0698
-1.1787
0
0
0
0
-1.603
-1.4427
0
0
-1.5494
0
0
-1.5488
0
0
0
0
0
0
0
0
0
0
0
0
0
0
0
0
0
0
0
0
0
0
0
0
0
0
0
0
0
0
0
0
0
0
0
-0.9503
66.9214
-0.94918
-0.94281
-0.94241
-0.94281
-0.95351
-0.93127
-0.93032
-0.9267
-0.93672
-0.94979
-0.94897
-0.93555
-0.93474
-0.93517
-0.93657
-0.93302
-0.93125
-0.93125
-0.93472
-0.9278
-0.92241
-0.92242
-0.92241
-0.92175
-0.93983
-0.94863
-0.95015
-0.94819
-0.95147
-0.94509
-0.93861
-0.94883
-0.94513
-0.93887
-0.92192
-0.94985
-0.92513
-0.91648
-0.93379
-0.92507
-0.92763
-0.92959
-0.93799
-0.94946
-0.9288
-0.93266
-0.95525
-0.98122
-0.95346
-0.95224
-0.95199
-0.97473
-0.958
-0.95621
-0.95272
-0.93627
-0.90611
-0.87524
-0.90611
-0.92041
-0.93026
-0.95284
-1.0319
-1.0655
-1.175
0
-1.2549
-1.4444
0
0
0
0
0
0
0
0
0
-1.8597
0
0
0
0
0
0
0
0
0
0
0
0
0
0
0
0
0
0
0
0
0
0
0
0
0
0
0
0
0
0
0
0
0
0
-0.95199
-0.94918
68.3397
-0.94597
-0.94469
-0.94597
-0.95716
-0.9338
-0.93304
-0.92959
-0.9391
-0.95233
-0.95129
-0.93802
-0.93853
-0.93819
-0.93904
-0.93545
-0.9337
-0.93369
-0.93655
-0.93026
-0.92484
-0.92485
-0.92485
-0.92419
-0.94222
-0.9511
-0.95257
-0.95068
-0.9538
-0.94756
-0.94107
-0.95157
-0.94765
-0.94134
-0.92444
-0.95186
-0.9276
-0.91939
-0.93626
-0.92755
-0.92923
-0.93205
-0.9399
-0.95194
-0.93048
-0.93519
-0.95653
-0.98486
-0.9552
-0.95478
-0.95433
-0.97649
-0.96049
-0.95748
-0.95527
-0.93888
-0.90865
-0.87779
-0.90864
-0.92303
-0.93286
-0.95558
-1.0346
-1.0676
-1.1772
-1.3389
0
0
0
0
0
0
0
0
0
0
-1.547
0
0
0
0
0
0
0
0
0
0
0
0
0
0
0
0
0
0
0
0
-2.9319
0
0
0
0
0
0
0
0
0
0
0
0
0
0
-0.94719
-0.94281
-0.94597
64.8398
-0.93886
-0.93875
-0.95015
-0.92781
-0.92708
-0.92304
-0.93361
-0.94715
-0.94669
-0.93226
-0.93236
-0.93186
-0.93362
-0.9297
-0.92794
-0.92794
-0.93157
-0.92451
-0.91911
-0.91912
-0.9191
-0.91844
-0.93656
-0.94532
-0.94684
-0.9449
-0.94836
-0.94177
-0.93531
-0.94553
-0.94185
-0.93556
-0.91865
-0.94668
-0.92183
-0.91355
-0.93075
-0.92176
-0.9243
-0.92626
-0.93465
-0.94616
-0.92553
-0.92934
-0.95189
-0.9779
-0.95008
-0.94889
-0.9485
-0.9713
-0.95461
-0.9534
-0.94935
-0.93296
-0.9028
-0.87197
-0.9028
-0.91708
-0.9269
-0.94948
-1.0282
-1.0614
-1.1709
0
-1.2506
-1.4408
0
0
0
0
0
0
0
0
0
0
0
0
0
0
0
0
0
0
0
0
0
0
0
0
0
0
0
0
0
0
0
0
0
0
0
0
0
0
0
0
0
0
0
0
-0.9463
-0.94241
-0.94469
-0.93886
64.6695
-0.93887
-0.94936
-0.9269
-0.92617
-0.92213
-0.93265
-0.94628
-0.94583
-0.93135
-0.93143
-0.93153
-0.93264
-0.92878
-0.92703
-0.92703
-0.93065
-0.92359
-0.9182
-0.9182
-0.9182
-0.91753
-0.93561
-0.94437
-0.94589
-0.944
-0.9473
-0.94084
-0.93437
-0.94456
-0.94095
-0.93463
-0.91772
-0.94526
-0.92093
-0.91259
-0.92984
-0.92089
-0.92341
-0.92537
-0.93311
-0.94529
-0.92464
-0.92844
-0.951
-0.97803
-0.94836
-0.94798
-0.94753
-0.96961
-0.9537
-0.95248
-0.94845
-0.93216
-0.90193
-0.87112
-0.90193
-0.91627
-0.926
-0.94868
-1.0273
-1.0607
-1.1695
-1.3309
-1.2492
0
0
0
0
0
0
0
0
0
0
0
0
0
0
0
0
0
0
0
0
0
0
0
0
0
0
0
0
0
0
0
0
0
0
0
0
0
0
0
0
0
0
0
0
0
-0.94719
-0.94281
-0.94597
-0.93875
-0.93887
64.8399
-0.95016
-0.92781
-0.92709
-0.92304
-0.93361
-0.94714
-0.94669
-0.93226
-0.93236
-0.93185
-0.93363
-0.9297
-0.92794
-0.92794
-0.93157
-0.9245
-0.91911
-0.91911
-0.9191
-0.91845
-0.93656
-0.94532
-0.94684
-0.94489
-0.94836
-0.94177
-0.93531
-0.94553
-0.94184
-0.93557
-0.91865
-0.94668
-0.92184
-0.91355
-0.93075
-0.92177
-0.9243
-0.92626
-0.93466
-0.94615
-0.92554
-0.92934
-0.9519
-0.9779
-0.95009
-0.94889
-0.94851
-0.97131
-0.95461
-0.95339
-0.94935
-0.93296
-0.9028
-0.87197
-0.9028
-0.91708
-0.92691
-0.94948
-1.0282
-1.0614
-1.1709
0
-1.2506
-1.4408
0
0
0
0
0
0
0
0
0
0
0
0
0
0
0
0
0
0
0
0
0
0
0
0
0
0
0
0
0
0
0
0
0
0
0
0
0
0
0
0
0
0
0
0
-0.95839
-0.95351
-0.95716
-0.95015
-0.94936
-0.95016
69.0427
-0.93821
-0.93739
-0.93408
-0.94094
-0.95675
-0.95447
-0.94138
-0.94151
-0.94163
-0.94239
-0.93932
-0.93724
-0.93724
-0.94131
-0.93382
-0.92841
-0.92841
-0.92841
-0.92806
-0.94585
-0.95468
-0.95624
-0.95419
-0.95729
-0.95152
-0.94468
-0.95511
-0.95113
-0.94495
-0.92794
-0.95586
-0.93123
-0.92224
-0.93958
-0.93126
-0.93102
-0.93299
-0.94414
-0.95561
-0.93478
-0.93888
-0.9614
-0.98809
-0.95968
-0.95853
-0.95844
-0.98118
-0.96448
-0.96308
-0.95904
-0.94238
-0.91237
-0.88144
-0.91237
-0.91971
-0.93656
-0.95681
0
0
0
0
0
0
0
0
0
0
-0.53943
0
0
0
0
0
-1.6195
0
-2.169
0
0
0
-2.6077
0
-2.6406
0
0
0
0
0
0
0
0
0
0
0
0
0
0
0
0
0
0
0
0
0
0
0
0
0
-0.93493
-0.93127
-0.9338
-0.92781
-0.9269
-0.92781
-0.93821
62.9687
-0.91441
-0.91104
-0.92119
-0.93453
-0.93392
-0.91987
-0.92001
-0.9199
-0.92005
-0.91741
-0.91565
-0.91564
-0.91841
-0.9122
-0.90682
-0.90682
-0.90682
-0.90612
-0.924
-0.93282
-0.93435
-0.93241
-0.93564
-0.92929
-0.92286
-0.93325
-0.92941
-0.92315
-0.90631
-0.93393
-0.90939
-0.90118
-0.91823
-0.90929
-0.91194
-0.91388
-0.92218
-0.93353
-0.91177
-0.91692
-0.9394
-0.96628
-0.9375
-0.93638
-0.93608
-0.95865
-0.9421
-0.94076
-0.93681
-0.92058
-0.89049
-0.85977
-0.89049
-0.90482
-0.91453
-0.93725
-1.0156
-1.0454
-1.1577
0
0
0
0
0
0
0
0
0
-1.6309
0
0
0
0
0
0
0
0
0
0
0
0
0
0
0
0
0
0
0
0
0
0
0
0
0
0
0
0
0
0
0
0
0
0
0
0
0
-0.93424
-0.93032
-0.93304
-0.92708
-0.92617
-0.92709
-0.93739
-0.91441
62.8667
-0.91027
-0.92025
-0.93373
-0.93296
-0.91909
-0.91896
-0.91913
-0.92028
-0.91668
-0.91491
-0.91491
-0.91821
-0.91146
-0.90608
-0.90609
-0.90609
-0.90538
-0.92318
-0.93206
-0.93361
-0.93166
-0.9348
-0.92851
-0.92212
-0.93251
-0.92862
-0.92237
-0.90555
-0.93314
-0.9087
-0.89922
-0.91737
-0.90863
-0.91114
-0.91308
-0.9214
-0.93279
-0.91223
-0.91617
-0.93865
-0.96549
-0.93675
-0.93563
-0.93529
-0.95783
-0.94129
-0.94014
-0.93607
-0.91984
-0.88976
-0.85905
-0.88977
-0.90405
-0.91374
-0.93639
-1.0146
-1.0471
-1.157
0
0
0
0
0
0
0
0
0
0
-1.5752
0
0
0
0
0
0
0
0
0
0
0
0
0
0
0
0
0
0
0
0
0
0
0
0
0
0
0
0
0
0
0
0
0
0
0
0
-0.93086
-0.9267
-0.92959
-0.92304
-0.92213
-0.92304
-0.93408
-0.91104
-0.91027
62.3025
-0.91696
-0.93051
-0.92996
-0.91575
-0.91566
-0.91569
-0.91678
-0.91335
-0.91157
-0.91157
-0.91487
-0.90812
-0.90274
-0.90275
-0.90274
-0.90203
-0.91982
-0.92864
-0.93021
-0.92826
-0.93157
-0.92511
-0.91873
-0.92882
-0.92523
-0.91898
-0.90214
-0.92983
-0.9053
-0.89706
-0.91415
-0.90523
-0.90771
-0.90969
-0.91797
-0.92945
-0.90894
-0.91276
-0.93515
-0.96201
-0.93329
-0.93218
-0.93183
-0.95439
-0.93787
-0.93666
-0.93262
-0.9164
-0.88635
-0.85569
-0.88636
-0.90062
-0.91029
-0.93273
-1.011
-1.0441
-1.1532
0
-1.2325
0
0
0
0
0
0
0
0
0
0
0
0
0
0
0
0
0
0
0
0
0
0
0
0
0
0
0
0
0
0
0
0
0
0
0
0
0
0
0
0
0
0
0
0
0
-0.94045
-0.93672
-0.9391
-0.93361
-0.93265
-0.93361
-0.94094
-0.92119
-0.92025
-0.91696
63.9419
-0.94008
-0.93819
-0.92497
-0.92472
-0.92509
-0.92563
-0.92278
-0.92079
-0.92079
-0.92429
-0.91734
-0.91195
-0.91196
-0.91195
-0.91127
-0.92912
-0.93803
-0.93954
-0.93759
-0.94033
-0.93456
-0.92803
-0.93853
-0.93455
-0.92828
-0.91144
-0.93892
-0.91471
-0.90574
-0.92293
-0.91466
-0.91716
-0.91906
-0.92729
-0.93875
-0.91836
-0.92205
-0.94466
-0.97143
-0.94264
-0.94156
-0.94118
-0.96398
-0.94743
-0.94588
-0.94201
-0.92572
-0.8956
-0.86483
-0.89561
-0.91024
-0.9196
-0.94238
-1.0214
-1.0546
0
0
0
0
0
0
0
0
0
0
0
0
0
0
0
0
0
0
0
0
0
0
0
0
0
0
0
0
0
0
-3.4243
0
0
0
0
0
0
0
0
0
0
0
0
0
0
0
0
0
-0.95359
-0.94979
-0.95233
-0.94715
-0.94628
-0.94714
-0.95675
-0.93453
-0.93373
-0.93051
-0.94008
66.4045
-0.95274
-0.93819
-0.93796
-0.93833
-0.93906
-0.93595
-0.93392
-0.93391
-0.93755
-0.93046
-0.92506
-0.92506
-0.92506
-0.9245
-0.94253
-0.95131
-0.95282
-0.95085
-0.9538
-0.94668
-0.94127
-0.95202
-0.94779
-0.94153
-0.9246
-0.95247
-0.92803
-0.91927
-0.93614
-0.92798
-0.93057
-0.93251
-0.94058
-0.95228
-0.93115
-0.93526
-0.95794
-0.98484
-0.95605
-0.95491
-0.95442
-0.97768
-0.96103
-0.9594
-0.95539
-0.9389
-0.90875
-0.87785
-0.90874
-0.92126
-0.93288
-0.95576
0
-1.0677
0
0
0
0
0
0
0
0
0
0
0
0
0
0
0
-1.7728
0
0
0
0
0
0
0
0
0
0
0
0
0
0
0
0
0
0
0
0
0
0
0
0
-4.2971
0
0
0
0
0
0
0
-0.95266
-0.94897
-0.95129
-0.94669
-0.94583
-0.94669
-0.95447
-0.93392
-0.93296
-0.92996
-0.93819
-0.95274
66.5488
-0.93681
-0.93661
-0.93691
-0.93715
-0.93458
-0.93265
-0.93265
-0.93601
-0.92908
-0.92367
-0.92368
-0.92367
-0.9232
-0.94099
-0.94984
-0.95131
-0.94932
-0.95184
-0.94662
-0.93975
-0.95032
-0.94626
-0.94001
-0.92317
-0.95063
-0.92636
-0.91673
-0.93444
-0.9263
-0.92926
-0.93114
-0.93926
-0.94272
-0.92975
-0.93403
-0.95677
-0.98346
-0.95471
-0.95364
-0.95314
-0.9765
-0.95994
-0.95792
-0.95414
-0.93771
-0.90756
-0.87666
-0.90756
-0.92252
-0.93174
0
0
0
0
0
0
0
0
0
0
-1.4598
0
0
0
0
0
0
0
0
0
0
0
0
0
0
0
0
0
0
0
0
0
0
0
0
-3.0238
0
0
0
0
0
0
0
0
-3.8401
0
0
0
0
0
0
-0.9393
-0.93555
-0.93802
-0.93226
-0.93135
-0.93226
-0.94138
-0.91987
-0.91909
-0.91575
-0.92497
-0.93819
-0.93681
60.2938
-0.92395
-0.92404
-0.92529
-0.92171
-0.91961
-0.9196
-0.92331
-0.91614
-0.91074
-0.91075
-0.91074
-0.91029
-0.92807
-0.93699
-0.93855
-0.93653
-0.93974
-0.93358
-0.92702
-0.93737
-0.93348
-0.92727
-0.91039
-0.93806
-0.91352
-0.90522
-0.92223
-0.91342
-0.91596
-0.91789
-0.9263
-0.93763
-0.91726
-0.92102
-0.94359
-0.97034
-0.94169
-0.94055
-0.9401
-0.96274
-0.94616
-0.945
-0.94101
-0.92458
-0.89456
-0.86375
-0.89457
-0.90896
-0.91847
-0.9407
0
0
0
0
0
0
0
0
0
0
0
0
0
0
0
0
0
0
0
0
0
0
0
0
0
0
0
0
0
0
-1.9185
0
0
0
0
0
0
0
0
0
0
0
0
0
0
0
0
0
0
0
-0.93931
-0.93474
-0.93853
-0.93236
-0.93143
-0.93236
-0.94151
-0.92001
-0.91896
-0.91566
-0.92472
-0.93796
-0.93661
-0.92395
61.2622
-0.92396
-0.92406
-0.92166
-0.91962
-0.91962
-0.92334
-0.91614
-0.91074
-0.91074
-0.91074
-0.91024
-0.92793
-0.9369
-0.93845
-0.93646
-0.93942
-0.93352
-0.92693
-0.93725
-0.93341
-0.92717
-0.9103
-0.93771
-0.9134
-0.90499
-0.92188
-0.91333
-0.91592
-0.91784
-0.92619
-0.9375
-0.91743
-0.92094
-0.94353
-0.97025
-0.94158
-0.94045
-0.94022
-0.96271
-0.94614
-0.94483
-0.94092
-0.92457
-0.89448
-0.86369
-0.89448
-0.90893
-0.91843
-0.94119
0
0
0
0
0
0
0
0
0
0
0
0
0
0
0
0
0
0
0
0
0
0
0
0
0
0
0
0
0
0
0
0
0
-2.892
0
0
0
0
0
0
0
0
0
0
0
0
0
0
0
0
-0.93942
-0.93517
-0.93819
-0.93186
-0.93153
-0.93185
-0.94163
-0.9199
-0.91913
-0.91569
-0.92509
-0.93833
-0.93691
-0.92404
-0.92396
60.3979
-0.92438
-0.92174
-0.91975
-0.91976
-0.92334
-0.91618
-0.91079
-0.91079
-0.91078
-0.91037
-0.92812
-0.93704
-0.93862
-0.9358
-0.93986
-0.9336
-0.92708
-0.93748
-0.93266
-0.92733
-0.91043
-0.93826
-0.91356
-0.90539
-0.92138
-0.91353
-0.91598
-0.91792
-0.92644
-0.93772
-0.91743
-0.92113
-0.94374
-0.96803
-0.94195
-0.94074
-0.94037
-0.96288
-0.94623
-0.94517
-0.94123
-0.92277
-0.8948
-0.86395
-0.89481
-0.90911
-0.91884
0
0
0
0
0
0
-1.4286
-1.5374
0
0
0
0
0
0
0
0
0
0
0
0
0
0
0
0
0
0
0
0
0
0
0
0
0
0
0
0
0
0
0
0
0
0
0
0
0
0
0
0
0
0
0
-0.94026
-0.93657
-0.93904
-0.93362
-0.93264
-0.93363
-0.94239
-0.92005
-0.92028
-0.91678
-0.92563
-0.93906
-0.93715
-0.92529
-0.92406
-0.92438
62.7351
-0.92226
-0.92034
-0.92033
-0.92302
-0.91686
-0.91139
-0.9114
-0.9114
-0.91082
-0.92825
-0.93743
-0.93899
-0.93695
-0.93937
-0.93414
-0.92745
-0.93773
-0.93393
-0.92776
-0.91087
-0.9378
-0.91398
-0.90538
-0.92188
-0.91385
-0.91647
-0.91841
-0.92672
-0.93798
-0.91593
-0.92154
-0.94412
-0.97054
-0.94213
-0.94112
-0.94061
-0.96325
-0.94679
-0.94523
-0.9417
-0.92515
-0.89535
-0.86456
-0.89535
0
0
0
0
0
0
0
0
0
0
0
0
0
0
0
-1.6344
0
0
0
0
0
0
0
0
0
0
0
0
0
-1.919
0
0
0
0
0
0
0
0
0
0
0
0
0
0
0
0
0
0
0
0
0
0
-3.5444
-0.93672
-0.93302
-0.93545
-0.9297
-0.92878
-0.9297
-0.93932
-0.91741
-0.91668
-0.91335
-0.92278
-0.93595
-0.93458
-0.92171
-0.92166
-0.92174
-0.92226
58.4462
-0.91656
-0.91656
-0.92135
-0.91352
-0.9082
-0.90821
-0.9082
-0.90784
-0.92573
-0.93461
-0.93618
-0.9342
-0.93747
-0.93119
-0.92465
-0.93503
-0.93114
-0.9249
-0.90803
-0.93573
-0.91116
-0.90295
-0.92003
-0.91106
-0.91358
-0.91549
-0.92389
-0.93526
-0.91498
-0.91863
-0.94118
-0.96799
-0.93925
-0.93813
-0.93781
-0.96025
-0.94371
-0.94259
-0.93858
-0.92227
-0.89219
-0.86139
-0.89219
-0.90668
-0.9161
0
0
0
-1.1588
0
0
0
0
0
0
0
0
0
0
0
0
0
0
0
0
0
0
0
0
0
0
0
0
0
0
0
0
0
0
0
0
0
0
0
0
0
0
0
0
0
0
0
0
0
0
0
-0.93496
-0.93125
-0.9337
-0.92794
-0.92703
-0.92794
-0.93724
-0.91565
-0.91491
-0.91157
-0.92079
-0.93392
-0.93265
-0.91961
-0.91962
-0.91975
-0.92034
-0.91656
58.104
-0.91396
-0.91938
-0.91166
-0.9063
-0.90631
-0.9063
-0.90589
-0.9237
-0.93261
-0.93419
-0.93219
-0.93544
-0.92919
-0.92266
-0.93302
-0.92913
-0.92291
-0.90604
-0.93372
-0.90918
-0.90098
-0.91802
-0.90907
-0.91158
-0.9135
-0.92191
-0.93325
-0.91298
-0.91662
-0.93914
-0.96597
-0.93727
-0.93611
-0.93579
-0.95828
-0.94171
-0.9406
-0.93655
-0.92024
-0.89018
-0.8594
-0.89018
-0.9047
-0.91409
-0.93667
0
0
0
0
0
0
0
0
0
0
0
0
0
0
0
0
0
0
0
0
0
0
0
0
0
0
0
0
0
0
0
0
0
0
0
0
0
0
0
0
0
0
0
0
0
0
0
0
0
0
-0.93496
-0.93125
-0.93369
-0.92794
-0.92703
-0.92794
-0.93724
-0.91564
-0.91491
-0.91157
-0.92079
-0.93391
-0.93265
-0.9196
-0.91962
-0.91976
-0.92033
-0.91656
-0.91396
58.104
-0.91938
-0.91166
-0.9063
-0.90631
-0.9063
-0.90589
-0.9237
-0.9326
-0.93419
-0.93218
-0.93544
-0.92919
-0.92266
-0.93302
-0.92913
-0.92291
-0.90604
-0.93373
-0.90918
-0.90098
-0.91801
-0.90907
-0.91158
-0.91351
-0.92191
-0.93325
-0.91298
-0.91662
-0.93915
-0.96597
-0.93727
-0.93611
-0.93579
-0.95828
-0.94171
-0.94059
-0.93655
-0.92024
-0.89018
-0.8594
-0.89018
-0.90469
-0.91409
-0.93667
0
0
0
0
0
0
0
0
0
0
0
0
0
0
0
0
0
0
0
0
0
0
0
0
0
0
0
0
0
0
0
0
0
0
0
0
0
0
0
0
0
0
0
0
0
0
0
0
0
0
-0.93791
-0.93472
-0.93655
-0.93157
-0.93065
-0.93157
-0.94131
-0.91841
-0.91821
-0.91487
-0.92429
-0.93755
-0.93601
-0.92331
-0.92334
-0.92334
-0.92302
-0.92135
-0.91938
-0.91938
59.4537
-0.91557
-0.91001
-0.91002
-0.91001
-0.90949
-0.92737
-0.93626
-0.93787
-0.93581
-0.93886
-0.933
-0.92632
-0.93647
-0.93276
-0.9266
-0.9097
-0.93688
-0.91267
-0.90443
-0.92133
-0.91251
-0.91529
-0.91723
-0.92556
-0.93673
-0.91538
-0.92035
-0.94291
-0.96938
-0.94099
-0.93994
-0.93969
-0.96211
-0.94561
-0.94278
-0.94049
-0.92392
-0.89417
-0.86336
-0.89417
0
0
0
0
0
0
0
0
0
0
-1.5837
0
0
0
0
0
0
0
0
0
0
0
0
0
0
0
-2.3093
0
0
0
0
0
0
0
0
0
0
0
0
0
0
0
0
0
0
0
0
0
0
0
0
0
0
-0.93152
-0.9278
-0.93026
-0.92451
-0.92359
-0.9245
-0.93382
-0.9122
-0.91146
-0.90812
-0.91734
-0.93046
-0.92908
-0.91614
-0.91614
-0.91618
-0.91686
-0.91352
-0.91166
-0.91166
-0.91557
56.952
-0.90272
-0.90272
-0.90272
-0.90231
-0.92002
-0.92902
-0.93064
-0.92859
-0.93174
-0.92561
-0.91912
-0.92939
-0.92555
-0.91936
-0.9025
-0.93001
-0.90561
-0.89743
-0.91439
-0.90548
-0.90799
-0.90991
-0.91831
-0.92962
-0.90939
-0.91306
-0.93555
-0.96226
-0.93366
-0.93252
-0.9322
-0.95461
-0.93809
-0.93698
-0.93296
-0.91665
-0.88666
-0.8559
-0.88667
-0.90115
-0.91052
0
0
0
0
0
0
0
0
0
0
0
0
0
0
0
0
0
0
0
0
0
0
0
0
0
0
0
0
0
0
0
0
0
0
0
0
0
0
0
0
0
0
0
0
0
0
0
0
0
0
0
-0.92611
-0.92241
-0.92484
-0.91911
-0.9182
-0.91911
-0.92841
-0.90682
-0.90608
-0.90274
-0.91195
-0.92506
-0.92367
-0.91074
-0.91074
-0.91079
-0.91139
-0.9082
-0.9063
-0.9063
-0.91001
-0.90272
55.7092
-0.89548
-0.89548
-0.89682
-0.91438
-0.92352
-0.9252
-0.92311
-0.92608
-0.92012
-0.91365
-0.92383
-0.92004
-0.9139
-0.89704
-0.9242
-0.90013
-0.89195
-0.90879
-0.89997
-0.90244
-0.90438
-0.91278
-0.92406
-0.90386
-0.90754
-0.93003
-0.95659
-0.92813
-0.92703
-0.92669
-0.949
-0.93255
-0.93145
-0.92747
-0.91114
-0.88125
-0.85048
-0.88125
-0.8957
0
0
0
0
0
0
0
0
0
0
0
0
0
0
0
0
0
0
0
0
0
0
0
0
0
0
0
0
0
0
0
0
0
0
0
0
0
0
0
0
0
0
0
0
0
0
0
0
0
0
0
0
-0.92612
-0.92242
-0.92485
-0.91912
-0.9182
-0.91911
-0.92841
-0.90682
-0.90609
-0.90275
-0.91196
-0.92506
-0.92368
-0.91075
-0.91074
-0.91079
-0.9114
-0.90821
-0.90631
-0.90631
-0.91002
-0.90272
-0.89548
55.7096
-0.89548
-0.89683
-0.91438
-0.92353
-0.9252
-0.92312
-0.92609
-0.92013
-0.91366
-0.92383
-0.92005
-0.9139
-0.89705
-0.9242
-0.90014
-0.89196
-0.90879
-0.89998
-0.90244
-0.90439
-0.91278
-0.92406
-0.90386
-0.90754
-0.93003
-0.9566
-0.92813
-0.92703
-0.9267
-0.949
-0.93255
-0.93145
-0.92747
-0.91114
-0.88126
-0.85049
-0.88126
-0.8957
0
0
0
0
0
0
0
0
0
0
0
0
0
0
0
0
0
0
0
0
0
0
0
0
0
0
0
0
0
0
0
0
0
0
0
0
0
0
0
0
0
0
0
0
0
0
0
0
0
0
0
0
-0.92611
-0.92241
-0.92485
-0.9191
-0.9182
-0.9191
-0.92841
-0.90682
-0.90609
-0.90274
-0.91195
-0.92506
-0.92367
-0.91074
-0.91074
-0.91078
-0.9114
-0.9082
-0.9063
-0.9063
-0.91001
-0.90272
-0.89548
-0.89548
55.7092
-0.89683
-0.91438
-0.92352
-0.9252
-0.92311
-0.92608
-0.92012
-0.91365
-0.92383
-0.92004
-0.9139
-0.89704
-0.9242
-0.90014
-0.89195
-0.90878
-0.89997
-0.90244
-0.90438
-0.91277
-0.92405
-0.90385
-0.90753
-0.93002
-0.95659
-0.92813
-0.92702
-0.92669
-0.94899
-0.93255
-0.93144
-0.92746
-0.91114
-0.88126
-0.85049
-0.88126
-0.8957
0
0
0
0
0
0
0
0
0
0
0
0
0
0
0
0
0
0
0
0
0
0
0
0
0
0
0
0
0
0
0
0
0
0
0
0
0
0
0
0
0
0
0
0
0
0
0
0
0
0
0
0
-0.92545
-0.92175
-0.92419
-0.91844
-0.91753
-0.91845
-0.92806
-0.90612
-0.90538
-0.90203
-0.91127
-0.9245
-0.9232
-0.91029
-0.91024
-0.91037
-0.91082
-0.90784
-0.90589
-0.90589
-0.90949
-0.90231
-0.89682
-0.89683
-0.89683
54.0244
-0.91326
-0.92285
-0.92465
-0.9222
-0.92503
-0.91935
-0.91301
-0.92303
-0.91939
-0.91326
-0.89633
-0.92308
-0.89943
-0.89122
-0.90794
-0.89922
-0.90163
-0.9036
-0.91198
-0.9233
-0.90306
-0.90676
-0.92929
-0.95569
-0.92739
-0.92639
-0.92604
-0.94812
-0.93181
-0.93076
-0.92708
0
-0.88181
0
-0.88181
0
0
0
-1.0046
0
0
0
0
0
0
0
0
0
0
0
0
0
0
0
0
0
0
0
0
0
0
0
0
0
0
0
0
0
0
0
0
0
0
0
0
0
0
0
0
0
0
0
0
0
0
0
0
0
-0.94278
-0.93983
-0.94222
-0.93656
-0.93561
-0.93656
-0.94585
-0.924
-0.92318
-0.91982
-0.92912
-0.94253
-0.94099
-0.92807
-0.92793
-0.92812
-0.92825
-0.92573
-0.9237
-0.9237
-0.92737
-0.92002
-0.91438
-0.91438
-0.91438
-0.91326
52.2791
-0.94074
-0.94335
-0.94093
-0.94293
-0.93815
-0.93133
-0.94187
-0.93778
-0.93161
-0.91326
-0.94121
-0.91778
-0.90925
-0.92578
-0.91759
-0.91966
-0.92158
-0.9301
-0.94198
-0.92068
-0.92491
-0.9477
0
-0.946
-0.94532
0
0
0
0
0
0
0
0
0
0
0
0
0
0
0
0
0
0
0
0
0
0
0
-1.5276
0
0
0
0
0
0
0
0
-2.1697
0
0
0
0
0
0
-2.062
0
0
0
0
0
0
0
0
0
0
0
0
0
0
0
0
0
0
0
0
0
0
-0.95168
-0.94863
-0.9511
-0.94532
-0.94437
-0.94532
-0.95468
-0.93282
-0.93206
-0.92864
-0.93803
-0.95131
-0.94984
-0.93699
-0.9369
-0.93704
-0.93743
-0.93461
-0.93261
-0.9326
-0.93626
-0.92902
-0.92352
-0.92353
-0.92352
-0.92285
-0.94074
48.5092
-0.95332
-0.95111
-0.95349
-0.94749
-0.9405
-0.95167
-0.94724
-0.941
-0.92204
-0.95147
-0.92709
-0.91868
-0.93611
-0.92684
-0.92894
-0.93062
-0.93943
-0.951
-0.93112
-0.93415
-0.9574
0
-0.95557
-0.95482
0
0
0
0
0
0
0
0
0
0
0
0
0
0
0
0
0
0
0
0
0
0
0
-1.5367
0
0
0
0
0
0
0
0
0
0
0
0
0
0
0
0
0
0
0
0
0
0
0
0
0
0
0
0
0
0
0
0
0
0
0
0
0
0
-0.95384
-0.95015
-0.95257
-0.94684
-0.94589
-0.94684
-0.95624
-0.93435
-0.93361
-0.93021
-0.93954
-0.95282
-0.95131
-0.93855
-0.93845
-0.93862
-0.93899
-0.93618
-0.93419
-0.93419
-0.93787
-0.93064
-0.9252
-0.9252
-0.9252
-0.92465
-0.94335
-0.95332
47.0525
-0.9524
-0.95527
-0.94815
-0.94139
-0.95345
-0.94825
-0.94208
-0.92467
-0.95597
-0.92832
-0.91989
-0.9384
-0.92825
-0.93062
-0.93224
-0.94107
-0.95262
-0.93276
-0.93573
-0.95882
0
-0.95705
-0.95632
0
0
0
0
0
0
0
0
0
0
0
0
0
0
0
0
0
0
0
0
0
0
0
0
0
0
0
0
0
0
0
0
0
0
0
0
0
0
0
0
0
0
0
0
0
0
0
0
0
0
0
0
0
0
0
0
0
0
0
0
0
0
-0.95194
-0.94819
-0.95068
-0.9449
-0.944
-0.94489
-0.95419
-0.93241
-0.93166
-0.92826
-0.93759
-0.95085
-0.94932
-0.93653
-0.93646
-0.9358
-0.93695
-0.9342
-0.93219
-0.93218
-0.93581
-0.92859
-0.92311
-0.92312
-0.92311
-0.9222
-0.94093
-0.95111
-0.9524
46.5052
-0.95343
-0.94491
-0.93881
-0.95098
-0.94422
-0.93961
-0.9221
-0.95583
-0.92596
-0.9176
-0.93479
-0.92598
-0.92853
-0.93004
-0.93895
-0.95049
-0.93077
-0.9335
0
0
0
0
0
0
0
0
0
0
0
-0.8812
0
0
0
0
0
0
0
0
0
0
-1.544
0
0
0
0
0
0
0
0
0
0
0
0
0
0
0
0
0
0
0
0
0
0
0
0
0
0
0
0
0
0
0
0
0
0
0
0
0
0
0
0
0
0
0
-0.95507
-0.95147
-0.9538
-0.94836
-0.9473
-0.94836
-0.95729
-0.93564
-0.9348
-0.93157
-0.94033
-0.9538
-0.95184
-0.93974
-0.93942
-0.93986
-0.93937
-0.93747
-0.93544
-0.93544
-0.93886
-0.93174
-0.92608
-0.92609
-0.92608
-0.92503
-0.94293
-0.95349
-0.95527
-0.95343
50.4592
-0.95025
-0.94314
-0.95395
-0.94988
-0.94365
-0.92624
-0.95263
-0.92973
-0.92083
-0.93726
-0.92949
-0.93171
-0.9334
-0.94186
-0.95353
-0.93311
-0.93682
0
0
0
0
0
0
0
0
0
0
0
0
0
0
0
0
0
0
0
0
0
0
0
0
0
0
0
0
0
0
0
0
0
0
0
0
0
0
0
0
0
0
0
0
0
0
0
0
0
0
0
0
0
0
0
0
-3.1182
0
0
0
0
0
0
-3.1181
0
0
-0.94873
-0.94509
-0.94756
-0.94177
-0.94084
-0.94177
-0.95152
-0.92929
-0.92851
-0.92511
-0.93456
-0.94668
-0.94662
-0.93358
-0.93352
-0.9336
-0.93414
-0.93119
-0.92919
-0.92919
-0.933
-0.92561
-0.92012
-0.92013
-0.92012
-0.91935
-0.93815
-0.94749
-0.94815
-0.94491
-0.95025
45.6912
-0.93611
-0.94627
-0.94279
-0.93712
-0.91896
-0.95165
-0.92324
-0.9145
-0.93336
-0.92286
-0.92534
-0.92697
-0.93566
-0.94757
-0.92743
-0.93011
0
0
0
0
0
0
0
0
0
0
0
0
0
0
0
0
0
0
0
0
0
0
0
0
0
0
0
0
0
0
0
0
0
-1.7515
0
0
0
0
0
0
0
0
0
0
0
0
0
0
0
0
0
0
0
0
0
0
0
0
0
0
0
0
0
0
0
0
-0.94232
-0.93861
-0.94107
-0.93531
-0.93437
-0.93531
-0.94468
-0.92286
-0.92212
-0.91873
-0.92803
-0.94127
-0.93975
-0.92702
-0.92693
-0.92708
-0.92745
-0.92465
-0.92266
-0.92266
-0.92632
-0.91912
-0.91365
-0.91366
-0.91365
-0.91301
-0.93133
-0.9405
-0.94139
-0.93881
-0.94314
-0.93611
43.6243
-0.94058
-0.93679
-0.9282
-0.90964
-0.94463
-0.91474
-0.90586
-0.92931
-0.9151
-0.91686
-0.91876
-0.9282
-0.93958
-0.91989
-0.92262
0
0
0
0
0
0
0
0
0
0
0
0
0
0
0
0
0
0
0
0
0
0
0
0
0
0
0
0
0
0
0
0
0
0
0
0
0
0
0
0
0
0
0
0
0
0
0
0
0
0
0
0
0
0
0
0
0
0
0
0
0
0
0
0
0
0
-0.95286
-0.94883
-0.95157
-0.94553
-0.94456
-0.94553
-0.95511
-0.93325
-0.93251
-0.92882
-0.93853
-0.95202
-0.95032
-0.93737
-0.93725
-0.93748
-0.93773
-0.93503
-0.93302
-0.93302
-0.93647
-0.92939
-0.92383
-0.92383
-0.92383
-0.92303
-0.94187
-0.95167
-0.95345
-0.95098
-0.95395
-0.94627
-0.94058
46.3939
-0.94689
-0.94111
-0.92184
-0.94749
-0.92591
-0.91738
-0.93795
-0.92712
-0.92976
-0.93096
-0.94036
-0.95173
0
0
0
0
0
0
0
0
0
0
0
0
0
0
0
0
0
0
0
0
0
0
-1.2511
0
0
0
0
0
0
0
0
0
0
0
0
0
0
0
0
0
0
0
0
-2.8948
0
0
0
0
0
0
0
0
0
0
0
0
0
0
0
0
0
0
0
0
0
0
0
0
-0.94892
-0.94513
-0.94765
-0.94185
-0.94095
-0.94184
-0.95113
-0.92941
-0.92862
-0.92523
-0.93455
-0.94779
-0.94626
-0.93348
-0.93341
-0.93266
-0.93393
-0.93114
-0.92913
-0.92913
-0.93276
-0.92555
-0.92004
-0.92005
-0.92004
-0.91939
-0.93778
-0.94724
-0.94825
-0.94422
-0.94988
-0.94279
-0.93679
-0.94689
44.5482
-0.93701
-0.91743
-0.94971
-0.92318
-0.91367
-0.9342
-0.92489
-0.92527
-0.92631
-0.93651
-0.94785
0
-0.93023
0
0
0
0
0
0
0
0
0
0
0
0
0
0
0
0
0
0
0
0
0
0
-1.5381
0
0
0
0
0
0
0
0
0
0
0
0
0
0
0
0
0
0
0
0
0
0
0
0
0
0
0
0
0
0
0
0
0
0
0
0
0
0
0
0
0
0
0
-0.94262
-0.93887
-0.94134
-0.93556
-0.93463
-0.93557
-0.94495
-0.92315
-0.92237
-0.91898
-0.92828
-0.94153
-0.94001
-0.92727
-0.92717
-0.92733
-0.92776
-0.9249
-0.92291
-0.92291
-0.9266
-0.91936
-0.9139
-0.9139
-0.9139
-0.91326
-0.93161
-0.941
-0.94208
-0.93961
-0.94365
-0.93712
-0.9282
-0.94111
-0.93701
43.6631
-0.90906
-0.94474
-0.91447
-0.90521
-0.93038
-0.917
-0.91766
-0.91905
-0.92936
-0.94033
0
-0.92295
0
0
0
0
-0.94246
0
0
0
0
0
0
0
0
0
0
0
0
0
0
0
0
0
0
0
0
0
0
0
0
0
0
0
0
0
0
0
0
0
0
0
0
0
0
0
0
0
0
0
0
0
0
0
0
0
0
0
0
0
0
0
0
0
0
0
0
0
-0.92482
-0.92192
-0.92444
-0.91865
-0.91772
-0.91865
-0.92794
-0.90631
-0.90555
-0.90214
-0.91144
-0.9246
-0.92317
-0.91039
-0.9103
-0.91043
-0.91087
-0.90803
-0.90604
-0.90604
-0.9097
-0.9025
-0.89704
-0.89705
-0.89704
-0.89633
-0.91326
-0.92204
-0.92467
-0.9221
-0.92624
-0.91896
-0.90964
-0.92184
-0.91743
-0.90906
42.516
-0.92859
-0.89371
-0.88388
-0.91026
-0.89538
-0.89784
-0.90015
-0.91044
-0.92058
0
0
0
0
0
0
0
0
0
0
0
0
0
0
0
0
0
0
0
0
0
0
0
0
0
0
0
0
0
-1.5009
0
0
0
0
0
0
0
0
0
0
0
0
0
0
0
0
0
0
0
0
0
0
0
0
0
0
0
0
0
0
0
0
0
0
0
0
0
0
-0.95311
-0.94985
-0.95186
-0.94668
-0.94526
-0.94668
-0.95586
-0.93393
-0.93314
-0.92983
-0.93892
-0.95247
-0.95063
-0.93806
-0.93771
-0.93826
-0.9378
-0.93573
-0.93372
-0.93373
-0.93688
-0.93001
-0.9242
-0.9242
-0.9242
-0.92308
-0.94121
-0.95147
-0.95597
-0.95583
-0.95263
-0.95165
-0.94463
-0.94749
-0.94971
-0.94474
-0.92859
47.5172
-0.93276
-0.92191
0
-0.925
0
0
0
0
0
0
0
0
0
0
0
0
-0.96176
0
0
0
0
0
0
0
-0.93422
0
0
0
0
-1.3282
0
0
0
0
-1.426
0
0
0
0
0
0
0
0
0
0
0
0
0
0
0
0
-2.8963
0
0
0
0
0
0
0
0
0
0
0
0
-2.3613
0
0
0
0
0
0
0
0
0
0
0
-0.92885
-0.92513
-0.9276
-0.92183
-0.92093
-0.92184
-0.93123
-0.90939
-0.9087
-0.9053
-0.91471
-0.92803
-0.92636
-0.91352
-0.9134
-0.91356
-0.91398
-0.91116
-0.90918
-0.90918
-0.91267
-0.90561
-0.90013
-0.90014
-0.90014
-0.89943
-0.91778
-0.92709
-0.92832
-0.92596
-0.92973
-0.92324
-0.91474
-0.92591
-0.92318
-0.91447
-0.89371
-0.93276
42.7799
-0.88381
-0.91196
-0.88779
-0.89722
-0.9006
-0.91288
0
0
0
0
0
0
0
0
0
0
0
0
0
0
0
0
0
0
0
0
0
0
0
0
0
0
0
0
0
0
0
0
0
0
0
0
0
0
0
0
0
0
0
0
0
0
0
0
0
0
0
0
0
0
0
-2.5568
0
0
0
0
0
0
0
0
0
0
0
0
0
-0.92047
-0.91648
-0.91939
-0.91355
-0.91259
-0.91355
-0.92224
-0.90118
-0.89922
-0.89706
-0.90574
-0.91927
-0.91673
-0.90522
-0.90499
-0.90539
-0.90538
-0.90295
-0.90098
-0.90098
-0.90443
-0.89743
-0.89195
-0.89196
-0.89195
-0.89122
-0.90925
-0.91868
-0.91989
-0.9176
-0.92083
-0.9145
-0.90586
-0.91738
-0.91367
-0.90521
-0.88388
-0.92191
-0.88381
41.8766
-0.8983
-0.88169
-0.88571
-0.8901
0
0
0
0
0
0
0
0
0
0
0
0
0
0
0
0
0
0
0
0
0
0
0
0
0
0
0
0
0
-1.406
0
0
0
-1.5301
0
0
0
0
0
0
0
0
0
0
0
0
0
0
0
0
0
0
0
0
0
0
0
0
0
0
0
0
0
0
0
0
0
0
0
0
-0.93755
-0.93379
-0.93626
-0.93075
-0.92984
-0.93075
-0.93958
-0.91823
-0.91737
-0.91415
-0.92293
-0.93614
-0.93444
-0.92223
-0.92188
-0.92138
-0.92188
-0.92003
-0.91802
-0.91801
-0.92133
-0.91439
-0.90879
-0.90879
-0.90878
-0.90794
-0.92578
-0.93611
-0.9384
-0.93479
-0.93726
-0.93336
-0.92931
-0.93795
-0.9342
-0.93038
-0.91026
0
-0.91196
-0.8983
44.5566
0
-0.9019
-0.90774
0
0
0
0
0
0
0
0
0
0
0
0
0
0
0
0
0
0
0
0
0
0
0
0
0
0
-1.5221
0
0
0
0
0
0
0
0
0
0
0
0
0
0
0
0
0
0
0
0
0
0
0
0
0
0
0
0
0
0
0
0
0
0
0
0
0
0
-2.5858
0
0
-2.5858
0
-0.92879
-0.92507
-0.92755
-0.92176
-0.92089
-0.92177
-0.93126
-0.90929
-0.90863
-0.90523
-0.91466
-0.92798
-0.9263
-0.91342
-0.91333
-0.91353
-0.91385
-0.91106
-0.90907
-0.90907
-0.91251
-0.90548
-0.89997
-0.89998
-0.89997
-0.89922
-0.91759
-0.92684
-0.92825
-0.92598
-0.92949
-0.92286
-0.9151
-0.92712
-0.92489
-0.917
-0.89538
-0.925
-0.88779
-0.88169
0
40.9761
0
0
0
0
-0.90442
0
0
0
0
0
0
0
0
0
-0.92837
0
0
0
0
0
0
0
0
0
0
0
0
0
0
0
0
0
0
0
0
0
0
0
0
0
0
0
0
0
0
0
0
0
0
0
0
0
0
0
0
0
0
0
-2.5487
0
0
0
0
0
0
0
0
0
0
0
0
0
-0.93047
-0.92763
-0.92923
-0.9243
-0.92341
-0.9243
-0.93102
-0.91194
-0.91114
-0.90771
-0.91716
-0.93057
-0.92926
-0.91596
-0.91592
-0.91598
-0.91647
-0.91358
-0.91158
-0.91158
-0.91529
-0.90799
-0.90244
-0.90244
-0.90244
-0.90163
-0.91966
-0.92894
-0.93062
-0.92853
-0.93171
-0.92534
-0.91686
-0.92976
-0.92527
-0.91766
-0.89784
0
-0.89722
-0.88571
-0.9019
0
41.1637
-0.90548
0
0
0
0
0
0
0
0
0
0
0
0
0
0
0
0
0
0
0
0
0
0
0
0
0
0
0
0
0
0
0
0
0
0
-1.5027
0
0
0
-2.087
0
0
0
0
0
0
0
0
0
0
0
0
0
0
0
0
0
0
0
0
0
0
0
0
0
0
0
0
0
0
0
-0.93325
-0.92959
-0.93205
-0.92626
-0.92537
-0.92626
-0.93299
-0.91388
-0.91308
-0.90969
-0.91906
-0.93251
-0.93114
-0.91789
-0.91784
-0.91792
-0.91841
-0.91549
-0.9135
-0.91351
-0.91723
-0.90991
-0.90438
-0.90439
-0.90438
-0.9036
-0.92158
-0.93062
-0.93224
-0.93004
-0.9334
-0.92697
-0.91876
-0.93096
-0.92631
-0.91905
-0.90015
0
-0.9006
-0.8901
-0.90774
0
-0.90548
39.7458
0
0
0
0
0
0
0
0
0
0
0
0
0
0
0
0
0
0
0
0
0
0
0
0
0
0
0
0
0
0
0
0
0
0
0
0
0
0
-2.0883
0
0
0
0
0
0
0
0
0
0
0
0
0
0
0
0
0
0
0
0
0
0
0
0
0
0
0
0
0
0
0
-0.94167
-0.93799
-0.9399
-0.93465
-0.93311
-0.93466
-0.94414
-0.92218
-0.9214
-0.91797
-0.92729
-0.94058
-0.93926
-0.9263
-0.92619
-0.92644
-0.92672
-0.92389
-0.92191
-0.92191
-0.92556
-0.91831
-0.91278
-0.91278
-0.91277
-0.91198
-0.9301
-0.93943
-0.94107
-0.93895
-0.94186
-0.93566
-0.9282
-0.94036
-0.93651
-0.92936
-0.91044
0
-0.91288
0
0
0
0
0
36.5996
0
0
0
0
0
0
0
0
0
0
0
0
0
0
0
0
0
0
0
0
0
0
-1.3125
0
0
0
0
0
0
0
0
0
0
0
0
0
0
0
0
0
0
0
0
0
0
0
0
0
0
0
0
0
0
0
0
0
0
0
0
0
0
0
0
0
0
0
0
0
0
-0.95324
-0.94946
-0.95194
-0.94616
-0.94529
-0.94615
-0.95561
-0.93353
-0.93279
-0.92945
-0.93875
-0.95228
-0.94272
-0.93763
-0.9375
-0.93772
-0.93798
-0.93526
-0.93325
-0.93325
-0.93673
-0.92962
-0.92406
-0.92406
-0.92405
-0.9233
-0.94198
-0.951
-0.95262
-0.95049
-0.95353
-0.94757
-0.93958
-0.95173
-0.94785
-0.94033
-0.92058
0
0
0
0
0
0
0
0
37.696
0
0
0
0
0
0
0
0
0
0
0
0
0
0
0
0
0
0
0
0
0
0
0
0
0
0
0
0
0
0
0
0
0
0
0
0
0
0
0
0
0
0
0
0
0
0
0
0
0
0
0
0
-2.9069
0
0
0
0
0
0
0
0
0
0
0
0
0
0
0
-0.93146
-0.9288
-0.93048
-0.92553
-0.92464
-0.92554
-0.93478
-0.91177
-0.91223
-0.90894
-0.91836
-0.93115
-0.92975
-0.91726
-0.91743
-0.91743
-0.91593
-0.91498
-0.91298
-0.91298
-0.91538
-0.90939
-0.90386
-0.90386
-0.90385
-0.90306
-0.92068
-0.93112
-0.93276
-0.93077
-0.93311
-0.92743
-0.91989
0
0
0
0
0
0
0
0
-0.90442
0
0
0
0
36.3863
0
0
0
0
0
0
0
0
0
0
0
0
0
0
0
0
0
0
0
0
0
0
0
0
0
0
0
0
0
-1.5974
0
-1.5011
0
0
0
0
0
0
0
0
0
0
0
0
0
0
-2.0258
0
0
0
0
0
0
0
0
0
0
0
0
0
0
0
0
0
0
0
0
-0.93646
-0.93266
-0.93519
-0.92934
-0.92844
-0.92934
-0.93888
-0.91692
-0.91617
-0.91276
-0.92205
-0.93526
-0.93403
-0.92102
-0.92094
-0.92113
-0.92154
-0.91863
-0.91662
-0.91662
-0.92035
-0.91306
-0.90754
-0.90754
-0.90753
-0.90676
-0.92491
-0.93415
-0.93573
-0.9335
-0.93682
-0.93011
-0.92262
0
-0.93023
-0.92295
0
0
0
0
0
0
0
0
0
0
0
33.2534
0
0
0
0
0
0
0
0
0
0
0
0
0
0
-0.91558
0
0
0
0
0
0
0
0
0
0
0
0
0
0
0
0
0
0
0
0
0
0
0
0
0
0
0
0
0
0
0
0
0
0
0
0
0
0
0
0
0
0
0
0
0
0
0
0
0
0
0
-0.95789
-0.95525
-0.95653
-0.95189
-0.951
-0.9519
-0.9614
-0.9394
-0.93865
-0.93515
-0.94466
-0.95794
-0.95677
-0.94359
-0.94353
-0.94374
-0.94412
-0.94118
-0.93914
-0.93915
-0.94291
-0.93555
-0.93003
-0.93003
-0.93002
-0.92929
-0.9477
-0.9574
-0.95882
0
0
0
0
0
0
0
0
0
0
0
0
0
0
0
0
0
0
0
28.9293
0
0
0
0
0
0
0
0
0
0
0
0
0
0
0
0
0
0
0
0
0
0
0
0
0
0
0
0
0
-1.5147
0
0
0
0
0
0
0
0
0
0
0
0
0
0
0
0
0
0
0
0
0
0
0
0
0
0
0
0
0
0
0
0
0
0
0
-0.98417
-0.98122
-0.98486
-0.9779
-0.97803
-0.9779
-0.98809
-0.96628
-0.96549
-0.96201
-0.97143
-0.98484
-0.98346
-0.97034
-0.97025
-0.96803
-0.97054
-0.96799
-0.96597
-0.96597
-0.96938
-0.96226
-0.95659
-0.9566
-0.95659
-0.95569
0
0
0
0
0
0
0
0
0
0
0
0
0
0
0
0
0
0
0
0
0
0
0
31.241
0
0
0
0
0
0
0
0
0
0
0
0
0
0
0
0
0
0
0
-1.445
-1.5559
0
-1.4506
0
0
-1.5476
0
0
0
0
0
0
0
0
0
0
0
0
0
0
0
0
0
0
0
0
0
0
0
0
0
0
0
0
0
0
0
0
0
0
0
0
0
0
-0.95714
-0.95346
-0.9552
-0.95008
-0.94836
-0.95009
-0.95968
-0.9375
-0.93675
-0.93329
-0.94264
-0.95605
-0.95471
-0.94169
-0.94158
-0.94195
-0.94213
-0.93925
-0.93727
-0.93727
-0.94099
-0.93366
-0.92813
-0.92813
-0.92813
-0.92739
-0.946
-0.95557
-0.95705
0
0
0
0
0
0
0
0
0
0
0
0
0
0
0
0
0
0
0
0
0
28.6803
0
0
0
0
0
0
0
0
0
0
0
0
0
0
0
0
-1.3192
0
0
0
0
0
0
0
0
0
0
0
0
0
0
0
0
0
0
0
0
0
0
0
0
0
0
0
0
0
0
0
0
0
0
0
0
0
0
0
0
0
0
0
0
0
0
-0.95607
-0.95224
-0.95478
-0.94889
-0.94798
-0.94889
-0.95853
-0.93638
-0.93563
-0.93218
-0.94156
-0.95491
-0.95364
-0.94055
-0.94045
-0.94074
-0.94112
-0.93813
-0.93611
-0.93611
-0.93994
-0.93252
-0.92703
-0.92703
-0.92702
-0.92639
-0.94532
-0.95482
-0.95632
0
0
0
0
0
0
0
0
0
0
0
0
0
0
0
0
0
0
0
0
0
0
27.3313
0
0
0
0
0
0
0
0
0
0
0
0
0
0
0
0
0
0
0
0
0
0
0
0
0
0
0
0
0
0
0
0
0
0
0
0
0
0
0
0
0
0
0
0
0
0
0
0
0
0
0
0
0
0
0
0
0
0
0
0
0
0
-0.95581
-0.95199
-0.95433
-0.9485
-0.94753
-0.94851
-0.95844
-0.93608
-0.93529
-0.93183
-0.94118
-0.95442
-0.95314
-0.9401
-0.94022
-0.94037
-0.94061
-0.93781
-0.93579
-0.93579
-0.93969
-0.9322
-0.92669
-0.9267
-0.92669
-0.92604
0
0
0
0
0
0
0
0
0
-0.94246
0
0
0
0
0
0
0
0
0
0
0
0
0
0
0
0
26.9619
-1.0038
0
0
0
0
0
0
0
0
0
0
0
0
0
0
0
0
0
0
0
0
-0.54992
0
0
0
0
0
0
0
0
0
0
0
0
0
0
0
0
0
0
0
0
0
0
0
0
0
0
0
0
0
0
0
0
0
0
0
0
0
0
0
-0.97835
-0.97473
-0.97649
-0.9713
-0.96961
-0.97131
-0.98118
-0.95865
-0.95783
-0.95439
-0.96398
-0.97768
-0.9765
-0.96274
-0.96271
-0.96288
-0.96325
-0.96025
-0.95828
-0.95828
-0.96211
-0.95461
-0.949
-0.949
-0.94899
-0.94812
0
0
0
0
0
0
0
0
0
0
0
0
0
0
0
0
0
0
0
0
0
0
0
0
0
0
-1.0038
29.5296
0
0
0
0
0
0
0
0
0
0
0
0
0
-1.3423
0
0
0
0
0
0
0
0
0
0
0
0
0
0
0
0
-2.1313
0
0
0
0
0
0
0
0
0
0
0
0
0
0
0
0
0
0
0
0
0
0
0
0
0
0
0
0
0
-0.96173
-0.958
-0.96049
-0.95461
-0.9537
-0.95461
-0.96448
-0.9421
-0.94129
-0.93787
-0.94743
-0.96103
-0.95994
-0.94616
-0.94614
-0.94623
-0.94679
-0.94371
-0.94171
-0.94171
-0.94561
-0.93809
-0.93255
-0.93255
-0.93255
-0.93181
0
0
0
0
0
0
0
0
0
0
0
-0.96176
0
0
0
0
0
0
0
0
0
0
0
0
0
0
0
0
27.6869
0
0
0
0
0
0
0
0
0
0
0
0
0
0
0
0
0
0
0
0
0
0
0
0
0
0
0
0
0
-2.1023
0
0
0
0
0
0
0
0
0
0
0
0
0
0
0
0
0
0
0
0
0
0
0
0
0
0
0
0
0
-0.95907
-0.95621
-0.95748
-0.9534
-0.95248
-0.95339
-0.96308
-0.94076
-0.94014
-0.93666
-0.94588
-0.9594
-0.95792
-0.945
-0.94483
-0.94517
-0.94523
-0.94259
-0.9406
-0.94059
-0.94278
-0.93698
-0.93145
-0.93145
-0.93144
-0.93076
0
0
0
0
0
0
0
0
0
0
0
0
0
0
0
0
0
0
0
0
0
0
0
0
0
0
0
0
0
26.141
0
0
0
0
0
0
0
0
0
0
0
0
0
0
0
-1.5563
0
0
0
0
0
0
0
0
0
0
0
0
0
0
0
0
0
0
0
0
0
0
0
0
0
0
0
0
0
0
0
0
0
0
0
0
0
0
0
0
0
0
-0.95663
-0.95272
-0.95527
-0.94935
-0.94845
-0.94935
-0.95904
-0.93681
-0.93607
-0.93262
-0.94201
-0.95539
-0.95414
-0.94101
-0.94092
-0.94123
-0.9417
-0.93858
-0.93655
-0.93655
-0.94049
-0.93296
-0.92747
-0.92747
-0.92746
-0.92708
0
0
0
0
0
0
0
0
0
0
0
0
0
0
0
-0.92837
0
0
0
0
0
0
0
0
0
0
0
0
0
0
25.4157
0
0
0
0
0
0
0
0
0
0
0
0
0
0
0
0
0
0
0
0
0
0
0
0
0
0
0
0
0
0
0
0
0
0
0
0
0
0
0
0
0
0
0
0
0
0
0
0
0
0
0
0
0
0
0
0
0
-0.94026
-0.93627
-0.93888
-0.93296
-0.93216
-0.93296
-0.94238
-0.92058
-0.91984
-0.9164
-0.92572
-0.9389
-0.93771
-0.92458
-0.92457
-0.92277
-0.92515
-0.92227
-0.92024
-0.92024
-0.92392
-0.91665
-0.91114
-0.91114
-0.91114
0
0
0
0
0
0
0
0
0
0
0
0
0
0
0
0
0
0
0
0
0
0
0
0
0
0
0
0
0
0
0
0
24.6335
0
0
0
0
0
0
0
0
0
0
0
0
-1.4847
0
0
0
0
0
0
0
0
0
0
0
0
0
0
0
0
0
0
0
0
0
0
0
0
0
0
0
0
0
0
0
0
0
0
0
0
0
0
0
0
0
0
0
-0.90999
-0.90611
-0.90865
-0.9028
-0.90193
-0.9028
-0.91237
-0.89049
-0.88976
-0.88635
-0.8956
-0.90875
-0.90756
-0.89456
-0.89448
-0.8948
-0.89535
-0.89219
-0.89018
-0.89018
-0.89417
-0.88666
-0.88125
-0.88126
-0.88126
-0.88181
0
0
0
0
0
0
0
0
0
0
0
0
0
0
0
0
0
0
0
0
0
0
0
0
0
0
0
0
0
0
0
0
23.2813
0
0
0
0
0
0
0
0
0
0
0
0
0
0
0
0
0
0
0
0
0
0
0
0
0
0
0
0
0
0
0
0
0
0
0
0
0
0
0
0
0
0
0
0
0
0
0
0
0
0
0
0
0
0
0
-0.87915
-0.87524
-0.87779
-0.87197
-0.87112
-0.87197
-0.88144
-0.85977
-0.85905
-0.85569
-0.86483
-0.87785
-0.87666
-0.86375
-0.86369
-0.86395
-0.86456
-0.86139
-0.8594
-0.8594
-0.86336
-0.8559
-0.85048
-0.85049
-0.85049
0
0
0
0
-0.8812
0
0
0
0
0
0
0
0
0
0
0
0
0
0
0
0
0
0
0
0
0
0
0
0
0
0
0
0
0
22.5106
0
0
0
0
0
0
0
0
0
0
0
0
0
0
0
0
0
0
0
0
0
0
0
0
0
0
0
0
0
0
0
0
0
0
0
0
0
0
0
0
0
0
0
0
0
0
0
0
0
0
0
0
0
0
-0.91
-0.90611
-0.90864
-0.9028
-0.90193
-0.9028
-0.91237
-0.89049
-0.88977
-0.88636
-0.89561
-0.90874
-0.90756
-0.89457
-0.89448
-0.89481
-0.89535
-0.89219
-0.89018
-0.89018
-0.89417
-0.88667
-0.88125
-0.88126
-0.88126
-0.88181
0
0
0
0
0
0
0
0
0
0
0
0
0
0
0
0
0
0
0
0
0
0
0
0
0
0
0
0
0
0
0
0
0
0
23.2813
0
0
0
0
0
0
0
0
0
0
0
0
0
0
0
0
0
0
0
0
0
0
0
0
0
0
0
0
0
0
0
0
0
0
0
0
0
0
0
0
0
0
0
0
0
0
0
0
0
0
0
0
0
-0.92422
-0.92041
-0.92303
-0.91708
-0.91627
-0.91708
-0.91971
-0.90482
-0.90405
-0.90062
-0.91024
-0.92126
-0.92252
-0.90896
-0.90893
-0.90911
0
-0.90668
-0.9047
-0.90469
0
-0.90115
-0.8957
-0.8957
-0.8957
0
0
0
0
0
0
0
0
0
0
0
0
0
0
0
0
0
0
0
0
0
0
0
0
0
0
0
0
0
0
0
0
0
0
0
0
24.9869
0
0
0
0
0
0
0
0
0
0
0
0
0
0
0
0
0
0
0
-1.6558
0
0
0
0
0
0
-2.3985
0
0
0
0
0
0
0
0
0
0
0
0
0
0
0
0
0
0
0
0
0
0
0
0
0
-0.93427
-0.93026
-0.93286
-0.9269
-0.926
-0.92691
-0.93656
-0.91453
-0.91374
-0.91029
-0.9196
-0.93288
-0.93174
-0.91847
-0.91843
-0.91884
0
-0.9161
-0.91409
-0.91409
0
-0.91052
0
0
0
0
0
0
0
0
0
0
0
0
0
0
0
-0.93422
0
0
0
0
0
0
0
0
0
-0.91558
0
0
0
0
0
0
0
0
0
0
0
0
0
0
20.2969
0
0
0
0
0
0
0
0
0
0
0
0
0
0
0
0
0
0
0
0
0
0
0
0
0
0
0
0
0
0
0
0
0
0
0
0
0
0
0
0
0
0
0
0
0
0
0
0
0
0
0
-0.95674
-0.95284
-0.95558
-0.94948
-0.94868
-0.94948
-0.95681
-0.93725
-0.93639
-0.93273
-0.94238
-0.95576
0
-0.9407
-0.94119
0
0
0
-0.93667
-0.93667
0
0
0
0
0
0
0
0
0
0
0
0
0
0
0
0
0
0
0
0
0
0
0
0
0
0
0
0
0
0
0
0
0
0
0
0
0
0
0
0
0
0
0
16.6398
0
0
0
0
0
0
0
0
0
0
0
0
0
0
0
0
-1.5104
0
0
0
0
0
0
0
0
0
0
0
0
0
0
0
0
0
0
0
0
0
0
0
0
0
0
0
0
0
0
0
0
0
-1.0358
-1.0319
-1.0346
-1.0282
-1.0273
-1.0282
0
-1.0156
-1.0146
-1.011
-1.0214
0
0
0
0
0
0
0
0
0
0
0
0
0
0
-1.0046
0
0
0
0
0
0
0
0
0
0
0
0
0
0
0
0
0
0
0
0
0
0
0
0
0
0
0
0
0
0
0
0
0
0
0
0
0
0
12.8685
0
0
0
0
0
0
0
0
0
0
0
0
0
0
0
0
-1.6155
0
0
0
0
0
0
0
0
0
0
0
0
0
0
0
0
0
0
0
0
0
0
0
0
0
0
0
0
0
0
0
0
-1.0698
-1.0655
-1.0676
-1.0614
-1.0607
-1.0614
0
-1.0454
-1.0471
-1.0441
-1.0546
-1.0677
0
0
0
0
0
0
0
0
0
0
0
0
0
0
0
0
0
0
0
0
0
0
0
0
0
0
0
0
0
0
0
0
0
0
0
0
0
0
0
0
0
0
0
0
0
0
0
0
0
0
0
0
0
13.7074
0
0
0
0
0
0
0
0
0
0
0
0
0
0
0
0
0
0
0
0
0
-2.0622
0
0
0
0
0
0
0
0
0
0
0
0
0
0
0
0
0
0
0
0
0
0
0
0
0
0
-1.1787
-1.175
-1.1772
-1.1709
-1.1695
-1.1709
0
-1.1577
-1.157
-1.1532
0
0
0
0
0
0
0
-1.1588
0
0
0
0
0
0
0
0
0
0
0
0
0
0
0
0
0
0
0
0
0
0
0
0
0
0
0
0
0
0
0
0
0
0
0
0
0
0
0
0
0
0
0
0
0
0
0
0
11.6687
0
0
0
0
0
0
0
0
0
0
0
0
0
0
0
0
0
0
0
0
0
0
0
0
0
0
0
0
0
0
0
0
0
0
0
0
0
0
0
0
0
0
0
0
0
0
0
0
0
-1.3389
0
-1.3309
0
0
0
0
0
0
0
0
0
0
0
0
0
0
0
0
0
0
0
0
0
0
0
0
0
0
0
0
0
0
0
0
-1.3282
0
0
0
0
0
0
-1.3125
0
0
0
0
0
-1.3192
0
0
-1.3423
0
0
0
0
0
0
0
0
0
0
0
0
0
10.2827
0
0
0
0
0
0
0
0
0
0
0
0
0
0
0
0
0
0
0
0
0
0
0
0
-2.3107
0
0
0
0
0
0
0
0
0
0
0
0
0
0
0
0
0
0
0
0
0
0
-1.2549
0
-1.2506
-1.2492
-1.2506
0
0
0
-1.2325
0
0
0
0
0
0
0
0
0
0
0
0
0
0
0
0
0
0
0
0
0
0
0
-1.2511
0
0
0
0
0
0
0
0
0
0
0
0
0
0
0
0
0
0
0
0
0
0
0
0
0
0
0
0
0
0
0
0
0
0
9.2244
0
0
0
0
0
0
0
0
0
0
0
-1.7355
0
0
0
0
0
0
0
0
0
0
0
0
0
0
0
0
0
0
0
0
0
0
0
0
0
0
0
0
0
0
0
0
0
0
-1.4444
0
-1.4408
0
-1.4408
0
0
0
0
0
0
0
0
0
-1.4286
0
0
0
0
0
0
0
0
0
0
0
0
0
0
0
0
0
0
0
0
0
0
0
0
0
0
0
0
0
0
0
0
0
-1.445
0
0
0
0
0
0
0
0
0
0
0
0
0
0
0
0
0
0
0
8.8939
0
0
0
0
0
0
0
0
0
0
0
0
0
0
0
-1.6943
0
0
0
0
0
0
0
0
0
0
0
0
0
0
0
0
0
0
0
0
0
0
0
0
0
0
0
0
0
0
0
0
0
0
0
0
0
0
0
0
0
0
0
-1.5374
0
0
0
0
0
0
0
0
0
0
0
0
0
-1.544
0
0
0
0
-1.5381
0
0
0
0
0
-1.5221
0
0
0
0
0
0
0
0
-1.5559
0
0
0
0
0
0
0
-1.4847
0
0
0
0
0
0
0
0
0
0
0
0
9.1821
0
0
0
0
0
0
0
0
0
0
0
0
0
0
0
0
0
0
0
0
0
0
0
0
0
0
0
0
0
0
0
0
0
0
0
0
0
0
0
0
0
0
0
-1.603
0
0
0
0
0
0
0
0
0
0
0
0
0
0
0
0
0
0
0
-1.5837
0
0
0
0
0
0
0
0
0
0
0
0
0
0
0
0
0
0
0
0
0
0
0
0
0
0
0
0
0
0
0
0
0
0
-1.5563
0
0
0
0
0
0
0
0
0
0
0
0
0
0
0
9.238
0
0
0
0
0
0
0
-2.0923
0
0
0
0
0
0
0
0
0
0
0
0
0
0
0
0
0
0
0
-2.4028
0
0
0
0
0
0
0
0
0
0
0
0
0
0
-1.4427
0
0
0
0
0
0
0
0
0
0
0
0
0
0
0
0
0
0
0
0
0
0
0
0
0
0
0
0
0
0
0
0
0
0
0
0
-1.426
0
0
0
0
0
0
0
0
0
0
0
-1.4506
0
0
0
0
0
0
0
0
0
0
0
0
0
0
0
0
0
0
0
0
0
0
8.2924
0
0
0
0
0
0
0
0
0
0
0
0
-1.7228
0
0
0
0
0
0
-2.2503
0
0
0
0
0
0
0
0
0
0
0
0
0
0
0
0
0
0
0
0
0
0
0
0
0
0
0
0
0
0
0
0
0
-1.4598
0
0
0
0
0
0
0
0
0
0
0
0
0
0
0
0
0
0
0
0
0
0
0
0
0
0
-1.406
0
0
0
0
0
0
0
0
0
0
0
0
0
0
0
0
0
0
0
0
0
0
0
0
0
0
0
0
0
0
0
0
0
9.7307
0
0
0
-1.7829
0
0
0
0
0
0
0
0
-2.3181
0
0
0
0
0
0
0
0
0
0
0
0
0
0
0
0
0
0
0
0
0
0
0
-2.7639
0
0
0
0
0
0
0
0
0
-0.53943
0
0
0
0
0
0
0
0
0
0
0
0
0
0
0
0
0
0
0
0
0
0
0
0
0
0
0
0
0
0
0
0
0
0
0
0
0
0
0
0
0
0
0
0
0
-0.54992
0
0
0
0
0
0
0
0
0
0
0
0
0
0
0
0
0
0
0
0
0
6.7619
0
0
0
0
0
0
0
0
-1.9854
0
0
0
0
0
0
0
0
0
0
0
0
0
0
0
0
0
-1.8436
0
0
0
0
0
0
-1.8436
0
0
0
0
0
-1.5494
0
0
0
0
0
0
0
0
0
0
0
0
0
0
0
0
0
0
0
0
0
0
0
0
0
-1.5276
-1.5367
0
0
0
0
0
0
0
0
-1.5009
0
0
0
0
0
0
0
0
0
0
0
0
-1.5476
0
0
0
0
0
0
0
0
0
0
0
0
0
0
0
0
0
0
0
0
0
0
0
0
0
7.6622
0
0
0
0
0
0
0
0
0
0
0
0
0
0
0
0
0
0
0
0
0
0
0
0
0
0
0
0
0
0
0
0
0
0
0
0
0
0
0
0
0
0
0
0
0
-1.6309
0
0
0
0
0
0
0
0
-1.6344
0
0
0
0
0
0
0
0
0
0
0
0
0
0
0
0
0
0
0
0
0
0
0
0
0
0
0
0
0
-1.5974
0
0
0
0
0
0
0
0
0
0
0
0
0
0
0
0
0
0
0
0
0
0
0
0
0
0
0
0
0
8.8374
0
0
0
0
0
0
-1.9665
0
0
0
-2.0081
0
0
0
0
0
0
0
0
0
0
0
0
0
0
0
0
0
0
0
0
0
0
0
0
0
0
0
0
0
0
0
0
0
0
-1.5752
0
0
0
0
0
0
0
0
0
0
0
0
0
0
0
0
0
0
0
0
0
0
0
0
0
0
0
0
0
0
-1.5301
0
0
0
0
0
0
0
0
0
0
0
0
0
0
0
0
0
0
0
0
0
0
0
0
0
0
0
0
0
0
0
0
0
-1.7829
0
0
0
8.9797
0
-1.994
0
0
0
-2.0975
0
0
0
0
0
0
0
0
0
0
0
0
0
0
0
0
0
0
0
0
0
0
0
0
0
0
0
0
0
0
-1.5488
0
-1.547
0
0
0
0
0
0
0
0
0
0
0
0
0
0
0
0
0
0
0
0
0
0
0
0
0
0
0
0
0
0
0
0
0
0
0
0
0
0
0
-1.5027
0
0
0
-1.5011
0
-1.5147
0
0
0
0
0
0
0
0
0
0
0
0
0
0
0
0
0
0
0
0
0
0
0
0
0
0
0
0
0
7.6143
0
0
0
0
0
0
0
0
0
0
0
0
0
0
0
0
0
0
0
0
0
0
0
0
0
0
0
0
0
0
0
0
0
0
0
0
-1.8597
0
0
0
0
0
0
0
0
0
0
0
0
0
0
0
0
0
0
0
0
0
0
0
0
0
0
0
0
0
0
0
0
0
0
0
0
0
0
0
0
0
0
0
0
0
0
0
0
0
0
0
0
0
0
0
0
0
0
0
0
0
0
0
0
0
0
0
0
0
-2.0923
0
0
0
0
0
-1.994
0
8.3139
0
0
0
0
0
0
0
0
0
0
0
0
0
0
0
0
0
-2.3679
0
0
0
0
0
0
0
0
0
0
0
0
0
0
0
0
0
0
0
0
0
0
-1.6195
0
0
0
0
0
0
0
0
0
0
0
0
0
0
0
0
0
0
0
0
0
0
0
0
0
0
0
0
0
0
0
0
0
0
0
0
0
0
0
0
0
0
0
0
0
0
0
0
0
0
0
0
0
0
0
0
-1.5104
0
0
0
0
-1.7355
0
0
0
0
0
0
0
0
0
0
0
7.3249
0
0
0
0
0
0
0
0
0
0
0
0
0
0
0
0
0
0
0
0
0
0
-2.4595
0
0
0
0
0
0
0
0
0
0
0
0
0
0
0
0
0
0
0
0
0
-1.7728
0
0
0
0
0
0
0
0
0
0
0
0
0
0
0
0
0
0
0
-1.7515
0
0
0
0
0
0
0
0
0
0
0
0
0
0
0
0
0
0
0
0
0
0
0
0
0
0
0
0
0
-1.6558
0
0
-1.6155
0
0
0
0
0
0
0
0
0
0
0
0
0
0
0
0
6.7956
0
0
0
0
0
0
0
0
0
0
0
0
0
0
0
0
0
0
0
0
0
0
0
0
0
0
0
0
0
0
0
0
0
0
0
0
0
0
-2.169
0
0
0
0
0
0
0
0
0
0
0
0
0
0
0
0
0
0
0
0
0
0
0
0
0
0
0
0
0
0
0
0
0
0
0
-2.087
-2.0883
0
0
0
0
0
0
0
0
0
0
0
0
0
0
0
0
0
0
0
0
0
0
0
0
0
0
0
0
0
0
0
0
0
0
0
0
0
0
6.3443
0
0
0
0
0
0
0
0
0
0
0
0
0
0
0
0
0
0
0
0
0
0
0
0
0
0
0
0
0
0
0
0
0
0
0
0
0
0
0
0
0
0
0
0
0
0
0
0
0
0
0
0
0
0
0
0
0
0
0
0
0
0
0
0
0
0
0
0
0
0
0
0
0
0
0
0
0
0
0
0
0
0
0
0
0
0
0
0
0
0
0
0
0
0
0
0
0
0
0
0
0
0
0
0
0
-1.9854
0
-1.9665
-2.0975
0
0
0
0
0
6.0494
0
0
0
0
0
0
0
0
0
0
0
0
0
0
0
0
0
0
0
0
0
0
0
0
0
0
0
0
0
0
0
0
0
0
0
0
0
0
0
0
0
0
0
0
0
0
0
0
0
0
0
0
0
0
0
0
-2.1697
0
0
0
0
0
0
0
0
0
0
0
0
0
0
0
0
0
0
0
0
0
0
0
0
0
0
-2.1313
-2.1023
0
0
0
0
0
0
0
0
0
0
0
0
0
0
0
0
0
0
0
0
0
0
0
0
0
0
0
0
0
6.4032
0
0
0
0
0
0
0
0
0
0
0
0
0
0
0
0
0
0
0
0
0
0
0
0
0
0
0
0
0
0
0
0
0
0
0
0
0
0
0
0
0
0
0
0
0
0
0
0
0
0
0
0
0
0
0
0
0
0
0
0
0
0
0
0
0
0
0
0
0
0
0
0
0
0
0
0
0
0
0
0
0
0
0
0
0
0
0
0
0
0
0
0
0
0
0
0
0
0
-1.6943
0
0
-1.7228
0
0
0
0
0
0
0
0
0
0
0
0
5.3931
0
0
0
0
0
0
0
0
0
0
0
0
0
0
0
0
0
0
0
-1.976
0
0
0
0
0
0
0
0
0
0
0
0
0
0
-2.6077
0
0
0
0
0
0
0
0
0
0
0
0
0
0
0
0
0
0
0
0
0
0
0
0
0
0
0
0
0
0
0
0
0
0
0
0
0
0
0
0
0
0
0
0
0
0
0
0
0
0
0
0
0
0
0
0
0
0
0
0
0
0
0
0
0
0
-2.3181
0
0
0
0
0
0
0
0
0
0
0
0
7.2653
0
0
0
0
0
0
0
0
0
-2.3395
0
0
0
0
0
0
0
0
0
0
0
0
0
0
0
0
0
0
0
0
0
0
0
0
0
0
0
0
0
0
0
0
0
0
0
0
0
-2.3093
0
0
0
0
0
0
0
0
0
0
0
0
0
0
0
0
0
0
0
0
0
0
0
0
0
0
0
0
0
0
0
0
0
0
0
0
0
0
0
0
0
0
0
0
-2.0622
0
0
0
0
0
0
0
0
0
0
-2.0081
0
0
0
0
0
0
0
0
0
0
6.3796
0
0
0
0
0
0
0
0
0
0
0
0
0
0
0
0
0
0
0
0
0
0
0
0
0
0
0
0
0
0
0
0
-2.6406
0
0
0
0
0
0
0
0
0
0
0
0
0
0
0
0
0
0
0
0
0
0
0
0
0
0
0
0
0
0
0
0
0
0
0
0
0
0
0
0
0
0
0
0
0
0
0
0
0
0
0
0
0
0
-2.3985
0
0
0
0
0
0
0
0
0
0
0
0
0
0
0
0
0
0
0
0
0
0
0
0
0
0
5.0391
0
0
0
0
0
0
0
0
0
0
0
0
0
0
0
0
0
0
0
0
0
0
0
0
0
0
0
0
0
0
0
0
0
0
0
0
0
0
0
0
0
0
0
0
0
0
0
0
0
0
0
0
0
0
0
0
0
0
-2.8948
0
0
0
-2.8963
0
0
0
0
0
0
0
0
0
0
0
0
0
0
0
0
0
0
0
0
0
0
0
0
0
0
0
0
0
0
0
0
0
0
0
0
0
0
0
0
0
0
0
0
0
0
0
0
0
0
0
5.7911
0
0
0
0
0
0
0
0
0
0
0
0
0
0
0
0
0
0
0
0
0
0
0
0
0
0
0
0
0
0
0
0
0
0
0
0
0
0
0
0
-1.919
0
0
0
0
0
0
0
0
0
0
0
0
0
0
0
0
0
0
0
0
0
0
0
0
0
0
0
0
0
0
0
0
0
0
0
0
0
0
0
0
0
0
0
0
0
0
0
0
0
0
0
0
0
0
0
0
0
0
0
0
0
0
0
0
0
0
0
0
0
0
0
0
0
4.4968
0
0
0
0
-2.5778
0
0
0
0
0
0
0
0
0
0
0
0
0
0
0
0
0
0
0
0
0
0
0
0
0
0
0
0
0
0
0
0
0
0
0
0
0
0
0
0
0
0
0
0
-2.062
0
0
0
0
0
0
0
0
0
0
0
0
0
0
0
0
0
0
0
0
0
0
0
0
0
0
0
0
0
0
0
0
0
0
0
0
0
0
0
0
0
0
0
0
0
0
0
0
0
0
0
0
0
0
0
0
0
0
0
0
0
0
0
0
4.437
0
-2.375
0
0
0
0
0
0
0
0
0
0
0
0
0
0
0
0
0
0
0
0
0
0
0
0
0
0
0
0
0
0
0
0
0
0
0
0
0
0
0
0
0
0
0
0
0
0
0
0
0
0
0
0
0
0
0
0
0
0
0
0
0
0
0
0
0
0
0
0
0
0
0
0
0
0
0
0
0
0
0
0
0
0
0
0
0
0
0
-2.3107
0
0
0
0
-2.2503
0
0
0
0
0
0
0
0
0
0
0
0
0
0
0
0
0
0
0
4.561
0
0
0
0
0
0
0
0
0
0
0
0
0
0
0
0
0
0
0
0
0
0
0
0
0
0
0
0
0
0
0
0
0
0
0
0
0
0
0
0
0
0
0
0
0
0
0
0
0
0
0
0
0
0
0
0
0
0
0
0
0
0
0
0
0
0
0
-2.0258
0
0
0
0
0
0
0
0
0
0
0
0
0
0
0
0
0
0
0
0
0
0
0
0
0
0
0
0
0
0
0
0
0
0
0
0
0
0
0
0
0
0
0
0
-2.375
0
4.4008
0
0
0
0
0
0
0
0
0
0
0
0
0
0
0
0
0
0
0
0
0
0
0
0
0
0
0
0
0
0
0
0
0
-1.9185
0
0
0
0
0
0
0
0
0
0
0
0
0
0
0
0
0
0
0
0
0
0
0
0
0
0
0
0
0
0
0
0
0
0
0
0
0
0
0
0
0
0
0
0
0
0
0
0
0
0
0
0
0
0
0
0
0
0
0
0
0
0
0
0
0
0
0
0
0
0
0
0
0
0
0
0
0
0
0
0
4.4973
-2.5787
0
0
0
0
0
0
0
0
0
0
0
0
0
0
0
0
0
0
0
0
0
0
0
0
0
0
0
0
0
0
0
0
0
0
0
0
0
0
0
0
0
0
0
0
0
0
0
0
0
0
0
0
0
0
0
0
0
0
0
0
0
0
0
0
0
0
0
0
0
0
0
0
0
0
0
0
0
0
0
0
0
0
0
0
0
0
0
0
0
0
0
0
0
0
0
0
0
0
0
0
0
0
0
0
0
0
0
0
-2.5778
0
0
0
-2.5787
5.1565
0
0
0
0
0
0
0
0
0
0
0
0
0
0
0
0
0
0
0
0
0
0
0
0
0
0
0
0
-3.4243
0
0
0
0
0
0
0
0
0
0
0
0
0
0
0
0
0
0
0
0
0
0
0
0
0
0
0
0
0
0
0
0
0
0
0
0
0
0
0
0
0
0
0
0
0
0
0
0
0
0
0
0
0
0
0
0
0
0
0
0
0
0
0
0
0
0
0
0
0
0
0
0
0
0
0
-2.3395
0
0
0
0
0
0
0
0
0
5.7638
0
0
0
0
0
0
0
0
0
0
0
0
0
0
0
0
0
0
0
0
0
0
0
0
0
0
0
0
0
0
0
-2.892
0
0
0
0
0
0
0
0
0
0
0
0
0
0
0
0
0
0
0
0
0
0
0
0
0
0
0
0
0
0
0
0
0
0
0
0
0
0
0
0
0
0
0
0
0
0
0
0
0
0
0
0
0
0
0
0
0
0
0
0
0
0
0
0
-2.3679
0
0
0
0
0
0
0
0
0
0
0
0
0
0
0
0
0
5.2599
0
0
0
0
0
0
0
0
0
0
0
0
0
0
0
0
0
0
0
0
0
0
0
0
0
0
0
0
-3.0238
0
0
0
0
0
0
0
0
0
0
0
0
0
0
0
0
0
0
0
0
0
0
0
0
0
0
0
0
0
0
0
0
-2.9069
0
0
0
0
0
0
0
0
0
0
0
0
0
0
0
0
0
0
0
0
0
0
0
0
0
0
0
0
0
0
0
0
0
0
0
0
0
0
0
0
0
0
0
0
0
0
0
0
0
0
0
0
5.9307
0
0
0
0
0
0
0
0
0
0
0
0
0
0
0
0
0
-2.9319
0
0
0
0
0
0
0
0
0
0
0
0
0
0
0
0
0
0
0
0
0
0
0
0
0
0
0
0
0
0
0
0
0
0
0
0
0
0
0
0
0
0
0
0
0
0
0
0
0
0
0
0
0
0
0
0
0
0
0
0
0
0
0
0
0
0
0
0
-2.4028
0
0
0
0
0
0
0
0
0
0
0
0
0
0
0
0
0
0
0
0
0
0
0
0
0
0
0
5.3347
0
0
0
0
0
0
0
0
0
0
0
0
0
0
0
0
0
0
0
0
0
0
0
0
0
0
0
0
0
0
0
0
0
0
0
0
0
0
0
0
0
0
0
0
0
0
0
0
0
0
0
0
-2.5568
0
0
-2.5487
0
0
0
0
0
0
0
0
0
0
0
0
0
0
0
0
0
0
0
0
0
0
0
0
0
0
0
0
0
0
0
0
0
0
0
0
0
0
0
0
0
0
0
0
0
0
0
0
0
0
0
0
0
0
0
0
0
0
5.1055
0
0
0
0
0
0
0
0
0
0
0
0
0
0
0
0
0
0
0
0
0
0
0
0
0
0
0
0
0
0
0
0
0
0
0
0
0
0
0
0
0
0
0
0
0
0
0
0
0
0
0
0
0
0
0
0
0
0
0
0
0
0
0
0
0
0
0
0
0
0
0
0
0
0
0
0
0
0
0
0
0
0
0
0
0
0
0
-1.8436
0
0
0
0
0
0
0
0
0
0
0
0
0
0
0
0
0
0
0
0
0
0
0
0
0
0
1.8436
0
0
0
0
0
0
0
0
0
0
0
0
0
0
0
0
0
0
0
0
0
0
0
0
0
0
0
0
0
0
0
0
0
0
0
0
0
0
0
0
0
0
0
0
0
0
0
0
0
-2.3613
0
0
0
0
0
0
0
0
0
0
0
0
0
0
0
0
0
0
0
0
0
0
0
0
0
0
0
0
0
0
0
0
0
0
0
0
0
0
0
0
0
0
0
0
0
0
0
0
0
0
0
0
0
0
0
0
0
0
0
0
0
0
0
0
2.3613
0
0
0
0
0
0
0
0
0
0
0
0
0
0
0
0
0
0
0
0
0
0
0
0
0
0
0
0
0
0
0
0
0
0
0
0
0
0
0
0
0
0
0
0
0
0
0
0
0
0
0
0
0
0
0
0
0
0
0
0
0
0
0
0
0
0
0
0
0
0
0
0
0
0
0
0
0
0
0
0
0
0
0
0
0
0
0
0
0
0
0
-2.4595
0
0
0
0
0
0
0
0
0
0
0
0
0
0
0
0
0
0
0
0
0
0
2.4595
0
0
0
0
0
0
0
0
0
0
0
0
0
0
0
0
0
0
0
0
0
0
0
0
0
0
0
0
0
0
0
0
0
0
0
0
0
0
0
0
-3.1182
0
0
0
0
0
0
0
0
0
0
0
0
0
0
0
0
0
0
0
0
0
0
0
0
0
0
0
0
0
0
0
0
0
0
0
0
0
0
0
0
0
0
0
0
0
0
0
0
0
0
0
0
0
0
0
0
0
0
0
0
0
0
0
0
0
0
0
0
0
0
0
0
0
3.1182
0
0
0
0
0
0
0
0
0
0
0
0
0
0
0
0
0
0
0
0
0
0
0
0
0
0
0
0
0
0
0
0
0
0
0
0
0
0
0
0
0
0
0
0
0
0
0
0
0
0
0
0
0
0
0
0
0
0
0
0
0
0
0
0
0
0
0
0
0
0
0
0
0
0
0
0
0
0
0
0
0
0
0
0
0
0
0
0
0
0
0
0
0
0
-1.976
0
0
0
0
0
0
0
0
0
0
0
0
0
0
0
0
0
0
0
1.976
0
0
0
0
0
0
0
0
0
0
0
0
0
0
0
0
0
0
0
-4.2971
0
0
0
0
0
0
0
0
0
0
0
0
0
0
0
0
0
0
0
0
0
0
0
0
0
0
0
0
0
0
0
0
0
0
0
0
0
0
0
0
0
0
0
0
0
0
0
0
0
0
0
0
0
0
0
0
0
0
0
0
0
0
0
0
0
0
0
0
0
0
0
0
0
0
0
0
0
0
0
0
0
0
0
0
0
0
0
0
0
0
0
0
0
0
4.2971
0
0
0
0
0
0
0
0
0
0
0
0
0
0
0
0
0
0
0
-3.8401
0
0
0
0
0
0
0
0
0
0
0
0
0
0
0
0
0
0
0
0
0
0
0
0
0
0
0
0
0
0
0
0
0
0
0
0
0
0
0
0
0
0
0
0
0
0
0
0
0
0
0
0
0
0
0
0
0
0
0
0
0
0
0
0
0
0
0
0
0
0
0
0
0
0
0
0
0
0
0
0
0
0
0
0
0
0
0
0
0
0
0
0
0
0
3.8401
0
0
0
0
0
0
0
0
0
0
0
0
0
0
0
0
0
0
0
0
0
0
0
0
0
0
0
0
0
0
0
0
0
0
0
0
0
0
0
0
0
0
0
0
0
0
0
0
0
0
0
0
0
0
0
0
0
0
0
0
0
0
0
0
0
0
0
0
0
0
0
0
0
0
0
0
0
0
0
0
-1.8436
0
0
0
0
0
0
0
0
0
0
0
0
0
0
0
0
0
0
0
0
0
0
0
0
0
0
0
0
0
0
0
0
0
1.8436
0
0
0
0
0
0
0
0
0
0
0
0
0
0
0
0
0
0
0
0
0
0
0
0
0
0
0
0
0
0
0
0
0
0
0
0
0
0
0
0
0
0
0
0
0
-2.5858
0
0
0
0
0
0
0
0
0
0
0
0
0
0
0
0
0
0
0
0
0
0
0
0
0
0
0
0
0
0
0
0
0
0
0
0
0
0
0
0
0
0
0
0
0
0
0
0
0
0
0
0
0
0
0
0
0
0
0
0
0
0
0
0
0
0
0
0
2.5858
0
0
0
0
0
0
0
0
0
0
0
0
0
0
0
0
0
0
0
0
0
0
0
0
0
0
0
0
0
0
0
0
0
0
0
0
0
0
0
0
0
0
0
0
0
0
0
0
0
0
0
0
0
0
0
0
0
0
0
0
0
0
0
0
0
0
0
0
0
0
0
0
0
0
0
0
0
-2.7639
0
0
0
0
0
0
0
0
0
0
0
0
0
0
0
0
0
0
0
0
0
0
0
0
0
0
0
0
0
0
0
0
0
0
0
0
2.7639
0
0
0
0
0
0
0
0
0
0
0
0
0
0
0
0
0
0
0
0
0
0
0
0
0
0
0
0
0
0
0
0
0
-3.1181
0
0
0
0
0
0
0
0
0
0
0
0
0
0
0
0
0
0
0
0
0
0
0
0
0
0
0
0
0
0
0
0
0
0
0
0
0
0
0
0
0
0
0
0
0
0
0
0
0
0
0
0
0
0
0
0
0
0
0
0
0
0
0
0
0
0
0
0
0
0
0
0
0
0
0
0
0
0
0
0
3.1181
0
0
0
0
0
0
0
0
0
0
0
0
0
0
0
0
0
0
0
0
0
0
0
0
0
0
0
0
0
0
0
0
0
0
0
0
0
0
0
0
0
0
-2.5858
0
0
0
0
0
0
0
0
0
0
0
0
0
0
0
0
0
0
0
0
0
0
0
0
0
0
0
0
0
0
0
0
0
0
0
0
0
0
0
0
0
0
0
0
0
0
0
0
0
0
0
0
0
0
0
0
0
0
0
0
0
0
0
0
0
0
0
0
0
0
0
2.5858
0
0
0
0
0
0
0
0
0
0
0
0
0
0
0
0
0
-3.5444
0
0
0
0
0
0
0
0
0
0
0
0
0
0
0
0
0
0
0
0
0
0
0
0
0
0
0
0
0
0
0
0
0
0
0
0
0
0
0
0
0
0
0
0
0
0
0
0
0
0
0
0
0
0
0
0
0
0
0
0
0
0
0
0
0
0
0
0
0
0
0
0
0
0
0
0
0
0
0
0
0
0
0
0
0
0
0
0
0
0
0
0
0
0
0
0
3.5444
