54.23
-0.71141
-0.68331
-0.7088
-0.69486
-0.68911
-0.6592
-0.67509
-0.67944
-0.69846
-0.68868
-0.66935
-0.72527
-0.68843
-0.7015
-0.69742
-0.69742
-0.70121
-0.68666
-0.67228
-0.66423
-0.65342
-0.68045
-0.70324
-0.66813
-0.69796
-0.72302
-0.73079
-0.71265
-0.74012
-0.73348
-0.75616
-0.73847
-0.77397
-0.76833
-0.77585
-0.77577
-0.79347
-0.7171
-0.67676
-0.91417
-0.90759
-0.89987
-0.81149
-0.89581
-0.87172
-0.95171
-1.0002
-0.89043
-0.88496
-1.0701
-1.0475
-1.1434
-1.6999
-1.536
0
-1.717
-1.6011
0
0
0
0
-2.0034
0
0
0
0
0
0
0
0
0
0
0
0
0
0
0
0
0
0
0
0
0
0
0
0
0
0
0
0
0
0
0
0
0
0
0
0
0
0
0
0
0
0
0
-5.7723
0
0
0
-0.71141
62.8154
-0.69587
-0.72245
-0.71271
-0.70357
-0.67955
-0.69006
-0.69983
-0.7167
-0.70781
-0.6883
-0.74591
-0.70696
-0.72077
-0.7168
-0.7168
-0.72252
-0.70583
-0.69243
-0.68562
-0.67084
-0.69878
-0.72122
-0.68911
-0.71776
-0.74313
-0.751
-0.7308
-0.75801
-0.75355
-0.77673
-0.75825
-0.79452
-0.79048
-0.79642
-0.79634
-0.81434
-0.73365
-0.69774
-0.93574
-0.9291
-0.92131
-0.82258
-0.91425
-0.89221
-0.97306
-1.0216
-0.90412
-0.90597
-1.0908
-1.0681
-1.165
-1.5827
-1.5313
0
-1.7342
0
0
0
0
0
0
0
0
0
0
0
0
0
0
0
0
0
0
0
0
0
0
0
0
0
0
0
-4.8426
0
0
0
0
0
0
0
0
0
0
-6.123
-6.123
0
0
0
0
0
0
0
0
0
0
0
0
0
-0.68331
-0.69587
52.7051
-0.69542
-0.67993
-0.67425
-0.64662
-0.66089
-0.66583
-0.68392
-0.67349
-0.65507
-0.69613
-0.6731
-0.68588
-0.68192
-0.68191
-0.68714
-0.6712
-0.65814
-0.65195
-0.63955
-0.66553
-0.68793
-0.65633
-0.68355
-0.7084
-0.71603
-0.69744
-0.72635
-0.71841
-0.74167
-0.72431
-0.75885
-0.75551
-0.76096
-0.76088
-0.77808
-0.7006
-0.62554
-0.89796
-0.89138
-0.88348
-0.79341
-0.88131
-0.85617
-0.93435
-0.98249
-0.8707
-0.87314
-1.0538
-1.0259
-1.1278
-1.6815
-1.5043
0
-1.7084
0
0
0
0
0
0
0
0
0
0
0
-3.3852
0
0
0
0
0
0
0
0
0
0
0
0
0
0
0
0
0
0
0
0
0
0
0
0
0
0
0
0
0
0
0
0
0
0
0
0
0
0
-5.3459
0
0
-0.7088
-0.72245
-0.69542
57.2593
-0.7006
-0.69878
-0.66821
-0.68254
-0.68876
-0.70706
-0.69696
-0.67698
-0.73615
-0.69625
-0.70961
-0.7057
-0.7057
-0.70818
-0.69134
-0.66368
-0.67224
-0.65972
-0.68401
-0.70778
-0.67777
-0.70593
-0.73122
-0.73907
-0.72022
-0.73876
-0.73613
-0.76415
-0.74761
-0.78262
-0.77571
-0.78459
-0.78451
-0.80232
-0.72989
-0.67989
-0.92382
-0.91719
-0.90962
-0.83087
-0.90164
-0.88042
-0.96317
-1.0115
-0.89183
-0.89721
-1.0804
-1.0578
-1.1567
-1.7136
0
0
-1.7355
0
0
0
0
0
0
0
0
0
0
0
0
0
0
0
-3.385
0
0
0
0
0
-4.0124
0
0
0
0
0
0
0
0
0
0
0
0
0
0
0
0
0
0
0
0
0
0
0
0
0
0
0
0
0
-6.1034
0
-0.69486
-0.71271
-0.67993
-0.7006
51.1331
-0.68256
-0.64797
-0.66401
-0.66767
-0.65883
-0.67518
-0.65605
-0.71397
-0.67508
-0.68735
-0.68338
-0.68338
-0.68879
-0.67306
-0.65938
-0.65249
-0.63919
-0.66592
-0.69219
-0.65719
-0.68359
-0.70794
-0.71824
-0.6993
-0.73044
-0.72075
-0.75113
-0.665
-0.76086
-0.75668
-0.76239
-0.76231
-0.78001
-0.71055
-0.66627
-0.89968
-0.89312
-0.88541
-0.79716
-0.8794
-0.85415
-0.93666
-0.98455
-0.87154
-0.87694
-1.0545
-1.032
-1.1327
0
0
0
0
0
0
0
0
0
0
0
0
0
0
0
0
0
0
0
0
0
0
0
0
0
0
0
-3.4849
-4.1272
0
-4.3359
0
0
0
0
0
0
0
0
0
0
0
0
0
0
0
0
0
0
0
0
0
0
0
0
0
0
-0.68911
-0.70357
-0.67425
-0.69878
-0.68256
44.2483
-0.64935
-0.66221
-0.6693
-0.6873
-0.6771
-0.65844
-0.71562
-0.67796
-0.69004
-0.68619
-0.6862
-0.69181
-0.67607
-0.66145
-0.65709
-0.64419
-0.66959
-0.69177
-0.66004
-0.68645
-0.71142
-0.71886
-0.70159
-0.73288
-0.72184
-0.74529
-0.72803
-0.76184
-0.75923
-0.76374
-0.76366
-0.78122
-0.70578
-0.66647
-0.90154
-0.89495
-0.88689
-0.80528
-0.88348
-0.86111
-0.93855
-0.98683
-0.87497
-0.8778
-1.056
-1.032
-1.1273
-1.688
-1.5196
0
-1.7056
0
0
0
0
0
0
0
0
0
0
0
0
0
0
0
0
0
0
0
0
0
0
0
0
0
0
0
0
0
0
0
0
0
0
0
0
0
0
0
0
0
0
0
0
0
0
0
0
0
0
0
0
0
-0.6592
-0.67955
-0.64662
-0.66821
-0.64797
-0.64935
41.4828
-0.62761
-0.63812
-0.65455
-0.64617
-0.61981
-0.68405
-0.64404
-0.65664
-0.65286
-0.65287
-0.65588
-0.64256
-0.62745
-0.62393
-0.61019
-0.63745
-0.65618
-0.62313
-0.65279
-0.67678
-0.68406
-0.66768
-0.70614
-0.68658
-0.71008
-0.69213
-0.72617
-0.72194
-0.72828
-0.7282
-0.7454
-0.67533
-0.63308
-0.86371
-0.85721
-0.84918
-0.77033
-0.82985
-0.82338
-0.89991
-0.94747
-0.83799
-0.8386
-1.0135
-0.99272
-1.0851
0
0
0
0
-1.5384
0
0
0
-2.3963
0
0
0
0
0
0
0
0
0
0
0
0
0
0
0
0
0
0
0
0
0
0
0
0
0
0
0
0
0
0
0
0
0
0
0
0
0
0
0
0
0
0
0
0
0
0
0
0
-0.67509
-0.69006
-0.66089
-0.68254
-0.66401
-0.66221
-0.62761
42.7853
-0.65236
-0.67051
-0.66047
-0.63706
-0.70048
-0.66034
-0.67266
-0.66893
-0.66893
-0.67372
-0.65959
-0.64409
-0.63891
-0.62676
-0.65213
-0.67337
-0.64322
-0.66961
-0.6941
-0.70148
-0.6842
-0.71881
-0.70473
-0.72797
-0.70976
-0.74393
-0.74047
-0.74605
-0.74597
-0.76334
-0.69296
-0.65096
-0.88206
-0.87554
-0.86822
-0.7904
-0.837
-0.84114
-0.91794
-0.96596
-0.85395
-0.85765
-1.0347
-1.0126
-1.1069
-1.6668
0
0
0
0
0
0
0
0
0
-2.7142
0
0
0
0
0
0
0
0
0
0
0
0
0
0
0
0
0
0
0
0
0
0
0
0
0
0
0
0
0
0
0
0
0
0
0
0
0
0
0
0
0
0
0
0
0
0
-0.67944
-0.69983
-0.66583
-0.68876
-0.66767
-0.6693
-0.63812
-0.65236
40.1858
-0.67399
-0.66524
-0.64471
-0.70159
-0.66368
-0.67618
-0.67249
-0.67249
-0.67706
-0.66225
-0.64721
-0.64234
-0.63092
-0.6554
-0.67709
-0.64296
-0.67219
-0.69674
-0.70399
-0.68895
-0.72216
-0.70661
-0.7307
-0.71296
-0.74655
-0.74368
-0.74867
-0.7486
-0.76584
-0.6962
-0.65168
-0.88546
-0.87892
-0.871
-0.78998
-0.867
-0.8459
-0.92208
-0.96999
-0.86103
-0.86302
-1.0367
-1.0148
-1.1082
0
0
0
0
-1.5694
0
0
0
0
0
0
0
0
0
0
0
0
0
0
0
0
0
0
0
0
0
0
0
0
0
0
0
0
0
0
0
0
0
0
0
0
0
0
0
0
0
0
0
0
0
0
0
0
0
0
0
0
-0.69846
-0.7167
-0.68392
-0.70706
-0.65883
-0.6873
-0.65455
-0.67051
-0.67399
47.7706
-0.68165
-0.66176
-0.72711
-0.68072
-0.6935
-0.68965
-0.68965
-0.69369
-0.67942
-0.66486
-0.65913
-0.64626
-0.67256
-0.69386
-0.663
-0.68994
-0.71474
-0.72239
-0.70447
-0.73639
-0.72522
-0.74848
-0.7269
-0.76525
-0.76102
-0.7673
-0.76722
-0.78471
-0.71134
-0.6704
-0.90472
-0.89815
-0.89024
-0.80196
-0.88451
-0.8645
-0.94137
-0.98944
-0.87542
-0.87964
-1.0577
-1.0347
0
0
0
0
0
0
0
0
0
0
0
0
0
0
0
0
0
0
0
0
0
0
0
0
0
0
0
0
0
-4.1314
0
0
0
0
0
0
0
0
0
0
0
0
0
0
0
0
0
0
0
0
0
0
-5.273
0
0
0
0
0
-0.68868
-0.70781
-0.67349
-0.69696
-0.67518
-0.6771
-0.64617
-0.66047
-0.66524
-0.68165
39.0226
-0.64663
-0.70967
-0.67011
-0.68317
-0.67981
-0.67981
-0.6866
-0.67024
-0.65482
-0.65004
-0.63884
-0.66372
-0.68566
-0.65383
-0.67972
-0.70446
-0.71167
-0.69543
-0.73189
-0.7147
-0.73895
-0.72117
-0.75442
-0.75268
-0.75663
-0.75656
-0.77386
-0.70393
-0.65952
-0.89356
-0.88701
-0.87897
-0.80104
-0.8758
-0.85442
-0.93023
-0.97818
-0.86702
-0.87226
-1.0457
-1.0215
-1.1157
0
0
0
0
0
0
0
0
0
0
0
0
0
0
0
0
0
0
0
0
0
0
0
0
0
0
0
0
0
0
0
0
0
0
0
0
0
0
0
0
0
0
0
0
0
0
0
0
0
0
0
0
0
0
0
0
0
-0.66935
-0.6883
-0.65507
-0.67698
-0.65605
-0.65844
-0.61981
-0.63706
-0.64471
-0.66176
-0.64663
38.2499
-0.68939
-0.65018
-0.66442
-0.66085
-0.66086
-0.66432
-0.65029
-0.63461
-0.63141
-0.61734
-0.64531
-0.66378
-0.63343
-0.65997
-0.68417
-0.6913
-0.67396
-0.71564
-0.69406
-0.71777
-0.69992
-0.73359
-0.72983
-0.7358
-0.73572
-0.75314
-0.68296
-0.64356
-0.87146
-0.86495
-0.85688
-0.78135
-0.83643
-0.83207
-0.90818
-0.95568
-0.84383
-0.84767
-1.0225
0
0
0
0
0
0
0
0
0
0
-2.3972
0
0
0
0
0
0
0
0
0
0
0
0
0
0
0
0
0
0
0
0
0
0
0
0
0
0
0
0
0
0
0
0
0
0
0
0
0
0
0
0
0
0
0
0
0
0
0
0
-0.72527
-0.74591
-0.69613
-0.73615
-0.71397
-0.71562
-0.68405
-0.70048
-0.70159
-0.72711
-0.70967
-0.68939
49.8351
-0.70505
-0.71928
-0.71476
-0.71476
-0.71867
-0.70402
-0.69056
-0.68332
-0.6716
-0.6984
-0.7207
-0.6878
-0.71635
-0.74171
-0.74937
-0.73134
-0.75968
-0.75161
-0.77462
-0.75735
-0.79272
-0.78768
-0.79502
-0.79494
-0.81225
-0.73417
-0.65535
-0.93356
-0.92693
-0.91902
-0.81877
-0.91588
-0.89055
-0.97089
-1.0191
0
0
0
0
0
0
0
0
0
0
0
0
0
0
0
0
0
0
0
0
-3.3808
0
0
0
0
0
0
0
0
0
0
0
0
0
0
0
0
0
0
0
0
0
0
0
0
0
0
0
0
0
-5.3656
-5.3656
0
0
0
0
0
0
0
0
0
0
-0.68843
-0.70696
-0.6731
-0.69625
-0.67508
-0.67796
-0.64404
-0.66034
-0.66368
-0.68072
-0.67011
-0.65018
-0.70505
36.6464
-0.68486
-0.68034
-0.68034
-0.68781
-0.66815
-0.65237
-0.64746
-0.63353
-0.66052
-0.68125
-0.65075
-0.67733
-0.70217
-0.70912
-0.69354
-0.72659
-0.71142
-0.73579
-0.71819
-0.75163
-0.74783
-0.75388
-0.75381
-0.77127
-0.70207
-0.65974
-0.89097
-0.88447
-0.87648
-0.79846
-0.87228
-0.85331
-0.92904
-0.97659
0
0
0
0
0
0
0
0
0
0
0
0
0
0
0
0
0
0
0
0
0
0
0
0
0
0
0
0
0
0
0
0
0
0
0
0
0
0
0
0
-2.6312
0
0
0
0
0
0
0
0
0
0
0
0
0
0
0
0
0
0
0
0
0
-0.7015
-0.72077
-0.68588
-0.70961
-0.68735
-0.69004
-0.65664
-0.67266
-0.67618
-0.6935
-0.68317
-0.66442
-0.71928
-0.68486
35.5115
-0.69276
-0.69276
-0.69565
-0.68083
-0.6644
-0.65985
-0.64902
-0.6736
-0.69632
-0.6635
-0.68961
-0.71483
-0.72177
-0.7063
-0.74263
-0.7245
-0.74948
-0.73204
-0.76465
-0.76259
-0.76698
-0.76689
-0.78441
-0.71536
-0.67334
-0.90467
-0.89814
-0.89005
-0.81313
-0.88643
-0.86666
-0.94233
-0.99012
-0.89001
0
0
0
0
0
0
0
0
0
0
0
0
0
0
0
0
0
0
0
0
0
0
0
0
0
0
0
0
0
0
0
0
0
0
0
0
0
0
0
0
0
0
0
0
0
0
0
0
0
0
0
0
0
0
0
0
0
0
0
0
0
-0.69742
-0.7168
-0.68192
-0.7057
-0.68338
-0.68619
-0.65286
-0.66893
-0.67249
-0.68965
-0.67981
-0.66085
-0.71476
-0.68034
-0.69276
34.399
-0.66873
-0.69054
-0.67522
-0.65819
-0.65421
-0.64439
-0.66884
-0.69539
-0.65803
-0.6846
-0.71003
-0.71687
-0.7023
-0.73903
-0.71962
-0.74504
-0.72781
-0.75977
-0.75844
-0.76217
-0.7621
-0.77959
-0.71106
-0.66939
-0.89978
-0.89326
-0.8851
-0.80954
-0.8815
-0.86212
-0.9374
-0.98504
0
0
0
0
0
0
0
0
0
0
0
0
0
0
0
0
0
0
0
0
0
0
0
0
0
0
0
0
0
0
0
0
0
0
0
0
0
0
0
0
0
0
0
0
0
0
0
0
0
0
0
0
0
0
0
0
0
0
0
0
0
0
-0.69742
-0.7168
-0.68191
-0.7057
-0.68338
-0.6862
-0.65287
-0.66893
-0.67249
-0.68965
-0.67981
-0.66086
-0.71476
-0.68034
-0.69276
-0.66873
34.399
-0.69054
-0.67523
-0.65819
-0.65421
-0.64438
-0.66885
-0.69539
-0.65803
-0.68459
-0.71003
-0.71687
-0.7023
-0.73904
-0.71962
-0.74503
-0.72781
-0.75976
-0.75844
-0.76217
-0.76209
-0.77959
-0.71105
-0.66939
-0.89978
-0.89325
-0.88511
-0.80955
-0.8815
-0.86211
-0.9374
-0.98504
0
0
0
0
0
0
0
0
0
0
0
0
0
0
0
0
0
0
0
0
0
0
0
0
0
0
0
0
0
0
0
0
0
0
0
0
0
0
0
0
0
0
0
0
0
0
0
0
0
0
0
0
0
0
0
0
0
0
0
0
0
0
-0.70121
-0.72252
-0.68714
-0.70818
-0.68879
-0.69181
-0.65588
-0.67372
-0.67706
-0.69369
-0.6866
-0.66432
-0.71867
-0.68781
-0.69565
-0.69054
-0.69054
37.0533
-0.67445
-0.65994
-0.65394
-0.64296
-0.66733
-0.69017
-0.65763
-0.68539
-0.70907
-0.71928
-0.70244
-0.72784
-0.72009
-0.74466
-0.73151
-0.76141
-0.6768
-0.76381
-0.76374
-0.7812
-0.71061
-0.66538
-0.90146
-0.89502
-0.88772
0
0
0
0
0
0
0
0
0
0
0
0
0
0
0
0
0
0
0
0
0
0
0
0
0
0
0
0
0
0
0
0
0
-2.9171
0
0
0
0
0
0
0
0
0
-4.2082
0
0
0
0
0
0
0
0
0
0
0
0
0
0
0
0
0
0
0
0
0
0
0
-0.68666
-0.70583
-0.6712
-0.69134
-0.67306
-0.67607
-0.64256
-0.65959
-0.66225
-0.67942
-0.67024
-0.65029
-0.70402
-0.66815
-0.68083
-0.67522
-0.67523
-0.67445
32.6912
-0.64052
-0.64175
-0.63075
-0.65579
-0.69287
-0.64453
-0.67204
-0.69769
-0.70379
-0.68934
-0.71636
-0.70199
-0.73143
-0.71461
-0.74504
-0.74253
-0.74816
-0.74809
-0.76546
-0.69805
-0.65487
-0.88522
-0.87887
-0.87097
0
0
0
0
0
0
0
0
0
0
0
0
-1.651
0
0
0
0
0
0
0
0
0
0
0
-1.6231
0
0
0
0
0
0
0
0
0
0
0
0
0
0
0
0
0
0
0
0
0
0
0
0
0
0
0
0
0
0
0
0
0
0
0
0
0
0
0
0
0
0
-0.67228
-0.69243
-0.65814
-0.66368
-0.65938
-0.66145
-0.62745
-0.64409
-0.64721
-0.66486
-0.65482
-0.63461
-0.69056
-0.65237
-0.6644
-0.65819
-0.65819
-0.65994
-0.64052
31.8767
-0.62415
-0.61362
-0.63621
-0.67143
-0.6283
-0.65563
-0.68065
-0.68629
-0.67154
-0.69124
-0.68739
-0.71193
-0.69926
-0.72732
-0.72742
-0.73044
-0.73037
-0.7472
-0.68083
-0.62951
-0.86577
-0.85942
-0.85214
0
0
0
0
0
0
0
0
0
0
0
0
0
0
0
0
0
0
0
0
0
0
0
0
0
0
0
0
0
-3.1641
0
0
0
0
0
0
0
0
0
0
0
0
0
0
0
0
0
0
0
0
0
0
0
0
0
0
0
0
0
0
0
0
0
0
0
0
0
-0.66423
-0.68562
-0.65195
-0.67224
-0.65249
-0.65709
-0.62393
-0.63891
-0.64234
-0.65913
-0.65004
-0.63141
-0.68332
-0.64746
-0.65985
-0.65421
-0.65421
-0.65394
-0.64175
-0.62415
30.9056
-0.6087
-0.62783
-0.65135
-0.62184
-0.65014
-0.67428
-0.67991
-0.66554
-0.69633
-0.68336
-0.70241
-0.69005
-0.72072
-0.71622
-0.72402
-0.72394
-0.74056
-0.68561
-0.63284
-0.85793
-0.8516
0
0
0
0
0
0
0
0
0
0
0
0
0
0
0
0
0
0
0
0
0
0
0
0
0
0
0
0
0
0
0
0
0
-3.2521
0
0
0
0
0
0
0
0
0
0
0
0
0
0
0
0
0
0
0
0
0
0
0
0
0
0
0
0
0
0
0
0
0
0
-0.65342
-0.67084
-0.63955
-0.65972
-0.63919
-0.64419
-0.61019
-0.62676
-0.63092
-0.64626
-0.63884
-0.61734
-0.6716
-0.63353
-0.64902
-0.64439
-0.64438
-0.64296
-0.63075
-0.61362
-0.6087
29.3529
-0.61061
-0.62454
-0.61207
-0.63879
-0.66271
-0.66488
-0.64955
-0.66274
-0.66202
-0.688
-0.67324
-0.70299
-0.69244
-0.7107
-0.71063
0
0
0
0
0
0
0
0
0
0
0
0
0
0
0
0
0
0
0
0
0
0
-0.96289
0
0
0
0
0
0
0
0
0
0
0
0
0
0
0
0
0
-2.4789
0
0
0
0
0
0
0
0
0
0
0
0
0
0
0
0
-2.529
0
0
0
0
0
0
0
0
0
0
0
0
0
0
0
-0.68045
-0.69878
-0.66553
-0.68401
-0.66592
-0.66959
-0.63745
-0.65213
-0.6554
-0.67256
-0.66372
-0.64531
-0.6984
-0.66052
-0.6736
-0.66884
-0.66885
-0.66733
-0.65579
-0.63621
-0.62783
-0.61061
30.1561
-0.66167
-0.63104
-0.66063
-0.68425
-0.68838
-0.67387
-0.69788
-0.69089
-0.71277
-0.69876
-0.72829
-0.72253
-0.73284
-0.73278
-0.74799
-0.68253
0
0
0
0
0
0
0
0
0
0
0
0
0
0
0
0
0
0
0
0
0
0
0
0
0
0
0
0
0
0
0
0
0
0
0
0
0
0
0
0
0
0
0
0
0
0
0
0
0
0
-4.4501
0
0
0
0
0
0
0
0
0
0
0
0
0
0
0
0
0
0
0
0
-0.70324
-0.72122
-0.68793
-0.70778
-0.69219
-0.69177
-0.65618
-0.67337
-0.67709
-0.69386
-0.68566
-0.66378
-0.7207
-0.68125
-0.69632
-0.69539
-0.69539
-0.69017
-0.69287
-0.67143
-0.65135
-0.62454
-0.66167
32.9893
-0.65242
-0.68036
-0.70556
-0.70959
-0.69593
-0.71964
-0.70917
-0.69981
-0.7225
-0.7517
-0.74686
-0.75752
-0.75745
-0.77266
0
0
0
0
0
0
0
0
0
0
0
0
0
0
0
0
0
0
0
0
0
0
0
0
0
0
0
0
-3.0879
0
0
0
0
0
0
0
0
0
0
0
0
-4.085
0
0
0
0
0
0
0
0
0
0
0
0
0
0
0
0
0
0
0
0
0
0
0
0
0
0
0
0
0
0
-0.66813
-0.68911
-0.65633
-0.67777
-0.65719
-0.66004
-0.62313
-0.64322
-0.64296
-0.663
-0.65383
-0.63343
-0.6878
-0.65075
-0.6635
-0.65803
-0.65803
-0.65763
-0.64453
-0.6283
-0.62184
-0.61207
-0.63104
-0.65242
28.3047
-0.65727
-0.67788
-0.67992
-0.67948
-0.68473
-0.67906
-0.7046
-0.69172
-0.71972
-0.71409
-0.72433
-0.72425
-0.73929
-0.67512
0
0
0
0
0
0
0
0
0
0
0
0
0
0
0
0
0
0
0
0
0
0
0
0
0
0
0
0
0
0
0
0
0
0
0
-2.9191
0
0
0
0
0
0
0
0
0
0
0
0
0
0
0
0
0
0
0
0
0
0
0
0
0
0
0
0
0
0
0
0
0
0
0
-0.69796
-0.71776
-0.68355
-0.70593
-0.68359
-0.68645
-0.65279
-0.66961
-0.67219
-0.68994
-0.67972
-0.65997
-0.71635
-0.67733
-0.68961
-0.6846
-0.68459
-0.68539
-0.67204
-0.65563
-0.65014
-0.63879
-0.66063
-0.68036
-0.65727
26.4257
-0.71314
-0.70568
-0.69637
-0.73629
-0.70545
-0.73453
-0.72454
-0.74521
-0.73517
-0.75241
-0.75234
-0.7675
-0.70489
0
0
0
0
0
0
0
0
0
0
0
0
0
0
0
0
0
0
0
0
0
0
0
0
0
0
0
0
0
0
0
0
0
0
0
0
0
0
0
0
0
0
0
0
0
0
0
0
0
0
0
0
0
0
0
0
0
0
0
0
0
0
0
0
0
0
0
0
0
0
0
-0.72302
-0.74313
-0.7084
-0.73122
-0.70794
-0.71142
-0.67678
-0.6941
-0.69674
-0.71474
-0.70446
-0.68417
-0.74171
-0.70217
-0.71483
-0.71003
-0.71003
-0.70907
-0.69769
-0.68065
-0.67428
-0.66271
-0.68425
-0.70556
-0.67788
-0.71314
25.0878
-0.73265
-0.72335
0
-0.72596
-0.75631
-0.75343
-0.76661
-0.78719
-0.78115
-0.78108
0
0
0
0
0
0
0
0
0
0
0
0
0
0
0
0
0
0
0
0
0
0
0
0
0
0
0
0
0
0
0
0
0
0
0
0
0
0
0
0
0
0
0
0
0
0
0
0
0
0
0
0
0
0
0
0
0
0
0
0
0
0
0
0
0
0
0
0
0
0
0
0
0
-0.73079
-0.751
-0.71603
-0.73907
-0.71824
-0.71886
-0.68406
-0.70148
-0.70399
-0.72239
-0.71167
-0.6913
-0.74937
-0.70912
-0.72177
-0.71687
-0.71687
-0.71928
-0.70379
-0.68629
-0.67991
-0.66488
-0.68838
-0.70959
-0.67992
-0.70568
-0.73265
23.8319
-0.74
0
-0.75644
-0.7785
0
-0.78575
0
-0.799
-0.79893
0
0
0
0
0
0
0
0
0
0
0
0
0
0
0
0
0
0
0
0
0
0
0
0
0
0
0
0
0
0
0
0
0
0
0
0
0
0
0
0
0
0
0
0
0
0
0
0
0
0
0
0
0
0
0
0
0
0
0
0
0
0
0
0
0
0
0
0
0
0
0
0
0
-0.71265
-0.7308
-0.69744
-0.72022
-0.6993
-0.70159
-0.66768
-0.6842
-0.68895
-0.70447
-0.69543
-0.67396
-0.73134
-0.69354
-0.7063
-0.7023
-0.7023
-0.70244
-0.68934
-0.67154
-0.66554
-0.64955
-0.67387
-0.69593
-0.67948
-0.69637
-0.72335
-0.74
23.0784
0
0
0
0
-0.69075
0
0
0
0
0
0
0
0
0
0
0
0
0
0
0
0
0
0
0
0
0
0
0
0
0
0
0
0
0
0
0
0
0
0
0
0
0
0
0
0
0
0
0
0
0
0
0
0
0
0
0
0
0
0
0
0
-2.8878
0
0
0
0
0
0
0
0
0
0
0
0
0
0
0
0
0
0
0
-0.74012
-0.75801
-0.72635
-0.73876
-0.73044
-0.73288
-0.70614
-0.71881
-0.72216
-0.73639
-0.73189
-0.71564
-0.75968
-0.72659
-0.74263
-0.73903
-0.73904
-0.72784
-0.71636
-0.69124
-0.69633
-0.66274
-0.69788
-0.71964
-0.68473
-0.73629
0
0
0
28.4929
0
0
0
0
0
0
0
0
0
0
0
0
0
0
0
0
0
0
0
0
0
0
0
0
0
-1.6408
0
0
-2.0215
0
0
0
0
0
0
0
0
0
0
0
0
-2.8054
0
0
0
0
0
0
0
0
0
0
0
0
0
0
0
0
0
0
0
0
0
0
0
0
0
0
0
0
0
0
-3.2276
0
0
0
0
0
0
0
-0.73348
-0.75355
-0.71841
-0.73613
-0.72075
-0.72184
-0.68658
-0.70473
-0.70661
-0.72522
-0.7147
-0.69406
-0.75161
-0.71142
-0.7245
-0.71962
-0.71962
-0.72009
-0.70199
-0.68739
-0.68336
-0.66202
-0.69089
-0.70917
-0.67906
-0.70545
-0.72596
-0.75644
0
0
22.413
-0.77459
0
0
0
0
0
0
0
0
0
0
0
0
0
0
0
0
0
0
0
0
0
0
0
-1.6737
0
0
0
0
0
0
0
0
0
0
0
0
0
0
0
0
0
0
0
0
0
0
0
0
0
0
0
0
0
0
0
0
0
0
0
0
0
0
0
0
0
0
0
0
0
0
0
0
0
0
0
0
0
0
-0.75616
-0.77673
-0.74167
-0.76415
-0.75113
-0.74529
-0.71008
-0.72797
-0.7307
-0.74848
-0.73895
-0.71777
-0.77462
-0.73579
-0.74948
-0.74504
-0.74503
-0.74466
-0.73143
-0.71193
-0.70241
-0.688
-0.71277
-0.69981
-0.7046
-0.73453
-0.75631
-0.7785
0
0
-0.77459
24.4564
0
0
0
0
0
0
0
0
0
0
0
0
0
0
0
0
0
0
0
0
0
0
0
0
0
0
0
0
0
0
0
0
0
0
-3.0578
0
0
0
0
0
0
0
0
0
0
0
0
0
0
0
0
0
0
0
0
0
0
0
0
0
0
0
0
0
0
0
0
0
0
0
0
0
0
0
0
0
0
0
-0.73847
-0.75825
-0.72431
-0.74761
-0.665
-0.72803
-0.69213
-0.70976
-0.71296
-0.7269
-0.72117
-0.69992
-0.75735
-0.71819
-0.73204
-0.72781
-0.72781
-0.73151
-0.71461
-0.69926
-0.69005
-0.67324
-0.69876
-0.7225
-0.69172
-0.72454
-0.75343
0
0
0
0
0
24.2783
0
0
0
0
0
0
0
0
0
0
0
0
0
0
0
0
0
0
0
0
0
0
0
0
0
0
-1.0457
0
0
0
0
0
0
0
0
0
0
0
0
0
0
0
0
0
0
0
0
0
0
0
-3.8452
0
0
0
0
0
0
0
0
0
0
0
0
0
0
0
0
0
0
0
0
0
0
0
0
0
0
-0.77397
-0.79452
-0.75885
-0.78262
-0.76086
-0.76184
-0.72617
-0.74393
-0.74655
-0.76525
-0.75442
-0.73359
-0.79272
-0.75163
-0.76465
-0.75977
-0.75976
-0.76141
-0.74504
-0.72732
-0.72072
-0.70299
-0.72829
-0.7517
-0.71972
-0.74521
-0.76661
-0.78575
-0.69075
0
0
0
0
21.7766
0
0
0
0
0
0
0
0
0
0
0
0
0
0
0
0
0
0
0
0
0
0
0
0
0
0
0
0
0
0
0
0
0
0
0
0
0
0
0
0
0
0
0
0
0
0
0
0
0
0
0
0
0
0
0
0
0
0
0
0
0
0
0
0
0
0
0
0
0
0
0
0
0
0
0
0
-0.76833
-0.79048
-0.75551
-0.77571
-0.75668
-0.75923
-0.72194
-0.74047
-0.74368
-0.76102
-0.75268
-0.72983
-0.78768
-0.74783
-0.76259
-0.75844
-0.75844
-0.6768
-0.74253
-0.72742
-0.71622
-0.69244
-0.72253
-0.74686
-0.71409
-0.73517
-0.78719
0
0
0
0
0
0
0
26.9384
0
0
0
0
0
0
0
0
0
0
0
0
0
0
0
0
0
0
0
0
0
0
0
0
0
0
0
0
0
0
0
0
0
0
0
-2.8406
0
0
0
0
0
0
0
0
0
0
0
0
0
0
0
-3.966
0
0
0
0
0
0
0
0
0
0
0
0
0
0
0
0
0
0
0
0
0
0
0
-0.77585
-0.79642
-0.76096
-0.78459
-0.76239
-0.76374
-0.72828
-0.74605
-0.74867
-0.7673
-0.75663
-0.7358
-0.79502
-0.75388
-0.76698
-0.76217
-0.76217
-0.76381
-0.74816
-0.73044
-0.72402
-0.7107
-0.73284
-0.75752
-0.72433
-0.75241
-0.78115
-0.799
0
0
0
0
0
0
0
21.1913
0
0
0
0
0
0
0
0
0
0
0
0
0
0
0
0
0
0
0
0
0
0
0
0
0
0
0
0
0
0
0
0
0
0
0
0
0
0
0
0
0
0
0
0
0
0
0
0
0
0
0
0
0
0
0
0
0
0
0
0
0
0
0
0
0
0
0
0
0
0
0
0
0
0
-0.77577
-0.79634
-0.76088
-0.78451
-0.76231
-0.76366
-0.7282
-0.74597
-0.7486
-0.76722
-0.75656
-0.73572
-0.79494
-0.75381
-0.76689
-0.7621
-0.76209
-0.76374
-0.74809
-0.73037
-0.72394
-0.71063
-0.73278
-0.75745
-0.72425
-0.75234
-0.78108
-0.79893
0
0
0
0
0
0
0
0
21.1892
0
0
0
0
0
0
0
0
0
0
0
0
0
0
0
0
0
0
0
0
0
0
0
0
0
0
0
0
0
0
0
0
0
0
0
0
0
0
0
0
0
0
0
0
0
0
0
0
0
0
0
0
0
0
0
0
0
0
0
0
0
0
0
0
0
0
0
0
0
0
0
0
0
-0.79347
-0.81434
-0.77808
-0.80232
-0.78001
-0.78122
-0.7454
-0.76334
-0.76584
-0.78471
-0.77386
-0.75314
-0.81225
-0.77127
-0.78441
-0.77959
-0.77959
-0.7812
-0.76546
-0.7472
-0.74056
0
-0.74799
-0.77266
-0.73929
-0.7675
0
0
0
0
0
0
0
0
0
0
0
19.3247
0
0
0
0
0
0
0
0
0
0
0
0
0
0
0
0
0
0
0
0
0
0
0
0
0
0
0
0
0
0
0
0
0
0
0
0
0
0
0
0
0
0
0
0
0
0
0
0
0
0
0
0
0
0
0
0
0
0
0
0
0
0
0
0
0
0
0
0
0
0
0
0
-0.7171
-0.73365
-0.7006
-0.72989
-0.71055
-0.70578
-0.67533
-0.69296
-0.6962
-0.71134
-0.70393
-0.68296
-0.73417
-0.70207
-0.71536
-0.71106
-0.71105
-0.71061
-0.69805
-0.68083
-0.68561
0
-0.68253
0
-0.67512
-0.70489
0
0
0
0
0
0
0
0
0
0
0
0
19.7957
0
0
0
0
0
0
0
0
0
0
0
0
0
0
0
0
0
0
0
0
0
0
0
0
0
0
0
0
0
0
-2.924
0
0
0
0
0
0
0
0
0
0
0
0
0
0
0
0
0
0
0
0
0
0
0
0
0
0
0
0
0
0
0
0
0
0
0
0
0
0
0
0
-0.67676
-0.69774
-0.62554
-0.67989
-0.66627
-0.66647
-0.63308
-0.65096
-0.65168
-0.6704
-0.65952
-0.64356
-0.65535
-0.65974
-0.67334
-0.66939
-0.66939
-0.66538
-0.65487
-0.62951
-0.63284
0
0
0
0
0
0
0
0
0
0
0
0
0
0
0
0
0
0
19.338
0
0
0
0
0
0
0
0
0
0
0
-0.92629
0
0
0
0
0
0
-1.8443
0
0
0
0
0
0
0
0
0
-2.7357
0
0
0
0
0
0
0
0
0
0
0
0
0
0
0
0
0
0
0
0
0
0
0
0
0
0
0
0
0
0
0
0
0
0
0
0
0
0
0
0
0
-0.91417
-0.93574
-0.89796
-0.92382
-0.89968
-0.90154
-0.86371
-0.88206
-0.88546
-0.90472
-0.89356
-0.87146
-0.93356
-0.89097
-0.90467
-0.89978
-0.89978
-0.90146
-0.88522
-0.86577
-0.85793
0
0
0
0
0
0
0
0
0
0
0
0
0
0
0
0
0
0
0
18.813
0
0
0
0
0
0
0
0
0
0
0
0
0
0
0
0
0
0
0
0
0
0
0
0
0
0
0
0
0
0
0
0
0
0
0
0
0
0
0
0
0
0
0
0
0
0
0
0
0
0
0
0
0
0
0
0
0
0
0
0
0
0
0
0
0
0
0
0
0
-0.90759
-0.9291
-0.89138
-0.91719
-0.89312
-0.89495
-0.85721
-0.87554
-0.87892
-0.89815
-0.88701
-0.86495
-0.92693
-0.88447
-0.89814
-0.89326
-0.89325
-0.89502
-0.87887
-0.85942
-0.8516
0
0
0
0
0
0
0
0
0
0
0
0
0
0
0
0
0
0
0
0
18.6761
0
0
0
0
0
0
0
0
0
0
0
0
0
0
0
0
0
0
0
0
0
0
0
0
0
0
0
0
0
0
0
0
0
0
0
0
0
0
0
0
0
0
0
0
0
0
0
0
0
0
0
0
0
0
0
0
0
0
0
0
0
0
0
0
0
0
0
0
-0.89987
-0.92131
-0.88348
-0.90962
-0.88541
-0.88689
-0.84918
-0.86822
-0.871
-0.89024
-0.87897
-0.85688
-0.91902
-0.87648
-0.89005
-0.8851
-0.88511
-0.88772
-0.87097
-0.85214
0
0
0
0
0
0
0
0
0
0
0
0
0
0
0
0
0
0
0
0
0
0
17.6676
0
0
0
0
0
0
0
0
0
0
0
0
0
0
0
0
0
0
0
0
0
0
0
0
0
0
0
0
0
0
0
0
0
0
0
0
0
0
0
0
0
0
0
0
0
0
0
0
0
0
0
0
0
0
0
0
0
0
0
0
0
0
0
0
0
0
0
-0.81149
-0.82258
-0.79341
-0.83087
-0.79716
-0.80528
-0.77033
-0.7904
-0.78998
-0.80196
-0.80104
-0.78135
-0.81877
-0.79846
-0.81313
-0.80954
-0.80955
0
0
0
0
0
0
0
0
0
0
0
0
0
0
0
0
0
0
0
0
0
0
0
0
0
0
21.5721
0
0
0
0
0
0
0
0
0
0
0
0
0
0
0
0
0
0
0
0
0
-3.2872
0
0
0
0
0
0
0
0
0
0
0
0
0
0
0
0
0
0
0
0
0
0
0
0
0
0
0
0
0
0
0
0
0
0
0
0
0
0
0
0
0
0
0
-4.6395
-0.89581
-0.91425
-0.88131
-0.90164
-0.8794
-0.88348
-0.82985
-0.837
-0.867
-0.88451
-0.8758
-0.83643
-0.91588
-0.87228
-0.88643
-0.8815
-0.8815
0
0
0
0
0
0
0
0
0
0
0
0
0
0
0
0
0
0
0
0
0
0
0
0
0
0
0
17.4402
0
0
0
0
0
0
0
0
0
0
0
0
0
0
0
0
0
0
-2.5161
0
0
0
0
0
0
0
0
0
0
0
0
0
0
0
0
0
0
0
0
0
0
0
0
0
0
0
0
0
0
0
0
0
0
0
0
0
0
0
0
0
0
0
0
0
0
-0.87172
-0.89221
-0.85617
-0.88042
-0.85415
-0.86111
-0.82338
-0.84114
-0.8459
-0.8645
-0.85442
-0.83207
-0.89055
-0.85331
-0.86666
-0.86212
-0.86211
0
0
0
0
0
0
0
0
0
0
0
0
0
0
0
0
0
0
0
0
0
0
0
0
0
0
0
0
16.4645
0
0
0
0
0
0
0
0
0
0
0
0
0
0
0
0
0
0
-1.8525
0
0
0
0
0
0
0
0
0
0
0
0
0
0
0
0
0
0
0
0
0
0
0
0
0
0
0
0
0
0
0
0
0
0
0
0
0
0
0
0
0
0
0
0
0
-0.95171
-0.97306
-0.93435
-0.96317
-0.93666
-0.93855
-0.89991
-0.91794
-0.92208
-0.94137
-0.93023
-0.90818
-0.97089
-0.92904
-0.94233
-0.9374
-0.9374
0
0
0
0
0
0
0
0
0
0
0
0
0
0
0
0
0
0
0
0
0
0
0
0
0
0
0
0
0
15.9343
0
0
0
0
0
0
0
0
0
0
0
0
0
0
0
0
0
0
0
0
0
0
0
0
0
0
0
0
0
0
0
0
0
0
0
0
0
0
0
0
0
0
0
0
0
0
0
0
0
0
0
0
0
0
0
0
0
0
0
0
0
0
0
-1.0002
-1.0216
-0.98249
-1.0115
-0.98455
-0.98683
-0.94747
-0.96596
-0.96999
-0.98944
-0.97818
-0.95568
-1.0191
-0.97659
-0.99012
-0.98504
-0.98504
0
0
0
0
0
0
0
0
0
0
0
0
0
0
0
0
0
0
0
0
0
0
0
0
0
0
0
0
0
0
16.7498
0
0
0
0
0
0
0
0
0
0
0
0
0
0
0
0
0
0
0
0
0
0
0
0
0
0
0
0
0
0
0
0
0
0
0
0
0
0
0
0
0
0
0
0
0
0
0
0
0
0
0
0
0
0
0
0
0
0
0
0
0
0
-0.89043
-0.90412
-0.8707
-0.89183
-0.87154
-0.87497
-0.83799
-0.85395
-0.86103
-0.87542
-0.86702
-0.84383
0
0
-0.89001
0
0
0
0
0
0
0
0
0
0
0
0
0
0
0
0
0
0
0
0
0
0
0
0
0
0
0
0
0
0
0
0
0
14.184
0
-0.96448
0
0
0
0
0
0
0
0
0
0
0
0
0
0
0
0
0
0
0
0
0
0
0
0
0
0
0
0
0
0
0
0
0
0
0
0
0
0
0
0
0
0
-1.8867
0
0
0
0
0
0
0
0
0
0
0
0
0
0
0
0
-0.88496
-0.90597
-0.87314
-0.89721
-0.87694
-0.8778
-0.8386
-0.85765
-0.86302
-0.87964
-0.87226
-0.84767
0
0
0
0
0
0
0
0
0
0
0
0
0
0
0
0
0
0
0
0
0
0
0
0
0
0
0
0
0
0
0
0
0
0
0
0
0
14.1099
0
0
0
0
0
0
0
0
0
0
0
0
0
0
0
0
0
0
0
0
0
0
0
0
0
0
0
0
0
0
0
0
0
0
0
0
0
0
0
0
0
0
0
0
0
0
0
0
0
0
0
-3.635
0
0
0
0
0
0
0
0
-1.0701
-1.0908
-1.0538
-1.0804
-1.0545
-1.056
-1.0135
-1.0347
-1.0367
-1.0577
-1.0457
-1.0225
0
0
0
0
0
0
0
0
0
0
0
0
0
0
0
0
0
0
0
0
0
0
0
0
0
0
0
0
0
0
0
0
0
0
0
0
-0.96448
0
13.5809
0
0
0
0
0
0
0
0
0
0
0
0
0
0
0
0
0
0
0
0
0
0
0
0
0
0
0
0
0
0
0
0
0
0
0
0
0
0
0
0
0
0
0
0
0
0
0
0
0
0
0
0
0
0
0
0
0
0
0
-1.0475
-1.0681
-1.0259
-1.0578
-1.032
-1.032
-0.99272
-1.0126
-1.0148
-1.0347
-1.0215
0
0
0
0
0
0
0
0
0
0
0
0
0
0
0
0
0
0
0
0
0
0
0
0
0
0
0
0
-0.92629
0
0
0
0
0
0
0
0
0
0
0
12.2658
0
0
0
0
0
0
0
0
0
0
0
0
0
0
0
0
0
0
0
0
0
0
0
0
0
0
0
0
0
0
0
0
0
0
0
0
0
0
0
0
0
0
0
0
0
0
0
0
0
0
0
0
0
0
0
0
0
0
-1.1434
-1.165
-1.1278
-1.1567
-1.1327
-1.1273
-1.0851
-1.1069
-1.1082
0
-1.1157
0
0
0
0
0
0
0
0
0
0
0
0
0
0
0
0
0
0
0
0
0
0
0
0
0
0
0
0
0
0
0
0
0
0
0
0
0
0
0
0
0
11.2689
0
0
0
0
0
0
0
0
0
0
0
0
0
0
0
0
0
0
0
0
0
0
0
0
0
0
0
0
0
0
0
0
0
0
0
0
0
0
0
0
0
0
0
0
0
0
0
0
0
0
0
0
0
0
0
0
0
-1.6999
-1.5827
-1.6815
-1.7136
0
-1.688
0
-1.6668
0
0
0
0
0
0
0
0
0
0
0
0
0
0
0
0
0
0
0
0
0
0
0
0
0
0
0
0
0
0
0
0
0
0
0
0
0
0
0
0
0
0
0
0
0
13.2894
0
0
0
0
0
0
0
0
0
0
0
0
0
0
0
0
0
0
0
0
0
0
0
0
0
0
0
0
0
0
-3.2569
0
0
0
0
0
0
0
0
0
0
0
0
0
0
0
0
0
0
0
0
0
0
0
0
0
-1.536
-1.5313
-1.5043
0
0
-1.5196
0
0
0
0
0
0
0
0
0
0
0
0
0
0
0
0
0
0
0
0
0
0
0
0
0
0
0
0
0
0
0
0
0
0
0
0
0
0
0
0
0
0
0
0
0
0
0
0
13.9648
0
0
0
0
0
0
0
0
0
0
0
0
-2.0938
0
-2.8805
0
0
0
-2.8992
0
0
0
0
0
0
0
0
0
0
0
0
0
0
0
0
0
0
0
0
0
0
0
0
0
0
0
0
0
0
0
0
0
0
0
0
0
0
0
0
0
0
0
0
0
0
0
0
0
0
0
0
0
0
-1.651
0
0
0
0
0
0
0
0
0
0
-1.6408
-1.6737
0
0
0
0
0
0
0
0
0
0
0
0
0
0
0
0
0
0
0
0
0
0
0
0
13.5065
0
0
-2.4306
0
0
0
0
0
0
-2.8218
0
0
0
0
0
0
0
0
0
0
0
0
-3.2885
0
0
0
0
0
0
0
0
0
0
0
0
0
0
0
0
0
0
0
0
0
0
0
0
0
0
0
0
0
0
0
-1.717
-1.7342
-1.7084
-1.7355
0
-1.7056
0
0
0
0
0
0
0
0
0
0
0
0
0
0
0
0
0
0
0
0
0
0
0
0
0
0
0
0
0
0
0
0
0
0
0
0
0
0
0
0
0
0
0
0
0
0
0
0
0
0
10.773
0
0
0
0
0
0
0
0
0
0
0
0
0
0
-2.1723
0
0
0
0
0
0
0
0
0
0
0
0
0
0
0
0
0
0
0
0
0
0
0
0
0
0
0
0
0
0
0
0
0
0
0
0
0
0
-1.6011
0
0
0
0
0
-1.5384
0
-1.5694
0
0
0
0
0
0
0
0
0
0
0
0
0
0
0
0
0
0
0
0
0
0
0
0
0
0
0
0
0
0
0
0
0
0
0
0
0
0
0
0
0
0
0
0
0
0
0
0
10.5554
0
0
0
0
0
0
0
0
0
0
0
0
0
0
0
0
-2.6269
0
0
0
0
0
0
0
0
0
0
0
0
0
0
0
0
0
0
-3.2196
0
0
0
0
0
0
0
0
0
0
0
0
0
0
0
0
0
0
0
0
0
0
0
0
0
0
0
0
0
0
0
0
0
0
0
0
0
0
0
0
0
0
0
0
0
-2.0215
0
0
0
0
0
0
0
0
0
-1.8443
0
0
0
0
0
0
0
0
0
0
0
0
0
0
0
-2.4306
0
0
11.3384
0
0
0
0
0
0
0
0
0
0
0
0
0
-2.4192
0
0
0
-2.6228
0
0
0
0
0
0
0
0
0
0
0
0
0
0
0
0
0
0
0
0
0
0
0
0
0
0
0
0
0
0
0
0
0
0
0
0
0
0
0
0
0
0
0
0
0
0
0
0
0
0
0
0
0
0
-0.96289
0
0
0
0
0
0
0
0
0
0
-1.0457
0
0
0
0
0
0
0
0
0
0
0
0
0
0
0
0
0
0
0
0
0
0
0
0
0
0
12.476
0
0
0
0
0
0
0
0
0
0
-2.8497
0
0
0
0
0
0
0
0
0
0
0
0
0
0
0
0
0
0
0
0
0
0
0
0
0
0
-3.8088
0
0
-3.8089
0
0
0
0
0
0
0
0
0
0
0
0
0
0
0
0
0
0
0
0
0
0
0
0
0
0
0
0
0
0
0
0
0
0
0
0
0
0
0
0
0
0
0
0
0
0
0
0
0
0
0
0
0
0
0
0
0
0
0
0
0
0
0
0
0
0
0
0
0
14.4052
0
0
-3.291
0
-3.6221
0
0
0
0
0
0
0
0
0
-3.5941
0
0
0
0
0
0
0
0
0
0
0
0
0
-3.898
0
0
0
0
0
0
0
0
0
0
0
0
0
0
0
0
0
0
0
0
0
0
0
0
0
0
-2.3963
0
0
0
0
-2.3972
0
0
0
0
0
0
0
0
0
0
0
0
0
0
0
0
0
0
0
0
0
0
0
0
0
0
0
0
0
0
0
0
0
0
0
0
0
0
0
0
0
0
0
0
0
0
0
0
0
9.8443
0
-2.3469
0
0
0
0
0
0
0
0
0
0
0
0
0
0
0
0
0
0
0
0
0
0
0
-2.7039
0
0
0
0
0
0
0
0
0
0
0
0
0
0
0
0
0
0
0
0
0
0
-2.0034
0
0
0
0
0
0
0
0
0
0
0
0
0
0
0
0
0
0
0
0
0
0
0
0
0
0
0
0
0
0
0
0
0
0
0
0
0
0
0
0
0
0
0
0
0
0
0
0
0
0
0
0
0
0
0
0
0
0
0
0
0
13.5888
0
0
0
0
0
0
0
0
0
0
0
0
-3.2959
0
0
0
0
0
0
0
0
0
0
0
0
0
0
0
-4.1518
-4.1378
0
0
0
0
0
0
0
0
0
0
0
0
0
0
0
0
0
0
0
0
0
0
0
0
-2.7142
0
0
0
0
0
0
0
0
0
0
0
0
0
0
0
0
0
0
0
0
0
0
0
0
0
0
0
0
0
0
0
0
0
0
0
0
-2.5161
0
0
0
0
0
0
0
0
0
0
0
0
0
0
0
-3.291
-2.3469
0
10.8683
0
0
0
0
0
0
0
0
0
0
0
0
0
0
0
0
0
0
0
0
0
0
0
0
0
0
0
0
0
0
0
0
0
0
0
0
0
0
0
0
0
0
0
0
0
0
0
0
0
0
0
0
0
0
0
0
0
0
0
0
0
0
0
0
0
0
0
0
0
0
0
0
0
0
0
0
0
0
0
0
0
0
0
0
0
0
0
0
0
0
0
-1.8525
0
0
0
0
0
0
0
0
0
0
0
0
0
0
0
0
0
0
9.5586
0
0
0
0
0
0
0
0
-3.4286
0
0
0
0
0
0
-3.6212
0
0
0
0
0
0
0
0
0
0
0
0
0
0
0
0
0
0
0
0
0
0
0
0
-0.65625
0
0
0
0
0
0
0
0
0
0
0
0
0
0
0
0
0
0
0
0
0
0
0
0
0
0
0
0
0
0
0
0
0
0
0
0
0
0
0
0
0
0
0
0
0
0
0
-3.2872
0
0
0
0
0
0
0
0
0
0
0
-2.8218
0
0
0
0
-3.6221
0
0
0
0
9.7311
0
0
0
0
0
0
0
0
0
0
0
0
0
0
0
0
0
0
0
0
0
0
0
0
0
0
0
0
0
0
0
0
0
0
0
0
0
0
0
0
0
0
0
0
0
0
0
0
0
0
0
0
0
0
0
0
0
0
0
0
0
0
0
0
0
0
0
-3.0879
0
0
0
0
0
0
0
-3.0578
0
0
0
0
0
0
0
0
0
0
0
0
0
0
0
0
0
0
0
0
0
0
0
0
0
0
0
0
0
0
0
0
0
0
9.1954
0
0
0
0
0
0
-3.0497
0
0
0
0
0
0
0
0
0
0
0
0
0
0
0
0
0
0
0
0
0
0
0
0
0
0
0
0
0
0
0
0
0
0
0
0
0
0
0
0
0
0
0
0
0
0
0
0
0
0
0
0
0
0
-1.6231
0
0
0
0
0
0
0
0
0
0
0
0
0
0
0
0
0
0
0
0
0
0
0
0
0
0
0
0
0
0
0
0
0
0
0
-2.0938
0
0
0
0
0
0
0
0
0
0
0
0
7.8175
0
0
0
0
0
0
0
0
0
0
0
0
0
0
0
0
0
0
0
0
0
0
0
0
0
0
0
0
0
0
0
0
0
0
0
-4.1006
0
0
0
0
0
0
0
0
-3.3852
0
0
0
0
0
0
0
0
0
-3.3808
0
0
0
0
0
0
0
0
0
0
0
0
0
0
0
0
0
0
0
0
0
0
0
0
0
0
-2.7357
0
0
0
0
0
0
0
0
0
0
0
0
0
0
0
0
0
0
0
0
0
0
0
0
0
0
0
0
9.5018
0
0
0
0
0
0
0
0
0
0
0
0
0
0
0
0
0
0
0
0
0
0
0
0
0
0
0
0
0
0
0
0
0
0
0
0
0
0
0
0
0
0
0
0
0
0
0
0
0
0
0
0
0
0
0
0
0
0
0
0
0
0
0
0
0
0
0
0
0
0
0
0
0
0
0
0
0
0
0
-2.924
0
0
0
0
0
0
0
0
0
0
0
0
0
0
0
-2.8805
0
0
0
0
0
0
0
0
0
0
0
0
0
0
9.5143
0
0
0
0
0
0
0
0
0
0
0
0
0
0
0
0
0
0
0
0
0
0
-3.7097
0
0
0
0
0
0
0
0
0
0
0
0
0
0
0
0
0
0
0
0
0
0
0
0
0
0
0
0
0
0
0
0
0
0
0
0
0
0
0
0
0
0
0
0
0
0
0
0
0
0
0
-2.8406
0
0
0
0
0
0
0
0
0
0
0
0
0
0
0
0
0
0
0
0
0
0
0
0
-2.8497
0
0
0
0
0
0
0
0
0
0
8.7982
0
0
0
0
0
-3.1079
0
0
0
0
0
0
0
0
0
0
0
0
0
0
0
0
0
0
0
0
0
0
0
0
0
0
0
0
0
0
0
0
0
0
0
0
0
0
0
0
0
0
0
0
0
0
0
0
0
0
0
0
0
0
0
0
0
0
0
0
0
0
-2.8054
0
0
0
0
0
0
0
0
0
0
0
0
0
0
0
0
0
0
0
0
0
0
0
0
0
0
-2.1723
0
0
0
0
0
0
0
0
0
0
0
0
0
0
8.5879
0
0
0
0
0
0
0
0
0
0
0
0
0
-3.6102
0
0
0
0
0
0
0
0
0
0
0
0
0
0
0
0
0
0
0
0
0
0
0
0
0
0
0
-3.385
0
0
0
0
0
0
0
0
0
0
0
0
0
0
0
-3.1641
0
0
0
0
0
0
0
0
0
0
0
0
0
0
0
0
0
0
0
0
0
0
0
0
0
0
0
0
0
0
0
0
0
0
0
0
0
0
-2.4192
0
0
0
0
0
0
0
0
0
0
0
0
0
8.9682
0
0
0
0
0
0
0
0
0
0
0
0
0
0
0
0
0
0
0
0
0
0
0
0
0
0
0
0
0
0
0
0
0
0
0
0
0
0
0
0
0
0
0
0
0
0
0
0
0
0
0
0
0
0
0
0
0
0
0
0
0
0
0
0
0
0
0
0
0
0
0
0
0
0
0
0
0
0
0
0
0
0
0
0
0
0
0
0
0
0
0
-2.8992
0
0
0
0
0
0
0
0
0
-3.4286
0
-3.0497
0
0
0
0
0
0
9.3775
0
0
0
0
0
0
0
0
0
0
0
0
0
0
0
0
0
0
0
0
0
0
0
0
0
0
0
0
0
0
0
0
0
0
0
0
0
0
0
0
0
0
0
0
0
0
0
0
0
0
0
0
0
0
0
0
0
0
0
0
-2.9191
0
0
0
0
0
0
0
0
0
0
0
0
0
0
0
0
0
0
0
0
0
0
0
0
0
0
0
0
0
0
0
0
-2.6269
0
0
0
0
0
0
0
0
0
0
0
0
0
0
0
0
9.1417
0
0
0
0
0
0
0
-3.5956
0
0
0
0
0
0
0
0
0
0
0
0
0
0
0
0
0
0
0
0
0
0
0
0
0
0
0
0
0
0
0
0
0
0
0
0
0
0
0
0
0
0
0
0
0
0
0
-3.2521
0
0
0
0
0
0
0
0
0
0
0
0
0
0
0
0
0
0
0
0
0
0
0
0
0
0
0
0
0
0
0
0
0
0
0
0
0
0
0
-3.5941
0
-3.2959
0
0
0
0
0
0
0
0
0
0
0
0
10.1421
0
0
0
0
0
0
0
0
0
0
0
0
0
0
0
0
0
0
0
0
0
0
0
0
0
0
0
0
0
0
0
0
0
0
0
0
0
0
0
0
0
0
0
0
0
0
0
0
0
0
0
-2.9171
0
0
0
0
0
0
0
0
0
0
0
0
0
0
0
0
0
0
0
0
0
0
0
0
0
0
0
0
0
0
0
0
0
0
0
0
0
0
0
0
-2.6228
0
0
0
0
0
0
0
0
0
0
0
-3.1079
0
0
0
0
0
8.6478
0
0
0
0
0
0
0
0
0
0
0
0
0
0
0
0
0
0
0
0
0
0
0
0
0
0
0
0
0
0
0
0
0
0
0
0
0
0
0
0
0
0
0
0
0
0
0
0
0
0
0
0
0
0
-2.4789
0
0
0
0
0
0
0
0
0
0
0
0
0
0
0
0
0
0
0
0
0
0
0
0
0
0
0
0
0
0
0
0
0
0
0
0
0
0
0
0
0
0
0
0
0
0
0
0
0
0
0
0
0
0
0
9.9148
0
-3.6311
0
0
0
0
0
0
0
0
0
0
0
-3.8049
0
0
0
0
0
0
0
0
0
0
0
0
0
0
0
0
0
0
0
0
0
-4.0124
0
0
0
0
0
0
0
0
0
0
0
0
0
0
0
0
0
0
0
0
0
0
0
0
0
0
0
0
0
0
0
0
0
0
0
0
0
0
0
0
0
0
0
0
0
0
0
0
0
0
0
-3.2885
0
0
0
0
0
0
0
0
0
0
0
0
0
0
0
0
0
0
0
0
0
0
7.3009
0
0
0
0
0
0
0
0
0
0
0
0
0
0
0
0
0
0
0
0
0
0
0
0
0
0
0
0
0
0
0
0
0
0
0
0
0
0
0
0
0
0
0
0
0
0
0
0
0
0
0
0
0
0
-4.085
0
0
0
0
0
0
0
0
0
0
0
0
0
0
0
0
0
0
0
0
0
0
0
0
0
0
0
0
0
0
0
0
0
0
0
0
0
0
0
0
0
0
0
0
0
0
0
0
0
0
0
0
0
-3.6311
0
7.7161
0
0
0
0
0
0
0
0
0
0
0
0
0
0
0
0
0
0
0
0
0
0
0
0
0
0
0
0
0
0
0
0
0
0
-3.4849
0
0
0
0
0
0
0
0
0
0
0
0
0
0
0
0
0
0
0
0
0
0
0
0
0
0
0
0
0
0
0
0
0
0
0
0
0
0
0
0
0
0
0
0
0
0
0
0
0
0
0
0
0
0
0
0
0
0
0
-3.6212
0
0
0
0
0
0
0
0
0
0
0
0
0
0
0
7.1061
0
0
0
0
0
0
0
0
0
0
0
0
0
0
0
0
0
0
0
0
0
0
0
0
0
0
0
0
0
0
0
0
0
-4.1272
0
0
0
0
-4.1314
0
0
0
0
0
0
0
0
0
0
0
0
0
0
0
0
0
0
0
0
0
0
0
0
0
0
0
0
0
0
0
0
0
0
0
0
0
0
0
0
0
0
0
0
0
0
0
0
0
0
0
0
0
0
0
0
0
0
0
0
0
0
0
0
0
0
0
0
0
0
0
8.2587
0
0
0
0
0
0
0
0
0
0
0
0
0
0
0
0
0
0
0
0
0
0
0
0
0
0
0
0
0
0
0
0
0
0
0
0
0
0
0
0
0
0
0
0
0
0
0
0
0
0
0
0
0
0
0
0
0
0
0
0
0
0
0
0
0
0
0
0
0
0
0
0
0
0
0
0
0
0
0
0
0
0
0
0
0
0
0
0
0
0
0
0
0
0
0
0
0
0
0
0
0
0
-3.5956
0
0
0
0
0
0
0
7.8174
0
0
0
0
0
0
0
-4.2218
0
0
0
0
0
0
0
0
0
0
0
0
0
0
0
0
0
0
0
0
0
0
0
-4.3359
0
0
0
0
0
0
0
0
0
0
0
0
0
0
0
0
0
0
0
0
0
0
0
0
0
0
0
-3.8452
0
0
0
0
0
0
0
0
0
0
0
0
0
0
0
0
0
0
0
0
0
0
0
0
0
0
0
0
0
0
0
0
0
0
0
0
0
0
0
0
0
0
0
0
0
0
0
0
0
0
8.1811
0
0
0
0
0
0
0
0
0
0
0
0
0
0
0
0
0
0
0
0
0
0
0
0
0
0
0
-4.8426
0
0
0
0
0
0
0
0
0
0
0
0
0
0
0
0
0
0
0
0
0
0
0
0
0
0
0
0
0
0
0
0
0
0
0
0
0
0
0
0
0
0
0
0
0
0
0
0
0
0
0
-3.2569
0
0
0
0
0
0
0
0
0
0
0
0
0
0
0
0
0
0
0
0
0
0
0
0
0
0
0
0
0
0
8.0995
0
0
0
0
0
0
0
0
0
0
0
0
0
0
0
0
0
0
0
0
0
0
0
0
0
0
0
0
0
0
0
0
0
0
0
0
0
0
0
0
0
0
0
0
0
0
0
0
0
0
0
0
0
0
0
0
0
0
0
0
0
0
0
0
0
0
0
0
0
0
0
0
0
0
0
0
0
0
0
0
0
0
0
0
0
0
0
0
0
0
0
0
0
0
0
0
-3.6102
0
0
0
0
0
0
0
0
0
0
0
0
0
8.1142
0
-4.504
0
0
0
0
0
0
0
0
0
0
0
0
0
0
0
0
0
0
0
0
0
0
0
0
0
0
0
0
0
0
0
0
0
0
0
0
0
0
0
-4.2082
0
0
0
0
0
0
0
0
0
0
0
0
0
0
0
0
-3.966
0
0
0
0
0
0
0
0
0
0
0
0
0
0
0
0
0
0
0
0
0
0
0
0
0
0
0
0
0
0
0
0
0
0
0
0
0
0
0
0
0
0
0
0
0
0
0
0
0
0
0
8.1742
0
0
0
0
0
0
0
0
0
0
0
0
0
0
0
0
0
0
0
0
0
0
0
0
0
0
0
0
0
0
0
0
0
0
0
0
0
0
0
0
0
0
0
0
0
0
0
0
0
0
0
0
0
0
0
0
0
0
0
0
0
0
0
0
0
0
0
0
0
0
0
0
0
0
0
0
0
0
0
0
0
0
0
0
-2.7039
0
0
0
0
0
0
0
0
0
0
0
0
0
0
0
0
0
0
0
0
0
0
0
-4.504
0
7.2079
0
0
0
0
0
0
0
0
0
0
0
0
0
0
0
0
0
0
0
0
0
0
0
0
0
0
0
0
0
0
0
0
0
0
0
-2.6312
0
0
0
0
0
0
0
0
0
0
0
0
0
0
0
0
0
0
0
0
0
0
0
0
0
0
0
0
0
0
0
0
0
0
0
0
0
0
0
0
0
0
0
0
0
0
0
0
0
0
0
0
0
0
0
0
0
0
0
0
0
0
0
0
0
0
0
0
0
0
0
0
0
0
6.2741
0
0
0
0
0
-3.6429
0
0
0
0
0
0
0
0
0
0
0
0
0
0
0
0
0
0
0
0
0
0
0
0
0
0
0
0
0
0
0
0
0
0
0
0
0
-4.4501
0
0
0
0
0
0
0
0
0
0
0
0
0
0
0
0
0
0
0
0
0
0
0
0
0
0
0
0
0
0
0
0
0
0
0
0
0
-3.898
0
0
0
0
0
0
0
0
0
0
0
0
0
0
0
0
0
0
0
0
0
0
0
0
0
0
0
0
8.3482
0
0
0
0
0
0
0
0
0
0
0
0
0
0
0
0
0
0
0
0
0
0
0
0
0
0
0
0
0
0
0
0
0
0
0
0
0
0
0
0
0
0
0
0
0
0
0
0
-2.8878
0
0
0
0
0
0
0
0
0
0
0
0
0
0
0
0
0
0
0
0
0
0
0
0
0
0
0
0
0
0
0
0
0
0
0
0
0
0
0
0
0
0
0
0
0
0
0
0
0
0
0
0
0
-4.2218
0
0
0
0
0
0
0
7.1096
0
0
0
0
0
0
0
0
0
0
0
0
0
0
0
0
0
0
0
0
0
0
0
0
0
0
0
0
0
0
0
0
0
0
0
0
0
0
0
0
0
0
0
0
0
0
0
0
0
0
0
0
0
0
0
0
0
0
0
0
0
0
0
0
0
0
0
0
0
0
0
0
0
0
0
0
0
0
0
0
0
-4.1518
0
0
0
0
0
0
0
0
0
0
0
0
0
0
-3.8049
0
0
0
0
0
0
0
0
0
0
0
0
0
7.9566
0
0
0
0
0
0
0
0
0
0
0
0
0
0
0
0
0
0
0
0
0
0
0
0
0
0
0
0
0
0
0
0
0
0
0
0
0
0
0
0
0
0
0
0
0
0
0
0
0
0
0
0
0
0
0
0
0
0
0
0
0
0
0
0
0
0
0
0
0
0
0
0
0
0
0
0
0
0
0
0
-4.1378
0
0
0
0
0
0
-3.7097
0
0
0
0
0
0
0
0
0
0
0
0
0
0
0
0
0
0
0
0
0
0
7.8475
0
0
0
0
0
0
0
0
0
0
0
0
0
0
0
0
0
0
0
0
0
0
0
0
0
0
0
0
0
0
0
0
0
0
0
0
0
0
0
0
0
0
0
0
0
0
0
0
0
0
0
0
0
0
0
0
0
0
0
0
0
0
0
0
0
-1.8867
0
0
0
0
0
0
0
0
-3.2196
0
0
0
0
0
0
0
0
0
0
0
0
0
0
0
0
0
0
0
0
0
0
0
0
0
0
0
0
0
0
0
0
0
0
0
5.1063
0
0
0
0
0
0
0
0
0
0
0
0
0
0
0
0
0
0
0
0
0
0
0
0
0
0
0
0
0
0
0
0
0
0
0
0
0
-2.529
0
0
0
0
0
0
0
0
0
0
0
0
0
0
0
0
0
0
0
0
0
0
0
0
0
0
0
0
0
0
0
0
0
0
0
0
0
0
0
0
0
0
0
0
0
0
0
0
0
0
0
0
0
0
0
0
0
0
0
0
0
0
0
0
0
0
-3.6429
0
0
0
0
0
6.1719
0
0
0
0
0
0
0
0
0
0
0
0
0
0
0
0
-6.123
0
0
0
0
0
0
0
0
0
0
0
0
0
0
0
0
0
0
0
0
0
0
0
0
0
0
0
0
0
0
0
0
0
0
0
0
0
0
0
0
0
0
0
0
0
0
0
0
0
0
0
0
0
0
0
0
0
0
0
0
0
0
0
0
0
0
0
0
0
0
0
0
0
0
0
0
0
0
0
0
0
0
0
0
0
0
0
0
0
0
0
0
0
6.123
0
0
0
0
0
0
0
0
0
0
0
0
0
0
0
-6.123
0
0
0
0
0
0
0
0
0
0
0
0
0
0
0
0
0
0
0
0
0
0
0
0
0
0
0
0
0
0
0
0
0
0
0
0
0
0
0
0
0
0
0
0
0
0
0
0
0
0
0
0
0
0
0
0
0
0
0
0
0
0
0
0
0
0
0
0
0
0
0
0
0
0
0
0
0
0
0
0
0
0
0
0
0
0
0
0
0
0
0
0
0
0
6.123
0
0
0
0
0
0
0
0
0
0
0
0
0
0
0
0
0
0
0
0
0
0
0
0
0
0
0
0
0
0
0
0
0
0
0
0
0
0
0
0
0
0
0
0
0
0
0
0
0
0
0
0
0
0
0
0
0
0
0
0
0
0
0
0
0
0
0
0
0
0
0
0
-3.8088
0
0
0
0
0
0
0
0
0
0
0
0
0
0
0
0
0
0
0
0
0
0
0
0
0
0
0
0
0
0
0
0
0
0
0
0
0
3.8088
0
0
0
0
0
0
0
0
0
0
0
0
0
0
0
0
0
0
0
0
0
0
0
0
-5.3656
0
0
0
0
0
0
0
0
0
0
0
0
0
0
0
0
0
0
0
0
0
0
0
0
0
0
0
0
0
0
0
0
0
0
0
0
0
0
0
0
0
0
0
0
0
0
0
0
0
0
0
0
0
0
0
0
0
0
0
0
0
0
0
0
0
0
0
0
0
0
0
0
0
0
0
0
0
0
0
0
0
0
0
0
0
5.3656
0
0
0
0
0
0
0
0
0
0
0
0
0
0
0
0
0
0
0
0
0
0
0
-5.3656
0
0
0
0
0
0
0
0
0
0
0
0
0
0
0
0
0
0
0
0
0
0
0
0
0
0
0
0
0
0
0
0
0
0
0
0
0
0
0
0
0
0
0
0
0
0
0
0
0
0
0
0
0
0
0
0
0
0
0
0
0
0
0
0
0
0
0
0
0
0
0
0
0
0
0
0
0
0
0
0
0
0
0
0
0
0
5.3656
0
0
0
0
0
0
0
0
0
0
0
0
0
0
0
0
0
0
0
0
0
0
0
0
0
0
0
0
0
0
0
0
0
0
0
0
0
0
0
0
0
0
0
0
0
0
0
0
0
0
0
0
0
0
0
0
0
0
0
0
0
0
0
0
0
0
0
0
0
-3.8089
0
0
0
0
0
0
0
0
0
0
0
0
0
0
0
0
0
0
0
0
0
0
0
0
0
0
0
0
0
0
0
0
0
0
0
0
0
0
0
0
3.8089
0
0
0
0
0
0
0
0
0
0
0
0
0
0
0
0
0
0
0
0
0
0
0
0
0
0
0
0
0
0
0
0
0
0
0
0
0
0
0
0
0
0
0
0
0
0
0
0
0
0
0
0
0
0
0
0
0
0
-3.635
0
0
0
0
0
0
0
0
0
0
0
0
0
0
0
0
0
0
0
0
0
0
0
0
0
0
0
0
0
0
0
0
0
0
0
0
0
0
0
0
0
0
0
0
0
0
0
0
0
0
0
3.635
0
0
0
0
0
0
0
0
0
0
0
0
0
0
0
0
0
0
0
0
0
0
0
0
0
0
0
0
0
0
0
0
0
0
0
0
0
-3.2276
0
0
0
0
0
0
0
0
0
0
0
0
0
0
0
0
0
0
0
0
0
0
0
0
0
0
0
0
0
0
0
0
0
0
0
0
0
0
0
0
0
0
0
0
0
0
0
0
0
0
0
0
0
0
0
0
0
0
0
0
0
0
0
0
0
0
0
0
0
0
0
0
3.2276
0
0
0
0
0
0
0
0
0
0
0
0
0
0
0
0
0
0
0
0
0
0
0
0
0
0
0
0
0
0
0
0
0
0
0
0
0
0
0
0
0
0
0
0
0
0
0
0
0
0
0
0
0
0
0
0
0
0
0
0
0
0
0
0
0
0
0
0
0
0
0
0
0
0
-4.1006
0
0
0
0
0
0
0
0
0
0
0
0
0
0
0
0
0
0
0
0
0
0
0
0
0
0
0
0
0
0
0
0
0
0
0
4.1006
0
0
0
0
0
0
0
0
0
0
0
0
0
0
0
-5.273
0
0
0
0
0
0
0
0
0
0
0
0
0
0
0
0
0
0
0
0
0
0
0
0
0
0
0
0
0
0
0
0
0
0
0
0
0
0
0
0
0
0
0
0
0
0
0
0
0
0
0
0
0
0
0
0
0
0
0
0
0
0
0
0
0
0
0
0
0
0
0
0
0
0
0
0
0
0
0
0
0
0
0
0
0
0
0
0
0
0
0
0
0
0
5.273
0
0
0
0
0
0
0
0
0
0
0
0
0
0
0
0
0
0
0
0
0
0
0
0
0
0
0
0
0
0
0
0
0
0
0
0
0
0
0
0
0
0
0
0
0
0
0
0
0
0
0
0
0
0
0
0
0
0
0
0
0
0
0
0
0
0
0
0
0
-0.65625
0
0
0
0
0
0
0
0
0
0
0
0
0
0
0
0
0
0
0
0
0
0
0
0
0
0
0
0
0
0
0
0
0
0
0
0
0
0
0
0
0.65625
0
0
0
0
-5.7723
0
0
0
0
0
0
0
0
0
0
0
0
0
0
0
0
0
0
0
0
0
0
0
0
0
0
0
0
0
0
0
0
0
0
0
0
0
0
0
0
0
0
0
0
0
0
0
0
0
0
0
0
0
0
0
0
0
0
0
0
0
0
0
0
0
0
0
0
0
0
0
0
0
0
0
0
0
0
0
0
0
0
0
0
0
0
0
0
0
0
0
0
0
0
0
0
0
0
0
0
0
0
0
0
0
5.7723
0
0
0
0
0
-5.3459
0
0
0
0
0
0
0
0
0
0
0
0
0
0
0
0
0
0
0
0
0
0
0
0
0
0
0
0
0
0
0
0
0
0
0
0
0
0
0
0
0
0
0
0
0
0
0
0
0
0
0
0
0
0
0
0
0
0
0
0
0
0
0
0
0
0
0
0
0
0
0
0
0
0
0
0
0
0
0
0
0
0
0
0
0
0
0
0
0
0
0
0
0
0
0
0
0
0
0
0
0
0
0
0
5.3459
0
0
0
0
0
-6.1034
0
0
0
0
0
0
0
0
0
0
0
0
0
0
0
0
0
0
0
0
0
0
0
0
0
0
0
0
0
0
0
0
0
0
0
0
0
0
0
0
0
0
0
0
0
0
0
0
0
0
0
0
0
0
0
0
0
0
0
0
0
0
0
0
0
0
0
0
0
0
0
0
0
0
0
0
0
0
0
0
0
0
0
0
0
0
0
0
0
0
0
0
0
0
0
0
0
0
0
0
0
0
0
0
6.1034
0
0
0
0
0
0
0
0
0
0
0
0
0
0
0
0
0
0
0
0
0
0
0
0
0
0
0
0
0
0
0
0
0
0
0
0
0
0
0
0
0
0
0
0
-4.6395
0
0
0
0
0
0
0
0
0
0
0
0
0
0
0
0
0
0
0
0
0
0
0
0
0
0
0
0
0
0
0
0
0
0
0
0
0
0
0
0
0
0
0
0
0
0
0
0
0
0
0
0
0
0
0
0
0
0
0
0
0
0
0
0
0
4.6395
