1
0.97593
0.9675
0.963
0.95914
0.95625
0.95404
0.95256
0.95091
0.94964
0.94612
0.94308
0.94033
0.93787
0.93559
0.93353
0.9316
0.92987
0.92824
0.92678
0.9254
0.92416
0.923
0.92194
0.92095
0.92003
0.91915
0.91832
0.9175
0.91668
0.91582
0.91488
0.91381
0.91256
0.91109
0.90937
0.90745
0.90548
0.90364
0.90214
0.90109
0.90052
0.90044
0.90079
0.90153
0.9026
0.90396
0.90556
0.90735
0.90929
0.91136
0.91353
0.91576
0.91804
0.92036
0.9227
0.92506
0.92741
0.92976
0.93211
0.93445
0.93677
0.93909
0.94139
0.94369
0.94597
0.94825
0.95051
0.95277
0.95502
0.95726
0.95949
0.9617
0.9639
0.96609
0.96826
0.97042
0.97256
0.97469
0.9768
0.97889
0.98096
0.98302
0.98507
0.98709
0.9891
0.99109
0.99307
0.99503
0.99698
0.99891
1.0008
1.0027
1.0046
1.0065
1.0083
1.0101
1.012
1.0138
1.0156
1.0173
1.0191
1.0209
1.0226
1.0243
1.026
1.0277
1.0294
1.031
1.0327
1.0343
1.0359
1.0375
1.039
1.0406
1.0421
1.0436
1.045
1.0465
1.0479
1.0492
1.0506
1.0519
1.0531
1.0544
1.0555
1.0567
1.0577
1.0588
1.0597
1.0606
1.0614
1.0621
1.0628
1.0633
1.0637
1.064
1.0641
1.064
1.0638
1.0634
1.0629
1.0622
1.0614
1.0606
1.0598
1.0591
1.0584
1.0579
1.0574
1.0571
1.0569
1.0567
1.0566
1.0565
1.0565
1.0565
1.0565
1.0565
1.0564
1.0563
1.0562
