73.9737
-0.94479
-0.89014
-0.89011
-0.87279
-0.93239
-0.91485
-0.89902
-0.87515
-0.89035
-0.88123
-0.88268
-0.86957
-0.88346
-0.84816
-0.85402
-0.98551
-0.84969
-0.95187
-0.8809
-0.87643
-0.8677
-0.84584
-0.88855
-0.83995
-0.87686
-0.88085
-0.83659
-0.83399
-0.83526
-0.80319
-0.83177
-0.89267
-0.95591
-0.88502
-0.82229
-0.83656
-0.86851
-0.86003
-0.86001
-0.87541
-0.84298
-0.84285
-0.81633
-0.84267
-0.80599
-0.858
-0.82643
-0.93789
-0.92926
-0.89243
-0.89417
-0.92555
-0.87316
-0.80705
-0.92677
-1.0075
-0.89222
-1.1121
-1.0551
-1.079
-1.1216
-1.2371
-1.2924
-2.6555
0
0
0
0
0
0
0
0
0
-4.6819
0
0
0
0
0
0
0
0
0
0
0
0
0
0
0
0
0
0
0
0
0
0
0
-9.7477
0
0
0
0
0
0
0
0
0
-0.94479
69.4509
-0.88579
-0.88577
-0.88328
-0.93403
-0.91708
-0.89976
-0.87572
-0.89007
-0.88176
-0.88321
-0.87007
-0.88411
-0.84863
-0.85481
-0.97787
-0.85016
-0.97332
-0.8816
-0.87724
-0.86851
-0.8466
-0.88937
-0.84074
-0.87695
-0.88155
-0.8374
-0.83439
-0.83618
-0.80408
-0.83268
-0.89439
-0.95675
-0.88755
-0.823
-0.84384
-0.86915
-0.8608
-0.86077
-0.87553
-0.84371
-0.84358
-0.81892
-0.8434
-0.80665
-0.86002
-0.82602
-0.93832
-0.9297
-0.89377
-0.89464
-0.92605
-0.87723
-0.80416
-0.9272
-1.0083
-0.89086
-1.1127
-1.0466
-1.0798
-1.1223
-1.2363
-1.2912
0
0
0
0
-3.0161
0
0
0
0
0
0
0
0
0
0
0
0
0
0
-9.4939
0
0
0
0
0
0
0
0
0
0
0
0
0
0
0
0
0
0
0
0
0
0
0
0
-0.89014
-0.88579
60.0383
-0.82493
-0.84678
-0.88467
-0.87233
-0.8621
-0.83641
-0.84892
-0.84276
-0.84422
-0.83102
-0.84489
-0.80942
-0.81597
-0.9317
-0.81091
-0.91968
-0.84204
-0.83805
-0.82941
-0.80767
-0.85002
-0.80168
-0.83472
-0.84593
-0.7984
-0.79627
-0.79735
-0.7656
-0.79389
-0.85942
-0.92475
-0.85276
-0.78708
-0.79993
-0.82995
-0.82159
-0.82158
-0.83886
-0.80478
-0.80467
-0.7802
-0.80449
-0.7681
-0.82022
-0.79073
-0.89802
-0.88947
-0.85635
-0.85473
-0.88578
-0.83168
-0.76912
-0.88671
-0.96616
-0.85473
-1.0694
-1.0095
-1.0363
-1.0787
-1.1915
-1.247
-2.6066
0
0
0
-2.9937
0
0
0
0
0
0
0
0
0
0
0
0
0
0
0
0
0
0
0
0
0
0
0
0
0
0
0
0
0
0
0
0
0
0
0
0
0
0
0
-0.89011
-0.88577
-0.82493
60.0366
-0.84676
-0.88465
-0.87231
-0.86206
-0.83638
-0.8489
-0.84275
-0.84418
-0.83099
-0.84486
-0.80939
-0.81594
-0.93167
-0.81088
-0.91966
-0.84202
-0.83802
-0.82939
-0.80764
-0.85
-0.80165
-0.8347
-0.8459
-0.79838
-0.79624
-0.79733
-0.76558
-0.79386
-0.85939
-0.92473
-0.85273
-0.78705
-0.79991
-0.82992
-0.82158
-0.82156
-0.83883
-0.80477
-0.80463
-0.78018
-0.80446
-0.76806
-0.8202
-0.7907
-0.89798
-0.88945
-0.85632
-0.8547
-0.88575
-0.83165
-0.7691
-0.88668
-0.96614
-0.8547
-1.0694
-1.0095
-1.0363
-1.0787
-1.1915
-1.247
-2.6066
0
0
0
-2.9937
0
0
0
0
0
0
0
0
0
0
0
0
0
0
0
0
0
0
0
0
0
0
0
0
0
0
0
0
0
0
0
0
0
0
0
0
0
0
0
-0.87279
-0.88328
-0.84678
-0.84676
62.034
-0.88205
-0.87063
-0.86022
-0.83504
-0.84701
-0.84145
-0.84289
-0.82979
-0.84336
-0.80836
-0.8146
-0.93241
-0.80984
-0.91979
-0.84071
-0.83666
-0.82803
-0.80633
-0.84863
-0.8004
-0.83313
-0.84426
-0.79712
-0.79421
-0.79583
-0.76416
-0.79239
-0.85687
-0.92091
-0.85063
-0.78571
-0.80526
-0.82818
-0.81991
-0.8199
-0.83771
-0.80314
-0.80301
-0.77829
-0.80284
-0.76648
-0.81892
-0.78986
-0.896
-0.88733
-0.8536
-0.85259
-0.88363
-0.83958
-0.77043
-0.88451
-0.96369
-0.85465
-1.0667
-1.0153
-1.0334
-1.076
-1.189
-1.244
0
0
0
0
-2.9924
0
0
0
0
0
-4.6747
0
0
0
0
0
0
0
0
0
0
0
0
0
0
0
0
0
0
0
0
0
0
0
0
0
0
0
0
0
0
0
0
0
-0.93239
-0.93403
-0.88467
-0.88465
-0.88205
67.2774
-0.90456
-0.88966
-0.86585
-0.87991
-0.87217
-0.87361
-0.86047
-0.87415
-0.83898
-0.844
-0.96589
-0.84046
-0.95009
-0.87163
-0.86736
-0.85865
-0.83679
-0.87944
-0.83095
-0.86658
-0.87115
-0.82761
-0.82424
-0.8264
-0.79439
-0.82291
-0.88352
-0.94534
-0.87649
-0.81287
-0.83369
-0.85914
-0.85084
-0.85082
-0.86466
-0.83389
-0.83376
-0.80842
-0.83358
-0.79697
-0.8498
-0.81615
-0.92814
-0.91961
-0.88335
-0.88476
-0.91606
-0.86586
-0.79466
-0.9172
-0.99796
-0.88066
-1.1021
-1.0363
-1.0694
-1.1118
-1.2259
-1.2811
0
0
0
0
0
0
0
0
0
0
0
-1.405
0
0
0
0
0
0
0
0
0
-9.5518
0
0
0
0
0
0
0
0
0
0
0
0
0
0
0
0
0
0
0
0
0
0
-0.91485
-0.91708
-0.87233
-0.87231
-0.87063
-0.90456
63.9986
-0.87912
-0.85519
-0.86859
-0.86154
-0.86297
-0.84983
-0.86331
-0.82813
-0.83407
-0.93132
-0.82946
-0.92639
-0.86041
-0.85618
-0.84749
-0.82568
-0.86822
-0.81981
-0.85478
-0.85817
-0.81645
-0.81287
-0.81536
-0.78347
-0.81189
-0.87098
-0.93239
-0.8668
-0.80092
-0.82072
-0.84788
-0.83964
-0.83963
-0.85325
-0.82298
-0.82285
-0.78989
-0.82268
-0.78642
-0.82993
-0.80465
-0.91729
-0.90893
-0.87114
-0.87431
-0.90551
-0.85032
-0.78357
-0.90676
-0.98801
-0.86928
-1.0925
-1.0261
-1.0603
-1.1024
-1.2195
-1.2765
0
0
0
0
0
0
0
0
0
0
0
0
0
0
0
0
0
0
0
0
0
0
0
0
0
0
0
0
0
0
0
0
-8.4221
0
0
0
0
0
0
0
0
0
0
0
-0.89902
-0.89976
-0.8621
-0.86206
-0.86022
-0.88966
-0.87912
57.9987
-0.84287
-0.8581
-0.85143
-0.85289
-0.83946
-0.8519
-0.8174
-0.82382
-0.93716
-0.81889
-0.92566
-0.85027
-0.84644
-0.83773
-0.81583
-0.85843
-0.80969
-0.843
-0.85321
-0.80643
-0.80319
-0.80538
-0.7735
-0.80193
-0.86363
-0.93859
-0.8447
-0.79449
-0.81415
-0.83768
-0.82945
-0.82941
-0.84151
-0.81251
-0.81239
-0.7868
-0.81221
-0.77582
-0.82747
-0.79833
-0.90688
-0.89856
-0.86188
-0.8639
-0.89515
-0.84796
-0.77806
-0.89616
-0.97657
-0.86383
-1.0821
-1.0216
-1.0471
-1.0902
-1.2038
-1.2605
0
-3.0088
0
0
0
0
0
0
0
0
0
0
0
0
0
0
0
0
0
0
0
0
0
0
0
0
0
0
0
0
0
0
0
0
0
0
0
0
0
0
0
0
0
0
-0.87515
-0.87572
-0.83641
-0.83638
-0.83504
-0.86585
-0.85519
-0.84287
55.9906
-0.83039
-0.82869
-0.8302
-0.81644
-0.82643
-0.79347
-0.79983
-0.91386
-0.79481
-0.90234
-0.82556
-0.82195
-0.81331
-0.79156
-0.83381
-0.78551
-0.81706
-0.82873
-0.78226
-0.77915
-0.78114
-0.74957
-0.77771
-0.84017
-0.90463
-0.83356
-0.77009
-0.78976
-0.81295
-0.80484
-0.80481
-0.81965
-0.78818
-0.78805
-0.76282
-0.78788
-0.75173
-0.80327
-0.77404
-0.88066
-0.87222
-0.83779
-0.83782
-0.86871
-0.82311
-0.75315
-0.86958
-0.94878
-0.83792
-1.0516
-0.99281
-1.0188
-1.061
-1.1737
-1.23
0
0
0
0
0
0
0
-2.5503
0
0
0
0
0
0
0
0
0
0
0
0
0
0
0
0
0
0
0
0
0
0
0
0
0
0
0
0
0
0
0
0
0
0
0
0
-0.89035
-0.89007
-0.84892
-0.8489
-0.84701
-0.87991
-0.86859
-0.8581
-0.83039
57.0882
-0.8378
-0.83923
-0.82605
-0.83752
-0.80321
-0.80954
-0.92866
-0.80451
-0.91594
-0.83569
-0.83191
-0.82326
-0.80152
-0.84384
-0.79541
-0.80534
-0.84057
-0.79214
-0.78927
-0.79101
-0.75934
-0.78757
-0.85531
-0.92376
-0.85054
-0.78088
-0.80093
-0.82296
-0.81476
-0.81473
-0.81634
-0.79795
-0.79783
-0.77401
-0.79765
-0.76165
-0.81461
-0.78511
-0.89104
-0.88268
-0.85171
-0.84792
-0.87896
-0.83544
-0.7641
-0.8799
-0.9603
-0.8506
-1.0639
-1.0069
-1.0303
-1.0728
-1.1852
0
0
0
0
0
0
0
-4.2158
0
0
0
0
0
0
0
0
0
0
0
0
0
0
0
0
0
0
0
0
0
0
0
0
0
0
0
0
0
0
0
0
0
0
0
0
0
-0.88123
-0.88176
-0.84276
-0.84275
-0.84145
-0.87217
-0.86154
-0.85143
-0.82869
-0.8378
53.802
-0.81678
-0.80155
-0.83747
-0.79606
-0.80323
-0.91986
-0.79832
-0.90877
-0.83042
-0.82755
-0.81885
-0.79687
-0.83946
-0.79076
-0.8237
-0.84726
-0.78763
-0.78511
-0.78676
-0.75502
-0.78332
-0.85223
-0.91675
-0.84122
-0.77639
-0.79635
-0.81857
-0.81049
-0.81048
-0.82854
-0.7938
-0.79369
-0.76946
-0.79351
-0.75715
-0.8094
-0.78011
-0.8864
-0.87817
-0.84578
-0.84379
-0.87479
-0.83074
-0.75895
-0.87553
-0.95517
-0.84438
-1.0578
-0.99878
-1.025
-1.0674
-1.1797
-1.2352
0
0
0
0
0
0
0
0
0
0
0
0
0
0
0
0
0
0
0
0
0
0
0
0
0
0
0
0
0
0
0
0
0
0
0
0
0
0
0
0
0
0
0
0
-0.88268
-0.88321
-0.84422
-0.84418
-0.84289
-0.87361
-0.86297
-0.85289
-0.8302
-0.83923
-0.81678
53.8929
-0.80325
-0.83896
-0.79743
-0.80463
-0.9213
-0.79971
-0.91019
-0.83187
-0.82899
-0.82028
-0.79829
-0.84092
-0.79218
-0.82519
-0.84875
-0.78906
-0.78654
-0.78818
-0.75642
-0.78474
-0.8539
-0.918
-0.84274
-0.77783
-0.79782
-0.82002
-0.81194
-0.81191
-0.83005
-0.79525
-0.79511
-0.77091
-0.79494
-0.75855
-0.81086
-0.78154
-0.8879
-0.87965
-0.84726
-0.84526
-0.87628
-0.83222
-0.76038
-0.87703
-0.95669
-0.84584
-1.0594
-1.0003
-1.0265
-1.0689
-1.1813
-1.2368
0
0
0
0
0
0
0
0
0
0
0
0
0
0
0
0
0
0
0
0
0
0
0
0
0
0
0
0
0
0
0
0
0
0
0
0
0
0
0
0
0
0
0
0
-0.86957
-0.87007
-0.83102
-0.83099
-0.82979
-0.86047
-0.84983
-0.83946
-0.81644
-0.82605
-0.80155
-0.80325
53.066
-0.82518
-0.78519
-0.79214
-0.90814
-0.78721
-0.89722
-0.81886
-0.81597
-0.80732
-0.78544
-0.82781
-0.77933
-0.81179
-0.83435
-0.77619
-0.7736
-0.77528
-0.7437
-0.77185
-0.83787
-0.90633
-0.82911
-0.76477
-0.78449
-0.80687
-0.79883
-0.79882
-0.81633
-0.78224
-0.78211
-0.75783
-0.78194
-0.74574
-0.79764
-0.76848
-0.87435
-0.86621
-0.83382
-0.83191
-0.86276
-0.81878
-0.74744
-0.86353
-0.94282
-0.83243
-1.0451
-0.98629
-1.0124
-1.0547
-1.1668
-1.2222
0
0
0
0
0
0
0
0
0
0
0
0
0
0
0
0
0
0
0
0
0
0
0
0
0
0
0
0
0
0
0
0
0
0
0
0
0
0
0
0
0
0
0
0
-0.88346
-0.88411
-0.84489
-0.84486
-0.84336
-0.87415
-0.86331
-0.8519
-0.82643
-0.83752
-0.83747
-0.83896
-0.82518
55.2597
-0.80069
-0.80734
-0.92119
-0.80216
-0.90999
-0.83336
-0.82993
-0.82125
-0.79938
-0.84183
-0.79319
-0.82511
-0.83842
-0.78996
-0.78686
-0.78892
-0.75723
-0.78546
-0.84873
-0.91286
-0.84153
-0.77764
-0.79755
-0.82075
-0.81263
-0.81259
-0.82763
-0.79591
-0.79579
-0.77057
-0.79563
-0.75931
-0.81097
-0.78175
-0.88873
-0.88035
-0.84589
-0.8459
-0.87689
-0.83109
-0.76079
-0.8778
-0.95738
-0.84592
-1.0603
-1.0015
-1.0276
-1.07
-1.1827
0
0
0
0
0
0
0
0
-2.5572
0
0
0
0
0
0
0
0
0
0
0
0
0
0
0
0
0
0
0
0
0
0
0
0
0
0
0
0
0
0
0
0
0
0
0
0
-0.84816
-0.84863
-0.80942
-0.80939
-0.80836
-0.83898
-0.82813
-0.8174
-0.79347
-0.80321
-0.79606
-0.79743
-0.78519
-0.80069
50.5079
-0.76939
-0.88541
-0.76657
-0.8753
-0.79712
-0.79524
-0.78654
-0.76448
-0.80692
-0.75813
-0.78905
-0.79904
-0.75493
-0.75188
-0.75399
-0.7227
-0.7506
-0.81847
-0.87873
-0.80615
-0.74319
-0.76236
-0.78475
-0.77692
-0.77691
-0.79345
-0.76068
-0.76056
-0.7361
-0.76039
-0.72442
-0.77544
-0.74689
-0.85138
-0.84336
-0.81098
-0.80975
-0.84028
-0.79632
-0.72636
-0.84088
-0.91914
-0.80984
-1.0204
-0.96195
-0.98855
-1.0302
-1.1413
0
0
0
0
0
0
0
0
0
0
0
0
0
0
0
0
0
0
0
0
0
0
0
0
0
0
0
0
0
0
0
0
0
0
0
0
0
0
0
0
0
0
0
0
0
-0.85402
-0.85481
-0.81597
-0.81594
-0.8146
-0.844
-0.83407
-0.82382
-0.79983
-0.80954
-0.80323
-0.80463
-0.79214
-0.80734
-0.76939
51.0771
-0.89024
-0.7719
-0.87997
-0.803
-0.80108
-0.79236
-0.77028
-0.81283
-0.7639
-0.79537
-0.80252
-0.76068
-0.7575
-0.75978
-0.72837
-0.75638
-0.82265
-0.88285
-0.81185
-0.74856
-0.76799
-0.79066
-0.78281
-0.78279
-0.79886
-0.76652
-0.76639
-0.74149
-0.76622
-0.73018
-0.78113
-0.75244
-0.85767
-0.84963
-0.81659
-0.8159
-0.84654
-0.80154
-0.73191
-0.84719
-0.92576
-0.81557
-1.0274
-0.96858
-0.99531
-1.0373
0
0
0
0
0
0
0
0
0
0
0
0
0
-1.3573
0
0
0
0
0
0
0
0
0
0
0
0
0
0
0
0
0
0
0
0
0
0
0
0
0
0
0
0
0
0
0
0
-0.98551
-0.97787
-0.9317
-0.93167
-0.93241
-0.96589
-0.93132
-0.93716
-0.91386
-0.92866
-0.91986
-0.9213
-0.90814
-0.92119
-0.88541
-0.89024
74.7651
-0.88592
-0.97819
-0.91715
-0.91256
-0.90372
-0.88156
-0.92484
-0.8756
-0.91363
-0.91321
-0.87212
-0.86749
-0.87118
-0.83865
-0.86765
-0.92537
-0.98812
-0.92152
-0.85471
-0.87345
-0.90457
-0.89612
-0.89609
-0.90816
-0.87923
-0.8791
-0.83711
-0.87892
-0.84228
-0.87688
-0.85812
-0.97634
-0.96795
-0.92732
-0.93274
-0.96455
-0.89682
-0.83677
-0.96631
-1.0498
-0.92448
-1.1568
0
-1.1243
-1.167
0
0
0
0
0
0
0
0
0
0
0
0
0
0
0
0
0
0
0
0
0
0
0
0
0
-9.6739
0
0
0
0
0
-9.6744
0
0
0
0
0
0
0
0
0
0
0
0
0
0
-0.84969
-0.85016
-0.81091
-0.81088
-0.80984
-0.84046
-0.82946
-0.81889
-0.79481
-0.80451
-0.79832
-0.79971
-0.78721
-0.80216
-0.76657
-0.7719
-0.88592
49.4401
-0.87586
-0.79935
-0.79813
-0.78923
-0.76666
-0.81001
-0.75957
-0.79346
-0.79759
-0.75632
-0.75303
-0.75536
-0.72393
-0.75195
-0.81722
-0.87313
-0.8074
-0.74436
-0.76355
-0.78574
-0.77797
-0.77795
-0.79489
-0.76173
-0.76161
-0.73725
-0.76144
-0.72539
-0.77651
-0.74807
-0.85248
-0.84429
-0.81179
-0.81064
-0.84118
-0.79725
-0.72732
-0.84178
-0.92014
-0.8109
-1.0217
-0.96338
-0.98967
-1.0315
0
0
0
0
0
0
0
0
0
0
0
0
0
0
0
0
0
0
0
0
0
0
0
0
0
0
0
0
0
0
0
0
0
0
0
0
0
0
0
0
0
0
0
0
0
0
-0.95187
-0.97332
-0.91968
-0.91966
-0.91979
-0.95009
-0.92639
-0.92566
-0.90234
-0.91594
-0.90877
-0.91019
-0.89722
-0.90999
-0.8753
-0.87997
-0.97819
-0.87586
70.5412
-0.90559
-0.90065
-0.89186
-0.86981
-0.91284
-0.86364
-0.89931
-0.90518
-0.85977
-0.85502
-0.85882
-0.82649
-0.85531
-0.91639
-0.9796
-0.91026
-0.84503
-0.86313
-0.89228
-0.88358
-0.88358
-0.89602
-0.86649
-0.86636
-0.8095
-0.86619
-0.82974
-0.87334
-0.84802
-0.96331
-0.95485
-0.91151
-0.91968
-0.9514
-0.88923
-0.82765
-0.95327
0
0
0
0
0
0
0
0
0
0
0
0
0
0
0
0
0
0
0
0
-3.9178
0
0
0
0
0
0
0
-8.6391
0
0
0
0
0
0
0
0
0
0
0
0
0
0
0
-8.6394
0
0
0
0
0
0
0
-0.8809
-0.8816
-0.84204
-0.84202
-0.84071
-0.87163
-0.86041
-0.85027
-0.82556
-0.83569
-0.83042
-0.83187
-0.81886
-0.83336
-0.79712
-0.803
-0.91715
-0.79935
-0.90559
48.2087
-0.8325
-0.82277
-0.79837
-0.84567
-0.7886
-0.82007
-0.82669
-0.78549
-0.78256
-0.78519
-0.7531
-0.78173
-0.84399
-0.90649
-0.83895
-0.77405
-0.79393
-0.81571
-0.80787
-0.80784
-0.82684
-0.79103
-0.7909
-0.76693
-0.79073
-0.75417
-0.80666
-0.77792
-0.88401
-0.87558
-0.84324
-0.84111
-0.87215
-0.8284
-0.75655
-0.87287
-0.9522
-0.84182
-1.0565
0
0
0
0
0
0
0
0
0
0
0
0
0
0
0
0
0
0
0
0
0
0
0
0
0
0
0
0
0
0
0
0
0
0
0
0
0
0
0
0
0
0
0
0
0
0
0
0
0
-0.87643
-0.87724
-0.83805
-0.83802
-0.83666
-0.86736
-0.85618
-0.84644
-0.82195
-0.83191
-0.82755
-0.82899
-0.81597
-0.82993
-0.79524
-0.80108
-0.91256
-0.79813
-0.90065
-0.8325
46.883
-0.78742
-0.76286
-0.81609
-0.77731
-0.81874
-0.82483
-0.77693
-0.77616
-0.77984
-0.7477
-0.77639
-0.84363
-0.90675
-0.84365
-0.7708
-0.79257
-0.81116
-0.80357
-0.80356
-0.83357
-0.78681
-0.78668
-0.7658
-0.78651
-0.75063
-0.80405
-0.77532
-0.88096
-0.87271
-0.84146
-0.83831
-0.86943
-0.82679
-0.75374
-0.86972
-0.94901
-0.83871
0
0
0
0
0
0
0
0
0
0
0
0
0
0
0
0
0
0
0
0
0
0
0
0
0
0
0
0
0
0
0
0
0
0
0
0
0
0
0
0
0
0
0
0
0
0
0
0
0
0
-0.8677
-0.86851
-0.82941
-0.82939
-0.82803
-0.85865
-0.84749
-0.83773
-0.81331
-0.82326
-0.81885
-0.82028
-0.80732
-0.82125
-0.78654
-0.79236
-0.90372
-0.78923
-0.89186
-0.82277
-0.78742
46.386
-0.75317
-0.8052
-0.76899
-0.80984
-0.81623
-0.76857
-0.76757
-0.77132
-0.7393
-0.76788
-0.83544
-0.8982
-0.83381
-0.76196
-0.78314
-0.80234
-0.79478
-0.79476
-0.82386
-0.7781
-0.77798
-0.75687
-0.77781
-0.74201
-0.79507
-0.76647
-0.87172
-0.86355
-0.83234
-0.82935
-0.86034
-0.81771
-0.74511
-0.86064
-0.9397
-0.82978
0
0
0
0
0
0
0
0
0
0
0
0
0
0
0
0
0
0
0
0
0
0
0
0
0
0
0
0
0
0
0
0
0
0
0
0
0
0
0
0
0
0
0
0
0
0
0
0
0
0
-0.84584
-0.8466
-0.80767
-0.80764
-0.80633
-0.83679
-0.82568
-0.81583
-0.79156
-0.80152
-0.79687
-0.79829
-0.78544
-0.79938
-0.76448
-0.77028
-0.88156
-0.76666
-0.86981
-0.79837
-0.76286
-0.75317
45.1429
-0.77947
-0.75024
-0.78702
-0.79436
-0.74898
-0.74696
-0.75065
-0.71878
-0.74722
-0.81441
-0.87655
-0.80769
-0.7404
-0.75951
-0.78059
-0.77309
-0.77308
-0.79651
-0.75656
-0.75645
-0.73437
-0.75628
-0.72047
-0.77259
-0.7444
-0.84858
-0.84061
-0.80943
-0.80687
-0.83752
-0.79507
-0.72358
-0.83797
-0.91643
-0.80753
0
0
0
0
0
0
0
0
0
0
0
0
0
0
0
0
0
0
0
0
0
0
0
0
0
0
0
0
0
0
0
0
0
0
0
0
0
0
0
0
0
0
0
0
0
0
0
0
0
0
-0.88855
-0.88937
-0.85002
-0.85
-0.84863
-0.87944
-0.86822
-0.85843
-0.83381
-0.84384
-0.83946
-0.84092
-0.82781
-0.84183
-0.80692
-0.81283
-0.92484
-0.81001
-0.91284
-0.84567
-0.81609
-0.8052
-0.77947
47.5733
-0.78988
-0.83036
-0.83643
-0.78919
-0.78856
-0.792
-0.75966
-0.78852
-0.85444
-0.91848
-0.85596
-0.78308
-0.80534
-0.82356
-0.81589
-0.81587
-0.84516
-0.79899
-0.79886
-0.77796
-0.79868
-0.76257
-0.81639
-0.78748
-0.89368
-0.88533
-0.854
-0.85066
-0.88196
-0.83921
-0.76563
-0.88232
-0.96194
-0.85109
0
0
0
0
0
0
0
0
0
0
0
0
0
0
0
0
0
0
0
0
0
0
0
0
0
0
0
0
0
0
0
0
0
0
0
0
0
0
0
0
0
0
0
0
0
0
0
0
0
0
-0.83995
-0.84074
-0.80168
-0.80165
-0.8004
-0.83095
-0.81981
-0.80969
-0.78551
-0.79541
-0.79076
-0.79218
-0.77933
-0.79319
-0.75813
-0.7639
-0.8756
-0.75957
-0.86364
-0.7886
-0.77731
-0.76899
-0.75024
-0.78988
44.0262
-0.77854
-0.78779
-0.74646
-0.7408
-0.74682
-0.71448
-0.74334
-0.79992
-0.86347
-0.7967
-0.73545
-0.75489
-0.77394
-0.76676
-0.76673
-0.78436
-0.75048
-0.75035
-0.72737
-0.75018
-0.71391
-0.76595
-0.7381
-0.84122
-0.83335
-0.80134
-0.79994
-0.83043
-0.78806
-0.71753
-0.83153
-0.90894
0
0
0
0
0
0
0
0
0
0
0
0
0
0
0
0
0
0
0
0
0
0
0
0
0
0
0
0
0
0
0
0
0
0
0
0
0
0
0
0
0
0
0
0
0
0
0
0
0
0
0
-0.87686
-0.87695
-0.83472
-0.8347
-0.83313
-0.86658
-0.85478
-0.843
-0.81706
-0.80534
-0.8237
-0.82519
-0.81179
-0.82511
-0.78905
-0.79537
-0.91363
-0.79346
-0.89931
-0.82007
-0.81874
-0.80984
-0.78702
-0.83036
-0.77854
48.9939
-0.81935
-0.77531
-0.77202
-0.7755
-0.74361
-0.77206
-0.84387
-0.90382
-0.8343
-0.76482
-0.78436
-0.80551
-0.79778
-0.79775
-0.7981
-0.78105
-0.78093
-0.7577
-0.78077
-0.74453
-0.79792
-0.76931
-0.8734
-0.8654
-0.8353
-0.8315
-0.86241
-0.82015
-0.74912
-0.86352
0
0
0
0
0
0
0
0
0
0
0
0
0
0
-4.1284
0
0
0
0
0
0
0
0
0
0
0
0
0
0
0
0
0
0
0
0
0
0
0
0
0
0
0
0
0
0
0
0
0
0
0
0
0
-0.88085
-0.88155
-0.84593
-0.8459
-0.84426
-0.87115
-0.85817
-0.85321
-0.82873
-0.84057
-0.84726
-0.84875
-0.83435
-0.83842
-0.79904
-0.80252
-0.91321
-0.79759
-0.90518
-0.82669
-0.82483
-0.81623
-0.79436
-0.83643
-0.78779
-0.81935
52.3588
-0.78412
-0.77987
-0.7834
-0.75169
-0.77996
-0.82758
-0.91577
-0.8308
-0.76997
-0.78728
-0.81384
-0.80603
-0.80602
-0.81838
-0.7895
-0.78938
-0.76122
-0.78921
-0.7527
-0.80135
-0.77269
-0.88158
-0.87396
-0.83921
-0.83987
-0.87068
-0.8182
-0.75236
-0.87185
0
0
0
0
0
0
0
0
0
0
0
0
0
0
0
0
0
0
0
0
0
0
0
0
0
0
-7.058
0
0
0
0
0
0
0
0
0
0
0
0
0
0
0
0
0
0
0
0
0
0
0
0
0
-0.83659
-0.8374
-0.7984
-0.79838
-0.79712
-0.82761
-0.81645
-0.80643
-0.78226
-0.79214
-0.78763
-0.78906
-0.77619
-0.78996
-0.75493
-0.76068
-0.87212
-0.75632
-0.85977
-0.78549
-0.77693
-0.76857
-0.74898
-0.78919
-0.74646
-0.77531
-0.78412
42.9201
-0.7295
-0.74318
-0.71069
-0.73973
-0.79705
-0.85906
-0.79587
-0.72966
-0.75321
-0.76876
-0.76194
-0.76191
-0.78292
-0.74575
-0.74563
-0.72243
-0.74546
-0.70936
-0.7615
-0.73384
-0.83665
-0.82887
-0.79711
-0.79566
-0.82611
-0.78367
-0.71328
-0.82685
0
0
0
0
0
0
0
0
0
0
0
0
0
0
0
0
0
0
0
0
0
0
0
0
0
0
0
0
0
0
0
0
0
0
0
0
0
0
0
0
0
0
0
0
0
0
0
0
0
0
0
0
-0.83399
-0.83439
-0.79627
-0.79624
-0.79421
-0.82424
-0.81287
-0.80319
-0.77915
-0.78927
-0.78511
-0.78654
-0.7736
-0.78686
-0.75188
-0.7575
-0.86749
-0.75303
-0.85502
-0.78256
-0.77616
-0.76757
-0.74696
-0.78856
-0.7408
-0.77202
-0.77987
-0.7295
42.1084
-0.74898
-0.71439
-0.74535
-0.79025
-0.85261
-0.78907
-0.72338
-0.74597
-0.76597
-0.75968
-0.75966
-0.77226
-0.74337
-0.74324
-0.71613
-0.74308
-0.70699
-0.75674
-0.73
-0.83364
-0.82591
-0.78959
-0.79417
-0.82417
0
0
0
0
0
0
0
0
0
0
0
0
0
0
0
0
0
0
0
-1.669
0
0
0
0
0
0
0
0
0
0
0
0
0
0
0
0
0
0
0
0
0
0
0
0
0
0
0
0
0
0
0
0
0
0
0
-0.83526
-0.83618
-0.79735
-0.79733
-0.79583
-0.8264
-0.81536
-0.80538
-0.78114
-0.79101
-0.78676
-0.78818
-0.77528
-0.78892
-0.75399
-0.75978
-0.87118
-0.75536
-0.85882
-0.78519
-0.77984
-0.77132
-0.75065
-0.792
-0.74682
-0.7755
-0.7834
-0.74318
-0.74898
40.5347
-0.67682
-0.71075
-0.79713
-0.85742
-0.79965
-0.73211
-0.76306
-0.76092
-0.75707
-0.75705
-0.79442
-0.74211
-0.74199
-0.72509
-0.74184
-0.70817
-0.76089
-0.73278
-0.83546
-0.82773
-0.79353
-0.79613
-0.82619
0
0
0
0
0
0
0
0
0
0
0
0
0
0
0
0
0
0
0
0
0
0
0
0
0
0
0
0
0
0
0
0
0
0
0
0
0
0
0
0
0
0
0
0
0
0
0
0
0
0
0
0
0
0
0
-0.80319
-0.80408
-0.7656
-0.76558
-0.76416
-0.79439
-0.78347
-0.7735
-0.74957
-0.75934
-0.75502
-0.75642
-0.7437
-0.75723
-0.7227
-0.72837
-0.83865
-0.72393
-0.82649
-0.7531
-0.7477
-0.7393
-0.71878
-0.75966
-0.71448
-0.74361
-0.75169
-0.71069
-0.71439
-0.67682
38.8719
-0.67306
-0.76543
-0.82515
-0.76858
-0.69425
-0.73335
-0.7268
-0.72427
-0.72425
-0.76662
-0.70989
-0.70978
-0.68423
-0.70963
-0.67635
-0.72673
-0.69969
-0.80078
-0.79351
-0.75889
-0.76283
-0.79222
0
0
0
0
0
0
0
0
0
0
0
0
0
0
0
0
0
0
0
0
0
0
0
0
0
0
0
0
0
0
0
0
0
0
0
0
0
0
0
0
0
0
0
0
0
0
0
0
0
0
0
0
0
0
0
-0.83177
-0.83268
-0.79389
-0.79386
-0.79239
-0.82291
-0.81189
-0.80193
-0.77771
-0.78757
-0.78332
-0.78474
-0.77185
-0.78546
-0.7506
-0.75638
-0.86765
-0.75195
-0.85531
-0.78173
-0.77639
-0.76788
-0.74722
-0.78852
-0.74334
-0.77206
-0.77996
-0.73973
-0.74535
-0.71075
-0.67306
40.3535
-0.79375
-0.85394
-0.79643
-0.72874
-0.7603
-0.75703
-0.75328
-0.75326
-0.79181
-0.7384
-0.73827
-0.71997
-0.73812
-0.70455
-0.75691
-0.72895
-0.83159
-0.82392
-0.78965
-0.7924
-0.8224
0
0
0
0
0
0
0
0
0
0
0
0
0
0
0
0
0
0
0
0
0
0
0
0
0
0
0
0
0
0
0
0
0
0
0
0
0
0
0
0
0
0
0
0
0
0
0
0
0
0
0
0
0
0
0
-0.89267
-0.89439
-0.85942
-0.85939
-0.85687
-0.88352
-0.87098
-0.86363
-0.84017
-0.85531
-0.85223
-0.8539
-0.83787
-0.84873
-0.81847
-0.82265
-0.92537
-0.81722
-0.91639
-0.84399
-0.84363
-0.83544
-0.81441
-0.85444
-0.79992
-0.84387
-0.82758
-0.79705
-0.79025
-0.79713
-0.76543
-0.79375
51.1654
-0.91402
-0.83967
-0.7824
-0.80074
-0.82527
-0.81822
-0.8182
-0.83944
-0.80153
-0.80141
-0.77299
-0.80124
-0.76408
-0.81336
-0.78612
-0.89497
-0.88672
0
0
0
0
0
0
0
0
0
0
0
0
0
0
0
0
0
-3.3921
0
0
0
0
0
0
0
0
0
0
0
0
0
0
0
0
0
0
0
0
0
0
0
0
-6.8369
0
0
0
0
0
0
0
0
0
0
0
0
0
0
0
-0.95591
-0.95675
-0.92475
-0.92473
-0.92091
-0.94534
-0.93239
-0.93859
-0.90463
-0.92376
-0.91675
-0.918
-0.90633
-0.91286
-0.87873
-0.88285
-0.98812
-0.87313
-0.9796
-0.90649
-0.90675
-0.8982
-0.87655
-0.91848
-0.86347
-0.90382
-0.91577
-0.85906
-0.85261
-0.85742
-0.82515
-0.85394
-0.91402
56.7376
-0.90846
-0.82765
-0.85239
-0.88578
-0.87837
-0.87835
-0.88831
-0.86112
-0.86099
-0.83185
-0.86082
-0.82311
-0.87364
-0.84032
-0.9579
0
0
0
0
0
0
0
0
0
0
0
0
0
0
0
0
0
0
0
0
0
0
0
0
0
0
0
0
0
0
0
0
0
0
0
0
0
0
0
0
0
0
0
0
0
0
0
0
0
0
-6.8864
0
0
0
0
0
0
-6.8864
0
-0.88502
-0.88755
-0.85276
-0.85273
-0.85063
-0.87649
-0.8668
-0.8447
-0.83356
-0.85054
-0.84122
-0.84274
-0.82911
-0.84153
-0.80615
-0.81185
-0.92152
-0.8074
-0.91026
-0.83895
-0.84365
-0.83381
-0.80769
-0.85596
-0.7967
-0.8343
-0.8308
-0.79587
-0.78907
-0.79965
-0.76858
-0.79643
-0.83967
-0.90846
45.109
-0.76978
-0.7902
-0.8127
-0.80722
-0.80721
-0.82243
-0.79009
-0.78997
-0.76177
-0.7898
-0.75114
-0.80353
-0.77834
0
0
0
0
0
0
0
0
0
0
0
0
0
0
0
0
0
0
0
0
0
0
0
0
0
0
0
0
0
0
-6.2827
0
0
0
0
0
0
0
0
0
0
0
0
0
0
0
0
0
0
0
0
0
0
0
0
0
0
0
0
0
-0.82229
-0.823
-0.78708
-0.78705
-0.78571
-0.81287
-0.80092
-0.79449
-0.77009
-0.78088
-0.77639
-0.77783
-0.76477
-0.77764
-0.74319
-0.74856
-0.85471
-0.74436
-0.84503
-0.77405
-0.7708
-0.76196
-0.7404
-0.78308
-0.73545
-0.76482
-0.76997
-0.72966
-0.72338
-0.73211
-0.69425
-0.72874
-0.7824
-0.82765
-0.76978
42.0346
-0.70971
-0.7442
-0.74066
-0.74064
-0.75621
-0.72415
-0.72403
-0.67272
-0.72388
-0.68384
-0.7315
-0.70618
0
0
0
0
0
0
0
0
0
0
0
0
0
0
0
0
0
0
0
0
0
0
0
0
0
0
0
0
0
0
0
0
0
0
0
0
0
0
0
0
0
-6.2916
0
0
0
0
0
0
0
0
0
0
0
0
0
0
0
0
0
0
-0.83656
-0.84384
-0.79993
-0.79991
-0.80526
-0.83369
-0.82072
-0.81415
-0.78976
-0.80093
-0.79635
-0.79782
-0.78449
-0.79755
-0.76236
-0.76799
-0.87345
-0.76355
-0.86313
-0.79393
-0.79257
-0.78314
-0.75951
-0.80534
-0.75489
-0.78436
-0.78728
-0.75321
-0.74597
-0.76306
-0.73335
-0.7603
-0.80074
-0.85239
-0.7902
-0.70971
43.3788
-0.75943
-0.76447
-0.76445
-0.76245
-0.74777
-0.74765
-0.69977
-0.7475
-0.70922
0
0
0
0
0
0
0
0
0
0
0
0
0
0
0
0
0
0
-2.4671
0
0
0
0
0
0
0
0
0
0
0
0
0
0
0
0
0
0
0
0
0
0
0
-5.6876
0
0
0
0
0
0
0
0
0
0
0
0
0
0
0
0
0
0
0
-0.86851
-0.86915
-0.82995
-0.82992
-0.82818
-0.85914
-0.84788
-0.83768
-0.81295
-0.82296
-0.81857
-0.82002
-0.80687
-0.82075
-0.78475
-0.79066
-0.90457
-0.78574
-0.89228
-0.81571
-0.81116
-0.80234
-0.78059
-0.82356
-0.77394
-0.80551
-0.81384
-0.76876
-0.76597
-0.76092
-0.7268
-0.75703
-0.82527
-0.88578
-0.8127
-0.7442
-0.75943
37.9142
-0.82194
-0.82192
-0.79562
-0.78614
-0.786
-0.72926
-0.78583
-0.73391
-0.80164
-0.78792
0
0
0
0
0
0
0
0
0
0
0
0
0
0
0
0
0
0
0
0
0
0
0
0
0
0
0
0
0
0
0
0
0
0
0
0
0
0
0
0
0
0
0
0
0
0
0
0
0
0
0
0
0
0
0
0
0
0
0
0
-0.86003
-0.8608
-0.82159
-0.82158
-0.81991
-0.85084
-0.83964
-0.82945
-0.80484
-0.81476
-0.81049
-0.81194
-0.79883
-0.81263
-0.77692
-0.78281
-0.89612
-0.77797
-0.88358
-0.80787
-0.80357
-0.79478
-0.77309
-0.81589
-0.76676
-0.79778
-0.80603
-0.76194
-0.75968
-0.75707
-0.72427
-0.75328
-0.81822
-0.87837
-0.80722
-0.74066
-0.76447
-0.82194
36.7877
-0.82643
-0.79679
-0.76334
-0.76322
-0.74362
-0.76306
-0.72476
-0.77884
0
0
0
0
0
0
0
0
0
0
0
0
0
0
0
0
0
0
0
0
0
0
0
0
0
0
0
0
0
0
0
0
0
0
0
0
0
0
0
0
0
0
0
0
0
0
0
0
0
0
0
0
0
0
0
0
0
0
0
0
0
-0.86001
-0.86077
-0.82158
-0.82156
-0.8199
-0.85082
-0.83963
-0.82941
-0.80481
-0.81473
-0.81048
-0.81191
-0.79882
-0.81259
-0.77691
-0.78279
-0.89609
-0.77795
-0.88358
-0.80784
-0.80356
-0.79476
-0.77308
-0.81587
-0.76673
-0.79775
-0.80602
-0.76191
-0.75966
-0.75705
-0.72425
-0.75326
-0.8182
-0.87835
-0.80721
-0.74064
-0.76445
-0.82192
-0.82643
36.7867
-0.79677
-0.76329
-0.76318
-0.7436
-0.76303
-0.72474
-0.77881
0
0
0
0
0
0
0
0
0
0
0
0
0
0
0
0
0
0
0
0
0
0
0
0
0
0
0
0
0
0
0
0
0
0
0
0
0
0
0
0
0
0
0
0
0
0
0
0
0
0
0
0
0
0
0
0
0
0
0
0
0
-0.87541
-0.87553
-0.83886
-0.83883
-0.83771
-0.86466
-0.85325
-0.84151
-0.81965
-0.81634
-0.82854
-0.83005
-0.81633
-0.82763
-0.79345
-0.79886
-0.90816
-0.79489
-0.89602
-0.82684
-0.83357
-0.82386
-0.79651
-0.84516
-0.78436
-0.7981
-0.81838
-0.78292
-0.77226
-0.79442
-0.76662
-0.79181
-0.83944
-0.88831
-0.82243
-0.75621
-0.76245
-0.79562
-0.79679
-0.79677
44.8915
-0.77976
-0.77965
0
-0.77948
0
0
0
0
0
0
0
0
0
0
0
0
0
0
0
0
0
0
0
0
0
-4.3967
0
0
0
0
0
0
0
0
0
0
0
0
0
0
0
0
0
0
0
0
0
0
0
0
0
0
0
0
0
0
0
0
0
0
0
0
-5.3074
0
0
0
0
-0.84298
-0.84371
-0.80478
-0.80477
-0.80314
-0.83389
-0.82298
-0.81251
-0.78818
-0.79795
-0.7938
-0.79525
-0.78224
-0.79591
-0.76068
-0.76652
-0.87923
-0.76173
-0.86649
-0.79103
-0.78681
-0.7781
-0.75656
-0.79899
-0.75048
-0.78105
-0.7895
-0.74575
-0.74337
-0.74211
-0.70989
-0.7384
-0.80153
-0.86112
-0.79009
-0.72415
-0.74777
-0.78614
-0.76334
-0.76329
-0.77976
35.247
-0.76023
-0.7228
-0.75977
-0.71825
0
0
0
0
0
0
0
0
0
0
0
0
0
0
0
0
0
0
0
0
0
0
0
0
0
0
0
0
0
0
0
0
0
0
0
0
0
0
0
0
0
0
0
0
0
0
0
0
0
0
0
0
0
0
0
0
0
0
0
0
0
0
-0.84285
-0.84358
-0.80467
-0.80463
-0.80301
-0.83376
-0.82285
-0.81239
-0.78805
-0.79783
-0.79369
-0.79511
-0.78211
-0.79579
-0.76056
-0.76639
-0.8791
-0.76161
-0.86636
-0.7909
-0.78668
-0.77798
-0.75645
-0.79886
-0.75035
-0.78093
-0.78938
-0.74563
-0.74324
-0.74199
-0.70978
-0.73827
-0.80141
-0.86099
-0.78997
-0.72403
-0.74765
-0.786
-0.76322
-0.76318
-0.77965
-0.76023
35.2414
-0.72268
-0.75943
-0.71811
0
0
0
0
0
0
0
0
0
0
0
0
0
0
0
0
0
0
0
0
0
0
0
0
0
0
0
0
0
0
0
0
0
0
0
0
0
0
0
0
0
0
0
0
0
0
0
0
0
0
0
0
0
0
0
0
0
0
0
0
0
0
-0.81633
-0.81892
-0.7802
-0.78018
-0.77829
-0.80842
-0.78989
-0.7868
-0.76282
-0.77401
-0.76946
-0.77091
-0.75783
-0.77057
-0.7361
-0.74149
-0.83711
-0.73725
-0.8095
-0.76693
-0.7658
-0.75687
-0.73437
-0.77796
-0.72737
-0.7577
-0.76122
-0.72243
-0.71613
-0.72509
-0.68423
-0.71997
-0.77299
-0.83185
-0.76177
-0.67272
-0.69977
-0.72926
-0.74362
-0.7436
0
-0.7228
-0.72268
40.0537
-0.72254
0
0
0
0
0
0
0
0
0
0
0
0
0
0
0
0
0
0
0
0
0
0
0
0
-3.8384
0
0
0
0
0
0
-3.6496
0
0
0
0
0
0
0
0
0
0
0
0
0
0
0
0
0
0
0
0
0
0
0
0
0
0
0
0
0
0
0
-0.84267
-0.8434
-0.80449
-0.80446
-0.80284
-0.83358
-0.82268
-0.81221
-0.78788
-0.79765
-0.79351
-0.79494
-0.78194
-0.79563
-0.76039
-0.76622
-0.87892
-0.76144
-0.86619
-0.79073
-0.78651
-0.77781
-0.75628
-0.79868
-0.75018
-0.78077
-0.78921
-0.74546
-0.74308
-0.74184
-0.70963
-0.73812
-0.80124
-0.86082
-0.7898
-0.72388
-0.7475
-0.78583
-0.76306
-0.76303
-0.77948
-0.75977
-0.75943
-0.72254
35.2337
-0.71794
0
0
0
0
0
0
0
0
0
0
0
0
0
0
0
0
0
0
0
0
0
0
0
0
0
0
0
0
0
0
0
0
0
0
0
0
0
0
0
0
0
0
0
0
0
0
0
0
0
0
0
0
0
0
0
0
0
0
0
0
0
0
-0.80599
-0.80665
-0.7681
-0.76806
-0.76648
-0.79697
-0.78642
-0.77582
-0.75173
-0.76165
-0.75715
-0.75855
-0.74574
-0.75931
-0.72442
-0.73018
-0.84228
-0.72539
-0.82974
-0.75417
-0.75063
-0.74201
-0.72047
-0.76257
-0.71391
-0.74453
-0.7527
-0.70936
-0.70699
-0.70817
-0.67635
-0.70455
-0.76408
-0.82311
-0.75114
-0.68384
-0.70922
-0.73391
-0.72476
-0.72474
0
-0.71825
-0.71811
0
-0.71794
32.1761
0
0
0
0
0
0
0
0
0
0
0
0
0
0
0
0
0
0
0
0
0
0
0
0
0
0
0
0
0
0
0
0
0
0
0
0
0
0
0
0
0
0
0
0
0
0
0
0
0
0
0
0
0
0
0
0
0
0
0
0
0
0
-0.858
-0.86002
-0.82022
-0.8202
-0.81892
-0.8498
-0.82993
-0.82747
-0.80327
-0.81461
-0.8094
-0.81086
-0.79764
-0.81097
-0.77544
-0.78113
-0.87688
-0.77651
-0.87334
-0.80666
-0.80405
-0.79507
-0.77259
-0.81639
-0.76595
-0.79792
-0.80135
-0.7615
-0.75674
-0.76089
-0.72673
-0.75691
-0.81336
-0.87364
-0.80353
-0.7315
0
-0.80164
-0.77884
-0.77881
0
0
0
0
0
0
35.158
0
0
0
0
0
0
0
0
0
0
0
0
0
0
0
0
0
0
0
0
0
0
-3.8393
0
0
0
0
0
0
0
0
0
0
0
0
0
0
0
0
0
0
0
0
0
0
0
0
0
0
0
0
0
0
0
0
0
0
0
0
0
0
-0.82643
-0.82602
-0.79073
-0.7907
-0.78986
-0.81615
-0.80465
-0.79833
-0.77404
-0.78511
-0.78011
-0.78154
-0.76848
-0.78175
-0.74689
-0.75244
-0.85812
-0.74807
-0.84802
-0.77792
-0.77532
-0.76647
-0.7444
-0.78748
-0.7381
-0.76931
-0.77269
-0.73384
-0.73
-0.73278
-0.69969
-0.72895
-0.78612
-0.84032
-0.77834
-0.70618
0
-0.78792
0
0
0
0
0
0
0
0
0
33.9845
0
0
0
0
0
0
0
0
0
0
0
0
0
0
0
0
0
0
0
0
0
0
0
0
0
0
0
0
0
0
0
0
0
0
0
0
0
0
0
0
0
0
0
0
0
0
-5.2612
0
0
0
0
0
0
0
0
0
0
0
0
0
-0.93789
-0.93832
-0.89802
-0.89798
-0.896
-0.92814
-0.91729
-0.90688
-0.88066
-0.89104
-0.8864
-0.8879
-0.87435
-0.88873
-0.85138
-0.85767
-0.97634
-0.85248
-0.96331
-0.88401
-0.88096
-0.87172
-0.84858
-0.89368
-0.84122
-0.8734
-0.88158
-0.83665
-0.83364
-0.83546
-0.80078
-0.83159
-0.89497
-0.9579
0
0
0
0
0
0
0
0
0
0
0
0
0
0
30.0969
0
0
0
0
0
0
0
0
0
0
0
0
0
0
0
0
0
0
0
0
0
0
0
0
0
0
0
0
0
0
0
0
0
0
0
0
0
0
0
0
0
0
0
0
0
0
0
0
0
0
0
0
0
0
0
0
0
0
0
-0.92926
-0.9297
-0.88947
-0.88945
-0.88733
-0.91961
-0.90893
-0.89856
-0.87222
-0.88268
-0.87817
-0.87965
-0.86621
-0.88035
-0.84336
-0.84963
-0.96795
-0.84429
-0.95485
-0.87558
-0.87271
-0.86355
-0.84061
-0.88533
-0.83335
-0.8654
-0.87396
-0.82887
-0.82591
-0.82773
-0.79351
-0.82392
-0.88672
0
0
0
0
0
0
0
0
0
0
0
0
0
0
0
0
28.8688
0
0
0
0
0
0
0
0
0
0
0
0
0
0
0
0
0
0
0
0
0
0
0
0
0
0
0
0
0
0
0
0
0
0
0
0
0
0
0
0
0
0
0
0
0
0
0
0
0
0
0
0
0
0
0
0
0
0
-0.89243
-0.89377
-0.85635
-0.85632
-0.8536
-0.88335
-0.87114
-0.86188
-0.83779
-0.85171
-0.84578
-0.84726
-0.83382
-0.84589
-0.81098
-0.81659
-0.92732
-0.81179
-0.91151
-0.84324
-0.84146
-0.83234
-0.80943
-0.854
-0.80134
-0.8353
-0.83921
-0.79711
-0.78959
-0.79353
-0.75889
-0.78965
0
0
0
0
0
0
0
0
0
0
0
0
0
0
0
0
0
0
31.2447
0
0
0
0
0
0
0
0
0
0
0
0
0
0
0
0
0
0
0
0
0
0
0
0
0
0
0
0
-4.3503
0
0
0
0
0
0
0
0
0
0
0
0
0
0
0
0
0
0
0
0
0
0
0
0
0
0
0
0
-0.89417
-0.89464
-0.85473
-0.8547
-0.85259
-0.88476
-0.87431
-0.8639
-0.83782
-0.84792
-0.84379
-0.84526
-0.83191
-0.8459
-0.80975
-0.8159
-0.93274
-0.81064
-0.91968
-0.84111
-0.83831
-0.82935
-0.80687
-0.85066
-0.79994
-0.8315
-0.83987
-0.79566
-0.79417
-0.79613
-0.76283
-0.7924
0
0
0
0
0
0
0
0
0
0
0
0
0
0
0
0
0
0
0
26.8939
0
0
0
0
0
0
0
0
0
0
0
0
0
0
0
0
0
0
0
0
0
0
0
0
0
0
0
0
0
0
0
0
0
0
0
0
0
0
0
0
0
0
0
0
0
0
0
0
0
0
0
0
0
0
0
0
-0.92555
-0.92605
-0.88578
-0.88575
-0.88363
-0.91606
-0.90551
-0.89515
-0.86871
-0.87896
-0.87479
-0.87628
-0.86276
-0.87689
-0.84028
-0.84654
-0.96455
-0.84118
-0.9514
-0.87215
-0.86943
-0.86034
-0.83752
-0.88196
-0.83043
-0.86241
-0.87068
-0.82611
-0.82417
-0.82619
-0.79222
-0.8224
0
0
0
0
0
0
0
0
0
0
0
0
0
0
0
0
0
0
0
0
27.8819
0
0
0
0
0
0
0
0
0
0
0
0
0
0
0
0
0
0
0
0
0
0
0
0
0
0
0
0
0
0
0
0
0
0
0
0
0
0
0
0
0
0
0
0
0
0
0
0
0
0
0
0
0
0
0
-0.87316
-0.87723
-0.83168
-0.83165
-0.83958
-0.86586
-0.85032
-0.84796
-0.82311
-0.83544
-0.83074
-0.83222
-0.81878
-0.83109
-0.79632
-0.80154
-0.89682
-0.79725
-0.88923
-0.8284
-0.82679
-0.81771
-0.79507
-0.83921
-0.78806
-0.82015
-0.8182
-0.78367
0
0
0
0
0
0
0
0
0
0
0
0
0
0
0
0
0
0
0
0
0
0
0
0
0
32.2746
0
0
0
0
0
0
0
0
0
0
0
0
0
0
0
0
0
0
0
-3.892
0
0
0
0
0
0
0
0
0
0
0
0
0
0
0
0
0
-5.0954
0
0
0
0
0
0
0
0
0
0
0
0
0
0
0
0
-0.80705
-0.80416
-0.76912
-0.7691
-0.77043
-0.79466
-0.78357
-0.77806
-0.75315
-0.7641
-0.75895
-0.76038
-0.74744
-0.76079
-0.72636
-0.73191
-0.83677
-0.72732
-0.82765
-0.75655
-0.75374
-0.74511
-0.72358
-0.76563
-0.71753
-0.74912
-0.75236
-0.71328
0
0
0
0
0
0
0
0
0
0
0
0
0
0
0
0
0
0
0
0
0
0
0
0
0
0
25.7949
0
0
0
0
0
0
0
0
0
0
0
0
0
0
0
0
0
0
0
0
0
0
0
0
0
0
0
0
0
0
0
0
0
0
0
-4.447
0
0
0
0
0
0
0
0
0
0
0
0
0
0
0
0
0
-0.92677
-0.9272
-0.88671
-0.88668
-0.88451
-0.9172
-0.90676
-0.89616
-0.86958
-0.8799
-0.87553
-0.87703
-0.86353
-0.8778
-0.84088
-0.84719
-0.96631
-0.84178
-0.95327
-0.87287
-0.86972
-0.86064
-0.83797
-0.88232
-0.83153
-0.86352
-0.87185
-0.82685
0
0
0
0
0
0
0
0
0
0
0
0
0
0
0
0
0
0
0
0
0
0
0
0
0
0
0
24.6421
0
0
0
0
0
0
0
0
0
0
0
0
0
0
0
0
0
0
0
0
0
0
0
0
0
0
0
0
0
0
0
0
0
0
0
0
0
0
0
0
0
0
0
0
0
0
0
0
0
0
0
0
-1.0075
-1.0083
-0.96616
-0.96614
-0.96369
-0.99796
-0.98801
-0.97657
-0.94878
-0.9603
-0.95517
-0.95669
-0.94282
-0.95738
-0.91914
-0.92576
-1.0498
-0.92014
0
-0.9522
-0.94901
-0.9397
-0.91643
-0.96194
-0.90894
0
0
0
0
0
0
0
0
0
0
0
0
0
0
0
0
0
0
0
0
0
0
0
0
0
0
0
0
0
0
0
23.0385
0
0
0
0
0
0
0
0
0
0
0
0
0
0
0
0
0
0
0
0
0
0
0
0
0
0
0
0
0
0
0
0
0
0
0
0
0
0
0
0
0
0
0
0
0
0
0
0
0
0
0
-0.89222
-0.89086
-0.85473
-0.8547
-0.85465
-0.88066
-0.86928
-0.86383
-0.83792
-0.8506
-0.84438
-0.84584
-0.83243
-0.84592
-0.80984
-0.81557
-0.92448
-0.8109
0
-0.84182
-0.83871
-0.82978
-0.80753
-0.85109
0
0
0
0
0
0
0
0
0
0
0
0
0
0
0
0
0
0
0
0
0
0
0
0
0
0
0
0
0
0
0
0
0
24.6088
0
0
0
0
0
0
0
0
0
0
0
0
0
0
0
0
0
0
0
0
0
0
0
0
0
0
0
0
-5.0611
0
0
0
0
0
0
0
0
0
0
0
0
0
0
0
0
0
0
0
0
0
-1.1121
-1.1127
-1.0694
-1.0694
-1.0667
-1.1021
-1.0925
-1.0821
-1.0516
-1.0639
-1.0578
-1.0594
-1.0451
-1.0603
-1.0204
-1.0274
-1.1568
-1.0217
0
-1.0565
0
0
0
0
0
0
0
0
0
0
0
0
0
0
0
0
0
0
0
0
0
0
0
0
0
0
0
0
0
0
0
0
0
0
0
0
0
0
20.328
0
0
0
0
0
0
0
0
0
0
0
0
0
0
0
0
0
0
0
0
0
0
0
0
0
0
0
0
0
0
0
0
0
0
0
0
0
0
0
0
0
0
0
0
0
0
0
0
0
-1.0551
-1.0466
-1.0095
-1.0095
-1.0153
-1.0363
-1.0261
-1.0216
-0.99281
-1.0069
-0.99878
-1.0003
-0.98629
-1.0015
-0.96195
-0.96858
0
-0.96338
0
0
0
0
0
0
0
0
0
0
0
0
0
0
0
0
0
0
0
0
0
0
0
0
0
0
0
0
0
0
0
0
0
0
0
0
0
0
0
0
0
21.4146
0
0
0
0
0
0
0
0
0
0
0
0
0
0
0
0
0
0
0
0
0
0
0
0
0
0
0
0
0
0
0
0
0
0
0
0
0
0
0
0
0
0
-4.3142
0
0
0
0
0
-1.079
-1.0798
-1.0363
-1.0363
-1.0334
-1.0694
-1.0603
-1.0471
-1.0188
-1.0303
-1.025
-1.0265
-1.0124
-1.0276
-0.98855
-0.99531
-1.1243
-0.98967
0
0
0
0
0
0
0
0
0
0
0
0
0
0
0
0
0
0
0
0
0
0
0
0
0
0
0
0
0
0
0
0
0
0
0
0
0
0
0
0
0
0
18.68
0
0
0
0
0
0
0
0
0
0
0
0
0
0
0
0
0
0
0
0
0
0
0
0
0
0
0
0
0
0
0
0
0
0
0
0
0
0
0
0
0
0
0
0
0
0
0
-1.1216
-1.1223
-1.0787
-1.0787
-1.076
-1.1118
-1.1024
-1.0902
-1.061
-1.0728
-1.0674
-1.0689
-1.0547
-1.07
-1.0302
-1.0373
-1.167
-1.0315
0
0
0
0
0
0
0
0
0
0
0
0
0
0
0
0
0
0
0
0
0
0
0
0
0
0
0
0
0
0
0
0
0
0
0
0
0
0
0
0
0
0
0
19.4426
0
0
0
0
0
0
0
0
0
0
0
0
0
0
0
0
0
0
0
0
0
0
0
0
0
0
0
0
0
0
0
0
0
0
0
0
0
0
0
0
0
0
0
0
0
0
-1.2371
-1.2363
-1.1915
-1.1915
-1.189
-1.2259
-1.2195
-1.2038
-1.1737
-1.1852
-1.1797
-1.1813
-1.1668
-1.1827
-1.1413
0
0
0
0
0
0
0
0
0
0
0
0
0
0
0
0
0
0
0
0
0
0
0
0
0
0
0
0
0
0
0
0
0
0
0
0
0
0
0
0
0
0
0
0
0
0
0
17.9054
0
0
0
0
0
0
0
0
0
0
0
0
0
0
0
0
0
0
0
0
0
0
0
0
0
0
0
0
0
0
0
0
0
0
0
0
0
0
0
0
0
0
0
0
0
-1.2924
-1.2912
-1.247
-1.247
-1.244
-1.2811
-1.2765
-1.2605
-1.23
0
-1.2352
-1.2368
-1.2222
0
0
0
0
0
0
0
0
0
0
0
0
0
0
0
0
0
0
0
0
0
0
0
0
0
0
0
0
0
0
0
0
0
0
0
0
0
0
0
0
0
0
0
0
0
0
0
0
0
0
15.064
0
0
0
0
0
0
0
0
0
0
0
0
0
0
0
0
0
0
0
0
0
0
0
0
0
0
0
0
0
0
0
0
0
0
0
0
0
0
0
0
0
0
0
0
-2.6555
0
-2.6066
-2.6066
0
0
0
0
0
0
0
0
0
0
0
0
0
0
0
0
0
0
0
0
0
0
0
0
0
0
0
0
0
0
0
0
-2.4671
0
0
0
0
0
0
0
0
0
0
0
0
0
0
0
0
0
0
0
0
0
0
0
0
0
0
0
13.354
0
0
0
0
0
0
0
0
-3.0183
0
0
0
0
0
0
0
0
0
0
0
0
0
0
0
0
0
0
0
0
0
0
0
0
0
0
0
0
0
0
0
0
0
0
0
0
0
0
0
0
0
-3.0088
0
0
0
0
0
0
0
0
0
0
0
0
0
0
0
0
0
0
0
0
0
0
0
0
0
0
0
0
0
0
0
0
0
0
0
0
0
0
0
0
0
0
0
0
0
0
0
0
0
0
0
0
0
0
0
0
0
16.3569
0
-3.8915
0
0
0
0
0
0
0
0
0
-5.146
-4.3106
0
0
0
0
0
0
0
0
0
0
0
0
0
0
0
0
0
0
0
0
0
0
0
0
0
0
0
0
0
0
0
0
0
0
0
0
0
0
0
0
0
0
0
0
0
0
0
0
0
0
0
0
0
0
0
0
0
0
0
0
0
0
0
0
0
0
0
0
0
-4.3967
0
0
0
0
0
0
0
0
0
0
0
0
0
0
0
0
0
0
0
0
0
0
0
0
0
19.546
0
0
0
-4.0481
0
0
0
0
0
0
-4.6914
0
0
0
0
0
0
0
0
0
0
0
0
0
0
0
0
0
0
0
0
0
0
0
-6.4099
0
0
0
0
0
0
0
0
0
0
0
0
0
0
0
0
0
0
0
0
0
0
0
0
0
0
0
0
0
0
0
0
0
0
0
0
0
0
-3.3921
0
0
0
0
0
0
0
0
0
0
0
0
0
0
0
0
0
0
0
0
0
0
0
0
0
0
0
0
0
0
0
0
-3.8915
0
15.5725
0
0
0
0
0
0
0
0
0
0
0
-3.2573
0
0
0
0
0
0
0
0
0
0
0
0
0
0
0
0
0
-5.0315
0
0
0
0
0
0
0
0
0
0
0
-3.0161
-2.9937
-2.9937
-2.9924
0
0
0
0
0
0
0
0
0
0
0
0
0
0
0
0
0
0
0
0
0
0
0
0
0
0
0
0
0
0
0
0
0
0
0
0
0
0
0
0
0
0
0
0
0
0
0
0
0
0
0
0
0
0
0
0
0
0
0
0
0
0
0
11.9959
0
0
0
0
0
0
0
0
0
0
0
0
0
0
0
0
0
0
0
0
0
0
0
0
0
0
0
0
0
0
0
0
0
0
0
0
0
0
0
0
0
0
0
0
0
0
0
0
0
0
0
0
0
0
0
0
0
0
0
0
0
0
0
0
0
0
0
0
0
0
0
0
0
0
0
0
0
0
0
0
0
0
-3.8384
0
0
-3.8393
0
0
0
0
0
0
0
0
0
0
0
0
0
0
0
0
0
0
0
0
0
0
8.4884
0
0
0
0
0
0
0
0
0
0
0
0
0
0
0
0
0
0
0
0
0
0
0
0
0
0
0
0
0
0
0
0
0
0
0
0
0
-0.81069
0
0
0
0
0
0
0
0
0
-4.2158
0
0
0
0
0
0
0
0
0
0
0
0
0
0
0
-4.1284
0
0
0
0
0
0
0
0
0
0
0
0
0
0
0
0
0
0
0
0
0
0
0
0
0
0
0
0
0
0
0
0
0
0
0
0
0
0
0
0
-4.0481
0
0
0
12.3923
0
0
0
0
0
0
0
0
0
0
0
0
0
0
0
0
0
0
0
0
0
0
0
0
0
0
0
0
0
0
0
0
0
0
0
0
0
0
0
0
0
0
0
0
0
-2.5503
0
0
0
0
-2.5572
0
0
0
0
0
0
0
0
0
0
0
0
0
0
0
0
0
0
0
0
0
0
0
0
0
0
0
0
0
0
0
0
0
0
0
0
0
0
0
0
0
0
0
0
0
0
0
0
0
0
0
0
0
0
0
0
0
9.8785
0
0
0
0
0
0
0
0
0
0
0
0
0
0
0
0
0
0
0
0
0
0
0
0
0
0
0
0
0
0
0
0
-4.771
0
0
0
0
0
0
0
0
0
0
0
0
0
0
0
0
0
0
0
0
0
0
0
0
0
0
0
0
0
0
0
-1.669
0
0
0
0
0
0
0
0
0
0
0
0
0
0
0
0
0
0
0
0
0
0
0
0
0
0
0
0
0
0
0
0
0
0
0
0
0
0
0
0
0
0
0
11.0097
-3.9465
0
0
0
0
0
0
0
0
0
0
0
0
0
0
0
0
0
0
0
0
0
-5.3943
0
0
0
0
0
0
0
0
0
0
0
0
0
0
0
0
0
0
0
0
0
0
0
0
0
0
0
0
0
0
0
0
0
0
0
0
0
0
0
0
0
0
0
0
0
0
0
0
0
0
0
0
0
0
0
0
0
0
0
0
0
0
0
0
0
-3.892
0
0
0
0
0
0
0
0
0
0
-3.0183
0
0
0
0
0
0
0
-3.9465
10.8568
0
0
0
0
0
0
0
0
0
0
0
0
0
0
0
0
0
0
0
0
0
0
0
0
0
0
0
0
0
0
0
0
0
0
-4.6819
0
0
0
-4.6747
0
0
0
0
0
0
0
0
0
0
0
0
0
0
0
0
0
0
0
0
0
0
0
0
0
0
0
0
0
0
0
0
0
0
0
0
0
0
0
0
0
0
0
0
0
0
0
0
0
0
0
0
0
0
0
0
0
0
0
0
0
0
0
0
0
0
0
0
0
15.3026
0
0
0
0
0
-5.946
0
0
0
0
0
0
0
0
0
0
0
0
0
0
0
0
0
0
0
0
0
0
0
0
0
0
0
0
0
0
0
0
-1.405
0
0
0
0
0
0
0
0
0
-1.3573
0
0
0
0
0
0
0
0
0
0
0
0
0
0
0
0
0
0
0
0
0
0
0
0
0
0
0
0
0
0
0
0
0
0
0
0
0
0
0
0
0
0
0
0
0
0
0
0
0
0
0
0
0
0
0
0
0
0
0
7.2492
0
0
0
0
0
0
0
0
0
0
0
0
0
0
0
0
0
0
0
0
0
0
0
0
0
0
0
0
0
-4.4869
0
0
0
0
0
0
0
0
0
0
0
0
0
0
0
0
0
0
0
0
-3.9178
0
0
0
0
0
0
0
0
0
0
0
0
0
0
0
0
0
0
0
0
0
0
0
0
-3.6496
0
0
0
0
0
0
0
0
0
0
0
0
0
0
0
0
0
0
0
0
0
0
0
0
0
0
0
0
0
0
0
0
12.5101
0
0
0
0
-4.9426
0
0
0
0
0
0
0
0
0
0
0
0
0
0
0
0
0
0
0
0
0
0
0
0
0
0
0
0
0
0
0
0
0
0
0
0
0
0
0
0
0
0
0
0
0
0
0
0
0
0
0
0
0
0
0
0
0
0
0
0
0
0
0
0
0
0
0
0
0
0
0
0
0
0
0
0
0
0
0
0
0
0
0
0
0
0
0
0
0
0
0
-5.146
-4.6914
0
0
0
0
0
0
0
0
0
0
9.8374
0
0
0
0
0
0
0
0
0
0
0
0
0
0
0
0
0
0
0
0
0
0
0
0
0
0
0
0
0
0
0
0
0
0
0
0
0
0
0
0
0
0
0
0
0
0
0
0
0
0
0
0
0
0
0
0
0
0
0
0
0
0
0
0
-6.2827
0
0
0
0
0
0
0
0
0
0
0
0
0
0
0
0
0
0
0
0
0
0
0
0
0
0
0
0
0
0
-4.3106
0
0
0
0
0
0
0
0
0
0
0
0
10.5933
0
0
0
0
0
0
0
0
0
0
0
0
0
0
0
0
0
0
0
0
0
0
0
0
0
0
0
0
0
0
0
0
0
0
0
0
0
0
0
0
0
0
0
0
0
0
0
0
0
0
0
0
0
0
0
0
0
0
0
0
0
0
0
0
0
0
0
0
0
0
0
0
0
0
0
0
0
0
0
-4.3503
0
0
0
0
0
0
0
0
0
0
0
0
0
0
0
0
-3.2573
0
0
0
0
0
0
0
0
0
0
0
7.6076
0
0
0
0
0
0
0
0
0
0
0
0
0
0
0
0
0
0
0
0
0
0
0
0
0
0
0
0
0
0
0
0
0
0
0
0
0
0
0
0
0
0
0
0
0
0
0
0
0
0
0
0
0
0
0
0
0
0
0
0
0
0
0
0
0
0
0
0
0
0
0
0
0
0
0
0
0
0
0
0
0
0
0
0
0
0
0
0
0
0
0
0
0
0
0
0
0
0
0
0
0
0
-5.946
0
0
0
0
0
5.946
0
0
0
0
0
0
0
0
0
0
0
0
0
0
0
0
0
0
0
0
0
0
0
0
0
0
0
0
0
0
0
0
0
0
0
0
0
0
0
0
0
0
0
0
0
0
0
0
0
0
0
0
0
0
0
0
0
0
0
0
0
0
0
0
0
0
0
0
0
0
0
0
0
0
0
0
0
0
0
0
0
0
0
0
0
0
0
0
0
0
0
0
0
0
0
0
0
0
0
0
0
0
0
-4.9426
0
0
0
0
4.9426
0
0
0
0
0
0
0
0
0
0
0
0
0
0
0
0
0
0
0
0
0
0
0
0
0
0
0
0
0
0
0
0
0
0
0
0
0
0
0
0
0
0
0
0
0
0
0
0
0
0
0
0
-7.058
0
0
0
0
0
0
0
0
0
0
0
0
0
0
0
0
0
0
0
0
0
0
0
0
0
0
0
0
0
0
0
0
0
0
0
0
0
0
0
0
0
0
0
0
0
0
0
0
0
0
0
0
0
0
0
7.058
0
0
0
0
0
0
0
0
0
0
0
0
0
0
0
0
0
0
0
0
0
0
0
0
0
0
-9.4939
0
0
0
0
0
0
0
0
0
0
0
0
0
0
0
0
0
0
0
0
0
0
0
0
0
0
0
0
0
0
0
0
0
0
0
0
0
0
0
0
0
0
0
0
0
0
0
0
0
0
0
0
0
0
0
0
0
0
0
0
0
0
0
0
0
0
0
0
0
0
0
0
0
0
0
0
0
0
0
0
0
9.4939
0
0
0
0
0
0
0
0
0
0
0
0
0
0
0
0
0
0
0
0
0
0
0
0
0
0
0
0
0
0
0
0
0
0
0
0
0
0
0
0
0
0
-8.6391
0
0
0
0
0
0
0
0
0
0
0
0
0
0
0
0
0
0
0
0
0
0
0
0
0
0
0
0
0
0
0
0
0
0
0
0
0
0
0
0
0
0
0
0
0
0
0
0
0
0
0
0
0
0
0
0
0
0
0
0
0
0
0
0
0
8.6391
0
0
0
0
0
0
0
0
0
0
0
0
0
0
0
0
0
0
0
0
0
0
0
0
0
0
0
0
-9.5518
0
0
0
0
0
0
0
0
0
0
0
0
0
0
0
0
0
0
0
0
0
0
0
0
0
0
0
0
0
0
0
0
0
0
0
0
0
0
0
0
0
0
0
0
0
0
0
0
0
0
0
0
0
0
0
0
0
0
0
0
0
0
0
0
0
0
0
0
0
0
0
0
0
0
0
0
0
0
0
9.5518
0
0
0
0
0
0
0
0
0
0
0
0
0
0
0
0
0
0
0
0
0
0
0
0
0
0
0
0
0
0
0
0
0
0
0
0
0
0
0
0
0
0
0
0
0
0
0
0
0
0
0
0
0
0
0
0
0
0
0
0
0
0
0
0
0
0
0
0
0
0
0
0
0
0
0
0
0
0
0
-5.0611
0
0
0
0
0
0
0
0
0
0
0
0
0
0
0
0
0
0
0
0
0
0
0
0
0
0
0
0
5.0611
0
0
0
0
0
0
0
0
0
0
0
0
0
0
0
0
0
0
0
0
0
0
0
0
0
0
0
0
0
0
0
0
0
0
0
0
0
-9.6739
0
0
0
0
0
0
0
0
0
0
0
0
0
0
0
0
0
0
0
0
0
0
0
0
0
0
0
0
0
0
0
0
0
0
0
0
0
0
0
0
0
0
0
0
0
0
0
0
0
0
0
0
0
0
0
0
0
0
0
0
0
0
0
0
0
0
0
0
0
0
9.6739
0
0
0
0
0
0
0
0
0
0
0
0
0
0
0
0
0
0
0
0
0
0
0
0
0
0
0
0
0
0
0
0
0
0
0
0
0
0
0
0
0
0
0
0
0
0
0
0
0
0
0
0
0
0
0
0
-5.6876
0
0
0
0
0
0
0
0
0
0
0
0
0
0
0
0
0
0
0
0
0
0
0
0
0
0
0
0
0
0
0
0
0
0
0
0
0
0
0
0
0
0
0
0
0
0
0
0
0
0
0
5.6876
0
0
0
0
0
0
0
0
0
0
0
0
0
0
0
0
0
0
0
0
0
0
0
0
0
0
0
0
0
0
0
0
0
0
0
0
0
0
0
0
0
0
0
0
0
0
0
0
0
0
0
0
0
0
-6.2916
0
0
0
0
0
0
0
0
0
0
0
0
0
0
0
0
0
0
0
0
0
0
0
0
0
0
0
0
0
0
0
0
0
0
0
0
0
0
0
0
0
0
0
0
0
0
0
0
0
0
0
0
0
6.2916
0
0
0
0
0
0
0
0
0
0
0
0
0
0
0
0
0
0
0
0
0
0
0
0
0
0
0
0
0
0
0
0
0
0
0
0
0
0
0
0
0
0
0
0
0
0
0
0
0
0
0
0
0
0
0
0
0
0
0
0
0
0
0
0
0
0
0
0
0
0
0
0
-4.447
0
0
0
0
0
0
0
0
0
0
0
0
0
0
0
0
0
0
0
0
0
0
0
0
0
0
0
0
0
0
0
0
0
0
0
4.447
0
0
0
0
0
0
0
0
0
0
0
0
0
0
0
0
0
0
0
0
0
0
0
0
0
0
0
0
0
0
0
0
0
0
0
0
0
0
0
0
0
0
0
0
0
0
0
0
0
0
0
0
0
0
0
0
0
0
0
0
0
0
0
0
0
0
0
0
0
0
-5.0954
0
0
0
0
0
0
0
0
0
0
0
0
0
0
0
0
0
0
0
0
0
0
0
0
0
0
0
0
0
0
0
0
0
0
0
0
0
5.0954
0
0
0
0
0
0
0
0
0
0
0
0
0
0
0
0
0
0
0
0
0
0
0
0
0
0
0
0
0
0
0
0
0
0
0
0
0
0
0
0
0
0
0
0
0
0
0
0
-6.8369
0
0
0
0
0
0
0
0
0
0
0
0
0
0
0
0
0
0
0
0
0
0
0
0
0
0
0
0
0
0
0
0
0
0
0
0
0
0
0
0
0
0
0
0
0
0
0
0
0
0
0
0
0
0
0
0
0
0
0
6.8369
0
0
0
0
0
0
0
0
0
0
0
0
0
0
0
0
0
0
0
0
0
0
0
0
0
0
0
0
0
0
0
-9.6744
0
0
0
0
0
0
0
0
0
0
0
0
0
0
0
0
0
0
0
0
0
0
0
0
0
0
0
0
0
0
0
0
0
0
0
0
0
0
0
0
0
0
0
0
0
0
0
0
0
0
0
0
0
0
0
0
0
0
0
0
0
0
0
0
0
0
0
0
0
0
0
0
0
0
0
0
9.6744
0
0
0
0
0
0
0
0
0
0
0
0
0
0
0
0
0
0
0
0
0
0
0
0
0
0
0
0
0
0
0
0
0
0
0
0
0
0
0
0
0
0
0
0
0
0
0
0
0
0
0
0
0
0
0
0
0
0
0
0
0
-5.2612
0
0
0
0
0
0
0
0
0
0
0
0
0
0
0
0
0
0
0
0
0
0
0
0
0
0
0
0
0
0
0
0
0
0
0
0
0
0
0
0
0
0
0
0
0
0
5.2612
0
0
0
0
0
0
0
0
0
0
0
0
0
0
0
0
0
0
0
0
0
0
0
0
0
0
0
0
0
0
0
0
0
0
0
0
0
0
0
0
0
0
0
0
0
0
0
0
0
0
0
0
0
0
0
0
0
0
0
0
0
0
0
0
0
0
0
0
0
0
0
0
0
0
0
0
0
0
0
0
0
0
0
0
0
-5.3943
0
0
0
0
0
0
0
0
0
0
0
0
0
0
0
0
0
0
0
0
0
0
5.3943
0
0
0
0
0
0
0
0
0
0
0
0
0
0
0
0
0
0
-8.4221
0
0
0
0
0
0
0
0
0
0
0
0
0
0
0
0
0
0
0
0
0
0
0
0
0
0
0
0
0
0
0
0
0
0
0
0
0
0
0
0
0
0
0
0
0
0
0
0
0
0
0
0
0
0
0
0
0
0
0
0
0
0
0
0
0
0
0
0
0
0
0
0
0
0
0
0
0
0
0
0
0
0
0
0
0
0
0
0
0
8.4221
0
0
0
0
0
0
0
0
0
0
0
0
0
0
0
0
0
0
0
0
0
0
0
0
0
0
0
0
0
0
0
0
0
0
0
0
0
0
0
0
0
0
0
0
0
0
0
0
0
0
0
0
0
0
0
0
0
0
0
0
0
0
0
0
0
0
0
0
0
0
0
0
0
0
0
0
0
0
-5.0315
0
0
0
0
0
0
0
0
0
0
0
0
0
0
0
0
0
0
0
0
0
0
0
0
0
0
0
0
0
5.0315
0
0
0
0
0
0
0
0
0
0
-9.7477
0
0
0
0
0
0
0
0
0
0
0
0
0
0
0
0
0
0
0
0
0
0
0
0
0
0
0
0
0
0
0
0
0
0
0
0
0
0
0
0
0
0
0
0
0
0
0
0
0
0
0
0
0
0
0
0
0
0
0
0
0
0
0
0
0
0
0
0
0
0
0
0
0
0
0
0
0
0
0
0
0
0
0
0
0
0
0
0
0
0
0
0
0
0
0
0
0
9.7477
0
0
0
0
0
0
0
0
0
0
0
0
0
0
0
0
0
0
0
0
0
0
0
0
0
0
0
0
0
0
0
0
0
0
0
0
0
0
0
0
0
0
-6.8864
0
0
0
0
0
0
0
0
0
0
0
0
0
0
0
0
0
0
0
0
0
0
0
0
0
0
0
0
0
0
0
0
0
0
0
0
0
0
0
0
0
0
0
0
0
0
0
0
0
0
0
0
0
0
0
0
0
0
0
0
0
0
0
0
0
6.8864
0
0
0
0
0
0
0
0
0
0
0
0
0
0
0
0
0
0
0
0
0
0
0
0
0
0
-8.6394
0
0
0
0
0
0
0
0
0
0
0
0
0
0
0
0
0
0
0
0
0
0
0
0
0
0
0
0
0
0
0
0
0
0
0
0
0
0
0
0
0
0
0
0
0
0
0
0
0
0
0
0
0
0
0
0
0
0
0
0
0
0
0
0
0
0
0
0
0
0
0
0
0
0
0
0
0
0
0
0
0
8.6394
0
0
0
0
0
0
0
0
0
0
0
0
0
0
0
0
0
0
0
0
0
0
0
0
0
0
0
0
0
0
0
0
0
0
0
0
0
0
0
0
0
0
0
0
0
0
0
0
0
0
0
0
0
0
0
0
0
0
0
0
0
0
0
0
0
0
0
0
0
0
0
0
0
-6.4099
0
0
0
0
0
0
0
0
0
0
0
0
0
0
0
0
0
0
0
0
0
0
0
0
0
0
0
0
0
0
0
0
0
0
6.4099
0
0
0
0
0
0
0
0
0
0
0
0
0
0
0
0
0
0
0
0
0
0
0
0
0
0
0
0
0
0
0
0
0
0
0
0
0
0
0
0
0
0
0
0
0
0
0
0
0
0
0
0
0
0
0
0
0
0
0
0
0
0
0
0
0
-4.3142
0
0
0
0
0
0
0
0
0
0
0
0
0
0
0
0
0
0
0
0
0
0
0
0
0
0
0
0
0
0
0
0
0
0
0
0
0
0
0
0
0
0
4.3142
0
0
0
0
0
0
0
0
0
0
0
0
0
0
0
0
0
0
0
0
0
0
0
0
0
0
0
0
0
0
0
0
0
0
0
0
0
0
0
0
0
0
0
0
0
-5.3074
0
0
0
0
0
0
0
0
0
0
0
0
0
0
0
0
0
0
0
0
0
0
0
0
0
0
0
0
0
0
0
0
0
0
0
0
0
0
0
0
0
0
0
0
0
0
0
0
0
0
0
0
0
0
0
0
0
0
0
0
0
0
5.3074
0
0
0
0
0
0
0
0
0
0
0
0
0
0
0
0
0
0
0
0
0
0
0
0
0
0
0
0
0
0
0
0
0
0
0
0
0
0
0
0
0
0
0
0
0
0
0
0
0
0
0
0
0
0
0
0
0
0
0
0
0
0
0
0
0
0
0
0
0
0
0
0
0
0
0
-4.771
0
0
0
0
0
0
0
0
0
0
0
0
0
0
0
0
0
0
0
0
0
0
0
0
0
0
0
0
0
0
0
0
4.771
0
0
0
0
0
0
0
0
0
0
0
0
0
0
0
0
0
0
0
0
0
0
0
0
0
0
0
0
0
0
0
0
0
0
0
0
0
0
0
0
0
0
0
0
0
0
0
0
0
0
0
0
0
0
0
0
0
0
0
0
0
0
0
0
0
0
0
0
0
0
0
0
0
0
0
0
0
0
-4.4869
0
0
0
0
0
0
0
0
0
0
0
0
0
0
0
0
0
0
0
0
0
0
0
0
0
0
0
0
0
4.4869
0
0
0
0
0
0
0
0
0
0
0
0
0
0
0
0
0
0
0
0
0
0
0
0
0
0
0
0
0
0
0
0
0
0
0
-6.8864
0
0
0
0
0
0
0
0
0
0
0
0
0
0
0
0
0
0
0
0
0
0
0
0
0
0
0
0
0
0
0
0
0
0
0
0
0
0
0
0
0
0
0
0
0
0
0
0
0
0
0
0
0
0
0
0
0
0
0
0
0
0
0
0
0
0
0
0
0
0
0
0
6.8864
0
0
0
0
0
0
0
0
0
0
0
0
0
0
0
0
0
0
0
0
0
0
0
0
0
0
0
0
0
0
0
0
0
0
0
0
0
0
0
0
0
0
0
0
0
0
0
0
0
0
0
0
0
0
0
0
0
0
0
0
0
0
0
0
0
0
0
0
0
0
-0.81069
0
0
0
0
0
0
0
0
0
0
0
0
0
0
0
0
0
0
0
0
0
0
0
0
0
0
0
0
0
0
0
0
0
0
0
0
0
0.81069
