1
0.9699
0.957
0.94886
0.94362
0.93977
0.93682
0.93057
0.92502
0.91994
0.91528
0.91092
0.90681
0.90288
0.8991
0.89542
0.8918
0.88826
0.88478
0.88137
0.87804
0.87481
0.87167
0.86863
0.86569
0.86285
0.86011
0.85747
0.85491
0.85244
0.85005
0.84773
0.84549
0.84332
0.84121
0.83917
0.83719
0.83526
0.83339
0.83156
0.82979
0.82806
0.82637
0.82473
0.82313
0.82156
0.82003
0.81852
0.81705
0.81561
0.8142
0.81281
0.81146
0.81013
0.80883
0.80755
0.80629
0.80506
0.80384
0.80265
0.80147
0.8003
0.79916
0.79802
0.7969
0.79579
0.79468
0.79359
0.7925
0.79142
0.79034
0.78927
0.7882
0.78712
0.78605
0.78497
0.78388
0.78279
0.7817
0.7806
0.77951
0.77842
0.77733
0.77625
0.77518
0.77411
0.77305
0.77199
0.77093
0.76988
0.76883
0.76777
0.76671
0.76564
0.76456
0.76347
0.76237
0.76126
0.76014
0.75901
0.75788
0.75674
0.75559
0.75444
0.75329
0.75214
0.75098
0.74983
0.74868
0.74753
0.74639
0.74526
0.74413
0.74301
0.7419
0.7408
0.73971
0.73862
0.73755
0.73648
0.73541
0.73435
0.73329
0.73223
0.73118
0.73013
