1
0.95871
0.95549
0.95692
0.95251
0.95091
0.9474
0.94417
0.94368
0.94307
0.93962
0.9367
0.9357
0.93493
0.93502
0.93398
0.93346
0.93286
0.93225
0.93134
0.93038
0.92922
0.92815
0.92691
0.92579
0.92464
0.92372
0.9228
0.92222
0.92177
0.92181
0.92216
0.9231
0.92449
0.92653
0.92903
0.93196
0.93485
0.93755
0.93983
0.9418
0.94344
0.94487
0.94612
0.94721
0.94816
0.94901
0.94976
0.95045
0.95107
0.95163
0.95213
0.95255
0.95292
0.95323
0.9535
0.95375
0.95398
0.9542
0.95441
0.95459
0.95475
0.95489
0.95501
0.9551
0.95518
0.95523
0.95528
0.9553
0.95532
0.95532
0.95531
0.95531
0.95533
0.95536
0.95538
0.95539
0.95538
0.95538
0.95538
0.95539
0.95543
0.95549
0.95557
0.95566
0.95576
0.95586
0.95595
0.95604
0.95612
0.95618
0.95623
0.95626
0.95624
0.95618
0.95606
0.95588
0.95564
0.95534
0.95497
