1
0.9503
0.94324
0.93933
0.93498
0.93331
0.93147
0.92929
0.9279
0.92626
0.92494
0.92351
0.92217
0.92065
0.91919
0.91489
0.91052
0.90598
0.90142
0.89681
0.89229
0.88781
0.88357
0.8794
0.87541
0.87147
0.86769
0.86393
0.8603
0.85669
0.8532
0.84973
0.84636
0.84297
0.83968
0.8364
0.83322
0.83008
0.82704
0.82407
0.82122
0.81844
0.81577
0.81319
0.81069
0.80826
0.8059
0.80362
0.80142
0.79932
0.7973
0.79537
0.79349
0.79166
0.78986
0.78805
0.78621
0.78432
0.78235
0.78029
0.77812
0.77584
0.77342
0.77086
0.76815
0.7653
0.76231
0.75922
0.75609
0.75298
0.74998
0.74716
0.74454
0.74214
0.73992
0.73786
0.7359
0.73401
0.73213
0.73024
0.72832
0.72633
0.72428
0.72215
0.71995
0.71768
0.71535
0.71299
0.71063
0.70831
0.70608
0.70396
0.70201
0.70022
0.69862
0.6972
0.69597
0.69489
0.69395
0.69313
