1
0.95912
0.94233
0.93081
0.92242
0.91607
0.91092
0.90066
0.89129
0.88274
0.87476
0.8674
0.86041
0.85386
0.84756
0.84156
0.83572
0.83006
0.82448
0.819
0.81357
0.80822
0.80292
0.79766
0.79244
0.78727
0.78217
0.77716
0.77226
0.76749
0.76287
0.7584
0.75408
0.74991
0.74586
0.74194
0.73813
0.73442
0.73081
0.72731
0.72389
0.72056
0.71731
0.71413
0.71102
0.70798
0.705
0.70206
0.69917
0.69632
0.6935
0.69072
0.68797
0.68525
0.68257
0.67993
0.67731
0.67471
0.67213
0.66956
0.66699
0.66442
0.66186
0.6593
0.65674
0.65418
0.65162
0.64906
0.6465
0.64395
0.64141
0.63887
0.63634
0.63382
0.63129
0.62876
0.6262
0.62362
0.62101
0.61837
0.61571
0.61302
0.6103
0.60759
0.60488
0.60219
0.59954
0.59694
0.5944
0.59192
0.58951
0.58715
0.58485
0.58261
0.58043
0.57831
0.57623
0.5742
0.5722
0.57025
0.56832
0.56643
0.56456
0.56271
0.56088
0.55907
0.55725
0.55544
0.55362
0.55178
0.54993
0.54804
0.54612
0.54415
0.54214
0.54008
0.53798
0.53586
0.53372
0.5316
0.52951
0.52748
0.52552
0.52365
0.52188
0.52019
0.5186
0.51709
0.51567
0.51433
0.51305
0.51183
0.51067
