1
0.95679
0.94064
0.9395
0.93756
0.93737
0.9349
0.93327
0.9323
0.92948
0.92673
0.92407
0.92169
0.91964
0.91797
0.9165
0.9152
0.91395
0.91275
0.9117
0.91098
0.91057
0.9106
0.91096
0.9117
0.91273
0.91414
0.91573
0.91758
0.91943
0.92142
0.92323
0.92485
0.92584
0.92617
0.92574
0.92479
0.92344
0.92201
0.92064
0.91949
0.91858
0.91791
0.91746
0.91718
0.91701
0.91693
0.91686
0.9168
0.91671
0.91659
0.91643
0.91626
0.91606
0.91586
0.91566
0.91545
0.91525
0.91506
0.91488
0.91473
0.91462
0.91453
0.91447
0.91442
0.91437
0.91431
0.91422
0.91411
0.91398
0.91383
0.91367
0.91353
0.91341
0.91333
0.9133
0.91333
0.91343
0.91359
0.91381
0.91407
0.91438
0.91471
0.91506
0.9154
0.91574
0.91606
0.91636
0.91662
0.91685
0.91705
0.91723
0.91738
0.9175
0.91761
0.91771
0.91778
0.91783
0.91786
0.91787
0.91785
0.9178
0.91773
0.91763
0.9175
0.91735
0.91717
0.91698
0.91676
0.91652
0.91625
0.91596
0.91564
0.91528
0.91489
0.91444
0.91394
0.91339
0.91277
0.91208
0.91133
0.9105
