1
0.96517
0.95051
0.94647
0.94293
0.93885
0.93712
0.93502
0.93316
0.93162
0.93081
0.92971
0.92887
0.92823
0.92757
0.92713
0.92659
0.92628
0.92591
0.92569
0.9254
0.9252
0.92497
0.92154
0.91833
0.91559
0.91302
0.91073
0.90851
0.90639
0.90425
0.9021
0.8999
0.89767
0.89541
0.89312
0.89082
0.88851
0.8862
0.88389
0.88159
0.8793
0.87703
0.87479
0.87258
0.8704
0.86826
0.86616
0.8641
0.86209
0.86013
0.85822
0.85635
0.85453
0.85275
0.85099
0.84927
0.84756
0.84588
0.8442
0.84253
0.84086
0.83919
0.83752
0.83584
0.83416
0.83246
0.83076
0.82905
0.82733
0.82561
0.82388
0.82215
0.82043
0.8187
0.81698
0.81525
0.81353
0.8118
0.81008
0.80836
0.80664
0.80493
0.80322
0.80153
0.79985
0.79818
0.79652
0.79488
0.79326
0.79165
0.79005
0.78846
0.78689
0.78534
0.78379
0.78226
0.78074
0.77923
0.77774
0.77626
0.77479
0.77334
0.77189
0.77045
0.76903
0.7676
0.76619
0.76478
0.76338
0.76198
0.76059
0.75919
0.7578
0.7564
0.75501
0.75362
0.75223
0.75083
0.74944
0.74804
0.74664
0.74525
0.74384
0.74244
0.74104
0.73964
0.73824
0.73684
0.73544
0.73404
0.73265
0.73126
0.72987
0.72849
0.72712
0.72574
0.72438
0.72302
0.72166
0.72032
0.71898
0.71764
0.71632
0.715
0.71369
0.71239
0.7111
