1
0.96095
0.95505
0.95265
0.94984
0.94878
0.94432
0.94342
0.93963
0.93711
0.93183
0.92684
0.92619
0.92566
0.92182
0.9185
0.91588
0.91392
0.91256
0.91175
0.9113
0.9109
0.91019
0.90877
0.90617
0.90248
0.89849
0.89503
0.89211
0.88964
0.88744
0.88549
0.8837
0.88209
0.8806
0.87928
0.87806
0.87699
0.87602
0.8752
0.87448
0.87392
0.87348
0.87321
0.87309
0.87317
0.87344
0.87393
0.87464
0.87561
0.87685
0.87838
0.88016
0.88213
0.8842
0.88626
0.88821
0.88993
0.89127
0.89208
0.89222
0.89156
0.89017
0.88829
0.88633
0.8846
0.88321
0.88218
0.88148
0.88106
0.88088
0.88091
0.88112
0.88148
0.88199
0.88261
0.88336
0.88423
0.8852
0.88627
0.88743
0.88868
0.88999
0.89136
0.89277
0.89421
0.89567
0.89715
0.89863
0.90009
0.90154
0.90295
0.90431
0.90561
0.90684
0.908
0.9091
0.91013
0.9111
0.912
0.91285
0.91363
0.91436
0.91503
0.91564
0.91619
0.91666
0.91706
0.91737
0.91757
0.91766
0.9176
0.91739
0.91697
0.91633
0.91543
0.91427
0.91284
0.91119
0.9094
0.90758
0.90583
0.90426
0.9029
0.90179
0.90092
0.90028
0.89985
0.89961
0.89954
0.89961
0.89982
0.90014
0.90055
0.90105
0.90163
0.90227
0.90297
0.90371
0.9045
0.90532
