1
0.96202
0.95577
0.95075
0.94682
0.94335
0.94094
0.93846
0.93751
0.93529
0.93168
0.92772
0.92785
0.9279
0.92481
0.9219
0.91932
0.91697
0.91476
0.91267
0.91063
0.90861
0.90663
0.90474
0.90291
0.90117
0.89945
0.8978
0.89617
0.89457
0.89296
0.89135
0.88969
0.88801
0.8863
0.88462
0.88294
0.88131
0.87971
0.87817
0.87667
0.87524
0.87384
0.87251
0.87121
0.86995
0.86871
0.86752
0.86635
0.8652
0.86408
0.86298
0.86189
0.86082
0.85977
0.85873
0.85769
0.85667
0.85566
0.85465
0.85366
0.85267
0.85169
0.85071
0.84973
0.84874
0.84775
0.84675
0.84575
0.84473
0.8437
0.84267
0.84161
0.84055
0.83946
0.83835
0.83721
0.83604
0.83484
0.83361
0.83234
0.83103
0.82969
0.82832
0.82692
0.82551
0.82408
0.82265
0.82122
0.8198
0.81839
0.81701
0.81565
0.81432
0.81301
0.81172
0.81047
0.80924
0.80803
0.80685
0.80569
0.80454
0.80342
0.80231
0.80121
0.80013
0.79906
0.79801
0.79696
0.79593
0.79491
0.7939
0.7929
0.79191
0.79093
0.78997
0.78901
0.78806
0.78711
0.78617
0.78524
0.78432
0.7834
0.78248
0.78157
0.78066
0.77974
0.77884
0.77793
0.77702
0.77611
0.77521
0.77431
0.77342
0.77252
0.77164
0.77076
0.76988
0.76902
0.76816
0.76731
