72.3679
-0.83337
-0.8365
-0.80943
-0.86209
-0.82384
-0.86453
-0.84643
-0.86499
-0.85093
-0.85178
-0.85193
-0.87168
-0.83312
-0.83296
-0.8064
-0.8472
-0.81176
-0.8118
-0.87613
-0.79009
-0.78933
-0.7908
-0.79548
-0.79543
-0.78544
-0.79547
-0.78322
-0.82905
-0.86037
-0.78361
-0.79983
-0.78382
-0.77003
-0.76399
-0.80254
-0.76662
-0.77953
-0.79984
-0.79432
-0.81376
-0.79966
-0.80639
-0.75581
-0.78965
-0.77984
-0.78255
-0.80705
-0.77751
-0.80364
-0.83362
-0.83088
-0.84452
-0.83817
-0.77179
-0.83087
-0.76375
-0.78187
-1.0222
-0.81766
-0.88379
-0.94904
-1.5073
-1.5213
-1.4802
0
-1.5884
0
0
0
0
0
0
0
-3.9518
0
0
0
-2.3267
0
0
0
0
0
0
0
0
0
0
0
0
0
-4.757
0
0
0
-5.3054
0
0
0
0
0
0
0
0
0
0
0
0
0
0
0
0
-0.83337
74.5673
-0.88676
-0.84726
-0.90672
-0.86385
-0.90391
-0.88512
-0.9049
-0.89006
-0.89092
-0.89109
-0.91248
-0.87193
-0.87176
-0.8465
-0.88637
-0.85012
-0.85014
-0.93316
-0.82806
-0.85927
-0.82805
-0.83353
-0.83349
-0.82367
-0.83352
-0.82102
-0.86926
-0.90464
-0.82142
-0.83863
-0.82161
-0.80835
-0.80402
-0.84212
-0.8056
-0.81871
-0.83986
-0.8343
-0.85364
-0.84056
-0.8465
-0.79465
-0.82906
-0.81911
-0.82187
-0.84577
-0.81684
-0.84461
-0.8739
-0.87109
-0.88496
-0.8446
-0.77405
-0.87087
-0.80219
-0.82292
-1.0638
-0.85716
-0.9234
-0.98936
-1.5499
-1.5683
-1.5281
0
-1.6398
0
0
0
0
0
0
0
-3.9772
0
0
-4.3073
0
0
0
0
0
0
0
0
0
0
0
0
0
0
0
0
0
0
0
0
0
0
0
0
0
0
0
-7.7103
0
0
0
0
0
0
0
-0.8365
-0.88676
69.1615
-0.85303
-0.89648
-0.85563
-0.89707
-0.87565
-0.89788
-0.88295
-0.88382
-0.88397
-0.90497
-0.86502
-0.86484
-0.83948
-0.87949
-0.84321
-0.84323
-0.92034
-0.82123
-0.8514
-0.82121
-0.82682
-0.82679
-0.8172
-0.82682
-0.81438
-0.86291
-0.89608
-0.81478
-0.83198
-0.81499
-0.80128
-0.79658
-0.83419
-0.79795
-0.81092
-0.83173
-0.82675
-0.84577
-0.8313
-0.83874
-0.78685
-0.82118
-0.81126
-0.81401
-0.83843
-0.80939
-0.83386
-0.8665
-0.86319
-0.87695
-0.87065
-0.80323
-0.86301
-0.77914
-0.81132
-1.0551
-0.84326
-0.91424
-0.98184
-1.5411
-1.5485
-1.522
0
-1.6324
0
0
0
0
0
0
0
0
0
0
0
0
-3.2427
0
0
0
0
0
0
0
0
0
0
0
0
0
0
0
0
0
-7.7791
0
0
0
0
0
0
0
0
0
0
0
0
0
0
0
-0.80943
-0.84726
-0.85303
63.3318
-0.87742
-0.83912
-0.88046
-0.87013
-0.88059
-0.86622
-0.86707
-0.86723
-0.88784
-0.84819
-0.84801
-0.82285
-0.86255
-0.82645
-0.82647
-0.9018
-0.80453
-0.83519
-0.80605
-0.81017
-0.81013
-0.80045
-0.81015
-0.79778
-0.84674
-0.87825
-0.79819
-0.81532
-0.79838
-0.78448
-0.77994
-0.81854
-0.78117
-0.79411
-0.81649
-0.80988
-0.82868
-0.81512
-0.82186
-0.77009
-0.80419
-0.79432
-0.79706
-0.82511
-0.79395
-0.81751
-0.84941
-0.84587
-0.85953
-0.85095
-0.78384
-0.84557
-0.77827
-0.79524
-1.0367
-0.82776
-0.89843
-0.96427
-1.5221
-1.5327
-1.5038
0
-1.6135
0
0
0
0
0
0
0
-3.9436
0
0
0
-2.3343
0
0
0
0
0
0
0
0
0
0
0
0
0
0
0
0
0
0
0
0
0
0
0
0
0
0
0
0
0
0
0
0
0
0
-0.86209
-0.90672
-0.89648
-0.87742
76.1129
-0.88084
-0.92375
-0.9051
-0.92382
-0.90868
-0.90954
-0.9097
-0.93854
-0.89055
-0.89038
-0.86413
-0.90579
-0.86847
-0.86851
-0.91983
-0.84618
-0.87573
-0.85034
-0.85181
-0.85177
-0.84144
-0.85179
-0.83908
-0.88741
-0.92565
-0.83949
-0.85097
-0.8397
-0.82581
-0.82068
-0.85915
-0.82364
-0.83559
-0.85648
-0.85122
-0.87087
-0.85575
-0.86366
-0.81089
-0.84558
-0.83557
-0.83834
-0.87392
-0.83648
-0.85915
-0.89133
-0.8884
-0.90224
-0.89438
-0.82589
-0.888
-0.8166
-0.83607
-1.0823
-0.87391
-0.94078
-1.0079
-1.5732
-1.5807
0
0
0
0
0
0
0
0
0
0
0
0
0
0
0
0
0
0
0
-4.974
0
0
0
0
0
0
0
0
0
0
0
0
0
0
0
0
0
0
0
-7.2864
0
0
0
0
0
-7.2864
0
0
0
-0.82384
-0.86385
-0.85563
-0.83912
-0.88084
61.5166
-0.88158
-0.86785
-0.88213
-0.8684
-0.86926
-0.86942
-0.88856
-0.85009
-0.84991
-0.8249
-0.86479
-0.82819
-0.82822
-0.89832
-0.80615
-0.8365
-0.80803
-0.81166
-0.81161
-0.80207
-0.81164
-0.79927
-0.84856
-0.87835
-0.79968
-0.81797
-0.79988
-0.78565
-0.78153
-0.81982
-0.78379
-0.79546
-0.818
-0.81141
-0.83005
-0.77166
-0.82351
-0.77123
-0.80539
-0.79551
-0.79824
-0.82922
-0.79685
-0.82014
-0.84672
-0.84831
-0.86206
-0.85576
-0.78891
-0.84825
-0.78091
-0.79786
-1.04
-0.83681
-0.90144
-0.96763
-1.5262
-1.5361
0
0
0
0
0
0
-2.299
0
0
0
0
0
0
0
0
0
0
0
0
0
0
-5.1769
0
0
0
0
0
0
0
0
0
0
0
0
0
0
0
0
0
0
0
0
0
0
0
0
0
0
0
-0.86453
-0.90391
-0.89707
-0.88046
-0.92375
-0.88158
59.9823
-0.90628
-0.92795
-0.9121
-0.91298
-0.91314
-0.93863
-0.89322
-0.89304
-0.86783
-0.90805
-0.87085
-0.87088
-0.93438
-0.84826
-0.88115
-0.85086
-0.85431
-0.85426
-0.84486
-0.85429
-0.8416
-0.89543
-0.92879
-0.84201
-0.86178
-0.84221
-0.82811
-0.82429
-0.86394
-0.82484
-0.83802
-0.86257
-0.85475
-0.87357
-0.86021
-0.86698
-0.81354
-0.84835
-0.83831
-0.84108
-0.87282
-0.83942
-0.86165
-0.89527
-0.89118
-0.90498
-0.89747
-0.8289
-0.89064
-0.82207
-0.8386
-1.0853
-0.87055
-0.94444
-1.0117
-1.5748
-1.5823
-1.5606
0
-1.6705
0
0
0
0
0
0
0
0
0
0
0
0
0
0
0
0
0
0
0
0
0
0
0
0
0
0
0
0
0
0
0
0
0
0
0
0
0
0
0
0
0
0
0
0
0
0
-0.84643
-0.88512
-0.87565
-0.87013
-0.9051
-0.86785
-0.90628
66.293
-0.90224
-0.89223
-0.89307
-0.89323
-0.91664
-0.87366
-0.8735
-0.84809
-0.88775
-0.8507
-0.85074
-0.92371
-0.82826
-0.86069
-0.81071
-0.83503
-0.83498
-0.82459
-0.835
-0.82244
-0.87276
-0.90905
-0.82285
-0.84071
-0.82305
-0.80895
-0.80497
-0.84263
-0.80693
-0.8187
-0.84124
-0.82922
-0.85354
-0.84019
-0.84743
-0.79439
-0.82891
-0.81895
-0.8217
-0.84268
-0.82277
-0.84719
-0.87473
-0.87129
-0.88505
-0.87789
-0.81002
-0.87093
-0.80224
-0.82524
-1.0648
0
-0.8714
-0.98925
0
0
0
0
0
0
0
0
0
0
-4.1555
-4.1734
0
0
0
0
0
0
0
0
0
0
0
0
0
0
0
-2.3554
0
0
0
0
0
-4.1132
0
0
0
0
0
0
0
0
0
0
0
0
0
0
0
0
0
-0.86499
-0.9049
-0.89788
-0.88059
-0.92382
-0.88213
-0.92795
-0.90224
57.4392
-0.91365
-0.91453
-0.91469
-0.93709
-0.89237
-0.8922
-0.86722
-0.90802
-0.86984
-0.86986
-0.93668
-0.84712
-0.8805
-0.84991
-0.85355
-0.85351
-0.84416
-0.85352
-0.84082
-0.89412
-0.92737
-0.84123
-0.86104
-0.84144
-0.8273
-0.82061
-0.86311
-0.82556
-0.83727
-0.86189
-0.85013
-0.87261
-0.85918
-0.86613
-0.8126
-0.84741
-0.83737
-0.84014
-0.87205
-0.83875
-0.86342
-0.89442
-0.89041
-0.90423
-0.89636
-0.82773
-0.89001
-0.82173
-0.84105
-1.0854
-0.87803
-0.93168
-1.0146
-1.5755
0
0
0
0
0
-2.3035
0
0
0
0
0
0
0
0
0
0
0
0
0
0
0
0
0
0
0
0
0
0
0
0
0
0
0
0
0
0
0
0
0
0
0
0
0
0
0
0
0
0
0
0
-0.85093
-0.89006
-0.88295
-0.86622
-0.90868
-0.8684
-0.9121
-0.89223
-0.91365
55.7663
-0.88623
-0.88641
-0.92218
-0.87612
-0.87594
-0.85153
-0.89136
-0.85409
-0.85413
-0.92387
-0.83158
-0.86525
-0.8348
-0.83807
-0.83803
-0.82875
-0.83806
-0.82556
-0.88809
-0.91698
-0.82597
-0.84654
-0.82617
-0.81207
-0.80894
-0.84791
-0.81048
-0.82197
-0.84669
-0.83873
-0.85717
-0.84408
-0.85084
-0.7976
-0.83225
-0.82225
-0.82502
-0.85725
-0.82371
-0.84562
-0.87901
-0.87475
-0.88849
-0.88107
-0.8129
-0.87421
-0.80646
-0.8229
-1.0685
-0.86084
-0.92855
-0.9954
-1.5564
-1.5632
0
0
0
0
0
0
0
0
0
0
0
0
0
0
0
0
0
0
0
0
0
0
0
0
0
0
0
0
0
0
0
0
0
0
0
0
0
0
0
0
0
0
0
0
0
0
0
0
0
-0.85178
-0.89092
-0.88382
-0.86707
-0.90954
-0.86926
-0.91298
-0.89307
-0.91453
-0.88623
55.8208
-0.8874
-0.92302
-0.87696
-0.87678
-0.85239
-0.89227
-0.85495
-0.85499
-0.92472
-0.83243
-0.86616
-0.83569
-0.83893
-0.83889
-0.82962
-0.83892
-0.82641
-0.88909
-0.91772
-0.82682
-0.84744
-0.82703
-0.81293
-0.80981
-0.84879
-0.81134
-0.82283
-0.84759
-0.8396
-0.85806
-0.84497
-0.85173
-0.79846
-0.83312
-0.82312
-0.82589
-0.85819
-0.82459
-0.84649
-0.8799
-0.87564
-0.88938
-0.88197
-0.81377
-0.8751
-0.80732
-0.82377
-1.0695
-0.86172
-0.92946
-0.99633
-1.5575
-1.5642
0
0
0
0
0
0
0
0
0
0
0
0
0
0
0
0
0
0
0
0
0
0
0
0
0
0
0
0
0
0
0
0
0
0
0
0
0
0
0
0
0
0
0
0
0
0
0
0
0
-0.85193
-0.89109
-0.88397
-0.86723
-0.9097
-0.86942
-0.91314
-0.89323
-0.91469
-0.88641
-0.8874
55.8308
-0.92317
-0.87712
-0.87693
-0.85255
-0.89244
-0.85512
-0.85515
-0.92487
-0.83259
-0.86633
-0.83583
-0.83909
-0.83904
-0.82978
-0.83907
-0.82657
-0.88928
-0.91786
-0.82698
-0.8476
-0.82719
-0.81309
-0.80997
-0.84896
-0.8115
-0.82298
-0.84775
-0.83976
-0.85822
-0.84513
-0.85188
-0.79861
-0.83329
-0.82327
-0.82605
-0.85834
-0.82476
-0.84666
-0.88007
-0.87579
-0.88954
-0.88213
-0.81394
-0.87526
-0.80748
-0.82394
-1.0696
-0.86187
-0.92961
-0.9965
-1.5576
-1.5644
0
0
0
0
0
0
0
0
0
0
0
0
0
0
0
0
0
0
0
0
0
0
0
0
0
0
0
0
0
0
0
0
0
0
0
0
0
0
0
0
0
0
0
0
0
0
0
0
0
-0.87168
-0.91248
-0.90497
-0.88784
-0.93854
-0.88856
-0.93863
-0.91664
-0.93709
-0.92218
-0.92302
-0.92317
58.839
-0.90163
-0.90147
-0.87442
-0.91569
-0.87731
-0.87735
-0.93966
-0.85451
-0.88742
-0.85994
-0.86079
-0.86075
-0.85092
-0.86078
-0.84801
-0.90292
-0.9339
-0.84842
-0.86753
-0.84863
-0.83446
-0.83047
-0.87024
-0.83269
-0.84442
-0.86779
-0.86087
-0.87986
-0.86545
-0.87182
-0.81945
-0.85443
-0.84435
-0.84715
-0.88431
-0.84803
-0.87099
-0.90226
-0.89782
-0.91168
-0.90387
-0.83488
-0.89714
-0.82761
-0.84829
-1.0927
-0.88598
-0.9522
-1.0185
0
0
0
0
0
0
0
0
0
0
0
0
0
0
0
0
0
0
0
0
0
0
0
0
0
0
-4.8024
0
0
0
0
0
0
0
0
0
0
0
0
0
0
0
0
0
0
0
0
0
0
0
0
-0.83312
-0.87193
-0.86502
-0.84819
-0.89055
-0.85009
-0.89322
-0.87366
-0.89237
-0.87612
-0.87696
-0.87712
-0.90163
53.0414
-0.85045
-0.82989
-0.87492
-0.83454
-0.83458
-0.90515
-0.81208
-0.84831
-0.81563
-0.81918
-0.81914
-0.80958
-0.81916
-0.80695
-0.86276
-0.89462
-0.80736
-0.8285
-0.80756
-0.79318
-0.78997
-0.8288
-0.79142
-0.80298
-0.8274
-0.81939
-0.83768
-0.82471
-0.83145
-0.7788
-0.81321
-0.80329
-0.80604
-0.83799
-0.80481
-0.8288
-0.85942
-0.85514
-0.86881
-0.86091
-0.79342
-0.85473
-0.78757
-0.80674
-1.0473
-0.84352
-0.90849
-0.97462
-1.5306
0
0
0
0
0
0
0
0
0
0
0
0
0
0
0
0
0
0
0
0
0
0
0
0
0
0
0
0
0
0
0
0
0
0
0
0
0
0
0
0
0
0
0
0
0
0
0
0
0
0
-0.83296
-0.87176
-0.86484
-0.84801
-0.89038
-0.84991
-0.89304
-0.8735
-0.8922
-0.87594
-0.87678
-0.87693
-0.90147
-0.85045
53.0309
-0.82973
-0.87474
-0.83438
-0.83441
-0.90498
-0.81191
-0.84813
-0.81545
-0.81901
-0.81897
-0.8094
-0.819
-0.80678
-0.86262
-0.89446
-0.80719
-0.82831
-0.8074
-0.79302
-0.7898
-0.82862
-0.79125
-0.80281
-0.82722
-0.81922
-0.8375
-0.82453
-0.83127
-0.77863
-0.81304
-0.80311
-0.80586
-0.8378
-0.80463
-0.82862
-0.85925
-0.85498
-0.86863
-0.86075
-0.79325
-0.85456
-0.7874
-0.80657
-1.0471
-0.84335
-0.90831
-0.97444
-1.5304
0
0
0
0
0
0
0
0
0
0
0
0
0
0
0
0
0
0
0
0
0
0
0
0
0
0
0
0
0
0
0
0
0
0
0
0
0
0
0
0
0
0
0
0
0
0
0
0
0
0
-0.8064
-0.8465
-0.83948
-0.82285
-0.86413
-0.8249
-0.86783
-0.84809
-0.86722
-0.85153
-0.85239
-0.85255
-0.87442
-0.82989
-0.82973
51.2316
-0.84651
-0.8096
-0.80964
-0.87821
-0.78626
-0.81776
-0.78826
-0.79308
-0.79304
-0.78229
-0.79308
-0.78093
-0.83742
-0.86909
-0.78133
-0.79645
-0.78154
-0.76687
-0.7628
-0.80083
-0.76474
-0.77639
-0.799
-0.79181
-0.81031
-0.79698
-0.80385
-0.75228
-0.78628
-0.77647
-0.77919
-0.80837
-0.77717
-0.80144
-0.83142
-0.82748
-0.84105
-0.83323
-0.76674
-0.82719
-0.76112
-0.78022
-1.0185
-0.81618
-0.88113
-0.94612
0
0
0
0
0
-1.3241
0
0
0
0
0
0
0
0
0
0
0
0
0
0
0
0
0
0
0
0
0
0
0
0
0
0
0
0
0
0
0
0
0
0
0
0
0
0
0
0
0
0
0
0
0
-0.8472
-0.88637
-0.87949
-0.86255
-0.90579
-0.86479
-0.90805
-0.88775
-0.90802
-0.89136
-0.89227
-0.89244
-0.91569
-0.87492
-0.87474
-0.84651
53.9272
-0.84922
-0.84926
-0.91902
-0.82647
-0.86279
-0.8304
-0.83348
-0.83344
-0.82414
-0.83347
-0.82109
-0.87058
-0.90654
-0.8215
-0.84308
-0.82171
-0.80734
-0.80405
-0.84362
-0.80402
-0.81722
-0.84239
-0.83387
-0.85237
-0.83962
-0.8461
-0.79293
-0.82756
-0.81757
-0.82034
-0.85318
-0.81962
-0.84369
-0.87436
-0.87003
-0.88368
-0.87604
-0.80801
-0.86946
-0.80156
-0.82101
-1.0628
-0.85905
-0.92402
-0.99041
0
0
-1.5371
0
0
0
0
0
0
0
0
0
0
0
0
0
0
0
0
0
0
0
0
0
0
0
0
0
0
0
0
0
0
0
0
0
0
0
0
0
0
0
0
0
0
0
0
0
0
0
0
-0.81176
-0.85012
-0.84321
-0.82645
-0.86847
-0.82819
-0.87085
-0.8507
-0.86984
-0.85409
-0.85495
-0.85512
-0.87731
-0.83454
-0.83438
-0.8096
-0.84922
50.1217
-0.80759
-0.88183
-0.78809
-0.82086
-0.7923
-0.79664
-0.79659
-0.78588
-0.79663
-0.78453
-0.83366
-0.86807
-0.78493
-0.80537
-0.78514
-0.77026
-0.76707
-0.80576
-0.76851
-0.77992
-0.8042
-0.79592
-0.81407
-0.80147
-0.80798
-0.75599
-0.7901
-0.78027
-0.78299
-0.81496
-0.78222
-0.80562
-0.83576
-0.83143
-0.84499
-0.83736
-0.77065
-0.83109
-0.76461
-0.78359
-1.0215
-0.82178
-0.88485
-0.9499
0
0
0
0
0
0
0
0
0
0
0
0
0
0
0
0
0
0
0
0
0
0
0
0
0
0
0
0
0
0
0
0
0
0
0
0
0
0
0
0
0
0
0
0
0
0
0
0
0
0
0
-0.8118
-0.85014
-0.84323
-0.82647
-0.86851
-0.82822
-0.87088
-0.85074
-0.86986
-0.85413
-0.85499
-0.85515
-0.87735
-0.83458
-0.83441
-0.80964
-0.84926
-0.80759
50.1236
-0.88186
-0.78811
-0.82089
-0.79233
-0.79667
-0.79662
-0.78592
-0.79665
-0.78456
-0.8337
-0.86809
-0.78497
-0.8054
-0.78517
-0.77029
-0.7671
-0.80579
-0.76853
-0.77996
-0.80424
-0.79594
-0.8141
-0.80151
-0.80801
-0.75602
-0.79013
-0.7803
-0.78303
-0.81499
-0.78225
-0.80565
-0.83579
-0.83147
-0.84502
-0.83739
-0.77068
-0.83112
-0.76464
-0.78363
-1.0215
-0.82181
-0.88489
-0.94993
0
0
0
0
0
0
0
0
0
0
0
0
0
0
0
0
0
0
0
0
0
0
0
0
0
0
0
0
0
0
0
0
0
0
0
0
0
0
0
0
0
0
0
0
0
0
0
0
0
0
0
-0.87613
-0.93316
-0.92034
-0.9018
-0.91983
-0.89832
-0.93438
-0.92371
-0.93668
-0.92387
-0.92472
-0.92487
-0.93966
-0.90515
-0.90498
-0.87821
-0.91902
-0.88183
-0.88186
64.1438
-0.85904
-0.89013
-0.85864
-0.86407
-0.86402
-0.8538
-0.86405
-0.85124
-0.89834
-0.89611
-0.85165
-0.86652
-0.85187
-0.83746
-0.83289
-0.86836
-0.83542
-0.84724
-0.86639
-0.86316
-0.88266
-0.86989
-0.87496
-0.82286
-0.85774
-0.84766
-0.85046
-0.87109
-0.8424
-0.87783
-0.9033
-0.90066
-0.91455
-0.91137
-0.84297
-0.90043
-0.83095
-0.85824
-1.0977
0
0
0
0
0
0
0
0
0
0
0
0
0
0
0
0
0
0
0
0
0
0
0
0
0
0
0
0
0
0
0
0
-5.3118
0
0
0
0
0
0
0
0
0
-7.5254
0
0
0
0
0
0
0
0
0
0
0
-0.79009
-0.82806
-0.82123
-0.80453
-0.84618
-0.80615
-0.84826
-0.82826
-0.84712
-0.83158
-0.83243
-0.83259
-0.85451
-0.81208
-0.81191
-0.78626
-0.82647
-0.78809
-0.78811
-0.85904
47.9745
-0.79871
-0.76947
-0.77796
-0.77791
-0.76379
-0.77795
-0.76421
-0.81224
-0.84543
-0.76463
-0.78185
-0.76483
-0.74849
-0.74486
-0.78184
-0.74622
-0.75768
-0.77979
-0.77276
-0.79086
-0.7775
-0.78459
-0.7336
-0.76733
-0.7576
-0.7603
-0.78922
-0.75858
-0.78378
-0.8119
-0.8078
-0.82132
-0.81316
-0.7475
-0.80763
-0.74215
-0.76311
-0.99631
0
-0.86126
-0.92542
0
0
0
0
0
0
0
0
0
0
0
0
0
0
0
0
0
0
0
0
0
0
0
0
0
0
0
0
0
0
0
0
0
0
0
0
0
0
0
0
0
0
0
0
0
0
0
0
0
0
0
-0.78933
-0.85927
-0.8514
-0.83519
-0.87573
-0.8365
-0.88115
-0.86069
-0.8805
-0.86525
-0.86616
-0.86633
-0.88742
-0.84831
-0.84813
-0.81776
-0.86279
-0.82086
-0.82089
-0.89013
-0.79871
52.0003
-0.79896
-0.80429
-0.80425
-0.79366
-0.80428
-0.79154
-0.83945
-0.8748
-0.79195
-0.80867
-0.79215
-0.77709
-0.77301
-0.81071
-0.77499
-0.78656
-0.80862
-0.80194
-0.82045
-0.80661
-0.81387
-0.76232
-0.79645
-0.78662
-0.78934
-0.81842
-0.78731
-0.81401
-0.84152
-0.83773
-0.85136
-0.84602
-0.77961
-0.83748
-0.77047
-0.79311
0
0
0
0
0
0
0
0
0
0
0
0
0
0
0
0
0
0
0
0
0
0
0
0
0
0
0
0
0
0
0
0
0
0
0
0
0
0
-5.1482
0
0
0
0
0
0
0
0
0
0
0
0
0
0
0
0
-0.7908
-0.82805
-0.82121
-0.80605
-0.85034
-0.80803
-0.85086
-0.81071
-0.84991
-0.8348
-0.83569
-0.83583
-0.85994
-0.81563
-0.81545
-0.78826
-0.8304
-0.7923
-0.79233
-0.85864
-0.76947
-0.79896
49.233
-0.7767
-0.77665
-0.76388
-0.77669
-0.76416
-0.81083
-0.84876
-0.76457
-0.7819
-0.76477
-0.74868
-0.74401
-0.78087
-0.74628
-0.75779
-0.77866
-0.7722
-0.79069
-0.77752
-0.78474
-0.73383
-0.76754
-0.75783
-0.76053
-0.77672
-0.76042
-0.78386
-0.81154
-0.80782
-0.82137
-0.81329
-0.74784
-0.80778
-0.7422
-0.76353
0
0
0
0
0
0
0
0
0
0
0
0
0
0
-4.0228
0
0
0
0
0
0
0
0
0
0
0
0
0
0
0
0
0
0
0
0
0
0
0
0
0
0
0
0
0
0
0
0
0
0
0
0
0
0
0
0
-0.79548
-0.83353
-0.82682
-0.81017
-0.85181
-0.81166
-0.85431
-0.83503
-0.85355
-0.83807
-0.83893
-0.83909
-0.86079
-0.81918
-0.81901
-0.79308
-0.83348
-0.79664
-0.79667
-0.86407
-0.77796
-0.80429
-0.7767
46.4971
-0.75767
-0.77351
-0.7577
-0.76869
-0.81647
-0.84917
-0.76912
-0.78597
-0.76933
-0.75277
-0.74989
-0.78955
-0.75146
-0.7628
-0.78916
-0.77884
-0.79675
-0.78526
-0.79116
-0.73964
-0.77357
-0.76381
-0.76652
-0.8008
-0.76643
-0.7908
-0.81884
-0.81463
-0.82801
-0.82004
-0.75391
-0.81427
-0.74805
-0.76938
-1.0028
0
0
0
0
0
0
0
0
0
0
0
0
0
0
0
0
0
0
0
0
0
0
0
0
0
0
0
0
0
0
0
0
0
0
0
0
0
0
0
0
0
0
0
0
0
0
0
0
0
0
0
0
0
0
-0.79543
-0.83349
-0.82679
-0.81013
-0.85177
-0.81161
-0.85426
-0.83498
-0.85351
-0.83803
-0.83889
-0.83904
-0.86075
-0.81914
-0.81897
-0.79304
-0.83344
-0.79659
-0.79662
-0.86402
-0.77791
-0.80425
-0.77665
-0.75767
46.4946
-0.77346
-0.75766
-0.76866
-0.81643
-0.84912
-0.76908
-0.78593
-0.7693
-0.75273
-0.74986
-0.78951
-0.75142
-0.76276
-0.78909
-0.77878
-0.7967
-0.78522
-0.79111
-0.73959
-0.77352
-0.76376
-0.76648
-0.80074
-0.76638
-0.79075
-0.8188
-0.81458
-0.82796
-0.82
-0.75386
-0.81422
-0.748
-0.76933
-1.0028
0
0
0
0
0
0
0
0
0
0
0
0
0
0
0
0
0
0
0
0
0
0
0
0
0
0
0
0
0
0
0
0
0
0
0
0
0
0
0
0
0
0
0
0
0
0
0
0
0
0
0
0
0
0
-0.78544
-0.82367
-0.8172
-0.80045
-0.84144
-0.80207
-0.84486
-0.82459
-0.84416
-0.82875
-0.82962
-0.82978
-0.85092
-0.80958
-0.8094
-0.78229
-0.82414
-0.78588
-0.78592
-0.8538
-0.76379
-0.79366
-0.76388
-0.77351
-0.77346
48.6655
-0.77349
-0.76024
-0.80612
-0.8395
-0.76065
-0.77561
-0.76087
-0.74407
-0.73875
-0.77626
-0.74149
-0.75305
-0.77373
-0.7679
-0.78579
-0.77202
-0.77917
-0.72882
-0.76248
-0.75278
-0.75547
-0.78334
-0.75406
-0.77839
-0.80619
-0.80257
-0.81609
-0.80762
-0.74241
-0.80255
-0.7376
-0.75826
0
0
0
0
0
0
0
0
0
0
0
0
0
0
0
0
0
0
-3.7259
0
0
0
0
0
0
0
0
0
0
0
0
0
0
0
0
0
0
0
0
0
0
0
0
0
0
0
0
0
0
0
0
0
0
0
0
-0.79547
-0.83352
-0.82682
-0.81015
-0.85179
-0.81164
-0.85429
-0.835
-0.85352
-0.83806
-0.83892
-0.83907
-0.86078
-0.81916
-0.819
-0.79308
-0.83347
-0.79663
-0.79665
-0.86405
-0.77795
-0.80428
-0.77669
-0.7577
-0.75766
-0.77349
46.4962
-0.76868
-0.81646
-0.84916
-0.76911
-0.78596
-0.76933
-0.75276
-0.74988
-0.78954
-0.75145
-0.76279
-0.78914
-0.77882
-0.79673
-0.78524
-0.79115
-0.73962
-0.77355
-0.7638
-0.7665
-0.80078
-0.76641
-0.79079
-0.81883
-0.8146
-0.82799
-0.82003
-0.75388
-0.81425
-0.74803
-0.76936
-1.0028
0
0
0
0
0
0
0
0
0
0
0
0
0
0
0
0
0
0
0
0
0
0
0
0
0
0
0
0
0
0
0
0
0
0
0
0
0
0
0
0
0
0
0
0
0
0
0
0
0
0
0
0
0
0
-0.78322
-0.82102
-0.81438
-0.79778
-0.83908
-0.79927
-0.8416
-0.82244
-0.84082
-0.82556
-0.82641
-0.82657
-0.84801
-0.80695
-0.80678
-0.78093
-0.82109
-0.78453
-0.78456
-0.85124
-0.76421
-0.79154
-0.76416
-0.76869
-0.76866
-0.76024
-0.76868
44.7658
-0.80391
-0.83592
-0.73808
-0.77383
-0.73839
-0.73617
-0.73041
-0.77816
-0.73544
-0.74745
-0.7778
-0.76287
-0.78113
-0.77145
-0.77694
-0.72621
-0.76001
-0.75031
-0.753
-0.7964
-0.7537
-0.77674
-0.80452
-0.80044
-0.81346
-0.80531
-0.73989
-0.79978
-0.7342
-0.75549
0
0
0
0
0
0
0
0
0
0
0
0
0
0
0
0
0
0
0
0
0
0
0
0
0
0
0
0
0
0
0
0
0
0
0
0
0
0
0
0
0
0
0
0
0
0
0
0
0
0
0
0
0
0
0
-0.82905
-0.86926
-0.86291
-0.84674
-0.88741
-0.84856
-0.89543
-0.87276
-0.89412
-0.88809
-0.88909
-0.88928
-0.90292
-0.86276
-0.86262
-0.83742
-0.87058
-0.83366
-0.8337
-0.89834
-0.81224
-0.83945
-0.81083
-0.81647
-0.81643
-0.80612
-0.81646
-0.80391
54.648
-0.89049
-0.80431
-0.81784
-0.80451
-0.78889
-0.77536
-0.82238
-0.78648
-0.79842
-0.8195
-0.80995
-0.83253
-0.81784
-0.82538
-0.77421
-0.80851
-0.79863
-0.80137
-0.82705
-0.7965
-0.82551
-0.85331
-0.85024
-0.86394
-0.85487
-0.78823
-0.85052
0
0
0
0
0
0
0
0
0
0
0
0
0
-2.8809
0
0
0
0
0
0
0
0
0
0
0
0
0
0
0
0
0
0
0
0
0
0
0
0
0
0
0
0
0
0
0
0
0
0
0
0
0
0
0
0
-5.7836
0
0
-0.86037
-0.90464
-0.89608
-0.87825
-0.92565
-0.87835
-0.92879
-0.90905
-0.92737
-0.91698
-0.91772
-0.91786
-0.9339
-0.89462
-0.89446
-0.86909
-0.90654
-0.86807
-0.86809
-0.89611
-0.84543
-0.8748
-0.84876
-0.84917
-0.84912
-0.8395
-0.84916
-0.83592
-0.89049
57.7965
-0.83632
-0.85242
-0.83653
-0.82101
-0.81615
-0.85503
-0.8189
-0.83075
-0.85181
-0.8462
-0.86547
-0.84962
-0.85703
-0.80586
-0.8407
-0.83067
-0.83344
-0.86881
-0.83286
-0.85965
-0.8872
-0.88345
-0.89727
-0.89085
-0.82294
-0.88333
0
0
0
0
0
0
0
0
0
0
0
0
0
0
0
0
0
0
0
0
0
0
0
0
0
0
0
0
0
0
0
0
0
0
0
-5.2763
0
0
-4.7716
0
0
0
0
0
0
0
0
0
0
0
0
0
0
0
0
0
0
-0.78361
-0.82142
-0.81478
-0.79819
-0.83949
-0.79968
-0.84201
-0.82285
-0.84123
-0.82597
-0.82682
-0.82698
-0.84842
-0.80736
-0.80719
-0.78133
-0.8215
-0.78493
-0.78497
-0.85165
-0.76463
-0.79195
-0.76457
-0.76912
-0.76908
-0.76065
-0.76911
-0.73808
-0.80431
-0.83632
44.789
-0.77423
-0.73897
-0.73657
-0.73086
-0.77856
-0.73585
-0.74785
-0.77825
-0.7633
-0.78155
-0.77188
-0.77735
-0.72662
-0.76041
-0.7507
-0.75341
-0.79676
-0.75411
-0.77716
-0.80495
-0.80086
-0.81389
-0.80573
-0.74029
-0.8002
-0.7346
-0.75591
0
0
0
0
0
0
0
0
0
0
0
0
0
0
0
0
0
0
0
0
0
0
0
0
0
0
0
0
0
0
0
0
0
0
0
0
0
0
0
0
0
0
0
0
0
0
0
0
0
0
0
0
0
0
0
-0.79983
-0.83863
-0.83198
-0.81532
-0.85097
-0.81797
-0.86178
-0.84071
-0.86104
-0.84654
-0.84744
-0.8476
-0.86753
-0.8285
-0.82831
-0.79645
-0.84308
-0.80537
-0.8054
-0.86652
-0.78185
-0.80867
-0.7819
-0.78597
-0.78593
-0.77561
-0.78596
-0.77383
-0.81784
-0.85242
-0.77423
51.3258
-0.77444
-0.75868
-0.75251
-0.79079
-0.75606
-0.76794
-0.78805
-0.78191
-0.80114
-0.78752
-0.79416
-0.74397
-0.77787
-0.76811
-0.77082
-0.79506
-0.76658
-0.7946
-0.82195
-0.81854
-0.83207
-0.82348
-0.75789
-0.81885
0
0
0
0
0
0
0
0
0
0
0
0
0
0
0
0
0
0
0
0
0
0
0
0
0
0
0
0
-4.6342
0
0
-2.4234
0
0
0
0
0
0
0
0
0
0
0
0
0
0
0
0
0
0
0
0
0
0
0
0
0
-0.78382
-0.82161
-0.81499
-0.79838
-0.8397
-0.79988
-0.84221
-0.82305
-0.84144
-0.82617
-0.82703
-0.82719
-0.84863
-0.80756
-0.8074
-0.78154
-0.82171
-0.78514
-0.78517
-0.85187
-0.76483
-0.79215
-0.76477
-0.76933
-0.7693
-0.76087
-0.76933
-0.73839
-0.80451
-0.83653
-0.73897
-0.77444
44.8008
-0.73677
-0.73108
-0.77876
-0.73606
-0.74806
-0.77847
-0.76351
-0.78177
-0.77211
-0.77756
-0.72682
-0.76061
-0.75092
-0.75361
-0.79693
-0.75432
-0.77737
-0.80517
-0.80107
-0.8141
-0.80596
-0.74051
-0.80042
-0.73481
-0.75612
0
0
0
0
0
0
0
0
0
0
0
0
0
0
0
0
0
0
0
0
0
0
0
0
0
0
0
0
0
0
0
0
0
0
0
0
0
0
0
0
0
0
0
0
0
0
0
0
0
0
0
0
0
0
0
-0.77003
-0.80835
-0.80128
-0.78448
-0.82581
-0.78565
-0.82811
-0.80895
-0.8273
-0.81207
-0.81293
-0.81309
-0.83446
-0.79318
-0.79302
-0.76687
-0.80734
-0.77026
-0.77029
-0.83746
-0.74849
-0.77709
-0.74868
-0.75277
-0.75273
-0.74407
-0.75276
-0.73617
-0.78889
-0.82101
-0.73657
-0.75868
-0.73677
41.8176
-0.72573
-0.76095
-0.72318
-0.73654
-0.75878
-0.74843
-0.76783
-0.76134
-0.76249
-0.7131
-0.7469
-0.73729
-0.73998
-0.76968
-0.73966
-0.76335
-0.78969
-0.78653
-0.79999
-0.79394
0
-0.78663
0
0
0
0
0
0
0
0
0
0
0
0
0
0
0
0
0
0
0
0
0
0
0
0
0
0
0
0
0
0
0
0
0
0
0
0
0
0
0
0
0
0
0
0
0
0
0
0
0
0
0
0
0
0
0
0
0
-0.76399
-0.80402
-0.79658
-0.77994
-0.82068
-0.78153
-0.82429
-0.80497
-0.82061
-0.80894
-0.80981
-0.80997
-0.83047
-0.78997
-0.7898
-0.7628
-0.80405
-0.76707
-0.7671
-0.83289
-0.74486
-0.77301
-0.74401
-0.74989
-0.74986
-0.73875
-0.74988
-0.73041
-0.77536
-0.81615
-0.73086
-0.75251
-0.73108
-0.72573
42.7577
-0.75507
-0.72122
-0.73327
-0.74712
-0.73926
-0.76355
-0.75194
-0.75769
-0.70891
-0.74273
-0.73315
-0.73584
-0.76345
-0.73393
-0.75735
-0.78325
-0.78157
-0.79555
0
0
0
0
0
0
0
0
0
0
0
0
0
0
0
0
-2.771
0
0
0
0
0
0
0
0
0
0
0
0
0
0
0
0
0
0
0
0
0
0
0
0
0
0
0
0
0
0
0
0
0
0
0
0
0
0
0
0
0
0
0
-0.80254
-0.84212
-0.83419
-0.81854
-0.85915
-0.81982
-0.86394
-0.84263
-0.86311
-0.84791
-0.84879
-0.84896
-0.87024
-0.8288
-0.82862
-0.80083
-0.84362
-0.80576
-0.80579
-0.86836
-0.78184
-0.81071
-0.78087
-0.78955
-0.78951
-0.77626
-0.78954
-0.77816
-0.82238
-0.85503
-0.77856
-0.79079
-0.77876
-0.76095
-0.75507
47.5764
-0.75745
-0.76928
-0.78896
-0.78219
-0.80138
-0.78738
-0.79515
-0.74502
-0.7792
-0.76944
-0.77216
-0.79909
-0.76892
-0.79453
-0.82167
-0.81919
-0.83322
0
0
0
0
0
0
0
0
0
0
0
0
0
0
0
0
0
0
0
0
0
0
0
0
0
0
0
0
0
0
0
0
0
0
0
0
0
0
0
0
0
0
0
0
0
0
0
0
0
0
0
-5.6105
0
0
0
0
0
0
0
0
-0.76662
-0.8056
-0.79795
-0.78117
-0.82364
-0.78379
-0.82484
-0.80693
-0.82556
-0.81048
-0.81134
-0.8115
-0.83269
-0.79142
-0.79125
-0.76474
-0.80402
-0.76851
-0.76853
-0.83542
-0.74622
-0.77499
-0.74628
-0.75146
-0.75142
-0.74149
-0.75145
-0.73544
-0.78648
-0.8189
-0.73585
-0.75606
-0.73606
-0.72318
-0.72122
-0.75745
40.7314
-0.73625
-0.75703
-0.74017
-0.76264
-0.75496
-0.75821
-0.70987
-0.74416
-0.73459
-0.73732
-0.76609
-0.7373
-0.75863
-0.78397
-0.78247
0
0
0
0
0
0
0
0
0
0
0
0
-1.4278
0
0
0
0
0
0
0
0
0
0
0
0
0
0
0
0
0
0
0
0
0
0
0
0
0
0
0
0
0
0
0
0
0
0
0
0
0
0
0
0
0
0
0
0
0
0
0
0
-0.77953
-0.81871
-0.81092
-0.79411
-0.83559
-0.79546
-0.83802
-0.8187
-0.83727
-0.82197
-0.82283
-0.82298
-0.84442
-0.80298
-0.80281
-0.77639
-0.81722
-0.77992
-0.77996
-0.84724
-0.75768
-0.78656
-0.75779
-0.7628
-0.76276
-0.75305
-0.76279
-0.74745
-0.79842
-0.83075
-0.74785
-0.76794
-0.74806
-0.73654
-0.73327
-0.76928
-0.73625
39.9126
-0.76669
-0.75292
-0.77626
-0.76296
-0.772
-0.72233
-0.75757
-0.74784
-0.75065
-0.77659
-0.75556
-0.77241
-0.79704
-0.79547
0
0
0
0
0
0
0
0
0
0
0
0
0
0
0
0
0
0
0
0
0
0
0
0
0
0
0
0
0
0
0
0
0
0
0
0
0
0
0
0
0
0
0
0
0
0
0
0
0
0
0
0
0
0
0
0
0
0
0
0
0
-0.79984
-0.83986
-0.83173
-0.81649
-0.85648
-0.818
-0.86257
-0.84124
-0.86189
-0.84669
-0.84759
-0.84775
-0.86779
-0.8274
-0.82722
-0.799
-0.84239
-0.8042
-0.80424
-0.86639
-0.77979
-0.80862
-0.77866
-0.78916
-0.78909
-0.77373
-0.78914
-0.7778
-0.8195
-0.85181
-0.77825
-0.78805
-0.77847
-0.75878
-0.74712
-0.78896
-0.75703
-0.76669
43.391
-0.77524
-0.79535
-0.78586
-0.78973
-0.74305
-0.7773
-0.76786
-0.77056
0
0
0
0
0
0
0
0
0
0
0
0
0
0
0
0
0
0
-1.044
0
0
0
0
0
0
0
0
0
0
0
0
0
0
0
0
0
0
0
0
0
0
0
0
0
0
0
0
0
0
0
0
0
0
0
0
0
0
0
0
0
-5.3127
0
0
0
0
0
-0.79432
-0.8343
-0.82675
-0.80988
-0.85122
-0.81141
-0.85475
-0.82922
-0.85013
-0.83873
-0.8396
-0.83976
-0.86087
-0.81939
-0.81922
-0.79181
-0.83387
-0.79592
-0.79594
-0.86316
-0.77276
-0.80194
-0.7722
-0.77884
-0.77878
-0.7679
-0.77882
-0.76287
-0.80995
-0.8462
-0.7633
-0.78191
-0.76351
-0.74843
-0.73926
-0.78219
-0.74017
-0.75292
-0.77524
39.6644
-0.80686
-0.76948
-0.79057
-0.74527
-0.78211
-0.77266
-0.7755
-0.76675
0
0
0
0
0
0
0
0
0
0
0
0
0
0
0
0
0
0
0
0
-2.1778
0
0
0
0
0
0
0
0
0
0
0
0
0
0
0
0
0
0
0
0
0
0
0
0
0
0
0
0
0
0
0
0
0
0
0
0
0
0
0
0
0
0
0
0
-0.81376
-0.85364
-0.84577
-0.82868
-0.87087
-0.83005
-0.87357
-0.85354
-0.87261
-0.85717
-0.85806
-0.85822
-0.87986
-0.83768
-0.8375
-0.81031
-0.85237
-0.81407
-0.8141
-0.88266
-0.79086
-0.82045
-0.79069
-0.79675
-0.7967
-0.78579
-0.79673
-0.78113
-0.83253
-0.86547
-0.78155
-0.80114
-0.78177
-0.76783
-0.76355
-0.80138
-0.76264
-0.77626
-0.79535
-0.80686
38.3947
-0.79089
-0.79807
-0.76658
-0.80489
-0.79562
-0.79854
-0.80022
0
0
0
0
0
0
0
0
0
0
0
0
0
0
0
0
0
0
0
0
0
0
0
0
0
0
0
0
0
0
0
0
0
0
0
0
0
0
0
0
0
0
0
0
0
0
0
0
0
0
0
0
0
0
0
0
0
0
0
0
0
0
0
0
0
-0.79966
-0.84056
-0.8313
-0.81512
-0.85575
-0.77166
-0.86021
-0.84019
-0.85918
-0.84408
-0.84497
-0.84513
-0.86545
-0.82471
-0.82453
-0.79698
-0.83962
-0.80147
-0.80151
-0.86989
-0.7775
-0.80661
-0.77752
-0.78526
-0.78522
-0.77202
-0.78524
-0.77145
-0.81784
-0.84962
-0.77188
-0.78752
-0.77211
-0.76134
-0.75194
-0.78738
-0.75496
-0.76296
-0.78586
-0.76948
-0.79089
41.7647
-0.78322
-0.73989
-0.77467
-0.76525
-0.76797
0
0
0
0
0
0
0
0
0
0
0
0
0
0
0
0
0
0
0
0
0
0
0
0
0
0
0
0
0
0
0
0
0
0
0
0
0
0
-4.8771
0
0
0
0
0
0
0
0
0
0
0
0
0
0
0
0
0
0
0
0
0
0
0
0
0
0
0
-0.80639
-0.8465
-0.83874
-0.82186
-0.86366
-0.82351
-0.86698
-0.84743
-0.86613
-0.85084
-0.85173
-0.85188
-0.87182
-0.83145
-0.83127
-0.80385
-0.8461
-0.80798
-0.80801
-0.87496
-0.78459
-0.81387
-0.78474
-0.79116
-0.79111
-0.77917
-0.79115
-0.77694
-0.82538
-0.85703
-0.77735
-0.79416
-0.77756
-0.76249
-0.75769
-0.79515
-0.75821
-0.772
-0.78973
-0.79057
-0.79807
-0.78322
38.3711
-0.75976
-0.79726
-0.78794
-0.79083
0
0
0
0
0
0
0
0
0
0
0
0
0
0
0
0
0
0
-1.0729
0
0
0
0
0
0
0
0
0
0
0
0
0
0
0
0
0
0
0
0
0
0
0
0
0
0
0
0
0
0
0
0
0
0
0
0
0
0
0
0
0
0
0
0
0
0
0
-0.75581
-0.79465
-0.78685
-0.77009
-0.81089
-0.77123
-0.81354
-0.79439
-0.8126
-0.7976
-0.79846
-0.79861
-0.81945
-0.7788
-0.77863
-0.75228
-0.79293
-0.75599
-0.75602
-0.82286
-0.7336
-0.76232
-0.73383
-0.73964
-0.73959
-0.72882
-0.73962
-0.72621
-0.77421
-0.80586
-0.72662
-0.74397
-0.72682
-0.7131
-0.70891
-0.74502
-0.70987
-0.72233
-0.74305
-0.74527
-0.76658
-0.73989
-0.75976
34.8786
-0.70281
-0.68781
-0.69134
0
0
0
0
0
0
0
0
0
0
0
0
0
0
0
0
0
0
0
0
0
0
0
0
0
0
0
0
0
0
0
0
0
0
0
0
0
0
0
0
0
0
0
0
0
0
0
0
0
0
0
0
0
0
0
0
0
0
0
0
0
0
0
0
0
0
-0.78965
-0.82906
-0.82118
-0.80419
-0.84558
-0.80539
-0.84835
-0.82891
-0.84741
-0.83225
-0.83312
-0.83329
-0.85443
-0.81321
-0.81304
-0.78628
-0.82756
-0.7901
-0.79013
-0.85774
-0.76733
-0.79645
-0.76754
-0.77357
-0.77352
-0.76248
-0.77355
-0.76001
-0.80851
-0.8407
-0.76041
-0.77787
-0.76061
-0.7469
-0.74273
-0.7792
-0.74416
-0.75757
-0.7773
-0.78211
-0.80489
-0.77467
-0.79726
-0.70281
36.4805
-0.74567
-0.7518
0
0
0
0
0
0
0
0
0
0
0
0
0
0
0
0
0
0
0
0
0
0
0
0
0
0
0
0
0
0
0
0
0
0
0
0
0
0
0
0
0
0
0
0
0
0
0
0
0
0
0
0
0
0
0
0
0
0
0
0
0
0
0
0
0
0
-0.77984
-0.81911
-0.81126
-0.79432
-0.83557
-0.79551
-0.83831
-0.81895
-0.83737
-0.82225
-0.82312
-0.82327
-0.84435
-0.80329
-0.80311
-0.77647
-0.81757
-0.78027
-0.7803
-0.84766
-0.7576
-0.78662
-0.75783
-0.76381
-0.76376
-0.75278
-0.7638
-0.75031
-0.79863
-0.83067
-0.7507
-0.76811
-0.75092
-0.73729
-0.73315
-0.76944
-0.73459
-0.74784
-0.76786
-0.77266
-0.79562
-0.76525
-0.78794
-0.68781
-0.74567
36.0212
-0.72864
0
0
0
0
0
0
0
0
0
0
0
0
0
0
0
0
0
0
0
0
0
0
0
0
0
0
0
0
0
0
0
0
0
0
0
0
0
0
0
0
0
0
0
0
0
0
0
0
0
0
0
0
0
0
0
0
0
0
0
0
0
0
0
0
0
0
-0.78255
-0.82187
-0.81401
-0.79706
-0.83834
-0.79824
-0.84108
-0.8217
-0.84014
-0.82502
-0.82589
-0.82605
-0.84715
-0.80604
-0.80586
-0.77919
-0.82034
-0.78299
-0.78303
-0.85046
-0.7603
-0.78934
-0.76053
-0.76652
-0.76648
-0.75547
-0.7665
-0.753
-0.80137
-0.83344
-0.75341
-0.77082
-0.75361
-0.73998
-0.73584
-0.77216
-0.73732
-0.75065
-0.77056
-0.7755
-0.79854
-0.76797
-0.79083
-0.69134
-0.7518
-0.72864
36.149
0
0
0
0
0
0
0
0
0
0
0
0
0
0
0
0
0
0
0
0
0
0
0
0
0
0
0
0
0
0
0
0
0
0
0
0
0
0
0
0
0
0
0
0
0
0
0
0
0
0
0
0
0
0
0
0
0
0
0
0
0
0
0
0
0
0
-0.80705
-0.84577
-0.83843
-0.82511
-0.87392
-0.82922
-0.87282
-0.84268
-0.87205
-0.85725
-0.85819
-0.85834
-0.88431
-0.83799
-0.8378
-0.80837
-0.85318
-0.81496
-0.81499
-0.87109
-0.78922
-0.81842
-0.77672
-0.8008
-0.80074
-0.78334
-0.80078
-0.7964
-0.82705
-0.86881
-0.79676
-0.79506
-0.79693
-0.76968
-0.76345
-0.79909
-0.76609
-0.77659
0
-0.76675
-0.80022
0
0
0
0
0
0
44.5078
0
0
0
0
0
0
0
0
0
0
0
0
0
0
0
0
0
0
0
0
0
0
0
0
0
0
0
-3.9802
0
0
0
0
-3.9219
0
0
0
0
0
-3.8092
0
0
0
0
0
0
0
0
0
0
0
0
0
0
0
0
0
0
0
0
0
0
0
0
0
0
-0.77751
-0.81684
-0.80939
-0.79395
-0.83648
-0.79685
-0.83942
-0.82277
-0.83875
-0.82371
-0.82459
-0.82476
-0.84803
-0.80481
-0.80463
-0.77717
-0.81962
-0.78222
-0.78225
-0.8424
-0.75858
-0.78731
-0.76042
-0.76643
-0.76638
-0.75406
-0.76641
-0.7537
-0.7965
-0.83286
-0.75411
-0.76658
-0.75432
-0.73966
-0.73393
-0.76892
-0.7373
-0.75556
0
0
0
0
0
0
0
0
0
0
38.7225
0
0
0
0
0
0
0
0
0
0
0
0
0
0
0
0
0
0
0
0
0
0
0
0
0
0
-3.8811
0
0
0
0
0
0
0
0
0
0
0
0
0
0
0
0
0
0
0
0
0
0
0
0
0
0
0
0
0
0
0
0
0
0
0
0
-4.8222
-0.80364
-0.84461
-0.83386
-0.81751
-0.85915
-0.82014
-0.86165
-0.84719
-0.86342
-0.84562
-0.84649
-0.84666
-0.87099
-0.8288
-0.82862
-0.80144
-0.84369
-0.80562
-0.80565
-0.87783
-0.78378
-0.81401
-0.78386
-0.7908
-0.79075
-0.77839
-0.79079
-0.77674
-0.82551
-0.85965
-0.77716
-0.7946
-0.77737
-0.76335
-0.75735
-0.79453
-0.75863
-0.77241
0
0
0
0
0
0
0
0
0
0
0
35.146
0
0
0
0
0
0
0
0
0
-0.72531
0
0
0
0
0
0
0
0
0
0
0
-3.4784
0
0
0
0
0
0
0
0
0
0
0
0
0
0
0
0
0
0
0
0
0
0
0
0
0
0
0
0
0
0
0
0
0
0
0
0
0
0
0
0
0
-0.83362
-0.8739
-0.8665
-0.84941
-0.89133
-0.84672
-0.89527
-0.87473
-0.89442
-0.87901
-0.8799
-0.88007
-0.90226
-0.85942
-0.85925
-0.83142
-0.87436
-0.83576
-0.83579
-0.9033
-0.8119
-0.84152
-0.81154
-0.81884
-0.8188
-0.80619
-0.81883
-0.80452
-0.85331
-0.8872
-0.80495
-0.82195
-0.80517
-0.78969
-0.78325
-0.82167
-0.78397
-0.79704
0
0
0
0
0
0
0
0
0
0
0
0
34.2732
0
0
0
0
0
0
0
0
0
0
0
0
0
0
0
0
0
0
0
-2.2264
0
0
0
0
0
0
0
0
0
0
0
0
0
0
0
0
0
0
0
0
0
0
0
0
0
0
0
0
0
0
0
0
0
0
0
0
0
0
0
0
0
0
-0.83088
-0.87109
-0.86319
-0.84587
-0.8884
-0.84831
-0.89118
-0.87129
-0.89041
-0.87475
-0.87564
-0.87579
-0.89782
-0.85514
-0.85498
-0.82748
-0.87003
-0.83143
-0.83147
-0.90066
-0.8078
-0.83773
-0.80782
-0.81463
-0.81458
-0.80257
-0.8146
-0.80044
-0.85024
-0.88345
-0.80086
-0.81854
-0.80107
-0.78653
-0.78157
-0.81919
-0.78247
-0.79547
0
0
0
0
0
0
0
0
0
0
0
0
0
31.9154
0
0
0
0
0
0
0
0
0
0
0
0
0
0
0
0
0
0
0
0
0
0
0
0
0
0
0
0
0
0
0
0
0
0
0
0
0
0
0
0
0
0
0
0
0
0
0
0
0
0
0
0
0
0
0
0
0
0
0
0
0
-0.84452
-0.88496
-0.87695
-0.85953
-0.90224
-0.86206
-0.90498
-0.88505
-0.90423
-0.88849
-0.88938
-0.88954
-0.91168
-0.86881
-0.86863
-0.84105
-0.88368
-0.84499
-0.84502
-0.91455
-0.82132
-0.85136
-0.82137
-0.82801
-0.82796
-0.81609
-0.82799
-0.81346
-0.86394
-0.89727
-0.81389
-0.83207
-0.8141
-0.79999
-0.79555
-0.83322
0
0
0
0
0
0
0
0
0
0
0
0
0
0
0
0
30.8279
0
0
0
0
0
0
0
0
0
0
0
0
0
0
0
0
0
0
0
0
0
0
0
0
0
0
0
0
0
0
0
0
0
0
0
0
0
0
0
0
0
0
0
0
0
0
0
0
0
0
0
0
0
0
0
0
0
0
0
0
-0.83817
-0.8446
-0.87065
-0.85095
-0.89438
-0.85576
-0.89747
-0.87789
-0.89636
-0.88107
-0.88197
-0.88213
-0.90387
-0.86091
-0.86075
-0.83323
-0.87604
-0.83736
-0.83739
-0.91137
-0.81316
-0.84602
-0.81329
-0.82004
-0.82
-0.80762
-0.82003
-0.80531
-0.85487
-0.89085
-0.80573
-0.82348
-0.80596
-0.79394
0
0
0
0
0
0
0
0
0
0
0
0
0
0
0
0
0
0
0
32.7828
0
0
0
0
0
0
0
0
0
0
0
0
0
0
0
0
0
0
0
0
0
0
0
-3.8702
0
0
0
0
0
0
0
0
0
0
0
0
0
0
0
0
0
0
0
0
0
0
0
0
0
0
0
0
0
0
0
0
0
0
0
-0.77179
-0.77405
-0.80323
-0.78384
-0.82589
-0.78891
-0.8289
-0.81002
-0.82773
-0.8129
-0.81377
-0.81394
-0.83488
-0.79342
-0.79325
-0.76674
-0.80801
-0.77065
-0.77068
-0.84297
-0.7475
-0.77961
-0.74784
-0.75391
-0.75386
-0.74241
-0.75388
-0.73989
-0.78823
-0.82294
-0.74029
-0.75789
-0.74051
0
0
0
0
0
0
0
0
0
0
0
0
0
0
0
0
0
0
0
0
0
29.6121
0
0
0
0
0
0
0
0
0
0
0
0
0
0
0
0
0
0
0
0
0
0
-3.7077
0
0
0
0
0
0
0
0
0
0
0
0
0
0
0
0
0
0
0
0
0
0
0
0
0
0
0
0
0
0
0
0
0
0
0
-0.83087
-0.87087
-0.86301
-0.84557
-0.888
-0.84825
-0.89064
-0.87093
-0.89001
-0.87421
-0.8751
-0.87526
-0.89714
-0.85473
-0.85456
-0.82719
-0.86946
-0.83109
-0.83112
-0.90043
-0.80763
-0.83748
-0.80778
-0.81427
-0.81422
-0.80255
-0.81425
-0.79978
-0.85052
-0.88333
-0.8002
-0.81885
-0.80042
-0.78663
0
0
0
0
0
0
0
0
0
0
0
0
0
0
0
0
0
0
0
0
0
28.7263
0
0
0
0
0
0
0
0
0
0
0
0
0
0
0
0
0
0
0
0
0
0
0
0
0
0
0
0
0
0
0
0
0
0
0
0
0
0
0
0
0
0
0
0
0
0
0
0
0
0
0
0
0
0
0
0
0
-0.76375
-0.80219
-0.77914
-0.77827
-0.8166
-0.78091
-0.82207
-0.80224
-0.82173
-0.80646
-0.80732
-0.80748
-0.82761
-0.78757
-0.7874
-0.76112
-0.80156
-0.76461
-0.76464
-0.83095
-0.74215
-0.77047
-0.7422
-0.74805
-0.748
-0.7376
-0.74803
-0.7342
0
0
-0.7346
0
-0.73481
0
0
0
0
0
0
0
0
0
0
0
0
0
0
0
0
0
0
0
0
0
0
0
26.1863
0
0
0
0
0
0
0
0
0
0
0
0
0
0
0
0
0
0
0
0
0
0
-2.8326
0
0
0
0
0
0
0
0
0
0
0
0
0
0
0
0
0
0
0
0
0
0
0
0
0
0
0
0
0
0
0
0
0
-0.78187
-0.82292
-0.81132
-0.79524
-0.83607
-0.79786
-0.8386
-0.82524
-0.84105
-0.8229
-0.82377
-0.82394
-0.84829
-0.80674
-0.80657
-0.78022
-0.82101
-0.78359
-0.78363
-0.85824
-0.76311
-0.79311
-0.76353
-0.76938
-0.76933
-0.75826
-0.76936
-0.75549
0
0
-0.75591
0
-0.75612
0
0
0
0
0
0
0
0
0
0
0
0
0
0
0
0
0
0
0
0
0
0
0
0
27.2413
0
0
0
0
0
0
0
0
0
0
0
0
0
-3.2786
0
0
0
0
0
0
0
0
0
0
0
0
0
0
0
0
0
0
0
0
0
0
0
0
0
0
0
0
0
0
0
0
0
0
0
0
0
0
0
0
0
-1.0222
-1.0638
-1.0551
-1.0367
-1.0823
-1.04
-1.0853
-1.0648
-1.0854
-1.0685
-1.0695
-1.0696
-1.0927
-1.0473
-1.0471
-1.0185
-1.0628
-1.0215
-1.0215
-1.0977
-0.99631
0
0
-1.0028
-1.0028
0
-1.0028
0
0
0
0
0
0
0
0
0
0
0
0
0
0
0
0
0
0
0
0
0
0
0
0
0
0
0
0
0
0
0
25.157
0
0
0
0
0
0
0
0
0
0
0
0
0
0
0
0
0
0
0
0
0
0
0
0
0
0
0
0
0
0
0
0
0
0
0
0
0
0
0
0
0
0
0
0
0
0
0
0
0
0
0
0
0
0
-0.81766
-0.85716
-0.84326
-0.82776
-0.87391
-0.83681
-0.87055
0
-0.87803
-0.86084
-0.86172
-0.86187
-0.88598
-0.84352
-0.84335
-0.81618
-0.85905
-0.82178
-0.82181
0
0
0
0
0
0
0
0
0
0
0
0
0
0
0
0
0
0
0
0
0
0
0
0
0
0
0
0
0
0
-0.72531
0
0
0
0
0
0
0
0
0
20.2414
0
0
0
0
0
0
-1.4269
0
0
0
0
-2.8079
0
0
0
0
0
0
0
0
0
0
0
0
0
0
0
0
0
0
0
0
0
0
0
0
0
0
0
0
0
0
0
0
0
0
0
0
0
0
0
0
0
-0.88379
-0.9234
-0.91424
-0.89843
-0.94078
-0.90144
-0.94444
-0.8714
-0.93168
-0.92855
-0.92946
-0.92961
-0.9522
-0.90849
-0.90831
-0.88113
-0.92402
-0.88485
-0.88489
0
-0.86126
0
0
0
0
0
0
0
0
0
0
0
0
0
0
0
0
0
0
0
0
0
0
0
0
0
0
0
0
0
0
0
0
0
0
0
0
0
0
0
21.5887
0
0
0
0
0
0
0
0
0
0
0
0
-3.3864
0
0
0
0
0
0
0
0
0
0
0
0
0
0
0
0
0
0
0
0
0
0
0
0
0
0
0
0
0
0
0
0
0
0
0
0
0
0
0
-0.94904
-0.98936
-0.98184
-0.96427
-1.0079
-0.96763
-1.0117
-0.98925
-1.0146
-0.9954
-0.99633
-0.9965
-1.0185
-0.97462
-0.97444
-0.94612
-0.99041
-0.9499
-0.94993
0
-0.92542
0
0
0
0
0
0
0
0
0
0
0
0
0
0
0
0
0
0
0
0
0
0
0
0
0
0
0
0
0
0
0
0
0
0
0
0
0
0
0
0
22.9413
0
0
0
0
0
0
0
0
0
0
0
0
0
0
-3.3482
0
0
0
0
0
0
0
0
0
0
0
0
0
0
0
0
0
0
0
0
0
0
0
0
0
0
0
0
0
0
0
0
0
0
0
0
-1.5073
-1.5499
-1.5411
-1.5221
-1.5732
-1.5262
-1.5748
0
-1.5755
-1.5564
-1.5575
-1.5576
0
-1.5306
-1.5304
0
0
0
0
0
0
0
0
0
0
0
0
0
0
0
0
0
0
0
0
0
0
0
0
0
0
0
0
0
0
0
0
0
0
0
0
0
0
0
0
0
0
0
0
0
0
0
20.1026
0
0
0
0
0
0
0
0
0
0
0
0
0
0
0
0
0
0
0
0
0
0
0
0
0
0
0
0
0
0
0
0
0
0
0
0
0
0
0
0
0
0
0
0
0
0
0
0
0
0
-1.5213
-1.5683
-1.5485
-1.5327
-1.5807
-1.5361
-1.5823
0
0
-1.5632
-1.5642
-1.5644
0
0
0
0
0
0
0
0
0
0
0
0
0
0
0
0
0
0
0
0
0
0
0
0
0
0
0
0
0
0
0
0
0
0
0
0
0
0
0
0
0
0
0
0
0
0
0
0
0
0
0
18.7413
0
0
0
0
0
0
0
-3.1797
0
0
0
0
0
0
0
0
0
0
0
0
0
0
0
0
0
0
0
0
0
0
0
0
0
0
0
0
0
0
0
0
0
0
0
0
0
0
0
0
0
-1.4802
-1.5281
-1.522
-1.5038
0
0
-1.5606
0
0
0
0
0
0
0
0
0
-1.5371
0
0
0
0
0
0
0
0
0
0
0
0
0
0
0
0
0
0
0
-1.4278
0
0
0
0
0
0
0
0
0
0
0
0
0
0
0
0
0
0
0
0
0
0
0
0
0
0
0
17.3851
0
0
-1.8688
0
0
0
0
0
0
0
0
0
0
0
0
0
0
0
0
0
0
0
0
0
0
0
0
0
0
0
0
0
0
0
-4.9568
0
0
0
0
0
0
0
0
0
0
0
0
0
0
0
0
0
0
0
0
0
0
0
0
0
0
0
0
0
0
0
0
0
0
0
0
0
0
0
0
0
0
0
0
0
0
0
0
0
0
0
-1.044
0
0
0
-1.0729
0
0
0
0
0
0
0
0
0
0
0
0
0
0
0
0
0
0
0
0
0
0
30.5584
0
0
0
0
0
0
0
0
0
-3.9078
0
0
0
0
-4.064
0
0
-4.5947
0
0
0
0
-4.4999
0
-4.0468
0
0
0
-4.4924
0
0
0
0
0
0
0
-2.8359
0
0
0
0
0
0
0
0
0
0
-1.5884
-1.6398
-1.6324
-1.6135
0
0
-1.6705
0
0
0
0
0
0
0
0
0
0
0
0
0
0
0
0
0
0
0
0
0
0
0
0
0
0
0
0
0
0
0
0
0
0
0
0
0
0
0
0
0
0
0
0
0
0
0
0
0
0
0
0
-1.4269
0
0
0
0
0
0
16.0308
-1.8894
0
0
0
0
0
0
0
0
0
0
0
0
0
0
0
0
0
0
0
0
0
0
0
0
0
0
0
0
0
0
-4.5697
0
0
0
0
0
0
0
0
0
0
0
0
0
0
0
0
0
0
0
0
0
0
0
0
0
0
0
0
0
-1.3241
0
0
0
0
0
0
0
0
0
0
0
0
0
0
0
0
0
0
0
0
0
0
0
0
0
0
0
0
0
0
0
0
0
0
0
0
0
0
0
0
0
0
0
0
0
0
0
0
-1.8688
0
-1.8894
21.1891
0
0
0
0
0
0
0
0
0
0
0
0
0
0
0
0
-4.1306
0
0
0
0
0
0
0
-4.067
-3.253
0
0
0
0
0
0
-4.6562
0
0
0
0
0
0
0
0
0
0
0
0
0
0
0
0
0
0
0
0
-2.3035
0
0
0
0
0
0
0
0
0
0
0
0
0
0
0
0
0
0
0
0
0
0
0
0
0
0
0
0
0
0
-2.1778
0
0
0
0
0
0
0
0
0
0
0
0
0
0
0
0
0
0
0
0
0
0
0
0
0
0
0
0
13.8823
-2.3609
0
0
0
-3.1098
0
0
0
0
0
0
0
-3.9303
0
0
0
0
0
0
0
0
0
0
0
0
0
0
0
0
0
0
0
0
0
0
0
0
0
0
0
0
0
0
0
0
0
0
0
0
0
0
0
0
0
0
0
0
0
0
0
0
0
0
0
0
0
0
0
0
0
0
0
-2.8809
0
0
0
0
0
-2.771
0
0
0
0
0
0
0
0
0
0
0
0
0
0
0
0
0
0
0
0
0
0
0
0
0
0
0
0
0
0
0
0
0
-2.3609
13.2037
0
0
0
0
0
0
0
0
0
0
0
0
0
0
0
0
0
0
0
0
0
0
0
0
0
0
0
0
0
0
0
0
0
0
0
0
0
0
-5.1909
0
0
0
0
0
0
0
0
0
-2.299
0
0
0
0
0
0
0
0
0
0
0
0
0
0
0
0
0
0
0
0
0
0
0
0
0
0
0
0
0
0
0
0
0
0
0
0
0
0
0
0
0
0
0
0
-2.2264
0
0
0
0
0
0
0
0
0
0
0
0
0
0
0
0
0
0
0
12.7797
0
0
0
0
0
0
0
0
0
0
0
0
0
0
0
0
-4.3227
0
0
0
0
0
0
0
0
0
0
0
0
0
0
0
0
0
0
-3.9317
0
0
0
0
0
0
0
0
0
0
0
0
0
0
0
0
0
0
0
0
0
0
0
0
0
0
0
0
0
0
0
0
0
0
0
0
0
0
0
0
0
0
0
0
0
0
0
0
0
0
0
0
0
0
0
-3.4784
0
0
0
0
0
0
0
-3.2786
0
-2.8079
0
0
0
-3.1797
0
0
0
0
0
0
0
12.7446
0
0
0
0
0
0
0
0
0
0
0
0
0
0
0
0
0
0
0
0
0
0
0
0
0
0
0
0
0
0
0
0
0
0
0
0
0
0
0
0
0
0
0
0
0
0
0
0
-4.1555
0
0
0
0
0
0
0
0
0
0
0
0
0
0
-4.0228
0
0
0
0
0
0
0
0
0
0
0
0
0
0
0
0
0
0
0
0
0
0
0
0
0
0
0
0
0
0
0
0
0
0
0
0
0
0
0
0
0
0
0
0
0
0
0
0
0
11.6733
0
0
0
0
0
0
0
-3.495
0
0
0
0
0
0
0
0
0
0
0
0
0
0
0
0
0
0
0
0
0
0
0
0
0
0
0
0
0
0
0
0
0
0
0
0
0
0
0
-4.1734
0
0
0
0
0
0
0
0
0
0
0
0
0
0
0
0
0
0
0
0
0
0
0
0
0
0
0
0
0
0
0
0
0
0
0
0
0
0
0
0
0
0
0
0
0
0
0
0
0
0
0
0
-3.3864
0
0
0
0
0
0
0
-3.1098
0
0
0
0
10.6696
0
0
0
0
0
0
0
0
0
0
0
0
0
0
0
0
0
0
0
0
0
0
0
0
0
0
0
0
0
0
0
0
0
0
0
0
0
0
0
-3.9518
-3.9772
0
-3.9436
0
0
0
0
0
0
0
0
0
0
0
0
0
0
0
0
0
0
0
0
0
0
0
0
0
0
0
0
0
0
0
0
0
0
0
0
0
0
0
0
0
0
0
0
0
0
0
0
0
0
0
0
0
0
0
0
0
0
0
0
0
0
0
0
0
0
0
0
0
0
11.8726
0
0
0
0
0
0
0
0
0
0
0
0
0
0
0
0
0
0
0
0
0
0
0
0
0
0
0
0
0
0
0
0
0
0
0
0
0
0
0
0
0
0
0
0
0
0
0
0
0
0
0
0
0
0
0
0
0
0
0
0
0
0
0
0
0
0
0
0
0
0
0
0
0
0
0
0
0
0
0
0
0
0
0
0
0
-3.9802
-3.8811
0
0
0
0
0
0
0
0
0
0
0
0
0
0
0
0
-3.9078
0
0
0
0
0
0
0
0
0
11.7691
0
0
0
0
0
0
0
0
0
0
0
0
0
0
0
0
0
0
0
0
0
0
0
0
0
0
0
0
0
0
0
0
0
0
0
0
0
0
0
0
0
0
0
0
0
0
0
0
0
0
0
0
0
0
0
0
0
0
0
0
0
0
-3.7259
0
0
0
0
0
0
0
0
0
0
0
0
0
0
0
0
0
0
0
0
0
0
0
0
0
0
0
0
0
0
0
0
0
0
0
-3.3482
0
0
0
0
0
0
0
0
0
0
0
0
0
0
11.6714
0
0
0
0
-4.5972
0
0
0
0
0
0
0
0
0
0
0
0
0
0
0
0
0
0
0
0
0
0
0
0
0
0
0
0
0
0
0
0
-4.3073
0
0
0
0
0
0
0
0
0
0
0
0
0
0
0
0
0
0
0
0
0
0
0
0
0
0
0
0
0
0
0
0
0
0
0
0
0
0
0
0
0
0
0
0
0
0
0
0
0
0
0
-3.8702
-3.7077
0
0
0
0
0
0
0
0
0
0
0
0
0
0
0
0
0
0
0
0
0
0
11.8852
0
0
0
0
0
0
0
0
0
0
0
0
0
0
0
0
0
0
0
0
0
0
0
0
0
0
0
0
0
0
0
0
0
0
0
-2.3267
0
0
-2.3343
0
0
0
0
0
0
0
0
0
0
0
0
0
0
0
0
0
0
0
0
0
0
0
0
0
0
0
0
0
0
0
0
0
0
0
0
0
0
0
0
0
0
0
0
0
0
0
0
0
0
0
0
0
0
0
0
0
0
0
0
0
0
0
0
0
0
0
0
0
0
0
0
0
0
5.7845
0
0
0
0
0
0
0
0
0
0
0
0
0
0
0
0
0
0
0
0
0
0
0
0
0
0
0
0
0
0
0
0
-1.1235
0
0
0
-3.2427
0
0
0
0
0
0
0
0
0
0
0
0
0
0
0
0
0
0
0
0
0
0
0
0
0
0
0
0
0
0
0
0
0
0
0
0
0
0
0
0
0
0
0
0
0
0
0
0
0
0
0
0
0
-2.8326
0
0
0
0
0
0
0
0
0
0
0
0
0
0
0
0
0
0
0
0
0
0
10.4326
0
0
0
0
0
0
-4.3572
0
0
0
0
0
0
0
0
0
0
0
0
0
0
0
0
0
0
0
0
0
0
0
0
0
0
0
0
0
0
0
0
0
0
0
0
0
0
0
0
0
0
0
0
0
0
0
0
0
0
0
0
0
0
0
0
0
0
0
0
0
0
0
0
0
0
0
0
0
0
0
0
0
-3.9219
0
0
0
0
0
0
0
0
0
0
0
0
0
0
0
0
0
-4.064
0
0
0
0
0
0
-3.495
0
0
0
0
0
0
0
11.4809
0
0
0
0
0
0
0
0
0
0
0
0
0
0
0
0
0
0
0
0
0
0
0
0
0
0
0
0
0
0
0
0
0
0
0
0
0
0
0
0
0
0
0
0
0
0
0
0
0
0
0
0
0
0
0
0
0
0
0
0
0
0
0
0
0
0
0
0
0
0
0
0
0
0
0
0
0
0
0
0
0
0
0
0
0
0
0
0
0
0
0
0
0
0
0
0
0
0
0
0
-3.9303
0
0
0
0
0
0
0
-4.5972
0
0
0
0
8.5275
0
0
0
0
0
0
0
0
0
0
0
0
0
0
0
0
0
0
0
0
0
0
0
0
0
0
0
0
0
0
0
0
0
0
0
0
0
0
0
0
0
0
0
0
0
0
0
0
0
0
0
0
0
0
0
0
0
0
0
0
0
0
0
0
0
0
0
0
0
0
0
0
0
0
0
0
0
0
0
0
0
0
0
0
0
0
0
0
0
0
0
0
0
0
0
0
0
0
0
0
0
0
0
0
0
0
0
0
0
0
0
0
0
8.7548
0
0
0
0
0
0
-4.4328
0
0
0
-4.322
0
0
0
0
0
0
0
0
0
0
0
0
0
0
0
0
0
0
0
0
0
0
0
-4.974
0
0
0
0
0
0
0
0
0
0
0
0
0
0
0
0
0
0
0
0
0
0
0
0
0
0
0
0
0
0
0
0
0
0
0
0
0
0
0
0
0
0
0
0
0
0
0
0
0
0
0
0
0
0
0
0
0
0
0
0
-4.5947
0
0
0
0
0
0
0
0
0
0
0
0
0
0
0
0
0
9.5687
0
0
0
0
0
0
0
0
0
0
0
0
0
0
0
0
0
0
0
0
0
0
0
0
0
0
0
0
0
0
0
0
0
0
0
0
0
0
0
0
0
0
0
0
0
0
0
0
0
0
0
0
0
0
0
0
0
0
0
0
-4.6342
0
0
0
0
0
0
0
0
0
0
0
0
0
0
0
0
0
0
0
0
0
0
0
0
0
0
0
0
0
0
0
0
0
0
0
-4.1306
0
0
0
0
0
0
0
0
0
0
0
0
0
0
0
0
8.7648
0
0
0
0
0
0
0
0
0
0
0
0
0
0
0
0
0
0
0
0
0
0
0
0
0
0
0
0
0
0
0
0
0
-5.1769
0
0
0
0
0
0
0
0
0
0
0
0
0
0
0
0
0
0
0
0
0
0
0
0
0
0
0
0
0
0
0
0
0
0
0
-4.8771
0
0
0
0
0
0
0
0
0
0
0
0
0
0
0
0
0
0
0
0
0
0
0
0
0
0
0
0
0
0
0
0
0
0
0
0
0
0
0
0
0
0
0
10.054
0
0
0
0
0
0
0
0
0
0
0
0
0
0
0
0
0
0
0
0
0
0
0
0
0
0
0
0
0
0
0
0
0
0
0
0
0
0
0
0
0
0
0
0
0
0
0
0
0
0
0
0
0
0
0
0
0
0
0
0
0
0
0
0
0
0
0
0
0
0
0
0
0
0
-3.8092
0
0
0
0
0
0
0
0
0
0
0
0
0
0
0
0
0
0
0
0
0
0
0
0
0
0
0
0
0
0
0
-4.3572
0
0
0
0
0
0
8.1665
0
0
0
0
0
0
0
0
0
0
0
0
0
0
0
0
0
0
0
0
0
0
0
0
0
0
0
0
0
0
0
0
0
0
0
0
0
0
0
0
0
0
0
0
0
0
0
0
0
0
0
0
0
0
0
0
0
-2.4234
0
0
0
0
0
0
0
0
0
0
0
0
0
0
0
0
0
0
0
0
0
0
0
0
0
0
0
0
0
0
0
0
0
0
0
0
0
0
-4.3227
0
0
0
0
0
0
0
0
0
0
0
0
0
0
0
0
6.7461
0
0
0
0
0
0
0
0
0
0
0
0
0
0
0
0
0
0
0
0
0
0
0
0
0
0
0
0
0
0
0
0
0
0
0
0
0
-4.8024
0
0
0
0
0
0
0
0
0
0
0
0
0
0
0
0
0
0
0
0
0
0
0
0
0
0
0
0
0
0
0
0
0
0
0
0
0
0
0
0
0
0
0
0
0
0
0
0
0
0
0
0
-4.4999
0
0
0
0
0
0
0
0
0
0
0
0
0
0
0
0
0
0
0
0
0
0
9.3023
0
0
0
0
0
0
0
0
0
0
0
0
0
0
0
0
0
0
0
0
0
0
0
0
0
0
0
0
0
0
0
-2.3554
0
0
0
0
0
0
0
0
0
0
0
0
0
0
0
0
0
0
0
0
0
0
0
0
0
0
0
0
0
0
0
0
0
0
0
0
0
0
0
0
0
0
0
0
0
0
0
0
0
0
0
0
0
0
0
0
0
0
0
0
0
0
0
0
0
0
0
0
0
0
0
0
0
0
-4.4328
0
0
0
0
0
0
6.7882
0
0
0
0
0
0
0
0
0
0
0
0
0
0
0
0
0
0
0
0
0
0
0
0
0
0
0
0
0
0
0
0
0
0
0
0
0
0
0
0
0
0
0
0
0
0
0
0
0
0
0
0
0
0
0
0
0
0
0
0
0
0
0
0
0
0
0
0
0
0
0
0
0
0
0
0
0
0
0
0
0
0
0
0
0
0
0
0
-4.0468
0
0
0
0
0
0
0
0
0
0
0
0
0
0
0
0
0
0
0
0
0
0
0
0
8.2002
0
0
0
0
-4.1534
0
0
0
0
0
0
0
0
0
0
0
0
0
0
0
0
0
0
0
0
0
0
0
0
0
0
0
0
0
0
0
0
0
0
0
0
-5.3118
0
0
0
0
0
0
0
0
0
-5.2763
0
0
0
0
0
0
0
0
0
0
0
0
0
0
0
0
0
0
0
0
0
0
0
0
0
0
0
0
0
0
0
0
0
0
0
0
0
0
0
0
0
0
0
0
0
0
0
0
0
0
0
0
0
0
0
0
0
0
0
0
0
10.5881
0
0
0
0
0
0
0
0
0
0
0
0
0
0
0
0
0
0
0
0
0
-4.757
0
0
0
0
0
0
0
0
0
0
0
0
0
0
0
0
0
0
0
0
0
0
0
0
0
0
0
0
0
0
0
0
0
0
0
0
0
0
0
0
0
0
0
0
0
0
0
0
0
0
0
0
0
0
0
0
0
0
0
0
0
0
0
0
0
0
-4.067
0
0
0
0
0
0
0
0
0
0
0
0
0
0
0
0
0
0
0
0
0
0
0
0
8.824
0
0
0
0
0
0
0
0
0
0
0
0
0
0
0
0
0
0
0
0
0
0
0
0
0
0
0
0
0
0
0
0
0
0
0
0
0
0
0
0
0
0
0
0
0
0
0
0
0
0
0
0
0
0
0
0
0
0
0
0
0
0
0
0
0
0
0
0
0
0
0
0
0
0
0
0
0
0
0
0
0
0
0
0
0
0
0
-3.253
0
0
0
0
0
0
0
0
0
0
0
0
0
0
-4.322
0
0
0
0
0
0
0
0
0
0
7.575
0
0
0
0
0
0
0
0
0
0
0
0
0
0
0
0
0
0
0
0
0
0
0
0
0
0
0
0
0
0
0
0
0
0
0
0
0
0
0
0
0
0
0
0
0
0
0
0
-4.7716
0
0
0
0
0
0
0
0
0
0
0
0
0
0
0
0
0
0
0
0
0
0
0
0
0
0
0
0
0
0
0
0
0
0
0
-4.4924
0
0
0
0
0
0
0
0
0
0
0
0
0
0
0
0
0
0
0
0
0
0
0
0
0
0
0
0
9.2641
0
0
0
0
0
0
0
0
0
0
0
0
0
0
0
0
0
0
0
0
0
0
0
0
0
-4.1132
0
0
0
0
0
0
0
0
0
0
0
0
0
0
0
0
0
0
0
0
0
0
0
0
0
0
0
0
0
0
0
0
0
0
0
0
0
0
0
0
0
0
0
0
0
0
0
0
0
0
0
0
0
0
0
0
0
0
0
0
0
0
0
0
0
0
0
0
0
0
0
0
0
0
0
0
0
0
0
0
0
0
-4.1534
0
0
0
0
8.2666
0
0
0
0
0
0
0
0
0
0
0
0
0
0
0
0
0
-5.3054
0
0
0
0
0
0
0
0
0
0
0
0
0
0
0
0
0
0
0
0
-5.1482
0
0
0
0
0
0
0
0
0
0
0
0
0
0
0
0
0
0
0
0
0
0
0
0
0
0
0
0
0
0
0
0
0
0
0
0
0
0
0
0
0
0
0
0
0
0
0
0
0
0
0
0
0
0
0
0
0
0
0
0
0
0
0
0
0
0
0
0
0
0
0
0
0
0
10.4536
0
0
0
0
0
0
0
0
0
0
0
0
0
0
0
0
0
0
-7.7791
0
0
0
0
0
0
0
0
0
0
0
0
0
0
0
0
0
0
0
0
0
0
0
0
0
0
0
0
0
0
0
0
0
0
0
0
0
0
0
0
0
0
0
0
0
0
0
0
0
0
0
0
0
0
0
0
0
0
0
0
0
0
0
0
0
0
0
0
0
0
0
0
0
0
0
0
0
0
0
0
0
0
0
0
0
0
0
0
0
0
0
0
0
0
7.7791
0
0
0
0
0
0
0
0
0
0
0
0
0
0
0
0
0
0
0
0
0
0
0
0
0
0
0
0
0
0
0
0
0
0
0
0
0
0
0
0
0
0
0
0
0
0
0
0
0
0
0
0
0
0
0
0
0
0
0
0
0
0
0
0
0
0
0
0
0
0
0
0
0
0
0
0
0
0
0
0
0
-4.5697
0
0
0
0
0
0
0
0
0
0
0
0
0
0
0
0
0
0
0
0
0
0
0
0
0
0
0
0
0
0
0
4.5697
0
0
0
0
0
0
0
0
0
0
0
0
0
0
0
0
0
0
0
0
0
0
0
0
0
0
0
0
0
0
0
0
0
0
0
0
0
0
0
0
0
0
0
0
0
0
0
0
0
0
0
0
0
0
0
0
0
0
0
0
0
0
0
0
0
0
0
0
0
0
0
0
0
0
0
0
0
0
-4.9568
0
0
0
0
0
0
0
0
0
0
0
0
0
0
0
0
0
0
0
0
0
0
0
0
0
0
0
0
0
0
0
0
0
0
4.9568
0
0
0
0
0
0
0
0
0
0
0
0
0
0
0
0
0
0
0
0
0
0
0
0
0
0
0
0
0
0
0
0
0
0
0
0
0
0
0
0
0
0
0
0
0
0
0
0
0
0
0
0
0
0
0
0
0
0
0
0
0
0
0
0
0
0
0
0
0
0
0
0
0
0
0
0
0
0
0
0
-4.6562
0
0
0
0
0
0
0
0
0
0
0
0
0
0
0
0
0
0
0
0
0
0
0
0
0
0
0
0
0
0
0
0
4.6562
0
0
0
0
0
0
0
0
0
0
0
0
0
0
0
0
0
0
0
0
0
0
0
0
0
0
0
0
0
0
0
-7.5254
0
0
0
0
0
0
0
0
0
0
0
0
0
0
0
0
0
0
0
0
0
0
0
0
0
0
0
0
0
0
0
0
0
0
0
0
0
0
0
0
0
0
0
0
0
0
0
0
0
0
0
0
0
0
0
0
0
0
0
0
0
0
0
0
0
0
0
0
0
0
0
0
0
0
0
0
0
0
0
0
0
7.5254
0
0
0
0
0
0
0
0
0
0
0
0
0
0
0
0
0
0
0
0
0
0
0
0
0
0
0
0
0
0
0
0
0
0
0
0
0
0
0
0
0
0
0
0
0
0
0
0
0
0
0
0
0
0
0
0
0
0
0
0
0
0
0
0
0
0
0
0
0
0
0
0
0
0
0
0
-2.8359
0
0
0
0
0
0
0
0
0
0
0
0
0
0
0
0
0
0
0
0
0
0
0
0
0
0
0
0
0
0
0
0
0
0
0
0
2.8359
0
0
0
0
0
0
0
0
0
0
0
0
0
0
-7.2864
0
0
0
0
0
0
0
0
0
0
0
0
0
0
0
0
0
0
0
0
0
0
0
0
0
0
0
0
0
0
0
0
0
0
0
0
0
0
0
0
0
0
0
0
0
0
0
0
0
0
0
0
0
0
0
0
0
0
0
0
0
0
0
0
0
0
0
0
0
0
0
0
0
0
0
0
0
0
0
0
0
0
0
0
0
0
0
0
0
0
0
0
0
0
0
0
0
0
7.2864
0
0
0
0
0
0
0
0
0
0
0
0
0
0
0
0
0
0
0
0
0
0
0
0
0
0
0
0
0
0
0
0
0
0
0
0
0
0
0
0
0
0
0
0
-5.6105
0
0
0
0
0
0
0
0
0
0
0
0
0
0
0
0
0
0
0
0
0
0
0
0
0
0
0
0
0
0
0
0
0
0
0
0
0
0
0
0
0
0
0
0
0
0
0
0
0
0
0
0
0
0
0
0
0
0
0
0
0
0
0
0
0
0
0
0
5.6105
0
0
0
0
0
0
0
0
0
-7.7103
0
0
0
0
0
0
0
0
0
0
0
0
0
0
0
0
0
0
0
0
0
0
0
0
0
0
0
0
0
0
0
0
0
0
0
0
0
0
0
0
0
0
0
0
0
0
0
0
0
0
0
0
0
0
0
0
0
0
0
0
0
0
0
0
0
0
0
0
0
0
0
0
0
0
0
0
0
0
0
0
0
0
0
0
0
0
0
0
0
0
0
0
0
0
0
0
0
0
0
0
0
0
0
7.7103
0
0
0
0
0
0
0
0
0
0
0
0
0
0
0
0
0
0
0
0
0
0
0
0
0
0
0
0
0
0
0
0
0
0
0
0
0
0
0
0
0
0
0
0
0
0
0
0
0
0
0
0
0
0
0
0
0
0
0
0
0
0
0
0
0
0
0
0
0
0
0
0
0
0
0
0
0
-3.9317
0
0
0
0
0
0
0
0
0
0
0
0
0
0
0
0
0
0
0
0
0
0
0
0
0
0
0
0
0
0
0
0
0
0
0
3.9317
0
0
0
0
0
0
0
0
0
0
0
0
0
0
0
0
0
0
0
0
0
0
0
0
0
0
0
0
0
0
0
0
0
0
0
0
0
0
0
0
0
0
0
0
-5.3127
0
0
0
0
0
0
0
0
0
0
0
0
0
0
0
0
0
0
0
0
0
0
0
0
0
0
0
0
0
0
0
0
0
0
0
0
0
0
0
0
0
0
0
0
0
0
0
0
0
0
0
0
0
0
0
0
0
0
0
0
0
0
0
0
0
0
0
0
5.3127
0
0
0
0
0
0
0
0
0
0
0
0
0
0
0
0
0
0
0
0
0
0
0
0
0
0
0
0
0
0
0
0
0
0
0
0
0
0
0
0
0
0
0
0
0
0
0
0
0
0
0
0
0
0
0
0
0
0
0
0
0
0
0
0
0
0
0
0
0
0
0
0
0
0
-5.1909
0
0
0
0
0
0
0
0
0
0
0
0
0
0
0
0
0
0
0
0
0
0
0
0
0
0
0
0
0
0
0
0
0
0
0
0
0
0
5.1909
0
0
0
0
0
0
0
0
-7.2864
0
0
0
0
0
0
0
0
0
0
0
0
0
0
0
0
0
0
0
0
0
0
0
0
0
0
0
0
0
0
0
0
0
0
0
0
0
0
0
0
0
0
0
0
0
0
0
0
0
0
0
0
0
0
0
0
0
0
0
0
0
0
0
0
0
0
0
0
0
0
0
0
0
0
0
0
0
0
0
0
0
0
0
0
0
0
0
0
0
0
0
0
0
0
0
0
0
0
0
0
0
0
0
0
7.2864
0
0
0
0
0
0
0
0
0
0
0
0
0
0
0
0
0
0
0
0
0
0
0
0
0
0
0
0
0
0
0
-5.7836
0
0
0
0
0
0
0
0
0
0
0
0
0
0
0
0
0
0
0
0
0
0
0
0
0
0
0
0
0
0
0
0
0
0
0
0
0
0
0
0
0
0
0
0
0
0
0
0
0
0
0
0
0
0
0
0
0
0
0
0
0
0
0
0
0
0
0
0
0
0
0
0
0
0
0
0
0
0
0
0
0
5.7836
0
0
0
0
0
0
0
0
0
0
0
0
0
0
0
0
0
0
0
0
0
0
0
0
0
0
0
0
0
0
0
0
0
0
0
0
0
0
0
0
0
0
0
0
0
0
0
0
0
0
0
0
0
0
0
0
0
0
0
0
0
0
0
0
0
0
0
0
0
0
0
0
0
0
0
0
0
0
0
0
-1.1235
0
0
0
0
0
0
0
0
0
0
0
0
0
0
0
0
0
0
0
0
0
0
0
0
0
0
0
0
0
0
0
0
1.1235
0
0
0
0
0
0
0
0
0
0
0
0
0
0
0
0
0
0
0
0
0
0
0
0
0
0
0
0
0
0
0
0
0
0
0
0
0
0
0
0
0
0
0
0
0
0
0
0
0
-4.8222
0
0
0
0
0
0
0
0
0
0
0
0
0
0
0
0
0
0
0
0
0
0
0
0
0
0
0
0
0
0
0
0
0
0
0
0
0
0
0
0
0
0
0
0
0
0
0
0
0
0
0
0
0
0
0
0
0
0
0
0
0
0
0
4.8222
