1
0.97646
0.96313
0.95683
0.9517
0.94741
0.94359
0.93657
0.92992
0.92368
0.91768
0.91173
0.90586
0.9001
0.89463
0.88946
0.88465
0.88018
0.87603
0.87217
0.86859
0.86528
0.86221
0.85935
0.85665
0.8541
0.85165
0.84928
0.84695
0.84467
0.84242
0.8402
0.838
0.83582
0.83367
0.83154
0.82944
0.82739
0.82539
0.82346
0.82159
0.81979
0.81807
0.81641
0.81482
0.81329
0.81181
0.81038
0.809
0.80767
0.80636
0.80508
0.8038
0.80251
0.80124
0.79997
0.79873
0.79751
0.79632
0.79517
0.79406
0.793
0.79197
0.79099
0.79003
0.7891
0.78818
0.78724
0.78627
0.78527
0.78423
0.78314
0.78202
0.78085
0.77964
0.7784
0.77713
0.77584
0.77454
0.77321
0.77188
0.77055
0.76922
0.76791
0.76662
0.76538
0.76417
0.76302
0.76192
0.76087
0.75988
0.75895
0.75806
0.7572
0.75639
0.75559
0.75482
0.75406
0.75331
0.75257
0.75184
0.75111
0.7504
0.74969
0.74901
0.74834
0.74769
0.74708
0.7465
0.74595
0.74546
0.745
0.7446
0.74424
0.74393
0.74367
0.74345
0.74326
0.74311
0.74297
0.74284
0.74272
0.7426
0.74248
0.74234
0.7422
0.74204
0.74187
0.74168
0.74149
0.74128
0.74107
0.74084
0.74061
0.74037
0.74013
0.7399
0.73966
0.73943
0.73921
0.739
0.7388
0.73861
0.73844
0.73828
0.73813
0.73801
0.73791
0.73782
0.73775
0.7377
0.73766
0.73764
0.73763
0.73763
0.73763
0.73763
0.73763
0.73763
0.73761
0.73759
0.73756
0.73753
0.73749
0.73744
0.73739
0.73734
0.73729
0.73724
0.73718
0.73713
0.73708
0.73703
0.73697
0.73691
0.73685
0.73679
0.73672
0.73665
0.73658
0.73651
0.73643
0.73635
0.73626
0.73618
0.73609
0.73601
0.73592
0.73584
0.73576
0.73569
0.73561
0.73555
0.73549
0.73544
0.73539
0.73536
0.73533
0.73531
0.73529
0.73528
0.73527
0.73526
0.73525
0.73524
0.73523
0.73522
0.7352
0.73519
0.73516
0.73514
