1
0.95759
0.93671
0.92481
0.91431
0.90704
0.89434
0.88324
0.8735
0.86495
0.85735
0.8505
0.84419
0.83833
0.83286
0.82767
0.82264
0.81773
0.8129
0.80818
0.80357
0.7991
0.79476
0.79053
0.78639
0.78233
0.77836
0.77447
0.77068
0.76698
0.76339
0.75987
0.75643
0.75306
0.74977
0.74661
0.74356
0.74066
0.73789
0.73523
0.73264
0.73009
0.72755
0.72499
0.72243
0.71988
0.71734
0.71483
0.71235
0.70993
0.70757
0.70529
0.70309
0.70098
0.69894
0.69697
0.69506
0.6932
0.69137
0.68955
0.68773
0.68589
0.68404
0.68217
0.68027
0.67836
0.67644
0.6745
0.67256
0.67061
0.66866
0.66672
0.66479
0.66289
0.66104
0.65924
0.65749
0.65582
0.65421
0.65268
0.65123
0.64987
0.64858
0.64739
0.64628
0.64525
0.64429
0.6434
0.64257
0.6418
0.64107
0.6404
0.63977
0.63919
0.63867
0.63818
0.63774
0.63734
0.63697
0.63664
0.63634
0.63606
0.6358
0.63557
0.63536
0.63517
0.635
0.63484
0.6347
0.63458
0.63445
0.63432
0.63418
0.63403
0.63386
0.63366
0.63345
0.63321
0.63295
0.63266
0.63236
0.63203
0.63168
