1
0.98435
0.97657
0.97311
0.97177
0.97209
0.97277
0.97194
0.97089
0.96933
0.96726
0.96473
0.96187
0.95867
0.95515
0.95132
0.94725
0.94306
0.9389
0.93491
0.93115
0.92765
0.92442
0.9214
0.91857
0.91591
0.91338
0.91097
0.90866
0.90645
0.90431
0.90225
0.90025
0.89831
0.89642
0.89459
0.89281
0.89108
0.88939
0.88776
0.88617
0.88464
0.88316
0.88173
0.88035
0.87901
0.87771
0.87644
0.87521
0.87401
0.87284
0.87169
0.87057
0.86948
0.86841
0.86737
0.86635
0.86536
0.86439
0.86344
0.86253
0.86164
0.86077
0.85994
0.85914
0.85836
0.85762
0.85692
0.85624
0.8556
0.855
0.85444
0.85391
0.85341
0.85295
0.85253
0.85215
0.8518
0.85149
0.85122
0.85098
0.85077
0.8506
0.85046
0.85035
0.85028
0.85023
0.85021
0.85021
0.85024
0.85029
0.85037
0.85046
0.85058
0.85072
0.85088
0.85105
0.85124
0.85145
0.85167
0.85191
0.85216
0.85242
0.8527
0.85299
0.85328
0.85359
0.8539
0.85422
0.85454
0.85486
0.85519
0.85552
0.85584
0.85617
0.8565
0.85683
0.85717
0.8575
0.85784
0.85818
0.85853
0.85888
0.85923
0.85959
0.85995
0.86031
0.86068
0.86105
0.86142
0.86179
0.86217
0.86255
0.86293
0.86331
0.86369
0.86407
0.86445
0.86483
0.86521
0.86559
0.86598
0.86636
0.86675
0.86714
0.86754
0.86794
0.86834
0.86875
0.86916
0.86957
0.86998
0.87039
0.87081
0.87123
0.87164
0.87206
0.87247
0.87288
0.87329
0.87369
0.87409
0.87449
0.87488
0.87527
0.87565
0.87603
0.87639
0.87676
0.87712
0.87747
0.87782
0.87817
0.87852
0.87887
0.87921
0.87956
0.87991
0.88026
0.88062
0.88097
0.88133
0.88169
0.88205
0.88242
0.88279
0.88315
0.88352
0.88389
0.88426
0.88462
0.88498
0.88534
0.8857
0.88605
0.8864
0.88674
0.88707
0.8874
0.88771
0.88802
0.88832
0.88861
0.88889
0.88916
0.88941
0.88966
0.88989
0.89011
0.89032
0.89051
0.8907
0.89088
0.89104
0.8912
0.89134
0.89148
0.89161
0.89173
0.89185
0.89195
0.89205
0.89213
0.89221
0.89228
0.89234
0.89239
0.89244
0.89247
0.89249
0.8925
0.8925
0.89249
0.89246
0.89242
0.89237
0.89231
0.89222
0.89212
0.89201
0.89187
0.89171
0.89154
