1
0.97065
0.96023
0.95448
0.95122
0.94832
0.94621
0.94163
0.93757
0.93374
0.93014
0.92665
0.92333
0.92009
0.91694
0.91384
0.91084
0.90788
0.90497
0.90206
0.89924
0.89646
0.89376
0.89109
0.88847
0.88587
0.88328
0.8807
0.87813
0.87555
0.87296
0.87036
0.86775
0.86513
0.8625
0.85984
0.85716
0.85449
0.85183
0.84918
0.84656
0.84397
0.84142
0.83889
0.83638
0.83388
0.83139
0.82891
0.82644
0.824
0.82159
0.8192
0.81683
0.8145
0.8122
0.80993
0.80769
0.8055
0.80336
0.80126
0.7992
0.7972
0.79524
0.79333
0.79146
0.78962
0.78781
0.78603
0.78427
0.78253
0.7808
0.7791
0.77741
0.77575
0.7741
0.77248
0.77088
0.7693
0.76774
0.76619
0.76465
0.76312
0.7616
0.76009
0.75858
0.75708
0.75559
0.7541
0.75262
0.75115
0.74969
0.74823
0.7468
0.74537
0.74396
0.74257
0.74119
0.73985
0.73852
0.73722
0.73595
0.73471
0.73349
0.73231
0.73116
0.73005
0.72897
0.72793
0.72693
0.72596
0.72504
0.72416
0.72332
0.72252
0.72176
0.72104
0.72035
0.71971
0.7191
0.71853
0.71799
0.71749
0.71702
0.71659
0.71618
0.71581
0.71547
0.71516
0.71487
0.71461
0.71437
0.71416
0.71397
0.71379
0.71364
0.71349
0.71337
0.71325
0.71314
0.71304
0.71295
0.71286
