1
0.97188
0.95967
0.95266
0.95029
0.94803
0.9454
0.94171
0.93842
0.93563
0.93287
0.93017
0.92739
0.92464
0.92206
0.91937
0.91695
0.91434
0.91192
0.90932
0.90687
0.90439
0.90204
0.89975
0.89756
0.89549
0.89352
0.89168
0.88997
0.8884
0.88695
0.88563
0.88441
0.88327
0.88217
0.88107
0.87996
0.87879
0.87758
0.87631
0.87498
0.8736
0.87216
0.87066
0.8691
0.86749
0.86582
0.86413
0.86243
0.86073
0.85906
0.85743
0.85584
0.85432
0.85286
0.85149
0.8502
0.84901
0.84791
0.8469
0.84598
0.84513
0.84436
0.84365
0.84299
0.84239
0.84183
0.8413
0.84083
0.84039
0.83999
0.83961
0.83927
0.83894
0.83861
0.83828
0.83794
0.83757
0.83718
0.83676
0.83631
0.83585
0.83537
0.83488
0.8344
0.83393
0.83348
0.83304
0.83263
0.83223
0.83184
0.83145
0.83105
0.83064
0.83021
0.82974
0.82925
0.82872
0.82815
0.82755
0.82692
0.82626
0.82558
0.82489
0.8242
0.82352
0.82287
0.82226
0.8217
0.82121
0.82079
0.82045
0.82021
0.82007
0.82003
0.82009
0.82026
0.82052
0.82087
0.82129
0.82178
0.8223
0.82285
0.82341
0.82397
0.82451
0.82502
0.82549
0.82591
0.82627
0.82657
0.82681
0.82697
0.82706
0.82708
0.82704
0.82692
0.82673
0.82648
0.82617
0.82581
0.82541
