1
0.96621
0.95373
0.9485
0.94481
0.94118
0.93857
0.93594
0.93394
0.92879
0.92415
0.91972
0.91565
0.91177
0.90818
0.9047
0.90144
0.89826
0.89524
0.89229
0.88945
0.88668
0.884
0.88138
0.87882
0.87633
0.87389
0.87149
0.86915
0.86684
0.86459
0.86238
0.86021
0.85808
0.856
0.85395
0.85194
0.84998
0.84806
0.84618
0.84435
0.84256
0.84081
0.83909
0.83741
0.83576
0.83414
0.83256
0.83101
0.82949
0.82799
0.82653
0.82508
0.82367
0.82227
0.8209
0.81954
0.81821
0.8169
0.81561
0.81433
0.81307
0.81182
0.81059
0.80937
0.80817
0.80699
0.80581
0.80464
0.80348
0.80234
0.8012
0.80007
0.79895
0.79783
0.79671
0.7956
0.79447
0.79335
0.79223
0.7911
0.78997
0.78883
0.7877
0.78656
0.78542
0.78428
0.78314
0.78199
0.78085
0.7797
0.77855
0.77741
0.77625
0.7751
0.77394
0.77278
0.77161
0.77043
0.76925
0.76806
0.76687
0.76568
0.76448
0.76329
0.76209
0.76089
0.75968
0.75847
0.75726
0.75603
0.7548
0.75356
0.75231
0.75104
0.74976
0.74847
0.74718
0.74587
0.74456
0.74324
0.74193
0.74062
0.73931
0.73802
0.73674
0.73547
0.73421
0.73298
0.73176
0.73056
