1
0.97381
0.96411
0.95822
0.9538
0.95069
0.94773
0.94548
0.94023
0.93553
0.93105
0.92686
0.92281
0.91891
0.91514
0.91148
0.90794
0.90452
0.90121
0.89803
0.89496
0.892
0.88915
0.88641
0.88375
0.88118
0.87869
0.87628
0.87393
0.87165
0.86943
0.86727
0.86516
0.8631
0.86109
0.85911
0.85719
0.85529
0.85344
0.85162
0.84984
0.84808
0.84636
0.84466
0.84299
0.84135
0.83973
0.83814
0.83657
0.83502
0.83349
0.83198
0.83049
0.82901
0.82754
0.82609
0.82465
0.82321
0.82179
0.82038
0.81897
0.81757
0.81618
0.8148
0.81343
0.81206
0.8107
0.80935
0.80801
0.80668
0.80536
0.80405
0.80274
0.80144
0.80015
0.79887
0.79759
0.79632
0.79505
0.7938
0.79255
0.79132
0.7901
0.78889
0.78769
0.78651
0.78534
0.78419
0.78305
0.78194
0.78084
0.77975
0.77869
0.77764
0.77662
0.77561
0.77463
0.77366
0.77272
0.77179
0.77088
0.77
0.76913
0.76828
0.76745
0.76664
0.76585
0.76507
0.76432
0.76358
0.76286
0.76215
0.76147
0.7608
0.76014
0.7595
0.75888
0.75827
0.75768
0.7571
0.75653
0.75598
0.75545
0.75494
0.75444
0.75396
0.75349
0.75304
0.7526
0.75218
0.75178
0.75139
0.75101
0.75064
0.75029
0.74995
0.74962
0.7493
0.74899
0.74868
0.74838
0.74809
0.7478
0.7475
0.74721
0.74692
0.74662
0.74632
0.74601
0.7457
0.74539
0.74507
0.74475
0.74443
0.7441
