1
0.97291
0.96485
0.96081
0.95884
0.95677
0.95465
0.95301
0.94948
0.9461
0.94278
0.93974
0.93692
0.93428
0.93191
0.92968
0.92773
0.92585
0.92421
0.92265
0.92128
0.92002
0.91893
0.91794
0.91706
0.91623
0.91542
0.9146
0.91376
0.91289
0.91197
0.91103
0.91006
0.90907
0.90806
0.90702
0.90596
0.90489
0.90383
0.90277
0.90173
0.90072
0.89974
0.8988
0.89792
0.89709
0.89629
0.89552
0.89477
0.89403
0.89331
0.89262
0.89193
0.89126
0.8906
0.88992
0.88924
0.88853
0.88782
0.8871
0.88637
0.88564
0.88491
0.88419
0.88347
0.88274
0.88202
0.88128
0.88053
0.87976
0.87898
0.87819
0.87737
0.87655
0.87572
0.87491
0.87412
0.87338
0.87268
0.87202
0.87138
0.87078
0.87019
0.86962
0.86906
0.86852
0.86799
0.86748
0.86698
0.86649
0.86601
0.86554
0.86508
0.86462
0.86418
0.86374
0.86332
0.8629
0.8625
0.86211
0.86172
0.86133
0.86094
0.86054
0.86014
0.85973
