1
0.9628
0.94452
0.93262
0.92408
0.91191
0.90137
0.89197
0.88349
0.87576
0.86867
0.86213
0.85605
0.85041
0.84516
0.84021
0.83546
0.83083
0.82626
0.82169
0.81712
0.81253
0.80792
0.8033
0.79868
0.79406
0.78947
0.78492
0.78041
0.77597
0.7716
0.76731
0.76311
0.75901
0.75503
0.75117
0.74744
0.74384
0.74036
0.73701
0.73377
0.73063
0.7276
0.72464
0.72175
0.71891
0.7161
0.71332
0.71055
0.70779
0.70504
0.70228
0.69952
0.69676
0.694
0.69124
0.68849
0.68574
0.68301
0.68029
0.6776
0.67492
0.67228
0.66968
0.66712
0.66461
0.66214
0.65973
0.65737
0.65507
0.65282
0.65062
0.64847
0.64638
0.64434
0.64236
0.64043
0.63855
0.63672
0.63494
0.63321
0.63152
0.62986
0.62823
0.62663
0.62503
0.62346
0.62189
0.62032
0.61876
0.6172
0.61564
0.61409
0.61255
0.61102
0.60951
0.60801
0.60654
0.60508
0.60364
0.60223
0.60084
0.59948
0.59814
0.59682
0.59551
0.59423
0.59296
0.5917
0.59046
0.58923
0.58803
0.58685
0.5857
0.5846
0.58353
0.58251
0.58153
0.5806
0.57972
0.57886
0.57803
0.57722
0.57641
0.57562
0.57483
0.57404
0.57324
0.57244
0.57164
0.57083
0.57002
0.5692
0.56839
0.56759
0.5668
0.56602
0.56527
0.56454
0.56384
0.56317
0.56252
0.56191
0.56133
0.56078
0.56026
0.55978
0.55933
0.5589
0.55852
0.55815
0.55782
0.55752
0.55723
0.55697
