65.1074
-0.7236
-0.76144
-0.74478
-0.75668
-0.78046
-0.77707
-0.77706
-0.73043
-0.72606
-0.73011
-0.7468
-0.72917
-0.75062
-0.8055
-0.74045
-0.74832
-0.73893
-0.73825
-0.73941
-0.71909
-0.69585
-0.7114
-0.74961
-0.72028
-0.71139
-0.82227
-0.74862
-0.74917
-0.74376
-0.73767
-0.71677
-0.87149
-0.71965
-0.71541
-0.76336
-0.85637
-0.73195
-0.75536
-0.75535
-0.82092
-0.74085
-0.77307
-0.742
-0.72906
-0.74512
-0.8215
-0.77866
-0.78236
-0.79137
-0.83809
-0.81526
-0.9054
-0.76244
-0.86764
-0.86374
-1.0055
-0.87111
-1.3005
-1.1976
-1.2471
-1.3869
-1.3319
0
0
0
0
0
-2.7493
0
0
0
0
0
0
0
0
0
-3.901
0
0
0
-3.2413
0
0
0
0
-4.8577
0
0
0
0
0
0
0
0
0
0
0
0
0
0
0
0
0
0
0
0
0
0
0
0
0
0
0
0
0
0
0
0
0
0
0
0
-0.7236
62.3701
-0.76913
-0.75928
-0.76457
-0.78971
-0.78506
-0.78505
-0.73799
-0.73351
-0.73748
-0.75473
-0.73665
-0.75852
-0.81367
-0.74803
-0.75623
-0.74655
-0.74587
-0.74702
-0.72659
-0.70321
-0.71886
-0.75721
-0.72776
-0.7186
-0.83049
-0.75643
-0.75678
-0.75137
-0.74518
-0.72424
-0.88016
-0.72708
-0.72291
-0.77109
-0.8653
-0.73943
-0.76296
-0.76298
-0.82896
-0.74859
-0.78095
-0.74916
-0.73674
-0.75315
-0.82941
-0.78639
-0.79007
-0.7999
-0.84593
-0.82421
-0.91359
-0.76995
-0.87603
-0.87227
-1.014
-0.87926
-1.3092
-1.206
-1.2567
-1.3954
-1.3445
0
0
0
0
0
-2.761
0
0
0
0
0
0
0
0
0
-3.9033
0
0
0
0
0
0
0
0
-4.8542
0
0
0
0
0
0
0
0
0
0
0
0
0
0
0
0
0
0
0
0
0
0
0
0
0
0
0
0
0
0
0
0
0
0
0
0
-0.76144
-0.76913
59.1456
-0.75464
-0.75976
-0.77898
-0.77969
-0.77969
-0.73119
-0.72721
-0.72574
-0.74771
-0.72998
-0.75145
-0.80534
-0.74116
-0.74949
-0.73963
-0.73896
-0.74012
-0.71948
-0.6973
-0.71178
-0.75178
-0.72089
-0.71148
-0.818
-0.74943
-0.7493
-0.74397
-0.68557
-0.71678
-0.86708
-0.72897
-0.71439
-0.76333
-0.86474
-0.73494
-0.75549
-0.75549
-0.8209
-0.73812
-0.77353
-0.74269
-0.72857
-0.74188
-0.82169
-0.7784
-0.782
-0.79679
-0.83234
-0.81021
-0.90788
-0.78502
-0.87055
-0.86677
-1.0095
-0.87367
-1.3078
-1.2157
0
-1.3934
-1.3382
0
0
0
0
0
0
0
0
-2.5107
-2.2702
0
0
0
0
0
0
0
0
0
0
0
0
0
0
0
0
0
-5.1575
0
0
0
0
0
0
0
0
0
0
0
0
0
0
0
0
0
0
0
0
0
0
0
0
0
0
0
0
0
0
0
0
0
-0.74478
-0.75928
-0.75464
57.4235
-0.75381
-0.76859
-0.77387
-0.77386
-0.72581
-0.72124
-0.72452
-0.74087
-0.72417
-0.7455
-0.79777
-0.73536
-0.74272
-0.73387
-0.7332
-0.73435
-0.71493
-0.69162
-0.70746
-0.74562
-0.71614
-0.70836
-0.8186
-0.74346
-0.74456
-0.73918
-0.72968
-0.71213
-0.86421
-0.72355
-0.71046
-0.75575
-0.85714
-0.72656
-0.75086
-0.75089
-0.81435
-0.73455
-0.76649
-0.73962
-0.7208
-0.73682
-0.81715
-0.77392
-0.77758
-0.7879
-0.83254
-0.81164
-0.90129
-0.77729
-0.86112
-0.85932
-1.0018
-0.81301
-1.3
-1.1993
-1.2443
-1.3853
-1.3339
0
0
0
0
0
0
0
0
0
0
0
0
0
0
0
0
0
0
0
-3.236
0
0
0
0
0
0
0
0
0
0
0
0
0
0
0
-4.098
0
0
0
0
0
0
0
0
0
0
0
0
0
0
0
0
0
0
0
0
0
0
0
0
0
-0.75668
-0.76457
-0.75976
-0.75381
53.8162
-0.7746
-0.779
-0.779
-0.72996
-0.72523
-0.72882
-0.74523
-0.72834
-0.75022
-0.80525
-0.7397
-0.74636
-0.73836
-0.73768
-0.73883
-0.71834
-0.69494
-0.71085
-0.7494
-0.71961
-0.71174
-0.82559
-0.74798
-0.74828
-0.74291
-0.73301
-0.71606
-0.87533
-0.72736
-0.71449
-0.76084
-0.86726
-0.73054
-0.75492
-0.75493
-0.81953
-0.73863
-0.77166
-0.74349
-0.72638
-0.74198
-0.82147
-0.77813
-0.78162
-0.77896
-0.83808
-0.81617
-0.90605
-0.78163
-0.86638
-0.86407
-1.0067
-0.86889
-1.3065
-1.2035
-1.2499
-1.3927
-1.3393
0
0
0
0
0
0
0
0
0
0
0
0
0
0
0
0
0
0
0
0
-3.3887
0
0
0
0
0
0
0
0
0
0
0
0
0
0
0
0
0
0
0
0
0
0
0
0
0
0
0
0
0
0
0
0
0
0
0
0
0
0
0
0
-0.78046
-0.78971
-0.77898
-0.76859
-0.7746
60.3505
-0.79582
-0.79581
-0.74752
-0.74348
-0.74466
-0.76169
-0.74621
-0.76391
-0.81691
-0.75743
-0.76059
-0.75568
-0.75501
-0.75616
-0.73567
-0.71302
-0.72782
-0.76118
-0.7369
-0.72878
-0.83012
-0.76144
-0.76554
-0.76021
-0.75518
-0.73288
-0.87975
-0.74478
-0.73086
-0.77435
-0.87542
-0.74864
-0.77218
-0.77218
-0.83242
-0.75486
-0.78606
-0.7607
-0.73871
-0.75284
-0.83947
-0.796
-0.79983
-0.80999
-0.84998
-0.83107
-0.92471
-0.80072
-0.88052
-0.87996
-1.0268
-0.88276
-1.3296
-1.235
0
-1.4139
-1.3507
0
-2.3618
0
0
0
0
0
0
0
0
0
0
0
0
0
0
0
0
0
0
0
0
0
0
0
0
0
0
0
0
0
0
0
0
0
0
0
0
0
0
0
0
0
0
0
0
0
0
0
0
0
0
0
0
0
0
0
0
-7.812
0
0
-0.77707
-0.78506
-0.77969
-0.77387
-0.779
-0.79582
51.7182
-0.7955
-0.74777
-0.74321
-0.74803
-0.76564
-0.74701
-0.7765
-0.82323
-0.75908
-0.7775
-0.75818
-0.75751
-0.75866
-0.73789
-0.71418
-0.73108
-0.77385
-0.73937
-0.73196
-0.84213
-0.76997
-0.76852
-0.7631
-0.75323
-0.73561
-0.89306
-0.74813
-0.73423
-0.78185
-0.88938
-0.75098
-0.77505
-0.77506
-0.84542
-0.75945
-0.79314
-0.76386
-0.74707
-0.76305
-0.84233
-0.79826
-0.80159
-0.81455
-0.8594
-0.83955
-0.92696
-0.8025
-0.88843
-0.88646
-1.0279
-0.8908
-1.3287
-1.2244
-1.2744
-1.4133
-1.3697
0
0
0
0
0
0
0
0
0
0
0
0
0
0
0
0
0
0
0
0
0
0
0
0
0
0
0
0
0
0
0
0
0
0
0
0
0
0
0
0
0
0
0
0
0
0
0
0
0
0
0
0
0
0
0
0
0
0
0
0
0
-0.77706
-0.78505
-0.77969
-0.77386
-0.779
-0.79581
-0.7955
51.718
-0.74777
-0.7432
-0.74803
-0.76563
-0.747
-0.7765
-0.82323
-0.75907
-0.77748
-0.75817
-0.7575
-0.75866
-0.73789
-0.71417
-0.73108
-0.77385
-0.73936
-0.73197
-0.84213
-0.76996
-0.76851
-0.76311
-0.75323
-0.73561
-0.89306
-0.74813
-0.73424
-0.78185
-0.88937
-0.75097
-0.77505
-0.77505
-0.84543
-0.75944
-0.79314
-0.76386
-0.74707
-0.76304
-0.84235
-0.79825
-0.80158
-0.81455
-0.85941
-0.83955
-0.92695
-0.8025
-0.88843
-0.88646
-1.0279
-0.8908
-1.3287
-1.2244
-1.2744
-1.4133
-1.3697
0
0
0
0
0
0
0
0
0
0
0
0
0
0
0
0
0
0
0
0
0
0
0
0
0
0
0
0
0
0
0
0
0
0
0
0
0
0
0
0
0
0
0
0
0
0
0
0
0
0
0
0
0
0
0
0
0
0
0
0
0
-0.73043
-0.73799
-0.73119
-0.72581
-0.72996
-0.74752
-0.74777
-0.74777
47.4024
-0.69717
-0.69799
-0.71584
-0.70059
-0.72121
-0.77543
-0.71159
-0.71829
-0.7109
-0.71022
-0.71136
-0.69093
-0.66861
-0.68356
-0.72466
-0.69221
-0.68438
-0.79568
-0.71923
-0.72027
-0.71495
-0.70486
-0.68816
-0.84468
-0.70014
-0.68626
-0.73248
-0.83564
-0.70242
-0.72652
-0.72652
-0.79038
-0.71053
-0.74311
-0.715
-0.69873
-0.714
-0.79237
-0.74946
-0.75309
-0.76542
-0.80718
-0.78895
-0.87567
-0.75383
-0.83667
-0.83483
-0.97573
-0.84013
-1.2722
-1.1761
0
-1.356
0
0
0
0
0
0
0
-1.2419
0
0
0
0
0
0
0
0
0
0
0
0
0
0
0
0
0
0
0
0
0
0
0
0
0
0
0
0
0
0
0
0
0
0
0
0
0
0
0
0
0
0
0
0
0
0
0
0
0
0
0
0
0
0
-0.72606
-0.73351
-0.72721
-0.72124
-0.72523
-0.74348
-0.74321
-0.7432
-0.69717
45.8982
-0.69607
-0.71275
-0.6974
-0.71662
-0.77041
-0.70765
-0.71632
-0.70734
-0.70668
-0.70782
-0.6869
-0.66466
-0.67959
-0.71815
-0.68801
-0.68055
-0.79048
-0.71853
-0.71595
-0.71057
-0.70064
-0.6838
-0.83846
-0.69591
-0.68242
-0.72827
-0.83176
-0.69809
-0.72192
-0.72191
-0.78674
-0.70657
-0.73892
-0.71078
-0.69424
-0.70969
-0.78733
-0.74445
-0.74815
-0.76073
-0.80419
-0.78533
-0.87017
-0.74887
-0.83192
-0.83006
-0.96985
-0.83511
-1.2646
-1.1668
0
-1.3477
0
0
0
0
0
0
0
0
0
0
0
0
0
0
0
0
0
0
0
0
0
0
0
0
0
0
0
0
0
0
0
0
0
0
0
0
0
0
0
0
0
0
0
0
0
0
0
0
0
0
0
0
0
0
0
0
0
0
0
0
0
0
-0.73011
-0.73748
-0.72574
-0.72452
-0.72882
-0.74466
-0.74803
-0.74803
-0.69799
-0.69607
47.3972
-0.71391
-0.69892
-0.71714
-0.77001
-0.70894
-0.71562
-0.70828
-0.70762
-0.70876
-0.68787
-0.66566
-0.6804
-0.71989
-0.68886
-0.68058
-0.78422
-0.71464
-0.71667
-0.71145
-0.70227
-0.6847
-0.83204
-0.6968
-0.68297
-0.72832
-0.83151
-0.69834
-0.72278
-0.72279
-0.78221
-0.70696
-0.73886
-0.71076
-0.6947
-0.70937
-0.78858
-0.74592
-0.74969
-0.76293
-0.79414
-0.78458
-0.87205
-0.75127
-0.83282
-0.83152
-0.97218
-0.83622
-1.2686
0
0
0
0
0
0
0
0
0
0
0
0
0
0
0
0
0
0
0
0
0
0
0
0
0
0
-3.9804
0
0
0
0
0
0
0
0
0
0
0
0
0
0
0
0
0
0
0
0
0
0
0
0
0
0
0
0
0
0
0
0
0
0
0
0
0
0
-0.7468
-0.75473
-0.74771
-0.74087
-0.74523
-0.76169
-0.76564
-0.76563
-0.71584
-0.71275
-0.71391
49.1835
-0.71515
-0.73259
-0.78847
-0.72534
-0.73278
-0.72458
-0.72391
-0.72505
-0.70439
-0.68219
-0.69841
-0.73261
-0.70567
-0.69732
-0.80124
-0.73366
-0.73395
-0.72858
-0.71921
-0.70161
-0.858
-0.7139
-0.70035
-0.74515
-0.84802
-0.71618
-0.74017
-0.74017
-0.8017
-0.72711
-0.75624
-0.7279
-0.71092
-0.72914
-0.80636
-0.76325
-0.76685
-0.77931
-0.82224
-0.80498
-0.89055
-0.76845
-0.84989
-0.84885
-0.99066
-0.85364
-1.2862
0
0
0
0
0
0
0
0
0
0
0
0
0
0
0
0
0
0
0
0
0
0
0
0
0
0
0
0
0
-4.7598
0
0
0
0
0
0
0
0
0
0
0
0
0
0
0
0
0
0
0
0
0
0
0
0
0
0
0
0
0
0
0
0
0
0
0
-0.72917
-0.73665
-0.72998
-0.72417
-0.72834
-0.74621
-0.74701
-0.747
-0.70059
-0.6974
-0.69892
-0.71515
44.8758
-0.71865
-0.77216
-0.70962
-0.71848
-0.71049
-0.70982
-0.71096
-0.68921
-0.66705
-0.6819
-0.71822
-0.69025
-0.68257
-0.79009
-0.72168
-0.71829
-0.7129
-0.70302
-0.68607
-0.8391
-0.69837
-0.68484
-0.73038
-0.83053
-0.70047
-0.7245
-0.7245
-0.79282
-0.70897
-0.74132
-0.71279
-0.69639
-0.7122
-0.79006
-0.74697
-0.75063
-0.76318
-0.80674
-0.788
-0.87288
-0.75167
-0.83434
-0.83244
-0.9726
-0.83745
-1.2679
0
0
-1.3517
0
0
0
0
0
0
0
0
0
0
0
0
0
0
0
0
0
0
0
0
0
0
0
0
0
0
0
0
0
0
0
0
0
0
0
0
0
0
0
0
0
0
0
0
0
0
0
0
0
0
0
0
0
0
0
0
0
0
0
0
0
0
-0.75062
-0.75852
-0.75145
-0.7455
-0.75022
-0.76391
-0.7765
-0.7765
-0.72121
-0.71662
-0.71714
-0.73259
-0.71865
50.0485
-0.79344
-0.72874
-0.73917
-0.7269
-0.72623
-0.72737
-0.70688
-0.68489
-0.68897
-0.73078
-0.70819
-0.69983
-0.80805
-0.71632
-0.73648
-0.73112
-0.72114
-0.70422
-0.86533
-0.71649
-0.7036
-0.74688
-0.85843
-0.71796
-0.74246
-0.74246
-0.80464
-0.71518
-0.75912
-0.73101
-0.71298
-0.73214
-0.80927
-0.7665
-0.77076
-0.78322
-0.82597
-0.80732
-0.89478
-0.77311
-0.85448
-0.85369
-0.99615
-0.85827
0
0
0
0
0
0
0
0
0
0
0
0
0
0
0
0
0
-2.9778
0
0
0
-3.7703
0
0
0
0
0
0
0
0
0
0
0
0
0
0
0
0
0
0
0
0
0
0
0
0
0
0
0
0
0
0
0
0
0
0
0
0
0
0
0
0
0
0
0
0
-0.8055
-0.81367
-0.80534
-0.79777
-0.80525
-0.81691
-0.82323
-0.82323
-0.77543
-0.77041
-0.77001
-0.78847
-0.77216
-0.79344
53.5138
-0.78214
-0.79208
-0.77961
-0.77892
-0.78008
-0.75899
-0.73645
-0.75155
-0.79018
-0.76038
-0.75206
-0.86637
-0.79135
-0.7897
-0.78427
-0.77608
-0.75652
-0.91623
-0.76934
-0.75516
-0.80034
-0.90949
-0.77063
-0.79615
-0.79616
-0.86096
-0.77999
-0.81252
-0.78392
-0.76509
-0.78416
-0.86447
-0.82009
-0.82342
-0.83596
-0.87964
-0.86008
-0.9503
-0.82589
-0.90839
-0.90664
-1.0528
-0.90997
0
0
0
0
0
0
0
0
0
0
0
0
0
0
0
0
0
0
0
0
0
0
0
0
0
0
0
0
0
0
0
0
0
0
0
0
0
0
0
0
0
0
0
0
0
0
0
0
0
0
0
0
0
-7.1884
0
0
0
0
0
0
0
0
0
0
0
0
-0.74045
-0.74803
-0.74116
-0.73536
-0.7397
-0.75743
-0.75908
-0.75907
-0.71159
-0.70765
-0.70894
-0.72534
-0.70962
-0.72874
-0.78214
44.1331
-0.72821
-0.72275
-0.72207
-0.72322
-0.6995
-0.67717
-0.69286
-0.72766
-0.7005
-0.69311
-0.79936
-0.72938
-0.72888
-0.72344
-0.71416
-0.69634
-0.84872
-0.70896
-0.6953
-0.74104
-0.83975
-0.71087
-0.73494
-0.73494
-0.80287
-0.7197
-0.75197
-0.72301
-0.70659
-0.72278
-0.80099
-0.7575
-0.76099
-0.77391
-0.81801
-0.79915
-0.88406
-0.76227
-0.84548
-0.84339
-0.98426
-0.84823
-1.2806
0
0
0
0
0
0
0
0
0
0
0
0
0
0
0
0
0
0
0
0
0
0
0
0
0
0
0
0
0
0
0
0
0
0
0
0
0
0
0
0
0
0
0
0
0
0
0
0
0
0
0
0
0
0
0
0
0
0
0
0
0
0
0
0
0
-0.74832
-0.75623
-0.74949
-0.74272
-0.74636
-0.76059
-0.7775
-0.77748
-0.71829
-0.71632
-0.71562
-0.73278
-0.71848
-0.73917
-0.79208
-0.72821
50.9486
-0.72665
-0.72599
-0.72712
-0.70634
-0.68197
-0.69749
-0.72989
-0.70719
-0.69851
-0.80768
-0.73632
-0.73522
-0.72994
-0.72122
-0.70309
-0.8585
-0.7158
-0.69945
-0.74645
-0.85246
-0.71771
-0.7426
-0.74261
-0.79961
-0.72511
-0.75737
-0.73018
-0.71198
-0.69468
-0.80908
-0.76637
-0.77022
-0.78139
-0.82035
-0.80483
-0.89389
-0.7711
-0.85179
0
-0.99613
0
0
0
0
0
0
0
0
0
-1.927
0
0
0
0
0
0
0
0
0
0
-3.793
0
0
-3.7148
0
0
0
0
0
0
0
0
0
0
0
0
0
0
0
0
0
0
0
0
0
0
0
0
0
0
0
0
0
0
0
0
0
0
0
0
0
0
0
0
0
0
0
-0.73893
-0.74655
-0.73963
-0.73387
-0.73836
-0.75568
-0.75818
-0.75817
-0.7109
-0.70734
-0.70828
-0.72458
-0.71049
-0.7269
-0.77961
-0.72275
-0.72665
42.6996
-0.71447
-0.71579
-0.69327
-0.67203
-0.6859
-0.72674
-0.69615
-0.68863
-0.79777
-0.73191
-0.72484
-0.71951
-0.71061
-0.69249
-0.84663
-0.70557
-0.69178
-0.73722
-0.8392
-0.70757
-0.73147
-0.73148
-0.80231
-0.71661
-0.74885
-0.71981
-0.70347
-0.72014
-0.79742
-0.75397
-0.75768
-0.77098
-0.81551
-0.79684
-0.88052
-0.76004
-0.84249
-0.84015
-0.98029
-0.84459
0
0
0
0
0
0
0
0
0
0
0
0
0
0
0
0
0
0
0
0
0
0
0
0
0
0
0
0
0
0
0
0
0
0
0
0
0
0
0
0
0
0
0
0
0
0
0
0
0
0
0
0
0
0
0
0
0
0
0
0
0
0
0
0
0
0
-0.73825
-0.74587
-0.73896
-0.7332
-0.73768
-0.75501
-0.75751
-0.7575
-0.71022
-0.70668
-0.70762
-0.72391
-0.70982
-0.72623
-0.77892
-0.72207
-0.72599
-0.71447
42.6603
-0.715
-0.69259
-0.67134
-0.68514
-0.7261
-0.69544
-0.68789
-0.79711
-0.73136
-0.72413
-0.71878
-0.70981
-0.69179
-0.84597
-0.70484
-0.69108
-0.73645
-0.83857
-0.70686
-0.73076
-0.73076
-0.80175
-0.71589
-0.74811
-0.7191
-0.70277
-0.71942
-0.79667
-0.75325
-0.75697
-0.77027
-0.81476
-0.79608
-0.87977
-0.75932
-0.84175
-0.83941
-0.97951
-0.84384
0
0
0
0
0
0
0
0
0
0
0
0
0
0
0
0
0
0
0
0
0
0
0
0
0
0
0
0
0
0
0
0
0
0
0
0
0
0
0
0
0
0
0
0
0
0
0
0
0
0
0
0
0
0
0
0
0
0
0
0
0
0
0
0
0
0
-0.73941
-0.74702
-0.74012
-0.73435
-0.73883
-0.75616
-0.75866
-0.75866
-0.71136
-0.70782
-0.70876
-0.72505
-0.71096
-0.72737
-0.78008
-0.72322
-0.72712
-0.71579
-0.715
42.7273
-0.69375
-0.67251
-0.68644
-0.7272
-0.69664
-0.68914
-0.79824
-0.7323
-0.72536
-0.72002
-0.71117
-0.69298
-0.84709
-0.70608
-0.69228
-0.73776
-0.83967
-0.70808
-0.73197
-0.73197
-0.8027
-0.71711
-0.74938
-0.7203
-0.70396
-0.72063
-0.79792
-0.75448
-0.75818
-0.7715
-0.81605
-0.79737
-0.88106
-0.76055
-0.84303
-0.84068
-0.98084
-0.84512
0
0
0
0
0
0
0
0
0
0
0
0
0
0
0
0
0
0
0
0
0
0
0
0
0
0
0
0
0
0
0
0
0
0
0
0
0
0
0
0
0
0
0
0
0
0
0
0
0
0
0
0
0
0
0
0
0
0
0
0
0
0
0
0
0
0
-0.71909
-0.72659
-0.71948
-0.71493
-0.71834
-0.73567
-0.73789
-0.73789
-0.69093
-0.6869
-0.68787
-0.70439
-0.68921
-0.70688
-0.75899
-0.6995
-0.70634
-0.69327
-0.69259
-0.69375
40.7225
-0.65334
-0.66919
-0.70648
-0.67726
-0.67151
-0.77707
-0.70679
-0.70536
-0.6999
-0.69497
-0.67298
-0.82511
-0.68565
-0.67193
-0.71674
-0.81856
-0.68671
-0.71071
-0.71072
-0.77366
-0.69594
-0.7276
-0.6992
-0.68306
-0.69917
-0.77593
-0.7331
-0.7369
-0.75009
-0.79412
-0.77613
-0.85849
-0.73933
-0.82093
-0.81884
-0.9585
0
0
0
0
0
0
0
0
0
0
0
0
0
0
0
0
0
0
0
0
0
0
0
0
0
0
0
0
0
0
0
0
0
0
0
0
0
0
0
0
0
0
0
0
0
0
0
0
0
0
0
0
0
0
0
0
0
0
0
0
0
0
0
0
0
0
0
-0.69585
-0.70321
-0.6973
-0.69162
-0.69494
-0.71302
-0.71418
-0.71417
-0.66861
-0.66466
-0.66566
-0.68219
-0.66705
-0.68489
-0.73645
-0.67717
-0.68197
-0.67203
-0.67134
-0.67251
-0.65334
38.8539
-0.64603
-0.68358
-0.65633
-0.6452
-0.75336
-0.68331
-0.6815
-0.67537
-0.66831
-0.64885
-0.80122
-0.66052
-0.64753
-0.6892
-0.79524
-0.66216
-0.68637
-0.68637
-0.75237
-0.67129
-0.70195
-0.6749
-0.65902
-0.67463
-0.75029
-0.70829
-0.71252
-0.72507
-0.76805
-0.75118
-0.83239
-0.71438
-0.7952
0
0
0
0
0
-1.1697
0
0
0
0
0
0
0
0
0
0
0
0
0
0
0
0
0
0
0
0
0
0
0
0
0
0
0
0
0
0
0
0
0
0
0
0
0
0
0
0
0
0
0
0
0
0
0
0
0
0
0
0
0
0
0
0
0
0
0
0
0
0
0
-0.7114
-0.71886
-0.71178
-0.70746
-0.71085
-0.72782
-0.73108
-0.73108
-0.68356
-0.67959
-0.6804
-0.69841
-0.6819
-0.68897
-0.75155
-0.69286
-0.69749
-0.6859
-0.68514
-0.68644
-0.66919
-0.64603
41.3464
-0.69789
-0.66913
-0.66197
-0.76249
-0.69954
-0.69635
-0.69083
-0.68131
-0.66439
-0.81582
-0.67654
-0.66317
-0.70653
-0.80999
-0.6777
-0.70146
-0.70146
-0.76421
-0.67169
-0.71778
-0.69029
-0.67404
-0.68909
-0.76679
-0.72461
-0.72868
-0.74137
-0.78435
-0.76747
-0.85009
-0.73107
-0.8115
0
0
0
0
0
0
0
0
0
0
0
0
0
0
0
0
0
0
0
0
-2.879
0
0
0
0
0
0
0
0
0
0
0
0
0
0
0
0
0
0
0
0
0
0
0
0
0
0
0
0
0
0
0
0
0
0
0
0
0
0
0
0
0
0
0
0
0
0
0
0
-0.74961
-0.75721
-0.75178
-0.74562
-0.7494
-0.76118
-0.77385
-0.77385
-0.72466
-0.71815
-0.71989
-0.73261
-0.71822
-0.73078
-0.79018
-0.72766
-0.72989
-0.72674
-0.7261
-0.7272
-0.70648
-0.68358
-0.69789
48.8536
-0.7064
-0.68356
-0.80399
-0.72872
-0.73441
-0.72889
-0.72072
-0.70167
-0.85387
-0.71446
-0.69999
-0.74452
-0.84568
-0.71642
-0.74107
-0.74107
-0.75823
-0.72503
-0.75551
-0.71115
-0.71223
-0.72403
-0.80855
-0.76567
-0.76971
-0.78118
-0.82185
-0.80394
-0.89372
0
0
0
0
0
0
0
0
0
0
0
-2.3181
0
0
0
0
0
0
0
0
0
0
0
-3.0858
0
0
0
0
0
0
0
0
0
0
0
0
0
0
-4.6309
0
0
0
0
0
0
0
0
0
0
0
0
0
0
0
0
0
0
0
0
0
0
0
0
0
0
0
0
0
0
0
0
-0.72028
-0.72776
-0.72089
-0.71614
-0.71961
-0.7369
-0.73937
-0.73936
-0.69221
-0.68801
-0.68886
-0.70567
-0.69025
-0.70819
-0.76038
-0.7005
-0.70719
-0.69615
-0.69544
-0.69664
-0.67726
-0.65633
-0.66913
-0.7064
38.1572
-0.66802
-0.77589
-0.70498
-0.70831
-0.70157
-0.68359
-0.67338
-0.82397
-0.68728
-0.67208
-0.71935
-0.81749
-0.68731
-0.71076
-0.71077
-0.77129
-0.69651
-0.72904
-0.69905
-0.68383
-0.70027
-0.77738
-0.73388
-0.73761
-0.75011
-0.79634
-0.77954
-0.85917
-0.73953
0
0
0
0
0
0
0
0
0
0
0
0
0
0
0
0
0
0
0
0
0
0
0
0
0
0
0
0
0
0
0
0
0
0
0
0
0
0
0
0
0
0
0
0
0
0
0
0
0
0
0
0
0
0
0
0
0
0
0
0
0
0
0
0
0
0
0
0
0
0
-0.71139
-0.7186
-0.71148
-0.70836
-0.71174
-0.72878
-0.73196
-0.73197
-0.68438
-0.68055
-0.68058
-0.69732
-0.68257
-0.69983
-0.75206
-0.69311
-0.69851
-0.68863
-0.68789
-0.68914
-0.67151
-0.6452
-0.66197
-0.68356
-0.66802
39.9259
-0.76677
-0.69706
-0.69563
-0.68996
-0.68644
-0.66348
-0.8156
-0.67578
-0.66145
-0.70383
-0.81119
-0.67585
-0.70057
-0.70057
-0.76131
-0.68473
-0.71624
-0.66995
-0.67442
-0.68892
-0.76639
-0.72447
-0.72867
-0.74107
-0.78411
-0.76677
-0.84997
0
0
0
0
0
0
0
0
0
0
0
0
0
0
0
0
0
0
0
0
0
0
0
-3.0056
0
0
0
0
0
0
0
0
0
0
0
0
0
0
0
0
0
0
0
0
0
0
0
0
0
0
0
0
0
0
0
0
0
0
0
0
0
0
0
0
0
0
0
0
0
0
0
-0.82227
-0.83049
-0.818
-0.8186
-0.82559
-0.83012
-0.84213
-0.84213
-0.79568
-0.79048
-0.78422
-0.80124
-0.79009
-0.80805
-0.86637
-0.79936
-0.80768
-0.79777
-0.79711
-0.79824
-0.77707
-0.75336
-0.76249
-0.80399
-0.77589
-0.76677
56.9547
-0.80216
-0.80357
-0.79848
-0.79123
-0.77062
-0.92247
-0.78423
-0.76776
-0.81243
-0.92008
-0.72808
-0.81004
-0.81004
-0.87019
-0.78559
-0.82619
-0.79678
-0.77868
-0.79678
-0.88197
-0.83752
-0.84072
0
0
0
0
0
0
0
0
0
0
0
0
0
0
0
0
0
0
0
0
0
0
-2.5422
0
0
0
0
0
0
0
0
0
-3.5008
0
0
0
0
0
0
0
0
0
0
0
0
0
-5.0843
0
0
0
0
0
0
0
0
0
0
0
0
0
0
0
0
0
0
0
0
0
0
0
0
-6.9866
0
0
0
-0.74862
-0.75643
-0.74943
-0.74346
-0.74798
-0.76144
-0.76997
-0.76996
-0.71923
-0.71853
-0.71464
-0.73366
-0.72168
-0.71632
-0.79135
-0.72938
-0.73632
-0.73191
-0.73136
-0.7323
-0.70679
-0.68331
-0.69954
-0.72872
-0.70498
-0.69706
-0.80216
45.4391
-0.7325
-0.72808
-0.71861
-0.70144
-0.85037
-0.71401
-0.69968
-0.74175
-0.84353
-0.71231
-0.73995
-0.73996
-0.78914
-0.72385
-0.75268
-0.72428
-0.70998
0
-0.8079
-0.76417
0
0
0
0
0
0
0
0
0
0
0
0
-1.2033
0
0
0
0
0
0
-2.1588
0
0
0
0
0
0
0
0
0
0
0
-3.6763
0
0
0
0
0
0
0
0
0
0
0
0
0
0
0
0
-4.3601
0
0
0
0
0
0
0
0
0
0
0
0
0
0
0
0
0
0
0
0
0
0
0
0
0
0
0
-0.74917
-0.75678
-0.7493
-0.74456
-0.74828
-0.76554
-0.76852
-0.76851
-0.72027
-0.71595
-0.71667
-0.73395
-0.71829
-0.73648
-0.7897
-0.72888
-0.73522
-0.72484
-0.72413
-0.72536
-0.70536
-0.6815
-0.69635
-0.73441
-0.70831
-0.69563
-0.80357
-0.7325
37.2027
-0.73269
-0.71326
-0.70223
-0.85136
-0.72044
-0.70083
-0.75816
-0.84499
-0.71747
-0.74073
-0.74073
-0.79756
-0.72559
-0.75972
-0.72845
-0.71343
-0.73122
-0.8091
-0.76348
-0.76644
-0.781
-0.82583
0
0
0
0
0
0
0
0
0
0
0
0
0
0
0
0
0
0
0
0
0
0
0
0
0
0
0
0
0
0
0
0
0
0
0
0
0
0
0
0
0
0
0
0
0
0
0
0
0
0
0
0
0
0
0
0
0
0
0
0
0
0
0
0
0
0
0
0
0
0
0
0
0
-0.74376
-0.75137
-0.74397
-0.73918
-0.74291
-0.76021
-0.7631
-0.76311
-0.71495
-0.71057
-0.71145
-0.72858
-0.7129
-0.73112
-0.78427
-0.72344
-0.72994
-0.71951
-0.71878
-0.72002
-0.6999
-0.67537
-0.69083
-0.72889
-0.70157
-0.68996
-0.79848
-0.72808
-0.73269
36.1153
-0.70984
-0.69482
-0.84654
-0.71482
-0.6938
-0.75235
-0.84008
-0.71084
-0.73624
-0.73624
-0.79471
-0.71906
-0.75399
-0.72352
-0.70726
-0.72486
-0.80335
-0.75779
-0.76075
-0.77548
0
0
0
0
0
0
0
0
0
0
0
0
0
0
0
0
0
0
0
0
0
0
0
0
0
0
0
0
0
0
0
0
0
0
0
0
0
0
0
0
0
0
0
0
0
0
0
0
0
0
0
0
0
0
0
0
0
0
0
0
0
0
0
0
0
0
0
0
0
0
0
0
0
0
-0.73767
-0.74518
-0.68557
-0.72968
-0.73301
-0.75518
-0.75323
-0.75323
-0.70486
-0.70064
-0.70227
-0.71921
-0.70302
-0.72114
-0.77608
-0.71416
-0.72122
-0.71061
-0.70981
-0.71117
-0.69497
-0.66831
-0.68131
-0.72072
-0.68359
-0.68644
-0.79123
-0.71861
-0.71326
-0.70984
39.6219
-0.68312
-0.83903
-0.69506
-0.68022
-0.72309
-0.83315
-0.69994
-0.72107
-0.72109
-0.78942
-0.70255
-0.73491
-0.70672
-0.69386
-0.70779
-0.78739
-0.74348
-0.7463
0
0
0
0
0
0
0
0
0
0
0
0
0
0
0
0
0
0
0
0
0
0
0
0
0
0
0
0
0
0
0
0
0
0
0
0
0
0
0
0
0
-4.8585
0
0
0
0
0
0
0
0
0
0
0
0
0
0
0
0
0
0
0
0
0
0
0
0
0
0
0
0
0
0
0
0
0
-0.71677
-0.72424
-0.71678
-0.71213
-0.71606
-0.73288
-0.73561
-0.73561
-0.68816
-0.6838
-0.6847
-0.70161
-0.68607
-0.70422
-0.75652
-0.69634
-0.70309
-0.69249
-0.69179
-0.69298
-0.67298
-0.64885
-0.66439
-0.70167
-0.67338
-0.66348
-0.77062
-0.70144
-0.70223
-0.69482
-0.68312
34.0067
-0.81827
-0.68585
-0.66245
-0.72103
-0.81334
-0.66945
-0.70849
-0.70849
-0.7727
-0.68531
-0.7128
-0.69272
-0.6769
-0.69368
-0.77497
-0.72953
-0.73188
0
0
0
0
0
0
0
0
0
0
0
0
0
0
0
0
0
0
0
0
0
0
0
0
0
0
0
0
0
0
0
0
0
0
0
0
0
0
0
0
0
0
0
0
0
0
0
0
0
0
0
0
0
0
0
0
0
0
0
0
0
0
0
0
0
0
0
0
0
0
0
0
0
0
0
-0.87149
-0.88016
-0.86708
-0.86421
-0.87533
-0.87975
-0.89306
-0.89306
-0.84468
-0.83846
-0.83204
-0.858
-0.8391
-0.86533
-0.91623
-0.84872
-0.8585
-0.84663
-0.84597
-0.84709
-0.82511
-0.80122
-0.81582
-0.85387
-0.82397
-0.8156
-0.92247
-0.85037
-0.85136
-0.84654
-0.83903
-0.81827
54.9717
-0.83027
-0.81229
-0.85929
-0.97129
-0.82959
-0.85739
-0.8574
-0.91596
-0.83688
-0.86905
-0.84234
0
0
0
0
0
0
0
0
0
0
0
0
0
0
0
0
0
0
0
0
0
0
0
0
0
0
0
0
0
0
-2.6129
0
0
0
0
0
0
0
0
0
0
0
0
0
0
0
0
0
0
0
0
0
0
0
0
0
0
0
0
0
0
0
0
0
-7.7743
0
0
0
0
0
0
0
0
0
-7.7743
0
0
0
0
0
-0.71965
-0.72708
-0.72897
-0.72355
-0.72736
-0.74478
-0.74813
-0.74813
-0.70014
-0.69591
-0.6968
-0.7139
-0.69837
-0.71649
-0.76934
-0.70896
-0.7158
-0.70557
-0.70484
-0.70608
-0.68565
-0.66052
-0.67654
-0.71446
-0.68728
-0.67578
-0.78423
-0.71401
-0.72044
-0.71482
-0.69506
-0.68585
-0.83027
35.0035
-0.67073
-0.73684
-0.82526
-0.67929
-0.71846
-0.71846
-0.78711
-0.69782
-0.72849
-0.70247
-0.69287
0
0
0
0
-0.76243
0
0
0
0
0
0
0
0
0
0
0
0
0
0
0
0
0
0
-2.6385
0
0
0
0
0
0
0
0
0
0
0
0
0
0
0
0
0
0
0
0
0
0
0
0
0
0
0
0
0
0
0
0
0
0
0
0
0
0
0
0
0
0
0
0
0
0
0
0
0
0
0
0
0
0
0
-0.71541
-0.72291
-0.71439
-0.71046
-0.71449
-0.73086
-0.73423
-0.73424
-0.68626
-0.68242
-0.68297
-0.70035
-0.68484
-0.7036
-0.75516
-0.6953
-0.69945
-0.69178
-0.69108
-0.69228
-0.67193
-0.64753
-0.66317
-0.69999
-0.67208
-0.66145
-0.76776
-0.69968
-0.70083
-0.6938
-0.68022
-0.66245
-0.81229
-0.67073
32.8254
-0.70166
-0.81118
-0.66612
-0.71385
-0.71386
-0.76776
-0.67652
-0.69701
-0.68763
-0.68638
0
0
0
0
0
0
0
0
0
0
0
0
0
0
0
0
0
0
0
0
0
-1.8571
0
0
0
0
0
0
0
0
0
0
0
0
0
0
0
0
0
0
0
0
0
0
0
0
0
0
0
0
0
0
0
0
0
0
0
0
0
0
0
0
0
0
0
0
0
0
0
0
0
0
0
0
0
0
0
0
0
-0.76336
-0.77109
-0.76333
-0.75575
-0.76084
-0.77435
-0.78185
-0.78185
-0.73248
-0.72827
-0.72832
-0.74515
-0.73038
-0.74688
-0.80034
-0.74104
-0.74645
-0.73722
-0.73645
-0.73776
-0.71674
-0.6892
-0.70653
-0.74452
-0.71935
-0.70383
-0.81243
-0.74175
-0.75816
-0.75235
-0.72309
-0.72103
-0.85929
-0.73684
-0.70166
37.2041
-0.85506
-0.72221
-0.75325
-0.75326
-0.81499
-0.73075
-0.76047
-0.7365
-0.65699
0
0
0
0
0
0
0
0
0
0
0
0
0
0
0
0
0
0
0
0
0
0
0
0
0
0
0
0
0
0
0
0
0
0
0
0
0
0
0
0
0
0
0
0
0
0
0
0
0
-4.2707
0
0
0
0
0
0
0
0
0
0
0
0
0
0
0
0
0
0
0
0
0
0
0
0
0
0
0
0
0
-0.85637
-0.8653
-0.86474
-0.85714
-0.86726
-0.87542
-0.88938
-0.88937
-0.83564
-0.83176
-0.83151
-0.84802
-0.83053
-0.85843
-0.90949
-0.83975
-0.85246
-0.8392
-0.83857
-0.83967
-0.81856
-0.79524
-0.80999
-0.84568
-0.81749
-0.81119
-0.92008
-0.84353
-0.84499
-0.84008
-0.83315
-0.81334
-0.97129
-0.82526
-0.81118
-0.85506
53.6011
-0.82682
-0.85199
-0.852
-0.91071
0
0
0
0
0
-0.91919
0
0
0
0
0
0
0
0
0
0
0
0
0
0
0
0
0
0
0
0
0
0
0
0
0
0
0
0
0
0
0
0
0
0
0
0
0
0
0
-3.8457
0
0
0
0
0
0
0
0
0
0
0
0
0
0
0
0
-7.4093
-7.4093
0
0
0
0
0
0
0
0
0
0
0
0
0
0
0
0
0
0
0
-0.73195
-0.73943
-0.73494
-0.72656
-0.73054
-0.74864
-0.75098
-0.75097
-0.70242
-0.69809
-0.69834
-0.71618
-0.70047
-0.71796
-0.77063
-0.71087
-0.71771
-0.70757
-0.70686
-0.70808
-0.68671
-0.66216
-0.6777
-0.71642
-0.68731
-0.67585
-0.72808
-0.71231
-0.71747
-0.71084
-0.69994
-0.66945
-0.82959
-0.67929
-0.66612
-0.72221
-0.82682
34.711
-0.72316
-0.72316
0
-0.68956
-0.70052
-0.69883
0
0
0
0
0
0
0
0
0
0
0
0
0
0
0
0
0
0
0
0
0
0
0
0
0
0
0
0
0
0
0
0
0
0
0
0
0
0
0
0
0
0
0
0
0
0
0
0
0
0
0
-4.6383
0
0
0
0
0
0
0
0
0
0
0
0
0
0
0
0
0
0
0
0
0
0
0
0
0
0
0
0
-0.75536
-0.76296
-0.75549
-0.75086
-0.75492
-0.77218
-0.77505
-0.77505
-0.72652
-0.72192
-0.72278
-0.74017
-0.7245
-0.74246
-0.79615
-0.73494
-0.7426
-0.73147
-0.73076
-0.73197
-0.71071
-0.68637
-0.70146
-0.74107
-0.71076
-0.70057
-0.81004
-0.73995
-0.74073
-0.73624
-0.72107
-0.70849
-0.85739
-0.71846
-0.71385
-0.75325
-0.85199
-0.72316
31.2711
-0.75956
0
-0.73432
-0.76717
-0.73645
0
0
0
0
0
0
0
0
0
0
0
0
0
0
0
0
0
0
0
0
0
0
0
0
0
0
0
0
0
0
0
0
0
0
0
0
0
0
0
0
0
0
0
0
0
0
0
0
0
0
0
0
0
0
0
0
0
0
0
0
0
0
0
0
0
0
0
0
0
0
0
0
0
0
0
0
0
0
0
0
-0.75535
-0.76298
-0.75549
-0.75089
-0.75493
-0.77218
-0.77506
-0.77505
-0.72652
-0.72191
-0.72279
-0.74017
-0.7245
-0.74246
-0.79616
-0.73494
-0.74261
-0.73148
-0.73076
-0.73197
-0.71072
-0.68637
-0.70146
-0.74107
-0.71077
-0.70057
-0.81004
-0.73996
-0.74073
-0.73624
-0.72109
-0.70849
-0.8574
-0.71846
-0.71386
-0.75326
-0.852
-0.72316
-0.75956
31.2713
0
-0.73432
-0.76717
-0.73647
0
0
0
0
0
0
0
0
0
0
0
0
0
0
0
0
0
0
0
0
0
0
0
0
0
0
0
0
0
0
0
0
0
0
0
0
0
0
0
0
0
0
0
0
0
0
0
0
0
0
0
0
0
0
0
0
0
0
0
0
0
0
0
0
0
0
0
0
0
0
0
0
0
0
0
0
0
0
0
0
-0.82092
-0.82896
-0.8209
-0.81435
-0.81953
-0.83242
-0.84542
-0.84543
-0.79038
-0.78674
-0.78221
-0.8017
-0.79282
-0.80464
-0.86096
-0.80287
-0.79961
-0.80231
-0.80175
-0.8027
-0.77366
-0.75237
-0.76421
-0.75823
-0.77129
-0.76131
-0.87019
-0.78914
-0.79756
-0.79471
-0.78942
-0.7727
-0.91596
-0.78711
-0.76776
-0.81499
-0.91071
0
0
0
46.9881
0
0
0
0
0
0
0
0
0
0
0
0
0
0
0
0
0
0
0
0
0
0
0
0
-2.3452
0
0
0
0
0
0
0
0
0
0
0
0
0
0
0
0
0
0
0
0
0
0
0
-3.9406
0
-4.6341
0
0
0
0
0
0
0
0
0
0
0
0
0
0
0
0
0
0
0
0
0
0
0
0
0
-6.2202
0
0
0
0
0
0
-0.74085
-0.74859
-0.73812
-0.73455
-0.73863
-0.75486
-0.75945
-0.75944
-0.71053
-0.70657
-0.70696
-0.72711
-0.70897
-0.71518
-0.77999
-0.7197
-0.72511
-0.71661
-0.71589
-0.71711
-0.69594
-0.67129
-0.67169
-0.72503
-0.69651
-0.68473
-0.78559
-0.72385
-0.72559
-0.71906
-0.70255
-0.68531
-0.83688
-0.69782
-0.67652
-0.73075
0
-0.68956
-0.73432
-0.73432
0
32.8936
0
0
0
0
0
0
0
0
0
0
0
0
0
0
0
0
0
0
0
0
0
-1.8623
0
0
0
0
0
0
0
0
0
0
0
-2.8197
0
0
0
0
0
0
0
0
0
0
0
0
0
0
0
0
0
0
0
0
0
0
0
0
0
0
0
0
0
0
0
0
0
0
0
0
0
0
0
0
0
0
0
0
0
0
0
0
-0.77307
-0.78095
-0.77353
-0.76649
-0.77166
-0.78606
-0.79314
-0.79314
-0.74311
-0.73892
-0.73886
-0.75624
-0.74132
-0.75912
-0.81252
-0.75197
-0.75737
-0.74885
-0.74811
-0.74938
-0.7276
-0.70195
-0.71778
-0.75551
-0.72904
-0.71624
-0.82619
-0.75268
-0.75972
-0.75399
-0.73491
-0.7128
-0.86905
-0.72849
-0.69701
-0.76047
0
-0.70052
-0.76717
-0.76717
0
0
35.3252
0
0
0
0
0
0
0
0
0
0
0
0
0
0
0
0
0
0
0
0
0
0
0
0
0
0
0
0
0
0
0
0
0
0
0
0
0
0
0
0
0
0
0
0
0
0
0
0
0
0
0
0
0
0
0
0
0
0
0
0
0
0
0
0
0
0
0
0
0
0
0
0
0
0
0
0
-5.8631
0
0
0
0
-0.742
-0.74916
-0.74269
-0.73962
-0.74349
-0.7607
-0.76386
-0.76386
-0.715
-0.71078
-0.71076
-0.7279
-0.71279
-0.73101
-0.78392
-0.72301
-0.73018
-0.71981
-0.7191
-0.7203
-0.6992
-0.6749
-0.69029
-0.71115
-0.69905
-0.66995
-0.79678
-0.72428
-0.72845
-0.72352
-0.70672
-0.69272
-0.84234
-0.70247
-0.68763
-0.7365
0
-0.69883
-0.73645
-0.73647
0
0
0
31.3031
0
0
0
0
0
0
0
0
0
0
0
0
0
0
0
0
0
0
0
0
0
0
0
0
0
0
0
0
0
0
0
0
-2.9354
0
0
0
0
0
0
0
0
0
0
0
0
0
0
0
0
0
0
0
0
0
0
0
0
0
0
0
0
0
0
0
0
0
0
0
0
0
0
0
0
0
0
0
0
0
0
0
-0.72906
-0.73674
-0.72857
-0.7208
-0.72638
-0.73871
-0.74707
-0.74707
-0.69873
-0.69424
-0.6947
-0.71092
-0.69639
-0.71298
-0.76509
-0.70659
-0.71198
-0.70347
-0.70277
-0.70396
-0.68306
-0.65902
-0.67404
-0.71223
-0.68383
-0.67442
-0.77868
-0.70998
-0.71343
-0.70726
-0.69386
-0.6769
0
-0.69287
-0.68638
-0.65699
0
0
0
0
0
0
0
0
29.4958
-0.66195
0
0
0
0
0
0
0
0
0
0
0
0
0
0
0
0
0
0
0
0
0
0
0
0
0
0
0
0
0
0
0
0
0
0
0
0
0
0
0
0
0
0
0
0
0
0
0
0
-4.0546
0
0
0
0
0
0
0
0
0
0
0
0
0
0
0
0
0
0
0
0
0
0
0
0
0
0
0
0
0
-0.74512
-0.75315
-0.74188
-0.73682
-0.74198
-0.75284
-0.76305
-0.76304
-0.714
-0.70969
-0.70937
-0.72914
-0.7122
-0.73214
-0.78416
-0.72278
-0.69468
-0.72014
-0.71942
-0.72063
-0.69917
-0.67463
-0.68909
-0.72403
-0.70027
-0.68892
-0.79678
0
-0.73122
-0.72486
-0.70779
-0.69368
0
0
0
0
0
0
0
0
0
0
0
0
-0.66195
28.4881
0
0
0
0
0
0
0
0
0
0
0
0
0
0
0
0
0
-1.8535
0
0
0
0
0
0
0
0
0
0
0
0
0
-3.476
0
0
0
0
0
0
0
0
0
0
0
0
0
0
0
0
0
0
0
0
0
0
0
0
0
0
0
0
0
0
0
0
0
0
0
0
0
0
0
0
0
0
0
0
0
0
-0.8215
-0.82941
-0.82169
-0.81715
-0.82147
-0.83947
-0.84233
-0.84235
-0.79237
-0.78733
-0.78858
-0.80636
-0.79006
-0.80927
-0.86447
-0.80099
-0.80908
-0.79742
-0.79667
-0.79792
-0.77593
-0.75029
-0.76679
-0.80855
-0.77738
-0.76639
-0.88197
-0.8079
-0.8091
-0.80335
-0.78739
-0.77497
0
0
0
0
-0.91919
0
0
0
0
0
0
0
0
0
26.7051
0
0
0
0
0
0
0
0
0
0
0
0
0
0
0
0
0
0
0
0
0
0
0
0
0
0
0
0
0
0
0
0
0
0
0
0
0
0
0
0
0
0
0
0
0
0
0
0
0
0
0
0
0
0
0
0
0
0
0
0
0
0
0
0
0
0
0
0
0
0
0
0
0
0
0
0
0
-0.77866
-0.78639
-0.7784
-0.77392
-0.77813
-0.796
-0.79826
-0.79825
-0.74946
-0.74445
-0.74592
-0.76325
-0.74697
-0.7665
-0.82009
-0.7575
-0.76637
-0.75397
-0.75325
-0.75448
-0.7331
-0.70829
-0.72461
-0.76567
-0.73388
-0.72447
-0.83752
-0.76417
-0.76348
-0.75779
-0.74348
-0.72953
0
0
0
0
0
0
0
0
0
0
0
0
0
0
0
24.3962
0
0
0
0
0
0
0
0
0
0
0
0
0
0
0
0
0
0
0
0
0
0
0
0
0
0
0
0
0
0
0
0
0
0
0
0
0
0
0
0
0
0
0
0
0
0
0
0
0
0
0
0
0
0
0
0
0
0
0
0
0
0
0
0
0
0
0
0
0
0
0
0
0
0
0
0
-0.78236
-0.79007
-0.782
-0.77758
-0.78162
-0.79983
-0.80159
-0.80158
-0.75309
-0.74815
-0.74969
-0.76685
-0.75063
-0.77076
-0.82342
-0.76099
-0.77022
-0.75768
-0.75697
-0.75818
-0.7369
-0.71252
-0.72868
-0.76971
-0.73761
-0.72867
-0.84072
0
-0.76644
-0.76075
-0.7463
-0.73188
0
0
0
0
0
0
0
0
0
0
0
0
0
0
0
0
23.7434
0
0
0
0
0
0
0
0
0
0
0
0
0
0
0
0
0
0
0
0
0
0
0
0
0
0
0
0
0
0
0
0
0
0
0
0
0
0
0
0
0
0
0
0
0
0
0
0
0
0
0
0
0
0
0
0
0
0
0
0
0
0
0
0
0
0
0
0
0
0
0
0
0
0
0
-0.79137
-0.7999
-0.79679
-0.7879
-0.77896
-0.80999
-0.81455
-0.81455
-0.76542
-0.76073
-0.76293
-0.77931
-0.76318
-0.78322
-0.83596
-0.77391
-0.78139
-0.77098
-0.77027
-0.7715
-0.75009
-0.72507
-0.74137
-0.78118
-0.75011
-0.74107
0
0
-0.781
-0.77548
0
0
0
-0.76243
0
0
0
0
0
0
0
0
0
0
0
0
0
0
0
26.4761
0
0
0
0
0
0
0
0
0
0
0
0
0
0
0
0
0
0
0
0
0
0
0
0
0
0
0
0
0
0
0
0
0
0
0
0
0
0
0
0
0
0
-3.9555
0
0
0
0
0
0
0
0
0
0
0
0
0
0
0
0
0
0
0
0
0
0
0
0
0
0
0
0
0
0
0
-0.83809
-0.84593
-0.83234
-0.83254
-0.83808
-0.84998
-0.8594
-0.85941
-0.80718
-0.80419
-0.79414
-0.82224
-0.80674
-0.82597
-0.87964
-0.81801
-0.82035
-0.81551
-0.81476
-0.81605
-0.79412
-0.76805
-0.78435
-0.82185
-0.79634
-0.78411
0
0
-0.82583
0
0
0
0
0
0
0
0
0
0
0
0
0
0
0
0
0
0
0
0
0
30.3011
0
0
0
0
0
0
0
0
0
0
0
0
0
0
0
0
0
0
0
0
0
0
0
-2.4934
0
0
0
0
0
0
0
0
0
0
0
0
0
0
0
0
0
0
0
0
0
0
0
0
0
0
0
0
0
0
0
-5.6525
0
0
0
0
0
0
0
0
0
0
0
0
0
0
0
0
0
-0.81526
-0.82421
-0.81021
-0.81164
-0.81617
-0.83107
-0.83955
-0.83955
-0.78895
-0.78533
-0.78458
-0.80498
-0.788
-0.80732
-0.86008
-0.79915
-0.80483
-0.79684
-0.79608
-0.79737
-0.77613
-0.75118
-0.76747
-0.80394
-0.77954
-0.76677
0
0
0
0
0
0
0
0
0
0
0
0
0
0
0
0
0
0
0
0
0
0
0
0
0
30.4291
0
0
0
0
0
0
0
0
0
0
0
0
0
0
0
0
0
0
0
0
0
0
0
0
0
0
0
0
0
0
0
0
0
0
0
0
0
0
0
0
0
-3.9646
0
0
0
0
0
0
0
0
0
0
0
0
0
0
0
0
0
0
0
0
0
0
0
0
0
0
0
0
0
-5.6183
-0.9054
-0.91359
-0.90788
-0.90129
-0.90605
-0.92471
-0.92696
-0.92695
-0.87567
-0.87017
-0.87205
-0.89055
-0.87288
-0.89478
-0.9503
-0.88406
-0.89389
-0.88052
-0.87977
-0.88106
-0.85849
-0.83239
-0.85009
-0.89372
-0.85917
-0.84997
0
0
0
0
0
0
0
0
0
0
0
0
0
0
0
0
0
0
0
0
0
0
0
0
0
0
23.1023
0
0
0
0
0
0
0
0
0
0
0
0
0
0
0
0
0
0
0
0
0
0
0
0
0
0
0
0
0
0
0
0
0
0
0
0
0
0
0
0
0
0
0
0
0
0
0
0
0
0
0
0
0
0
0
0
0
0
0
0
0
0
0
0
0
0
0
0
0
0
0
-0.76244
-0.76995
-0.78502
-0.77729
-0.78163
-0.80072
-0.8025
-0.8025
-0.75383
-0.74887
-0.75127
-0.76845
-0.75167
-0.77311
-0.82589
-0.76227
-0.7711
-0.76004
-0.75932
-0.76055
-0.73933
-0.71438
-0.73107
0
-0.73953
0
0
0
0
0
0
0
0
0
0
0
0
0
0
0
0
0
0
0
0
0
0
0
0
0
0
0
0
20.7754
0
0
0
0
0
0
0
0
0
0
0
0
0
0
-2.3827
0
0
0
0
0
0
0
0
0
0
0
0
0
0
0
0
0
0
0
0
0
0
0
0
0
0
0
0
0
0
0
0
0
0
0
0
0
0
0
0
0
0
0
0
0
0
0
0
0
0
0
0
0
0
0
-0.86764
-0.87603
-0.87055
-0.86112
-0.86638
-0.88052
-0.88843
-0.88843
-0.83667
-0.83192
-0.83282
-0.84989
-0.83434
-0.85448
-0.90839
-0.84548
-0.85179
-0.84249
-0.84175
-0.84303
-0.82093
-0.7952
-0.8115
0
0
0
0
0
0
0
0
0
0
0
0
0
0
0
0
0
0
0
0
0
0
0
0
0
0
0
0
0
0
0
25.0292
0
0
0
0
0
0
0
0
0
0
0
0
0
0
0
0
0
0
0
0
0
0
0
0
0
0
0
0
0
0
0
0
0
0
0
0
0
0
0
0
0
0
0
0
0
-5.4294
0
0
0
0
0
0
0
0
0
0
0
0
0
0
0
0
0
0
0
0
0
0
0
-0.86374
-0.87227
-0.86677
-0.85932
-0.86407
-0.87996
-0.88646
-0.88646
-0.83483
-0.83006
-0.83152
-0.84885
-0.83244
-0.85369
-0.90664
-0.84339
0
-0.84015
-0.83941
-0.84068
-0.81884
0
0
0
0
0
0
0
0
0
0
0
0
0
0
0
0
0
0
0
0
0
0
0
0
0
0
0
0
0
0
0
0
0
0
21.9277
0
0
0
0
0
0
0
0
0
0
0
0
0
0
0
0
0
0
0
0
0
0
0
0
0
0
0
0
0
0
0
0
0
0
0
0
0
0
0
0
0
0
0
0
0
0
0
0
0
0
0
0
0
0
0
0
0
0
0
0
-4.8281
0
0
0
0
0
0
0
-1.0055
-1.014
-1.0095
-1.0018
-1.0067
-1.0268
-1.0279
-1.0279
-0.97573
-0.96985
-0.97218
-0.99066
-0.9726
-0.99615
-1.0528
-0.98426
-0.99613
-0.98029
-0.97951
-0.98084
-0.9585
0
0
0
0
0
0
0
0
0
0
0
0
0
0
0
0
0
0
0
0
0
0
0
0
0
0
0
0
0
0
0
0
0
0
0
20.9295
0
0
0
0
0
0
0
0
0
0
0
0
0
0
0
0
0
0
0
0
0
0
0
0
0
0
0
0
0
0
0
0
0
0
0
0
0
0
0
0
0
0
0
0
0
0
0
0
0
0
0
0
0
0
0
0
0
0
0
0
0
0
0
0
0
0
0
-0.87111
-0.87926
-0.87367
-0.81301
-0.86889
-0.88276
-0.8908
-0.8908
-0.84013
-0.83511
-0.83622
-0.85364
-0.83745
-0.85827
-0.90997
-0.84823
0
-0.84459
-0.84384
-0.84512
0
0
0
0
0
0
0
0
0
0
0
0
0
0
0
0
0
0
0
0
0
0
0
0
0
0
0
0
0
0
0
0
0
0
0
0
0
19.7312
0
0
0
0
0
0
0
0
0
0
0
0
0
0
0
0
0
0
0
0
0
0
0
0
0
0
0
0
0
0
0
0
0
0
0
0
0
0
0
0
-3.4084
0
0
0
0
0
0
0
0
0
0
0
0
0
0
0
0
0
0
0
0
0
0
0
0
0
-1.3005
-1.3092
-1.3078
-1.3
-1.3065
-1.3296
-1.3287
-1.3287
-1.2722
-1.2646
-1.2686
-1.2862
-1.2679
0
0
-1.2806
0
0
0
0
0
0
0
0
0
0
0
0
0
0
0
0
0
0
0
0
0
0
0
0
0
0
0
0
0
0
0
0
0
0
0
0
0
0
0
0
0
0
18.1511
0
0
0
0
0
0
0
0
0
0
0
0
0
0
0
0
0
0
0
0
0
0
0
0
0
0
0
0
0
0
0
0
0
0
0
0
0
0
0
0
0
0
0
0
0
0
0
0
0
0
0
0
0
0
0
0
0
0
0
0
0
0
0
0
0
-1.1976
-1.206
-1.2157
-1.1993
-1.2035
-1.235
-1.2244
-1.2244
-1.1761
-1.1668
0
0
0
0
0
0
0
0
0
0
0
0
0
0
0
0
0
0
0
0
0
0
0
0
0
0
0
0
0
0
0
0
0
0
0
0
0
0
0
0
0
0
0
0
0
0
0
0
0
13.6157
-1.5669
0
0
0
0
0
0
0
0
0
0
0
0
0
0
0
0
0
0
0
0
0
0
0
0
0
0
0
0
0
0
0
0
0
0
0
0
0
0
0
0
0
0
0
0
0
0
0
0
0
0
0
0
0
0
0
0
0
0
0
0
0
0
0
-1.2471
-1.2567
0
-1.2443
-1.2499
0
-1.2744
-1.2744
0
0
0
0
0
0
0
0
0
0
0
0
0
-1.1697
0
0
0
0
0
-1.2033
0
0
0
0
0
0
0
0
0
0
0
0
0
0
0
0
0
0
0
0
0
0
0
0
0
0
0
0
0
0
0
-1.5669
17.2511
0
0
0
0
0
0
0
0
0
-2.7324
0
0
0
0
0
0
0
0
0
-3.0322
0
0
0
0
0
0
0
0
0
0
0
0
0
0
0
0
0
0
0
0
0
0
0
0
0
0
0
0
0
0
0
0
0
0
0
0
0
0
0
0
0
0
0
-1.3869
-1.3954
-1.3934
-1.3853
-1.3927
-1.4139
-1.4133
-1.4133
-1.356
-1.3477
0
0
-1.3517
0
0
0
0
0
0
0
0
0
0
0
0
0
0
0
0
0
0
0
0
0
0
0
0
0
0
0
0
0
0
0
0
0
0
0
0
0
0
0
0
0
0
0
0
0
0
0
0
15.2496
0
0
0
0
0
0
0
0
0
0
0
0
0
0
0
0
0
0
0
0
0
0
0
0
0
0
0
0
0
0
0
0
0
0
0
0
0
0
0
0
0
0
0
0
0
0
0
0
0
0
0
0
0
0
0
0
0
0
0
0
0
0
-1.3319
-1.3445
-1.3382
-1.3339
-1.3393
-1.3507
-1.3697
-1.3697
0
0
0
0
0
0
0
0
0
0
0
0
0
0
0
0
0
0
0
0
0
0
0
0
0
0
0
0
0
0
0
0
0
0
0
0
0
0
0
0
0
0
0
0
0
0
0
0
0
0
0
0
0
0
17.7312
0
0
0
0
0
0
-1.9271
0
0
0
0
0
0
0
0
0
0
0
0
0
0
0
0
0
0
0
0
0
0
0
0
0
0
0
0
0
0
0
-5.0262
0
0
0
0
0
0
0
0
0
0
0
0
0
0
0
0
0
0
0
0
0
0
0
0
0
0
0
0
0
0
0
0
0
0
0
0
0
0
0
0
0
0
0
0
0
0
0
0
0
0
0
0
0
0
0
0
0
0
0
0
0
0
0
-1.8623
0
0
0
-1.8535
0
0
0
0
0
0
0
0
0
0
0
0
0
0
0
0
0
14.8494
0
-2.7965
-2.466
0
0
0
0
0
0
0
0
0
0
0
0
0
0
0
0
0
-1.7356
0
0
0
0
0
0
0
0
0
0
0
0
0
0
-4.1355
0
0
0
0
0
0
0
0
0
0
0
0
0
0
0
0
0
0
0
0
0
0
0
0
0
0
0
0
0
-2.3618
0
0
0
0
0
0
0
0
0
0
0
0
0
0
0
0
0
-2.3181
0
0
0
0
0
0
0
0
0
0
0
0
0
0
0
0
0
0
0
0
0
0
0
0
0
0
0
0
0
0
0
0
0
0
0
0
0
0
0
0
14.375
0
0
0
0
0
0
0
0
0
0
0
0
-3.6046
0
-3.539
0
0
0
0
-2.5515
0
0
0
0
0
0
0
0
0
0
0
0
0
0
0
0
0
0
0
0
0
0
0
0
0
0
0
0
0
0
0
0
0
0
0
0
0
0
0
0
0
0
0
0
0
0
0
0
0
0
0
0
0
0
0
0
0
0
0
0
0
0
0
0
0
0
0
0
0
0
0
0
0
0
0
0
0
0
0
-2.3452
0
0
0
0
0
0
0
0
0
0
0
0
0
0
0
0
0
0
0
0
0
0
-2.7965
0
16.0215
0
-2.8339
0
0
0
0
0
0
0
0
-3.0111
0
0
0
0
0
0
0
0
0
0
0
0
0
0
0
0
0
0
0
0
0
0
0
0
0
0
0
0
0
0
0
0
0
0
0
-5.0347
0
0
0
0
0
0
0
0
0
0
0
0
0
0
0
0
0
0
0
0
0
0
0
0
0
0
0
-1.927
0
0
0
0
0
0
0
0
0
0
0
0
0
0
0
0
0
-1.8571
0
0
0
0
0
0
0
0
0
0
0
0
0
0
0
0
0
0
0
0
0
0
0
0
0
0
0
0
-2.466
0
0
13.7153
0
0
0
0
0
0
-3.0147
0
0
0
0
0
0
0
0
0
0
0
0
0
0
0
0
0
0
0
0
0
0
0
0
0
0
0
0
0
0
0
0
0
0
0
0
0
0
0
0
0
-4.4506
0
0
0
0
0
0
0
0
0
0
0
0
0
0
0
0
0
0
0
0
0
0
0
0
0
0
0
0
0
0
0
0
0
0
0
-2.1588
0
0
0
0
0
0
0
0
0
0
0
0
0
0
0
0
0
0
0
0
0
0
0
0
0
0
0
0
0
0
0
0
0
0
0
0
0
-2.8339
0
16.4365
0
0
0
0
0
-3.2704
0
0
0
0
0
0
0
0
0
0
0
0
0
0
0
-3.6297
0
0
0
0
0
0
0
0
0
0
0
0
0
0
0
0
0
0
0
0
0
0
0
-4.5438
0
0
0
0
0
0
0
0
0
0
-2.7493
-2.761
0
0
0
0
0
0
0
0
0
0
0
0
0
0
0
0
0
0
0
0
0
0
0
0
0
0
0
0
0
0
0
-2.6385
0
0
0
0
0
0
0
0
0
0
0
0
0
0
0
0
0
0
0
-2.3827
0
0
0
0
0
0
0
0
0
0
0
0
0
0
16.2636
0
0
0
0
0
0
0
0
0
0
0
0
0
0
0
0
0
0
0
0
0
0
0
0
0
0
0
0
0
0
0
0
0
0
0
0
0
0
0
0
0
0
0
0
0
-5.7321
0
0
0
0
0
0
0
0
0
0
0
0
0
0
0
0
0
-1.2419
0
0
0
0
0
0
0
0
0
0
0
0
0
0
0
0
0
0
0
0
0
0
0
0
0
0
0
0
0
0
0
0
0
0
0
0
0
0
0
0
0
0
0
0
0
0
0
0
0
0
0
0
0
-1.9271
0
0
0
0
0
0
9.8862
0
0
0
0
0
0
0
0
0
0
-2.8126
0
0
0
0
0
0
0
0
0
0
0
0
0
0
0
0
0
0
0
0
0
-3.9046
0
0
0
0
0
0
0
0
0
0
0
0
0
0
0
0
0
0
0
0
0
0
0
0
0
0
0
0
0
0
0
0
0
0
0
0
0
0
0
0
0
0
0
0
0
0
0
0
0
0
0
0
0
0
0
0
0
0
0
0
0
0
0
0
0
0
0
0
0
0
0
0
0
0
0
0
0
0
0
0
0
-2.7324
0
0
0
0
0
0
0
0
0
10.7726
0
0
-3.3948
0
0
0
0
0
0
0
0
0
0
0
0
0
0
0
0
0
0
0
0
0
0
-3.9435
0
0
0
0
0
0
0
0
0
0
0
0
-0.70182
0
0
0
0
0
0
0
0
0
0
0
0
0
0
0
0
-2.5107
0
0
0
0
0
0
0
0
0
0
0
0
0
0
0
0
0
0
0
0
0
0
0
-2.5422
0
0
0
0
0
0
0
0
0
0
0
0
0
0
0
0
0
0
0
0
0
0
0
0
0
0
0
0
0
0
0
0
0
0
0
0
0
0
0
0
0
0
0
0
12.6738
0
0
0
0
0
0
0
0
0
0
0
0
0
-3.315
0
0
0
0
0
0
0
0
0
0
0
0
0
0
0
0
0
0
0
0
0
0
0
0
-4.3058
0
0
0
0
0
0
0
0
0
0
0
0
0
0
0
-2.2702
0
0
0
0
0
0
0
0
0
0
0
0
0
0
0
0
0
0
0
0
0
0
0
0
0
0
0
0
0
0
0
0
0
0
0
0
0
0
0
0
0
0
0
0
0
0
0
0
0
0
0
0
0
0
0
0
0
0
0
0
0
0
0
0
0
0
0
0
0
10.5094
-3.0917
0
0
0
0
0
0
0
0
0
0
0
0
0
0
0
0
0
0
0
-3.7966
0
0
0
0
0
0
0
0
0
0
0
0
0
0
0
0
0
0
0
0
0
0
0
0
0
0
0
0
-1.351
0
0
0
0
0
0
0
0
0
0
0
0
0
0
0
0
0
0
0
0
0
0
0
0
0
0
0
0
0
0
0
0
0
0
0
0
0
0
0
0
0
0
0
0
0
0
0
0
0
0
0
0
0
0
0
0
0
0
0
0
0
0
0
0
0
0
0
-3.0147
-3.2704
0
0
-3.3948
0
-3.0917
12.7716
0
0
0
0
0
0
0
0
0
0
0
0
0
0
0
0
0
0
0
0
0
0
0
0
0
0
0
0
0
0
0
0
0
0
0
0
0
0
0
0
0
0
0
0
0
0
0
0
0
0
0
0
0
0
0
0
0
0
0
0
0
0
0
0
0
0
0
0
0
0
0
0
0
0
0
0
0
0
0
0
0
0
-2.6129
0
0
0
0
0
0
0
0
0
0
0
0
0
0
0
0
0
-2.4934
0
0
0
0
0
0
0
0
0
0
0
0
0
0
0
0
0
0
0
0
0
0
0
12.7895
0
0
0
0
0
0
0
0
0
0
-3.322
0
0
0
0
0
0
0
0
0
0
0
0
0
0
0
0
0
0
0
-4.3612
0
0
0
0
0
0
0
0
0
0
0
0
0
0
0
0
0
0
0
0
0
0
0
0
0
0
0
0
0
0
0
-2.9778
0
0
0
0
0
0
0
0
-2.879
0
0
0
0
0
0
0
0
0
0
0
0
0
0
0
0
0
0
-2.8197
0
0
0
0
0
0
0
0
0
0
0
0
0
0
0
0
0
0
0
0
0
0
0
0
0
0
0
0
0
0
0
0
0
11.9673
0
0
0
0
0
-3.2908
0
0
0
0
0
0
0
0
0
0
0
0
0
0
0
0
0
0
0
0
0
0
0
0
0
0
0
0
0
0
0
0
0
0
0
0
0
0
0
0
0
0
0
0
0
0
0
0
0
0
0
0
0
0
0
0
0
0
0
0
0
0
0
0
0
-3.0858
0
-3.0056
0
0
0
0
0
0
0
0
0
0
0
0
0
0
0
0
0
-2.9354
0
0
0
0
0
0
0
0
0
0
0
0
0
0
0
0
0
0
0
0
0
-3.0111
0
0
0
0
0
0
0
0
0
0
12.038
0
0
0
0
0
0
0
0
0
0
0
0
0
0
0
0
0
0
0
0
0
0
0
0
0
0
0
0
0
0
0
0
0
0
0
0
0
0
0
0
0
0
0
0
0
0
0
0
0
0
0
0
0
0
0
0
0
0
0
0
0
0
0
-3.793
0
0
0
0
0
0
0
0
0
0
0
0
0
0
0
0
0
0
0
0
0
0
0
0
0
0
0
0
-3.476
0
0
0
0
0
0
0
0
0
0
0
0
0
0
0
0
0
0
-3.6046
0
0
0
0
0
0
0
0
0
0
0
0
10.8736
0
0
0
0
0
0
0
0
0
0
0
0
0
0
0
0
0
0
0
0
0
0
0
0
0
0
0
0
0
0
0
0
0
0
0
0
0
0
0
0
0
0
0
0
0
0
-3.901
-3.9033
0
0
0
0
0
0
0
0
0
0
0
0
0
0
0
0
0
0
0
0
0
0
0
0
0
0
0
0
0
0
0
0
0
0
0
0
0
0
0
0
0
0
0
0
0
0
0
0
0
0
0
0
0
0
0
0
0
0
0
0
0
0
0
0
0
0
0
0
0
0
0
0
0
0
0
0
10.6697
0
0
0
0
0
0
0
-2.8654
0
0
0
0
0
0
0
0
0
0
0
0
0
0
0
0
0
0
0
0
0
0
0
0
0
0
0
0
0
0
0
0
0
0
0
0
0
0
0
0
0
0
0
0
0
0
0
0
0
0
-3.7703
0
0
0
0
0
0
0
0
0
0
0
0
0
-3.6763
0
0
0
0
0
0
0
0
0
0
0
0
0
0
0
0
0
0
0
0
0
0
0
0
0
0
0
0
0
0
0
0
0
0
0
0
-3.539
0
0
0
0
0
0
0
0
0
0
0
0
0
0
10.9856
0
0
0
0
0
0
0
0
0
0
0
0
0
0
0
0
0
0
0
0
0
0
0
0
0
0
0
0
0
0
0
0
0
0
0
0
0
0
0
0
0
0
0
0
0
0
0
0
0
0
0
0
0
0
0
0
0
0
0
0
-3.7148
0
0
0
0
0
0
0
0
0
0
0
0
0
0
0
0
0
0
0
0
0
0
0
0
0
0
0
0
0
0
0
0
0
0
0
0
0
0
0
0
0
0
0
-3.0322
0
0
0
0
0
0
0
0
-2.8126
0
0
0
0
0
0
0
0
0
0
9.5596
0
0
0
0
0
0
0
0
0
0
0
0
0
0
0
0
0
0
0
0
0
0
0
0
0
0
0
0
0
0
0
0
0
0
0
0
0
0
0
0
0
0
0
0
0
0
0
0
0
0
0
0
0
0
0
0
0
0
0
0
0
0
0
0
0
0
0
0
0
-3.5008
0
0
0
0
0
0
0
0
0
0
0
0
0
0
0
0
0
0
0
0
0
0
0
0
0
0
0
0
0
0
0
0
0
0
0
0
0
0
0
0
0
0
0
0
0
0
0
0
-3.2908
0
0
0
0
0
10.944
0
0
0
0
0
0
-4.1525
0
0
0
0
0
0
0
0
0
0
0
0
0
0
0
0
0
0
0
0
0
0
0
0
0
0
0
0
0
0
0
0
0
0
0
-3.2413
0
0
-3.236
0
0
0
0
0
0
0
0
0
0
0
0
0
0
0
0
0
0
0
0
0
0
0
0
0
0
0
0
0
0
0
0
0
0
0
0
0
0
0
0
0
0
0
0
0
0
0
0
0
0
0
0
0
0
0
0
0
0
0
0
0
0
0
0
0
0
0
0
0
0
0
0
0
0
0
0
0
0
10.4151
0
0
0
0
0
0
0
0
0
0
0
0
0
0
-3.9377
0
0
0
0
0
0
0
0
0
0
0
0
0
0
0
0
0
0
0
0
0
0
0
0
0
0
0
0
0
0
-3.3887
0
0
0
0
0
0
0
0
0
0
0
0
0
0
0
0
0
0
0
0
0
0
0
0
0
0
0
0
0
0
0
0
0
0
0
0
0
0
0
0
0
0
0
0
0
0
0
0
0
0
0
0
0
0
0
0
0
0
0
0
0
0
0
0
0
0
0
0
0
0
0
0
0
0
0
0
0
0
10.9348
0
0
0
0
0
0
0
0
-3.8608
0
0
0
0
-3.6853
0
0
0
0
0
0
0
0
0
0
0
0
0
0
0
0
0
0
0
0
0
0
0
0
0
0
0
0
0
0
0
0
0
0
0
0
0
0
0
0
0
0
0
0
0
0
0
0
0
0
0
0
0
0
0
0
0
0
0
0
0
0
0
0
0
0
0
0
0
0
0
0
0
0
0
0
0
0
0
0
0
0
0
0
0
0
0
0
0
-1.7356
-2.5515
0
0
0
0
0
0
0
0
0
0
0
0
0
0
0
0
0
0
0
8.8422
0
0
0
0
0
0
0
0
0
0
0
0
0
0
0
0
0
0
0
0
0
0
-4.5552
0
0
0
0
0
0
0
0
0
0
0
0
0
0
0
0
0
0
0
0
0
0
0
0
0
0
-3.9804
0
0
0
0
0
0
0
0
0
0
0
0
0
0
0
0
0
0
0
0
0
0
0
0
0
0
0
0
0
0
0
0
0
0
0
0
0
0
0
0
0
0
0
0
0
0
0
0
0
0
0
0
0
0
0
0
0
0
0
0
-3.315
0
0
-3.322
0
0
0
0
0
0
0
0
0
0
10.6174
0
0
0
0
0
0
0
0
0
0
0
0
0
0
0
0
0
0
0
0
0
0
0
0
0
0
0
0
0
0
0
0
0
0
0
0
0
0
0
0
0
0
0
0
0
0
0
0
0
0
0
0
0
0
0
0
0
0
0
0
0
0
0
0
0
0
0
0
0
0
0
0
0
0
-3.8457
0
0
0
0
0
0
0
0
0
0
0
0
0
0
0
0
0
0
0
0
0
0
0
0
0
0
0
0
0
0
0
0
0
0
0
0
0
0
0
0
0
-2.8654
0
0
0
0
0
0
0
10.9807
0
0
0
0
0
0
0
0
0
0
0
0
-4.2696
0
0
0
0
0
0
0
0
0
0
0
0
0
0
0
0
0
0
0
0
0
0
0
0
-4.8577
-4.8542
0
0
0
0
0
0
0
0
0
0
0
0
0
0
0
0
0
0
0
0
0
0
0
0
0
0
0
0
0
0
0
0
0
0
0
0
0
0
0
0
0
0
0
0
0
0
0
0
0
0
0
0
0
0
0
0
0
0
0
0
0
0
0
0
0
0
0
0
0
0
0
0
0
0
0
0
0
0
0
0
0
0
0
0
0
9.712
0
0
0
0
0
0
0
0
0
0
0
0
0
0
0
0
0
0
0
0
0
0
0
0
0
0
0
0
0
0
0
0
0
0
0
0
0
0
0
0
0
0
0
0
0
0
0
-4.7598
0
0
0
0
0
0
0
0
0
0
0
0
0
0
0
0
0
0
0
0
0
0
0
0
0
0
0
0
0
0
0
0
0
0
0
0
0
0
0
0
0
0
0
0
0
0
0
0
0
0
0
0
0
0
0
0
0
0
0
0
0
0
0
0
0
0
0
0
0
-4.1525
0
0
0
0
0
0
8.9123
0
0
0
0
0
0
0
0
0
0
0
0
0
0
0
0
0
0
0
0
0
0
0
0
0
0
0
0
0
0
0
0
0
0
0
0
0
0
0
0
0
0
0
0
0
0
0
0
0
0
0
0
0
0
0
0
0
0
0
0
0
0
0
0
0
0
0
0
0
0
0
0
0
0
0
-3.9406
0
0
0
0
0
0
0
0
0
0
0
0
0
0
0
0
0
0
0
0
0
0
0
0
0
0
-3.6297
0
0
0
0
0
0
0
0
0
0
0
0
0
0
0
0
0
0
0
0
0
7.5702
0
0
0
0
0
0
0
0
0
0
0
0
0
0
0
0
0
0
0
0
0
0
0
0
0
0
0
0
0
0
0
0
0
0
0
0
-5.1575
0
0
0
0
0
0
0
0
0
0
0
0
0
0
0
0
0
0
0
0
0
0
0
0
0
0
0
-4.8585
0
0
0
0
0
0
0
0
0
0
0
0
0
0
0
0
0
0
0
0
0
0
0
0
0
0
0
0
0
0
0
0
0
0
0
0
0
0
0
0
0
0
0
0
0
0
0
0
0
0
0
0
0
0
0
0
0
0
0
10.016
0
0
0
0
0
0
0
0
0
0
0
0
0
0
0
0
0
0
0
0
0
0
0
0
0
0
0
0
0
0
0
0
0
0
0
0
0
0
0
0
0
0
0
0
0
0
0
0
0
0
0
0
0
0
0
0
-4.6309
0
0
0
0
0
0
0
0
0
0
0
0
0
0
0
0
-4.6341
0
0
0
0
0
0
0
0
0
0
0
0
0
0
0
0
0
0
0
0
0
0
0
0
0
0
0
0
0
0
0
0
0
0
0
0
0
0
0
0
0
0
0
0
0
0
0
0
0
0
9.265
0
0
0
0
0
0
0
0
0
0
0
0
0
0
0
0
0
0
0
0
0
0
0
0
0
0
0
0
0
0
0
0
0
0
0
0
0
0
0
0
0
0
0
0
0
0
0
0
0
0
0
0
0
0
0
0
0
0
0
0
0
0
0
0
0
0
0
0
0
0
0
0
0
0
0
0
0
0
0
0
0
-3.9555
0
0
0
0
0
0
0
0
0
0
0
0
0
0
0
0
0
0
0
0
0
0
0
0
0
0
0
0
0
0
0
0
0
-3.8608
0
0
0
0
0
0
0
0
7.8163
0
0
0
0
0
0
0
0
0
0
0
0
0
0
0
0
0
0
0
0
0
0
0
0
0
0
0
0
0
0
0
0
0
0
0
0
0
0
0
0
0
0
0
0
0
0
0
0
0
0
0
0
0
0
0
0
0
0
0
0
0
0
0
0
0
0
0
0
0
0
0
0
0
0
0
0
0
0
0
0
0
0
-3.9646
0
0
0
0
0
0
0
0
0
0
0
0
0
0
0
0
0
0
0
0
-3.7966
0
0
0
0
0
0
0
0
0
0
0
0
0
0
0
0
0
0
0
0
7.7611
0
0
0
0
0
0
0
0
0
0
0
0
0
0
0
0
0
0
0
0
0
0
0
0
0
0
0
0
0
0
0
0
0
0
0
0
0
0
0
0
0
0
0
0
0
0
0
0
0
0
0
0
0
0
0
0
0
0
0
0
0
0
0
0
0
-4.2707
0
0
0
0
0
0
0
0
-4.0546
0
0
0
0
0
0
0
0
0
0
0
0
0
0
0
0
0
0
0
0
0
0
0
0
0
0
0
0
0
0
0
0
0
0
0
0
0
0
0
0
0
0
0
0
0
0
0
0
0
8.3253
0
0
0
0
0
0
0
0
0
0
0
0
0
0
0
0
0
0
0
0
0
0
0
0
0
0
0
0
0
0
0
0
0
0
0
0
0
0
0
0
0
0
0
0
0
0
0
0
0
0
0
0
0
0
0
-5.0843
0
0
0
0
0
0
0
0
0
0
-4.6383
0
0
0
0
0
0
0
0
0
0
0
0
0
0
0
0
0
0
0
0
0
0
0
0
0
0
0
0
0
0
0
0
0
0
0
0
0
0
0
0
0
0
0
0
0
0
0
0
0
0
0
0
0
0
0
0
0
9.7226
0
0
0
0
0
0
0
0
0
0
0
0
0
0
0
0
0
0
0
0
0
0
0
0
0
0
0
0
0
0
0
0
0
0
0
0
0
0
0
0
0
0
0
0
0
0
0
0
0
0
0
0
0
0
0
-4.3601
0
0
0
0
0
0
0
0
0
0
0
0
0
0
0
0
0
0
0
0
0
0
0
0
0
0
0
0
0
0
0
0
0
0
0
0
0
0
0
0
0
0
-3.9435
0
0
0
0
0
0
0
0
0
0
0
0
0
0
0
0
0
0
0
0
0
0
0
0
0
8.3035
0
0
0
0
0
0
0
0
0
0
0
0
0
0
0
0
0
0
0
0
0
0
0
0
0
0
0
0
0
0
0
0
0
0
0
0
0
0
0
0
0
0
0
0
0
0
0
0
0
0
0
0
0
0
0
0
0
0
0
0
0
0
0
0
0
0
0
0
0
0
0
0
0
0
0
0
0
0
0
0
0
0
0
0
0
0
0
0
0
0
0
0
0
0
0
0
0
0
0
0
0
0
0
0
0
0
0
0
0
-3.9377
-3.6853
0
0
0
0
0
0
0
0
0
0
0
0
0
7.623
0
0
0
0
0
0
0
0
0
0
0
0
0
0
0
0
0
0
0
0
0
0
0
0
0
0
0
0
0
-4.098
0
0
0
0
0
0
0
0
0
0
0
0
0
0
0
0
0
0
0
0
0
0
0
0
0
0
0
0
0
0
0
0
0
0
0
0
0
0
0
0
0
0
0
0
0
0
0
0
0
0
0
0
0
-3.4084
0
0
0
0
0
0
0
0
0
0
0
0
0
0
0
0
0
0
0
0
0
0
0
0
0
0
0
0
0
0
0
0
0
0
0
0
0
0
0
0
7.5064
0
0
0
0
0
0
0
0
0
0
0
0
0
0
0
0
0
0
0
0
0
0
0
0
0
0
0
0
0
0
0
0
0
0
0
0
0
0
0
0
0
0
0
0
0
0
0
0
0
0
0
0
0
0
0
0
0
0
0
0
0
0
0
0
0
0
0
0
0
0
0
0
0
0
0
0
0
0
0
0
0
0
0
0
0
0
0
0
-4.1355
0
0
0
0
0
0
0
0
0
0
0
0
0
0
0
0
0
0
0
0
0
0
-4.2696
0
0
0
0
0
0
0
0
0
0
0
0
8.4051
0
0
0
0
0
0
0
0
0
0
0
0
0
0
0
0
0
0
0
0
0
0
0
0
0
0
0
0
0
0
0
0
0
0
0
0
0
0
0
0
0
0
0
0
0
0
0
0
0
0
0
0
0
0
0
0
0
0
0
0
0
0
0
0
0
0
0
0
0
0
0
0
0
0
0
0
0
0
-5.4294
0
0
0
0
0
0
0
0
0
0
0
0
0
0
0
0
0
0
0
0
0
0
0
0
0
0
0
0
0
0
0
0
0
0
0
0
0
0
0
0
0
0
0
0
0
5.4294
0
0
0
0
0
0
0
0
0
0
0
0
0
0
0
0
0
0
0
0
0
0
0
0
0
0
0
0
0
0
0
0
0
0
0
0
0
0
0
0
0
0
0
0
0
0
0
0
0
0
0
0
0
0
0
0
0
0
0
0
0
0
0
0
0
0
0
0
0
0
0
0
0
0
0
0
0
0
0
0
0
0
0
0
0
-5.0262
0
0
0
0
0
0
0
0
0
0
0
0
0
0
0
0
0
0
0
0
0
0
0
0
0
0
0
0
0
0
0
0
0
0
0
0
0
0
5.0262
0
0
0
0
0
0
0
0
0
0
0
0
0
0
0
0
0
0
0
0
0
0
0
0
0
0
0
0
0
0
0
0
0
0
0
0
0
0
0
0
0
0
0
0
0
0
0
0
0
0
0
0
0
0
0
0
0
0
0
0
0
0
0
0
0
0
0
0
0
0
0
0
0
0
0
0
0
0
0
0
0
0
0
0
0
0
0
0
0
0
0
-3.9046
0
0
0
0
0
0
0
0
0
0
0
0
0
0
0
0
0
0
0
0
0
0
0
0
0
0
0
0
0
0
0
0
3.9046
0
0
0
0
0
0
0
0
0
0
0
0
0
0
0
0
0
0
0
0
0
0
0
0
0
0
0
0
0
0
0
0
0
0
0
0
0
0
0
0
0
0
0
0
0
0
0
0
0
0
0
0
0
0
0
0
0
-7.4093
0
0
0
0
0
0
0
0
0
0
0
0
0
0
0
0
0
0
0
0
0
0
0
0
0
0
0
0
0
0
0
0
0
0
0
0
0
0
0
0
0
0
0
0
0
0
0
0
0
0
0
0
0
0
0
0
0
0
0
0
0
0
0
0
0
0
7.4093
0
0
0
0
0
0
0
0
0
0
0
0
0
0
0
0
0
0
0
0
0
0
0
0
0
0
0
0
0
0
0
0
0
0
0
0
0
0
0
0
0
0
0
0
0
0
0
0
0
0
0
0
0
0
0
0
-7.4093
0
0
0
0
0
0
0
0
0
0
0
0
0
0
0
0
0
0
0
0
0
0
0
0
0
0
0
0
0
0
0
0
0
0
0
0
0
0
0
0
0
0
0
0
0
0
0
0
0
0
0
0
0
0
0
0
0
0
0
0
0
0
0
0
0
0
0
7.4093
0
0
0
0
0
0
0
0
0
0
0
0
0
0
0
0
0
0
0
0
0
0
0
0
0
0
0
0
0
0
0
0
0
0
0
0
0
0
0
0
0
0
0
0
0
0
0
0
0
0
0
0
0
0
0
0
0
0
0
0
0
0
0
0
0
0
0
0
0
0
0
0
0
0
0
0
0
0
0
0
0
0
0
0
0
0
0
0
0
0
0
0
0
-4.3612
0
0
0
0
0
0
0
0
0
0
0
0
0
0
0
0
0
0
0
0
0
0
0
0
0
0
0
0
0
0
4.3612
0
0
0
0
0
0
0
0
0
0
0
0
0
0
0
0
0
0
0
0
0
0
0
0
0
0
0
0
0
0
0
0
0
0
0
0
0
0
0
0
0
0
0
0
0
0
0
0
0
0
0
0
0
0
0
0
0
0
0
0
0
0
0
0
0
0
0
0
-5.6525
0
0
0
0
0
0
0
0
0
0
0
0
0
0
0
0
0
0
0
0
0
0
0
0
0
0
0
0
0
0
0
0
0
0
0
0
0
0
0
0
0
0
0
0
0
0
0
0
0
0
0
0
0
0
0
5.6525
0
0
0
0
0
0
0
0
0
0
0
0
0
0
0
0
0
0
0
0
0
0
0
0
0
0
0
0
0
0
0
0
0
0
0
0
0
0
0
0
0
0
0
0
0
0
0
0
0
0
0
0
0
0
0
0
0
0
0
0
0
0
0
0
0
0
0
0
0
0
0
0
0
0
0
0
0
0
0
0
0
0
0
0
0
0
0
0
0
0
0
0
0
0
0
0
0
0
0
0
0
-4.5552
0
0
0
0
0
0
0
0
0
0
0
0
0
0
0
0
0
0
0
0
0
0
4.5552
0
0
0
0
0
0
0
0
0
0
0
0
0
0
0
0
0
0
0
0
0
0
0
0
0
0
0
0
0
0
0
0
0
0
0
0
0
0
0
0
0
0
0
0
0
0
0
0
-7.7743
0
0
0
0
0
0
0
0
0
0
0
0
0
0
0
0
0
0
0
0
0
0
0
0
0
0
0
0
0
0
0
0
0
0
0
0
0
0
0
0
0
0
0
0
0
0
0
0
0
0
0
0
0
0
0
0
0
0
0
0
0
0
0
0
0
0
0
0
0
0
0
0
0
0
0
7.7743
0
0
0
0
0
0
0
0
0
0
0
0
0
0
0
0
0
0
0
0
0
0
0
0
0
0
0
0
0
0
0
0
0
0
0
0
0
0
0
0
0
0
0
0
0
0
0
0
0
0
0
0
0
0
0
0
0
0
0
0
0
0
0
0
0
0
0
0
0
0
0
0
0
0
0
0
0
0
0
0
0
0
0
0
0
-0.70182
0
0
0
0
0
0
0
0
0
0
0
0
0
0
0
0
0
0
0
0
0
0
0
0
0
0
0
0
0
0
0
0
0
0
0
0
0
0
0.70182
0
0
0
0
0
0
0
0
0
0
0
0
0
0
0
0
0
0
0
0
0
0
0
0
0
0
0
0
0
0
0
0
0
0
0
0
0
0
0
0
0
0
0
0
0
0
0
0
0
0
0
0
0
0
0
0
0
0
0
0
0
0
0
0
0
0
0
0
0
0
0
0
0
0
0
0
0
0
0
0
0
0
0
0
0
-4.3058
0
0
0
0
0
0
0
0
0
0
0
0
0
0
0
0
0
0
0
0
0
0
0
0
0
0
0
0
0
0
0
0
0
0
0
0
0
0
4.3058
0
0
0
0
0
0
0
0
0
0
0
0
0
0
0
0
0
0
0
0
0
0
0
0
0
0
0
-7.1884
0
0
0
0
0
0
0
0
0
0
0
0
0
0
0
0
0
0
0
0
0
0
0
0
0
0
0
0
0
0
0
0
0
0
0
0
0
0
0
0
0
0
0
0
0
0
0
0
0
0
0
0
0
0
0
0
0
0
0
0
0
0
0
0
0
0
0
0
0
0
0
0
0
0
0
0
0
0
0
0
0
0
0
0
0
0
0
0
0
0
0
0
0
0
0
0
7.1884
0
0
0
0
0
0
0
0
0
0
0
0
0
0
0
0
0
0
0
0
0
0
0
0
0
0
0
0
0
0
0
0
0
0
0
0
0
0
0
0
0
0
0
0
0
0
0
0
0
0
0
0
0
0
0
0
0
0
0
0
0
0
0
0
0
0
0
0
0
0
0
0
0
0
0
0
0
-5.0347
0
0
0
0
0
0
0
0
0
0
0
0
0
0
0
0
0
0
0
0
0
0
0
0
0
0
0
0
0
0
0
0
0
0
0
0
0
0
0
0
0
0
0
0
0
0
5.0347
0
0
0
0
0
0
0
0
0
0
0
0
0
0
0
0
0
0
0
0
0
0
0
0
0
0
0
0
0
0
0
0
0
0
0
0
0
0
0
0
0
0
0
0
0
0
0
0
0
0
0
0
0
0
0
0
0
0
0
0
0
0
0
0
0
0
0
0
0
0
0
0
0
0
0
0
0
0
-4.5438
0
0
0
0
0
0
0
0
0
0
0
0
0
0
0
0
0
0
0
0
0
0
0
0
0
0
0
0
0
0
0
0
0
0
0
0
0
0
0
0
0
0
0
0
0
4.5438
0
0
0
0
0
0
0
0
0
0
0
0
0
0
0
0
0
0
0
0
0
0
0
0
0
0
0
0
0
0
0
0
0
0
0
0
0
0
0
0
0
0
0
0
0
0
0
0
0
0
0
0
0
0
0
0
0
0
0
0
0
0
0
0
0
0
0
0
0
0
0
0
0
0
0
0
0
0
-5.7321
0
0
0
0
0
0
0
0
0
0
0
0
0
0
0
0
0
0
0
0
0
0
0
0
0
0
0
0
0
0
0
0
0
0
0
0
0
0
0
0
0
0
0
0
0
5.7321
0
0
0
0
0
0
0
0
0
0
0
0
0
0
0
0
0
0
0
0
0
0
0
0
0
0
0
0
0
0
0
0
0
0
0
0
0
0
0
0
0
0
0
0
0
0
0
0
0
0
0
0
0
0
0
0
0
0
0
0
0
0
0
0
0
0
0
0
0
0
0
0
0
0
0
-4.4506
0
0
0
0
0
0
0
0
0
0
0
0
0
0
0
0
0
0
0
0
0
0
0
0
0
0
0
0
0
0
0
0
0
0
0
0
0
0
0
0
0
0
0
0
0
0
0
0
4.4506
0
0
0
0
0
0
0
0
0
0
0
0
0
0
0
0
0
0
0
0
0
0
0
0
0
0
0
0
0
0
0
0
0
0
0
0
0
0
0
0
0
0
0
0
0
0
0
0
0
0
0
0
0
0
0
0
0
0
0
0
0
0
0
-4.8281
0
0
0
0
0
0
0
0
0
0
0
0
0
0
0
0
0
0
0
0
0
0
0
0
0
0
0
0
0
0
0
0
0
0
0
0
0
0
0
0
0
0
0
0
0
0
0
0
0
0
0
0
0
0
0
0
0
0
0
0
4.8281
0
0
0
0
0
0
0
0
0
0
0
0
0
0
0
0
0
0
0
0
0
0
0
0
0
0
0
0
0
0
0
0
0
0
0
0
0
0
0
0
0
0
0
0
0
0
0
-6.2202
0
0
0
0
0
0
0
0
0
0
0
0
0
0
0
0
0
0
0
0
0
0
0
0
0
0
0
0
0
0
0
0
0
0
0
0
0
0
0
0
0
0
0
0
0
0
0
0
0
0
0
0
0
0
0
0
0
0
0
0
0
0
0
0
0
0
0
0
0
0
0
0
0
0
0
0
6.2202
0
0
0
0
0
0
0
0
0
0
0
0
0
0
0
0
0
0
0
0
0
0
0
0
0
0
0
0
0
0
0
0
0
0
0
0
0
0
-7.7743
0
0
0
0
0
0
0
0
0
0
0
0
0
0
0
0
0
0
0
0
0
0
0
0
0
0
0
0
0
0
0
0
0
0
0
0
0
0
0
0
0
0
0
0
0
0
0
0
0
0
0
0
0
0
0
0
0
0
0
0
0
0
0
0
0
0
0
0
0
0
0
0
0
0
0
0
0
0
0
0
0
0
0
0
0
7.7743
0
0
0
0
0
0
0
0
0
0
0
0
0
0
0
0
0
0
0
0
0
0
0
0
0
0
0
0
0
0
0
0
0
0
0
0
0
0
0
0
0
0
0
0
0
0
0
-5.8631
0
0
0
0
0
0
0
0
0
0
0
0
0
0
0
0
0
0
0
0
0
0
0
0
0
0
0
0
0
0
0
0
0
0
0
0
0
0
0
0
0
0
0
0
0
0
0
0
0
0
0
0
0
0
0
0
0
0
0
0
0
0
0
0
0
0
0
0
0
0
0
0
0
0
0
0
5.8631
0
0
0
0
0
0
0
0
0
0
0
0
0
0
0
0
0
0
0
0
0
0
0
0
0
0
0
0
0
0
-6.9866
0
0
0
0
0
0
0
0
0
0
0
0
0
0
0
0
0
0
0
0
0
0
0
0
0
0
0
0
0
0
0
0
0
0
0
0
0
0
0
0
0
0
0
0
0
0
0
0
0
0
0
0
0
0
0
0
0
0
0
0
0
0
0
0
0
0
0
0
0
0
0
0
0
0
0
0
0
0
0
0
0
0
0
0
0
0
0
0
0
0
0
0
0
6.9866
0
0
0
0
0
0
0
0
-7.812
0
0
0
0
0
0
0
0
0
0
0
0
0
0
0
0
0
0
0
0
0
0
0
0
0
0
0
0
0
0
0
0
0
0
0
0
0
0
0
0
0
0
0
0
0
0
0
0
0
0
0
0
0
0
0
0
0
0
0
0
0
0
0
0
0
0
0
0
0
0
0
0
0
0
0
0
0
0
0
0
0
0
0
0
0
0
0
0
0
0
0
0
0
0
0
0
0
0
0
0
0
0
0
0
0
0
0
0
0
0
0
0
0
0
0
7.812
0
0
0
0
0
0
0
0
0
0
0
0
0
0
0
0
0
0
0
0
0
0
0
0
0
0
0
0
0
0
0
0
0
0
0
0
0
0
0
0
0
0
0
0
0
0
0
0
0
0
0
0
0
0
0
0
0
0
0
0
0
0
0
0
0
0
0
0
0
0
0
0
0
0
-1.351
0
0
0
0
0
0
0
0
0
0
0
0
0
0
0
0
0
0
0
0
0
0
0
0
0
0
0
0
0
0
0
0
0
0
0
0
0
0
0
0
0
0
0
0
0
0
0
0
0
1.351
0
0
0
0
0
0
0
0
0
0
0
0
0
0
0
0
0
0
0
0
0
0
0
0
0
0
0
0
0
0
0
0
0
0
0
0
0
0
0
0
0
0
0
0
0
0
0
0
0
0
0
0
-5.6183
0
0
0
0
0
0
0
0
0
0
0
0
0
0
0
0
0
0
0
0
0
0
0
0
0
0
0
0
0
0
0
0
0
0
0
0
0
0
0
0
0
0
0
0
0
0
0
0
0
0
0
0
0
0
0
0
0
0
0
0
0
0
0
0
0
0
0
0
0
0
0
5.6183
