1
0.97211
0.96447
0.9598
0.95632
0.95367
0.94927
0.94796
0.94466
0.94419
0.94157
0.94149
0.93937
0.93765
0.93626
0.93517
0.9344
0.93386
0.93361
0.93357
0.93384
0.93436
0.93526
0.93651
0.93821
0.94034
0.94291
0.94582
0.94892
0.9519
0.95441
0.95601
0.9564
0.95574
0.95488
0.95457
0.95506
0.95628
0.95814
0.96051
0.9633
0.96641
0.9697
0.97302
0.97622
0.9791
0.98149
0.98321
0.98417
0.98449
0.98452
0.9847
0.98526
0.98623
0.98751
0.98896
0.99048
0.99194
0.99325
0.99431
0.99503
0.99535
0.99526
0.9949
0.9945
0.9943
0.99448
0.99508
0.99605
0.99734
0.99889
1.0006
1.0025
1.0046
1.0066
1.0088
1.011
1.0132
1.0155
1.0177
1.02
1.0223
1.0245
1.0268
1.0291
1.0313
1.0336
1.0358
1.0381
1.0403
1.0425
1.0447
1.0469
1.049
1.0511
1.0532
1.0553
1.0574
1.0594
1.0615
1.0635
1.0655
1.0676
1.0696
1.0715
1.0735
1.0754
1.0773
1.0792
1.081
1.0828
1.0846
1.0863
1.0879
1.0896
1.0912
1.0927
1.0942
1.0957
1.0971
1.0985
1.0998
1.1011
1.1023
1.1034
1.1045
1.1055
1.1064
1.1072
1.1079
1.1085
1.1091
