1
0.97443
0.96629
0.96066
0.95633
0.95277
0.94735
0.9446
0.93976
0.93797
0.93358
0.93249
0.92845
0.92463
0.92112
0.91785
0.91487
0.91206
0.90946
0.90698
0.90466
0.90244
0.90034
0.89832
0.89638
0.8945
0.89267
0.89089
0.88915
0.88745
0.8858
0.88421
0.88268
0.88122
0.87983
0.8785
0.87723
0.87602
0.87486
0.87376
0.8727
0.87169
0.87072
0.86978
0.86887
0.868
0.86715
0.86634
0.86556
0.86479
0.86404
0.86328
0.86252
0.86174
0.86095
0.86015
0.85934
0.85853
0.85771
0.85688
0.85606
0.85523
0.8544
0.85358
0.85276
0.85194
0.85112
0.8503
0.84947
0.84865
0.84782
0.84699
0.84616
0.84533
0.8445
0.84368
0.84286
0.84205
0.84125
0.84046
0.83967
0.8389
0.83813
0.83736
0.8366
0.83585
0.83511
0.83437
0.83365
0.83293
0.83223
0.83153
0.83085
0.83017
0.82951
0.82885
0.82821
0.82758
0.82696
0.82635
0.82575
0.82516
0.82457
0.82399
0.82341
0.82283
0.82226
0.82169
0.82112
0.82055
0.81998
0.81941
0.81883
0.81825
0.81767
0.81709
0.81651
0.81593
0.81536
0.81479
0.81422
0.81366
0.81311
0.81255
0.812
0.81144
0.81088
0.81032
0.80976
0.8092
0.80864
0.80809
