1
0.96619
0.95305
0.94707
0.94208
0.93844
0.93152
0.92886
0.92669
0.92468
0.91828
0.91231
0.90707
0.90227
0.89797
0.89399
0.89039
0.88703
0.88396
0.8811
0.87846
0.87598
0.87368
0.87151
0.86948
0.86756
0.86574
0.86401
0.86236
0.86079
0.85928
0.85783
0.85644
0.8551
0.8538
0.85254
0.85129
0.85003
0.84876
0.84748
0.84615
0.84479
0.84338
0.84192
0.84042
0.83887
0.83731
0.83575
0.83419
0.83267
0.83118
0.82974
0.82834
0.82697
0.82565
0.82435
0.82308
0.82183
0.82059
0.81935
0.81812
0.81688
0.81563
0.81437
0.81308
0.81177
0.81042
0.80903
0.8076
0.80611
0.80456
0.80294
0.80125
0.79948
0.79763
0.79569
0.79367
0.79158
0.78942
0.78722
0.785
0.78278
0.78059
0.77846
0.7764
0.77442
0.77254
0.77074
0.76905
0.76743
0.76591
0.76446
0.76309
0.76178
0.76053
0.75933
0.75817
0.75705
0.75596
0.75491
0.75388
0.75287
0.75187
0.75089
0.74992
0.74896
0.748
0.74705
0.7461
0.74514
0.74418
0.74322
0.74225
0.74127
0.74029
0.7393
0.73831
0.73731
0.73631
0.73532
0.73432
0.73333
0.73234
0.73135
0.73037
0.7294
0.72843
0.72747
0.72652
0.72557
0.72462
0.72369
0.72276
0.72183
0.7209
0.71998
0.71906
0.71815
0.71723
0.71631
0.7154
0.71449
0.71358
0.71267
