1
0.98778
0.9805
0.9752
0.97161
0.9666
0.96203
0.95784
0.95394
0.95033
0.94698
0.94389
0.94103
0.93837
0.93587
0.93351
0.93125
0.92907
0.92695
0.92487
0.92282
0.92079
0.91876
0.91674
0.91473
0.91274
0.91078
0.90886
0.90699
0.90517
0.90342
0.90173
0.90009
0.89851
0.89696
0.89546
0.894
0.89256
0.89115
0.88977
0.88839
0.88703
0.88568
0.88434
0.883
0.88166
0.88032
0.87898
0.87762
0.87627
0.8749
0.87352
0.87214
0.87074
0.86934
0.86793
0.86652
0.8651
0.8637
0.8623
0.86091
0.85954
0.85819
0.85686
0.85556
0.85428
0.85304
0.85182
0.85064
0.84949
0.84837
0.84728
0.84622
0.8452
0.8442
0.84323
0.84229
0.84137
0.84048
0.83961
0.83876
0.83793
0.83712
0.83633
0.83556
0.8348
0.83406
0.83334
0.83263
0.83194
0.83126
0.8306
0.82995
0.82931
0.82868
0.82807
0.82746
0.82687
0.82628
0.82571
0.82514
0.82459
0.82404
0.82349
0.82296
0.82243
0.8219
0.82138
0.82086
0.82035
0.81984
0.81933
0.81883
0.81833
0.81783
0.81733
0.81684
0.81635
0.81586
0.81538
0.81489
0.81441
0.81393
0.81345
0.81297
0.81249
0.81201
0.81153
0.81105
0.81057
0.8101
0.80962
0.80915
0.80868
0.80821
0.80773
0.80726
0.80679
0.80632
0.80586
0.80539
0.80493
0.80446
0.804
0.80354
0.80307
0.80261
0.80216
0.8017
0.80124
0.80079
0.80033
0.79988
0.79944
0.79899
0.79854
0.7981
0.79766
0.79722
0.79678
0.79634
0.7959
0.79547
0.79504
0.79461
0.79419
0.79376
0.79334
0.79292
0.7925
0.79209
0.79168
0.79127
0.79087
0.79047
0.79007
0.78967
0.78928
0.78889
0.7885
0.78811
0.78773
0.78735
0.78697
0.78659
0.78621
0.78584
0.78547
0.78509
0.78472
0.78435
0.78399
0.78362
0.78325
0.78289
0.78252
0.78216
0.78179
0.78142
0.78106
0.78069
0.78033
0.77996
0.77959
0.77923
0.77886
0.77849
0.77813
0.77776
0.7774
0.77703
0.77667
0.77631
0.77595
0.77559
0.77522
0.77487
0.77451
0.77415
0.7738
0.77344
0.77309
0.77274
0.77239
0.77204
0.77169
0.77135
0.771
0.77066
0.77032
0.76998
0.76964
0.7693
0.76897
0.76863
0.7683
0.76797
0.76764
0.76731
0.76698
0.76665
0.76633
0.766
0.76568
0.76536
0.76504
0.76472
0.7644
0.76408
0.76376
0.76344
0.76312
0.7628
0.76248
0.76217
0.76185
0.76153
