61.3317
-0.82702
-0.82192
-0.8246
-0.80629
-0.81548
-0.81828
-0.81549
-0.8275
-0.83324
-0.83742
-0.83567
-0.82646
-0.83232
-0.81312
-0.82729
-0.81555
-0.81624
-0.82553
-0.82204
-0.80409
-0.79389
-0.81322
-0.79408
-0.85002
-0.83371
-0.81176
-0.81308
-0.83738
-0.84066
-0.8493
-0.85536
-0.84801
-0.84746
-0.85063
-0.85745
-0.87322
-0.83927
-0.89786
-0.78862
-0.87821
-0.83297
-0.86219
-0.83419
-0.81259
-0.80562
-0.75837
-0.83031
-0.91384
-0.86143
-0.90465
-1.0862
-1.0355
-1.16
-1.0727
-1.2385
-1.1926
0
-1.4201
-1.3262
-1.3191
0
0
0
0
-1.4876
0
0
0
0
0
0
0
0
0
0
0
0
0
0
0
0
-1.9901
0
0
-2.484
0
0
0
0
0
0
0
0
0
0
0
0
0
0
0
0
0
0
0
0
-2.8842
0
0
0
0
0
0
0
0
0
-0.82702
59.3027
-0.81815
-0.82151
-0.79844
-0.81134
-0.81459
-0.81154
-0.82399
-0.82965
-0.83262
-0.83107
-0.82291
-0.82833
-0.80962
-0.82406
-0.81191
-0.81277
-0.82211
-0.81728
-0.80057
-0.79033
-0.80946
-0.80382
-0.84646
-0.82994
-0.80819
-0.80935
-0.83291
-0.84081
-0.8457
-0.85046
-0.83995
-0.84426
-0.8431
-0.85396
-0.86959
-0.83594
-0.89136
-0.78547
-0.87449
-0.82923
-0.85806
-0.83057
-0.80785
-0.80169
-0.75405
-0.82643
-0.90997
-0.85745
-0.90739
-1.0825
-1.0319
-1.1564
-1.0688
-1.2353
-1.189
0
-1.4152
-1.322
-1.3087
0
0
0
-1.5683
-1.4809
0
0
0
-1.7162
0
0
0
0
0
0
0
0
0
0
0
0
0
0
0
0
0
0
-2.2697
0
0
0
0
0
0
0
0
0
0
0
0
0
0
0
0
0
0
0
0
0
0
0
0
0
0
0
-0.82192
-0.81815
56.9082
-0.81322
-0.79653
-0.81052
-0.80938
-0.80625
-0.81878
-0.82432
-0.82897
-0.82668
-0.81781
-0.82321
-0.80453
-0.81906
-0.80678
-0.80771
-0.81688
-0.81349
-0.79545
-0.78524
-0.80496
-0.7988
-0.84153
-0.82441
-0.80333
-0.80449
-0.82825
-0.83625
-0.84103
-0.84511
-0.83954
-0.839
-0.84197
-0.84874
-0.86439
-0.83082
-0.88824
-0.78031
-0.8669
-0.82356
-0.84577
-0.82475
-0.80404
-0.79713
-0.7492
-0.8212
-0.90447
-0.85201
-0.90268
-1.0716
-1.0242
-1.1498
-1.0683
-1.2285
-1.1823
-1.1957
-1.4068
-1.3146
-1.3046
0
0
0
0
-1.4752
0
0
0
0
0
0
0
0
0
0
0
0
0
0
0
0
0
0
0
0
0
0
0
0
0
0
0
0
0
0
0
0
-2.2687
0
0
0
0
0
0
0
0
0
0
0
0
0
0
0
0
0
-0.8246
-0.82151
-0.81322
57.2481
-0.79966
-0.80839
-0.81304
-0.80998
-0.82177
-0.8278
-0.83224
-0.83015
-0.82136
-0.82662
-0.80801
-0.82126
-0.81036
-0.81117
-0.82018
-0.81693
-0.7989
-0.78867
-0.80824
-0.80144
-0.84507
-0.82855
-0.80684
-0.80792
-0.83191
-0.83947
-0.84413
-0.84741
-0.84304
-0.84262
-0.84565
-0.85241
-0.86789
-0.83433
-0.88568
-0.78379
-0.87116
-0.82745
-0.8552
-0.82839
-0.80718
-0.79994
-0.75235
-0.82478
-0.90822
-0.85568
-0.90617
-1.0796
-1.0276
-1.1544
-1.0669
-1.2329
-1.1869
0
-1.4114
-1.3202
-1.3121
0
0
0
0
-1.479
0
0
-1.5391
0
0
0
0
0
0
0
0
-2.0593
0
0
0
0
0
0
0
0
0
0
0
0
0
0
0
0
0
0
0
0
0
0
0
0
0
0
0
0
0
0
0
0
0
0
0
0
0
0
-0.80629
-0.79844
-0.79653
-0.79966
54.7772
-0.79145
-0.794
-0.79129
-0.80339
-0.80884
-0.81332
-0.8107
-0.80248
-0.80783
-0.78932
-0.80358
-0.79166
-0.79248
-0.80163
-0.79817
-0.78027
-0.77013
-0.78924
-0.78344
-0.82591
-0.80951
-0.78796
-0.78906
-0.81303
-0.82022
-0.82493
-0.82962
-0.82184
-0.82347
-0.82506
-0.83324
-0.84843
-0.81523
-0.87074
-0.76505
-0.85314
-0.80837
-0.83713
-0.80992
-0.78755
-0.78131
-0.73396
-0.80571
-0.88861
-0.83644
-0.88595
-1.0586
-1.0083
-1.1334
-1.0473
-1.2119
-1.1661
0
-1.3896
-1.2969
-1.2879
0
0
0
0
-1.4561
0
0
0
0
0
0
0
0
0
0
0
0
0
0
0
0
0
0
0
0
0
0
-2.2657
0
0
0
0
0
0
0
0
0
0
0
0
0
0
0
0
0
0
0
0
0
0
0
0
0
0
0
-0.81548
-0.81134
-0.81052
-0.80839
-0.79145
56.81
-0.79816
-0.7971
-0.80743
-0.81391
-0.81897
-0.81627
-0.808
-0.81297
-0.79548
-0.8083
-0.797
-0.79789
-0.80646
-0.80349
-0.78568
-0.77553
-0.79547
-0.78717
-0.83175
-0.81498
-0.79362
-0.7953
-0.82006
-0.82624
-0.83104
-0.83581
-0.82918
-0.82919
-0.83203
-0.83874
-0.85493
-0.82092
-0.86365
-0.77045
-0.85815
-0.81407
-0.8401
-0.81514
-0.79452
-0.78697
-0.74281
-0.81135
-0.89447
-0.83891
-0.89153
-1.0675
-1.0086
-1.1393
0
-1.2171
-1.1619
0
0
0
0
0
0
0
0
0
0
-1.6081
0
0
0
0
-1.7448
0
0
0
0
-2.0422
0
0
0
0
0
0
0
0
0
0
0
0
0
0
0
-2.2166
0
0
0
0
0
0
0
0
0
-2.8655
0
0
0
0
0
0
0
0
0
0
0
0
-0.81828
-0.81459
-0.80938
-0.81304
-0.794
-0.79816
53.2697
-0.80089
-0.81202
-0.81788
-0.82294
-0.82078
-0.81187
-0.81691
-0.79933
-0.81314
-0.80102
-0.80177
-0.81055
-0.80746
-0.78947
-0.77926
-0.79908
-0.79024
-0.83532
-0.81855
-0.79713
-0.79865
-0.82372
-0.83005
-0.83448
-0.83957
-0.83387
-0.83271
-0.83558
-0.84234
-0.85835
-0.8243
-0.87899
-0.77371
-0.86219
-0.81753
-0.8466
-0.81941
-0.79792
-0.79087
-0.7459
-0.81475
-0.89802
-0.84568
-0.89543
-1.0709
-1.0162
-1.1431
0
-1.2229
-1.177
0
0
0
-1.3025
0
0
0
0
0
0
0
0
0
0
0
-1.7503
0
0
0
0
0
0
0
0
0
0
0
0
0
0
0
0
0
0
0
0
0
0
0
0
0
0
0
0
0
0
0
0
0
0
0
0
0
0
-3.6531
0
0
0
0
-0.81549
-0.81154
-0.80625
-0.80998
-0.79129
-0.7971
-0.80089
51.1382
-0.81021
-0.81539
-0.82026
-0.81774
-0.80732
-0.81291
-0.79659
-0.80959
-0.79849
-0.79923
-0.80832
-0.80483
-0.7869
-0.77667
-0.79654
-0.79031
-0.83275
-0.81605
-0.79467
-0.79611
-0.82037
-0.8275
-0.8316
-0.83667
-0.83086
-0.83016
-0.83328
-0.83993
-0.85507
-0.82177
-0.87769
-0.77117
-0.85863
-0.81506
-0.84375
-0.81659
-0.79643
-0.78789
-0.7433
-0.81213
-0.89533
-0.84305
-0.89298
-1.069
-1.0145
-1.141
0
-1.2201
-1.1745
0
0
0
-1.2934
0
-1.5409
0
0
0
0
0
0
0
0
0
0
0
0
0
-1.8803
0
0
0
0
0
0
0
0
0
0
0
0
0
0
0
0
0
0
0
0
0
0
0
0
0
0
0
0
0
0
0
0
0
0
0
0
0
0
0
-0.8275
-0.82399
-0.81878
-0.82177
-0.80339
-0.80743
-0.81202
-0.81021
49.0415
-0.82653
-0.8318
-0.82978
-0.82053
-0.82552
-0.80781
-0.82141
-0.80958
-0.81015
-0.81891
-0.81621
-0.79789
-0.78757
-0.80772
-0.80064
-0.8442
-0.82762
-0.80595
-0.80738
-0.8327
-0.83913
-0.84331
-0.84862
-0.84298
-0.84148
-0.84479
-0.85132
-0.86737
-0.83311
-0.88467
-0.78214
-0.87081
-0.82602
-0.85391
-0.82813
-0.80376
-0.7997
-0.75465
-0.8232
-0.90691
-0.85439
-0.90498
-1.0805
-1.0251
-1.1523
0
-1.2382
0
0
0
0
0
-1.361
0
0
0
0
0
0
0
0
-1.8239
0
0
0
0
0
0
0
0
0
0
0
0
0
0
0
0
0
0
0
0
0
0
0
0
0
0
0
0
0
0
0
0
0
0
0
0
0
0
0
0
0
0
0
0
0
-0.83324
-0.82965
-0.82432
-0.8278
-0.80884
-0.81391
-0.81788
-0.81539
-0.82653
47.7768
-0.83643
-0.83441
-0.82508
-0.82974
-0.81222
-0.82696
-0.81357
-0.81445
-0.82178
-0.82051
-0.8021
-0.79172
-0.81221
-0.80621
-0.84865
-0.83145
-0.81024
-0.81165
-0.83815
-0.84354
-0.84245
-0.85414
-0.84712
-0.84572
-0.84993
-0.85576
-0.87221
-0.83737
-0.89465
-0.78627
-0.87322
-0.83185
-0.86173
-0.83273
-0.81221
-0.79589
-0.75929
-0.8275
-0.91136
-0.85933
-0.91037
0
0
-1.1567
0
0
0
-1.2063
0
0
0
0
0
0
0
0
0
0
0
0
0
-1.7109
0
0
0
0
0
0
0
0
0
-2.1132
0
0
0
0
0
0
0
0
0
0
0
0
0
0
0
0
0
0
0
0
0
0
0
0
0
0
0
0
0
0
0
0
0
0
-0.83742
-0.83262
-0.82897
-0.83224
-0.81332
-0.81897
-0.82294
-0.82026
-0.8318
-0.83643
46.5286
-0.83941
-0.82948
-0.83452
-0.81656
-0.83264
-0.8182
-0.81876
-0.82845
-0.82282
-0.80652
-0.79609
-0.81683
-0.80963
-0.8531
-0.83674
-0.81463
-0.81615
-0.84196
-0.84772
-0.85303
-0.85788
-0.85156
-0.85037
-0.85204
-0.86022
-0.87677
-0.84169
-0.89996
-0.79013
-0.88185
-0.83649
-0.86538
-0.83696
-0.81748
-0.80858
-0.76317
-0.83167
-0.91585
-0.86301
-0.91398
0
0
-1.1617
0
0
0
0
0
0
0
0
0
0
-1.5483
0
0
0
0
0
0
0
0
0
0
0
0
0
0
0
-1.9954
0
0
0
0
0
0
0
0
0
0
0
0
0
0
0
0
0
0
0
0
0
0
0
0
0
0
0
0
0
0
0
0
0
0
0
-0.83567
-0.83107
-0.82668
-0.83015
-0.8107
-0.81627
-0.82078
-0.81774
-0.82978
-0.83441
-0.83941
45.5988
-0.82709
-0.8322
-0.81328
-0.83016
-0.81526
-0.81607
-0.82568
-0.82268
-0.8039
-0.79347
-0.81485
-0.80939
-0.85046
-0.83497
-0.81209
-0.81363
-0.84013
-0.84566
-0.85053
-0.85603
-0.84875
-0.84765
-0.85077
-0.85755
-0.86725
-0.83913
-0.89638
-0.78756
-0.87842
-0.83325
-0.86349
-0.83463
-0.81607
-0.80628
-0.7608
-0.82899
-0.91288
-0.86073
-0.91114
0
0
0
0
0
0
0
0
0
0
0
0
0
0
0
-1.7534
0
0
0
0
0
0
0
0
0
0
0
-2.1434
0
0
0
0
0
0
0
0
0
0
0
0
0
0
0
0
0
0
0
0
0
0
0
0
0
0
0
0
0
0
0
0
0
0
0
0
0
-0.82646
-0.82291
-0.81781
-0.82136
-0.80248
-0.808
-0.81187
-0.80732
-0.82053
-0.82508
-0.82948
-0.82709
43.1231
-0.82072
-0.80307
-0.82107
-0.80487
-0.80638
-0.81641
-0.81312
-0.79427
-0.78383
-0.80537
-0.79941
-0.84106
-0.82558
-0.80275
-0.80424
-0.83069
-0.8358
-0.8404
-0.84571
-0.83969
-0.8381
-0.8418
-0.84805
-0.86436
-0.82941
-0.88717
-0.77783
-0.8687
-0.82407
-0.85268
-0.82472
-0.80588
-0.79626
-0.75116
-0.81919
-0.90292
-0.85047
-0.90086
0
0
0
0
0
0
0
0
0
0
0
0
0
0
0
0
0
0
0
0
0
0
0
0
0
-1.8846
0
0
0
0
0
0
0
0
0
0
0
0
0
0
0
0
0
0
0
0
0
0
0
0
0
0
0
0
0
0
0
0
0
0
0
0
0
0
0
-0.83232
-0.82833
-0.82321
-0.82662
-0.80783
-0.81297
-0.81691
-0.81291
-0.82552
-0.82974
-0.83452
-0.8322
-0.82072
43.8455
-0.80846
-0.82505
-0.81004
-0.81129
-0.82126
-0.81817
-0.79932
-0.78887
-0.8107
-0.80531
-0.84617
-0.83065
-0.80784
-0.80935
-0.83563
-0.84117
-0.84535
-0.85124
-0.84523
-0.84325
-0.84701
-0.85324
-0.86947
-0.83458
-0.89266
-0.78288
-0.87384
-0.82901
-0.8584
-0.82999
-0.81164
-0.80098
-0.75634
-0.82429
-0.90814
-0.85582
-0.90628
0
0
0
0
0
0
0
0
0
0
0
0
0
0
0
0
0
0
0
0
0
0
0
0
0
0
0
0
0
0
0
0
0
0
0
0
0
0
0
0
0
0
0
0
-2.3527
0
0
0
0
0
0
0
0
0
0
0
0
0
0
0
0
0
0
0
0
-0.81312
-0.80962
-0.80453
-0.80801
-0.78932
-0.79548
-0.79933
-0.79659
-0.80781
-0.81222
-0.81656
-0.81328
-0.80307
-0.80846
41.8925
-0.80819
-0.78992
-0.79454
-0.80365
-0.8003
-0.78138
-0.77092
-0.79214
-0.78609
-0.82783
-0.81225
-0.78965
-0.79113
-0.8174
-0.82258
-0.82711
-0.83247
-0.82617
-0.8248
-0.82834
-0.83468
-0.84952
-0.81607
-0.87383
-0.76471
-0.85531
-0.81077
-0.83939
-0.81154
-0.79317
-0.78342
-0.73846
-0.80592
-0.88927
-0.83708
-0.88738
0
0
0
0
0
0
0
0
-1.2977
0
0
0
0
0
0
0
0
0
0
0
0
0
0
0
0
0
0
0
0
0
0
0
0
0
0
0
0
0
0
0
0
0
0
0
0
0
0
0
0
0
0
0
0
0
0
0
0
0
0
0
0
0
0
0
0
-0.82729
-0.82406
-0.81906
-0.82126
-0.80358
-0.8083
-0.81314
-0.80959
-0.82141
-0.82696
-0.83264
-0.83016
-0.82107
-0.82505
-0.80819
45.114
-0.81005
-0.80956
-0.81801
-0.81454
-0.79615
-0.78562
-0.80648
-0.79945
-0.84264
-0.82666
-0.80417
-0.80582
-0.8306
-0.83746
-0.84144
-0.84516
-0.83709
-0.84012
-0.84318
-0.84962
-0.86459
-0.83141
-0.88781
-0.77966
-0.86981
-0.82612
-0.85079
-0.8256
0
-0.79726
-0.75261
-0.82168
-0.90516
0
0
0
0
0
0
0
0
0
0
0
0
-1.357
-1.5501
0
0
0
0
0
-1.5293
0
0
0
0
0
-1.9295
0
0
0
0
0
0
0
0
0
0
0
0
0
0
0
0
0
0
0
0
0
0
0
0
0
0
0
0
0
0
0
0
0
0
0
0
0
0
0
0
0
-0.81555
-0.81191
-0.80678
-0.81036
-0.79166
-0.797
-0.80102
-0.79849
-0.80958
-0.81357
-0.8182
-0.81526
-0.80487
-0.81004
-0.78992
-0.81005
42.0322
-0.79593
-0.80504
-0.8018
-0.78299
-0.77254
-0.7939
-0.78805
-0.82957
-0.81386
-0.79132
-0.79281
-0.81905
-0.82447
-0.8287
-0.8339
-0.82831
-0.82651
-0.83027
-0.83632
-0.85228
-0.8178
-0.8754
-0.76643
-0.85551
-0.81266
-0.84097
-0.81317
-0.79535
-0.7848
-0.74005
-0.80769
-0.89106
-0.8389
-0.88954
0
0
0
0
0
0
0
0
0
0
0
0
-1.351
0
0
0
0
0
0
0
0
0
0
0
0
0
0
0
0
0
0
0
0
0
0
0
0
0
0
0
0
0
0
0
0
0
0
0
0
0
0
0
0
0
0
0
0
0
0
0
0
0
0
0
0
-0.81624
-0.81277
-0.80771
-0.81117
-0.79248
-0.79789
-0.80177
-0.79923
-0.81015
-0.81445
-0.81876
-0.81607
-0.80638
-0.81129
-0.79454
-0.80956
-0.79593
40.7181
-0.80581
-0.80256
-0.78311
-0.77267
-0.79486
-0.78944
-0.83016
-0.81461
-0.79192
-0.79339
-0.8196
-0.82486
-0.82925
-0.8348
-0.82855
-0.82699
-0.83069
-0.83695
-0.85296
-0.81828
-0.87614
-0.7668
-0.85784
-0.81298
-0.8417
-0.81385
-0.79557
-0.78566
-0.74079
-0.80818
-0.89159
-0.8394
-0.88972
0
0
0
0
0
0
0
0
0
0
0
0
0
0
0
0
0
0
0
0
0
0
0
0
0
0
0
0
0
0
0
0
0
0
0
0
0
0
0
0
0
0
0
0
0
0
0
0
0
0
0
0
0
0
0
0
0
0
0
0
0
0
0
0
0
-0.82553
-0.82211
-0.81688
-0.82018
-0.80163
-0.80646
-0.81055
-0.80832
-0.81891
-0.82178
-0.82845
-0.82568
-0.81641
-0.82126
-0.80365
-0.81801
-0.80504
-0.80581
40.3084
-0.81211
-0.79131
-0.78081
-0.80515
-0.80006
-0.83958
-0.82378
-0.80106
-0.80258
-0.8287
-0.8344
-0.83847
-0.84392
-0.83805
-0.83631
-0.83995
-0.84616
-0.86204
-0.82755
-0.88519
-0.77556
-0.86568
-0.82239
-0.85166
-0.82315
0
-0.79493
-0.74958
-0.81794
-0.90133
0
0
0
0
0
0
0
0
0
0
0
0
0
0
0
0
0
0
0
0
0
0
-1.6924
0
0
0
0
0
0
0
0
0
0
0
0
0
0
0
0
0
0
0
0
0
0
0
0
0
0
0
0
0
0
0
0
0
0
0
0
0
0
0
0
0
0
0
0
-0.82204
-0.81728
-0.81349
-0.81693
-0.79817
-0.80349
-0.80746
-0.80483
-0.81621
-0.82051
-0.82282
-0.82268
-0.81312
-0.81817
-0.8003
-0.81454
-0.8018
-0.80256
-0.81211
39.0901
-0.78572
-0.77535
-0.80476
-0.8004
-0.83572
-0.81977
-0.79709
-0.79867
-0.82331
-0.83025
-0.8343
-0.83918
-0.83359
-0.83214
-0.83524
-0.84191
-0.85808
-0.82336
-0.88238
-0.77104
-0.86418
-0.81852
-0.8476
-0.81909
0
-0.79126
-0.74609
-0.8137
0
0
0
0
0
0
0
0
0
0
0
0
0
0
0
0
-1.5389
0
0
0
0
0
0
0
0
0
0
0
0
0
0
0
0
0
0
0
0
0
0
0
0
0
0
0
0
0
0
0
0
0
0
0
0
0
0
0
0
0
0
0
0
0
0
0
0
0
0
0
-0.80409
-0.80057
-0.79545
-0.7989
-0.78027
-0.78568
-0.78947
-0.7869
-0.79789
-0.8021
-0.80652
-0.8039
-0.79427
-0.79932
-0.78138
-0.79615
-0.78299
-0.78311
-0.79131
-0.78572
37.5971
-0.75877
-0.78527
-0.77987
-0.81775
-0.80149
-0.77905
-0.78068
-0.80553
-0.81153
-0.81533
-0.81998
-0.81477
-0.81358
-0.81665
-0.82316
-0.83892
-0.8048
-0.86299
-0.75324
-0.84485
-0.79969
-0.82853
-0.80052
0
-0.77268
-0.72807
-0.79546
-0.87794
0
0
0
0
0
0
0
0
0
0
0
0
0
0
0
0
0
0
0
0
0
0
0
0
0
0
0
0
0
0
0
0
0
0
0
0
0
0
0
0
0
0
0
0
0
0
0
0
0
0
0
0
0
0
0
0
0
0
0
0
0
0
0
0
0
0
0
-0.79389
-0.79033
-0.78524
-0.78867
-0.77013
-0.77553
-0.77926
-0.77667
-0.78757
-0.79172
-0.79609
-0.79347
-0.78383
-0.78887
-0.77092
-0.78562
-0.77254
-0.77267
-0.78081
-0.77535
-0.75877
36.2316
-0.77252
-0.76611
-0.80796
-0.79082
-0.76849
-0.77018
-0.79426
-0.80041
-0.80416
-0.80841
-0.80353
-0.80256
-0.80537
-0.81202
-0.82773
-0.79369
-0.85143
-0.74198
-0.83347
-0.78855
-0.81728
-0.78937
0
-0.76185
-0.71746
-0.784
0
0
0
0
0
0
0
0
0
0
0
0
0
0
0
0
0
0
0
0
0
0
0
0
0
0
0
0
0
0
0
0
0
0
0
0
0
0
0
0
0
0
0
0
0
0
0
0
0
0
0
0
0
0
0
0
0
0
0
0
0
0
0
0
0
0
0
0
-0.81322
-0.80946
-0.80496
-0.80824
-0.78924
-0.79547
-0.79908
-0.79654
-0.80772
-0.81221
-0.81683
-0.81485
-0.80537
-0.8107
-0.79214
-0.80648
-0.7939
-0.79486
-0.80515
-0.80476
-0.78527
-0.77252
39.2666
-0.7958
-0.82738
-0.80983
-0.78335
-0.78673
-0.81316
-0.81906
-0.82386
-0.82738
-0.81819
-0.82214
-0.82337
-0.82638
-0.84659
-0.81478
0
-0.76546
0
-0.81021
0
-0.81001
-0.78482
0
0
0
0
0
0
0
0
0
0
0
0
0
0
0
0
0
0
0
0
0
0
0
0
0
0
0
0
0
0
0
0
0
0
-1.8378
0
0
0
0
0
0
0
0
0
0
0
-2.2541
0
0
0
0
0
0
0
0
-2.1272
0
0
0
0
0
0
0
0
0
0
0
0
0
0
0
-0.79408
-0.80382
-0.7988
-0.80144
-0.78344
-0.78717
-0.79024
-0.79031
-0.80064
-0.80621
-0.80963
-0.80939
-0.79941
-0.80531
-0.78609
-0.79945
-0.78805
-0.78944
-0.80006
-0.8004
-0.77987
-0.76611
-0.7958
39.1104
-0.81759
-0.80045
-0.7787
-0.78086
-0.80446
-0.80908
-0.81466
-0.81854
-0.81276
-0.81277
-0.80945
-0.82139
-0.83763
-0.80548
0
-0.75783
0
0
0
0
0
0
0
0
0
0
0
0
0
0
0
0
0
0
0
0
0
0
0
0
0
0
0
0
0
0
0
0
-1.7083
0
0
-1.8859
0
0
0
0
0
0
0
0
0
-2.3829
0
0
0
0
0
0
0
0
0
0
0
0
0
0
0
0
0
0
0
0
-2.7663
0
0
0
0
0
0
0
0
0
-0.85002
-0.84646
-0.84153
-0.84507
-0.82591
-0.83175
-0.83532
-0.83275
-0.8442
-0.84865
-0.8531
-0.85046
-0.84106
-0.84617
-0.82783
-0.84264
-0.82957
-0.83016
-0.83958
-0.83572
-0.81775
-0.80796
-0.82738
-0.81759
33.7597
-0.84684
-0.82393
-0.82558
-0.86021
-0.8633
-0.86754
-0.87843
-0.86832
-0.86327
-0.86741
-0.87434
-0.88975
-0.85699
0
-0.8046
0
-0.85034
0
-0.85026
0
0
0
0
0
0
0
0
0
0
0
0
0
0
0
0
0
0
0
0
0
0
0
0
0
0
0
0
0
0
0
0
0
0
0
0
0
0
0
0
0
0
0
0
0
0
0
0
0
0
0
0
0
0
0
0
0
0
0
0
0
0
0
0
0
0
0
0
0
0
0
0
-0.83371
-0.82994
-0.82441
-0.82855
-0.80951
-0.81498
-0.81855
-0.81605
-0.82762
-0.83145
-0.83674
-0.83497
-0.82558
-0.83065
-0.81225
-0.82666
-0.81386
-0.81461
-0.82378
-0.81977
-0.80149
-0.79082
-0.80983
-0.80045
-0.84684
32.9975
-0.80745
-0.80945
-0.84192
-0.84635
-0.84999
-0.85872
-0.85032
-0.84669
-0.84912
-0.85709
-0.87195
-0.84083
0
0
0
0
0
0
0
0
0
0
0
0
0
0
0
-1.1449
0
0
0
-1.1996
0
0
0
0
0
0
0
0
0
0
0
0
0
0
0
0
0
0
0
0
0
0
0
0
0
0
0
0
0
0
0
0
0
0
0
0
0
0
0
0
0
0
0
0
0
0
0
0
0
0
0
0
0
0
0
0
0
0
-0.81176
-0.80819
-0.80333
-0.80684
-0.78796
-0.79362
-0.79713
-0.79467
-0.80595
-0.81024
-0.81463
-0.81209
-0.80275
-0.80784
-0.78965
-0.80417
-0.79132
-0.79192
-0.80106
-0.79709
-0.77905
-0.76849
-0.78335
-0.7787
-0.82393
-0.80745
31.6067
-0.76872
-0.81607
-0.81994
-0.82374
-0.83274
-0.82277
-0.82158
-0.82223
-0.82589
-0.84553
-0.81565
0
0
0
0
0
0
0
0
0
0
0
0
0
0
0
0
0
0
0
0
0
0
0
0
0
0
0
0
0
0
0
0
0
0
0
0
0
0
0
0
0
-1.8187
0
0
0
0
0
0
0
0
0
0
0
0
0
0
0
0
0
0
0
0
0
0
0
0
0
0
0
0
0
0
0
0
0
0
0
0
-0.81308
-0.80935
-0.80449
-0.80792
-0.78906
-0.7953
-0.79865
-0.79611
-0.80738
-0.81165
-0.81615
-0.81363
-0.80424
-0.80935
-0.79113
-0.80582
-0.79281
-0.79339
-0.80258
-0.79867
-0.78068
-0.77018
-0.78673
-0.78086
-0.82558
-0.80945
-0.76872
31.6861
-0.81816
-0.82178
-0.82569
-0.83532
-0.82548
-0.8234
-0.82444
-0.83293
-0.84787
-0.81762
0
0
0
0
0
0
0
0
0
0
0
0
0
0
0
0
0
0
0
0
0
0
0
0
0
0
0
0
0
0
0
0
0
0
0
-1.8305
0
0
0
0
0
0
0
0
0
0
0
0
0
0
0
0
0
0
0
0
0
0
0
0
0
0
0
0
0
0
0
0
0
0
0
0
0
0
0
0
0
0
-0.83738
-0.83291
-0.82825
-0.83191
-0.81303
-0.82006
-0.82372
-0.82037
-0.8327
-0.83815
-0.84196
-0.84013
-0.83069
-0.83563
-0.8174
-0.8306
-0.81905
-0.8196
-0.8287
-0.82331
-0.80553
-0.79426
-0.81316
-0.80446
-0.86021
-0.84192
-0.81607
-0.81816
30.4893
-0.83859
-0.84183
0
0
-0.8518
0
0
0
0
0
0
0
0
0
0
0
0
0
0
0
0
0
-1.0758
0
0
0
0
0
0
-1.3897
0
0
0
0
0
0
0
0
0
0
0
0
0
0
0
0
0
0
0
0
0
0
0
0
0
0
0
0
0
0
-2.3724
0
0
0
0
0
0
0
0
0
0
0
0
0
0
0
0
0
0
0
0
0
0
0
0
0
0
-0.84066
-0.84081
-0.83625
-0.83947
-0.82022
-0.82624
-0.83005
-0.8275
-0.83913
-0.84354
-0.84772
-0.84566
-0.8358
-0.84117
-0.82258
-0.83746
-0.82447
-0.82486
-0.8344
-0.83025
-0.81153
-0.80041
-0.81906
-0.80908
-0.8633
-0.84635
-0.81994
-0.82178
-0.83859
27.9887
0
0
0
-0.8619
0
0
0
0
0
0
0
0
0
0
0
0
0
0
0
0
0
0
0
0
-1.0774
0
0
0
0
0
0
0
0
0
0
0
0
0
0
0
0
0
0
0
0
0
0
0
0
0
0
0
-1.9312
0
0
0
0
0
0
0
0
0
0
0
0
0
0
0
0
0
0
0
0
0
0
0
0
0
0
0
0
0
0
0
0
0
-0.8493
-0.8457
-0.84103
-0.84413
-0.82493
-0.83104
-0.83448
-0.8316
-0.84331
-0.84245
-0.85303
-0.85053
-0.8404
-0.84535
-0.82711
-0.84144
-0.8287
-0.82925
-0.83847
-0.8343
-0.81533
-0.80416
-0.82386
-0.81466
-0.86754
-0.84999
-0.82374
-0.82569
-0.84183
0
28.2057
0
0
-0.87028
0
0
0
0
0
0
0
0
0
0
0
0
0
0
0
0
0
0
-1.0382
0
0
0
0
0
0
0
0
0
0
0
0
0
0
0
0
0
0
0
0
0
0
0
0
0
0
0
0
-2.0539
0
0
0
0
0
0
0
0
0
0
0
0
0
0
0
0
0
0
0
0
0
0
0
0
0
0
0
0
0
0
0
0
0
0
-0.85536
-0.85046
-0.84511
-0.84741
-0.82962
-0.83581
-0.83957
-0.83667
-0.84862
-0.85414
-0.85788
-0.85603
-0.84571
-0.85124
-0.83247
-0.84516
-0.8339
-0.8348
-0.84392
-0.83918
-0.81998
-0.80841
-0.82738
-0.81854
-0.87843
-0.85872
-0.83274
-0.83532
0
0
0
31.5766
0
0
0
0
0
0
0
0
0
0
0
0
0
0
0
0
0
0
0
0
0
0
0
0
0
0
0
0
0
0
0
0
0
0
0
0
0
0
0
0
0
0
0
0
0
0
0
0
0
0
0
0
0
0
0
0
0
0
0
0
-2.2118
0
0
0
0
0
0
0
0
0
0
0
0
0
0
-2.6063
0
-3.1959
0
0
0
0
0
0
-0.84801
-0.83995
-0.83954
-0.84304
-0.82184
-0.82918
-0.83387
-0.83086
-0.84298
-0.84712
-0.85156
-0.84875
-0.83969
-0.84523
-0.82617
-0.83709
-0.82831
-0.82855
-0.83805
-0.83359
-0.81477
-0.80353
-0.81819
-0.81276
-0.86832
-0.85032
-0.82277
-0.82548
0
0
0
0
29.1242
0
0
0
0
0
0
0
0
0
0
0
0
0
0
0
0
0
0
0
0
0
0
0
0
0
0
0
0
0
0
0
0
0
0
0
0
-1.7023
0
0
0
0
-1.8939
0
0
0
0
0
0
0
0
0
0
0
-2.1585
0
0
0
0
0
0
0
0
0
0
0
0
0
0
0
0
0
0
0
0
0
0
0
0
0
0
0
0
0
-0.84746
-0.84426
-0.839
-0.84262
-0.82347
-0.82919
-0.83271
-0.83016
-0.84148
-0.84572
-0.85037
-0.84765
-0.8381
-0.84325
-0.8248
-0.84012
-0.82651
-0.82699
-0.83631
-0.83214
-0.81358
-0.80256
-0.82214
-0.81277
-0.86327
-0.84669
-0.82158
-0.8234
-0.8518
-0.8619
-0.87028
0
0
25.9323
0
0
0
0
0
0
0
0
0
0
0
0
0
0
0
0
0
0
0
0
0
0
0
0
0
0
0
0
0
0
0
0
0
0
0
0
0
0
0
0
0
0
0
0
0
0
0
0
0
0
0
0
0
0
0
0
0
0
0
0
0
0
0
0
0
0
0
0
0
0
0
0
0
0
0
0
0
0
0
0
0
0
-0.85063
-0.8431
-0.84197
-0.84565
-0.82506
-0.83203
-0.83558
-0.83328
-0.84479
-0.84993
-0.85204
-0.85077
-0.8418
-0.84701
-0.82834
-0.84318
-0.83027
-0.83069
-0.83995
-0.83524
-0.81665
-0.80537
-0.82337
-0.80945
-0.86741
-0.84912
-0.82223
-0.82444
0
0
0
0
0
0
27.0236
0
0
0
0
0
0
0
0
0
0
0
0
0
0
0
0
0
0
0
0
0
0
0
0
0
0
0
0
0
0
0
0
0
0
-1.7082
0
0
0
0
0
-1.8961
0
0
0
0
0
0
0
0
0
0
0
0
0
0
0
0
0
0
0
0
0
0
0
0
0
0
0
0
0
0
0
0
0
0
0
0
0
0
0
0
-0.85745
-0.85396
-0.84874
-0.85241
-0.83324
-0.83874
-0.84234
-0.83993
-0.85132
-0.85576
-0.86022
-0.85755
-0.84805
-0.85324
-0.83468
-0.84962
-0.83632
-0.83695
-0.84616
-0.84191
-0.82316
-0.81202
-0.82638
-0.82139
-0.87434
-0.85709
-0.82589
-0.83293
0
0
0
0
0
0
0
25.4504
0
0
0
0
0
0
0
0
0
0
0
0
0
0
0
0
0
0
0
0
0
0
0
0
0
0
0
0
0
0
0
0
0
0
0
0
0
0
0
0
0
0
0
-1.8386
0
0
0
0
0
0
0
0
0
0
0
0
0
0
0
0
0
0
0
0
0
0
0
0
0
0
0
0
0
0
0
0
0
0
0
0
-0.87322
-0.86959
-0.86439
-0.86789
-0.84843
-0.85493
-0.85835
-0.85507
-0.86737
-0.87221
-0.87677
-0.86725
-0.86436
-0.86947
-0.84952
-0.86459
-0.85228
-0.85296
-0.86204
-0.85808
-0.83892
-0.82773
-0.84659
-0.83763
-0.88975
-0.87195
-0.84553
-0.84787
0
0
0
0
0
0
0
0
26.1467
0
0
0
0
0
0
0
0
0
0
0
0
0
0
0
0
0
0
0
0
0
0
0
0
0
0
0
0
0
0
0
0
0
0
0
0
0
0
0
0
0
-2.092
0
0
0
0
0
0
0
0
0
0
0
0
0
0
0
0
0
0
0
0
0
0
0
0
0
0
0
0
0
0
0
0
0
0
0
0
0
-0.83927
-0.83594
-0.83082
-0.83433
-0.81523
-0.82092
-0.8243
-0.82177
-0.83311
-0.83737
-0.84169
-0.83913
-0.82941
-0.83458
-0.81607
-0.83141
-0.8178
-0.81828
-0.82755
-0.82336
-0.8048
-0.79369
-0.81478
-0.80548
-0.85699
-0.84083
-0.81565
-0.81762
0
0
0
0
0
0
0
0
0
23.1222
0
0
0
0
0
0
0
0
0
0
0
0
0
0
0
0
0
0
0
0
0
0
0
0
0
0
0
0
0
0
0
0
0
0
0
0
0
0
0
0
0
0
0
0
0
0
0
0
0
0
0
0
0
0
0
0
0
0
0
0
0
0
0
0
0
0
0
0
0
0
0
0
0
0
0
0
0
0
-0.89786
-0.89136
-0.88824
-0.88568
-0.87074
-0.86365
-0.87899
-0.87769
-0.88467
-0.89465
-0.89996
-0.89638
-0.88717
-0.89266
-0.87383
-0.88781
-0.8754
-0.87614
-0.88519
-0.88238
-0.86299
-0.85143
0
0
0
0
0
0
0
0
0
0
0
0
0
0
0
0
25.4025
0
0
0
0
0
0
0
0
0
0
0
0
0
0
0
0
0
0
0
0
0
0
0
0
0
0
0
0
0
0
0
-1.8123
0
0
0
0
0
0
-2.0116
0
0
0
0
0
0
0
0
0
0
0
0
0
0
0
-2.1737
0
0
0
0
0
0
0
0
0
0
0
0
0
0
0
0
0
0
0
0
0
0
-0.78862
-0.78547
-0.78031
-0.78379
-0.76505
-0.77045
-0.77371
-0.77117
-0.78214
-0.78627
-0.79013
-0.78756
-0.77783
-0.78288
-0.76471
-0.77966
-0.76643
-0.7668
-0.77556
-0.77104
-0.75324
-0.74198
-0.76546
-0.75783
-0.8046
0
0
0
0
0
0
0
0
0
0
0
0
0
0
19.3727
0
0
0
0
0
0
0
0
0
0
0
0
0
0
0
0
0
0
0
0
0
0
0
0
0
0
0
0
0
0
0
0
0
0
0
0
0
0
0
0
0
0
0
0
0
0
0
0
0
0
0
0
0
0
0
0
0
0
0
0
0
0
0
0
0
0
0
0
0
0
0
0
0
0
0
0
-0.87821
-0.87449
-0.8669
-0.87116
-0.85314
-0.85815
-0.86219
-0.85863
-0.87081
-0.87322
-0.88185
-0.87842
-0.8687
-0.87384
-0.85531
-0.86981
-0.85551
-0.85784
-0.86568
-0.86418
-0.84485
-0.83347
0
0
0
0
0
0
0
0
0
0
0
0
0
0
0
0
0
0
24.4485
0
0
0
0
0
0
0
0
0
0
0
0
0
0
0
0
-1.2176
0
0
0
0
0
0
0
0
0
0
0
0
0
0
0
-1.8554
0
0
0
0
0
0
0
0
0
0
0
0
0
0
0
0
-2.3592
0
0
0
0
0
0
0
0
0
0
0
0
0
0
0
0
0
0
0
0
0
0
0
0
0
-0.83297
-0.82923
-0.82356
-0.82745
-0.80837
-0.81407
-0.81753
-0.81506
-0.82602
-0.83185
-0.83649
-0.83325
-0.82407
-0.82901
-0.81077
-0.82612
-0.81266
-0.81298
-0.82239
-0.81852
-0.79969
-0.78855
-0.81021
0
-0.85034
0
0
0
0
0
0
0
0
0
0
0
0
0
0
0
0
20.7458
0
0
0
0
0
0
0
0
0
-1.0447
0
0
0
0
0
0
0
0
0
0
0
0
0
0
0
0
0
0
0
0
0
0
0
0
0
0
0
0
0
0
0
0
0
0
0
0
0
0
0
0
0
0
0
0
0
0
0
0
0
0
0
0
0
0
0
0
0
0
0
0
0
0
0
0
-0.86219
-0.85806
-0.84577
-0.8552
-0.83713
-0.8401
-0.8466
-0.84375
-0.85391
-0.86173
-0.86538
-0.86349
-0.85268
-0.8584
-0.83939
-0.85079
-0.84097
-0.8417
-0.85166
-0.8476
-0.82853
-0.81728
0
0
0
0
0
0
0
0
0
0
0
0
0
0
0
0
0
0
0
0
23.7645
0
0
0
0
0
0
0
0
0
0
0
0
0
0
0
0
0
0
-1.356
0
0
0
0
0
-1.5876
0
0
0
0
0
0
0
0
0
0
0
0
0
0
0
0
0
0
0
0
0
0
0
0
0
0
0
0
0
0
-2.1586
0
0
0
0
0
0
0
0
0
0
0
0
0
0
0
0
0
-0.83419
-0.83057
-0.82475
-0.82839
-0.80992
-0.81514
-0.81941
-0.81659
-0.82813
-0.83273
-0.83696
-0.83463
-0.82472
-0.82999
-0.81154
-0.8256
-0.81317
-0.81385
-0.82315
-0.81909
-0.80052
-0.78937
-0.81001
0
-0.85026
0
0
0
0
0
0
0
0
0
0
0
0
0
0
0
0
0
0
22.2353
0
0
0
0
0
0
0
0
0
0
0
0
0
0
0
0
0
0
0
0
0
0
0
0
0
0
0
0
0
0
0
0
0
0
0
0
0
0
0
0
0
0
0
0
0
0
0
0
0
0
0
0
0
0
0
0
0
0
0
0
0
0
0
0
0
0
0
0
-2.5126
0
0
0
-0.81259
-0.80785
-0.80404
-0.80718
-0.78755
-0.79452
-0.79792
-0.79643
-0.80376
-0.81221
-0.81748
-0.81607
-0.80588
-0.81164
-0.79317
0
-0.79535
-0.79557
0
0
0
0
-0.78482
0
0
0
0
0
0
0
0
0
0
0
0
0
0
0
0
0
0
0
0
0
22.8439
0
0
-0.7952
0
0
0
0
0
0
-1.0138
0
0
0
0
0
0
0
0
0
0
0
0
0
0
0
-1.7095
0
0
-1.7683
0
0
0
0
0
0
0
0
0
0
-1.0429
0
-2.0701
0
0
0
0
0
0
0
0
0
0
0
0
0
0
0
0
0
0
0
0
0
0
0
0
0
0
0
0
0
-0.80562
-0.80169
-0.79713
-0.79994
-0.78131
-0.78697
-0.79087
-0.78789
-0.7997
-0.79589
-0.80858
-0.80628
-0.79626
-0.80098
-0.78342
-0.79726
-0.7848
-0.78566
-0.79493
-0.79126
-0.77268
-0.76185
0
0
0
0
0
0
0
0
0
0
0
0
0
0
0
0
0
0
0
0
0
0
0
21.5635
0
0
0
0
0
0
0
0
0
0
0
0
0
0
0
0
0
0
0
0
0
0
0
0
0
0
0
0
0
0
0
0
0
0
0
-1.9289
0
0
0
0
0
0
0
0
0
0
0
0
0
0
0
0
0
0
0
0
0
0
0
0
0
0
0
0
-2.2036
0
0
0
0
0
-0.75837
-0.75405
-0.7492
-0.75235
-0.73396
-0.74281
-0.7459
-0.7433
-0.75465
-0.75929
-0.76317
-0.7608
-0.75116
-0.75634
-0.73846
-0.75261
-0.74005
-0.74079
-0.74958
-0.74609
-0.72807
-0.71746
0
0
0
0
0
0
0
0
0
0
0
0
0
0
0
0
0
0
0
0
0
0
0
0
19.9813
0
0
0
0
0
0
0
0
0
0
0
-1.2369
0
0
0
0
0
0
0
0
0
0
0
0
0
0
0
0
0
0
0
0
0
0
0
0
0
0
0
0
0
0
0
0
0
0
0
0
0
0
0
0
0
0
-2.306
0
0
0
0
0
0
0
0
0
0
0
0
0
0
-0.83031
-0.82643
-0.8212
-0.82478
-0.80571
-0.81135
-0.81475
-0.81213
-0.8232
-0.8275
-0.83167
-0.82899
-0.81919
-0.82429
-0.80592
-0.82168
-0.80769
-0.80818
-0.81794
-0.8137
-0.79546
-0.784
0
0
0
0
0
0
0
0
0
0
0
0
0
0
0
0
0
0
0
0
0
0
-0.7952
0
0
18.7513
0
0
0
0
0
0
0
0
0
0
0
0
0
0
0
0
0
0
0
0
0
0
0
0
0
0
0
0
0
0
0
0
0
0
0
0
0
0
0
0
0
0
0
0
0
0
0
0
0
0
0
0
0
0
0
0
0
0
0
0
0
0
0
0
0
0
0
0
-0.91384
-0.90997
-0.90447
-0.90822
-0.88861
-0.89447
-0.89802
-0.89533
-0.90691
-0.91136
-0.91585
-0.91288
-0.90292
-0.90814
-0.88927
-0.90516
-0.89106
-0.89159
-0.90133
0
-0.87794
0
0
0
0
0
0
0
0
0
0
0
0
0
0
0
0
0
0
0
0
0
0
0
0
0
0
0
18.0273
0
0
0
0
0
0
0
0
0
0
0
0
0
0
0
0
0
0
0
0
0
0
0
0
0
0
0
0
0
0
0
0
0
0
0
0
0
0
0
0
0
0
0
0
0
0
0
0
0
0
0
0
0
0
0
0
0
0
0
0
0
0
0
0
0
0
0
-0.86143
-0.85745
-0.85201
-0.85568
-0.83644
-0.83891
-0.84568
-0.84305
-0.85439
-0.85933
-0.86301
-0.86073
-0.85047
-0.85582
-0.83708
0
-0.8389
-0.8394
0
0
0
0
0
0
0
0
0
0
0
0
0
0
0
0
0
0
0
0
0
0
0
0
0
0
0
0
0
0
0
15.978
0
0
0
0
0
0
0
0
0
0
0
0
0
0
0
0
0
-1.5282
0
0
0
0
0
0
0
0
0
0
0
0
0
0
0
0
0
0
0
0
0
0
0
0
0
0
0
0
0
0
0
0
0
0
0
0
0
0
0
0
0
0
0
0
0
0
0
0
-0.90465
-0.90739
-0.90268
-0.90617
-0.88595
-0.89153
-0.89543
-0.89298
-0.90498
-0.91037
-0.91398
-0.91114
-0.90086
-0.90628
-0.88738
0
-0.88954
-0.88972
0
0
0
0
0
0
0
0
0
0
0
0
0
0
0
0
0
0
0
0
0
0
0
0
0
0
0
0
0
0
0
0
17.1831
0
0
0
0
0
0
0
0
0
0
0
0
0
0
0
0
0
0
0
0
0
0
0
0
0
0
0
0
0
0
0
-1.8821
0
0
0
0
0
0
0
0
0
0
0
0
0
0
0
0
0
0
0
0
0
0
0
0
0
0
0
0
0
0
0
0
0
-1.0862
-1.0825
-1.0716
-1.0796
-1.0586
-1.0675
-1.0709
-1.069
-1.0805
0
0
0
0
0
0
0
0
0
0
0
0
0
0
0
0
0
0
0
-1.0758
0
0
0
0
0
0
0
0
0
0
0
0
-1.0447
0
0
0
0
0
0
0
0
0
14.6248
0
0
0
0
0
-1.3338
0
-1.5041
0
0
0
0
0
0
0
0
0
0
0
0
0
0
0
0
0
0
0
0
0
0
0
0
0
0
0
0
0
0
0
0
0
0
0
0
0
0
0
0
0
0
0
0
0
0
0
0
0
0
0
0
0
0
0
0
-1.0355
-1.0319
-1.0242
-1.0276
-1.0083
-1.0086
-1.0162
-1.0145
-1.0251
0
0
0
0
0
0
0
0
0
0
0
0
0
0
0
0
0
0
0
0
0
-1.0382
0
0
0
0
0
0
0
0
0
0
0
0
0
0
0
0
0
0
0
0
0
14.6371
0
0
0
0
0
0
0
0
0
0
0
0
0
0
0
0
0
0
0
0
0
0
0
0
0
0
0
0
0
0
-2.2151
0
0
0
0
0
0
0
0
0
0
0
0
0
-2.1921
0
0
0
0
0
0
0
0
0
0
0
0
0
0
0
0
0
0
-1.16
-1.1564
-1.1498
-1.1544
-1.1334
-1.1393
-1.1431
-1.141
-1.1523
-1.1567
-1.1617
0
0
0
0
0
0
0
0
0
0
0
0
0
0
-1.1449
0
0
0
0
0
0
0
0
0
0
0
0
0
0
0
0
0
0
0
0
0
0
0
0
0
0
0
13.793
0
0
0
0
0
0
0
0
0
0
0
0
0
0
0
0
0
0
0
0
0
0
0
0
0
0
0
0
0
0
0
0
0
0
0
0
0
0
0
0
0
0
0
0
0
0
0
0
0
0
0
0
0
0
0
0
0
0
0
0
0
0
-1.0727
-1.0688
-1.0683
-1.0669
-1.0473
0
0
0
0
0
0
0
0
0
0
0
0
0
0
0
0
0
0
0
0
0
0
0
0
-1.0774
0
0
0
0
0
0
0
0
0
0
0
0
0
0
-1.0138
0
0
0
0
0
0
0
0
0
16.0112
0
0
0
0
0
0
0
0
0
0
0
0
0
0
0
0
0
0
0
0
0
0
0
0
0
-1.9507
-1.9942
0
0
0
0
0
0
0
0
0
0
0
0
0
0
0
0
0
-2.1202
0
0
0
0
-2.531
0
0
0
0
0
0
0
0
0
0
0
-1.2385
-1.2353
-1.2285
-1.2329
-1.2119
-1.2171
-1.2229
-1.2201
-1.2382
0
0
0
0
0
0
0
0
0
0
0
0
0
0
0
0
0
0
0
0
0
0
0
0
0
0
0
0
0
0
0
0
0
0
0
0
0
0
0
0
0
0
0
0
0
0
12.4232
-1.3777
0
0
0
0
0
0
0
0
0
0
0
0
0
0
0
0
0
0
0
0
0
0
0
0
0
0
0
0
0
0
0
0
0
0
0
0
0
0
0
0
0
0
0
0
0
0
0
0
0
0
0
0
0
0
0
0
0
0
0
-1.1926
-1.189
-1.1823
-1.1869
-1.1661
-1.1619
-1.177
-1.1745
0
0
0
0
0
0
0
0
0
0
0
0
0
0
0
0
0
0
0
0
0
0
0
0
0
0
0
0
0
0
0
0
0
0
0
0
0
0
0
0
0
0
0
0
0
0
0
-1.3777
13.1767
0
0
0
0
0
0
0
0
0
0
0
0
0
0
0
0
0
0
0
0
0
0
0
0
0
0
0
0
0
0
0
0
0
0
0
0
0
-2.3688
0
0
0
0
0
0
0
0
0
0
0
0
0
0
0
0
0
0
0
0
0
0
0
-1.1957
0
0
0
0
0
0
-1.2063
0
0
0
0
0
0
0
0
0
0
0
0
0
0
0
-1.1996
0
0
0
0
0
0
0
0
0
0
0
0
0
0
-1.2176
0
0
0
0
0
0
0
0
0
0
-1.3338
0
0
0
0
0
13.7044
0
0
0
0
-1.6969
-1.5873
0
0
0
0
0
0
0
0
-1.8141
0
0
0
0
0
0
0
0
0
0
0
0
0
0
0
0
0
0
0
0
0
0
0
0
0
0
0
0
0
0
0
0
-2.4531
0
0
0
0
0
0
0
0
0
0
-1.4201
-1.4152
-1.4068
-1.4114
-1.3896
0
0
0
0
0
0
0
0
0
0
0
0
0
0
0
0
0
0
0
0
0
0
0
-1.3897
0
0
0
0
0
0
0
0
0
0
0
0
0
0
0
0
0
-1.2369
0
0
0
0
0
0
0
0
0
0
0
12.1735
0
0
0
0
0
0
0
0
0
0
0
0
0
0
0
0
0
0
0
0
0
0
0
0
0
0
0
0
0
0
0
0
0
-2.5038
0
0
0
0
0
0
0
0
0
0
0
0
0
0
0
0
0
0
0
0
0
0
0
-1.3262
-1.322
-1.3146
-1.3202
-1.2969
0
0
0
0
0
0
0
0
0
-1.2977
0
0
0
0
0
0
0
0
0
0
0
0
0
0
0
0
0
0
0
0
0
0
0
0
0
0
0
0
0
0
0
0
0
0
0
0
-1.5041
0
0
0
0
0
0
0
11.456
0
0
0
0
0
0
0
0
0
0
0
0
0
0
0
0
0
0
-2.0743
0
0
0
0
0
0
0
0
0
0
0
0
0
0
0
0
0
0
0
0
0
0
0
0
0
0
0
0
0
0
0
0
0
0
0
0
0
-1.3191
-1.3087
-1.3046
-1.3121
-1.2879
0
-1.3025
-1.2934
0
0
0
0
0
0
0
0
0
0
0
0
0
0
0
0
0
0
0
0
0
0
0
0
0
0
0
0
0
0
0
0
0
0
0
0
0
0
0
0
0
0
0
0
0
0
0
0
0
0
0
0
11.1884
0
0
0
0
0
-2.06
0
0
0
0
0
0
0
0
0
0
0
0
0
0
0
0
0
0
0
0
0
0
0
0
0
0
0
0
0
0
0
0
0
0
0
0
0
0
0
0
0
0
0
0
0
0
0
0
0
0
0
0
0
0
0
0
0
-1.361
0
0
0
0
0
0
-1.357
0
0
0
0
0
0
0
0
0
0
0
0
0
0
0
0
0
0
0
0
0
0
0
0
0
0
-1.356
0
0
0
0
0
0
0
0
0
0
0
0
0
0
0
0
0
0
10.6546
0
0
0
0
0
0
0
0
0
0
0
0
0
0
0
-2.0421
0
0
0
0
0
-2.4102
0
0
0
0
0
0
0
0
0
0
0
0
0
0
0
0
0
0
0
0
0
0
0
0
0
0
0
0
0
0
0
-2.1283
0
0
0
0
0
0
0
-1.5409
0
0
0
0
0
0
0
-1.5501
0
0
0
0
0
0
0
0
0
0
0
0
0
0
0
0
0
0
0
0
0
0
0
0
0
0
0
0
0
0
0
0
0
0
0
0
0
0
0
0
0
-1.6969
0
0
0
0
12.1156
0
0
0
0
0
0
0
0
0
0
0
0
0
0
0
-2.3512
0
0
0
0
0
0
0
0
0
0
-2.5111
0
0
0
0
0
-2.4654
0
0
0
0
0
0
0
0
0
0
0
0
0
0
0
0
0
0
0
0
0
0
0
0
0
0
0
0
0
0
0
0
0
0
0
0
-1.351
0
0
0
0
0
0
0
0
0
0
0
0
0
0
0
0
0
0
0
0
0
0
0
0
0
0
0
0
0
0
0
0
0
0
0
0
0
0
0
0
-1.5873
0
0
0
0
0
11.2735
0
0
-2.0387
0
0
0
0
0
0
0
0
0
0
0
0
0
0
0
0
0
0
0
0
0
0
0
-2.421
0
0
0
0
0
-2.3561
0
0
0
0
0
0
0
0
0
0
0
-1.5193
0
0
0
0
0
0
0
0
-1.5683
0
0
0
0
0
0
0
0
-1.5483
0
0
0
0
0
0
0
0
-1.5389
0
0
0
0
0
0
0
0
0
0
0
0
0
0
0
0
0
0
0
0
0
0
0
0
0
0
0
0
0
0
0
0
0
0
0
0
0
0
0
0
0
0
0
0
11.8697
0
0
0
0
0
0
0
0
0
0
0
0
0
0
0
-2.2874
0
0
0
0
0
0
0
0
-2.5316
0
0
0
0
0
0
-2.395
0
0
0
0
0
0
0
0
0
0
0
0
0
0
0
0
0
0
0
-1.4876
-1.4809
-1.4752
-1.479
-1.4561
0
0
0
0
0
0
0
0
0
0
0
0
0
0
0
0
0
0
0
0
0
0
0
0
0
0
0
0
0
0
0
0
0
0
0
0
0
0
0
0
0
0
0
0
0
0
0
0
0
0
0
0
0
0
0
0
0
0
0
0
9.7161
0
0
0
0
0
0
0
0
0
0
0
0
0
0
0
0
0
0
0
0
0
0
0
0
0
-2.3373
0
0
0
0
0
0
0
0
0
0
0
0
0
0
0
0
0
0
0
0
0
0
0
0
0
0
0
0
0
0
0
0
0
0
0
-1.7534
0
0
0
0
0
0
0
0
0
0
0
0
0
0
0
0
0
0
0
0
0
0
0
0
0
0
0
0
0
0
0
0
0
0
0
0
0
0
0
0
0
0
0
0
0
0
0
0
-2.06
0
0
-2.0387
0
0
10.3564
0
0
-2.137
0
0
0
0
0
0
0
0
0
0
0
0
0
0
0
0
0
0
0
0
0
0
0
-2.3673
0
0
0
0
0
0
0
0
0
0
0
0
0
0
0
0
0
0
0
0
0
0
0
0
0
0
0
-1.6081
0
0
0
0
0
0
0
0
0
0
0
0
0
0
0
0
0
0
0
0
0
0
0
0
0
0
0
0
0
0
0
0
0
0
0
0
-1.5876
0
0
0
0
0
0
-1.5282
0
0
0
0
0
0
0
0
0
0
0
0
0
0
0
0
0
8.7625
0
0
0
0
0
0
-1.9177
0
0
0
0
0
0
0
0
0
0
0
0
0
0
0
0
0
0
0
0
0
0
-2.1209
0
0
0
0
0
0
0
0
0
0
0
0
0
0
0
0
0
0
0
0
0
-1.5391
0
0
0
0
0
0
0
0
0
0
0
-1.5293
0
0
0
0
0
0
0
0
0
0
0
0
0
0
0
0
0
0
0
0
0
0
0
0
0
0
0
0
0
0
0
0
0
0
0
0
0
0
0
0
0
0
0
0
0
0
0
0
0
0
0
0
9.9157
0
0
0
0
0
0
0
0
0
0
0
0
0
0
0
0
-2.16
0
-2.1404
0
0
0
0
0
0
0
0
0
0
0
0
0
0
0
0
0
0
0
-2.5469
0
0
0
0
0
0
0
0
0
-1.7162
0
0
0
0
0
0
0
0
0
0
0
0
0
0
0
0
0
0
0
0
0
0
0
0
0
0
0
0
0
0
-1.7023
0
-1.7082
0
0
0
0
0
0
0
0
0
0
0
0
0
0
0
0
0
0
0
0
0
0
0
0
0
0
0
0
0
0
0
-2.137
0
0
9.5855
0
0
0
0
0
0
0
0
0
0
0
0
0
0
0
0
0
0
-2.3218
0
0
0
0
0
0
0
0
0
0
0
0
0
0
0
0
0
0
0
0
0
0
0
0
0
0
0
0
0
0
0
0
0
0
0
-1.8239
0
0
0
0
0
0
0
0
0
0
0
0
0
0
0
0
0
0
0
0
0
0
0
0
0
0
0
0
0
-1.8123
0
0
0
0
0
-1.7095
0
0
0
0
0
0
0
0
0
0
0
0
0
0
0
0
0
0
0
0
0
0
0
0
0
9.4083
-2.1865
-1.876
0
0
0
0
0
0
0
0
0
0
0
0
0
0
0
0
0
0
0
0
0
0
0
0
0
0
0
0
0
0
0
0
0
0
0
0
0
0
0
0
0
0
0
0
0
0
0
0
0
0
0
0
-1.7109
0
0
0
0
0
0
0
0
-1.6924
0
0
0
0
0
0
0
0
0
0
0
0
0
0
0
0
0
0
0
0
0
0
0
0
0
0
0
0
0
0
0
0
0
0
0
0
0
0
0
0
0
0
0
0
0
0
0
0
0
0
0
-2.1865
10.699
0
0
0
0
0
0
0
0
0
0
0
0
0
0
0
0
0
0
-2.5367
0
0
0
0
0
0
0
0
0
-2.5725
0
0
0
0
0
0
0
0
0
0
0
0
0
0
0
0
0
0
0
0
-1.7448
-1.7503
0
0
0
0
0
0
0
0
0
0
0
0
0
0
0
0
-1.7083
0
0
0
0
0
0
0
0
0
0
0
0
0
0
0
0
0
0
0
0
0
0
0
0
0
0
0
0
0
0
0
0
0
-1.8141
0
0
0
0
0
0
0
0
0
0
0
0
-1.876
0
8.8936
0
0
0
0
0
0
0
0
0
0
0
0
0
0
0
0
0
0
0
0
0
0
0
0
0
0
0
0
0
0
0
0
0
0
0
0
0
0
0
0
0
0
0
0
0
0
0
0
0
0
0
0
0
0
0
0
0
0
0
0
0
0
0
0
0
0
0
0
0
0
-1.8305
0
0
0
0
0
0
0
0
0
0
0
0
-1.8554
0
0
0
-1.7683
0
0
0
0
0
0
0
0
0
0
0
0
0
0
0
0
0
0
0
0
0
0
0
0
0
0
0
0
7.8125
0
0
0
0
0
0
0
0
0
0
0
0
0
0
0
0
0
-2.3584
0
0
0
0
0
0
0
0
0
0
0
0
0
0
0
0
0
0
0
0
0
0
0
0
0
0
0
0
0
0
0
0
0
0
0
0
0
0
0
-1.9295
0
0
0
0
0
0
0
0
0
0
0
0
0
0
0
0
-1.8939
0
0
0
0
0
0
0
0
0
0
0
0
0
0
0
0
0
0
0
0
0
0
0
0
0
0
0
0
0
0
0
0
0
0
-1.9177
0
0
0
0
0
0
6.3494
0
0
0
0
0
0
0
0
0
0
0
0
0
0
0
0
0
0
0
0
0
0
0
0
0
0
0
0
0
0
0
0
0
0
0
0
0
0
-0.6084
0
0
0
0
0
0
0
0
0
0
0
0
0
0
0
0
0
0
0
0
0
0
0
0
0
-1.8859
0
0
0
0
0
0
0
0
0
0
-1.8961
0
0
0
0
0
0
0
0
0
0
0
0
0
0
0
0
0
0
0
0
0
0
0
0
0
0
0
0
0
0
0
0
0
0
0
0
0
0
0
0
8.6132
0
0
0
0
-2.3008
0
0
-2.5305
0
0
0
0
0
0
0
0
0
0
0
0
0
0
0
0
0
0
0
0
0
0
0
0
0
0
0
0
0
0
0
0
0
0
0
0
0
0
0
-1.8803
0
0
0
0
-1.8846
0
0
0
0
0
0
0
0
0
0
0
0
0
0
0
0
0
0
0
0
0
0
0
0
0
0
0
0
0
0
0
0
0
0
0
0
0
0
0
0
0
0
0
0
0
0
0
0
0
0
0
0
0
0
0
0
0
0
0
0
0
0
0
9.3474
0
0
0
0
0
0
0
0
0
0
0
0
0
0
0
0
0
0
-2.6267
0
0
0
0
0
0
0
0
-2.9559
0
0
0
0
0
0
0
0
0
0
0
0
0
0
-2.0593
0
-2.0422
0
0
0
0
0
0
0
0
0
0
0
0
0
0
0
0
0
0
0
0
0
0
0
0
0
0
0
0
0
0
0
0
-2.0116
0
0
0
0
0
0
0
0
0
0
0
0
0
0
0
0
0
0
0
0
0
0
-2.0421
0
0
0
0
0
0
0
0
0
0
0
0
0
0
0
8.1551
0
0
0
0
0
0
0
0
0
0
0
0
0
0
0
0
0
0
0
0
0
0
0
0
0
0
0
0
0
0
0
0
0
0
0
0
0
0
0
0
0
0
0
0
0
0
0
0
0
-2.1434
0
0
0
0
0
0
0
0
0
0
0
0
0
0
0
0
0
0
0
0
0
0
0
0
-2.092
0
0
0
0
0
0
0
0
0
0
0
0
0
0
0
0
0
0
0
0
0
0
-2.0743
0
0
-2.3512
0
0
0
0
0
0
0
0
0
0
0
0
0
0
0
8.6609
0
0
0
0
0
0
0
0
0
0
0
0
0
0
0
0
0
0
0
0
0
0
0
0
0
0
0
0
0
0
0
0
0
0
0
0
0
0
0
0
0
0
0
0
0
0
0
0
0
0
0
0
0
0
0
0
0
0
0
-1.8378
0
0
0
-1.8187
0
0
0
0
0
0
0
0
-1.8386
0
0
0
0
0
0
0
0
0
0
0
0
0
0
0
0
0
0
0
0
0
0
0
0
0
0
0
0
0
0
0
0
0
0
0
0
0
0
0
0
0
0
0
8.231
0
0
0
0
0
0
0
0
0
0
0
0
0
0
0
0
0
0
0
0
0
-2.736
0
0
0
0
0
0
0
0
0
0
0
0
0
0
0
0
0
0
0
0
0
0
0
0
-1.9954
0
0
0
0
0
0
0
0
0
0
0
0
0
0
0
0
0
0
0
0
0
0
0
0
0
0
0
0
0
0
0
0
0
0
0
0
0
0
0
0
0
0
0
-1.9507
0
0
0
0
0
0
0
0
0
-2.2874
0
0
0
0
0
0
0
0
0
0
-2.3008
0
0
0
0
8.5342
0
0
0
0
0
0
0
0
0
0
0
0
0
0
0
0
0
0
0
0
0
0
0
0
0
0
0
0
0
0
0
0
0
0
0
0
0
0
0
0
0
0
0
0
-2.1132
0
0
0
0
0
0
0
0
0
0
0
0
0
0
0
0
0
0
0
0
-2.0539
0
0
0
0
0
0
0
0
0
0
0
0
0
0
-1.9289
0
0
0
0
0
0
0
0
-1.9942
0
0
0
0
0
0
0
0
0
0
0
0
0
0
0
0
0
0
0
0
0
0
0
0
0
0
8.0901
0
0
0
0
0
0
0
0
0
0
0
0
0
0
0
0
0
0
0
0
0
0
0
0
0
0
0
0
0
0
0
0
0
0
-1.9901
0
0
0
0
0
0
0
0
0
0
0
0
0
0
0
0
0
0
0
0
0
0
0
0
0
0
0
0
-1.9312
0
0
0
0
0
0
0
0
0
0
0
0
0
0
0
0
0
0
0
0
-1.8821
0
0
0
0
0
0
0
0
0
0
0
0
0
0
0
0
0
0
0
0
0
0
0
0
0
0
0
0
0
0
0
8.2629
0
0
0
0
0
0
0
0
0
0
0
0
0
0
0
0
0
0
0
-2.4595
0
0
0
0
0
0
0
0
0
0
0
0
0
0
0
0
0
0
0
0
0
0
0
0
0
0
0
0
0
0
0
0
0
0
0
0
0
0
0
0
0
0
0
0
0
0
0
0
0
0
0
0
0
0
0
0
0
0
0
0
0
0
0
0
0
-2.2151
0
0
0
0
0
0
0
0
-2.4102
0
0
0
0
0
0
0
0
0
0
0
0
0
-2.5305
0
0
0
0
0
0
0
7.1557
0
0
0
0
0
0
0
0
0
0
0
0
0
0
0
0
0
0
0
0
0
0
0
0
0
0
0
0
0
0
0
0
0
0
0
0
0
0
0
0
0
0
0
0
0
0
0
0
0
0
0
0
0
0
0
0
0
0
0
0
0
0
0
0
0
0
0
0
0
0
0
0
0
0
0
0
-1.0429
0
0
0
0
0
0
0
0
0
0
0
0
0
0
0
0
0
0
0
0
0
0
0
0
0
0
0
0
0
0
0
0
0
0
0
0
0
0
0
6.4561
0
0
0
0
0
0
0
0
0
0
0
-2.4246
0
0
0
0
0
0
0
0
0
0
0
0
0
0
0
0
0
-2.9886
0
-2.484
0
0
0
0
0
0
0
0
0
0
0
0
0
0
0
0
0
0
0
0
0
0
-2.3829
0
0
0
0
0
0
0
0
0
0
0
0
0
0
0
0
0
0
0
0
0
0
0
0
0
0
0
0
0
0
0
0
0
0
0
0
0
0
0
0
0
0
0
0
-2.16
0
0
0
0
0
0
0
0
0
0
0
0
0
0
0
0
7.0269
0
0
0
0
0
0
0
0
0
0
0
0
0
0
0
0
0
0
0
0
0
0
0
0
0
0
0
0
0
0
0
0
0
0
0
0
0
0
0
0
0
0
0
0
0
0
0
0
0
0
0
0
0
0
0
0
0
0
0
0
0
0
-2.1585
0
0
0
0
0
0
0
0
0
0
0
-2.0701
0
0
0
0
0
0
0
0
0
0
0
0
0
0
0
0
0
0
0
0
0
0
0
0
0
0
0
0
0
0
0
0
0
0
0
0
0
0
0
0
0
6.5805
0
0
0
0
0
0
0
0
0
0
0
0
0
-2.3519
0
0
0
0
0
0
0
0
0
0
0
0
0
0
0
0
0
0
0
0
0
0
0
0
0
0
0
0
0
0
0
0
0
0
0
0
0
0
0
0
0
0
0
0
0
0
0
0
0
0
0
0
0
0
0
0
0
0
0
0
0
0
0
0
0
0
0
0
0
0
0
0
0
0
0
0
0
0
0
0
0
0
0
-2.1404
0
0
0
0
0
0
0
0
0
0
0
0
0
0
0
0
0
0
7.1061
0
0
0
0
0
0
0
0
0
0
-2.4039
-2.5617
0
0
0
0
0
0
0
0
0
0
0
0
0
0
0
0
0
-2.2697
0
0
-2.2657
0
0
0
0
0
0
0
0
0
0
0
0
0
0
0
0
0
0
0
0
0
0
0
0
0
0
0
0
0
0
0
0
0
0
0
0
0
0
0
0
0
0
0
0
0
0
0
0
0
0
0
0
0
0
0
0
0
0
0
0
0
0
0
0
-2.3218
0
0
0
0
0
0
0
0
0
0
0
0
0
0
0
0
0
0
6.8573
0
0
0
0
0
0
0
0
0
0
0
0
0
0
0
0
0
0
0
0
0
0
0
0
0
0
0
0
0
0
0
0
0
0
0
0
0
0
0
0
0
0
0
0
0
0
0
0
0
0
0
0
0
0
0
-2.3724
0
0
0
0
0
0
0
0
0
0
0
0
0
0
0
0
0
0
0
0
0
0
0
0
0
0
0
0
0
0
0
0
0
-2.5111
0
-2.5316
0
0
0
0
0
0
0
0
0
0
0
0
0
0
0
0
0
0
0
0
0
0
0
0
7.4151
0
0
0
0
0
0
0
0
0
0
0
0
0
0
0
0
0
0
0
0
0
0
0
0
0
0
0
0
0
0
0
0
0
0
0
0
0
0
0
0
0
0
0
0
0
0
0
0
0
0
0
0
0
0
0
0
0
0
0
0
0
0
0
0
0
0
-2.3592
0
0
0
0
0
0
0
0
0
0
0
0
0
0
0
0
0
0
0
0
0
0
-2.421
0
0
0
0
0
0
0
-2.5367
0
0
0
0
0
0
0
0
0
0
0
0
0
0
0
0
0
0
7.317
0
0
0
0
0
0
0
0
0
0
0
0
0
0
0
0
0
0
0
0
0
0
0
0
0
0
0
0
0
0
0
0
0
0
0
0
0
0
0
0
0
0
0
0
0
0
0
-2.2541
0
0
0
0
0
0
0
0
0
0
0
0
0
0
0
0
0
0
0
0
0
0
0
0
0
0
0
0
0
0
0
0
0
0
0
0
0
0
0
0
0
0
-2.3373
0
0
0
0
0
0
0
-2.3584
0
0
0
0
0
0
0
0
0
0
0
0
0
0
0
0
0
6.9498
0
0
0
0
0
0
0
0
0
0
0
0
0
0
0
0
0
0
0
0
0
0
0
0
0
0
0
0
0
0
0
0
0
0
0
0
0
0
0
0
0
0
0
0
0
0
0
0
0
0
0
0
0
0
0
-2.2118
0
0
0
0
0
0
0
0
0
0
0
0
0
0
0
0
0
0
0
0
0
0
0
0
0
0
-2.5038
0
0
0
0
0
0
0
0
0
0
0
0
0
0
0
0
0
0
0
0
0
0
0
0
0
0
0
0
0
0
0
0
0
7.2593
0
0
0
0
0
0
-2.5437
0
0
0
0
0
0
0
0
0
0
0
0
0
0
0
0
0
0
0
0
0
-2.2166
0
0
0
0
0
0
0
0
0
0
0
0
0
0
0
0
0
0
0
0
0
0
0
0
0
0
0
0
0
0
0
0
-2.1737
0
0
0
0
0
0
0
0
0
0
0
0
0
0
0
0
0
0
0
0
0
0
0
0
0
0
0
-2.3673
0
0
0
0
0
0
0
0
0
0
0
0
0
0
0
0
0
0
0
0
0
0
0
0
0
0
6.7576
0
0
0
0
0
0
0
0
0
0
0
0
0
0
0
0
0
0
0
0
0
0
0
0
0
0
0
0
0
0
0
0
0
0
0
0
0
0
0
0
0
0
0
0
0
0
0
0
0
0
0
0
0
0
0
0
0
0
0
0
0
0
0
0
0
0
0
0
0
0
0
0
0
0
0
0
0
0
-2.3688
0
0
0
0
0
0
0
0
0
0
0
0
0
0
0
0
0
0
0
0
0
0
0
0
0
0
0
0
0
0
0
0
0
0
0
0
0
7.4605
0
0
-2.5162
0
0
0
0
0
-2.5755
0
0
0
0
0
0
0
0
0
0
0
0
0
0
0
0
0
0
0
0
0
0
0
0
0
-2.3527
0
0
0
0
0
0
0
0
0
0
0
0
0
0
0
0
0
0
0
0
0
0
0
0
0
0
0
0
0
0
0
0
0
0
0
0
0
0
0
0
0
0
0
0
0
0
0
0
-2.4654
0
0
0
0
0
0
0
0
0
0
0
0
0
-2.6267
0
0
0
0
0
0
0
0
0
0
0
0
0
0
0
0
0
0
7.4448
0
0
0
0
0
0
0
0
0
0
0
0
0
0
0
0
0
0
0
0
0
0
0
0
0
0
0
0
0
0
0
0
0
0
0
0
0
0
0
0
0
0
0
0
0
0
0
0
0
0
0
0
0
0
0
0
0
0
0
0
0
0
0
0
0
0
0
0
0
0
0
0
0
0
0
0
0
0
0
0
0
0
0
-2.3561
-2.395
0
0
0
0
0
0
0
0
0
0
0
0
0
0
0
0
0
0
0
-2.4246
0
0
0
0
0
0
0
0
0
0
0
7.1757
0
0
0
0
0
0
0
0
0
0
0
0
0
0
0
0
0
0
0
0
0
0
0
0
0
0
0
0
0
0
0
0
0
0
0
0
0
0
0
0
0
0
0
0
0
0
0
0
0
0
0
0
0
0
0
0
0
0
0
0
0
0
0
0
0
0
0
0
0
0
0
-2.1921
0
0
0
0
0
0
0
0
0
0
0
0
0
0
-2.1209
0
0
0
0
0
0
0
0
0
0
0
0
0
0
0
0
0
0
0
0
0
0
0
0
0
0
-2.5162
0
0
6.8292
0
0
0
0
0
0
0
0
0
0
0
0
0
0
0
0
0
0
0
0
-2.2687
0
0
0
0
0
0
0
0
0
0
0
0
0
0
0
0
0
0
0
0
0
0
0
0
0
0
0
0
0
0
0
0
0
0
0
0
0
0
0
-2.1586
0
0
0
0
0
0
0
0
0
0
0
0
0
0
0
0
0
0
0
0
0
0
0
0
0
0
0
0
0
0
0
0
0
0
0
0
0
0
0
0
0
0
0
0
-2.4039
0
0
0
0
0
0
0
0
0
0
6.8312
0
0
0
0
0
0
0
0
0
0
0
0
0
0
0
0
0
0
0
0
0
0
0
0
0
0
0
0
0
0
0
0
0
0
0
0
0
0
0
0
0
0
0
0
0
0
0
0
0
0
0
0
0
0
0
0
0
0
0
0
0
0
0
0
0
0
0
0
0
0
0
-2.1202
0
0
0
0
0
0
0
0
0
0
0
0
0
0
0
0
0
0
0
0
0
0
0
0
0
0
0
0
0
0
0
0
-2.5617
0
0
0
0
-2.5437
0
0
0
0
0
0
7.2256
0
0
0
0
0
0
0
0
0
0
0
0
0
0
0
0
0
0
0
0
0
0
0
0
0
0
0
0
0
0
0
0
0
0
0
0
0
0
-2.1272
0
0
0
0
0
0
0
0
0
0
0
0
0
0
0
0
0
0
0
0
0
0
0
0
0
0
0
0
0
0
0
0
0
0
0
0
0
0
0
0
0
0
0
0
0
0
0
0
-2.5725
0
0
0
0
0
0
0
0
0
0
0
0
0
0
-2.3519
0
0
0
0
0
0
0
0
0
0
0
0
0
7.0516
0
0
0
0
0
0
0
0
0
0
0
0
0
0
0
0
0
0
0
0
0
0
0
0
0
0
0
0
0
0
0
0
0
0
0
0
0
0
0
0
0
0
0
0
0
0
0
0
0
0
0
0
0
0
0
0
0
0
0
0
0
-2.306
0
0
0
0
0
0
0
0
0
0
0
0
0
0
0
0
0
0
0
0
0
0
0
0
0
0
0
0
0
0
0
0
-2.736
0
0
0
0
0
0
0
0
0
0
0
0
0
0
0
0
0
0
0
0
0
5.0419
0
0
0
0
0
0
0
0
0
0
0
0
0
0
0
0
0
0
0
0
0
0
0
0
0
0
0
0
0
0
0
0
0
0
0
0
0
0
0
0
0
0
0
0
0
0
0
0
0
0
0
0
0
0
0
0
0
0
0
0
0
0
0
0
0
0
0
0
0
0
0
0
0
0
0
0
0
0
0
0
0
0
0
0
0
0
0
0
0
0
0
0
0
0
0
0
-2.4595
0
0
0
0
0
0
0
0
0
0
0
0
0
0
0
0
0
0
0
5.7791
0
0
-3.3196
0
0
0
0
0
0
0
0
0
0
0
0
0
0
0
-2.8655
0
0
0
0
0
0
0
0
0
0
0
0
0
0
0
0
0
0
0
0
0
0
0
0
0
0
0
0
0
0
0
0
0
0
0
0
0
0
0
0
0
0
0
0
0
0
0
0
0
0
0
0
0
0
0
0
0
0
0
0
0
0
0
0
0
0
0
0
0
0
0
0
0
0
0
0
0
0
0
0
0
0
0
0
0
0
0
0
-2.5755
0
0
0
0
0
0
0
0
5.441
0
0
0
0
0
0
0
0
0
0
0
0
0
0
0
0
0
0
0
0
0
0
0
0
0
0
0
0
0
0
0
0
0
0
0
0
0
0
0
0
0
0
0
0
0
0
0
0
0
0
0
0
0
0
0
0
0
0
0
0
0
0
0
0
0
0
-2.531
0
0
0
0
0
0
0
0
0
0
0
0
0
0
0
0
0
0
0
0
0
-2.9559
0
0
0
0
0
0
0
0
0
0
0
0
0
0
0
0
0
0
0
0
0
0
0
0
0
0
0
5.4868
0
0
0
0
0
0
0
0
0
0
0
0
0
0
0
0
0
0
0
0
0
0
0
0
0
0
0
0
0
0
0
0
0
0
0
0
0
0
0
0
0
0
0
0
0
0
0
0
0
0
0
0
0
0
0
0
0
0
0
0
0
0
0
0
0
0
0
0
-2.4531
0
0
0
0
0
0
0
0
0
0
0
0
0
0
0
0
0
0
0
0
0
0
0
0
0
0
0
0
0
0
0
0
0
0
0
0
0
0
0
0
0
0
0
0
-3.3196
0
0
5.7727
0
0
0
0
0
0
0
0
0
0
-2.8842
0
0
0
0
0
0
0
0
0
0
0
0
0
0
0
0
0
0
0
0
0
0
-2.7663
0
0
0
0
0
0
0
0
0
0
0
0
0
0
0
0
0
0
0
0
0
0
0
0
0
0
0
0
0
0
0
0
0
0
0
0
0
0
0
0
0
0
0
0
0
0
0
0
0
0
0
0
0
0
0
0
0
0
0
0
0
0
0
0
0
0
0
0
0
0
0
0
0
0
0
0
0
0
0
0
0
0
5.6505
0
0
0
0
0
0
0
0
0
0
0
0
0
0
0
0
0
0
0
0
0
0
0
0
0
0
0
0
0
0
0
0
0
0
0
0
0
0
0
0
-2.6063
0
0
0
0
0
0
0
0
0
0
0
0
0
0
0
0
0
0
0
0
0
0
0
0
0
0
0
0
0
0
0
0
0
0
0
0
-2.5469
0
0
0
0
0
0
0
0
0
0
0
0
0
0
0
0
0
0
0
0
0
0
0
0
0
0
0
0
0
0
0
0
0
0
0
0
0
0
5.1532
0
0
0
0
0
0
0
0
0
0
0
0
0
0
0
0
0
0
0
0
0
0
0
0
0
0
0
0
0
0
0
0
0
0
0
0
0
0
0
0
0
0
0
0
0
0
0
0
0
0
0
0
0
0
0
0
0
0
0
0
0
0
0
0
0
0
0
0
0
0
0
-1.5193
0
0
0
0
0
0
0
0
0
0
0
0
0
0
0
0
0
0
0
0
0
0
0
0
0
0
0
0
0
0
0
0
0
0
0
0
0
0
0
0
0
0
0
0
1.5193
0
0
0
0
0
0
0
0
0
0
0
0
0
0
0
0
0
0
0
0
0
0
0
0
0
0
0
0
0
0
0
0
0
0
0
0
0
0
-3.1959
0
0
0
0
0
0
0
0
0
0
0
0
0
0
0
0
0
0
0
0
0
0
0
0
0
0
0
0
0
0
0
0
0
0
0
0
0
0
0
0
0
0
0
0
0
0
0
0
0
0
0
0
0
0
0
0
0
0
0
0
0
0
0
0
0
0
0
0
0
0
0
0
0
0
0
0
0
3.1959
0
0
0
0
0
0
0
0
0
0
0
0
0
0
0
0
0
0
0
0
0
0
0
0
0
0
0
0
0
0
0
0
0
0
0
0
0
0
0
0
0
0
0
0
0
0
0
0
0
0
0
-2.2036
0
0
0
0
0
0
0
0
0
0
0
0
0
0
0
0
0
0
0
0
0
0
0
0
0
0
0
0
0
0
0
0
0
0
0
0
0
0
0
0
0
0
0
0
0
0
0
0
0
0
0
0
0
0
0
0
0
0
0
0
0
0
0
0
2.2036
0
0
0
0
0
0
0
0
0
0
0
-3.6531
0
0
0
0
0
0
0
0
0
0
0
0
0
0
0
0
0
0
0
0
0
0
0
0
0
0
0
0
0
0
0
0
0
0
0
0
0
0
0
0
0
0
0
0
0
0
0
0
0
0
0
0
0
0
0
0
0
0
0
0
0
0
0
0
0
0
0
0
0
0
0
0
0
0
0
0
0
0
0
0
0
0
0
0
0
0
0
0
0
0
0
0
0
0
0
0
0
0
0
0
0
0
0
0
3.6531
0
0
0
0
0
0
0
0
0
0
0
0
0
0
0
0
0
0
0
0
0
0
0
0
0
0
0
0
0
0
0
0
0
0
0
0
0
0
0
0
0
0
0
0
0
0
0
-2.5126
0
0
0
0
0
0
0
0
0
0
0
0
0
0
0
0
0
0
0
0
0
0
0
0
0
0
0
0
0
0
0
0
0
0
0
0
0
0
0
0
0
0
0
0
0
0
0
0
0
0
0
0
0
0
0
0
0
0
0
0
0
0
0
0
0
0
0
0
2.5126
0
0
0
0
0
0
0
0
0
0
0
0
0
0
0
0
0
0
0
0
0
0
0
0
0
0
0
0
0
0
0
0
0
0
0
0
0
0
0
0
0
0
0
0
0
0
0
0
0
0
0
0
0
0
0
0
0
0
0
0
0
0
0
0
0
0
0
0
0
0
0
0
0
0
0
0
0
-0.6084
0
0
0
0
0
0
0
0
0
0
0
0
0
0
0
0
0
0
0
0
0
0
0
0
0
0
0
0
0
0
0
0
0
0
0
0
0
0
0.6084
0
0
0
0
0
0
0
0
0
0
0
0
0
0
0
0
0
0
0
0
0
0
0
0
0
0
0
0
0
0
0
0
0
0
0
0
0
0
0
0
0
0
0
0
0
0
0
0
0
0
0
0
0
0
0
0
0
0
0
0
0
0
0
0
0
0
0
0
0
0
0
0
0
0
0
0
0
0
0
0
0
0
0
0
0
0
-2.9886
0
0
0
0
0
0
0
0
0
0
0
0
0
0
0
0
0
0
0
0
0
0
0
0
0
0
0
0
0
2.9886
0
0
0
0
0
0
0
0
0
0
0
0
0
0
0
0
0
0
0
0
0
0
0
0
0
0
0
0
0
0
0
0
0
0
0
0
0
0
0
0
0
0
0
0
0
0
0
0
0
0
0
0
0
0
0
0
0
0
0
0
0
0
-2.1283
0
0
0
0
0
0
0
0
0
0
0
0
0
0
0
0
0
0
0
0
0
0
0
0
0
0
0
0
0
0
0
0
0
0
0
0
0
0
0
0
0
0
0
0
0
0
0
0
0
0
0
0
0
2.1283
