1
0.96825
0.9636
0.95928
0.95681
0.95563
0.95228
0.95373
0.95017
0.95173
0.94752
0.94661
0.94546
0.94629
0.94433
0.94314
0.94186
0.941
0.94015
0.93962
0.93915
0.93894
0.9389
0.93914
0.93958
0.94032
0.94134
0.94271
0.94443
0.94654
0.94896
0.95164
0.95445
0.95728
0.96003
0.96266
0.96514
0.96748
0.96967
0.97175
0.97371
0.97557
0.97735
0.97904
0.98067
0.98222
0.98372
0.98515
0.98651
0.98782
0.98906
0.99025
0.99138
0.99246
0.99351
0.99452
0.9955
0.99646
0.99741
0.99834
0.99925
1.0001
1.001
1.0019
1.0027
1.0035
1.0042
1.005
1.0057
1.0064
1.0071
1.0078
1.0084
1.009
1.0097
1.0103
1.0109
1.0115
1.0121
1.0127
1.0133
1.0139
1.0146
1.0152
1.0159
1.0166
1.0173
1.018
1.0187
1.0195
1.0203
1.0211
1.022
1.0229
1.0238
1.0247
1.0257
1.0267
1.0277
1.0288
1.0299
1.031
1.0321
1.0333
1.0345
1.0358
1.0372
1.0386
1.0401
1.0417
1.0434
1.0452
1.0471
1.049
1.051
1.0529
1.0549
1.0567
1.0585
1.0602
1.0618
1.0634
1.0648
1.0662
1.0676
1.0688
1.0701
1.0713
1.0724
1.0735
1.0746
1.0756
1.0766
