1
0.96903
0.96387
0.96031
0.95753
0.95552
0.95406
0.95313
0.95218
0.95138
0.949
0.94678
0.946
0.94537
0.94331
0.94144
0.93971
0.93817
0.9367
0.93535
0.93405
0.93286
0.9317
0.93063
0.92956
0.92855
0.92754
0.92658
0.92561
0.92468
0.92375
0.92284
0.92192
0.92102
0.92012
0.91922
0.91833
0.91744
0.91656
0.91568
0.9148
0.91391
0.91303
0.91213
0.91123
0.91033
0.90942
0.90851
0.90762
0.90673
0.90586
0.905
0.90417
0.90336
0.90256
0.9018
0.90105
0.90033
0.89962
0.89894
0.89827
0.89762
0.89699
0.89636
0.89575
0.89514
0.89454
0.89394
0.89335
0.89276
0.89217
0.89158
0.891
0.89042
0.88984
0.88927
0.88871
0.88816
0.88762
0.88708
0.88656
0.88605
0.88554
0.88506
0.88458
0.88411
0.88365
0.88321
0.88277
0.88235
0.88193
0.88153
0.88114
0.88076
0.88039
0.88003
0.87968
0.87934
0.87901
0.87869
0.87837
0.87807
0.87777
0.87747
0.87717
0.87688
0.87659
0.8763
0.87601
0.87573
0.87545
0.87516
0.87488
0.8746
0.87431
0.87403
0.87375
0.87347
0.87318
0.87289
0.87261
0.87232
0.87203
0.87174
0.87145
0.87116
0.87087
0.87058
0.87029
0.87
0.8697
0.86941
0.86912
