1
0.97201
0.96206
0.95318
0.94727
0.94211
0.93796
0.93412
0.93118
0.92379
0.91723
0.91637
0.91584
0.90965
0.90398
0.89853
0.89348
0.88856
0.88391
0.87935
0.875
0.8707
0.86657
0.8625
0.85854
0.85464
0.85082
0.84706
0.84338
0.83976
0.83621
0.83271
0.82928
0.8259
0.82258
0.81931
0.8161
0.81294
0.80984
0.80679
0.8038
0.80085
0.79793
0.79503
0.79213
0.78923
0.7863
0.78334
0.78033
0.77728
0.7742
0.77111
0.76803
0.76499
0.762
0.75909
0.75624
0.75347
0.75078
0.74815
0.74558
0.74307
0.74061
0.7382
0.73583
0.7335
0.73121
0.72895
0.72674
0.72457
0.72245
0.72037
0.71834
0.71637
0.71444
0.71258
0.71077
0.70901
0.70732
0.70567
0.70408
0.70254
0.70104
0.69959
0.69819
0.69683
0.69552
0.69425
0.69302
0.69183
0.69068
0.68956
0.68848
0.68743
0.68642
0.68543
0.68448
0.68355
0.68265
0.68177
0.68093
0.68011
0.67931
0.67854
0.67779
0.67706
0.67636
0.67568
0.67502
0.67438
0.67376
0.67315
0.67257
0.672
0.67145
0.67092
0.67042
0.66993
0.66946
