1
0.97434
0.96726
0.95985
0.95495
0.95039
0.94679
0.94341
0.94071
0.93474
0.9295
0.92842
0.9276
0.92263
0.91806
0.91376
0.9099
0.90628
0.90296
0.8998
0.89688
0.89403
0.89133
0.88864
0.88599
0.88328
0.88054
0.87771
0.87479
0.87179
0.86872
0.86563
0.86255
0.85954
0.85662
0.85382
0.85114
0.84859
0.84616
0.84385
0.84165
0.83955
0.83755
0.83564
0.83381
0.83205
0.83036
0.82873
0.82714
0.8256
0.8241
0.82263
0.8212
0.81979
0.81841
0.81707
0.81574
0.81444
0.81316
0.8119
0.81067
0.80946
0.80826
0.80709
0.80594
0.8048
0.80368
0.80259
0.80151
0.80045
0.79941
0.79838
0.79738
0.7964
0.79543
0.79449
0.79357
0.79266
0.79178
0.79091
0.79005
0.78921
0.78838
0.78756
0.78676
0.78597
0.78519
0.78443
0.78369
0.78296
0.78226
0.78157
0.78089
0.78023
0.77959
0.77897
0.77835
0.77776
0.77717
0.77661
0.77605
0.77551
0.77499
0.77448
0.77398
0.77349
0.77302
0.77256
0.77211
0.77168
0.77125
0.77083
0.77042
0.77002
0.76964
0.76926
0.7689
0.76856
0.76823
