1
0.97468
0.96906
0.96281
0.95892
0.95523
0.9524
0.94963
0.94747
0.94275
0.93874
0.93771
0.93695
0.93319
0.92979
0.92662
0.92386
0.92128
0.91897
0.91677
0.9148
0.91292
0.91124
0.90964
0.90819
0.90684
0.90562
0.9045
0.90352
0.90264
0.90189
0.90126
0.90074
0.90033
0.90002
0.89982
0.89971
0.89969
0.89977
0.89994
0.90021
0.90057
0.90102
0.90152
0.90205
0.90258
0.90308
0.90351
0.90385
0.90406
0.90411
0.90396
0.90354
0.90279
0.90163
0.90002
0.89798
0.89565
0.89328
0.89102
0.88898
0.88716
0.88555
0.88412
0.88286
0.88173
0.88072
0.87982
0.87901
0.8783
0.87766
0.8771
0.8766
0.87617
0.87581
0.87549
0.87524
0.87503
0.87487
0.87476
0.87468
0.87464
0.87464
0.87467
0.87474
0.87485
0.87498
0.87514
0.87533
0.87554
0.87577
0.87601
0.87628
0.87655
0.87684
0.87715
0.87747
0.87781
0.87816
0.87853
0.87892
0.87932
0.87973
0.88017
0.88061
0.88107
0.88154
0.88202
0.88251
0.88302
0.88353
0.88406
0.8846
0.88516
0.88572
0.88629
0.88687
0.88745
0.88802
