64.3433
-0.84482
-0.90921
-0.90454
-0.90455
-0.8857
-0.88563
-0.8663
-0.88562
-0.88563
-0.89095
-0.89941
-0.88516
-0.88517
-0.88518
-0.86741
-0.86762
-0.86762
-0.85082
-0.87099
-0.85898
-0.91959
-0.8969
-0.88444
-0.88443
-0.88803
-0.92431
-0.86848
-0.87311
-0.85532
-0.87206
-0.85531
-0.87312
-0.86392
-0.8662
-0.85414
-0.85589
-0.86263
-0.83559
-0.83559
-0.85554
-0.84202
-0.88778
-0.87487
-0.87439
-0.87468
-0.84435
-0.90406
-0.95835
-0.91442
-0.93562
-0.87826
-0.96812
-0.88331
-0.87112
-1.0081
-1.263
-1.2753
0
0
-2.2988
0
0
0
0
0
-2.0973
-2.6952
-2.3164
0
-3.8519
0
0
0
0
0
0
0
0
0
0
0
0
0
0
0
0
0
0
0
0
0
0
0
0
0
0
0
0
0
0
0
0
-0.84482
58.5453
-0.88906
-0.88684
-0.88686
-0.86662
-0.86655
-0.84728
-0.86654
-0.86654
-0.87147
-0.87863
-0.86572
-0.86574
-0.86574
-0.848
-0.84818
-0.84817
-0.83144
-0.85163
-0.83964
-0.89766
-0.87689
-0.86478
-0.86478
-0.8682
-0.90313
-0.84949
-0.85345
-0.83586
-0.85258
-0.83585
-0.85346
-0.84426
-0.84652
-0.83864
-0.83658
-0.84297
-0.81626
-0.81626
-0.83798
-0.82257
-0.86787
-0.85512
-0.85463
-0.85492
-0.82571
-0.88369
-0.93804
-0.894
-0.91528
-0.85796
-0.94907
-0.86299
-0.85205
-0.98715
-1.2404
-1.2523
0
0
0
0
0
0
0
0
-2.081
-2.6714
0
0
-3.8081
0
0
0
0
0
0
0
0
0
0
0
0
0
0
0
0
0
0
0
0
0
0
0
0
0
0
0
0
0
0
0
0
-0.90921
-0.88906
61.5981
-0.92489
-0.92491
-0.90478
-0.9047
-0.88533
-0.90469
-0.90469
-0.90995
-0.91884
-0.90418
-0.9042
-0.90421
-0.88629
-0.88652
-0.88652
-0.86966
-0.88992
-0.87879
-0.93811
-0.91531
-0.90356
-0.90356
-0.90638
-0.94234
-0.88776
-0.89156
-0.87421
-0.89202
-0.87418
-0.89156
-0.88215
-0.88444
-0.87797
-0.87475
-0.88085
-0.8543
-0.85431
-0.87611
-0.86074
-0.90675
-0.89378
-0.89329
-0.89358
-0.86371
-0.92332
-0.97637
-0.93379
-0.95216
-0.8973
-0.98587
-0.90239
-0.89103
-1.0238
-1.2834
-1.2956
0
0
0
0
0
0
-2.3448
0
0
0
0
0
0
0
0
0
0
0
0
0
0
0
0
0
0
-7.0796
0
0
0
0
0
0
0
0
0
0
0
0
0
0
0
0
0
0
0
-0.90454
-0.88684
-0.92489
58.7079
-0.92239
-0.90316
-0.90309
-0.88369
-0.9031
-0.90309
-0.90817
-0.91527
-0.90239
-0.90241
-0.90242
-0.8845
-0.88474
-0.88473
-0.86783
-0.888
-0.87606
-0.93515
-0.91281
-0.90168
-0.90168
-0.90403
-0.93969
-0.88603
-0.88953
-0.87235
-0.88918
-0.87233
-0.88953
-0.88033
-0.88265
-0.87621
-0.87295
-0.87903
-0.85243
-0.85242
-0.8743
-0.85886
-0.90484
-0.89188
-0.8914
-0.89169
-0.86208
-0.92161
-0.97479
-0.93218
-0.95161
-0.89588
-0.98492
-0.90096
-0.8872
-1.0235
-1.2828
-1.2954
0
0
0
0
0
0
0
0
0
0
0
0
0
0
0
0
0
0
0
0
0
0
0
0
0
0
0
0
0
0
0
0
0
-6.6407
0
0
0
0
0
0
0
0
0
0
0
-0.90455
-0.88686
-0.92491
-0.92239
58.7088
-0.90319
-0.90312
-0.88369
-0.90311
-0.90311
-0.90819
-0.91528
-0.90242
-0.90243
-0.90244
-0.88451
-0.88474
-0.88474
-0.86783
-0.88801
-0.87607
-0.93517
-0.91282
-0.90169
-0.9017
-0.90403
-0.93971
-0.88606
-0.88954
-0.87236
-0.88918
-0.87235
-0.88955
-0.88034
-0.88267
-0.87622
-0.87296
-0.87904
-0.85244
-0.85244
-0.87432
-0.85887
-0.90485
-0.89189
-0.8914
-0.8917
-0.8621
-0.92162
-0.97479
-0.93219
-0.95162
-0.89588
-0.98493
-0.90097
-0.88721
-1.0235
-1.2828
-1.2954
0
0
0
0
0
0
0
0
0
0
0
0
0
0
0
0
0
0
0
0
0
0
0
0
0
0
0
0
0
0
0
0
0
0
0
0
0
0
0
-6.6408
0
0
0
0
0
-0.8857
-0.86662
-0.90478
-0.90316
-0.90319
51.1927
-0.88366
-0.86549
-0.88365
-0.88366
-0.89162
-0.9007
-0.88651
-0.88652
-0.88653
-0.86852
-0.86892
-0.86892
-0.85207
-0.87365
-0.86017
-0.92099
-0.89871
-0.88616
-0.88615
-0.89001
-0.93768
-0.87111
-0.8753
-0.85696
-0.87334
-0.85695
-0.8753
-0.86587
-0.86815
-0.86053
-0.85801
-0.86459
-0.83707
-0.83708
-0.85865
-0.84349
-0.88932
-0.87643
-0.87593
-0.87623
-0.84753
-0.90586
-0.96059
-0.91621
-0.93753
-0.87994
-0.97253
-0.88501
-0.87217
-1.0092
-1.265
-1.2771
0
0
0
0
0
0
0
0
0
0
0
0
0
0
0
0
0
0
0
0
0
0
0
0
0
0
0
0
0
0
0
0
0
0
0
0
0
0
0
0
0
0
0
0
0
-0.88563
-0.86655
-0.9047
-0.90309
-0.90312
-0.88366
51.1885
-0.8654
-0.88357
-0.88358
-0.89154
-0.90063
-0.88644
-0.88646
-0.88646
-0.86844
-0.86886
-0.86885
-0.852
-0.87357
-0.8601
-0.92091
-0.89862
-0.88607
-0.88607
-0.88994
-0.93762
-0.87104
-0.87523
-0.85689
-0.87326
-0.85688
-0.87524
-0.86579
-0.86806
-0.86045
-0.85794
-0.86451
-0.83699
-0.837
-0.85857
-0.84341
-0.88924
-0.87635
-0.87586
-0.87616
-0.84745
-0.90578
-0.96051
-0.91614
-0.93746
-0.87986
-0.97245
-0.88494
-0.87208
-1.0091
-1.2649
-1.277
0
0
0
0
0
0
0
0
0
0
0
0
0
0
0
0
0
0
0
0
0
0
0
0
0
0
0
0
0
0
0
0
0
0
0
0
0
0
0
0
0
0
0
0
0
-0.8663
-0.84728
-0.88533
-0.88369
-0.88369
-0.86549
-0.8654
49.6006
-0.8654
-0.8654
-0.87345
-0.88078
-0.86781
-0.86783
-0.86785
-0.84927
-0.84953
-0.84953
-0.83263
-0.85414
-0.84046
-0.90291
-0.8776
-0.86623
-0.86623
-0.86926
-0.90709
-0.85082
-0.85487
-0.83722
-0.85336
-0.83721
-0.85488
-0.8456
-0.84785
-0.84051
-0.83864
-0.84433
-0.81748
-0.81747
-0.83863
-0.8238
-0.86926
-0.8565
-0.85602
-0.85631
-0.82711
-0.88552
-0.93956
-0.89589
-0.91667
-0.85978
-0.95306
-0.86483
-0.85185
-0.98817
-1.2433
0
0
0
0
-0.7836
0
0
0
0
0
0
0
0
0
0
0
0
0
0
0
0
0
0
0
0
0
0
0
0
0
0
0
0
0
0
0
0
0
0
0
0
0
0
0
0
0
-0.88562
-0.86654
-0.90469
-0.9031
-0.90311
-0.88365
-0.88357
-0.8654
51.1883
-0.88357
-0.89154
-0.90062
-0.88642
-0.88644
-0.88646
-0.86844
-0.86885
-0.86884
-0.85199
-0.87357
-0.86009
-0.92091
-0.89864
-0.88608
-0.88608
-0.88993
-0.93762
-0.87104
-0.87522
-0.85689
-0.87326
-0.85687
-0.87522
-0.86579
-0.86807
-0.86045
-0.85793
-0.86451
-0.83701
-0.83701
-0.85857
-0.84342
-0.88925
-0.87635
-0.87586
-0.87615
-0.84744
-0.90577
-0.9605
-0.91613
-0.93746
-0.87985
-0.97244
-0.88494
-0.87208
-1.0092
-1.2649
-1.277
0
0
0
0
0
0
0
0
0
0
0
0
0
0
0
0
0
0
0
0
0
0
0
0
0
0
0
0
0
0
0
0
0
0
0
0
0
0
0
0
0
0
0
0
0
-0.88563
-0.86654
-0.90469
-0.90309
-0.90311
-0.88366
-0.88358
-0.8654
-0.88357
51.1884
-0.89153
-0.90063
-0.88643
-0.88645
-0.88646
-0.86844
-0.86885
-0.86884
-0.85199
-0.87357
-0.86009
-0.92092
-0.89863
-0.88608
-0.88608
-0.88994
-0.93762
-0.87104
-0.87523
-0.85689
-0.87326
-0.85687
-0.87523
-0.86579
-0.86806
-0.86046
-0.85793
-0.8645
-0.837
-0.83701
-0.85857
-0.84341
-0.88924
-0.87635
-0.87587
-0.87616
-0.84745
-0.90578
-0.9605
-0.91614
-0.93746
-0.87985
-0.97244
-0.88493
-0.87208
-1.0092
-1.2649
-1.277
0
0
0
0
0
0
0
0
0
0
0
0
0
0
0
0
0
0
0
0
0
0
0
0
0
0
0
0
0
0
0
0
0
0
0
0
0
0
0
0
0
0
0
0
0
-0.89095
-0.87147
-0.90995
-0.90817
-0.90819
-0.89162
-0.89154
-0.87345
-0.89154
-0.89153
48.9064
-0.90439
-0.89292
-0.89294
-0.89295
-0.87335
-0.87378
-0.87377
-0.85669
-0.88012
-0.86502
-0.9242
-0.90522
-0.89084
-0.89084
-0.89555
-0.92702
-0.87593
-0.88023
-0.86148
-0.87796
-0.86147
-0.88023
-0.87043
-0.87271
-0.8651
-0.8625
-0.86916
-0.84145
-0.84145
-0.86323
-0.84786
-0.89388
-0.88098
-0.88048
-0.88078
-0.85174
-0.91004
-0.965
-0.92055
-0.94204
-0.88417
-0.97718
-0.88927
-0.87684
-1.0142
0
0
0
0
0
0
0
0
0
0
0
0
0
0
0
0
0
0
0
0
0
0
0
0
0
0
0
0
0
0
0
0
0
0
0
0
0
0
0
0
0
0
0
0
0
0
0
-0.89941
-0.87863
-0.91884
-0.91527
-0.91528
-0.9007
-0.90063
-0.88078
-0.90062
-0.90063
-0.90439
54.3162
-0.89863
-0.89864
-0.89866
-0.88058
-0.8808
-0.8808
-0.86384
-0.88438
-0.87173
-0.93028
-0.90947
-0.89774
-0.89774
-0.90051
-0.9359
-0.8822
-0.88591
-0.8684
-0.88476
-0.86838
-0.88591
-0.87661
-0.87893
-0.87212
-0.86905
-0.87529
-0.84844
-0.84844
-0.87045
-0.85484
-0.90086
-0.8879
-0.88741
-0.88771
-0.85821
-0.91749
-0.97104
-0.92798
-0.94793
-0.89161
-0.98196
-0.8967
-0.88275
0
0
0
0
0
0
0
0
0
0
0
0
0
0
0
0
0
0
0
0
0
0
-6.062
0
0
0
0
0
0
0
0
0
0
0
0
0
0
0
0
0
0
0
0
0
0
0
0
0
-0.88516
-0.86572
-0.90418
-0.90239
-0.90242
-0.88651
-0.88644
-0.86781
-0.88642
-0.88643
-0.89292
-0.89863
47.5654
-0.88241
-0.88241
-0.86564
-0.86689
-0.86689
-0.85003
-0.87585
-0.85851
-0.91862
-0.90379
-0.88443
-0.88442
-0.88907
-0.92389
-0.86941
-0.8738
-0.85516
-0.87155
-0.85515
-0.87381
-0.86399
-0.86625
-0.8587
-0.85613
-0.86271
-0.83516
-0.83516
-0.85683
-0.84152
-0.88744
-0.87458
-0.87408
-0.87438
-0.8454
-0.9037
-0.95876
-0.91436
-0.93588
-0.87812
-0.9714
-0.88322
-0.87089
0
0
0
0
0
0
0
0
0
0
0
0
0
0
0
0
0
0
0
0
0
0
0
0
0
0
0
0
0
0
0
0
0
0
0
0
0
0
0
0
0
0
0
0
0
0
0
0
-0.88517
-0.86574
-0.9042
-0.90241
-0.90243
-0.88652
-0.88646
-0.86783
-0.88644
-0.88645
-0.89294
-0.89864
-0.88241
47.5662
-0.88244
-0.86565
-0.86691
-0.8669
-0.85004
-0.87586
-0.85853
-0.91864
-0.90382
-0.88444
-0.88445
-0.88907
-0.9239
-0.86941
-0.87381
-0.85518
-0.87155
-0.85517
-0.87383
-0.864
-0.86627
-0.85871
-0.85615
-0.86274
-0.83516
-0.83518
-0.85684
-0.84154
-0.88746
-0.87459
-0.87409
-0.87439
-0.84542
-0.90372
-0.95877
-0.91436
-0.93589
-0.87814
-0.97143
-0.88324
-0.87091
0
0
0
0
0
0
0
0
0
0
0
0
0
0
0
0
0
0
0
0
0
0
0
0
0
0
0
0
0
0
0
0
0
0
0
0
0
0
0
0
0
0
0
0
0
0
0
0
-0.88518
-0.86574
-0.90421
-0.90242
-0.90244
-0.88653
-0.88646
-0.86785
-0.88646
-0.88646
-0.89295
-0.89866
-0.88241
-0.88244
47.567
-0.86567
-0.86692
-0.86692
-0.85005
-0.87588
-0.85854
-0.91865
-0.90382
-0.88445
-0.88445
-0.8891
-0.92393
-0.86942
-0.87384
-0.8552
-0.87158
-0.85518
-0.87385
-0.86403
-0.86628
-0.85872
-0.85615
-0.86275
-0.83519
-0.83518
-0.85686
-0.84156
-0.88749
-0.8746
-0.87411
-0.87441
-0.84543
-0.90373
-0.95878
-0.91437
-0.93591
-0.87816
-0.97144
-0.88325
-0.87093
0
0
0
0
0
0
0
0
0
0
0
0
0
0
0
0
0
0
0
0
0
0
0
0
0
0
0
0
0
0
0
0
0
0
0
0
0
0
0
0
0
0
0
0
0
0
0
0
-0.86741
-0.848
-0.88629
-0.8845
-0.88451
-0.86852
-0.86844
-0.84927
-0.86844
-0.86844
-0.87335
-0.88058
-0.86564
-0.86565
-0.86567
45.7458
-0.85022
-0.85022
-0.83247
-0.85347
-0.84102
-0.90123
-0.87885
-0.86637
-0.86636
-0.86805
-0.90684
-0.8511
-0.85565
-0.83726
-0.85366
-0.83724
-0.85566
-0.84577
-0.84803
-0.84059
-0.83809
-0.84453
-0.81733
-0.81733
-0.83872
-0.82361
-0.86922
-0.85645
-0.85596
-0.85625
-0.82743
-0.88542
-0.93975
-0.896
-0.9169
-0.86022
-0.95249
-0.86529
0
0
0
0
0
0
0
0
0
0
0
0
0
0
0
0
0
0
0
0
0
0
0
0
0
0
0
0
0
0
0
0
0
0
0
0
0
0
0
0
0
0
0
0
0
0
0
0
0
-0.86762
-0.84818
-0.88652
-0.88474
-0.88474
-0.86892
-0.86886
-0.84953
-0.86885
-0.86885
-0.87378
-0.8808
-0.86689
-0.86691
-0.86692
-0.85022
44.7999
-0.84886
-0.83147
-0.85386
-0.84096
-0.90148
-0.8788
-0.8663
-0.86629
-0.86933
-0.90707
-0.8511
-0.857
-0.83715
-0.85363
-0.83714
-0.85702
-0.84568
-0.84793
-0.84041
-0.83791
-0.84441
-0.81716
-0.81716
-0.83855
-0.8234
-0.86905
-0.85632
-0.85584
-0.85614
-0.82744
-0.88565
-0.93882
-0.89596
-0.9168
-0.86017
0
-0.86525
0
0
0
0
0
0
0
0
0
0
0
0
0
0
0
0
0
0
0
0
0
0
0
0
0
0
0
0
0
0
0
0
0
0
0
0
0
0
0
0
0
0
0
0
0
0
0
0
0
-0.86762
-0.84817
-0.88652
-0.88473
-0.88474
-0.86892
-0.86885
-0.84953
-0.86884
-0.86884
-0.87377
-0.8808
-0.86689
-0.8669
-0.86692
-0.85022
-0.84886
44.7997
-0.83146
-0.85386
-0.84096
-0.90148
-0.8788
-0.86629
-0.86629
-0.86934
-0.90708
-0.85109
-0.857
-0.83716
-0.85363
-0.83714
-0.85701
-0.84568
-0.84793
-0.8404
-0.83792
-0.84442
-0.81716
-0.81717
-0.83855
-0.8234
-0.86906
-0.85632
-0.85584
-0.85614
-0.82742
-0.88564
-0.93882
-0.89596
-0.91679
-0.86017
0
-0.86525
0
0
0
0
0
0
0
0
0
0
0
0
0
0
0
0
0
0
0
0
0
0
0
0
0
0
0
0
0
0
0
0
0
0
0
0
0
0
0
0
0
0
0
0
0
0
0
0
0
-0.85082
-0.83144
-0.86966
-0.86783
-0.86783
-0.85207
-0.852
-0.83263
-0.85199
-0.85199
-0.85669
-0.86384
-0.85003
-0.85004
-0.85005
-0.83247
-0.83147
-0.83146
43.0114
-0.83644
-0.82214
-0.88451
-0.86101
-0.84898
-0.84898
-0.85226
-0.89002
-0.83146
-0.8403
-0.81996
-0.83574
-0.81995
-0.84029
-0.82737
-0.82956
-0.82258
-0.82025
-0.82615
-0.79985
-0.79986
-0.82073
-0.80595
-0.8511
-0.83855
-0.83806
-0.83835
-0.80976
-0.86787
-0.9205
-0.87838
0
-0.84256
0
-0.84758
0
0
0
0
0
0
0
0
0
0
0
0
0
0
0
0
0
0
0
0
0
0
0
0
0
0
0
0
0
0
0
0
0
0
0
0
0
0
0
0
0
0
0
0
0
0
0
0
0
-0.87099
-0.85163
-0.88992
-0.888
-0.88801
-0.87365
-0.87357
-0.85414
-0.87357
-0.87357
-0.88012
-0.88438
-0.87585
-0.87586
-0.87588
-0.85347
-0.85386
-0.85386
-0.83644
47.1997
-0.84341
-0.9041
-0.88758
-0.86954
-0.86953
-0.86953
-0.90956
-0.85329
-0.85691
-0.84043
-0.85619
-0.84042
-0.85691
-0.8471
-0.84932
-0.84326
-0.84149
-0.84587
-0.82039
-0.8204
-0.84127
-0.82664
-0.87231
-0.85963
-0.85914
-0.85943
-0.83015
-0.88933
-0.94166
-0.90017
0
0
0
0
0
0
0
0
0
0
0
0
0
0
0
-1.8756
0
0
0
0
0
-2.9923
0
0
0
0
0
0
0
0
0
0
0
0
0
0
0
0
0
0
0
0
0
0
0
0
0
0
0
0
0
0
0
-0.85898
-0.83964
-0.87879
-0.87606
-0.87607
-0.86017
-0.8601
-0.84046
-0.86009
-0.86009
-0.86502
-0.87173
-0.85851
-0.85853
-0.85854
-0.84102
-0.84096
-0.84096
-0.82214
-0.84341
43.6738
-0.89194
-0.86796
-0.85639
-0.85639
-0.85997
-0.89704
-0.83892
-0.84993
-0.82741
-0.8405
-0.82739
-0.84994
-0.83457
-0.83676
-0.82988
-0.82756
-0.83333
-0.80716
-0.80717
-0.828
-0.81326
-0.85858
-0.84599
-0.84551
-0.84581
-0.81737
-0.8759
-0.92842
-0.8865
0
0
0
0
0
0
0
0
-1.977
0
0
0
0
0
0
0
0
0
0
0
0
0
0
0
0
0
0
0
0
0
0
0
0
0
0
0
0
0
0
0
0
0
0
0
0
0
0
0
0
0
0
0
0
-0.91959
-0.89766
-0.93811
-0.93515
-0.93517
-0.92099
-0.92091
-0.90291
-0.92091
-0.92092
-0.9242
-0.93028
-0.91862
-0.91864
-0.91865
-0.90123
-0.90148
-0.90148
-0.88451
-0.9041
-0.89194
56.3508
-0.93176
-0.91721
-0.91721
-0.91917
-0.9554
-0.90073
-0.90398
-0.88751
-0.90427
-0.88748
-0.90398
-0.89485
-0.89727
-0.89087
-0.88759
-0.8935
-0.8673
-0.8673
-0.88906
-0.87373
-0.92024
-0.90728
-0.90677
-0.90709
-0.87676
0
0
0
0
0
0
0
0
0
0
0
0
-1.2091
0
0
0
0
0
0
0
0
0
0
0
0
0
0
0
0
0
0
0
0
0
0
0
0
0
0
0
0
0
0
0
0
-6.713
0
0
0
0
0
0
0
-6.713
0
0
-0.8969
-0.87689
-0.91531
-0.91281
-0.91282
-0.89871
-0.89862
-0.8776
-0.89864
-0.89863
-0.90522
-0.90947
-0.90379
-0.90382
-0.90382
-0.87885
-0.8788
-0.8788
-0.86101
-0.88758
-0.86796
-0.93176
47.2984
-0.89312
-0.89311
-0.89237
-0.93504
-0.87644
-0.88075
-0.86369
-0.87995
-0.86367
-0.88075
-0.87107
-0.87339
-0.86676
-0.86379
-0.86977
-0.84339
-0.8434
-0.86476
-0.84964
-0.89568
-0.8829
-0.8824
-0.8827
-0.85325
-0.91319
0
0
0
0
0
0
0
0
0
0
0
0
0
0
0
0
0
0
0
0
0
0
0
0
0
0
0
0
0
0
0
0
0
0
0
0
-5.6856
0
0
0
0
0
0
0
0
0
0
0
0
0
0
0
0
0
0
-0.88444
-0.86478
-0.90356
-0.90168
-0.90169
-0.88616
-0.88607
-0.86623
-0.88608
-0.88608
-0.89084
-0.89774
-0.88443
-0.88444
-0.88445
-0.86637
-0.8663
-0.86629
-0.84898
-0.86954
-0.85639
-0.91721
-0.89312
41.1092
-0.8837
-0.88456
-0.922
-0.86706
-0.86789
-0.85328
-0.87233
-0.85326
-0.8679
-0.86786
-0.87016
-0.85817
-0.8557
-0.86657
-0.83369
-0.83369
-0.85664
-0.84026
-0.88803
-0.87491
-0.87442
-0.87472
-0.84534
-0.90419
0
0
0
0
0
0
0
0
0
0
0
0
0
0
0
0
0
0
0
0
0
0
0
0
0
0
0
0
0
0
0
0
0
0
0
0
0
0
0
0
0
0
0
0
0
0
0
0
0
0
0
0
0
0
0
-0.88443
-0.86478
-0.90356
-0.90168
-0.9017
-0.88615
-0.88607
-0.86623
-0.88608
-0.88608
-0.89084
-0.89774
-0.88442
-0.88445
-0.88445
-0.86636
-0.86629
-0.86629
-0.84898
-0.86953
-0.85639
-0.91721
-0.89311
-0.8837
41.1092
-0.88455
-0.92199
-0.86706
-0.86789
-0.85327
-0.87234
-0.85326
-0.8679
-0.86787
-0.87017
-0.85817
-0.8557
-0.86657
-0.83368
-0.83368
-0.85664
-0.84025
-0.88804
-0.87492
-0.87443
-0.87473
-0.84536
-0.90419
0
0
0
0
0
0
0
0
0
0
0
0
0
0
0
0
0
0
0
0
0
0
0
0
0
0
0
0
0
0
0
0
0
0
0
0
0
0
0
0
0
0
0
0
0
0
0
0
0
0
0
0
0
0
0
-0.88803
-0.8682
-0.90638
-0.90403
-0.90403
-0.89001
-0.88994
-0.86926
-0.88993
-0.88994
-0.89555
-0.90051
-0.88907
-0.88907
-0.8891
-0.86805
-0.86933
-0.86934
-0.85226
-0.86953
-0.85997
-0.91917
-0.89237
-0.88456
-0.88455
45.7577
-0.92457
-0.86824
-0.87375
-0.85526
-0.87175
-0.85525
-0.87375
-0.86298
-0.86531
-0.8583
-0.85533
-0.86166
-0.83487
-0.83487
-0.85635
-0.84109
-0.88719
-0.87442
-0.87394
-0.87424
-0.84506
0
0
0
0
0
0
0
0
0
0
0
0
0
0
0
0
0
0
0
0
0
0
0
0
0
0
0
0
0
0
0
0
0
0
0
0
0
0
0
0
0
0
0
0
0
0
0
0
0
0
0
0
0
0
-5.4773
0
-0.92431
-0.90313
-0.94234
-0.93969
-0.93971
-0.93768
-0.93762
-0.90709
-0.93762
-0.93762
-0.92702
-0.9359
-0.92389
-0.9239
-0.92393
-0.90684
-0.90707
-0.90708
-0.89002
-0.90956
-0.89704
-0.9554
-0.93504
-0.922
-0.92199
-0.92457
52.2403
-0.90562
-0.90567
-0.89235
-0.9089
-0.89232
-0.90565
-0.89928
-0.90187
-0.89553
-0.89204
-0.8978
-0.87183
-0.87182
-0.89314
-0.87817
-0.92493
-0.91223
-0.91173
-0.91203
0
0
0
0
0
0
0
0
0
0
0
0
0
0
0
0
0
0
0
0
0
0
0
0
0
0
0
0
0
0
0
0
0
0
0
0
0
0
0
-5.5747
0
0
0
0
0
0
0
0
0
-5.5747
0
0
0
0
0
0
0
-0.86848
-0.84949
-0.88776
-0.88603
-0.88606
-0.87111
-0.87104
-0.85082
-0.87104
-0.87104
-0.87593
-0.8822
-0.86941
-0.86941
-0.86942
-0.8511
-0.8511
-0.85109
-0.83146
-0.85329
-0.83892
-0.90073
-0.87644
-0.86706
-0.86706
-0.86824
-0.90562
42.3845
-0.84932
-0.83802
-0.85417
-0.83801
-0.84933
-0.84714
-0.84931
-0.84052
-0.83828
-0.84594
-0.81732
-0.81732
-0.83837
-0.82354
-0.87012
-0.85772
-0.85723
-0.85753
0
0
0
0
0
0
0
0
0
0
0
0
0
0
0
0
0
0
0
0
0
0
0
0
0
0
-3.7539
0
0
0
0
0
0
0
0
0
0
0
0
0
0
0
0
0
0
0
0
0
0
0
0
0
0
0
0
0
0
-0.87311
-0.85345
-0.89156
-0.88953
-0.88954
-0.8753
-0.87523
-0.85487
-0.87522
-0.87523
-0.88023
-0.88591
-0.8738
-0.87381
-0.87384
-0.85565
-0.857
-0.857
-0.8403
-0.85691
-0.84993
-0.90398
-0.88075
-0.86789
-0.86789
-0.87375
-0.90567
-0.84932
43.76
-0.84002
-0.8561
-0.83999
-0.8602
-0.84671
-0.84907
-0.84213
-0.83946
-0.84539
-0.81953
-0.81952
-0.84015
-0.82549
-0.87128
-0.85904
-0.85855
-0.85884
0
0
0
0
0
0
0
0
0
0
0
0
0
0
0
0
0
0
0
0
0
0
0
0
0
0
0
0
0
0
0
0
0
0
0
0
0
0
0
0
0
0
0
0
0
0
0
0
0
0
0
0
-4.9818
0
0
0
0
-0.85532
-0.83586
-0.87421
-0.87235
-0.87236
-0.85696
-0.85689
-0.83722
-0.85689
-0.85689
-0.86148
-0.8684
-0.85516
-0.85518
-0.8552
-0.83726
-0.83715
-0.83716
-0.81996
-0.84043
-0.82741
-0.88751
-0.86369
-0.85328
-0.85327
-0.85526
-0.89235
-0.83802
-0.84002
38.8373
-0.83907
-0.80996
-0.84001
-0.83569
-0.83845
-0.82533
-0.8237
-0.83413
-0.80288
-0.80289
-0.82398
-0.80895
-0.85597
-0.84319
-0.84271
-0.843
-0.81429
0
0
0
0
0
0
0
0
0
0
0
0
0
0
0
0
0
0
0
0
0
0
0
0
0
0
0
0
0
0
0
0
0
0
0
0
0
0
0
0
0
0
0
0
0
0
0
0
0
0
0
0
0
0
0
0
-0.87206
-0.85258
-0.89202
-0.88918
-0.88918
-0.87334
-0.87326
-0.85336
-0.87326
-0.87326
-0.87796
-0.88476
-0.87155
-0.87155
-0.87158
-0.85366
-0.85363
-0.85363
-0.83574
-0.85619
-0.8405
-0.90427
-0.87995
-0.87233
-0.87234
-0.87175
-0.9089
-0.85417
-0.8561
-0.83907
40.7592
-0.83904
-0.85611
-0.85337
-0.85562
-0.84328
-0.84109
-0.85209
-0.81963
-0.81963
-0.84173
-0.82599
-0.87374
-0.86117
-0.86067
-0.86098
0
0
0
0
0
0
0
0
0
0
0
0
-1.9839
0
0
0
0
0
0
0
0
0
0
0
0
0
0
0
0
0
0
0
0
0
0
0
0
0
0
0
0
0
0
0
0
0
0
0
0
0
0
0
0
0
0
0
0
-0.85531
-0.83585
-0.87418
-0.87233
-0.87235
-0.85695
-0.85688
-0.83721
-0.85687
-0.85687
-0.86147
-0.86838
-0.85515
-0.85517
-0.85518
-0.83724
-0.83714
-0.83714
-0.81995
-0.84042
-0.82739
-0.88748
-0.86367
-0.85326
-0.85326
-0.85525
-0.89232
-0.83801
-0.83999
-0.80996
-0.83904
38.8366
-0.84
-0.83567
-0.83843
-0.82531
-0.82369
-0.8341
-0.80286
-0.80286
-0.82396
-0.80892
-0.85594
-0.84318
-0.84269
-0.84299
-0.81425
0
0
0
0
0
0
0
0
0
0
0
0
0
0
0
0
0
0
0
0
0
0
0
0
0
0
0
0
0
0
0
0
0
0
0
0
0
0
0
0
0
0
0
0
0
0
0
0
0
0
0
0
0
0
0
0
-0.87312
-0.85346
-0.89156
-0.88953
-0.88955
-0.8753
-0.87524
-0.85488
-0.87522
-0.87523
-0.88023
-0.88591
-0.87381
-0.87383
-0.87385
-0.85566
-0.85702
-0.85701
-0.84029
-0.85691
-0.84994
-0.90398
-0.88075
-0.8679
-0.8679
-0.87375
-0.90565
-0.84933
-0.8602
-0.84001
-0.85611
-0.84
43.7602
-0.84671
-0.84906
-0.84214
-0.83945
-0.84539
-0.81953
-0.81953
-0.84016
-0.82549
-0.87129
-0.85904
-0.85855
-0.85885
0
0
0
0
0
0
0
0
0
0
0
0
0
0
0
0
0
0
0
0
0
0
0
0
0
0
0
0
0
0
0
0
0
0
-4.9818
0
0
0
0
0
0
0
0
0
0
0
0
0
0
0
0
0
0
0
0
0
0
-0.86392
-0.84426
-0.88215
-0.88033
-0.88034
-0.86587
-0.86579
-0.8456
-0.86579
-0.86579
-0.87043
-0.87661
-0.86399
-0.864
-0.86403
-0.84577
-0.84568
-0.84568
-0.82737
-0.8471
-0.83457
-0.89485
-0.87107
-0.86786
-0.86787
-0.86298
-0.89928
-0.84714
-0.84671
-0.83569
-0.85337
-0.83567
-0.84671
39.3693
-0.82936
-0.82604
-0.82503
-0.82379
-0.80686
-0.80686
-0.82453
-0.80947
0
0
0
0
0
0
0
0
0
0
0
0
0
0
0
0
0
0
0
0
0
0
0
0
0
0
0
0
0
0
0
0
0
0
0
0
0
-4.4431
0
0
0
0
0
0
0
0
0
0
0
0
0
0
0
0
0
0
0
0
0
0
0
-0.8662
-0.84652
-0.88444
-0.88265
-0.88267
-0.86815
-0.86806
-0.84785
-0.86807
-0.86806
-0.87271
-0.87893
-0.86625
-0.86627
-0.86628
-0.84803
-0.84793
-0.84793
-0.82956
-0.84932
-0.83676
-0.89727
-0.87339
-0.87016
-0.87017
-0.86531
-0.90187
-0.84931
-0.84907
-0.83845
-0.85562
-0.83843
-0.84906
-0.82936
39.5324
-0.82852
-0.82741
-0.82737
-0.80919
-0.80919
-0.82695
-0.81182
0
0
0
0
0
0
0
0
0
0
0
0
0
0
0
0
0
0
0
0
0
0
0
0
0
0
0
0
0
0
0
0
0
0
0
0
0
0
0
0
0
0
0
0
0
0
-4.5119
0
0
0
0
0
0
0
0
0
0
0
0
0
0
-0.85414
-0.83864
-0.87797
-0.87621
-0.87622
-0.86053
-0.86045
-0.84051
-0.86045
-0.86046
-0.8651
-0.87212
-0.8587
-0.85871
-0.85872
-0.84059
-0.84041
-0.8404
-0.82258
-0.84326
-0.82988
-0.89087
-0.86676
-0.85817
-0.85817
-0.8583
-0.89553
-0.84052
-0.84213
-0.82533
-0.84328
-0.82531
-0.84214
-0.82604
-0.82852
36.9859
-0.83029
-0.82466
-0.80236
-0.80236
-0.84016
-0.81029
0
0
0
0
0
0
0
0
0
0
0
0
0
0
0
0
0
0
-2.2387
0
0
0
0
0
0
0
0
0
0
0
0
0
0
0
0
0
0
0
0
0
0
0
0
0
0
0
0
0
0
0
0
0
0
0
0
0
0
0
0
0
0
-0.85589
-0.83658
-0.87475
-0.87295
-0.87296
-0.85801
-0.85794
-0.83864
-0.85793
-0.85793
-0.8625
-0.86905
-0.85613
-0.85615
-0.85615
-0.83809
-0.83791
-0.83792
-0.82025
-0.84149
-0.82756
-0.88759
-0.86379
-0.8557
-0.8557
-0.85533
-0.89204
-0.83828
-0.83946
-0.8237
-0.84109
-0.82369
-0.83945
-0.82503
-0.82741
-0.83029
36.118
-0.82372
-0.79909
-0.79909
-0.83055
-0.80447
0
0
0
0
0
0
0
0
0
0
0
0
0
0
0
0
0
0
0
0
-1.4758
0
0
0
0
0
0
0
0
0
0
0
0
0
0
0
0
0
0
0
0
0
0
0
0
0
0
0
0
0
0
0
0
0
0
0
0
0
0
0
0
-0.86263
-0.84297
-0.88085
-0.87903
-0.87904
-0.86459
-0.86451
-0.84433
-0.86451
-0.8645
-0.86916
-0.87529
-0.86271
-0.86274
-0.86275
-0.84453
-0.84441
-0.84442
-0.82615
-0.84587
-0.83333
-0.8935
-0.86977
-0.86657
-0.86657
-0.86166
-0.8978
-0.84594
-0.84539
-0.83413
-0.85209
-0.8341
-0.84539
-0.82379
-0.82737
-0.82466
-0.82372
39.2763
-0.80558
-0.80558
-0.82318
-0.80816
0
0
0
0
0
0
0
0
0
0
0
0
0
0
0
0
0
0
0
0
0
0
0
0
0
0
0
0
0
0
0
0
0
0
0
0
0
0
0
0
0
0
0
0
0
0
0
0
0
0
0
0
0
0
-4.403
0
0
0
0
0
0
-0.83559
-0.81626
-0.8543
-0.85243
-0.85244
-0.83707
-0.83699
-0.81748
-0.83701
-0.837
-0.84145
-0.84844
-0.83516
-0.83516
-0.83519
-0.81733
-0.81716
-0.81716
-0.79985
-0.82039
-0.80716
-0.8673
-0.84339
-0.83369
-0.83368
-0.83487
-0.87183
-0.81732
-0.81953
-0.80288
-0.81963
-0.80286
-0.81953
-0.80686
-0.80919
-0.80236
-0.79909
-0.80558
34.6144
-0.75912
-0.80246
-0.78187
-0.8303
0
0
0
0
0
0
0
0
0
0
0
0
0
0
0
0
0
0
0
0
0
0
0
0
0
0
0
0
0
0
0
0
0
0
0
0
0
0
0
0
0
0
0
0
0
0
0
0
0
0
0
0
0
0
0
0
0
0
0
0
-0.83559
-0.81626
-0.85431
-0.85242
-0.85244
-0.83708
-0.837
-0.81747
-0.83701
-0.83701
-0.84145
-0.84844
-0.83516
-0.83518
-0.83518
-0.81733
-0.81716
-0.81717
-0.79986
-0.8204
-0.80717
-0.8673
-0.8434
-0.83369
-0.83368
-0.83487
-0.87182
-0.81732
-0.81952
-0.80289
-0.81963
-0.80286
-0.81953
-0.80686
-0.80919
-0.80236
-0.79909
-0.80558
-0.75912
34.6145
-0.80246
-0.78187
-0.83031
0
0
0
0
0
0
0
0
0
0
0
0
0
0
0
0
0
0
0
0
0
0
0
0
0
0
0
0
0
0
0
0
0
0
0
0
0
0
0
0
0
0
0
0
0
0
0
0
0
0
0
0
0
0
0
0
0
0
0
0
-0.85554
-0.83798
-0.87611
-0.8743
-0.87432
-0.85865
-0.85857
-0.83863
-0.85857
-0.85857
-0.86323
-0.87045
-0.85683
-0.85684
-0.85686
-0.83872
-0.83855
-0.83855
-0.82073
-0.84127
-0.828
-0.88906
-0.86476
-0.85664
-0.85664
-0.85635
-0.89314
-0.83837
-0.84015
-0.82398
-0.84173
-0.82396
-0.84016
-0.82453
-0.82695
-0.84016
-0.83055
-0.82318
-0.80246
-0.80246
36.4261
0
0
0
0
0
0
0
0
0
0
0
0
0
0
0
0
0
0
0
0
0
0
0
0
0
0
0
0
-2.5496
0
0
0
0
0
0
0
0
0
0
0
0
0
0
0
0
0
0
0
0
0
0
0
0
0
0
0
0
0
0
0
0
0
-0.84202
-0.82257
-0.86074
-0.85886
-0.85887
-0.84349
-0.84341
-0.8238
-0.84342
-0.84341
-0.84786
-0.85484
-0.84152
-0.84154
-0.84156
-0.82361
-0.8234
-0.8234
-0.80595
-0.82664
-0.81326
-0.87373
-0.84964
-0.84026
-0.84025
-0.84109
-0.87817
-0.82354
-0.82549
-0.80895
-0.82599
-0.80892
-0.82549
-0.80947
-0.81182
-0.81029
-0.80447
-0.80816
-0.78187
-0.78187
0
33.2336
0
0
0
0
0
0
0
0
0
0
0
0
0
0
0
0
0
0
0
0
0
0
0
0
0
0
0
0
0
0
0
0
0
0
0
0
0
0
0
0
0
0
0
0
0
0
0
0
0
0
0
0
0
0
0
0
0
0
0
0
0
-0.88778
-0.86787
-0.90675
-0.90484
-0.90485
-0.88932
-0.88924
-0.86926
-0.88925
-0.88924
-0.89388
-0.90086
-0.88744
-0.88746
-0.88749
-0.86922
-0.86905
-0.86906
-0.8511
-0.87231
-0.85858
-0.92024
-0.89568
-0.88803
-0.88804
-0.88719
-0.92493
-0.87012
-0.87128
-0.85597
-0.87374
-0.85594
-0.87129
0
0
0
0
0
-0.8303
-0.83031
0
0
30.8079
0
0
0
0
0
0
0
0
0
0
0
0
0
0
0
0
0
0
0
0
0
0
0
0
0
0
0
0
0
0
0
0
0
0
0
0
0
0
0
0
0
0
0
0
0
0
0
0
0
0
0
0
0
0
0
0
0
0
0
0
-0.87487
-0.85512
-0.89378
-0.89188
-0.89189
-0.87643
-0.87635
-0.8565
-0.87635
-0.87635
-0.88098
-0.8879
-0.87458
-0.87459
-0.8746
-0.85645
-0.85632
-0.85632
-0.83855
-0.85963
-0.84599
-0.90728
-0.8829
-0.87491
-0.87492
-0.87442
-0.91223
-0.85772
-0.85904
-0.84319
-0.86117
-0.84318
-0.85904
0
0
0
0
0
0
0
0
0
0
28.7254
0
0
0
0
0
0
0
0
0
0
0
0
0
0
0
0
0
0
0
0
0
0
0
0
0
0
0
0
0
0
0
0
0
0
0
0
0
0
0
0
0
0
0
0
0
0
0
0
0
0
0
0
0
0
0
0
0
0
0
-0.87439
-0.85463
-0.89329
-0.8914
-0.8914
-0.87593
-0.87586
-0.85602
-0.87586
-0.87587
-0.88048
-0.88741
-0.87408
-0.87409
-0.87411
-0.85596
-0.85584
-0.85584
-0.83806
-0.85914
-0.84551
-0.90677
-0.8824
-0.87442
-0.87443
-0.87394
-0.91173
-0.85723
-0.85855
-0.84271
-0.86067
-0.84269
-0.85855
0
0
0
0
0
0
0
0
0
0
0
28.7093
0
0
0
0
0
0
0
0
0
0
0
0
0
0
0
0
0
0
0
0
0
0
0
0
0
0
0
0
0
0
0
0
0
0
0
0
0
0
0
0
0
0
0
0
0
0
0
0
0
0
0
0
0
0
0
0
0
0
-0.87468
-0.85492
-0.89358
-0.89169
-0.8917
-0.87623
-0.87616
-0.85631
-0.87615
-0.87616
-0.88078
-0.88771
-0.87438
-0.87439
-0.87441
-0.85625
-0.85614
-0.85614
-0.83835
-0.85943
-0.84581
-0.90709
-0.8827
-0.87472
-0.87473
-0.87424
-0.91203
-0.85753
-0.85884
-0.843
-0.86098
-0.84299
-0.85885
0
0
0
0
0
0
0
0
0
0
0
0
28.7191
0
0
0
0
0
0
0
0
0
0
0
0
0
0
0
0
0
0
0
0
0
0
0
0
0
0
0
0
0
0
0
0
0
0
0
0
0
0
0
0
0
0
0
0
0
0
0
0
0
0
0
0
0
0
0
0
0
-0.84435
-0.82571
-0.86371
-0.86208
-0.8621
-0.84753
-0.84745
-0.82711
-0.84744
-0.84745
-0.85174
-0.85821
-0.8454
-0.84542
-0.84543
-0.82743
-0.82744
-0.82742
-0.80976
-0.83015
-0.81737
-0.87676
-0.85325
-0.84534
-0.84536
-0.84506
0
0
0
-0.81429
0
-0.81425
0
0
0
0
0
0
0
0
0
0
0
0
0
0
27.1303
0
0
0
0
0
0
0
0
0
0
0
0
0
0
0
0
0
0
0
0
0
0
0
0
0
0
0
0
0
-3.5753
0
0
0
0
0
0
0
0
0
0
0
0
0
0
0
0
0
0
0
0
0
0
0
0
0
0
-0.90406
-0.88369
-0.92332
-0.92161
-0.92162
-0.90586
-0.90578
-0.88552
-0.90577
-0.90578
-0.91004
-0.91749
-0.9037
-0.90372
-0.90373
-0.88542
-0.88565
-0.88564
-0.86787
-0.88933
-0.8759
0
-0.91319
-0.90419
-0.90419
0
0
0
0
0
0
0
0
0
0
0
0
0
0
0
0
0
0
0
0
0
0
21.6131
0
0
0
0
0
0
0
0
0
0
0
0
0
0
0
0
0
0
0
0
0
0
0
0
0
0
0
0
0
0
0
0
0
0
0
0
0
0
0
0
0
0
0
0
0
0
0
0
0
0
0
0
0
0
0
-0.95835
-0.93804
-0.97637
-0.97479
-0.97479
-0.96059
-0.96051
-0.93956
-0.9605
-0.9605
-0.965
-0.97104
-0.95876
-0.95877
-0.95878
-0.93975
-0.93882
-0.93882
-0.9205
-0.94166
-0.92842
0
0
0
0
0
0
0
0
0
0
0
0
0
0
0
0
0
0
0
0
0
0
0
0
0
0
0
23.759
0
0
0
0
0
0
0
0
0
0
0
0
0
0
0
0
0
0
0
0
0
0
0
0
0
0
0
0
0
0
0
0
0
0
0
0
0
-3.7346
0
0
0
0
0
0
0
0
0
0
0
0
0
0
0
0
-0.91442
-0.894
-0.93379
-0.93218
-0.93219
-0.91621
-0.91614
-0.89589
-0.91613
-0.91614
-0.92055
-0.92798
-0.91436
-0.91436
-0.91437
-0.896
-0.89596
-0.89596
-0.87838
-0.90017
-0.8865
0
0
0
0
0
0
0
0
0
0
0
0
0
0
0
0
0
0
0
0
0
0
0
0
0
0
0
0
19.1117
0
0
0
0
0
0
0
0
0
0
0
0
0
0
0
0
0
0
0
0
0
0
0
0
0
0
0
0
0
0
0
0
0
0
0
0
0
0
0
0
0
0
0
0
0
0
0
0
0
0
0
0
0
-0.93562
-0.91528
-0.95216
-0.95161
-0.95162
-0.93753
-0.93746
-0.91667
-0.93746
-0.93746
-0.94204
-0.94793
-0.93588
-0.93589
-0.93591
-0.9169
-0.9168
-0.91679
0
0
0
0
0
0
0
0
0
0
0
0
0
0
0
0
0
0
0
0
0
0
0
0
0
0
0
0
0
0
0
0
20.2896
0
0
0
0
0
0
0
0
0
0
0
0
0
0
0
0
0
0
0
0
0
0
0
0
0
0
0
0
0
0
0
0
0
0
0
0
-3.4686
0
0
0
0
0
0
0
0
0
0
0
0
0
0
0
-0.87826
-0.85796
-0.8973
-0.89588
-0.89588
-0.87994
-0.87986
-0.85978
-0.87985
-0.87985
-0.88417
-0.89161
-0.87812
-0.87814
-0.87816
-0.86022
-0.86017
-0.86017
-0.84256
0
0
0
0
0
0
0
0
0
0
0
0
0
0
0
0
0
0
0
0
0
0
0
0
0
0
0
0
0
0
0
0
16.6379
0
0
0
0
0
0
0
0
0
0
0
0
0
0
0
0
0
0
0
0
0
0
0
0
0
0
0
0
0
0
0
0
0
0
0
0
0
0
0
0
0
0
0
0
0
0
0
0
0
0
0
-0.96812
-0.94907
-0.98587
-0.98492
-0.98493
-0.97253
-0.97245
-0.95306
-0.97244
-0.97244
-0.97718
-0.98196
-0.9714
-0.97143
-0.97144
-0.95249
0
0
0
0
0
0
0
0
0
0
0
0
0
0
0
0
0
0
0
0
0
0
0
0
0
0
0
0
0
0
0
0
0
0
0
0
23.937
0
0
0
0
0
0
0
0
0
0
0
0
-1.756
0
0
0
0
0
0
0
0
0
0
0
0
0
0
0
0
-3.3196
0
0
0
0
0
0
0
0
0
0
0
0
0
0
0
0
0
0
0
-3.3197
-0.88331
-0.86299
-0.90239
-0.90096
-0.90097
-0.88501
-0.88494
-0.86483
-0.88494
-0.88493
-0.88927
-0.8967
-0.88322
-0.88324
-0.88325
-0.86529
-0.86525
-0.86525
-0.84758
0
0
0
0
0
0
0
0
0
0
0
0
0
0
0
0
0
0
0
0
0
0
0
0
0
0
0
0
0
0
0
0
0
0
16.7343
0
0
0
0
0
0
0
0
0
0
0
0
0
0
0
0
0
0
0
0
0
0
0
0
0
0
0
0
0
0
0
0
0
0
0
0
0
0
0
0
0
0
0
0
0
0
0
0
0
-0.87112
-0.85205
-0.89103
-0.8872
-0.88721
-0.87217
-0.87208
-0.85185
-0.87208
-0.87208
-0.87684
-0.88275
-0.87089
-0.87091
-0.87093
0
0
0
0
0
0
0
0
0
0
0
0
0
0
0
0
0
0
0
0
0
0
0
0
0
0
0
0
0
0
0
0
0
0
0
0
0
0
0
18.0918
0
0
0
-1.7818
0
0
0
0
0
0
0
0
0
0
0
0
0
0
0
0
0
0
0
0
0
0
0
0
0
0
0
0
0
0
0
-3.2088
0
0
0
0
0
0
0
0
0
0
0
0
-1.0081
-0.98715
-1.0238
-1.0235
-1.0235
-1.0092
-1.0091
-0.98817
-1.0092
-1.0092
-1.0142
0
0
0
0
0
0
0
0
0
0
0
0
0
0
0
0
0
0
0
0
0
0
0
0
0
0
0
0
0
0
0
0
0
0
0
0
0
0
0
0
0
0
0
0
14.0027
0
0
0
0
0
0
0
0
0
0
0
0
0
0
0
0
0
0
0
0
0
0
0
0
0
0
0
0
0
0
0
0
0
-2.8974
0
0
0
0
0
0
0
0
0
0
0
0
0
-1.263
-1.2404
-1.2834
-1.2828
-1.2828
-1.265
-1.2649
-1.2433
-1.2649
-1.2649
0
0
0
0
0
0
0
0
0
0
0
0
0
0
0
0
0
0
0
0
0
0
0
0
0
0
0
0
0
0
0
0
0
0
0
0
0
0
0
0
0
0
0
0
0
0
12.6552
0
0
0
0
0
0
0
0
0
0
0
0
0
0
0
0
0
0
0
0
0
0
0
0
0
0
0
0
0
0
0
0
0
0
0
0
0
0
0
0
0
0
0
0
0
0
-1.2753
-1.2523
-1.2956
-1.2954
-1.2954
-1.2771
-1.277
0
-1.277
-1.277
0
0
0
0
0
0
0
0
0
0
0
0
0
0
0
0
0
0
0
0
0
0
0
0
0
0
0
0
0
0
0
0
0
0
0
0
0
0
0
0
0
0
0
0
0
0
0
11.5222
0
0
0
0
0
0
0
0
0
0
0
0
0
0
0
0
0
0
0
0
0
0
0
0
0
0
0
0
0
0
0
0
0
0
0
0
0
0
0
0
0
0
0
0
0
0
0
0
0
0
0
0
0
0
0
0
0
0
0
0
0
0
0
0
0
-1.977
0
0
0
0
0
0
0
0
0
-1.9839
0
0
0
0
0
0
0
0
0
0
0
0
0
0
0
0
0
0
0
0
0
0
0
-1.7818
0
0
0
8.3382
-2.092
0
0
0
0
0
0
0
0
0
0
0
0
0
0
0
0
0
0
0
0
0
0
0
0
0
0
0
0
0
0
0
0
0
0
-0.50354
0
0
0
0
0
0
0
0
0
0
0
0
0
0
0
0
0
0
0
0
0
0
0
0
0
0
0
0
0
-1.2091
0
0
0
0
0
0
0
0
0
0
0
0
0
0
0
0
0
0
0
0
0
0
0
0
0
0
0
0
0
0
0
0
0
0
0
0
-2.092
9.7912
0
0
0
0
0
0
0
0
0
0
0
0
0
0
0
-3.3499
0
0
-3.1403
0
0
0
0
0
0
0
0
0
0
0
0
0
0
0
0
0
0
0
0
0
0
0
0
-2.2988
0
0
0
0
0
0
0
0
0
0
0
0
0
0
0
0
0
0
0
0
0
0
0
0
0
0
0
0
0
0
0
0
0
0
-2.2387
0
0
0
0
0
0
0
0
0
0
0
0
0
0
0
0
0
0
0
0
0
0
0
0
7.7693
0
0
0
0
0
0
0
0
0
0
0
0
0
0
0
0
0
0
0
0
0
0
0
0
0
0
0
0
0
0
0
0
-3.2319
0
0
0
0
0
0
0
0
0
0
0
0
0
0
0
0
-0.7836
0
0
0
0
0
0
0
0
0
0
0
0
0
0
0
0
0
0
0
0
0
0
0
0
0
0
0
0
0
0
0
0
0
0
0
0
0
0
0
0
0
0
0
0
0
0
0
0
0
0
0
0
0
6.497
-2.2929
0
0
0
0
0
0
0
0
0
0
0
0
0
0
0
0
0
0
0
0
0
0
0
0
0
0
0
0
0
0
0
0
0
0
0
0
-3.4205
0
0
0
0
0
0
0
0
0
0
0
0
0
0
0
0
0
0
0
0
0
0
0
0
0
0
0
0
0
0
0
0
0
0
0
0
0
0
0
-1.4758
0
0
0
0
0
0
0
0
0
0
0
0
0
0
0
0
0
0
0
0
0
0
0
0
-2.2929
6.8877
0
0
-3.119
0
0
0
0
0
0
0
0
0
0
0
0
0
0
0
0
0
0
0
0
0
0
0
0
0
0
0
0
0
0
0
0
0
0
0
0
0
0
0
0
0
0
0
0
0
0
0
0
0
0
0
0
0
0
0
0
0
0
0
0
0
0
0
0
0
0
0
0
0
0
0
0
0
0
0
0
0
0
0
0
0
0
0
0
0
0
0
0
0
0
0
0
0
0
0
0
0
0
0
0
8.2683
0
0
-2.5269
0
0
-3.1749
0
0
0
-2.5665
0
0
0
0
0
0
0
0
0
0
0
0
0
0
0
0
0
0
0
0
0
0
0
0
0
0
0
0
0
0
0
-2.3448
0
0
0
0
0
0
0
0
0
0
0
0
0
0
0
0
0
0
0
0
0
0
0
0
0
0
0
0
0
0
0
0
0
0
0
0
0
0
0
0
0
0
0
0
0
0
0
0
0
0
0
0
0
0
0
0
0
0
0
0
0
7.5345
0
0
0
0
0
0
-2.6426
0
0
0
-2.5471
0
0
0
0
0
0
0
0
0
0
0
0
0
0
0
0
0
0
0
0
0
0
0
0
0
0
0
0
0
0
0
0
0
0
0
0
0
0
0
0
0
0
0
0
0
0
-1.8756
0
0
0
0
0
0
0
0
0
0
0
0
0
0
0
0
0
0
0
0
0
0
0
0
0
0
0
0
0
0
0
0
-1.756
0
0
0
0
0
0
0
0
0
-3.119
0
0
6.7506
0
0
0
0
0
0
0
0
0
0
0
0
0
0
0
0
0
0
0
0
0
0
0
0
0
0
0
0
0
0
0
0
0
0
0
0
0
-2.0973
-2.081
0
0
0
0
0
0
0
0
0
0
0
0
0
0
0
0
0
0
0
0
0
0
0
0
0
0
0
0
0
0
0
0
0
0
0
0
0
0
0
0
0
0
0
0
0
0
0
0
0
0
0
0
0
0
0
0
0
0
0
0
0
-2.5269
0
0
6.7052
0
0
0
0
0
0
0
0
0
0
0
0
0
0
0
0
0
0
0
0
0
0
0
0
0
0
0
0
0
0
0
0
0
0
0
0
-2.6952
-2.6714
0
0
0
0
0
0
0
0
0
0
0
0
0
0
0
0
0
0
0
0
0
0
0
0
0
0
0
0
0
0
0
0
0
0
0
0
0
0
0
0
0
0
0
0
0
0
0
0
0
0
0
0
0
0
0
0
0
0
0
0
0
0
0
0
0
8.8145
0
0
0
0
0
0
0
0
0
0
0
0
0
-3.4479
0
0
0
0
0
0
0
0
0
0
0
0
0
0
0
0
0
0
0
0
0
-2.3164
0
0
0
0
0
0
0
0
0
0
0
0
0
0
0
0
0
0
0
0
0
0
0
0
0
0
0
0
0
0
0
0
0
0
0
0
0
0
0
0
0
0
0
0
0
0
0
0
0
0
0
0
0
0
0
0
0
0
0
0
0
0
0
0
0
0
0
5.6908
0
0
0
0
-3.3743
0
0
0
0
0
0
0
0
0
0
0
0
0
0
0
0
0
0
0
0
0
0
0
0
0
0
0
0
0
0
0
0
0
0
0
0
0
0
0
0
0
0
0
0
0
0
0
0
0
0
0
0
0
0
0
0
0
0
0
0
0
0
0
0
0
0
0
0
0
-2.5496
0
0
0
0
0
0
0
0
0
0
0
0
0
0
0
0
0
0
0
0
0
0
-3.1749
0
0
0
0
0
5.7245
0
0
0
0
0
0
0
0
0
0
0
0
0
0
0
0
0
0
0
0
0
0
0
0
0
0
0
0
0
0
0
0
0
-3.8519
-3.8081
0
0
0
0
0
0
0
0
0
0
0
0
0
0
0
0
0
0
0
0
0
0
0
0
0
0
0
0
0
0
0
0
0
0
0
0
0
0
0
0
0
0
0
0
0
0
0
0
0
0
0
0
0
0
0
0
0
0
0
0
0
0
0
0
0
0
0
0
7.66
0
0
0
0
0
0
0
0
0
0
0
0
0
0
0
0
0
0
0
0
0
0
0
0
0
0
0
0
0
0
0
0
0
0
0
0
0
0
0
0
0
0
0
0
0
0
0
0
0
0
0
-2.9923
0
0
0
0
0
0
0
0
0
0
0
0
0
0
0
0
0
0
0
0
0
0
0
0
0
0
0
0
0
0
0
0
0
0
0
0
0
0
0
0
0
0
0
0
-2.6426
0
0
0
0
0
0
5.6349
0
0
0
0
0
0
0
0
0
0
0
0
0
0
0
0
0
0
0
0
0
0
0
0
0
0
0
0
0
0
0
0
0
0
0
0
0
0
0
0
0
0
0
0
0
0
0
0
0
0
0
0
0
0
0
0
0
0
-3.7539
0
0
0
0
0
0
0
0
0
0
0
0
0
0
0
0
0
0
0
0
0
0
0
0
0
0
0
0
0
0
0
0
0
0
0
0
0
0
0
0
0
0
0
0
7.0637
0
-3.3098
0
0
0
0
0
0
0
0
0
0
0
0
0
0
0
0
0
0
0
0
0
0
0
0
0
0
0
0
0
0
0
0
0
0
0
0
0
0
0
0
0
0
0
0
0
0
0
0
0
0
0
0
0
0
0
0
0
0
0
0
0
0
0
0
0
0
0
0
0
0
0
0
0
0
0
0
0
0
0
0
0
0
0
0
0
0
0
0
0
0
0
-2.5665
0
0
0
0
-3.3743
0
0
0
0
5.9408
0
0
0
0
0
0
0
0
0
0
0
0
0
0
0
0
0
0
0
0
0
0
0
0
0
0
0
0
0
0
0
0
0
0
0
0
0
0
0
0
0
0
0
0
0
0
0
0
0
0
0
0
0
0
0
0
0
0
0
0
0
0
0
0
0
0
0
0
0
0
0
0
0
0
0
0
0
0
0
0
0
0
0
0
0
0
0
0
0
0
0
0
0
0
0
0
0
0
0
0
0
-3.3098
0
6.6783
0
-3.3686
0
0
0
0
0
0
0
0
0
0
0
0
0
0
0
0
0
0
0
0
0
0
0
0
0
0
0
0
0
0
0
0
0
0
0
0
0
0
0
0
0
0
0
0
0
0
0
0
0
0
0
0
0
0
0
0
0
0
0
0
0
0
0
0
0
0
0
0
0
0
0
0
0
0
0
0
0
0
0
0
0
0
0
0
0
-3.3499
0
0
0
0
-2.5471
0
0
0
0
0
0
0
0
0
0
5.897
0
0
0
0
0
0
0
0
0
0
0
0
0
0
0
0
0
0
0
0
0
0
0
0
0
0
0
0
0
0
0
0
0
0
0
0
0
0
0
0
0
0
0
0
0
0
0
0
0
0
0
0
0
0
0
0
0
0
0
0
0
0
0
0
0
0
0
0
0
0
0
0
0
-3.5753
0
0
0
0
0
0
0
0
0
0
0
0
0
0
0
0
0
0
0
0
0
0
0
0
0
0
0
-3.3686
0
6.9438
0
0
0
0
0
0
0
0
0
0
0
0
0
0
0
0
0
0
0
0
0
0
0
0
0
0
0
0
0
0
0
0
0
0
0
0
0
-6.062
0
0
0
0
0
0
0
0
0
0
0
0
0
0
0
0
0
0
0
0
0
0
0
0
0
0
0
0
0
0
0
0
0
0
0
0
0
0
0
0
0
0
0
0
0
0
0
0
0
0
0
0
0
0
0
0
0
0
0
0
0
0
0
0
0
6.062
0
0
0
0
0
0
0
0
0
0
0
0
0
0
0
0
0
0
0
0
0
0
0
0
0
0
0
0
0
0
0
0
0
0
0
0
0
0
0
0
0
0
0
0
0
0
0
0
0
0
0
0
0
0
0
0
0
0
0
0
0
0
0
0
0
0
0
0
0
0
0
0
0
0
0
0
0
0
0
0
0
0
0
0
-3.1403
0
0
0
0
0
0
0
0
0
0
0
0
0
0
0
0
0
0
3.1403
0
0
0
0
0
0
0
0
0
0
0
0
0
0
0
0
0
0
0
0
0
0
0
0
0
0
0
0
0
0
0
0
0
0
0
0
0
0
0
0
0
0
0
0
0
0
0
0
0
0
0
0
0
0
0
0
0
-4.4431
0
0
0
0
0
0
0
0
0
0
0
0
0
0
0
0
0
0
0
0
0
0
0
0
0
0
0
0
0
0
0
0
0
0
0
0
0
0
0
0
0
0
0
0
0
4.4431
0
0
0
0
0
0
0
0
0
0
0
0
0
0
0
0
0
0
0
0
0
0
0
0
0
0
0
0
0
0
0
0
0
0
0
0
0
0
0
0
0
0
0
0
0
0
0
0
0
0
0
0
0
0
0
-4.9818
0
0
0
0
0
0
0
0
0
0
0
0
0
0
0
0
0
0
0
0
0
0
0
0
0
0
0
0
0
0
0
0
0
0
0
0
0
0
0
0
0
0
0
0
0
0
0
4.9818
0
0
0
0
0
0
0
0
0
0
0
0
0
0
0
0
0
0
0
0
0
0
0
0
0
0
0
0
0
0
0
0
0
0
0
0
0
0
0
0
0
0
0
0
0
0
0
0
0
0
0
0
0
0
0
0
0
0
0
0
0
0
0
0
0
0
0
0
0
0
0
0
0
0
0
0
0
0
0
0
0
0
0
0
0
0
0
0
0
-3.4479
0
0
0
0
0
0
0
0
0
0
0
0
0
3.4479
0
0
0
0
0
0
0
0
0
0
0
0
0
0
0
0
0
0
0
0
0
0
0
0
0
0
0
0
0
0
0
0
0
0
0
0
0
0
0
0
0
0
0
0
0
0
0
0
0
0
0
0
0
0
0
0
0
0
0
0
0
0
0
0
0
0
0
0
0
0
0
0
0
-3.3196
0
0
0
0
0
0
0
0
0
0
0
0
0
0
0
0
0
0
0
0
0
0
0
0
0
0
0
0
0
3.3196
0
0
0
0
0
0
0
0
0
0
0
0
0
0
0
0
0
0
0
0
0
0
-7.0796
0
0
0
0
0
0
0
0
0
0
0
0
0
0
0
0
0
0
0
0
0
0
0
0
0
0
0
0
0
0
0
0
0
0
0
0
0
0
0
0
0
0
0
0
0
0
0
0
0
0
0
0
0
0
0
0
0
0
0
0
0
0
0
0
0
0
0
0
0
0
0
0
0
0
0
0
0
0
0
0
7.0796
0
0
0
0
0
0
0
0
0
0
0
0
0
0
0
0
0
0
0
0
0
0
0
0
0
0
0
0
0
0
0
0
0
0
0
0
0
0
0
0
0
-5.6856
0
0
0
0
0
0
0
0
0
0
0
0
0
0
0
0
0
0
0
0
0
0
0
0
0
0
0
0
0
0
0
0
0
0
0
0
0
0
0
0
0
0
0
0
0
0
0
0
0
0
0
0
0
0
0
0
0
0
0
0
0
5.6856
0
0
0
0
0
0
0
0
0
0
0
0
0
0
0
0
0
0
0
0
0
0
0
0
0
0
0
0
0
0
0
0
0
0
0
0
0
0
0
0
0
0
0
0
-5.5747
0
0
0
0
0
0
0
0
0
0
0
0
0
0
0
0
0
0
0
0
0
0
0
0
0
0
0
0
0
0
0
0
0
0
0
0
0
0
0
0
0
0
0
0
0
0
0
0
0
0
0
0
0
0
0
0
0
0
5.5747
0
0
0
0
0
0
0
0
0
0
0
0
0
0
0
0
0
0
0
0
0
0
0
0
0
0
0
0
0
0
0
0
0
0
0
0
0
0
0
0
0
0
0
0
0
0
0
0
0
0
0
0
0
0
0
0
0
0
0
0
0
0
0
0
0
-3.7346
0
0
0
0
0
0
0
0
0
0
0
0
0
0
0
0
0
0
0
0
0
0
0
0
0
0
0
0
0
0
0
0
0
0
0
0
0
3.7346
0
0
0
0
0
0
0
0
0
0
0
0
0
0
0
0
0
0
0
0
0
0
0
0
0
0
0
0
0
0
0
0
0
0
0
0
0
0
0
0
0
0
0
0
0
0
0
0
0
0
0
0
0
0
0
0
0
0
0
0
0
0
0
0
0
0
-3.4686
0
0
0
0
0
0
0
0
0
0
0
0
0
0
0
0
0
0
0
0
0
0
0
0
0
0
0
0
0
0
0
0
0
0
0
0
3.4686
0
0
0
0
0
0
0
0
0
0
0
0
0
0
0
0
0
0
0
0
0
0
0
0
0
0
0
0
0
0
0
0
0
0
0
0
0
0
0
0
0
0
0
0
0
0
0
0
0
-4.5119
0
0
0
0
0
0
0
0
0
0
0
0
0
0
0
0
0
0
0
0
0
0
0
0
0
0
0
0
0
0
0
0
0
0
0
0
0
0
0
0
0
0
0
0
0
0
0
0
0
0
0
0
0
4.5119
0
0
0
0
0
0
0
0
0
0
0
0
0
0
0
0
0
0
0
0
0
0
0
0
0
0
0
0
0
0
0
0
0
0
0
0
0
0
0
0
0
0
0
0
0
0
0
0
0
0
0
0
0
0
0
0
0
0
0
0
0
0
0
0
0
0
0
0
0
-2.8974
0
0
0
0
0
0
0
0
0
0
0
0
0
0
0
0
0
0
0
0
0
0
0
0
0
0
0
0
0
0
0
0
0
2.8974
0
0
0
0
0
0
0
0
0
0
0
0
0
0
0
0
0
0
0
0
0
0
0
0
0
0
0
0
0
0
0
0
0
0
0
0
0
0
0
0
0
0
0
0
0
0
0
0
0
0
0
0
0
0
0
0
0
0
0
0
0
0
0
0
0
0
0
-3.2088
0
0
0
0
0
0
0
0
0
0
0
0
0
0
0
0
0
0
0
0
0
0
0
0
0
0
0
0
0
0
0
0
0
0
0
3.2088
0
0
0
0
0
0
0
0
0
0
0
0
0
0
0
-6.6407
0
0
0
0
0
0
0
0
0
0
0
0
0
0
0
0
0
0
0
0
0
0
0
0
0
0
0
0
0
0
0
0
0
0
0
0
0
0
0
0
0
0
0
0
0
0
0
0
0
0
0
0
0
0
0
0
0
0
0
0
0
0
0
0
0
0
0
0
0
0
0
0
0
0
0
0
0
0
0
0
0
0
0
0
0
0
0
6.6407
0
0
0
0
0
0
0
0
0
0
0
0
0
0
0
0
0
0
0
0
0
0
0
0
0
0
0
0
0
0
0
0
-6.713
0
0
0
0
0
0
0
0
0
0
0
0
0
0
0
0
0
0
0
0
0
0
0
0
0
0
0
0
0
0
0
0
0
0
0
0
0
0
0
0
0
0
0
0
0
0
0
0
0
0
0
0
0
0
0
0
0
0
0
0
0
0
0
0
0
0
0
0
0
0
6.713
0
0
0
0
0
0
0
0
0
0
0
0
0
0
0
0
0
0
0
0
0
0
0
0
0
0
0
0
0
0
0
0
0
0
0
0
0
0
0
0
0
0
0
0
0
0
0
0
0
0
0
0
0
0
0
0
0
0
0
0
0
0
0
0
0
0
0
0
0
0
-3.2319
0
0
0
0
0
0
0
0
0
0
0
0
0
0
0
0
0
0
0
0
0
0
0
0
0
0
0
0
0
0
0
0
3.2319
0
0
0
0
0
0
0
0
0
0
0
0
0
0
0
0
0
0
0
0
0
0
0
0
0
0
0
0
0
0
0
0
0
0
0
0
0
0
0
0
0
0
0
0
0
0
0
0
0
0
0
0
0
0
0
0
0
0
0
0
0
0
0
0
0
0
0
-0.50354
0
0
0
0
0
0
0
0
0
0
0
0
0
0
0
0
0
0
0
0
0
0
0
0
0
0
0
0
0
0
0
0
0
0
0
0.50354
0
0
0
0
0
0
0
0
0
0
0
0
0
0
0
0
0
0
0
0
0
0
0
0
0
0
0
0
0
0
0
0
0
0
-5.5747
0
0
0
0
0
0
0
0
0
0
0
0
0
0
0
0
0
0
0
0
0
0
0
0
0
0
0
0
0
0
0
0
0
0
0
0
0
0
0
0
0
0
0
0
0
0
0
0
0
0
0
0
0
0
0
0
0
0
0
0
0
0
0
0
0
0
0
0
5.5747
0
0
0
0
0
0
0
0
0
0
0
0
0
0
0
0
0
0
0
0
0
0
0
0
0
0
0
0
0
0
0
0
0
0
0
0
0
0
0
0
0
0
0
0
-4.403
0
0
0
0
0
0
0
0
0
0
0
0
0
0
0
0
0
0
0
0
0
0
0
0
0
0
0
0
0
0
0
0
0
0
0
0
0
0
0
0
0
0
0
0
0
0
0
0
0
0
0
0
0
0
0
0
0
0
4.403
0
0
0
0
0
0
0
0
0
0
-6.6408
0
0
0
0
0
0
0
0
0
0
0
0
0
0
0
0
0
0
0
0
0
0
0
0
0
0
0
0
0
0
0
0
0
0
0
0
0
0
0
0
0
0
0
0
0
0
0
0
0
0
0
0
0
0
0
0
0
0
0
0
0
0
0
0
0
0
0
0
0
0
0
0
0
0
0
0
0
0
0
0
0
0
0
0
0
0
0
0
0
0
0
0
6.6408
0
0
0
0
0
0
0
0
0
0
0
0
0
0
0
0
0
0
0
0
0
0
0
0
0
0
0
0
0
0
0
0
0
-4.9818
0
0
0
0
0
0
0
0
0
0
0
0
0
0
0
0
0
0
0
0
0
0
0
0
0
0
0
0
0
0
0
0
0
0
0
0
0
0
0
0
0
0
0
0
0
0
0
0
0
0
0
0
0
0
0
0
0
0
0
0
0
0
0
0
0
0
0
0
0
4.9818
0
0
0
0
0
0
0
0
0
0
0
0
0
0
0
0
0
0
0
0
0
0
0
0
0
0
0
0
0
0
0
0
0
0
0
0
0
0
0
0
0
0
0
0
0
0
0
0
0
0
0
0
0
0
0
0
0
0
0
0
0
0
0
0
0
-3.4205
0
0
0
0
0
0
0
0
0
0
0
0
0
0
0
0
0
0
0
0
0
0
0
0
0
0
0
0
0
0
0
0
0
0
0
0
0
3.4205
0
0
0
0
0
0
0
0
0
0
0
0
0
0
0
0
0
0
0
0
0
0
0
0
-6.713
0
0
0
0
0
0
0
0
0
0
0
0
0
0
0
0
0
0
0
0
0
0
0
0
0
0
0
0
0
0
0
0
0
0
0
0
0
0
0
0
0
0
0
0
0
0
0
0
0
0
0
0
0
0
0
0
0
0
0
0
0
0
0
0
0
0
0
0
0
0
0
0
0
0
0
0
0
0
6.713
0
0
0
0
0
0
0
0
0
0
0
0
0
0
0
0
0
0
0
0
0
0
0
0
0
0
0
-5.4773
0
0
0
0
0
0
0
0
0
0
0
0
0
0
0
0
0
0
0
0
0
0
0
0
0
0
0
0
0
0
0
0
0
0
0
0
0
0
0
0
0
0
0
0
0
0
0
0
0
0
0
0
0
0
0
0
0
0
0
0
0
0
0
0
0
0
0
0
0
0
0
0
0
0
0
5.4773
0
0
0
0
0
0
0
0
0
0
0
0
0
0
0
0
0
0
0
0
0
0
0
0
0
0
0
0
0
0
0
0
0
0
0
0
0
0
0
0
0
0
0
0
0
0
0
0
0
0
0
0
0
-3.3197
0
0
0
0
0
0
0
0
0
0
0
0
0
0
0
0
0
0
0
0
0
0
0
0
0
0
0
0
0
0
0
0
0
0
0
0
0
0
0
0
0
0
0
0
0
0
0
0
0
3.3197
