1
0.9843
0.97612
0.97502
0.97457
0.97438
0.9743
0.97349
0.97287
0.97236
0.97188
0.97141
0.97094
0.97048
0.97003
0.96959
0.96917
0.96875
0.96836
0.96799
0.96764
0.96731
0.96701
0.96673
0.96648
0.96624
0.96603
0.96582
0.96564
0.96546
0.96529
0.96513
0.96498
0.96483
0.96468
0.96454
0.96439
0.96424
0.96409
0.96393
0.96377
0.9636
0.96343
0.96325
0.96306
0.96286
0.96265
0.96243
0.96221
0.96197
0.96174
0.9615
0.96125
0.96101
0.96078
0.96054
0.96031
0.9601
0.95989
0.95969
0.9595
0.95932
0.95916
0.959
0.95885
0.95871
0.95857
0.95845
0.95833
0.95822
0.95811
0.95801
0.95791
0.95782
0.95774
0.95765
0.95758
0.9575
0.95743
0.95736
0.95729
0.95723
0.95717
0.95711
0.95705
0.95699
0.95694
0.95688
0.95683
0.95677
0.95672
0.95666
0.9566
0.95655
0.95649
0.95643
0.95638
0.95632
0.95626
0.95621
0.95615
0.95609
0.95603
0.95597
0.95591
0.95586
0.9558
0.95574
0.95568
0.95563
0.95557
0.95552
0.95546
0.95541
0.95536
0.9553
0.95525
0.9552
0.95515
0.9551
0.95505
0.95499
0.95494
0.95489
0.95484
0.95479
0.95474
0.95469
0.95464
0.95459
0.95455
0.9545
0.95446
0.95442
0.95438
0.95435
0.95431
0.95428
0.95425
0.95422
0.9542
0.95418
0.95416
0.95415
0.95414
0.95413
0.95413
0.95414
0.95414
0.95415
0.95417
0.95419
0.95421
0.95424
0.95427
0.95431
0.95435
0.95439
0.95445
0.9545
0.95456
0.95463
0.9547
0.95477
0.95485
0.95493
0.95502
0.95511
0.95521
0.9553
0.9554
0.95551
0.95561
0.95572
0.95582
0.95593
0.95604
0.95615
0.95626
0.95637
0.95647
0.95658
0.95668
0.95678
0.95688
0.95697
0.95707
0.95716
0.95724
0.95733
0.9574
0.95748
0.95755
0.95762
0.95768
0.95775
0.9578
0.95786
0.95791
0.95796
0.958
0.95805
0.95808
0.95812
0.95816
0.95819
0.95822
0.95825
0.95827
0.95829
0.95831
0.95833
0.95835
0.95836
0.95838
0.95839
0.9584
0.95841
0.95841
0.95842
0.95842
0.95843
0.95843
0.95843
0.95843
0.95843
0.95842
0.95842
0.95842
0.95841
0.95841
0.9584
0.95839
0.95839
0.95838
0.95837
0.95836
0.95835
0.95835
