1
0.98357
0.97278
0.96504
0.95902
0.95415
0.95023
0.94696
0.94014
0.93392
0.92831
0.92312
0.91833
0.91386
0.90969
0.90579
0.90215
0.89874
0.89554
0.89254
0.8897
0.88701
0.88445
0.882
0.87966
0.87742
0.87528
0.87323
0.87127
0.86939
0.86758
0.86585
0.86418
0.86257
0.861
0.85948
0.858
0.85655
0.85514
0.85375
0.85239
0.85106
0.84975
0.84847
0.84722
0.846
0.8448
0.84364
0.84252
0.84142
0.84037
0.83936
0.83839
0.83745
0.83655
0.83569
0.83486
0.83405
0.83327
0.8325
0.83175
0.831
0.83025
0.82951
0.82876
0.828
0.82724
0.82647
0.82568
0.82489
0.82408
0.82327
0.82244
0.82161
0.82077
0.81992
0.81907
0.81821
0.81735
0.81649
0.81562
0.81476
0.81389
0.81302
0.81215
0.81128
0.81042
0.80955
0.80869
0.80782
0.80696
0.8061
0.80523
0.80437
0.8035
0.80263
0.80176
0.80089
0.80001
0.79913
0.79824
0.79735
0.79645
0.79554
0.79463
0.79372
0.79279
0.79186
0.79093
0.78999
0.78904
0.78809
0.78713
0.78617
0.78521
0.78424
0.78327
0.78229
0.78131
0.78033
0.77934
0.77835
0.77735
0.77635
0.77535
0.77434
0.77333
0.77231
0.77129
0.77026
0.76922
0.76819
0.76714
0.76609
0.76503
0.76397
0.7629
0.76182
0.76074
0.75965
0.75855
0.75744
0.75633
0.75521
0.75408
0.75294
0.75179
0.75064
0.74947
0.7483
0.74712
0.74593
0.74474
0.74353
0.74233
0.74112
0.73991
0.73869
0.73748
0.73627
0.73507
0.73387
0.73268
0.73149
0.73032
0.72916
0.72802
0.72689
0.72577
0.72467
0.72358
0.72251
0.72145
0.72041
0.71938
0.71836
0.71736
0.71638
0.71541
0.71445
0.7135
0.71257
0.71164
0.71074
0.70984
0.70895
0.70807
0.7072
0.70635
0.7055
0.70466
0.70383
0.70301
0.7022
0.70139
0.7006
0.69981
0.69902
0.69825
0.69748
0.69672
0.69596
0.69521
0.69447
0.69373
0.693
0.69227
0.69155
0.69084
0.69012
0.68942
0.68871
0.68802
0.68732
0.68663
0.68594
0.68526
0.68458
0.6839
0.68323
0.68256
0.68189
0.68122
0.68056
0.6799
0.67925
0.6786
0.67795
0.67731
0.67666
0.67603
0.67539
0.67476
0.67413
0.67351
0.67289
