1
0.98238
0.97397
0.96939
0.96501
0.96256
0.96087
0.95992
0.95629
0.95396
0.95277
0.9521
0.95155
0.9509
0.95013
0.94924
0.94827
0.94724
0.94618
0.94509
0.94398
0.94287
0.94175
0.94065
0.93955
0.93846
0.93739
0.93633
0.9353
0.93429
0.9333
0.93234
0.93141
0.93051
0.92964
0.92881
0.92801
0.92725
0.92653
0.92585
0.9252
0.92459
0.924
0.92345
0.92293
0.92243
0.92194
0.92148
0.92102
0.92058
0.92014
0.91969
0.91924
0.91878
0.91832
0.91786
0.91742
0.917
0.9166
0.91625
0.91592
0.91564
0.91541
0.91522
0.91508
0.91501
0.91499
0.91504
0.91516
0.91537
0.91567
0.91608
0.9166
0.91725
0.91804
0.91896
0.92001
0.92117
0.9224
0.92365
0.92488
0.92604
0.92711
0.92806
0.92889
0.92961
0.93021
0.93071
0.93112
0.93145
0.93171
0.93191
0.93207
0.93218
0.93225
0.93229
0.9323
0.9323
0.93227
0.93224
0.93219
0.93214
0.93208
0.93203
0.932
0.93197
0.93197
0.93199
0.93205
0.93213
0.93226
0.93242
0.93262
0.93287
0.93315
0.93348
0.93386
0.93428
0.93475
0.93528
0.93585
0.93648
0.93716
0.93788
0.93865
0.93945
0.94028
0.94112
0.94197
0.94282
0.94364
0.94444
0.94519
0.9459
0.94657
0.94718
0.94773
0.94823
0.94869
0.94909
0.94944
0.94975
0.95001
0.95023
0.95042
0.95057
0.95068
0.95077
0.95082
0.95085
0.95086
0.95084
0.95081
0.95075
0.95068
0.95059
0.95048
0.95036
0.95023
0.95008
0.94993
0.94976
0.94959
0.9494
0.94921
0.94901
0.9488
0.94858
0.94836
0.94813
0.9479
0.94766
0.94741
0.94717
0.94692
0.94666
0.9464
0.94614
0.94588
0.94562
0.94535
0.94508
0.94481
0.94454
0.94427
0.944
0.94373
0.94346
0.94319
0.94292
0.94265
0.94238
0.94212
0.94185
0.94158
0.94132
0.94106
0.9408
0.94054
0.94029
0.94004
0.93979
0.93954
0.9393
0.93906
0.93883
0.9386
0.93837
0.93815
0.93793
0.93772
0.93752
0.93731
0.93711
0.93692
0.93673
0.93655
0.93637
0.93619
0.93602
0.93586
0.9357
0.93554
0.93539
0.93524
0.9351
0.93497
0.93484
0.93471
0.9346
0.93448
0.93437
0.93427
0.93418
0.93409
0.934
