1
0.97063
0.95371
0.94416
0.93602
0.9299
0.91984
0.91091
0.90289
0.89556
0.88874
0.88232
0.87622
0.8704
0.86484
0.85949
0.85432
0.84932
0.84447
0.83973
0.83511
0.83057
0.82612
0.82174
0.81741
0.81314
0.80892
0.80475
0.80062
0.79653
0.79249
0.78849
0.78455
0.78065
0.77681
0.77302
0.76927
0.76556
0.76188
0.75823
0.75462
0.75104
0.74749
0.74397
0.74048
0.73702
0.73357
0.73014
0.72672
0.72331
0.71991
0.71653
0.71318
0.70986
0.70657
0.70332
0.70011
0.69694
0.69381
0.69074
0.68772
0.68475
0.68183
0.67896
0.67614
0.67337
0.67064
0.66797
0.66534
0.66276
0.66023
0.65775
0.6553
0.65288
0.6505
0.64814
0.64581
0.64351
0.64123
0.63897
0.63672
0.63449
0.63228
0.63007
0.62788
0.6257
0.62354
0.6214
0.61926
0.61714
0.61504
0.61294
0.61086
0.60879
0.60672
0.60466
0.60261
0.60056
0.59853
0.59651
0.59449
0.59249
0.59051
0.58855
0.58662
0.58471
0.58285
0.58102
0.57925
0.57754
0.57588
0.57429
0.57277
0.57133
0.56995
0.56865
0.56743
0.56627
0.56518
0.56415
0.56318
0.56227
0.56141
0.5606
0.55984
0.55912
0.55844
0.5578
0.5572
0.55662
0.55607
0.55555
0.55506
0.55459
0.55414
0.55371
0.5533
0.5529
0.55252
0.55215
0.55179
0.55145
0.55111
0.55078
0.55047
0.55016
0.54986
0.54958
0.54929
0.54902
0.54876
0.5485
0.54825
0.548
0.54776
0.54752
0.54728
0.54703
0.54678
0.54652
0.54624
0.54595
0.54564
