76.1131
-0.82061
-0.85063
-0.80959
-0.82744
-0.84099
-0.80328
-0.80603
-0.84622
-0.7922
-0.80852
-0.80185
-0.80617
-0.8611
-0.82096
-0.82204
-0.82257
-0.80844
-0.80944
-0.80944
-0.79028
-0.80481
-0.85963
-0.79216
-0.80244
-0.78484
-0.87857
-0.77831
-0.77554
-0.77862
-0.77868
-0.72302
-0.79545
-0.84438
-0.84136
-0.79985
-0.77174
-0.77174
-0.76058
-0.75365
-0.79875
-0.7803
-0.78045
-0.75882
-0.78034
-0.86798
-0.85265
-0.78254
-0.75564
-0.75236
-0.8036
-0.73432
-0.84255
-0.98743
-1.0153
-1.0603
-0.98418
-1.0645
-1.2282
-1.4671
-1.4519
-1.2924
-1.4479
-1.6929
-1.3936
0
0
0
0
0
0
0
0
0
0
0
-3.3391
0
0
0
0
0
0
0
-2.7191
0
0
0
0
0
0
-4.2498
0
0
0
0
0
0
0
0
0
0
0
0
0
0
0
0
0
0
-8.9759
0
0
0
0
0
0
0
-0.82061
71.3163
-0.81599
-0.73977
-0.78749
-0.80627
-0.77154
-0.77153
-0.81627
-0.75324
-0.77685
-0.76996
-0.77714
-0.83557
-0.79178
-0.79451
-0.79236
-0.78001
-0.77957
-0.77957
-0.76063
-0.77506
-0.83416
-0.76411
-0.77347
-0.75554
-0.85367
-0.75043
-0.74655
-0.74952
-0.74958
-0.69872
-0.76953
-0.81856
-0.82603
-0.77393
-0.743
-0.743
-0.73204
-0.72918
-0.76842
-0.75126
-0.7514
-0.73434
-0.7513
-0.84408
-0.82235
-0.75332
-0.72694
-0.72883
-0.7735
-0.69109
-0.81143
-0.95368
-0.98049
-1.025
-0.94983
-1.0283
-1.1968
-1.425
-1.1969
-1.2638
-1.4018
-1.6473
-1.3558
0
-2.4904
0
0
0
0
-2.9061
0
0
0
0
0
0
0
0
0
0
0
0
0
0
0
0
0
0
0
0
0
0
-5.2007
0
0
0
-6.0793
0
0
0
0
0
0
0
0
0
0
0
0
0
0
0
0
0
0
0
-0.85063
-0.81599
68.145
-0.80256
-0.821
-0.83977
-0.80363
-0.80417
-0.83891
-0.79148
-0.80862
-0.80219
-0.80479
-0.85809
-0.82069
-0.82163
-0.82045
-0.80845
-0.80737
-0.80737
-0.78784
-0.80275
-0.85752
-0.79111
-0.79807
-0.78281
-0.87756
-0.7785
-0.77324
-0.77666
-0.77671
-0.72305
-0.79599
-0.84392
-0.85231
-0.80045
-0.77022
-0.77022
-0.75901
-0.75502
-0.7945
-0.77859
-0.77873
-0.7622
-0.77862
-0.86924
-0.85079
-0.78034
-0.754
-0.75416
-0.80131
-0.71194
-0.84002
-0.98456
-1.0123
-1.0572
-0.98125
-1.0612
-1.2292
-1.4613
-1.4568
-1.2859
-1.4416
-1.6851
-1.3894
0
-2.5291
0
0
0
0
0
0
0
0
0
0
0
0
0
0
0
0
0
0
0
0
0
0
0
0
0
0
0
0
0
0
0
0
0
0
0
0
0
0
0
0
0
0
0
0
-8.9149
0
0
0
0
0
0
-0.80959
-0.73977
-0.80256
61.9988
-0.78668
-0.80708
-0.76838
-0.76836
-0.81043
-0.75459
-0.77413
-0.76683
-0.76963
-0.82561
-0.78472
-0.78788
-0.78485
-0.77289
-0.77187
-0.77187
-0.75391
-0.76737
-0.82597
-0.75663
-0.7647
-0.7478
-0.84321
-0.74319
-0.73946
-0.74186
-0.74192
-0.69026
-0.76336
-0.81014
-0.81849
-0.7676
-0.73543
-0.73543
-0.72433
-0.72256
-0.76194
-0.7435
-0.74364
-0.72767
-0.74354
-0.83677
-0.81435
-0.74639
-0.71917
-0.72227
-0.76548
-0.68076
-0.80332
-0.94545
-0.97227
-1.0167
-0.94156
-1.0201
-1.1968
-1.4167
-1.37
-1.2566
-1.3957
-1.6392
-1.3494
0
-2.4773
0
0
0
0
0
0
0
0
0
0
0
0
0
0
0
0
0
0
0
0
0
0
0
0
0
0
0
-5.1407
0
0
0
0
0
0
0
0
0
0
0
0
0
0
0
0
0
0
0
0
0
0
0
-0.82744
-0.78749
-0.821
-0.78668
58.3612
-0.82506
-0.78736
-0.78804
-0.82977
-0.7745
-0.79131
-0.78799
-0.79158
-0.855
-0.8073
-0.80518
-0.80717
-0.79474
-0.7937
-0.7937
-0.77527
-0.78914
-0.85699
-0.77799
-0.78697
-0.76922
-0.86349
-0.76431
-0.7606
-0.7632
-0.76326
-0.71058
-0.77913
-0.83056
-0.83958
-0.78272
-0.75669
-0.75668
-0.74526
-0.74368
-0.78341
-0.76479
-0.76493
-0.74868
-0.76482
-0.8582
-0.83675
-0.76795
-0.74013
-0.74304
-0.78737
-0.70299
-0.82603
-0.97031
-0.99825
-1.0432
-0.96716
-1.0474
-1.2182
-1.4492
-1.398
-1.2818
-1.4323
-1.6748
-1.3832
0
-2.538
0
0
0
0
0
0
0
0
0
0
0
0
0
0
0
0
0
0
0
0
0
0
0
0
0
0
0
0
0
0
0
0
0
0
0
0
0
0
0
0
0
0
0
0
0
0
0
0
0
0
0
-0.84099
-0.80627
-0.83977
-0.80708
-0.82506
60.0715
-0.80425
-0.80325
-0.84485
-0.78893
-0.80683
-0.80196
-0.80664
-0.86556
-0.81836
-0.82069
-0.82236
-0.80984
-0.80891
-0.80892
-0.791
-0.80433
-0.86755
-0.79347
-0.79171
-0.7842
-0.87813
-0.77911
-0.7752
-0.77811
-0.77818
-0.7241
-0.79388
-0.84424
-0.85319
-0.79746
-0.77114
-0.77115
-0.7597
-0.75842
-0.79841
-0.77932
-0.77946
-0.76311
-0.77936
-0.87307
-0.85194
-0.78225
-0.7545
-0.75889
-0.80224
-0.73003
-0.8412
-0.98723
-1.0155
-1.0607
-0.98415
-1.0648
-1.2344
-1.4695
-1.4176
-1.3017
-1.4534
-1.6967
-1.4032
0
0
0
0
0
-3.2641
0
0
0
0
0
0
0
0
0
0
0
0
0
0
0
0
0
0
0
0
0
0
0
0
0
0
0
0
0
0
0
0
0
0
0
0
0
0
0
0
0
0
0
0
0
0
0
-0.80328
-0.77154
-0.80363
-0.76838
-0.78736
-0.80425
56.5234
-0.77003
-0.80616
-0.75456
-0.76942
-0.76604
-0.76948
-0.82995
-0.78496
-0.78258
-0.78575
-0.77291
-0.77229
-0.77229
-0.75364
-0.76773
-0.83243
-0.7498
-0.76492
-0.74788
-0.83942
-0.74286
-0.73916
-0.74194
-0.74201
-0.68886
-0.75661
-0.80667
-0.81123
-0.76035
-0.73525
-0.73525
-0.7242
-0.72307
-0.76226
-0.74352
-0.74366
-0.72062
-0.74355
-0.83517
-0.81446
-0.74614
-0.71913
-0.71212
-0.76613
-0.69369
-0.80457
-0.94771
-0.97592
-1.0204
-0.94503
-1.0252
-1.1997
-1.4246
-1.3753
0
-1.4101
-1.6492
0
-2.2378
0
-2.4693
0
0
0
0
0
0
0
0
0
0
0
0
0
0
0
0
0
0
0
0
0
0
0
0
0
0
0
0
0
0
0
0
0
0
0
0
0
0
0
0
0
0
0
0
0
0
0
0
0
0
-0.80603
-0.77153
-0.80417
-0.76836
-0.78804
-0.80325
-0.77003
54.5061
-0.80827
-0.75336
-0.77126
-0.7681
-0.77116
-0.82903
-0.78796
-0.78485
-0.78692
-0.77453
-0.77367
-0.77367
-0.75519
-0.76916
-0.8231
-0.75824
-0.76724
-0.7493
-0.84334
-0.74448
-0.74088
-0.74352
-0.74358
-0.69102
-0.75875
-0.80965
-0.81881
-0.76222
-0.73658
-0.73657
-0.72525
-0.72403
-0.76316
-0.74453
-0.74467
-0.72917
-0.74456
-0.83727
-0.81564
-0.74771
-0.72015
-0.72388
-0.76705
-0.69605
-0.80538
-0.94823
-0.97558
-1.0201
-0.94486
-1.024
-1.193
-1.4235
-1.3729
-1.2564
-1.4066
-1.6483
-1.3584
0
0
0
0
0
0
0
0
0
0
0
0
0
0
0
0
0
0
0
0
0
0
0
0
0
0
0
0
0
0
0
0
0
0
0
0
0
0
0
0
0
0
0
0
0
0
0
0
0
0
0
0
0
-0.84622
-0.81627
-0.83891
-0.81043
-0.82977
-0.84485
-0.80616
-0.80827
63.6123
-0.79431
-0.81087
-0.80603
-0.80869
-0.86676
-0.82491
-0.8245
-0.82524
-0.812
-0.81147
-0.81148
-0.7921
-0.80686
-0.86485
-0.79393
-0.80459
-0.78685
-0.88577
-0.78213
-0.77764
-0.78072
-0.78078
-0.72664
-0.79827
-0.84963
-0.85799
-0.80233
-0.77388
-0.77388
-0.76252
-0.76029
-0.79892
-0.78214
-0.78227
-0.76513
-0.78217
-0.87413
-0.85473
-0.78468
-0.75739
-0.75686
-0.80493
-0.73066
-0.84372
-0.98849
-1.0162
-1.0613
-0.98494
-1.0652
-1.2397
-1.4663
-1.4328
-1.2841
-1.4481
-1.6911
0
0
0
0
0
0
0
0
0
0
0
0
0
0
0
0
0
0
0
0
0
0
0
0
0
0
0
0
0
0
0
0
0
0
0
0
0
0
0
0
0
0
0
0
0
0
0
0
0
0
-8.0578
0
0
0
-0.7922
-0.75324
-0.79148
-0.75459
-0.7745
-0.78893
-0.75456
-0.75336
-0.79431
53.8245
-0.75674
-0.74876
-0.75686
-0.81308
-0.77204
-0.77051
-0.77287
-0.76041
-0.75948
-0.75949
-0.74022
-0.755
-0.80528
-0.74396
-0.75521
-0.73524
-0.8282
-0.73085
-0.72654
-0.72957
-0.72964
-0.67839
-0.7449
-0.79452
-0.80281
-0.74844
-0.72264
-0.72264
-0.71121
-0.70992
-0.74836
-0.73045
-0.7306
-0.71679
-0.73049
-0.82242
-0.80081
-0.73297
-0.70623
-0.71003
-0.75282
-0.68407
-0.79079
-0.93233
-0.95966
-1.0037
-0.92902
-1.0074
-1.175
-1.4029
-1.3543
0
-1.3844
-1.6259
0
0
0
0
0
0
0
-2.8506
0
0
0
0
0
0
0
0
0
0
0
0
0
0
0
0
0
0
0
0
0
0
0
0
0
0
0
0
0
0
0
0
0
0
0
0
0
0
0
0
0
0
0
0
0
0
-0.80852
-0.77685
-0.80862
-0.77413
-0.79131
-0.80683
-0.76942
-0.77126
-0.81087
-0.75674
55.469
-0.76532
-0.76708
-0.83149
-0.78223
-0.78768
-0.78355
-0.77094
-0.77003
-0.77004
-0.75125
-0.7655
-0.82821
-0.7548
-0.76312
-0.74572
-0.83847
-0.74131
-0.73725
-0.73966
-0.73972
-0.68733
-0.76342
-0.80624
-0.81449
-0.70018
-0.73243
-0.73243
-0.72142
-0.71996
-0.75871
-0.74037
-0.74051
-0.72459
-0.7404
-0.83305
-0.81151
-0.74566
-0.71611
-0.72218
-0.76489
-0.6945
-0.80284
-0.94552
-0.97337
-1.0177
-0.94248
-1.0225
-1.2019
-1.42
-1.3666
0
0
0
0
0
0
0
0
0
0
0
0
0
0
0
0
0
0
-1.4252
0
0
0
0
0
-5.3726
0
0
0
0
0
0
0
0
0
0
0
0
0
0
0
0
0
0
0
0
0
0
0
0
0
0
0
0
0
0
0
0
-0.80185
-0.76996
-0.80219
-0.76683
-0.78799
-0.80196
-0.76604
-0.7681
-0.80603
-0.74876
-0.76532
52.7987
-0.7656
-0.8167
-0.78112
-0.78011
-0.78188
-0.76988
-0.76868
-0.76868
-0.74863
-0.76414
-0.80917
-0.75257
-0.76588
-0.74412
-0.83764
-0.74155
-0.73501
-0.7387
-0.73876
-0.67743
-0.75371
-0.80216
-0.80978
-0.75736
-0.73141
-0.73141
-0.71991
-0.71863
-0.75718
-0.73928
-0.73942
-0.72716
-0.73931
-0.831
-0.81025
-0.74151
-0.71491
-0.71842
-0.76185
-0.69447
-0.80026
-0.94264
-0.97014
-1.0145
-0.9393
-1.0191
-1.187
-1.4161
0
0
0
0
0
0
0
0
0
0
0
-2.8741
0
0
0
-2.7651
0
0
0
0
0
0
0
0
0
0
0
0
0
0
0
0
0
0
0
0
0
0
0
0
0
0
0
0
0
0
0
0
0
0
0
0
0
0
0
0
0
0
-0.80617
-0.77714
-0.80479
-0.76963
-0.79158
-0.80664
-0.76948
-0.77116
-0.80869
-0.75686
-0.76708
-0.7656
49.8436
-0.81762
-0.77851
-0.78026
-0.78106
-0.76804
-0.76965
-0.76966
-0.75057
-0.76509
-0.81766
-0.75382
-0.76349
-0.74472
-0.83337
-0.73979
-0.73627
-0.73912
-0.73919
-0.68547
-0.75325
-0.80364
-0.8108
-0.75698
-0.7321
-0.7321
-0.72015
-0.71929
-0.75891
-0.73969
-0.73983
-0.72489
-0.73973
-0.83079
-0.81087
-0.74313
-0.71524
-0.7194
-0.76218
-0.69551
-0.80068
-0.94344
-0.97121
-1.0154
-0.94032
-1.0198
0
0
0
0
0
0
0
0
0
0
0
-2.5106
0
0
0
-2.7056
0
0
0
0
0
0
0
0
0
0
0
0
0
0
0
0
0
0
0
0
0
0
0
0
0
0
0
0
0
0
0
0
0
0
0
0
0
0
0
0
0
0
0
0
-0.8611
-0.83557
-0.85809
-0.82561
-0.855
-0.86556
-0.82995
-0.82903
-0.86676
-0.81308
-0.83149
-0.8167
-0.81762
58.3775
-0.83292
-0.83312
-0.83493
-0.82163
-0.82175
-0.82175
-0.80156
-0.81712
-0.89334
-0.80409
-0.80555
-0.79687
-0.89837
-0.79169
-0.7875
-0.7909
-0.79097
-0.73603
-0.80743
-0.8591
-0.86719
-0.81194
-0.78396
-0.78396
-0.7721
-0.76997
-0.8088
-0.792
-0.79214
-0.77565
-0.79203
-0.88379
-0.86479
-0.79447
-0.76702
-0.76716
-0.81488
-0.74133
-0.85386
-0.99897
-1.0272
-1.0721
-0.9959
-1.0764
0
0
0
0
0
0
0
0
0
0
-2.8075
0
0
0
0
0
0
0
0
0
0
0
0
0
0
0
0
0
0
0
0
0
0
0
0
0
0
0
0
0
0
0
0
0
0
0
0
0
0
0
0
-7.9102
0
0
0
0
0
0
0
0
-0.82096
-0.79178
-0.82069
-0.78472
-0.8073
-0.81836
-0.78496
-0.78796
-0.82491
-0.77204
-0.78223
-0.78112
-0.77851
-0.83292
51.9981
-0.79872
-0.79868
-0.78726
-0.78538
-0.78539
-0.76712
-0.78036
-0.83173
-0.76891
-0.77596
-0.76008
-0.85581
-0.75734
-0.75245
-0.7544
-0.75446
-0.69951
-0.76899
-0.82076
-0.83052
-0.7725
-0.74751
-0.7475
-0.73543
-0.73501
-0.77621
-0.7551
-0.75524
-0.74273
-0.75514
-0.84728
-0.82687
-0.75982
-0.73035
-0.73619
-0.7776
-0.70529
-0.8163
-0.96021
-0.98807
-1.0325
-0.95693
0
0
0
0
0
0
0
0
0
0
0
0
-2.5324
0
0
0
0
0
0
0
0
0
0
0
0
0
0
0
0
0
0
-4.9836
0
0
0
0
0
0
0
0
0
0
0
0
0
0
0
0
0
0
0
0
0
0
0
0
0
0
0
0
0
-0.82204
-0.79451
-0.82163
-0.78788
-0.80518
-0.82069
-0.78258
-0.78485
-0.8245
-0.77051
-0.78768
-0.78011
-0.78026
-0.83312
-0.79872
50.6427
-0.79549
-0.78321
-0.78083
-0.78084
-0.76211
-0.77631
-0.83566
-0.766
-0.77596
-0.75615
-0.85321
-0.75281
-0.74812
-0.7503
-0.75036
-0.69739
-0.7052
-0.81767
-0.82541
-0.77948
-0.74331
-0.74331
-0.73145
-0.73084
-0.77037
-0.75089
-0.75103
-0.73835
-0.75092
-0.8451
-0.82255
-0.75468
-0.72629
-0.73125
-0.77284
-0.70556
-0.81337
-0.95685
-0.98451
-1.0288
-0.95347
-1.0342
0
0
0
0
0
0
0
0
0
0
0
0
0
0
0
0
0
0
0
0
0
0
0
0
0
0
0
0
-5.3159
0
0
0
0
0
0
0
0
0
0
0
0
0
0
0
0
0
0
0
0
0
0
0
0
0
0
0
0
0
0
0
-0.82257
-0.79236
-0.82045
-0.78485
-0.80717
-0.82236
-0.78575
-0.78692
-0.82524
-0.77287
-0.78355
-0.78188
-0.78106
-0.83493
-0.79868
-0.79549
48.6138
-0.78585
-0.78477
-0.78478
-0.76422
-0.77985
-0.83315
-0.76931
-0.78307
-0.75964
-0.85417
-0.75529
-0.75144
-0.75428
-0.75434
-0.70034
-0.76922
-0.821
-0.84114
-0.77285
-0.74736
-0.74735
-0.73501
-0.73471
-0.7747
-0.75485
-0.755
-0.74112
-0.75489
-0.84799
-0.82678
-0.75876
-0.73011
-0.73569
-0.77789
-0.71181
-0.81664
-0.96061
-0.98837
-1.0329
-0.95709
0
0
0
0
0
0
0
-1.3773
0
0
0
0
0
0
0
0
-2.732
0
0
0
0
0
0
0
0
0
0
0
0
0
0
0
0
0
0
0
0
0
0
0
0
0
0
0
0
0
0
0
0
0
0
0
0
0
0
0
0
0
0
0
0
-0.80844
-0.78001
-0.80845
-0.77289
-0.79474
-0.80984
-0.77291
-0.77453
-0.812
-0.76041
-0.77094
-0.76988
-0.76804
-0.82163
-0.78726
-0.78321
-0.78585
47.7741
-0.77137
-0.77137
-0.74567
-0.76682
-0.82057
-0.75601
-0.76881
-0.74645
-0.84266
-0.73818
-0.7382
-0.74114
-0.7412
-0.68818
-0.7557
-0.80507
-0.82891
-0.75927
-0.73418
-0.73419
-0.72172
-0.72144
-0.76145
-0.74155
-0.74169
-0.72273
-0.74158
-0.83211
-0.8128
-0.74528
-0.71693
-0.7223
-0.76443
-0.70011
-0.80282
-0.94619
-0.97399
-1.0182
-0.94304
-1.0257
0
0
0
0
0
0
0
0
0
0
0
0
0
0
-2.9831
0
0
0
0
0
0
0
0
0
0
0
0
0
0
0
0
0
0
0
0
0
0
0
0
0
0
0
0
0
0
0
0
0
0
0
0
0
0
0
0
0
0
0
0
0
-0.80944
-0.77957
-0.80737
-0.77187
-0.7937
-0.80891
-0.77229
-0.77367
-0.81147
-0.75948
-0.77003
-0.76868
-0.76965
-0.82175
-0.78538
-0.78083
-0.78477
-0.77137
44.7749
-0.7659
-0.75529
-0.7673
-0.82113
-0.75637
-0.76307
-0.74566
-0.83851
-0.74208
-0.73784
-0.74103
-0.74109
-0.6881
-0.7573
-0.80953
-0.81412
-0.75966
-0.73406
-0.73406
-0.7213
-0.72203
-0.76234
-0.74167
-0.74181
-0.72984
-0.74171
-0.84029
-0.8133
-0.74603
-0.71704
-0.72355
-0.76414
-0.69585
-0.80271
-0.94532
-0.97296
-1.0171
-0.94197
-1.0216
0
0
0
0
0
0
0
0
0
0
0
0
0
0
0
0
0
0
0
0
0
0
0
0
0
0
0
0
0
0
0
0
0
0
0
0
0
0
0
0
0
0
0
0
0
0
0
0
0
0
0
0
0
0
0
0
0
0
0
0
-0.80944
-0.77957
-0.80737
-0.77187
-0.7937
-0.80892
-0.77229
-0.77367
-0.81148
-0.75949
-0.77004
-0.76868
-0.76966
-0.82175
-0.78539
-0.78084
-0.78478
-0.77137
-0.7659
44.7751
-0.75529
-0.76731
-0.82113
-0.75637
-0.76308
-0.74566
-0.83851
-0.74209
-0.73785
-0.74103
-0.74109
-0.68811
-0.75731
-0.80953
-0.81413
-0.75966
-0.73406
-0.73407
-0.72131
-0.72204
-0.76236
-0.74168
-0.74182
-0.72984
-0.74171
-0.84029
-0.8133
-0.74604
-0.71704
-0.72355
-0.76415
-0.69585
-0.80272
-0.94533
-0.97296
-1.0171
-0.94198
-1.0216
0
0
0
0
0
0
0
0
0
0
0
0
0
0
0
0
0
0
0
0
0
0
0
0
0
0
0
0
0
0
0
0
0
0
0
0
0
0
0
0
0
0
0
0
0
0
0
0
0
0
0
0
0
0
0
0
0
0
0
0
-0.79028
-0.76063
-0.78784
-0.75391
-0.77527
-0.791
-0.75364
-0.75519
-0.7921
-0.74022
-0.75125
-0.74863
-0.75057
-0.80156
-0.76712
-0.76211
-0.76422
-0.74567
-0.75529
-0.75529
45.9261
-0.74963
-0.80004
-0.73711
-0.74272
-0.72755
-0.81795
-0.72255
-0.71905
-0.72239
-0.72246
-0.66945
-0.73657
-0.78216
-0.79532
-0.73981
-0.71541
-0.7154
-0.70304
-0.70251
-0.74285
-0.72245
-0.72259
-0.70821
-0.72249
-0.81091
-0.7929
-0.72579
-0.69816
-0.7023
-0.74492
-0.66186
-0.78302
-0.92462
-0.9525
-0.99618
-0.92181
0
0
0
0
0
0
0
0
0
0
0
0
0
0
0
0
0
0
0
0
-3.2697
0
0
0
0
0
0
0
0
0
0
0
0
0
0
0
0
0
0
0
0
0
0
0
0
0
0
0
0
0
0
0
0
0
0
0
0
0
0
0
0
-0.80481
-0.77506
-0.80275
-0.76737
-0.78914
-0.80433
-0.76773
-0.76916
-0.80686
-0.755
-0.7655
-0.76414
-0.76509
-0.81712
-0.78036
-0.77631
-0.77985
-0.76682
-0.7673
-0.76731
-0.74963
43.4749
-0.81608
-0.74855
-0.75839
-0.7394
-0.83269
-0.73508
-0.73131
-0.73552
-0.73558
-0.68245
-0.75135
-0.8034
-0.80857
-0.75358
-0.72863
-0.72863
-0.71561
-0.71705
-0.75768
-0.73649
-0.73663
-0.72505
-0.73652
-0.83921
-0.80808
-0.74095
-0.71186
-0.71864
-0.75887
-0.69096
-0.7973
-0.9394
-0.96692
-1.0109
-0.93599
0
0
0
0
0
0
0
0
0
0
0
0
0
0
0
0
0
0
0
0
0
0
0
0
0
0
0
0
0
0
0
0
0
0
0
0
0
0
0
0
0
0
0
0
0
0
0
0
0
0
0
0
0
0
0
0
0
0
0
0
0
-0.85963
-0.83416
-0.85752
-0.82597
-0.85699
-0.86755
-0.83243
-0.8231
-0.86485
-0.80528
-0.82821
-0.80917
-0.81766
-0.89334
-0.83173
-0.83566
-0.83315
-0.82057
-0.82113
-0.82113
-0.80004
-0.81608
56.878
-0.80337
-0.81094
-0.79374
-0.87492
-0.7889
-0.78315
-0.78784
-0.7879
-0.7329
-0.80706
-0.85493
-0.86217
-0.81177
-0.78085
-0.78084
-0.76874
-0.76622
-0.80332
-0.78858
-0.78873
-0.77555
-0.78862
-0.87889
-0.86149
-0.78961
-0.76359
-0.76606
-0.81133
-0.73795
-0.85014
-0.99572
0
0
0
0
0
0
0
0
0
0
0
0
0
0
0
0
0
0
0
0
0
0
0
0
0
0
0
0
0
0
0
0
0
0
0
0
0
0
0
0
0
-5.9582
0
0
0
0
0
0
0
0
0
0
0
0
0
0
0
0
0
-7.5686
0
0
0
0
-0.79216
-0.76411
-0.79111
-0.75663
-0.77799
-0.79347
-0.7498
-0.75824
-0.79393
-0.74396
-0.7548
-0.75257
-0.75382
-0.80409
-0.76891
-0.766
-0.76931
-0.75601
-0.75637
-0.75637
-0.73711
-0.74855
-0.80337
42.3446
-0.74477
-0.72699
-0.81892
-0.72105
-0.71833
-0.72335
-0.72342
-0.66936
-0.73374
-0.79197
-0.79471
-0.74047
-0.71663
-0.71662
-0.70274
-0.70392
-0.74449
-0.72387
-0.72402
-0.70827
-0.72391
-0.82146
-0.79438
-0.72735
-0.69905
-0.69456
-0.74601
-0.67824
-0.7841
-0.92551
0
0
0
0
0
0
0
0
0
0
0
0
0
-2.4537
0
0
0
0
0
0
0
0
0
0
0
0
0
0
0
0
0
0
0
0
0
0
0
0
0
0
0
0
0
0
0
0
0
0
0
0
0
0
0
0
0
0
0
0
0
0
0
0
0
0
-0.80244
-0.77347
-0.79807
-0.7647
-0.78697
-0.79171
-0.76492
-0.76724
-0.80459
-0.75521
-0.76312
-0.76588
-0.76349
-0.80555
-0.77596
-0.77596
-0.78307
-0.76881
-0.76307
-0.76308
-0.74272
-0.75839
-0.81094
-0.74477
47.0965
-0.73659
-0.8288
-0.73216
-0.72675
-0.73092
-0.73099
-0.67886
-0.74485
-0.78796
-0.80719
-0.74794
-0.72362
-0.72362
-0.71086
-0.7099
-0.74939
-0.73031
-0.73045
-0.71776
-0.73035
-0.81998
-0.80106
-0.73306
-0.7057
-0.71152
-0.75284
-0.68596
-0.79075
0
0
0
0
0
0
0
0
0
0
0
0
0
0
0
-2.7199
0
0
0
0
0
0
0
0
0
0
0
0
0
0
0
0
0
0
0
0
0
0
0
0
0
0
0
0
-5.0022
0
0
0
0
0
0
0
0
0
0
0
0
0
0
0
0
0
0
0
0
-0.78484
-0.75554
-0.78281
-0.7478
-0.76922
-0.7842
-0.74788
-0.7493
-0.78685
-0.73524
-0.74572
-0.74412
-0.74472
-0.79687
-0.76008
-0.75615
-0.75964
-0.74645
-0.74566
-0.74566
-0.72755
-0.7394
-0.79374
-0.72699
-0.73659
39.4393
-0.80913
-0.71548
-0.70981
-0.7208
-0.72087
-0.66132
-0.72649
-0.78006
-0.79023
-0.7279
-0.70828
-0.70829
-0.69269
-0.69368
-0.73578
-0.71299
-0.71313
-0.70205
-0.71301
-0.80318
-0.78376
-0.71766
-0.68852
-0.69728
-0.73549
-0.67026
-0.77339
-0.91471
0
0
0
0
0
0
0
0
0
0
0
0
0
0
0
0
0
0
0
0
0
0
0
0
0
0
0
0
0
0
0
0
0
0
0
0
0
0
0
0
0
0
0
0
0
0
0
0
0
0
0
0
0
0
0
0
0
0
0
0
0
0
0
0
-0.87857
-0.85367
-0.87756
-0.84321
-0.86349
-0.87813
-0.83942
-0.84334
-0.88577
-0.8282
-0.83847
-0.83764
-0.83337
-0.89837
-0.85581
-0.85321
-0.85417
-0.84266
-0.83851
-0.83851
-0.81795
-0.83269
-0.87492
-0.81892
-0.8288
-0.80913
50.9932
-0.80434
-0.79825
-0.80263
-0.8027
-0.74699
-0.82065
-0.86902
-0.87795
-0.82423
-0.79556
-0.79556
-0.78257
-0.78036
-0.81923
-0.8029
-0.80305
-0.78916
-0.80294
-0.89492
-0.87678
-0.80539
-0.77755
-0.78162
-0.8259
-0.75283
-0.86508
0
0
0
0
0
0
0
0
0
0
0
0
0
0
0
0
0
0
0
0
0
0
0
0
0
0
0
0
0
0
0
0
0
0
0
0
0
0
0
0
0
0
0
0
0
0
0
-7.8305
0
0
0
0
0
0
0
0
0
0
0
0
0
0
0
0
0
-0.77831
-0.75043
-0.7785
-0.74319
-0.76431
-0.77911
-0.74286
-0.74448
-0.78213
-0.73085
-0.74131
-0.74155
-0.73979
-0.79169
-0.75734
-0.75281
-0.75529
-0.73818
-0.74208
-0.74209
-0.72255
-0.73508
-0.7889
-0.72105
-0.73216
-0.71548
-0.80434
41.1975
-0.70759
-0.71151
-0.71158
-0.65964
-0.72028
-0.77781
-0.78467
-0.72803
-0.70189
-0.70189
-0.68987
-0.68941
-0.72914
-0.70786
-0.708
-0.68096
-0.7079
-0.79419
-0.77811
-0.71289
-0.68388
-0.69133
-0.73059
-0.66883
-0.76827
0
0
0
0
0
0
0
0
0
0
0
0
0
0
0
0
0
0
0
0
0
-2.9355
0
0
0
0
0
0
0
0
0
0
0
0
0
0
0
0
0
0
0
0
0
0
0
0
0
0
0
0
0
0
0
0
0
0
0
0
0
0
0
0
0
0
0
-0.77554
-0.74655
-0.77324
-0.73946
-0.7606
-0.7752
-0.73916
-0.74088
-0.77764
-0.72654
-0.73725
-0.73501
-0.73627
-0.7875
-0.75245
-0.74812
-0.75144
-0.7382
-0.73784
-0.73785
-0.71905
-0.73131
-0.78315
-0.71833
-0.72675
-0.70981
-0.79825
-0.70759
40.3947
-0.70865
-0.70871
-0.6521
-0.71753
-0.76857
-0.77842
-0.72033
-0.69887
-0.69887
-0.68363
-0.68424
-0.72365
-0.70404
-0.70417
-0.69193
-0.70407
-0.79401
-0.7734
-0.69993
-0.67937
-0.68726
-0.72628
-0.66081
-0.76403
0
0
0
0
0
0
0
0
0
0
0
0
0
0
0
0
0
0
0
0
0
0
0
0
0
-2.3508
0
0
0
0
0
0
0
0
0
0
0
0
0
0
0
0
0
0
0
0
0
0
0
0
0
0
0
0
0
0
0
0
0
0
0
0
0
0
0
-0.77862
-0.74952
-0.77666
-0.74186
-0.7632
-0.77811
-0.74194
-0.74352
-0.78072
-0.72957
-0.73966
-0.7387
-0.73912
-0.7909
-0.7544
-0.7503
-0.75428
-0.74114
-0.74103
-0.74103
-0.72239
-0.73552
-0.78784
-0.72335
-0.73092
-0.7208
-0.80263
-0.71151
-0.70865
38.1898
-0.6901
-0.63797
-0.72217
-0.77237
-0.78327
-0.72509
-0.6984
-0.6984
-0.68253
-0.68598
-0.7372
-0.70546
-0.7056
-0.69606
-0.7055
-0.80837
-0.77662
-0.71131
-0.68135
-0.69126
-0.72817
-0.66367
-0.76507
0
0
0
0
0
0
0
0
0
0
0
0
0
0
0
0
0
0
0
0
0
0
0
0
0
0
0
0
0
0
0
0
0
0
0
0
0
0
0
0
0
0
0
0
0
0
0
0
0
0
0
0
0
0
0
0
0
0
0
0
0
0
0
0
0
-0.77868
-0.74958
-0.77671
-0.74192
-0.76326
-0.77818
-0.74201
-0.74358
-0.78078
-0.72964
-0.73972
-0.73876
-0.73919
-0.79097
-0.75446
-0.75036
-0.75434
-0.7412
-0.74109
-0.74109
-0.72246
-0.73558
-0.7879
-0.72342
-0.73099
-0.72087
-0.8027
-0.71158
-0.70871
-0.6901
38.1932
-0.63805
-0.72223
-0.77244
-0.78333
-0.72515
-0.69846
-0.69846
-0.68261
-0.68605
-0.73729
-0.70554
-0.70567
-0.69615
-0.70557
-0.80842
-0.77669
-0.71139
-0.68142
-0.69133
-0.72824
-0.66374
-0.76515
0
0
0
0
0
0
0
0
0
0
0
0
0
0
0
0
0
0
0
0
0
0
0
0
0
0
0
0
0
0
0
0
0
0
0
0
0
0
0
0
0
0
0
0
0
0
0
0
0
0
0
0
0
0
0
0
0
0
0
0
0
0
0
0
0
-0.72302
-0.69872
-0.72305
-0.69026
-0.71058
-0.7241
-0.68886
-0.69102
-0.72664
-0.67839
-0.68733
-0.67743
-0.68547
-0.73603
-0.69951
-0.69739
-0.70034
-0.68818
-0.6881
-0.68811
-0.66945
-0.68245
-0.7329
-0.66936
-0.67886
-0.66132
-0.74699
-0.65964
-0.6521
-0.63797
-0.63805
36.6713
-0.66589
-0.71449
-0.72489
-0.66393
-0.65517
-0.65516
-0.63243
-0.62968
-0.66785
-0.65307
-0.6532
-0.63305
-0.6531
-0.74727
-0.71801
-0.65432
-0.62888
-0.63612
-0.67426
0
0
0
0
0
0
0
0
0
0
0
0
0
0
0
0
0
0
0
0
0
0
0
0
-2.579
0
0
0
0
0
0
0
0
0
0
0
0
0
0
0
0
0
0
0
0
0
0
0
0
0
0
0
0
0
0
0
0
0
0
0
0
0
0
0
0
0
0
-0.79545
-0.76953
-0.79599
-0.76336
-0.77913
-0.79388
-0.75661
-0.75875
-0.79827
-0.7449
-0.76342
-0.75371
-0.75325
-0.80743
-0.76899
-0.7052
-0.76922
-0.7557
-0.7573
-0.75731
-0.73657
-0.75135
-0.80706
-0.73374
-0.74485
-0.72649
-0.82065
-0.72028
-0.71753
-0.72217
-0.72223
-0.66589
42.5709
-0.79122
-0.80196
-0.7475
-0.71402
-0.71402
-0.69893
-0.69834
-0.73782
-0.71893
-0.71906
-0.70572
-0.71896
-0.81069
-0.78842
-0.72239
-0.69418
-0.70164
-0.74019
0
0
0
0
0
0
0
0
0
0
0
0
0
0
0
0
0
0
0
0
0
0
0
0
0
0
0
0
0
0
0
0
0
0
0
-5.1307
0
0
0
0
0
0
0
0
0
0
0
0
0
0
0
0
0
0
0
0
0
0
0
0
0
0
0
0
0
0
0
-0.84438
-0.81856
-0.84392
-0.81014
-0.83056
-0.84424
-0.80667
-0.80965
-0.84963
-0.79452
-0.80624
-0.80216
-0.80364
-0.8591
-0.82076
-0.81767
-0.821
-0.80507
-0.80953
-0.80953
-0.78216
-0.8034
-0.85493
-0.79197
-0.78796
-0.78006
-0.86902
-0.77781
-0.76857
-0.77237
-0.77244
-0.71449
-0.79122
46.2115
-0.84818
-0.78943
-0.7646
-0.7646
-0.74947
-0.74702
-0.78392
-0.77083
-0.77097
-0.75425
-0.77086
-0.85728
-0.84149
-0.7688
-0.74543
0
-0.79287
0
0
0
0
0
0
0
0
0
0
0
0
0
0
0
0
0
0
0
0
0
0
0
0
0
0
0
0
0
0
0
0
0
0
0
0
0
0
0
0
0
0
0
0
0
0
0
0
0
0
0
0
-7.0181
0
0
0
0
0
0
0
0
0
0
0
0
0
0
-0.84136
-0.82603
-0.85231
-0.81849
-0.83958
-0.85319
-0.81123
-0.81881
-0.85799
-0.80281
-0.81449
-0.80978
-0.8108
-0.86719
-0.83052
-0.82541
-0.84114
-0.82891
-0.81412
-0.81413
-0.79532
-0.80857
-0.86217
-0.79471
-0.80719
-0.79023
-0.87795
-0.78467
-0.77842
-0.78327
-0.78333
-0.72489
-0.80196
-0.84818
48.8167
-0.80019
-0.77483
-0.77482
-0.76012
-0.75836
-0.79641
-0.78173
-0.78187
-0.76124
-0.78176
-0.87103
-0.85304
-0.77934
-0.75622
0
0
0
0
0
0
0
0
0
0
0
0
0
0
0
0
0
0
0
0
0
0
0
0
0
0
0
-3.264
0
0
0
0
0
0
0
0
0
0
0
0
0
0
0
0
0
0
0
0
0
0
0
0
0
0
0
0
0
0
0
0
0
0
0
0
0
0
0
-6.7026
0
-0.79985
-0.77393
-0.80045
-0.7676
-0.78272
-0.79746
-0.76035
-0.76222
-0.80233
-0.74844
-0.70018
-0.75736
-0.75698
-0.81194
-0.7725
-0.77948
-0.77285
-0.75927
-0.75966
-0.75966
-0.73981
-0.75358
-0.81177
-0.74047
-0.74794
-0.7279
-0.82423
-0.72803
-0.72033
-0.72509
-0.72515
-0.66393
-0.7475
-0.78943
-0.80019
40.5502
-0.72352
-0.72351
-0.70054
-0.70238
-0.74616
-0.72484
-0.72497
-0.70871
-0.72488
-0.81314
-0.79014
0
-0.69917
0
0
0
0
0
0
0
0
0
0
0
0
0
0
0
0
0
0
0
0
0
0
0
0
0
0
0
0
0
0
0
0
0
0
0
0
-5.0976
0
0
0
0
0
0
0
0
0
0
0
0
0
0
0
0
0
0
0
0
0
0
0
0
0
0
0
0
0
0
0
0
-0.77174
-0.743
-0.77022
-0.73543
-0.75669
-0.77114
-0.73525
-0.73658
-0.77388
-0.72264
-0.73243
-0.73141
-0.7321
-0.78396
-0.74751
-0.74331
-0.74736
-0.73418
-0.73406
-0.73406
-0.71541
-0.72863
-0.78085
-0.71663
-0.72362
-0.70828
-0.79556
-0.70189
-0.69887
-0.6984
-0.69846
-0.65517
-0.71402
-0.7646
-0.77483
-0.72352
35.0251
-0.67205
-0.65913
-0.68645
-0.71809
-0.70108
-0.70122
-0.70691
-0.70111
-0.80143
-0.76752
-0.70098
-0.67349
0
0
0
0
0
0
0
0
0
0
0
0
0
0
0
0
0
0
0
0
0
0
0
0
0
0
0
0
0
0
0
0
0
0
0
0
0
0
0
0
0
0
0
0
0
0
0
0
0
0
0
0
0
0
0
0
0
0
0
0
0
0
0
0
0
0
0
0
0
-0.77174
-0.743
-0.77022
-0.73543
-0.75668
-0.77115
-0.73525
-0.73657
-0.77388
-0.72264
-0.73243
-0.73141
-0.7321
-0.78396
-0.7475
-0.74331
-0.74735
-0.73419
-0.73406
-0.73407
-0.7154
-0.72863
-0.78084
-0.71662
-0.72362
-0.70829
-0.79556
-0.70189
-0.69887
-0.6984
-0.69846
-0.65516
-0.71402
-0.7646
-0.77482
-0.72351
-0.67205
35.025
-0.65913
-0.68645
-0.71808
-0.70108
-0.70121
-0.7069
-0.70111
-0.80143
-0.76751
-0.70098
-0.67349
0
0
0
0
0
0
0
0
0
0
0
0
0
0
0
0
0
0
0
0
0
0
0
0
0
0
0
0
0
0
0
0
0
0
0
0
0
0
0
0
0
0
0
0
0
0
0
0
0
0
0
0
0
0
0
0
0
0
0
0
0
0
0
0
0
0
0
0
0
-0.76058
-0.73204
-0.75901
-0.72433
-0.74526
-0.7597
-0.7242
-0.72525
-0.76252
-0.71121
-0.72142
-0.71991
-0.72015
-0.7721
-0.73543
-0.73145
-0.73501
-0.72172
-0.7213
-0.72131
-0.70304
-0.71561
-0.76874
-0.70274
-0.71086
-0.69269
-0.78257
-0.68987
-0.68363
-0.68253
-0.68261
-0.63243
-0.69893
-0.74947
-0.76012
-0.70054
-0.65913
-0.65913
33.0642
-0.65912
-0.69855
-0.71347
-0.71363
-0.63929
-0.71351
-0.77535
-0.77274
0
0
0
0
0
0
0
0
0
0
0
0
0
0
0
0
0
0
0
0
0
0
0
0
0
0
0
0
0
0
0
0
0
0
0
0
0
0
0
0
0
0
0
0
0
0
0
0
0
0
0
0
0
0
0
0
0
0
0
0
0
0
0
0
0
0
0
0
0
0
0
-0.75365
-0.72918
-0.75502
-0.72256
-0.74368
-0.75842
-0.72307
-0.72403
-0.76029
-0.70992
-0.71996
-0.71863
-0.71929
-0.76997
-0.73501
-0.73084
-0.73471
-0.72144
-0.72203
-0.72204
-0.70251
-0.71705
-0.76622
-0.70392
-0.7099
-0.69368
-0.78036
-0.68941
-0.68424
-0.68598
-0.68605
-0.62968
-0.69834
-0.74702
-0.75836
-0.70238
-0.68645
-0.68645
-0.65912
34.861
-0.70704
-0.68111
-0.68123
0
-0.68113
0
0
0
0
0
0
0
0
0
0
0
0
0
0
0
0
0
0
0
0
0
0
0
0
0
0
0
0
0
0
0
0
0
0
0
0
0
0
0
0
0
0
0
0
-4.0497
0
0
0
0
0
0
0
0
0
0
0
0
0
0
0
0
0
0
0
0
0
0
0
0
0
0
0
0
-0.79875
-0.76842
-0.7945
-0.76194
-0.78341
-0.79841
-0.76226
-0.76316
-0.79892
-0.74836
-0.75871
-0.75718
-0.75891
-0.8088
-0.77621
-0.77037
-0.7747
-0.76145
-0.76234
-0.76236
-0.74285
-0.75768
-0.80332
-0.74449
-0.74939
-0.73578
-0.81923
-0.72914
-0.72365
-0.7372
-0.73729
-0.66785
-0.73782
-0.78392
-0.79641
-0.74616
-0.71809
-0.71808
-0.69855
-0.70704
37.6841
-0.72012
-0.72026
0
-0.72016
0
0
0
0
0
0
0
0
0
0
0
0
0
0
0
0
0
0
0
0
0
0
0
0
0
0
0
0
0
0
0
0
0
0
0
0
0
0
0
0
0
0
0
0
0
0
0
0
0
0
0
0
0
0
0
0
0
0
0
0
-5.2005
0
0
0
0
0
0
0
0
0
0
0
0
-0.7803
-0.75126
-0.77859
-0.7435
-0.76479
-0.77932
-0.74352
-0.74453
-0.78214
-0.73045
-0.74037
-0.73928
-0.73969
-0.792
-0.7551
-0.75089
-0.75485
-0.74155
-0.74167
-0.74168
-0.72245
-0.73649
-0.78858
-0.72387
-0.73031
-0.71299
-0.8029
-0.70786
-0.70404
-0.70546
-0.70554
-0.65307
-0.71893
-0.77083
-0.78173
-0.72484
-0.70108
-0.70108
-0.71347
-0.68111
-0.72012
31.7203
-0.70918
0
-0.70886
0
0
0
0
0
0
0
0
0
0
0
0
0
0
0
0
0
0
0
0
0
0
0
0
0
0
0
0
0
0
0
0
0
0
0
0
0
0
0
0
0
0
0
0
0
0
0
0
0
0
0
0
0
0
0
0
0
0
0
0
0
0
0
0
0
0
0
0
0
0
0
0
0
-0.78045
-0.7514
-0.77873
-0.74364
-0.76493
-0.77946
-0.74366
-0.74467
-0.78227
-0.7306
-0.74051
-0.73942
-0.73983
-0.79214
-0.75524
-0.75103
-0.755
-0.74169
-0.74181
-0.74182
-0.72259
-0.73663
-0.78873
-0.72402
-0.73045
-0.71313
-0.80305
-0.708
-0.70417
-0.7056
-0.70567
-0.6532
-0.71906
-0.77097
-0.78187
-0.72497
-0.70122
-0.70121
-0.71363
-0.68123
-0.72026
-0.70918
31.7264
0
-0.70925
0
0
0
0
0
0
0
0
0
0
0
0
0
0
0
0
0
0
0
0
0
0
0
0
0
0
0
0
0
0
0
0
0
0
0
0
0
0
0
0
0
0
0
0
0
0
0
0
0
0
0
0
0
0
0
0
0
0
0
0
0
0
0
0
0
0
0
0
0
0
0
0
0
-0.75882
-0.73434
-0.7622
-0.72767
-0.74868
-0.76311
-0.72062
-0.72917
-0.76513
-0.71679
-0.72459
-0.72716
-0.72489
-0.77565
-0.74273
-0.73835
-0.74112
-0.72273
-0.72984
-0.72984
-0.70821
-0.72505
-0.77555
-0.70827
-0.71776
-0.70205
-0.78916
-0.68096
-0.69193
-0.69606
-0.69615
-0.63305
-0.70572
-0.75425
-0.76124
-0.70871
-0.70691
-0.7069
-0.63929
0
0
0
0
35.7945
0
0
0
0
0
0
0
0
0
0
0
0
0
0
0
0
0
-1.1714
0
0
0
-2.1352
0
0
0
0
0
0
0
0
-2.8318
0
0
0
0
-1.3655
0
0
0
0
0
0
0
0
0
0
0
0
0
0
0
0
0
0
0
0
0
0
0
0
0
0
0
0
0
0
0
0
0
0
0
0
0
0
-0.78034
-0.7513
-0.77862
-0.74354
-0.76482
-0.77936
-0.74355
-0.74456
-0.78217
-0.73049
-0.7404
-0.73931
-0.73973
-0.79203
-0.75514
-0.75092
-0.75489
-0.74158
-0.74171
-0.74171
-0.72249
-0.73652
-0.78862
-0.72391
-0.73035
-0.71301
-0.80294
-0.7079
-0.70407
-0.7055
-0.70557
-0.6531
-0.71896
-0.77086
-0.78176
-0.72488
-0.70111
-0.70111
-0.71351
-0.68113
-0.72016
-0.70886
-0.70925
0
31.7217
0
0
0
0
0
0
0
0
0
0
0
0
0
0
0
0
0
0
0
0
0
0
0
0
0
0
0
0
0
0
0
0
0
0
0
0
0
0
0
0
0
0
0
0
0
0
0
0
0
0
0
0
0
0
0
0
0
0
0
0
0
0
0
0
0
0
0
0
0
0
0
0
0
-0.86798
-0.84408
-0.86924
-0.83677
-0.8582
-0.87307
-0.83517
-0.83727
-0.87413
-0.82242
-0.83305
-0.831
-0.83079
-0.88379
-0.84728
-0.8451
-0.84799
-0.83211
-0.84029
-0.84029
-0.81091
-0.83921
-0.87889
-0.82146
-0.81998
-0.80318
-0.89492
-0.79419
-0.79401
-0.80837
-0.80842
-0.74727
-0.81069
-0.85728
-0.87103
-0.81314
-0.80143
-0.80143
-0.77535
0
0
0
0
0
0
42.8548
0
0
0
0
0
0
0
0
0
0
0
0
0
0
0
0
0
0
0
0
0
0
0
0
0
0
0
0
0
0
0
0
0
0
0
0
0
0
0
0
0
0
0
0
0
0
0
0
0
0
0
0
0
0
0
0
-5.1768
0
0
0
0
0
0
0
0
0
-5.1768
0
0
0
0
0
-0.85265
-0.82235
-0.85079
-0.81435
-0.83675
-0.85194
-0.81446
-0.81564
-0.85473
-0.80081
-0.81151
-0.81025
-0.81087
-0.86479
-0.82687
-0.82255
-0.82678
-0.8128
-0.8133
-0.8133
-0.7929
-0.80808
-0.86149
-0.79438
-0.80106
-0.78376
-0.87678
-0.77811
-0.7734
-0.77662
-0.77669
-0.71801
-0.78842
-0.84149
-0.85304
-0.79014
-0.76752
-0.76751
-0.77274
0
0
0
0
0
0
0
31.6496
0
0
0
0
0
0
0
0
0
0
0
0
0
0
0
0
0
0
0
0
0
0
0
0
0
0
0
0
0
0
0
0
0
0
0
0
0
0
0
0
0
0
0
0
0
0
0
0
0
0
0
0
0
0
0
0
0
0
0
0
0
0
0
0
0
0
0
0
0
0
0
-0.78254
-0.75332
-0.78034
-0.74639
-0.76795
-0.78225
-0.74614
-0.74771
-0.78468
-0.73297
-0.74566
-0.74151
-0.74313
-0.79447
-0.75982
-0.75468
-0.75876
-0.74528
-0.74603
-0.74604
-0.72579
-0.74095
-0.78961
-0.72735
-0.73306
-0.71766
-0.80539
-0.71289
-0.69993
-0.71131
-0.71139
-0.65432
-0.72239
-0.7688
-0.77934
0
-0.70098
-0.70098
0
0
0
0
0
0
0
0
0
29.861
0
0
0
0
0
0
0
0
0
0
0
0
0
0
0
0
0
0
0
0
0
0
0
0
0
0
0
0
0
0
-2.2992
0
0
0
0
0
0
0
0
0
0
0
0
0
0
0
0
0
0
0
0
0
0
0
0
0
0
0
0
0
0
0
0
0
0
0
0
0
0
0
-0.75564
-0.72694
-0.754
-0.71917
-0.74013
-0.7545
-0.71913
-0.72015
-0.75739
-0.70623
-0.71611
-0.71491
-0.71524
-0.76702
-0.73035
-0.72629
-0.73011
-0.71693
-0.71704
-0.71704
-0.69816
-0.71186
-0.76359
-0.69905
-0.7057
-0.68852
-0.77755
-0.68388
-0.67937
-0.68135
-0.68142
-0.62888
-0.69418
-0.74543
-0.75622
-0.69917
-0.67349
-0.67349
0
0
0
0
0
0
0
0
0
0
27.2456
0
0
0
0
0
0
0
0
0
0
0
0
0
0
0
0
0
0
0
0
0
0
0
0
0
0
0
0
0
0
0
0
0
0
0
0
0
0
0
0
0
0
0
0
0
0
0
0
0
0
0
0
0
0
0
0
0
0
0
0
0
0
0
0
0
0
0
0
0
-0.75236
-0.72883
-0.75416
-0.72227
-0.74304
-0.75889
-0.71212
-0.72388
-0.75686
-0.71003
-0.72218
-0.71842
-0.7194
-0.76716
-0.73619
-0.73125
-0.73569
-0.7223
-0.72355
-0.72355
-0.7023
-0.71864
-0.76606
-0.69456
-0.71152
-0.69728
-0.78162
-0.69133
-0.68726
-0.69126
-0.69133
-0.63612
-0.70164
0
0
0
0
0
0
0
0
0
0
0
0
0
0
0
0
30.2282
0
0
0
0
0
0
0
0
0
0
0
0
0
0
0
0
0
-2.2994
0
0
0
0
0
0
0
0
0
0
0
0
0
0
0
0
0
0
0
0
0
0
0
0
0
0
0
0
0
0
0
0
0
0
0
0
0
0
0
-4.0958
0
0
0
0
0
0
0
0
0
0
-0.8036
-0.7735
-0.80131
-0.76548
-0.78737
-0.80224
-0.76613
-0.76705
-0.80493
-0.75282
-0.76489
-0.76185
-0.76218
-0.81488
-0.7776
-0.77284
-0.77789
-0.76443
-0.76414
-0.76415
-0.74492
-0.75887
-0.81133
-0.74601
-0.75284
-0.73549
-0.8259
-0.73059
-0.72628
-0.72817
-0.72824
-0.67426
-0.74019
-0.79287
0
0
0
0
0
0
0
0
0
0
0
0
0
0
0
0
26.0453
0
0
0
0
0
0
0
0
0
0
0
0
0
0
0
0
0
0
0
0
0
0
0
0
0
0
0
0
0
0
0
0
0
0
0
0
0
0
0
0
0
0
0
0
0
0
0
0
0
0
0
0
0
0
0
0
0
0
0
0
0
0
0
0
0
0
0
-0.73432
-0.69109
-0.71194
-0.68076
-0.70299
-0.73003
-0.69369
-0.69605
-0.73066
-0.68407
-0.6945
-0.69447
-0.69551
-0.74133
-0.70529
-0.70556
-0.71181
-0.70011
-0.69585
-0.69585
-0.66186
-0.69096
-0.73795
-0.67824
-0.68596
-0.67026
-0.75283
-0.66883
-0.66081
-0.66367
-0.66374
0
0
0
0
0
0
0
0
0
0
0
0
0
0
0
0
0
0
0
0
28.2544
0
0
0
0
0
0
0
0
0
0
0
0
0
0
-2.1762
0
0
0
0
0
0
0
0
0
0
0
0
0
0
0
0
0
0
0
0
0
0
0
-4.4472
0
0
0
0
0
0
0
0
0
0
0
0
0
0
0
0
0
0
0
0
0
0
0
0
0
0
0
-0.84255
-0.81143
-0.84002
-0.80332
-0.82603
-0.8412
-0.80457
-0.80538
-0.84372
-0.79079
-0.80284
-0.80026
-0.80068
-0.85386
-0.8163
-0.81337
-0.81664
-0.80282
-0.80271
-0.80272
-0.78302
-0.7973
-0.85014
-0.7841
-0.79075
-0.77339
-0.86508
-0.76827
-0.76403
-0.76507
-0.76515
0
0
0
0
0
0
0
0
0
0
0
0
0
0
0
0
0
0
0
0
0
25.0275
0
0
0
0
0
0
0
0
0
0
0
0
0
0
0
0
0
0
0
0
0
0
0
0
0
0
0
0
0
0
0
0
0
0
0
0
0
0
0
0
0
0
0
0
0
0
0
0
0
0
0
0
0
0
0
0
0
0
0
0
0
0
0
0
0
-0.98743
-0.95368
-0.98456
-0.94545
-0.97031
-0.98723
-0.94771
-0.94823
-0.98849
-0.93233
-0.94552
-0.94264
-0.94344
-0.99897
-0.96021
-0.95685
-0.96061
-0.94619
-0.94532
-0.94533
-0.92462
-0.9394
-0.99572
-0.92551
0
-0.91471
0
0
0
0
0
0
0
0
0
0
0
0
0
0
0
0
0
0
0
0
0
0
0
0
0
0
0
23.8905
0
0
0
0
0
0
0
0
0
0
0
0
0
0
0
0
0
0
0
0
0
0
0
0
0
0
0
0
0
0
0
0
0
0
0
0
0
0
0
0
0
0
0
0
0
0
0
0
0
0
0
0
0
0
0
0
0
0
0
0
0
0
0
0
-1.0153
-0.98049
-1.0123
-0.97227
-0.99825
-1.0155
-0.97592
-0.97558
-1.0162
-0.95966
-0.97337
-0.97014
-0.97121
-1.0272
-0.98807
-0.98451
-0.98837
-0.97399
-0.97296
-0.97296
-0.9525
-0.96692
0
0
0
0
0
0
0
0
0
0
0
0
0
0
0
0
0
0
0
0
0
0
0
0
0
0
0
0
0
0
0
0
21.6636
0
0
0
0
0
0
0
0
0
0
0
0
0
0
0
0
0
0
0
0
0
0
0
0
0
0
0
0
0
0
0
0
0
0
0
0
0
0
0
0
0
0
0
0
0
0
0
0
0
0
0
0
0
0
0
0
0
0
0
0
0
0
0
-1.0603
-1.025
-1.0572
-1.0167
-1.0432
-1.0607
-1.0204
-1.0201
-1.0613
-1.0037
-1.0177
-1.0145
-1.0154
-1.0721
-1.0325
-1.0288
-1.0329
-1.0182
-1.0171
-1.0171
-0.99618
-1.0109
0
0
0
0
0
0
0
0
0
0
0
0
0
0
0
0
0
0
0
0
0
0
0
0
0
0
0
0
0
0
0
0
0
22.6421
0
0
0
0
0
0
0
0
0
0
0
0
0
0
0
0
0
0
0
0
0
0
0
0
0
0
0
0
0
0
0
0
0
0
0
0
0
0
0
0
0
0
0
0
0
0
0
0
0
0
0
0
0
0
0
0
0
0
0
0
0
0
-0.98418
-0.94983
-0.98125
-0.94156
-0.96716
-0.98415
-0.94503
-0.94486
-0.98494
-0.92902
-0.94248
-0.9393
-0.94032
-0.9959
-0.95693
-0.95347
-0.95709
-0.94304
-0.94197
-0.94198
-0.92181
-0.93599
0
0
0
0
0
0
0
0
0
0
0
0
0
0
0
0
0
0
0
0
0
0
0
0
0
0
0
0
0
0
0
0
0
0
20.9823
0
0
0
0
0
0
0
0
0
0
0
0
0
0
0
0
0
0
0
0
0
0
0
0
0
0
0
0
0
0
0
0
0
0
0
0
0
0
0
0
0
0
0
0
0
0
0
0
0
0
0
0
0
0
0
0
0
0
0
0
0
-1.0645
-1.0283
-1.0612
-1.0201
-1.0474
-1.0648
-1.0252
-1.024
-1.0652
-1.0074
-1.0225
-1.0191
-1.0198
-1.0764
0
-1.0342
0
-1.0257
-1.0216
-1.0216
0
0
0
0
0
0
0
0
0
0
0
0
0
0
0
0
0
0
0
0
0
0
0
0
0
0
0
0
0
0
0
0
0
0
0
0
0
18.6489
0
0
0
0
0
0
0
0
0
0
0
0
0
0
0
0
0
0
0
0
0
0
0
0
0
0
0
0
0
0
0
0
0
0
0
0
0
0
0
0
0
0
0
0
0
0
0
0
0
0
0
0
0
0
0
0
0
0
0
0
-1.2282
-1.1968
-1.2292
-1.1968
-1.2182
-1.2344
-1.1997
-1.193
-1.2397
-1.175
-1.2019
-1.187
0
0
0
0
0
0
0
0
0
0
0
0
0
0
0
0
0
0
0
0
0
0
0
0
0
0
0
0
0
0
0
0
0
0
0
0
0
0
0
0
0
0
0
0
0
0
22.2421
0
0
0
0
0
0
0
0
0
0
0
0
0
0
0
0
0
0
0
0
0
0
0
0
0
0
0
0
0
0
0
0
0
0
0
0
-4.4558
-3.2864
0
0
0
0
0
0
0
0
0
0
0
0
0
0
0
0
0
0
0
0
0
-1.4671
-1.425
-1.4613
-1.4167
-1.4492
-1.4695
-1.4246
-1.4235
-1.4663
-1.4029
-1.42
-1.4161
0
0
0
0
0
0
0
0
0
0
0
0
0
0
0
0
0
0
0
0
0
0
0
0
0
0
0
0
0
0
0
0
0
0
0
0
0
0
0
0
0
0
0
0
0
0
0
17.2423
0
0
0
0
0
0
0
0
0
0
0
0
0
0
0
0
0
0
0
0
0
0
0
0
0
0
0
0
0
0
0
0
0
0
0
0
0
0
0
0
0
0
0
0
0
0
0
0
0
0
0
0
0
0
0
0
0
0
-1.4519
-1.1969
-1.4568
-1.37
-1.398
-1.4176
-1.3753
-1.3729
-1.4328
-1.3543
-1.3666
0
0
0
0
0
0
0
0
0
0
0
0
0
0
0
0
0
0
0
0
0
0
0
0
0
0
0
0
0
0
0
0
0
0
0
0
0
0
0
0
0
0
0
0
0
0
0
0
0
19.3448
0
0
0
0
0
0
0
0
0
0
0
0
0
0
0
0
0
0
0
0
0
0
0
0
0
0
0
0
0
0
0
0
0
0
0
0
0
-4.1519
0
0
0
0
0
0
0
0
0
0
0
0
0
0
0
0
0
0
0
-1.2924
-1.2638
-1.2859
-1.2566
-1.2818
-1.3017
0
-1.2564
-1.2841
0
0
0
0
0
0
0
0
0
0
0
0
0
0
0
0
0
0
0
0
0
0
0
0
0
0
0
0
0
0
0
0
0
0
-1.1714
0
0
0
0
0
0
0
0
0
0
0
0
0
0
0
0
0
19.7752
0
0
0
0
0
0
0
0
0
0
0
0
0
0
0
0
0
0
0
-3.7452
0
0
0
0
0
0
0
0
0
0
0
0
0
0
0
0
0
0
0
0
0
0
0
0
0
0
0
0
0
0
0
0
0
0
0
-4.636
-1.4479
-1.4018
-1.4416
-1.3957
-1.4323
-1.4534
-1.4101
-1.4066
-1.4481
-1.3844
0
0
0
0
0
0
0
0
0
0
0
0
0
0
0
0
0
0
0
0
0
0
0
0
0
0
0
0
0
0
0
0
0
0
0
0
0
0
0
0
0
0
0
0
0
0
0
0
0
0
0
0
14.2218
0
0
0
0
0
0
0
0
0
0
0
0
0
0
0
0
0
0
0
0
0
0
0
0
0
0
0
0
0
0
0
0
0
0
0
0
0
0
0
0
0
0
0
0
0
0
0
0
0
0
0
0
0
0
0
-1.6929
-1.6473
-1.6851
-1.6392
-1.6748
-1.6967
-1.6492
-1.6483
-1.6911
-1.6259
0
0
0
0
0
0
0
0
0
0
0
0
0
0
0
0
0
0
0
0
0
0
0
0
0
0
0
0
0
0
0
0
0
0
0
0
0
0
0
0
0
0
0
0
0
0
0
0
0
0
0
0
0
16.6504
0
0
0
0
0
0
0
0
0
0
0
0
0
0
0
0
0
0
0
0
0
0
0
0
0
0
0
0
0
0
0
0
0
0
0
0
0
0
0
0
0
0
0
0
0
0
0
0
0
0
0
0
0
0
-1.3936
-1.3558
-1.3894
-1.3494
-1.3832
-1.4032
0
-1.3584
0
0
0
0
0
0
0
0
-1.3773
0
0
0
0
0
0
0
0
0
0
0
0
0
0
0
0
0
0
0
0
0
0
0
0
0
0
0
0
0
0
0
0
0
0
0
0
0
0
0
0
0
0
0
0
0
0
0
13.9945
0
0
0
0
0
0
0
0
0
0
0
0
0
0
0
0
0
0
0
0
0
0
-2.9841
0
0
0
0
0
0
0
0
0
0
0
0
0
0
0
0
0
0
0
0
0
0
0
0
0
0
0
0
0
0
0
0
0
0
0
0
-2.2378
0
0
0
0
0
0
0
0
0
0
0
0
0
0
0
0
0
0
0
0
0
0
0
0
0
0
0
0
0
0
0
0
0
0
0
0
-2.1352
0
0
0
0
0
0
0
0
0
0
0
0
0
0
0
0
0
0
0
0
0
14.2431
0
-2.8206
0
0
0
0
0
0
0
0
-3.1766
0
0
0
0
0
0
0
0
0
0
0
0
0
0
0
0
0
0
0
-3.8729
0
0
0
0
0
0
0
0
0
0
0
0
0
0
0
0
0
0
0
0
0
0
-2.4904
-2.5291
-2.4773
-2.538
0
0
0
0
0
0
0
0
0
0
0
0
0
0
0
0
0
0
0
0
0
0
0
0
0
0
0
0
0
0
0
0
0
0
0
0
0
0
0
0
0
0
0
0
0
0
-2.1762
0
0
0
0
0
0
0
0
0
0
0
0
0
0
12.211
0
0
0
0
0
0
0
0
0
0
0
0
0
0
0
0
0
0
0
0
0
0
0
0
0
0
0
0
0
0
0
0
0
0
0
0
0
0
0
0
0
0
0
0
0
0
0
0
0
0
0
0
0
0
0
0
0
-2.4693
0
0
0
0
0
0
0
0
0
0
0
0
0
0
0
0
-2.4537
0
0
0
0
0
0
0
0
0
0
0
0
0
0
0
0
0
0
0
0
0
0
0
0
0
-2.2994
0
0
0
0
0
0
0
0
0
0
0
0
0
0
0
-2.8206
0
13.4309
0
0
0
0
0
0
0
0
0
0
0
0
0
-3.3879
0
0
0
0
0
0
0
0
0
0
0
0
0
0
0
0
0
0
0
0
0
0
0
0
0
0
0
0
0
0
0
0
0
0
0
0
0
0
0
0
0
0
0
0
0
0
0
0
0
-2.8075
0
0
0
0
0
0
0
0
0
0
-2.7199
0
0
0
0
0
0
0
0
0
0
0
0
0
0
0
0
0
0
0
0
0
0
0
0
0
0
0
0
0
0
0
0
0
0
0
0
0
0
0
0
0
0
0
14.7871
0
0
0
0
0
0
0
0
0
0
0
0
-4.0881
0
0
0
0
0
0
0
0
0
0
0
0
0
0
0
0
0
0
0
0
0
0
-5.1716
0
0
0
0
0
0
0
0
0
0
0
0
0
0
0
0
0
0
0
0
0
0
0
0
0
-2.5106
0
-2.5324
0
0
0
0
0
0
0
0
0
0
0
0
0
0
0
0
0
0
0
0
0
0
0
0
0
0
0
0
0
0
0
0
0
0
0
0
0
0
0
0
0
0
0
0
0
0
0
0
0
0
0
0
0
0
12.3421
0
0
0
0
0
0
0
0
0
0
0
0
0
0
0
0
0
-3.3445
0
0
0
0
0
0
0
0
0
0
0
0
0
0
0
0
0
0
-3.9546
0
0
0
0
0
0
0
0
0
0
0
0
0
0
0
0
-3.2641
0
0
0
0
0
0
0
0
0
0
0
0
0
0
0
0
0
0
0
0
0
0
0
0
0
0
0
0
0
0
0
0
0
0
0
0
0
0
0
0
0
0
0
0
0
0
0
0
0
0
0
0
0
0
0
0
0
0
0
0
0
0
0
0
15.1993
0
0
0
0
0
0
0
0
0
-3.8494
0
-4.1169
0
0
0
0
0
0
0
0
0
0
0
0
0
0
-3.969
0
0
0
0
0
0
0
0
0
0
0
0
0
0
0
0
0
0
0
0
0
-2.9061
0
0
0
0
0
0
0
-2.8506
0
-2.8741
0
0
0
0
0
0
0
0
0
0
0
0
0
0
0
0
0
0
0
0
0
0
0
0
0
0
0
0
0
0
0
0
0
0
0
0
0
0
0
0
0
0
0
0
0
0
0
0
0
0
0
0
0
0
0
0
0
0
0
12.0053
0
0
0
0
0
0
0
0
-3.3745
0
0
0
0
0
0
0
0
0
0
0
0
0
0
0
0
0
0
0
0
0
0
0
0
0
0
0
0
0
0
0
0
0
0
0
0
0
0
0
0
0
0
0
0
0
0
0
0
0
0
0
0
0
0
-2.9831
0
0
0
0
0
0
0
0
0
0
0
0
0
0
0
0
0
0
0
0
0
0
0
0
0
0
0
0
0
0
0
0
0
0
0
0
0
0
0
0
0
0
0
0
0
0
0
0
0
0
0
0
0
0
13.1193
-3.2243
-3.3179
0
0
-3.5941
0
0
0
0
0
0
0
0
0
0
0
0
0
0
0
0
0
0
0
0
0
0
0
0
0
0
0
0
0
0
0
0
0
0
0
0
0
0
0
0
0
0
0
0
0
0
0
0
0
0
0
0
-2.7056
0
0
0
-2.732
0
0
0
0
0
0
0
0
0
0
0
0
0
0
0
0
0
0
0
0
0
0
0
0
0
0
0
0
0
0
0
0
0
0
0
0
0
0
0
0
0
0
0
0
0
0
0
0
0
0
0
0
0
0
0
-3.2243
12.2054
0
0
0
0
0
0
0
0
0
0
0
0
0
0
0
0
0
0
0
0
0
0
0
0
0
-3.5436
0
0
0
0
0
0
0
0
0
0
0
0
0
0
0
0
0
0
0
0
0
0
0
0
0
0
0
0
0
0
0
0
0
0
0
0
0
0
0
0
0
0
0
0
0
-2.9355
0
0
0
0
0
0
0
0
0
0
0
0
0
0
0
-2.8318
0
0
0
0
0
0
0
0
0
0
0
0
0
0
0
0
0
0
0
0
0
0
0
0
0
0
0
0
-3.3179
0
12.7881
0
0
0
0
0
0
0
0
-3.7029
0
0
0
0
0
0
0
0
0
0
0
0
0
0
0
0
0
0
0
0
0
0
0
0
0
0
0
0
0
0
0
0
0
0
0
0
0
0
0
0
0
0
0
0
0
-2.7651
0
0
0
0
0
0
0
0
0
0
0
0
0
0
0
0
0
0
0
-2.579
0
0
0
0
0
0
0
0
0
0
0
0
0
0
0
0
0
0
0
0
0
0
0
0
0
0
0
0
0
0
0
0
0
0
0
0
0
0
0
0
0
0
0
13.1807
0
0
0
0
-3.779
0
0
0
0
0
0
0
0
0
0
0
0
-4.0576
0
0
0
0
0
0
0
0
0
0
0
0
0
0
0
0
0
0
0
0
0
0
0
0
-3.3391
0
0
0
0
0
0
0
0
0
0
0
0
0
0
0
0
0
0
0
0
0
0
0
0
0
0
0
0
0
0
0
0
0
-3.264
0
0
0
0
0
0
0
0
0
0
0
0
0
0
0
0
0
0
0
0
0
0
0
0
0
0
0
0
0
0
-3.1766
0
0
0
0
0
0
0
0
0
0
14.9891
0
0
0
0
0
0
0
0
0
0
0
0
0
0
0
0
0
0
0
0
0
0
0
0
0
0
0
0
0
0
0
-5.2092
0
0
0
0
0
0
0
0
0
0
0
0
0
0
0
0
0
0
0
0
0
0
0
0
0
0
0
0
0
-3.2697
0
0
0
0
0
0
0
0
0
0
0
0
0
0
0
0
0
0
0
0
0
0
0
0
0
0
0
0
0
0
0
0
0
0
0
0
0
0
0
0
0
0
0
0
0
0
0
0
0
0
0
-3.5941
0
0
0
0
11.1682
0
0
0
0
0
0
0
0
0
0
0
0
-4.3045
0
0
0
0
0
0
0
0
0
0
0
0
0
0
0
0
0
0
0
0
0
0
0
0
0
0
0
0
0
0
0
0
0
0
0
0
0
0
0
0
0
0
0
0
0
0
0
0
0
0
0
0
0
0
0
-2.3508
0
0
0
0
0
0
0
0
0
0
0
0
0
0
0
0
0
0
-2.2992
0
0
0
0
0
0
0
0
0
0
0
0
0
0
0
0
0
0
0
0
0
0
0
0
0
0
0
0
0
0
5.5139
0
0
0
0
0
0
0
0
0
0
0
0
0
0
0
0
0
0
0
0
0
0
0
0
0
0
0
0
0
0
0
0
0
0
0
0
-0.86385
0
0
0
0
0
0
0
0
0
0
0
0
-1.4252
0
0
0
0
0
0
0
0
0
0
0
0
0
0
0
0
0
0
0
0
0
0
0
0
0
0
0
0
0
0
0
0
-1.3655
0
0
0
0
0
0
0
0
0
0
0
0
0
0
0
0
0
0
0
0
0
0
0
0
0
0
0
0
0
0
0
0
0
0
0
7.0303
0
0
0
0
0
0
0
0
0
0
0
0
0
0
0
0
0
0
0
0
0
-4.2397
0
0
0
0
0
0
0
0
0
0
0
0
0
0
0
0
0
0
0
0
0
0
0
0
0
0
0
0
0
0
0
0
0
0
0
0
0
0
0
0
0
0
0
0
0
0
0
0
0
0
0
0
0
0
0
0
0
0
0
0
0
0
0
0
0
0
0
0
0
0
0
0
0
0
0
0
0
0
0
0
0
0
0
0
0
0
-3.8494
-3.3745
0
0
0
-3.779
0
0
0
0
11.0029
0
0
0
0
0
0
0
0
0
0
0
0
0
0
0
0
0
0
0
0
0
0
0
0
0
0
0
0
0
0
0
0
0
0
0
0
0
0
0
0
0
0
0
0
0
0
0
0
0
0
0
0
0
0
0
0
0
0
0
0
0
0
0
0
0
0
0
0
0
0
0
0
0
0
0
0
0
0
0
0
0
0
0
0
0
0
0
0
0
0
0
0
0
0
0
0
0
0
-3.7452
0
0
0
0
0
-3.3879
-4.0881
0
0
0
0
0
0
0
0
0
0
0
0
11.2212
0
0
0
0
0
0
0
0
0
0
0
0
0
0
0
0
0
0
0
0
0
0
0
0
0
0
0
0
0
0
0
0
0
0
0
0
0
0
0
0
0
0
0
0
0
0
0
0
0
0
0
0
0
0
0
0
0
0
0
0
0
0
0
0
0
0
0
0
0
0
0
0
0
0
0
0
0
0
0
0
0
0
0
0
0
0
0
0
0
0
0
0
0
0
0
0
0
0
0
0
0
0
0
0
0
0
-4.1169
0
0
0
0
0
0
0
0
0
0
0
8.1681
0
0
0
0
0
-4.0512
0
0
0
0
0
0
0
0
0
0
0
0
0
0
0
0
0
0
0
0
0
0
0
0
0
0
0
0
0
0
0
0
0
0
0
0
0
0
0
0
0
0
0
0
0
0
0
0
0
0
0
0
0
0
0
0
0
0
0
0
0
0
0
0
0
0
0
0
0
0
0
0
0
0
0
0
0
0
0
0
0
0
0
0
0
0
0
0
0
0
0
0
0
0
0
0
0
0
0
0
0
0
0
-3.7029
0
0
0
0
0
0
0
0
8.7947
0
0
0
0
0
0
0
0
0
-5.0917
0
0
0
0
0
0
0
0
0
0
0
0
0
0
0
0
0
0
0
0
0
0
0
0
-2.7191
0
0
0
0
0
0
0
0
0
0
0
0
0
0
0
0
0
0
0
0
0
0
0
0
0
0
0
0
0
0
0
0
0
0
0
0
0
0
0
0
0
0
0
0
0
0
0
0
0
0
0
0
0
0
0
0
0
0
0
0
0
0
0
0
0
0
0
0
0
0
0
0
0
0
0
0
0
0
0
0
0
0
0
7.5277
0
0
0
0
0
0
0
-4.8087
0
0
0
0
0
0
0
0
0
0
0
0
0
0
0
0
0
0
0
0
0
0
0
0
0
0
0
0
0
0
0
0
0
0
0
-5.3726
0
0
0
0
0
0
0
0
0
0
0
0
0
0
0
0
0
0
0
0
0
0
0
0
-5.0976
0
0
0
0
0
0
0
0
0
0
0
0
0
0
0
0
0
0
0
0
0
0
0
0
0
0
0
0
0
0
0
0
0
0
0
0
0
0
0
0
0
0
0
0
0
0
0
0
0
10.4703
0
0
0
0
0
0
0
0
0
0
0
0
0
0
0
0
0
0
0
0
0
0
0
0
0
0
0
0
0
0
0
0
0
0
0
0
0
0
0
0
0
0
0
0
0
0
0
-5.3159
0
0
0
0
0
0
0
0
0
0
0
0
0
0
0
0
-5.1307
0
0
0
0
0
0
0
0
0
0
0
0
0
0
0
0
0
0
0
0
0
0
0
0
0
0
0
0
0
0
0
0
0
0
0
0
0
0
0
0
0
0
0
0
0
0
0
0
0
0
0
0
0
10.4466
0
0
0
0
0
0
0
0
0
0
0
0
0
0
0
0
0
0
0
0
0
0
0
0
0
0
0
0
0
0
0
0
0
0
0
0
0
0
0
0
0
0
0
0
0
0
0
0
0
0
0
0
0
0
0
0
0
0
0
0
0
0
0
0
0
0
0
0
0
0
0
0
0
0
0
0
0
0
0
0
0
0
0
0
0
0
0
0
0
0
0
0
0
0
0
-2.9841
0
0
0
0
-3.3445
0
0
0
0
0
0
0
0
0
0
0
0
0
0
0
0
0
6.3286
0
0
0
0
0
0
0
0
0
0
0
0
0
0
0
0
0
0
0
0
0
0
0
0
0
0
0
0
0
0
0
0
0
0
0
0
0
0
0
0
0
0
0
0
-4.9836
0
0
0
0
0
0
0
0
0
0
0
0
0
0
0
0
0
0
0
0
0
0
0
0
0
0
0
0
0
0
0
0
0
0
0
0
0
0
0
0
0
0
0
0
0
0
0
0
0
0
0
0
0
0
0
0
0
0
0
0
0
0
0
0
0
0
0
-4.0512
0
0
0
0
0
9.0348
0
0
0
0
0
0
0
0
0
0
0
0
0
0
0
0
0
0
0
0
0
0
0
0
0
0
0
0
0
0
0
0
0
0
0
0
0
0
0
0
0
0
0
0
0
0
0
0
0
0
0
0
0
0
0
0
0
0
0
0
0
0
0
0
0
0
0
0
-4.0497
0
0
0
0
0
0
0
0
0
0
0
0
0
0
0
0
0
0
0
0
0
0
0
0
0
0
0
0
0
0
0
0
0
0
0
0
0
0
0
0
0
0
0
0
0
0
0
0
0
7.7436
0
-3.6939
0
0
0
0
0
0
0
0
0
0
0
0
0
0
0
0
0
0
0
0
0
0
0
0
0
0
0
0
0
0
0
0
0
0
0
0
0
0
0
0
0
0
0
0
0
0
0
0
0
0
0
0
0
0
0
0
0
0
0
0
0
0
0
0
0
0
0
0
0
0
0
0
0
0
0
0
0
-4.4472
0
0
0
0
0
0
0
0
0
0
0
0
0
0
0
0
0
0
0
0
0
0
0
0
0
-4.3045
0
0
0
0
0
0
0
0
0
0
0
0
8.7517
0
0
0
0
0
0
0
0
0
0
0
0
0
0
0
0
0
0
0
0
0
0
0
0
0
0
0
-4.2498
0
0
0
0
0
0
0
0
0
0
0
0
0
0
0
0
0
0
0
0
0
0
0
0
0
0
0
0
0
0
0
0
0
0
0
0
0
0
0
0
0
0
0
0
0
0
0
0
0
0
0
0
0
0
0
0
0
0
0
0
0
0
0
0
0
0
0
0
0
0
0
0
0
0
0
0
0
0
0
0
0
0
0
0
0
0
0
0
-3.6939
0
7.9437
0
0
0
0
0
0
0
0
0
0
0
0
0
0
0
0
0
0
0
0
0
0
0
0
0
0
0
0
0
0
0
0
0
0
0
0
0
0
0
0
0
0
0
0
0
0
0
0
0
0
0
0
0
0
0
0
0
0
0
0
0
0
0
0
0
0
0
0
0
0
0
0
0
0
0
0
0
0
0
0
0
0
0
0
0
0
0
0
0
0
0
0
0
0
0
0
0
0
0
0
0
0
0
0
0
0
0
0
0
0
-4.8087
0
0
0
0
0
0
0
9.5361
0
0
0
0
0
0
-4.7274
0
0
0
0
0
0
0
0
0
0
0
0
0
0
0
0
0
0
0
0
0
0
0
0
0
0
0
0
0
0
0
0
0
0
0
0
0
0
0
0
0
0
0
0
0
0
0
0
0
0
0
0
0
0
0
0
0
0
0
0
0
0
0
0
0
0
0
0
0
0
0
0
0
0
0
0
0
0
0
0
0
0
0
0
0
0
0
0
0
0
0
0
0
-4.0576
0
0
0
0
0
0
0
-5.0917
0
0
0
0
0
0
0
0
0
9.1493
0
0
0
0
0
0
0
0
0
0
0
0
0
0
0
0
0
0
0
0
0
0
0
0
0
-5.2007
0
-5.1407
0
0
0
0
0
0
0
0
0
0
0
0
0
0
0
0
0
0
0
0
0
0
0
0
0
0
0
0
0
0
0
0
0
0
0
0
0
0
0
0
0
0
0
0
0
0
0
0
0
0
0
0
0
0
0
0
0
0
0
0
0
0
0
0
0
0
0
0
0
0
0
0
0
0
0
0
0
0
0
0
0
0
0
0
0
0
0
0
0
0
10.3414
0
0
0
0
0
0
0
0
0
0
0
0
0
0
0
0
0
0
0
0
0
0
0
0
0
0
0
0
0
0
0
0
0
0
0
0
0
0
0
0
0
0
0
0
0
-5.9582
0
0
0
0
0
0
0
0
0
0
0
0
0
0
0
0
0
0
0
0
0
0
0
0
0
0
0
0
0
0
0
0
0
0
0
-4.4558
0
0
0
0
0
0
0
0
0
0
0
0
0
0
0
0
0
0
0
0
0
0
0
0
0
0
0
0
0
0
0
0
0
0
0
0
10.414
0
0
0
0
0
0
0
0
0
0
0
0
0
0
0
0
0
0
0
0
0
0
0
0
0
0
0
0
0
0
0
0
0
0
0
0
0
0
0
0
0
0
0
0
0
0
0
0
0
0
0
0
0
0
0
0
0
0
0
0
0
0
0
0
0
0
0
0
0
0
0
0
0
0
0
0
0
0
0
0
-3.2864
0
0
0
0
0
0
-3.8729
0
0
0
0
0
0
0
0
0
0
0
0
0
0
0
0
0
0
0
0
0
0
0
0
0
0
0
0
0
0
7.1593
0
0
0
0
0
0
0
0
0
0
0
0
0
0
0
0
0
0
0
0
0
0
0
0
0
0
0
0
0
0
0
0
0
0
0
0
0
0
0
0
0
0
0
0
0
-5.0022
0
0
0
0
0
0
0
0
0
0
0
0
0
0
0
0
0
0
0
0
0
0
0
0
0
0
0
0
0
0
0
0
0
0
0
0
0
0
0
0
0
0
0
0
0
-3.969
0
0
0
0
0
0
0
0
0
0
0
0
0
0
0
0
0
0
0
0
0
0
0
0
0
0
8.9712
0
0
0
0
0
0
0
0
0
0
0
0
0
0
0
0
0
0
0
0
0
-6.0793
0
0
0
0
0
0
0
0
0
0
0
0
0
0
0
0
0
0
0
0
0
0
0
0
0
0
0
0
0
0
0
0
0
0
0
0
0
0
0
0
0
0
0
0
0
0
0
0
0
0
0
0
0
0
0
0
0
0
-4.1519
0
0
0
0
0
0
0
0
0
0
0
0
0
0
0
0
0
0
0
0
0
0
0
0
0
0
0
0
0
0
0
0
0
0
0
0
0
10.2311
0
0
0
0
0
0
0
0
0
0
0
0
0
0
0
0
0
0
0
0
0
0
0
0
0
0
0
0
0
0
0
0
0
0
0
0
0
0
0
0
0
0
0
0
0
0
0
0
0
0
0
0
0
0
0
0
0
0
0
0
0
0
0
0
0
0
0
0
0
0
0
0
0
0
0
0
0
0
0
0
0
0
0
0
0
0
0
0
0
0
0
0
-3.5436
0
0
0
0
0
0
0
0
0
0
0
0
0
0
0
0
0
0
-4.7274
0
0
0
0
0
0
8.271
0
0
0
0
0
0
0
0
0
0
0
0
0
0
0
0
0
0
0
0
0
0
0
0
0
0
0
0
0
0
0
0
0
0
0
0
0
0
0
0
0
0
0
0
-7.8305
0
0
0
0
0
0
0
0
0
0
0
0
0
0
0
0
0
0
0
0
0
0
0
0
0
0
0
0
0
0
0
0
0
0
0
0
0
0
0
0
0
0
0
0
0
0
0
0
0
0
0
0
0
0
0
0
0
0
0
0
0
0
0
0
0
0
0
0
0
0
0
0
0
7.8305
0
0
0
0
0
0
0
0
0
0
0
0
0
0
0
0
0
0
0
0
0
0
0
0
0
0
0
0
0
0
0
0
0
0
0
0
0
0
0
0
0
0
0
0
0
0
0
0
0
0
0
0
0
0
0
0
0
0
0
0
0
0
0
0
0
0
0
0
0
0
0
0
0
0
0
0
0
0
0
0
0
0
0
0
0
0
0
0
0
0
0
0
0
0
0
0
-4.2397
0
0
0
0
0
0
0
0
0
0
0
0
0
0
0
0
0
0
0
0
0
4.2397
0
0
0
0
0
0
0
0
0
0
0
0
0
0
0
0
0
0
0
0
0
0
0
0
0
0
0
0
0
0
0
0
0
0
0
0
0
0
0
0
0
0
0
0
0
0
0
0
0
0
0
0
0
0
0
0
0
0
0
0
0
-5.1768
0
0
0
0
0
0
0
0
0
0
0
0
0
0
0
0
0
0
0
0
0
0
0
0
0
0
0
0
0
0
0
0
0
0
0
0
0
0
0
0
0
0
0
0
0
0
0
0
0
0
0
0
0
0
0
0
5.1768
0
0
0
0
0
0
0
0
0
0
0
0
0
0
0
0
0
0
0
0
0
0
0
0
0
0
0
0
0
0
0
0
0
0
0
0
0
0
0
0
0
0
0
0
0
0
0
0
-7.0181
0
0
0
0
0
0
0
0
0
0
0
0
0
0
0
0
0
0
0
0
0
0
0
0
0
0
0
0
0
0
0
0
0
0
0
0
0
0
0
0
0
0
0
0
0
0
0
0
0
0
0
0
0
0
0
0
0
0
0
0
0
0
0
0
0
0
0
0
0
7.0181
0
0
0
0
0
0
0
0
0
0
0
0
0
0
0
0
0
0
0
0
0
0
0
0
0
0
0
0
0
0
0
0
0
0
0
0
0
0
0
0
0
0
0
0
0
0
0
0
0
0
0
0
0
0
0
0
0
0
0
0
0
0
0
0
0
0
0
0
0
0
0
0
0
0
0
0
0
0
0
0
0
0
-5.1716
0
0
0
0
0
0
0
0
0
0
0
0
0
0
0
0
0
0
0
0
0
0
0
0
0
0
0
0
0
0
0
0
0
0
0
5.1716
0
0
0
0
0
0
0
0
0
0
0
0
0
0
0
0
0
0
0
0
0
0
0
0
0
0
0
0
0
0
0
0
0
0
0
0
0
0
0
0
0
0
0
0
0
0
0
0
0
0
0
0
0
-5.2005
0
0
0
0
0
0
0
0
0
0
0
0
0
0
0
0
0
0
0
0
0
0
0
0
0
0
0
0
0
0
0
0
0
0
0
0
0
0
0
0
0
0
0
0
0
0
0
0
0
0
0
0
0
0
0
0
0
0
0
0
0
0
0
0
5.2005
0
0
0
0
0
0
0
0
0
0
0
0
0
0
0
0
0
0
0
0
0
0
0
0
0
0
0
0
0
0
0
0
0
0
0
0
0
0
0
0
0
0
0
0
0
0
0
0
0
0
0
0
0
0
0
0
0
0
0
0
0
0
0
0
0
0
0
0
0
0
0
0
0
0
0
0
0
0
0
0
0
-3.9546
0
0
0
0
0
0
0
0
0
0
0
0
0
0
0
0
0
0
0
0
0
0
0
0
0
0
0
0
0
0
0
0
0
0
0
0
3.9546
0
0
0
0
0
0
0
0
0
0
0
0
0
0
0
0
0
0
0
0
0
0
0
0
0
0
0
0
0
0
0
0
0
0
0
0
0
0
0
0
0
0
0
0
0
0
0
0
0
0
0
0
0
0
0
0
0
0
0
0
-4.0958
0
0
0
0
0
0
0
0
0
0
0
0
0
0
0
0
0
0
0
0
0
0
0
0
0
0
0
0
0
0
0
0
0
0
0
0
0
0
0
0
0
0
0
0
0
0
0
0
0
0
0
0
0
0
0
0
0
4.0958
0
0
0
0
0
0
0
0
0
0
0
0
0
0
0
0
0
0
0
0
0
0
0
0
0
0
0
0
0
0
0
0
0
0
0
0
0
0
0
0
0
0
0
0
0
0
0
0
0
0
0
0
0
0
0
0
0
0
0
0
0
0
0
0
0
0
0
0
0
0
0
0
0
0
0
0
0
0
0
0
0
0
0
0
0
0
-5.2092
0
0
0
0
0
0
0
0
0
0
0
0
0
0
0
0
0
0
0
0
0
0
0
0
0
0
0
0
0
0
0
5.2092
0
0
0
0
0
0
0
0
0
0
0
0
0
0
0
0
0
0
0
0
0
0
-7.9102
0
0
0
0
0
0
0
0
0
0
0
0
0
0
0
0
0
0
0
0
0
0
0
0
0
0
0
0
0
0
0
0
0
0
0
0
0
0
0
0
0
0
0
0
0
0
0
0
0
0
0
0
0
0
0
0
0
0
0
0
0
0
0
0
0
0
0
0
0
0
0
0
0
0
0
0
0
0
0
0
0
0
0
0
0
0
0
0
0
0
0
0
0
0
0
7.9102
0
0
0
0
0
0
0
0
-8.9759
0
0
0
0
0
0
0
0
0
0
0
0
0
0
0
0
0
0
0
0
0
0
0
0
0
0
0
0
0
0
0
0
0
0
0
0
0
0
0
0
0
0
0
0
0
0
0
0
0
0
0
0
0
0
0
0
0
0
0
0
0
0
0
0
0
0
0
0
0
0
0
0
0
0
0
0
0
0
0
0
0
0
0
0
0
0
0
0
0
0
0
0
0
0
0
0
0
0
0
0
0
0
0
0
0
0
0
0
0
8.9759
0
0
0
0
0
0
0
0
0
-8.9149
0
0
0
0
0
0
0
0
0
0
0
0
0
0
0
0
0
0
0
0
0
0
0
0
0
0
0
0
0
0
0
0
0
0
0
0
0
0
0
0
0
0
0
0
0
0
0
0
0
0
0
0
0
0
0
0
0
0
0
0
0
0
0
0
0
0
0
0
0
0
0
0
0
0
0
0
0
0
0
0
0
0
0
0
0
0
0
0
0
0
0
0
0
0
0
0
0
0
0
0
0
0
0
0
0
0
0
0
8.9149
0
0
0
0
0
0
0
0
0
0
0
0
0
0
0
0
0
0
0
0
0
0
0
0
0
0
0
0
0
0
0
0
0
0
0
0
0
0
0
0
0
0
0
0
0
0
0
0
0
0
0
-5.1768
0
0
0
0
0
0
0
0
0
0
0
0
0
0
0
0
0
0
0
0
0
0
0
0
0
0
0
0
0
0
0
0
0
0
0
0
0
0
0
0
0
0
0
0
0
0
0
0
0
0
0
0
0
0
0
0
0
0
0
0
0
0
0
0
0
0
5.1768
0
0
0
0
0
0
0
0
0
0
0
0
0
0
0
0
0
0
0
0
0
0
0
0
0
0
0
-7.5686
0
0
0
0
0
0
0
0
0
0
0
0
0
0
0
0
0
0
0
0
0
0
0
0
0
0
0
0
0
0
0
0
0
0
0
0
0
0
0
0
0
0
0
0
0
0
0
0
0
0
0
0
0
0
0
0
0
0
0
0
0
0
0
0
0
0
0
0
0
0
0
0
0
0
0
0
0
0
0
0
0
0
0
0
0
0
0
0
0
0
7.5686
0
0
0
0
0
0
0
0
0
0
0
0
-8.0578
0
0
0
0
0
0
0
0
0
0
0
0
0
0
0
0
0
0
0
0
0
0
0
0
0
0
0
0
0
0
0
0
0
0
0
0
0
0
0
0
0
0
0
0
0
0
0
0
0
0
0
0
0
0
0
0
0
0
0
0
0
0
0
0
0
0
0
0
0
0
0
0
0
0
0
0
0
0
0
0
0
0
0
0
0
0
0
0
0
0
0
0
0
0
0
0
0
0
0
0
0
0
0
0
0
8.0578
0
0
0
0
0
0
0
0
0
0
0
0
0
0
0
0
0
0
0
0
0
0
0
0
0
0
0
0
0
0
0
0
0
0
0
0
0
0
0
0
0
0
0
0
0
0
0
0
0
0
0
0
0
0
0
0
0
0
0
0
0
0
0
0
0
0
0
0
0
0
0
0
0
0
0
0
0
0
0
0
0
-0.86385
0
0
0
0
0
0
0
0
0
0
0
0
0
0
0
0
0
0
0
0
0
0
0
0
0
0
0
0
0
0
0
0
0
0
0
0
0.86385
0
0
0
0
0
0
0
0
0
0
0
0
0
0
0
0
0
0
0
0
0
0
0
0
0
0
0
0
0
0
0
0
0
0
0
0
-6.7026
0
0
0
0
0
0
0
0
0
0
0
0
0
0
0
0
0
0
0
0
0
0
0
0
0
0
0
0
0
0
0
0
0
0
0
0
0
0
0
0
0
0
0
0
0
0
0
0
0
0
0
0
0
0
0
0
0
0
0
0
0
0
0
0
0
0
0
0
0
0
0
0
0
0
0
0
0
0
0
0
0
6.7026
0
0
0
0
0
0
0
0
0
0
0
0
0
0
0
0
0
0
0
0
0
0
0
0
0
0
0
0
0
0
0
0
0
0
0
0
0
0
0
0
0
0
0
0
0
0
0
0
0
0
0
0
0
0
0
0
0
0
0
0
0
0
-4.636
0
0
0
0
0
0
0
0
0
0
0
0
0
0
0
0
0
0
0
0
0
0
0
0
0
0
0
0
0
0
0
0
0
0
0
0
0
0
0
0
0
0
0
0
0
0
0
0
0
0
0
0
0
0
0
4.636
