1
0.97378
0.96054
0.95186
0.94525
0.93979
0.93102
0.92773
0.92516
0.91759
0.91043
0.90362
0.8972
0.89108
0.88536
0.87988
0.87476
0.86979
0.86507
0.86042
0.85591
0.85141
0.84697
0.84252
0.8381
0.83366
0.82925
0.82489
0.82064
0.81652
0.81256
0.80878
0.80517
0.80169
0.79835
0.79511
0.79198
0.78893
0.78596
0.78305
0.78019
0.77736
0.77456
0.77177
0.769
0.76622
0.76343
0.76062
0.75779
0.75493
0.75203
0.74911
0.74617
0.74322
0.74028
0.73736
0.73449
0.73168
0.72893
0.72625
0.72364
0.7211
0.71862
0.7162
0.71384
0.71154
0.70929
0.70708
0.70491
0.70277
0.70066
0.69856
0.69647
0.69438
0.69227
0.69015
0.68799
0.68579
0.68352
0.68119
0.67879
0.67631
0.67377
0.67119
0.66859
0.66599
0.66341
0.66085
0.65831
0.6558
0.65331
0.65084
0.64836
0.64588
0.6434
0.6409
0.63839
0.63586
0.63331
0.63074
0.62814
0.62553
0.6229
0.62026
0.6176
0.61495
0.6123
0.60967
0.60705
0.60447
0.60193
0.59942
0.59696
0.59453
0.59214
0.58978
0.58745
0.58514
0.58285
0.58059
0.57834
0.57613
0.57394
0.57178
0.56967
0.56759
0.56557
0.56359
0.56166
0.55979
0.55796
0.55619
0.55446
0.55278
0.55115
0.54956
0.54801
0.5465
0.54503
0.5436
0.5422
0.54084
0.53951
0.53821
0.53695
0.53571
0.53451
0.53333
0.53217
0.53105
0.52994
0.52887
0.52781
0.52678
0.52577
0.52479
0.52382
0.52288
0.52195
0.52104
