1
0.97413
0.96093
0.95189
0.94487
0.93912
0.93014
0.92689
0.92442
0.91685
0.90991
0.90349
0.89757
0.89199
0.88682
0.88188
0.87727
0.87282
0.86864
0.86458
0.86075
0.85702
0.85347
0.85002
0.8467
0.84347
0.84035
0.8373
0.83435
0.83148
0.82868
0.82596
0.8233
0.82068
0.81811
0.81558
0.81309
0.81065
0.80825
0.80589
0.80356
0.80126
0.79899
0.79675
0.79453
0.79233
0.79016
0.78801
0.78588
0.78376
0.78166
0.77958
0.77752
0.77547
0.77343
0.77142
0.76942
0.76745
0.7655
0.76357
0.76166
0.75977
0.75789
0.75603
0.75418
0.75236
0.75056
0.74877
0.747
0.74526
0.74354
0.74183
0.74015
0.73849
0.73685
0.73524
0.73364
0.73206
0.7305
0.72897
0.72745
0.72594
0.72445
0.72298
0.72151
0.72004
0.71857
0.71708
0.71557
0.71403
0.71245
0.71081
0.7091
0.70734
0.70551
0.70363
0.70173
0.69983
0.69795
0.6961
0.6943
0.69254
0.69084
0.68918
0.68757
0.686
0.68447
0.68297
0.68151
0.68008
0.67869
0.67732
0.67597
0.67466
0.67336
0.67208
0.67082
0.66958
0.66835
0.66714
0.66594
0.66475
0.66358
0.66243
0.66129
0.66016
0.65904
0.65794
0.65685
0.65577
0.6547
0.65364
0.65259
0.65155
0.65052
0.64951
0.6485
0.6475
0.64651
0.64553
0.64456
0.64361
0.64266
0.64171
0.64078
0.63985
0.63893
0.63802
0.63711
0.6362
0.63529
0.63439
0.63348
0.63257
0.63166
0.63074
0.62981
0.62887
0.62792
0.62695
