1
1.2063
1.3315
1.4032
1.4826
1.5076
1.5885
1.606
1.6323
1.6945
1.7549
1.8078
1.8593
1.9062
1.9531
1.996
2.0397
2.0802
2.1213
2.1599
2.1986
2.2351
2.2711
2.3051
2.3384
2.3699
2.4007
2.43
2.4585
2.4858
2.5123
2.5379
2.5627
2.5868
2.6102
2.6331
2.6554
2.6772
2.6984
2.7191
2.7393
2.7589
2.7781
2.7969
2.8153
2.8333
2.8511
2.8685
2.8857
2.9026
2.9192
2.9356
2.9518
2.9677
2.9834
2.9989
3.0142
3.0293
3.0442
3.0589
3.0734
3.0876
3.1015
3.1152
3.1286
3.1417
3.1545
3.1671
3.1794
3.1915
3.2034
3.2152
3.2268
3.2383
3.2497
3.261
3.2723
3.2834
3.2945
3.3055
3.3164
3.3272
3.338
3.3487
3.3594
3.3699
3.3804
3.3908
3.4011
3.4113
3.4215
3.4315
3.4415
3.4514
3.4612
3.4709
3.4805
3.4901
3.4996
3.509
3.5183
3.5275
3.5366
3.5457
3.5546
3.5635
3.5723
3.581
3.5896
3.5982
3.6066
3.6149
3.6232
3.6313
3.6393
3.6473
3.6551
3.6628
3.6705
3.678
3.6855
3.6928
3.7001
3.7073
3.7144
3.7213
3.7282
3.735
3.7417
3.7483
3.7548
3.7612
3.7676
3.7739
3.7801
3.7863
3.7925
3.7986
3.8048
3.8109
3.8171
3.8233
3.8294
3.8356
3.8418
3.848
3.8542
3.8604
3.8665
3.8727
3.8788
3.885
3.8911
3.8972
3.9033
3.9094
3.9154
3.9214
3.9275
3.9334
