1
0.97979
0.97081
0.9658
0.96218
0.95947
0.95714
0.95283
0.94899
0.94554
0.94239
0.93948
0.93676
0.93419
0.93175
0.92942
0.92719
0.92507
0.92303
0.92107
0.91918
0.91734
0.91556
0.91381
0.91211
0.91043
0.90878
0.90715
0.90554
0.90395
0.90237
0.90081
0.89926
0.89773
0.8962
0.89468
0.89316
0.89166
0.89015
0.88865
0.88716
0.88567
0.88417
0.88268
0.88119
0.8797
0.87821
0.87672
0.87523
0.87375
0.87227
0.87079
0.86932
0.86786
0.86641
0.86497
0.86355
0.86214
0.86074
0.85936
0.858
0.85666
0.85534
0.85404
0.85277
0.85152
0.8503
0.84911
0.84794
0.8468
0.84569
0.8446
0.84354
0.8425
0.84147
0.84046
0.83946
0.83847
0.83749
0.83652
0.83555
0.83458
0.83362
0.83266
0.8317
0.83074
0.82977
0.82881
0.82785
0.82688
0.8259
0.82493
0.82395
0.82296
0.82198
0.82099
0.81999
0.819
0.81801
0.81702
0.81604
0.81506
0.81408
0.81312
0.81216
0.81121
0.81027
0.80933
0.80841
0.8075
0.8066
0.80571
0.80483
0.80397
0.80312
0.80228
0.80146
0.80066
0.79987
0.79909
0.79833
0.79758
0.79685
0.79613
0.79543
0.79473
0.79406
0.7934
0.79275
0.79211
0.79149
0.79088
0.79028
0.78968
0.78909
0.7885
0.78791
0.78733
0.78674
0.78616
0.78558
0.78501
0.78443
0.78386
0.78329
0.78272
0.78216
0.7816
0.78104
0.78049
0.77994
0.77939
0.77885
0.77831
0.77778
0.77725
0.77672
0.7762
0.77568
0.77516
0.77465
0.77414
0.77364
0.77314
0.77265
0.77216
0.77168
0.77121
0.77073
0.77026
0.7698
0.76933
0.76886
0.76839
0.76791
0.76744
0.76696
0.76648
