76.1665
-0.81152
-0.83758
-0.83641
-0.8248
-0.86261
-0.84822
-0.83063
-0.8554
-0.82196
-0.82637
-0.83409
-0.88481
-0.82196
-0.81784
-0.8212
-0.82149
-0.82145
-0.78549
-0.82395
-0.82464
-0.84791
-0.82455
-0.81793
-0.84787
-0.82467
-0.82391
-0.80584
-0.80141
-0.80987
-0.80691
-0.81383
-0.79909
-0.80775
-0.80932
-0.78043
-0.82648
-0.76813
-0.7665
-0.74319
-0.75261
-0.75214
-0.7524
-0.8365
-0.75882
-0.76027
-0.71197
-0.82183
-0.74328
-0.76662
-0.82333
-0.86692
-0.85145
-0.83437
-0.83223
-0.85806
-0.87969
-0.94399
-0.9479
-0.90014
-0.90177
-1.0208
-1.0391
-1.4331
0
0
-1.9685
0
0
-2.6128
0
0
0
0
0
0
0
0
0
0
0
0
0
0
0
-3.7827
0
0
0
0
0
0
-5.3988
0
0
0
0
0
0
-2.3865
0
0
0
0
0
0
0
0
0
0
0
0
0
0
0
0
0
0
0
0
0
0
-7.2898
0
0
-0.81152
65.6726
-0.8008
-0.78049
-0.79947
-0.83533
-0.82171
-0.80364
-0.82817
-0.79521
-0.79962
-0.80767
-0.85764
-0.79521
-0.79095
-0.79455
-0.79484
-0.7948
-0.75949
-0.79758
-0.79826
-0.81958
-0.79818
-0.79193
-0.82308
-0.79661
-0.79701
-0.77962
-0.77535
-0.78349
-0.78064
-0.78764
-0.77159
-0.78174
-0.78374
-0.75454
-0.79601
-0.74222
-0.7378
-0.71831
-0.72716
-0.7267
-0.72695
-0.8108
-0.73349
-0.73271
-0.68685
-0.79671
-0.76029
-0.7579
-0.7956
-0.83858
-0.82426
-0.80671
-0.80077
-0.82942
-0.85268
-0.91448
-0.91794
-0.8692
-0.86356
-0.98899
-1.0078
-1.3991
0
0
-1.938
0
0
-2.5861
-2.1037
0
0
0
0
0
0
0
0
-2.9071
0
0
0
0
0
0
0
0
0
0
0
0
0
0
-5.0829
0
0
0
0
0
0
0
0
0
0
0
0
0
0
0
0
0
0
0
0
0
0
0
0
0
0
0
0
0
0
-0.83758
-0.8008
67.5939
-0.83454
-0.82733
-0.86422
-0.84938
-0.83201
-0.85722
-0.82328
-0.82697
-0.83691
-0.88625
-0.82327
-0.81924
-0.82267
-0.82295
-0.82292
-0.78751
-0.82565
-0.82634
-0.8483
-0.82626
-0.82002
-0.85016
-0.82531
-0.82446
-0.80749
-0.80343
-0.81162
-0.8088
-0.81563
-0.80079
-0.80957
-0.81162
-0.78236
-0.8264
-0.76954
-0.76545
-0.74565
-0.75423
-0.75377
-0.75402
-0.8388
-0.76031
-0.76114
-0.71357
-0.82427
-0.78533
-0.78502
-0.8237
-0.86711
-0.8518
-0.83283
-0.83203
-0.8576
-0.87967
-0.94381
-0.94823
-0.901
-0.89699
-1.02
-1.0385
-1.4303
0
0
-1.9646
0
0
-2.6192
0
0
0
0
0
0
0
0
0
-2.9371
0
0
0
0
0
0
0
0
0
0
0
0
0
0
0
0
0
0
0
0
0
0
0
0
0
0
0
0
0
0
0
0
0
0
0
0
0
0
0
0
0
-7.2392
0
0
0
-0.83641
-0.78049
-0.83454
72.7904
-0.81835
-0.85528
-0.84127
-0.82196
-0.84577
-0.81376
-0.81637
-0.82662
-0.87681
-0.81375
-0.80849
-0.81219
-0.81246
-0.81242
-0.77816
-0.81556
-0.81625
-0.84007
-0.81616
-0.81161
-0.84213
-0.80135
-0.81764
-0.79924
-0.79553
-0.80274
-0.80033
-0.80728
-0.7838
-0.8016
-0.80415
-0.7744
-0.82029
-0.76189
-0.76002
-0.7407
-0.74667
-0.7462
-0.74645
-0.83126
-0.75183
-0.7579
-0.70664
-0.81676
-0.7805
-0.78042
-0.8153
-0.85775
-0.84351
-0.82438
-0.80887
-0.85231
-0.8539
-0.93493
-0.94207
-0.82221
-0.85233
-1.0167
-1.0313
0
0
0
0
0
0
0
0
0
0
0
0
0
0
0
-3.3118
0
0
0
0
0
0
0
0
0
0
0
-3.8902
0
0
0
-5.1104
0
0
-4.9947
0
0
0
0
0
-4.7452
0
0
0
0
0
0
0
0
0
0
0
0
0
0
0
0
0
0
0
0
0
-0.8248
-0.79947
-0.82733
-0.81835
63.6101
-0.84508
-0.83032
-0.81238
-0.83505
-0.80423
-0.80654
-0.81628
-0.86393
-0.80424
-0.79963
-0.80366
-0.80393
-0.8039
-0.76527
-0.80666
-0.80736
-0.8295
-0.80727
-0.80018
-0.82704
-0.8056
-0.8037
-0.78875
-0.78474
-0.79223
-0.79017
-0.79677
-0.78376
-0.79063
-0.79115
-0.764
-0.80921
-0.75107
-0.74931
-0.72963
-0.736
-0.73552
-0.73578
-0.81867
-0.7399
-0.74254
-0.69577
-0.80374
-0.76668
-0.76683
-0.8047
-0.84746
-0.83227
-0.81139
-0.81882
-0.84014
-0.85656
-0.92379
-0.92632
-0.87911
-0.86882
-0.99823
-1.0164
-1.4036
0
-1.6447
0
0
0
0
0
0
0
0
0
0
0
0
0
0
0
0
0
0
0
0
0
0
0
-3.4335
0
0
0
0
0
0
0
0
0
0
0
0
0
0
0
0
0
0
0
0
0
0
0
0
0
0
0
0
-6.8898
0
0
0
0
0
0
-0.86261
-0.83533
-0.86422
-0.85528
-0.84508
59.4496
-0.8696
-0.85161
-0.86896
-0.8425
-0.84676
-0.85937
-0.91054
-0.84251
-0.83871
-0.84222
-0.84251
-0.84247
-0.80754
-0.84572
-0.84642
-0.87333
-0.84634
-0.84283
-0.87557
-0.84525
-0.84686
-0.8275
-0.8235
-0.83154
-0.8291
-0.83583
-0.82544
-0.82964
-0.83209
-0.80221
-0.84845
-0.78879
-0.78757
-0.76787
-0.77321
-0.77274
-0.773
-0.86079
-0.7798
-0.7799
-0.73178
-0.84625
-0.80528
-0.80525
-0.84366
-0.88767
-0.87391
-0.85172
-0.85839
-0.87799
-0.9036
-0.9646
-0.96938
-0.9194
-0.91585
-1.0412
-1.0597
-1.4544
0
0
-1.9926
0
0
0
0
0
0
0
0
0
0
0
0
0
0
0
0
0
0
0
0
-3.3279
0
0
0
0
0
0
0
0
0
0
0
0
0
0
0
0
0
0
0
0
0
0
0
0
0
0
0
0
0
0
0
0
0
0
0
0
0
-0.84822
-0.82171
-0.84938
-0.84127
-0.83032
-0.8696
56.9649
-0.83539
-0.86489
-0.82717
-0.83133
-0.84557
-0.8954
-0.82716
-0.82335
-0.82728
-0.82755
-0.82753
-0.79286
-0.83075
-0.83144
-0.86609
-0.83136
-0.82814
-0.86034
-0.8303
-0.83281
-0.81256
-0.80848
-0.81667
-0.81452
-0.82085
-0.81067
-0.81468
-0.81705
-0.7878
-0.83381
-0.77405
-0.77304
-0.75374
-0.75868
-0.7582
-0.75846
-0.84511
-0.76526
-0.76513
-0.71747
-0.83077
-0.79043
-0.7905
-0.82857
-0.87233
-0.8586
-0.83696
-0.8433
-0.86258
-0.888
-0.9489
-0.95328
-0.90393
-0.90329
-1.0244
-1.0442
-1.4328
0
0
-1.9702
-1.7785
0
0
0
0
0
0
0
0
0
0
0
0
0
0
0
0
0
0
0
0
0
0
0
0
0
0
0
0
0
0
0
0
0
0
0
0
0
0
0
0
0
0
0
0
0
0
0
0
0
0
0
0
0
0
0
0
0
-0.83063
-0.80364
-0.83201
-0.82196
-0.81238
-0.85161
-0.83539
54.8843
-0.84368
-0.80803
-0.81128
-0.82238
-0.87496
-0.80802
-0.79501
-0.80779
-0.80807
-0.80804
-0.77332
-0.81104
-0.81173
-0.83926
-0.81165
-0.80713
-0.83724
-0.80981
-0.81149
-0.79277
-0.7892
-0.78772
-0.79415
-0.80086
-0.78948
-0.79473
-0.79751
-0.76767
-0.81035
-0.7546
-0.75079
-0.73455
-0.7395
-0.73902
-0.73928
-0.82524
-0.74533
-0.74585
-0.69934
-0.81106
-0.77086
-0.77097
-0.8085
-0.85193
-0.83856
-0.81586
-0.82314
-0.84558
-0.86705
-0.9283
-0.93242
-0.88271
-0.87967
-1.0044
-1.0216
-1.4147
0
0
0
0
0
0
0
0
0
0
-2.9314
0
0
0
0
0
0
0
0
0
0
0
0
0
0
0
0
0
0
0
0
0
0
0
0
0
0
0
0
0
0
0
0
0
0
0
0
0
0
0
0
0
0
0
0
0
0
0
0
0
0
-0.8554
-0.82817
-0.85722
-0.84577
-0.83505
-0.86896
-0.86489
-0.84368
58.6459
-0.83447
-0.83685
-0.85003
-0.9007
-0.83446
-0.82916
-0.83304
-0.83332
-0.83329
-0.79706
-0.83642
-0.83713
-0.86421
-0.83704
-0.83285
-0.85186
-0.83555
-0.8383
-0.81827
-0.81462
-0.82188
-0.81946
-0.82644
-0.81404
-0.82029
-0.82165
-0.79279
-0.83809
-0.7798
-0.77815
-0.75917
-0.76412
-0.76366
-0.7639
-0.85074
-0.75617
-0.77401
-0.7239
-0.83613
-0.79571
-0.7966
-0.83446
-0.87825
-0.86447
-0.84159
-0.84889
-0.87315
-0.89055
-0.95578
-0.9589
-0.90915
-0.90853
-1.0314
-1.0498
0
0
0
0
0
0
0
0
-3.2463
0
0
0
0
0
0
0
0
0
0
0
0
0
0
0
-3.3101
0
0
0
0
0
0
0
0
0
0
0
0
0
0
0
0
0
0
0
0
0
0
0
0
0
0
0
0
0
0
0
0
0
0
0
0
0
-0.82196
-0.79521
-0.82328
-0.81376
-0.80423
-0.8425
-0.82717
-0.80803
-0.83447
51.4468
-0.80295
-0.81364
-0.86517
-0.79836
-0.79587
-0.80083
-0.80113
-0.8011
-0.76514
-0.80315
-0.80385
-0.82772
-0.80376
-0.79864
-0.82985
-0.80176
-0.8017
-0.78434
-0.78086
-0.78832
-0.7858
-0.79245
-0.7814
-0.78634
-0.78922
-0.75948
-0.80596
-0.74618
-0.74532
-0.72653
-0.73137
-0.73091
-0.73116
-0.81693
-0.73735
-0.73713
-0.69145
-0.80272
-0.76266
-0.76288
-0.79996
-0.84314
-0.83002
-0.80799
-0.81434
-0.83668
-0.85782
-0.91876
-0.92201
-0.87365
-0.87278
-0.99319
-1.0129
-1.4016
0
0
0
0
0
0
0
0
0
0
0
0
0
0
0
0
0
0
0
0
0
0
0
0
0
0
0
0
0
0
0
0
0
0
0
0
0
0
0
0
0
0
0
0
0
0
0
0
0
0
0
0
0
0
0
0
0
0
0
0
0
-0.82637
-0.79962
-0.82697
-0.81637
-0.80654
-0.84676
-0.83133
-0.81128
-0.83685
-0.80295
54.1383
-0.81687
-0.86819
-0.80294
-0.79718
-0.80203
-0.80231
-0.80228
-0.76818
-0.80601
-0.8067
-0.83343
-0.80662
-0.80197
-0.83218
-0.80395
-0.80742
-0.78776
-0.78421
-0.79101
-0.78905
-0.79582
-0.78559
-0.78968
-0.7931
-0.76338
-0.80749
-0.75023
-0.74853
-0.73065
-0.73534
-0.73488
-0.73513
-0.82033
-0.74055
-0.74474
-0.69534
-0.80612
-0.76815
-0.76677
-0.80389
-0.84705
-0.83336
-0.77815
-0.82018
-0.84054
-0.86082
-0.92288
-0.92509
-0.87435
-0.82738
-0.99683
-1.0162
0
0
0
0
0
0
0
0
0
0
0
0
0
0
0
0
0
0
0
0
-3.9645
0
0
0
0
0
0
0
0
0
0
0
0
0
0
0
0
0
0
0
0
0
0
0
0
0
0
0
0
0
0
0
0
0
0
0
0
0
0
0
0
0
-0.83409
-0.80767
-0.83691
-0.82662
-0.81628
-0.85937
-0.84557
-0.82238
-0.85003
-0.81364
-0.81687
56.5041
-0.88029
-0.81364
-0.80831
-0.81232
-0.8126
-0.81256
-0.77766
-0.81579
-0.81649
-0.85079
-0.81641
-0.79656
-0.84179
-0.8165
-0.81976
-0.79859
-0.79463
-0.80213
-0.79846
-0.80669
-0.79456
-0.80059
-0.80305
-0.77184
-0.81876
-0.76024
-0.75889
-0.73863
-0.7452
-0.74472
-0.74498
-0.83032
-0.7508
-0.75473
-0.70458
-0.81603
-0.776
-0.77638
-0.81433
-0.85667
-0.84384
-0.82424
-0.82781
-0.85203
-0.85148
-0.93414
-0.90994
-0.88858
0
-1.0071
-1.0114
0
0
0
0
0
0
0
0
0
0
0
0
0
0
-3.1757
0
0
0
0
0
0
0
0
-3.3952
0
0
0
0
0
0
0
0
0
0
0
0
0
0
0
0
0
0
0
0
0
0
0
0
0
0
0
0
0
0
0
0
0
0
0
0
0
0
-0.88481
-0.85764
-0.88625
-0.87681
-0.86393
-0.91054
-0.8954
-0.87496
-0.9007
-0.86517
-0.86819
-0.88029
60.7464
-0.86518
-0.86043
-0.86365
-0.86393
-0.86389
-0.82864
-0.86714
-0.86785
-0.89454
-0.86776
-0.86328
-0.89428
-0.86666
-0.86938
-0.84882
-0.8453
-0.85317
-0.85043
-0.85718
-0.84477
-0.85096
-0.85399
-0.82334
-0.8715
-0.80974
-0.80895
-0.7889
-0.79398
-0.79349
-0.79376
-0.88209
-0.79985
-0.80414
-0.75273
-0.86705
-0.82627
-0.82651
-0.86497
-0.90915
-0.89437
-0.87302
-0.8796
-0.90198
-0.92282
-0.98671
-0.99075
-0.94155
-0.94024
-1.0637
-1.0817
0
0
0
0
0
0
0
0
0
0
0
0
0
0
0
0
0
0
0
0
0
0
0
0
0
0
0
0
0
0
0
0
0
0
0
0
0
0
0
0
0
0
0
0
0
0
-6.7476
0
0
0
0
0
0
0
0
0
0
0
0
0
0
0
-0.82196
-0.79521
-0.82327
-0.81375
-0.80424
-0.84251
-0.82716
-0.80802
-0.83446
-0.79836
-0.80294
-0.81364
-0.86518
51.4468
-0.79588
-0.80082
-0.80113
-0.8011
-0.76514
-0.80313
-0.80386
-0.82772
-0.80376
-0.79864
-0.82984
-0.80176
-0.80171
-0.78434
-0.78086
-0.78832
-0.7858
-0.79245
-0.78141
-0.78634
-0.78923
-0.75948
-0.80596
-0.74618
-0.74532
-0.72654
-0.73138
-0.73091
-0.73116
-0.81693
-0.73735
-0.73713
-0.69145
-0.80272
-0.76268
-0.76289
-0.79996
-0.84314
-0.83001
-0.808
-0.81434
-0.83667
-0.85782
-0.91875
-0.92202
-0.87365
-0.87277
-0.99319
-1.0129
-1.4016
0
0
0
0
0
0
0
0
0
0
0
0
0
0
0
0
0
0
0
0
0
0
0
0
0
0
0
0
0
0
0
0
0
0
0
0
0
0
0
0
0
0
0
0
0
0
0
0
0
0
0
0
0
0
0
0
0
0
0
0
0
-0.81784
-0.79095
-0.81924
-0.80849
-0.79963
-0.83871
-0.82335
-0.79501
-0.82916
-0.79587
-0.79718
-0.80831
-0.86043
-0.79588
52.6188
-0.79508
-0.79535
-0.79533
-0.76013
-0.7978
-0.79849
-0.82253
-0.79841
-0.79301
-0.82394
-0.79593
-0.79762
-0.77923
-0.77568
-0.774
-0.78042
-0.78726
-0.77578
-0.78115
-0.784
-0.75414
-0.79594
-0.74124
-0.73735
-0.7214
-0.72637
-0.72591
-0.72616
-0.81132
-0.73201
-0.7365
-0.6866
-0.79732
-0.75747
-0.75744
-0.79463
-0.83781
-0.82458
-0.80201
-0.80901
-0.8315
-0.85288
-0.91353
-0.91745
-0.86763
-0.86806
-0.98914
-1.0054
0
0
0
0
0
0
0
0
0
0
0
-2.9067
0
0
0
0
0
0
0
0
0
0
0
0
0
0
0
0
0
0
0
0
0
0
0
0
0
0
0
0
0
0
0
0
0
0
0
0
0
0
0
0
0
0
0
0
0
0
0
0
0
0
-0.8212
-0.79455
-0.82267
-0.81219
-0.80366
-0.84222
-0.82728
-0.80779
-0.83304
-0.80083
-0.80203
-0.81232
-0.86365
-0.80082
-0.79508
49.9698
-0.78826
-0.78822
-0.76194
-0.80194
-0.80266
-0.82624
-0.80258
-0.79658
-0.82862
-0.80153
-0.80246
-0.78289
-0.77969
-0.78736
-0.78473
-0.79118
-0.78124
-0.78509
-0.78844
-0.75838
-0.80613
-0.74483
-0.74424
-0.72558
-0.73017
-0.72969
-0.72995
-0.8167
-0.73618
-0.74023
-0.69036
-0.80238
-0.76185
-0.76199
-0.79883
-0.84199
-0.82915
-0.80709
-0.8132
-0.83555
-0.85719
-0.91736
-0.92084
-0.87183
-0.8749
-0.99169
-1.0105
0
0
0
0
0
0
0
0
0
0
0
0
0
0
0
0
0
0
0
0
0
0
0
0
0
0
0
0
0
0
0
0
0
0
0
0
0
0
0
0
0
0
0
0
0
0
0
0
0
0
0
0
0
0
0
0
0
0
0
0
0
0
-0.82149
-0.79484
-0.82295
-0.81246
-0.80393
-0.84251
-0.82755
-0.80807
-0.83332
-0.80113
-0.80231
-0.8126
-0.86393
-0.80113
-0.79535
-0.78826
49.9872
-0.78853
-0.76223
-0.80221
-0.80294
-0.82652
-0.80285
-0.79684
-0.82889
-0.80184
-0.80271
-0.78317
-0.77998
-0.78765
-0.78501
-0.79147
-0.78155
-0.78538
-0.78873
-0.75867
-0.80644
-0.74511
-0.74452
-0.72586
-0.73044
-0.72997
-0.73023
-0.81701
-0.73646
-0.74051
-0.69063
-0.80267
-0.76214
-0.76227
-0.79912
-0.84229
-0.82945
-0.80737
-0.8135
-0.83583
-0.85748
-0.91766
-0.92114
-0.87212
-0.87519
-0.99199
-1.0108
0
0
0
0
0
0
0
0
0
0
0
0
0
0
0
0
0
0
0
0
0
0
0
0
0
0
0
0
0
0
0
0
0
0
0
0
0
0
0
0
0
0
0
0
0
0
0
0
0
0
0
0
0
0
0
0
0
0
0
0
0
0
-0.82145
-0.7948
-0.82292
-0.81242
-0.8039
-0.84247
-0.82753
-0.80804
-0.83329
-0.8011
-0.80228
-0.81256
-0.86389
-0.8011
-0.79533
-0.78822
-0.78853
49.9852
-0.76219
-0.80218
-0.8029
-0.8265
-0.80281
-0.79682
-0.82886
-0.8018
-0.80268
-0.78313
-0.77995
-0.78761
-0.78498
-0.79143
-0.78152
-0.78535
-0.7887
-0.75864
-0.80641
-0.74507
-0.74449
-0.72583
-0.73042
-0.72994
-0.7302
-0.81697
-0.73643
-0.74047
-0.6906
-0.80264
-0.76211
-0.76224
-0.79909
-0.84225
-0.82942
-0.80734
-0.81347
-0.8358
-0.85746
-0.91762
-0.92111
-0.87209
-0.87516
-0.99195
-1.0108
0
0
0
0
0
0
0
0
0
0
0
0
0
0
0
0
0
0
0
0
0
0
0
0
0
0
0
0
0
0
0
0
0
0
0
0
0
0
0
0
0
0
0
0
0
0
0
0
0
0
0
0
0
0
0
0
0
0
0
0
0
0
-0.78549
-0.75949
-0.78751
-0.77816
-0.76527
-0.80754
-0.79286
-0.77332
-0.79706
-0.76514
-0.76818
-0.77766
-0.82864
-0.76514
-0.76013
-0.76194
-0.76223
-0.76219
48.8099
-0.77004
-0.7708
-0.79006
-0.77071
-0.76219
-0.79003
-0.76398
-0.76664
-0.74779
-0.74362
-0.75073
-0.74578
-0.75553
-0.74283
-0.74939
-0.7494
-0.71981
-0.76467
-0.70991
-0.70844
-0.68909
-0.69587
-0.69541
-0.69566
-0.77703
-0.69935
-0.70458
-0.6564
-0.76333
-0.72533
-0.72596
-0.76237
-0.80468
-0.79152
-0.77202
-0.77599
-0.79862
-0.81585
-0.8802
-0.88572
-0.83477
0
0
0
0
0
-1.5965
0
0
-2.1932
0
0
0
0
0
0
0
0
0
0
0
0
0
0
0
0
0
0
0
0
0
0
0
0
0
0
0
0
0
0
0
0
0
0
0
0
0
0
0
0
0
0
0
0
0
0
0
0
0
0
0
0
0
0
0
0
-0.82395
-0.79758
-0.82565
-0.81556
-0.80666
-0.84572
-0.83075
-0.81104
-0.83642
-0.80315
-0.80601
-0.81579
-0.86714
-0.80313
-0.7978
-0.80194
-0.80221
-0.80218
-0.77004
47.258
-0.79116
-0.82796
-0.79104
-0.79889
-0.82916
-0.80563
-0.80416
-0.78413
-0.78123
-0.78916
-0.78634
-0.79299
-0.78567
-0.78715
-0.79098
-0.76062
-0.81746
-0.7464
-0.74676
-0.72782
-0.73207
-0.73161
-0.73185
-0.82004
-0.73814
-0.74261
-0.69202
-0.80552
-0.7641
-0.76492
-0.80161
-0.84488
-0.83225
-0.81238
-0.81573
-0.83773
-0.85984
-0.92033
-0.92829
-0.87459
0
0
0
0
0
0
0
0
0
0
0
0
0
0
0
0
0
0
0
0
0
0
0
0
0
0
0
0
0
0
0
0
0
0
0
0
0
0
0
0
0
0
0
0
0
0
0
0
0
0
0
0
0
0
0
0
0
0
0
0
0
0
0
0
0
-0.82464
-0.79826
-0.82634
-0.81625
-0.80736
-0.84642
-0.83144
-0.81173
-0.83713
-0.80385
-0.8067
-0.81649
-0.86785
-0.80386
-0.79849
-0.80266
-0.80294
-0.8029
-0.7708
-0.79116
47.2989
-0.82865
-0.79189
-0.79957
-0.82985
-0.80633
-0.80483
-0.7848
-0.78193
-0.78987
-0.78703
-0.79367
-0.78644
-0.78782
-0.79168
-0.76132
-0.81819
-0.74708
-0.74745
-0.72851
-0.73275
-0.73228
-0.73253
-0.82082
-0.73882
-0.74329
-0.69269
-0.80627
-0.76481
-0.76562
-0.80232
-0.84558
-0.83297
-0.8131
-0.81644
-0.83846
-0.86058
-0.92106
-0.92903
-0.87532
0
0
0
0
0
0
0
0
0
0
0
0
0
0
0
0
0
0
0
0
0
0
0
0
0
0
0
0
0
0
0
0
0
0
0
0
0
0
0
0
0
0
0
0
0
0
0
0
0
0
0
0
0
0
0
0
0
0
0
0
0
0
0
0
0
-0.84791
-0.81958
-0.8483
-0.84007
-0.8295
-0.87333
-0.86609
-0.83926
-0.86421
-0.82772
-0.83343
-0.85079
-0.89454
-0.82772
-0.82253
-0.82624
-0.82652
-0.8265
-0.79006
-0.82796
-0.82865
57.395
-0.82856
-0.82108
-0.85344
-0.82771
-0.79545
-0.80904
-0.80525
-0.81168
-0.79983
-0.81708
-0.80468
-0.81092
-0.81375
-0.77186
-0.82647
-0.77042
-0.76764
-0.74962
-0.75536
-0.75487
-0.75512
-0.84084
-0.76144
-0.7635
-0.71491
-0.82685
-0.78779
-0.78664
-0.82479
-0.86788
-0.85369
-0.8369
-0.84002
-0.86346
0
-0.94685
0
0
0
0
0
0
0
0
0
0
0
0
0
0
0
0
0
0
0
0
0
0
-3.0567
0
0
0
0
0
0
0
0
0
0
-3.6899
0
-4.7721
0
0
0
0
0
0
0
0
0
0
0
0
0
0
0
0
0
0
0
0
0
0
0
0
0
0
0
0
0
0
0
-0.82455
-0.79818
-0.82626
-0.81616
-0.80727
-0.84634
-0.83136
-0.81165
-0.83704
-0.80376
-0.80662
-0.81641
-0.86776
-0.80376
-0.79841
-0.80258
-0.80285
-0.80281
-0.77071
-0.79104
-0.79189
-0.82856
47.2939
-0.79949
-0.82976
-0.80625
-0.80474
-0.78472
-0.78184
-0.78978
-0.78696
-0.79359
-0.78634
-0.78775
-0.7916
-0.76123
-0.8181
-0.747
-0.74737
-0.72842
-0.73266
-0.7322
-0.73245
-0.82072
-0.73874
-0.74322
-0.69259
-0.80617
-0.76471
-0.76554
-0.80223
-0.8455
-0.83289
-0.81302
-0.81636
-0.83837
-0.86048
-0.92097
-0.92894
-0.87522
0
0
0
0
0
0
0
0
0
0
0
0
0
0
0
0
0
0
0
0
0
0
0
0
0
0
0
0
0
0
0
0
0
0
0
0
0
0
0
0
0
0
0
0
0
0
0
0
0
0
0
0
0
0
0
0
0
0
0
0
0
0
0
0
0
-0.81793
-0.79193
-0.82002
-0.81161
-0.80018
-0.84283
-0.82814
-0.80713
-0.83285
-0.79864
-0.80197
-0.79656
-0.86328
-0.79864
-0.79301
-0.79658
-0.79684
-0.79682
-0.76219
-0.79889
-0.79957
-0.82108
-0.79949
53.6745
-0.82821
-0.79921
-0.79936
-0.78142
-0.77784
-0.78428
-0.78209
-0.78952
-0.77749
-0.78344
-0.78607
-0.75597
-0.80058
-0.74308
-0.74113
-0.72305
-0.72868
-0.72821
-0.72846
-0.81181
-0.73422
-0.73757
-0.68882
-0.79767
-0.75968
-0.75865
-0.79707
-0.83815
-0.8263
-0.80673
-0.81039
-0.8341
0
-0.91622
0
0
0
0
0
0
0
0
0
0
0
0
0
0
0
0
0
0
0
-3.1608
0
0
0
0
0
0
-3.7338
0
0
0
0
0
0
0
0
0
0
0
0
0
0
0
0
0
0
0
0
0
0
-2.4482
0
0
0
0
0
0
0
0
0
0
0
0
0
0
0
0
0
-0.84787
-0.82308
-0.85016
-0.84213
-0.82704
-0.87557
-0.86034
-0.83724
-0.85186
-0.82985
-0.83218
-0.84179
-0.89428
-0.82984
-0.82394
-0.82862
-0.82889
-0.82886
-0.79003
-0.82916
-0.82985
-0.85344
-0.82976
-0.82821
55.2473
-0.82863
-0.82717
-0.81043
-0.80617
-0.81354
-0.81087
-0.818
-0.80447
-0.81188
-0.81123
-0.78447
-0.83117
-0.77101
-0.77001
-0.75068
-0.75601
-0.75554
-0.75581
-0.84109
-0.74516
-0.76499
-0.71592
-0.82523
-0.78698
-0.78793
-0.82591
-0.86854
-0.85447
-0.83526
-0.83974
0
0
0
0
0
0
0
0
0
0
-1.6156
0
0
0
0
0
-3.1674
0
0
0
0
0
0
0
0
0
0
0
0
0
0
0
0
0
0
0
0
0
0
0
0
0
0
0
0
0
0
0
0
0
0
0
0
0
0
-6.3419
0
0
0
0
0
0
0
0
0
0
0
0
0
0
-0.82467
-0.79661
-0.82531
-0.80135
-0.8056
-0.84525
-0.8303
-0.80981
-0.83555
-0.80176
-0.80395
-0.8165
-0.86666
-0.80176
-0.79593
-0.80153
-0.80184
-0.8018
-0.76398
-0.80563
-0.80633
-0.82771
-0.80625
-0.79921
-0.82863
48.3683
-0.80435
-0.78493
-0.78112
-0.78869
-0.78594
-0.79308
-0.78339
-0.78703
-0.79006
-0.75963
-0.80837
-0.74589
-0.74547
-0.72727
-0.73186
-0.73139
-0.73164
-0.81776
-0.73749
-0.74138
-0.69158
-0.80368
-0.7655
-0.76354
-0.80058
-0.84263
-0.83021
-0.81005
-0.81465
-0.83652
0
-0.91972
0
0
0
0
0
0
0
0
0
0
0
0
0
0
0
0
0
0
0
0
0
0
0
0
0
0
0
0
0
0
0
0
-3.809
0
0
0
0
0
0
0
0
0
0
0
0
0
0
0
0
0
0
0
0
0
0
0
0
0
0
0
0
0
0
0
0
0
0
-0.82391
-0.79701
-0.82446
-0.81764
-0.8037
-0.84686
-0.83281
-0.81149
-0.8383
-0.8017
-0.80742
-0.81976
-0.86938
-0.80171
-0.79762
-0.80246
-0.80271
-0.80268
-0.76664
-0.80416
-0.80483
-0.79545
-0.80474
-0.79936
-0.82717
-0.80435
52.5305
-0.78592
-0.78209
-0.78808
-0.78703
-0.79387
-0.78301
-0.78793
-0.78867
-0.76114
-0.80447
-0.74698
-0.74465
-0.72757
-0.73281
-0.73235
-0.7326
-0.81643
-0.73795
-0.73844
-0.69251
-0.80208
-0.76566
-0.76321
-0.80143
-0.84307
-0.83007
-0.81133
0
0
0
0
0
0
0
0
0
0
0
0
0
0
0
0
0
0
-2.4778
0
0
0
-3.3648
0
0
0
0
0
0
0
0
0
0
0
0
0
0
0
0
-4.6982
0
0
0
0
0
0
0
0
0
0
0
0
0
0
0
0
0
0
0
0
0
0
0
0
0
0
0
0
0
0
0
-0.80584
-0.77962
-0.80749
-0.79924
-0.78875
-0.8275
-0.81256
-0.79277
-0.81827
-0.78434
-0.78776
-0.79859
-0.84882
-0.78434
-0.77923
-0.78289
-0.78317
-0.78313
-0.74779
-0.78413
-0.7848
-0.80904
-0.78472
-0.78142
-0.81043
-0.78493
-0.78592
43.5767
-0.76329
-0.76971
-0.76693
-0.7755
-0.76356
-0.76935
-0.77237
-0.74262
-0.78609
-0.72742
-0.72804
-0.70933
-0.71419
-0.71372
-0.71397
-0.80099
-0.71965
-0.7242
-0.674
-0.78748
-0.74628
-0.74529
-0.78221
-0.82395
-0.81223
-0.79283
-0.79543
-0.81824
0
-0.90032
0
0
0
0
0
0
0
0
0
0
0
0
0
0
0
0
0
0
0
0
0
0
0
0
0
0
0
0
0
0
0
0
0
0
0
0
0
0
0
0
0
0
0
0
0
0
0
0
0
0
0
0
0
0
0
0
0
0
0
0
0
0
0
0
0
0
0
-0.80141
-0.77535
-0.80343
-0.79553
-0.78474
-0.8235
-0.80848
-0.7892
-0.81462
-0.78086
-0.78421
-0.79463
-0.8453
-0.78086
-0.77568
-0.77969
-0.77998
-0.77995
-0.74362
-0.78123
-0.78193
-0.80525
-0.78184
-0.77784
-0.80617
-0.78112
-0.78209
-0.76329
43.0751
-0.76482
-0.76197
-0.77305
-0.75695
-0.7662
-0.76844
-0.73934
-0.77276
-0.72286
-0.72432
-0.70177
-0.71022
-0.70975
-0.71001
-0.79944
-0.71554
-0.72127
-0.66724
-0.7841
-0.74337
-0.74003
-0.77716
-0.8193
-0.80794
-0.7883
-0.79129
0
0
0
0
0
0
0
0
0
-1.4358
0
0
0
0
0
0
0
0
0
0
0
0
0
0
0
0
0
0
0
0
0
0
0
0
0
0
0
0
0
0
0
0
0
0
0
0
0
0
0
0
0
0
0
0
0
0
0
0
0
0
0
0
0
0
0
0
0
0
0
0
-0.80987
-0.78349
-0.81162
-0.80274
-0.79223
-0.83154
-0.81667
-0.78772
-0.82188
-0.78832
-0.79101
-0.80213
-0.85317
-0.78832
-0.774
-0.78736
-0.78765
-0.78761
-0.75073
-0.78916
-0.78987
-0.81168
-0.78978
-0.78428
-0.81354
-0.78869
-0.78808
-0.76971
-0.76482
44.8649
-0.76858
-0.77752
-0.76744
-0.77179
-0.77457
-0.74487
-0.78981
-0.73009
-0.72773
-0.71183
-0.71669
-0.71622
-0.71647
-0.8034
-0.72193
-0.72709
-0.67632
-0.78727
-0.74841
-0.74762
-0.78487
-0.82697
-0.81499
-0.79471
-0.79866
0
0
0
0
0
0
0
0
0
0
0
0
0
0
0
0
0
0
0
-2.8613
0
0
0
0
0
0
0
0
0
0
0
0
0
0
0
0
0
0
0
0
0
0
0
0
0
0
0
0
0
0
0
0
0
0
0
0
0
0
0
0
0
0
0
0
0
0
0
0
0
0
-0.80691
-0.78064
-0.8088
-0.80033
-0.79017
-0.8291
-0.81452
-0.79415
-0.81946
-0.7858
-0.78905
-0.79846
-0.85043
-0.7858
-0.78042
-0.78473
-0.78501
-0.78498
-0.74578
-0.78634
-0.78703
-0.79983
-0.78696
-0.78209
-0.81087
-0.78594
-0.78703
-0.76693
-0.76197
-0.76858
44.8256
-0.77477
-0.76424
-0.76908
-0.77152
-0.72757
-0.78951
-0.7276
-0.72844
-0.70918
-0.71397
-0.71351
-0.71375
-0.79985
-0.71945
-0.72406
-0.67371
-0.7838
-0.74578
-0.74515
-0.78192
-0.824
-0.81229
-0.79303
-0.79598
0
0
0
0
0
0
0
0
0
0
0
0
0
0
0
0
0
0
0
0
0
0
0
0
0
-2.9654
0
0
0
0
0
0
0
0
0
0
0
0
0
0
0
0
0
0
0
0
0
0
0
0
0
0
0
0
0
0
0
0
0
0
0
0
0
0
0
0
0
0
0
0
-0.81383
-0.78764
-0.81563
-0.80728
-0.79677
-0.83583
-0.82085
-0.80086
-0.82644
-0.79245
-0.79582
-0.80669
-0.85718
-0.79245
-0.78726
-0.79118
-0.79147
-0.79143
-0.75553
-0.79299
-0.79367
-0.81708
-0.79359
-0.78952
-0.818
-0.79308
-0.79387
-0.7755
-0.77305
-0.77752
-0.77477
42.2748
-0.76922
-0.77758
-0.78329
-0.75138
-0.78929
-0.73291
-0.73525
-0.71651
-0.72078
-0.72029
-0.72056
-0.81125
-0.72616
-0.73195
-0.67997
-0.79589
-0.756
-0.75246
-0.78934
-0.83166
-0.82025
-0.80037
-0.80319
0
0
0
0
0
0
0
0
0
0
0
0
0
0
0
0
0
0
0
0
0
0
0
0
0
0
0
0
0
0
0
0
0
0
0
0
0
0
0
0
0
0
0
0
0
0
0
0
0
0
0
0
0
0
0
0
0
0
0
0
0
0
0
0
0
0
0
0
0
0
-0.79909
-0.77159
-0.80079
-0.7838
-0.78376
-0.82544
-0.81067
-0.78948
-0.81404
-0.7814
-0.78559
-0.79456
-0.84477
-0.78141
-0.77578
-0.78124
-0.78155
-0.78152
-0.74283
-0.78567
-0.78644
-0.80468
-0.78634
-0.77749
-0.80447
-0.78339
-0.78301
-0.76356
-0.75695
-0.76744
-0.76424
-0.76922
45.9716
-0.76468
-0.76589
-0.73684
-0.78096
-0.72238
-0.72263
-0.7022
-0.70939
-0.7089
-0.70917
-0.78819
-0.71292
-0.7169
-0.66862
-0.77645
-0.7401
-0.73938
-0.77622
-0.81791
-0.80286
0
0
0
0
0
0
0
0
0
0
0
0
0
0
0
0
0
0
0
0
0
0
0
0
0
-3.2061
0
0
0
0
0
0
0
0
0
0
0
0
0
0
0
0
0
0
0
0
0
0
-2.7407
0
0
0
0
0
0
0
0
0
0
0
0
0
0
0
0
0
0
0
0
0
0
0
-0.80775
-0.78174
-0.80957
-0.8016
-0.79063
-0.82964
-0.81468
-0.79473
-0.82029
-0.78634
-0.78968
-0.80059
-0.85096
-0.78634
-0.78115
-0.78509
-0.78538
-0.78535
-0.74939
-0.78715
-0.78782
-0.81092
-0.78775
-0.78344
-0.81188
-0.78703
-0.78793
-0.76935
-0.7662
-0.77179
-0.76908
-0.77758
-0.76468
41.1436
-0.77974
-0.74369
-0.78628
-0.72456
-0.72658
-0.70786
-0.71401
-0.71353
-0.7138
-0.80591
-0.71834
-0.72342
-0.67291
-0.79149
-0.75008
-0.74543
-0.78248
-0.82433
-0.81269
-0.79298
0
0
0
0
0
0
0
0
0
0
0
0
0
0
0
0
0
0
0
0
0
0
0
0
0
0
0
0
0
0
0
0
0
0
0
0
0
0
0
0
0
0
0
0
0
0
0
0
0
0
0
0
0
0
0
0
0
0
0
0
0
0
0
0
0
0
0
0
0
0
0
-0.80932
-0.78374
-0.81162
-0.80415
-0.79115
-0.83209
-0.81705
-0.79751
-0.82165
-0.78922
-0.7931
-0.80305
-0.85399
-0.78923
-0.784
-0.78844
-0.78873
-0.7887
-0.7494
-0.79098
-0.79168
-0.81375
-0.7916
-0.78607
-0.81123
-0.79006
-0.78867
-0.77237
-0.76844
-0.77457
-0.77152
-0.78329
-0.76589
-0.77974
41.904
-0.74857
-0.78548
-0.72779
-0.73063
-0.70551
-0.71673
-0.71626
-0.71652
-0.81002
-0.71878
-0.72892
-0.67058
-0.79477
-0.75682
-0.74737
-0.78609
0
0
0
0
0
0
0
0
0
0
0
0
0
-1.4444
-1.6228
0
0
0
0
0
0
0
0
0
0
0
0
0
0
0
0
0
0
0
0
0
0
0
0
0
0
0
0
0
0
0
0
0
0
0
0
0
0
0
0
0
0
0
0
0
0
0
0
0
0
0
0
0
0
0
0
0
0
0
-0.78043
-0.75454
-0.78236
-0.7744
-0.764
-0.80221
-0.7878
-0.76767
-0.79279
-0.75948
-0.76338
-0.77184
-0.82334
-0.75948
-0.75414
-0.75838
-0.75867
-0.75864
-0.71981
-0.76062
-0.76132
-0.77186
-0.76123
-0.75597
-0.78447
-0.75963
-0.76114
-0.74262
-0.73934
-0.74487
-0.72757
-0.75138
-0.73684
-0.74369
-0.74857
40.1946
-0.76177
-0.69464
-0.68895
-0.67088
-0.68595
-0.68547
-0.68574
-0.77611
-0.68644
-0.68532
-0.64226
-0.76245
-0.71801
-0.71266
-0.75165
0
0
0
0
0
0
0
0
0
0
0
0
0
0
0
0
0
0
0
0
0
0
0
0
0
0
0
0
0
-2.9018
0
0
0
0
0
0
0
0
0
0
0
0
0
0
0
0
0
0
0
0
0
0
0
0
0
0
0
0
0
0
0
0
0
0
0
0
0
0
0
0
0
0
0
0
-0.82648
-0.79601
-0.8264
-0.82029
-0.80921
-0.84845
-0.83381
-0.81035
-0.83809
-0.80596
-0.80749
-0.81876
-0.8715
-0.80596
-0.79594
-0.80613
-0.80644
-0.80641
-0.76467
-0.81746
-0.81819
-0.82647
-0.8181
-0.80058
-0.83117
-0.80837
-0.80447
-0.78609
-0.77276
-0.78981
-0.78951
-0.78929
-0.78096
-0.78628
-0.78548
-0.76177
46.3006
-0.74694
-0.73242
-0.72288
-0.73308
-0.73261
-0.73286
-0.81633
-0.73395
-0.7442
-0.67887
-0.80378
-0.76272
0
0
0
0
0
0
-0.83952
0
0
0
0
0
0
0
0
0
0
0
0
0
0
0
0
0
0
0
-2.8383
0
0
0
0
0
0
0
0
0
0
0
0
0
0
0
0
0
0
0
0
-4.617
0
0
0
0
0
0
0
0
0
0
0
0
0
0
0
0
0
0
0
0
0
0
0
0
0
0
0
0
-0.76813
-0.74222
-0.76954
-0.76189
-0.75107
-0.78879
-0.77405
-0.7546
-0.7798
-0.74618
-0.75023
-0.76024
-0.80974
-0.74618
-0.74124
-0.74483
-0.74511
-0.74507
-0.70991
-0.7464
-0.74708
-0.77042
-0.747
-0.74308
-0.77101
-0.74589
-0.74698
-0.72742
-0.72286
-0.73009
-0.7276
-0.73291
-0.72238
-0.72456
-0.72779
-0.69464
-0.74694
37.4777
-0.68241
-0.67002
-0.68663
-0.68607
-0.68638
-0.75641
-0.67408
-0.67645
-0.63382
-0.74255
-0.6964
-0.70016
-0.74071
-0.78176
0
0
0
0
0
0
0
0
0
0
0
0
0
0
0
0
0
0
0
0
0
0
0
0
0
0
0
0
0
0
0
0
0
0
0
0
0
0
0
0
0
0
0
0
0
0
0
0
0
0
0
0
0
0
0
0
0
0
0
0
0
0
0
0
0
0
0
0
0
0
0
0
0
-0.7665
-0.7378
-0.76545
-0.76002
-0.74931
-0.78757
-0.77304
-0.75079
-0.77815
-0.74532
-0.74853
-0.75889
-0.80895
-0.74532
-0.73735
-0.74424
-0.74452
-0.74449
-0.70844
-0.74676
-0.74745
-0.76764
-0.74737
-0.74113
-0.77001
-0.74547
-0.74465
-0.72804
-0.72432
-0.72773
-0.72844
-0.73525
-0.72263
-0.72658
-0.73063
-0.68895
-0.73242
-0.68241
39.3542
-0.65604
-0.67423
-0.67374
-0.674
-0.76112
-0.6736
-0.66817
-0.63
-0.74734
-0.6986
-0.69726
-0.73694
0
0
0
0
0
0
0
0
0
0
0
0
0
0
0
0
0
0
0
0
0
0
0
0
-2.7705
0
0
0
0
0
0
0
0
0
0
0
0
0
0
0
0
0
0
0
0
0
0
0
0
0
0
0
0
0
0
0
0
0
0
0
0
0
0
0
0
0
0
0
0
0
0
0
0
0
-0.74319
-0.71831
-0.74565
-0.7407
-0.72963
-0.76787
-0.75374
-0.73455
-0.75917
-0.72653
-0.73065
-0.73863
-0.7889
-0.72654
-0.7214
-0.72558
-0.72586
-0.72583
-0.68909
-0.72782
-0.72851
-0.74962
-0.72842
-0.72305
-0.75068
-0.72727
-0.72757
-0.70933
-0.70177
-0.71183
-0.70918
-0.71651
-0.7022
-0.70786
-0.70551
-0.67088
-0.72288
-0.67002
-0.65604
38.5704
-0.66337
-0.66289
-0.66314
-0.73055
-0.6651
-0.63789
-0.59916
-0.71687
-0.66142
0
0
0
0
0
0
0
0
0
0
0
0
0
0
0
-1.3473
0
0
0
0
0
0
0
0
0
0
0
0
0
0
0
0
-2.9839
0
0
0
0
0
0
0
0
0
0
0
0
0
0
0
0
0
0
0
0
0
0
0
0
0
0
0
0
0
0
0
0
0
0
0
0
0
0
0
0
0
0
0
-0.75261
-0.72716
-0.75423
-0.74667
-0.736
-0.77321
-0.75868
-0.7395
-0.76412
-0.73137
-0.73534
-0.7452
-0.79398
-0.73138
-0.72637
-0.73017
-0.73044
-0.73042
-0.69587
-0.73207
-0.73275
-0.75536
-0.73266
-0.72868
-0.75601
-0.73186
-0.73281
-0.71419
-0.71022
-0.71669
-0.71397
-0.72078
-0.70939
-0.71401
-0.71673
-0.68595
-0.73308
-0.68663
-0.67423
-0.66337
35.9325
-0.62697
-0.62746
-0.74332
-0.67081
-0.67223
-0.60179
-0.72996
-0.6902
-0.68133
-0.72421
0
0
0
0
0
0
0
0
0
0
0
0
0
0
0
0
0
0
0
0
0
0
0
0
0
0
0
0
0
0
0
0
0
0
0
0
0
0
0
0
0
0
0
0
0
0
0
0
0
0
0
0
0
0
0
0
0
0
0
0
0
0
0
0
0
0
0
0
0
0
0
0
0
0
-0.75214
-0.7267
-0.75377
-0.7462
-0.73552
-0.77274
-0.7582
-0.73902
-0.76366
-0.73091
-0.73488
-0.74472
-0.79349
-0.73091
-0.72591
-0.72969
-0.72997
-0.72994
-0.69541
-0.73161
-0.73228
-0.75487
-0.7322
-0.72821
-0.75554
-0.73139
-0.73235
-0.71372
-0.70975
-0.71622
-0.71351
-0.72029
-0.7089
-0.71353
-0.71626
-0.68547
-0.73261
-0.68607
-0.67374
-0.66289
-0.62697
35.9086
-0.62655
-0.74284
-0.67029
-0.67176
-0.60132
-0.72948
-0.68973
-0.6808
-0.72371
0
0
0
0
0
0
0
0
0
0
0
0
0
0
0
0
0
0
0
0
0
0
0
0
0
0
0
0
0
0
0
0
0
0
0
0
0
0
0
0
0
0
0
0
0
0
0
0
0
0
0
0
0
0
0
0
0
0
0
0
0
0
0
0
0
0
0
0
0
0
0
0
0
0
-0.7524
-0.72695
-0.75402
-0.74645
-0.73578
-0.773
-0.75846
-0.73928
-0.7639
-0.73116
-0.73513
-0.74498
-0.79376
-0.73116
-0.72616
-0.72995
-0.73023
-0.7302
-0.69566
-0.73185
-0.73253
-0.75512
-0.73245
-0.72846
-0.75581
-0.73164
-0.7326
-0.71397
-0.71001
-0.71647
-0.71375
-0.72056
-0.70917
-0.7138
-0.71652
-0.68574
-0.73286
-0.68638
-0.674
-0.66314
-0.62746
-0.62655
35.9215
-0.7431
-0.67057
-0.67202
-0.60158
-0.72973
-0.68999
-0.68108
-0.72398
0
0
0
0
0
0
0
0
0
0
0
0
0
0
0
0
0
0
0
0
0
0
0
0
0
0
0
0
0
0
0
0
0
0
0
0
0
0
0
0
0
0
0
0
0
0
0
0
0
0
0
0
0
0
0
0
0
0
0
0
0
0
0
0
0
0
0
0
0
0
0
0
0
0
-0.8365
-0.8108
-0.8388
-0.83126
-0.81867
-0.86079
-0.84511
-0.82524
-0.85074
-0.81693
-0.82033
-0.83032
-0.88209
-0.81693
-0.81132
-0.8167
-0.81701
-0.81697
-0.77703
-0.82004
-0.82082
-0.84084
-0.82072
-0.81181
-0.84109
-0.81776
-0.81643
-0.80099
-0.79944
-0.8034
-0.79985
-0.81125
-0.78819
-0.80591
-0.81002
-0.77611
-0.81633
-0.75641
-0.76112
-0.73055
-0.74332
-0.74284
-0.7431
44.6718
-0.74074
-0.74475
-0.68685
-0.81222
-0.77047
0
0
0
0
0
0
0
0
0
0
0
0
0
0
0
0
0
0
0
0
0
0
0
0
0
0
0
0
0
0
0
0
0
0
0
0
0
0
0
0
0
0
0
0
0
0
0
0
0
0
0
0
0
0
0
0
0
0
0
0
0
0
0
0
0
0
-6.1149
0
0
0
0
0
0
0
0
0
-0.75882
-0.73349
-0.76031
-0.75183
-0.7399
-0.7798
-0.76526
-0.74533
-0.75617
-0.73735
-0.74055
-0.7508
-0.79985
-0.73735
-0.73201
-0.73618
-0.73646
-0.73643
-0.69935
-0.73814
-0.73882
-0.76144
-0.73874
-0.73422
-0.74516
-0.73749
-0.73795
-0.71965
-0.71554
-0.72193
-0.71945
-0.72616
-0.71292
-0.71834
-0.71878
-0.68644
-0.73395
-0.67408
-0.6736
-0.6651
-0.67081
-0.67029
-0.67057
-0.74074
37.7447
-0.66747
-0.59761
-0.72691
-0.68391
0
0
0
0
0
0
0
0
0
0
0
0
0
0
0
0
0
0
0
0
0
0
-3.0013
0
0
0
0
0
0
0
0
0
0
0
0
0
0
0
0
0
0
0
0
0
0
0
0
0
0
0
0
0
0
0
0
0
0
0
0
0
0
0
0
0
0
0
0
0
0
0
0
0
0
0
0
0
-0.76027
-0.73271
-0.76114
-0.7579
-0.74254
-0.7799
-0.76513
-0.74585
-0.77401
-0.73713
-0.74474
-0.75473
-0.80414
-0.73713
-0.7365
-0.74023
-0.74051
-0.74047
-0.70458
-0.74261
-0.74329
-0.7635
-0.74322
-0.73757
-0.76499
-0.74138
-0.73844
-0.7242
-0.72127
-0.72709
-0.72406
-0.73195
-0.7169
-0.72342
-0.72892
-0.68532
-0.7442
-0.67645
-0.66817
-0.63789
-0.67223
-0.67176
-0.67202
-0.74475
-0.66747
39.893
-0.61199
-0.73084
-0.67134
0
0
0
0
0
0
0
0
0
0
0
0
0
0
0
0
0
0
0
0
0
0
0
0
0
0
0
0
0
0
0
0
0
0
0
0
0
0
0
0
0
0
0
0
0
0
0
0
0
0
0
0
0
-5.0061
0
0
0
0
0
0
0
0
0
0
0
0
0
0
0
0
0
0
0
0
0
0
-0.71197
-0.68685
-0.71357
-0.70664
-0.69577
-0.73178
-0.71747
-0.69934
-0.7239
-0.69145
-0.69534
-0.70458
-0.75273
-0.69145
-0.6866
-0.69036
-0.69063
-0.6906
-0.6564
-0.69202
-0.69269
-0.71491
-0.69259
-0.68882
-0.71592
-0.69158
-0.69251
-0.674
-0.66724
-0.67632
-0.67371
-0.67997
-0.66862
-0.67291
-0.67058
-0.64226
-0.67887
-0.63382
-0.63
-0.59916
-0.60179
-0.60132
-0.60158
-0.68685
-0.59761
-0.61199
33.8026
-0.67344
-0.63059
0
0
0
0
0
0
0
0
0
0
0
0
0
0
0
-1.3115
0
0
0
0
0
0
0
0
0
0
0
0
0
0
0
0
0
0
0
0
0
0
0
0
0
0
0
0
0
0
0
0
0
0
0
0
0
0
0
0
0
0
0
0
0
0
0
0
0
0
0
0
0
0
0
0
0
0
0
0
-0.82183
-0.79671
-0.82427
-0.81676
-0.80374
-0.84625
-0.83077
-0.81106
-0.83613
-0.80272
-0.80612
-0.81603
-0.86705
-0.80272
-0.79732
-0.80238
-0.80267
-0.80264
-0.76333
-0.80552
-0.80627
-0.82685
-0.80617
-0.79767
-0.82523
-0.80368
-0.80208
-0.78748
-0.7841
-0.78727
-0.7838
-0.79589
-0.77645
-0.79149
-0.79477
-0.76245
-0.80378
-0.74255
-0.74734
-0.71687
-0.72996
-0.72948
-0.72973
-0.81222
-0.72691
-0.73084
-0.67344
43.5049
-0.75771
0
0
0
0
0
0
0
0
0
0
0
0
0
0
0
0
0
0
0
0
0
0
0
0
0
0
0
0
0
0
0
0
0
0
0
0
0
0
0
0
0
0
0
0
0
0
0
0
0
0
0
0
0
0
0
0
0
0
0
0
0
0
0
0
-5.6163
0
0
0
0
0
0
0
0
0
0
0
-0.74328
-0.76029
-0.78533
-0.7805
-0.76668
-0.80528
-0.79043
-0.77086
-0.79571
-0.76266
-0.76815
-0.776
-0.82627
-0.76268
-0.75747
-0.76185
-0.76214
-0.76211
-0.72533
-0.7641
-0.76481
-0.78779
-0.76471
-0.75968
-0.78698
-0.7655
-0.76566
-0.74628
-0.74337
-0.74841
-0.74578
-0.756
-0.7401
-0.75008
-0.75682
-0.71801
-0.76272
-0.6964
-0.6986
-0.66142
-0.6902
-0.68973
-0.68999
-0.77047
-0.68391
-0.67134
-0.63059
-0.75771
40.8838
0
0
0
0
0
0
0
0
0
0
0
0
0
0
0
0
0
0
0
0
0
0
0
0
0
0
0
0
0
0
0
0
0
0
0
0
0
0
0
0
0
0
0
-4.9536
0
0
0
0
0
0
0
0
0
0
0
0
0
0
0
0
0
0
0
0
0
0
0
0
0
0
0
0
0
0
0
0
-0.76662
-0.7579
-0.78502
-0.78042
-0.76683
-0.80525
-0.7905
-0.77097
-0.7966
-0.76288
-0.76677
-0.77638
-0.82651
-0.76289
-0.75744
-0.76199
-0.76227
-0.76224
-0.72596
-0.76492
-0.76562
-0.78664
-0.76554
-0.75865
-0.78793
-0.76354
-0.76321
-0.74529
-0.74003
-0.74762
-0.74515
-0.75246
-0.73938
-0.74543
-0.74737
-0.71266
0
-0.70016
-0.69726
0
-0.68133
-0.6808
-0.68108
0
0
0
0
0
0
34.4429
0
0
0
0
0
0
0
0
0
0
0
0
0
0
0
0
0
0
0
0
0
0
0
0
0
0
0
0
0
0
0
0
0
0
0
-3.4854
0
0
0
0
0
0
0
0
0
0
0
0
0
0
0
0
0
0
0
0
0
0
0
0
0
0
0
0
0
0
0
0
0
0
0
0
0
0
0
-0.82333
-0.7956
-0.8237
-0.8153
-0.8047
-0.84366
-0.82857
-0.8085
-0.83446
-0.79996
-0.80389
-0.81433
-0.86497
-0.79996
-0.79463
-0.79883
-0.79912
-0.79909
-0.76237
-0.80161
-0.80232
-0.82479
-0.80223
-0.79707
-0.82591
-0.80058
-0.80143
-0.78221
-0.77716
-0.78487
-0.78192
-0.78934
-0.77622
-0.78248
-0.78609
-0.75165
0
-0.74071
-0.73694
0
-0.72421
-0.72371
-0.72398
0
0
0
0
0
0
0
32.5324
0
0
0
0
0
0
0
0
0
0
0
0
0
0
0
0
0
0
0
0
0
0
0
0
0
0
0
0
0
0
0
0
0
0
0
0
0
0
0
0
0
0
0
0
0
0
0
0
0
0
0
0
0
0
0
0
0
0
0
0
0
0
0
0
0
0
0
0
0
0
0
0
0
0
-0.86692
-0.83858
-0.86711
-0.85775
-0.84746
-0.88767
-0.87233
-0.85193
-0.87825
-0.84314
-0.84705
-0.85667
-0.90915
-0.84314
-0.83781
-0.84199
-0.84229
-0.84225
-0.80468
-0.84488
-0.84558
-0.86788
-0.8455
-0.83815
-0.86854
-0.84263
-0.84307
-0.82395
-0.8193
-0.82697
-0.824
-0.83166
-0.81791
-0.82433
0
0
0
-0.78176
0
0
0
0
0
0
0
0
0
0
0
0
0
30.5127
0
0
0
0
-0.93046
0
0
0
0
0
0
0
0
0
0
0
0
0
0
0
0
0
0
0
0
0
0
0
0
0
0
0
0
0
0
0
0
0
0
0
0
0
0
0
0
0
0
0
0
0
0
0
0
0
0
0
0
0
0
0
0
0
0
0
0
0
0
0
0
0
0
0
0
-0.85145
-0.82426
-0.8518
-0.84351
-0.83227
-0.87391
-0.8586
-0.83856
-0.86447
-0.83002
-0.83336
-0.84384
-0.89437
-0.83001
-0.82458
-0.82915
-0.82945
-0.82942
-0.79152
-0.83225
-0.83297
-0.85369
-0.83289
-0.8263
-0.85447
-0.83021
-0.83007
-0.81223
-0.80794
-0.81499
-0.81229
-0.82025
-0.80286
-0.81269
0
0
0
0
0
0
0
0
0
0
0
0
0
0
0
0
0
0
33.1996
0
0
0
0
0
0
0
0
0
0
0
0
0
0
0
0
0
0
0
0
0
0
0
0
0
0
0
0
0
0
0
0
0
0
0
0
0
0
0
0
0
0
0
0
0
0
0
0
0
0
0
0
0
0
0
0
0
0
0
-4.8489
0
0
0
0
0
0
0
0
0
0
0
0
-0.83437
-0.80671
-0.83283
-0.82438
-0.81139
-0.85172
-0.83696
-0.81586
-0.84159
-0.80799
-0.77815
-0.82424
-0.87302
-0.808
-0.80201
-0.80709
-0.80737
-0.80734
-0.77202
-0.81238
-0.8131
-0.8369
-0.81302
-0.80673
-0.83526
-0.81005
-0.81133
-0.79283
-0.7883
-0.79471
-0.79303
-0.80037
0
-0.79298
0
0
0
0
0
0
0
0
0
0
0
0
0
0
0
0
0
0
0
30.4768
0
0
0
0
0
0
0
0
0
0
0
0
0
0
0
0
0
0
0
0
0
0
0
0
0
0
0
0
0
-3.6328
0
0
0
0
0
0
0
0
0
0
0
0
0
0
0
0
0
0
0
0
0
0
0
0
0
0
0
0
0
0
0
0
0
0
0
0
0
0
0
0
0
-0.83223
-0.80077
-0.83203
-0.80887
-0.81882
-0.85839
-0.8433
-0.82314
-0.84889
-0.81434
-0.82018
-0.82781
-0.8796
-0.81434
-0.80901
-0.8132
-0.8135
-0.81347
-0.77599
-0.81573
-0.81644
-0.84002
-0.81636
-0.81039
-0.83974
-0.81465
0
-0.79543
-0.79129
-0.79866
-0.79598
-0.80319
0
0
0
0
0
0
0
0
0
0
0
0
0
0
0
0
0
0
0
0
0
0
28.3988
0
0
0
0
0
0
0
0
0
0
0
0
0
0
0
0
0
0
0
0
0
0
0
-3.0131
0
0
0
0
0
0
0
0
0
0
0
0
0
0
0
0
0
0
0
0
0
0
0
0
0
0
0
0
0
0
0
0
0
0
0
0
0
0
0
0
0
0
0
0
0
0
-0.85806
-0.82942
-0.8576
-0.85231
-0.84014
-0.87799
-0.86258
-0.84558
-0.87315
-0.83668
-0.84054
-0.85203
-0.90198
-0.83667
-0.8315
-0.83555
-0.83583
-0.8358
-0.79862
-0.83773
-0.83846
-0.86346
-0.83837
-0.8341
0
-0.83652
0
-0.81824
0
0
0
0
0
0
0
0
-0.83952
0
0
0
0
0
0
0
0
0
0
0
0
0
0
0
0
0
0
25.979
0
-0.87752
0
0
0
0
0
0
0
0
0
0
0
0
0
0
0
-2.2931
0
0
0
0
0
0
0
0
0
0
0
0
0
0
0
0
0
0
0
0
0
0
0
0
0
0
0
0
0
0
0
0
0
0
0
0
0
0
0
0
0
0
0
0
0
0
0
0
0
0
0
-0.87969
-0.85268
-0.87967
-0.8539
-0.85656
-0.9036
-0.888
-0.86705
-0.89055
-0.85782
-0.86082
-0.85148
-0.92282
-0.85782
-0.85288
-0.85719
-0.85748
-0.85746
-0.81585
-0.85984
-0.86058
0
-0.86048
0
0
0
0
0
0
0
0
0
0
0
0
0
0
0
0
0
0
0
0
0
0
0
0
0
0
0
0
-0.93046
0
0
0
0
30.3562
0
0
0
0
0
0
0
0
-1.6223
0
0
0
0
0
0
-2.3754
0
0
0
0
-2.9261
0
0
0
0
-3.4577
0
0
0
0
0
0
0
0
0
0
0
0
0
0
0
0
0
0
0
0
0
0
0
0
0
0
0
0
0
0
0
0
0
0
0
0
0
0
0
0
0
0
-0.94399
-0.91448
-0.94381
-0.93493
-0.92379
-0.9646
-0.9489
-0.9283
-0.95578
-0.91876
-0.92288
-0.93414
-0.98671
-0.91875
-0.91353
-0.91736
-0.91766
-0.91762
-0.8802
-0.92033
-0.92106
-0.94685
-0.92097
-0.91622
0
-0.91972
0
-0.90032
0
0
0
0
0
0
0
0
0
0
0
0
0
0
0
0
0
0
0
0
0
0
0
0
0
0
0
-0.87752
0
25.0092
0
0
0
0
0
0
0
0
0
0
0
0
0
0
0
0
0
0
0
0
0
0
0
0
0
0
0
0
0
0
0
0
0
0
0
0
0
0
0
0
0
0
0
0
0
0
0
0
0
0
0
0
0
0
0
0
0
0
0
0
0
0
0
0
0
0
0
-0.9479
-0.91794
-0.94823
-0.94207
-0.92632
-0.96938
-0.95328
-0.93242
-0.9589
-0.92201
-0.92509
-0.90994
-0.99075
-0.92202
-0.91745
-0.92084
-0.92114
-0.92111
-0.88572
-0.92829
-0.92903
0
-0.92894
0
0
0
0
0
0
0
0
0
0
0
0
0
0
0
0
0
0
0
0
0
0
0
0
0
0
0
0
0
0
0
0
0
0
0
28.1262
0
0
0
0
0
0
0
0
0
0
0
0
0
0
0
0
0
0
-2.8958
0
0
0
0
0
0
0
0
0
0
0
0
0
0
0
0
0
0
0
0
0
0
0
0
0
0
0
-4.7115
0
0
0
0
0
0
0
0
0
0
0
0
0
0
0
0
0
0
0
-0.90014
-0.8692
-0.901
-0.82221
-0.87911
-0.9194
-0.90393
-0.88271
-0.90915
-0.87365
-0.87435
-0.88858
-0.94155
-0.87365
-0.86763
-0.87183
-0.87212
-0.87209
-0.83477
-0.87459
-0.87532
0
-0.87522
0
0
0
0
0
0
0
0
0
0
0
0
0
0
0
0
0
0
0
0
0
0
0
0
0
0
0
0
0
0
0
0
0
0
0
0
23.3077
0
0
0
0
0
0
0
0
0
0
0
0
0
0
0
0
0
0
0
0
0
0
0
0
0
0
0
0
0
0
0
0
0
0
0
0
0
0
0
0
0
0
0
-3.9255
0
0
0
0
0
0
0
0
0
0
0
0
0
0
0
0
0
0
0
0
0
-0.90177
-0.86356
-0.89699
-0.85233
-0.86882
-0.91585
-0.90329
-0.87967
-0.90853
-0.87278
-0.82738
0
-0.94024
-0.87277
-0.86806
-0.8749
-0.87519
-0.87516
0
0
0
0
0
0
0
0
0
0
0
0
0
0
0
0
0
0
0
0
0
0
0
0
0
0
0
0
0
0
0
0
0
0
0
0
0
0
0
0
0
0
26.423
0
0
0
0
0
0
0
0
0
-1.9123
0
0
0
0
0
-2.9114
0
0
0
0
0
0
-3.3388
0
0
0
0
0
0
-3.2631
0
0
0
0
0
0
0
0
0
0
0
0
0
0
0
0
0
0
0
0
0
0
0
0
0
0
0
0
0
0
0
0
0
0
-1.0208
-0.98899
-1.02
-1.0167
-0.99823
-1.0412
-1.0244
-1.0044
-1.0314
-0.99319
-0.99683
-1.0071
-1.0637
-0.99319
-0.98914
-0.99169
-0.99199
-0.99195
0
0
0
0
0
0
0
0
0
0
0
0
0
0
0
0
0
0
0
0
0
0
0
0
0
0
0
0
0
0
0
0
0
0
0
0
0
0
0
0
0
0
0
22.5563
0
0
0
0
0
0
0
0
0
0
0
0
0
0
0
0
0
0
0
0
0
0
0
0
0
0
0
0
0
0
0
0
0
0
0
0
0
0
0
0
0
0
0
-4.3913
0
0
0
0
0
0
0
0
0
0
0
0
0
0
0
0
0
0
0
-1.0391
-1.0078
-1.0385
-1.0313
-1.0164
-1.0597
-1.0442
-1.0216
-1.0498
-1.0129
-1.0162
-1.0114
-1.0817
-1.0129
-1.0054
-1.0105
-1.0108
-1.0108
0
0
0
0
0
0
0
0
0
0
0
0
0
0
0
0
0
0
0
0
0
0
0
0
0
0
0
0
0
0
0
0
0
0
0
0
0
0
0
0
0
0
0
0
21.7949
0
0
0
0
0
0
0
0
0
0
0
0
0
0
0
0
0
0
0
0
0
-3.314
0
0
0
0
0
0
0
0
0
0
0
0
0
0
0
0
0
0
0
0
0
0
0
0
0
0
0
0
0
0
0
0
0
0
0
0
0
0
0
0
-1.4331
-1.3991
-1.4303
0
-1.4036
-1.4544
-1.4328
-1.4147
0
-1.4016
0
0
0
-1.4016
0
0
0
0
0
0
0
0
0
0
0
0
0
0
0
0
0
0
0
0
0
0
0
0
0
0
0
0
0
0
0
0
0
0
0
0
0
0
0
0
0
0
0
0
0
0
0
0
0
19.8544
0
0
0
0
0
0
0
0
0
0
0
0
-2.9788
0
0
0
0
0
0
0
0
0
0
0
0
0
0
0
0
0
0
0
0
0
0
0
0
0
-4.1046
0
0
0
0
0
0
0
0
0
0
0
0
0
0
0
0
0
0
0
0
0
0
0
0
0
0
0
0
0
0
0
0
0
0
0
0
0
0
0
0
0
0
0
0
0
0
0
0
0
0
-1.4358
0
0
0
0
0
-1.4444
0
0
0
0
-1.3473
0
0
0
0
0
0
-1.3115
0
0
0
0
0
0
0
0
0
0
0
0
0
0
0
0
0
22.8241
0
-2.1471
-2.1431
0
0
0
0
0
0
0
0
0
0
0
0
0
0
0
0
0
0
0
0
0
0
0
0
0
0
0
0
-3.9986
0
0
0
0
0
0
0
0
0
-4.0419
0
0
0
0
0
0
0
0
0
0
0
0
0
0
0
0
-4.9545
0
0
0
0
0
-1.6447
0
0
0
0
0
0
0
0
0
0
0
0
0
-1.5965
0
0
0
0
0
-1.6156
0
0
0
0
0
0
0
0
0
-1.6228
0
0
0
0
0
0
0
0
0
0
0
0
0
0
0
0
0
0
0
0
0
-1.6223
0
0
0
0
0
0
0
0
17.8733
0
0
0
0
0
-2.941
0
0
0
0
-3.141
0
0
0
0
0
0
0
0
0
0
0
0
0
0
0
0
0
0
0
0
0
-3.6893
0
0
0
0
0
0
0
0
0
0
0
0
0
0
0
0
0
0
0
0
0
0
0
0
0
0
-1.9685
-1.938
-1.9646
0
0
-1.9926
-1.9702
0
0
0
0
0
0
0
0
0
0
0
0
0
0
0
0
0
0
0
0
0
0
0
0
0
0
0
0
0
0
0
0
0
0
0
0
0
0
0
0
0
0
0
0
0
0
0
0
0
0
0
0
0
0
0
0
0
-2.1471
0
14.3192
0
0
0
0
0
0
-2.3382
0
0
0
0
0
0
0
0
0
0
0
0
0
0
0
0
0
0
0
0
0
0
0
0
0
0
0
0
0
0
0
0
0
0
0
0
0
0
0
0
0
0
0
0
0
0
0
0
0
0
0
0
0
0
0
0
0
-1.7785
0
0
0
0
0
0
0
0
0
0
0
0
0
0
0
0
0
0
0
0
0
0
0
0
0
0
0
0
0
0
0
0
0
0
0
0
0
0
0
0
0
0
0
0
0
0
0
0
0
0
0
0
0
0
0
0
0
-2.1431
0
0
18.4903
0
0
0
0
0
0
0
0
0
0
0
0
0
0
0
0
0
0
0
0
0
-3.3767
0
0
0
0
0
0
0
0
-3.3746
0
0
0
0
0
0
0
0
0
0
0
0
0
0
0
-3.9087
0
-3.9087
0
0
0
0
0
0
0
0
0
0
0
0
0
0
0
0
0
0
0
0
0
0
0
0
0
0
-2.1932
0
0
0
0
0
0
0
0
0
0
0
0
0
0
0
0
0
0
0
0
0
0
0
0
0
0
0
0
0
0
0
0
0
0
0
0
0
0
0
0
0
0
0
0
0
0
0
0
0
16.7822
0
0
0
0
0
0
0
0
0
0
0
-3.1024
0
0
0
0
0
0
0
-3.3957
-3.5155
0
0
0
0
0
0
0
0
0
0
0
0
0
0
0
0
0
0
0
0
0
0
0
0
0
0
0
-4.5753
0
0
0
0
0
0
0
-2.6128
-2.5861
-2.6192
0
0
0
0
0
0
0
0
0
0
0
0
0
0
0
0
0
0
0
0
0
0
0
0
0
0
0
0
0
0
0
0
0
0
0
0
0
0
0
0
0
0
0
0
0
0
0
0
0
0
0
0
0
0
0
0
0
0
0
0
0
0
0
0
0
0
14.1332
0
0
0
0
0
0
0
0
-2.9395
0
0
-3.3757
0
0
0
0
0
0
0
0
0
0
0
0
0
0
0
0
0
0
0
0
0
0
0
0
0
0
0
0
0
0
0
0
0
0
0
0
0
0
0
0
0
0
0
0
-2.1037
0
0
0
0
0
0
0
0
0
0
0
0
0
0
0
0
0
0
0
0
0
0
0
0
0
0
0
0
0
0
0
0
0
0
0
0
0
0
0
0
0
0
0
0
0
0
0
0
0
0
0
0
0
0
0
0
0
0
-1.9123
0
0
0
0
0
0
0
0
0
14.955
0
0
0
0
0
0
0
0
0
0
0
0
0
0
0
0
0
0
0
0
0
0
0
0
0
0
0
0
-2.7563
-3.8425
0
0
0
0
0
0
0
0
0
0
0
0
0
0
0
0
0
0
0
-4.3401
0
0
0
0
0
0
0
0
0
0
0
0
-3.2463
0
0
0
0
0
0
0
0
0
0
0
0
0
0
0
-3.1674
0
0
0
0
0
0
0
0
0
0
0
0
0
0
0
0
0
0
0
-3.0013
0
0
0
0
0
0
0
0
0
0
0
0
0
0
0
0
0
0
0
0
-2.941
0
0
0
0
0
12.356
0
0
0
0
0
0
0
0
0
0
0
0
0
0
0
0
0
0
0
0
0
0
0
0
0
0
0
0
0
0
0
0
0
0
0
0
0
0
0
0
0
0
0
0
0
0
0
0
0
0
0
0
0
0
0
0
0
0
0
0
0
0
0
0
0
0
0
0
0
0
0
0
0
0
0
0
0
0
0
-2.4778
0
0
0
0
0
0
0
0
0
0
0
0
0
0
0
0
0
0
0
0
0
0
0
0
0
0
0
0
0
-2.3754
0
0
0
0
0
0
0
0
0
0
0
0
0
0
0
11.5083
0
0
0
0
0
0
0
0
0
0
0
0
0
0
0
0
0
0
0
0
0
0
0
0
0
0
0
0
0
0
0
0
0
0
-3.6697
-2.9854
0
0
0
0
0
0
0
0
0
0
0
0
0
0
0
0
0
0
0
0
0
0
0
0
0
0
0
0
0
0
0
0
0
0
0
0
0
0
0
0
0
0
0
0
0
0
0
0
0
0
0
0
0
0
0
0
0
0
0
0
0
0
0
0
0
0
0
0
0
0
0
-2.2931
0
0
0
0
0
0
0
0
0
0
-2.3382
0
0
0
0
0
0
10.2754
0
0
0
0
0
0
0
0
0
0
0
0
0
0
0
0
0
0
0
0
0
0
0
0
0
0
0
-4.8834
0
0
0
0
0
0
0
0
0
0
0
0
0
0
0
0
0
0
0
0
0
0
-0.76077
0
0
0
0
0
0
0
-2.9314
0
0
0
0
0
0
-2.9067
0
0
0
0
0
0
0
0
0
0
0
0
0
0
-2.8613
0
0
0
0
0
0
0
0
0
0
0
0
0
0
0
0
0
0
0
0
0
0
0
0
0
0
0
0
0
0
0
0
0
0
0
0
0
0
0
0
0
0
0
0
12.1633
-3.4638
0
0
0
0
0
0
0
0
0
0
0
0
0
0
0
0
0
0
0
0
0
0
0
0
0
0
0
0
0
0
0
0
0
0
0
0
0
0
0
0
0
0
0
0
0
0
0
0
0
0
0
0
0
0
0
0
0
0
0
0
0
0
0
0
0
0
0
0
0
0
0
0
0
0
0
0
0
0
0
0
0
0
0
0
0
-2.8383
0
-2.7705
0
0
0
0
0
0
0
0
0
0
0
0
0
0
0
0
0
0
0
0
0
0
0
0
0
0
0
0
0
0
0
0
0
0
0
-3.4638
12.3724
0
0
0
-3.2998
0
0
0
0
0
0
0
0
0
0
0
0
0
0
0
0
0
0
0
0
0
0
0
0
0
0
0
0
0
0
0
0
0
0
0
0
0
0
0
0
0
0
0
0
0
0
0
0
0
0
0
0
0
0
0
0
0
0
0
0
0
0
0
0
0
0
0
0
0
0
0
-3.3648
0
0
0
0
0
0
0
0
0
0
0
0
0
0
0
0
0
0
0
0
0
0
0
0
0
0
0
0
0
0
0
0
0
-2.9114
0
0
-2.9788
0
-3.141
0
0
0
0
0
0
0
0
0
0
12.396
0
0
0
0
0
0
0
0
0
0
0
0
0
0
0
0
0
0
0
0
0
0
0
0
0
0
0
0
0
0
0
0
0
0
0
0
0
0
0
0
0
0
0
0
0
0
0
0
0
0
0
0
0
0
0
0
0
0
0
-3.1757
0
0
0
0
0
0
0
0
0
0
0
-3.1608
0
0
0
0
0
0
0
0
0
0
0
0
0
0
0
0
0
0
0
0
0
0
0
0
0
0
0
0
0
0
0
0
-2.9261
0
-2.8958
0
0
0
0
0
0
0
0
0
0
0
0
0
0
0
0
0
0
12.1585
0
0
0
0
0
0
0
0
0
0
0
0
0
0
0
0
0
0
0
0
0
0
0
0
0
0
0
0
0
0
0
0
0
0
0
0
0
0
0
0
0
0
0
0
0
0
0
0
0
0
-3.3118
0
0
0
0
0
0
0
0
0
0
0
0
0
0
0
0
0
0
0
0
0
0
0
0
0
0
0
0
-3.2061
0
0
0
0
0
0
0
0
0
0
0
0
0
0
0
0
0
0
0
0
0
-3.0131
0
0
0
0
0
0
0
0
0
0
0
0
0
0
-2.9395
0
0
0
0
0
0
0
0
12.4704
0
0
0
0
0
0
0
0
0
0
0
0
0
0
0
0
0
0
0
0
0
0
0
0
0
0
0
0
0
0
0
0
0
0
0
0
0
0
0
0
0
0
0
0
0
0
0
-2.9071
-2.9371
0
0
0
0
0
0
0
0
0
0
0
0
0
0
0
0
0
0
0
0
0
0
0
0
0
0
0
0
0
0
0
0
0
0
0
0
0
0
0
0
0
0
0
0
0
0
0
0
0
0
0
0
0
0
0
0
0
0
0
0
0
0
0
0
0
0
0
0
0
0
0
0
-3.2998
0
0
0
14.2044
0
0
0
0
0
0
0
0
0
0
0
0
0
0
0
0
0
0
0
0
0
0
0
0
0
0
0
0
0
0
0
-5.0604
0
0
0
0
0
0
0
0
0
0
0
0
0
0
0
0
0
0
0
0
0
0
0
0
0
0
0
0
0
0
0
0
0
0
-3.0567
0
0
0
0
0
0
0
0
-2.9654
0
0
0
0
-2.9018
0
0
0
0
0
0
0
0
0
0
0
0
0
0
0
0
0
0
0
0
0
0
0
0
0
0
0
0
0
0
0
0
-3.1024
0
0
0
0
0
0
0
0
0
0
0
12.0263
0
0
0
0
0
0
0
0
0
0
0
0
0
0
0
0
0
0
0
0
0
0
0
0
0
0
0
0
0
0
0
0
0
0
0
0
0
0
0
0
0
0
0
0
0
0
0
0
0
0
0
0
0
0
0
0
0
0
0
0
0
0
0
0
0
0
0
0
0
0
0
0
0
0
0
0
0
0
0
0
0
0
0
-2.9839
0
0
0
0
0
0
0
0
0
0
0
0
0
0
0
0
0
0
0
0
0
0
0
0
0
0
0
0
0
-3.3757
0
0
0
0
0
0
0
0
0
0
0
11.073
0
0
0
0
0
0
0
0
0
0
0
0
0
0
0
0
0
0
-4.7134
0
0
0
0
0
0
0
0
0
0
0
0
0
0
0
0
0
0
0
0
0
0
0
0
0
0
0
0
0
0
0
0
0
0
0
0
0
0
0
0
0
0
0
0
0
0
0
0
0
0
0
0
0
0
0
0
0
0
0
0
0
0
0
0
0
0
0
0
0
0
0
0
0
0
0
0
0
0
0
0
-3.4577
0
0
0
0
0
0
0
0
0
0
0
0
0
0
0
0
0
0
0
0
0
0
0
0
0
12.4285
0
0
0
0
0
0
0
0
0
0
0
0
-4.5937
0
-4.377
0
0
0
0
0
0
0
0
0
0
0
0
0
0
0
0
0
0
0
0
0
0
0
0
0
0
0
0
0
0
0
0
0
0
0
0
0
-3.9645
0
0
0
0
0
0
0
0
0
0
0
0
0
0
0
0
0
0
0
0
0
0
0
0
0
0
0
0
0
0
0
0
0
0
0
0
0
0
0
0
0
0
-3.6328
0
0
0
0
0
0
-3.3388
0
0
0
0
0
0
0
0
0
0
0
0
0
0
0
0
0
0
0
0
0
0
10.9361
0
0
0
0
0
0
0
0
0
0
0
0
0
0
0
0
0
0
0
0
0
0
0
0
0
0
0
0
0
0
0
0
0
0
0
0
0
0
0
0
0
0
0
0
0
0
0
0
0
0
0
0
0
0
0
0
0
0
0
0
0
0
0
0
-3.7338
0
0
0
0
0
0
0
0
0
0
0
0
0
0
0
0
0
0
0
0
0
0
0
0
0
0
0
0
0
0
0
0
0
0
0
0
0
0
-3.314
0
0
0
0
0
0
0
0
0
0
0
0
0
0
0
0
0
0
0
0
0
10.918
0
-3.8702
0
0
0
0
0
0
0
0
0
0
0
0
0
0
0
0
0
0
0
0
0
0
0
0
0
0
0
0
0
0
0
0
0
0
0
0
0
0
-3.7827
0
0
0
0
0
0
0
0
0
0
0
0
0
0
0
0
0
0
0
0
0
0
0
0
0
0
0
0
0
0
0
0
0
0
0
0
0
0
0
0
0
0
0
0
0
0
0
0
-3.4854
0
0
0
0
0
0
0
0
0
0
0
0
0
0
0
0
0
0
0
0
0
0
0
0
0
0
0
0
0
0
0
0
0
0
0
11.7011
0
0
0
0
0
0
0
0
0
-4.4331
0
0
0
0
0
0
0
0
0
0
0
0
0
0
0
0
0
0
0
0
0
0
0
0
0
0
0
0
0
0
0
0
0
0
0
0
0
0
0
0
-3.3952
0
0
0
0
0
0
0
0
0
0
0
0
0
0
0
0
0
0
0
0
0
0
0
0
0
0
0
0
0
0
0
0
0
0
0
0
0
0
0
0
0
0
0
0
0
0
0
0
0
0
0
0
0
0
0
0
0
0
0
0
0
0
0
0
0
0
0
0
0
0
0
0
-3.8702
0
11.4766
0
0
0
0
0
0
0
0
0
0
0
0
0
0
0
0
0
-4.2112
0
0
0
0
0
0
0
0
0
0
0
0
0
0
0
0
0
0
0
0
0
0
0
0
0
-3.3279
0
0
-3.3101
0
0
0
0
0
0
0
0
0
0
0
0
0
0
0
0
0
0
0
0
0
0
0
0
0
0
0
0
0
0
0
0
0
0
0
0
0
0
0
0
0
0
0
0
0
0
0
0
0
0
0
0
0
0
0
0
0
0
0
0
0
0
0
0
0
0
0
0
0
0
0
0
0
0
0
0
0
0
8.0274
0
0
0
0
0
0
0
0
0
0
0
0
0
0
0
0
0
0
0
0
0
0
0
0
0
0
0
0
0
0
0
-1.3894
0
0
0
0
0
0
0
0
0
0
0
0
0
0
0
0
0
0
0
0
0
0
0
0
0
0
0
0
0
0
0
0
0
0
0
0
0
0
0
0
0
0
0
0
0
0
0
0
0
0
0
0
0
0
0
0
0
0
0
0
0
0
0
0
0
0
0
0
0
0
0
0
0
-3.3957
0
0
0
0
0
0
0
0
0
0
0
0
0
0
0
0
0
0
0
12.0489
0
0
0
0
0
0
0
0
0
0
0
0
0
0
0
-4.1246
0
-4.5285
0
0
0
0
0
0
0
0
0
0
0
0
0
0
0
0
0
0
0
0
0
0
-3.4335
0
0
0
0
0
0
0
0
0
0
0
0
0
0
0
0
0
0
0
0
0
0
0
0
0
0
0
0
0
0
0
0
0
0
0
0
0
0
0
0
0
0
0
0
0
0
0
0
0
0
0
0
0
0
0
0
0
0
0
0
0
0
-3.3767
-3.5155
0
0
0
0
0
0
0
0
0
0
0
0
0
0
0
0
0
0
0
0
10.3257
0
0
0
0
0
0
0
0
0
0
0
0
0
0
0
0
0
0
0
0
0
0
0
0
0
0
0
0
0
0
0
0
0
0
0
0
0
0
-3.8902
0
0
0
0
0
0
0
0
0
0
0
0
0
0
0
0
0
0
0
0
0
-3.809
0
0
0
0
0
0
0
0
0
0
0
0
0
0
0
0
0
0
0
0
0
0
0
0
0
0
0
0
0
0
0
0
0
0
-3.2631
0
0
0
0
0
0
0
0
0
0
0
0
0
0
0
0
0
0
0
0
0
0
0
0
0
0
0
0
0
10.9624
0
0
0
0
0
0
0
0
0
0
0
0
0
0
0
0
0
0
0
0
0
0
0
0
0
0
0
0
0
0
0
0
0
0
0
0
0
0
0
0
0
0
0
0
0
0
0
0
0
0
0
0
0
0
0
-3.6899
0
0
0
0
0
0
0
0
0
0
0
0
0
0
0
0
0
0
0
0
0
0
0
0
0
0
0
0
0
0
0
0
0
0
0
0
0
0
0
0
0
0
0
0
0
0
0
0
0
0
0
0
0
0
0
0
0
0
0
0
0
0
0
0
0
0
0
0
0
8.4612
0
0
0
0
0
0
0
0
0
0
0
0
0
0
0
0
-4.7713
0
0
0
0
0
0
0
0
0
0
0
0
0
0
0
0
-5.3988
0
0
0
0
0
0
0
0
0
0
0
0
0
0
0
0
0
0
0
0
0
0
0
0
0
0
0
0
0
0
0
0
0
0
0
0
0
0
0
0
0
0
0
0
0
0
0
-4.9536
0
0
0
0
0
0
0
0
0
0
0
0
0
0
0
0
0
0
0
0
0
0
0
0
0
0
0
0
0
0
0
0
0
0
0
0
0
0
0
0
0
0
0
10.3524
0
0
0
0
0
0
0
0
0
0
0
0
0
0
0
0
0
0
0
0
0
0
0
0
0
0
0
0
0
0
0
0
0
0
0
0
0
0
0
0
0
0
0
0
0
0
0
0
0
0
0
0
0
-4.7721
0
0
0
0
-4.6982
0
0
0
0
0
0
0
0
0
0
0
0
0
0
0
0
0
0
0
0
0
0
0
0
0
0
0
0
0
0
0
0
0
0
0
0
0
0
0
0
0
0
0
0
0
0
0
0
0
0
0
0
0
0
0
0
0
0
0
0
0
0
0
0
0
0
9.4703
0
0
0
0
0
0
0
0
0
0
0
0
0
0
0
0
0
0
0
0
0
0
0
0
0
0
0
0
0
0
0
0
-5.0829
0
-5.1104
0
0
0
0
0
0
0
0
0
0
0
0
0
0
0
0
0
0
0
0
0
0
0
0
0
0
0
0
0
0
0
0
0
0
0
0
0
0
0
0
0
0
0
0
0
0
0
0
0
0
0
0
0
0
0
0
0
0
0
0
0
0
0
0
0
0
0
0
0
0
0
0
0
0
0
0
0
0
0
0
0
0
0
0
0
0
0
0
0
0
10.1933
0
0
0
0
0
0
0
0
0
0
0
0
0
0
0
0
0
0
0
0
0
0
0
0
0
0
0
0
0
0
0
0
0
0
0
0
0
0
0
0
0
0
0
0
0
0
0
0
0
0
0
0
0
0
0
0
0
0
0
0
0
0
0
0
0
0
0
0
0
0
0
0
0
0
0
0
0
0
0
0
0
0
0
0
0
0
0
0
0
0
0
0
0
0
0
0
0
0
0
0
0
0
0
0
0
0
0
0
0
0
0
0
-4.5937
0
0
-4.4331
0
0
0
0
0
0
0
0
0
9.0268
0
0
0
0
0
0
0
0
0
0
0
0
0
0
0
0
0
0
0
0
0
0
0
0
0
0
0
0
0
0
0
0
0
0
0
0
0
0
0
0
0
0
0
0
0
0
0
0
0
0
0
0
0
0
0
0
0
0
0
0
0
0
0
0
0
-4.617
0
0
0
0
0
0
0
0
0
0
0
0
0
0
0
0
0
0
0
0
0
0
0
0
0
0
0
-3.9986
0
0
0
0
0
0
0
0
0
0
0
0
0
0
0
0
0
0
0
0
0
0
0
0
0
0
0
0
0
0
0
8.6156
0
0
0
0
0
0
0
0
0
0
0
0
0
0
0
0
0
0
0
0
0
0
0
0
0
0
0
0
0
0
0
-4.9947
0
0
0
0
0
0
0
0
0
0
0
0
0
0
0
0
0
0
0
0
0
0
0
0
0
0
0
0
0
0
0
0
0
0
0
0
0
0
0
0
0
0
0
0
0
0
0
0
0
0
0
0
0
0
0
0
0
0
0
0
0
0
0
0
0
0
0
0
0
0
0
0
0
0
0
0
0
0
-4.377
0
0
0
0
0
0
0
0
0
0
0
0
0
0
9.3717
0
0
0
0
0
0
0
0
0
0
0
0
0
0
0
0
0
0
0
0
0
0
0
0
0
0
0
0
0
0
0
0
0
0
0
0
0
0
0
0
0
0
0
0
0
0
0
0
0
0
0
0
0
0
0
0
0
0
0
0
0
0
0
0
0
0
0
0
0
0
0
0
0
0
0
0
0
0
0
0
0
0
0
0
0
0
0
0
0
0
0
0
-3.6893
0
-3.3746
0
0
0
0
0
0
0
0
0
0
0
0
0
0
0
0
0
0
0
0
0
0
0
0
0
0
0
0
0
0
7.0639
0
0
0
0
0
0
0
0
0
0
0
0
0
0
0
0
0
0
0
0
0
0
0
0
0
0
-2.3865
0
0
0
0
0
0
0
0
0
0
0
0
0
0
0
0
0
0
0
0
0
0
0
0
0
0
0
0
0
0
0
0
0
0
0
0
0
0
0
0
0
0
0
0
0
0
0
0
0
0
0
0
0
0
0
0
0
0
0
0
0
0
0
0
0
0
0
0
0
-2.7563
0
0
0
0
0
0
0
0
0
0
0
0
0
0
0
0
0
0
0
0
0
0
0
0
0
0
0
0
5.1427
0
0
0
0
0
0
0
0
0
0
0
0
0
0
0
0
0
0
0
0
0
0
0
0
0
0
0
0
0
0
0
0
0
0
0
0
0
0
0
0
0
0
0
0
0
0
0
0
0
0
0
0
0
0
0
0
0
0
0
0
0
0
0
0
0
0
0
0
0
0
0
0
0
0
0
0
0
0
0
0
0
0
0
0
0
0
0
0
0
0
0
0
0
0
0
-3.8425
0
0
0
0
0
0
0
0
0
0
-4.7134
0
0
0
0
0
0
0
0
0
0
0
0
0
0
0
0
0
0
8.5559
0
0
0
0
0
0
0
0
0
0
0
0
0
0
0
0
0
0
0
0
0
0
0
0
0
0
0
0
0
0
0
0
0
0
0
0
0
0
0
0
0
0
0
0
0
0
0
0
0
0
0
0
0
0
0
0
-2.7407
0
0
0
0
0
0
0
0
0
0
0
0
0
0
0
0
0
0
0
0
0
0
0
0
0
0
0
0
0
0
0
0
0
0
0
0
0
0
0
0
-4.8834
0
0
0
0
0
0
0
0
0
0
0
0
0
0
0
0
0
0
0
0
0
0
0
0
0
0
0
7.6241
0
0
0
0
0
0
0
0
0
0
0
0
0
0
0
0
0
0
0
0
0
0
0
0
0
0
0
0
0
0
0
0
0
0
0
0
0
0
0
0
0
0
0
0
0
0
0
0
0
0
0
0
0
0
0
0
0
0
0
0
0
0
0
0
0
0
0
0
-5.0061
0
0
0
0
0
0
0
0
0
0
0
0
0
0
0
0
0
-4.1046
0
0
0
0
0
0
0
0
0
0
0
0
0
0
0
0
0
0
0
0
0
0
0
0
0
0
0
0
0
0
0
0
0
0
0
0
0
0
9.1107
0
0
0
0
0
0
0
0
0
0
0
0
0
0
0
0
0
0
0
0
0
0
0
0
0
-4.7452
0
0
0
0
0
0
0
0
0
0
0
0
0
0
0
0
0
0
0
0
0
0
0
0
0
0
0
0
0
0
0
0
0
0
0
0
0
0
0
0
0
0
0
0
0
0
0
0
0
0
0
0
0
0
0
-3.9255
0
0
0
0
0
0
0
0
0
0
0
0
0
0
0
0
0
0
0
0
0
0
0
0
0
0
0
0
0
0
0
0
0
0
0
0
0
0
0
0
0
0
0
8.6707
0
0
0
0
0
0
0
0
0
0
0
0
0
0
0
0
0
0
0
0
0
0
0
0
0
0
0
0
0
0
0
0
0
0
0
0
0
0
0
0
0
0
0
0
0
0
0
0
0
0
0
0
0
0
0
0
0
0
0
0
0
0
0
0
0
0
0
0
0
0
0
0
0
0
0
0
0
0
0
0
0
0
0
0
0
0
0
0
0
0
0
0
0
0
0
0
0
0
0
0
0
0
0
0
0
0
0
-4.2112
0
-4.1246
0
0
0
0
0
0
0
0
0
0
0
0
0
0
0
8.3359
0
0
0
0
0
0
0
0
0
0
0
0
0
0
0
0
0
0
0
0
0
0
0
0
0
0
0
0
0
0
0
0
0
0
0
0
0
0
0
0
0
0
0
0
0
0
0
0
0
0
0
0
0
0
0
0
0
0
0
0
0
0
0
0
0
0
0
0
0
0
0
0
0
0
0
0
0
0
-4.7115
0
0
-4.3913
0
0
0
0
0
0
0
0
0
0
0
0
0
0
0
0
0
0
0
0
0
0
0
0
0
0
0
0
0
0
0
0
0
0
0
0
0
0
0
0
0
0
0
9.1028
0
0
0
0
0
0
0
0
0
0
0
0
0
0
0
0
0
0
0
0
0
0
0
0
0
0
0
0
0
0
0
0
0
0
0
0
0
0
0
0
0
0
0
0
0
0
0
0
0
0
0
0
0
0
0
0
0
0
0
0
0
0
0
0
0
0
0
0
0
0
0
0
0
0
0
0
0
0
0
0
0
0
0
-4.0419
0
0
0
0
0
0
0
0
0
0
0
0
0
0
0
0
0
0
0
0
0
0
0
-4.5285
0
0
0
0
0
0
0
0
0
0
0
0
0
0
0
0
0
8.5704
0
0
0
0
0
0
0
0
0
0
0
0
0
0
0
0
0
0
0
0
0
0
0
0
0
0
0
0
0
0
0
0
0
0
0
0
0
0
0
0
0
-2.4482
0
0
0
0
0
0
0
0
0
0
0
0
0
0
0
0
0
0
0
0
0
0
0
0
0
0
0
0
0
0
0
0
0
0
0
0
0
0
0
0
0
0
0
0
0
0
0
0
-3.6697
0
0
0
0
0
0
0
0
0
0
0
0
0
0
0
0
0
0
0
0
0
0
0
0
0
0
0
0
0
0
0
0
0
0
6.1179
0
0
0
0
0
0
0
0
0
0
0
0
0
0
0
0
0
0
0
0
0
0
0
0
0
0
0
0
0
0
0
0
0
0
0
0
0
0
0
0
0
0
0
0
0
0
0
0
0
0
0
0
0
0
0
0
0
0
0
0
0
0
0
0
0
0
0
0
0
0
0
0
0
0
0
0
0
0
0
0
0
0
0
0
0
0
0
0
0
-2.9854
0
0
0
0
0
0
0
0
0
0
0
0
0
0
0
0
0
0
-4.7713
0
0
0
0
0
0
0
0
0
0
0
0
0
0
0
0
7.7566
0
0
0
0
0
0
0
0
0
0
0
0
0
0
0
0
0
0
0
0
0
0
0
0
0
0
0
0
-6.7476
0
0
0
0
0
0
0
0
0
0
0
0
0
0
0
0
0
0
0
0
0
0
0
0
0
0
0
0
0
0
0
0
0
0
0
0
0
0
0
0
0
0
0
0
0
0
0
0
0
0
0
0
0
0
0
0
0
0
0
0
0
0
0
0
0
0
0
0
0
0
0
0
0
0
0
0
0
0
0
0
0
0
0
0
0
0
0
0
0
0
0
0
0
0
0
0
6.7476
0
0
0
0
0
0
0
0
0
0
0
0
0
0
0
0
0
0
0
0
0
0
0
0
0
0
0
0
0
0
0
0
0
0
0
0
0
0
0
-6.3419
0
0
0
0
0
0
0
0
0
0
0
0
0
0
0
0
0
0
0
0
0
0
0
0
0
0
0
0
0
0
0
0
0
0
0
0
0
0
0
0
0
0
0
0
0
0
0
0
0
0
0
0
0
0
0
0
0
0
0
0
0
0
0
0
0
0
0
0
0
0
0
0
0
0
0
0
0
0
0
0
0
0
0
0
0
6.3419
0
0
0
0
0
0
0
0
0
0
0
0
0
0
0
0
0
0
0
0
0
0
0
0
0
0
0
0
0
0
0
0
0
0
0
0
0
0
0
0
0
0
0
0
0
0
0
0
0
0
0
0
0
0
0
0
0
0
0
0
0
0
0
0
0
0
0
0
0
0
0
0
0
0
0
0
0
0
0
0
0
0
0
0
0
0
0
0
0
0
0
0
0
-5.0604
0
0
0
0
0
0
0
0
0
0
0
0
0
0
0
0
0
0
0
0
0
0
0
0
0
0
0
0
0
0
0
5.0604
0
0
0
0
0
0
0
0
0
0
0
0
0
0
0
0
0
0
0
0
0
0
0
0
0
0
0
0
0
0
0
0
0
0
0
0
0
0
0
0
0
0
0
0
0
0
0
0
0
0
0
0
0
0
0
0
0
0
0
0
0
0
0
0
0
-4.8489
0
0
0
0
0
0
0
0
0
0
0
0
0
0
0
0
0
0
0
0
0
0
0
0
0
0
0
0
0
0
0
0
0
0
0
0
0
0
0
0
0
0
0
0
0
0
0
0
0
0
0
0
0
0
0
0
0
0
0
4.8489
0
0
0
0
0
0
0
0
0
0
0
0
0
0
0
0
0
0
0
0
0
0
0
0
0
0
0
0
0
0
0
0
0
0
0
0
0
0
0
0
0
0
0
0
0
0
0
0
0
0
0
0
0
0
0
0
0
0
0
-5.6163
0
0
0
0
0
0
0
0
0
0
0
0
0
0
0
0
0
0
0
0
0
0
0
0
0
0
0
0
0
0
0
0
0
0
0
0
0
0
0
0
0
0
0
0
0
0
0
0
0
0
0
0
0
0
0
0
0
0
0
0
0
0
0
0
0
5.6163
0
0
0
0
0
0
0
0
0
0
0
0
0
0
0
0
0
0
0
0
0
0
0
0
0
0
0
0
0
0
0
0
0
0
0
0
0
0
0
0
0
0
0
0
0
0
0
0
0
0
0
0
0
0
0
0
0
0
0
0
0
0
0
0
0
0
0
0
0
0
0
0
0
0
0
0
0
0
-3.9087
0
0
0
0
0
0
0
0
0
0
0
0
0
0
0
0
0
0
0
0
0
0
0
0
0
0
0
0
0
0
0
0
0
0
0
0
0
0
0
0
0
0
0
0
0
0
3.9087
0
0
0
0
0
0
0
0
0
0
0
0
0
0
0
0
0
0
0
0
0
0
0
0
0
0
0
0
0
0
0
0
0
0
0
0
0
0
0
0
0
0
0
0
0
0
0
0
0
0
0
0
0
-6.1149
0
0
0
0
0
0
0
0
0
0
0
0
0
0
0
0
0
0
0
0
0
0
0
0
0
0
0
0
0
0
0
0
0
0
0
0
0
0
0
0
0
0
0
0
0
0
0
0
0
0
0
0
0
0
0
0
0
0
0
0
0
0
0
0
0
0
0
0
0
0
0
6.1149
0
0
0
0
0
0
0
0
0
0
0
0
0
0
0
0
0
0
0
0
0
0
0
0
0
0
0
0
0
0
0
0
0
0
0
0
0
0
0
0
0
0
0
0
0
0
0
0
0
0
0
0
0
0
0
0
0
0
0
0
0
0
0
0
0
0
0
0
0
0
0
0
0
0
0
0
-3.9087
0
0
0
0
0
0
0
0
0
0
0
0
0
0
0
0
0
0
0
0
0
0
0
0
0
0
0
0
0
0
0
0
0
0
0
0
0
0
0
0
0
0
0
0
0
0
0
0
3.9087
0
0
0
0
0
0
0
0
0
0
0
0
0
0
0
0
0
0
0
0
0
0
0
0
0
0
0
0
0
0
0
0
0
0
0
0
0
0
0
0
0
0
0
0
0
0
0
0
0
0
0
0
0
0
0
0
0
0
0
0
0
0
0
0
0
0
0
0
0
0
0
0
0
0
0
0
-4.5753
0
0
0
0
0
0
0
0
0
0
0
0
0
0
0
0
0
0
0
0
0
0
0
0
0
0
0
0
0
0
0
0
0
0
0
0
0
0
0
0
0
0
0
0
0
0
0
0
4.5753
0
0
0
0
0
0
0
0
0
0
0
-6.8898
0
0
0
0
0
0
0
0
0
0
0
0
0
0
0
0
0
0
0
0
0
0
0
0
0
0
0
0
0
0
0
0
0
0
0
0
0
0
0
0
0
0
0
0
0
0
0
0
0
0
0
0
0
0
0
0
0
0
0
0
0
0
0
0
0
0
0
0
0
0
0
0
0
0
0
0
0
0
0
0
0
0
0
0
0
0
0
0
0
0
0
0
0
0
0
0
0
0
0
0
0
0
0
0
0
0
0
0
0
0
0
0
0
6.8898
0
0
0
0
0
0
0
0
0
0
0
0
0
0
0
0
0
0
0
0
0
0
0
0
0
0
0
0
0
0
0
0
0
0
0
0
0
0
0
0
0
0
0
0
0
0
0
0
0
0
0
0
0
0
0
0
0
0
0
0
0
0
0
0
0
0
0
0
0
0
0
0
0
0
0
0
0
0
0
0
0
0
0
0
0
0
0
0
0
0
0
0
0
-1.3894
0
0
0
0
0
0
0
0
0
0
0
0
0
0
0
0
0
0
0
0
0
0
0
0
0
0
0
0
0
0
0
1.3894
0
0
0
0
0
0
0
0
0
0
0
0
0
0
0
0
0
0
0
0
0
0
0
0
0
0
0
0
0
0
0
0
0
0
0
0
0
0
0
0
0
0
0
0
0
0
0
0
0
0
0
0
0
0
0
0
0
0
0
0
0
0
0
0
0
0
0
0
0
0
0
0
0
0
0
-4.3401
0
0
0
0
0
0
0
0
0
0
0
0
0
0
0
0
0
0
0
0
0
0
0
0
0
0
0
0
0
0
0
0
0
0
0
0
0
0
0
0
0
0
0
0
0
0
0
0
0
4.3401
0
0
0
0
0
0
-7.2392
0
0
0
0
0
0
0
0
0
0
0
0
0
0
0
0
0
0
0
0
0
0
0
0
0
0
0
0
0
0
0
0
0
0
0
0
0
0
0
0
0
0
0
0
0
0
0
0
0
0
0
0
0
0
0
0
0
0
0
0
0
0
0
0
0
0
0
0
0
0
0
0
0
0
0
0
0
0
0
0
0
0
0
0
0
0
0
0
0
0
0
0
0
0
0
0
0
0
0
0
0
0
0
0
0
0
0
0
0
0
0
0
0
0
0
0
0
0
7.2392
0
0
0
-7.2898
0
0
0
0
0
0
0
0
0
0
0
0
0
0
0
0
0
0
0
0
0
0
0
0
0
0
0
0
0
0
0
0
0
0
0
0
0
0
0
0
0
0
0
0
0
0
0
0
0
0
0
0
0
0
0
0
0
0
0
0
0
0
0
0
0
0
0
0
0
0
0
0
0
0
0
0
0
0
0
0
0
0
0
0
0
0
0
0
0
0
0
0
0
0
0
0
0
0
0
0
0
0
0
0
0
0
0
0
0
0
0
0
0
0
0
0
0
0
0
0
0
7.2898
0
0
0
0
0
0
0
0
0
0
0
0
0
0
0
0
0
0
0
0
0
0
0
0
0
0
0
0
0
0
0
0
0
0
0
0
0
0
0
0
0
0
0
0
0
0
0
0
0
0
0
0
0
0
0
0
0
0
0
0
0
0
0
0
0
0
-4.9545
0
0
0
0
0
0
0
0
0
0
0
0
0
0
0
0
0
0
0
0
0
0
0
0
0
0
0
0
0
0
0
0
0
0
0
0
0
0
0
0
0
0
0
0
0
0
0
0
0
0
0
0
0
0
0
0
0
0
4.9545
0
0
0
0
0
0
0
0
0
0
0
0
0
0
0
0
0
0
0
0
0
0
0
0
0
0
0
0
0
0
0
0
0
0
0
0
0
0
0
0
0
0
0
0
0
0
0
0
0
0
0
0
0
0
0
0
0
0
0
0
0
0
0
0
0
0
0
0
0
0
0
0
0
0
-0.76077
0
0
0
0
0
0
0
0
0
0
0
0
0
0
0
0
0
0
0
0
0
0
0
0
0
0
0
0
0
0
0
0
0
0
0
0
0
0
0
0
0
0
0
0
0
0
0
0
0
0
0.76077
