1
0.97619
0.96318
0.95655
0.9515
0.94731
0.9439
0.94096
0.93846
0.9363
0.93443
0.93282
0.93138
0.93014
0.92903
0.92808
0.92723
0.9265
0.92123
0.91634
0.91178
0.90751
0.90346
0.89961
0.89591
0.89236
0.88891
0.88554
0.88225
0.87901
0.87581
0.87265
0.86951
0.86639
0.86331
0.86026
0.85726
0.85433
0.85147
0.84869
0.846
0.84338
0.84084
0.83836
0.83596
0.8336
0.83131
0.82906
0.82686
0.82471
0.82261
0.82055
0.81853
0.81655
0.81461
0.8127
0.81081
0.80895
0.80711
0.8053
0.8035
0.80172
0.79996
0.79823
0.79651
0.7948
0.79311
0.79143
0.78975
0.78809
0.78643
0.78479
0.78316
0.78153
0.77992
0.77833
0.77674
0.77517
0.77361
0.77207
0.77053
0.76901
0.7675
0.76599
0.76451
0.76303
0.76157
0.76012
0.75868
0.75726
0.75584
0.75443
0.75304
0.75164
0.75025
0.74887
0.74749
0.74612
0.74476
0.7434
0.74205
0.74071
0.73937
0.73803
0.7367
0.73537
0.73405
0.73273
0.7314
0.73008
0.72876
0.72744
0.72613
0.7248
0.72348
0.72215
0.72082
0.71948
0.71814
0.71679
0.71543
0.71406
0.71268
0.7113
0.7099
0.7085
0.70709
0.70567
0.70426
0.70284
0.70143
0.70002
0.69862
0.69722
0.69585
0.69449
0.69314
0.69182
0.69053
0.68926
0.68801
0.68679
0.68558
0.6844
0.68323
0.68208
0.68094
0.67982
0.67871
0.67761
0.67652
0.67545
0.67439
0.67334
0.6723
0.67127
0.67026
0.66925
0.66826
0.66728
0.6663
0.66534
0.66439
0.66345
0.66252
0.6616
0.66068
0.65978
0.65889
0.65801
0.65713
0.65627
0.65541
0.65456
0.65371
0.65288
