1
0.96622
0.95219
0.94525
0.94081
0.93654
0.9327
0.92947
0.92629
0.92372
0.92137
0.9193
0.91282
0.90685
0.90118
0.89596
0.89099
0.88638
0.88197
0.87787
0.87396
0.87031
0.86685
0.86358
0.86046
0.8575
0.85467
0.85196
0.84937
0.84688
0.84449
0.84219
0.83999
0.83786
0.8358
0.8338
0.83184
0.82991
0.828
0.82609
0.82419
0.82227
0.82035
0.81841
0.81647
0.81451
0.81256
0.81061
0.80867
0.80676
0.80487
0.80301
0.80119
0.7994
0.79766
0.79595
0.79426
0.79261
0.79097
0.78935
0.78772
0.78608
0.78441
0.78272
0.78099
0.77925
0.7775
0.77576
0.77406
0.77241
0.77082
0.76929
0.76782
0.7664
0.76502
0.76368
0.76237
0.76108
0.7598
0.75853
0.75725
0.75596
0.75464
0.75328
0.75187
0.7504
0.74886
0.74726
0.74564
0.74402
0.74246
0.74098
0.73959
0.73829
0.73707
0.73593
0.73485
0.73383
0.73286
0.73192
0.73103
0.73016
0.72932
0.72849
0.72768
0.72687
0.72606
0.72524
0.7244
0.72354
0.72263
0.72167
0.72064
0.71951
0.71829
0.71697
0.71557
0.71414
0.71274
0.7114
0.71016
0.70903
0.70801
0.70708
0.70625
0.70549
0.70481
0.7042
0.70364
0.70314
0.70269
0.70228
