1
0.96605
0.95153
0.94408
0.9394
0.93549
0.93183
0.92902
0.92622
0.92412
0.92217
0.92062
0.91472
0.90938
0.90426
0.89954
0.89494
0.89062
0.88635
0.88224
0.87818
0.87426
0.8704
0.86668
0.86307
0.85961
0.85627
0.85308
0.85
0.84705
0.84421
0.84148
0.83884
0.83629
0.83382
0.83142
0.82908
0.8268
0.82456
0.82237
0.82021
0.81809
0.81599
0.81392
0.81187
0.80983
0.80781
0.80579
0.80378
0.80178
0.79979
0.7978
0.79581
0.79384
0.79188
0.78993
0.78801
0.78611
0.78424
0.7824
0.78059
0.77882
0.77707
0.77535
0.77366
0.77199
0.77034
0.7687
0.76708
0.76547
0.76386
0.76226
0.76066
0.75905
0.75743
0.75581
0.75419
0.75255
0.75091
0.74926
0.74761
0.74595
0.74428
0.74261
0.74094
0.73926
0.73757
0.73587
0.73416
0.73242
0.73066
0.72889
0.7271
0.72532
0.72356
0.72183
0.72014
0.71851
0.71693
0.7154
0.71393
0.71251
0.71114
0.70982
0.70855
0.70732
0.70612
0.70496
0.70384
0.70276
0.70171
0.70069
0.69969
0.69872
0.69776
0.69682
0.69588
0.69496
0.69405
0.69314
0.69223
0.69133
0.69042
0.68952
0.68863
0.68773
0.68684
0.68595
0.68506
0.68417
0.68329
0.68241
