1
0.94317
0.92632
0.91921
0.91435
0.91031
0.90709
0.90431
0.90193
0.89502
0.88874
0.88299
0.8778
0.87292
0.86849
0.86442
0.86086
0.85764
0.85491
0.85246
0.85034
0.84825
0.84629
0.84424
0.84228
0.84022
0.83826
0.83623
0.83433
0.83241
0.83059
0.82876
0.82706
0.82539
0.82387
0.8224
0.82106
0.81976
0.81857
0.81741
0.81634
0.8153
0.8143
0.81329
0.81224
0.81111
0.80989
0.80857
0.80714
0.80563
0.80404
0.80238
0.80068
0.79895
0.79718
0.79538
0.79354
0.79167
0.78978
0.78785
0.7859
0.78393
0.78194
0.77993
0.77793
0.77591
0.7739
0.7719
0.76989
0.76789
0.76588
0.76387
0.76185
0.75984
0.75784
0.75584
0.75387
0.75192
0.75001
0.74814
0.74632
0.74455
0.74285
0.7412
0.73961
0.73808
0.73658
0.73513
0.73372
0.73234
0.73099
0.72968
0.72839
0.72714
