1
0.96283
0.9519
0.94678
0.94288
0.94037
0.93852
0.93673
0.93516
0.93121
0.92781
0.9247
0.92189
0.91928
0.91682
0.91439
0.91201
0.90962
0.90721
0.90479
0.90237
0.89995
0.89752
0.8951
0.89267
0.89027
0.88788
0.88556
0.88329
0.88109
0.87891
0.87678
0.87468
0.87262
0.87063
0.86871
0.86686
0.86509
0.86337
0.86169
0.86006
0.85848
0.85695
0.85549
0.85409
0.85277
0.85152
0.85034
0.84922
0.84814
0.84707
0.84601
0.84494
0.84385
0.84274
0.84161
0.84046
0.83927
0.83806
0.83683
0.83558
0.83432
0.83305
0.83179
0.83056
0.82935
0.82818
0.82704
0.82593
0.82486
0.82383
0.82284
0.82188
0.82097
0.82011
0.8193
0.81853
0.8178
0.8171
0.81643
0.81578
0.81513
0.81449
0.81385
0.81321
0.81257
0.81194
0.81131
0.81069
0.81008
0.80948
0.8089
0.80834
0.8078
0.80727
0.80675
0.80623
0.80571
0.80519
0.80468
0.80417
0.80367
0.80318
0.8027
