1
0.96977
0.96114
0.95367
0.94863
0.94534
0.94238
0.93991
0.93748
0.93576
0.93062
0.92583
0.92137
0.9172
0.91319
0.90941
0.90572
0.9022
0.89874
0.8954
0.89211
0.88889
0.88572
0.88259
0.8795
0.87644
0.8734
0.87039
0.8674
0.86443
0.86148
0.85855
0.85565
0.85278
0.84995
0.84716
0.84443
0.84175
0.83912
0.83654
0.83401
0.83153
0.82912
0.82675
0.82444
0.82218
0.81997
0.8178
0.81568
0.81359
0.81154
0.80952
0.80754
0.80558
0.80366
0.80176
0.79989
0.79805
0.79624
0.79446
0.7927
0.79097
0.78926
0.78758
0.78593
0.78429
0.78267
0.78107
0.77949
0.77793
0.77638
0.77485
0.77333
0.77182
0.77033
0.76885
0.76739
0.76594
0.76452
0.76311
0.76172
0.76035
0.759
0.75768
0.75637
0.75508
0.7538
0.75254
0.75128
0.75004
0.74881
0.74759
0.74639
0.7452
0.74402
0.74285
0.74169
0.74055
0.73941
0.73827
0.73714
0.73601
0.73489
0.73377
0.73265
0.73155
0.73045
0.72935
0.72826
0.72718
0.72611
0.72504
0.72399
0.72294
0.72189
0.72086
0.71983
0.71881
0.7178
0.71679
0.71578
0.71478
0.71377
0.71276
0.71175
0.71074
0.70973
0.70871
0.7077
0.70668
0.70567
0.70465
0.70363
0.7026
0.70158
0.70055
