1
0.97078
0.96369
0.95685
0.95276
0.95032
0.94805
0.94625
0.94446
0.94337
0.93977
0.9366
0.93388
0.93159
0.92965
0.92823
0.92718
0.92678
0.92689
0.92776
0.92924
0.93152
0.93437
0.93786
0.94174
0.946
0.95045
0.95505
0.95966
0.96424
0.96866
0.97282
0.97657
0.97973
0.98212
0.98355
0.98399
0.98364
0.983
0.98245
0.98205
0.98164
0.98096
0.97984
0.97835
0.9769
0.97603
0.97598
0.97668
0.97795
0.97961
0.9815
0.98351
0.98556
0.98757
0.98949
0.99126
0.99281
0.99409
0.99502
0.99554
0.99562
0.99529
0.99464
0.99379
0.99282
0.99177
0.99061
0.98931
0.98785
0.9863
0.98474
0.9833
0.98207
0.98105
0.98021
0.97949
0.97878
0.978
0.97704
0.97581
0.97424
0.9723
0.97006
0.96768
0.9654
0.96344
0.96195
0.96098
0.96051
0.96049
0.96087
0.96158
0.96257
0.96379
0.9652
0.96676
0.96843
0.9702
0.97202
0.9739
0.97581
0.97775
0.9797
0.98166
0.98362
0.98557
0.98751
0.98944
0.99135
0.99323
0.99508
0.99689
0.99867
1.0004
1.0021
1.0037
1.0053
1.0068
1.0082
1.0096
1.0109
1.0121
1.0133
1.0144
1.0155
1.0166
1.0176
1.0187
1.0197
1.0207
1.0218
1.0228
1.0239
1.0249
1.026
