1
0.98047
0.96937
0.96231
0.95683
0.95282
0.94564
0.93915
0.93309
0.92751
0.92234
0.91755
0.91311
0.90898
0.90512
0.90148
0.89804
0.89476
0.89163
0.88862
0.88573
0.88293
0.88023
0.87763
0.87513
0.87273
0.87044
0.86826
0.86618
0.8642
0.86233
0.86054
0.85883
0.85719
0.85559
0.85401
0.85245
0.85088
0.8493
0.8477
0.84608
0.84444
0.84277
0.84108
0.83937
0.83764
0.83589
0.83411
0.83233
0.83053
0.82872
0.8269
0.82507
0.82324
0.8214
0.81956
0.81773
0.81589
0.81405
0.81222
0.81039
0.80856
0.80674
0.80492
0.80311
0.80129
0.79949
0.79768
0.79588
0.79408
0.79228
0.79049
0.78869
0.7869
0.78512
0.78333
0.78155
0.77977
0.77801
0.77625
0.77449
0.77274
0.771
0.76928
0.76755
0.76584
0.76413
0.76244
0.76074
0.75906
0.75738
0.7557
0.75404
0.75237
0.75072
0.74907
0.74742
0.74578
0.74415
0.74253
0.74091
0.73931
0.73771
0.73613
0.73457
0.73302
0.73149
0.72998
0.7285
0.72705
0.72564
0.72426
0.72292
0.72162
0.72036
0.71914
0.71796
0.71683
0.71573
0.71467
0.71365
0.71266
0.7117
0.71077
0.70986
0.70898
0.70812
0.70728
0.70646
0.70566
0.70487
0.7041
0.70335
0.70262
0.7019
0.7012
0.70051
0.69983
0.69916
0.69851
0.69786
0.69723
0.69659
0.69597
0.69534
0.69472
0.6941
0.69348
0.69286
0.69224
0.69163
0.69102
0.6904
0.68979
0.68918
0.68858
0.68797
0.68737
0.68677
0.68617
0.68557
0.68497
0.68438
0.68379
0.6832
0.68262
0.68203
0.68145
0.68087
0.68028
0.6797
0.67912
0.67853
0.67795
0.67736
0.67677
0.67618
0.67559
0.67499
0.6744
0.6738
0.6732
0.6726
0.672
0.6714
0.6708
0.6702
0.6696
0.669
0.6684
0.6678
0.66721
0.66661
0.66602
0.66542
0.66483
0.66424
0.66365
0.66306
0.66248
0.66189
0.66131
0.66073
0.66015
0.65957
0.65899
0.65841
0.65783
0.65724
0.65666
0.65607
0.65547
0.65488
0.65427
0.65366
0.65305
0.65243
0.6518
0.65116
0.65052
0.64986
0.6492
0.64853
0.64784
0.64715
0.64645
0.64573
0.64501
0.64427
0.64353
0.64278
0.64202
