1
0.83415
1.4475
1.6452
1.6792
1.7651
1.8938
1.9752
2.0584
2.1274
2.1922
2.2533
2.3111
2.3652
2.416
2.4627
2.505
2.5439
2.5805
2.6153
2.6484
2.6796
2.7091
2.7372
2.7639
2.7888
2.8119
2.8328
2.8515
2.8681
2.8834
2.8987
2.9154
2.9339
2.954
2.975
2.9967
3.0187
3.041
3.0632
3.0852
3.1067
3.1275
3.1477
3.1673
3.1865
3.2052
3.2235
3.2415
3.2591
3.2765
3.2937
3.3106
3.3275
3.3444
3.3612
3.3782
3.3951
3.4121
3.4291
3.446
3.4628
3.4795
3.4959
3.5121
3.528
3.5435
3.5586
3.5734
3.5878
3.6019
3.6156
3.629
3.6419
3.6545
3.6666
3.6784
3.6899
3.7012
3.7122
3.7231
3.7339
3.7446
3.7554
3.7664
3.7775
3.7889
3.8005
3.8124
3.8244
3.8366
3.849
3.8614
3.8739
3.8864
3.8989
3.9114
3.9239
3.9363
3.9487
3.9609
3.973
3.9849
3.9967
4.0084
4.0198
4.0311
4.0421
4.053
4.0636
4.0741
4.0843
4.0944
4.1044
4.1142
4.1238
4.1332
4.1425
4.1516
4.1605
4.1693
