1
0.9636
0.9441
0.93308
0.92705
0.91935
0.91292
0.90454
0.89488
0.88858
0.88516
0.88208
0.87837
0.87552
0.87601
0.87932
0.88323
0.88606
0.88669
0.88411
0.8787
0.87268
0.86733
0.86455
0.86501
0.86756
0.87114
0.87513
0.8791
0.88284
0.88628
0.88951
0.8926
0.89556
0.89839
0.9011
0.90371
0.90626
0.90883
0.91144
0.91413
0.91691
0.91978
0.92273
0.92573
0.92877
0.9318
0.93483
0.93783
0.94078
0.94367
0.94649
0.94923
0.95188
0.95442
0.95685
0.95915
0.96131
0.96333
0.96521
0.96693
0.96852
0.96994
0.97121
0.97233
0.9733
0.97414
0.97486
0.97549
0.97605
0.97658
0.9771
0.97763
0.97817
0.97872
0.97927
0.97982
0.98038
0.98095
0.98153
0.98214
0.98277
0.98343
0.98412
0.98483
0.98557
0.98631
0.98707
0.98782
0.98857
0.9893
0.99
0.99066
0.99128
0.99185
0.99237
0.99284
0.99324
0.99358
0.99385
0.99404
0.99414
0.99417
0.99413
0.99403
0.99388
0.99369
0.99349
0.99329
0.99311
0.99297
0.99287
0.99283
0.99284
0.99291
0.99302
0.99318
0.99337
0.99358
0.99381
0.99405
