1
0.97418
0.96016
0.95184
0.9456
0.93676
0.92896
0.92197
0.91557
0.90966
0.90413
0.89891
0.89393
0.88917
0.8846
0.8802
0.87596
0.87183
0.8678
0.86386
0.86004
0.85634
0.85275
0.84925
0.84582
0.84244
0.8391
0.83581
0.83255
0.82933
0.82614
0.82297
0.81982
0.8167
0.81361
0.81055
0.80751
0.8045
0.80152
0.79854
0.79559
0.79266
0.78974
0.78685
0.78397
0.78111
0.77827
0.77544
0.77264
0.76987
0.76714
0.76445
0.76179
0.75913
0.75646
0.7538
0.75114
0.7485
0.74587
0.74325
0.74065
0.73806
0.73548
0.73291
0.73036
0.72784
0.72534
0.72287
0.72044
0.71803
0.71565
0.71329
0.71094
0.7086
0.70626
0.70394
0.70162
0.69931
0.69702
0.69473
0.69246
0.69021
0.68797
0.68575
0.68354
0.68135
0.67917
0.677
0.67485
0.67271
0.67058
0.66846
0.66635
0.66425
0.66215
0.66006
0.65798
0.65591
0.65384
0.65179
0.64975
0.64772
0.64571
0.6437
0.64171
0.63974
0.63778
0.63583
0.6339
0.63199
0.6301
0.62822
0.62636
0.62451
0.62268
0.62086
0.61905
0.61726
0.61548
0.61371
0.61195
0.61021
0.60847
0.60674
0.60503
0.60332
0.60163
0.59994
0.59827
0.5966
0.59495
0.59332
0.59169
0.59008
0.58849
0.5869
0.58532
0.58375
0.58218
0.58063
0.57908
0.57753
0.57599
0.57445
0.57292
0.5714
0.56988
0.56837
0.56686
0.56536
0.56388
0.5624
0.56093
0.55948
0.55802
0.55658
0.55515
0.55372
0.55231
0.5509
0.5495
0.5481
0.54672
0.54534
0.54397
0.54262
0.54127
0.53993
0.53859
0.53727
0.53596
0.53466
0.53337
0.53209
0.53081
0.52955
0.52829
0.52704
0.5258
0.52456
0.52333
0.5221
0.52088
0.51966
0.51845
0.51724
0.51604
0.51484
0.51364
0.51246
0.51127
0.51009
0.50891
0.50773
0.50656
0.50538
0.50421
0.50305
0.50188
0.50071
