1
0.94871
0.93105
0.91772
0.90809
0.90011
0.8926
0.88461
0.87744
0.87675
0.8652
0.85599
0.84751
0.83895
0.83105
0.82371
0.81913
0.8169
0.81707
0.81817
0.81952
0.82089
0.82234
0.82389
0.82556
0.82737
0.82932
0.83147
0.83392
0.8368
0.84022
0.84422
0.84861
0.85278
0.85595
0.85792
0.85891
0.85918
0.85893
0.85838
0.85786
0.85772
0.85798
0.85818
0.85805
0.85764
0.85716
0.85689
0.85707
0.85781
0.85897
0.86019
0.86131
0.86241
0.86359
0.86492
0.86637
0.86782
0.86914
0.87026
0.87118
0.87196
0.87266
0.8733
0.87388
0.87435
0.87464
0.87469
0.87443
0.87387
0.87307
0.87209
0.87098
0.86985
0.86877
0.86785
0.86718
0.86671
0.86631
0.86581
0.8652
0.86449
0.86374
0.86299
0.86226
0.86157
0.86095
0.86042
0.85994
0.8595
0.85905
