1
0.98274
0.97129
0.9624
0.9556
0.94615
0.94194
0.93881
0.9307
0.92334
0.91634
0.90987
0.90368
0.89784
0.89223
0.88687
0.88169
0.87668
0.8718
0.86703
0.86235
0.85775
0.85321
0.84873
0.84431
0.83996
0.83567
0.83147
0.82736
0.82335
0.81945
0.81568
0.81204
0.80854
0.80518
0.80197
0.79891
0.79597
0.79316
0.79044
0.78782
0.78526
0.78275
0.78027
0.77781
0.77536
0.7729
0.77041
0.76789
0.76532
0.76269
0.75998
0.75718
0.7543
0.75135
0.74833
0.74529
0.74227
0.73931
0.73646
0.73372
0.73112
0.72865
0.72632
0.7241
0.72199
0.71998
0.71807
0.71624
0.71448
0.71279
0.71117
0.7096
0.70808
0.70661
0.70517
0.70378
0.70242
0.70109
0.69979
0.69851
0.69726
0.69603
0.69481
0.69361
0.69242
0.69124
0.69006
0.68889
0.68772
0.68655
0.68538
0.68421
0.68303
0.68185
0.68065
0.67942
0.67818
0.67689
0.67557
0.67419
0.67276
0.67128
0.66973
0.66811
0.66644
0.66472
0.66295
0.66116
0.65936
0.65758
0.65583
0.65412
0.65248
0.6509
0.6494
0.64796
0.64659
0.64528
0.64404
0.64285
0.64172
0.64063
0.63959
0.6386
0.63764
0.63673
0.63585
0.635
0.63419
0.63341
0.63266
0.63195
0.63126
0.6306
0.62997
0.62936
0.62878
0.62822
0.62768
0.62716
0.62667
0.62619
0.62574
0.6253
0.62488
0.62448
0.62409
0.62372
0.62337
0.62303
0.62271
0.6224
0.6221
0.62182
0.62155
0.6213
0.62106
0.62082
0.6206
0.62039
0.62018
0.61999
0.6198
0.61961
0.61943
0.61926
0.61909
0.61892
0.61875
0.61859
0.61842
0.61825
0.61808
0.61791
0.61773
0.61755
0.61736
0.61716
0.61696
0.61675
0.61654
0.61632
0.61609
0.61584
0.6156
0.61534
0.61508
0.6148
0.61452
0.61423
0.61393
0.61363
0.61332
0.613
0.61267
0.61234
0.61201
0.61166
0.61132
0.61097
0.61061
0.61026
0.6099
0.60953
0.60917
0.6088
0.60843
0.60806
0.60768
0.60731
0.60693
0.60656
0.60618
0.6058
0.60543
0.60505
0.60467
0.60429
0.60391
0.60353
0.60316
0.60278
0.6024
0.60203
0.60165
0.60128
0.6009
0.60053
0.60016
0.59978
0.59941
0.59904
0.59867
0.59831
0.59794
0.59758
0.59721
0.59685
0.59649
0.59613
0.59577
0.59541
0.59506
0.5947
0.59435
0.594
0.59365
0.59331
0.59296
0.59262
0.59228
0.59194
0.5916
0.59126
0.59093
0.5906
0.59027
0.58994
0.58962
0.5893
0.58898
0.58866
0.58835
0.58803
0.58772
0.58741
0.5871
0.5868
0.5865
0.5862
0.5859
0.5856
0.58531
0.58502
0.58473
0.58444
0.58415
0.58387
0.58359
0.5833
0.58302
0.58274
0.58247
0.58219
0.58192
0.58164
0.58137
0.5811
0.58083
0.58056
0.5803
0.58003
0.57976
0.5795
0.57923
0.57897
0.57871
0.57845
0.57819
0.57793
0.57767
0.57741
0.57715
0.57689
0.57663
0.57637
0.57612
0.57586
0.57561
0.57535
0.57509
0.57484
0.57459
0.57433
0.57408
0.57383
0.57358
0.57333
0.57309
0.57284
0.57259
0.57234
0.5721
0.57185
0.57161
0.57137
0.57113
0.57089
0.57065
0.57041
0.57017
0.56993
0.5697
0.56947
0.56923
0.569
0.56877
0.56855
0.56832
0.56809
0.56787
0.56765
