1
0.98247
0.9719
0.96532
0.95877
0.95103
0.94778
0.94574
0.93971
0.93494
0.93129
0.92855
0.92623
0.92399
0.92171
0.91931
0.91684
0.91428
0.9117
0.90907
0.90643
0.90379
0.90116
0.89855
0.89596
0.8934
0.89088
0.88836
0.88585
0.88331
0.88073
0.8781
0.87542
0.87273
0.87007
0.86748
0.86502
0.86274
0.86067
0.85884
0.85726
0.85588
0.85465
0.85352
0.85246
0.85144
0.85046
0.84955
0.84869
0.84789
0.84716
0.84647
0.84582
0.84521
0.84464
0.8441
0.84358
0.84309
0.84261
0.84215
0.84169
0.84123
0.84078
0.84034
0.83994
0.83959
0.83933
0.83916
0.83911
0.83916
0.83929
0.83947
0.83965
0.8398
0.83989
0.83994
0.83994
0.83991
0.83988
0.83985
0.83985
0.83988
0.83996
0.84008
0.84025
0.84048
0.84075
0.84105
0.84139
0.84173
0.84207
0.84239
0.84267
0.84291
0.8431
0.84324
0.84333
0.84338
0.8434
0.8434
0.8434
0.84339
0.84341
0.84345
0.84354
0.84367
0.84387
0.84412
0.84443
0.84479
0.84519
0.84562
0.84609
0.84657
0.84709
0.84763
0.8482
0.84879
0.84941
0.85005
0.8507
0.85135
0.85199
0.85261
0.85322
0.85379
0.85432
0.85482
0.85526
0.85566
0.856
0.85629
0.85653
0.85671
0.85683
0.85691
0.85693
0.85691
0.85685
0.85675
0.8566
0.85643
0.85622
0.85599
0.85573
0.85545
0.85516
0.85485
0.85454
0.85423
0.85392
0.85362
0.85334
0.85306
0.85281
0.85258
0.85236
0.85217
0.85201
0.85186
0.85172
0.85161
0.8515
0.85141
0.85133
0.85125
0.85119
0.85113
0.85108
0.85104
0.851
0.85098
0.85096
0.85096
0.85097
0.85099
0.85103
0.85108
0.85114
0.85122
0.85131
0.85142
0.85154
0.85167
0.85182
0.85197
0.85214
0.85231
0.85249
0.85267
0.85286
0.85305
0.85325
0.85346
0.85367
0.85389
0.85412
0.85436
0.85461
0.85487
0.85515
0.85544
0.85575
0.85607
0.85641
0.85676
0.85714
0.85753
0.85794
0.85836
0.85881
0.85927
0.85975
0.86025
0.86076
0.86129
0.86183
0.86239
0.86295
0.86354
0.86413
0.86473
0.86535
0.86597
0.86659
0.86723
0.86787
0.86851
0.86916
0.8698
0.87045
0.87109
0.87174
0.87237
0.87301
0.87364
0.87426
0.87487
0.87548
0.87607
0.87665
0.87722
0.87777
0.87831
0.87883
0.87934
0.87983
0.8803
0.88075
0.88118
0.88159
0.88197
0.88234
0.88268
0.883
0.88329
0.88356
0.88381
0.88403
0.88422
0.88439
0.88454
0.88466
0.88475
0.88482
0.88486
0.88487
0.88487
0.88483
0.88477
0.88469
0.88458
0.88445
0.88429
0.88411
0.88391
0.88369
0.88345
0.88319
0.88291
0.8826
0.88228
0.88195
0.8816
0.88123
0.88085
0.88045
0.88005
0.87963
0.8792
0.87876
0.87831
0.87786
0.87739
0.87692
0.87645
0.87597
0.87549
0.875
0.87451
0.87401
0.87352
0.87302
0.87252
0.87202
0.87152
0.87102
0.87052
0.87002
0.86952
0.86902
0.86853
0.86803
0.86754
0.86705
0.86657
0.86608
0.8656
0.86512
0.86464
0.86417
0.8637
0.86323
0.86277
0.86232
0.86186
0.86141
0.86097
0.86053
0.8601
0.85967
0.85925
0.85883
0.85842
0.85802
0.85762
0.85723
0.85685
0.85647
0.85611
0.85575
0.8554
0.85505
