1
0.96469
0.94878
0.93862
0.93185
0.92601
0.91696
0.91393
0.91177
0.90415
0.89722
0.8909
0.88513
0.87982
0.87498
0.87048
0.86641
0.86265
0.85915
0.85582
0.85263
0.84937
0.84609
0.84267
0.83929
0.83592
0.83272
0.8296
0.82663
0.82374
0.82096
0.81823
0.81557
0.81295
0.81039
0.80787
0.8054
0.80297
0.80056
0.79817
0.79579
0.7934
0.791
0.7886
0.7862
0.78379
0.78139
0.779
0.77662
0.77427
0.77194
0.76966
0.76741
0.76521
0.76304
0.76091
0.7588
0.75671
0.7546
0.75248
0.75032
0.74811
0.74585
0.74353
0.74115
0.73871
0.73622
0.73371
0.7312
0.72871
0.72624
0.72381
0.72143
0.71909
0.71681
0.71458
0.71242
0.71032
0.70827
0.70629
0.70434
0.70243
0.70054
0.69866
0.69678
0.69489
0.69299
0.69107
0.68914
0.6872
0.68525
0.6833
0.68134
0.6794
0.67746
0.67553
0.67361
0.67171
0.66983
0.66798
0.66616
0.66437
0.66263
0.66094
0.65931
0.65774
0.65622
0.65476
0.65335
0.65199
0.65067
0.64941
0.6482
