1
0.9557
0.94402
0.93786
0.9348
0.93164
0.92887
0.92676
0.92603
0.92479
0.92338
0.92224
0.92107
0.92005
0.9193
0.91888
0.91532
0.91501
0.91509
0.9117
0.90832
0.90509
0.902
0.89903
0.89616
0.89341
0.89076
0.88818
0.88568
0.88323
0.88085
0.8785
0.87617
0.87385
0.87154
0.86926
0.86702
0.86483
0.86266
0.8605
0.85835
0.85621
0.85409
0.85199
0.84994
0.84792
0.84595
0.84403
0.84216
0.84035
0.83862
0.83697
0.8354
0.8339
0.83247
0.8311
0.82979
0.8285
0.82725
0.82601
0.82478
0.82355
0.82232
0.82108
0.81984
0.81859
0.81735
0.8161
0.81485
0.81361
0.81237
0.81114
0.80992
0.80871
0.80752
0.80635
0.80521
0.8041
0.80301
0.80196
0.80094
0.79996
0.79902
0.79812
0.79726
0.79643
0.79564
0.79488
0.79414
0.79343
0.79274
0.79206
0.79139
0.79074
0.7901
0.78946
0.78884
0.78823
0.78763
0.78705
0.78648
0.78593
0.7854
0.78489
0.7844
0.78393
0.78349
0.78306
0.78266
0.78228
0.78192
0.78159
0.78127
0.78098
0.78071
0.78047
0.78026
0.78006
0.77989
0.77973
0.77958
