1
0.96666
0.96
0.95497
0.95156
0.94885
0.94673
0.94522
0.94354
0.94245
0.94134
0.94062
0.93721
0.93425
0.93126
0.92868
0.92598
0.92352
0.92103
0.91869
0.9164
0.91429
0.91227
0.91045
0.90868
0.90706
0.90544
0.90388
0.90228
0.90067
0.899
0.8973
0.89557
0.89383
0.89211
0.89042
0.88877
0.88716
0.88561
0.88411
0.88266
0.88125
0.87989
0.87857
0.87728
0.87601
0.87476
0.87353
0.8723
0.87108
0.86987
0.86867
0.86748
0.86632
0.86518
0.86407
0.86298
0.86191
0.86087
0.85983
0.85881
0.8578
0.85679
0.85579
0.85478
0.85377
0.85274
0.8517
0.85064
0.84956
0.84845
0.84731
0.84614
0.84495
0.84374
0.8425
0.84123
0.83995
0.83865
0.83732
0.83598
0.83462
0.83325
0.83185
0.83044
0.829
0.82754
0.82606
0.82456
0.82303
0.82148
0.81991
0.81833
0.81673
0.81512
0.81352
0.81193
0.81035
0.8088
0.80727
0.80578
0.80432
0.8029
0.80151
0.80016
0.79886
0.79759
0.79635
0.79515
0.79398
0.79284
0.79173
0.79065
0.78958
0.78854
0.78751
0.7865
0.78551
0.78452
0.78355
0.78259
0.78163
0.78068
0.77973
0.77879
0.77786
0.77692
0.77599
0.77506
