82.5027
-0.91267
-0.90292
-0.90289
-0.90289
-0.91197
-0.90801
-0.91094
-0.90451
-0.9092
-0.90921
-0.90579
-0.89993
-0.89558
-0.89804
-0.93174
-0.91848
-0.92362
-0.90305
-0.89905
-0.89905
-0.90181
-0.92561
-0.91946
-0.91935
-0.91916
-0.90146
-0.90146
-0.90146
-0.90145
-0.91052
-0.88439
-0.89447
-0.89447
-0.91339
-0.94208
-0.89679
-0.89367
-0.9059
-0.89733
-0.89662
-0.8958
-0.91289
-0.91288
-0.89648
-0.90793
-0.8896
-0.9092
-0.93872
-0.89386
-0.94474
-0.92408
-0.92404
-0.97023
-0.95438
-0.9636
-0.96401
-0.95259
-0.90161
-0.92947
-1.0903
-1.3495
-1.3574
-1.4141
-1.4253
-1.5736
0
0
0
0
0
0
0
0
0
0
0
0
0
0
0
0
0
0
-2.4227
0
0
0
0
0
0
0
0
0
0
-6.0044
0
0
0
0
0
0
0
0
0
0
0
-6.0045
0
0
0
0
0
0
0
-6.0044
0
-0.91267
62.115
-0.88458
-0.88457
-0.88456
-0.89448
-0.89066
-0.89391
-0.88746
-0.8921
-0.8921
-0.88953
-0.88429
-0.87841
-0.88131
-0.91203
-0.90145
-0.90671
-0.8861
-0.88214
-0.88214
-0.8857
-0.91188
-0.9026
-0.9025
-0.90233
-0.88462
-0.88462
-0.88462
-0.88461
-0.89554
-0.8685
-0.87738
-0.87739
-0.89841
-0.92536
-0.88043
-0.87655
-0.89095
-0.88069
-0.8801
-0.87857
-0.89756
-0.89757
-0.87917
-0.89157
-0.87293
-0.8917
-0.92925
-0.87877
-0.93078
-0.90562
-0.90556
-0.95123
-0.93629
-0.94447
-0.94487
-0.93314
-0.88307
-0.91657
-1.0689
-1.3257
-1.3336
-1.393
-1.3973
-1.5438
0
0
0
-1.1681
0
0
0
0
0
0
0
0
0
0
0
0
0
0
0
0
0
0
0
0
0
0
0
0
0
0
0
0
0
0
0
0
0
0
0
0
0
0
0
0
0
0
0
0
0
0
0
-0.90292
-0.88458
60.2732
-0.87188
-0.87188
-0.88445
-0.8805
-0.8837
-0.87722
-0.8819
-0.88189
-0.87923
-0.87387
-0.86821
-0.87107
-0.9016
-0.89118
-0.89644
-0.87586
-0.87193
-0.87193
-0.87554
-0.90172
-0.89248
-0.89239
-0.89221
-0.87441
-0.87442
-0.8744
-0.8744
-0.88537
-0.8582
-0.86716
-0.86716
-0.88824
-0.9153
-0.87005
-0.86631
-0.88082
-0.87054
-0.87005
-0.8683
-0.88739
-0.88739
-0.86889
-0.88138
-0.86281
-0.88133
-0.91947
-0.86865
-0.92064
-0.89507
-0.89503
-0.94047
-0.9259
-0.93369
-0.93408
-0.92239
-0.87323
-0.90592
-1.0576
-1.3135
-1.3213
-1.381
-1.3846
-1.5298
0
0
0
0
0
0
0
0
0
0
0
0
0
0
0
0
0
0
0
0
0
0
0
0
0
0
0
0
0
0
0
0
0
0
0
0
0
0
0
0
0
0
0
0
0
0
0
0
0
0
0
-0.90289
-0.88457
-0.87188
60.2722
-0.87187
-0.88442
-0.88049
-0.88368
-0.87721
-0.88188
-0.88188
-0.87922
-0.87385
-0.86819
-0.87105
-0.90159
-0.89116
-0.89643
-0.87584
-0.87192
-0.87191
-0.87552
-0.90171
-0.89246
-0.89237
-0.8922
-0.87439
-0.8744
-0.87439
-0.87438
-0.88535
-0.85819
-0.86714
-0.86714
-0.88822
-0.91528
-0.87002
-0.86629
-0.88081
-0.87052
-0.87003
-0.8683
-0.88737
-0.88738
-0.86886
-0.88136
-0.86279
-0.88132
-0.91944
-0.86864
-0.92062
-0.89505
-0.89501
-0.94045
-0.92587
-0.93367
-0.93408
-0.92238
-0.87321
-0.90589
-1.0576
-1.3135
-1.3213
-1.3809
-1.3846
-1.5298
0
0
0
0
0
0
0
0
0
0
0
0
0
0
0
0
0
0
0
0
0
0
0
0
0
0
0
0
0
0
0
0
0
0
0
0
0
0
0
0
0
0
0
0
0
0
0
0
0
0
0
-0.90289
-0.88456
-0.87188
-0.87187
60.2721
-0.88443
-0.88047
-0.88368
-0.8772
-0.88188
-0.88187
-0.87922
-0.87385
-0.86819
-0.87105
-0.90158
-0.89116
-0.89643
-0.87584
-0.87191
-0.87191
-0.87552
-0.90171
-0.89246
-0.89237
-0.89219
-0.87439
-0.87439
-0.87439
-0.87439
-0.88535
-0.85819
-0.86714
-0.86714
-0.88822
-0.91529
-0.87003
-0.86627
-0.88081
-0.87052
-0.87003
-0.86828
-0.88738
-0.88739
-0.86887
-0.88135
-0.8628
-0.88132
-0.91945
-0.86863
-0.92062
-0.89506
-0.895
-0.94045
-0.92587
-0.93367
-0.93408
-0.92237
-0.87321
-0.9059
-1.0576
-1.3135
-1.3213
-1.381
-1.3846
-1.5298
0
0
0
0
0
0
0
0
0
0
0
0
0
0
0
0
0
0
0
0
0
0
0
0
0
0
0
0
0
0
0
0
0
0
0
0
0
0
0
0
0
0
0
0
0
0
0
0
0
0
0
-0.91197
-0.89448
-0.88445
-0.88442
-0.88443
57.8867
-0.8884
-0.89196
-0.88524
-0.89003
-0.89002
-0.88733
-0.88195
-0.87619
-0.87915
-0.90991
-0.89936
-0.90466
-0.88397
-0.88
-0.88001
-0.88368
-0.90979
-0.90043
-0.90033
-0.90016
-0.88253
-0.88253
-0.88252
-0.88252
-0.8934
-0.86628
-0.87523
-0.87523
-0.89629
-0.92307
-0.87817
-0.87436
-0.88886
-0.87862
-0.87823
-0.87638
-0.89546
-0.89547
-0.87698
-0.88953
-0.87092
-0.88952
-0.92746
-0.87682
-0.92893
-0.90343
-0.90339
-0.94899
-0.93429
-0.94227
-0.94268
-0.93092
-0.88175
-0.91444
-1.0667
-1.3238
-1.3316
0
-1.3949
0
0
0
0
0
0
0
0
0
0
0
0
0
0
0
0
0
0
0
0
0
0
0
0
0
0
0
0
0
0
0
0
0
0
0
0
0
0
0
0
0
0
0
0
0
0
0
0
0
0
0
0
-0.90801
-0.89066
-0.8805
-0.88049
-0.88047
-0.8884
56.2227
-0.88679
-0.88018
-0.88573
-0.88573
-0.88294
-0.87751
-0.87175
-0.87471
-0.90704
-0.89496
-0.90017
-0.87955
-0.8756
-0.8756
-0.87919
-0.90495
-0.89578
-0.89568
-0.8955
-0.87814
-0.87813
-0.87813
-0.87813
-0.88882
-0.86185
-0.87081
-0.87081
-0.89171
-0.91799
-0.87371
-0.86995
-0.88431
-0.87416
-0.87379
-0.87195
-0.8909
-0.8909
-0.87255
-0.88502
-0.86648
-0.88509
-0.92256
-0.87234
-0.92438
-0.89904
-0.899
-0.94455
-0.92979
-0.93792
-0.93833
-0.92657
-0.87747
-0.91004
-1.0622
-1.3197
-1.3276
0
0
0
0
0
0
0
0
0
0
0
0
0
0
0
0
0
0
0
0
0
0
0
0
0
0
0
0
0
0
0
0
0
0
0
0
0
0
0
0
0
0
0
0
0
0
0
0
0
0
0
0
0
0
-0.91094
-0.89391
-0.8837
-0.88368
-0.88368
-0.89196
-0.88679
56.4712
-0.88203
-0.88788
-0.88788
-0.88507
-0.87965
-0.87387
-0.87682
-0.90866
-0.89707
-0.8977
-0.88167
-0.87769
-0.87769
-0.88091
-0.90664
-0.89749
-0.89741
-0.89724
-0.88017
-0.88017
-0.88016
-0.88016
-0.89075
-0.8638
-0.87286
-0.87286
-0.89364
-0.91943
-0.87579
-0.872
-0.88626
-0.87564
-0.87575
-0.87403
-0.89288
-0.89289
-0.87464
-0.88693
-0.86788
-0.88723
-0.92441
-0.8746
-0.92795
-0.90137
-0.90132
-0.94729
-0.93231
-0.94083
-0.94123
-0.92957
-0.88006
-0.91251
-1.0659
0
0
0
0
0
0
0
0
0
0
0
0
-2.768
0
0
0
0
0
0
0
0
0
0
0
0
0
0
0
0
0
0
0
0
0
0
0
0
0
0
0
0
0
0
0
0
0
0
0
0
0
0
0
0
0
0
0
-0.90451
-0.88746
-0.87722
-0.87721
-0.8772
-0.88524
-0.88018
-0.88203
55.7267
-0.88177
-0.88178
-0.87877
-0.87326
-0.86754
-0.87044
-0.89663
-0.89064
-0.89536
-0.8752
-0.87123
-0.87122
-0.87424
-0.89947
-0.89094
-0.89085
-0.89068
-0.87372
-0.87372
-0.87371
-0.8737
-0.88418
-0.85739
-0.8664
-0.8664
-0.88706
-0.91249
-0.8693
-0.86553
-0.8797
-0.86905
-0.8693
-0.86754
-0.8863
-0.88631
-0.86817
-0.88044
-0.86129
-0.8807
-0.91754
-0.86801
-0.92062
-0.89482
-0.89477
-0.94031
-0.92563
-0.93396
-0.93438
-0.92268
-0.87344
-0.90565
-1.0585
0
0
0
0
0
0
0
0
0
-2.4129
0
0
0
0
0
0
0
0
0
0
0
0
0
0
0
0
0
0
0
0
0
0
0
0
0
0
0
0
0
0
0
0
0
0
0
0
0
0
0
0
0
0
0
0
0
0
-0.9092
-0.8921
-0.8819
-0.88188
-0.88188
-0.89003
-0.88573
-0.88788
-0.88177
53.6028
-0.88401
-0.88229
-0.87737
-0.87153
-0.87462
-0.90517
-0.89533
-0.9006
-0.87988
-0.87592
-0.87592
-0.87966
-0.90671
-0.89606
-0.89597
-0.89579
-0.87855
-0.87855
-0.87854
-0.87853
-0.88913
-0.86228
-0.8712
-0.87119
-0.89202
-0.91861
-0.87412
-0.8703
-0.88464
-0.87461
-0.8742
-0.87234
-0.89122
-0.89123
-0.87293
-0.88568
-0.86698
-0.88553
-0.92289
-0.87276
-0.92492
-0.89961
-0.89957
-0.94513
-0.93096
-0.93848
-0.93888
-0.92707
-0.87799
-0.9103
-1.0627
0
0
0
0
0
0
0
0
0
0
0
0
0
0
0
0
0
0
0
0
0
0
0
0
0
0
0
0
0
0
0
0
0
0
0
0
0
0
0
0
0
0
0
0
0
0
0
0
0
0
0
0
0
0
0
0
-0.90921
-0.8921
-0.88189
-0.88188
-0.88187
-0.89002
-0.88573
-0.88788
-0.88178
-0.88401
53.6027
-0.8823
-0.87736
-0.87152
-0.87462
-0.90517
-0.89533
-0.9006
-0.87988
-0.87591
-0.87591
-0.87966
-0.90671
-0.89606
-0.89596
-0.89578
-0.87853
-0.87854
-0.87854
-0.87853
-0.88913
-0.86227
-0.8712
-0.8712
-0.89203
-0.91861
-0.87412
-0.8703
-0.88464
-0.8746
-0.8742
-0.87235
-0.89122
-0.89123
-0.87293
-0.88568
-0.86697
-0.88552
-0.92288
-0.87277
-0.92491
-0.89961
-0.89956
-0.94512
-0.93095
-0.93848
-0.93889
-0.92708
-0.87799
-0.9103
-1.0627
0
0
0
0
0
0
0
0
0
0
0
0
0
0
0
0
0
0
0
0
0
0
0
0
0
0
0
0
0
0
0
0
0
0
0
0
0
0
0
0
0
0
0
0
0
0
0
0
0
0
0
0
0
0
0
0
-0.90579
-0.88953
-0.87923
-0.87922
-0.87922
-0.88733
-0.88294
-0.88507
-0.87877
-0.88229
-0.8823
53.5763
-0.87417
-0.86854
-0.8715
-0.90194
-0.89235
-0.8974
-0.87684
-0.87287
-0.87287
-0.87631
-0.90306
-0.8925
-0.8924
-0.89223
-0.87547
-0.87546
-0.87546
-0.87545
-0.88574
-0.8587
-0.86814
-0.86814
-0.88863
-0.9144
-0.87013
-0.86724
-0.88127
-0.87145
-0.87093
-0.86929
-0.88776
-0.88777
-0.8699
-0.88236
-0.8639
-0.88253
-0.91837
-0.86932
-0.92166
-0.89686
-0.89681
-0.94239
-0.92814
-0.93591
-0.93632
-0.92455
-0.87476
0
0
0
0
0
0
0
-1.4092
0
0
0
0
0
-0.71519
0
0
0
0
0
0
0
0
0
0
0
0
0
0
0
0
0
0
0
0
0
0
0
0
0
0
0
0
0
0
0
0
0
0
0
0
0
0
0
0
0
0
0
0
-0.89993
-0.88429
-0.87387
-0.87385
-0.87385
-0.88195
-0.87751
-0.87965
-0.87326
-0.87737
-0.87736
-0.87417
52.181
-0.86309
-0.86594
-0.89607
-0.88727
-0.89205
-0.87153
-0.8675
-0.86751
-0.87165
-0.89678
-0.88692
-0.88682
-0.88666
-0.87011
-0.8701
-0.8701
-0.87009
-0.88013
-0.85348
-0.8627
-0.86271
-0.88301
-0.90758
-0.86541
-0.86178
-0.87572
-0.86602
-0.86565
-0.86382
-0.88203
-0.88203
-0.86441
-0.87679
-0.85841
-0.87696
-0.91164
-0.86381
-0.91602
-0.89127
-0.89122
-0.93674
-0.92261
-0.93039
-0.9308
-0.91949
0
0
0
0
0
0
0
0
0
0
0
0
0
0
0
0
0
0
0
-1.9111
0
0
0
0
0
0
0
0
0
0
0
0
0
0
0
0
0
0
0
0
0
0
0
0
0
0
0
0
0
0
0
0
0
0
0
0
0
0
0
-0.89558
-0.87841
-0.86821
-0.86819
-0.86819
-0.87619
-0.87175
-0.87387
-0.86754
-0.87153
-0.87152
-0.86854
-0.86309
50.8228
-0.86018
-0.89079
-0.88236
-0.88663
-0.86617
-0.86214
-0.86214
-0.86575
-0.89085
-0.88178
-0.88168
-0.88152
-0.86469
-0.8647
-0.86469
-0.86468
-0.87468
-0.8483
-0.85718
-0.85719
-0.87756
-0.90164
-0.85997
-0.85622
-0.8703
-0.86041
-0.86008
-0.85823
-0.87687
-0.87688
-0.85881
-0.87122
-0.85275
-0.87125
-0.90761
-0.85849
-0.91039
-0.88536
-0.88531
-0.93065
-0.91656
-0.92416
-0.92457
-0.91284
-0.86397
0
0
0
0
0
0
0
0
0
0
0
0
0
0
0
0
0
0
0
0
0
0
0
0
0
0
0
0
0
0
0
0
0
0
0
0
0
0
0
0
0
0
0
0
0
0
0
0
0
0
0
0
0
0
0
0
0
0
-0.89804
-0.88131
-0.87107
-0.87105
-0.87105
-0.87915
-0.87471
-0.87682
-0.87044
-0.87462
-0.87462
-0.8715
-0.86594
-0.86018
51.5262
-0.8934
-0.8847
-0.8892
-0.8688
-0.86478
-0.86478
-0.86837
-0.89398
-0.88423
-0.88412
-0.88396
-0.86736
-0.86736
-0.86735
-0.86735
-0.87731
-0.85099
-0.85993
-0.85992
-0.88019
-0.90476
-0.86271
-0.859
-0.87292
-0.86314
-0.86287
-0.86102
-0.87934
-0.87934
-0.86163
-0.87305
-0.85552
-0.87413
-0.90924
-0.86114
-0.91307
-0.8884
-0.88837
-0.93382
-0.9194
-0.92748
-0.9279
-0.91659
0
0
0
0
0
0
0
0
0
0
0
0
0
0
0
0
-1.4127
0
0
0
0
0
0
0
0
0
0
0
0
0
0
0
0
0
0
0
0
0
0
0
0
0
0
0
0
0
0
0
0
0
0
0
0
0
0
0
0
0
0
-0.93174
-0.91203
-0.9016
-0.90159
-0.90158
-0.90991
-0.90704
-0.90866
-0.89663
-0.90517
-0.90517
-0.90194
-0.89607
-0.89079
-0.8934
56.1686
-0.91327
-0.91781
-0.89752
-0.89339
-0.89339
-0.89648
-0.92297
-0.91389
-0.9138
-0.91362
-0.89597
-0.89597
-0.89596
-0.89596
-0.90629
-0.87941
-0.88854
-0.88854
-0.90915
-0.93586
-0.89146
-0.88769
-0.90172
-0.89097
-0.89162
-0.88973
-0.90839
-0.90838
-0.89037
-0.90223
-0.88307
-0.90299
-0.93896
-0.88978
-0.94208
-0.91726
-0.91721
-0.96348
0
0
0
0
0
0
0
0
0
0
0
0
0
0
0
0
-2.4322
0
0
0
0
0
0
0
0
0
0
0
0
0
0
0
0
0
0
0
0
0
0
0
0
0
0
-5.7879
0
0
0
0
0
0
0
0
0
0
0
0
0
0
0
0
0
0
0
-0.91848
-0.90145
-0.89118
-0.89116
-0.89116
-0.89936
-0.89496
-0.89707
-0.89064
-0.89533
-0.89533
-0.89235
-0.88727
-0.88236
-0.8847
-0.91327
49.397
-0.91128
-0.88852
-0.88449
-0.88448
-0.8904
-0.91256
-0.90697
-0.90688
-0.90669
-0.88768
-0.88768
-0.88767
-0.88766
-0.89816
-0.87126
-0.8801
-0.8801
-0.90105
-0.92695
-0.8831
-0.87921
-0.89368
-0.88362
-0.88332
-0.88129
-0.90024
-0.90026
-0.88193
-0.89443
-0.87597
-0.89461
-0.93194
-0.88173
-0.93419
-0.90912
-0.90907
-0.95528
0
-0.94846
-0.94886
0
0
0
0
0
0
0
0
0
0
0
0
0
0
0
0
0
0
0
0
0
0
0
0
0
0
0
0
0
0
0
0
0
0
0
0
0
0
0
0
0
0
0
0
0
0
0
0
0
0
0
0
0
0
0
0
0
0
0
0
-0.92362
-0.90671
-0.89644
-0.89643
-0.89643
-0.90466
-0.90017
-0.8977
-0.89536
-0.9006
-0.9006
-0.8974
-0.89205
-0.88663
-0.8892
-0.91781
-0.91128
49.5569
-0.89351
-0.8888
-0.8888
-0.89539
-0.9172
-0.91244
-0.91235
-0.91218
-0.89252
-0.89252
-0.89251
-0.89251
-0.90304
-0.87596
-0.88492
-0.88492
-0.90594
-0.93298
-0.88802
-0.88413
-0.89861
-0.8879
-0.88814
-0.88621
-0.90521
-0.90522
-0.88689
-0.89908
-0.8802
-0.89971
-0.93714
-0.88697
-0.94106
-0.91447
-0.91442
0
0
0
0
0
0
0
0
0
0
0
0
0
0
0
0
0
0
0
0
-2.7619
0
0
0
0
0
0
0
0
0
0
0
0
0
0
0
0
0
0
0
0
0
0
0
0
0
0
0
0
0
0
0
0
0
0
0
0
0
0
0
0
0
0
0
-0.90305
-0.8861
-0.87586
-0.87584
-0.87584
-0.88397
-0.87955
-0.88167
-0.8752
-0.87988
-0.87988
-0.87684
-0.87153
-0.86617
-0.8688
-0.89752
-0.88852
-0.89351
46.6644
-0.8685
-0.86851
-0.87141
-0.89798
-0.8885
-0.8884
-0.88822
-0.87208
-0.87208
-0.87207
-0.87206
-0.88092
-0.85515
-0.86407
-0.86407
-0.88424
-0.91494
-0.86701
-0.86321
-0.87737
-0.86748
-0.86721
-0.86526
-0.88392
-0.88393
-0.86587
-0.87845
-0.86017
-0.87869
-0.91492
-0.86573
-0.91764
-0.89292
-0.89285
-0.93884
0
0
0
0
0
0
0
0
0
0
0
0
0
0
0
0
0
0
0
0
0
0
0
0
0
0
0
0
0
0
0
0
0
0
0
0
0
0
0
0
0
0
0
0
0
0
0
0
0
0
0
0
0
0
0
0
0
0
0
0
0
0
0
-0.89905
-0.88214
-0.87193
-0.87192
-0.87191
-0.88
-0.8756
-0.87769
-0.87123
-0.87592
-0.87591
-0.87287
-0.8675
-0.86214
-0.86478
-0.89339
-0.88449
-0.8888
-0.8685
45.5136
-0.86149
-0.86712
-0.89353
-0.8835
-0.8834
-0.88322
-0.86866
-0.86866
-0.86866
-0.86865
-0.87821
-0.85131
-0.86016
-0.86016
-0.88063
-0.90692
-0.86301
-0.85916
-0.87334
-0.86348
-0.8632
-0.86124
-0.87987
-0.87988
-0.86184
-0.87421
-0.85599
-0.8745
-0.91099
-0.86167
-0.91359
-0.8888
-0.88875
0
0
0
0
0
0
0
0
0
0
0
0
0
0
0
0
0
0
0
0
0
0
0
0
0
0
0
0
0
0
0
0
0
0
0
0
0
0
0
0
0
0
0
0
0
0
0
0
0
0
0
0
0
0
0
0
0
0
0
0
0
0
0
0
-0.89905
-0.88214
-0.87193
-0.87191
-0.87191
-0.88001
-0.8756
-0.87769
-0.87122
-0.87592
-0.87591
-0.87287
-0.86751
-0.86214
-0.86478
-0.89339
-0.88448
-0.8888
-0.86851
-0.86149
45.5136
-0.86712
-0.89353
-0.8835
-0.8834
-0.88323
-0.86866
-0.86867
-0.86866
-0.86865
-0.87821
-0.85131
-0.86016
-0.86016
-0.88063
-0.90691
-0.86301
-0.85915
-0.87335
-0.86349
-0.86321
-0.86125
-0.87988
-0.87988
-0.86184
-0.87421
-0.85598
-0.87451
-0.91099
-0.86167
-0.9136
-0.8888
-0.88876
0
0
0
0
0
0
0
0
0
0
0
0
0
0
0
0
0
0
0
0
0
0
0
0
0
0
0
0
0
0
0
0
0
0
0
0
0
0
0
0
0
0
0
0
0
0
0
0
0
0
0
0
0
0
0
0
0
0
0
0
0
0
0
0
-0.90181
-0.8857
-0.87554
-0.87552
-0.87552
-0.88368
-0.87919
-0.88091
-0.87424
-0.87966
-0.87966
-0.87631
-0.87165
-0.86575
-0.86837
-0.89648
-0.8904
-0.89539
-0.87141
-0.86712
-0.86712
48.1629
-0.89349
-0.88741
-0.88731
-0.88711
-0.87067
-0.87068
-0.87067
-0.87067
-0.87744
-0.85272
-0.86224
-0.86224
-0.88082
-0.91484
-0.86468
-0.86135
-0.87474
-0.86437
-0.86473
-0.86335
-0.88135
-0.88136
-0.86396
-0.87581
-0.85724
-0.87693
-0.90991
-0.86399
0
0
0
0
0
0
0
0
0
0
0
0
0
0
0
0
0
-1.6648
0
0
0
0
0
0
0
-3.5446
0
0
0
0
0
0
0
0
0
0
0
0
0
0
0
0
0
0
0
0
0
0
0
0
0
0
0
0
0
0
0
0
0
0
0
0
0
0
0
0
0
-0.92561
-0.91188
-0.90172
-0.90171
-0.90171
-0.90979
-0.90495
-0.90664
-0.89947
-0.90671
-0.90671
-0.90306
-0.89678
-0.89085
-0.89398
-0.92297
-0.91256
-0.9172
-0.89798
-0.89353
-0.89353
-0.89349
52.9147
-0.91292
-0.91283
-0.91265
-0.89577
-0.89577
-0.89576
-0.89576
-0.9049
-0.87884
-0.88812
-0.88812
-0.90777
-0.93242
-0.89092
-0.88725
-0.90064
-0.89035
-0.89097
-0.88932
-0.90746
-0.90747
-0.89001
-0.90128
-0.8825
-0.90273
-0.93628
-0.88936
0
0
0
0
0
0
0
0
0
0
0
0
0
0
0
0
0
0
0
0
0
0
0
0
0
0
0
0
0
0
0
0
0
0
0
0
-3.5707
0
0
0
0
0
0
0
-5.1629
0
0
0
0
0
0
0
0
0
0
0
0
0
0
0
0
0
0
0
0
0
0
-0.91946
-0.9026
-0.89248
-0.89246
-0.89246
-0.90043
-0.89578
-0.89749
-0.89094
-0.89606
-0.89606
-0.8925
-0.88692
-0.88178
-0.88423
-0.91389
-0.90697
-0.91244
-0.8885
-0.8835
-0.8835
-0.88741
-0.91292
48.4054
-0.90358
-0.90337
-0.88663
-0.88663
-0.88661
-0.88662
-0.89359
-0.86937
-0.87858
-0.87859
-0.89684
-0.92849
-0.88138
-0.87777
-0.89053
-0.88164
-0.88178
-0.87983
-0.89752
-0.89752
-0.88049
-0.89276
-0.87467
-0.89375
-0.92489
-0.87962
0
0
0
0
0
0
0
0
0
0
0
0
0
0
0
0
0
0
0
0
0
0
0
0
0
0
0
0
0
0
0
0
0
0
0
0
0
0
0
0
0
0
0
0
0
0
0
0
0
0
-4.6615
0
0
0
0
0
0
0
0
0
0
0
0
0
0
0
0
-0.91935
-0.9025
-0.89239
-0.89237
-0.89237
-0.90033
-0.89568
-0.89741
-0.89085
-0.89597
-0.89596
-0.8924
-0.88682
-0.88168
-0.88412
-0.9138
-0.90688
-0.91235
-0.8884
-0.8834
-0.8834
-0.88731
-0.91283
-0.90358
48.397
-0.90326
-0.88652
-0.88652
-0.88651
-0.88652
-0.89349
-0.86926
-0.87849
-0.87849
-0.89674
-0.92838
-0.88128
-0.87767
-0.89042
-0.88153
-0.88166
-0.87973
-0.89742
-0.89742
-0.88038
-0.89267
-0.87456
-0.89365
-0.92477
-0.87953
0
0
0
0
0
0
0
0
0
0
0
0
0
0
0
0
0
0
0
0
0
0
0
0
0
0
0
0
0
0
0
0
0
0
0
0
0
0
0
0
0
0
0
0
0
0
-4.658
0
0
0
0
0
0
0
0
0
0
0
0
0
0
0
0
0
0
0
0
-0.91916
-0.90233
-0.89221
-0.8922
-0.89219
-0.90016
-0.8955
-0.89724
-0.89068
-0.89579
-0.89578
-0.89223
-0.88666
-0.88152
-0.88396
-0.91362
-0.90669
-0.91218
-0.88822
-0.88322
-0.88323
-0.88711
-0.91265
-0.90337
-0.90326
48.3817
-0.88634
-0.88635
-0.88634
-0.88633
-0.89331
-0.86909
-0.87831
-0.87832
-0.89656
-0.92817
-0.88109
-0.8775
-0.89025
-0.88136
-0.88149
-0.87956
-0.89724
-0.89724
-0.88021
-0.89248
-0.87439
-0.89347
-0.92458
-0.87937
0
0
0
0
0
0
0
0
0
0
0
0
0
0
0
0
0
0
0
0
0
0
0
0
0
0
0
0
0
0
0
0
0
0
0
0
0
0
0
0
0
0
0
0
0
0
0
0
0
0
0
0
0
0
0
0
0
0
0
0
0
0
0
0
0
0
-4.6511
-0.90146
-0.88462
-0.87441
-0.87439
-0.87439
-0.88253
-0.87814
-0.88017
-0.87372
-0.87855
-0.87853
-0.87547
-0.87011
-0.86469
-0.86736
-0.89597
-0.88768
-0.89252
-0.87208
-0.86866
-0.86866
-0.87067
-0.89577
-0.88663
-0.88652
-0.88634
42.9338
-0.86272
-0.8627
-0.86269
-0.88043
-0.85322
-0.86206
-0.86207
-0.88426
-0.90735
-0.86553
-0.86141
-0.87703
-0.86658
-0.86601
-0.86384
-0.88312
-0.88312
-0.86459
-0.87708
-0.85876
-0.87722
-0.91763
-0.86433
0
0
0
0
0
0
0
0
0
0
0
0
0
0
0
0
0
0
0
0
0
0
0
0
0
0
0
0
0
0
0
0
0
0
0
0
0
0
0
0
0
0
0
0
0
0
0
0
0
0
0
0
0
0
0
0
0
0
0
0
0
0
0
0
0
0
0
-0.90146
-0.88462
-0.87442
-0.8744
-0.87439
-0.88253
-0.87813
-0.88017
-0.87372
-0.87855
-0.87854
-0.87546
-0.8701
-0.8647
-0.86736
-0.89597
-0.88768
-0.89252
-0.87208
-0.86866
-0.86867
-0.87068
-0.89577
-0.88663
-0.88652
-0.88635
-0.86272
42.934
-0.86271
-0.86271
-0.88044
-0.85323
-0.86207
-0.86207
-0.88426
-0.90736
-0.86554
-0.86141
-0.87703
-0.86659
-0.86602
-0.86385
-0.88311
-0.88312
-0.8646
-0.87708
-0.85876
-0.87722
-0.91764
-0.86434
0
0
0
0
0
0
0
0
0
0
0
0
0
0
0
0
0
0
0
0
0
0
0
0
0
0
0
0
0
0
0
0
0
0
0
0
0
0
0
0
0
0
0
0
0
0
0
0
0
0
0
0
0
0
0
0
0
0
0
0
0
0
0
0
0
0
0
-0.90146
-0.88462
-0.8744
-0.87439
-0.87439
-0.88252
-0.87813
-0.88016
-0.87371
-0.87854
-0.87854
-0.87546
-0.8701
-0.86469
-0.86735
-0.89596
-0.88767
-0.89251
-0.87207
-0.86866
-0.86866
-0.87067
-0.89576
-0.88661
-0.88651
-0.88634
-0.8627
-0.86271
42.9336
-0.8627
-0.88043
-0.85322
-0.86205
-0.86206
-0.88426
-0.90735
-0.86553
-0.86141
-0.87702
-0.86657
-0.86601
-0.86385
-0.88311
-0.88312
-0.86459
-0.87708
-0.85875
-0.87722
-0.91763
-0.86434
0
0
0
0
0
0
0
0
0
0
0
0
0
0
0
0
0
0
0
0
0
0
0
0
0
0
0
0
0
0
0
0
0
0
0
0
0
0
0
0
0
0
0
0
0
0
0
0
0
0
0
0
0
0
0
0
0
0
0
0
0
0
0
0
0
0
0
-0.90145
-0.88461
-0.8744
-0.87438
-0.87439
-0.88252
-0.87813
-0.88016
-0.8737
-0.87853
-0.87853
-0.87545
-0.87009
-0.86468
-0.86735
-0.89596
-0.88766
-0.89251
-0.87206
-0.86865
-0.86865
-0.87067
-0.89576
-0.88662
-0.88652
-0.88633
-0.86269
-0.86271
-0.8627
42.9333
-0.88041
-0.85321
-0.86205
-0.86204
-0.88425
-0.90734
-0.86552
-0.8614
-0.87701
-0.86657
-0.866
-0.86385
-0.88311
-0.88312
-0.86459
-0.87706
-0.85875
-0.87721
-0.91761
-0.86432
0
0
0
0
0
0
0
0
0
0
0
0
0
0
0
0
0
0
0
0
0
0
0
0
0
0
0
0
0
0
0
0
0
0
0
0
0
0
0
0
0
0
0
0
0
0
0
0
0
0
0
0
0
0
0
0
0
0
0
0
0
0
0
0
0
0
0
-0.91052
-0.89554
-0.88537
-0.88535
-0.88535
-0.8934
-0.88882
-0.89075
-0.88418
-0.88913
-0.88913
-0.88574
-0.88013
-0.87468
-0.87731
-0.90629
-0.89816
-0.90304
-0.88092
-0.87821
-0.87821
-0.87744
-0.9049
-0.89359
-0.89349
-0.89331
-0.88043
-0.88044
-0.88043
-0.88041
45.7143
-0.86439
-0.87313
-0.87313
-0.89408
-0.9117
-0.87647
-0.87262
-0.88676
-0.87704
-0.87676
-0.87469
-0.89377
-0.89377
-0.87532
-0.88748
-0.86918
-0.88819
0
0
0
0
0
0
0
0
0
0
0
0
0
0
0
0
0
0
0
0
0
0
0
0
0
0
0
0
0
0
0
0
0
0
0
0
0
0
0
0
0
0
0
0
0
0
0
0
0
0
0
0
0
0
0
0
0
0
0
0
0
0
0
0
0
0
-4.0812
0
0
-0.88439
-0.8685
-0.8582
-0.85819
-0.85819
-0.86628
-0.86185
-0.8638
-0.85739
-0.86228
-0.86227
-0.8587
-0.85348
-0.8483
-0.85099
-0.87941
-0.87126
-0.87596
-0.85515
-0.85131
-0.85131
-0.85272
-0.87884
-0.86937
-0.86926
-0.86909
-0.85322
-0.85323
-0.85322
-0.85321
-0.86439
42.5373
-0.8463
-0.84628
-0.86864
-0.89151
-0.84674
-0.84421
-0.85484
-0.84669
-0.84621
-0.84539
-0.86242
-0.86242
-0.84559
-0.85759
-0.83991
-0.85907
0
0
0
0
0
0
0
0
0
0
0
0
0
0
0
0
0
0
0
0
-2.1598
0
0
0
0
0
0
0
0
0
0
0
0
0
0
0
0
0
0
0
0
0
0
0
0
0
0
0
0
0
0
0
0
0
0
0
0
0
0
0
0
0
0
0
0
0
0
0
0
-0.89447
-0.87738
-0.86716
-0.86714
-0.86714
-0.87523
-0.87081
-0.87286
-0.8664
-0.8712
-0.8712
-0.86814
-0.8627
-0.85718
-0.85993
-0.88854
-0.8801
-0.88492
-0.86407
-0.86016
-0.86016
-0.86224
-0.88812
-0.87858
-0.87849
-0.87831
-0.86206
-0.86207
-0.86205
-0.86205
-0.87313
-0.8463
40.8151
-0.85499
-0.87617
-0.90013
-0.85799
-0.8542
-0.86701
-0.85792
-0.85767
-0.85577
-0.87411
-0.87411
-0.85619
-0.8686
-0.85054
-0.86938
0
0
0
0
0
0
0
0
0
0
0
0
0
0
0
0
0
0
0
0
0
0
0
0
0
0
0
0
0
0
0
0
0
0
0
0
0
0
0
0
0
0
0
0
0
0
0
0
0
0
0
0
0
0
0
0
0
0
0
0
0
0
0
0
0
0
0
0
0
-0.89447
-0.87739
-0.86716
-0.86714
-0.86714
-0.87523
-0.87081
-0.87286
-0.8664
-0.87119
-0.8712
-0.86814
-0.86271
-0.85719
-0.85992
-0.88854
-0.8801
-0.88492
-0.86407
-0.86016
-0.86016
-0.86224
-0.88812
-0.87859
-0.87849
-0.87832
-0.86207
-0.86207
-0.86206
-0.86204
-0.87313
-0.84628
-0.85499
40.8151
-0.87618
-0.90014
-0.85799
-0.8542
-0.867
-0.85792
-0.85768
-0.85577
-0.8741
-0.8741
-0.85619
-0.86859
-0.85055
-0.86939
0
0
0
0
0
0
0
0
0
0
0
0
0
0
0
0
0
0
0
0
0
0
0
0
0
0
0
0
0
0
0
0
0
0
0
0
0
0
0
0
0
0
0
0
0
0
0
0
0
0
0
0
0
0
0
0
0
0
0
0
0
0
0
0
0
0
0
0
0
-0.91339
-0.89841
-0.88824
-0.88822
-0.88822
-0.89629
-0.89171
-0.89364
-0.88706
-0.89202
-0.89203
-0.88863
-0.88301
-0.87756
-0.88019
-0.90915
-0.90105
-0.90594
-0.88424
-0.88063
-0.88063
-0.88082
-0.90777
-0.89684
-0.89674
-0.89656
-0.88426
-0.88426
-0.88426
-0.88425
-0.89408
-0.86864
-0.87617
-0.87618
44.9445
-0.9155
-0.87917
-0.87526
-0.88955
-0.87982
-0.87948
-0.87733
-0.89654
-0.89654
-0.87796
-0.89027
-0.87203
0
0
0
0
0
0
0
0
0
0
0
0
0
0
0
0
0
0
0
0
0
0
0
0
0
0
0
0
0
0
0
0
0
0
0
0
0
0
0
0
0
0
0
0
-4.064
0
0
0
0
0
0
0
0
0
0
0
0
0
0
0
0
0
0
0
0
0
0
0
0
0
-0.94208
-0.92536
-0.9153
-0.91528
-0.91529
-0.92307
-0.91799
-0.91943
-0.91249
-0.91861
-0.91861
-0.9144
-0.90758
-0.90164
-0.90476
-0.93586
-0.92695
-0.93298
-0.91494
-0.90692
-0.90691
-0.91484
-0.93242
-0.92849
-0.92838
-0.92817
-0.90735
-0.90736
-0.90735
-0.90734
-0.9117
-0.89151
-0.90013
-0.90014
-0.9155
51.0942
-0.90207
-0.89874
-0.90968
-0.90192
-0.90258
-0.9006
-0.91753
-0.91752
-0.90207
0
0
0
0
0
0
0
0
0
0
0
0
0
0
0
0
0
0
0
0
0
0
0
0
0
0
0
0
0
0
0
0
0
0
0
0
0
0
0
0
0
0
0
0
0
0
0
0
0
0
0
0
0
0
0
0
0
0
0
0
0
0
0
0
0
-5.4422
0
-5.4422
0
0
0
0
-0.89679
-0.88043
-0.87005
-0.87002
-0.87003
-0.87817
-0.87371
-0.87579
-0.8693
-0.87412
-0.87412
-0.87013
-0.86541
-0.85997
-0.86271
-0.89146
-0.8831
-0.88802
-0.86701
-0.86301
-0.86301
-0.86468
-0.89092
-0.88138
-0.88128
-0.88109
-0.86553
-0.86554
-0.86553
-0.86552
-0.87647
-0.84674
-0.85799
-0.85799
-0.87917
-0.90207
39.7419
-0.85645
-0.87222
-0.86101
-0.86011
-0.85856
-0.87727
-0.87728
-0.86118
0
0
0
0
0
0
0
0
0
0
0
0
0
0
0
0
0
0
0
0
0
-1.3895
0
0
0
0
0
0
0
0
0
0
0
0
0
0
0
0
0
0
0
0
0
0
0
0
0
0
0
0
0
0
0
0
0
0
0
0
0
0
0
0
0
0
0
0
0
0
0
0
0
0
-0.89367
-0.87655
-0.86631
-0.86629
-0.86627
-0.87436
-0.86995
-0.872
-0.86553
-0.8703
-0.8703
-0.86724
-0.86178
-0.85622
-0.859
-0.88769
-0.87921
-0.88413
-0.86321
-0.85916
-0.85915
-0.86135
-0.88725
-0.87777
-0.87767
-0.8775
-0.86141
-0.86141
-0.86141
-0.8614
-0.87262
-0.84421
-0.8542
-0.8542
-0.87526
-0.89874
-0.85645
38.1892
-0.86927
-0.85712
-0.85503
-0.85398
-0.87267
-0.87268
-0.85731
0
0
0
0
0
0
0
0
0
0
0
0
0
0
0
0
0
0
0
0
0
0
0
0
0
0
0
0
0
0
0
0
0
0
0
0
0
0
0
0
0
0
0
0
0
0
0
0
0
0
0
0
0
0
0
0
0
0
0
0
0
0
0
0
0
0
0
0
0
0
0
0
-0.9059
-0.89095
-0.88082
-0.88081
-0.88081
-0.88886
-0.88431
-0.88626
-0.8797
-0.88464
-0.88464
-0.88127
-0.87572
-0.8703
-0.87292
-0.90172
-0.89368
-0.89861
-0.87737
-0.87334
-0.87335
-0.87474
-0.90064
-0.89053
-0.89042
-0.89025
-0.87703
-0.87703
-0.87702
-0.87701
-0.88676
-0.85484
-0.86701
-0.867
-0.88955
-0.90968
-0.87222
-0.86927
40.1284
-0.87064
-0.86629
-0.86718
0
0
0
0
0
0
0
0
0
0
0
0
0
0
0
0
0
0
0
0
0
0
0
0
0
0
0
0
0
0
0
0
0
0
0
0
0
0
0
0
0
0
0
0
0
0
0
0
0
0
0
0
0
0
0
0
0
0
0
0
0
0
0
0
0
0
0
0
0
-3.9873
0
0
0
0
0
-0.89733
-0.88069
-0.87054
-0.87052
-0.87052
-0.87862
-0.87416
-0.87564
-0.86905
-0.87461
-0.8746
-0.87145
-0.86602
-0.86041
-0.86314
-0.89097
-0.88362
-0.8879
-0.86748
-0.86348
-0.86349
-0.86437
-0.89035
-0.88164
-0.88153
-0.88136
-0.86658
-0.86659
-0.86657
-0.86657
-0.87704
-0.84669
-0.85792
-0.85792
-0.87982
-0.90192
-0.86101
-0.85712
-0.87064
38.6508
-0.85334
-0.85628
0
0
0
0
0
0
0
0
0
0
0
0
0
0
0
0
0
0
0
0
0
0
0
0
0
0
0
0
0
0
0
0
0
0
-2.9113
0
0
0
0
0
0
0
0
0
0
0
0
0
0
0
0
0
0
0
0
0
0
0
0
0
0
0
0
0
0
0
0
0
0
0
0
0
0
0
0
-0.89662
-0.8801
-0.87005
-0.87003
-0.87003
-0.87823
-0.87379
-0.87575
-0.8693
-0.8742
-0.8742
-0.87093
-0.86565
-0.86008
-0.86287
-0.89162
-0.88332
-0.88814
-0.86721
-0.8632
-0.86321
-0.86473
-0.89097
-0.88178
-0.88166
-0.88149
-0.86601
-0.86602
-0.86601
-0.866
-0.87676
-0.84621
-0.85767
-0.85768
-0.87948
-0.90258
-0.86011
-0.85503
-0.86629
-0.85334
36.955
0
0
0
0
0
0
0
0
0
0
0
0
0
0
0
0
0
0
0
0
0
0
0
0
0
0
0
0
0
0
0
0
0
0
0
0
0
0
0
0
0
0
0
0
-2.0866
0
0
0
0
0
0
0
0
0
0
0
0
0
0
0
0
0
0
0
0
0
0
0
0
0
0
0
0
0
0
0
-0.8958
-0.87857
-0.8683
-0.8683
-0.86828
-0.87638
-0.87195
-0.87403
-0.86754
-0.87234
-0.87235
-0.86929
-0.86382
-0.85823
-0.86102
-0.88973
-0.88129
-0.88621
-0.86526
-0.86124
-0.86125
-0.86335
-0.88932
-0.87983
-0.87973
-0.87956
-0.86384
-0.86385
-0.86385
-0.86385
-0.87469
-0.84539
-0.85577
-0.85577
-0.87733
-0.9006
-0.85856
-0.85398
-0.86718
-0.85628
0
34.8039
0
0
0
0
0
0
0
0
0
0
0
0
0
0
0
0
0
0
0
0
0
0
0
0
0
0
0
0
0
0
0
0
0
0
0
0
0
0
0
0
0
0
0
0
0
0
0
0
0
0
0
0
0
0
0
0
0
0
0
0
0
0
0
0
0
0
0
0
0
0
0
0
0
0
0
-0.91289
-0.89756
-0.88739
-0.88737
-0.88738
-0.89546
-0.8909
-0.89288
-0.8863
-0.89122
-0.89122
-0.88776
-0.88203
-0.87687
-0.87934
-0.90839
-0.90024
-0.90521
-0.88392
-0.87987
-0.87988
-0.88135
-0.90746
-0.89752
-0.89742
-0.89724
-0.88312
-0.88311
-0.88311
-0.88311
-0.89377
-0.86242
-0.87411
-0.8741
-0.89654
-0.91753
-0.87727
-0.87267
0
0
0
0
37.5064
0
0
0
0
0
0
0
0
0
0
0
0
0
0
0
0
0
0
0
0
0
0
0
0
0
0
0
0
0
0
0
0
0
0
0
0
0
0
0
0
0
0
0
0
0
0
0
0
0
0
0
0
0
0
0
-3.7205
0
0
0
0
0
0
0
0
0
0
0
0
0
0
0
0
0
0
-0.91288
-0.89757
-0.88739
-0.88738
-0.88739
-0.89547
-0.8909
-0.89289
-0.88631
-0.89123
-0.89123
-0.88777
-0.88203
-0.87688
-0.87934
-0.90838
-0.90026
-0.90522
-0.88393
-0.87988
-0.87988
-0.88136
-0.90747
-0.89752
-0.89742
-0.89724
-0.88312
-0.88312
-0.88312
-0.88312
-0.89377
-0.86242
-0.87411
-0.8741
-0.89654
-0.91752
-0.87728
-0.87268
0
0
0
0
0
37.5067
0
0
0
0
0
0
0
0
0
0
0
0
0
0
0
0
0
0
0
0
0
0
0
0
0
0
0
0
0
0
0
0
0
0
0
0
0
0
0
0
0
0
0
0
0
0
0
0
0
0
0
0
0
0
0
0
0
0
0
0
-3.7206
0
0
0
0
0
0
0
0
0
0
0
0
-0.89648
-0.87917
-0.86889
-0.86886
-0.86887
-0.87698
-0.87255
-0.87464
-0.86817
-0.87293
-0.87293
-0.8699
-0.86441
-0.85881
-0.86163
-0.89037
-0.88193
-0.88689
-0.86587
-0.86184
-0.86184
-0.86396
-0.89001
-0.88049
-0.88038
-0.88021
-0.86459
-0.8646
-0.86459
-0.86459
-0.87532
-0.84559
-0.85619
-0.85619
-0.87796
-0.90207
-0.86118
-0.85731
0
0
0
0
0
0
33.1092
0
0
0
0
0
0
0
0
0
0
0
0
0
0
0
0
0
0
0
0
0
0
0
0
0
0
0
0
0
0
0
0
0
0
0
0
0
0
0
0
0
0
0
0
0
0
0
0
0
0
0
0
0
0
0
0
0
0
0
0
0
0
0
0
0
0
0
0
0
0
0
0
-0.90793
-0.89157
-0.88138
-0.88136
-0.88135
-0.88953
-0.88502
-0.88693
-0.88044
-0.88568
-0.88568
-0.88236
-0.87679
-0.87122
-0.87305
-0.90223
-0.89443
-0.89908
-0.87845
-0.87421
-0.87421
-0.87581
-0.90128
-0.89276
-0.89267
-0.89248
-0.87708
-0.87708
-0.87708
-0.87706
-0.88748
-0.85759
-0.8686
-0.86859
-0.89027
0
0
0
0
0
0
0
0
0
0
35.083
0
0
0
0
0
0
0
0
0
0
0
0
0
0
0
0
0
0
0
0
0
0
0
0
0
0
0
0
-1.4053
0
0
0
0
0
0
0
0
0
0
0
0
-2.7589
0
0
0
0
0
0
0
0
0
0
0
0
0
0
0
0
0
0
0
0
0
0
0
0
0
0
0
0
0
-0.8896
-0.87293
-0.86281
-0.86279
-0.8628
-0.87092
-0.86648
-0.86788
-0.86129
-0.86698
-0.86697
-0.8639
-0.85841
-0.85275
-0.85552
-0.88307
-0.87597
-0.8802
-0.86017
-0.85599
-0.85598
-0.85724
-0.8825
-0.87467
-0.87456
-0.87439
-0.85876
-0.85876
-0.85875
-0.85875
-0.86918
-0.83991
-0.85054
-0.85055
-0.87203
0
0
0
0
0
0
0
0
0
0
0
33.1238
0
0
0
0
0
0
0
0
0
0
0
0
0
0
0
0
0
0
0
0
0
0
0
0
0
0
0
0
0
0
0
0
0
0
0
0
0
0
0
0
0
-2.8498
0
0
0
0
0
0
0
0
0
0
0
0
0
0
0
0
0
0
0
0
0
0
0
0
0
0
0
0
-0.9092
-0.8917
-0.88133
-0.88132
-0.88132
-0.88952
-0.88509
-0.88723
-0.8807
-0.88553
-0.88552
-0.88253
-0.87696
-0.87125
-0.87413
-0.90299
-0.89461
-0.89971
-0.87869
-0.8745
-0.87451
-0.87693
-0.90273
-0.89375
-0.89365
-0.89347
-0.87722
-0.87722
-0.87722
-0.87721
-0.88819
-0.85907
-0.86938
-0.86939
0
0
0
0
0
0
0
0
0
0
0
0
0
30.0438
0
0
0
0
0
0
0
0
0
0
0
0
0
0
0
0
0
0
0
0
0
0
0
0
0
0
0
0
0
0
0
0
0
0
0
0
0
0
0
0
0
0
0
0
0
0
0
0
0
0
0
0
0
0
0
0
0
0
0
0
0
0
0
0
0
0
0
0
0
-0.93872
-0.92925
-0.91947
-0.91944
-0.91945
-0.92746
-0.92256
-0.92441
-0.91754
-0.92289
-0.92288
-0.91837
-0.91164
-0.90761
-0.90924
-0.93896
-0.93194
-0.93714
-0.91492
-0.91099
-0.91099
-0.90991
-0.93628
-0.92489
-0.92477
-0.92458
-0.91763
-0.91764
-0.91763
-0.91761
0
0
0
0
0
0
0
0
0
0
0
0
0
0
0
0
0
0
42.8329
0
0
0
0
0
0
0
0
0
0
0
0
0
0
0
0
0
0
0
0
0
0
0
0
0
0
0
0
0
0
0
0
0
0
0
0
0
0
0
0
0
0
0
0
0
0
0
0
0
0
-5.062
0
0
0
0
0
0
-5.0621
0
0
0
0
0
0
-5.062
0
0
0
-0.89386
-0.87877
-0.86865
-0.86864
-0.86863
-0.87682
-0.87234
-0.8746
-0.86801
-0.87276
-0.87277
-0.86932
-0.86381
-0.85849
-0.86114
-0.88978
-0.88173
-0.88697
-0.86573
-0.86167
-0.86167
-0.86399
-0.88936
-0.87962
-0.87953
-0.87937
-0.86433
-0.86434
-0.86434
-0.86432
0
0
0
0
0
0
0
0
0
0
0
0
0
0
0
0
0
0
0
29.079
0
0
0
0
0
0
0
0
0
0
0
0
0
0
0
0
0
0
0
0
0
0
0
0
0
0
0
0
0
0
0
0
0
0
0
0
0
0
0
0
0
0
0
-2.9136
0
0
0
0
0
0
0
0
0
0
0
0
0
0
0
0
0
0
0
0
0
0
0
-0.94474
-0.93078
-0.92064
-0.92062
-0.92062
-0.92893
-0.92438
-0.92795
-0.92062
-0.92492
-0.92491
-0.92166
-0.91602
-0.91039
-0.91307
-0.94208
-0.93419
-0.94106
-0.91764
-0.91359
-0.9136
0
0
0
0
0
0
0
0
0
0
0
0
0
0
0
0
0
0
0
0
0
0
0
0
0
0
0
0
0
25.0235
0
0
0
0
0
0
0
0
0
0
0
0
0
0
0
0
0
0
0
0
0
0
0
0
0
0
0
0
0
0
0
0
0
0
0
0
0
0
0
0
0
0
0
0
0
0
0
0
0
0
0
0
-2.8055
0
0
0
0
0
-2.8055
0
0
0
0
0
0
0
-0.92408
-0.90562
-0.89507
-0.89505
-0.89506
-0.90343
-0.89904
-0.90137
-0.89482
-0.89961
-0.89961
-0.89686
-0.89127
-0.88536
-0.8884
-0.91726
-0.90912
-0.91447
-0.89292
-0.8888
-0.8888
0
0
0
0
0
0
0
0
0
0
0
0
0
0
0
0
0
0
0
0
0
0
0
0
0
0
0
0
0
0
18.886
0
0
0
0
0
0
0
0
0
0
0
0
0
0
0
0
0
0
0
0
0
0
0
0
0
0
0
0
0
0
0
0
0
0
0
0
0
0
0
0
0
0
0
0
0
0
0
0
0
0
0
0
0
0
0
0
0
0
0
0
0
0
0
0
0
-0.92404
-0.90556
-0.89503
-0.89501
-0.895
-0.90339
-0.899
-0.90132
-0.89477
-0.89957
-0.89956
-0.89681
-0.89122
-0.88531
-0.88837
-0.91721
-0.90907
-0.91442
-0.89285
-0.88875
-0.88876
0
0
0
0
0
0
0
0
0
0
0
0
0
0
0
0
0
0
0
0
0
0
0
0
0
0
0
0
0
0
0
18.885
0
0
0
0
0
0
0
0
0
0
0
0
0
0
0
0
0
0
0
0
0
0
0
0
0
0
0
0
0
0
0
0
0
0
0
0
0
0
0
0
0
0
0
0
0
0
0
0
0
0
0
0
0
0
0
0
0
0
0
0
0
0
0
0
-0.97023
-0.95123
-0.94047
-0.94045
-0.94045
-0.94899
-0.94455
-0.94729
-0.94031
-0.94513
-0.94512
-0.94239
-0.93674
-0.93065
-0.93382
-0.96348
-0.95528
0
-0.93884
0
0
0
0
0
0
0
0
0
0
0
0
0
0
0
0
0
0
0
0
0
0
0
0
0
0
0
0
0
0
0
0
0
0
17.0154
0
0
0
0
0
0
0
0
0
0
0
0
0
0
0
0
0
0
0
0
0
0
0
0
0
0
0
0
0
0
0
0
0
0
0
0
0
0
0
0
0
0
0
0
0
0
0
0
0
0
0
0
0
0
0
0
0
0
0
0
0
0
0
-0.95438
-0.93629
-0.9259
-0.92587
-0.92587
-0.93429
-0.92979
-0.93231
-0.92563
-0.93096
-0.93095
-0.92814
-0.92261
-0.91656
-0.9194
0
0
0
0
0
0
0
0
0
0
0
0
0
0
0
0
0
0
0
0
0
0
0
0
0
0
0
0
0
0
0
0
0
0
0
0
0
0
0
16.4618
0
0
0
0
0
0
0
0
0
0
0
0
0
0
0
0
0
0
0
0
0
0
0
0
0
0
0
0
-2.5228
0
0
0
0
0
0
0
0
0
0
0
0
0
0
0
0
0
0
0
0
0
0
0
0
0
0
0
0
0
0
0
0
0
-0.9636
-0.94447
-0.93369
-0.93367
-0.93367
-0.94227
-0.93792
-0.94083
-0.93396
-0.93848
-0.93848
-0.93591
-0.93039
-0.92416
-0.92748
0
-0.94846
0
0
0
0
0
0
0
0
0
0
0
0
0
0
0
0
0
0
0
0
0
0
0
0
0
0
0
0
0
0
0
0
0
0
0
0
0
0
15.0075
0
0
0
0
0
0
0
0
0
0
0
0
0
0
0
0
0
0
0
0
0
0
0
0
0
0
0
0
0
0
0
0
0
0
0
0
0
0
0
0
0
0
0
0
0
0
0
0
0
0
0
0
0
0
0
0
0
0
0
0
0
-0.96401
-0.94487
-0.93408
-0.93408
-0.93408
-0.94268
-0.93833
-0.94123
-0.93438
-0.93888
-0.93889
-0.93632
-0.9308
-0.92457
-0.9279
0
-0.94886
0
0
0
0
0
0
0
0
0
0
0
0
0
0
0
0
0
0
0
0
0
0
0
0
0
0
0
0
0
0
0
0
0
0
0
0
0
0
0
15.014
0
0
0
0
0
0
0
0
0
0
0
0
0
0
0
0
0
0
0
0
0
0
0
0
0
0
0
0
0
0
0
0
0
0
0
0
0
0
0
0
0
0
0
0
0
0
0
0
0
0
0
0
0
0
0
0
0
0
0
0
-0.95259
-0.93314
-0.92239
-0.92238
-0.92237
-0.93092
-0.92657
-0.92957
-0.92268
-0.92707
-0.92708
-0.92455
-0.91949
-0.91284
-0.91659
0
0
0
0
0
0
0
0
0
0
0
0
0
0
0
0
0
0
0
0
0
0
0
0
0
0
0
0
0
0
0
0
0
0
0
0
0
0
0
0
0
0
13.8902
0
0
0
0
0
0
0
0
0
0
0
0
0
0
0
0
0
0
0
0
0
0
0
0
0
0
0
0
0
0
0
0
0
0
0
0
0
0
0
0
0
0
0
0
0
0
0
0
0
0
0
0
0
0
0
0
0
0
0
-0.90161
-0.88307
-0.87323
-0.87321
-0.87321
-0.88175
-0.87747
-0.88006
-0.87344
-0.87799
-0.87799
-0.87476
0
-0.86397
0
0
0
0
0
0
0
0
0
0
0
0
0
0
0
0
0
0
0
0
0
0
0
0
0
0
0
0
0
0
0
0
0
0
0
0
0
0
0
0
0
0
0
0
13.3625
0
0
0
0
0
0
0
0
0
0
0
0
0
0
0
0
0
0
0
0
-1.9508
0
0
0
0
0
0
0
0
0
0
0
0
0
0
0
0
0
0
0
0
0
0
0
0
0
0
0
0
0
0
0
0
0
0
0
0
0
-0.92947
-0.91657
-0.90592
-0.90589
-0.9059
-0.91444
-0.91004
-0.91251
-0.90565
-0.9103
-0.9103
0
0
0
0
0
0
0
0
0
0
0
0
0
0
0
0
0
0
0
0
0
0
0
0
0
0
0
0
0
0
0
0
0
0
0
0
0
0
0
0
0
0
0
0
0
0
0
0
12.4217
0
0
0
0
0
0
0
-1.4656
0
0
0
-0.92915
0
0
0
0
0
0
0
0
0
0
0
0
0
0
0
0
0
0
0
0
0
0
0
0
0
0
0
0
0
0
0
0
0
0
0
0
0
0
0
0
0
0
0
0
0
-1.0903
-1.0689
-1.0576
-1.0576
-1.0576
-1.0667
-1.0622
-1.0659
-1.0585
-1.0627
-1.0627
0
0
0
0
0
0
0
0
0
0
0
0
0
0
0
0
0
0
0
0
0
0
0
0
0
0
0
0
0
0
0
0
0
0
0
0
0
0
0
0
0
0
0
0
0
0
0
0
0
11.7107
0
0
0
0
0
0
0
0
0
0
0
0
0
0
0
0
0
0
0
0
0
0
0
0
0
0
0
0
0
0
0
0
0
0
0
0
0
0
0
0
0
0
0
0
0
0
0
0
0
0
0
0
0
0
0
0
-1.3495
-1.3257
-1.3135
-1.3135
-1.3135
-1.3238
-1.3197
0
0
0
0
0
0
0
0
0
0
0
0
0
0
0
0
0
0
0
0
0
0
0
0
0
0
0
0
0
0
0
0
0
0
0
0
0
0
0
0
0
0
0
0
0
0
0
0
0
0
0
0
0
0
9.2591
0
0
0
0
0
0
0
0
0
0
0
0
0
0
0
0
0
0
0
0
0
0
0
0
0
0
0
0
0
0
0
0
0
0
0
0
0
0
0
0
0
0
0
0
0
0
0
0
0
0
0
0
0
0
0
-1.3574
-1.3336
-1.3213
-1.3213
-1.3213
-1.3316
-1.3276
0
0
0
0
0
0
0
0
0
0
0
0
0
0
0
0
0
0
0
0
0
0
0
0
0
0
0
0
0
0
0
0
0
0
0
0
0
0
0
0
0
0
0
0
0
0
0
0
0
0
0
0
0
0
0
9.3141
0
0
0
0
0
0
0
0
0
0
0
0
0
0
0
0
0
0
0
0
0
0
0
0
0
0
0
0
0
0
0
0
0
0
0
0
0
0
0
0
0
0
0
0
0
0
0
0
0
0
0
0
0
0
-1.4141
-1.393
-1.381
-1.3809
-1.381
0
0
0
0
0
0
0
0
0
0
0
0
0
0
0
0
0
0
0
0
0
0
0
0
0
0
0
0
0
0
0
0
0
0
0
0
0
0
0
0
0
0
0
0
0
0
0
0
0
0
0
0
0
0
0
0
0
0
8.1842
0
0
0
0
0
0
0
0
-1.2342
0
0
0
0
0
0
0
0
0
0
0
0
0
0
0
0
0
0
0
0
0
0
0
0
0
0
0
0
0
0
0
0
0
0
0
0
0
0
0
0
0
0
0
0
-1.4253
-1.3973
-1.3846
-1.3846
-1.3846
-1.3949
0
0
0
0
0
0
0
0
0
0
0
0
0
0
0
0
0
0
0
0
0
0
0
0
0
0
0
0
0
0
0
0
0
0
0
0
0
0
0
0
0
0
0
0
0
0
0
0
0
0
0
0
0
0
0
0
0
0
8.3711
0
0
0
0
0
0
0
0
0
0
0
0
0
0
0
0
0
0
0
0
0
0
0
0
0
0
0
0
0
0
0
0
0
0
0
0
0
0
0
0
0
0
0
0
0
0
0
0
0
0
0
0
-1.5736
-1.5438
-1.5298
-1.5298
-1.5298
0
0
0
0
0
0
0
0
0
0
0
0
0
0
0
0
0
0
0
0
0
0
0
0
0
0
0
0
0
0
0
0
0
0
0
0
0
0
0
0
0
0
0
0
0
0
0
0
0
0
0
0
0
0
0
0
0
0
0
0
7.7067
0
0
0
0
0
0
0
0
0
0
0
0
0
0
0
0
0
0
0
0
0
0
0
0
0
0
0
0
0
0
0
0
0
0
0
0
0
0
0
0
0
0
0
0
0
0
0
0
0
0
0
0
0
0
0
0
0
0
0
0
0
0
-1.4092
0
0
0
0
0
0
0
0
0
0
0
0
0
0
0
0
0
0
0
0
0
0
0
0
-1.3895
0
0
0
0
0
0
0
0
0
0
0
0
0
0
0
0
0
0
0
0
0
0
0
0
0
0
0
0
0
9.0471
-1.8476
-2.0943
0
0
0
0
0
0
0
0
-2.3064
0
0
0
0
0
0
0
0
0
0
0
0
0
0
0
0
0
0
0
0
0
0
0
0
0
0
0
0
0
0
0
0
0
0
0
0
0
0
0
0
0
0
0
0
0
0
0
0
0
0
0
0
0
0
0
0
0
0
0
0
-1.6648
0
0
0
0
0
0
0
0
0
0
0
0
0
0
0
0
0
0
0
0
0
0
0
0
0
0
0
0
0
0
0
0
0
0
0
0
0
-1.4656
0
0
0
0
0
0
-1.8476
7.0483
0
-2.0703
0
0
0
0
0
0
0
0
0
0
0
0
0
0
0
0
0
0
0
0
0
0
0
0
0
0
0
0
0
0
0
0
0
0
0
0
0
0
0
0
0
0
0
0
0
0
0
0
0
0
0
0
0
0
0
0
0
0
0
0
0
0
0
0
0
0
0
0
0
0
0
0
0
0
0
0
0
0
-2.1598
0
0
0
0
0
0
0
0
0
0
0
0
0
0
0
0
0
0
0
0
0
0
0
0
0
0
0
0
0
0
0
0
0
0
-2.0943
0
9.238
0
0
0
0
0
0
0
0
0
0
0
0
0
0
0
0
0
0
0
0
-2.2619
-2.722
0
0
0
0
0
0
0
0
0
0
0
0
0
0
0
0
0
0
0
0
0
0
0
0
0
0
0
-1.1681
0
0
0
0
0
0
0
0
0
0
0
0
0
0
0
0
0
0
0
0
0
0
0
0
0
0
0
0
0
0
0
0
0
0
0
0
0
0
0
0
0
0
0
0
0
0
0
0
0
0
0
0
0
0
0
0
0
0
0
0
0
0
0
0
0
-2.0703
0
5.4656
0
0
0
0
0
0
0
0
0
0
0
0
0
0
0
0
0
0
0
0
0
0
-2.2272
0
0
0
0
0
0
0
0
0
0
0
0
0
0
0
0
0
0
0
0
0
0
0
0
0
0
0
0
0
0
0
0
-2.4129
0
0
0
0
0
0
-2.4322
0
0
0
0
0
0
0
0
0
0
0
0
0
0
0
0
0
0
0
0
0
0
0
0
0
0
0
0
0
0
0
0
0
0
0
0
0
0
0
0
0
0
0
0
0
0
0
0
0
0
0
0
0
0
8.4074
0
0
0
0
0
0
0
0
0
0
0
0
0
0
0
0
0
0
0
0
0
0
0
0
0
0
0
0
0
0
0
0
0
0
0
0
0
-3.5623
0
0
0
0
0
0
0
0
0
0
0
0
0
0
0
0
0
0
0
0
0
0
0
0
0
0
0
0
0
0
0
0
0
0
0
0
0
0
0
0
0
0
0
0
0
0
0
0
0
0
0
0
0
0
0
0
0
0
0
0
0
0
0
0
0
0
0
-0.92915
0
0
0
0
0
0
0
0
0
0
0
4.5891
0
0
-2.2556
0
0
0
0
0
0
0
0
0
0
0
0
0
0
0
0
0
0
0
0
0
0
0
0
0
0
-1.4043
0
0
0
0
0
0
0
0
0
0
0
0
0
0
0
0
0
0
0
0
0
0
0
0
0
0
-0.71519
0
0
0
0
0
0
0
0
0
0
0
0
0
0
0
0
0
0
0
0
0
0
0
0
0
0
0
0
0
0
0
0
0
0
0
0
0
0
0
0
0
0
0
0
0
0
0
0
0
0
0
-1.2342
0
0
0
0
0
0
0
0
2.4715
0
0
0
0
0
0
0
0
0
0
0
0
0
0
0
0
0
0
0
0
0
0
0
0
0
0
0
0
0
-0.52208
0
0
0
0
0
0
0
0
0
0
0
0
0
0
0
0
0
0
0
0
0
-2.768
0
0
0
0
0
0
0
0
0
-2.7619
0
0
0
0
0
0
0
0
0
0
0
0
0
0
0
0
0
0
0
0
0
0
0
0
0
0
0
0
0
0
0
0
0
0
0
0
0
0
0
0
0
0
0
0
0
0
0
0
0
0
0
0
0
0
0
9.4869
0
0
0
0
0
0
0
0
0
0
0
0
0
0
0
0
0
0
0
0
0
0
0
0
0
0
0
0
0
0
0
-3.957
0
0
0
0
0
0
0
0
0
0
0
0
0
0
0
0
0
0
0
0
0
0
0
0
0
-1.4127
0
0
0
0
0
0
0
0
0
0
0
0
0
0
0
0
0
0
0
0
0
0
0
0
0
0
0
0
0
0
-1.4053
0
0
0
0
0
0
0
0
0
0
0
0
0
0
0
0
0
0
0
0
0
0
0
0
0
-2.2556
0
0
5.0737
0
0
0
0
0
0
0
0
0
0
0
0
0
0
0
0
0
0
0
0
0
0
0
0
0
0
0
0
0
0
0
0
0
0
0
0
0
0
0
0
0
0
0
0
0
0
0
0
0
0
0
0
0
0
0
0
0
0
0
0
0
0
0
-3.5446
0
0
0
0
0
0
0
0
0
0
0
0
0
0
0
0
0
0
0
0
0
0
0
0
0
0
0
0
0
0
0
0
0
0
0
0
0
0
0
0
0
0
0
0
0
0
0
0
0
0
0
0
0
6.7824
0
0
0
0
-3.2378
0
0
0
0
0
0
0
0
0
0
0
0
0
0
0
0
0
0
0
0
0
0
0
0
0
0
0
0
0
0
0
0
0
0
0
0
0
0
0
0
0
0
0
0
0
0
0
0
0
0
0
0
0
0
0
0
0
0
0
0
0
0
0
0
0
0
0
0
0
0
0
0
0
0
0
-2.9113
0
0
0
0
0
0
0
0
0
0
0
0
0
0
0
0
0
0
0
0
0
0
0
0
0
0
0
0
0
0
0
0
0
0
0
0
6.121
0
-3.2097
0
0
0
0
0
0
0
0
0
0
0
0
0
0
0
0
0
0
0
0
0
0
0
0
0
0
0
0
0
0
0
0
0
0
0
0
0
0
0
0
0
0
0
0
0
0
0
0
0
0
-1.9111
0
0
0
0
0
0
0
0
0
0
0
0
0
0
0
0
0
0
0
0
0
0
0
0
0
0
0
0
0
0
0
0
0
0
0
0
0
0
0
0
0
0
0
0
0
0
0
0
0
0
0
0
0
-2.3064
0
0
0
0
0
0
0
0
0
0
4.2176
0
0
0
0
0
0
0
0
0
0
0
0
0
0
0
0
0
0
0
0
0
0
0
0
0
0
0
0
0
0
0
0
0
0
0
0
0
0
0
0
0
0
0
0
0
0
0
0
0
0
0
0
0
0
0
0
0
0
0
0
0
0
0
0
0
0
0
0
0
0
0
0
0
0
0
0
0
0
0
0
0
0
0
0
0
0
0
0
0
0
0
0
0
0
0
0
0
0
0
0
0
0
0
0
0
0
0
0
0
0
0
0
0
0
0
-3.2097
0
6.4439
0
0
0
0
0
0
0
0
0
-3.2342
0
0
0
0
0
0
0
0
0
0
0
0
0
0
0
0
0
0
0
0
0
0
0
0
0
0
0
0
0
0
0
0
0
0
0
0
0
0
0
0
0
0
0
0
0
0
0
0
0
0
0
0
0
0
0
0
0
0
0
0
0
0
0
0
0
0
0
0
0
0
0
0
0
0
0
0
0
0
0
0
0
0
0
0
0
0
-1.9508
0
0
0
0
0
0
0
0
0
0
0
0
0
0
0
0
0
0
0
0
4.2363
0
-2.2855
0
0
0
0
0
0
0
0
0
0
0
0
0
0
0
0
0
0
0
0
0
0
0
0
0
0
0
0
0
0
0
0
0
0
0
0
0
0
0
0
0
0
0
0
0
0
0
0
0
0
0
0
0
0
0
0
0
0
0
0
0
0
0
0
0
0
0
0
0
0
0
0
0
0
0
0
0
0
0
0
0
0
0
0
0
0
0
0
0
0
0
0
0
0
0
0
0
0
0
0
0
0
0
0
0
0
0
0
0
0
-3.2378
0
0
0
0
6.4711
0
0
0
0
0
-3.2333
0
0
0
0
0
0
0
0
0
0
0
0
0
0
0
0
0
0
0
0
0
0
0
0
0
0
0
0
0
0
0
0
0
0
0
0
0
0
0
0
0
0
0
0
0
0
0
0
0
0
0
0
0
0
0
0
0
0
0
0
0
0
0
0
0
0
0
0
0
0
0
0
0
0
0
0
0
0
0
0
0
0
0
0
0
0
0
0
0
0
0
0
0
0
0
0
0
0
0
0
0
0
0
0
0
0
0
0
0
-2.2855
0
4.5881
0
0
0
-2.3025
0
0
0
0
0
0
0
0
0
0
0
0
0
0
0
0
0
0
0
0
0
0
0
0
0
0
0
0
0
0
0
0
0
0
0
0
0
0
0
0
0
0
0
0
0
0
0
0
0
0
0
0
0
0
0
0
0
0
0
0
0
0
0
0
0
0
0
0
0
0
0
0
0
0
0
0
0
0
0
0
0
0
0
0
0
0
0
0
0
0
0
0
0
0
0
0
0
0
0
0
0
0
0
0
0
0
0
0
0
0
0
0
0
5.5321
-2.8282
0
0
0
-2.7039
0
0
0
0
0
0
0
0
0
0
0
0
0
0
0
0
0
0
0
0
0
0
0
0
0
0
0
0
0
0
0
0
0
0
0
0
0
0
0
0
0
0
0
0
0
0
0
0
0
0
0
0
0
0
0
0
0
0
0
0
0
0
0
0
0
0
0
0
0
0
0
0
0
0
0
0
0
0
0
0
0
0
0
-2.5228
0
0
0
0
0
0
0
0
0
0
0
0
0
0
0
0
0
0
0
0
0
0
0
0
0
0
0
-2.8282
5.351
0
0
0
0
0
0
0
0
0
0
0
0
0
0
0
0
0
0
0
0
0
0
0
0
0
0
0
0
0
0
0
0
0
-2.4227
0
0
0
0
0
0
0
0
0
0
0
0
0
0
0
0
0
0
0
0
0
0
0
0
0
0
0
0
0
0
0
0
0
0
0
0
0
0
0
0
0
0
0
0
0
0
0
0
0
0
0
0
0
0
0
0
0
0
0
0
0
0
0
0
0
0
0
0
0
0
0
0
0
0
0
0
0
0
0
0
0
0
0
5.1493
0
0
0
0
-2.7266
0
0
0
0
0
0
0
0
0
0
0
0
0
0
0
0
0
0
0
0
0
0
0
0
0
0
0
0
0
0
0
0
0
0
0
0
0
0
0
0
0
0
0
0
0
0
0
0
0
0
0
0
0
0
0
0
0
0
0
0
0
0
0
0
0
0
0
-2.0866
0
0
0
0
0
0
0
0
0
0
0
0
0
0
0
0
0
0
0
0
0
0
0
0
0
0
0
0
0
0
0
0
0
0
0
0
0
0
0
0
-2.3025
0
0
0
4.3891
0
0
0
0
0
0
0
0
0
0
0
0
0
0
0
0
0
0
0
0
0
0
0
0
0
0
0
0
0
0
0
0
0
0
0
0
0
0
0
0
0
0
0
0
0
0
0
0
0
0
0
0
0
-3.5707
0
0
0
0
0
0
0
0
0
0
0
0
0
0
0
0
0
0
0
0
0
0
0
0
0
0
0
0
0
0
0
0
0
0
0
0
0
0
0
0
0
0
0
0
0
0
0
0
0
0
0
0
0
0
0
0
0
-3.2333
0
0
0
0
0
6.8041
0
0
0
0
0
0
0
0
0
0
0
0
0
0
0
0
0
0
0
0
0
0
0
0
0
0
0
0
0
0
0
0
0
0
0
0
0
0
0
0
0
0
0
0
0
0
0
0
0
0
0
0
0
0
0
0
0
0
0
0
0
0
0
0
0
0
0
0
0
0
0
0
0
0
0
-2.7589
0
0
0
0
0
0
0
0
0
0
0
0
0
0
0
0
0
0
0
0
0
0
0
0
0
0
0
0
0
0
0
0
0
0
0
0
-2.7039
0
0
0
0
5.4628
0
0
0
0
0
0
0
0
0
0
0
0
0
0
0
0
0
0
0
0
0
0
0
0
0
0
0
0
0
0
0
0
0
0
0
0
0
0
0
0
0
0
0
0
0
0
0
0
0
0
0
0
0
0
0
0
0
0
0
0
0
0
0
0
0
0
0
0
0
0
0
0
0
0
0
-2.8498
0
0
0
0
0
0
0
0
0
0
0
0
0
0
0
0
0
0
0
0
0
0
0
0
0
0
0
0
0
0
0
-3.2342
0
0
0
0
0
0
0
0
0
6.084
0
0
0
0
0
0
0
0
0
0
0
0
0
0
0
0
0
0
0
0
0
0
0
0
0
0
0
0
0
0
0
0
0
0
0
0
0
0
0
0
0
0
0
0
0
0
0
0
0
0
0
0
0
0
0
0
0
0
0
0
0
0
0
0
0
0
0
0
0
0
0
0
0
0
0
0
0
0
0
0
0
0
0
0
0
0
0
0
0
0
0
0
0
0
0
0
-2.2619
0
0
0
0
0
0
0
0
0
0
0
0
0
0
0
-2.7266
0
0
0
0
4.9885
0
0
0
0
0
0
0
0
0
0
0
0
0
0
0
0
0
0
0
0
0
0
0
0
0
0
0
0
0
0
0
0
0
0
0
0
0
0
0
0
0
0
0
0
0
0
0
0
0
0
0
0
0
0
0
0
0
0
0
0
0
0
0
0
0
0
0
0
0
0
0
0
0
0
0
0
0
0
0
0
0
0
0
0
0
0
0
0
0
0
0
0
0
0
0
-2.722
0
0
0
0
0
0
0
0
0
0
0
0
0
0
0
0
0
0
0
0
0
2.722
0
0
0
0
0
0
0
0
0
0
0
0
0
0
0
0
0
0
0
0
0
0
0
0
0
0
0
0
0
0
0
0
0
0
0
0
0
0
0
0
0
0
0
0
0
0
0
0
0
0
0
0
0
0
0
0
0
0
0
0
-4.064
0
0
0
0
0
0
0
0
0
0
0
0
0
0
0
0
0
0
0
0
0
0
0
0
0
0
0
0
0
0
0
0
0
0
0
0
0
0
0
0
0
0
0
0
0
0
0
0
0
0
0
0
0
0
0
0
4.064
0
0
0
0
0
0
0
0
0
0
0
0
0
0
0
0
0
0
0
0
0
0
0
0
0
0
0
0
0
0
0
0
0
0
0
0
0
0
0
0
0
0
0
0
0
0
0
0
0
0
0
0
0
0
0
0
0
0
0
0
0
0
0
0
0
0
0
0
0
0
0
0
0
0
0
0
0
0
0
0
0
0
0
0
0
0
0
0
0
0
0
0
0
0
-2.2272
0
0
0
0
0
0
0
0
0
0
0
0
0
0
0
0
0
0
0
0
0
0
2.2272
0
0
0
0
0
0
0
0
0
0
0
0
0
0
0
0
0
0
0
0
0
0
0
0
0
0
0
0
0
0
0
0
0
0
0
0
0
0
0
0
0
0
0
0
0
0
0
0
0
0
0
0
0
0
0
0
0
0
0
0
0
0
0
0
0
0
0
0
0
0
0
0
0
-2.9136
0
0
0
0
0
0
0
0
0
0
0
0
0
0
0
0
0
0
0
0
0
0
0
0
0
0
0
0
0
0
0
0
0
0
0
0
0
0
0
0
0
0
0
2.9136
0
0
0
0
0
0
0
0
0
0
0
0
0
0
0
0
0
0
0
0
0
0
0
0
0
0
0
0
0
0
0
0
0
0
0
0
0
0
0
0
0
0
0
0
0
-5.1629
0
0
0
0
0
0
0
0
0
0
0
0
0
0
0
0
0
0
0
0
0
0
0
0
0
0
0
0
0
0
0
0
0
0
0
0
0
0
0
0
0
0
0
0
0
0
0
0
0
0
0
0
0
0
0
0
0
0
0
0
0
0
0
0
0
0
0
0
0
0
0
5.1629
0
0
0
0
0
0
0
0
0
0
0
0
0
0
0
0
0
0
0
0
0
0
-6.0044
0
0
0
0
0
0
0
0
0
0
0
0
0
0
0
0
0
0
0
0
0
0
0
0
0
0
0
0
0
0
0
0
0
0
0
0
0
0
0
0
0
0
0
0
0
0
0
0
0
0
0
0
0
0
0
0
0
0
0
0
0
0
0
0
0
0
0
0
0
0
0
0
0
0
0
0
0
0
0
0
0
0
0
0
0
0
0
0
0
0
0
0
0
0
6.0044
0
0
0
0
0
0
0
0
0
0
0
0
0
0
0
0
0
0
0
0
0
0
0
0
0
0
0
0
0
0
0
0
0
0
0
0
0
0
0
0
0
0
0
0
0
-4.658
0
0
0
0
0
0
0
0
0
0
0
0
0
0
0
0
0
0
0
0
0
0
0
0
0
0
0
0
0
0
0
0
0
0
0
0
0
0
0
0
0
0
0
0
0
0
0
0
0
0
0
0
0
0
0
0
0
0
0
0
0
0
0
0
0
0
0
0
0
0
0
4.658
0
0
0
0
0
0
0
0
0
0
0
0
0
0
0
0
0
0
0
0
0
0
0
0
0
0
0
0
0
0
0
0
0
0
0
-5.7879
0
0
0
0
0
0
0
0
0
0
0
0
0
0
0
0
0
0
0
0
0
0
0
0
0
0
0
0
0
0
0
0
0
0
0
0
0
0
0
0
0
0
0
0
0
0
0
0
0
0
0
0
0
0
0
0
0
0
0
0
0
0
0
0
0
0
0
0
0
0
0
0
0
0
0
0
0
0
0
0
0
5.7879
0
0
0
0
0
0
0
0
0
0
0
0
0
0
0
0
0
0
0
0
0
0
0
0
0
0
0
0
0
0
0
0
0
0
0
0
0
0
0
0
0
0
0
0
0
0
0
0
0
0
0
0
0
0
0
0
0
0
0
0
0
-3.7205
0
0
0
0
0
0
0
0
0
0
0
0
0
0
0
0
0
0
0
0
0
0
0
0
0
0
0
0
0
0
0
0
0
0
0
0
0
0
0
0
0
0
0
0
0
0
0
0
0
0
0
0
0
0
0
3.7205
0
0
0
0
0
0
0
0
0
0
0
0
0
0
0
0
0
0
0
0
0
0
0
0
0
0
0
0
0
0
0
0
0
0
0
0
0
0
0
0
0
0
0
0
0
0
0
0
0
0
0
0
0
0
0
0
0
0
0
0
0
0
0
0
0
0
-5.062
0
0
0
0
0
0
0
0
0
0
0
0
0
0
0
0
0
0
0
0
0
0
0
0
0
0
0
0
0
0
0
0
0
0
0
0
0
0
0
0
0
0
0
0
0
0
0
0
0
0
5.062
0
0
0
0
0
0
0
0
0
0
0
0
0
0
0
0
0
0
0
0
0
0
0
0
0
0
0
0
0
0
0
0
0
0
0
0
0
0
0
0
-4.6615
0
0
0
0
0
0
0
0
0
0
0
0
0
0
0
0
0
0
0
0
0
0
0
0
0
0
0
0
0
0
0
0
0
0
0
0
0
0
0
0
0
0
0
0
0
0
0
0
0
0
0
0
0
0
0
0
0
0
0
0
0
0
0
0
0
0
0
0
0
0
0
0
0
0
0
0
4.6615
0
0
0
0
0
0
0
0
0
0
0
0
0
0
0
0
0
0
0
0
0
0
0
0
0
0
0
0
0
0
0
0
0
0
0
0
0
0
0
0
0
0
0
0
0
0
0
0
0
0
0
0
0
0
0
0
0
0
0
0
0
0
0
0
0
0
0
0
0
0
0
0
0
0
0
0
0
0
0
0
0
0
0
0
0
0
0
-1.4043
0
0
0
0
0
0
0
0
0
0
0
0
0
0
0
0
0
0
0
0
0
0
0
0
0
0
0
0
0
1.4043
0
0
0
0
0
0
0
0
0
0
0
0
0
0
0
0
0
0
0
0
0
0
0
0
0
0
0
0
0
0
0
0
0
0
0
0
0
0
0
0
0
0
0
0
0
0
0
0
0
0
0
0
0
0
0
0
0
0
0
0
0
0
0
0
0
0
0
0
0
0
0
0
0
0
0
0
0
0
0
0
0
0
0
0
0
0
0
-0.52208
0
0
0
0
0
0
0
0
0
0
0
0
0
0
0
0
0
0
0
0
0
0
0
0
0
0
0
0
0
0.52208
0
0
0
0
0
0
0
0
0
0
0
0
0
0
0
0
0
0
0
0
0
0
0
0
0
0
0
0
0
0
0
0
0
0
0
0
0
0
0
0
0
0
0
0
0
0
0
0
0
0
0
0
0
0
0
0
0
0
0
0
0
0
0
0
-2.8055
0
0
0
0
0
0
0
0
0
0
0
0
0
0
0
0
0
0
0
0
0
0
0
0
0
0
0
0
0
0
0
0
0
0
0
0
0
0
0
0
0
0
0
0
0
0
0
0
0
0
0
0
2.8055
0
0
0
0
0
0
0
0
0
0
0
0
0
0
0
0
0
0
0
0
0
0
0
0
0
0
0
0
0
0
0
0
0
0
0
0
0
0
0
0
0
0
0
0
0
0
0
0
0
0
0
0
0
0
0
0
-3.7206
0
0
0
0
0
0
0
0
0
0
0
0
0
0
0
0
0
0
0
0
0
0
0
0
0
0
0
0
0
0
0
0
0
0
0
0
0
0
0
0
0
0
0
0
0
0
0
0
0
0
0
0
0
0
0
0
0
0
0
0
3.7206
0
0
0
0
0
0
0
0
0
0
0
0
0
0
0
0
0
0
0
0
0
0
0
0
0
0
0
0
0
0
0
0
0
0
0
0
0
0
0
0
0
0
0
0
0
0
0
0
0
0
0
0
0
0
0
0
0
0
0
0
0
0
0
0
0
0
0
0
0
0
0
0
0
0
0
0
0
0
0
0
0
0
0
0
0
-3.957
0
0
0
0
0
0
0
0
0
0
0
0
0
0
0
0
0
0
0
0
0
0
0
0
0
0
0
0
0
0
0
3.957
0
0
0
0
0
0
0
0
0
0
0
0
0
0
0
0
0
0
0
0
0
0
0
0
0
0
0
0
0
0
0
0
0
0
0
0
0
0
0
0
0
0
0
0
0
0
0
0
0
0
0
0
0
0
0
0
0
0
0
-5.0621
0
0
0
0
0
0
0
0
0
0
0
0
0
0
0
0
0
0
0
0
0
0
0
0
0
0
0
0
0
0
0
0
0
0
0
0
0
0
0
0
0
0
0
0
0
0
0
0
0
0
0
0
0
0
0
0
0
5.0621
0
0
0
0
0
0
0
0
0
0
-6.0045
0
0
0
0
0
0
0
0
0
0
0
0
0
0
0
0
0
0
0
0
0
0
0
0
0
0
0
0
0
0
0
0
0
0
0
0
0
0
0
0
0
0
0
0
0
0
0
0
0
0
0
0
0
0
0
0
0
0
0
0
0
0
0
0
0
0
0
0
0
0
0
0
0
0
0
0
0
0
0
0
0
0
0
0
0
0
0
0
0
0
0
0
0
0
0
0
0
0
0
0
0
0
0
0
0
0
6.0045
0
0
0
0
0
0
0
0
0
0
0
0
0
0
0
0
0
0
0
0
0
0
0
0
0
0
0
0
0
0
0
0
0
0
0
0
0
0
0
0
0
0
0
0
0
0
0
0
0
0
0
0
0
0
0
0
0
0
0
0
0
0
0
0
0
0
0
0
0
0
0
0
0
0
0
0
0
0
0
-3.5623
0
0
0
0
0
0
0
0
0
0
0
0
0
0
0
0
0
0
0
0
0
0
0
0
0
0
0
0
0
0
0
0
0
0
0
0
0
3.5623
0
0
0
0
0
0
0
0
0
0
0
0
0
0
0
0
0
0
0
0
0
0
0
0
0
0
0
0
0
0
0
0
0
0
0
0
0
0
0
0
0
0
0
0
0
0
0
0
0
0
0
0
0
0
0
0
0
0
-2.8055
0
0
0
0
0
0
0
0
0
0
0
0
0
0
0
0
0
0
0
0
0
0
0
0
0
0
0
0
0
0
0
0
0
0
0
0
0
0
0
0
0
0
0
0
0
0
0
0
0
0
0
0
0
0
0
0
0
0
2.8055
0
0
0
0
0
0
0
0
0
0
0
0
0
0
0
0
0
0
0
0
0
0
0
0
0
0
0
0
0
0
0
0
0
0
0
0
0
0
0
0
0
0
-5.4422
0
0
0
0
0
0
0
0
0
0
0
0
0
0
0
0
0
0
0
0
0
0
0
0
0
0
0
0
0
0
0
0
0
0
0
0
0
0
0
0
0
0
0
0
0
0
0
0
0
0
0
0
0
0
0
0
0
0
0
0
0
0
0
0
0
0
0
0
0
0
0
0
0
0
5.4422
0
0
0
0
0
0
0
0
0
0
0
0
0
0
0
0
0
0
0
0
0
0
0
0
0
0
0
0
0
0
0
0
0
0
0
0
0
0
0
0
0
0
0
0
-3.9873
0
0
0
0
0
0
0
0
0
0
0
0
0
0
0
0
0
0
0
0
0
0
0
0
0
0
0
0
0
0
0
0
0
0
0
0
0
0
0
0
0
0
0
0
0
0
0
0
0
0
0
0
0
0
0
0
0
0
0
0
0
0
0
0
0
0
0
0
0
0
0
0
3.9873
0
0
0
0
0
0
0
0
0
0
0
0
0
0
0
0
0
0
0
0
0
0
0
0
0
0
0
0
0
0
0
0
0
0
0
0
0
0
0
0
-5.4422
0
0
0
0
0
0
0
0
0
0
0
0
0
0
0
0
0
0
0
0
0
0
0
0
0
0
0
0
0
0
0
0
0
0
0
0
0
0
0
0
0
0
0
0
0
0
0
0
0
0
0
0
0
0
0
0
0
0
0
0
0
0
0
0
0
0
0
0
0
0
0
0
0
0
0
0
5.4422
0
0
0
0
0
0
0
0
0
0
0
0
0
0
0
0
0
0
0
0
0
0
0
0
0
0
0
0
0
0
0
0
0
0
0
0
0
0
0
0
0
0
0
0
0
0
0
0
0
0
0
0
-5.062
0
0
0
0
0
0
0
0
0
0
0
0
0
0
0
0
0
0
0
0
0
0
0
0
0
0
0
0
0
0
0
0
0
0
0
0
0
0
0
0
0
0
0
0
0
0
0
0
0
0
0
0
0
0
0
0
0
0
0
0
0
0
0
0
5.062
0
0
0
0
0
0
0
0
0
0
0
0
0
0
0
0
0
0
0
0
0
0
0
0
0
0
0
0
0
0
0
0
0
-4.0812
0
0
0
0
0
0
0
0
0
0
0
0
0
0
0
0
0
0
0
0
0
0
0
0
0
0
0
0
0
0
0
0
0
0
0
0
0
0
0
0
0
0
0
0
0
0
0
0
0
0
0
0
0
0
0
0
0
0
0
0
0
0
0
0
0
0
0
0
0
0
0
0
0
0
0
0
0
0
0
0
0
0
0
4.0812
0
0
-6.0044
0
0
0
0
0
0
0
0
0
0
0
0
0
0
0
0
0
0
0
0
0
0
0
0
0
0
0
0
0
0
0
0
0
0
0
0
0
0
0
0
0
0
0
0
0
0
0
0
0
0
0
0
0
0
0
0
0
0
0
0
0
0
0
0
0
0
0
0
0
0
0
0
0
0
0
0
0
0
0
0
0
0
0
0
0
0
0
0
0
0
0
0
0
0
0
0
0
0
0
0
0
0
0
0
0
0
0
0
0
0
0
0
0
0
6.0044
0
0
0
0
0
0
0
0
0
0
0
0
0
0
0
0
0
0
0
0
0
0
0
0
0
0
-4.6511
0
0
0
0
0
0
0
0
0
0
0
0
0
0
0
0
0
0
0
0
0
0
0
0
0
0
0
0
0
0
0
0
0
0
0
0
0
0
0
0
0
0
0
0
0
0
0
0
0
0
0
0
0
0
0
0
0
0
0
0
0
0
0
0
0
0
0
0
0
0
0
0
0
0
0
0
0
0
0
0
0
0
0
0
0
0
0
0
0
0
4.6511
