1
0.95664
0.93889
0.92834
0.92003
0.91372
0.90211
0.89186
0.88256
0.87356
0.86457
0.85584
0.84766
0.83999
0.83277
0.82598
0.81963
0.81366
0.80802
0.80264
0.79747
0.79249
0.78768
0.78303
0.77852
0.77414
0.76988
0.76573
0.76169
0.75777
0.75398
0.75032
0.74677
0.74332
0.73999
0.73675
0.7336
0.73054
0.72759
0.72474
0.722
0.71937
0.71686
0.71445
0.71216
0.71
0.70797
0.70608
0.70432
0.70269
0.70119
0.69983
0.69861
0.69751
0.69655
0.69571
0.69498
0.69436
0.69384
0.69342
0.69308
0.69282
0.69263
0.69251
0.69244
0.69243
0.69247
0.69255
0.69267
0.69281
0.693
0.69321
0.69346
0.69373
0.69403
0.69433
0.69465
0.69497
0.69528
0.69559
0.69588
0.69616
0.69643
0.69668
0.69691
0.69713
0.69733
0.69752
0.69769
0.69785
0.698
0.69813
0.69825
0.69835
0.69845
0.69853
0.69859
0.69865
0.6987
0.69875
0.69879
0.69884
0.6989
0.69895
0.699
0.69905
0.69909
0.69913
0.69916
0.69918
0.6992
0.6992
0.69918
0.69915
0.69909
0.699
0.69886
0.69868
0.69844
0.69813
0.69772
0.69721
0.69656
0.69575
0.69476
0.69358
0.6922
