1
0.97854
0.96961
0.96241
0.95734
0.95249
0.94557
0.93917
0.93325
0.92768
0.92244
0.91747
0.91274
0.90822
0.90389
0.89972
0.8957
0.89184
0.88815
0.88465
0.88134
0.87821
0.87523
0.87237
0.86959
0.86688
0.86422
0.86162
0.85906
0.85658
0.85416
0.85182
0.84957
0.8474
0.8453
0.84326
0.84128
0.83934
0.83743
0.83555
0.8337
0.83188
0.83009
0.82833
0.8266
0.8249
0.82323
0.82158
0.81994
0.81831
0.81668
0.81503
0.81336
0.81167
0.80996
0.80821
0.80644
0.80464
0.80281
0.80096
0.79909
0.7972
0.7953
0.7934
0.79149
0.7896
0.78771
0.78584
0.78399
0.78216
0.78035
0.77858
0.77683
0.77511
0.77343
0.77177
0.77015
0.76856
0.767
0.76548
0.764
0.76255
0.76114
0.75977
0.75845
0.75716
0.75591
0.75471
0.75355
0.75242
0.75133
0.75028
0.74925
0.74824
0.74725
0.74628
0.74532
0.74437
0.74342
0.74247
0.74153
0.74058
0.73963
0.73868
0.73774
0.73679
0.73584
0.7349
0.73396
0.73303
0.73211
0.7312
0.7303
0.72941
0.72854
0.72768
0.72685
0.72603
0.72524
0.72448
0.72374
0.72303
0.72235
0.7217
0.72109
0.7205
0.71994
0.7194
0.71888
0.71837
0.71788
0.71739
0.71691
0.71644
0.71597
0.7155
0.71504
0.71457
0.71411
