1
0.97858
0.97016
0.96387
0.95955
0.95577
0.94988
0.94444
0.93938
0.93465
0.93023
0.92615
0.92241
0.91901
0.91594
0.91316
0.91061
0.90825
0.90604
0.90394
0.90195
0.90003
0.89818
0.89637
0.8946
0.89286
0.89115
0.88944
0.88775
0.88606
0.88437
0.88269
0.88101
0.87934
0.87767
0.876
0.87434
0.87269
0.87105
0.86942
0.86781
0.86621
0.86462
0.86304
0.86149
0.85995
0.85843
0.85694
0.85546
0.85401
0.85258
0.85117
0.84979
0.84842
0.84708
0.84576
0.84446
0.84319
0.84193
0.84069
0.83947
0.83826
0.83707
0.83589
0.83472
0.83356
0.83242
0.83128
0.83014
0.82901
0.82789
0.82677
0.82565
0.82453
0.82341
0.8223
0.82118
0.82007
0.81895
0.81783
0.81672
0.81561
0.8145
0.81338
0.81228
0.81117
0.81007
0.80896
0.80786
0.80677
0.80567
0.80458
0.80348
0.80239
0.8013
0.80021
0.79912
0.79803
0.79694
0.79585
0.79476
0.79366
0.79257
0.79147
0.79037
0.78927
0.78816
0.78706
0.78594
0.78483
0.78371
0.78259
0.78146
0.78032
0.77918
0.77803
0.77687
0.77571
0.77453
0.77335
0.77216
0.77096
0.76975
0.76854
0.76732
0.7661
0.76487
0.76365
0.76242
0.76119
0.75997
0.75874
0.75753
0.75632
0.75511
0.75392
0.75273
0.75156
0.75039
