46.6604
-0.8999
-0.87451
-0.89989
-0.85828
-0.89436
-0.78004
-0.83319
-0.81589
-0.86535
-0.86907
-0.80232
-0.8021
-0.80222
-0.81302
-0.79893
-0.86387
-0.78745
-0.84719
-0.75528
-0.76272
-0.76885
-0.83802
-0.77454
-0.85151
-0.80633
-0.80628
-0.80583
-0.75273
-0.75275
-0.77901
-0.82517
-0.78772
-0.73622
-0.78134
-0.85581
-0.77432
-0.7927
-0.82699
-0.79271
-0.75691
-0.75785
-0.81624
-0.78477
-0.79555
-0.90936
-0.82205
-0.81718
-0.86218
-0.88241
-0.83309
-1.2545
0
0
0
0
0
0
0
0
0
0
-2.3643
0
0
0
0
0
0
0
0
-2.2696
0
0
0
0
0
0
0
0
0
0
0
0
0
0
0
0
0
0
0
0
0
0
0
0
0
0
0
0
-0.8999
57.7855
-0.97538
-0.99595
-0.92896
-0.98077
-0.84605
-0.89723
-0.87854
-0.95663
-0.96013
-0.86709
-0.86687
-0.86698
-0.89839
-0.86327
-0.95522
-0.85346
-0.9252
-0.81944
-0.82696
-0.83317
-0.90632
-0.83583
-0.92308
-0.87145
-0.87141
-0.87094
-0.8163
-0.81632
-0.84245
-0.89438
-0.85776
-0.79851
-0.84571
-0.91913
-0.83828
-0.857
-0.89566
-0.85699
-0.82032
-0.82114
-0.88496
-0.84805
-0.86207
-0.99001
-0.88937
-0.88377
-0.92613
-0.95431
-0.90276
-1.3115
0
0
0
0
0
0
-3.3422
0
0
0
0
0
0
0
0
0
0
0
0
0
0
0
0
0
0
0
0
0
0
0
0
0
0
0
0
0
0
0
0
0
0
0
0
0
-8.9358
0
0
0
-0.87451
-0.97538
55.3349
-0.97538
-0.89044
-0.94185
-0.81802
-0.86922
-0.84774
-0.92522
-0.92861
-0.83919
-0.83896
-0.83908
-0.86765
-0.83575
-0.92385
-0.8255
-0.89423
-0.79195
-0.79942
-0.80557
-0.87594
-0.80509
-0.89242
-0.84339
-0.84333
-0.84287
-0.78901
-0.78903
-0.81492
-0.86638
-0.82817
-0.77159
-0.81806
-0.89019
-0.81064
-0.82916
-0.86606
-0.82915
-0.79251
-0.79384
-0.85527
-0.82055
-0.83159
-0.95506
-0.86119
-0.85322
-0.89838
-0.9236
-0.87361
-1.282
0
0
0
0
0
0
0
0
0
0
0
-2.6302
0
0
0
0
0
0
0
0
0
0
0
0
0
0
0
0
0
0
0
0
0
0
0
0
0
0
0
-8.6508
0
0
0
0
0
0
0
0
-0.89989
-0.99595
-0.97538
57.7857
-0.92896
-0.98077
-0.84605
-0.89723
-0.87855
-0.95663
-0.96013
-0.8671
-0.86687
-0.86698
-0.8984
-0.86327
-0.95523
-0.85348
-0.92522
-0.81944
-0.82696
-0.83316
-0.90633
-0.83583
-0.92308
-0.87146
-0.8714
-0.87094
-0.8163
-0.81632
-0.84246
-0.89439
-0.85776
-0.79851
-0.84571
-0.91913
-0.83828
-0.85699
-0.89566
-0.85699
-0.82032
-0.82114
-0.88496
-0.84806
-0.86207
-0.99001
-0.88937
-0.88377
-0.92615
-0.95432
-0.90277
-1.3115
0
0
0
0
0
0
-3.3422
0
0
0
0
0
0
0
0
0
0
0
0
0
0
0
0
0
0
0
0
0
0
0
0
0
0
0
0
0
0
0
0
0
0
0
0
0
0
-8.9358
0
0
-0.85828
-0.92896
-0.89044
-0.92896
52.0585
-0.92286
-0.80279
-0.83555
-0.83164
-0.91095
-0.91422
-0.82498
-0.82476
-0.82487
-0.85695
-0.81787
-0.90964
-0.81118
-0.8754
-0.77777
-0.78521
-0.79135
-0.85758
-0.78886
-0.87444
-0.82876
-0.8287
-0.82825
-0.77475
-0.77479
-0.80064
-0.84882
-0.81272
-0.75752
-0.80359
-0.86895
-0.79639
-0.81483
-0.85172
-0.81483
-0.77808
-0.77979
-0.84135
-0.80657
-0.81668
-0.94139
-0.84951
-0.83776
-0.88427
-0.90988
-0.86967
-1.276
0
0
-3.8983
0
0
0
0
0
0
0
0
0
0
-4.9185
0
0
0
0
0
0
0
0
0
0
0
0
0
0
0
0
0
0
0
0
0
0
0
0
0
0
0
0
0
0
0
0
0
0
-0.89436
-0.98077
-0.94185
-0.98077
-0.92286
53.5947
-0.84165
-0.89336
-0.87411
-0.9545
-0.95793
-0.86247
-0.86224
-0.86236
-0.89257
-0.86025
-0.95312
-0.84858
-0.9176
-0.8149
-0.82244
-0.82865
-0.89933
-0.83217
-0.91591
-0.86682
-0.86677
-0.8663
-0.81182
-0.81185
-0.8382
-0.88797
-0.85066
-0.79438
-0.84115
-0.91592
-0.83379
-0.85247
-0.8885
-0.85247
-0.81642
-0.81669
-0.87776
-0.84381
-0.8573
-0.98141
-0.88365
-0.8794
-0.92204
-0.94676
-0.89344
-1.3091
0
0
0
0
0
0
0
0
0
0
0
0
0
0
0
0
0
0
0
0
0
0
0
0
0
0
0
0
-8.3731
0
0
0
0
0
0
0
0
0
0
0
0
0
0
0
0
0
0
0
-0.78004
-0.84605
-0.81802
-0.84605
-0.80279
-0.84165
42.3338
-0.77687
-0.75889
-0.81633
-0.81987
-0.75522
-0.75497
-0.7551
-0.76743
-0.74438
-0.81494
-0.73702
-0.79955
-0.70524
-0.71268
-0.7188
-0.78103
-0.71941
-0.79284
-0.75309
-0.75304
-0.75259
-0.70081
-0.70083
-0.72629
-0.76678
-0.73506
-0.68466
-0.72847
-0.7826
-0.72132
-0.73921
-0.77323
-0.73921
-0.70499
-0.70552
-0.76289
-0.73157
-0.7446
-0.86152
-0.77012
-0.76515
-0.80705
-0.82865
-0.78116
-1.1905
0
0
0
0
0
0
0
0
0
-2.9577
0
0
0
0
0
0
0
0
0
0
0
0
0
0
0
0
0
0
0
0
0
0
0
0
0
0
0
0
0
0
0
0
0
0
0
0
0
0
-0.83319
-0.89723
-0.86922
-0.89723
-0.83555
-0.89336
-0.77687
45.7734
-0.81245
-0.86702
-0.87066
-0.80014
-0.79991
-0.80003
-0.81636
-0.79254
-0.86558
-0.78523
-0.84935
-0.75305
-0.76049
-0.76662
-0.83806
-0.77113
-0.85069
-0.80345
-0.80341
-0.80295
-0.74995
-0.74997
-0.77611
-0.82232
-0.78762
-0.73333
-0.77839
-0.84828
-0.77138
-0.78972
-0.82643
-0.78972
-0.75418
-0.75497
-0.81607
-0.7817
-0.79359
-0.91802
-0.82249
-0.81441
-0.85873
-0.88391
-0.83781
-1.2475
0
0
-3.8551
0
0
0
0
0
0
0
0
0
0
0
0
0
0
0
0
0
0
0
0
0
0
0
0
0
0
0
0
0
0
0
0
0
0
0
0
0
0
0
0
0
0
0
0
0
-0.81589
-0.87854
-0.84774
-0.87855
-0.83164
-0.87411
-0.75889
-0.81245
44.5534
-0.84771
-0.85131
-0.78326
-0.78303
-0.78316
-0.79801
-0.77612
-0.84628
-0.76747
-0.8315
-0.73554
-0.74298
-0.74911
-0.82232
-0.72909
-0.82941
-0.78556
-0.78552
-0.78506
-0.73253
-0.73255
-0.75849
-0.80455
-0.76807
-0.71615
-0.76071
-0.83151
-0.7535
-0.77169
-0.80607
-0.77168
-0.7366
-0.7373
-0.79562
-0.76383
-0.77498
-0.89541
-0.80417
-0.79664
-0.84134
-0.86363
-0.81771
-1.2295
0
0
0
0
-3.559
0
0
0
0
0
0
0
0
0
0
0
0
0
0
0
0
0
0
0
0
0
0
0
0
0
0
0
0
0
0
0
0
0
0
0
0
0
0
0
0
0
0
0
-0.86535
-0.95663
-0.92522
-0.95663
-0.91095
-0.9545
-0.81633
-0.86702
-0.84771
50.3682
-0.93526
-0.8377
-0.83746
-0.83758
-0.85801
-0.83227
-0.92928
-0.82197
-0.87923
-0.78905
-0.79654
-0.80271
-0.86523
-0.80469
-0.88207
-0.83985
-0.8398
-0.83934
-0.78567
-0.7857
-0.81149
-0.85551
-0.81933
-0.76835
-0.81453
-0.88288
-0.8072
-0.82571
-0.85791
-0.82571
-0.78987
-0.79056
-0.84746
-0.81773
-0.82965
-0.94743
-0.85636
-0.85292
-0.89576
-0.91552
-0.86473
0
0
0
0
0
0
0
0
0
0
0
0
0
0
0
0
0
0
0
0
0
0
0
0
-7.7919
0
0
0
0
0
0
0
0
0
0
0
0
0
0
0
0
0
0
0
0
0
0
0
0
-0.86907
-0.96013
-0.92861
-0.96013
-0.91422
-0.95793
-0.81987
-0.87066
-0.85131
-0.93526
50.5593
-0.84122
-0.84099
-0.84111
-0.86218
-0.83584
-0.93355
-0.82546
-0.88313
-0.7925
-0.80001
-0.80618
-0.86894
-0.80825
-0.88579
-0.84339
-0.84334
-0.84288
-0.78914
-0.78917
-0.815
-0.85916
-0.82292
-0.77181
-0.81804
-0.88668
-0.81071
-0.82925
-0.86154
-0.82924
-0.79336
-0.79403
-0.85107
-0.82126
-0.83323
-0.95123
-0.85994
-0.85651
-0.8994
-0.91922
-0.86837
0
0
0
0
0
0
0
0
0
0
0
0
0
0
0
0
0
0
0
0
0
0
0
0
0
0
0
0
0
0
0
0
0
-7.807
0
0
0
0
0
0
0
0
0
0
0
0
0
0
0
-0.80232
-0.86709
-0.83919
-0.8671
-0.82498
-0.86247
-0.75522
-0.80014
-0.78326
-0.8377
-0.84122
40.4183
-0.75314
-0.75332
-0.78842
-0.76847
-0.8363
-0.74947
-0.81988
-0.72343
-0.73103
-0.73723
-0.79966
-0.74062
-0.82423
-0.77271
-0.77267
-0.77222
-0.7203
-0.72032
-0.74646
-0.80341
-0.75643
-0.70432
-0.74829
-0.82679
-0.74146
-0.75966
-0.795
-0.75966
-0.72546
-0.72534
-0.78526
-0.75221
-0.76511
-0.88621
-0.79134
-0.78561
-0.82842
-0.85155
-0.80171
-1.2145
0
0
0
0
0
0
0
0
0
0
0
0
0
0
0
0
0
0
0
0
0
0
0
0
0
0
0
0
0
0
0
0
0
0
0
0
0
0
0
0
0
0
0
0
0
0
0
0
-0.8021
-0.86687
-0.83896
-0.86687
-0.82476
-0.86224
-0.75497
-0.79991
-0.78303
-0.83746
-0.84099
-0.75314
40.4066
-0.75301
-0.7882
-0.76825
-0.83608
-0.74925
-0.81966
-0.7232
-0.73081
-0.73702
-0.79945
-0.74036
-0.82402
-0.77248
-0.77243
-0.77198
-0.72007
-0.7201
-0.74622
-0.80315
-0.75617
-0.70409
-0.74805
-0.82661
-0.74125
-0.75944
-0.79475
-0.75944
-0.72523
-0.72512
-0.78501
-0.75198
-0.76487
-0.88594
-0.7911
-0.78538
-0.82818
-0.8513
-0.80148
-1.2142
0
0
0
0
0
0
0
0
0
0
0
0
0
0
0
0
0
0
0
0
0
0
0
0
0
0
0
0
0
0
0
0
0
0
0
0
0
0
0
0
0
0
0
0
0
0
0
0
-0.80222
-0.86698
-0.83908
-0.86698
-0.82487
-0.86236
-0.7551
-0.80003
-0.78316
-0.83758
-0.84111
-0.75332
-0.75301
40.4129
-0.78832
-0.76837
-0.8362
-0.74937
-0.81979
-0.72333
-0.73092
-0.73714
-0.79956
-0.7405
-0.82415
-0.7726
-0.77256
-0.77212
-0.72019
-0.72022
-0.74634
-0.80329
-0.75631
-0.70421
-0.74818
-0.82671
-0.74137
-0.75956
-0.79488
-0.75956
-0.72535
-0.72524
-0.78514
-0.7521
-0.76501
-0.88609
-0.79122
-0.7855
-0.82831
-0.85144
-0.80161
-1.2143
0
0
0
0
0
0
0
0
0
0
0
0
0
0
0
0
0
0
0
0
0
0
0
0
0
0
0
0
0
0
0
0
0
0
0
0
0
0
0
0
0
0
0
0
0
0
0
0
-0.81302
-0.89839
-0.86765
-0.8984
-0.85695
-0.89257
-0.76743
-0.81636
-0.79801
-0.85801
-0.86218
-0.78842
-0.7882
-0.78832
48.5668
-0.78405
-0.85634
-0.77326
-0.8287
-0.74119
-0.74858
-0.75466
-0.81727
-0.75672
-0.83339
-0.79081
-0.79076
-0.7903
-0.73782
-0.73785
-0.76315
-0.80677
-0.7706
-0.721
-0.76602
-0.83468
-0.75865
-0.77683
-0.80831
-0.77684
-0.74161
-0.7425
-0.79783
-0.76916
-0.78102
-0.8897
-0.80818
-0.80368
-0.84642
-0.86322
0
0
0
0
0
0
0
0
0
0
0
0
-2.3405
0
0
0
0
0
0
0
0
0
0
0
0
0
0
0
0
0
0
0
0
0
0
-6.9645
0
0
0
0
0
0
0
0
0
0
0
0
0
0
-0.79893
-0.86327
-0.83575
-0.86327
-0.81787
-0.86025
-0.74438
-0.79254
-0.77612
-0.83227
-0.83584
-0.76847
-0.76825
-0.76837
-0.78405
43.7598
-0.83085
-0.75164
-0.81578
-0.72016
-0.72757
-0.73366
-0.80283
-0.73385
-0.80936
-0.76809
-0.76804
-0.7676
-0.71563
-0.71566
-0.74077
-0.78415
-0.75105
-0.69876
-0.74324
-0.7908
-0.73615
-0.75418
-0.78947
-0.75418
-0.71877
-0.72024
-0.77957
-0.74656
-0.75757
-0.8786
-0.78708
-0.77901
-0.82252
-0.84647
-0.80491
0
0
0
0
0
0
0
0
0
0
0
0
0
0
0
0
-4.8054
0
0
0
0
0
0
0
0
0
0
0
0
0
0
0
0
0
0
0
0
0
0
0
0
0
0
0
0
0
0
0
0
-0.86387
-0.95522
-0.92385
-0.95523
-0.90964
-0.95312
-0.81494
-0.86558
-0.84628
-0.92928
-0.93355
-0.8363
-0.83608
-0.8362
-0.85634
-0.83085
50.2924
-0.82059
-0.87769
-0.78769
-0.79517
-0.80133
-0.86376
-0.80328
-0.88061
-0.83845
-0.8384
-0.83793
-0.78431
-0.78433
-0.81009
-0.85406
-0.81793
-0.76699
-0.81314
-0.88139
-0.80581
-0.82431
-0.85648
-0.8243
-0.78848
-0.78917
-0.84604
-0.81634
-0.82825
-0.94592
-0.85494
-0.8515
-0.89433
-0.91407
-0.86329
0
0
0
0
0
0
0
0
0
0
0
0
0
0
0
0
0
0
0
0
0
0
0
0
0
0
0
0
0
0
0
0
0
0
0
0
0
0
0
0
0
0
0
0
0
0
0
0
-7.7858
-0.78745
-0.85346
-0.8255
-0.85348
-0.81118
-0.84858
-0.73702
-0.78523
-0.76747
-0.82197
-0.82546
-0.74947
-0.74925
-0.74937
-0.77326
-0.75164
-0.82059
38.4956
-0.80389
-0.71647
-0.72464
-0.73132
-0.78432
-0.72986
-0.80178
-0.75921
-0.75916
-0.7587
-0.70674
-0.70675
-0.73267
-0.77586
-0.74146
-0.6904
-0.73394
-0.80311
-0.7264
-0.74453
-0.77955
-0.74453
-0.71071
-0.71051
-0.76914
-0.73678
-0.75003
-0.86967
-0.77583
-0.77154
-0.81265
-0.83568
-0.78742
0
0
0
0
0
0
0
0
0
0
0
0
0
0
0
0
0
0
0
0
0
0
0
0
0
0
0
0
0
0
0
0
0
0
0
0
0
0
0
0
0
0
0
0
0
0
0
0
0
-0.84719
-0.9252
-0.89423
-0.92522
-0.8754
-0.9176
-0.79955
-0.84935
-0.8315
-0.87923
-0.88313
-0.81988
-0.81966
-0.81979
-0.8287
-0.81578
-0.87769
-0.80389
47.5239
-0.77146
-0.77895
-0.78512
-0.85373
-0.78783
-0.8687
-0.82203
-0.82199
-0.82153
-0.76814
-0.76817
-0.79419
-0.84138
-0.80281
-0.75118
-0.79681
-0.868
-0.78968
-0.80814
-0.8411
-0.80814
-0.77257
-0.77311
-0.83072
-0.80017
-0.81255
-0.93227
-0.83838
-0.83517
-0.87839
-0.89883
0
0
0
0
0
0
0
0
0
0
0
0
0
0
0
0
0
0
0
0
0
0
0
0
0
0
0
0
0
0
0
0
0
0
0
0
0
0
0
0
-6.7897
0
0
0
0
0
0
0
0
0
-0.75528
-0.81944
-0.79195
-0.81944
-0.77777
-0.8149
-0.70524
-0.75305
-0.73554
-0.78905
-0.7925
-0.72343
-0.7232
-0.72333
-0.74119
-0.72016
-0.78769
-0.71647
-0.77146
36.063
-0.64687
-0.65428
-0.7535
-0.70158
-0.77382
-0.72002
-0.71996
-0.71952
-0.67145
-0.67148
-0.69604
-0.752
-0.72169
-0.65583
-0.69857
-0.78468
-0.69251
-0.71038
-0.74336
-0.71039
-0.67719
-0.67694
-0.73621
-0.70394
-0.71653
-0.83402
-0.74175
-0.73717
-0.77926
-0.80098
0
0
0
0
0
0
0
0
0
0
0
0
0
0
0
0
0
0
0
0
0
0
0
0
0
0
0
0
0
0
0
0
0
0
0
0
0
0
0
0
0
0
0
0
0
0
0
0
0
0
-0.76272
-0.82696
-0.79942
-0.82696
-0.78521
-0.82244
-0.71268
-0.76049
-0.74298
-0.79654
-0.80001
-0.73103
-0.73081
-0.73092
-0.74858
-0.72757
-0.79517
-0.72464
-0.77895
-0.64687
36.4254
-0.66322
-0.76076
-0.70839
-0.78098
-0.72777
-0.72772
-0.72727
-0.67873
-0.67876
-0.70361
-0.75878
-0.72908
-0.6631
-0.70602
-0.79133
-0.69991
-0.71787
-0.75165
-0.71787
-0.68457
-0.68427
-0.74394
-0.71134
-0.72409
-0.84354
-0.74934
-0.74478
-0.78694
-0.80885
0
0
0
0
0
0
0
0
0
0
0
0
0
0
0
0
0
0
0
0
0
0
0
0
0
0
0
0
0
0
0
0
0
0
0
0
0
0
0
0
0
0
0
0
0
0
0
0
0
0
-0.76885
-0.83317
-0.80557
-0.83316
-0.79135
-0.82865
-0.7188
-0.76662
-0.74911
-0.80271
-0.80618
-0.73723
-0.73702
-0.73714
-0.75466
-0.73366
-0.80133
-0.73132
-0.78512
-0.65428
-0.66322
36.7248
-0.76671
-0.71377
-0.78681
-0.73436
-0.73431
-0.73387
-0.68486
-0.68488
-0.71001
-0.76419
-0.73445
-0.66918
-0.71229
-0.79663
-0.7061
-0.72413
-0.75865
-0.72414
-0.69075
-0.6904
-0.75037
-0.71749
-0.73039
-0.85142
-0.75565
-0.75113
-0.79333
-0.8154
0
0
0
0
0
0
0
0
0
0
0
0
0
0
0
0
0
0
0
0
0
0
0
0
0
0
0
0
0
0
0
0
0
0
0
0
0
0
0
0
0
0
0
0
0
0
0
0
0
0
-0.83802
-0.90632
-0.87594
-0.90633
-0.85758
-0.89933
-0.78103
-0.83806
-0.82232
-0.86523
-0.86894
-0.79966
-0.79945
-0.79956
-0.81727
-0.80283
-0.86376
-0.78432
-0.85373
-0.7535
-0.76076
-0.76671
44.6489
-0.76823
-0.84407
-0.80137
-0.80131
-0.80088
-0.74865
-0.74867
-0.77355
-0.82091
-0.78096
-0.73167
-0.7765
-0.84249
-0.76929
-0.78756
-0.81738
-0.78756
-0.75207
-0.75323
-0.80796
-0.78044
-0.79205
0
-0.81785
-0.81463
-0.85757
0
0
0
0
0
0
0
0
0
0
0
0
0
0
0
0
0
0
0
0
0
0
0
0
0
0
0
0
0
0
0
0
0
0
0
0
0
0
0
0
0
0
0
0
-6.6114
0
0
0
0
0
0
-0.77454
-0.83583
-0.80509
-0.83583
-0.78886
-0.83217
-0.71941
-0.77113
-0.72909
-0.80469
-0.80825
-0.74062
-0.74036
-0.7405
-0.75672
-0.73385
-0.80328
-0.72986
-0.78783
-0.70158
-0.70839
-0.71377
-0.76823
38.3683
-0.78612
-0.73889
-0.73885
-0.7384
-0.68925
-0.68928
-0.71211
-0.75145
-0.71615
-0.67166
-0.71516
-0.79207
-0.70904
-0.72711
-0.75745
-0.72712
-0.68406
-0.69353
-0.74803
-0.71944
-0.72641
0
0
0
0
0
0
0
0
0
0
-2.0818
-3.4251
0
0
0
0
0
0
0
0
0
0
0
0
0
0
0
0
0
0
0
0
0
0
0
0
0
0
0
0
0
0
0
0
0
0
0
0
0
0
0
0
0
0
0
-0.85151
-0.92308
-0.89242
-0.92308
-0.87444
-0.91591
-0.79284
-0.85069
-0.82941
-0.88207
-0.88579
-0.82423
-0.82402
-0.82415
-0.83339
-0.80936
-0.88061
-0.80178
-0.8687
-0.77382
-0.78098
-0.78681
-0.84407
-0.78612
42.7517
-0.81769
-0.81763
-0.81718
-0.76467
-0.7647
-0.78973
-0.84281
-0.7973
-0.74718
-0.79238
-0.86184
-0.7855
-0.80401
-0.83364
-0.80401
-0.76844
-0.76915
-0.82494
-0.79698
-0.8092
0
0
0
0
0
0
0
0
0
0
0
0
0
0
0
0
0
0
0
0
0
0
0
0
0
0
0
0
0
0
0
0
0
0
0
0
0
0
0
0
0
0
0
-6.4834
0
0
0
0
0
0
0
0
0
0
0
-0.80633
-0.87145
-0.84339
-0.87146
-0.82876
-0.86682
-0.75309
-0.80345
-0.78556
-0.83985
-0.84339
-0.77271
-0.77248
-0.7726
-0.79081
-0.76809
-0.83845
-0.75921
-0.82203
-0.72002
-0.72777
-0.73436
-0.80137
-0.73889
-0.81769
34.4054
-0.7971
-0.79646
-0.72506
-0.72509
-0.74894
-0.78531
-0.75132
-0.70635
-0.75086
-0.82084
-0.74492
-0.76383
-0.80477
-0.76382
-0.72953
-0.72857
-0.78853
-0.7548
-0.76929
0
0
0
0
0
0
0
0
0
0
0
0
0
0
0
0
0
0
0
0
0
0
0
0
0
0
0
0
0
0
0
0
0
0
0
0
0
0
0
0
0
0
0
0
0
0
0
0
0
0
0
0
0
0
0
-0.80628
-0.87141
-0.84333
-0.8714
-0.8287
-0.86677
-0.75304
-0.80341
-0.78552
-0.8398
-0.84334
-0.77267
-0.77243
-0.77256
-0.79076
-0.76804
-0.8384
-0.75916
-0.82199
-0.71996
-0.72772
-0.73431
-0.80131
-0.73885
-0.81763
-0.7971
34.4032
-0.79639
-0.72502
-0.72504
-0.74889
-0.78526
-0.75128
-0.7063
-0.75081
-0.8208
-0.74487
-0.76377
-0.8047
-0.76377
-0.72947
-0.72851
-0.78849
-0.75474
-0.76923
0
0
0
0
0
0
0
0
0
0
0
0
0
0
0
0
0
0
0
0
0
0
0
0
0
0
0
0
0
0
0
0
0
0
0
0
0
0
0
0
0
0
0
0
0
0
0
0
0
0
0
0
0
0
0
-0.80583
-0.87094
-0.84287
-0.87094
-0.82825
-0.8663
-0.75259
-0.80295
-0.78506
-0.83934
-0.84288
-0.77222
-0.77198
-0.77212
-0.7903
-0.7676
-0.83793
-0.7587
-0.82153
-0.71952
-0.72727
-0.73387
-0.80088
-0.7384
-0.81718
-0.79646
-0.79639
34.3829
-0.72457
-0.72459
-0.74837
-0.78483
-0.75088
-0.70583
-0.75033
-0.82042
-0.74437
-0.76326
-0.80399
-0.76326
-0.72897
-0.72802
-0.78793
-0.75425
-0.76871
0
0
0
0
0
0
0
0
0
0
0
0
0
0
0
0
0
0
0
0
0
0
0
0
0
0
0
0
0
0
0
0
0
0
0
0
0
0
0
0
0
0
0
0
0
0
0
0
0
0
0
0
0
0
0
-0.75273
-0.8163
-0.78901
-0.8163
-0.77475
-0.81182
-0.70081
-0.74995
-0.73253
-0.78567
-0.78914
-0.7203
-0.72007
-0.72019
-0.73782
-0.71563
-0.78431
-0.70674
-0.76814
-0.67145
-0.67873
-0.68486
-0.74865
-0.68925
-0.76467
-0.72506
-0.72502
-0.72457
31.3245
-0.65103
-0.70749
-0.73753
-0.7063
-0.64092
-0.68627
-0.77221
-0.68654
-0.70548
-0.75335
-0.70548
-0.67101
-0.67336
-0.72391
-0.69914
0
0
0
0
0
0
0
0
0
0
0
0
0
0
0
0
0
0
0
0
0
0
0
0
0
0
0
0
0
0
0
0
0
0
0
0
0
0
0
0
0
0
0
0
0
0
0
0
0
0
0
0
0
0
0
0
-0.75275
-0.81632
-0.78903
-0.81632
-0.77479
-0.81185
-0.70083
-0.74997
-0.73255
-0.7857
-0.78917
-0.72032
-0.7201
-0.72022
-0.73785
-0.71566
-0.78433
-0.70675
-0.76817
-0.67148
-0.67876
-0.68488
-0.74867
-0.68928
-0.7647
-0.72509
-0.72504
-0.72459
-0.65103
31.3256
-0.70751
-0.73756
-0.70632
-0.64095
-0.6863
-0.77223
-0.68657
-0.70551
-0.75338
-0.70551
-0.67103
-0.67337
-0.72395
-0.69916
0
0
0
0
0
0
0
0
0
0
0
0
0
0
0
0
0
0
0
0
0
0
0
0
0
0
0
0
0
0
0
0
0
0
0
0
0
0
0
0
0
0
0
0
0
0
0
0
0
0
0
0
0
0
0
0
-0.77901
-0.84245
-0.81492
-0.84246
-0.80064
-0.8382
-0.72629
-0.77611
-0.75849
-0.81149
-0.815
-0.74646
-0.74622
-0.74634
-0.76315
-0.74077
-0.81009
-0.73267
-0.79419
-0.69604
-0.70361
-0.71001
-0.77355
-0.71211
-0.78973
-0.74894
-0.74889
-0.74837
-0.70749
-0.70751
32.8201
-0.75951
-0.72703
-0.67205
-0.72086
-0.79238
-0.71544
-0.73479
-0.76989
-0.7348
-0.70084
-0.70184
-0.75803
0
0
0
0
0
0
0
0
0
0
0
0
0
0
0
0
-1.1014
0
0
0
0
0
0
0
0
0
0
0
0
0
0
0
0
0
0
0
0
0
0
0
0
0
0
0
0
0
0
0
0
0
0
0
0
0
0
0
0
-0.82517
-0.89438
-0.86638
-0.89439
-0.84882
-0.88797
-0.76678
-0.82232
-0.80455
-0.85551
-0.85916
-0.80341
-0.80315
-0.80329
-0.80677
-0.78415
-0.85406
-0.77586
-0.84138
-0.752
-0.75878
-0.76419
-0.82091
-0.75145
-0.84281
-0.78531
-0.78526
-0.78483
-0.73753
-0.73756
-0.75951
39.8465
-0.74698
-0.71603
-0.75977
-0.83902
-0.75705
-0.7754
-0.80089
-0.7754
-0.7375
-0.74139
0
0
0
0
0
0
0
0
0
0
-0.88352
0
0
0
0
0
0
0
0
0
0
0
0
0
0
0
0
0
0
0
0
0
0
0
0
0
0
0
0
-6.2359
0
0
0
0
0
0
0
0
0
0
0
0
0
0
0
0
0
0
-0.78772
-0.85776
-0.82817
-0.85776
-0.81272
-0.85066
-0.73506
-0.78762
-0.76807
-0.81933
-0.82292
-0.75643
-0.75617
-0.75631
-0.7706
-0.75105
-0.81793
-0.74146
-0.80281
-0.72169
-0.72908
-0.73445
-0.78096
-0.71615
-0.7973
-0.75132
-0.75128
-0.75088
-0.7063
-0.70632
-0.72703
-0.74698
36.8077
-0.68367
-0.72604
-0.79659
-0.72278
-0.74096
-0.76862
-0.74095
-0.70452
-0.7073
0
0
0
0
0
0
0
0
0
0
0
0
0
0
0
0
0
0
0
0
0
0
0
0
0
0
0
0
0
0
0
0
0
0
0
0
0
0
0
0
0
-5.516
0
0
0
0
0
0
0
0
0
0
0
0
0
0
0
0
-0.73622
-0.79851
-0.77159
-0.79851
-0.75752
-0.79438
-0.68466
-0.73333
-0.71615
-0.76835
-0.77181
-0.70432
-0.70409
-0.70421
-0.721
-0.69876
-0.76699
-0.6904
-0.75118
-0.65583
-0.6631
-0.66918
-0.73167
-0.67166
-0.74718
-0.70635
-0.7063
-0.70583
-0.64092
-0.64095
-0.67205
-0.71603
-0.68367
30.2453
-0.67338
-0.74547
-0.67661
-0.69676
-0.70317
-0.69675
-0.65741
-0.66142
0
0
0
0
0
0
0
0
0
0
0
0
0
0
0
0
0
-1.0516
0
0
0
0
0
0
0
0
0
0
0
0
0
0
0
0
0
0
0
0
0
0
0
0
0
0
0
0
0
0
0
0
0
0
0
0
0
0
0
0
-0.78134
-0.84571
-0.81806
-0.84571
-0.80359
-0.84115
-0.72847
-0.77839
-0.76071
-0.81453
-0.81804
-0.74829
-0.74805
-0.74818
-0.76602
-0.74324
-0.81314
-0.73394
-0.79681
-0.69857
-0.70602
-0.71229
-0.7765
-0.71516
-0.79238
-0.75086
-0.75081
-0.75033
-0.68627
-0.6863
-0.72086
-0.75977
-0.72604
-0.67338
29.6299
-0.78026
-0.73315
-0.76566
-0.74631
-0.76567
0
0
0
0
0
0
0
0
0
0
0
0
0
0
0
0
0
0
0
0
0
0
0
0
0
0
0
0
0
0
0
0
0
0
0
0
0
0
0
0
0
0
0
0
0
0
0
0
0
0
0
0
0
0
0
0
0
0
0
0
-0.85581
-0.91913
-0.89019
-0.91913
-0.86895
-0.91592
-0.7826
-0.84828
-0.83151
-0.88288
-0.88668
-0.82679
-0.82661
-0.82671
-0.83468
-0.7908
-0.88139
-0.80311
-0.868
-0.78468
-0.79133
-0.79663
-0.84249
-0.79207
-0.86184
-0.82084
-0.8208
-0.82042
-0.77221
-0.77223
-0.79238
-0.83902
-0.79659
-0.74547
-0.78026
41.966
0
0
0
0
0
0
0
0
0
0
0
0
0
0
0
0
0
0
0
0
0
0
0
0
0
-2.9554
0
0
0
0
0
0
0
0
-4.7739
0
-5.1483
0
0
0
0
0
0
0
0
0
0
0
0
0
0
0
0
0
0
0
0
0
0
0
0
0
0
0
-0.77432
-0.83828
-0.81064
-0.83828
-0.79639
-0.83379
-0.72132
-0.77138
-0.7535
-0.8072
-0.81071
-0.74146
-0.74125
-0.74137
-0.75865
-0.73615
-0.80581
-0.7264
-0.78968
-0.69251
-0.69991
-0.7061
-0.76929
-0.70904
-0.7855
-0.74492
-0.74487
-0.74437
-0.68654
-0.68657
-0.71544
-0.75705
-0.72278
-0.67661
-0.73315
0
27.859
-0.74389
0
-0.7439
0
0
0
0
0
0
0
0
0
0
0
0
0
0
0
0
0
0
0
0
0
0
0
0
0
0
0
0
0
0
0
0
0
0
0
0
0
0
0
0
0
0
0
0
0
0
0
0
0
0
0
0
0
0
0
0
0
0
0
0
-0.7927
-0.857
-0.82916
-0.85699
-0.81483
-0.85247
-0.73921
-0.78972
-0.77169
-0.82571
-0.82925
-0.75966
-0.75944
-0.75956
-0.77683
-0.75418
-0.82431
-0.74453
-0.80814
-0.71038
-0.71787
-0.72413
-0.78756
-0.72711
-0.80401
-0.76383
-0.76377
-0.76326
-0.70548
-0.70551
-0.73479
-0.7754
-0.74096
-0.69676
-0.76566
0
-0.74389
27.7758
0
0
0
0
0
0
0
0
0
0
0
0
0
0
0
0
0
0
0
0
0
0
0
0
0
0
0
0
0
0
0
0
0
0
0
0
0
0
0
0
0
0
0
0
0
0
0
0
0
0
0
0
0
0
0
0
0
0
0
0
0
0
-0.82699
-0.89566
-0.86606
-0.89566
-0.85172
-0.8885
-0.77323
-0.82643
-0.80607
-0.85791
-0.86154
-0.795
-0.79475
-0.79488
-0.80831
-0.78947
-0.85648
-0.77955
-0.8411
-0.74336
-0.75165
-0.75865
-0.81738
-0.75745
-0.83364
-0.80477
-0.8047
-0.80399
-0.75335
-0.75338
-0.76989
-0.80089
-0.76862
-0.70317
-0.74631
0
0
0
33.2861
0
0
0
0
0
0
0
0
0
0
0
0
0
0
0
0
0
0
0
0
0
0
0
0
0
0
0
0
0
0
0
0
0
0
0
0
0
-5.1056
0
0
0
0
0
0
0
0
0
0
0
0
0
0
0
0
0
0
0
0
0
0
0
-0.79271
-0.85699
-0.82915
-0.85699
-0.81483
-0.85247
-0.73921
-0.78972
-0.77168
-0.82571
-0.82924
-0.75966
-0.75944
-0.75956
-0.77684
-0.75418
-0.8243
-0.74453
-0.80814
-0.71039
-0.71787
-0.72414
-0.78756
-0.72712
-0.80401
-0.76382
-0.76377
-0.76326
-0.70548
-0.70551
-0.7348
-0.7754
-0.74095
-0.69675
-0.76567
0
-0.7439
0
0
27.7758
0
0
0
0
0
0
0
0
0
0
0
0
0
0
0
0
0
0
0
0
0
0
0
0
0
0
0
0
0
0
0
0
0
0
0
0
0
0
0
0
0
0
0
0
0
0
0
0
0
0
0
0
0
0
0
0
0
0
0
0
-0.75691
-0.82032
-0.79251
-0.82032
-0.77808
-0.81642
-0.70499
-0.75418
-0.7366
-0.78987
-0.79336
-0.72546
-0.72523
-0.72535
-0.74161
-0.71877
-0.78848
-0.71071
-0.77257
-0.67719
-0.68457
-0.69075
-0.75207
-0.68406
-0.76844
-0.72953
-0.72947
-0.72897
-0.67101
-0.67103
-0.70084
-0.7375
-0.70452
-0.65741
0
0
0
0
0
0
27.0738
0
0
0
0
0
0
0
0
0
0
0
0
0
0
-2.0147
0
0
0
0
0
0
0
0
0
0
0
0
0
0
0
0
0
0
0
0
0
0
0
0
0
0
0
0
0
0
0
0
0
0
0
0
0
0
0
0
0
0
0
0
-0.75785
-0.82114
-0.79384
-0.82114
-0.77979
-0.81669
-0.70552
-0.75497
-0.7373
-0.79056
-0.79403
-0.72534
-0.72512
-0.72524
-0.7425
-0.72024
-0.78917
-0.71051
-0.77311
-0.67694
-0.68427
-0.6904
-0.75323
-0.69353
-0.76915
-0.72857
-0.72851
-0.72802
-0.67336
-0.67337
-0.70184
-0.74139
-0.7073
-0.66142
0
0
0
0
0
0
0
25.0954
0
0
0
0
0
0
0
0
0
0
0
0
0
0
0
0
0
0
0
0
0
0
0
0
0
0
0
0
0
0
0
0
0
0
0
0
0
0
0
0
0
0
0
0
0
0
0
0
0
0
0
0
0
0
0
0
0
0
-0.81624
-0.88496
-0.85527
-0.88496
-0.84135
-0.87776
-0.76289
-0.81607
-0.79562
-0.84746
-0.85107
-0.78526
-0.78501
-0.78514
-0.79783
-0.77957
-0.84604
-0.76914
-0.83072
-0.73621
-0.74394
-0.75037
-0.80796
-0.74803
-0.82494
-0.78853
-0.78849
-0.78793
-0.72391
-0.72395
-0.75803
0
0
0
0
0
0
0
0
0
0
0
29.8366
0
0
0
0
0
0
0
0
0
0
0
0
0
0
0
0
0
0
0
0
0
0
0
0
0
0
0
0
0
0
0
0
0
0
0
0
0
0
0
0
0
0
0
0
0
0
0
0
0
0
0
-5.042
0
0
0
0
0
-0.78477
-0.84805
-0.82055
-0.84806
-0.80657
-0.84381
-0.73157
-0.7817
-0.76383
-0.81773
-0.82126
-0.75221
-0.75198
-0.7521
-0.76916
-0.74656
-0.81634
-0.73678
-0.80017
-0.70394
-0.71134
-0.71749
-0.78044
-0.71944
-0.79698
-0.7548
-0.75474
-0.75425
-0.69914
-0.69916
0
0
0
0
0
0
0
0
0
0
0
0
0
23.0849
0
0
0
0
0
0
0
0
0
0
0
0
0
0
0
0
0
0
0
0
0
0
0
0
0
0
0
0
0
0
0
0
0
0
0
0
0
0
0
0
0
0
0
0
0
0
0
0
0
0
0
0
0
0
0
0
-0.79555
-0.86207
-0.83159
-0.86207
-0.81668
-0.8573
-0.7446
-0.79359
-0.77498
-0.82965
-0.83323
-0.76511
-0.76487
-0.76501
-0.78102
-0.75757
-0.82825
-0.75003
-0.81255
-0.71653
-0.72409
-0.73039
-0.79205
-0.72641
-0.8092
-0.76929
-0.76923
-0.76871
0
0
0
0
0
0
0
0
0
0
0
0
0
0
0
0
25.9561
0
0
0
0
0
0
0
0
0
0
0
0
0
0
0
0
0
0
0
-3.9245
0
0
0
0
0
0
0
0
0
0
0
0
0
0
0
0
0
0
0
0
0
0
0
0
0
0
0
0
0
0
0
0
0
0
0
-0.90936
-0.99001
-0.95506
-0.99001
-0.94139
-0.98141
-0.86152
-0.91802
-0.89541
-0.94743
-0.95123
-0.88621
-0.88594
-0.88609
-0.8897
-0.8786
-0.94592
-0.86967
-0.93227
-0.83402
-0.84354
-0.85142
0
0
0
0
0
0
0
0
0
0
0
0
0
0
0
0
0
0
0
0
0
0
0
33.0724
0
0
0
0
0
0
0
-2.8347
0
0
0
0
0
0
0
0
0
0
0
0
0
0
0
0
0
0
0
0
0
0
0
-5.0968
-5.0968
0
0
0
0
0
0
0
0
0
0
0
0
0
0
0
0
0
0
0
0
0
-0.82205
-0.88937
-0.86119
-0.88937
-0.84951
-0.88365
-0.77012
-0.82249
-0.80417
-0.85636
-0.85994
-0.79134
-0.7911
-0.79122
-0.80818
-0.78708
-0.85494
-0.77583
-0.83838
-0.74175
-0.74934
-0.75565
-0.81785
0
0
0
0
0
0
0
0
0
0
0
0
0
0
0
0
0
0
0
0
0
0
0
20.7154
0
0
0
0
0
0
0
0
0
0
0
0
0
-1.9045
0
0
0
0
0
0
0
0
0
0
0
0
0
0
0
0
0
0
0
0
0
0
0
0
0
0
0
0
0
0
0
0
0
0
0
0
0
0
0
-0.81718
-0.88377
-0.85322
-0.88377
-0.83776
-0.8794
-0.76515
-0.81441
-0.79664
-0.85292
-0.85651
-0.78561
-0.78538
-0.7855
-0.80368
-0.77901
-0.8515
-0.77154
-0.83517
-0.73717
-0.74478
-0.75113
-0.81463
0
0
0
0
0
0
0
0
0
0
0
0
0
0
0
0
0
0
0
0
0
0
0
0
21.3843
0
0
0
0
0
-2.6985
0
0
0
0
0
0
0
0
0
0
0
0
0
0
0
0
0
0
0
0
0
0
0
0
0
0
0
0
0
0
0
0
0
0
0
0
0
0
0
0
0
0
0
0
0
0
-0.86218
-0.92613
-0.89838
-0.92615
-0.88427
-0.92204
-0.80705
-0.85873
-0.84134
-0.89576
-0.8994
-0.82842
-0.82818
-0.82831
-0.84642
-0.82252
-0.89433
-0.81265
-0.87839
-0.77926
-0.78694
-0.79333
-0.85757
0
0
0
0
0
0
0
0
0
0
0
0
0
0
0
0
0
0
0
0
0
0
0
0
0
19.6778
0
0
0
0
0
0
0
0
0
0
0
0
0
0
0
0
0
0
0
0
0
0
0
0
0
0
0
0
0
0
0
0
0
0
0
0
0
0
0
0
0
0
0
0
0
0
0
0
0
0
0
-0.88241
-0.95431
-0.9236
-0.95432
-0.90988
-0.94676
-0.82865
-0.88391
-0.86363
-0.91552
-0.91922
-0.85155
-0.8513
-0.85144
-0.86322
-0.84647
-0.91407
-0.83568
-0.89883
-0.80098
-0.80885
-0.8154
0
0
0
0
0
0
0
0
0
0
0
0
0
0
0
0
0
0
0
0
0
0
0
0
0
0
0
24.3259
0
0
0
0
0
0
0
0
0
0
0
0
0
0
0
0
0
0
0
0
0
0
0
0
0
0
0
0
0
0
0
0
0
0
0
0
0
0
0
-5.0059
0
0
0
0
0
0
0
0
0
0
-0.83309
-0.90276
-0.87361
-0.90277
-0.86967
-0.89344
-0.78116
-0.83781
-0.81771
-0.86473
-0.86837
-0.80171
-0.80148
-0.80161
0
-0.80491
-0.86329
-0.78742
0
0
0
0
0
0
0
0
0
0
0
0
0
0
0
0
0
0
0
0
0
0
0
0
0
0
0
0
0
0
0
0
18.4263
0
0
0
0
0
0
0
0
0
0
0
0
0
0
0
0
0
0
0
0
0
0
0
0
0
0
0
0
-4.1208
0
0
0
0
0
0
0
0
0
0
0
0
0
0
0
0
0
0
0
0
-1.2545
-1.3115
-1.282
-1.3115
-1.276
-1.3091
-1.1905
-1.2475
-1.2295
0
0
-1.2145
-1.2142
-1.2143
0
0
0
0
0
0
0
0
0
0
0
0
0
0
0
0
0
0
0
0
0
0
0
0
0
0
0
0
0
0
0
0
0
0
0
0
0
15.0551
0
0
0
0
0
0
0
0
0
0
0
0
0
0
0
0
0
0
0
0
0
0
0
0
0
0
0
0
0
0
0
0
0
0
0
0
0
0
0
0
0
0
0
0
0
0
0
0
0
0
0
0
0
0
0
0
0
0
0
0
0
0
0
0
0
0
0
0
0
0
0
0
0
0
0
0
0
0
0
-0.88352
0
0
0
0
0
0
0
0
0
0
0
0
0
0
0
0
0
0
0
0
12.2469
0
0
0
0
0
0
0
0
0
0
-4.1215
0
0
0
0
0
0
0
-3.1864
0
0
0
0
0
0
0
0
0
0
0
0
0
0
0
0
0
0
0
0
0
0
0
-4.0555
0
0
0
0
0
0
0
0
0
0
0
0
0
0
0
0
0
0
0
0
0
0
0
0
0
0
0
0
0
0
0
0
0
0
0
0
0
0
0
0
0
0
0
0
0
0
0
0
0
-2.8347
0
-2.6985
0
0
0
0
0
13.5613
0
0
0
0
0
0
0
0
0
0
0
0
0
0
-3.5124
0
0
0
0
-4.5158
0
0
0
0
0
0
0
0
0
0
0
0
0
0
0
0
0
0
0
0
0
0
0
0
0
0
0
0
0
0
-3.8983
0
0
-3.8551
0
0
0
0
0
0
0
0
0
0
0
0
0
0
0
0
0
0
0
0
0
0
0
0
0
0
0
0
0
0
0
0
0
0
0
0
0
0
0
0
0
0
0
0
0
0
12.6859
0
0
0
0
0
0
0
0
0
0
0
0
0
0
0
0
0
0
0
0
0
0
0
0
0
0
0
0
0
0
0
0
-4.9326
0
0
0
0
0
0
0
0
0
0
0
0
0
0
0
0
0
0
0
0
0
0
0
0
0
0
0
0
0
0
0
0
0
0
0
-2.0818
0
0
0
0
0
0
0
0
0
0
0
0
0
0
0
0
-2.0147
0
0
0
0
0
0
0
0
0
0
0
0
0
0
8.174
0
0
0
0
0
0
0
0
0
0
0
0
0
0
0
0
0
0
0
0
0
0
0
0
0
0
0
0
0
0
0
0
0
0
0
0
-4.0775
0
0
0
0
0
0
0
0
0
0
0
0
0
0
0
-3.559
0
0
0
0
0
0
0
0
0
0
0
0
0
0
-3.4251
0
0
0
0
0
0
0
0
0
0
0
0
0
0
0
0
0
0
0
0
0
0
0
0
0
0
0
0
0
0
0
0
10.7913
-3.8072
0
0
0
0
0
0
0
0
0
0
0
0
0
0
0
0
0
0
0
0
0
0
0
0
0
0
0
0
0
0
0
0
0
0
0
0
0
0
0
0
0
0
0
0
0
0
0
0
0
0
0
0
0
0
0
0
0
0
0
0
0
0
0
0
0
0
0
0
0
0
0
0
0
0
0
0
0
0
0
0
0
0
0
0
0
0
0
0
0
0
0
0
0
0
0
0
0
0
-3.8072
11.859
0
0
0
0
0
0
0
-4.052
0
0
0
-3.9998
0
0
0
0
0
0
0
0
0
0
0
0
0
0
0
0
0
0
0
0
0
0
0
0
0
0
0
0
0
0
0
-3.3422
0
-3.3422
0
0
0
0
0
0
0
0
0
0
0
0
0
0
0
0
0
0
0
0
0
0
0
0
0
0
0
0
0
0
0
0
0
0
0
0
0
0
0
0
0
0
0
0
0
0
0
0
0
0
0
0
0
0
11.1081
0
0
0
0
0
0
0
0
0
0
0
0
0
0
0
0
0
0
0
0
0
0
0
0
0
0
0
0
0
0
0
0
0
0
0
0
0
0
0
-4.4236
0
0
0
0
0
0
0
0
0
0
0
0
0
0
0
0
0
0
0
0
0
0
0
0
0
0
0
0
0
0
0
-1.1014
0
0
-1.0516
0
0
0
0
0
0
0
0
0
0
0
0
0
0
0
0
0
0
0
0
0
0
0
0
0
6.0825
0
0
0
0
0
0
0
0
0
0
0
0
0
0
-3.9295
0
0
0
0
0
0
0
0
0
0
0
0
0
0
0
0
0
0
0
0
0
0
0
0
0
0
0
0
0
0
0
0
0
0
0
0
0
0
0
0
0
0
0
0
0
0
0
0
0
0
0
0
0
0
0
0
0
0
0
0
0
0
0
0
0
0
0
0
0
0
0
-1.9045
0
0
0
0
0
0
0
0
0
0
0
0
0
5.7922
0
-3.2295
0
0
0
0
0
0
0
0
0
0
0
0
0
0
0
0
0
0
0
-0.65821
0
0
0
0
0
0
0
0
0
0
0
0
0
0
0
0
0
0
0
0
0
0
0
-2.9577
0
0
0
0
0
0
0
0
0
0
0
0
0
0
0
0
0
0
0
0
0
0
0
0
0
0
0
0
-2.9554
0
0
0
0
0
0
0
0
0
0
0
0
0
0
0
0
0
0
0
0
0
0
0
0
0
10.29
0
0
0
0
0
0
0
0
0
0
0
0
0
0
0
0
0
0
0
0
0
0
0
0
-4.377
0
0
0
0
0
0
0
0
0
0
0
0
0
-2.3643
0
0
0
0
0
0
0
0
0
0
0
0
0
-2.3405
0
0
0
0
0
0
0
0
0
0
0
0
0
0
0
0
0
0
0
0
0
0
0
0
0
0
0
0
0
0
0
0
0
0
0
0
0
0
0
0
0
0
0
0
0
-3.2295
0
7.9344
0
0
0
0
0
0
0
0
0
0
0
0
0
0
0
0
0
0
0
0
0
0
0
0
0
0
0
0
0
0
0
0
0
0
0
0
0
0
0
-2.6302
0
0
0
0
0
0
0
0
0
0
0
0
0
0
0
0
0
0
0
0
0
0
0
0
0
0
0
0
0
0
0
0
0
0
0
0
0
0
0
0
0
0
0
0
0
0
0
0
0
-4.1215
0
0
0
0
0
0
0
0
0
0
11.1068
0
0
0
0
0
-4.3551
0
0
0
0
0
0
0
0
0
0
0
0
0
0
0
0
0
0
0
0
0
0
0
0
0
0
0
0
0
0
0
0
0
0
0
0
0
0
0
0
0
0
0
0
0
0
0
0
0
0
0
0
0
0
0
0
0
0
0
0
0
0
0
0
0
0
0
0
0
0
0
0
0
0
-3.9245
0
0
0
0
0
0
0
0
0
0
0
0
0
0
0
0
0
0
0
8.3881
0
0
0
-4.4636
0
0
0
0
0
0
0
0
0
0
0
0
0
0
0
0
0
0
0
0
0
0
0
0
0
0
0
0
0
0
0
0
0
0
0
-4.9185
0
0
0
0
0
0
0
0
0
0
0
0
0
0
0
0
0
0
0
0
0
0
0
0
0
0
0
0
0
0
0
0
0
0
0
0
0
0
0
0
0
0
0
0
0
0
0
0
0
0
0
0
-4.052
0
0
0
0
0
0
0
8.9705
0
0
0
0
0
0
0
0
0
0
0
0
0
0
0
0
0
0
0
0
0
0
0
0
0
0
0
0
0
0
0
0
0
0
0
0
0
0
0
0
0
0
0
0
0
0
0
0
0
0
0
0
0
0
0
0
0
0
0
0
0
0
0
0
0
0
0
0
0
0
0
0
0
0
0
0
0
0
0
0
0
0
0
0
0
0
0
0
0
0
0
0
0
0
0
0
0
0
0
0
7.9761
-3.9945
0
0
-3.9816
0
0
0
0
0
0
0
0
0
0
0
0
0
0
0
0
0
0
0
0
0
0
0
0
0
0
0
0
0
0
0
0
0
0
0
0
0
0
0
0
0
0
0
0
-4.8054
0
0
0
0
0
0
0
0
0
0
0
0
0
0
0
0
0
0
0
0
0
0
0
0
0
0
0
0
0
0
0
0
0
0
0
0
0
0
0
0
0
0
0
0
0
0
0
0
0
0
-3.9945
8.7998
0
0
0
0
0
0
0
0
0
0
0
0
0
0
0
0
0
0
0
0
0
0
0
0
0
0
0
0
0
0
0
0
0
0
0
0
0
0
0
0
0
0
0
0
0
0
0
0
0
0
0
0
0
0
0
0
0
0
0
0
0
0
0
0
0
0
0
0
0
0
0
0
0
0
0
0
0
0
0
0
0
0
0
0
0
-3.5124
0
0
0
0
0
0
0
0
0
0
-4.4636
0
0
0
7.976
0
0
0
0
0
0
0
0
0
0
0
0
0
0
0
0
0
0
0
0
0
0
0
0
0
0
0
0
0
0
0
0
0
0
0
0
0
0
0
0
0
0
0
0
0
0
0
0
0
0
0
0
0
0
0
0
0
0
0
0
0
0
0
0
0
0
0
0
0
0
0
0
0
0
0
0
0
0
0
0
0
0
0
0
0
0
0
0
-3.9998
0
0
0
0
0
-4.3551
0
0
0
0
0
8.3549
0
0
0
0
0
0
0
0
0
0
0
0
0
0
0
0
0
0
0
0
0
0
0
0
0
0
0
0
0
0
0
0
0
0
0
0
0
0
0
0
0
0
0
0
0
0
0
0
0
0
0
0
0
0
0
0
0
0
0
0
0
0
0
0
0
-4.7739
0
0
0
0
0
0
0
0
0
0
0
0
0
0
0
0
0
0
0
0
0
0
0
0
0
0
0
0
0
0
-3.9816
0
0
0
8.7555
0
0
0
0
0
0
0
0
0
0
0
0
0
0
0
0
0
0
0
0
0
0
0
0
0
0
0
0
0
-2.2696
0
0
0
0
0
0
0
0
0
0
0
0
0
0
0
0
0
0
0
0
0
0
0
0
0
0
0
0
0
0
0
0
0
0
0
0
0
0
0
0
0
0
0
0
0
0
0
0
0
0
0
-3.1864
0
0
0
0
0
0
0
0
0
0
0
0
0
0
0
0
0
0
5.456
0
0
0
0
0
0
0
0
0
0
0
0
0
0
0
0
0
0
0
0
0
0
0
0
0
0
0
0
0
0
0
0
0
0
0
0
0
0
0
0
0
0
0
0
0
0
0
0
0
0
0
0
0
0
0
0
0
0
0
0
0
0
0
-5.1483
0
0
0
0
0
0
0
0
0
0
0
0
0
0
0
0
0
0
0
0
0
0
0
0
0
0
0
0
0
0
0
0
0
0
0
0
5.1483
0
0
0
0
0
0
0
0
0
0
0
0
0
0
0
0
0
0
0
0
0
0
0
0
0
0
0
0
0
0
0
0
0
0
0
0
0
0
0
0
0
0
0
0
0
0
0
0
0
0
0
0
0
0
0
0
0
0
0
0
0
0
0
0
0
0
0
0
0
0
0
0
0
0
0
0
0
0
0
0
-4.5158
0
0
0
0
0
0
0
0
0
0
0
0
0
0
0
0
0
0
0
4.5158
0
0
0
0
0
0
0
0
0
0
0
0
0
0
0
0
0
0
0
0
0
0
0
0
0
0
0
0
0
0
0
0
0
0
0
0
0
0
0
0
0
0
0
0
0
0
0
0
0
0
0
0
0
0
0
0
0
0
0
0
0
0
0
0
0
0
0
0
0
0
0
0
0
0
0
0
0
0
0
0
0
0
0
0
0
-3.9295
0
0
0
0
0
0
0
0
0
0
0
0
0
0
3.9295
0
0
0
0
0
0
0
0
0
0
0
0
0
0
0
0
0
0
0
0
0
0
0
0
0
0
0
0
0
0
0
0
0
0
-7.7919
0
0
0
0
0
0
0
0
0
0
0
0
0
0
0
0
0
0
0
0
0
0
0
0
0
0
0
0
0
0
0
0
0
0
0
0
0
0
0
0
0
0
0
0
0
0
0
0
0
0
0
0
0
0
0
0
0
0
0
0
0
0
0
0
0
7.7919
0
0
0
0
0
0
0
0
0
0
0
0
0
0
0
0
0
0
0
0
0
0
0
0
0
0
0
0
0
0
0
0
0
0
0
0
0
0
0
0
0
0
0
0
0
0
0
0
0
0
0
0
0
0
0
0
0
0
0
0
0
0
-5.1056
0
0
0
0
0
0
0
0
0
0
0
0
0
0
0
0
0
0
0
0
0
0
0
0
0
0
0
0
0
0
0
0
0
0
0
0
0
5.1056
0
0
0
0
0
0
0
0
0
0
0
0
0
0
0
0
0
0
0
0
0
0
0
0
0
0
0
0
0
0
0
0
0
0
0
0
0
0
0
0
0
0
0
0
0
0
0
0
0
0
0
0
0
0
0
0
0
0
0
0
0
0
0
0
0
0
0
0
-5.0968
0
0
0
0
0
0
0
0
0
0
0
0
0
0
0
0
0
0
0
0
0
0
0
0
0
0
0
0
0
0
0
5.0968
0
0
0
0
0
0
0
0
0
0
0
0
0
0
0
0
0
0
0
0
0
0
0
0
0
0
0
0
0
0
0
0
0
0
0
0
0
0
0
0
0
0
0
0
0
0
0
0
0
0
0
0
0
0
0
0
0
0
0
0
0
0
0
0
0
0
0
-5.0968
0
0
0
0
0
0
0
0
0
0
0
0
0
0
0
0
0
0
0
0
0
0
0
0
0
0
0
0
0
0
0
0
5.0968
0
0
0
0
0
0
0
0
0
0
0
0
0
0
0
0
0
0
0
0
0
0
0
0
0
0
0
0
0
0
0
0
0
0
0
0
0
0
0
0
0
0
0
0
0
0
0
0
0
0
0
0
0
0
0
0
0
0
0
0
0
0
0
0
0
0
0
0
0
0
0
-4.1208
0
0
0
0
0
0
0
0
0
0
0
0
0
0
0
0
0
0
0
0
0
0
0
0
0
0
0
0
4.1208
0
0
0
0
0
0
0
0
0
0
0
0
0
0
0
0
0
0
0
0
0
0
0
0
0
-8.3731
0
0
0
0
0
0
0
0
0
0
0
0
0
0
0
0
0
0
0
0
0
0
0
0
0
0
0
0
0
0
0
0
0
0
0
0
0
0
0
0
0
0
0
0
0
0
0
0
0
0
0
0
0
0
0
0
0
0
0
0
0
0
0
0
0
0
0
0
0
0
0
0
0
0
8.3731
0
0
0
0
0
0
0
0
0
0
0
0
0
0
0
0
0
0
0
0
0
0
0
0
0
0
0
0
0
0
0
0
0
0
0
0
0
0
0
0
0
0
0
0
0
0
0
0
0
0
-6.2359
0
0
0
0
0
0
0
0
0
0
0
0
0
0
0
0
0
0
0
0
0
0
0
0
0
0
0
0
0
0
0
0
0
0
0
0
0
0
0
0
0
0
0
0
0
0
0
0
0
6.2359
0
0
0
0
0
0
0
0
0
0
0
0
0
0
0
0
0
0
0
0
0
0
0
0
0
0
0
0
0
0
0
0
0
0
0
0
0
0
0
0
0
0
0
0
0
0
0
0
0
0
0
0
0
0
0
0
0
0
0
0
0
0
0
0
0
0
0
0
0
0
0
0
0
0
0
0
0
0
-0.65821
0
0
0
0
0
0
0
0
0
0
0
0
0
0
0
0
0
0
0
0
0
0.65821
0
0
0
0
0
0
0
0
0
0
0
0
0
0
0
0
0
0
0
0
0
0
0
0
0
0
0
0
0
0
0
0
0
0
0
0
0
0
0
0
0
0
0
0
0
0
0
0
0
-5.516
0
0
0
0
0
0
0
0
0
0
0
0
0
0
0
0
0
0
0
0
0
0
0
0
0
0
0
0
0
0
0
0
0
0
0
0
0
0
0
0
0
0
0
0
0
0
0
0
0
0
5.516
0
0
0
0
0
0
0
0
0
0
0
0
0
0
0
0
0
0
0
0
0
0
0
0
0
0
-7.807
0
0
0
0
0
0
0
0
0
0
0
0
0
0
0
0
0
0
0
0
0
0
0
0
0
0
0
0
0
0
0
0
0
0
0
0
0
0
0
0
0
0
0
0
0
0
0
0
0
0
0
0
0
0
0
0
0
0
0
0
0
0
0
0
0
0
0
0
0
0
0
0
0
7.807
0
0
0
0
0
0
0
0
0
0
0
0
0
0
0
0
0
0
0
0
0
0
0
0
0
0
0
0
0
-6.9645
0
0
0
0
0
0
0
0
0
0
0
0
0
0
0
0
0
0
0
0
0
0
0
0
0
0
0
0
0
0
0
0
0
0
0
0
0
0
0
0
0
0
0
0
0
0
0
0
0
0
0
0
0
0
0
0
0
0
0
0
0
0
0
0
0
0
0
0
0
0
6.9645
0
0
0
0
0
0
0
0
0
0
0
0
0
0
0
0
0
0
0
0
0
0
0
0
0
0
0
0
0
0
0
0
0
0
0
0
0
0
0
0
0
0
0
0
0
0
0
0
0
0
0
0
0
0
0
0
0
0
0
0
0
0
0
0
0
0
0
0
0
0
0
0
0
0
0
-4.377
0
0
0
0
0
0
0
0
0
0
0
0
0
0
0
0
0
0
0
0
0
0
0
0
4.377
0
0
0
0
0
0
0
0
0
0
0
0
0
0
0
0
0
0
0
0
0
0
0
0
0
0
0
0
0
0
0
0
0
0
0
0
0
0
0
0
0
0
0
0
0
0
0
0
0
0
0
0
0
0
0
0
0
0
0
0
0
0
0
0
0
0
0
-4.9326
0
0
0
0
0
0
0
0
0
0
0
0
0
0
0
0
0
0
0
0
0
0
0
0
0
0
0
0
0
0
0
0
4.9326
0
0
0
0
0
0
0
0
0
0
0
0
0
0
0
0
0
0
0
0
0
0
0
0
0
0
0
0
0
0
0
0
0
0
0
0
-6.4834
0
0
0
0
0
0
0
0
0
0
0
0
0
0
0
0
0
0
0
0
0
0
0
0
0
0
0
0
0
0
0
0
0
0
0
0
0
0
0
0
0
0
0
0
0
0
0
0
0
0
0
0
0
0
0
0
0
0
0
0
0
0
0
6.4834
0
0
0
0
0
0
0
0
0
0
0
0
0
0
0
0
0
0
0
0
0
0
0
0
0
0
0
0
0
0
0
0
0
0
0
0
0
0
0
0
0
0
0
0
0
0
0
0
0
0
0
0
0
0
0
0
0
0
0
0
-5.0059
0
0
0
0
0
0
0
0
0
0
0
0
0
0
0
0
0
0
0
0
0
0
0
0
0
0
0
0
0
0
0
0
0
0
0
0
0
0
0
5.0059
0
0
0
0
0
0
0
0
0
0
0
0
0
0
0
0
0
0
0
0
0
0
0
0
0
0
0
0
-6.7897
0
0
0
0
0
0
0
0
0
0
0
0
0
0
0
0
0
0
0
0
0
0
0
0
0
0
0
0
0
0
0
0
0
0
0
0
0
0
0
0
0
0
0
0
0
0
0
0
0
0
0
0
0
0
0
0
0
0
0
0
0
0
0
0
0
0
0
0
0
0
0
6.7897
0
0
0
0
0
0
0
0
0
0
0
-8.6508
0
0
0
0
0
0
0
0
0
0
0
0
0
0
0
0
0
0
0
0
0
0
0
0
0
0
0
0
0
0
0
0
0
0
0
0
0
0
0
0
0
0
0
0
0
0
0
0
0
0
0
0
0
0
0
0
0
0
0
0
0
0
0
0
0
0
0
0
0
0
0
0
0
0
0
0
0
0
0
0
0
0
0
0
0
0
0
0
8.6508
0
0
0
0
0
0
0
0
0
0
0
0
0
0
0
0
0
0
0
0
0
0
0
0
0
0
0
0
0
0
0
0
0
0
0
0
0
0
0
0
0
0
0
0
0
0
0
0
0
0
0
0
0
0
0
0
0
0
0
0
0
0
0
-4.0775
0
0
0
0
0
0
0
0
0
0
0
0
0
0
0
0
0
0
0
0
0
0
0
0
0
0
0
0
0
0
0
0
0
0
0
0
4.0775
0
0
0
0
0
0
0
0
0
0
0
0
0
0
0
0
0
0
0
0
0
0
0
0
0
0
0
0
0
-6.6114
0
0
0
0
0
0
0
0
0
0
0
0
0
0
0
0
0
0
0
0
0
0
0
0
0
0
0
0
0
0
0
0
0
0
0
0
0
0
0
0
0
0
0
0
0
0
0
0
0
0
0
0
0
0
0
0
0
0
0
0
0
0
0
0
0
0
0
0
0
0
6.6114
0
0
0
0
0
0
0
0
0
0
0
0
0
0
0
0
0
0
0
0
0
0
0
0
0
0
0
0
0
0
0
0
0
0
0
0
0
0
0
0
0
0
0
0
0
0
0
0
-5.042
0
0
0
0
0
0
0
0
0
0
0
0
0
0
0
0
0
0
0
0
0
0
0
0
0
0
0
0
0
0
0
0
0
0
0
0
0
0
0
0
0
0
0
0
0
0
0
0
0
0
0
5.042
0
0
0
0
0
0
0
0
0
0
0
0
0
0
0
0
0
0
0
0
0
0
0
0
0
0
0
0
0
0
0
0
0
0
0
0
0
0
0
0
0
0
0
0
0
0
0
0
0
0
0
0
0
0
0
0
0
-4.0555
0
0
0
0
0
0
0
0
0
0
0
0
0
0
0
0
0
0
0
0
0
0
0
0
0
0
0
0
0
0
0
0
0
0
0
0
0
0
0
0
0
0
4.0555
0
0
0
0
0
-8.9358
0
0
0
0
0
0
0
0
0
0
0
0
0
0
0
0
0
0
0
0
0
0
0
0
0
0
0
0
0
0
0
0
0
0
0
0
0
0
0
0
0
0
0
0
0
0
0
0
0
0
0
0
0
0
0
0
0
0
0
0
0
0
0
0
0
0
0
0
0
0
0
0
0
0
0
0
0
0
0
0
0
0
0
0
0
0
0
0
0
0
0
0
0
0
8.9358
0
0
0
0
0
0
-8.9358
0
0
0
0
0
0
0
0
0
0
0
0
0
0
0
0
0
0
0
0
0
0
0
0
0
0
0
0
0
0
0
0
0
0
0
0
0
0
0
0
0
0
0
0
0
0
0
0
0
0
0
0
0
0
0
0
0
0
0
0
0
0
0
0
0
0
0
0
0
0
0
0
0
0
0
0
0
0
0
0
0
0
0
0
0
0
0
0
0
0
0
0
0
8.9358
0
0
0
0
0
0
0
0
0
0
0
0
0
0
0
0
0
0
0
0
0
0
0
0
0
0
0
0
0
0
0
0
0
0
0
0
0
0
0
0
0
0
0
0
0
0
0
0
0
0
0
0
0
0
0
0
0
0
0
0
-4.4236
0
0
0
0
0
0
0
0
0
0
0
0
0
0
0
0
0
0
0
0
0
0
0
0
0
0
0
0
0
0
0
0
0
0
0
0
0
0
0
4.4236
0
0
0
0
0
0
0
0
0
0
0
0
0
0
0
0
0
-7.7858
0
0
0
0
0
0
0
0
0
0
0
0
0
0
0
0
0
0
0
0
0
0
0
0
0
0
0
0
0
0
0
0
0
0
0
0
0
0
0
0
0
0
0
0
0
0
0
0
0
0
0
0
0
0
0
0
0
0
0
0
0
0
0
0
0
0
0
0
0
0
0
0
0
0
0
0
0
0
0
0
0
0
7.7858
