1
0.81532
0.92055
1.3204
1.22
1.271
1.2731
1.3217
1.3672
1.3974
1.429
1.4495
1.4616
1.4782
1.5315
1.5788
1.6278
1.6736
1.7199
1.7647
1.8096
1.8531
1.8955
1.9359
1.9749
2.0119
2.0477
2.0818
2.115
2.1468
2.1778
2.2076
2.2368
2.2651
2.2928
2.3198
2.3463
2.3722
2.3975
2.4222
2.4464
2.4699
2.4928
2.5151
2.5367
2.5577
2.5779
2.5975
2.6166
2.6351
2.653
2.6706
2.6878
2.7047
2.7212
2.7375
2.7536
2.7695
2.7852
2.8007
2.8162
2.8315
2.8467
2.8618
2.8769
2.8918
2.9067
2.9216
2.9363
2.951
2.9655
2.98
2.9943
3.0084
3.0224
3.0362
3.0498
3.0632
3.0764
3.0894
3.1023
3.115
3.1275
3.14
3.1523
3.1646
3.1768
3.189
3.201
3.213
3.225
3.2368
3.2486
3.2603
3.2719
3.2835
3.2949
3.3062
3.3175
3.3286
3.3397
3.3507
3.3616
3.3724
3.3831
3.3938
3.4044
3.4149
3.4253
3.4356
3.4458
3.4559
3.4658
3.4757
3.4854
3.495
3.5044
3.5137
3.5229
3.5318
3.5407
3.5493
3.5578
3.5662
3.5744
3.5825
3.5905
3.5984
3.6062
3.6139
3.6215
3.629
3.6364
