1
0.97876
0.97273
0.96762
0.9653
0.96339
0.96187
0.95881
0.95591
0.953
0.9502
0.94738
0.94461
0.94193
0.93923
0.93662
0.93407
0.93171
0.92945
0.92732
0.92529
0.92337
0.92154
0.9198
0.91814
0.91656
0.91505
0.9136
0.91221
0.91087
0.90957
0.90832
0.90711
0.90594
0.90482
0.90373
0.90268
0.90167
0.90069
0.89972
0.89877
0.89782
0.89689
0.89596
0.89504
0.89414
0.89324
0.89235
0.89146
0.89056
0.88966
0.88875
0.88784
0.88692
0.88598
0.88504
0.88408
0.88311
0.88212
0.88112
0.88012
0.87911
0.87811
0.87713
0.87617
0.87524
0.87434
0.87346
0.87262
0.87181
0.87103
0.87027
0.86953
0.86881
0.8681
0.86741
0.86673
0.86607
0.86541
0.86476
0.86412
0.86349
0.86286
0.86223
0.86161
0.86099
0.86037
0.85976
0.85914
0.85854
0.85793
0.85733
0.85672
0.85611
0.85551
0.85491
0.85431
0.85371
0.85311
0.85252
0.85193
0.85135
0.85078
0.85021
0.84965
0.8491
0.84855
0.84801
0.84748
0.84694
0.84641
0.84589
0.84536
0.84484
0.84433
0.84382
0.84331
0.84281
0.84232
0.84183
0.84135
0.84088
0.8404
0.83994
0.83947
0.839
0.83854
0.83808
0.83761
0.83715
0.83668
0.83622
0.83575
0.83529
0.83482
0.83435
0.83388
0.83341
0.83294
0.83246
0.83198
0.8315
0.83101
0.83051
0.83
0.82948
0.82895
0.82841
0.82786
0.8273
0.82673
0.82615
0.82556
0.82497
0.82436
0.82375
0.82313
0.8225
0.82185
0.82119
0.82052
0.81984
0.81913
0.81842
0.81768
0.81693
0.81617
0.81539
0.8146
0.8138
0.81299
0.81218
0.81135
0.81053
0.80969
0.80886
