1
0.96087
0.94659
0.93728
0.93194
0.92751
0.92336
0.91963
0.91648
0.91336
0.91077
0.90346
0.89639
0.88954
0.88283
0.87639
0.87008
0.86398
0.85797
0.85219
0.84662
0.84136
0.83634
0.83158
0.82702
0.82265
0.81843
0.81435
0.81037
0.80646
0.80259
0.79876
0.79496
0.79119
0.78748
0.78384
0.78029
0.77686
0.77354
0.77033
0.76722
0.76418
0.76118
0.75818
0.75519
0.75217
0.74912
0.74606
0.74299
0.73995
0.73696
0.73406
0.73126
0.72858
0.726
0.72354
0.72118
0.7189
0.71671
0.71458
0.7125
0.71046
0.70845
0.70647
0.70451
0.70257
0.70064
0.69873
0.69683
0.69493
0.69304
0.69115
0.68926
0.68736
0.68547
0.68357
0.68168
0.67978
0.6779
0.67602
0.67416
0.67232
0.6705
0.6687
0.66693
0.66519
0.66348
0.6618
0.66015
0.65854
0.65695
0.6554
0.65388
0.65239
0.65093
0.6495
0.6481
0.64672
0.64536
0.64402
0.6427
0.6414
0.64011
0.63884
0.63758
0.63634
0.63511
0.63389
0.63267
0.63145
0.63023
0.62899
0.62776
