1
0.95922
0.94144
0.93129
0.92478
0.9189
0.90905
0.90554
0.89691
0.88873
0.88136
0.87453
0.86825
0.86235
0.85679
0.8515
0.84643
0.84158
0.83692
0.83249
0.82832
0.82446
0.82093
0.81777
0.81492
0.81233
0.80989
0.80749
0.80508
0.8026
0.80004
0.7974
0.79469
0.79193
0.78914
0.78634
0.78355
0.7808
0.77811
0.77549
0.77299
0.77062
0.76839
0.76632
0.76438
0.76256
0.76082
0.75913
0.75745
0.75576
0.75404
0.7523
0.75054
0.74878
0.74701
0.74526
0.74353
0.74183
0.74016
0.73854
0.73697
0.73544
0.73395
0.73249
0.73107
0.72966
0.72827
0.72689
0.72552
0.72417
0.72284
0.72154
0.72025
0.719
0.71777
0.71656
0.71537
0.71418
0.71301
0.71184
0.71067
0.70951
0.70836
0.70722
0.7061
0.70499
0.7039
0.70284
0.7018
0.70078
0.69977
0.69878
0.6978
0.69682
0.69583
0.69484
0.69384
0.69282
