1
0.95204
0.9427
0.9352
0.93126
0.92833
0.92655
0.925
0.92372
0.91933
0.91516
0.91499
0.91527
0.91182
0.90839
0.90508
0.90169
0.89844
0.89517
0.892
0.88887
0.88586
0.88296
0.88024
0.87771
0.87539
0.87326
0.87132
0.8695
0.86777
0.86608
0.86439
0.8627
0.86098
0.85925
0.85751
0.85577
0.85405
0.85233
0.85063
0.84895
0.84729
0.84564
0.84402
0.84242
0.84084
0.83929
0.83777
0.83628
0.83481
0.83336
0.83193
0.83051
0.8291
0.8277
0.82629
0.82488
0.82346
0.82203
0.8206
0.81916
0.81772
0.81627
0.81482
0.81338
0.81195
0.81053
0.80912
0.80773
0.80634
0.80496
0.80358
0.8022
0.80082
0.79943
0.79802
0.79661
0.79519
0.79375
0.79232
0.79087
0.78943
0.78799
0.78655
0.78513
0.78372
0.78233
0.78095
0.7796
0.77825
0.77692
0.77561
0.7743
0.77301
0.77173
0.77048
0.76925
0.76804
0.76687
0.76573
0.76462
0.76356
0.76253
0.76154
0.76059
0.75967
0.75878
0.75791
0.75705
0.7562
0.75534
0.75447
0.75358
0.75269
0.75177
0.75085
0.74991
0.74897
0.74801
0.74706
0.7461
0.74514
0.74419
0.74325
0.74231
0.74139
0.74047
0.73957
0.73867
0.73778
0.7369
0.73602
0.73515
