1
0.96019
0.9472
0.93932
0.93395
0.92947
0.92548
0.92196
0.91901
0.91654
0.9099
0.90409
0.89915
0.89488
0.89103
0.88744
0.88398
0.88059
0.8772
0.8738
0.87035
0.86686
0.86333
0.85976
0.85617
0.85258
0.84901
0.8455
0.84206
0.83869
0.83538
0.83212
0.82892
0.82578
0.82268
0.81963
0.81664
0.81369
0.81079
0.80795
0.80515
0.80238
0.79965
0.79695
0.79429
0.79166
0.78907
0.78652
0.784
0.78152
0.77907
0.77665
0.77426
0.7719
0.76957
0.76726
0.76497
0.7627
0.76046
0.75826
0.75609
0.75396
0.75188
0.74983
0.74781
0.74582
0.74386
0.74193
0.74003
0.73816
0.73632
0.73451
0.73273
0.73096
0.72922
0.7275
0.7258
0.72412
0.72245
0.7208
0.71915
0.71752
0.71588
0.71425
0.71261
0.71096
0.70931
0.70765
0.70599
0.70432
0.70265
0.70098
0.6993
0.69762
0.69594
0.69425
0.69255
0.69085
0.68915
0.68744
0.68573
0.68402
0.68231
0.68059
0.67888
0.67716
0.67545
0.67374
0.67203
