1
0.97248
0.95936
0.95191
0.94446
0.9355
0.93254
0.92532
0.91871
0.91265
0.90717
0.90179
0.89672
0.89173
0.88682
0.88218
0.87717
0.87263
0.86728
0.86317
0.85842
0.85509
0.85134
0.84847
0.84563
0.84338
0.84161
0.84051
0.84011
0.8404
0.84114
0.84202
0.84284
0.84358
0.84432
0.84518
0.84629
0.84779
0.84978
0.8523
0.85515
0.85796
0.86046
0.86255
0.86424
0.86559
0.86665
0.86747
0.86809
0.86852
0.86881
0.86897
0.86902
0.869
0.8689
0.86877
0.86861
0.86843
0.86827
0.86815
0.86807
0.86808
0.86819
0.86844
0.86882
0.86933
0.86992
0.87056
0.87117
0.87167
0.87202
0.87218
0.87216
0.87197
0.87165
0.87121
0.8707
0.87016
0.8696
0.86907
0.8686
0.8682
0.86792
0.86778
0.86782
0.86808
0.86862
0.86945
0.87062
0.87208
0.87376
0.87552
0.87722
0.87875
0.88008
0.8812
0.88216
0.88299
0.88374
0.88446
0.88518
0.88595
0.88681
0.88777
0.88886
0.89006
0.89135
0.8927
0.89407
0.89543
0.89675
0.89803
0.89924
0.90038
0.90143
0.90237
0.90321
0.90394
0.90456
0.90509
0.90554
0.90591
0.90622
0.9065
0.90675
0.90699
0.90723
0.90748
0.90775
0.90804
0.90834
0.90865
0.90897
0.90929
