1
0.96578
0.95107
0.94133
0.93386
0.92775
0.92288
0.91354
0.90489
0.8967
0.88899
0.88163
0.87473
0.86809
0.86188
0.85589
0.85027
0.84475
0.83951
0.8344
0.82958
0.82491
0.82045
0.81609
0.81189
0.80778
0.80378
0.79988
0.79608
0.79237
0.78876
0.78526
0.78186
0.77858
0.77542
0.77238
0.76946
0.76665
0.76396
0.76136
0.75885
0.75643
0.7541
0.75183
0.74964
0.74751
0.74544
0.74342
0.74144
0.7395
0.73758
0.73566
0.73374
0.7318
0.7298
0.72771
0.72551
0.72316
0.7206
0.71779
0.71465
0.71109
0.70703
0.7025
0.69774
0.69317
0.68903
0.68538
0.68217
0.6793
0.67672
0.67436
0.6722
0.6702
0.66833
0.66656
0.66488
0.66327
0.66171
0.66019
0.65869
0.6572
0.6557
0.65417
0.65259
0.65093
0.64915
0.64723
0.64514
0.6429
0.64058
0.63827
0.63608
0.63408
0.63228
0.63068
0.62922
0.62785
0.62651
0.62516
0.62373
0.6222
0.62054
0.61879
0.61699
0.61523
0.61359
0.6121
0.61078
0.60962
0.6086
0.60769
0.60686
0.60611
0.6054
0.60473
0.60409
0.60345
0.60282
0.60218
0.60151
0.6008
0.60004
0.59922
0.59831
0.5973
0.59617
0.59492
0.59354
0.59201
0.59036
0.5886
0.58677
0.58489
