61.4942
-0.92749
-0.92781
-0.91929
-0.91638
-0.91623
-0.91734
-0.92508
-0.91282
-0.91665
-0.91281
-0.91282
-0.91282
-0.90427
-0.90427
-0.91223
-0.91289
-0.91032
-0.91581
-0.91666
-0.91452
-0.91452
-0.92644
-0.92176
-0.92365
-0.9154
-0.91897
-0.9164
-0.9164
-0.9164
-0.9164
-0.91217
-0.90026
-0.90006
-0.91825
-0.91825
-0.91723
-0.90447
-0.91978
-0.90446
-0.90445
-0.91215
-0.91647
-0.93027
-0.94291
-0.93687
-0.9333
-0.9295
-0.93683
-0.93685
-0.93681
-0.87418
-0.88939
-0.97328
-0.92229
-0.90801
-0.90716
-0.97768
-1.0192
0
-1.3344
0
-1.424
0
0
0
0
0
0
0
0
0
0
0
0
0
0
0
0
0
0
0
0
0
0
0
0
0
0
0
0
0
0
0
0
0
-5.3584
0
0
0
0
0
0
0
0
0
-0.92749
68.0787
-0.93329
-0.92759
-0.92458
-0.92452
-0.92557
-0.93193
-0.92022
-0.92423
-0.92022
-0.92023
-0.92023
-0.9116
-0.9116
-0.91964
-0.92035
-0.91807
-0.92258
-0.92382
-0.92197
-0.92198
-0.93264
-0.92905
-0.92989
-0.92167
-0.92664
-0.92389
-0.92389
-0.92389
-0.92389
-0.91969
-0.90769
-0.9075
-0.9251
-0.9251
-0.92503
-0.912
-0.92359
-0.912
-0.912
-0.91906
-0.92371
-0.9376
-0.9503
-0.94511
-0.94055
-0.93502
-0.94518
-0.9452
-0.94516
-0.88199
-0.89738
-0.97905
-0.92929
-0.91441
-0.91553
-0.98701
0
0
0
0
0
0
0
0
-0.99143
0
0
0
0
0
-3.8953
0
0
0
0
0
0
0
0
0
0
0
0
0
0
0
0
0
0
0
0
-5.2118
0
0
0
0
0
0
0
0
0
0
0
-5.2118
-0.92781
-0.93329
62.9812
-0.92734
-0.92432
-0.92419
-0.92527
-0.93204
-0.91999
-0.92397
-0.91999
-0.92
-0.91999
-0.91135
-0.91135
-0.91942
-0.92009
-0.9175
-0.92216
-0.92429
-0.92176
-0.92176
-0.93314
-0.92941
-0.93017
-0.92236
-0.92647
-0.92368
-0.92367
-0.92369
-0.92368
-0.91928
-0.90739
-0.9072
-0.92524
-0.92524
-0.92461
-0.91169
-0.92555
-0.91169
-0.91168
-0.91909
-0.92355
-0.93746
-0.95019
-0.94458
-0.94044
-0.93502
-0.94455
-0.94457
-0.94454
-0.88141
-0.89671
-0.98145
-0.9291
-0.91452
-0.91477
-0.98606
0
0
0
0
0
0
0
0
0
0
0
0
0
0
0
0
0
0
0
0
0
0
0
0
0
0
0
0
-5.1097
0
0
0
0
0
0
0
0
0
0
0
0
0
0
0
0
-5.1097
0
0
-0.91929
-0.92759
-0.92734
55.3625
-0.9154
-0.91516
-0.91643
-0.92476
-0.91224
-0.9164
-0.91223
-0.91225
-0.91224
-0.90357
-0.90358
-0.91168
-0.91235
-0.91014
-0.916
-0.91678
-0.91408
-0.91408
-0.92761
-0.92273
-0.92372
-0.91559
-0.91696
-0.91595
-0.91594
-0.91596
-0.91595
-0.9117
-0.89973
-0.89953
-0.91828
-0.91828
-0.91676
-0.90391
-0.92169
-0.9039
-0.9039
-0.91205
-0.91626
-0.93005
-0.9427
-0.93608
-0.93314
-0.92902
-0.9359
-0.93593
-0.93588
-0.87371
-0.88825
-0.97347
-0.92244
-0.90813
-0.90587
-0.97611
0
0
-1.3199
0
0
0
0
0
0
0
-1.7059
0
0
0
0
0
0
0
0
0
0
0
0
0
0
0
0
0
0
0
0
0
0
0
0
0
0
0
0
0
0
0
0
0
0
0
0
0
-0.91638
-0.92458
-0.92432
-0.9154
55.019
-0.91253
-0.91401
-0.92206
-0.90964
-0.91373
-0.90963
-0.90964
-0.90964
-0.90097
-0.90097
-0.90904
-0.90971
-0.90741
-0.91305
-0.91386
-0.91141
-0.91141
-0.92444
-0.9198
-0.9208
-0.91275
-0.91543
-0.9133
-0.9133
-0.91331
-0.9133
-0.90924
-0.89713
-0.89692
-0.91549
-0.91549
-0.91406
-0.9013
-0.91849
-0.90129
-0.90129
-0.9093
-0.91335
-0.92714
-0.93978
-0.93336
-0.93024
-0.92605
-0.93322
-0.93324
-0.9332
-0.87123
-0.88573
-0.97038
-0.91945
-0.90524
-0.90331
-0.97341
0
0
-1.3223
0
0
0
0
0
0
0
0
0
0
0
0
0
0
-1.5125
0
0
0
0
0
0
0
0
0
0
0
0
0
0
0
0
0
0
0
0
0
0
0
0
0
0
0
0
0
0
-0.91623
-0.92452
-0.92419
-0.91516
-0.91253
54.8005
-0.91373
-0.92183
-0.90935
-0.91348
-0.90934
-0.90935
-0.90935
-0.90068
-0.90067
-0.90876
-0.90946
-0.90689
-0.91286
-0.91358
-0.91115
-0.91115
-0.92432
-0.91957
-0.92047
-0.91239
-0.91523
-0.91305
-0.91304
-0.91305
-0.91304
-0.90891
-0.89686
-0.89667
-0.9152
-0.9152
-0.91321
-0.90105
-0.91796
-0.90104
-0.90104
-0.90902
-0.91316
-0.92695
-0.93959
-0.93315
-0.93004
-0.92601
-0.93303
-0.93305
-0.93302
-0.87111
-0.88555
-0.96838
-0.9175
-0.90505
-0.90315
-0.97346
0
-1.3115
-1.3222
0
0
0
0
0
0
0
0
0
0
0
0
0
0
0
0
0
0
0
0
0
0
0
0
0
0
0
0
0
0
0
0
0
0
0
0
0
0
0
0
0
0
0
0
0
-0.91734
-0.92557
-0.92527
-0.91643
-0.91401
-0.91373
53.5516
-0.92289
-0.91036
-0.91467
-0.91035
-0.91037
-0.91036
-0.90155
-0.90155
-0.90976
-0.91044
-0.90825
-0.91397
-0.91477
-0.91216
-0.91217
-0.92551
-0.92074
-0.92174
-0.91361
-0.91625
-0.91406
-0.91406
-0.91407
-0.91406
-0.90995
-0.89784
-0.89765
-0.91629
-0.91629
-0.91485
-0.90202
-0.91949
-0.90202
-0.90202
-0.91011
-0.91414
-0.92797
-0.94064
-0.93409
-0.93107
-0.92716
-0.93393
-0.93395
-0.93391
-0.872
-0.88635
-0.97133
-0.92043
-0.90607
-0.90393
-0.97421
0
0
-1.3218
0
0
0
0
0
0
0
0
0
0
0
0
0
0
0
0
0
0
0
0
0
0
0
0
0
0
0
0
0
0
0
0
0
0
0
0
0
0
0
0
0
0
0
0
0
-0.92508
-0.93193
-0.93204
-0.92476
-0.92206
-0.92183
-0.92289
57.5504
-0.91776
-0.92162
-0.91776
-0.91777
-0.91777
-0.90899
-0.90899
-0.91703
-0.91771
-0.91518
-0.92067
-0.92156
-0.9194
-0.9194
-0.93151
-0.92734
-0.92817
-0.92033
-0.92397
-0.92134
-0.92133
-0.92134
-0.92133
-0.917
-0.90499
-0.9048
-0.92314
-0.92314
-0.92223
-0.90927
-0.92465
-0.90926
-0.90926
-0.917
-0.92131
-0.93517
-0.94787
-0.94196
-0.93823
-0.93301
-0.94201
-0.94203
-0.94199
-0.8788
-0.89398
-0.97871
0
-0.91248
-0.9119
0
0
0
0
0
0
0
0
0
0
0
0
0
-1.5391
0
0
0
0
0
0
0
0
0
0
0
0
0
0
0
0
-5.2881
0
0
0
0
0
0
0
0
0
0
0
0
0
0
0
0
0
0
-0.91282
-0.92022
-0.91999
-0.91224
-0.90964
-0.90935
-0.91036
-0.91776
51.9539
-0.90858
-0.90355
-0.90356
-0.90356
-0.89636
-0.89636
-0.905
-0.90571
-0.9035
-0.90913
-0.90981
-0.90744
-0.90744
-0.92043
-0.91577
-0.91675
-0.90875
-0.91161
-0.90933
-0.90933
-0.90933
-0.90933
-0.90522
-0.89322
-0.89303
-0.91145
-0.91145
-0.91009
-0.89739
-0.91448
-0.89738
-0.89737
-0.90537
-0.90936
-0.92312
-0.9357
-0.92926
-0.92617
-0.92212
-0.92914
-0.92917
-0.92913
-0.86764
-0.88195
-0.966
-0.91558
-0.90133
-0.89943
-0.96933
0
0
0
0
0
0
0
0
0
0
0
0
0
0
0
0
0
0
0
0
0
0
0
0
0
0
0
0
0
0
0
0
0
0
0
0
0
0
0
0
0
0
0
0
0
0
0
0
-0.91665
-0.92423
-0.92397
-0.9164
-0.91373
-0.91348
-0.91467
-0.92162
-0.90858
52.2343
-0.90858
-0.90859
-0.90859
-0.90024
-0.90024
-0.90899
-0.90973
-0.90746
-0.9132
-0.91379
-0.9115
-0.9115
-0.92446
-0.91971
-0.92087
-0.91274
-0.91567
-0.9134
-0.9134
-0.91341
-0.9134
-0.90939
-0.89722
-0.89703
-0.9155
-0.9155
-0.91413
-0.90141
-0.91841
-0.90141
-0.9014
-0.90938
-0.91351
-0.92729
-0.93992
-0.93351
-0.93037
-0.92648
-0.93341
-0.93344
-0.9334
-0.87135
-0.88596
-0.97014
-0.91966
-0.90542
-0.90353
0
-1.0233
0
0
0
0
0
0
0
0
0
0
0
0
0
0
0
0
0
0
0
0
0
0
0
0
0
0
0
0
0
0
0
0
0
0
0
0
0
0
0
0
0
0
0
0
0
0
0
-0.91281
-0.92022
-0.91999
-0.91223
-0.90963
-0.90934
-0.91035
-0.91776
-0.90355
-0.90858
51.9536
-0.90356
-0.90355
-0.89636
-0.89636
-0.90499
-0.9057
-0.90349
-0.90913
-0.90979
-0.90744
-0.90744
-0.92042
-0.91576
-0.91674
-0.90874
-0.91161
-0.90932
-0.90932
-0.90933
-0.90932
-0.90522
-0.89322
-0.89303
-0.91145
-0.91145
-0.91008
-0.89737
-0.91448
-0.89737
-0.89736
-0.90537
-0.90936
-0.92311
-0.93569
-0.92926
-0.92616
-0.92211
-0.92914
-0.92916
-0.92912
-0.86763
-0.88195
-0.96599
-0.91557
-0.90133
-0.89942
-0.96932
0
0
0
0
0
0
0
0
0
0
0
0
0
0
0
0
0
0
0
0
0
0
0
0
0
0
0
0
0
0
0
0
0
0
0
0
0
0
0
0
0
0
0
0
0
0
0
0
-0.91282
-0.92023
-0.92
-0.91225
-0.90964
-0.90935
-0.91037
-0.91777
-0.90356
-0.90859
-0.90356
51.9543
-0.90356
-0.89637
-0.89637
-0.905
-0.90572
-0.90351
-0.90914
-0.90982
-0.90745
-0.90745
-0.92044
-0.91578
-0.91675
-0.90876
-0.91162
-0.90934
-0.90933
-0.90934
-0.90933
-0.90524
-0.89323
-0.89304
-0.91146
-0.91146
-0.91009
-0.89739
-0.91449
-0.89738
-0.89738
-0.90538
-0.90937
-0.92312
-0.9357
-0.92927
-0.92617
-0.92213
-0.92915
-0.92918
-0.92913
-0.86765
-0.88196
-0.966
-0.91559
-0.90134
-0.89943
-0.96934
0
0
0
0
0
0
0
0
0
0
0
0
0
0
0
0
0
0
0
0
0
0
0
0
0
0
0
0
0
0
0
0
0
0
0
0
0
0
0
0
0
0
0
0
0
0
0
0
-0.91282
-0.92023
-0.91999
-0.91224
-0.90964
-0.90935
-0.91036
-0.91777
-0.90356
-0.90859
-0.90355
-0.90356
51.9541
-0.89636
-0.89637
-0.905
-0.90571
-0.9035
-0.90914
-0.90981
-0.90744
-0.90745
-0.92043
-0.91577
-0.91675
-0.90875
-0.91162
-0.90933
-0.90933
-0.90934
-0.90933
-0.90523
-0.89323
-0.89303
-0.91146
-0.91146
-0.91009
-0.89739
-0.91449
-0.89738
-0.89738
-0.90537
-0.90937
-0.92312
-0.9357
-0.92926
-0.92617
-0.92212
-0.92915
-0.92917
-0.92913
-0.86764
-0.88196
-0.966
-0.91558
-0.90134
-0.89943
-0.96933
0
0
0
0
0
0
0
0
0
0
0
0
0
0
0
0
0
0
0
0
0
0
0
0
0
0
0
0
0
0
0
0
0
0
0
0
0
0
0
0
0
0
0
0
0
0
0
0
-0.90427
-0.9116
-0.91135
-0.90357
-0.90097
-0.90068
-0.90155
-0.90899
-0.89636
-0.90024
-0.89636
-0.89637
-0.89636
50.5031
-0.88834
-0.89666
-0.89725
-0.8948
-0.89979
-0.90074
-0.89873
-0.89874
-0.91068
-0.90659
-0.90749
-0.89983
-0.90271
-0.90053
-0.90053
-0.90054
-0.90053
-0.89646
-0.88466
-0.88448
-0.90251
-0.90251
-0.90119
-0.88872
-0.90528
-0.88872
-0.88872
-0.8966
-0.90041
-0.91401
-0.92648
-0.92012
-0.91701
-0.91295
-0.92003
-0.92005
-0.92001
-0.85938
-0.87354
-0.95614
-0.90658
-0.89262
-0.89075
0
0
0
0
0
0
0
0
0
0
0
0
0
0
0
0
0
0
0
0
0
0
0
0
0
0
0
0
0
0
0
0
0
0
0
0
0
0
0
0
0
0
0
0
0
0
0
0
0
-0.90427
-0.9116
-0.91135
-0.90358
-0.90097
-0.90067
-0.90155
-0.90899
-0.89636
-0.90024
-0.89636
-0.89637
-0.89637
-0.88834
50.5031
-0.89666
-0.89725
-0.8948
-0.89979
-0.90075
-0.89874
-0.89874
-0.91069
-0.90659
-0.90749
-0.89983
-0.90271
-0.90054
-0.90054
-0.90054
-0.90054
-0.89646
-0.88466
-0.88448
-0.90251
-0.90251
-0.90119
-0.88872
-0.90527
-0.88872
-0.88871
-0.8966
-0.90041
-0.91401
-0.92648
-0.92012
-0.91701
-0.91295
-0.92003
-0.92005
-0.92001
-0.85938
-0.87354
-0.95615
-0.90658
-0.89262
-0.89075
0
0
0
0
0
0
0
0
0
0
0
0
0
0
0
0
0
0
0
0
0
0
0
0
0
0
0
0
0
0
0
0
0
0
0
0
0
0
0
0
0
0
0
0
0
0
0
0
0
-0.91223
-0.91964
-0.91942
-0.91168
-0.90904
-0.90876
-0.90976
-0.91703
-0.905
-0.90899
-0.90499
-0.905
-0.905
-0.89666
-0.89666
48.2394
-0.90533
-0.90285
-0.90756
-0.90898
-0.9068
-0.9068
-0.91944
-0.91478
-0.91568
-0.90792
-0.91079
-0.90868
-0.90867
-0.90868
-0.90867
-0.90445
-0.89247
-0.89227
-0.91057
-0.91057
-0.90934
-0.89665
-0.91334
-0.89664
-0.89664
-0.90465
-0.90862
-0.92235
-0.93491
-0.92855
-0.92544
-0.92116
-0.92874
-0.92877
-0.92873
-0.86707
-0.88123
-0.96473
0
0
0
0
0
0
0
0
0
0
0
0
0
0
0
0
0
0
0
0
0
0
0
0
0
0
0
0
0
0
0
0
0
0
0
0
0
0
0
0
0
0
0
0
0
0
0
0
0
0
0
0
-0.91289
-0.92035
-0.92009
-0.91235
-0.90971
-0.90946
-0.91044
-0.91771
-0.90571
-0.90973
-0.9057
-0.90572
-0.90571
-0.89725
-0.89725
-0.90533
47.3061
-0.90319
-0.90828
-0.90957
-0.90735
-0.90735
-0.92093
-0.91533
-0.9162
-0.90849
-0.91132
-0.90925
-0.90924
-0.90925
-0.90924
-0.90498
-0.89297
-0.89277
-0.91111
-0.91111
-0.90992
-0.89716
-0.91396
-0.89716
-0.89715
-0.90519
-0.90919
-0.92293
-0.9355
-0.92911
-0.92604
-0.92187
-0.92935
-0.92937
-0.92934
-0.86766
-0.88182
0
0
0
0
0
0
0
0
0
0
0
0
0
0
0
0
0
0
0
0
0
0
0
0
0
0
0
0
0
0
0
0
0
0
0
0
0
0
0
0
0
0
0
0
0
0
0
0
0
0
0
0
0
-0.91032
-0.91807
-0.9175
-0.91014
-0.90741
-0.90689
-0.90825
-0.91518
-0.9035
-0.90746
-0.90349
-0.90351
-0.9035
-0.8948
-0.8948
-0.90285
-0.90319
46.3736
-0.90574
-0.90635
-0.90502
-0.90503
-0.91903
-0.91225
-0.91275
-0.90561
-0.90877
-0.90688
-0.90688
-0.90688
-0.90688
-0.90226
-0.89054
-0.89034
-0.90838
-0.90838
-0.9068
-0.89477
-0.91014
-0.89477
-0.89476
-0.90256
-0.90676
-0.92042
-0.93291
-0.92693
-0.92343
0
-0.92732
-0.92735
-0.92731
0
0
0
0
0
0
0
0
0
0
0
0
0
0
0
0
-1.8585
0
0
0
0
0
0
0
0
0
0
0
0
0
0
0
0
0
0
0
0
0
0
0
0
0
0
0
0
0
0
0
0
0
0
0
0
0
0
-0.91581
-0.92258
-0.92216
-0.916
-0.91305
-0.91286
-0.91397
-0.92067
-0.90913
-0.9132
-0.90913
-0.90914
-0.90914
-0.89979
-0.89979
-0.90756
-0.90828
-0.90574
49.3565
-0.91205
-0.9099
-0.9099
-0.92058
-0.91715
-0.91794
-0.91051
-0.91405
-0.91176
-0.91176
-0.91176
-0.91176
-0.90732
-0.89547
-0.89527
-0.9132
-0.91319
-0.91242
-0.89971
-0.91426
-0.8997
-0.8997
-0.90733
-0.91148
-0.92522
-0.93778
-0.93203
-0.92822
0
-0.93235
-0.93237
-0.93233
0
0
0
0
0
0
0
0
0
0
0
0
0
0
0
0
0
0
0
0
0
0
0
0
0
0
0
0
0
0
0
0
0
0
0
0
0
0
0
0
0
0
0
0
0
0
0
0
0
0
-4.6
0
0
0
0
-0.91666
-0.92382
-0.92429
-0.91678
-0.91386
-0.91358
-0.91477
-0.92156
-0.90981
-0.91379
-0.90979
-0.90982
-0.90981
-0.90074
-0.90075
-0.90898
-0.90957
-0.90635
-0.91205
45.351
-0.91067
-0.91067
-0.92201
-0.91661
-0.9169
-0.91065
-0.91432
-0.91244
-0.91244
-0.91244
-0.91244
-0.90768
-0.89578
-0.89557
-0.91336
-0.91336
-0.91258
-0.90009
-0.91349
-0.90009
-0.90008
-0.90767
-0.91203
-0.92578
-0.93834
-0.93272
0
0
0
0
0
0
0
0
0
0
0
0
0
0
0
0
0
0
0
0
0
0
0
0
0
0
0
0
0
0
0
0
0
0
0
-4.2941
0
0
0
0
0
0
0
0
0
0
0
0
0
0
0
0
0
0
0
0
0
0
0
0
-0.91452
-0.92197
-0.92176
-0.91408
-0.91141
-0.91115
-0.91216
-0.9194
-0.90744
-0.9115
-0.90744
-0.90745
-0.90744
-0.89873
-0.89874
-0.9068
-0.90735
-0.90502
-0.9099
-0.91067
40.9861
-0.90432
-0.92067
-0.91727
-0.91845
-0.90792
-0.91145
-0.91111
-0.91111
-0.91112
-0.91111
-0.90679
-0.89422
-0.89404
-0.9128
-0.9128
-0.91156
-0.89877
-0.91798
-0.89877
-0.89876
-0.90692
-0.91075
-0.92452
-0.93708
-0.93091
0
0
0
0
0
0
0
0
0
0
0
0
0
0
0
0
0
0
0
0
0
0
0
0
0
0
0
0
0
0
0
0
0
0
0
0
0
0
0
0
0
0
0
0
0
0
0
0
0
0
0
0
0
0
0
0
0
0
0
0
-0.91452
-0.92198
-0.92176
-0.91408
-0.91141
-0.91115
-0.91217
-0.9194
-0.90744
-0.9115
-0.90744
-0.90745
-0.90745
-0.89874
-0.89874
-0.9068
-0.90735
-0.90503
-0.9099
-0.91067
-0.90432
40.9862
-0.92068
-0.91727
-0.91845
-0.90791
-0.91145
-0.91111
-0.91111
-0.91111
-0.91111
-0.90678
-0.89422
-0.89404
-0.9128
-0.9128
-0.91156
-0.89877
-0.91798
-0.89877
-0.89876
-0.90692
-0.91074
-0.92452
-0.93708
-0.93091
0
0
0
0
0
0
0
0
0
0
0
0
0
0
0
0
0
0
0
0
0
0
0
0
0
0
0
0
0
0
0
0
0
0
0
0
0
0
0
0
0
0
0
0
0
0
0
0
0
0
0
0
0
0
0
0
0
0
0
0
-0.92644
-0.93264
-0.93314
-0.92761
-0.92444
-0.92432
-0.92551
-0.93151
-0.92043
-0.92446
-0.92042
-0.92044
-0.92043
-0.91068
-0.91069
-0.91944
-0.92093
-0.91903
-0.92058
-0.92201
-0.92067
-0.92068
46.4004
-0.92757
-0.9278
-0.92045
-0.92454
-0.9226
-0.9226
-0.9226
-0.9226
-0.91778
-0.9057
-0.9055
-0.92329
-0.92329
-0.92297
-0.91017
-0.92249
-0.91017
-0.91016
-0.91764
0
0
0
0
0
0
0
0
0
0
0
0
0
0
0
0
0
0
0
0
0
0
0
0
0
0
0
0
0
0
0
0
0
0
0
-4.322
0
0
0
0
0
0
0
0
0
0
0
0
0
0
0
0
0
-4.322
0
0
0
0
0
0
0
0
0
0
-0.92176
-0.92905
-0.92941
-0.92273
-0.9198
-0.91957
-0.92074
-0.92734
-0.91577
-0.91971
-0.91576
-0.91578
-0.91577
-0.90659
-0.90659
-0.91478
-0.91533
-0.91225
-0.91715
-0.91661
-0.91727
-0.91727
-0.92757
42.7698
-0.92664
-0.91704
-0.92033
-0.91919
-0.91919
-0.91919
-0.91919
-0.91413
-0.90179
-0.90159
-0.91994
-0.91994
-0.91911
-0.90639
-0.92108
-0.90639
-0.90638
-0.91424
0
0
0
0
0
0
0
0
0
0
0
0
0
0
0
0
0
0
0
0
-1.4208
0
0
0
0
0
0
0
0
0
0
0
0
0
0
0
-3.7526
0
0
0
0
0
0
0
0
0
0
0
0
0
0
0
0
0
0
0
0
0
0
0
0
0
0
0
-0.92365
-0.92989
-0.93017
-0.92372
-0.9208
-0.92047
-0.92174
-0.92817
-0.91675
-0.92087
-0.91674
-0.91675
-0.91675
-0.90749
-0.90749
-0.91568
-0.9162
-0.91275
-0.91794
-0.9169
-0.91845
-0.91845
-0.9278
-0.92664
43.4303
-0.9182
-0.92165
-0.92031
-0.9203
-0.92031
-0.92031
-0.91493
-0.90311
-0.90291
-0.92125
-0.92125
-0.92033
-0.90775
-0.92263
-0.90774
-0.90773
-0.91559
0
0
0
0
0
0
0
0
0
0
0
0
0
0
0
0
0
0
0
0
0
0
0
0
0
0
0
0
0
0
0
0
-2.1131
0
0
0
0
0
0
0
0
0
0
0
0
0
0
0
0
0
0
0
0
0
0
0
-3.6787
0
0
0
0
0
0
0
-0.9154
-0.92167
-0.92236
-0.91559
-0.91275
-0.91239
-0.91361
-0.92033
-0.90875
-0.91274
-0.90874
-0.90876
-0.90875
-0.89983
-0.89983
-0.90792
-0.90849
-0.90561
-0.91051
-0.91065
-0.90792
-0.90791
-0.92045
-0.91704
-0.9182
40.4431
-0.91238
-0.91273
-0.91273
-0.91274
-0.91273
-0.90722
-0.89473
-0.89454
-0.91275
-0.91275
-0.91172
-0.89937
-0.9137
-0.89936
-0.89936
-0.90722
0
0
0
0
0
0
0
0
0
0
0
0
0
0
0
0
0
0
0
0
0
0
0
0
0
0
0
0
0
0
0
0
0
0
0
0
0
0
0
0
0
0
-3.1309
0
0
0
0
0
0
0
0
0
0
0
0
0
0
0
0
0
0
0
0
0
-0.91897
-0.92664
-0.92647
-0.91696
-0.91543
-0.91523
-0.91625
-0.92397
-0.91161
-0.91567
-0.91161
-0.91162
-0.91162
-0.90271
-0.90271
-0.91079
-0.91132
-0.90877
-0.91405
-0.91432
-0.91145
-0.91145
-0.92454
-0.92033
-0.92165
-0.91238
39.1411
-0.91877
-0.91877
-0.91879
-0.91878
-0.91043
-0.89747
-0.89735
-0.91657
-0.91657
-0.91525
-0.90247
-0.91784
-0.90246
-0.90246
-0.91075
0
0
0
0
0
0
0
0
0
0
0
0
0
0
0
0
0
0
0
0
0
0
0
0
0
0
-1.6878
0
0
0
0
0
0
0
0
0
0
0
0
0
0
0
0
0
0
0
0
0
0
0
0
0
0
0
0
0
0
0
0
0
0
0
0
0
-0.9164
-0.92389
-0.92368
-0.91595
-0.9133
-0.91305
-0.91406
-0.92134
-0.90933
-0.9134
-0.90932
-0.90934
-0.90933
-0.90053
-0.90054
-0.90868
-0.90925
-0.90688
-0.91176
-0.91244
-0.91111
-0.91111
-0.9226
-0.91919
-0.92031
-0.91273
-0.91877
37.3559
-0.91409
-0.9141
-0.91409
-0.90699
-0.89447
-0.89398
-0.91148
-0.91148
-0.91083
-0.89858
-0.92393
-0.89857
-0.89857
-0.90644
0
0
0
0
0
0
0
0
0
0
0
0
0
0
0
0
0
0
0
0
0
0
0
0
0
0
0
0
0
0
0
0
0
0
0
0
0
0
0
0
0
0
0
0
0
0
0
0
0
0
0
0
0
0
0
0
0
0
0
0
0
0
0
0
-0.9164
-0.92389
-0.92367
-0.91594
-0.9133
-0.91304
-0.91406
-0.92133
-0.90933
-0.9134
-0.90932
-0.90933
-0.90933
-0.90053
-0.90054
-0.90867
-0.90924
-0.90688
-0.91176
-0.91244
-0.91111
-0.91111
-0.9226
-0.91919
-0.9203
-0.91273
-0.91877
-0.91409
37.3557
-0.91409
-0.91408
-0.90699
-0.89446
-0.89397
-0.91147
-0.91148
-0.91082
-0.89858
-0.92393
-0.89857
-0.89857
-0.90643
0
0
0
0
0
0
0
0
0
0
0
0
0
0
0
0
0
0
0
0
0
0
0
0
0
0
0
0
0
0
0
0
0
0
0
0
0
0
0
0
0
0
0
0
0
0
0
0
0
0
0
0
0
0
0
0
0
0
0
0
0
0
0
0
-0.9164
-0.92389
-0.92369
-0.91596
-0.91331
-0.91305
-0.91407
-0.92134
-0.90933
-0.91341
-0.90933
-0.90934
-0.90934
-0.90054
-0.90054
-0.90868
-0.90925
-0.90688
-0.91176
-0.91244
-0.91112
-0.91111
-0.9226
-0.91919
-0.92031
-0.91274
-0.91879
-0.9141
-0.91409
37.3561
-0.9141
-0.907
-0.89447
-0.89398
-0.91148
-0.91148
-0.91083
-0.89859
-0.92394
-0.89859
-0.89857
-0.90644
0
0
0
0
0
0
0
0
0
0
0
0
0
0
0
0
0
0
0
0
0
0
0
0
0
0
0
0
0
0
0
0
0
0
0
0
0
0
0
0
0
0
0
0
0
0
0
0
0
0
0
0
0
0
0
0
0
0
0
0
0
0
0
0
-0.9164
-0.92389
-0.92368
-0.91595
-0.9133
-0.91304
-0.91406
-0.92133
-0.90933
-0.9134
-0.90932
-0.90933
-0.90933
-0.90053
-0.90054
-0.90867
-0.90924
-0.90688
-0.91176
-0.91244
-0.91111
-0.91111
-0.9226
-0.91919
-0.92031
-0.91273
-0.91878
-0.91409
-0.91408
-0.9141
37.3558
-0.90699
-0.89447
-0.89398
-0.91147
-0.91148
-0.91082
-0.89858
-0.92393
-0.89858
-0.89857
-0.90643
0
0
0
0
0
0
0
0
0
0
0
0
0
0
0
0
0
0
0
0
0
0
0
0
0
0
0
0
0
0
0
0
0
0
0
0
0
0
0
0
0
0
0
0
0
0
0
0
0
0
0
0
0
0
0
0
0
0
0
0
0
0
0
0
-0.91217
-0.91969
-0.91928
-0.9117
-0.90924
-0.90891
-0.90995
-0.917
-0.90522
-0.90939
-0.90522
-0.90524
-0.90523
-0.89646
-0.89646
-0.90445
-0.90498
-0.90226
-0.90732
-0.90768
-0.90679
-0.90678
-0.91778
-0.91413
-0.91493
-0.90722
-0.91043
-0.90699
-0.90699
-0.907
-0.90699
37.4269
-0.89114
-0.88962
-0.90986
-0.90986
-0.90806
-0.89655
0
-0.89655
-0.89655
0
0
0
0
0
0
0
0
0
0
0
0
0
0
0
0
0
0
0
0
0
0
0
-2.0648
0
0
0
0
0
0
0
0
0
0
0
0
0
0
0
0
0
0
0
0
0
0
0
0
0
0
0
0
0
0
0
0
0
0
0
0
0
0
0
0
0
-0.90026
-0.90769
-0.90739
-0.89973
-0.89713
-0.89686
-0.89784
-0.90499
-0.89322
-0.89722
-0.89322
-0.89323
-0.89323
-0.88466
-0.88466
-0.89247
-0.89297
-0.89054
-0.89547
-0.89578
-0.89422
-0.89422
-0.9057
-0.90179
-0.90311
-0.89473
-0.89747
-0.89447
-0.89446
-0.89447
-0.89447
-0.89114
35.7823
-0.87831
-0.89552
-0.89552
-0.89479
-0.88289
0
-0.88289
-0.88288
-0.89064
0
0
0
0
0
0
0
0
0
0
0
0
0
0
0
0
0
0
0
0
0
0
0
0
0
0
0
0
0
0
0
0
0
0
0
0
0
0
0
0
0
0
0
0
0
0
0
0
0
0
0
0
0
0
0
0
0
0
0
0
0
0
0
0
-0.90006
-0.9075
-0.9072
-0.89953
-0.89692
-0.89667
-0.89765
-0.9048
-0.89303
-0.89703
-0.89303
-0.89304
-0.89303
-0.88448
-0.88448
-0.89227
-0.89277
-0.89034
-0.89527
-0.89557
-0.89404
-0.89404
-0.9055
-0.90159
-0.90291
-0.89454
-0.89735
-0.89398
-0.89397
-0.89398
-0.89398
-0.88962
-0.87831
34.8799
-0.89402
-0.89402
-0.89334
-0.88334
0
-0.88334
-0.88333
0
0
0
0
0
0
0
0
0
0
0
0
0
0
0
0
0
0
0
0
0
0
0
0
0
0
0
0
0
0
0
0
0
0
0
0
0
0
0
0
0
0
0
0
0
0
0
0
0
0
0
0
0
0
0
0
0
0
0
0
0
0
0
0
0
-0.91825
-0.9251
-0.92524
-0.91828
-0.91549
-0.9152
-0.91629
-0.92314
-0.91145
-0.9155
-0.91145
-0.91146
-0.91146
-0.90251
-0.90251
-0.91057
-0.91111
-0.90838
-0.9132
-0.91336
-0.9128
-0.9128
-0.92329
-0.91994
-0.92125
-0.91275
-0.91657
-0.91148
-0.91147
-0.91148
-0.91147
-0.90986
-0.89552
-0.89402
33.7002
0
0
0
0
0
0
0
0
0
0
0
0
0
0
0
0
0
0
0
0
0
0
0
0
0
0
0
0
0
0
0
0
0
0
0
0
0
0
0
0
0
0
0
0
0
0
0
0
0
0
0
0
0
0
-2.6555
0
0
0
0
0
0
0
0
0
0
0
0
0
0
0
0
-0.91825
-0.9251
-0.92524
-0.91828
-0.91549
-0.9152
-0.91629
-0.92314
-0.91145
-0.9155
-0.91145
-0.91146
-0.91146
-0.90251
-0.90251
-0.91057
-0.91111
-0.90838
-0.91319
-0.91336
-0.9128
-0.9128
-0.92329
-0.91994
-0.92125
-0.91275
-0.91657
-0.91148
-0.91148
-0.91148
-0.91148
-0.90986
-0.89552
-0.89402
0
33.7003
0
0
0
0
0
0
0
0
0
0
0
0
0
0
0
0
0
0
0
0
0
0
0
0
0
0
0
0
0
0
0
0
0
0
0
0
0
0
0
0
0
0
0
0
0
0
-2.6557
0
0
0
0
0
0
0
0
0
0
0
0
0
0
0
0
0
0
0
0
0
0
0
-0.91723
-0.92503
-0.92461
-0.91676
-0.91406
-0.91321
-0.91485
-0.92223
-0.91009
-0.91413
-0.91008
-0.91009
-0.91009
-0.90119
-0.90119
-0.90934
-0.90992
-0.9068
-0.91242
-0.91258
-0.91156
-0.91156
-0.92297
-0.91911
-0.92033
-0.91172
-0.91525
-0.91083
-0.91082
-0.91083
-0.91082
-0.90806
-0.89479
-0.89334
0
0
32.305
0
0
0
0
0
0
0
0
0
0
0
0
0
0
0
0
0
0
0
0
0
0
-1.2971
0
0
0
0
0
0
0
0
0
0
0
0
0
0
0
0
0
0
0
0
0
0
0
0
0
0
0
0
0
0
0
0
0
0
0
0
0
0
0
0
0
0
0
0
0
0
-0.90447
-0.912
-0.91169
-0.90391
-0.9013
-0.90105
-0.90202
-0.90927
-0.89739
-0.90141
-0.89737
-0.89739
-0.89739
-0.88872
-0.88872
-0.89665
-0.89716
-0.89477
-0.89971
-0.90009
-0.89877
-0.89877
-0.91017
-0.90639
-0.90775
-0.89937
-0.90247
-0.89858
-0.89858
-0.89859
-0.89858
-0.89655
-0.88289
-0.88334
0
0
0
30.5833
0
0
0
0
0
0
0
0
0
0
0
0
0
0
0
0
0
0
0
0
0
0
0
0
0
0
0
0
0
0
0
0
0
0
0
0
0
0
0
0
0
0
0
0
0
0
0
0
0
0
0
0
0
0
0
0
0
0
0
0
0
0
0
0
0
0
0
0
-0.91978
-0.92359
-0.92555
-0.92169
-0.91849
-0.91796
-0.91949
-0.92465
-0.91448
-0.91841
-0.91448
-0.91449
-0.91449
-0.90528
-0.90527
-0.91334
-0.91396
-0.91014
-0.91426
-0.91349
-0.91798
-0.91798
-0.92249
-0.92108
-0.92263
-0.9137
-0.91784
-0.92393
-0.92393
-0.92394
-0.92393
0
0
0
0
0
0
0
39.825
0
0
0
0
0
0
0
0
0
0
0
0
0
0
0
0
0
0
0
0
0
0
0
0
0
0
0
0
0
0
0
0
0
0
0
0
0
0
0
0
0
-3.7909
0
0
-3.7906
0
0
0
0
0
0
0
0
0
0
0
0
0
0
0
0
0
0
-3.7908
0
0
0
-0.90446
-0.912
-0.91169
-0.9039
-0.90129
-0.90104
-0.90202
-0.90926
-0.89738
-0.90141
-0.89737
-0.89738
-0.89738
-0.88872
-0.88872
-0.89664
-0.89716
-0.89477
-0.8997
-0.90009
-0.89877
-0.89877
-0.91017
-0.90639
-0.90774
-0.89936
-0.90246
-0.89857
-0.89857
-0.89859
-0.89858
-0.89655
-0.88289
-0.88334
0
0
0
0
0
30.5831
0
0
0
0
0
0
0
0
0
0
0
0
0
0
0
0
0
0
0
0
0
0
0
0
0
0
0
0
0
0
0
0
0
0
0
0
0
0
0
0
0
0
0
0
0
0
0
0
0
0
0
0
0
0
0
0
0
0
0
0
0
0
0
0
0
0
-0.90445
-0.912
-0.91168
-0.9039
-0.90129
-0.90104
-0.90202
-0.90926
-0.89737
-0.9014
-0.89736
-0.89738
-0.89738
-0.88872
-0.88871
-0.89664
-0.89715
-0.89476
-0.8997
-0.90008
-0.89876
-0.89876
-0.91016
-0.90638
-0.90773
-0.89936
-0.90246
-0.89857
-0.89857
-0.89857
-0.89857
-0.89655
-0.88288
-0.88333
0
0
0
0
0
0
30.5829
0
0
0
0
0
0
0
0
0
0
0
0
0
0
0
0
0
0
0
0
0
0
0
0
0
0
0
0
0
0
0
0
0
0
0
0
0
0
0
0
0
0
0
0
0
0
0
0
0
0
0
0
0
0
0
0
0
0
0
0
0
0
0
0
0
-0.91215
-0.91906
-0.91909
-0.91205
-0.9093
-0.90902
-0.91011
-0.917
-0.90537
-0.90938
-0.90537
-0.90538
-0.90537
-0.8966
-0.8966
-0.90465
-0.90519
-0.90256
-0.90733
-0.90767
-0.90692
-0.90692
-0.91764
-0.91424
-0.91559
-0.90722
-0.91075
-0.90644
-0.90643
-0.90644
-0.90643
0
-0.89064
0
0
0
0
0
0
0
0
31.2495
0
0
0
0
0
0
0
0
0
0
0
0
0
0
0
0
0
0
0
0
0
0
0
0
0
0
0
0
0
0
0
0
0
0
0
0
0
0
0
0
0
0
0
0
0
0
0
0
0
0
0
0
-2.1945
0
0
0
0
0
0
0
0
0
0
0
-0.91647
-0.92371
-0.92355
-0.91626
-0.91335
-0.91316
-0.91414
-0.92131
-0.90936
-0.91351
-0.90936
-0.90937
-0.90937
-0.90041
-0.90041
-0.90862
-0.90919
-0.90676
-0.91148
-0.91203
-0.91075
-0.91074
0
0
0
0
0
0
0
0
0
0
0
0
0
0
0
0
0
0
0
0
21.5242
0
0
0
0
0
0
0
0
0
0
0
0
0
0
0
0
0
0
0
0
0
0
0
0
0
0
0
0
0
0
0
0
0
0
0
0
0
0
0
0
0
0
0
0
0
0
0
0
0
-1.4609
0
0
0
0
0
0
0
0
0
0
0
0
0
-0.93027
-0.9376
-0.93746
-0.93005
-0.92714
-0.92695
-0.92797
-0.93517
-0.92312
-0.92729
-0.92311
-0.92312
-0.92312
-0.91401
-0.91401
-0.92235
-0.92293
-0.92042
-0.92522
-0.92578
-0.92452
-0.92452
0
0
0
0
0
0
0
0
0
0
0
0
0
0
0
0
0
0
0
0
0
22.1324
0
0
0
0
0
0
0
0
0
0
0
0
0
0
0
0
0
0
0
0
0
0
0
0
0
0
0
0
0
0
0
0
0
0
0
0
0
0
0
0
0
0
0
0
0
0
-1.7663
0
0
0
0
0
0
0
0
0
0
0
0
0
0
0
-0.94291
-0.9503
-0.95019
-0.9427
-0.93978
-0.93959
-0.94064
-0.94787
-0.9357
-0.93992
-0.93569
-0.9357
-0.9357
-0.92648
-0.92648
-0.93491
-0.9355
-0.93291
-0.93778
-0.93834
-0.93708
-0.93708
0
0
0
0
0
0
0
0
0
0
0
0
0
0
0
0
0
0
0
0
0
0
22.596
0
0
0
0
0
0
0
0
0
0
0
0
0
0
0
0
0
0
0
0
0
0
0
0
0
0
0
0
0
0
0
0
0
0
0
0
0
0
0
0
0
0
0
0
0
0
0
0
0
0
0
0
0
0
-1.9528
0
0
0
0
0
0
-0.93687
-0.94511
-0.94458
-0.93608
-0.93336
-0.93315
-0.93409
-0.94196
-0.92926
-0.93351
-0.92926
-0.92927
-0.92926
-0.92012
-0.92012
-0.92855
-0.92911
-0.92693
-0.93203
-0.93272
-0.93091
-0.93091
0
0
0
0
0
0
0
0
0
0
0
0
0
0
0
0
0
0
0
0
0
0
0
20.5072
0
0
0
0
0
0
0
0
0
0
0
0
0
0
0
0
0
0
0
0
0
0
0
0
0
0
0
0
0
0
0
0
0
0
0
0
0
0
0
0
0
0
0
0
0
0
0
0
0
0
0
0
0
0
0
0
0
0
0
0
-0.9333
-0.94055
-0.94044
-0.93314
-0.93024
-0.93004
-0.93107
-0.93823
-0.92617
-0.93037
-0.92616
-0.92617
-0.92617
-0.91701
-0.91701
-0.92544
-0.92604
-0.92343
-0.92822
0
0
0
0
0
0
0
0
0
0
0
0
0
0
0
0
0
0
0
0
0
0
0
0
0
0
0
19.7171
0
0
0
0
0
0
0
0
0
0
0
0
0
0
0
0
0
0
0
0
0
0
0
0
0
0
0
0
0
0
0
0
0
0
0
0
0
0
0
0
0
0
0
0
0
0
0
0
0
0
0
0
0
0
0
0
0
-2.0679
0
-0.9295
-0.93502
-0.93502
-0.92902
-0.92605
-0.92601
-0.92716
-0.93301
-0.92212
-0.92648
-0.92211
-0.92213
-0.92212
-0.91295
-0.91295
-0.92116
-0.92187
0
0
0
0
0
0
0
0
0
0
0
0
0
0
0
0
0
0
0
0
0
0
0
0
0
0
0
0
0
0
19.094
0
0
0
0
0
0
0
0
0
0
0
0
0
0
0
0
0
-1.1254
0
0
0
0
0
-2.244
0
0
0
0
0
0
0
0
0
0
0
0
0
0
0
0
0
0
0
0
0
0
0
0
0
0
0
0
0
0
0
0
0
0
-0.93683
-0.94518
-0.94455
-0.9359
-0.93322
-0.93303
-0.93393
-0.94201
-0.92914
-0.93341
-0.92914
-0.92915
-0.92915
-0.92003
-0.92003
-0.92874
-0.92935
-0.92732
-0.93235
0
0
0
0
0
0
0
0
0
0
0
0
0
0
0
0
0
0
0
0
0
0
0
0
0
0
0
0
0
17.7125
0
0
0
0
0
0
0
0
0
0
0
0
0
0
0
0
0
0
0
0
0
0
0
0
0
0
0
0
0
0
0
0
0
0
0
0
0
0
0
0
0
0
0
0
0
0
0
0
0
0
0
0
0
0
0
0
0
-0.93685
-0.9452
-0.94457
-0.93593
-0.93324
-0.93305
-0.93395
-0.94203
-0.92917
-0.93344
-0.92916
-0.92918
-0.92917
-0.92005
-0.92005
-0.92877
-0.92937
-0.92735
-0.93237
0
0
0
0
0
0
0
0
0
0
0
0
0
0
0
0
0
0
0
0
0
0
0
0
0
0
0
0
0
0
17.7129
0
0
0
0
0
0
0
0
0
0
0
0
0
0
0
0
0
0
0
0
0
0
0
0
0
0
0
0
0
0
0
0
0
0
0
0
0
0
0
0
0
0
0
0
0
0
0
0
0
0
0
0
0
0
0
0
-0.93681
-0.94516
-0.94454
-0.93588
-0.9332
-0.93302
-0.93391
-0.94199
-0.92913
-0.9334
-0.92912
-0.92913
-0.92913
-0.92001
-0.92001
-0.92873
-0.92934
-0.92731
-0.93233
0
0
0
0
0
0
0
0
0
0
0
0
0
0
0
0
0
0
0
0
0
0
0
0
0
0
0
0
0
0
0
17.7122
0
0
0
0
0
0
0
0
0
0
0
0
0
0
0
0
0
0
0
0
0
0
0
0
0
0
0
0
0
0
0
0
0
0
0
0
0
0
0
0
0
0
0
0
0
0
0
0
0
0
0
0
0
0
0
-0.87418
-0.88199
-0.88141
-0.87371
-0.87123
-0.87111
-0.872
-0.8788
-0.86764
-0.87135
-0.86763
-0.86765
-0.86764
-0.85938
-0.85938
-0.86707
-0.86766
0
0
0
0
0
0
0
0
0
0
0
0
0
0
0
0
0
0
0
0
0
0
0
0
0
0
0
0
0
0
0
0
0
0
16.041
0
0
0
0
0
0
0
0
0
0
0
0
0
0
0
0
0
0
0
0
0
0
0
0
-1.2412
0
0
0
0
0
0
0
0
0
0
0
0
0
0
0
0
0
0
0
0
0
0
0
0
0
0
0
0
0
-0.88939
-0.89738
-0.89671
-0.88825
-0.88573
-0.88555
-0.88635
-0.89398
-0.88195
-0.88596
-0.88195
-0.88196
-0.88196
-0.87354
-0.87354
-0.88123
-0.88182
0
0
0
0
0
0
0
0
0
0
0
0
0
0
0
0
0
0
0
0
0
0
0
0
0
0
0
0
0
0
0
0
0
0
0
15.0472
0
0
0
0
0
0
0
0
0
0
0
0
0
0
0
0
0
0
0
0
0
0
0
0
0
0
0
0
0
0
0
0
0
0
0
0
0
0
0
0
0
0
0
0
0
0
0
0
0
0
0
0
0
-0.97328
-0.97905
-0.98145
-0.97347
-0.97038
-0.96838
-0.97133
-0.97871
-0.966
-0.97014
-0.96599
-0.966
-0.966
-0.95614
-0.95615
-0.96473
0
0
0
0
0
0
0
0
0
0
0
0
0
0
0
0
0
0
0
0
0
0
0
0
0
0
0
0
0
0
0
0
0
0
0
0
0
18.0814
0
0
0
0
0
0
0
0
0
-2.5742
0
0
0
0
0
0
0
0
0
0
0
0
0
0
0
0
0
0
0
0
0
0
0
0
0
0
0
0
0
0
0
0
0
0
0
0
0
0
0
0
0
0
-0.92229
-0.92929
-0.9291
-0.92244
-0.91945
-0.9175
-0.92043
0
-0.91558
-0.91966
-0.91557
-0.91559
-0.91558
-0.90658
-0.90658
0
0
0
0
0
0
0
0
0
0
0
0
0
0
0
0
0
0
0
0
0
0
0
0
0
0
0
0
0
0
0
0
0
0
0
0
0
0
0
16.6442
0
0
0
0
-1.2356
0
0
0
0
0
0
0
0
0
0
0
0
0
0
0
0
0
0
0
0
0
0
0
0
0
0
0
0
0
0
0
0
0
0
0
0
0
0
0
0
-2.5529
0
0
0
0
0
-0.90801
-0.91441
-0.91452
-0.90813
-0.90524
-0.90505
-0.90607
-0.91248
-0.90133
-0.90542
-0.90133
-0.90134
-0.90134
-0.89262
-0.89262
0
0
0
0
0
0
0
0
0
0
0
0
0
0
0
0
0
0
0
0
0
0
0
0
0
0
0
0
0
0
0
0
0
0
0
0
0
0
0
0
16.3098
0
0
0
0
0
0
0
0
0
0
0
0
0
0
0
0
0
0
0
0
0
0
0
0
0
0
0
0
0
0
0
0
0
0
0
-2.7399
0
0
0
0
0
0
0
0
0
0
0
0
0
0
-0.90716
-0.91553
-0.91477
-0.90587
-0.90331
-0.90315
-0.90393
-0.9119
-0.89943
-0.90353
-0.89942
-0.89943
-0.89943
-0.89075
-0.89075
0
0
0
0
0
0
0
0
0
0
0
0
0
0
0
0
0
0
0
0
0
0
0
0
0
0
0
0
0
0
0
0
0
0
0
0
0
0
0
0
0
13.5484
0
0
0
0
0
0
0
0
0
0
0
0
0
0
0
0
0
0
0
0
0
0
0
0
0
0
0
0
0
0
0
0
0
0
0
0
0
0
0
0
0
0
0
0
0
0
0
0
0
-0.97768
-0.98701
-0.98606
-0.97611
-0.97341
-0.97346
-0.97421
0
-0.96933
0
-0.96932
-0.96934
-0.96933
0
0
0
0
0
0
0
0
0
0
0
0
0
0
0
0
0
0
0
0
0
0
0
0
0
0
0
0
0
0
0
0
0
0
0
0
0
0
0
0
0
0
0
0
11.0809
0
0
0
0
0
0
0
0
0
0
0
0
0
0
0
0
0
0
0
0
0
0
0
0
0
0
0
-0.35563
0
0
0
0
0
0
0
0
0
0
0
0
0
0
0
0
0
0
0
0
-1.0192
0
0
0
0
0
0
0
0
-1.0233
0
0
0
0
0
0
0
0
0
0
0
0
0
0
0
0
0
0
0
0
0
0
0
0
0
0
0
0
0
0
0
0
0
0
0
0
0
0
0
0
0
0
0
0
0
0
0
0
8.6348
0
0
0
-1.3518
0
0
0
-1.3698
0
0
0
0
0
0
-1.899
-1.9717
0
0
0
0
0
0
0
0
0
0
0
0
0
0
0
0
0
0
0
0
0
0
0
0
0
0
0
0
0
0
0
0
0
0
0
0
-1.3115
0
0
0
0
0
0
0
0
0
0
0
0
0
0
0
0
0
0
0
0
0
0
0
0
0
0
0
0
0
0
-1.2971
0
0
0
0
0
0
0
0
0
0
0
0
0
0
0
0
0
-1.2356
0
0
0
0
7.5589
0
0
0
-1.995
0
0
0
-1.7196
0
0
0
0
0
0
0
0
0
0
0
0
0
0
0
0
0
0
0
0
0
0
0
0
0
0
0
0
0
0
0
0
0
0
0
0
0
0
-1.3344
0
0
-1.3199
-1.3223
-1.3222
-1.3218
0
0
0
0
0
0
0
0
0
0
0
0
0
0
0
0
0
0
0
0
0
0
0
0
0
0
0
0
0
0
0
0
0
0
0
0
0
0
0
0
0
0
0
0
0
0
0
0
0
0
0
0
0
6.6207
0
0
0
0
0
0
0
0
0
0
0
0
0
0
0
0
0
0
0
0
0
0
0
0
0
0
0
0
0
0
0
0
0
0
0
0
0
0
0
0
0
0
0
0
0
0
0
0
0
0
0
0
0
0
0
0
0
0
0
0
0
0
0
0
0
0
0
0
0
0
0
0
0
0
0
0
0
0
0
0
0
0
0
0
0
0
0
0
0
0
0
0
0
0
0
0
0
0
0
0
0
0
0
0
0
0
6.7191
0
0
-1.5075
0
0
0
0
0
-1.7962
0
0
0
0
-1.7974
-1.6179
0
0
0
0
0
0
0
0
0
0
0
0
0
0
0
0
0
0
0
0
0
0
0
0
0
0
0
0
0
-1.424
0
0
0
0
0
0
0
0
0
0
0
0
0
0
0
0
0
0
0
0
0
0
-1.4208
0
0
0
0
0
0
0
0
0
0
0
0
0
0
0
0
0
0
0
0
0
0
0
0
0
0
0
0
0
0
0
0
0
0
-1.3518
0
0
0
6.2501
0
0
0
0
0
0
0
0
-2.0535
0
0
0
0
0
0
0
0
0
0
0
0
0
0
0
0
0
0
0
0
0
0
0
0
0
0
0
0
0
0
0
0
0
0
0
0
0
0
0
0
0
0
0
0
0
0
0
0
0
0
0
0
0
0
0
0
0
0
0
0
0
0
0
0
0
0
0
0
0
0
0
0
0
0
0
0
0
0
0
0
0
0
0
0
0
0
0
-2.5742
0
0
0
0
0
-1.995
0
0
0
6.092
0
0
0
0
0
0
0
0
-1.5228
0
0
0
0
0
0
0
0
0
0
0
0
0
0
0
0
0
0
0
0
0
0
0
0
0
0
0
0
0
0
0
0
0
0
0
0
0
0
0
0
0
0
0
0
0
0
0
0
0
0
0
0
0
0
0
0
0
0
0
0
0
0
0
0
-2.0648
0
0
0
0
0
0
0
0
0
0
0
0
0
0
0
0
0
0
0
0
0
0
0
0
0
0
0
0
0
-1.5075
0
0
5.6348
0
0
0
0
-2.0624
0
0
0
0
0
0
0
0
0
0
0
0
0
0
0
0
0
0
0
0
0
0
0
0
0
0
0
0
0
0
0
0
0
0
0
0
0
0
0
0
0
0
0
0
0
0
0
0
0
0
0
0
0
0
0
0
0
0
0
0
0
0
0
0
0
0
0
0
0
0
0
0
0
0
0
0
0
0
0
0
0
0
0
-1.1254
0
0
0
0
0
0
0
0
0
0
0
0
0
0
0
0
0
5.6341
0
-2.0178
0
0
0
0
0
0
0
0
0
0
0
-2.4909
0
0
0
0
0
0
0
0
0
0
0
0
0
0
0
0
0
0
0
0
0
0
0
0
0
0
0
-0.99143
0
0
0
0
0
0
0
0
0
0
0
0
0
0
0
0
0
0
0
0
0
0
0
0
0
0
0
0
0
0
0
0
0
0
0
0
0
0
0
0
0
0
0
0
0
0
0
0
0
0
0
0
0
0
0
0
-1.3698
0
0
0
0
0
0
0
4.6246
0
0
0
0
0
0
0
0
0
0
0
0
0
0
0
0
0
0
0
0
0
0
0
0
0
0
0
0
0
0
-2.2634
0
0
0
0
0
0
0
0
0
0
0
0
0
0
0
0
0
0
0
0
0
0
0
0
0
-1.8585
0
0
0
0
0
0
0
0
0
0
0
0
0
0
0
0
0
0
0
0
0
0
0
0
0
0
0
0
0
0
0
0
0
0
0
0
0
0
0
0
0
-1.7196
0
0
0
0
0
-2.0178
0
5.5959
0
0
0
0
0
0
0
0
0
0
0
0
0
0
0
0
0
0
0
0
0
0
0
0
0
0
0
0
0
0
0
0
0
0
0
0
0
0
0
0
0
-1.7059
0
0
0
0
0
0
0
0
0
0
0
0
0
0
0
0
0
0
0
0
0
0
-1.6878
0
0
0
0
0
0
0
0
0
0
0
0
0
0
0
0
0
0
0
0
0
0
0
0
0
0
0
0
0
0
0
0
0
0
0
0
0
0
0
0
0
5.6206
0
0
0
0
0
0
0
0
0
0
0
0
0
0
0
0
0
0
0
-2.2269
0
0
0
0
0
0
0
0
0
0
0
0
0
0
0
0
0
0
0
0
0
0
0
0
0
0
0
0
0
0
0
0
0
0
0
0
0
0
0
0
0
0
0
0
0
0
0
0
0
0
0
0
0
0
0
0
0
0
0
0
0
0
0
0
0
0
0
0
0
0
0
0
0
0
0
0
0
0
0
0
0
-2.0624
0
0
0
0
4.7734
0
0
0
-2.711
0
0
0
0
0
0
0
0
0
0
0
0
0
0
0
0
0
0
0
0
0
0
0
0
0
0
0
0
0
0
0
0
0
0
0
0
0
0
0
-1.5391
0
0
0
0
0
0
0
0
0
0
0
0
0
0
0
0
0
0
0
0
0
0
0
0
0
0
0
0
0
0
0
0
0
0
0
0
0
0
0
0
0
0
0
0
0
0
0
0
0
0
0
0
0
-1.7962
0
0
0
0
0
0
0
0
3.3354
0
0
0
0
0
0
0
0
0
0
0
0
0
0
0
0
0
0
0
0
0
0
0
0
0
0
0
0
0
0
0
0
0
0
0
0
0
0
0
0
0
0
0
0
0
0
0
0
0
0
0
0
0
0
0
0
0
0
0
0
0
0
0
0
0
0
0
0
0
0
0
0
0
0
0
0
0
0
0
0
0
0
-2.244
0
0
0
0
0
0
0
0
0
0
0
0
0
0
-2.0535
0
0
0
0
0
0
0
0
4.2975
0
0
0
0
0
0
0
0
0
0
0
0
0
0
0
0
0
0
0
0
0
0
0
0
0
0
0
0
0
0
0
0
0
0
0
-3.8953
0
0
0
0
0
0
0
0
0
0
0
0
0
0
0
0
0
0
0
0
0
0
0
0
0
0
0
0
0
0
0
0
0
0
0
0
0
0
0
0
0
0
0
0
0
0
0
0
0
0
0
0
0
0
0
0
0
0
0
0
0
-1.5228
0
0
0
0
0
0
0
0
5.4181
0
0
0
0
0
0
0
0
0
0
0
0
0
0
0
0
0
0
0
0
0
0
0
0
0
0
0
0
0
0
0
0
0
0
0
0
0
0
0
0
0
0
0
0
0
0
0
0
0
0
0
0
0
0
0
0
0
0
0
0
0
0
0
0
0
0
0
0
0
0
0
0
0
0
0
0
0
0
0
0
0
0
0
0
0
0
0
0
0
0
0
-1.899
0
0
0
0
0
0
0
0
0
0
-2.711
0
0
0
4.61
0
0
0
0
0
0
0
0
0
0
0
0
0
0
0
0
0
0
0
0
0
0
0
0
0
0
0
0
0
0
0
0
0
0
0
0
0
0
0
0
0
0
0
0
0
0
0
0
0
0
0
0
0
0
0
0
-2.1131
0
0
0
0
0
0
0
0
0
0
0
0
0
0
0
0
0
0
0
0
0
0
0
0
0
0
0
0
0
0
0
0
0
-1.9717
0
0
0
0
0
0
0
0
0
0
0
0
0
0
0
4.0848
0
0
0
0
0
0
0
0
0
0
0
0
0
0
0
0
0
0
0
0
0
0
0
0
0
0
0
0
0
0
0
0
0
0
0
-1.5125
0
0
0
0
0
0
0
0
0
0
0
0
0
0
0
0
0
0
0
0
0
0
0
0
0
0
0
0
0
0
0
0
0
0
0
0
0
0
0
0
0
0
0
0
0
0
0
0
0
0
0
0
0
0
0
0
-1.7974
0
0
0
0
0
0
0
0
0
0
0
0
0
3.3099
0
0
0
0
0
0
0
0
0
0
0
0
0
0
0
0
0
0
0
0
0
0
0
0
0
0
0
0
0
0
0
0
0
0
0
0
0
0
0
0
0
0
0
0
0
0
0
0
0
0
0
0
0
0
0
0
0
0
0
0
0
0
0
0
0
0
0
0
0
0
0
0
0
0
0
0
0
0
0
0
0
-1.2412
0
0
0
0
0
0
0
0
0
-1.6179
0
0
0
0
0
0
0
0
0
0
0
0
0
0
2.8591
0
0
0
0
0
0
0
0
0
0
0
0
0
0
0
0
0
0
0
0
0
0
0
0
0
0
0
0
0
0
0
0
0
0
0
0
0
0
0
0
0
0
0
0
0
0
0
0
0
0
0
-4.322
0
0
0
0
0
0
0
0
0
0
0
0
0
0
0
0
0
0
0
0
0
0
0
0
0
0
0
0
0
0
0
0
0
0
0
0
0
0
0
0
0
0
0
0
0
0
0
0
0
0
0
0
0
0
4.322
0
0
0
0
0
0
0
0
0
0
0
0
0
0
0
0
0
0
0
0
0
0
0
0
0
0
0
0
0
0
0
0
0
0
0
0
0
0
0
0
0
0
0
0
0
0
0
0
0
0
0
-3.7526
0
0
0
0
0
0
0
0
0
0
0
0
0
0
0
0
0
0
0
0
0
0
0
0
0
0
0
0
0
0
0
0
0
0
0
0
0
0
0
0
0
0
0
0
0
0
0
0
0
0
0
0
0
0
3.7526
0
0
0
0
0
0
0
0
0
0
0
0
0
0
0
0
0
0
0
0
0
0
0
0
0
0
0
0
0
0
0
0
0
0
0
0
0
0
0
0
0
0
0
0
0
0
0
0
0
0
0
0
0
0
0
0
0
0
0
0
0
0
0
0
0
0
0
0
0
0
0
0
0
0
0
0
0
0
0
0
0
0
0
0
0
0
0
0
0
0
0
0
-2.4909
0
0
0
0
0
0
0
0
0
0
0
0
0
2.4909
0
0
0
0
0
0
0
0
0
0
0
0
0
0
0
0
0
0
0
0
0
0
0
0
0
0
0
0
0
0
0
0
0
0
0
0
0
0
0
0
0
0
0
0
0
0
0
0
0
0
0
0
0
0
0
0
0
0
0
0
0
0
0
0
-3.7909
0
0
0
0
0
0
0
0
0
0
0
0
0
0
0
0
0
0
0
0
0
0
0
0
0
0
0
0
0
0
0
0
0
0
0
0
0
0
0
0
0
3.7909
0
0
0
0
0
0
0
0
0
0
0
0
0
0
0
0
0
0
0
0
0
0
0
0
0
0
0
0
0
0
0
0
0
0
0
0
0
0
0
0
0
0
0
0
-4.2941
0
0
0
0
0
0
0
0
0
0
0
0
0
0
0
0
0
0
0
0
0
0
0
0
0
0
0
0
0
0
0
0
0
0
0
0
0
0
0
0
0
0
0
0
0
0
0
0
0
0
0
0
0
0
0
0
0
0
0
0
0
4.2941
0
0
0
0
0
0
0
0
0
0
0
0
0
0
0
0
0
0
0
0
0
0
0
0
0
0
0
0
0
0
0
0
0
0
0
0
0
0
0
0
0
0
0
0
0
0
0
0
0
0
0
0
0
0
0
0
0
0
0
-2.6557
0
0
0
0
0
0
0
0
0
0
0
0
0
0
0
0
0
0
0
0
0
0
0
0
0
0
0
0
0
0
0
0
0
0
0
0
0
0
0
0
0
0
0
0
0
0
2.6557
0
0
0
0
0
0
0
0
0
0
0
0
0
0
0
0
0
0
0
0
0
0
0
0
0
0
0
0
0
0
0
0
0
0
0
0
0
0
0
0
0
0
0
0
0
0
0
0
0
0
0
0
0
0
0
0
0
0
0
0
0
-3.7906
0
0
0
0
0
0
0
0
0
0
0
0
0
0
0
0
0
0
0
0
0
0
0
0
0
0
0
0
0
0
0
0
0
0
0
0
0
0
0
0
0
0
0
0
3.7906
0
0
0
0
0
0
0
0
0
0
0
0
0
0
0
0
0
0
0
0
0
0
0
0
0
0
0
0
0
0
0
0
0
0
0
0
0
0
0
0
0
0
0
0
0
0
0
-3.1309
0
0
0
0
0
0
0
0
0
0
0
0
0
0
0
0
0
0
0
0
0
0
0
0
0
0
0
0
0
0
0
0
0
0
0
0
0
0
0
0
0
0
0
0
0
0
0
0
0
0
0
0
0
0
0
0
0
0
3.1309
0
0
0
0
0
0
0
0
0
0
0
0
0
0
0
0
0
0
0
0
0
0
0
0
0
0
0
0
0
0
0
0
0
0
0
0
0
0
0
0
0
0
0
0
0
0
0
0
0
0
0
0
0
0
0
0
0
0
0
0
0
0
0
0
0
0
0
0
0
0
0
0
0
0
0
0
0
0
-0.35563
0
0
0
0
0
0
0
0
0
0
0
0
0
0
0
0
0
0
0
0
0
0
0
0
0
0
0
0.35563
0
0
0
0
0
0
0
0
0
0
0
0
0
0
0
0
0
0
0
0
0
0
-5.1097
0
0
0
0
0
0
0
0
0
0
0
0
0
0
0
0
0
0
0
0
0
0
0
0
0
0
0
0
0
0
0
0
0
0
0
0
0
0
0
0
0
0
0
0
0
0
0
0
0
0
0
0
0
0
0
0
0
0
0
0
0
0
0
0
0
0
0
0
0
0
0
0
0
0
0
0
0
0
0
0
0
0
0
5.1097
0
0
0
0
0
0
0
0
0
0
0
0
0
0
0
0
0
0
0
0
0
0
0
0
0
0
-5.2881
0
0
0
0
0
0
0
0
0
0
0
0
0
0
0
0
0
0
0
0
0
0
0
0
0
0
0
0
0
0
0
0
0
0
0
0
0
0
0
0
0
0
0
0
0
0
0
0
0
0
0
0
0
0
0
0
0
0
0
0
0
0
0
0
0
0
0
0
0
0
0
0
0
0
0
0
0
0
0
5.2881
0
0
0
0
0
0
0
0
0
0
0
0
0
0
0
0
0
0
0
0
0
0
0
0
0
0
0
0
0
0
0
0
0
0
0
0
0
0
0
0
0
0
0
0
0
0
0
0
0
0
0
0
0
0
0
0
0
0
0
0
0
0
0
0
0
0
0
0
0
0
0
0
0
0
0
0
0
0
0
0
0
0
0
0
0
0
-2.2269
0
0
0
0
0
0
0
0
0
0
0
0
0
0
0
0
0
0
0
2.2269
0
0
0
0
0
0
0
0
0
0
0
0
0
0
0
0
0
0
0
0
0
0
0
0
0
0
0
0
0
0
0
0
0
0
0
0
0
0
0
0
0
0
0
0
0
0
0
0
0
0
0
-2.6555
0
0
0
0
0
0
0
0
0
0
0
0
0
0
0
0
0
0
0
0
0
0
0
0
0
0
0
0
0
0
0
0
0
0
0
0
0
0
0
0
0
0
0
0
0
0
0
0
0
0
0
0
0
0
2.6555
0
0
0
0
0
0
0
0
0
0
0
0
0
0
0
0
0
0
0
0
0
0
0
0
0
0
0
0
0
0
0
0
0
0
0
0
0
0
0
0
0
0
0
0
0
0
0
0
0
0
0
0
0
0
0
0
0
0
0
-1.7663
0
0
0
0
0
0
0
0
0
0
0
0
0
0
0
0
0
0
0
0
0
0
0
0
0
0
0
0
0
0
0
0
0
0
0
0
0
0
0
0
0
0
0
0
0
0
1.7663
0
0
0
0
0
0
0
0
0
0
0
0
0
0
0
0
0
0
0
0
0
0
0
0
0
0
0
0
0
0
0
0
0
0
0
0
0
0
0
0
0
0
0
0
0
0
0
0
0
0
0
0
0
0
0
0
0
0
0
0
0
0
0
0
0
0
0
0
0
0
-2.7399
0
0
0
0
0
0
0
0
0
0
0
0
0
0
0
0
0
0
0
0
0
0
0
0
0
0
0
0
0
0
0
0
0
0
0
2.7399
0
0
0
0
0
0
0
0
0
0
0
0
0
0
0
0
0
0
0
0
0
0
0
0
0
0
0
0
0
0
0
0
0
0
0
0
0
0
0
0
0
0
0
0
0
0
0
0
0
0
0
0
0
0
0
0
-1.4609
0
0
0
0
0
0
0
0
0
0
0
0
0
0
0
0
0
0
0
0
0
0
0
0
0
0
0
0
0
0
0
0
0
0
0
0
0
0
0
0
0
0
0
0
0
0
0
0
0
1.4609
0
0
0
0
0
0
0
0
0
0
0
0
0
0
-5.2118
0
0
0
0
0
0
0
0
0
0
0
0
0
0
0
0
0
0
0
0
0
0
0
0
0
0
0
0
0
0
0
0
0
0
0
0
0
0
0
0
0
0
0
0
0
0
0
0
0
0
0
0
0
0
0
0
0
0
0
0
0
0
0
0
0
0
0
0
0
0
0
0
0
0
0
0
0
0
0
0
0
0
0
0
0
0
0
0
0
0
0
5.2118
0
0
0
0
0
0
0
0
0
0
0
0
0
0
0
0
0
0
0
0
0
0
0
0
0
0
0
0
0
0
0
0
0
0
0
0
0
0
0
0
0
0
0
0
0
0
0
0
0
0
0
0
0
-2.1945
0
0
0
0
0
0
0
0
0
0
0
0
0
0
0
0
0
0
0
0
0
0
0
0
0
0
0
0
0
0
0
0
0
0
0
0
0
0
0
0
0
0
0
0
0
0
0
0
0
0
0
0
2.1945
0
0
0
0
0
0
0
0
0
0
0
0
0
0
0
0
0
0
0
0
0
0
0
0
0
0
0
0
0
0
0
0
0
-4.322
0
0
0
0
0
0
0
0
0
0
0
0
0
0
0
0
0
0
0
0
0
0
0
0
0
0
0
0
0
0
0
0
0
0
0
0
0
0
0
0
0
0
0
0
0
0
0
0
0
0
0
0
0
0
0
0
0
0
0
0
0
0
0
0
0
0
0
0
0
0
0
0
4.322
0
0
0
0
0
0
0
0
0
0
-5.3584
0
0
0
0
0
0
0
0
0
0
0
0
0
0
0
0
0
0
0
0
0
0
0
0
0
0
0
0
0
0
0
0
0
0
0
0
0
0
0
0
0
0
0
0
0
0
0
0
0
0
0
0
0
0
0
0
0
0
0
0
0
0
0
0
0
0
0
0
0
0
0
0
0
0
0
0
0
0
0
0
0
0
0
0
0
0
0
0
0
0
0
0
0
0
0
5.3584
0
0
0
0
0
0
0
0
0
0
0
0
0
0
0
0
0
0
0
0
0
0
0
0
0
0
0
0
0
0
0
0
0
0
0
0
0
0
0
0
0
0
0
0
0
0
0
0
0
0
0
0
0
0
0
0
0
0
0
0
0
0
0
0
0
0
0
0
0
0
0
0
0
0
0
-2.2634
0
0
0
0
0
0
0
0
0
0
0
0
0
0
0
0
0
0
0
0
0
0
0
0
0
0
0
0
0
0
2.2634
0
0
0
0
0
0
0
0
0
0
0
0
0
0
0
0
0
0
0
0
0
0
0
0
0
0
0
0
0
0
0
0
-3.6787
0
0
0
0
0
0
0
0
0
0
0
0
0
0
0
0
0
0
0
0
0
0
0
0
0
0
0
0
0
0
0
0
0
0
0
0
0
0
0
0
0
0
0
0
0
0
0
0
0
0
0
0
0
0
0
0
0
0
0
0
0
0
0
0
0
0
0
0
0
0
0
0
0
3.6787
0
0
0
0
0
0
0
0
0
0
0
0
0
0
0
0
0
0
0
0
0
0
0
0
0
0
0
0
0
0
0
0
0
0
0
0
0
0
0
0
0
0
0
0
0
0
0
0
0
0
0
-1.9528
0
0
0
0
0
0
0
0
0
0
0
0
0
0
0
0
0
0
0
0
0
0
0
0
0
0
0
0
0
0
0
0
0
0
0
0
0
0
0
0
0
0
0
0
0
0
0
0
0
0
0
0
0
0
1.9528
0
0
0
0
0
0
0
0
0
0
0
0
0
0
0
0
0
0
0
0
0
0
0
0
0
0
0
0
0
0
0
0
0
0
0
0
0
0
0
0
0
0
0
0
0
0
0
0
0
0
0
0
0
0
0
0
0
0
0
0
-2.5529
0
0
0
0
0
0
0
0
0
0
0
0
0
0
0
0
0
0
0
0
0
0
0
0
0
0
0
0
0
0
0
0
0
0
0
0
0
0
0
0
0
0
0
0
0
2.5529
0
0
0
0
0
0
0
0
0
0
0
0
0
0
0
0
0
0
0
0
0
0
0
-4.6
0
0
0
0
0
0
0
0
0
0
0
0
0
0
0
0
0
0
0
0
0
0
0
0
0
0
0
0
0
0
0
0
0
0
0
0
0
0
0
0
0
0
0
0
0
0
0
0
0
0
0
0
0
0
0
0
0
0
0
0
0
0
0
0
0
0
0
0
0
0
0
0
0
0
0
0
0
0
0
0
0
0
4.6
0
0
0
0
0
0
0
0
0
0
0
0
0
0
0
0
0
0
0
0
0
0
0
0
0
0
0
0
0
0
0
0
0
0
0
0
0
0
0
0
0
0
-3.7908
0
0
0
0
0
0
0
0
0
0
0
0
0
0
0
0
0
0
0
0
0
0
0
0
0
0
0
0
0
0
0
0
0
0
0
0
0
0
0
0
0
0
0
0
0
0
0
0
0
0
0
0
0
0
0
0
0
0
0
0
0
0
0
3.7908
0
0
0
0
0
-5.1097
0
0
0
0
0
0
0
0
0
0
0
0
0
0
0
0
0
0
0
0
0
0
0
0
0
0
0
0
0
0
0
0
0
0
0
0
0
0
0
0
0
0
0
0
0
0
0
0
0
0
0
0
0
0
0
0
0
0
0
0
0
0
0
0
0
0
0
0
0
0
0
0
0
0
0
0
0
0
0
0
0
0
0
0
0
0
0
0
0
0
0
0
0
0
0
0
0
0
0
0
5.1097
0
0
0
0
0
0
0
0
0
0
0
0
0
0
0
0
0
0
0
0
0
0
0
0
0
0
0
0
0
0
0
0
0
0
0
0
0
0
0
0
0
0
0
0
0
0
0
0
-2.0679
0
0
0
0
0
0
0
0
0
0
0
0
0
0
0
0
0
0
0
0
0
0
0
0
0
0
0
0
0
0
0
0
0
0
0
0
0
0
0
0
0
0
0
0
0
0
0
0
0
0
0
0
0
0
0
0
0
2.0679
0
0
-5.2118
0
0
0
0
0
0
0
0
0
0
0
0
0
0
0
0
0
0
0
0
0
0
0
0
0
0
0
0
0
0
0
0
0
0
0
0
0
0
0
0
0
0
0
0
0
0
0
0
0
0
0
0
0
0
0
0
0
0
0
0
0
0
0
0
0
0
0
0
0
0
0
0
0
0
0
0
0
0
0
0
0
0
0
0
0
0
0
0
0
0
0
0
0
0
0
0
0
0
0
0
0
0
0
5.2118
