75.3584
-0.95126
-0.94999
-0.94578
-0.94843
-0.95094
-0.948
-0.95094
-0.94684
-0.94791
-0.95244
-0.95322
-0.95368
-0.9539
-0.95391
-0.94948
-0.94947
-0.94949
-0.94947
-0.94947
-0.94948
-0.94785
-0.94159
-0.94159
-0.94159
-0.94125
-0.94554
-0.95281
-0.95041
-0.94954
-0.95042
-0.94691
-0.94797
-0.95221
-0.95074
-0.95112
-0.95115
-0.9507
-0.94902
-0.94508
-0.94418
-0.95025
-0.95145
-0.94892
-0.94607
-0.95044
-0.95208
-0.95139
-0.9452
-0.94519
-0.94519
-0.93803
-0.95144
-0.94028
-0.95497
-0.96855
-0.95362
-0.95753
-0.95756
-0.96858
0
-0.98421
0
0
0
0
-0.89818
0
0
0
0
0
0
0
0
0
-1.4889
0
0
0
0
0
0
0
0
0
0
0
0
0
0
0
0
0
0
0
0
0
-3.9886
0
0
-3.9887
0
0
0
0
0
0
0
-3.9886
0
0
0
-3.9886
0
-0.95126
60.8635
-0.94662
-0.94248
-0.945
-0.94792
-0.94448
-0.94792
-0.94395
-0.94447
-0.94957
-0.94976
-0.94991
-0.95044
-0.95044
-0.946
-0.94597
-0.94599
-0.94599
-0.94599
-0.94598
-0.94434
-0.93809
-0.93809
-0.9381
-0.93758
-0.94206
-0.94894
-0.94688
-0.94603
-0.94657
-0.94336
-0.94414
-0.94763
-0.94789
-0.94877
-0.94685
-0.94723
-0.94547
-0.94094
-0.94202
-0.94705
-0.94738
-0.94541
-0.94462
-0.94619
-0.94813
-0.94786
-0.94171
-0.94172
-0.94171
-0.93455
-0.94795
-0.9374
-0.95301
-0.96584
-0.9503
-0.95712
-0.9539
-0.96488
0
0
0
0
0
0
0
0
0
0
0
0
0
0
0
-1.4929
0
0
0
0
0
0
0
0
0
0
-1.5694
0
0
0
0
0
0
0
-1.9633
0
0
0
0
0
0
0
0
0
0
0
0
0
0
0
0
0
0
0
0
-0.94999
-0.94662
58.7685
-0.9411
-0.9436
-0.94648
-0.94306
-0.94647
-0.94253
-0.94302
-0.94803
-0.94832
-0.94833
-0.949
-0.949
-0.94458
-0.94458
-0.94457
-0.94457
-0.94457
-0.94458
-0.94293
-0.93667
-0.93668
-0.93667
-0.93612
-0.94062
-0.94753
-0.94539
-0.9446
-0.94501
-0.94193
-0.94237
-0.94744
-0.94648
-0.94732
-0.94595
-0.94574
-0.94399
-0.93943
-0.94085
-0.94558
-0.94659
-0.9439
-0.94332
-0.94519
-0.94639
-0.94639
-0.9402
-0.94021
-0.9402
-0.93304
-0.94641
-0.93555
-0.95169
-0.96461
-0.94865
-0.95762
-0.95218
-0.96308
0
0
0
0
0
-1.2477
0
0
0
0
0
0
0
0
0
0
0
0
0
0
0
0
0
0
0
0
0
0
0
-1.7633
0
0
0
0
0
0
0
0
0
0
0
0
0
0
0
0
0
0
0
0
0
0
0
0
0
-0.94578
-0.94248
-0.9411
56.6036
-0.93939
-0.94227
-0.9388
-0.94227
-0.93833
-0.93893
-0.94367
-0.94419
-0.94428
-0.94489
-0.94488
-0.94043
-0.94042
-0.94042
-0.94042
-0.94042
-0.94042
-0.93872
-0.93254
-0.93254
-0.93254
-0.93198
-0.93643
-0.94328
-0.94127
-0.94043
-0.94098
-0.93777
-0.9385
-0.94325
-0.94232
-0.94311
-0.94181
-0.94155
-0.93981
-0.93526
-0.93663
-0.94141
-0.94248
-0.93969
-0.9393
-0.94057
-0.94251
-0.94215
-0.936
-0.936
-0.93599
-0.92888
-0.94217
-0.93254
-0.94768
-0.96006
-0.94437
-0.95204
-0.94784
-0.95867
-1.0888
0
0
0
0
0
0
0
0
0
0
0
0
0
0
0
0
0
0
0
0
0
0
0
0
0
0
0
0
0
0
0
0
0
0
0
0
0
0
0
0
0
0
0
0
0
0
0
0
0
0
0
0
0
0
-0.94843
-0.945
-0.9436
-0.93939
57.6825
-0.94482
-0.94132
-0.94483
-0.94079
-0.94136
-0.94639
-0.94664
-0.94677
-0.94732
-0.94733
-0.9429
-0.94289
-0.94289
-0.94288
-0.9429
-0.94288
-0.93981
-0.93499
-0.935
-0.93499
-0.93445
-0.93894
-0.94608
-0.94376
-0.9429
-0.94335
-0.94026
-0.94098
-0.9459
-0.94496
-0.94582
-0.94434
-0.94406
-0.94229
-0.93774
-0.93928
-0.94393
-0.94489
-0.94218
-0.94154
-0.94319
-0.94485
-0.94464
-0.93846
-0.93847
-0.93847
-0.93131
-0.94474
-0.93403
-0.95029
-0.96265
-0.94698
-0.95424
-0.95054
-0.96145
0
0
0
0
0
0
0
0
0
0
0
0
0
0
0
0
0
0
0
0
0
-2.0244
0
0
0
0
0
0
0
0
0
0
0
0
0
0
0
0
0
0
0
0
0
0
0
0
0
0
0
0
0
0
0
0
0
-0.95094
-0.94792
-0.94648
-0.94227
-0.94482
59.5081
-0.94427
-0.94776
-0.94368
-0.94426
-0.94924
-0.94956
-0.94979
-0.95025
-0.95025
-0.94578
-0.94578
-0.94579
-0.94578
-0.94579
-0.94579
-0.94423
-0.93788
-0.93789
-0.93789
-0.93744
-0.94184
-0.94906
-0.9467
-0.94583
-0.94656
-0.94317
-0.94398
-0.94895
-0.94786
-0.9486
-0.94717
-0.94699
-0.94522
-0.94061
-0.94199
-0.94678
-0.94779
-0.9451
-0.9445
-0.94586
-0.9481
-0.94755
-0.94137
-0.94137
-0.94137
-0.9342
-0.94757
-0.93781
-0.95272
-0.96531
-0.9497
-0.9564
-0.95326
-0.96417
0
0
0
0
0
0
0
0
0
0
0
0
0
0
0
0
0
0
0
0
0
0
0
0
0
0
0
0
0
0
0
0
0
0
0
0
0
0
0
0
0
0
0
-3.6811
0
0
0
0
0
0
0
0
0
0
0
-0.948
-0.94448
-0.94306
-0.9388
-0.94132
-0.94427
57.4154
-0.94425
-0.94022
-0.94075
-0.94579
-0.94603
-0.94617
-0.94672
-0.94672
-0.94226
-0.94225
-0.94225
-0.94225
-0.94225
-0.94226
-0.94074
-0.93435
-0.93437
-0.93437
-0.93389
-0.93801
-0.94545
-0.94319
-0.94233
-0.94285
-0.93966
-0.94047
-0.94529
-0.94427
-0.94515
-0.94378
-0.94349
-0.94169
-0.93722
-0.93868
-0.94332
-0.94437
-0.94158
-0.94091
-0.94066
-0.94437
-0.94405
-0.93787
-0.93789
-0.93786
-0.93072
-0.94409
-0.93393
-0.95065
-0.96203
-0.94627
-0.95404
-0.94977
-0.96066
0
0
0
0
0
0
0
0
0
0
-1.791
0
0
0
0
0
0
0
0
0
0
0
0
0
0
0
0
0
0
0
0
0
0
0
0
0
0
0
0
0
0
0
0
0
0
0
0
0
0
0
0
0
0
0
0
-0.95094
-0.94792
-0.94647
-0.94227
-0.94483
-0.94776
-0.94425
59.5081
-0.94368
-0.94425
-0.94923
-0.94956
-0.94978
-0.95025
-0.95025
-0.94579
-0.94578
-0.94579
-0.94578
-0.94579
-0.9458
-0.94424
-0.93789
-0.9379
-0.93789
-0.93743
-0.94186
-0.94906
-0.94671
-0.94583
-0.94655
-0.94317
-0.94399
-0.94895
-0.94786
-0.9486
-0.94718
-0.94699
-0.94522
-0.9406
-0.942
-0.94678
-0.94778
-0.94509
-0.9445
-0.94585
-0.9481
-0.94755
-0.94137
-0.94138
-0.94138
-0.9342
-0.94757
-0.93781
-0.95271
-0.96531
-0.94971
-0.95639
-0.95328
-0.96416
0
0
0
0
0
0
0
0
0
0
0
0
0
0
0
0
0
0
0
0
0
0
0
0
0
0
0
0
0
0
0
0
0
0
0
0
0
0
0
0
0
0
0
0
0
0
0
0
0
0
0
-3.6811
0
0
0
-0.94684
-0.94395
-0.94253
-0.93833
-0.94079
-0.94368
-0.94022
-0.94368
57.0832
-0.94033
-0.94514
-0.94559
-0.94571
-0.94629
-0.94628
-0.94183
-0.94183
-0.94183
-0.94183
-0.94183
-0.94183
-0.94015
-0.93394
-0.93394
-0.93394
-0.9334
-0.93786
-0.94473
-0.94271
-0.94182
-0.94244
-0.93918
-0.93992
-0.94467
-0.94372
-0.94451
-0.94322
-0.94295
-0.94123
-0.93666
-0.93811
-0.94282
-0.94383
-0.94112
-0.9408
-0.94195
-0.94397
-0.94359
-0.93742
-0.93742
-0.93742
-0.93028
-0.94361
-0.93402
-0.94906
-0.96153
-0.94582
-0.95335
-0.94929
-0.96017
0
0
0
0
0
0
0
0
0
0
0
0
0
0
0
0
-1.4862
0
0
0
0
0
0
0
0
0
0
0
0
0
0
0
0
0
0
0
0
0
0
0
0
0
0
0
0
0
0
0
0
0
0
0
0
0
0
-0.94791
-0.94447
-0.94302
-0.93893
-0.94136
-0.94426
-0.94075
-0.94425
-0.94033
53.713
-0.94588
-0.94618
-0.94619
-0.94684
-0.94685
-0.94237
-0.94238
-0.94239
-0.94237
-0.94239
-0.94238
-0.94068
-0.93443
-0.93442
-0.93443
-0.93388
-0.93833
-0.94533
-0.9432
-0.94233
-0.94287
-0.93966
-0.94036
-0.94529
-0.94435
-0.94522
-0.94375
-0.94345
-0.9417
-0.93712
-0.93874
-0.94335
-0.9443
-0.94158
-0.94125
-0.94247
-0.94434
-0.94404
-0.93786
-0.93788
-0.93787
-0.93071
-0.94406
-0.93441
-0.94978
-0.96207
-0.94628
0
-0.9497
0
0
0
0
0
0
0
0
0
0
0
0
0
0
0
0
0
0
0
0
0
0
0
0
0
0
0
0
0
0
0
0
0
0
0
0
0
0
0
0
0
0
0
0
0
0
0
0
0
0
0
0
0
0
0
0
-0.95244
-0.94957
-0.94803
-0.94367
-0.94639
-0.94924
-0.94579
-0.94923
-0.94514
-0.94588
54.59
-0.95113
-0.9513
-0.95184
-0.95185
-0.94739
-0.94738
-0.94738
-0.94738
-0.94738
-0.94738
-0.94579
-0.93936
-0.93937
-0.93936
-0.93899
-0.94339
-0.9505
-0.94832
-0.94741
-0.94812
-0.94472
-0.94553
-0.95051
-0.94935
-0.95051
-0.94862
-0.94855
-0.9468
-0.9422
-0.9433
-0.94828
-0.94811
-0.9467
-0.94576
-0.94736
-0.94947
-0.94918
-0.94297
-0.94298
-0.94297
-0.93579
-0.94919
0
0
0
0
0
0
0
0
0
0
0
0
0
0
0
0
0
0
0
0
0
0
0
0
0
0
0
0
0
0
0
0
0
0
0
0
0
0
0
-1.768
0
0
0
0
0
0
0
0
0
0
0
-3.5968
0
0
0
0
0
0
0
0
0
0
-0.95322
-0.94976
-0.94832
-0.94419
-0.94664
-0.94956
-0.94603
-0.94956
-0.94559
-0.94618
-0.95113
51.1543
-0.95163
-0.95235
-0.95235
-0.94779
-0.94779
-0.9478
-0.94779
-0.9478
-0.94781
-0.94625
-0.93964
-0.93965
-0.93964
-0.93928
-0.94376
-0.95108
-0.94864
-0.94776
-0.94834
-0.94507
-0.9458
-0.9508
-0.94982
-0.95071
-0.94923
-0.94891
-0.94713
-0.94256
-0.94426
-0.94877
-0.94981
-0.94702
-0.94676
-0.94793
-0.94982
-0.94951
-0.94331
-0.94332
-0.94331
-0.93611
-0.94952
-0.93985
0
-0.96764
0
0
0
0
0
0
0
0
0
0
0
0
0
0
0
0
0
0
0
0
0
0
0
0
0
0
0
0
0
0
0
0
0
0
0
0
0
0
0
0
0
0
0
0
0
0
0
0
0
0
0
0
0
0
0
0
0
0
0
-0.95368
-0.94991
-0.94833
-0.94428
-0.94677
-0.94979
-0.94617
-0.94978
-0.94571
-0.94619
-0.9513
-0.95163
51.6103
-0.9524
-0.95242
-0.94788
-0.94787
-0.94787
-0.94786
-0.94788
-0.94788
-0.94637
-0.93977
-0.93976
-0.93976
-0.93938
-0.94389
-0.95064
-0.94877
-0.94788
-0.94842
-0.94519
-0.94572
-0.95101
-0.94996
-0.9509
-0.94925
-0.94905
-0.94725
-0.94264
-0.9444
-0.9489
-0.94994
-0.94715
-0.94684
-0.94847
-0.94887
-0.94966
-0.94345
-0.94345
-0.94345
-0.93626
-0.94966
-0.93976
0
0
0
0
0
0
0
0
0
-1.4188
0
0
0
0
0
0
0
0
0
0
0
0
0
0
0
0
0
0
0
0
0
0
0
0
0
0
0
0
0
0
0
0
0
0
0
0
0
0
0
0
0
0
0
0
0
0
0
0
0
0
0
-0.9539
-0.95044
-0.949
-0.94489
-0.94732
-0.95025
-0.94672
-0.95025
-0.94629
-0.94684
-0.95184
-0.95235
-0.9524
50.2225
-0.95314
-0.94839
-0.94839
-0.94839
-0.9484
-0.94839
-0.94838
-0.94707
-0.94013
-0.94015
-0.94014
-0.93995
-0.94441
-0.95222
-0.94936
-0.94847
-0.94904
-0.94578
-0.94649
-0.95153
-0.95051
-0.95142
-0.94994
-0.94962
-0.94782
-0.94325
-0.94498
-0.94947
-0.95051
-0.94773
-0.94747
-0.94865
-0.95052
-0.95024
-0.94403
-0.94403
-0.94402
-0.93682
-0.95022
-0.94049
0
0
0
0
0
0
0
0
0
0
0
0
0
0
0
0
0
0
0
0
0
0
0
0
0
0
0
0
0
0
0
0
0
0
0
0
0
0
0
0
0
0
0
0
0
0
0
0
0
0
0
0
0
0
0
0
0
0
0
0
0
-0.95391
-0.95044
-0.949
-0.94488
-0.94733
-0.95025
-0.94672
-0.95025
-0.94628
-0.94685
-0.95185
-0.95235
-0.95242
-0.95314
50.2225
-0.94839
-0.94839
-0.9484
-0.94839
-0.9484
-0.94839
-0.94708
-0.94015
-0.94015
-0.94015
-0.93994
-0.94442
-0.95223
-0.94936
-0.94847
-0.94904
-0.94576
-0.94649
-0.95152
-0.95052
-0.95141
-0.94993
-0.94962
-0.94783
-0.94324
-0.94498
-0.94949
-0.9505
-0.94773
-0.94748
-0.94866
-0.95053
-0.95025
-0.94402
-0.94404
-0.94403
-0.93682
-0.95021
-0.94048
0
0
0
0
0
0
0
0
0
0
0
0
0
0
0
0
0
0
0
0
0
0
0
0
0
0
0
0
0
0
0
0
0
0
0
0
0
0
0
0
0
0
0
0
0
0
0
0
0
0
0
0
0
0
0
0
0
0
0
0
0
-0.94948
-0.946
-0.94458
-0.94043
-0.9429
-0.94578
-0.94226
-0.94579
-0.94183
-0.94237
-0.94739
-0.94779
-0.94788
-0.94839
-0.94839
49.0469
-0.94312
-0.94313
-0.94312
-0.94313
-0.94312
-0.94267
-0.9352
-0.93519
-0.9352
-0.9353
-0.93984
-0.94858
-0.94481
-0.94391
-0.94446
-0.94123
-0.94195
-0.94697
-0.94597
-0.94685
-0.94537
-0.94503
-0.94327
-0.9387
-0.94045
-0.9449
-0.94592
-0.94315
-0.94287
-0.94417
-0.9459
-0.9457
-0.93951
-0.9395
-0.93951
-0.93231
-0.94563
0
0
0
0
0
0
0
0
0
0
0
0
0
0
0
0
0
0
0
0
0
0
0
0
0
0
0
0
0
0
0
0
0
0
0
0
0
0
0
0
0
0
0
0
0
0
0
0
0
0
0
0
0
0
0
0
0
0
0
0
0
0
-0.94947
-0.94597
-0.94458
-0.94042
-0.94289
-0.94578
-0.94225
-0.94578
-0.94183
-0.94238
-0.94738
-0.94779
-0.94787
-0.94839
-0.94839
-0.94312
49.0467
-0.94313
-0.94312
-0.94313
-0.94312
-0.94266
-0.93519
-0.9352
-0.93519
-0.93528
-0.93982
-0.94858
-0.94481
-0.94391
-0.94445
-0.94122
-0.94195
-0.94696
-0.94596
-0.94684
-0.94535
-0.94501
-0.94328
-0.93871
-0.94044
-0.94489
-0.94593
-0.94316
-0.94286
-0.94415
-0.94589
-0.94571
-0.9395
-0.9395
-0.93951
-0.93232
-0.94563
0
0
0
0
0
0
0
0
0
0
0
0
0
0
0
0
0
0
0
0
0
0
0
0
0
0
0
0
0
0
0
0
0
0
0
0
0
0
0
0
0
0
0
0
0
0
0
0
0
0
0
0
0
0
0
0
0
0
0
0
0
0
-0.94949
-0.94599
-0.94457
-0.94042
-0.94289
-0.94579
-0.94225
-0.94579
-0.94183
-0.94239
-0.94738
-0.9478
-0.94787
-0.94839
-0.9484
-0.94313
-0.94313
49.0468
-0.94313
-0.94312
-0.94312
-0.94266
-0.93521
-0.9352
-0.93519
-0.93528
-0.93984
-0.94858
-0.94481
-0.94391
-0.94446
-0.94123
-0.94196
-0.94696
-0.94597
-0.94684
-0.94536
-0.94504
-0.94328
-0.9387
-0.94045
-0.94489
-0.94592
-0.94317
-0.94285
-0.94416
-0.9459
-0.94571
-0.93949
-0.93952
-0.93951
-0.93232
-0.94562
0
0
0
0
0
0
0
0
0
0
0
0
0
0
0
0
0
0
0
0
0
0
0
0
0
0
0
0
0
0
0
0
0
0
0
0
0
0
0
0
0
0
0
0
0
0
0
0
0
0
0
0
0
0
0
0
0
0
0
0
0
0
-0.94947
-0.94599
-0.94457
-0.94042
-0.94288
-0.94578
-0.94225
-0.94578
-0.94183
-0.94237
-0.94738
-0.94779
-0.94786
-0.9484
-0.94839
-0.94312
-0.94312
-0.94313
49.0468
-0.94313
-0.94312
-0.94266
-0.9352
-0.9352
-0.9352
-0.93528
-0.93983
-0.94859
-0.9448
-0.94391
-0.94447
-0.94122
-0.94195
-0.94697
-0.94597
-0.94684
-0.94536
-0.94502
-0.94327
-0.93871
-0.94044
-0.9449
-0.94593
-0.94317
-0.94287
-0.94416
-0.9459
-0.94571
-0.93952
-0.93952
-0.9395
-0.93231
-0.94562
0
0
0
0
0
0
0
0
0
0
0
0
0
0
0
0
0
0
0
0
0
0
0
0
0
0
0
0
0
0
0
0
0
0
0
0
0
0
0
0
0
0
0
0
0
0
0
0
0
0
0
0
0
0
0
0
0
0
0
0
0
0
-0.94947
-0.94599
-0.94457
-0.94042
-0.9429
-0.94579
-0.94225
-0.94579
-0.94183
-0.94239
-0.94738
-0.9478
-0.94788
-0.94839
-0.9484
-0.94313
-0.94313
-0.94312
-0.94313
49.0469
-0.94313
-0.94267
-0.9352
-0.9352
-0.9352
-0.93529
-0.93984
-0.94857
-0.94481
-0.94392
-0.94445
-0.94122
-0.94196
-0.94697
-0.94597
-0.94684
-0.94536
-0.94502
-0.94328
-0.93871
-0.94045
-0.94489
-0.94593
-0.94316
-0.94287
-0.94416
-0.94589
-0.9457
-0.9395
-0.93951
-0.93951
-0.93233
-0.94563
0
0
0
0
0
0
0
0
0
0
0
0
0
0
0
0
0
0
0
0
0
0
0
0
0
0
0
0
0
0
0
0
0
0
0
0
0
0
0
0
0
0
0
0
0
0
0
0
0
0
0
0
0
0
0
0
0
0
0
0
0
0
-0.94948
-0.94598
-0.94458
-0.94042
-0.94288
-0.94579
-0.94226
-0.9458
-0.94183
-0.94238
-0.94738
-0.94781
-0.94788
-0.94838
-0.94839
-0.94312
-0.94312
-0.94312
-0.94312
-0.94313
49.0468
-0.94267
-0.93519
-0.93521
-0.9352
-0.93529
-0.93983
-0.94859
-0.9448
-0.94392
-0.94446
-0.94122
-0.94197
-0.94696
-0.94597
-0.94685
-0.94535
-0.94502
-0.94326
-0.93871
-0.94045
-0.9449
-0.94592
-0.94317
-0.94287
-0.94415
-0.94589
-0.9457
-0.9395
-0.9395
-0.93951
-0.93233
-0.94562
0
0
0
0
0
0
0
0
0
0
0
0
0
0
0
0
0
0
0
0
0
0
0
0
0
0
0
0
0
0
0
0
0
0
0
0
0
0
0
0
0
0
0
0
0
0
0
0
0
0
0
0
0
0
0
0
0
0
0
0
0
0
-0.94785
-0.94434
-0.94293
-0.93872
-0.93981
-0.94423
-0.94074
-0.94424
-0.94015
-0.94068
-0.94579
-0.94625
-0.94637
-0.94707
-0.94708
-0.94267
-0.94266
-0.94266
-0.94266
-0.94267
-0.94267
49.5487
-0.93421
-0.93422
-0.9342
-0.93314
-0.93778
-0.94709
-0.94272
-0.94192
-0.94228
-0.9392
-0.9399
-0.94476
-0.9439
-0.94468
-0.94314
-0.94231
-0.94126
-0.93663
-0.93809
-0.94283
-0.94378
-0.94116
0
0
-0.94371
-0.94367
-0.93751
-0.9375
-0.93751
-0.93033
0
0
0
0
0
0
0
0
0
0
-1.4025
0
0
0
0
0
0
0
0
0
0
0
0
0
0
0
0
0
0
-2.0145
0
0
0
0
0
0
0
0
0
0
0
0
0
0
0
0
0
0
0
0
0
0
0
0
0
0
0
0
0
0
0
0
0
-0.94159
-0.93809
-0.93667
-0.93254
-0.93499
-0.93788
-0.93435
-0.93789
-0.93394
-0.93443
-0.93936
-0.93964
-0.93977
-0.94013
-0.94015
-0.9352
-0.93519
-0.93521
-0.9352
-0.9352
-0.93519
-0.93421
47.6934
-0.92707
-0.92707
-0.92707
-0.93165
-0.93988
-0.93657
-0.93575
-0.93612
-0.93305
-0.93372
-0.93851
-0.93766
-0.93848
-0.93707
-0.93676
-0.93505
-0.93047
-0.93215
-0.93665
-0.93763
-0.93493
-0.93439
-0.93583
-0.93759
-0.93746
-0.93129
-0.9313
-0.93129
-0.92415
0
0
0
0
0
0
0
0
0
0
0
0
0
0
0
0
0
0
0
0
0
0
0
0
0
0
0
0
0
0
0
0
0
0
0
0
0
0
0
0
0
0
0
0
0
0
0
0
0
0
0
0
0
0
0
0
0
0
0
0
0
0
0
-0.94159
-0.93809
-0.93668
-0.93254
-0.935
-0.93789
-0.93437
-0.9379
-0.93394
-0.93442
-0.93937
-0.93965
-0.93976
-0.94015
-0.94015
-0.93519
-0.9352
-0.9352
-0.9352
-0.9352
-0.93521
-0.93422
-0.92707
47.6937
-0.92708
-0.92707
-0.93165
-0.93989
-0.93658
-0.93576
-0.93614
-0.93305
-0.93375
-0.93852
-0.93766
-0.93848
-0.93706
-0.93677
-0.93506
-0.93048
-0.93215
-0.93664
-0.93763
-0.93494
-0.9344
-0.93582
-0.93759
-0.93746
-0.93129
-0.9313
-0.93129
-0.92416
0
0
0
0
0
0
0
0
0
0
0
0
0
0
0
0
0
0
0
0
0
0
0
0
0
0
0
0
0
0
0
0
0
0
0
0
0
0
0
0
0
0
0
0
0
0
0
0
0
0
0
0
0
0
0
0
0
0
0
0
0
0
0
-0.94159
-0.9381
-0.93667
-0.93254
-0.93499
-0.93789
-0.93437
-0.93789
-0.93394
-0.93443
-0.93936
-0.93964
-0.93976
-0.94014
-0.94015
-0.9352
-0.93519
-0.93519
-0.9352
-0.9352
-0.9352
-0.9342
-0.92707
-0.92708
47.6934
-0.92707
-0.93165
-0.93988
-0.93657
-0.93575
-0.93614
-0.93305
-0.93373
-0.9385
-0.93765
-0.93848
-0.93706
-0.93677
-0.93506
-0.93048
-0.93213
-0.93665
-0.93763
-0.93493
-0.93439
-0.93581
-0.93759
-0.93746
-0.9313
-0.93129
-0.93129
-0.92416
0
0
0
0
0
0
0
0
0
0
0
0
0
0
0
0
0
0
0
0
0
0
0
0
0
0
0
0
0
0
0
0
0
0
0
0
0
0
0
0
0
0
0
0
0
0
0
0
0
0
0
0
0
0
0
0
0
0
0
0
0
0
0
-0.94125
-0.93758
-0.93612
-0.93198
-0.93445
-0.93744
-0.93389
-0.93743
-0.9334
-0.93388
-0.93899
-0.93928
-0.93938
-0.93995
-0.93994
-0.9353
-0.93528
-0.93528
-0.93528
-0.93529
-0.93529
-0.93314
-0.92707
-0.92707
-0.92707
47.5295
-0.93077
-0.93895
-0.93568
-0.9349
-0.93403
-0.93214
-0.93276
-0.93734
-0.93667
-0.93746
-0.93613
-0.93593
-0.93416
-0.92941
-0.93098
-0.93578
-0.93671
-0.93407
0
0
-0.93644
-0.93655
-0.93041
-0.93042
-0.93042
-0.9233
0
0
0
0
0
0
0
0
0
0
0
0
0
0
0
0
0
0
0
0
0
0
0
0
0
-1.7371
0
0
0
0
0
0
0
0
0
0
0
0
0
0
0
0
0
0
0
0
0
0
0
0
0
0
0
0
0
0
0
0
0
0
0
0
0
-0.94554
-0.94206
-0.94062
-0.93643
-0.93894
-0.94184
-0.93801
-0.94186
-0.93786
-0.93833
-0.94339
-0.94376
-0.94389
-0.94441
-0.94442
-0.93984
-0.93982
-0.93984
-0.93983
-0.93984
-0.93983
-0.93778
-0.93165
-0.93165
-0.93165
-0.93077
45.46
-0.94191
-0.94073
-0.93991
-0.94017
-0.93709
-0.93783
-0.94252
-0.94164
-0.94245
-0.94112
-0.9409
-0.93916
-0.93455
-0.93601
-0.94076
-0.94174
-0.93906
0
0
0
-0.94148
-0.93535
-0.93536
-0.93535
0
0
0
0
0
0
0
0
0
0
0
0
0
-1.311
0
0
0
0
0
0
0
0
0
0
0
0
0
0
0
0
0
0
0
0
0
0
0
0
0
0
0
0
0
0
0
0
0
0
0
0
0
0
0
0
0
0
0
0
0
0
0
0
0
0
-0.95281
-0.94894
-0.94753
-0.94328
-0.94608
-0.94906
-0.94545
-0.94906
-0.94473
-0.94533
-0.9505
-0.95108
-0.95064
-0.95222
-0.95223
-0.94858
-0.94858
-0.94858
-0.94859
-0.94857
-0.94859
-0.94709
-0.93988
-0.93989
-0.93988
-0.93895
-0.94191
49.1991
-0.94683
-0.9462
-0.94638
-0.94339
-0.94397
-0.94857
-0.94752
-0.94791
-0.94666
-0.9471
-0.94543
-0.94029
-0.94112
-0.94679
-0.94783
-0.9453
0
0
0
0
0
0
0
0
0
0
0
0
0
0
0
0
0
0
0
-1.4234
0
0
0
0
0
0
0
0
0
0
0
0
0
0
0
0
0
0
0
0
0
0
0
0
0
0
0
0
0
0
0
0
0
0
0
0
0
0
-3.5382
0
0
0
-3.5382
0
0
0
0
0
0
0
0
-0.95041
-0.94688
-0.94539
-0.94127
-0.94376
-0.9467
-0.94319
-0.94671
-0.94271
-0.9432
-0.94832
-0.94864
-0.94877
-0.94936
-0.94936
-0.94481
-0.94481
-0.94481
-0.9448
-0.94481
-0.9448
-0.94272
-0.93657
-0.93658
-0.93657
-0.93568
-0.94073
-0.94683
40.1363
-0.9441
-0.94547
-0.94197
-0.94261
-0.94988
-0.9468
-0.94807
-0.94639
-0.9464
-0.94446
-0.93966
0
-0.9461
0
-0.94436
0
0
0
0
0
0
0
0
0
0
0
0
0
0
0
0
0
0
0
0
0
0
0
0
0
0
0
0
0
0
-1.4108
0
0
0
0
0
0
0
0
0
0
0
0
0
0
0
0
0
0
0
0
0
0
0
0
0
0
0
0
0
0
0
0
0
0
0
0
0
0
0
0
-0.94954
-0.94603
-0.9446
-0.94043
-0.9429
-0.94583
-0.94233
-0.94583
-0.94182
-0.94233
-0.94741
-0.94776
-0.94788
-0.94847
-0.94847
-0.94391
-0.94391
-0.94391
-0.94391
-0.94392
-0.94392
-0.94192
-0.93575
-0.93576
-0.93575
-0.9349
-0.93991
-0.9462
-0.9441
39.6301
-0.9442
-0.94106
-0.94169
-0.94879
-0.94593
-0.94711
-0.94553
-0.94534
-0.94332
-0.93861
-0.94059
-0.94513
0
-0.94337
0
0
0
0
0
0
0
0
0
0
0
0
0
0
0
0
0
0
0
0
0
0
0
0
0
0
0
0
0
0
0
0
0
0
0
0
0
0
0
0
0
0
0
0
0
0
0
0
0
0
0
0
0
0
0
0
0
0
0
0
0
0
0
0
0
0
0
0
0
0
0
-0.95042
-0.94657
-0.94501
-0.94098
-0.94335
-0.94656
-0.94285
-0.94655
-0.94244
-0.94287
-0.94812
-0.94834
-0.94842
-0.94904
-0.94904
-0.94446
-0.94445
-0.94446
-0.94447
-0.94445
-0.94446
-0.94228
-0.93612
-0.93614
-0.93614
-0.93403
-0.94017
-0.94638
-0.94547
-0.9442
39.3643
-0.94167
-0.94167
-0.94817
-0.94568
-0.94687
0
-0.94564
-0.94387
-0.93901
0
0
0
0
0
0
0
0
0
0
0
0
0
0
0
0
0
0
0
0
0
0
0
0
0
0
0
0
0
0
0
0
0
0
0
0
0
-1.7361
0
0
0
0
0
0
0
0
0
0
-1.7575
0
0
0
0
0
0
0
0
0
0
0
0
0
0
0
0
0
0
0
0
0
0
0
0
0
0
-0.94691
-0.94336
-0.94193
-0.93777
-0.94026
-0.94317
-0.93966
-0.94317
-0.93918
-0.93966
-0.94472
-0.94507
-0.94519
-0.94578
-0.94576
-0.94123
-0.94122
-0.94123
-0.94122
-0.94122
-0.94122
-0.9392
-0.93305
-0.93305
-0.93305
-0.93214
-0.93709
-0.94339
-0.94197
-0.94106
-0.94167
36.7027
-0.93905
-0.94479
-0.94227
-0.94306
-0.94237
-0.94263
-0.94114
0
0
0
-0.94277
0
0
0
0
0
0
0
0
0
0
0
0
0
0
0
0
0
0
0
0
0
0
0
0
0
0
0
0
0
0
0
0
0
0
0
0
0
0
0
0
0
0
0
0
0
0
0
0
0
0
0
0
0
0
0
0
0
0
0
0
0
0
0
0
0
0
0
0
0
0
0
0
-0.94797
-0.94414
-0.94237
-0.9385
-0.94098
-0.94398
-0.94047
-0.94399
-0.93992
-0.94036
-0.94553
-0.9458
-0.94572
-0.94649
-0.94649
-0.94195
-0.94195
-0.94196
-0.94195
-0.94196
-0.94197
-0.9399
-0.93372
-0.93375
-0.93373
-0.93276
-0.93783
-0.94397
-0.94261
-0.94169
-0.94167
-0.93905
37.012
-0.94509
-0.94291
-0.94383
0
-0.94283
-0.94134
-0.93652
0
0
0
0
0
0
0
0
0
0
0
0
0
0
0
0
0
0
0
0
0
0
0
0
0
-1.2344
0
0
0
0
0
0
0
0
0
0
0
0
0
0
0
0
0
0
0
0
0
0
0
0
0
0
0
0
0
0
0
0
0
0
0
0
0
0
0
0
0
0
0
0
0
0
0
0
0
-0.95221
-0.94763
-0.94744
-0.94325
-0.9459
-0.94895
-0.94529
-0.94895
-0.94467
-0.94529
-0.95051
-0.9508
-0.95101
-0.95153
-0.95152
-0.94697
-0.94696
-0.94696
-0.94697
-0.94697
-0.94696
-0.94476
-0.93851
-0.93852
-0.9385
-0.93734
-0.94252
-0.94857
-0.94988
-0.94879
-0.94817
-0.94479
-0.94509
40.1094
-0.94678
0
0
0
-0.94619
0
0
0
0
0
0
-0.94627
0
0
0
0
0
0
0
0
-0.95321
0
0
0
0
0
0
0
0
0
0
0
0
0
0
0
0
0
0
0
0
0
0
0
0
0
0
0
0
0
0
0
0
0
0
0
0
0
0
0
-1.9547
0
0
0
0
0
0
0
0
0
0
0
0
0
0
0
0
0
0
0
-3.1301
-0.95074
-0.94789
-0.94648
-0.94232
-0.94496
-0.94786
-0.94427
-0.94786
-0.94372
-0.94435
-0.94935
-0.94982
-0.94996
-0.95051
-0.95052
-0.94597
-0.94596
-0.94597
-0.94597
-0.94597
-0.94597
-0.9439
-0.93766
-0.93766
-0.93765
-0.93667
-0.94164
-0.94752
-0.9468
-0.94593
-0.94568
-0.94227
-0.94291
-0.94678
34.7633
0
0
0
0
0
0
0
0
0
0
0
0
0
0
0
0
0
0
0
0
0
0
0
0
0
0
0
0
0
0
0
0
0
0
0
0
0
0
0
0
0
0
0
0
0
0
0
0
0
0
0
0
0
0
0
0
0
0
0
0
0
0
-2.6238
0
0
0
0
0
0
0
0
0
0
0
0
0
0
0
0
0
-0.95112
-0.94877
-0.94732
-0.94311
-0.94582
-0.9486
-0.94515
-0.9486
-0.94451
-0.94522
-0.95051
-0.95071
-0.9509
-0.95142
-0.95141
-0.94685
-0.94684
-0.94684
-0.94684
-0.94684
-0.94685
-0.94468
-0.93848
-0.93848
-0.93848
-0.93746
-0.94245
-0.94791
-0.94807
-0.94711
-0.94687
-0.94306
-0.94383
0
0
35.3003
0
0
0
0
0
0
0
0
0
0
0
0
0
0
0
0
0
0
0
0
0
0
0
0
0
0
0
0
0
0
0
0
0
0
0
-1.3628
0
0
0
0
0
0
0
0
0
0
0
0
0
0
0
0
0
0
0
0
0
0
0
0
0
0
0
0
0
0
0
0
0
0
0
0
-2.7165
0
0
0
0
0
0
-0.95115
-0.94685
-0.94595
-0.94181
-0.94434
-0.94717
-0.94378
-0.94718
-0.94322
-0.94375
-0.94862
-0.94923
-0.94925
-0.94994
-0.94993
-0.94537
-0.94535
-0.94536
-0.94536
-0.94536
-0.94535
-0.94314
-0.93707
-0.93706
-0.93706
-0.93613
-0.94112
-0.94666
-0.94639
-0.94553
0
-0.94237
0
0
0
0
32.3103
0
0
0
0
0
0
0
0
0
0
-0.94722
0
0
0
0
0
0
0
0
0
0
0
0
0
0
0
0
0
0
0
0
0
0
0
0
0
-0.60373
0
-1.4725
0
0
0
0
0
0
0
0
0
0
0
0
0
0
0
0
0
0
0
0
0
0
0
0
0
0
0
0
0
0
0
0
0
0
0
0
0
0
0
-0.9507
-0.94723
-0.94574
-0.94155
-0.94406
-0.94699
-0.94349
-0.94699
-0.94295
-0.94345
-0.94855
-0.94891
-0.94905
-0.94962
-0.94962
-0.94503
-0.94501
-0.94504
-0.94502
-0.94502
-0.94502
-0.94231
-0.93676
-0.93677
-0.93677
-0.93593
-0.9409
-0.9471
-0.9464
-0.94534
-0.94564
-0.94263
-0.94283
0
0
0
0
32.5609
0
0
0
0
0
0
0
0
0
0
0
0
0
0
0
0
0
0
0
0
0
0
0
0
-1.3925
0
0
0
0
0
0
0
0
0
0
0
0
0
0
0
0
0
0
0
0
0
0
0
0
0
0
0
0
0
0
0
0
0
0
0
0
0
0
0
0
0
0
0
0
0
0
0
0
0
0
0
0
-0.94902
-0.94547
-0.94399
-0.93981
-0.94229
-0.94522
-0.94169
-0.94522
-0.94123
-0.9417
-0.9468
-0.94713
-0.94725
-0.94782
-0.94783
-0.94327
-0.94328
-0.94328
-0.94327
-0.94328
-0.94326
-0.94126
-0.93505
-0.93506
-0.93506
-0.93416
-0.93916
-0.94543
-0.94446
-0.94332
-0.94387
-0.94114
-0.94134
-0.94619
0
0
0
0
32.0576
0
0
0
0
0
0
0
0
0
0
0
0
0
0
0
0
0
0
0
0
0
0
0
0
0
0
0
0
0
0
0
0
0
0
0
0
0
0
0
0
0
0
0
0
0
0
0
0
0
0
0
0
0
0
0
0
0
0
0
0
0
0
0
0
0
0
0
0
0
0
0
0
0
0
0
0
-0.94508
-0.94094
-0.93943
-0.93526
-0.93774
-0.94061
-0.93722
-0.9406
-0.93666
-0.93712
-0.9422
-0.94256
-0.94264
-0.94325
-0.94324
-0.9387
-0.93871
-0.9387
-0.93871
-0.93871
-0.93871
-0.93663
-0.93047
-0.93048
-0.93048
-0.92941
-0.93455
-0.94029
-0.93966
-0.93861
-0.93901
0
-0.93652
0
0
0
0
0
0
31.0936
0
0
0
0
0
0
0
0
0
0
0
0
0
0
0
0
0
0
0
0
0
0
0
0
0
0
0
-1.0707
0
0
0
0
0
0
0
0
0
0
0
0
0
0
0
0
0
0
0
0
0
0
0
0
0
0
0
0
0
0
0
0
0
0
0
0
0
0
0
0
0
0
0
0
0
0
0
-0.94418
-0.94202
-0.94085
-0.93663
-0.93928
-0.94199
-0.93868
-0.942
-0.93811
-0.93874
-0.9433
-0.94426
-0.9444
-0.94498
-0.94498
-0.94045
-0.94044
-0.94045
-0.94044
-0.94045
-0.94045
-0.93809
-0.93215
-0.93215
-0.93213
-0.93098
-0.93601
-0.94112
0
-0.94059
0
0
0
0
0
0
0
0
0
0
31.3073
0
0
0
0
0
0
0
0
0
0
0
0
0
-0.94657
0
0
0
0
0
-1.0814
0
0
0
0
0
0
0
0
0
0
0
0
0
0
0
0
0
0
0
0
0
0
0
0
0
0
0
0
0
0
0
0
0
0
0
0
0
0
0
0
0
0
0
0
0
0
0
0
0
0
0
-2.029
0
0
-0.95025
-0.94705
-0.94558
-0.94141
-0.94393
-0.94678
-0.94332
-0.94678
-0.94282
-0.94335
-0.94828
-0.94877
-0.9489
-0.94947
-0.94949
-0.9449
-0.94489
-0.94489
-0.9449
-0.94489
-0.9449
-0.94283
-0.93665
-0.93664
-0.93665
-0.93578
-0.94076
-0.94679
-0.9461
-0.94513
0
0
0
0
0
0
0
0
0
0
0
28.9656
0
0
0
0
0
0
0
0
0
0
0
0
0
0
0
0
0
0
0
0
0
0
0
0
0
0
0
0
0
0
0
0
0
0
0
0
0
0
0
0
0
0
0
0
0
0
0
0
0
-0.6327
0
0
0
0
0
0
0
0
0
0
0
0
0
0
0
0
0
0
0
0
0
0
0
-0.95145
-0.94738
-0.94659
-0.94248
-0.94489
-0.94779
-0.94437
-0.94778
-0.94383
-0.9443
-0.94811
-0.94981
-0.94994
-0.95051
-0.9505
-0.94592
-0.94593
-0.94592
-0.94593
-0.94593
-0.94592
-0.94378
-0.93763
-0.93763
-0.93763
-0.93671
-0.94174
-0.94783
0
0
0
-0.94277
0
0
0
0
0
0
0
0
0
0
29.39
0
0
0
0
0
0
0
0
0
0
0
-0.95308
0
0
0
0
0
0
0
0
0
0
0
0
0
0
0
0
0
0
0
0
0
0
0
0
0
0
0
0
0
-1.0259
0
0
0
0
0
0
0
0
0
0
0
0
0
0
0
0
0
0
0
0
0
0
0
0
0
0
0
0
0
0
-0.94892
-0.94541
-0.9439
-0.93969
-0.94218
-0.9451
-0.94158
-0.94509
-0.94112
-0.94158
-0.9467
-0.94702
-0.94715
-0.94773
-0.94773
-0.94315
-0.94316
-0.94317
-0.94317
-0.94316
-0.94317
-0.94116
-0.93493
-0.93494
-0.93493
-0.93407
-0.93906
-0.9453
-0.94436
-0.94337
0
0
0
0
0
0
0
0
0
0
0
0
0
28.282
0
0
0
0
0
0
0
0
0
0
0
0
0
0
0
0
0
0
0
0
0
0
0
0
0
0
0
0
0
0
0
0
0
0
0
0
0
0
0
0
0
0
0
0
0
0
0
0
0
0
0
0
0
0
0
0
0
0
0
0
0
0
0
0
0
0
0
0
0
0
0
-0.94607
-0.94462
-0.94332
-0.9393
-0.94154
-0.9445
-0.94091
-0.9445
-0.9408
-0.94125
-0.94576
-0.94676
-0.94684
-0.94747
-0.94748
-0.94287
-0.94286
-0.94285
-0.94287
-0.94287
-0.94287
0
-0.93439
-0.9344
-0.93439
0
0
0
0
0
0
0
0
0
0
0
0
0
0
0
0
0
0
0
32.2823
0
0
0
0
0
0
0
0
0
0
0
-0.94861
0
0
0
0
0
-1.4074
0
-1.3111
0
0
0
0
0
0
0
0
0
0
0
0
0
0
0
0
0
0
0
0
0
0
-2.5787
0
0
0
0
0
-1.4617
0
0
0
0
0
0
0
0
0
0
0
0
0
-1.9533
0
0
0
0
0
0
0
-0.95044
-0.94619
-0.94519
-0.94057
-0.94319
-0.94586
-0.94066
-0.94585
-0.94195
-0.94247
-0.94736
-0.94793
-0.94847
-0.94865
-0.94866
-0.94417
-0.94415
-0.94416
-0.94416
-0.94416
-0.94415
0
-0.93583
-0.93582
-0.93581
0
0
0
0
0
0
0
0
-0.94627
0
0
0
0
0
0
0
0
0
0
0
28.3548
0
0
0
0
0
0
0
0
0
0
0
0
0
0
0
-0.98289
0
0
0
0
-0.92012
-1.0993
0
0
-1.7504
0
0
0
0
0
0
0
0
0
0
0
0
0
0
0
0
0
0
0
0
0
0
0
0
0
0
0
0
0
0
0
0
0
0
0
0
0
0
0
0
0
0
0
0
-0.95208
-0.94813
-0.94639
-0.94251
-0.94485
-0.9481
-0.94437
-0.9481
-0.94397
-0.94434
-0.94947
-0.94982
-0.94887
-0.95052
-0.95053
-0.9459
-0.94589
-0.9459
-0.9459
-0.94589
-0.94589
-0.94371
-0.93759
-0.93759
-0.93759
-0.93644
0
0
0
0
0
0
0
0
0
0
0
0
0
0
0
0
0
0
0
0
27.1397
0
0
0
0
0
0
0
0
0
0
0
0
0
0
0
0
-1.3919
0
0
0
0
0
0
0
0
0
0
0
0
0
0
0
0
0
0
-1.1674
0
0
0
0
0
0
0
0
0
0
0
0
0
0
0
0
0
0
0
0
0
0
0
0
0
0
0
0
0
0
0
0
-0.95139
-0.94786
-0.94639
-0.94215
-0.94464
-0.94755
-0.94405
-0.94755
-0.94359
-0.94404
-0.94918
-0.94951
-0.94966
-0.95024
-0.95025
-0.9457
-0.94571
-0.94571
-0.94571
-0.9457
-0.9457
-0.94367
-0.93746
-0.93746
-0.93746
-0.93655
-0.94148
0
0
0
0
0
0
0
0
0
-0.94722
0
0
0
0
0
0
0
0
0
0
26.4636
0
0
0
0
0
0
0
0
0
0
0
0
0
0
0
0
0
0
0
0
0
0
0
0
0
0
0
0
0
0
0
0
0
0
0
0
0
0
0
0
0
0
0
0
0
0
0
0
0
0
0
0
0
0
0
0
0
0
0
0
0
0
0
0
0
0
0
-0.9452
-0.94171
-0.9402
-0.936
-0.93846
-0.94137
-0.93787
-0.94137
-0.93742
-0.93786
-0.94297
-0.94331
-0.94345
-0.94403
-0.94402
-0.93951
-0.9395
-0.93949
-0.93952
-0.9395
-0.9395
-0.93751
-0.93129
-0.93129
-0.9313
-0.93041
-0.93535
0
0
0
0
0
0
0
0
0
0
0
0
0
0
0
0
0
0
0
0
0
25.3494
0
0
0
0
0
0
0
0
0
0
0
0
0
0
0
0
0
0
0
0
0
0
0
0
0
0
0
0
0
0
0
0
0
0
0
0
0
0
0
0
0
0
0
0
0
0
0
0
0
0
0
0
0
0
0
0
0
0
0
0
0
0
0
0
0
0
-0.94519
-0.94172
-0.94021
-0.936
-0.93847
-0.94137
-0.93789
-0.94138
-0.93742
-0.93788
-0.94298
-0.94332
-0.94345
-0.94403
-0.94404
-0.9395
-0.9395
-0.93952
-0.93952
-0.93951
-0.9395
-0.9375
-0.9313
-0.9313
-0.93129
-0.93042
-0.93536
0
0
0
0
0
0
0
0
0
0
0
0
0
0
0
0
0
0
0
0
0
0
25.3496
0
0
0
0
0
0
0
0
0
0
0
0
0
0
0
0
0
0
0
0
0
0
0
0
0
0
0
0
0
0
0
0
0
0
0
0
0
0
0
0
0
0
0
0
0
0
0
0
0
0
0
0
0
0
0
0
0
0
0
0
0
0
0
0
0
-0.94519
-0.94171
-0.9402
-0.93599
-0.93847
-0.94137
-0.93786
-0.94138
-0.93742
-0.93787
-0.94297
-0.94331
-0.94345
-0.94402
-0.94403
-0.93951
-0.93951
-0.93951
-0.9395
-0.93951
-0.93951
-0.93751
-0.93129
-0.93129
-0.93129
-0.93042
-0.93535
0
0
0
0
0
0
0
0
0
0
0
0
0
0
0
0
0
0
0
0
0
0
0
25.3494
0
0
0
0
0
0
0
0
0
0
0
0
0
0
0
0
0
0
0
0
0
0
0
0
0
0
0
0
0
0
0
0
0
0
0
0
0
0
0
0
0
0
0
0
0
0
0
0
0
0
0
0
0
0
0
0
0
0
0
0
0
0
0
0
-0.93803
-0.93455
-0.93304
-0.92888
-0.93131
-0.9342
-0.93072
-0.9342
-0.93028
-0.93071
-0.93579
-0.93611
-0.93626
-0.93682
-0.93682
-0.93231
-0.93232
-0.93232
-0.93231
-0.93233
-0.93233
-0.93033
-0.92415
-0.92416
-0.92416
-0.9233
0
0
0
0
0
0
0
0
0
0
0
0
0
0
0
0
0
0
0
0
0
0
0
0
0
24.2277
0
0
0
0
0
0
0
0
0
0
0
0
0
0
0
0
0
0
0
0
0
0
0
0
0
0
0
0
0
0
0
0
0
0
0
0
0
0
0
0
0
0
0
0
0
0
0
0
0
0
0
0
0
0
0
0
0
0
0
0
0
0
0
-0.95144
-0.94795
-0.94641
-0.94217
-0.94474
-0.94757
-0.94409
-0.94757
-0.94361
-0.94406
-0.94919
-0.94952
-0.94966
-0.95022
-0.95021
-0.94563
-0.94563
-0.94562
-0.94562
-0.94563
-0.94562
0
0
0
0
0
0
0
0
0
0
0
0
0
0
0
0
0
0
0
0
0
0
0
0
0
0
0
0
0
0
0
19.8822
0
0
0
0
0
0
0
0
0
0
0
0
0
0
0
0
0
0
0
0
0
0
0
0
0
0
0
0
0
0
0
0
0
0
0
0
0
0
0
0
0
0
0
0
0
0
0
0
0
0
0
0
0
0
0
0
0
0
0
0
0
0
-0.94028
-0.9374
-0.93555
-0.93254
-0.93403
-0.93781
-0.93393
-0.93781
-0.93402
-0.93441
0
-0.93985
-0.93976
-0.94049
-0.94048
0
0
0
0
0
0
0
0
0
0
0
0
0
0
0
0
0
0
0
0
0
0
0
0
0
0
0
0
0
0
0
0
0
0
0
0
0
0
19.1003
0
0
0
0
0
0
0
0
0
0
0
0
0
0
0
0
0
0
0
0
-1.4077
0
0
0
0
0
0
0
-1.2734
0
0
0
0
0
-1.7998
0
0
0
0
-1.501
0
0
0
0
0
0
0
0
0
0
0
0
0
0
0
0
0
0
0
0
0
-0.95497
-0.95301
-0.95169
-0.94768
-0.95029
-0.95272
-0.95065
-0.95271
-0.94906
-0.94978
0
0
0
0
0
0
0
0
0
0
0
0
0
0
0
0
0
0
0
0
0
0
0
-0.95321
0
0
0
0
0
0
-0.94657
0
-0.95308
0
0
0
0
0
0
0
0
0
0
0
14.2188
0
0
0
0
0
0
0
0
0
0
0
0
0
0
-1.2123
0
0
0
0
0
0
0
0
0
0
0
0
0
-0.6411
0
0
0
0
0
0
0
0
0
0
0
0
0
0
0
0
0
0
0
0
0
0
0
0
0
0
0
0
0
0
0
-0.96855
-0.96584
-0.96461
-0.96006
-0.96265
-0.96531
-0.96203
-0.96531
-0.96153
-0.96207
0
-0.96764
0
0
0
0
0
0
0
0
0
0
0
0
0
0
0
0
0
0
0
0
0
0
0
0
0
0
0
0
0
0
0
0
0
0
0
0
0
0
0
0
0
0
0
11.8527
0
0
0
0
0
0
0
0
0
0
0
0
0
0
0
0
-1.2471
0
0
0
0
0
0
0
0
0
0
0
0
0
0
0
0
0
0
0
0
0
0
0
0
0
0
0
0
0
0
0
0
0
0
0
0
0
0
0
0
0
0
-0.95362
-0.9503
-0.94865
-0.94437
-0.94698
-0.9497
-0.94627
-0.94971
-0.94582
-0.94628
0
0
0
0
0
0
0
0
0
0
0
0
0
0
0
0
0
0
0
0
0
0
0
0
0
0
0
0
0
0
0
0
0
0
-0.94861
0
0
0
0
0
0
0
0
0
0
0
10.4303
0
0
0
0
0
0
0
0
0
0
0
0
0
0
0
0
0
0
0
0
0
0
0
0
0
0
0
0
0
0
0
0
0
0
0
0
0
0
0
0
0
0
0
0
0
0
0
0
0
0
0
0
0
0
0
0
0
0
-0.95753
-0.95712
-0.95762
-0.95204
-0.95424
-0.9564
-0.95404
-0.95639
-0.95335
0
0
0
0
0
0
0
0
0
0
0
0
0
0
0
0
0
0
0
0
0
0
0
0
0
0
0
0
0
0
0
0
0
0
0
0
0
0
0
0
0
0
0
0
0
0
0
0
12.1298
0
0
0
0
0
0
0
0
0
0
-1.1248
0
0
0
0
0
0
0
0
0
0
0
0
0
0
0
0
0
0
0
0
0
0
0
0
0
0
0
-2.4063
0
0
0
0
0
0
0
0
0
0
0
0
0
0
0
0
0
0
-0.95756
-0.9539
-0.95218
-0.94784
-0.95054
-0.95326
-0.94977
-0.95328
-0.94929
-0.9497
0
0
0
0
0
0
0
0
0
0
0
0
0
0
0
0
0
0
0
0
0
0
0
0
0
0
0
0
0
0
0
0
0
0
0
0
0
0
0
0
0
0
0
0
0
0
0
0
9.5173
0
0
0
0
0
0
0
0
0
0
0
0
0
0
0
0
0
0
0
0
0
0
0
0
0
0
0
0
0
0
0
0
0
0
0
0
0
0
0
0
0
0
0
0
0
0
0
0
0
0
0
0
0
0
0
0
-0.96858
-0.96488
-0.96308
-0.95867
-0.96145
-0.96417
-0.96066
-0.96416
-0.96017
0
0
0
0
0
0
0
0
0
0
0
0
0
0
0
0
0
0
0
0
0
0
0
0
0
0
0
0
0
0
0
0
0
0
0
0
0
0
0
0
0
0
0
0
0
0
0
0
0
0
8.6658
0
0
0
0
0
0
0
0
0
0
0
0
0
0
0
0
0
0
0
0
0
0
0
0
0
0
0
0
0
0
0
0
0
0
0
0
0
0
0
0
0
0
0
0
0
0
0
0
0
0
0
0
0
0
0
0
0
0
-1.0888
0
0
0
0
0
0
0
0
0
0
0
0
0
0
0
0
0
0
0
0
0
0
0
0
0
0
0
0
0
0
0
0
0
0
0
0
-1.0814
0
0
0
0
0
0
0
0
0
0
0
0
0
0
0
0
0
0
0
6.6981
0
0
0
0
0
0
0
0
0
0
0
0
0
0
0
0
0
-1.7468
0
-1.5035
0
0
0
-1.2776
0
0
0
0
0
0
0
0
0
0
0
0
0
0
0
0
0
0
0
0
0
0
0
0
0
0
0
0
0
0
-0.98421
0
0
0
0
0
0
0
0
0
0
0
0
0
0
0
0
0
0
0
0
0
0
0
0
0
0
0
0
0
0
0
0
0
0
0
0
0
0
0
0
0
0
0
0
-0.98289
0
0
0
0
0
0
0
0
0
0
0
0
0
0
0
5.2326
0
0
0
0
0
0
-1.3746
0
0
0
0
-1.0141
0
0
0
0
0
0
0
0
0
0
0
0
0
0
0
0
0
0
0
0
0
0
0
0
0
-0.87682
0
0
0
0
0
0
0
0
0
0
0
0
0
0
0
0
0
0
0
0
0
0
0
0
0
0
0
0
0
0
0
0
0
0
0
0
-1.4025
0
0
0
0
0
0
0
0
0
0
0
0
0
0
0
-1.3925
0
0
0
0
0
0
-1.4074
0
0
0
0
0
0
0
0
0
0
0
0
0
0
0
0
0
5.5768
0
0
0
0
0
0
0
0
0
0
0
0
0
0
0
0
0
0
0
0
0
0
0
0
0
0
0
0
0
0
0
0
0
0
0
0
0
0
0
0
0
0
-1.3744
0
0
0
0
0
0
0
0
0
0
0
0
0
0
0
0
0
0
0
0
0
-1.4188
0
0
0
0
0
0
0
0
0
0
0
0
0
0
-1.4234
0
0
0
0
0
0
0
0
0
0
0
0
0
0
0
0
0
0
-1.3919
0
0
0
0
0
0
0
0
0
0
0
0
0
0
0
0
5.6566
0
-1.4224
0
0
0
0
0
0
0
0
0
0
0
0
0
0
0
0
0
0
0
0
0
0
0
0
0
0
0
0
0
0
0
0
0
0
0
0
0
0
0
0
0
0
0
0
0
0
0
0
0
0
0
0
0
0
0
0
0
0
0
0
0
0
0
0
0
0
0
0
0
0
0
0
0
0
0
-1.311
0
0
0
0
0
0
0
0
0
0
0
0
0
0
0
0
0
-1.3111
0
0
0
0
0
0
0
0
0
0
0
0
0
0
0
0
0
0
0
5.88
0
0
0
0
-1.753
-1.5049
0
0
0
0
0
0
0
0
0
0
0
0
0
0
0
0
0
0
0
0
0
0
0
0
0
0
0
0
0
0
0
0
0
0
0
0
0
0
0
0
0
0
0
0
0
0
-1.2477
0
0
0
0
0
0
0
0
0
0
0
0
0
0
0
0
0
0
0
0
0
0
0
0
0
0
0
0
0
-1.2344
0
0
0
0
0
0
0
0
0
0
0
0
0
0
0
0
0
0
0
0
0
0
0
0
0
0
0
0
0
0
-1.4224
0
5.6188
0
0
-1.7143
0
0
0
0
0
0
0
0
0
0
0
0
0
0
0
0
0
0
0
0
0
0
0
0
0
0
0
0
0
0
0
0
0
0
0
0
0
0
0
0
0
0
0
0
0
0
-0.89818
0
0
0
0
0
0
0
0
0
0
0
0
0
0
0
0
0
0
0
0
0
0
0
0
0
0
0
0
0
0
0
0
0
0
0
0
0
0
0
0
0
0
0
0
-0.92012
0
0
0
0
0
0
0
0
0
0
0
0
0
0
0
0
0
0
0
0
4.5138
-1.5526
0
0
0
0
0
0
0
0
0
0
0
0
0
0
0
0
0
0
0
0
0
0
0
0
0
0
0
-1.1429
0
0
0
0
0
0
0
0
0
0
0
0
0
0
0
0
0
0
0
0
0
0
0
0
0
0
0
0
0
0
0
0
0
0
0
0
0
0
0
0
0
0
0
0
0
0
0
0
0
0
0
0
0
0
0
0
0
0
-1.0707
0
0
0
0
0
-1.0993
0
0
0
0
0
0
0
0
0
0
0
0
0
0
0
0
0
0
0
0
-1.5526
3.7226
0
0
0
0
0
0
0
0
0
0
0
0
0
0
0
0
0
0
0
0
0
0
0
0
0
0
0
0
0
0
0
0
0
0
0
0
0
0
0
0
0
0
0
0
0
0
0
0
0
0
0
0
0
0
0
0
0
0
0
0
0
0
0
0
0
0
0
0
0
0
0
0
0
0
0
0
0
0
0
0
0
0
0
0
0
0
0
0
0
0
0
0
0
0
0
0
0
0
0
0
0
0
0
0
-1.1248
0
0
0
-1.3746
0
0
0
-1.7143
0
0
4.2137
0
0
0
0
0
0
0
0
0
0
0
0
0
0
0
0
0
0
0
0
0
0
0
0
0
0
0
0
0
0
0
0
0
0
0
0
0
0
0
0
0
0
0
0
0
0
0
0
0
0
0
0
0
0
0
0
0
0
0
0
0
0
0
0
0
0
0
0
0
0
0
0
0
0
0
0
0
0
0
0
0
0
0
0
0
0
0
0
0
0
0
0
0
0
0
0
0
0
0
0
-1.2123
0
0
0
0
0
0
0
0
0
-1.753
0
0
0
0
4.6019
0
0
0
0
0
0
0
0
0
0
0
0
0
0
0
0
0
0
0
0
0
0
0
0
0
0
0
0
0
0
-1.6366
0
0
0
0
0
0
0
0
0
0
0
0
0
0
0
0
0
0
0
0
-1.791
0
0
0
0
0
0
0
0
0
0
0
0
0
0
0
0
0
0
0
0
0
0
0
0
0
0
0
0
0
0
0
0
0
0
0
0
0
0
-1.7504
0
0
0
0
0
0
0
0
0
0
0
0
0
0
0
0
0
0
-1.5049
0
0
0
0
0
5.0463
0
0
0
0
0
0
0
0
0
0
0
0
0
0
0
0
0
0
0
0
0
0
0
0
0
0
0
0
0
0
0
0
0
0
0
0
0
0
0
0
0
0
0
0
0
0
0
0
0
0
0
0
0
0
0
0
0
0
0
0
0
0
0
0
0
0
0
0
0
0
0
0
0
0
0
0
0
0
0
-1.3628
0
0
0
0
0
0
0
0
0
0
0
0
0
0
0
0
0
0
0
0
0
0
0
0
0
0
0
0
0
0
0
0
0
0
0
4.7054
0
0
0
0
0
0
-1.6689
0
0
0
0
0
0
0
0
0
0
0
0
0
-1.6738
0
0
0
0
0
0
0
0
0
0
0
0
0
0
0
0
0
0
0
0
0
0
0
0
0
0
0
0
0
0
0
0
0
0
0
0
0
0
0
0
0
0
0
0
0
0
0
0
0
0
0
0
0
0
0
0
0
0
0
0
0
0
0
0
0
0
0
0
0
0
0
0
0
0
0
0
0
-1.2471
0
0
0
0
0
0
0
0
0
0
0
0
0
0
0
0
4.7617
0
-1.7675
0
0
0
0
0
0
0
0
0
0
0
0
0
0
0
-1.7471
0
0
0
0
0
0
0
0
0
0
0
0
0
0
0
0
0
0
0
0
0
0
0
0
0
0
0
0
0
0
0
0
0
0
0
0
0
0
0
0
0
0
0
0
0
0
0
0
0
0
0
0
0
0
0
0
0
0
0
0
-0.60373
0
0
0
0
0
0
0
0
0
0
0
0
0
0
0
0
0
0
0
0
0
0
0
0
-1.0141
0
0
0
0
0
0
0
0
0
0
0
2.0122
0
0
0
0
0
0
0
0
0
0
0
0
0
0
0
0
0
0
0
0
0
0
0
0
0
0
0
0
0
0
0
0
0
0
0
0
-0.39438
0
0
0
0
0
0
0
0
0
0
0
0
0
0
0
0
0
0
0
0
0
0
0
0
0
0
0
0
0
0
0
0
-1.4108
0
0
0
0
0
0
0
0
0
0
0
0
0
0
0
0
0
0
0
0
0
0
0
0
-1.4077
0
0
0
0
0
0
0
0
0
0
0
0
0
0
0
0
0
0
-1.7675
0
4.586
0
0
0
0
0
0
0
0
0
0
0
0
0
0
0
0
0
0
0
0
0
0
0
0
0
0
0
0
0
0
0
0
0
0
0
0
0
0
0
0
0
-1.4929
0
0
0
0
0
0
0
0
0
0
0
0
0
0
0
0
0
0
0
0
0
0
0
0
0
0
0
0
0
0
0
0
0
0
-1.4725
0
0
0
0
0
0
0
0
0
0
0
0
0
0
0
0
0
0
0
0
0
0
0
0
0
0
0
0
0
0
0
0
0
0
0
0
0
0
4.722
0
0
0
0
0
0
0
0
0
-1.7566
0
0
0
0
0
0
0
0
0
0
0
0
0
0
0
0
0
0
0
0
0
0
0
0
0
0
0
0
0
-1.4889
0
0
0
0
0
0
0
-1.4862
0
0
0
0
0
0
0
0
0
0
0
0
0
0
0
0
0
0
0
0
0
0
0
0
0
0
0
0
0
0
0
0
0
0
0
0
0
0
0
0
0
0
0
0
0
0
0
0
0
0
0
0
0
0
0
0
0
0
0
0
0
0
0
0
0
0
0
4.7273
0
0
0
0
0
0
0
0
-1.7521
0
0
0
0
0
0
0
0
0
0
0
0
0
0
0
0
0
0
0
0
0
0
0
0
0
0
0
0
0
0
0
0
0
0
0
0
0
0
0
0
0
0
0
0
0
0
0
0
0
0
0
0
0
0
-1.7371
0
0
0
0
-1.7361
0
0
0
0
0
0
0
0
0
0
0
0
0
0
0
0
0
0
0
0
0
0
0
0
0
0
0
0
0
0
0
0
0
0
0
0
0
0
0
0
0
0
0
0
0
0
5.0746
0
0
0
0
0
0
0
0
0
-1.6015
0
0
0
0
0
0
0
0
0
0
0
0
0
0
0
0
0
0
0
0
0
0
0
0
0
0
0
0
0
0
0
0
0
0
0
0
0
0
0
0
0
0
0
0
0
0
0
0
0
0
0
0
0
0
0
0
0
0
0
0
0
0
0
0
0
0
0
0
0
0
0
0
0
0
0
0
0
0
0
0
0
0
0
0
0
0
0
-1.7468
0
0
0
0
0
0
0
0
0
0
-1.6689
0
0
0
0
0
0
3.4157
0
0
0
0
0
0
0
0
0
0
0
0
0
0
0
0
0
0
0
0
0
0
0
0
0
0
0
0
0
0
0
0
0
0
0
0
0
0
0
0
0
0
0
0
0
0
0
0
0
0
0
0
0
0
0
0
0
0
0
0
0
0
0
0
0
0
0
0
0
0
0
0
0
0
0
0
0
0
0
0
0
0
0
0
0
0
0
0
0
0
0
0
0
0
0
0
0
0
0
0
0
0
0
0
0
0
0
0
0
0
0
0
0
0
0
3.1166
0
0
0
-1.5723
0
0
0
0
0
0
0
-1.5443
0
0
0
0
0
0
0
0
0
0
0
0
0
0
0
0
0
0
0
0
0
0
0
0
0
0
0
0
0
0
0
0
0
0
0
0
0
0
0
0
0
0
0
0
0
0
0
0
0
0
0
0
0
0
0
0
0
0
0
0
0
0
0
0
0
0
0
0
0
0
0
0
0
0
0
0
0
0
0
0
0
0
0
-1.5035
0
0
0
0
0
0
0
0
0
0
0
0
0
0
0
0
0
0
0
3.4296
0
0
0
0
0
-1.9262
0
0
0
0
0
0
0
0
0
0
0
0
0
0
0
0
0
0
0
0
0
0
0
0
0
0
0
0
0
0
0
0
-2.0244
0
0
0
0
0
0
0
0
0
0
0
0
0
0
0
0
-2.0145
0
0
0
0
0
0
0
0
0
0
0
0
0
0
0
0
0
0
0
0
0
0
0
0
0
0
0
0
0
0
0
0
0
0
0
0
0
0
0
0
0
0
0
0
0
0
0
0
0
0
0
0
0
0
0
0
0
0
0
4.0389
0
0
0
0
0
0
0
0
0
0
0
0
0
0
0
0
0
0
0
0
0
0
0
0
0
0
0
0
0
0
0
0
0
0
0
0
0
0
0
0
0
0
0
0
0
0
0
0
0
0
0
0
0
0
0
0
0
0
0
0
0
0
0
0
0
0
0
0
0
0
0
0
0
0
0
0
0
0
0
-1.1674
0
0
0
0
0
0
-1.2734
0
0
0
0
0
0
0
0
0
0
0
0
0
0
0
0
0
0
0
0
0
0
0
0
0
0
0
0
2.4408
0
0
0
0
0
0
0
0
0
0
0
0
0
0
0
0
0
0
0
0
0
0
0
0
0
0
0
0
0
0
0
0
0
0
0
0
0
0
0
0
0
0
0
0
0
0
0
0
0
0
0
0
0
0
0
0
0
0
0
0
0
0
0
0
0
0
0
0
0
0
0
0
0
0
0
0
0
0
0
0
0
0
0
0
0
0
-0.6411
0
0
0
0
0
0
0
0
0
0
0
0
0
0
0
0
0
0
0
0
0
0
0
0
-1.5723
0
0
0
2.2134
0
0
0
0
0
0
0
0
0
0
0
0
0
0
0
0
0
0
0
0
0
0
0
0
0
0
0
0
0
0
0
0
0
0
0
0
0
0
0
0
0
0
0
0
0
0
0
0
0
0
0
0
0
0
0
0
0
0
0
0
0
0
0
0
0
0
0
0
0
0
0
0
0
-1.0259
0
0
0
0
0
0
0
0
0
0
0
0
0
0
0
0
0
-1.2776
0
0
0
0
0
0
0
0
0
0
0
0
0
0
0
0
0
0
0
0
0
0
0
2.3036
0
0
0
0
0
0
0
0
0
0
0
0
0
0
0
0
0
0
0
0
0
0
0
0
0
0
0
0
0
0
0
0
0
0
0
0
0
0
0
0
0
0
0
0
0
0
0
0
0
0
0
0
0
0
0
0
0
0
0
0
0
0
0
0
0
0
0
0
0
0
0
0
0
0
0
0
0
0
0
0
0
0
0
0
0
0
0
0
0
0
0
0
0
0
0
0
0
0
0
0
0
0
0
0
0
-1.7566
-1.7521
0
0
0
0
0
0
0
0
3.5087
0
0
0
0
0
0
0
0
0
0
0
0
0
0
0
0
0
0
0
0
0
0
0
0
0
0
0
0
0
0
-1.5694
0
0
0
0
0
0
0
0
0
0
0
0
0
0
0
0
0
0
0
0
0
0
0
0
0
0
0
0
0
0
0
0
0
0
0
0
0
0
0
0
0
0
0
0
0
0
0
0
0
0
0
0
0
0
0
0
0
0
0
0
0
0
0
0
0
0
0
0
0
0
0
0
0
0
0
0
0
0
-1.9262
0
0
0
0
0
3.4955
0
0
0
0
0
0
0
0
0
0
0
0
0
0
0
0
0
0
0
0
0
0
0
0
0
0
0
0
0
0
0
0
0
0
0
0
0
0
0
0
0
0
0
0
0
0
0
0
0
0
0
0
0
0
0
0
0
0
0
0
0
0
0
0
0
0
0
0
0
0
0
0
-2.5787
0
0
0
0
0
0
0
0
0
0
0
0
0
0
0
0
0
0
0
0
0
0
0
0
0
0
0
0
0
0
0
0
-1.6015
0
0
0
0
0
0
0
0
0
4.1802
0
0
0
0
0
0
0
0
0
0
0
0
0
0
0
0
0
0
0
0
0
0
0
0
0
0
0
0
0
0
0
0
0
0
0
0
0
0
0
0
0
0
0
0
0
0
0
0
0
0
0
0
0
0
0
0
0
-1.7575
0
0
0
0
0
0
0
0
0
0
0
0
0
0
0
0
0
0
0
0
0
0
-1.7998
0
0
0
0
0
0
0
0
0
0
0
0
0
0
0
0
0
0
0
0
0
0
0
0
0
0
0
0
0
0
0
0
0
0
3.5573
0
0
0
0
0
0
0
0
0
0
0
0
0
0
0
0
0
0
0
0
0
0
0
0
0
0
0
0
-1.7633
0
0
0
0
0
0
0
0
0
0
0
0
0
0
0
0
0
0
0
0
0
0
0
0
0
0
0
0
0
0
0
0
0
0
0
0
0
0
0
0
0
0
0
0
0
0
0
0
0
0
0
0
0
0
0
0
0
0
0
0
0
0
0
0
0
0
0
0
0
0
0
0
0
0
0
0
0
0
0
0
0
0
0
0
0
0
3.7447
-1.9813
0
0
0
0
0
0
0
0
0
0
0
0
0
0
0
0
0
0
0
0
0
0
0
0
0
0
0
0
0
0
0
0
0
0
0
0
0
0
0
0
0
0
0
0
0
0
0
0
0
0
0
0
0
0
0
0
0
0
0
0
0
0
0
0
0
0
0
0
0
0
0
0
0
0
0
0
0
0
0
0
0
0
0
0
0
0
0
0
0
0
0
0
0
0
0
0
-1.7471
0
0
0
0
0
0
0
0
0
0
0
0
0
0
0
0
-1.9813
3.7284
0
0
0
0
0
0
0
0
0
0
0
0
0
0
0
0
0
0
0
0
0
0
0
0
0
0
0
0
0
0
0
0
0
0
0
0
0
0
0
0
0
0
0
0
0
0
0
0
0
0
0
0
0
0
0
0
0
0
0
0
0
0
0
0
0
-0.6327
0
0
0
0
0
0
0
0
0
0
0
0
0
0
0
0
0
0
0
0
0
0
0
0
0
0
0
0
0
0
0
0
0
0
0
0
0
-1.5443
0
0
0
0
0
0
0
0
0
0
0
2.177
0
0
0
0
0
0
0
0
0
0
0
0
0
0
0
0
0
0
0
0
0
0
0
0
0
0
0
0
0
0
0
0
0
-1.768
0
0
0
0
0
0
0
0
0
0
0
0
0
0
0
0
0
0
0
0
0
0
0
0
0
0
0
0
0
0
0
0
0
0
0
0
0
0
0
0
0
0
0
0
0
0
0
0
0
0
0
0
0
0
0
0
0
0
0
0
-1.6738
0
0
0
0
0
0
0
0
0
0
0
0
0
0
0
0
0
0
0
0
3.4417
0
0
0
0
0
0
0
0
0
0
0
0
0
0
0
0
0
0
0
0
0
0
0
0
0
0
0
0
0
0
0
0
0
0
0
0
0
0
0
0
0
0
0
0
0
0
0
0
0
0
0
0
0
0
0
0
0
0
0
0
0
0
0
0
0
0
-1.4617
0
0
0
0
0
0
0
0
-1.501
0
0
0
0
0
0
0
0
0
0
0
0
0
0
0
0
0
0
0
0
0
0
0
0
0
0
0
0
0
0
0
0
0
0
0
0
0
0
0
2.9628
0
0
0
0
0
0
0
0
0
0
0
0
0
0
0
0
0
0
0
0
0
0
-1.9633
0
0
0
0
0
0
0
0
0
0
0
0
0
0
0
0
0
0
0
0
0
0
0
0
0
0
0
0
0
0
0
-1.9547
0
0
0
0
0
0
0
0
0
0
0
0
0
0
0
0
0
0
0
0
0
0
0
0
0
0
0
0
0
0
0
0
0
0
0
0
0
0
0
0
0
0
0
0
0
0
0
0
0
0
0
0
0
0
0
0
0
0
0
0
3.918
0
0
0
0
0
0
0
0
0
0
0
0
0
0
0
0
0
0
0
0
0
0
0
0
0
0
0
0
0
0
0
0
0
0
0
0
0
0
0
0
0
0
0
0
0
0
0
0
0
0
0
0
0
0
0
0
0
0
0
0
0
0
0
0
0
0
0
0
0
0
0
0
0
0
0
0
0
0
0
0
0
0
0
0
0
0
-1.1429
0
0
0
0
0
0
0
0
0
0
0
0
0
0
0
0
0
0
0
0
0
0
0
0
0
0
0
0
1.1429
0
0
0
0
0
0
0
0
0
0
0
0
0
0
0
0
0
0
0
0
0
0
0
0
0
0
0
0
0
0
0
0
0
0
0
0
0
0
0
0
0
0
0
0
0
0
0
0
0
0
0
0
0
0
0
0
0
0
0
0
0
0
0
0
0
0
0
0
0
0
0
0
0
0
0
0
-2.4063
0
0
0
0
0
0
0
0
0
0
0
0
0
0
0
0
0
0
0
0
0
0
0
0
0
0
0
0
0
0
0
0
0
0
0
0
0
0
2.4063
0
0
0
0
0
0
0
0
0
0
0
0
0
0
0
0
0
0
0
0
0
0
0
0
0
0
0
0
0
0
0
0
0
0
0
0
0
0
0
0
0
0
0
0
0
0
0
0
0
0
0
0
-2.6238
0
0
0
0
0
0
0
0
0
0
0
0
0
0
0
0
0
0
0
0
0
0
0
0
0
0
0
0
0
0
0
0
0
0
0
0
0
0
0
0
0
0
0
0
0
0
0
0
0
0
0
0
0
0
0
0
0
0
0
0
0
0
2.6238
0
0
0
0
0
0
0
0
0
0
0
0
0
0
0
0
0
-3.9886
0
0
0
0
0
0
0
0
0
0
0
0
0
0
0
0
0
0
0
0
0
0
0
0
0
0
0
0
0
0
0
0
0
0
0
0
0
0
0
0
0
0
0
0
0
0
0
0
0
0
0
0
0
0
0
0
0
0
0
0
0
0
0
0
0
0
0
0
0
0
0
0
0
0
0
0
0
0
0
0
0
0
0
0
0
0
0
0
0
0
0
0
0
0
0
0
0
3.9886
0
0
0
0
0
0
0
0
0
0
0
0
0
0
0
0
0
0
0
0
0
0
0
0
0
0
0
0
0
0
0
0
0
0
0
0
0
0
0
0
0
0
0
0
0
0
0
0
0
0
0
0
0
0
0
0
0
0
0
0
0
0
0
0
0
0
0
0
0
0
0
0
0
0
0
0
0
-0.87682
0
0
0
0
0
0
0
0
0
0
0
0
0
0
0
0
0
0
0
0
0
0
0
0
0
0
0
0
0
0
0
0
0
0
0
0
0
0.87682
0
0
0
0
0
0
0
0
0
0
0
0
0
0
0
0
0
0
0
0
0
0
0
0
0
0
0
0
0
0
0
0
0
0
0
0
0
0
0
0
0
0
0
0
0
0
0
0
0
0
0
0
0
0
0
0
0
0
0
0
0
0
0
0
0
0
0
0
0
0
0
0
0
0
0
0
0
0
0
0
0
0
0
0
-1.6366
0
0
0
0
0
0
0
0
0
0
0
0
0
0
0
0
0
0
0
0
0
0
0
0
0
0
0
0
0
0
1.6366
0
0
0
0
0
0
0
0
0
0
0
0
0
0
-3.9887
0
0
0
0
0
0
0
0
0
0
0
0
0
0
0
0
0
0
0
0
0
0
0
0
0
0
0
0
0
0
0
0
0
0
0
0
0
0
0
0
0
0
0
0
0
0
0
0
0
0
0
0
0
0
0
0
0
0
0
0
0
0
0
0
0
0
0
0
0
0
0
0
0
0
0
0
0
0
0
0
0
0
0
0
0
0
0
0
0
0
0
0
0
0
0
0
0
0
0
0
3.9887
0
0
0
0
0
0
0
0
0
0
0
0
0
0
0
0
0
0
0
0
0
0
0
0
0
0
0
0
0
0
0
0
0
0
0
0
0
0
0
0
-3.5382
0
0
0
0
0
0
0
0
0
0
0
0
0
0
0
0
0
0
0
0
0
0
0
0
0
0
0
0
0
0
0
0
0
0
0
0
0
0
0
0
0
0
0
0
0
0
0
0
0
0
0
0
0
0
0
0
0
0
0
0
0
0
0
0
0
0
0
0
0
0
0
0
0
0
3.5382
0
0
0
0
0
0
0
0
0
0
0
0
0
0
0
0
0
-3.6811
0
0
0
0
0
0
0
0
0
0
0
0
0
0
0
0
0
0
0
0
0
0
0
0
0
0
0
0
0
0
0
0
0
0
0
0
0
0
0
0
0
0
0
0
0
0
0
0
0
0
0
0
0
0
0
0
0
0
0
0
0
0
0
0
0
0
0
0
0
0
0
0
0
0
0
0
0
0
0
0
0
0
0
0
0
0
0
0
0
0
0
0
0
0
0
0
0
3.6811
0
0
0
0
0
0
0
0
0
0
0
0
0
0
0
0
0
0
0
0
0
-3.5968
0
0
0
0
0
0
0
0
0
0
0
0
0
0
0
0
0
0
0
0
0
0
0
0
0
0
0
0
0
0
0
0
0
0
0
0
0
0
0
0
0
0
0
0
0
0
0
0
0
0
0
0
0
0
0
0
0
0
0
0
0
0
0
0
0
0
0
0
0
0
0
0
0
0
0
0
0
0
0
0
0
0
0
0
0
0
0
0
0
0
0
0
0
3.5968
0
0
0
0
0
0
0
0
0
0
0
0
0
0
0
0
0
0
0
0
0
0
0
0
0
0
0
0
0
0
0
0
0
0
0
0
0
0
0
0
0
0
0
0
0
0
0
0
0
0
0
0
0
0
0
0
0
0
0
0
0
0
0
0
0
0
0
0
0
0
0
0
-1.3744
0
0
0
0
0
0
0
0
0
0
0
0
0
0
0
0
0
0
0
0
0
0
0
0
0
0
0
0
0
0
0
0
0
0
0
0
0
0
0
0
0
0
1.3744
0
0
0
0
0
0
0
0
0
0
0
0
0
0
0
0
0
0
0
0
0
0
0
0
0
0
0
0
0
0
0
0
0
0
0
0
-3.5382
0
0
0
0
0
0
0
0
0
0
0
0
0
0
0
0
0
0
0
0
0
0
0
0
0
0
0
0
0
0
0
0
0
0
0
0
0
0
0
0
0
0
0
0
0
0
0
0
0
0
0
0
0
0
0
0
0
0
0
0
0
0
0
0
0
0
0
0
0
0
0
0
0
0
0
0
0
0
3.5382
0
0
0
0
0
0
0
0
0
0
0
0
0
0
0
0
0
0
0
0
0
0
0
0
0
0
0
0
0
0
0
0
0
0
0
0
0
0
0
0
0
0
0
0
0
0
0
0
0
0
0
0
-1.9533
0
0
0
0
0
0
0
0
0
0
0
0
0
0
0
0
0
0
0
0
0
0
0
0
0
0
0
0
0
0
0
0
0
0
0
0
0
0
0
0
0
0
0
0
0
0
0
0
0
0
0
0
0
0
0
0
0
0
0
0
0
0
1.9533
0
0
0
0
0
0
0
0
0
0
0
0
0
0
0
0
0
0
0
0
0
0
0
0
0
0
0
0
0
0
0
0
0
0
0
0
0
0
0
0
0
0
-2.7165
0
0
0
0
0
0
0
0
0
0
0
0
0
0
0
0
0
0
0
0
0
0
0
0
0
0
0
0
0
0
0
0
0
0
0
0
0
0
0
0
0
0
0
0
0
0
0
0
0
0
0
0
0
0
0
0
0
0
0
0
0
0
0
0
0
0
0
0
0
0
0
0
2.7165
0
0
0
0
0
0
-3.9886
0
0
0
0
0
0
0
0
0
0
0
0
0
0
0
0
0
0
0
0
0
0
0
0
0
0
0
0
0
0
0
0
0
0
0
0
0
0
0
0
0
0
0
0
0
0
0
0
0
0
0
0
0
0
0
0
0
0
0
0
0
0
0
0
0
0
0
0
0
0
0
0
0
0
0
0
0
0
0
0
0
0
0
0
0
0
0
0
0
0
0
0
0
0
0
0
0
0
0
0
0
0
0
0
0
0
0
0
3.9886
0
0
0
0
0
0
0
0
0
0
0
0
0
0
0
0
0
0
0
0
0
0
0
0
0
0
0
0
0
0
0
0
0
0
0
0
0
0
0
0
0
0
0
0
0
0
0
0
0
0
0
0
0
0
0
0
0
0
0
0
0
0
0
0
0
0
0
0
0
0
0
0
0
0
0
0
0
0
-0.39438
0
0
0
0
0
0
0
0
0
0
0
0
0
0
0
0
0
0
0
0
0
0
0
0
0
0
0
0
0
0
0
0
0
0
0
0
0.39438
0
0
0
0
0
0
0
0
0
0
0
-3.6811
0
0
0
0
0
0
0
0
0
0
0
0
0
0
0
0
0
0
0
0
0
0
0
0
0
0
0
0
0
0
0
0
0
0
0
0
0
0
0
0
0
0
0
0
0
0
0
0
0
0
0
0
0
0
0
0
0
0
0
0
0
0
0
0
0
0
0
0
0
0
0
0
0
0
0
0
0
0
0
0
0
0
0
0
0
0
0
0
0
0
0
0
0
0
0
0
0
0
0
0
0
0
0
3.6811
0
0
0
0
0
0
0
0
0
0
0
0
0
0
0
0
0
0
0
0
0
0
0
0
0
0
0
0
0
0
0
0
0
0
0
0
0
0
0
0
0
0
0
-2.029
0
0
0
0
0
0
0
0
0
0
0
0
0
0
0
0
0
0
0
0
0
0
0
0
0
0
0
0
0
0
0
0
0
0
0
0
0
0
0
0
0
0
0
0
0
0
0
0
0
0
0
0
0
0
0
0
0
0
0
0
0
0
0
0
0
0
0
0
0
0
0
2.029
0
0
-3.9886
0
0
0
0
0
0
0
0
0
0
0
0
0
0
0
0
0
0
0
0
0
0
0
0
0
0
0
0
0
0
0
0
0
0
0
0
0
0
0
0
0
0
0
0
0
0
0
0
0
0
0
0
0
0
0
0
0
0
0
0
0
0
0
0
0
0
0
0
0
0
0
0
0
0
0
0
0
0
0
0
0
0
0
0
0
0
0
0
0
0
0
0
0
0
0
0
0
0
0
0
0
0
0
0
0
0
0
0
0
0
0
0
3.9886
0
0
0
0
0
0
0
0
0
0
0
0
0
0
0
0
0
0
0
0
0
0
0
0
0
0
0
0
0
0
0
0
0
0
-3.1301
0
0
0
0
0
0
0
0
0
0
0
0
0
0
0
0
0
0
0
0
0
0
0
0
0
0
0
0
0
0
0
0
0
0
0
0
0
0
0
0
0
0
0
0
0
0
0
0
0
0
0
0
0
0
0
0
0
0
0
0
0
0
0
0
0
0
0
0
0
0
0
0
0
0
0
0
0
0
0
0
3.1301
