1
0.96823
0.95647
0.94604
0.93896
0.93262
0.92762
0.92302
0.91898
0.91553
0.90688
0.89879
0.89115
0.88395
0.87702
0.87035
0.86374
0.85722
0.85067
0.84421
0.83779
0.83153
0.82535
0.81935
0.81349
0.80784
0.80241
0.7973
0.79257
0.78841
0.78496
0.78233
0.78058
0.77958
0.779
0.77846
0.77766
0.77651
0.77503
0.77326
0.77127
0.7691
0.76679
0.76438
0.7619
0.75937
0.75681
0.75423
0.75164
0.74906
0.74649
0.74393
0.7414
0.7389
0.73645
0.73406
0.73173
0.72948
0.7273
0.72519
0.72315
0.72118
0.71927
0.71741
0.71563
0.71389
0.71222
0.71061
0.70907
0.70758
0.70617
0.70483
0.70357
0.70239
0.7013
0.70032
0.69944
0.69867
0.69802
0.69748
0.69706
0.69674
0.6965
0.69629
0.69608
0.69585
0.69556
0.69519
0.69473
0.69418
0.69353
0.69279
0.69197
0.69109
0.69015
0.6892
0.68823
0.68728
0.68636
0.68547
0.68463
0.68385
0.68312
0.68245
0.68185
0.6813
0.68081
0.68038
0.68001
0.6797
0.67944
0.67924
0.67909
0.67898
0.67893
0.67892
0.67896
0.67905
0.67919
0.67939
0.67966
0.68001
0.68043
0.68093
0.6815
0.68214
0.68283
0.68355
0.68427
0.68498
0.68568
0.68635
0.687
0.68763
0.68825
0.68885
0.68945
0.69005
0.69065
0.69127
0.6919
0.69255
0.6932
0.69387
0.69454
0.69521
0.69587
0.69652
0.69715
0.69775
0.69832
0.69886
0.69936
0.69982
0.70026
0.70066
0.70103
0.70138
0.70171
0.70203
0.70233
0.70263
0.70292
0.70321
