1
0.89181
1.3931
1.8374
1.9339
2.0853
2.1649
2.1878
2.2631
2.2803
2.3883
2.4675
2.5417
2.6085
2.6722
2.7307
2.7876
2.8397
2.891
2.9382
2.985
3.0283
3.0711
3.111
3.1504
3.1873
3.2234
3.2575
3.2907
3.3224
3.3531
3.3827
3.4115
3.4395
3.4667
3.4933
3.5193
3.5446
3.5693
3.5934
3.617
3.6399
3.6624
3.6843
3.7056
3.7266
3.747
3.7671
3.7867
3.8059
3.8247
3.8431
3.8612
3.8789
3.8963
3.9134
3.9302
3.9466
3.9628
3.9787
3.9943
4.0096
4.0247
4.0396
4.0542
4.0686
4.0829
4.0969
4.1107
4.1244
4.1379
4.1512
4.1644
4.1775
4.1905
4.2033
4.2161
4.2288
4.2414
4.2539
4.2664
4.2788
4.2912
4.3036
4.3159
4.3281
4.3403
4.3525
4.3646
4.3766
4.3886
4.4006
4.4125
4.4243
4.4361
4.4478
4.4594
4.471
4.4825
4.494
4.5054
4.5167
4.528
4.5393
4.5505
4.5616
4.5727
4.5837
4.5947
4.6057
4.6166
4.6274
4.6382
4.649
4.6597
4.6704
4.681
4.6915
4.702
4.7125
4.7228
4.7332
4.7434
4.7536
4.7637
4.7737
4.7836
4.7935
4.8032
4.8128
4.8224
4.8318
4.8412
4.8504
4.8595
4.8685
4.8774
4.8862
4.8948
4.9034
4.9118
4.9201
4.9284
4.9365
4.9445
4.9524
4.9602
4.9679
4.9755
4.983
4.9904
4.9977
5.005
5.0121
5.0192
5.0262
5.0331
5.0399
5.0467
5.0533
5.0599
5.0664
5.0729
5.0793
