1
0.97285
0.96575
0.96238
0.95917
0.95866
0.95682
0.95584
0.95284
0.9505
0.95012
0.94872
0.94702
0.94619
0.94514
0.94453
0.94374
0.94319
0.94254
0.94208
0.94157
0.94122
0.94085
0.94059
0.94031
0.94009
0.93986
0.93963
0.93938
0.93911
0.93881
0.93846
0.9381
0.93768
0.93723
0.93675
0.93623
0.93568
0.9351
0.93449
0.93386
0.9332
0.93252
0.93182
0.93111
0.9304
0.92969
0.92897
0.92825
0.92753
0.92681
0.92608
0.92535
0.92461
0.92387
0.92311
0.92236
0.92159
0.92082
0.92004
0.91927
0.9185
0.91772
0.91695
0.91619
0.91544
0.9147
0.91397
0.91326
0.91256
0.91188
0.91122
0.91058
0.90995
0.90933
0.90873
0.90813
0.90754
0.90695
0.90636
0.90577
0.90518
0.90459
0.904
0.9034
0.9028
0.9022
0.9016
0.90101
0.90042
0.89984
0.89928
0.89872
0.89818
0.89766
0.89715
0.89667
0.89621
0.89578
0.89537
0.89498
0.89463
0.8943
0.894
0.89373
0.89348
0.89324
0.89303
0.89283
0.89263
0.89245
0.89226
0.89208
0.89189
0.89169
0.89148
0.89127
0.89104
0.89081
0.89056
0.89029
0.89002
0.88973
0.88943
0.88911
0.88878
0.88844
0.88809
0.88773
0.88735
0.88696
0.88656
0.88616
0.88574
0.88532
0.88488
0.88445
0.884
0.88355
0.8831
0.88264
0.88218
0.88172
0.88126
0.8808
0.88034
0.87988
0.87942
0.87897
0.87852
0.87807
0.87763
0.87719
0.87676
0.87633
0.87591
0.8755
0.87509
0.87469
0.87429
0.8739
0.87352
0.87314
0.87277
0.8724
0.87204
