1
0.9788
0.96681
0.95836
0.95258
0.94785
0.94403
0.94078
0.93811
0.93579
0.92918
0.92303
0.91731
0.91197
0.90701
0.90244
0.89822
0.8943
0.89066
0.88726
0.88407
0.88105
0.87819
0.87545
0.87285
0.87035
0.86796
0.86567
0.86347
0.86136
0.85934
0.85739
0.85553
0.85374
0.852
0.85033
0.84871
0.84714
0.84562
0.84413
0.84269
0.84128
0.83989
0.83853
0.83718
0.83584
0.8345
0.83315
0.8318
0.83045
0.82909
0.82774
0.82639
0.82505
0.82372
0.8224
0.82109
0.81978
0.81848
0.81719
0.8159
0.81461
0.81333
0.81205
0.81078
0.8095
0.80824
0.80698
0.80572
0.80447
0.80323
0.80199
0.80076
0.79954
0.79832
0.79712
0.79593
0.79475
0.7936
0.79246
0.79136
0.79028
0.78923
0.78821
0.78722
0.78626
0.78533
0.78443
0.78356
0.78272
0.78191
0.78112
0.78036
0.77962
0.7789
0.77819
0.77748
0.77678
0.77609
0.7754
0.77472
0.77404
0.77338
0.77272
0.77207
0.77143
0.7708
0.77018
0.76956
0.76896
0.76838
0.7678
0.76724
0.76669
0.76616
0.76563
0.76513
0.76463
0.76414
0.76367
0.76321
0.76276
0.76232
0.76189
0.76148
0.76108
0.76069
0.76032
0.75995
0.7596
0.75926
0.75893
0.75861
0.75831
0.75801
0.75773
0.75745
0.75719
0.75693
0.75669
0.75645
0.75621
0.75598
0.75576
0.75553
0.75531
0.7551
0.75488
0.75466
0.75444
0.75421
0.75399
0.75376
0.75353
0.75329
0.75305
0.75281
0.75256
0.75231
0.75205
0.75179
0.75153
0.75127
0.75101
0.75074
0.75048
0.75021
0.74994
0.74967
0.7494
0.74913
0.74885
0.74857
0.74829
0.748
