1
0.95412
0.94256
0.9355
0.93228
0.92954
0.92646
0.92415
0.92153
0.9196
0.91778
0.91603
0.91088
0.90597
0.90141
0.89715
0.893
0.88908
0.8852
0.88147
0.87766
0.87395
0.87017
0.8664
0.86265
0.8589
0.85521
0.85159
0.8481
0.84471
0.84149
0.8384
0.83547
0.83265
0.82998
0.82743
0.825
0.82267
0.82044
0.81829
0.81623
0.81423
0.81231
0.81044
0.80864
0.8069
0.80522
0.80359
0.80201
0.80049
0.79902
0.7976
0.79622
0.79488
0.79359
0.79234
0.79113
0.78995
0.78881
0.78771
0.78662
0.78556
0.78452
0.78348
0.78245
0.78143
0.7804
0.77935
0.77828
0.77717
0.77601
0.77481
0.77354
0.77222
0.77085
0.76944
0.76801
0.76657
0.76513
0.76371
0.76233
0.76097
0.75966
0.75838
0.75714
0.75594
0.75478
0.75366
0.75257
0.75151
0.75048
0.74949
0.74852
0.74758
0.74667
0.74578
0.74491
0.74406
0.74322
0.74239
0.74156
0.74074
0.73993
0.73911
0.7383
0.7375
0.73669
0.73588
0.73506
0.73423
