1
0.95451
0.94162
0.9333
0.92892
0.92489
0.92148
0.91909
0.91659
0.91508
0.91342
0.91221
0.9071
0.90256
0.89863
0.8952
0.89199
0.88923
0.88661
0.88435
0.88209
0.88009
0.87807
0.87616
0.87424
0.87238
0.87049
0.86866
0.86682
0.86505
0.86329
0.86159
0.8599
0.85825
0.85661
0.85499
0.85337
0.85176
0.85016
0.84858
0.84703
0.84552
0.84406
0.84267
0.84137
0.84015
0.83904
0.83804
0.83715
0.83637
0.8357
0.83513
0.83464
0.83422
0.83385
0.83349
0.83314
0.83275
0.83232
0.83184
0.83129
0.83066
0.82993
0.82909
0.82813
0.82704
0.82588
0.82471
0.82359
0.82257
0.82165
0.82084
0.8201
0.81941
0.81877
0.81815
0.81755
0.81695
0.81635
0.81574
0.81512
0.81449
0.81386
0.81322
0.8126
0.81198
0.81137
0.81077
0.81019
0.8096
0.809
0.80836
0.80769
0.80696
0.80619
0.80542
0.80468
0.80401
0.80343
0.80296
0.80259
0.80231
0.80213
0.80202
0.80199
0.80203
0.80211
0.80224
0.8024
0.80258
