1
0.95527
0.94283
0.93475
0.93012
0.92645
0.92304
0.92036
0.91778
0.91575
0.91386
0.9123
0.90694
0.90204
0.89755
0.8934
0.88948
0.88578
0.8823
0.87897
0.87577
0.87269
0.86971
0.8668
0.86403
0.86129
0.85867
0.85606
0.85354
0.85101
0.84855
0.84609
0.84367
0.84124
0.83886
0.83648
0.83413
0.8318
0.82949
0.8272
0.82492
0.82267
0.82044
0.81824
0.81608
0.81396
0.8119
0.80989
0.80794
0.80606
0.80423
0.80247
0.80077
0.79911
0.79751
0.79595
0.79443
0.79294
0.79148
0.79004
0.78862
0.7872
0.7858
0.78441
0.78303
0.78167
0.78032
0.77898
0.77766
0.77634
0.77502
0.77369
0.77236
0.77101
0.76965
0.76828
0.76689
0.76547
0.76404
0.76257
0.76108
0.75955
0.75798
0.75637
0.75474
0.75308
0.7514
0.74971
0.74803
0.74635
0.74469
0.74306
0.74146
0.73991
0.73839
0.73691
0.73548
0.7341
0.73276
0.73146
0.73021
0.729
0.72784
0.72673
0.72567
0.72465
0.72366
0.7227
0.72177
0.72085
