1
0.95362
0.94623
0.93839
0.93483
0.93223
0.93006
0.92515
0.92096
0.92028
0.91972
0.91919
0.91876
0.91836
0.91794
0.91377
0.90994
0.90646
0.90315
0.9001
0.89715
0.89442
0.89176
0.8893
0.88688
0.88462
0.88239
0.88029
0.87822
0.87625
0.8743
0.87244
0.87059
0.86879
0.867
0.86525
0.86349
0.86175
0.86001
0.85826
0.85651
0.85474
0.85297
0.8512
0.84943
0.84765
0.84587
0.84407
0.84226
0.84044
0.83861
0.83678
0.83494
0.83311
0.83127
0.82944
0.8276
0.82576
0.82394
0.82214
0.82039
0.81867
0.81702
0.81544
0.81392
0.81247
0.81107
0.80974
0.80847
0.80725
0.80609
0.80498
0.80392
0.80291
0.80194
0.80102
0.80014
0.79931
0.79851
0.79776
0.79703
0.79634
0.79567
0.79502
0.79439
0.79377
0.79315
0.79255
0.79195
0.79135
0.79074
0.79013
0.78951
0.78887
0.78822
0.78755
0.78687
0.78617
0.78546
0.78473
0.78399
0.78322
0.78244
0.78164
0.78083
0.77999
0.77913
0.77825
0.77735
0.77644
0.77551
