1
0.97409
0.96349
0.95934
0.95612
0.95341
0.95133
0.94966
0.94816
0.94691
0.94583
0.94486
0.94406
0.94081
0.94038
0.93747
0.93475
0.93222
0.92988
0.92766
0.92559
0.92364
0.92177
0.92
0.91832
0.91668
0.91514
0.91364
0.91219
0.91077
0.90939
0.90802
0.90668
0.90532
0.90397
0.9026
0.90124
0.89984
0.89845
0.89704
0.89563
0.8942
0.89279
0.89138
0.88998
0.88859
0.88723
0.88588
0.88455
0.88324
0.88196
0.8807
0.87947
0.87826
0.87707
0.87591
0.87476
0.87364
0.87253
0.87144
0.87038
0.86933
0.8683
0.86729
0.86629
0.86531
0.86435
0.86341
0.86248
0.86156
0.86066
0.85977
0.85889
0.85802
0.85716
0.85631
0.85547
0.85463
0.85379
0.85296
0.85213
0.8513
0.85047
0.84964
0.84881
0.84798
0.84715
0.84632
0.84548
0.84465
0.84381
0.84297
0.84213
0.84129
0.84044
0.83959
0.83873
0.83786
0.83699
0.83612
0.83524
0.83435
0.83346
0.83255
0.83164
0.83073
0.82981
0.82888
0.82795
0.82701
0.82607
0.82513
0.82418
0.82324
0.82229
0.82135
0.82041
0.81948
0.81854
0.81762
0.81669
0.81578
0.81487
0.81397
0.81307
0.81219
0.81131
0.81043
0.80957
0.80872
0.80787
0.80703
0.80621
0.80539
0.80458
0.80377
0.80298
0.80219
0.80141
0.80064
0.79987
0.79911
0.79835
0.79759
0.79684
0.7961
0.79536
0.79463
0.7939
0.79317
0.79246
0.79174
0.79104
0.79033
0.78964
0.78894
0.78826
0.78758
0.7869
0.78623
