1
0.97322
0.96099
0.95742
0.95391
0.95173
0.94939
0.94785
0.9464
0.94544
0.94424
0.94349
0.9429
0.93966
0.9394
0.93659
0.93378
0.93116
0.92867
0.92626
0.92393
0.92166
0.91939
0.91715
0.91492
0.91268
0.91046
0.90827
0.90607
0.90391
0.90181
0.89974
0.89775
0.89582
0.89398
0.8922
0.89051
0.88889
0.88735
0.88588
0.88447
0.88312
0.88182
0.88058
0.87937
0.8782
0.87707
0.87596
0.87487
0.8738
0.87274
0.87169
0.87066
0.86963
0.86861
0.86759
0.86657
0.86555
0.86453
0.86351
0.86249
0.86147
0.86045
0.85944
0.85843
0.85743
0.85643
0.85544
0.85446
0.85348
0.85251
0.85156
0.85062
0.84968
0.84877
0.84786
0.84698
0.84611
0.84526
0.84442
0.8436
0.84281
0.84203
0.84128
0.84055
0.83984
0.83915
0.83849
0.83786
0.83724
0.83665
0.83608
0.83553
0.83499
0.83448
0.83397
0.83348
0.833
0.83253
0.83206
0.8316
0.83114
0.83067
0.83021
0.82975
0.82928
0.82881
0.82833
0.82785
0.82736
0.82686
0.82636
0.82585
0.82533
0.82481
0.82428
0.82374
0.8232
0.82266
0.82211
0.82156
0.82101
0.82046
0.81991
0.81936
0.81881
0.81826
0.81772
0.81718
0.81664
0.81612
0.8156
0.81509
0.81458
0.81408
0.81359
0.81311
0.81264
0.81217
0.81171
0.81126
0.81081
0.81037
0.80993
0.80949
0.80906
0.80863
0.80821
0.80779
0.80736
0.80695
0.80653
0.80612
0.80571
0.80531
0.8049
0.8045
0.8041
0.80371
0.80331
