1
0.97054
0.95833
0.95324
0.94879
0.94563
0.94288
0.94075
0.93852
0.93698
0.93545
0.93432
0.93328
0.92852
0.92812
0.92373
0.91959
0.91572
0.91212
0.90871
0.90552
0.90247
0.89955
0.89673
0.89404
0.89141
0.88891
0.88649
0.88414
0.88185
0.87965
0.87749
0.87542
0.87338
0.87143
0.86952
0.8677
0.86592
0.86422
0.86258
0.86101
0.8595
0.85806
0.85669
0.85539
0.85416
0.853
0.85192
0.85092
0.84999
0.84915
0.84838
0.8477
0.84709
0.84657
0.84613
0.84577
0.8455
0.8453
0.84519
0.84515
0.84519
0.84531
0.8455
0.84576
0.84608
0.84647
0.84692
0.84742
0.84798
0.84858
0.84922
0.84991
0.85062
0.85136
0.85214
0.85293
0.85375
0.85459
0.85545
0.85633
0.85722
0.85813
0.85906
0.86001
0.86097
0.86195
0.86294
0.86394
0.86495
0.86598
0.86701
0.86806
0.86911
0.87017
0.87124
0.87231
0.87339
0.87447
0.87555
0.87664
0.87773
0.87882
0.87991
0.881
0.88208
0.88317
0.88425
0.88534
0.88641
0.88749
0.88856
0.88963
0.89069
0.89176
0.89282
0.89389
0.89495
0.89602
0.89708
0.89815
0.89921
0.90027
0.90133
0.90239
0.90345
0.9045
0.90554
0.90657
0.90759
0.9086
0.90959
0.91055
0.91148
0.91238
0.91325
0.91407
0.91484
0.91558
0.91626
0.91689
0.91748
0.91802
0.91852
0.91897
0.91937
0.91972
0.92002
0.92027
0.92045
0.92058
0.92063
0.92062
0.92052
0.92034
0.92008
0.91973
0.91931
0.91882
0.91828
