1
0.959
0.94972
0.94274
0.93931
0.93554
0.93305
0.93028
0.9278
0.9229
0.91852
0.91455
0.911
0.90755
0.90433
0.90108
0.898
0.895
0.89233
0.88981
0.88756
0.88541
0.88349
0.88166
0.88002
0.87846
0.87703
0.87565
0.87437
0.87313
0.87196
0.87081
0.86968
0.86857
0.86747
0.86637
0.86528
0.86418
0.86306
0.86193
0.8608
0.85967
0.85856
0.85747
0.8564
0.85537
0.85437
0.85341
0.85249
0.85161
0.85075
0.84991
0.8491
0.84829
0.84748
0.84667
0.84585
0.84501
0.84415
0.84327
0.84238
0.84147
0.84054
0.8396
0.83864
0.83767
0.83668
0.83567
0.83464
0.83361
0.83258
0.83154
0.83051
0.82948
0.82847
0.82746
0.82647
0.82548
0.82451
0.82355
0.8226
0.82167
0.82076
0.81986
0.81899
0.81814
0.81732
0.81652
0.81575
0.81501
0.8143
0.81362
0.81297
0.81234
0.81173
0.81112
0.81053
0.80993
0.80933
0.80871
0.80809
0.80744
0.80678
0.8061
0.80539
0.80466
0.8039
0.80311
0.8023
0.80146
0.80059
