1
3.6185
3.7397
3.8686
3.9245
3.931
3.9283
3.9543
4.0033
3.9924
4.0186
4.0092
3.9875
4.0851
4.1756
4.1626
4.15
4.1156
4.1688
4.2036
4.2616
4.31
4.3816
4.4377
4.5073
4.5627
4.6268
4.6769
4.7344
4.7808
4.8326
4.8759
4.9232
4.9644
5.0091
5.0498
5.0932
5.1338
5.1763
5.2166
5.2582
5.298
5.3385
5.3777
5.417
5.4555
5.4938
5.5317
5.5694
5.6067
5.6436
5.6801
5.716
5.7513
5.7857
5.8193
5.8518
5.8832
5.9131
5.9417
5.9687
5.9944
6.019
6.0425
6.0651
6.0868
6.1077
6.1278
6.1471
6.1657
6.1835
6.2005
6.2168
6.2323
6.2472
6.2614
6.275
6.288
6.3005
6.3125
6.324
6.335
6.3456
6.3558
6.3655
6.3748
6.3837
6.3923
