1
0.95276
0.94255
0.93731
0.93345
0.93178
0.93209
0.93162
0.93131
0.93074
0.93071
0.93089
0.93129
0.92969
0.92843
0.92836
0.92844
0.92845
0.92731
0.92575
0.92434
0.9226
0.92104
0.91921
0.9175
0.91555
0.91374
0.91173
0.90986
0.90784
0.90595
0.90394
0.90204
0.90003
0.8981
0.89608
0.89412
0.89213
0.8902
0.88825
0.88638
0.88452
0.88274
0.88098
0.87926
0.87753
0.8758
0.87404
0.87225
0.87045
0.86863
0.8668
0.86498
0.86316
0.86136
0.85958
0.85785
0.85616
0.85451
0.85289
0.85128
0.8497
0.84815
0.84663
0.84515
0.84372
0.84234
0.84101
0.83975
0.83854
0.8374
0.83632
0.83531
0.83437
0.83349
0.83267
0.8319
0.83119
0.83052
0.82989
0.82927
0.82863
0.82794
0.82717
0.82624
0.82511
0.82369
0.82193
