63.3774
-0.83765
-0.83349
-0.83915
-0.83493
-0.83517
-0.85589
-0.84338
-0.86678
-0.87594
-0.88015
-0.87118
-0.86561
-0.85679
-0.8528
-0.86196
-0.8623
-0.8463
-0.86026
-0.8486
-0.85128
-0.8346
-0.84101
-0.8899
-0.849
-0.83022
-0.8503
-0.85077
-0.79579
-0.7958
-0.80248
-0.78129
-0.77412
-0.79549
-0.80882
-0.80832
-0.80918
-0.77471
-0.77885
-0.76855
-0.83386
-0.77543
-0.83135
-0.81414
-0.81093
-0.79931
-0.81257
-0.87311
-0.86827
-0.84342
-0.84682
-0.82434
-0.8008
-0.85606
-1.3127
-1.1921
-1.2718
-1.3394
0
0
-1.8779
0
0
-1.7297
-1.9103
0
0
0
0
0
0
0
-2.2041
0
0
0
0
0
0
0
0
0
0
0
0
0
0
0
0
0
0
0
0
0
0
0
0
0
0
0
0
0
0
0
0
0
0
0
0
0
0
0
0
0
0
0
0
0
0
0
0
-6.4302
-0.83765
58.8124
-0.82563
-0.83206
-0.82767
-0.82778
-0.84881
-0.83621
-0.85651
-0.86847
-0.87288
-0.86344
-0.85756
-0.84862
-0.84563
-0.85523
-0.85488
-0.83892
-0.85285
-0.84122
-0.84392
-0.82724
-0.83364
-0.88166
-0.84162
-0.82286
-0.83963
-0.84338
-0.78829
-0.7883
-0.79501
-0.77378
-0.76732
-0.78926
-0.80163
-0.80112
-0.80253
-0.76753
-0.77254
-0.76093
-0.82824
-0.76919
-0.81813
-0.80588
-0.80547
-0.79193
-0.79869
-0.86818
-0.86251
-0.83646
-0.83906
-0.81679
-0.79393
-0.85008
-1.3011
-1.1871
-1.2682
-1.3347
0
0
-1.8741
0
0
-1.7286
-1.9129
0
0
0
-2.2703
0
0
0
-2.2166
0
0
0
0
0
0
0
0
0
0
0
0
0
0
0
0
0
0
0
0
0
0
0
0
0
0
0
0
0
0
0
0
0
0
0
0
0
0
0
0
0
0
0
0
0
0
0
0
0
-0.83349
-0.82563
57.1846
-0.82533
-0.82085
-0.82168
-0.84158
-0.82992
-0.84959
-0.85849
-0.865
-0.85584
-0.84981
-0.8414
-0.83806
-0.84847
-0.84768
-0.83176
-0.84566
-0.83406
-0.83632
-0.82009
-0.82649
-0.87358
-0.83446
-0.81572
-0.83562
-0.83622
-0.78117
-0.78118
-0.78839
-0.76667
-0.76034
-0.78213
-0.79412
-0.79342
-0.79774
-0.76014
-0.76511
-0.75381
-0.82017
-0.76131
-0.81164
-0.79758
-0.79746
-0.78417
-0.79218
-0.86065
-0.8545
-0.82968
-0.83211
-0.80952
-0.78634
-0.84243
-1.3007
-1.2023
-1.2594
-1.3248
0
0
-1.8615
0
0
-1.716
-1.9001
0
0
0
0
0
0
0
0
0
0
0
0
0
0
0
0
0
0
0
0
0
0
0
0
0
0
0
0
0
0
0
0
0
0
0
0
0
0
0
0
-3.2731
0
0
0
0
0
0
0
0
0
0
0
0
0
0
0
0
-0.83915
-0.83206
-0.82533
54.0469
-0.82374
-0.82509
-0.84419
-0.838
-0.85677
-0.86574
-0.8705
-0.86139
-0.85542
-0.84814
-0.84303
-0.85348
-0.85315
-0.83722
-0.85113
-0.83953
-0.84165
-0.8255
-0.83193
-0.8795
-0.83993
-0.82112
-0.84086
-0.84168
-0.78618
-0.78621
-0.79294
-0.77166
-0.76548
-0.78543
-0.79936
-0.79878
-0.80058
-0.76528
-0.7704
-0.7587
-0.8262
-0.76667
-0.81588
-0.80325
-0.80344
-0.78984
-0.79948
-0.86766
-0.86073
-0.83392
-0.83721
-0.81469
-0.78782
-0.84906
-1.3056
-1.184
-1.2654
-1.319
-1.7216
0
0
0
0
-1.7235
-1.9057
0
0
0
0
0
0
0
0
0
0
0
0
0
0
0
0
0
0
0
0
0
0
0
0
0
0
0
0
0
0
0
0
0
0
0
0
0
0
0
0
0
0
0
0
0
0
0
0
0
0
0
0
0
0
0
0
0
-0.83493
-0.82767
-0.82085
-0.82374
51.7787
-0.81969
-0.83828
-0.82998
-0.85012
-0.85933
-0.86381
-0.85511
-0.84885
-0.84179
-0.83655
-0.84721
-0.84733
-0.83143
-0.84531
-0.83373
-0.8352
-0.81969
-0.82613
-0.87251
-0.83413
-0.81528
-0.83439
-0.8359
-0.78013
-0.78014
-0.78683
-0.76554
-0.75924
-0.7791
-0.79289
-0.79238
-0.79427
-0.759
-0.76422
-0.75248
-0.81972
-0.76046
-0.80958
-0.79726
-0.79708
-0.7835
-0.79322
-0.86104
-0.85418
-0.83126
-0.8308
-0.80832
-0.78146
-0.84254
-1.2985
-1.1767
-1.2582
-1.3112
-1.7125
0
0
0
0
-1.716
0
0
0
0
0
0
0
0
0
0
0
0
0
0
0
0
0
0
0
0
0
0
0
0
0
0
0
0
0
0
0
0
0
0
0
0
0
0
0
0
0
0
0
0
0
0
0
0
0
0
0
0
0
0
0
0
0
0
-0.83517
-0.82778
-0.82168
-0.82509
-0.81969
52.7275
-0.83825
-0.83037
-0.84945
-0.85883
-0.86382
-0.85517
-0.84854
-0.84204
-0.83682
-0.84714
-0.84695
-0.83104
-0.84492
-0.83334
-0.83513
-0.81933
-0.82574
-0.87206
-0.83374
-0.81493
-0.83401
-0.83549
-0.78001
-0.78002
-0.78676
-0.7654
-0.75764
-0.77029
-0.7929
-0.79232
-0.7948
-0.75891
-0.76458
-0.75245
-0.82001
-0.75984
-0.80978
-0.79764
-0.79745
-0.7832
-0.79365
-0.85904
-0.8544
-0.83158
-0.8309
-0.8083
-0.78559
-0.84227
-1.2986
-1.1794
-1.2551
-1.3241
0
0
0
0
0
-1.7164
0
0
0
0
0
0
0
0
0
0
0
0
0
0
0
0
0
0
-2.6576
0
0
0
0
0
0
0
0
0
0
0
0
0
0
0
0
0
0
0
0
0
0
0
0
0
0
0
0
0
0
0
0
0
0
0
0
0
0
0
-0.85589
-0.84881
-0.84158
-0.84419
-0.83828
-0.83825
56.3443
-0.846
-0.86712
-0.87628
-0.88079
-0.87195
-0.86357
-0.85886
-0.85337
-0.86297
-0.86341
-0.84742
-0.86138
-0.84973
-0.85188
-0.83568
-0.84212
-0.8897
-0.85012
-0.83129
-0.84829
-0.85189
-0.79644
-0.79644
-0.80391
-0.7818
-0.77459
-0.79493
-0.80949
-0.80877
-0.80956
-0.77524
-0.77938
-0.76882
-0.83393
-0.77586
-0.83069
-0.8159
-0.81109
-0.79925
-0.81029
-0.87405
-0.86875
-0.84981
-0.84766
-0.8248
-0.80193
-0.85733
-1.3199
0
-1.2737
-1.3405
0
0
0
0
0
0
0
0
-1.9866
0
0
0
0
0
0
0
0
0
0
0
0
0
0
0
0
0
0
0
0
0
0
0
0
0
0
0
0
0
0
0
0
0
0
0
0
0
0
0
0
0
0
0
0
0
-6.2521
0
0
0
0
0
0
0
0
0
-0.84338
-0.83621
-0.82992
-0.838
-0.82998
-0.83037
-0.846
54.4152
-0.85833
-0.86782
-0.87119
-0.86558
-0.85645
-0.84481
-0.84457
-0.85611
-0.8549
-0.83894
-0.85287
-0.84124
-0.84267
-0.82721
-0.83365
-0.87925
-0.84164
-0.8228
-0.84192
-0.84341
-0.7877
-0.78772
-0.7949
-0.77303
-0.7664
-0.78924
-0.79673
-0.79624
-0.80116
-0.76609
-0.77076
-0.75999
-0.82661
-0.76848
-0.81808
-0.80565
-0.80408
-0.78834
-0.79996
-0.86737
-0.86154
-0.83964
-0.8386
-0.81618
-0.79295
-0.84979
-1.3052
0
0
-1.3307
0
0
0
-1.5504
0
0
0
0
0
0
0
0
0
0
0
-2.5194
0
0
0
0
0
0
0
0
0
0
0
0
0
0
0
0
0
0
0
0
0
0
0
0
0
0
-4.0029
0
0
0
0
0
0
0
0
0
0
0
0
0
0
0
0
0
0
0
0
0
-0.86678
-0.85651
-0.84959
-0.85677
-0.85012
-0.84945
-0.86712
-0.85833
49.9464
-0.88249
-0.89179
-0.8841
-0.87951
-0.87003
-0.86489
-0.8765
-0.87588
-0.85986
-0.87386
-0.86218
-0.86338
-0.84797
-0.8545
-0.904
-0.86259
-0.8435
-0.85829
-0.86437
-0.80718
-0.80719
-0.81488
-0.79235
-0.78662
-0.80594
-0.82182
-0.82026
-0.8235
-0.7864
-0.79175
-0.77937
-0.84744
-0.78738
-0.83903
-0.8258
-0.82429
-0.81051
-0.82244
-0.88892
-0.88198
-0.86068
-0.86
-0.83588
-0.81441
-0.87043
0
0
0
0
0
0
0
0
0
0
0
0
0
0
-2.2838
0
0
0
0
0
0
0
0
-2.8818
0
0
0
0
0
0
0
0
0
0
0
0
0
0
0
0
0
0
0
0
0
0
0
0
0
0
0
0
0
0
0
0
0
0
0
0
0
0
0
0
0
0
0
0
-0.87594
-0.86847
-0.85849
-0.86574
-0.85933
-0.85883
-0.87628
-0.86782
-0.88249
48.1579
-0.90347
-0.89472
-0.88582
-0.87866
-0.87245
-0.88576
-0.88591
-0.86984
-0.8839
-0.87219
-0.87201
-0.85779
-0.86441
-0.91114
-0.87259
-0.85326
-0.87254
-0.8744
-0.81573
-0.81574
-0.82374
-0.80078
-0.79562
-0.81532
-0.83114
-0.82929
-0.8333
-0.79531
-0.80081
-0.788
-0.85693
-0.79604
-0.84848
-0.83555
-0.83357
-0.8201
-0.83193
-0.89945
-0.89155
-0.86986
-0.86952
-0.84497
-0.82333
-0.87978
0
0
0
0
0
0
0
0
0
0
0
0
0
0
0
0
0
0
0
0
0
0
0
-2.8877
0
0
0
0
0
0
0
0
0
0
0
0
0
0
0
0
0
0
0
0
0
0
0
0
0
0
0
0
0
0
0
0
0
0
0
0
0
0
0
0
0
0
0
0
-0.88015
-0.87288
-0.865
-0.8705
-0.86381
-0.86382
-0.88079
-0.87119
-0.89179
-0.90347
48.8646
-0.8996
-0.88941
-0.88443
-0.87814
-0.89039
-0.89073
-0.87464
-0.88871
-0.87699
-0.87742
-0.8626
-0.86921
-0.91513
-0.87739
-0.85808
-0.87788
-0.87919
-0.82075
-0.82077
-0.8287
-0.80584
-0.80101
-0.82196
-0.83618
-0.83418
-0.8366
-0.80027
-0.80596
-0.79307
-0.8627
-0.80217
-0.85234
-0.8404
-0.83925
-0.82505
-0.83606
-0.90664
-0.89748
-0.87536
-0.87507
-0.85036
-0.82833
-0.88502
0
0
0
0
0
0
0
0
0
0
0
0
0
0
0
0
0
0
0
0
0
0
0
0
0
0
0
0
0
0
0
0
0
0
0
0
0
0
0
-3.3297
0
0
0
0
0
0
0
0
0
0
0
0
0
0
0
0
0
0
0
0
0
0
0
0
0
0
0
0
-0.87118
-0.86344
-0.85584
-0.86139
-0.85511
-0.85517
-0.87195
-0.86558
-0.8841
-0.89472
-0.8996
48.0358
-0.88317
-0.8747
-0.8682
-0.88099
-0.88236
-0.86631
-0.88036
-0.86866
-0.86785
-0.85426
-0.86088
-0.90667
-0.86907
-0.84972
-0.86822
-0.87086
-0.81199
-0.812
-0.81991
-0.79701
-0.79142
-0.81306
-0.82681
-0.82487
-0.82727
-0.79133
-0.79716
-0.78412
-0.85329
-0.79332
-0.84247
-0.83004
-0.83024
-0.81741
-0.82614
-0.89578
-0.88817
-0.86556
-0.86566
-0.84103
-0.81958
-0.87645
0
0
0
0
0
0
0
0
0
0
0
0
0
0
0
0
0
0
0
0
0
0
0
0
0
0
0
0
0
0
0
-2.9633
0
0
0
0
0
0
0
0
0
0
0
0
0
0
0
0
0
0
0
0
0
0
0
0
0
0
0
0
0
0
0
0
0
0
0
0
-0.86561
-0.85756
-0.84981
-0.85542
-0.84885
-0.84854
-0.86357
-0.85645
-0.87951
-0.88582
-0.88941
-0.88317
50.0323
-0.87019
-0.86526
-0.87576
-0.87407
-0.85807
-0.87203
-0.86038
-0.86291
-0.84626
-0.85275
-0.90339
-0.86078
-0.84184
-0.85862
-0.86256
-0.80579
-0.80579
-0.81298
-0.79035
-0.78528
-0.8077
-0.82109
-0.81904
-0.8214
-0.78516
-0.79087
-0.77794
-0.84718
-0.7873
-0.83783
-0.81573
-0.82407
-0.80939
-0.81755
-0.88874
-0.88144
-0.85974
-0.86
-0.83587
0
0
0
0
0
0
0
0
0
0
0
0
0
0
-1.9987
0
0
-2.195
0
0
0
0
0
0
0
0
0
0
0
0
0
0
0
0
0
-2.8017
0
0
0
0
0
0
0
0
0
0
0
0
0
0
0
0
0
0
0
0
0
0
0
0
0
0
0
0
0
0
0
0
0
0
-0.85679
-0.84862
-0.8414
-0.84814
-0.84179
-0.84204
-0.85886
-0.84481
-0.87003
-0.87866
-0.88443
-0.8747
-0.87019
46.8425
-0.85269
-0.86491
-0.8692
-0.85317
-0.86723
-0.85553
-0.85239
-0.84104
-0.84771
-0.89344
-0.85594
-0.83648
-0.85286
-0.85774
-0.79799
-0.79801
-0.80579
-0.78288
-0.77738
-0.80065
-0.8123
-0.8105
-0.81227
-0.77674
-0.78229
-0.76966
-0.83745
-0.77801
-0.82725
-0.81685
-0.81459
-0.80132
-0.80814
-0.87937
-0.87199
-0.85032
-0.85025
-0.82582
-0.80476
-0.86057
0
0
0
0
0
0
0
0
0
0
0
0
0
0
0
0
0
0
0
-2.5285
0
0
0
0
0
0
0
0
0
0
0
0
0
0
0
0
0
0
0
0
0
0
0
0
0
0
0
0
0
0
0
0
0
0
0
0
0
0
0
0
0
0
0
0
0
0
0
0
-0.8528
-0.84563
-0.83806
-0.84303
-0.83655
-0.83682
-0.85337
-0.84457
-0.86489
-0.87245
-0.87814
-0.8682
-0.86526
-0.85269
45.6768
-0.85846
-0.86935
-0.85291
-0.86735
-0.85535
-0.84623
-0.84041
-0.84729
-0.88741
-0.85576
-0.83569
-0.84683
-0.85762
-0.79411
-0.79412
-0.80174
-0.77861
-0.77268
-0.78954
-0.80647
-0.80506
-0.80584
-0.77119
-0.77524
-0.76451
-0.83096
-0.77223
-0.82161
-0.80988
-0.8088
-0.79545
-0.80439
-0.8727
-0.86621
-0.84441
-0.84437
-0.82014
-0.79848
-0.8553
0
0
0
0
0
0
0
0
-1.5996
0
0
0
0
0
0
0
0
0
0
0
0
0
0
0
0
0
0
0
0
0
0
0
0
0
0
0
0
0
0
0
0
0
0
0
0
0
0
0
0
0
0
0
0
0
0
0
0
0
0
0
0
0
0
0
0
0
0
0
-0.86196
-0.85523
-0.84847
-0.85348
-0.84721
-0.84714
-0.86297
-0.85611
-0.8765
-0.88576
-0.89039
-0.88099
-0.87576
-0.86491
-0.85846
47.2536
-0.87398
-0.85795
-0.87201
-0.86033
-0.85837
-0.84587
-0.85252
-0.89718
-0.86072
-0.84131
-0.85881
-0.86252
-0.80326
-0.80329
-0.81103
-0.78822
-0.78327
-0.8023
-0.81864
-0.81679
-0.81837
-0.78231
-0.78625
-0.77513
-0.84332
-0.78305
-0.8329
-0.82329
-0.82064
-0.80678
-0.81598
-0.88628
-0.87853
-0.85608
-0.85614
-0.83169
-0.81055
-0.86678
0
0
0
0
0
0
0
0
0
0
0
0
0
0
0
0
0
0
0
0
0
0
0
0
0
0
0
0
0
0
0
0
0
0
0
0
0
-2.6458
0
0
0
0
0
0
0
0
0
0
0
0
0
0
0
0
0
0
0
0
0
0
0
0
0
0
0
0
0
0
-0.8623
-0.85488
-0.84768
-0.85315
-0.84733
-0.84695
-0.86341
-0.8549
-0.87588
-0.88591
-0.89073
-0.88236
-0.87407
-0.8692
-0.86935
-0.87398
44.5384
-0.84475
-0.86222
-0.84757
-0.86473
-0.83061
-0.83831
-0.8981
-0.84806
-0.82539
-0.86014
-0.85026
-0.797
-0.79701
-0.806
-0.78332
-0.77922
-0.80827
-0.819
-0.8159
-0.82218
-0.78255
-0.78801
-0.77392
-0.84747
-0.78329
-0.83522
-0.82781
-0.82276
-0.80835
-0.82001
-0.89238
-0.88056
-0.8577
-0.85718
-0.8325
-0.8112
-0.86738
0
0
0
0
0
0
0
0
0
0
0
0
0
0
0
0
0
0
0
0
0
0
0
0
0
0
0
0
0
0
0
0
0
0
0
0
0
0
0
0
0
0
0
0
0
0
0
0
0
0
0
0
0
0
0
0
0
0
0
0
0
0
0
0
0
0
0
0
-0.8463
-0.83892
-0.83176
-0.83722
-0.83143
-0.83104
-0.84742
-0.83894
-0.85986
-0.86984
-0.87464
-0.86631
-0.85807
-0.85317
-0.85291
-0.85795
-0.84475
43.6791
-0.84189
-0.82688
-0.84863
-0.81044
-0.81781
-0.88199
-0.82737
-0.80554
-0.84423
-0.82955
-0.78102
-0.78104
-0.78992
-0.76748
-0.763
-0.79281
-0.80316
-0.80005
-0.80644
-0.76688
-0.77232
-0.75829
-0.83166
-0.76763
-0.81933
-0.8122
-0.80698
-0.79262
-0.80426
-0.87653
-0.8645
-0.84167
-0.84114
-0.81662
-0.7954
-0.85128
0
0
0
0
0
0
0
0
0
0
0
0
0
0
0
0
0
0
0
0
0
0
0
0
0
0
0
0
0
0
0
0
0
0
0
0
0
0
0
0
0
0
0
0
0
0
0
0
0
0
0
0
0
0
0
0
0
0
0
0
0
0
0
0
0
0
0
0
-0.86026
-0.85285
-0.84566
-0.85113
-0.84531
-0.84492
-0.86138
-0.85287
-0.87386
-0.8839
-0.88871
-0.88036
-0.87203
-0.86723
-0.86735
-0.87201
-0.86222
-0.84189
44.4285
-0.84475
-0.86276
-0.82777
-0.83547
-0.89605
-0.84524
-0.82259
-0.85816
-0.84743
-0.79489
-0.79491
-0.80388
-0.78126
-0.77708
-0.80639
-0.81701
-0.8139
-0.82025
-0.78057
-0.78601
-0.77192
-0.84554
-0.78131
-0.83324
-0.82594
-0.82081
-0.80639
-0.81807
-0.89049
-0.87857
-0.85569
-0.85516
-0.83051
-0.80921
-0.86535
0
0
0
0
0
0
0
0
0
0
0
0
0
0
0
0
0
0
0
0
0
0
0
0
0
0
0
0
0
0
0
0
0
0
0
0
0
0
0
0
0
0
0
0
0
0
0
0
0
0
0
0
0
0
0
0
0
0
0
0
0
0
0
0
0
0
0
0
-0.8486
-0.84122
-0.83406
-0.83953
-0.83373
-0.83334
-0.84973
-0.84124
-0.86218
-0.87219
-0.87699
-0.86866
-0.86038
-0.85553
-0.85535
-0.86033
-0.84757
-0.82688
-0.84475
43.8026
-0.85101
-0.81312
-0.82054
-0.88432
-0.83019
-0.80817
-0.84656
-0.83239
-0.78326
-0.78328
-0.79219
-0.76973
-0.76528
-0.79511
-0.80546
-0.80234
-0.80877
-0.76916
-0.77458
-0.76053
-0.83401
-0.76989
-0.82166
-0.81455
-0.80929
-0.79491
-0.80659
-0.87891
-0.86685
-0.84401
-0.84348
-0.81893
-0.7977
-0.85362
0
0
0
0
0
0
0
0
0
0
0
0
0
0
0
0
0
0
0
0
0
0
0
0
0
0
0
0
0
0
0
0
0
0
0
0
0
0
0
0
0
0
0
0
0
0
0
0
0
0
0
0
0
0
0
0
0
0
0
0
0
0
0
0
0
0
0
0
-0.85128
-0.84392
-0.83632
-0.84165
-0.8352
-0.83513
-0.85188
-0.84267
-0.86338
-0.87201
-0.87742
-0.86785
-0.86291
-0.85239
-0.84623
-0.85837
-0.86473
-0.84863
-0.86276
-0.85101
45.8477
-0.83639
-0.84313
-0.88573
-0.85142
-0.83178
-0.84538
-0.85325
-0.79102
-0.79103
-0.79886
-0.77594
-0.77001
-0.78931
-0.80489
-0.80326
-0.80435
-0.75833
-0.77551
-0.7628
-0.82997
-0.77118
-0.82039
-0.8083
-0.80761
-0.79371
-0.80364
-0.87079
-0.86466
-0.84318
-0.84318
-0.81907
-0.79758
0
0
0
0
0
0
0
0
0
0
0
0
0
0
0
0
0
0
0
0
0
0
0
-2.7363
0
0
0
0
0
0
0
0
0
0
0
0
0
0
0
0
0
0
0
0
0
0
0
0
0
0
0
0
0
0
0
0
0
0
0
0
0
0
0
0
0
0
0
0
0
-0.8346
-0.82724
-0.82009
-0.8255
-0.81969
-0.81933
-0.83568
-0.82721
-0.84797
-0.85779
-0.8626
-0.85426
-0.84626
-0.84104
-0.84041
-0.84587
-0.83061
-0.81044
-0.82777
-0.81312
-0.83639
43.0525
-0.80445
-0.87005
-0.81361
-0.79285
-0.83225
-0.81572
-0.76985
-0.76987
-0.77873
-0.75625
-0.7516
-0.78094
-0.79148
-0.78845
-0.79447
-0.75539
-0.76079
-0.7469
-0.81955
-0.75613
-0.80751
-0.80003
-0.79511
-0.7809
-0.79237
-0.86403
-0.85241
-0.82975
-0.82925
-0.80484
-0.78372
-0.83939
0
0
0
0
0
0
0
0
0
0
0
0
0
0
0
0
0
0
0
0
0
0
0
0
0
0
0
0
0
0
0
0
0
0
0
0
0
0
0
0
0
0
0
0
0
0
0
0
0
0
0
0
0
0
0
0
0
0
0
0
0
0
0
0
0
0
0
0
-0.84101
-0.83364
-0.82649
-0.83193
-0.82613
-0.82574
-0.84212
-0.83365
-0.8545
-0.86441
-0.86921
-0.86088
-0.85275
-0.84771
-0.84729
-0.85252
-0.83831
-0.81781
-0.83547
-0.82054
-0.84313
-0.80445
43.3957
-0.8766
-0.82105
-0.79967
-0.83883
-0.82319
-0.77592
-0.77593
-0.78481
-0.76238
-0.7578
-0.78748
-0.79787
-0.79481
-0.80107
-0.76169
-0.7671
-0.75313
-0.82623
-0.76243
-0.814
-0.80676
-0.80164
-0.78734
-0.79891
-0.87094
-0.85906
-0.83629
-0.83578
-0.81129
-0.79013
-0.84592
0
0
0
0
0
0
0
0
0
0
0
0
0
0
0
0
0
0
0
0
0
0
0
0
0
0
0
0
0
0
0
0
0
0
0
0
0
0
0
0
0
0
0
0
0
0
0
0
0
0
0
0
0
0
0
0
0
0
0
0
0
0
0
0
0
0
0
0
-0.8899
-0.88166
-0.87358
-0.8795
-0.87251
-0.87206
-0.8897
-0.87925
-0.904
-0.91114
-0.91513
-0.90667
-0.90339
-0.89344
-0.88741
-0.89718
-0.8981
-0.88199
-0.89605
-0.88432
-0.88573
-0.87005
-0.8766
50.8115
-0.88471
-0.86558
-0.88531
-0.88651
-0.8286
-0.82861
-0.83662
-0.8138
-0.80788
-0.82825
-0.84377
-0.84199
-0.84385
-0.80812
-0.81156
-0.80117
-0.86564
-0.80813
-0.86379
-0.85036
-0.84254
-0.83397
-0.84742
-0.90858
-0.90165
-0.88422
-0.88333
-0.85877
-0.8366
0
0
0
0
0
0
0
0
0
0
0
0
0
0
0
0
0
0
0
0
0
0
0
0
0
0
0
0
0
0
0
0
0
0
0
0
0
0
0
0
0
0
0
0
0
0
0
0
0
0
0
0
0
0
0
-5.7609
0
0
0
0
0
0
0
0
0
0
0
0
0
-0.849
-0.84162
-0.83446
-0.83993
-0.83413
-0.83374
-0.85012
-0.84164
-0.86259
-0.87259
-0.87739
-0.86907
-0.86078
-0.85594
-0.85576
-0.86072
-0.84806
-0.82737
-0.84524
-0.83019
-0.85142
-0.81361
-0.82105
-0.88471
43.8241
-0.80865
-0.84697
-0.83287
-0.78365
-0.78367
-0.79257
-0.7701
-0.76568
-0.79551
-0.80585
-0.80273
-0.80917
-0.76955
-0.77498
-0.76093
-0.83441
-0.77028
-0.82206
-0.81495
-0.80971
-0.79531
-0.80698
-0.87934
-0.86726
-0.84442
-0.84389
-0.81933
-0.7981
-0.85403
0
0
0
0
0
0
0
0
0
0
0
0
0
0
0
0
0
0
0
0
0
0
0
0
0
0
0
0
0
0
0
0
0
0
0
0
0
0
0
0
0
0
0
0
0
0
0
0
0
0
0
0
0
0
0
0
0
0
0
0
0
0
0
0
0
0
0
0
-0.83022
-0.82286
-0.81572
-0.82112
-0.81528
-0.81493
-0.83129
-0.8228
-0.8435
-0.85326
-0.85808
-0.84972
-0.84184
-0.83648
-0.83569
-0.84131
-0.82539
-0.80554
-0.82259
-0.80817
-0.83178
-0.79285
-0.79967
-0.86558
-0.80865
42.8186
-0.82774
-0.81071
-0.76578
-0.76579
-0.77466
-0.75211
-0.74744
-0.77644
-0.78712
-0.78412
-0.78994
-0.7511
-0.75649
-0.74265
-0.81497
-0.75185
-0.80307
-0.79537
-0.79066
-0.77651
-0.78789
-0.85926
-0.84785
-0.82527
-0.82479
-0.80042
-0.77935
-0.83494
0
0
0
0
0
0
0
0
0
0
0
0
0
0
0
0
0
0
0
0
0
0
0
0
0
0
0
0
0
0
0
0
0
0
0
0
0
0
0
0
0
0
0
0
0
0
0
0
0
0
0
0
0
0
0
0
0
0
0
0
0
0
0
0
0
0
0
0
-0.8503
-0.83963
-0.83562
-0.84086
-0.83439
-0.83401
-0.84829
-0.84192
-0.85829
-0.87254
-0.87788
-0.86822
-0.85862
-0.85286
-0.84683
-0.85881
-0.86014
-0.84423
-0.85816
-0.84656
-0.84538
-0.83225
-0.83883
-0.88531
-0.84697
-0.82774
46.4798
-0.84875
-0.78974
-0.78976
-0.79653
-0.77381
-0.76857
-0.78983
-0.80441
-0.80237
-0.80424
-0.76873
-0.77416
-0.76133
-0.82971
-0.7702
-0.8194
-0.80917
-0.8068
-0.79276
-0.79794
-0.87147
-0.86394
-0.84258
-0.84264
-0.81858
0
0
0
0
0
0
0
0
0
0
0
0
0
0
-1.981
0
-2.2567
0
0
0
0
0
0
0
0
0
0
0
0
0
0
0
0
0
0
0
0
0
0
0
0
0
0
0
0
0
0
0
0
0
0
0
0
0
0
0
0
0
0
0
0
0
0
0
0
0
0
0
0
0
-0.85077
-0.84338
-0.83622
-0.84168
-0.8359
-0.83549
-0.85189
-0.84341
-0.86437
-0.8744
-0.87919
-0.87086
-0.86256
-0.85774
-0.85762
-0.86252
-0.85026
-0.82955
-0.84743
-0.83239
-0.85325
-0.81572
-0.82319
-0.88651
-0.83287
-0.81071
-0.84875
43.9189
-0.7854
-0.7854
-0.79433
-0.77184
-0.76744
-0.79725
-0.80762
-0.8045
-0.81095
-0.77128
-0.77671
-0.76264
-0.8362
-0.77202
-0.82383
-0.81672
-0.81147
-0.79707
-0.80875
-0.88116
-0.86906
-0.8462
-0.84567
-0.8211
-0.79986
-0.85582
0
0
0
0
0
0
0
0
0
0
0
0
0
0
0
0
0
0
0
0
0
0
0
0
0
0
0
0
0
0
0
0
0
0
0
0
0
0
0
0
0
0
0
0
0
0
0
0
0
0
0
0
0
0
0
0
0
0
0
0
0
0
0
0
0
0
0
0
-0.79579
-0.78829
-0.78117
-0.78618
-0.78013
-0.78001
-0.79644
-0.7877
-0.80718
-0.81573
-0.82075
-0.81199
-0.80579
-0.79799
-0.79411
-0.80326
-0.797
-0.78102
-0.79489
-0.78326
-0.79102
-0.76985
-0.77592
-0.8286
-0.78365
-0.76578
-0.78974
-0.7854
40.1887
-0.72758
-0.74082
-0.71687
-0.71952
-0.73509
-0.74919
-0.74705
-0.75159
-0.71441
-0.71984
-0.70722
-0.77589
-0.71529
-0.76524
-0.75667
-0.75237
-0.7392
-0.74904
-0.81862
-0.80823
-0.78715
-0.7873
-0.76335
-0.74251
0
0
0
0
0
0
0
0
0
0
0
0
0
0
0
0
0
0
0
0
0
0
0
0
0
0
0
0
0
0
0
0
0
0
0
0
0
0
0
0
0
0
0
0
0
0
0
0
0
0
0
0
0
0
0
0
0
0
0
0
0
0
0
0
0
0
0
0
0
-0.7958
-0.7883
-0.78118
-0.78621
-0.78014
-0.78002
-0.79644
-0.78772
-0.80719
-0.81574
-0.82077
-0.812
-0.80579
-0.79801
-0.79412
-0.80329
-0.79701
-0.78104
-0.79491
-0.78328
-0.79103
-0.76987
-0.77593
-0.82861
-0.78367
-0.76579
-0.78976
-0.7854
-0.72758
40.1894
-0.74083
-0.71688
-0.71954
-0.73511
-0.7492
-0.74707
-0.75161
-0.71442
-0.71987
-0.70723
-0.7759
-0.71531
-0.76526
-0.75669
-0.75239
-0.73922
-0.74907
-0.81863
-0.80824
-0.78716
-0.78731
-0.76336
-0.74252
0
0
0
0
0
0
0
0
0
0
0
0
0
0
0
0
0
0
0
0
0
0
0
0
0
0
0
0
0
0
0
0
0
0
0
0
0
0
0
0
0
0
0
0
0
0
0
0
0
0
0
0
0
0
0
0
0
0
0
0
0
0
0
0
0
0
0
0
0
-0.80248
-0.79501
-0.78839
-0.79294
-0.78683
-0.78676
-0.80391
-0.7949
-0.81488
-0.82374
-0.8287
-0.81991
-0.81298
-0.80579
-0.80174
-0.81103
-0.806
-0.78992
-0.80388
-0.79219
-0.79886
-0.77873
-0.78481
-0.83662
-0.79257
-0.77466
-0.79653
-0.79433
-0.74082
-0.74083
40.9561
-0.72449
-0.72846
-0.74003
-0.75646
-0.75429
-0.75842
-0.72123
-0.72676
-0.71405
-0.78118
-0.72223
-0.77284
-0.76032
-0.75932
-0.74589
-0.75596
-0.82577
-0.81502
-0.79313
-0.79464
-0.77079
0
0
0
-1.1341
0
0
0
0
0
0
0
0
0
0
0
0
0
0
0
0
0
0
0
0
0
0
0
0
0
0
0
0
0
0
0
0
0
0
0
0
0
0
0
0
0
0
0
0
0
0
0
0
0
0
0
0
0
0
0
0
0
0
0
0
0
0
0
0
0
0
-0.78129
-0.77378
-0.76667
-0.77166
-0.76554
-0.7654
-0.7818
-0.77303
-0.79235
-0.80078
-0.80584
-0.79701
-0.79035
-0.78288
-0.77861
-0.78822
-0.78332
-0.76748
-0.78126
-0.76973
-0.77594
-0.75625
-0.76238
-0.8138
-0.7701
-0.75211
-0.77381
-0.77184
-0.71687
-0.71688
-0.72449
38.7011
-0.70266
-0.71909
-0.73429
-0.73273
-0.73486
-0.69955
-0.70509
-0.69276
-0.7593
-0.70043
-0.74947
-0.74003
-0.73673
-0.72376
-0.73298
-0.80203
-0.79193
-0.77125
-0.77193
-0.74877
0
0
0
0
0
0
0
0
0
0
0
0
0
0
0
0
0
0
0
0
0
0
0
0
0
0
0
0
0
0
0
0
0
0
0
0
0
0
0
0
0
0
0
0
0
0
0
0
0
0
0
0
0
0
0
0
0
0
0
0
0
0
0
0
0
0
0
0
0
0
-0.77412
-0.76732
-0.76034
-0.76548
-0.75924
-0.75764
-0.77459
-0.7664
-0.78662
-0.79562
-0.80101
-0.79142
-0.78528
-0.77738
-0.77268
-0.78327
-0.77922
-0.763
-0.77708
-0.76528
-0.77001
-0.7516
-0.7578
-0.80788
-0.76568
-0.74744
-0.76857
-0.76744
-0.71952
-0.71954
-0.72846
-0.70266
41.5915
-0.70349
-0.72547
-0.72503
-0.71917
-0.69155
-0.69735
-0.68577
-0.74493
-0.69347
-0.74183
-0.72434
-0.72716
-0.71454
-0.72358
-0.78531
-0.78235
0
0
-0.74119
0
0
0
0
0
0
0
0
0
0
0
0
0
0
0
0
0
0
-2.105
0
0
0
0
0
0
0
0
0
0
0
0
-2.6504
0
0
0
0
0
0
0
0
0
0
0
0
0
0
0
0
0
0
0
0
0
0
0
0
0
0
0
0
0
0
0
0
0
0
0
0
0
0
-0.79549
-0.78926
-0.78213
-0.78543
-0.7791
-0.77029
-0.79493
-0.78924
-0.80594
-0.81532
-0.82196
-0.81306
-0.8077
-0.80065
-0.78954
-0.8023
-0.80827
-0.79281
-0.80639
-0.79511
-0.78931
-0.78094
-0.78748
-0.82825
-0.79551
-0.77644
-0.78983
-0.79725
-0.73509
-0.73511
-0.74003
-0.71909
-0.70349
42.2123
-0.74246
-0.74394
-0.73034
-0.7082
-0.71391
-0.70146
-0.75396
-0.69821
-0.75662
-0.73123
-0.73828
-0.72914
-0.73706
0
0
0
0
0
0
0
0
0
0
0
0
0
0
0
0
0
0
0
0
0
0
0
0
0
0
0
0
0
0
0
0
0
0
0
-2.5464
0
0
0
0
0
0
0
-4.2582
0
0
0
0
0
0
0
0
0
0
0
0
0
0
0
0
0
0
0
0
0
0
0
0
0
0
0
0
0
0
0
-0.80882
-0.80163
-0.79412
-0.79936
-0.79289
-0.7929
-0.80949
-0.79673
-0.82182
-0.83114
-0.83618
-0.82681
-0.82109
-0.8123
-0.80647
-0.81864
-0.819
-0.80316
-0.81701
-0.80546
-0.80489
-0.79148
-0.79787
-0.84377
-0.80585
-0.78712
-0.80441
-0.80762
-0.74919
-0.7492
-0.75646
-0.73429
-0.72547
-0.74246
38.3462
-0.75672
-0.76494
-0.72179
-0.72763
-0.71388
-0.78945
-0.72361
-0.77789
-0.77132
-0.76404
-0.75064
0
0
0
0
0
0
0
0
-1.2543
0
0
0
0
-1.7149
0
0
0
0
0
0
0
0
0
0
0
0
0
0
0
0
0
0
0
0
0
0
0
0
0
0
0
0
0
0
0
0
0
0
0
0
0
0
0
0
0
0
0
0
0
0
0
0
0
0
0
0
0
0
0
0
0
0
0
0
0
0
-0.80832
-0.80112
-0.79342
-0.79878
-0.79238
-0.79232
-0.80877
-0.79624
-0.82026
-0.82929
-0.83418
-0.82487
-0.81904
-0.8105
-0.80506
-0.81679
-0.8159
-0.80005
-0.8139
-0.80234
-0.80326
-0.78845
-0.79481
-0.84199
-0.80273
-0.78412
-0.80237
-0.8045
-0.74705
-0.74707
-0.75429
-0.73273
-0.72503
-0.74394
-0.75672
37.7688
-0.76222
-0.72127
-0.72682
-0.70947
-0.78655
-0.72286
-0.77564
-0.7676
-0.76202
-0.74761
-0.76013
0
0
0
0
0
0
0
0
0
0
0
0
-1.7139
0
0
0
0
0
0
0
0
0
0
0
0
0
0
0
0
0
0
0
0
0
0
0
0
0
0
0
0
0
0
0
0
0
0
0
0
0
0
0
0
0
0
0
0
0
0
0
0
0
0
0
0
0
0
0
0
0
0
0
0
0
0
-0.80918
-0.80253
-0.79774
-0.80058
-0.79427
-0.7948
-0.80956
-0.80116
-0.8235
-0.8333
-0.8366
-0.82727
-0.8214
-0.81227
-0.80584
-0.81837
-0.82218
-0.80644
-0.82025
-0.80877
-0.80435
-0.79447
-0.80107
-0.84385
-0.80917
-0.78994
-0.80424
-0.81095
-0.75159
-0.75161
-0.75842
-0.73486
-0.71917
-0.73034
-0.76494
-0.76222
40.1517
-0.72716
-0.73375
-0.71939
-0.78169
-0.72888
-0.78282
0
-0.76509
0
0
0
0
0
0
0
0
0
0
0
0
0
0
0
0
0
0
0
0
0
0
0
0
0
-2.1287
0
0
0
-1.5221
0
0
0
0
0
0
0
0
0
0
0
-2.5849
0
0
0
0
0
0
0
0
0
0
0
0
0
0
0
0
0
0
0
0
0
0
0
0
0
0
0
0
0
0
0
0
0
0
0
-0.77471
-0.76753
-0.76014
-0.76528
-0.759
-0.75891
-0.77524
-0.76609
-0.7864
-0.79531
-0.80027
-0.79133
-0.78516
-0.77674
-0.77119
-0.78231
-0.78255
-0.76688
-0.78057
-0.76916
-0.75833
-0.75539
-0.76169
-0.80812
-0.76955
-0.7511
-0.76873
-0.77128
-0.71441
-0.71442
-0.72123
-0.69955
-0.69155
-0.7082
-0.72179
-0.72127
-0.72716
36.3675
-0.67858
-0.67724
-0.75119
-0.6731
-0.73615
-0.7349
-0.72227
-0.716
0
0
0
0
0
0
0
0
0
0
0
0
0
0
0
0
0
0
0
0
0
0
0
0
0
0
0
0
0
0
-2.5996
0
0
0
0
0
0
0
0
0
0
0
0
0
0
0
0
0
0
0
0
0
0
0
0
0
0
0
0
0
0
0
0
0
0
0
0
0
0
0
0
0
0
0
0
0
-0.77885
-0.77254
-0.76511
-0.7704
-0.76422
-0.76458
-0.77938
-0.77076
-0.79175
-0.80081
-0.80596
-0.79716
-0.79087
-0.78229
-0.77524
-0.78625
-0.78801
-0.77232
-0.78601
-0.77458
-0.77551
-0.76079
-0.7671
-0.81156
-0.77498
-0.75649
-0.77416
-0.77671
-0.71984
-0.71987
-0.72676
-0.70509
-0.69735
-0.71391
-0.72763
-0.72682
-0.73375
-0.67858
37.0663
-0.68224
-0.75788
-0.68004
-0.74156
-0.74142
-0.72982
-0.72026
0
0
0
0
0
0
0
0
0
0
0
0
0
0
0
0
0
0
0
0
0
0
0
0
0
0
0
0
0
0
0
0
0
0
0
0
0
0
0
0
0
0
0
0
0
0
0
0
0
-3.0491
0
0
0
0
0
0
0
0
0
0
0
0
0
0
0
0
0
0
0
0
0
0
0
0
0
0
-0.76855
-0.76093
-0.75381
-0.7587
-0.75248
-0.75245
-0.76882
-0.75999
-0.77937
-0.788
-0.79307
-0.78412
-0.77794
-0.76966
-0.76451
-0.77513
-0.77392
-0.75829
-0.77192
-0.76053
-0.7628
-0.7469
-0.75313
-0.80117
-0.76093
-0.74265
-0.76133
-0.76264
-0.70722
-0.70723
-0.71405
-0.69276
-0.68577
-0.70146
-0.71388
-0.70947
-0.71939
-0.67724
-0.68224
34.1868
-0.74168
-0.67793
-0.7276
-0.7238
-0.71801
-0.70389
-0.7194
0
0
0
0
0
0
0
0
0
0
0
0
0
0
0
0
0
0
0
0
0
0
0
0
0
0
0
0
0
0
0
0
0
0
0
0
0
0
0
0
0
0
0
0
0
0
0
0
0
0
0
0
0
0
0
0
0
0
0
0
0
0
0
0
0
0
0
0
0
0
0
0
0
0
0
-0.83386
-0.82824
-0.82017
-0.8262
-0.81972
-0.82001
-0.83393
-0.82661
-0.84744
-0.85693
-0.8627
-0.85329
-0.84718
-0.83745
-0.83096
-0.84332
-0.84747
-0.83166
-0.84554
-0.83401
-0.82997
-0.81955
-0.82623
-0.86564
-0.83441
-0.81497
-0.82971
-0.8362
-0.77589
-0.7759
-0.78118
-0.7593
-0.74493
-0.75396
-0.78945
-0.78655
-0.78169
-0.75119
-0.75788
-0.74168
41.5379
-0.75163
-0.80975
-0.78392
-0.78571
-0.7736
0
0
0
0
0
0
0
0
0
0
0
0
0
0
0
0
0
0
0
0
0
0
0
0
0
0
0
0
0
0
0
0
0
0
0
0
0
0
0
0
0
0
0
0
0
0
0
0
0
0
0
0
0
0
0
0
0
0
0
0
0
0
0
0
0
0
0
0
0
0
0
0
0
0
-5.0303
0
-0.77543
-0.76919
-0.76131
-0.76667
-0.76046
-0.75984
-0.77586
-0.76848
-0.78738
-0.79604
-0.80217
-0.79332
-0.7873
-0.77801
-0.77223
-0.78305
-0.78329
-0.76763
-0.78131
-0.76989
-0.77118
-0.75613
-0.76243
-0.80813
-0.77028
-0.75185
-0.7702
-0.77202
-0.71529
-0.71531
-0.72223
-0.70043
-0.69347
-0.69821
-0.72361
-0.72286
-0.72888
-0.6731
-0.68004
-0.67793
-0.75163
36.6348
-0.73702
-0.73758
-0.72286
-0.71909
0
0
0
0
0
0
0
0
0
0
0
0
0
0
0
0
0
0
0
0
0
0
0
0
0
0
0
0
0
0
0
0
0
-2.8142
0
0
0
0
0
0
0
0
0
0
0
0
0
0
0
0
0
0
0
0
0
0
0
0
0
0
0
0
0
0
0
0
0
0
0
0
0
0
0
0
0
0
-0.83135
-0.81813
-0.81164
-0.81588
-0.80958
-0.80978
-0.83069
-0.81808
-0.83903
-0.84848
-0.85234
-0.84247
-0.83783
-0.82725
-0.82161
-0.8329
-0.83522
-0.81933
-0.83324
-0.82166
-0.82039
-0.80751
-0.814
-0.86379
-0.82206
-0.80307
-0.8194
-0.82383
-0.76524
-0.76526
-0.77284
-0.74947
-0.74183
-0.75662
-0.77789
-0.77564
-0.78282
-0.73615
-0.74156
-0.7276
-0.80975
-0.73702
39.8085
-0.79551
-0.78007
-0.76763
0
0
0
0
0
0
0
0
0
0
0
0
0
0
0
0
0
0
0
0
0
0
0
0
0
0
0
0
0
0
0
0
0
0
0
0
0
0
0
0
0
0
0
0
0
0
0
0
0
0
0
-3.6951
0
0
0
0
0
0
0
0
0
0
0
0
0
0
0
0
0
0
0
0
0
0
0
0
-0.81414
-0.80588
-0.79758
-0.80325
-0.79726
-0.79764
-0.8159
-0.80565
-0.8258
-0.83555
-0.8404
-0.83004
-0.81573
-0.81685
-0.80988
-0.82329
-0.82781
-0.8122
-0.82594
-0.81455
-0.8083
-0.80003
-0.80676
-0.85036
-0.81495
-0.79537
-0.80917
-0.81672
-0.75667
-0.75669
-0.76032
-0.74003
-0.72434
-0.73123
-0.77132
-0.7676
0
-0.7349
-0.74142
-0.7238
-0.78392
-0.73758
-0.79551
40.9448
0
0
0
0
0
0
0
0
0
0
0
-1.131
0
0
0
0
0
0
0
0
0
0
0
0
0
0
0
0
0
0
0
0
0
0
0
0
0
0
0
0
0
0
0
-2.6885
0
0
0
0
0
0
0
0
0
0
-3.783
0
0
0
0
0
0
0
0
0
0
0
0
0
0
0
0
0
0
0
0
0
0
0
-0.81093
-0.80547
-0.79746
-0.80344
-0.79708
-0.79745
-0.81109
-0.80408
-0.82429
-0.83357
-0.83925
-0.83024
-0.82407
-0.81459
-0.8088
-0.82064
-0.82276
-0.80698
-0.82081
-0.80929
-0.80761
-0.79511
-0.80164
-0.84254
-0.80971
-0.79066
-0.8068
-0.81147
-0.75237
-0.75239
-0.75932
-0.73673
-0.72716
-0.73828
-0.76404
-0.76202
-0.76509
-0.72227
-0.72982
-0.71801
-0.78571
-0.72286
-0.78007
0
38.9064
0
0
0
0
0
0
0
0
0
0
0
0
0
0
0
0
0
0
0
0
0
0
0
0
0
0
0
0
0
0
0
0
0
0
0
0
0
0
0
0
0
0
0
0
0
0
0
0
0
0
0
0
0
0
0
0
0
0
0
0
0
0
0
0
0
-4.9424
0
0
0
0
0
0
0
0
0
0
0
-0.79931
-0.79193
-0.78417
-0.78984
-0.7835
-0.7832
-0.79925
-0.78834
-0.81051
-0.8201
-0.82505
-0.81741
-0.80939
-0.80132
-0.79545
-0.80678
-0.80835
-0.79262
-0.80639
-0.79491
-0.79371
-0.7809
-0.78734
-0.83397
-0.79531
-0.77651
-0.79276
-0.79707
-0.7392
-0.73922
-0.74589
-0.72376
-0.71454
-0.72914
-0.75064
-0.74761
0
-0.716
-0.72026
-0.70389
-0.7736
-0.71909
-0.76763
0
0
35.7324
0
0
0
0
0
0
0
0
0
0
0
0
0
0
0
0
0
0
0
0
0
0
0
0
0
0
0
0
0
0
0
0
0
0
0
0
0
0
0
0
0
0
0
0
0
0
0
0
-3.0765
0
0
0
0
0
0
0
0
0
0
0
0
0
0
0
0
0
0
0
0
0
0
0
0
0
0
0
-0.81257
-0.79869
-0.79218
-0.79948
-0.79322
-0.79365
-0.81029
-0.79996
-0.82244
-0.83193
-0.83606
-0.82614
-0.81755
-0.80814
-0.80439
-0.81598
-0.82001
-0.80426
-0.81807
-0.80659
-0.80364
-0.79237
-0.79891
-0.84742
-0.80698
-0.78789
-0.79794
-0.80875
-0.74904
-0.74907
-0.75596
-0.73298
-0.72358
-0.73706
0
-0.76013
0
0
0
-0.7194
0
0
0
0
0
0
35.8562
0
0
0
0
0
0
0
0
0
0
0
0
0
-1.7836
0
0
0
0
0
-1.89
0
0
0
0
0
0
0
0
0
0
0
0
0
0
0
0
0
0
0
0
0
0
0
0
0
0
0
0
0
0
-3.5999
0
0
0
0
0
0
0
0
0
0
0
0
0
0
0
0
0
0
0
0
0
0
0
0
-0.87311
-0.86818
-0.86065
-0.86766
-0.86104
-0.85904
-0.87405
-0.86737
-0.88892
-0.89945
-0.90664
-0.89578
-0.88874
-0.87937
-0.8727
-0.88628
-0.89238
-0.87653
-0.89049
-0.87891
-0.87079
-0.86403
-0.87094
-0.90858
-0.87934
-0.85926
-0.87147
-0.88116
-0.81862
-0.81863
-0.82577
-0.80203
-0.78531
0
0
0
0
0
0
0
0
0
0
0
0
0
0
38.8153
0
0
0
0
0
0
0
0
0
0
0
0
0
0
0
0
0
0
0
0
0
0
0
0
0
0
0
0
0
0
0
0
0
0
0
0
0
0
0
0
0
0
0
0
0
0
0
0
0
0
0
0
0
0
0
0
0
0
0
0
0
-5.0861
0
0
0
0
0
0
-5.086
0
0
0
0
0
-0.86827
-0.86251
-0.8545
-0.86073
-0.85418
-0.8544
-0.86875
-0.86154
-0.88198
-0.89155
-0.89748
-0.88817
-0.88144
-0.87199
-0.86621
-0.87853
-0.88056
-0.8645
-0.87857
-0.86685
-0.86466
-0.85241
-0.85906
-0.90165
-0.86726
-0.84785
-0.86394
-0.86906
-0.80823
-0.80824
-0.81502
-0.79193
-0.78235
0
0
0
0
0
0
0
0
0
0
0
0
0
0
0
33.2597
0
0
0
0
0
0
0
0
0
0
0
0
0
0
0
0
0
0
0
0
0
0
0
0
0
0
0
0
0
0
0
0
0
0
0
0
0
0
0
0
0
0
0
0
0
0
0
0
0
0
0
0
0
0
0
0
0
0
0
0
0
0
0
0
0
0
0
0
0
-4.8953
0
0
0
-0.84342
-0.83646
-0.82968
-0.83392
-0.83126
-0.83158
-0.84981
-0.83964
-0.86068
-0.86986
-0.87536
-0.86556
-0.85974
-0.85032
-0.84441
-0.85608
-0.8577
-0.84167
-0.85569
-0.84401
-0.84318
-0.82975
-0.83629
-0.88422
-0.84442
-0.82527
-0.84258
-0.8462
-0.78715
-0.78716
-0.79313
-0.77125
0
0
0
0
0
0
0
0
0
0
0
0
0
0
0
0
0
29.8823
0
0
0
0
0
-1.171
0
0
0
0
0
0
0
0
-1.8439
0
0
0
0
0
0
0
0
0
0
0
0
0
0
0
0
0
0
0
0
0
0
0
0
0
0
0
0
0
0
0
0
0
0
0
0
0
0
0
0
0
0
0
0
0
0
0
0
0
0
0
0
0
0
0
0
0
-0.84682
-0.83906
-0.83211
-0.83721
-0.8308
-0.8309
-0.84766
-0.8386
-0.86
-0.86952
-0.87507
-0.86566
-0.86
-0.85025
-0.84437
-0.85614
-0.85718
-0.84114
-0.85516
-0.84348
-0.84318
-0.82925
-0.83578
-0.88333
-0.84389
-0.82479
-0.84264
-0.84567
-0.7873
-0.78731
-0.79464
-0.77193
0
0
0
0
0
0
0
0
0
0
0
0
0
0
0
0
0
0
28.1468
0
0
0
-1.2759
0
0
0
0
0
0
0
0
0
0
0
0
0
0
0
0
0
0
0
0
0
0
0
0
0
0
0
0
0
0
0
0
0
0
0
0
0
0
0
0
0
0
0
0
0
0
0
0
0
0
0
0
0
0
0
0
0
0
0
0
0
0
0
0
0
0
0
-0.82434
-0.81679
-0.80952
-0.81469
-0.80832
-0.8083
-0.8248
-0.81618
-0.83588
-0.84497
-0.85036
-0.84103
-0.83587
-0.82582
-0.82014
-0.83169
-0.8325
-0.81662
-0.83051
-0.81893
-0.81907
-0.80484
-0.81129
-0.85877
-0.81933
-0.80042
-0.81858
-0.8211
-0.76335
-0.76336
-0.77079
-0.74877
-0.74119
0
0
0
0
0
0
0
0
0
0
0
0
0
0
0
0
0
0
26.8481
0
0
0
0
0
0
0
0
0
0
0
0
0
0
0
0
0
0
0
0
0
0
0
0
0
0
0
0
0
0
0
0
0
0
0
0
0
0
0
0
0
0
0
0
0
0
0
0
0
0
0
0
0
0
0
0
0
0
0
0
0
0
0
0
0
0
0
0
0
0
-0.8008
-0.79393
-0.78634
-0.78782
-0.78146
-0.78559
-0.80193
-0.79295
-0.81441
-0.82333
-0.82833
-0.81958
0
-0.80476
-0.79848
-0.81055
-0.8112
-0.7954
-0.80921
-0.7977
-0.79758
-0.78372
-0.79013
-0.8366
-0.7981
-0.77935
0
-0.79986
-0.74251
-0.74252
0
0
0
0
0
0
0
0
0
0
0
0
0
0
0
0
0
0
0
0
0
0
25.935
0
0
0
0
0
-1.6027
0
0
0
0
0
0
0
0
0
0
-2.0181
0
0
0
0
0
0
0
0
0
0
0
0
0
0
0
0
0
0
0
0
0
0
0
0
0
0
0
0
0
0
0
0
0
0
0
0
0
0
0
0
0
0
0
0
0
0
0
0
0
0
0
0
-0.85606
-0.85008
-0.84243
-0.84906
-0.84254
-0.84227
-0.85733
-0.84979
-0.87043
-0.87978
-0.88502
-0.87645
0
-0.86057
-0.8553
-0.86678
-0.86738
-0.85128
-0.86535
-0.85362
0
-0.83939
-0.84592
0
-0.85403
-0.83494
0
-0.85582
0
0
0
0
0
0
0
0
0
0
0
0
0
0
0
0
0
0
0
0
0
0
0
0
0
24.7458
0
0
0
0
0
0
0
0
0
0
0
0
0
0
0
0
0
0
0
0
0
0
0
0
0
0
0
0
0
0
0
0
0
0
0
0
0
0
0
0
0
0
0
0
0
0
0
0
0
0
0
0
0
0
0
0
0
0
0
-4.1941
0
0
0
0
0
0
0
0
-1.3127
-1.3011
-1.3007
-1.3056
-1.2985
-1.2986
-1.3199
-1.3052
0
0
0
0
0
0
0
0
0
0
0
0
0
0
0
0
0
0
0
0
0
0
0
0
0
0
-1.2543
0
0
0
0
0
0
0
0
0
0
0
0
0
0
0
-1.2759
0
0
0
16.6235
0
0
0
0
0
0
0
0
0
0
0
0
0
0
0
0
0
0
0
0
0
0
0
0
0
0
0
0
0
0
0
0
0
-3.651
0
0
0
0
0
0
0
0
0
0
0
0
0
0
0
0
0
0
0
0
0
0
0
0
0
0
0
0
0
0
0
0
0
-1.1921
-1.1871
-1.2023
-1.184
-1.1767
-1.1794
0
0
0
0
0
0
0
0
0
0
0
0
0
0
0
0
0
0
0
0
0
0
0
0
-1.1341
0
0
0
0
0
0
0
0
0
0
0
0
-1.131
0
0
0
0
0
-1.171
0
0
0
0
0
15.4487
0
0
0
0
0
-1.6078
0
0
0
0
0
0
0
0
0
0
0
0
0
0
0
0
0
0
0
0
0
0
0
0
0
0
0
0
0
0
0
0
0
0
0
0
0
0
0
-3.2834
0
0
0
0
0
0
0
0
0
0
0
0
0
0
0
0
0
0
0
0
-1.2718
-1.2682
-1.2594
-1.2654
-1.2582
-1.2551
-1.2737
0
0
0
0
0
0
0
0
0
0
0
0
0
0
0
0
0
0
0
0
0
0
0
0
0
0
0
0
0
0
0
0
0
0
0
0
0
0
0
0
0
0
0
0
0
0
0
0
0
18.0955
0
0
0
0
0
-1.9755
0
0
0
0
0
0
0
0
0
0
0
0
0
0
0
0
0
0
0
0
-2.7785
-1.6571
-2.8325
0
0
0
0
0
0
0
0
0
0
0
0
0
0
0
0
0
0
0
0
0
0
0
0
0
0
0
0
0
0
0
0
0
0
0
0
-1.3394
-1.3347
-1.3248
-1.319
-1.3112
-1.3241
-1.3405
-1.3307
0
0
0
0
0
0
0
0
0
0
0
0
0
0
0
0
0
0
0
0
0
0
0
0
0
0
0
0
0
0
0
0
0
0
0
0
0
0
0
0
0
0
0
0
0
0
0
0
0
12.4812
-1.8567
0
0
0
0
0
0
0
0
0
0
0
0
0
0
0
0
0
0
0
0
0
0
0
0
0
0
0
0
0
0
0
0
0
0
0
0
0
0
0
0
0
0
0
0
0
0
0
0
0
0
0
0
0
0
0
0
0
0
0
0
0
0
0
0
0
0
-1.7216
-1.7125
0
0
0
0
0
0
0
0
0
0
0
0
0
0
0
0
0
0
0
0
0
0
0
0
0
0
0
0
0
0
0
0
0
0
0
0
0
0
0
0
0
0
0
0
0
0
0
-1.6027
0
0
0
0
-1.8567
12.6398
0
0
0
-2.0796
0
0
0
0
0
0
0
0
0
0
0
0
0
0
0
0
0
0
0
0
0
0
0
0
0
0
0
0
0
0
0
0
0
0
0
0
0
0
0
0
0
0
0
0
0
0
0
0
0
0
0
0
0
0
-3.6667
0
0
0
0
0
0
0
0
0
0
0
0
0
0
0
0
0
0
0
0
0
0
0
0
0
0
0
0
0
0
0
0
0
0
0
0
0
0
-1.7149
-1.7139
0
0
0
0
0
0
0
0
0
0
0
0
0
0
0
0
0
0
0
0
0
0
0
14.9682
0
0
0
0
0
-2.1001
0
0
0
0
0
0
0
0
0
0
0
0
0
0
-2.8225
0
0
0
0
0
0
0
0
0
0
0
-3.354
0
0
0
0
0
0
0
-3.2628
0
0
0
0
0
0
0
0
0
0
0
0
0
0
0
0
0
0
0
0
0
-1.8779
-1.8741
-1.8615
0
0
0
0
0
0
0
0
0
0
0
0
0
0
0
0
0
0
0
0
0
0
0
0
0
0
0
0
0
0
0
0
0
0
0
0
0
0
0
0
0
0
0
-1.7836
0
0
0
0
0
0
0
0
0
0
0
0
0
12.684
0
0
0
0
0
0
0
0
0
0
0
0
-2.2343
0
0
0
0
0
0
0
0
0
0
0
0
0
0
0
0
0
0
0
0
0
0
0
0
0
-3.0527
0
0
0
0
0
0
0
0
0
0
0
0
0
0
0
0
0
0
0
0
0
0
0
0
0
0
0
0
0
-1.5504
0
0
0
0
0
0
0
0
0
0
0
0
0
0
0
0
0
0
0
0
0
0
0
0
0
0
0
0
0
0
0
0
0
0
0
0
0
0
0
0
0
0
0
0
0
0
0
-1.6078
0
0
0
0
0
14.8802
0
0
0
0
0
0
0
0
0
0
-2.3521
0
0
0
0
0
-2.9164
0
0
-2.9615
0
0
0
0
0
0
0
0
0
0
0
0
0
0
-3.492
0
0
0
0
0
0
0
0
0
0
0
0
0
0
0
0
0
0
0
0
0
0
0
0
0
0
0
0
0
0
0
0
0
0
0
0
0
0
0
-1.5996
0
0
0
0
0
0
0
0
0
0
0
0
0
0
0
0
0
0
0
0
0
0
0
0
0
0
0
0
0
0
0
0
0
0
0
0
0
0
0
0
0
-1.9755
0
-2.0796
0
0
0
12.7774
0
0
-1.9138
0
0
0
0
0
0
0
0
0
0
0
0
0
0
0
0
0
0
-2.1289
0
0
0
0
0
0
0
0
0
0
-3.0799
0
0
0
0
0
0
0
0
0
0
0
0
0
0
0
0
0
0
0
0
0
0
0
0
0
0
-1.7297
-1.7286
-1.716
-1.7235
-1.716
-1.7164
0
0
0
0
0
0
0
0
0
0
0
0
0
0
0
0
0
0
0
0
0
0
0
0
0
0
0
0
0
0
0
0
0
0
0
0
0
0
0
0
0
0
0
0
0
0
0
0
0
0
0
0
0
0
0
0
0
10.3302
0
0
0
0
0
0
0
0
0
0
0
0
0
0
0
0
0
0
0
0
0
0
0
0
0
0
0
0
0
0
0
0
0
0
0
0
0
0
0
0
0
0
0
0
0
0
0
0
0
0
0
0
0
0
0
0
0
0
-1.9103
-1.9129
-1.9001
-1.9057
0
0
0
0
0
0
0
0
0
0
0
0
0
0
0
0
0
0
0
0
0
0
0
0
0
0
0
0
0
0
0
0
0
0
0
0
0
0
0
0
0
0
0
0
0
-1.8439
0
0
0
0
0
0
0
0
0
0
0
0
0
0
9.4729
0
0
0
0
0
0
0
0
0
0
0
0
0
0
0
0
0
0
0
0
0
0
0
0
0
0
0
0
0
0
0
0
0
0
0
0
0
0
0
0
0
0
0
0
0
0
0
0
0
0
0
0
0
0
0
0
0
0
0
0
0
0
0
0
0
0
0
0
0
0
0
0
0
0
0
0
0
0
0
0
0
0
0
0
0
0
0
0
0
0
0
0
0
0
0
0
0
0
0
0
0
0
0
0
0
0
0
0
0
0
0
0
0
0
0
0
-2.1001
0
0
-1.9138
0
0
12.7301
0
0
0
0
0
0
0
0
0
-2.5137
0
0
0
0
0
0
0
0
0
0
0
0
0
0
0
-2.9386
0
0
0
0
0
0
0
0
0
0
0
0
0
0
0
0
0
0
0
0
0
0
-3.2638
0
0
0
0
0
0
0
0
0
0
0
0
0
-1.9866
0
0
0
0
0
-1.9987
0
0
0
0
0
0
0
0
0
0
0
0
0
-1.981
0
0
0
0
0
0
0
0
0
0
0
0
0
0
0
0
0
0
0
-1.89
0
0
0
0
0
0
0
0
0
0
0
0
0
0
0
0
0
0
0
11.0626
0
0
0
0
0
0
0
0
0
0
0
0
0
0
0
0
0
0
0
0
0
0
-3.2064
0
0
0
0
0
0
0
0
0
0
0
0
0
0
0
0
0
0
0
0
0
0
0
0
0
0
0
0
0
0
0
0
0
0
0
0
0
0
0
0
0
0
0
0
0
0
0
0
0
0
0
0
0
0
0
0
0
0
0
0
0
0
0
0
0
0
0
0
0
0
0
0
0
0
0
0
0
0
0
0
0
0
0
0
0
0
0
0
0
0
0
0
0
0
0
0
0
0
0
15.2206
-2.61
-2.5603
0
0
-2.5877
0
0
0
0
0
0
0
0
0
0
0
0
0
0
0
-3.613
-3.8496
0
0
0
0
0
0
0
0
0
0
0
0
0
0
0
0
0
0
0
0
0
0
0
0
0
0
0
0
0
0
0
0
0
-2.2703
0
0
0
0
0
0
-2.2838
0
0
0
0
0
0
0
0
0
0
0
0
0
0
0
0
0
-2.2567
0
0
0
0
0
0
0
0
0
0
0
0
0
0
0
0
0
0
0
0
0
0
0
0
0
0
0
0
0
0
0
0
0
0
0
0
0
0
0
0
-2.61
9.4207
0
0
0
0
0
0
0
0
0
0
0
0
0
0
0
0
0
0
0
0
0
0
0
0
0
0
0
0
0
0
0
0
0
0
0
0
0
0
0
0
0
0
0
0
0
0
0
0
0
0
0
0
0
0
0
0
0
0
0
0
0
0
0
0
0
-2.195
0
0
0
0
0
0
0
0
0
0
0
0
0
0
0
0
0
0
0
0
0
0
0
0
0
0
0
0
0
0
0
0
0
0
0
0
0
0
0
-2.0181
0
0
0
0
0
0
0
0
0
0
0
0
0
0
-2.5603
0
9.2994
0
-2.526
0
0
0
0
0
0
0
0
0
0
0
0
0
0
0
0
0
0
0
0
0
0
0
0
0
0
0
0
0
0
0
0
0
0
0
0
0
0
0
0
0
0
0
0
0
0
0
0
0
0
0
0
0
0
0
0
0
0
0
0
0
0
0
0
0
0
0
0
0
0
0
0
0
0
0
0
0
0
0
0
0
0
-2.105
0
0
0
-2.1287
0
0
0
0
0
0
0
0
0
0
0
0
0
0
0
0
0
0
0
0
0
0
0
0
0
0
0
0
0
0
0
0
0
11.0917
0
0
0
0
0
0
0
0
0
0
0
0
0
0
0
0
0
0
0
0
0
0
0
0
0
0
0
0
0
0
0
0
-3.3484
-3.5095
0
0
0
0
0
0
0
0
0
0
0
0
0
0
0
0
0
0
0
0
0
0
0
0
0
0
0
0
0
0
0
0
0
0
0
0
0
0
0
0
0
0
0
0
0
0
0
0
0
0
0
0
0
0
0
0
0
0
0
0
0
0
0
0
0
0
0
0
0
0
0
0
0
0
0
0
0
0
0
0
0
0
0
0
0
0
-2.526
0
9.429
0
0
0
0
0
0
0
0
-3.0491
0
0
0
0
0
0
0
0
0
0
0
0
0
-3.2649
0
0
0
0
0
0
0
0
0
0
0
0
-0.58902
0
0
0
0
0
0
0
0
0
0
0
0
0
0
-2.2041
-2.2166
0
0
0
0
0
0
0
0
0
0
0
0
0
0
0
0
0
0
0
0
0
0
0
0
0
0
0
0
0
0
0
0
0
0
0
0
0
0
0
0
0
0
0
0
0
0
0
0
0
0
0
0
0
0
0
0
0
0
0
-2.3521
0
0
0
0
0
-2.5877
0
0
0
0
9.3605
0
0
0
0
0
0
0
0
0
0
0
0
0
0
0
0
0
0
0
0
0
0
0
0
0
0
0
0
0
0
0
0
0
0
0
0
0
0
0
0
0
0
0
0
0
0
0
0
0
0
0
0
0
0
0
0
-2.5194
0
0
0
0
0
-2.5285
0
0
0
0
0
0
0
0
0
0
0
0
0
0
0
0
0
0
0
0
0
0
0
0
0
0
0
0
0
0
0
0
0
0
0
0
0
0
0
0
0
0
0
0
0
0
-2.2343
0
0
0
0
0
0
0
0
0
0
0
0
8.3248
0
0
0
0
0
0
0
0
0
0
0
0
0
0
0
0
0
0
0
0
0
0
0
0
0
0
0
0
0
0
0
0
0
0
0
0
0
0
0
0
0
0
0
0
0
-1.0427
0
0
0
0
0
0
0
0
0
0
0
0
0
0
0
0
0
0
0
0
0
0
0
0
0
0
0
0
0
0
0
0
0
0
0
0
0
0
-1.5221
0
0
0
0
0
0
0
0
0
0
0
0
0
0
0
0
0
0
0
0
0
0
0
0
0
0
0
0
0
0
0
0
0
0
0
0
0
10.4691
-2.7168
0
0
0
0
0
0
0
0
0
0
0
-2.6473
0
0
0
0
0
0
0
0
0
0
0
0
0
0
0
0
0
0
0
0
0
0
0
-3.5829
0
0
0
0
0
0
0
0
0
0
0
0
0
0
0
0
0
0
0
0
0
0
0
0
0
0
0
0
0
0
0
0
0
0
0
0
0
0
0
0
0
0
0
0
0
0
0
0
0
0
0
0
0
0
0
0
0
0
0
0
0
0
0
0
0
0
0
0
0
0
0
0
0
0
0
-2.5137
0
0
0
0
0
0
0
0
-2.7168
11.1999
0
-2.5835
0
0
0
0
0
0
0
0
0
0
0
0
0
0
0
0
0
0
0
0
0
0
0
0
0
0
0
0
-3.3859
0
0
0
0
0
0
0
0
0
0
0
0
0
0
0
0
0
0
0
0
0
0
0
0
0
0
0
0
0
0
0
0
0
0
0
-2.7363
0
0
0
0
0
0
0
0
0
0
0
0
0
0
0
0
-2.5996
0
0
0
0
0
0
0
0
0
0
0
0
0
0
0
0
0
0
0
0
0
0
0
0
0
0
0
0
0
0
0
0
0
0
0
0
0
0
8.8327
0
0
0
0
0
0
0
0
0
0
0
0
0
0
0
0
0
0
0
0
0
0
0
0
0
0
0
-3.4968
0
0
0
0
0
0
0
0
0
0
0
0
0
0
0
0
0
0
0
0
0
0
0
0
0
-2.8818
-2.8877
0
0
0
0
0
0
0
0
0
0
0
0
0
0
0
0
0
0
0
0
0
0
0
0
0
0
0
0
0
0
0
0
0
0
0
0
0
0
0
0
0
0
0
0
0
0
0
0
0
0
0
0
0
0
0
0
0
0
0
0
0
0
0
0
0
-2.5835
0
8.353
0
0
0
0
0
0
0
0
0
0
0
0
0
0
0
0
0
0
0
0
0
0
0
0
0
0
0
0
0
0
0
0
0
0
0
0
0
0
0
0
0
0
0
0
0
0
0
0
0
0
0
0
0
0
0
0
0
0
0
0
0
0
0
0
0
0
0
0
0
0
0
0
0
0
0
0
0
0
0
0
0
0
0
0
0
0
0
0
0
0
0
0
0
0
0
0
0
0
0
0
0
0
0
0
0
-2.9164
0
0
0
0
0
0
0
0
0
0
0
0
0
0
0
0
8.8895
0
0
0
-2.9797
-2.9934
0
0
0
0
0
0
0
0
0
0
0
0
0
0
0
0
0
0
0
0
0
0
0
0
0
0
0
0
0
0
0
0
0
0
0
0
0
0
0
0
0
0
0
0
0
0
0
0
0
0
0
0
0
0
0
0
0
0
0
0
0
0
0
0
0
0
0
0
0
0
0
0
0
0
0
0
0
0
0
-2.8142
0
0
0
0
0
0
0
0
0
0
0
0
0
0
0
0
0
0
0
0
0
0
0
0
0
0
0
0
0
0
0
0
0
0
0
0
0
10.5396
0
0
0
0
0
0
0
0
0
0
-3.6608
0
0
0
0
0
0
0
0
-4.0646
0
0
0
0
0
0
0
0
0
0
0
0
0
0
0
0
0
0
0
0
0
0
0
0
0
0
0
0
0
0
0
0
0
0
0
0
0
0
0
0
0
0
0
0
0
0
0
0
0
0
0
0
0
0
0
0
0
0
0
0
0
0
0
0
0
0
0
0
0
0
0
0
0
0
0
0
0
0
0
0
0
-2.8225
0
0
0
0
0
0
0
0
0
0
0
-3.0491
0
0
0
0
0
0
0
0
8.8131
0
0
0
0
-2.9415
0
0
0
0
0
0
0
0
0
0
0
0
0
0
0
0
0
0
0
0
0
0
0
0
0
0
0
0
0
0
0
0
0
0
0
0
0
0
0
0
0
0
0
0
0
0
0
0
0
0
0
0
0
0
0
0
0
0
0
0
0
0
0
0
0
0
0
0
0
0
0
0
0
0
0
0
0
0
0
0
0
0
0
0
0
0
0
0
0
0
0
0
0
0
0
0
0
-2.9615
0
0
0
0
0
0
0
0
0
0
0
0
0
0
0
0
0
0
0
9.834
0
0
0
0
-3.0611
0
0
0
0
0
0
0
0
0
0
0
0
0
0
0
-3.8115
0
0
0
0
0
0
0
0
0
0
0
0
0
0
0
0
0
0
0
0
0
0
0
0
-2.6576
0
0
0
0
0
0
0
0
0
0
0
0
0
0
0
0
0
0
0
0
0
0
0
0
0
0
0
-2.5464
0
0
0
0
0
0
0
0
0
0
0
0
0
0
0
0
0
0
0
0
0
0
0
0
0
0
0
0
0
0
0
0
0
0
0
0
0
0
0
0
0
0
0
0
-2.9797
0
0
0
8.1837
0
0
0
0
0
0
0
0
0
0
0
0
0
0
0
0
0
0
0
0
0
0
0
0
0
0
0
0
0
0
0
0
0
0
0
0
0
0
0
0
0
0
0
0
0
0
0
0
0
0
0
0
0
0
0
0
0
0
0
0
0
0
0
0
0
0
0
0
0
0
0
-2.6504
0
0
0
0
0
0
0
0
0
0
0
0
0
0
0
0
0
0
0
0
0
0
0
-2.7785
0
0
0
0
0
0
0
0
0
0
0
0
0
0
0
0
0
0
0
0
0
-2.9934
0
0
0
0
8.4223
0
0
0
0
0
0
0
0
0
0
0
0
0
0
0
0
0
0
0
0
0
0
0
0
0
0
0
0
0
0
0
0
0
0
0
0
0
0
0
0
0
0
0
0
0
0
0
0
0
0
0
0
0
0
0
0
0
0
0
0
0
0
0
0
0
0
0
0
0
0
0
0
0
0
0
0
0
0
0
0
0
0
0
0
0
0
0
0
0
0
0
0
0
0
-1.6571
0
0
0
0
0
-2.1289
0
0
0
0
0
0
0
0
0
0
0
0
0
0
0
0
0
0
0
0
0
7.1645
0
0
0
0
0
0
0
0
0
0
0
0
0
0
0
0
0
0
0
0
0
0
0
0
0
0
0
0
0
0
-3.3785
0
0
0
0
0
0
0
0
0
0
0
0
0
0
0
0
0
-2.9633
0
0
0
0
0
0
0
0
0
0
0
0
0
0
0
0
0
0
0
0
0
0
0
0
0
0
0
0
0
0
0
0
0
0
0
0
0
0
0
0
0
0
0
0
-2.8325
0
0
0
0
0
0
0
0
0
0
0
0
0
0
0
0
0
0
0
0
0
0
0
-2.9415
0
0
0
0
8.7374
0
0
0
0
0
0
0
0
0
0
0
0
0
0
0
0
0
0
0
0
0
0
0
0
0
0
0
0
0
0
0
0
0
0
0
0
0
0
0
0
0
0
0
0
0
0
0
0
0
0
0
0
0
0
0
0
0
0
0
0
0
0
0
0
0
0
0
0
0
0
0
0
-2.5849
0
0
0
0
0
0
0
0
0
0
0
0
0
0
0
0
0
0
0
0
0
0
0
0
0
0
0
0
0
0
0
0
0
0
0
0
0
0
0
0
0
0
0
0
-3.0611
0
0
0
0
9.2392
0
0
0
0
0
0
0
0
0
0
0
0
0
0
0
0
0
0
0
-3.5932
0
0
0
0
0
0
0
0
0
0
0
0
0
0
0
0
0
0
0
0
0
0
0
0
0
0
0
-2.8017
0
0
0
0
0
0
0
0
0
0
0
0
0
0
0
0
0
0
0
0
0
0
0
0
0
0
0
0
0
0
-2.6885
0
0
0
0
0
0
0
0
0
0
0
0
0
0
0
0
0
0
0
0
0
0
0
0
0
0
0
0
0
0
-2.6473
0
0
0
0
0
0
0
0
0
0
0
0
8.1375
0
0
0
0
0
0
0
0
0
0
0
0
0
0
0
0
0
0
0
0
0
0
0
0
0
0
0
0
0
0
0
0
0
0
0
0
0
0
0
0
0
0
0
0
0
0
0
0
0
0
0
0
0
0
0
0
0
0
0
0
0
0
0
0
0
0
0
0
0
0
0
0
0
0
0
0
0
0
0
0
0
0
0
0
0
0
0
0
-3.651
0
0
0
0
0
0
0
0
0
0
0
0
-3.613
0
0
0
0
0
0
0
0
0
0
0
0
0
0
0
0
0
0
0
0
7.264
0
0
0
0
0
0
0
0
0
0
0
0
0
0
0
0
0
0
0
0
0
0
0
0
0
0
0
0
0
0
0
0
0
0
0
0
0
0
0
0
0
0
0
0
0
0
0
0
0
0
0
0
0
0
0
0
0
0
0
0
0
0
0
0
0
0
0
0
0
0
0
0
0
0
0
0
0
0
0
0
0
0
0
0
0
0
0
0
0
0
0
0
0
0
0
0
0
0
0
-3.2064
-3.8496
0
0
0
0
0
0
0
0
0
0
0
0
0
0
0
0
0
0
0
0
0
7.056
0
0
0
0
0
0
0
0
0
0
0
0
0
0
0
0
0
0
0
0
0
0
0
0
0
0
0
0
0
0
0
0
0
0
0
0
0
0
0
0
0
0
0
0
0
0
0
0
0
0
0
0
0
0
0
0
0
0
0
0
0
0
0
0
0
-4.2582
0
0
0
0
0
0
0
0
0
0
0
0
0
0
0
0
0
0
0
0
0
0
0
0
0
0
0
0
0
0
0
0
0
0
0
0
0
0
0
0
0
0
0
0
0
-3.6608
0
0
0
0
0
0
0
0
0
0
7.919
0
0
0
0
0
0
0
0
0
0
0
0
0
0
0
0
0
0
0
0
0
0
0
0
0
0
0
0
0
0
0
0
0
0
0
0
0
0
0
0
0
0
0
0
0
0
-2.6458
0
0
0
0
0
0
0
0
0
0
0
0
0
0
0
0
0
0
0
0
0
0
0
0
0
0
0
0
0
0
0
0
0
0
0
0
0
0
0
0
0
0
0
0
0
0
0
0
0
-2.9386
0
0
0
0
0
0
0
0
0
0
0
0
0
0
0
0
0
0
0
0
0
0
0
0
0
5.5844
0
0
0
0
0
0
0
0
0
0
0
0
0
0
0
0
0
0
0
0
0
0
0
0
0
0
0
0
0
0
0
0
0
0
0
0
0
0
0
0
0
0
0
0
0
0
0
0
0
0
0
0
0
0
0
0
0
0
0
0
0
0
0
0
0
0
0
0
0
0
0
0
0
0
0
0
0
0
0
0
0
0
0
0
0
0
0
0
0
-3.354
0
0
0
0
0
0
0
0
0
0
0
0
0
0
0
0
0
0
0
0
0
0
0
0
0
0
0
0
0
0
0
0
6.8232
0
0
0
0
0
-3.4693
0
0
0
0
0
0
0
0
0
0
0
0
0
0
0
0
0
0
0
0
0
0
0
0
0
0
0
0
0
0
0
0
0
-3.3297
0
0
0
0
0
0
0
0
0
0
0
0
0
0
0
0
0
0
0
0
0
0
0
0
0
0
0
0
0
0
0
0
0
0
0
0
0
0
0
0
0
0
0
0
0
0
0
0
0
0
0
0
0
0
0
0
0
0
0
0
0
0
0
0
0
0
0
0
0
0
0
0
0
0
0
0
0
0
0
0
0
0
7.1879
0
0
0
0
0
0
0
0
0
-3.8581
0
0
0
0
0
0
0
0
0
0
0
0
0
0
0
0
0
0
0
0
0
0
0
0
0
0
0
0
0
0
0
0
0
0
0
0
0
0
0
0
0
0
0
0
0
0
0
0
0
0
0
0
0
0
0
0
0
0
0
0
0
0
0
-3.0765
0
0
0
0
0
0
0
0
0
0
0
0
0
0
0
0
0
0
0
0
0
0
0
0
0
-3.2649
0
0
0
0
0
0
0
0
0
0
0
0
0
0
0
0
0
0
0
0
0
0
6.3415
0
0
0
0
0
0
0
0
0
0
0
0
0
0
0
0
0
0
0
0
0
0
0
0
0
0
0
0
0
0
0
0
0
0
0
0
0
0
0
0
0
0
0
0
0
0
0
0
0
0
0
0
0
0
0
0
0
0
0
0
0
0
0
0
0
-3.0491
0
0
0
0
0
0
0
0
0
0
0
0
0
0
0
0
0
0
0
0
0
0
0
-3.0799
0
0
0
0
0
0
0
0
0
0
0
0
0
0
0
0
0
0
0
0
0
0
0
0
0
0
0
0
0
0
0
0
6.129
0
0
0
0
0
0
0
0
0
0
0
0
0
0
0
0
0
0
0
0
0
0
0
0
0
0
0
0
0
0
0
0
0
0
0
0
0
0
0
0
0
0
0
0
0
0
0
0
0
0
0
0
0
0
0
0
0
0
0
0
0
0
0
0
0
0
0
0
0
0
0
0
0
0
0
0
0
0
0
0
0
0
0
0
0
0
0
-3.492
0
0
0
0
0
0
0
0
0
0
0
0
0
0
0
0
0
0
0
0
0
0
0
0
0
0
0
0
0
0
0
0
0
0
7.1162
0
0
0
0
-3.6243
0
0
0
0
0
0
0
0
0
0
0
0
0
0
0
0
0
0
0
0
0
0
0
0
0
0
0
0
0
0
0
0
0
0
0
0
0
0
0
0
0
0
0
0
0
0
0
0
0
0
0
0
0
0
0
0
0
0
0
0
0
0
-3.6951
0
0
0
-3.5999
0
0
0
0
0
0
0
0
0
0
0
0
0
0
0
0
0
0
0
0
0
0
0
0
0
0
0
0
0
0
0
0
0
0
0
0
0
0
0
0
0
0
0
0
0
0
0
0
0
0
7.295
0
0
0
0
0
0
0
0
0
0
0
0
0
0
0
0
0
0
0
0
0
0
0
0
0
0
0
0
0
0
0
0
0
0
0
0
0
0
0
0
0
0
0
0
0
0
0
0
0
0
0
0
0
0
0
0
0
0
0
0
0
0
0
0
0
0
0
-3.783
0
0
0
0
0
0
0
0
0
0
0
0
0
0
0
0
0
0
0
0
0
0
0
0
0
0
0
0
0
0
0
0
0
0
0
0
0
0
0
0
0
0
0
0
0
0
0
0
-3.4693
0
0
0
0
0
7.2523
0
0
0
0
0
0
0
0
0
0
0
0
0
0
0
0
0
0
0
0
0
0
0
0
0
0
0
0
0
0
0
0
0
0
0
0
0
0
0
0
0
0
0
0
0
0
0
0
0
0
0
0
0
0
0
0
0
0
0
0
0
0
0
0
0
0
0
0
0
0
0
0
0
0
0
0
0
0
0
0
0
0
0
-3.0527
0
0
0
0
0
0
0
0
0
0
0
0
0
0
0
0
0
0
-4.0646
0
0
0
0
0
0
0
0
0
0
0
0
0
0
0
0
0
0
0
7.1174
0
0
0
0
0
0
0
0
0
0
0
0
0
0
0
0
0
0
0
0
0
0
0
0
0
0
0
0
0
-4.0029
0
0
0
0
0
0
0
0
0
0
0
0
0
0
0
0
0
0
0
0
0
0
0
0
0
0
0
0
0
0
0
0
0
0
0
0
0
0
0
0
0
0
0
0
0
0
0
0
0
0
0
-3.2628
0
0
0
0
0
0
0
0
0
0
0
0
0
0
0
0
0
0
0
0
0
0
0
0
0
0
0
0
0
0
0
0
0
0
0
0
0
0
0
0
7.2658
0
0
0
0
0
0
0
0
0
0
0
0
0
0
0
0
0
0
0
0
0
0
0
0
0
0
0
0
0
0
0
0
0
0
0
0
0
0
0
0
0
0
0
0
0
0
0
0
0
0
0
0
0
0
0
0
0
0
0
0
0
0
0
0
0
0
0
0
0
0
0
0
0
0
0
0
-3.2834
0
0
0
0
0
0
0
0
0
0
0
0
0
0
0
0
0
0
0
0
0
0
0
0
0
0
0
0
0
0
0
0
0
0
0
0
0
0
0
0
-3.6243
0
0
0
0
6.9077
0
0
0
0
0
0
0
0
0
0
0
0
0
0
0
0
0
0
0
0
0
0
0
0
0
0
0
0
0
0
0
0
0
0
0
0
0
0
0
0
0
0
0
0
0
0
0
0
0
0
0
0
0
0
0
0
0
0
0
0
0
0
0
0
0
0
0
0
0
0
0
0
0
0
0
0
0
0
0
0
0
0
0
0
0
0
0
0
0
0
0
0
0
0
0
0
0
0
0
0
0
-3.8115
0
0
0
0
0
0
0
0
0
0
0
0
0
0
0
0
0
0
0
0
7.4273
0
0
-3.6159
0
0
0
0
0
0
0
0
0
0
0
0
0
0
0
0
0
0
0
0
0
0
0
0
0
0
0
0
0
0
0
0
0
0
0
0
0
0
0
0
0
0
0
0
0
0
0
0
0
0
0
0
0
0
0
0
0
0
0
0
0
0
0
0
0
0
0
0
0
0
0
0
0
0
0
0
0
0
0
0
0
0
0
0
0
0
-3.3484
0
0
0
0
0
0
0
0
0
0
0
0
0
0
0
0
0
0
0
0
0
0
-3.8581
0
0
0
0
0
0
0
0
0
7.2066
0
0
0
0
0
0
0
0
0
0
0
0
0
0
0
0
0
0
0
0
0
0
0
0
0
0
0
0
0
0
0
0
0
0
0
0
0
0
0
0
0
0
0
0
0
0
0
0
0
0
0
0
0
0
0
0
0
0
0
0
0
0
0
0
0
0
0
0
0
0
0
0
0
0
0
0
0
0
0
0
0
0
0
0
0
0
0
0
-3.5095
0
0
0
0
0
-3.4968
0
0
0
0
0
0
0
0
0
0
0
0
0
0
0
0
0
0
0
0
0
0
0
0
0
0
0
7.0063
0
0
0
0
0
0
0
0
0
0
0
0
0
0
0
0
0
0
0
-3.2731
0
0
0
0
0
0
0
0
0
0
0
0
0
0
0
0
0
0
0
0
0
0
0
0
0
0
0
0
0
0
0
0
0
0
0
0
0
0
0
0
0
0
0
0
0
0
0
0
0
0
0
0
0
0
0
0
0
0
0
0
0
0
0
0
0
0
0
0
0
0
0
0
0
0
0
0
0
0
0
0
0
0
0
0
0
0
0
0
0
0
0
0
0
0
0
0
0
0
0
-3.6159
0
0
6.8889
0
0
0
0
0
0
0
0
0
0
0
0
0
0
0
0
0
0
0
0
0
0
0
0
0
0
0
0
0
0
0
0
0
0
0
0
0
0
0
0
0
0
0
0
0
0
0
0
0
0
0
0
0
0
0
0
0
0
0
0
0
0
0
0
0
0
0
0
0
0
0
0
0
0
0
0
0
0
0
0
0
0
0
0
0
0
0
0
0
0
0
-3.3859
0
0
0
0
0
0
0
0
0
0
-3.5932
0
0
0
0
0
0
0
0
0
0
0
0
0
0
0
0
0
0
0
6.9791
0
0
0
0
0
0
0
0
0
0
0
0
0
0
0
0
0
0
0
0
0
0
0
0
0
0
0
0
0
0
0
0
0
0
0
0
0
0
0
0
0
0
0
0
0
0
0
0
0
0
0
0
0
0
0
0
0
0
0
0
0
0
0
0
0
0
0
0
0
0
0
0
0
0
0
0
0
0
0
0
0
0
0
0
0
0
-0.58902
0
0
0
0
0
0
0
0
0
0
0
0
0
0
0
0
0
0
0
0
0
0
0
0
0
0
0
0
0
0
0
0
0
0
0
0.58902
0
0
0
0
0
0
0
0
0
0
0
0
0
0
0
0
0
0
0
0
0
0
0
0
0
0
0
0
0
0
0
0
0
0
0
0
0
-5.7609
0
0
0
0
0
0
0
0
0
0
0
0
0
0
0
0
0
0
0
0
0
0
0
0
0
0
0
0
0
0
0
0
0
0
0
0
0
0
0
0
0
0
0
0
0
0
0
0
0
0
0
0
0
0
0
0
0
0
0
0
0
0
0
0
0
0
0
0
0
0
0
0
0
0
0
0
0
0
0
0
0
0
0
0
5.7609
0
0
0
0
0
0
0
0
0
0
0
0
0
0
0
0
0
0
0
0
0
0
0
0
0
0
0
0
0
0
0
0
0
0
0
0
0
0
0
0
0
0
0
0
0
0
0
0
0
0
0
0
0
0
0
0
0
0
0
0
-5.0861
0
0
0
0
0
0
0
0
0
0
0
0
0
0
0
0
0
0
0
0
0
0
0
0
0
0
0
0
0
0
0
0
0
0
0
0
0
0
0
0
0
0
0
0
0
0
0
0
0
0
0
0
0
0
0
0
0
0
0
0
0
5.0861
0
0
0
0
0
0
0
0
0
0
0
0
0
0
0
0
0
0
0
0
0
0
0
0
0
0
0
0
0
0
0
0
0
0
0
0
0
0
0
0
0
0
0
0
0
0
0
0
0
0
0
0
0
0
0
0
-4.9424
0
0
0
0
0
0
0
0
0
0
0
0
0
0
0
0
0
0
0
0
0
0
0
0
0
0
0
0
0
0
0
0
0
0
0
0
0
0
0
0
0
0
0
0
0
0
0
0
0
0
0
0
0
0
0
0
0
0
0
0
0
0
0
0
0
4.9424
0
0
0
0
0
0
0
0
0
0
0
0
0
0
0
0
0
0
0
0
0
0
0
0
0
0
0
0
0
0
0
0
0
0
0
0
0
0
0
0
0
0
0
0
0
0
0
0
0
0
0
0
0
0
0
0
0
0
0
0
0
0
0
0
0
0
0
0
0
0
0
0
0
0
0
0
0
0
0
0
0
0
0
0
0
-3.5829
0
0
0
0
0
0
0
0
0
0
0
0
0
0
0
0
0
0
0
0
0
0
0
0
0
0
0
0
0
0
0
0
0
0
0
0
3.5829
0
0
0
0
0
0
0
0
0
0
0
0
0
0
0
0
-6.2521
0
0
0
0
0
0
0
0
0
0
0
0
0
0
0
0
0
0
0
0
0
0
0
0
0
0
0
0
0
0
0
0
0
0
0
0
0
0
0
0
0
0
0
0
0
0
0
0
0
0
0
0
0
0
0
0
0
0
0
0
0
0
0
0
0
0
0
0
0
0
0
0
0
0
0
0
0
0
0
0
0
0
0
0
0
0
0
0
0
0
0
0
0
0
0
0
0
0
0
0
0
0
0
0
0
6.2521
0
0
0
0
0
0
0
0
0
0
0
0
0
0
0
0
0
0
0
0
0
0
0
0
0
0
0
0
0
0
0
0
0
0
0
0
0
0
0
0
0
0
0
0
0
0
0
0
0
0
0
0
0
0
0
0
0
0
0
0
0
0
-4.1941
0
0
0
0
0
0
0
0
0
0
0
0
0
0
0
0
0
0
0
0
0
0
0
0
0
0
0
0
0
0
0
0
0
0
0
0
0
0
0
0
0
0
0
0
0
0
0
0
0
0
0
0
0
0
0
0
0
0
0
4.1941
0
0
0
0
0
0
0
0
0
0
0
0
0
0
0
0
0
0
0
0
0
0
0
0
0
0
0
0
0
0
0
0
0
0
0
0
0
0
0
0
0
0
0
0
0
0
0
0
0
0
0
0
0
0
0
0
0
0
0
0
0
0
0
0
0
0
0
0
0
0
0
0
0
-3.2638
0
0
0
0
0
0
0
0
0
0
0
0
0
0
0
0
0
0
0
0
0
0
0
0
0
0
0
0
0
0
0
0
0
0
0
0
0
0
0
0
0
0
0
0
0
0
0
0
3.2638
0
0
0
0
0
0
0
0
0
0
0
0
0
0
0
0
0
0
0
0
0
0
0
0
0
0
0
0
0
0
0
0
0
0
0
0
0
0
0
0
0
0
0
0
0
0
0
0
0
0
0
0
0
0
0
0
0
0
0
0
0
0
0
0
0
0
0
0
0
0
0
0
0
0
0
0
0
0
0
0
0
0
0
0
0
0
0
0
0
0
0
-3.3785
0
0
0
0
0
0
0
0
0
0
0
0
0
0
0
0
0
0
0
0
0
0
0
0
0
0
0
0
0
0
3.3785
0
0
0
0
0
0
0
0
0
0
0
0
0
0
0
0
0
0
0
0
0
0
0
0
0
0
0
0
0
0
0
0
0
0
0
0
0
0
0
0
0
0
0
0
0
0
0
0
0
0
0
0
0
-5.086
0
0
0
0
0
0
0
0
0
0
0
0
0
0
0
0
0
0
0
0
0
0
0
0
0
0
0
0
0
0
0
0
0
0
0
0
0
0
0
0
0
0
0
0
0
0
0
0
0
0
0
0
0
0
0
0
0
0
0
0
0
0
0
0
0
0
0
0
5.086
0
0
0
0
0
0
0
0
0
0
0
0
0
0
0
0
0
0
0
0
0
0
0
0
0
0
0
0
0
0
0
0
0
0
0
0
0
0
0
0
0
0
0
0
0
0
0
0
0
0
0
0
0
0
0
0
0
0
0
0
0
0
0
-3.6667
0
0
0
0
0
0
0
0
0
0
0
0
0
0
0
0
0
0
0
0
0
0
0
0
0
0
0
0
0
0
0
0
0
0
0
0
0
0
0
0
0
0
0
0
0
0
0
0
0
0
0
0
0
0
0
0
0
0
3.6667
0
0
0
0
0
0
0
0
0
0
0
0
0
0
0
0
0
0
0
0
0
0
0
0
0
0
0
0
0
0
0
0
0
0
0
0
0
0
0
0
0
0
0
0
0
0
0
0
0
0
0
0
-4.8953
0
0
0
0
0
0
0
0
0
0
0
0
0
0
0
0
0
0
0
0
0
0
0
0
0
0
0
0
0
0
0
0
0
0
0
0
0
0
0
0
0
0
0
0
0
0
0
0
0
0
0
0
0
0
0
0
0
0
0
0
0
0
0
0
0
0
0
0
0
4.8953
0
0
0
0
0
0
0
0
0
0
0
0
0
0
0
0
0
0
0
0
0
0
0
0
0
0
0
0
0
0
0
0
0
0
0
0
0
0
0
0
0
0
0
0
0
0
0
0
0
0
0
0
0
0
0
0
0
0
0
0
0
0
0
0
0
0
0
0
0
0
0
0
0
0
0
0
-1.0427
0
0
0
0
0
0
0
0
0
0
0
0
0
0
0
0
0
0
0
0
0
0
0
0
0
0
0
0
0
0
0
0
0
0
0
0
0
0
0
0
0
0
0
0
0
1.0427
0
0
0
0
0
0
0
0
0
0
0
0
0
0
0
0
0
0
0
0
0
0
0
0
0
0
0
0
0
0
0
0
0
0
0
0
0
0
0
0
0
0
-5.0303
0
0
0
0
0
0
0
0
0
0
0
0
0
0
0
0
0
0
0
0
0
0
0
0
0
0
0
0
0
0
0
0
0
0
0
0
0
0
0
0
0
0
0
0
0
0
0
0
0
0
0
0
0
0
0
0
0
0
0
0
0
0
0
0
0
0
0
0
0
0
0
0
0
0
0
0
0
0
0
5.0303
0
-6.4302
0
0
0
0
0
0
0
0
0
0
0
0
0
0
0
0
0
0
0
0
0
0
0
0
0
0
0
0
0
0
0
0
0
0
0
0
0
0
0
0
0
0
0
0
0
0
0
0
0
0
0
0
0
0
0
0
0
0
0
0
0
0
0
0
0
0
0
0
0
0
0
0
0
0
0
0
0
0
0
0
0
0
0
0
0
0
0
0
0
0
0
0
0
0
0
0
0
0
0
0
0
0
0
0
0
0
0
0
0
0
0
0
0
0
0
0
0
0
0
0
6.4302
