1
0.96709
0.9523
0.94166
0.93421
0.92752
0.92281
0.91346
0.90472
0.89666
0.88916
0.88203
0.87533
0.86888
0.86275
0.85685
0.85119
0.84573
0.84043
0.83529
0.8303
0.82546
0.82075
0.81619
0.81175
0.80743
0.8032
0.79905
0.79501
0.79106
0.78721
0.78346
0.77981
0.77627
0.77284
0.76952
0.76631
0.76321
0.76022
0.75733
0.75457
0.75192
0.7494
0.747
0.7447
0.74251
0.74041
0.73841
0.73649
0.73463
0.73277
0.73089
0.72891
0.72682
0.72458
0.72219
0.71969
0.7171
0.7145
0.71193
0.70943
0.70702
0.7047
0.70249
0.70035
0.69826
0.69619
0.69413
0.69208
0.69005
0.68807
0.68615
0.68431
0.68256
0.68091
0.67935
0.67789
0.67652
0.67523
0.67403
0.6729
0.67184
0.67085
0.66992
0.66904
0.6682
0.6674
0.66663
0.66589
0.66518
0.66448
0.66381
0.66316
0.66253
0.66191
0.66132
0.66073
0.66017
0.65961
0.65907
0.65855
0.65804
0.65756
0.6571
0.65666
0.65625
0.65586
0.65549
0.65514
0.65481
0.65449
0.65418
0.65388
0.65359
0.65329
0.65298
0.65268
0.65237
0.65206
0.65175
0.65144
0.65112
0.65081
0.65049
0.65016
0.64982
0.64948
0.64914
0.64878
0.64842
0.64805
