1
0.97273
0.95855
0.94919
0.94205
0.93783
0.93338
0.92995
0.92671
0.92428
0.92242
0.92048
0.9194
0.9182
0.91689
0.9104
0.90473
0.8991
0.89423
0.88933
0.88488
0.88053
0.87643
0.87248
0.8687
0.86506
0.86154
0.85813
0.8548
0.85154
0.84832
0.84514
0.842
0.83889
0.83582
0.83279
0.82981
0.82687
0.82397
0.82113
0.81834
0.8156
0.81292
0.8103
0.80773
0.80522
0.80276
0.80036
0.798
0.79569
0.79342
0.79119
0.78899
0.78682
0.78467
0.78254
0.78043
0.77832
0.77622
0.77413
0.77204
0.76995
0.76787
0.76579
0.76372
0.76168
0.75967
0.7577
0.75579
0.75395
0.75216
0.75045
0.7488
0.7472
0.74566
0.74418
0.74274
0.74135
0.73999
0.73868
0.73739
0.73614
0.73493
0.73374
0.73258
0.73146
0.73036
0.72929
0.72825
0.72723
0.72625
0.7253
0.72437
0.72348
0.72262
0.72178
0.72098
0.7202
0.71946
0.71874
0.71805
0.71738
0.71675
0.71613
0.71554
0.71498
0.71443
0.71391
0.71341
0.71293
0.71247
0.71203
0.71161
0.7112
0.71081
0.71044
0.71008
0.70973
0.7094
0.70908
0.70877
0.70847
0.70819
0.70792
0.70766
0.70741
0.70717
0.70695
0.70674
0.70654
0.70635
0.70617
0.70601
0.70586
0.70572
0.70559
0.70546
