1
0.93701
0.91946
0.90605
0.89645
0.88963
0.88372
0.87922
0.87514
0.87206
0.86952
0.86766
0.85808
0.84945
0.84153
0.83415
0.82729
0.82091
0.81472
0.8087
0.80266
0.79681
0.79097
0.78536
0.77973
0.77416
0.76847
0.76284
0.75722
0.7517
0.74622
0.74078
0.73532
0.72984
0.72433
0.71885
0.71348
0.70829
0.70332
0.69854
0.69393
0.68942
0.68502
0.68072
0.6765
0.67237
0.66831
0.66432
0.66039
0.65653
0.65269
0.64886
0.64502
0.64118
0.63734
0.63352
0.62973
0.62597
0.62226
0.61862
0.61504
0.61154
0.60813
0.6048
0.60156
0.59844
0.59542
0.59252
0.58971
0.58699
0.58437
0.58183
0.57936
0.57696
0.5746
0.57227
0.56996
0.56768
0.56543
0.56321
0.56103
0.55887
0.55674
0.55464
