1
0.9687
0.96465
0.95922
0.95461
0.95098
0.94785
0.94531
0.94369
0.93955
0.93588
0.93242
0.92915
0.92604
0.92314
0.92039
0.91781
0.91535
0.91301
0.91075
0.90858
0.90644
0.90428
0.90217
0.90019
0.89832
0.89655
0.89485
0.89326
0.89177
0.89035
0.88899
0.8877
0.88646
0.88527
0.88413
0.88302
0.88196
0.88093
0.87994
0.87897
0.87804
0.87712
0.87623
0.87536
0.87451
0.87367
0.87285
0.87203
0.87122
0.87041
0.8696
0.8688
0.86798
0.86717
0.86634
0.86552
0.86468
0.86384
0.863
0.86216
0.86132
0.86048
0.85966
0.85884
0.85804
0.85725
0.85647
0.85572
0.85498
0.85427
0.85357
0.85289
0.85223
0.85158
0.85096
0.85034
0.84975
0.84916
0.84858
0.84802
0.84746
0.8469
0.84636
0.84582
0.84528
0.84474
0.84421
0.84368
0.84315
0.84262
0.8421
0.84158
0.84105
0.84053
0.84001
0.83949
0.83897
0.83846
0.83794
0.83743
0.83692
0.83641
0.8359
0.83539
0.83489
0.83439
0.8339
0.83341
0.83292
0.83244
0.83196
0.83149
0.83102
0.83056
0.8301
0.82965
0.82921
0.82877
0.82833
0.8279
0.82748
0.82707
0.82666
0.82625
0.82585
0.82546
0.82507
0.82469
0.82431
0.82394
0.82358
0.82322
0.82287
0.82252
0.82219
0.82185
0.82153
0.8212
0.82088
0.82057
0.82026
0.81996
0.81965
0.81936
0.81906
0.81877
0.81849
0.81821
0.81793
0.81765
0.81737
0.8171
0.81683
0.81657
0.8163
0.81604
0.81578
0.81552
0.81527
0.81502
0.81477
0.81452
0.81427
0.81402
0.81377
