1
0.96796
0.95875
0.95085
0.94431
0.94053
0.93643
0.93366
0.93136
0.92506
0.91919
0.9136
0.90829
0.90322
0.89831
0.8936
0.88902
0.88459
0.88026
0.87604
0.8719
0.86785
0.86389
0.86002
0.85622
0.85247
0.84876
0.8451
0.84153
0.83804
0.83461
0.83126
0.82798
0.82476
0.82162
0.81854
0.81554
0.8126
0.80972
0.8069
0.80415
0.80145
0.79881
0.79623
0.7937
0.79122
0.78879
0.7864
0.78407
0.78178
0.77952
0.77731
0.77513
0.77298
0.77086
0.76878
0.76673
0.7647
0.76271
0.76074
0.75879
0.75688
0.75498
0.75311
0.75126
0.74942
0.74761
0.74582
0.74405
0.74229
0.74055
0.73883
0.73713
0.73544
0.73378
0.73213
0.7305
0.72889
0.7273
0.72573
0.72418
0.72265
0.72114
0.71965
0.71819
0.71674
0.71532
0.71391
0.71253
0.71117
0.70983
0.7085
0.7072
0.70592
0.70466
0.70343
0.70221
0.70101
0.69983
0.69867
0.69754
0.69643
0.69534
0.69426
0.69321
0.69218
0.69116
0.69016
0.68917
0.6882
0.68725
0.68631
0.68539
0.68448
0.68358
0.6827
0.68183
0.68098
0.68015
0.67933
0.67852
0.67774
0.67696
0.67621
0.67547
0.67475
0.67405
0.67337
0.6727
0.67206
0.67144
0.67084
0.67026
0.66971
0.66918
0.66868
0.66821
0.66777
0.66737
0.66701
0.66669
0.66642
0.66621
0.66605
0.66596
0.66593
0.66597
0.66606
0.66621
0.6664
0.66661
0.66685
0.66707
0.66729
0.66747
0.66763
0.66774
0.66782
0.66785
0.66786
0.66782
0.66776
0.66767
0.66755
0.66742
0.66726
