33.6431
-0.26471
-0.26693
-0.27551
-0.26742
-0.27592
-0.304
-0.2794
-0.28777
-0.29287
-0.30914
-0.29426
-0.30193
-0.27863
-0.29189
-0.30578
-0.27264
-0.3025
-0.29791
-0.32979
-0.29792
-0.29476
-0.29021
-0.31343
-0.31295
-0.3028
-0.31705
-0.2896
-0.31884
-0.31264
-0.34439
-0.31731
-0.33402
-0.31729
-0.32591
-0.38967
-0.48097
-0.46043
-0.42512
-0.39457
-0.52929
-0.36976
-0.6576
-0.41839
-0.79222
-1.1445
-1.1751
-1.4166
0
0
0
0
0
0
0
0
0
0
0
0
-2.3196
0
0
0
0
-3.0184
0
-2.234
0
0
0
0
0
0
0
-3.6403
0
0
0
0
0
0
0
0
0
-3.5885
0
0
0
0
0
0
0
0
0
0
0
0
0
0
0
0
0
0
0
0
0
0
-0.26471
29.9228
-0.37247
-0.35699
-0.32026
-0.34216
-0.39099
-0.30584
-0.34352
-0.37166
-0.4006
-0.37097
-0.37406
-0.3404
-0.36422
-0.39258
-0.37139
-0.38939
-0.35803
-0.41286
-0.37253
-0.39164
-0.3833
-0.41479
-0.39179
-0.36501
-0.47165
-0.38413
-0.45012
-0.41042
-0.46529
-0.42197
-0.44516
-0.41205
-0.48465
-0.57556
-0.62381
-0.69874
-0.59592
-0.61087
-0.81887
-0.74737
-0.91292
-0.71138
-1.1576
-1.3415
0
-2.0045
0
0
0
0
0
0
0
0
0
0
0
0
-2.8918
0
0
0
0
0
0
0
0
0
0
0
-3.1244
0
0
0
0
0
0
0
0
0
0
0
0
0
0
0
0
0
0
0
0
0
0
0
0
0
0
0
0
0
0
0
0
0
0
0
-0.26693
-0.37247
30.0298
-0.35542
-0.32216
-0.34192
-0.39258
-0.30938
-0.34466
-0.37496
-0.40026
-0.37492
-0.39115
-0.34859
-0.3776
-0.3977
-0.38052
-0.39523
-0.37222
-0.43076
-0.37974
-0.39195
-0.38663
-0.42294
-0.41833
-0.40588
-0.46148
-0.38848
-0.43653
-0.41706
-0.46744
-0.42808
-0.45267
-0.42064
-0.44385
-0.59382
-0.72675
-0.72215
-0.61834
-0.62147
-0.81927
-0.70837
-0.96365
-0.68325
-1.1672
-1.4985
0
-1.9674
0
0
0
0
0
0
0
0
0
0
0
0
-2.8234
0
0
0
0
0
0
-2.8451
0
0
0
0
0
0
0
0
0
0
0
0
0
0
0
0
0
0
0
0
0
0
0
0
0
0
0
0
0
0
0
0
0
0
0
0
0
0
0
0
-0.27551
-0.35699
-0.35542
29.4993
-0.32802
-0.32084
-0.38772
-0.3471
-0.35368
-0.36987
-0.38164
-0.37232
-0.40145
-0.35207
-0.40642
-0.39
-0.37432
-0.39365
-0.38908
-0.43117
-0.38265
-0.39181
-0.37762
-0.4034
-0.42377
-0.40513
-0.50428
-0.37279
-0.4415
-0.41126
-0.47136
-0.40267
-0.4548
-0.43238
-0.49783
-0.56769
-0.71788
-0.68596
-0.63897
-0.63448
-0.78511
-0.60521
-0.88647
-0.62678
-1.0856
0
0
-1.7926
0
0
0
0
0
0
0
0
0
0
0
0
0
0
0
0
0
0
0
0
0
0
-3.1887
0
0
0
0
0
0
0
0
0
0
0
0
0
0
-3.9234
0
0
0
0
0
0
0
0
0
0
0
0
0
0
0
0
0
0
0
0
0
0
-0.26742
-0.32026
-0.32216
-0.32802
26.1274
-0.33465
-0.39542
-0.33305
-0.33386
-0.36363
-0.41
-0.36657
-0.38134
-0.3381
-0.35761
-0.38928
-0.36377
-0.38818
-0.36452
-0.42323
-0.36479
-0.38275
-0.37582
-0.40338
-0.40066
-0.38802
-0.49253
-0.36876
-0.43107
-0.40224
-0.45067
-0.41444
-0.4427
-0.40857
-0.48337
-0.58281
-0.73752
-0.70059
-0.60086
-0.5885
-0.8029
-0.72298
-0.94679
-0.68202
-1.1629
-1.3903
0
-2.0032
0
0
0
0
0
0
0
0
0
0
-2.2151
0
0
0
0
0
0
0
0
0
0
0
0
0
0
0
0
0
0
0
0
0
0
0
0
0
0
0
0
0
0
0
0
0
0
0
0
0
0
0
0
0
0
0
0
0
0
0
0
0
-0.27592
-0.34216
-0.34192
-0.32084
-0.33465
27.7564
-0.38859
-0.34848
-0.36278
-0.37708
-0.37525
-0.37614
-0.38281
-0.33986
-0.37747
-0.39707
-0.38153
-0.39631
-0.36811
-0.4163
-0.39241
-0.39547
-0.38026
-0.41179
-0.41085
-0.3953
-0.44726
-0.40861
-0.40745
-0.41578
-0.40451
-0.38387
-0.44956
-0.42696
-0.50514
-0.58004
-0.57388
-0.72218
-0.64895
-0.72458
-0.81091
0
-0.91658
-0.68273
-1.1305
0
0
0
0
0
0
0
0
0
0
-2.1757
0
0
0
0
0
0
0
0
0
0
0
0
0
0
0
0
0
0
0
0
0
0
0
0
0
0
0
0
0
0
0
0
0
0
0
0
0
0
-5.6519
0
0
0
0
0
0
0
0
0
0
0
0
0
-0.304
-0.39099
-0.39258
-0.38772
-0.39542
-0.38859
25.6254
-0.38027
-0.40477
-0.5141
-0.46894
-0.47854
-0.51056
-0.4289
-0.45796
-0.47615
-0.45872
-0.47341
-0.45202
-0.52624
-0.46294
-0.48045
-0.46653
-0.51025
-0.53204
-0.48931
-0.55331
-0.48123
-0.50146
-0.51121
-0.5324
-0.49112
-0.54036
-0.50058
-0.64765
-0.72737
-0.83675
-0.86292
-0.77778
-0.82173
-1.0087
-1.1288
-1.163
-0.92035
-1.3874
0
0
0
0
0
0
0
0
0
0
0
0
0
0
0
0
0
0
0
0
0
0
0
0
0
0
0
0
0
0
0
0
0
0
0
0
0
0
0
0
0
0
0
0
0
0
0
0
0
0
0
0
0
0
0
0
0
0
0
0
0
0
0
-0.2794
-0.30584
-0.30938
-0.3471
-0.33305
-0.34848
-0.38027
30.8363
-0.29394
-0.36581
-0.39636
-0.3692
-0.38983
-0.33459
-0.37576
-0.39374
-0.37394
-0.38945
-0.37538
-0.42718
-0.37391
-0.37614
-0.38224
-0.4043
-0.42053
-0.39764
-0.40087
-0.39064
-0.49355
-0.43422
-0.50997
-0.38362
-0.45194
-0.3686
-0.48296
-0.55021
-0.62427
-0.6791
-0.59051
0
0
-0.69807
0
0
0
0
0
0
0
0
-2.1184
0
-2.0696
0
0
0
0
0
0
0
-2.6407
0
0
0
0
-3.0833
0
0
0
0
0
0
0
0
0
0
0
0
0
0
0
0
0
0
0
0
0
0
0
0
0
0
0
0
0
0
0
0
0
0
0
-4.7224
0
0
0
0
0
0
-0.28777
-0.34352
-0.34466
-0.35368
-0.33386
-0.36278
-0.40477
-0.29394
26.0326
-0.38999
-0.43034
-0.39053
-0.41507
-0.35288
-0.41009
-0.40671
-0.40025
-0.40374
-0.39278
-0.4563
-0.38763
-0.39884
-0.39907
-0.42527
-0.44377
-0.42251
-0.48543
-0.40894
-0.48383
-0.43625
-0.48914
-0.43752
-0.46034
-0.38775
-0.52718
-0.5912
-0.86865
-0.70522
-0.62689
-0.71986
-0.82822
0
-1.031
-0.8372
-1.1896
0
0
0
0
0
0
0
0
0
0
0
0
0
0
0
0
0
0
0
0
0
0
0
0
0
0
0
0
0
0
0
0
0
0
0
0
0
0
0
0
0
0
0
0
0
0
0
0
0
0
0
0
0
0
0
0
-4.8676
0
0
0
0
0
0
-0.29287
-0.37166
-0.37496
-0.36987
-0.36363
-0.37708
-0.5141
-0.36581
-0.38999
23.8344
-0.46623
-0.45873
-0.4699
-0.40462
-0.44522
-0.4545
-0.43838
-0.45133
-0.43276
-0.49945
-0.42706
-0.45684
-0.44334
-0.48407
-0.49995
-0.46129
-0.5576
-0.45348
-0.51346
-0.49084
-0.52511
-0.48072
-0.52258
-0.48052
-0.62996
-0.71141
-0.8519
-0.84581
-0.75855
-0.86018
-0.98649
0
-1.1361
-0.94293
-1.3731
0
0
0
0
0
0
0
0
0
0
0
0
0
0
0
0
0
0
0
0
0
0
0
0
0
0
0
0
0
0
0
0
0
0
0
0
0
0
0
0
0
0
0
0
0
0
0
0
0
0
0
0
0
0
0
0
0
0
0
0
0
0
0
-0.30914
-0.4006
-0.40026
-0.38164
-0.41
-0.37525
-0.46894
-0.39636
-0.43034
-0.46623
27.8894
-0.47086
-0.48313
-0.42004
-0.43519
-0.49487
-0.46527
-0.48526
-0.45548
-0.53214
-0.40832
-0.49587
-0.46772
-0.51219
-0.5165
-0.48811
-0.55982
-0.47548
-0.5362
-0.52557
-0.5488
-0.47895
-0.56064
-0.47027
-0.65345
-0.74522
-0.87168
-0.89093
-0.79489
-0.87408
-0.9847
0
0
0
0
0
0
0
0
0
0
0
0
0
0
0
0
0
0
0
0
0
0
0
0
0
0
0
0
0
0
0
0
0
0
0
0
0
0
0
0
0
0
0
0
0
0
0
0
0
0
0
0
0
0
0
0
0
0
0
0
0
0
-3.3745
0
0
0
-3.3745
-0.29426
-0.37097
-0.37492
-0.37232
-0.36657
-0.37614
-0.47854
-0.3692
-0.39053
-0.45873
-0.47086
22.4782
-0.46243
-0.39491
-0.44216
-0.46207
-0.41183
-0.44679
-0.44593
-0.49267
-0.41215
-0.4536
-0.44271
-0.48306
-0.49654
-0.4591
-0.56199
-0.4502
-0.52828
-0.48966
-0.52833
-0.48412
-0.51804
-0.48244
-0.63659
-0.71723
-0.88876
-0.84765
-0.76387
-0.88718
-0.96402
0
-1.1515
-0.94944
0
0
0
0
0
0
0
0
0
0
0
0
0
0
0
0
0
0
0
0
0
0
0
0
0
0
0
0
0
0
0
0
0
0
0
0
0
0
0
0
0
0
0
0
0
0
0
0
0
0
0
0
0
0
0
0
0
0
0
0
0
0
0
0
-0.30193
-0.37406
-0.39115
-0.40145
-0.38134
-0.38281
-0.51056
-0.38983
-0.41507
-0.4699
-0.48313
-0.46243
23.6878
-0.38293
-0.43456
-0.49211
-0.43228
-0.48694
-0.44863
-0.51961
-0.43314
-0.48559
-0.45359
-0.48549
-0.49789
-0.43373
-0.54156
-0.4662
-0.53448
-0.50557
-0.52099
-0.48882
-0.5544
-0.52458
-0.67085
-0.76275
-0.76193
-0.90977
-0.81383
0
0
0
0
0
0
0
0
0
-2.6426
-2.0393
0
0
0
0
0
0
0
0
0
0
0
0
0
0
0
0
0
0
0
0
0
0
0
0
0
0
0
0
0
0
0
0
0
0
0
0
0
0
0
0
0
0
0
0
0
0
0
0
0
0
0
0
0
0
0
0
0
0
-0.27863
-0.3404
-0.34859
-0.35207
-0.3381
-0.33986
-0.4289
-0.33459
-0.35288
-0.40462
-0.42004
-0.39491
-0.38293
18.706
-0.36555
-0.41052
-0.38954
-0.37176
-0.3647
-0.41713
-0.39256
-0.42576
-0.38547
-0.41395
-0.41955
-0.39908
-0.50326
-0.42006
-0.47302
-0.43579
-0.49389
-0.39637
-0.48468
-0.45096
-0.58668
-0.62432
-0.67503
-0.77607
-0.67466
0
0
0
0
0
0
0
0
0
0
0
-2.2391
0
0
0
0
0
0
0
0
0
0
0
0
0
0
0
0
0
0
0
0
0
0
0
0
0
0
0
0
0
0
0
0
0
0
0
0
0
0
0
0
0
0
0
0
0
0
0
0
0
0
0
0
0
0
0
0
0
-0.29189
-0.36422
-0.3776
-0.40642
-0.35761
-0.37747
-0.45796
-0.37576
-0.41009
-0.44522
-0.43519
-0.44216
-0.43456
-0.36555
26.3974
-0.46881
-0.42971
-0.47085
-0.43063
-0.43095
-0.41687
-0.45052
-0.41772
-0.47302
-0.47327
-0.435
-0.47141
-0.42715
-0.50356
-0.47976
-0.50179
-0.48033
-0.53593
-0.48343
0
-0.70728
0
0
0
0
0
0
0
0
0
0
0
0
-1.5403
-1.773
0
0
-2.8681
0
0
0
0
0
0
0
0
0
0
0
0
0
0
0
0
0
0
0
0
0
0
0
0
0
0
0
0
0
0
0
0
0
0
0
0
0
0
0
-5.1862
0
0
0
0
0
0
0
0
0
0
0
0
0
0
0
-0.30578
-0.39258
-0.3977
-0.39
-0.38928
-0.39707
-0.47615
-0.39374
-0.40671
-0.4545
-0.49487
-0.46207
-0.49211
-0.41052
-0.46881
20.3688
-0.46349
-0.50105
-0.45799
-0.54821
-0.46595
-0.47313
-0.46401
-0.49636
-0.51004
-0.4762
-0.59267
-0.47454
-0.53918
-0.52334
-0.53846
-0.52249
-0.5454
-0.51172
-0.70171
-0.75015
0
-0.89973
0
0
0
0
-1.2046
0
-1.3764
0
0
0
0
0
0
0
0
0
0
0
0
0
0
0
0
0
0
0
0
0
0
0
0
0
0
0
0
0
0
0
0
0
0
0
0
0
0
0
0
0
0
0
0
0
0
0
0
0
0
0
0
0
0
0
0
0
0
0
0
0
0
0
-0.27264
-0.37139
-0.38052
-0.37432
-0.36377
-0.38153
-0.45872
-0.37394
-0.40025
-0.43838
-0.46527
-0.41183
-0.43228
-0.38954
-0.42971
-0.46349
21.2342
-0.46202
-0.40813
-0.56989
-0.41821
-0.42582
-0.40159
-0.45543
-0.49718
-0.44398
-0.58275
-0.43037
-0.49848
-0.46781
-0.52543
-0.46582
-0.51895
-0.48175
-0.62502
-0.70773
0
-0.82519
-0.72887
0
0
0
0
0
0
0
0
0
0
0
0
0
0
0
0
0
0
0
0
0
0
0
0
0
0
0
0
0
0
0
0
0
0
0
0
-3.8863
0
0
0
0
0
0
0
0
0
0
0
0
0
0
0
0
0
0
0
0
0
0
0
0
0
0
0
0
0
0
0
0
-0.3025
-0.38939
-0.39523
-0.39365
-0.38818
-0.39631
-0.47341
-0.38945
-0.40374
-0.45133
-0.48526
-0.44679
-0.48694
-0.37176
-0.47085
-0.50105
-0.46202
19.3633
-0.43132
-0.54864
-0.45801
-0.48876
-0.45256
-0.46868
-0.50352
-0.48306
-0.57978
-0.49042
-0.54254
-0.51383
-0.54045
-0.5208
-0.54456
-0.51804
-0.69285
-0.71458
0
-0.8573
-0.78751
0
-1.0182
0
0
0
0
0
0
0
0
0
0
0
0
0
0
0
0
0
0
0
0
0
0
0
0
0
0
0
0
0
0
0
0
0
0
0
0
0
0
0
0
0
0
0
0
0
0
0
0
0
0
0
0
0
0
0
0
0
0
0
0
0
0
0
0
0
0
0
-0.29791
-0.35803
-0.37222
-0.38908
-0.36452
-0.36811
-0.45202
-0.37538
-0.39278
-0.43276
-0.45548
-0.44593
-0.44863
-0.3647
-0.43063
-0.45799
-0.40813
-0.43132
20.2446
-0.49927
-0.40763
-0.4354
-0.42407
-0.45211
-0.39389
-0.43367
-0.53655
-0.43463
-0.52408
-0.4569
-0.50217
-0.45737
-0.52351
-0.5036
0
-0.70389
0
0
0
0
0
0
0
0
0
0
0
0
0
0
0
0
0
0
0
-2.33
0
0
0
0
0
0
0
0
0
0
-2.9801
0
0
0
0
0
0
0
0
0
0
0
0
0
0
0
0
0
0
0
0
0
0
0
0
0
0
0
0
0
0
0
0
0
0
0
0
0
0
0
0
0
-0.32979
-0.41286
-0.43076
-0.43117
-0.42323
-0.4163
-0.52624
-0.42718
-0.4563
-0.49945
-0.53214
-0.49267
-0.51961
-0.41713
-0.43095
-0.54821
-0.56989
-0.54864
-0.49927
23.5059
-0.48839
-0.5209
-0.51909
-0.55039
-0.58538
-0.51489
-0.62492
-0.53741
-0.62696
-0.56938
-0.60297
-0.54346
-0.61782
-0.54116
-0.75815
-0.80265
0
0
0
0
0
0
0
0
0
0
0
0
0
0
0
0
0
0
0
0
0
0
0
0
0
0
0
0
0
0
0
0
0
0
0
0
0
0
0
0
0
0
0
0
0
0
0
0
0
0
0
0
0
0
0
-5.1902
0
0
0
0
0
0
0
0
0
0
0
0
0
0
0
0
-0.29792
-0.37253
-0.37974
-0.38265
-0.36479
-0.39241
-0.46294
-0.37391
-0.38763
-0.42706
-0.40832
-0.41215
-0.43314
-0.39256
-0.41687
-0.46595
-0.41821
-0.45801
-0.40763
-0.48839
20.5213
-0.43421
-0.42133
-0.43379
-0.45729
-0.43925
-0.50368
-0.43214
-0.53977
-0.45668
-0.45361
-0.46495
-0.49954
-0.48384
0
0
0
0
0
0
0
0
0
0
0
0
0
0
0
0
0
0
0
0
0
0
0
0
0
0
0
0
-2.9719
0
0
0
0
0
0
0
0
0
0
-1.9484
0
0
0
-1.4381
0
0
0
0
0
0
0
0
0
0
0
0
0
0
0
0
0
0
0
0
0
0
0
0
0
0
0
0
0
0
-0.29476
-0.39164
-0.39195
-0.39181
-0.38275
-0.39547
-0.48045
-0.37614
-0.39884
-0.45684
-0.49587
-0.4536
-0.48559
-0.42576
-0.45052
-0.47313
-0.42582
-0.48876
-0.4354
-0.5209
-0.43421
19.2982
-0.43674
-0.4876
-0.4803
-0.47637
-0.55365
-0.43883
-0.5892
-0.45603
-0.5202
-0.52748
-0.55643
-0.41286
0
-0.70867
0
0
0
0
0
0
0
0
0
0
0
0
0
0
0
0
0
0
0
0
0
0
0
0
0
0
0
0
0
0
0
0
0
0
0
0
0
0
0
0
0
0
0
0
0
0
-3.6036
0
0
0
0
0
0
0
0
0
0
0
0
0
0
0
0
0
0
0
0
0
0
0
0
0
-0.29021
-0.3833
-0.38663
-0.37762
-0.37582
-0.38026
-0.46653
-0.38224
-0.39907
-0.44334
-0.46772
-0.44271
-0.45359
-0.38547
-0.41772
-0.46401
-0.40159
-0.45256
-0.42407
-0.51909
-0.42133
-0.43674
16.2693
-0.49216
-0.44996
-0.42873
-0.53752
-0.40663
-0.50259
-0.44214
-0.509
-0.43978
-0.45604
-0.47526
0
0
0
0
0
0
0
0
0
0
0
0
-1.9579
0
0
0
0
0
0
0
0
0
0
0
0
0
0
0
0
0
0
0
0
0
0
0
0
0
0
0
0
0
0
0
0
0
0
0
0
0
0
0
0
0
0
0
0
0
0
0
0
0
0
0
0
0
0
0
0
0
0
0
0
0
-0.31343
-0.41479
-0.42294
-0.4034
-0.40338
-0.41179
-0.51025
-0.4043
-0.42527
-0.48407
-0.51219
-0.48306
-0.48549
-0.41395
-0.47302
-0.49636
-0.45543
-0.46868
-0.45211
-0.55039
-0.43379
-0.4876
-0.49216
16.3006
-0.52093
-0.48188
-0.58226
-0.44963
-0.52345
-0.56332
-0.57521
-0.52261
-0.52428
-0.50674
-0.65242
0
0
0
0
0
0
0
0
0
0
0
0
0
0
0
0
0
0
0
0
0
0
0
0
0
0
0
0
0
0
0
0
0
0
0
0
0
0
0
0
0
0
0
0
0
0
0
0
0
0
0
0
0
0
0
0
0
0
0
0
0
0
0
0
0
0
0
0
0
0
0
0
0
-0.31295
-0.39179
-0.41833
-0.42377
-0.40066
-0.41085
-0.53204
-0.42053
-0.44377
-0.49995
-0.5165
-0.49654
-0.49789
-0.41955
-0.47327
-0.51004
-0.49718
-0.50352
-0.39389
-0.58538
-0.45729
-0.4803
-0.44996
-0.52093
21.907
-0.49034
-0.64258
-0.44781
-0.6103
-0.52244
-0.6039
-0.47849
-0.57051
0
0
0
0
0
0
0
0
0
0
0
0
0
-1.9747
0
0
0
0
0
0
0
0
0
0
0
0
0
0
0
0
0
0
0
0
0
0
0
0
0
0
0
0
0
0
0
0
0
0
0
0
0
0
0
0
-4.509
0
0
0
0
0
0
0
0
0
0
0
0
0
0
0
0
0
0
0
0
-0.3028
-0.36501
-0.40588
-0.40513
-0.38802
-0.3953
-0.48931
-0.39764
-0.42251
-0.46129
-0.48811
-0.4591
-0.43373
-0.39908
-0.435
-0.4762
-0.44398
-0.48306
-0.43367
-0.51489
-0.43925
-0.47637
-0.42873
-0.48188
-0.49034
17.4437
-0.56646
-0.46083
-0.53273
-0.4537
-0.54665
-0.475
-0.52157
0
0
0
0
0
0
0
0
0
0
0
0
0
0
0
0
0
0
0
0
0
0
0
0
0
0
0
0
0
0
0
0
0
0
0
0
0
0
0
-2.9705
0
0
0
0
0
0
0
0
0
0
0
0
0
0
0
0
0
0
0
0
0
0
0
0
0
0
0
0
0
0
0
0
0
0
0
-0.31705
-0.47165
-0.46148
-0.50428
-0.49253
-0.44726
-0.55331
-0.40087
-0.48543
-0.5576
-0.55982
-0.56199
-0.54156
-0.50326
-0.47141
-0.59267
-0.58275
-0.57978
-0.53655
-0.62492
-0.50368
-0.55365
-0.53752
-0.58226
-0.64258
-0.56646
25.4226
-0.54067
-0.48346
-0.58242
-0.49428
0
0
0
0
0
0
0
0
0
0
0
0
0
0
0
0
0
0
0
0
0
0
0
0
0
0
0
0
0
0
0
0
0
0
0
0
0
0
0
0
0
0
0
0
0
0
0
0
0
0
0
0
-4.3831
0
0
0
0
0
0
0
0
0
0
0
0
0
0
0
0
0
0
-5.3063
0
0
0
0
0
-0.2896
-0.38413
-0.38848
-0.37279
-0.36876
-0.40861
-0.48123
-0.39064
-0.40894
-0.45348
-0.47548
-0.4502
-0.4662
-0.42006
-0.42715
-0.47454
-0.43037
-0.49042
-0.43463
-0.53741
-0.43214
-0.43883
-0.40663
-0.44963
-0.44781
-0.46083
-0.54067
16.5648
-0.49148
-0.40183
-0.48814
0
-0.49689
0
0
0
0
0
0
0
0
0
0
0
0
0
0
0
0
0
0
0
0
0
0
0
0
0
0
-2.9568
0
0
0
0
0
0
0
0
0
0
0
0
0
0
0
0
0
0
0
0
0
0
0
0
0
0
0
0
0
0
0
0
0
0
0
0
0
0
0
0
0
0
0
0
0
0
0
0
-0.31884
-0.45012
-0.43653
-0.4415
-0.43107
-0.40745
-0.50146
-0.49355
-0.48383
-0.51346
-0.5362
-0.52828
-0.53448
-0.47302
-0.50356
-0.53918
-0.49848
-0.54254
-0.52408
-0.62696
-0.53977
-0.5892
-0.50259
-0.52345
-0.6103
-0.53273
-0.48346
-0.49148
23.6355
-0.53158
0
0
-0.60587
0
0
0
0
0
0
0
0
0
0
0
0
0
0
0
0
0
0
0
0
0
0
0
0
0
0
0
0
0
0
0
0
0
0
0
0
0
0
0
0
0
-3.3262
0
0
0
0
0
0
0
0
0
0
0
0
0
0
0
0
0
0
0
0
-5.1142
0
0
0
0
0
0
0
0
0
0
0
0
-0.31264
-0.41042
-0.41706
-0.41126
-0.40224
-0.41578
-0.51121
-0.43422
-0.43625
-0.49084
-0.52557
-0.48966
-0.50557
-0.43579
-0.47976
-0.52334
-0.46781
-0.51383
-0.4569
-0.56938
-0.45668
-0.45603
-0.44214
-0.56332
-0.52244
-0.4537
-0.58242
-0.40183
-0.53158
16.1952
-0.53515
0
0
0
0
0
0
0
0
0
0
0
0
0
0
0
0
0
0
0
0
0
0
0
-2.0404
0
0
0
0
0
0
0
0
0
0
0
0
0
0
0
0
0
0
0
0
0
0
0
0
0
0
0
0
0
0
0
0
0
0
0
0
0
0
0
0
0
0
0
0
0
0
0
0
0
0
0
0
0
-0.34439
-0.46529
-0.46744
-0.47136
-0.45067
-0.40451
-0.5324
-0.50997
-0.48914
-0.52511
-0.5488
-0.52833
-0.52099
-0.49389
-0.50179
-0.53846
-0.52543
-0.54045
-0.50217
-0.60297
-0.45361
-0.5202
-0.509
-0.57521
-0.6039
-0.54665
-0.49428
-0.48814
0
-0.53515
22.7099
0
0
0
0
0
0
0
0
0
0
0
0
0
0
0
0
0
0
0
0
0
0
0
0
0
0
0
0
0
0
0
0
0
0
0
0
0
0
0
0
-3.1711
0
0
0
0
0
0
0
0
0
0
0
0
0
0
0
0
0
0
0
0
0
0
0
-4.8491
0
0
0
0
0
0
0
0
0
0
0
0
-0.31731
-0.42197
-0.42808
-0.40267
-0.41444
-0.38387
-0.49112
-0.38362
-0.43752
-0.48072
-0.47895
-0.48412
-0.48882
-0.39637
-0.48033
-0.52249
-0.46582
-0.5208
-0.45737
-0.54346
-0.46495
-0.52748
-0.43978
-0.52261
-0.47849
-0.475
0
0
0
0
0
18.7921
0
0
0
0
0
0
0
0
0
0
0
0
0
0
0
0
0
0
0
-2.4923
0
0
0
0
0
-1.5663
0
0
0
0
0
0
0
0
0
0
0
0
-2.8254
0
0
0
0
0
0
0
0
0
0
0
0
0
0
0
0
0
0
0
0
0
0
0
0
0
0
0
0
0
0
0
0
0
0
0
0
0
-0.33402
-0.44516
-0.45267
-0.4548
-0.4427
-0.44956
-0.54036
-0.45194
-0.46034
-0.52258
-0.56064
-0.51804
-0.5544
-0.48468
-0.53593
-0.5454
-0.51895
-0.54456
-0.52351
-0.61782
-0.49954
-0.55643
-0.45604
-0.52428
-0.57051
-0.52157
0
-0.49689
-0.60587
0
0
0
15.0363
0
0
0
0
0
0
-0.84712
0
0
0
0
0
0
0
0
0
0
0
0
0
0
0
0
0
0
0
0
0
0
0
0
0
0
0
0
0
0
0
0
0
0
0
0
0
0
0
0
0
0
0
0
0
0
0
0
0
0
0
0
0
0
0
0
0
0
0
0
0
0
0
0
0
0
0
0
-0.31729
-0.41205
-0.42064
-0.43238
-0.40857
-0.42696
-0.50058
-0.3686
-0.38775
-0.48052
-0.47027
-0.48244
-0.52458
-0.45096
-0.48343
-0.51172
-0.48175
-0.51804
-0.5036
-0.54116
-0.48384
-0.41286
-0.47526
-0.50674
0
0
0
0
0
0
0
0
0
17.6358
0
0
0
0
0
0
0
0
0
0
0
0
0
0
0
0
0
0
-2.4324
0
0
0
0
0
0
0
0
0
0
0
0
0
0
0
0
0
0
0
0
-1.8866
0
0
0
0
0
0
-2.3149
0
0
0
0
0
0
0
0
0
0
0
0
0
0
0
0
0
0
0
0
0
0
0
0
0
0
0
-0.32591
-0.48465
-0.44385
-0.49783
-0.48337
-0.50514
-0.64765
-0.48296
-0.52718
-0.62996
-0.65345
-0.63659
-0.67085
-0.58668
0
-0.70171
-0.62502
-0.69285
0
-0.75815
0
0
0
-0.65242
0
0
0
0
0
0
0
0
0
0
16.8916
0
0
0
0
0
0
0
0
0
0
0
0
0
0
0
0
0
0
0
0
0
0
0
0
0
0
0
0
0
0
0
-3.0257
-2.8597
0
0
0
0
0
0
0
0
0
0
0
0
0
0
0
0
0
0
0
0
0
0
0
0
0
0
0
0
0
0
0
0
0
0
0
0
0
0
0
0
-0.38967
-0.57556
-0.59382
-0.56769
-0.58281
-0.58004
-0.72737
-0.55021
-0.5912
-0.71141
-0.74522
-0.71723
-0.76275
-0.62432
-0.70728
-0.75015
-0.70773
-0.71458
-0.70389
-0.80265
0
-0.70867
0
0
0
0
0
0
0
0
0
0
0
0
0
13.8142
0
0
0
0
0
0
0
0
0
0
0
0
0
0
0
0
0
0
0
0
0
0
0
0
0
0
0
0
0
0
0
0
0
0
0
0
0
0
0
0
0
0
0
0
0
0
0
0
0
0
0
0
0
0
0
0
0
0
0
0
0
0
0
0
0
0
0
0
0
0
0
0
-0.48097
-0.62381
-0.72675
-0.71788
-0.73752
-0.57388
-0.83675
-0.62427
-0.86865
-0.8519
-0.87168
-0.88876
-0.76193
-0.67503
0
0
0
0
0
0
0
0
0
0
0
0
0
0
0
0
0
0
0
0
0
0
24.4441
0
0
0
0
0
0
0
0
0
0
0
0
-2.221
0
0
0
0
0
-2.2106
0
0
0
0
0
0
0
0
0
0
0
0
0
0
0
0
0
0
0
0
0
0
0
0
0
0
0
0
0
0
0
0
0
-5.2669
0
-4.5057
0
0
0
0
0
0
0
0
0
0
0
0
0
0
0
0
-0.46043
-0.69874
-0.72215
-0.68596
-0.70059
-0.72218
-0.86292
-0.6791
-0.70522
-0.84581
-0.89093
-0.84765
-0.90977
-0.77607
0
-0.89973
-0.82519
-0.8573
0
0
0
0
0
0
0
0
0
0
0
0
0
0
0
0
0
0
0
13.0897
0
0
0
0
0
0
0
0
0
0
0
0
0
0
0
0
0
0
0
0
0
0
0
0
0
0
0
0
0
0
0
0
0
0
0
0
0
0
0
0
0
0
0
0
0
0
0
0
0
0
0
0
0
0
0
0
0
0
0
0
0
0
0
0
0
0
0
0
0
0
-0.42512
-0.59592
-0.61834
-0.63897
-0.60086
-0.64895
-0.77778
-0.59051
-0.62689
-0.75855
-0.79489
-0.76387
-0.81383
-0.67466
0
0
-0.72887
-0.78751
0
0
0
0
0
0
0
0
0
0
0
0
0
0
0
0
0
0
0
0
13.6678
0
0
0
0
0
0
0
0
0
0
0
0
0
0
0
0
0
0
0
0
0
0
0
0
0
0
0
-2.8223
0
0
0
0
0
0
0
0
0
0
0
0
0
0
0
0
0
0
0
0
0
0
0
0
0
0
0
0
0
0
0
0
0
0
0
0
0
0
0
0
0
-0.39457
-0.61087
-0.62147
-0.63448
-0.5885
-0.72458
-0.82173
0
-0.71986
-0.86018
-0.87408
-0.88718
0
0
0
0
0
0
0
0
0
0
0
0
0
0
0
0
0
0
0
0
-0.84712
0
0
0
0
0
0
17.4048
0
-1.3043
0
0
0
0
0
0
0
0
0
0
0
0
0
0
0
0
0
0
0
0
0
0
0
0
0
0
0
0
0
0
0
0
0
0
0
0
-3.9569
-3.559
0
0
0
0
0
0
0
0
0
0
0
0
0
0
0
0
0
0
0
0
0
0
0
0
0
0
0
0
-0.52929
-0.81887
-0.81927
-0.78511
-0.8029
-0.81091
-1.0087
0
-0.82822
-0.98649
-0.9847
-0.96402
0
0
0
0
0
-1.0182
0
0
0
0
0
0
0
0
0
0
0
0
0
0
0
0
0
0
0
0
0
0
12.9352
0
0
0
0
0
0
0
0
0
0
0
0
-2.5785
0
0
0
0
0
0
0
0
0
0
0
0
0
0
0
0
0
0
0
0
0
0
0
0
0
0
0
0
0
0
0
0
0
0
0
0
0
0
0
0
0
0
0
0
0
0
0
0
0
0
0
0
0
0
-0.36976
-0.74737
-0.70837
-0.60521
-0.72298
0
-1.1288
-0.69807
0
0
0
0
0
0
0
0
0
0
0
0
0
0
0
0
0
0
0
0
0
0
0
0
0
0
0
0
0
0
0
-1.3043
0
19.0468
0
0
0
0
0
0
0
0
0
0
0
0
0
0
0
0
0
0
0
-3.3786
0
-3.6053
0
0
0
0
0
0
0
0
0
-2.2476
0
0
0
0
0
0
0
0
0
0
0
0
0
0
-3.5304
0
0
0
0
0
0
0
0
0
0
0
0
0
0
0
0
0
0
0
-0.6576
-0.91292
-0.96365
-0.88647
-0.94679
-0.91658
-1.163
0
-1.031
-1.1361
0
-1.1515
0
0
0
-1.2046
0
0
0
0
0
0
0
0
0
0
0
0
0
0
0
0
0
0
0
0
0
0
0
0
0
0
14.5098
0
0
0
0
0
0
0
0
0
0
0
0
0
0
0
0
0
0
0
0
0
0
0
0
0
0
0
0
0
0
0
0
0
0
0
0
0
0
-3.5396
0
0
0
0
0
0
0
0
0
0
0
0
0
0
0
0
0
0
0
0
0
0
0
0
0
0
-0.41839
-0.71138
-0.68325
-0.62678
-0.68202
-0.68273
-0.92035
0
-0.8372
-0.94293
0
-0.94944
0
0
0
0
0
0
0
0
0
0
0
0
0
0
0
0
0
0
0
0
0
0
0
0
0
0
0
0
0
0
0
12.548
0
0
0
0
0
0
0
0
0
0
0
0
0
0
0
0
0
-2.7882
0
0
0
0
0
0
0
0
0
0
0
0
0
0
0
0
0
0
0
0
0
0
0
0
0
0
0
0
0
0
0
0
0
0
0
0
0
0
0
0
0
0
0
-2.3054
0
0
-0.79222
-1.1576
-1.1672
-1.0856
-1.1629
-1.1305
-1.3874
0
-1.1896
-1.3731
0
0
0
0
0
-1.3764
0
0
0
0
0
0
0
0
0
0
0
0
0
0
0
0
0
0
0
0
0
0
0
0
0
0
0
0
11.8224
0
0
0
0
0
0
0
0
0
0
0
0
0
0
0
0
0
0
0
0
0
0
0
0
0
0
0
0
0
0
0
0
0
0
0
0
0
0
0
0
0
0
0
0
0
0
0
0
0
0
0
0
0
0
0
0
0
0
0
0
0
0
0
-1.1445
-1.3415
-1.4985
0
-1.3903
0
0
0
0
0
0
0
0
0
0
0
0
0
0
0
0
0
0
0
0
0
0
0
0
0
0
0
0
0
0
0
0
0
0
0
0
0
0
0
0
14.1599
0
0
0
0
-2.7246
0
0
0
0
0
0
0
-2.7039
0
0
0
0
0
-3.3567
0
0
0
0
0
0
0
0
0
0
0
0
0
0
0
0
0
0
0
0
0
0
0
0
0
0
0
0
0
0
0
0
0
0
0
0
0
0
0
0
0
0
0
-1.1751
0
0
0
0
0
0
0
0
0
0
0
0
0
0
0
0
0
0
0
0
0
-1.9579
0
-1.9747
0
0
0
0
0
0
0
0
0
0
0
0
0
0
0
0
0
0
0
0
0
16.4314
0
0
0
0
0
0
0
0
0
0
0
0
-3.5921
0
0
0
0
0
0
0
0
0
0
0
0
0
0
0
-3.5384
0
0
0
0
0
-4.1931
0
0
0
0
0
0
0
0
0
0
0
0
0
0
0
0
0
0
0
0
0
0
0
0
0
0
-1.4166
-2.0045
-1.9674
-1.7926
-2.0032
0
0
0
0
0
0
0
0
0
0
0
0
0
0
0
0
0
0
0
0
0
0
0
0
0
0
0
0
0
0
0
0
0
0
0
0
0
0
0
0
0
0
12.0342
0
0
0
0
0
0
0
0
0
0
0
0
0
-2.8499
0
0
0
0
0
0
0
0
0
0
0
0
0
0
0
0
0
0
0
0
0
0
0
0
0
0
0
0
0
0
0
0
0
0
0
0
0
0
0
0
0
0
0
0
0
0
0
0
0
0
0
0
0
0
0
0
0
0
-2.6426
0
-1.5403
0
0
0
0
0
0
0
0
0
0
0
0
0
0
0
0
0
0
0
0
0
0
0
0
0
0
0
0
0
0
0
0
0
15.3852
0
0
0
0
0
0
0
0
0
0
0
0
0
0
0
0
0
0
0
0
0
0
0
-3.0927
0
0
0
0
0
0
0
0
0
0
0
0
0
-3.4136
0
0
0
0
0
-3.7797
0
0
0
0
0
0
0
0
0
0
0
0
0
-0.91625
0
0
0
0
0
0
0
0
0
0
0
0
0
-2.0393
0
-1.773
0
0
0
0
0
0
0
0
0
0
0
0
0
0
0
0
0
0
0
0
0
-2.221
0
0
0
0
0
0
0
0
0
0
0
0
18.4328
0
0
0
0
-3.1639
0
0
0
0
0
0
0
0
0
0
0
0
0
0
0
0
0
0
0
0
0
0
0
0
-4.1733
0
0
0
0
0
0
0
0
0
0
0
0
0
0
0
0
0
0
0
-5.0622
0
0
0
0
0
0
0
0
0
0
0
0
0
0
0
-2.1184
0
0
0
0
0
-2.2391
0
0
0
0
0
0
0
0
0
0
0
0
0
0
0
0
0
0
0
0
0
0
0
0
0
0
0
0
0
0
0
-2.7246
0
0
0
0
19.6411
-3.2432
0
0
0
0
0
0
0
0
0
0
0
0
0
0
0
0
0
0
0
0
0
0
0
0
0
0
0
0
0
-4.4089
0
0
0
0
0
0
0
-4.907
0
0
0
0
0
0
0
0
0
0
0
0
0
0
0
0
0
0
0
0
0
0
0
0
0
0
0
0
0
0
0
0
0
0
0
0
0
0
0
0
0
0
0
0
0
0
0
0
0
-2.4923
0
0
0
0
0
0
0
0
0
0
0
0
0
0
0
0
0
0
-3.2432
17.0843
0
-3.4797
0
0
0
0
0
0
0
0
0
-3.5045
0
0
0
0
0
0
0
0
0
0
0
0
0
0
0
0
0
0
0
0
0
0
0
0
0
0
0
0
0
0
0
0
0
0
0
-4.3646
0
0
0
0
0
0
0
0
0
0
0
0
0
0
0
-2.0696
0
0
0
0
0
0
-2.8681
0
0
0
0
0
0
0
0
0
0
0
0
0
0
0
0
0
0
-2.4324
0
0
0
0
0
0
0
0
0
0
0
0
0
0
0
0
0
0
15.9749
0
0
0
0
0
0
0
0
0
0
0
0
0
0
0
0
0
0
0
0
0
0
0
0
0
0
0
0
0
-3.8366
0
0
0
0
0
0
0
0
0
0
0
0
0
0
-4.7681
0
0
0
0
0
0
0
0
0
0
0
0
0
0
0
0
0
0
0
0
0
0
0
0
0
0
0
0
0
0
0
0
0
0
0
0
0
0
0
0
0
0
0
0
0
0
0
0
0
0
-2.5785
0
0
0
0
0
0
0
0
0
0
-3.4797
0
17.7291
0
0
0
0
0
0
0
0
0
0
0
0
0
0
-3.6361
0
0
0
0
0
0
0
0
0
0
0
0
0
0
0
0
0
-4.0936
0
-3.9412
0
0
0
0
0
0
0
0
0
0
0
0
0
0
0
0
0
0
0
0
0
0
0
0
0
0
0
0
0
0
0
0
0
0
0
0
0
0
0
0
0
0
0
0
0
0
0
0
-2.0404
0
0
0
0
0
0
0
0
0
0
0
0
0
0
0
0
0
0
0
-3.1639
0
0
0
0
12.8949
0
-1.798
0
-2.9032
0
0
0
0
0
0
0
0
0
0
-2.9894
0
0
0
0
0
0
0
0
0
0
0
0
0
0
0
0
0
0
0
0
0
0
0
0
0
0
0
0
0
0
0
0
0
0
0
0
0
0
0
0
0
0
0
-2.1757
0
0
0
0
0
0
0
0
0
0
0
0
-2.33
0
0
0
0
0
0
0
0
0
0
0
0
0
0
0
0
0
-2.2106
0
0
0
0
0
0
0
0
0
0
0
0
0
0
0
0
0
0
13.2975
0
0
0
0
0
0
0
0
-3.4415
0
0
0
0
0
0
-3.1396
0
0
0
0
0
0
0
0
0
0
0
0
0
0
0
0
0
0
0
0
0
0
0
0
0
0
0
0
0
0
0
0
0
0
0
0
0
0
0
0
0
0
0
0
0
0
0
0
0
0
0
0
0
0
0
0
0
0
0
0
0
0
0
0
0
0
0
0
0
0
0
0
0
0
0
0
0
0
0
0
0
0
0
0
0
0
0
0
0
0
-1.798
0
15.1692
-1.597
0
0
0
0
0
0
0
0
0
0
0
-2.8984
0
0
0
0
0
0
0
0
0
0
0
0
0
0
0
0
0
0
0
0
0
0
0
0
0
0
0
0
0
0
-3.6779
0
0
0
-5.1979
0
0
0
0
0
0
0
0
0
0
0
0
0
0
0
0
0
0
0
0
0
0
0
0
0
0
0
0
0
0
0
0
0
0
-1.5663
0
0
0
0
0
0
0
0
0
0
0
0
0
0
0
0
0
0
0
0
0
0
0
0
-1.597
15.8477
0
0
0
0
-3.7949
0
0
0
0
0
0
0
0
0
0
0
0
0
-4.5475
0
0
0
-4.342
0
0
0
0
0
0
0
0
0
0
0
0
0
0
0
0
0
0
0
0
0
0
0
0
0
0
0
0
0
0
0
-2.2151
0
0
0
0
0
0
0
0
0
0
0
0
0
0
0
0
0
0
0
0
0
0
0
0
0
0
0
0
0
0
0
0
0
0
0
0
0
0
0
0
-2.7039
0
0
0
0
0
0
0
0
-2.9032
0
0
0
15.0513
-3.4959
0
0
0
0
0
0
0
0
0
0
0
0
0
0
0
0
0
0
-3.7333
0
0
0
0
0
0
0
0
0
0
0
0
0
0
0
0
0
0
0
0
0
0
0
0
0
0
0
0
0
0
0
0
0
0
0
0
0
0
0
0
0
0
0
0
0
0
0
0
0
0
0
0
0
0
0
0
-2.9568
0
0
0
0
0
0
0
0
0
0
0
0
0
0
0
0
0
0
-3.5921
0
0
0
0
0
0
0
0
0
0
0
-3.4959
14.6832
0
0
0
0
0
0
0
0
0
0
0
0
0
0
0
0
0
0
0
0
0
0
0
0
0
0
0
0
0
0
0
0
0
-4.6384
0
0
0
0
0
0
0
0
0
0
0
0
0
0
-2.3196
-2.8918
-2.8234
0
0
0
0
-2.6407
0
0
0
0
0
0
0
0
0
0
0
0
0
0
0
0
0
0
0
0
0
0
0
0
0
0
0
0
0
0
0
0
0
0
0
0
0
0
0
0
0
0
0
0
0
0
0
0
0
0
0
0
10.6755
0
0
0
0
0
0
0
0
0
0
0
0
0
0
0
0
0
0
0
0
0
0
0
0
0
0
0
0
0
0
0
0
0
0
0
0
0
0
0
0
0
0
0
0
0
0
0
0
0
0
0
0
0
0
0
0
0
0
0
0
0
0
0
0
0
0
0
0
0
0
0
0
0
0
0
0
0
0
0
0
0
0
0
0
0
0
0
0
-3.3786
0
-2.7882
0
0
0
-2.8499
0
0
0
0
0
0
0
0
0
0
0
0
0
12.382
0
0
0
0
0
0
0
0
0
0
0
0
0
0
0
0
0
0
0
0
0
0
0
-3.3653
0
0
0
0
0
0
0
0
0
0
0
0
0
0
0
0
0
0
0
0
0
0
0
0
0
0
0
0
0
0
0
0
0
0
0
0
0
0
0
0
0
0
-2.9719
0
0
0
0
0
0
0
0
0
0
0
0
0
0
0
0
0
0
0
0
0
0
0
0
0
0
0
0
0
0
0
0
0
0
0
0
-3.7949
0
0
0
0
14.6383
0
0
0
0
0
-3.3052
0
0
0
0
0
0
0
0
0
0
0
0
0
0
0
0
0
0
0
0
0
0
0
0
-4.5663
0
0
0
0
0
0
0
0
0
0
0
0
0
0
0
0
0
0
0
0
0
0
0
0
0
0
0
0
0
0
0
0
0
0
0
0
0
0
0
0
0
0
0
0
0
0
0
0
0
0
0
0
0
0
0
-3.6053
0
0
0
0
0
0
0
0
0
-3.5045
0
0
0
0
0
0
0
0
0
0
0
14.0637
0
-3.4227
0
0
0
0
0
0
0
0
0
0
-3.5312
0
0
0
0
0
0
0
0
0
0
0
0
0
0
0
0
0
0
0
0
0
0
0
0
0
0
0
0
0
0
0
0
0
0
0
0
0
0
0
0
0
0
0
0
0
0
0
0
0
0
0
0
0
0
0
0
0
0
0
0
0
0
0
0
0
0
0
0
0
0
0
0
0
0
0
0
-3.3567
0
0
0
0
0
0
0
0
0
-3.4415
0
0
0
0
0
0
0
0
14.1699
0
0
0
0
0
0
0
-3.5915
0
0
0
0
0
0
0
0
0
0
0
0
0
0
-3.7803
0
0
0
0
0
0
0
0
0
0
0
0
0
0
0
0
0
0
0
0
-3.0184
0
0
0
0
0
0
-3.0833
0
0
0
0
0
0
0
0
0
0
0
0
0
0
0
0
0
0
0
0
0
0
0
0
0
0
0
0
0
0
0
0
0
0
0
0
0
0
0
0
0
0
0
0
0
0
0
0
0
0
0
0
0
0
0
-3.4227
0
12.9938
0
0
0
0
0
0
0
0
0
0
0
0
0
0
0
0
0
-3.4694
0
0
0
0
0
0
0
0
0
0
0
0
0
0
0
0
0
0
0
0
0
0
0
0
0
0
0
0
0
0
0
0
0
0
0
0
0
0
0
0
0
0
-2.9801
0
0
0
0
0
0
0
0
0
0
0
0
0
0
0
-3.0257
0
0
0
-2.8223
0
0
0
0
0
0
0
0
0
0
0
0
0
0
0
0
0
0
0
0
0
0
0
0
0
0
0
12.2535
0
0
0
0
0
0
0
0
0
0
0
0
0
0
0
0
0
0
0
0
-3.4253
0
0
0
0
0
0
0
0
0
0
0
0
0
0
0
0
0
0
0
0
-2.234
0
-2.8451
0
0
0
0
0
0
0
0
0
0
0
0
0
0
0
0
0
0
0
0
0
0
0
0
0
0
0
0
0
0
0
-2.8597
0
0
0
0
0
0
0
0
0
0
0
0
0
0
0
0
0
0
0
0
0
0
0
0
0
0
0
0
0
0
0
0
11.1986
0
0
0
0
0
0
-3.2598
0
0
0
0
0
0
0
0
0
0
0
0
0
0
0
0
0
0
0
0
0
0
0
0
0
0
0
0
0
0
0
0
0
0
0
0
0
0
0
0
0
0
0
0
0
0
0
0
0
0
0
0
0
0
0
0
0
0
0
0
0
0
0
0
0
0
0
0
0
0
0
0
0
0
0
0
0
0
0
0
0
0
0
0
0
0
-3.6361
0
0
0
0
0
0
0
0
-3.3052
0
0
0
0
0
15.3796
0
0
-3.8071
0
0
0
0
0
0
0
0
0
0
0
0
0
0
0
0
0
0
-4.6311
0
0
0
0
0
0
0
0
0
0
0
0
0
0
0
0
0
0
0
0
0
0
0
0
0
0
0
0
0
0
0
0
0
0
0
0
0
0
0
0
0
0
0
0
0
0
0
0
0
0
0
0
0
0
0
0
0
0
0
0
0
0
0
0
0
0
0
0
0
0
0
-2.9894
0
-2.8984
0
0
0
0
0
0
0
0
0
0
0
0
13.2072
0
0
0
0
0
0
0
0
0
-3.652
0
0
-3.6674
0
0
0
0
0
0
0
0
0
0
0
0
0
0
0
0
0
0
0
0
0
0
0
0
0
0
0
0
-3.1887
0
0
0
0
0
0
0
0
0
0
0
0
0
0
0
0
0
0
0
0
0
0
0
0
0
0
0
-2.8254
0
0
0
0
0
0
0
0
0
0
0
0
0
0
0
0
0
0
0
0
0
0
0
0
0
0
0
0
0
0
0
0
0
0
0
0
0
0
14.8667
0
0
0
0
0
0
0
0
0
0
0
0
0
-4.011
0
0
0
0
0
0
0
0
0
0
0
0
-4.8415
0
0
0
0
0
0
0
0
0
0
0
0
0
0
0
0
0
0
0
0
0
0
0
0
0
0
0
0
0
0
0
0
0
0
0
0
0
0
0
0
-3.1711
0
0
0
0
0
0
0
0
0
0
0
0
0
0
0
0
0
0
0
0
0
0
0
0
-3.1396
0
0
0
0
0
0
0
0
0
0
0
0
-3.8071
0
0
14.0223
0
0
0
0
0
0
0
0
0
0
0
0
0
0
0
0
0
0
0
0
0
0
0
0
0
0
0
0
0
0
-3.9045
0
0
0
0
0
0
-3.1244
0
0
0
0
0
0
0
0
0
0
0
0
0
0
0
0
0
0
0
0
0
0
0
-2.9705
0
0
0
0
0
0
0
0
0
0
0
0
0
0
0
0
0
0
0
0
0
0
-3.0927
0
0
0
0
0
0
0
0
0
0
0
0
0
0
0
-3.5915
0
0
0
0
0
0
0
12.7791
0
0
0
0
0
0
0
0
0
0
0
0
0
0
0
0
0
0
0
0
0
0
0
0
0
0
0
0
0
0
0
0
0
0
0
0
0
0
0
0
0
0
0
0
0
0
0
0
0
0
0
0
0
0
0
-1.9484
0
0
0
0
0
0
0
0
0
0
0
0
-1.8866
0
0
0
0
0
0
0
-2.2476
0
0
0
0
0
0
0
0
0
0
0
0
0
0
0
0
0
0
0
0
0
0
0
0
0
0
0
0
0
0
0
9.3586
0
0
0
0
0
0
0
0
0
0
0
0
0
0
0
0
0
0
0
0
0
0
-3.276
0
0
0
0
0
0
0
0
0
0
0
0
0
0
0
0
0
0
0
0
0
0
0
0
0
0
0
0
0
0
0
0
0
0
0
0
0
0
0
-3.3262
0
0
0
0
0
0
0
0
0
0
0
0
0
0
0
0
0
0
0
0
0
0
0
0
0
0
0
0
0
0
0
0
0
0
0
0
0
0
-3.2598
0
0
0
0
0
0
13.972
0
0
0
0
0
0
0
0
-3.8376
-3.5483
0
0
0
0
0
0
0
0
0
0
0
0
0
0
0
0
0
0
0
0
0
0
0
-3.6403
0
0
0
0
0
0
0
0
0
0
0
0
0
0
0
-3.8863
0
0
0
0
0
0
0
0
0
0
0
0
0
0
0
0
0
0
0
0
0
0
0
0
0
0
0
0
0
-3.5384
0
0
0
0
0
0
0
0
0
0
0
0
0
0
0
0
0
0
0
0
0
0
0
0
0
0
0
0
11.0649
0
0
0
0
0
0
0
0
0
0
0
0
0
0
0
0
0
0
0
0
0
0
0
0
0
0
0
0
0
0
0
0
0
0
0
0
0
0
0
0
0
0
0
0
0
0
0
0
0
0
0
0
0
0
0
0
0
0
0
0
0
0
0
0
0
0
0
0
0
0
0
0
0
0
0
0
0
0
0
0
0
0
0
0
0
0
0
0
0
-4.5475
0
0
0
0
0
-3.5312
0
0
0
0
0
0
0
0
0
0
0
0
12.3948
0
0
0
0
0
0
0
0
0
0
0
0
0
0
0
0
0
-4.3161
0
0
0
0
0
0
0
0
0
0
0
0
0
0
0
0
0
0
0
0
0
0
0
0
0
0
0
0
0
0
0
0
0
-1.4381
0
0
0
0
0
0
0
0
0
0
0
0
0
0
0
0
0
0
0
0
0
0
0
0
0
0
0
0
0
0
0
0
0
0
0
0
0
0
0
0
0
0
0
0
0
0
0
0
0
0
0
0
0
0
0
0
11.3751
0
0
0
0
0
0
-4.7715
0
0
0
0
0
0
0
0
0
0
0
0
0
-5.1655
0
0
0
0
0
0
0
0
0
0
0
0
0
0
0
0
0
0
0
0
0
0
0
0
0
0
0
0
0
0
0
0
0
0
0
0
0
0
0
0
0
0
0
0
0
0
0
0
-3.9569
0
0
0
0
0
0
0
0
0
0
0
0
0
0
0
0
0
0
-3.7333
0
0
0
0
0
0
0
0
0
0
0
0
0
0
0
0
0
0
0
11.4758
0
0
0
0
0
0
0
-3.7857
0
0
0
0
0
0
0
0
0
0
0
0
0
0
0
0
0
0
0
0
0
0
0
0
0
0
0
0
0
0
0
0
0
0
0
0
0
0
0
0
0
0
0
0
0
0
0
0
0
0
0
0
0
0
0
0
0
0
0
0
-3.559
0
0
0
0
0
0
0
0
0
-4.1733
0
0
0
0
0
0
0
0
0
0
0
0
0
0
0
0
0
0
0
-3.652
0
0
0
0
0
0
0
0
0
11.3844
0
0
0
0
0
0
0
0
0
0
0
0
0
0
0
0
0
0
0
0
0
0
0
0
0
0
0
0
0
0
0
0
0
0
0
0
0
0
0
0
0
0
0
0
0
0
0
0
0
0
0
0
0
0
0
0
0
0
0
0
0
-2.3149
0
0
0
0
0
0
0
0
0
0
0
0
0
0
0
0
0
0
0
0
0
0
0
-4.342
0
0
0
0
0
0
0
0
0
0
0
0
0
0
0
0
0
0
0
0
0
0
11.0586
0
0
0
0
0
0
0
0
0
0
0
0
0
0
0
0
0
-4.4016
0
0
0
0
0
0
0
0
0
0
0
0
0
0
0
0
0
0
0
0
0
0
0
0
0
0
0
0
0
0
0
0
0
0
0
0
0
0
0
0
0
0
0
0
0
0
0
0
0
0
0
-3.5396
0
0
0
-4.1931
0
0
0
-4.4089
0
0
0
0
0
0
0
0
0
0
0
0
0
0
0
0
0
0
0
0
0
0
0
0
0
0
0
0
0
0
12.1417
0
0
0
0
0
0
0
0
0
0
0
0
0
0
0
0
0
0
0
0
0
0
0
0
0
0
0
0
0
0
0
0
0
0
0
0
0
0
0
0
0
0
0
0
0
0
0
-3.6036
0
0
0
0
0
0
0
0
0
0
0
0
0
0
0
0
0
0
0
0
0
0
0
0
0
0
0
0
0
0
-3.8366
0
0
0
0
0
0
0
0
0
0
0
0
0
0
0
0
-3.6674
0
0
0
0
0
0
0
0
0
0
0
0
11.1076
0
0
0
0
0
0
0
0
0
0
0
0
0
0
0
0
0
0
0
0
0
0
0
0
0
0
0
0
0
0
0
0
0
0
0
0
0
0
0
0
0
0
0
0
0
0
0
0
0
0
0
-4.3831
0
0
0
0
0
0
0
0
0
0
0
0
0
0
0
0
0
0
0
0
0
0
0
0
0
0
0
0
0
0
0
0
0
0
0
0
0
0
-3.4694
0
0
0
0
0
0
0
0
-3.8376
0
0
0
0
0
0
0
0
11.6902
0
0
0
0
0
0
0
0
0
0
0
0
0
0
0
0
0
0
0
0
0
0
0
0
0
0
0
0
0
0
0
0
0
0
0
0
0
0
0
0
0
0
0
0
0
0
0
0
0
0
0
0
0
0
0
0
0
0
0
0
0
0
0
0
0
0
0
0
0
0
0
0
0
0
0
0
0
0
0
0
0
0
0
0
0
0
0
0
0
0
0
0
0
0
-4.011
0
0
0
-3.5483
0
0
-4.7715
0
0
0
0
0
0
12.3309
0
0
0
0
0
0
0
0
0
0
0
0
0
0
0
0
0
0
0
0
0
0
0
-3.5885
0
0
-3.9234
0
0
0
0
0
0
0
0
0
0
0
0
0
0
0
0
0
0
0
0
0
0
0
0
0
0
0
0
0
0
0
0
0
0
0
0
0
0
0
0
0
0
0
0
0
0
0
0
0
0
0
0
0
0
0
0
0
-3.3653
0
0
0
0
0
0
0
0
0
0
0
0
0
0
0
0
0
0
0
0
0
0
0
10.8772
0
0
0
0
0
0
0
0
0
0
0
0
0
0
0
0
0
0
0
0
0
0
0
0
0
0
0
0
0
0
0
0
0
0
0
0
0
0
0
0
0
0
0
0
0
0
0
0
0
0
0
0
0
0
0
0
0
0
0
0
0
0
0
0
0
0
0
0
0
0
-3.4136
0
0
0
0
-4.0936
0
0
0
0
0
0
0
0
0
0
0
0
0
0
0
0
0
0
0
0
0
0
0
0
-3.7857
0
0
0
0
0
0
0
11.2929
0
0
0
0
0
0
0
0
0
0
0
0
0
0
0
0
0
0
0
0
0
0
0
0
0
0
0
0
0
0
0
0
0
0
0
0
0
0
0
0
0
0
0
0
0
-4.509
0
0
0
0
0
0
0
0
0
0
0
0
0
0
0
0
0
0
0
0
0
0
0
0
0
0
0
0
0
0
0
0
0
0
0
0
0
0
0
-3.7803
0
-3.4253
0
0
0
0
0
0
0
0
0
0
0
0
0
0
0
0
0
0
0
0
11.7146
0
0
0
0
0
0
0
0
0
0
0
0
0
0
0
0
0
0
0
0
0
0
0
0
0
0
0
0
0
0
0
0
0
0
0
0
0
0
0
0
0
0
0
0
0
0
0
0
0
0
0
0
0
0
0
0
0
0
0
0
0
-3.5304
0
0
0
0
0
0
0
0
0
0
0
-3.9412
0
0
0
0
0
0
0
0
0
0
0
0
0
0
0
0
0
0
0
0
0
0
0
0
0
0
0
0
0
0
0
0
0
0
11.8751
0
-4.4035
0
0
0
0
0
0
0
0
0
0
0
0
0
0
0
0
0
0
0
0
0
0
0
0
0
0
0
0
0
0
0
0
0
0
0
0
0
0
0
0
0
0
0
0
0
0
0
0
0
0
0
0
0
-5.2669
0
0
0
0
0
0
0
0
0
0
0
0
0
-4.907
0
0
0
0
0
0
0
0
0
0
0
0
0
0
0
0
0
0
0
0
0
0
0
0
0
0
0
0
0
0
0
0
0
0
0
0
0
0
10.174
0
0
0
0
0
0
0
0
0
0
0
0
0
0
0
0
0
0
0
0
0
0
0
0
0
0
0
0
0
0
0
0
0
0
0
0
0
0
0
0
0
0
0
0
0
0
0
0
0
0
0
0
0
0
0
0
0
0
0
0
0
0
0
0
0
0
0
0
0
0
0
0
0
0
0
0
0
0
0
0
0
0
0
0
0
0
-4.6311
0
0
0
0
0
0
0
0
0
0
0
0
0
0
0
0
0
0
0
-4.4035
0
9.0346
0
0
0
0
0
0
0
0
0
0
0
0
0
0
0
0
0
0
0
0
0
0
0
0
0
0
0
0
0
0
0
0
0
0
0
0
-5.1902
0
0
0
0
0
0
0
0
0
0
0
0
0
0
0
0
-4.5057
0
0
0
0
0
0
0
0
0
0
0
0
0
0
0
0
0
0
0
0
0
0
0
0
0
0
0
0
0
0
0
0
0
0
0
0
0
0
0
0
0
0
0
0
0
0
0
0
0
0
0
0
0
0
9.6959
0
0
0
0
0
0
0
0
0
0
0
0
0
0
0
0
0
0
0
0
0
0
0
0
0
0
0
0
0
0
-5.1862
0
0
0
0
0
0
0
0
0
0
0
0
0
0
0
0
0
0
0
0
0
0
0
0
0
0
0
0
0
0
0
0
0
-3.7797
0
0
0
0
0
0
0
0
0
0
0
0
0
0
0
0
0
0
0
0
0
0
0
0
0
0
0
0
0
0
0
0
0
0
0
0
0
0
0
0
0
0
0
8.966
0
0
0
0
0
0
0
0
0
0
0
0
0
0
0
0
0
0
0
0
0
0
0
0
0
0
0
0
0
0
0
0
0
0
0
0
0
0
0
0
0
0
0
0
0
0
0
0
0
0
0
0
0
0
0
0
0
0
0
0
0
0
0
0
0
0
0
0
0
0
0
0
0
0
-4.6384
0
0
-4.5663
0
0
0
0
0
0
0
0
0
0
0
0
0
0
0
0
0
0
0
0
0
0
0
0
0
0
0
0
0
0
9.2047
0
0
0
0
0
0
0
0
0
0
0
0
0
0
0
0
0
0
0
-5.6519
0
0
0
0
0
0
0
0
0
0
0
0
0
0
0
0
0
0
0
0
0
0
0
0
0
0
0
0
0
0
0
0
0
0
0
0
0
0
0
0
0
0
0
0
0
0
0
0
0
0
0
0
0
0
0
0
0
0
0
0
0
0
0
0
0
0
0
0
0
0
-4.3161
0
0
0
0
0
0
0
0
0
0
0
0
0
0
0
0
0
9.968
0
0
0
0
0
0
0
0
0
0
0
0
0
0
0
0
0
0
0
0
0
0
0
0
0
0
0
0
0
0
0
0
0
0
0
0
0
0
0
0
0
-5.1142
0
-4.8491
0
0
0
0
0
0
0
0
0
0
0
0
0
0
0
0
0
0
0
0
0
0
0
0
0
0
0
0
0
0
0
0
0
0
0
0
0
0
0
0
0
0
0
0
0
0
0
0
0
0
0
0
0
0
0
0
0
0
0
0
0
0
0
0
9.9633
0
0
0
0
0
0
0
0
0
0
0
0
0
0
0
0
0
0
0
0
0
0
0
0
0
0
0
0
0
0
0
0
0
0
0
0
0
0
0
0
0
0
0
0
0
0
0
0
0
0
0
0
0
0
0
0
0
0
0
0
0
0
0
0
0
0
0
0
0
0
0
0
0
0
0
0
0
0
0
0
0
0
0
0
0
-3.276
0
0
0
0
0
0
0
0
0
0
0
0
0
0
0
0
0
0
0
0
0
0
7.684
0
0
0
-4.408
0
0
0
0
0
0
0
0
0
0
0
0
0
0
0
0
0
0
0
0
0
0
0
0
0
0
0
0
0
0
0
0
0
0
0
0
0
0
0
0
0
0
0
0
0
0
0
0
0
0
0
0
0
0
0
0
0
0
0
-4.7681
0
0
0
0
0
0
0
0
0
0
0
0
0
0
0
0
0
-4.8415
0
0
0
0
0
0
0
0
0
0
0
0
0
0
0
0
0
0
0
0
0
0
0
0
0
0
9.6096
0
0
0
0
0
0
0
0
0
0
0
0
0
0
0
0
0
0
0
0
0
0
0
0
0
0
0
0
0
0
0
0
0
0
0
0
0
0
0
0
0
0
0
0
0
0
0
0
0
0
0
0
0
0
0
0
0
0
0
0
0
0
0
0
0
0
0
0
0
0
0
0
0
0
0
0
0
0
0
0
0
0
0
0
0
0
0
-5.1655
0
0
-4.4016
0
0
0
0
0
0
0
0
0
0
0
0
0
0
0
0
0
9.5671
0
0
0
0
0
0
0
0
0
0
0
0
0
0
0
0
0
0
0
0
0
0
0
0
0
0
0
0
0
0
0
0
0
0
0
0
0
0
0
0
0
0
0
0
0
0
0
0
0
0
0
0
0
0
0
0
0
0
-5.0622
0
-4.3646
0
0
0
0
0
0
0
0
0
0
0
0
0
0
0
0
0
0
0
0
0
0
0
0
0
0
0
0
0
0
0
0
0
0
0
0
0
0
0
0
0
0
0
0
0
0
0
9.4268
0
0
0
0
0
0
0
0
0
0
0
0
0
0
0
0
0
0
0
0
0
0
0
0
0
0
0
0
0
0
0
0
0
0
0
0
0
0
0
0
0
0
0
0
0
0
0
0
0
0
0
0
0
0
0
0
0
0
0
0
0
0
0
0
-3.6779
0
0
0
0
0
0
0
0
0
0
0
0
0
0
0
0
0
0
0
0
0
0
0
0
0
0
0
0
0
0
0
0
0
0
0
0
0
0
0
-4.408
0
0
0
8.086
0
0
0
0
0
0
0
0
0
0
0
0
0
0
-4.7224
-4.8676
0
0
0
0
0
0
0
0
0
0
0
0
0
0
0
0
0
0
0
0
0
0
0
0
0
0
0
0
0
0
0
0
0
0
0
0
0
0
0
0
0
0
0
0
0
0
0
0
0
0
0
0
0
0
0
0
0
0
0
0
0
0
0
0
0
0
0
0
0
0
0
0
0
0
0
0
0
0
0
0
0
0
0
0
0
0
0
0
0
0
0
0
9.5899
0
0
0
0
0
0
0
0
0
0
0
0
0
0
0
0
0
0
0
0
0
0
0
0
0
0
0
0
0
0
0
0
-5.3063
0
0
0
0
0
0
0
0
0
0
0
0
0
0
0
0
0
0
0
0
0
0
0
0
0
0
0
0
0
0
0
0
0
0
0
0
0
0
0
0
0
0
0
0
-3.9045
0
0
0
0
0
0
0
0
0
0
0
0
0
0
0
0
0
0
0
0
0
0
0
0
0
0
0
0
0
0
9.2109
0
0
0
0
0
0
0
0
0
0
0
0
0
0
0
-3.3745
0
0
0
0
0
0
0
0
0
0
0
0
0
0
0
0
0
0
0
0
0
0
0
0
0
0
0
0
0
0
0
0
0
0
0
0
0
0
0
0
0
0
0
0
0
0
0
0
0
0
0
0
0
0
0
0
0
0
0
0
0
0
0
0
0
0
0
0
0
0
0
0
0
0
0
0
0
0
0
0
0
0
0
0
0
0
0
0
0
0
0
0
3.3745
0
0
0
0
0
0
0
0
0
0
0
0
0
0
0
0
0
0
0
0
0
0
0
0
0
0
0
0
0
0
0
0
0
0
0
0
0
0
0
0
0
0
0
0
0
0
0
0
0
0
0
0
0
0
0
0
0
0
0
0
-5.1979
0
0
0
0
0
0
0
0
0
0
0
0
0
0
0
0
0
0
0
0
0
0
0
0
0
0
0
0
0
0
0
0
0
0
0
0
0
0
0
0
0
0
0
0
0
0
0
5.1979
0
0
0
0
0
0
0
0
0
0
0
0
0
0
0
0
0
0
0
0
0
0
0
0
0
0
0
0
0
0
0
0
0
0
0
0
0
0
0
0
0
0
0
0
0
0
-2.3054
0
0
0
0
0
0
0
0
0
0
0
0
0
0
0
0
0
0
0
0
0
0
0
0
0
0
0
0
0
0
0
0
0
0
0
0
0
0
0
0
0
0
0
0
0
0
0
0
0
0
0
0
0
0
0
0
0
0
0
0
0
2.3054
0
0
0
0
0
0
0
0
0
0
0
0
0
0
0
0
0
0
0
0
0
0
0
0
0
0
0
0
0
0
0
0
0
0
0
0
0
0
0
0
0
0
0
0
0
0
0
0
0
0
-0.91625
0
0
0
0
0
0
0
0
0
0
0
0
0
0
0
0
0
0
0
0
0
0
0
0
0
0
0
0
0
0
0
0
0
0
0
0
0
0
0
0
0
0
0
0
0
0
0
0
0
0
0
0
0
0
0
0
0
0.91625
0
0
0
0
0
0
0
0
0
0
0
-3.3745
0
0
0
0
0
0
0
0
0
0
0
0
0
0
0
0
0
0
0
0
0
0
0
0
0
0
0
0
0
0
0
0
0
0
0
0
0
0
0
0
0
0
0
0
0
0
0
0
0
0
0
0
0
0
0
0
0
0
0
0
0
0
0
0
0
0
0
0
0
0
0
0
0
0
0
0
0
0
0
0
0
0
0
0
0
0
0
0
0
0
0
0
0
0
0
0
3.3745
