1
0.9786
0.9718
0.96902
0.96524
0.96338
0.96334
0.96157
0.96149
0.9607
0.95826
0.95584
0.95347
0.95091
0.94837
0.94561
0.94284
0.94001
0.93708
0.93412
0.93115
0.92826
0.92541
0.92268
0.92004
0.91756
0.91521
0.91306
0.91102
0.9091
0.90721
0.90535
0.90346
0.90158
0.89971
0.89785
0.89599
0.89411
0.89217
0.89015
0.88804
0.88581
0.88348
0.88103
0.87851
0.87595
0.87339
0.87084
0.86832
0.86584
0.8634
0.86103
0.85874
0.85657
0.85452
0.85261
0.85084
0.84918
0.84761
0.8461
0.84464
0.84321
0.8418
0.8404
0.83904
0.8377
0.8364
0.83514
0.83392
0.83274
0.83159
0.83047
0.82938
0.82831
0.82725
0.8262
0.82516
0.82411
0.82304
0.82196
0.82083
0.81965
0.81839
0.81704
0.81559
0.81401
0.81229
0.81043
0.80841
0.80626
0.80399
0.80164
0.79926
0.7969
0.7946
0.79239
0.79028
0.78827
0.78636
0.78453
0.78279
0.78112
0.77951
0.77796
0.77645
0.77499
0.77356
0.77215
0.77078
0.76942
0.7681
0.76679
0.76551
0.76425
0.76302
0.76182
0.76065
0.75952
0.75842
0.75736
0.75635
0.75538
0.75446
0.7536
0.75281
0.75208
0.75142
0.75084
0.75033
0.74991
0.74958
0.74932
0.74914
0.74902
0.74894
0.74888
0.74884
0.74878
0.7487
0.74858
0.74842
0.74823
0.74799
0.74771
0.7474
0.74706
0.74669
0.74631
0.74592
0.74553
0.74513
0.74475
0.74437
0.74401
0.74367
0.74336
0.74307
0.74283
0.74262
0.74246
0.74233
0.74225
0.74221
0.7422
0.74222
0.74226
0.74231
0.74237
0.74242
0.74246
0.74248
0.74249
0.74249
0.74247
0.74243
0.74239
0.74234
0.74228
0.74222
0.74217
0.74211
0.74206
0.74202
0.74199
0.74197
0.74196
