1
0.95498
0.9452
0.93925
0.93428
0.93032
0.92711
0.92388
0.92124
0.9187
0.91645
0.91461
0.91275
0.90724
0.90602
0.90542
0.90467
0.90412
0.90356
0.89847
0.8933
0.88838
0.88351
0.87877
0.87418
0.86967
0.86529
0.86101
0.85692
0.85294
0.84914
0.84546
0.84196
0.83858
0.83536
0.83225
0.82927
0.82641
0.82368
0.82106
0.81857
0.81618
0.81388
0.81165
0.80949
0.80737
0.80527
0.80318
0.8011
0.799
0.7969
0.79479
0.79268
0.79057
0.78846
0.78635
0.78424
0.78213
0.78003
0.77793
0.77585
0.77377
0.77171
0.76967
0.76765
0.76564
0.76366
0.7617
0.75976
0.75785
0.75596
0.75409
0.75225
0.75044
0.74864
0.74686
0.74511
0.74338
0.74167
0.73999
0.73833
0.73669
0.73507
0.73348
0.73191
0.73036
0.72882
0.72731
0.7258
0.72431
0.72282
0.72135
0.71989
0.71843
0.71698
0.71553
0.71409
0.71265
0.71122
0.70979
0.70837
0.70696
0.70555
0.70415
0.70276
0.70138
0.7
0.69863
0.69727
0.69591
0.69454
0.69317
0.6918
0.69042
0.68904
0.68764
0.68623
0.68481
0.68338
0.68193
0.68046
0.67898
