1
0.95445
0.94195
0.93417
0.92818
0.92421
0.9208
0.91821
0.9161
0.91425
0.91233
0.91104
0.90958
0.90399
0.90313
0.90285
0.90227
0.90204
0.90151
0.89635
0.89102
0.8861
0.88119
0.87648
0.8719
0.86748
0.86322
0.85913
0.85524
0.85148
0.8479
0.84441
0.84105
0.83776
0.83459
0.83149
0.82849
0.82556
0.82272
0.81995
0.81723
0.81455
0.8119
0.80927
0.80666
0.80406
0.80146
0.79887
0.79628
0.7937
0.79113
0.78859
0.78606
0.78356
0.78109
0.77865
0.77626
0.77391
0.77163
0.7694
0.76725
0.76516
0.76315
0.76122
0.75936
0.75757
0.75584
0.75419
0.75259
0.75104
0.74955
0.74811
0.74671
0.74534
0.74401
0.74271
0.74144
0.7402
0.73899
0.73782
0.73669
0.7356
0.73455
0.73354
0.73259
0.73169
0.73085
0.73005
0.72932
0.72863
0.72799
0.72737
0.72678
0.72619
0.7256
0.725
0.72437
0.72371
0.72302
0.7223
0.72155
0.72077
0.71996
0.71914
0.71829
0.71744
0.71658
0.71571
0.71485
0.71399
0.71313
0.71228
0.71144
0.71061
0.70979
0.70897
0.70816
0.70735
0.70654
0.70573
0.70492
0.70411
