1
0.94979
0.93383
0.92392
0.91534
0.90952
0.90463
0.90066
0.89765
0.89494
0.88692
0.87959
0.87251
0.86581
0.85945
0.85329
0.84752
0.84177
0.83645
0.83111
0.82605
0.82098
0.81613
0.81137
0.80682
0.80236
0.79807
0.79389
0.78989
0.78605
0.78243
0.77902
0.77582
0.77277
0.76981
0.76691
0.76408
0.76133
0.75867
0.75612
0.75367
0.75135
0.74916
0.74711
0.74523
0.7435
0.74196
0.74059
0.73936
0.73824
0.73716
0.7361
0.73501
0.73389
0.73274
0.73155
0.73033
0.72907
0.72779
0.72649
0.72519
0.72391
0.72268
0.72152
0.72044
0.71943
0.71848
0.71756
0.71667
0.71577
0.71487
0.71397
0.71307
0.71218
0.71129
0.71039
0.70948
0.70856
0.70763
0.70671
0.70579
0.70487
0.70393
0.70297
0.70197
0.70094
0.69988
0.69882
0.69776
0.69674
0.69576
0.6948
