1
0.943
0.93089
0.93585
0.9255
0.93749
0.95347
0.9616
0.96173
0.95845
0.95571
0.94743
0.94806
0.95486
0.96005
0.96018
0.95554
0.94878
0.94404
0.94548
0.95159
0.95856
0.96521
0.97108
0.97598
0.97976
0.9827
0.98572
0.98934
0.99371
0.99859
1.0038
1.0091
1.0143
1.0194
1.024
1.0281
1.0317
1.0347
1.0371
1.0391
1.041
1.0429
1.0451
1.0473
1.0497
1.052
1.0542
1.0564
1.0584
1.0605
1.0627
1.0651
1.0678
1.0707
1.074
1.0774
1.0809
1.0845
1.0882
1.0919
1.0956
1.0993
1.1029
1.1065
1.11
1.1134
1.1167
1.1198
1.1227
1.1254
1.128
1.1305
1.1329
1.1352
1.1374
1.1395
1.1415
1.1434
1.1451
1.1468
1.1483
1.1498
1.1511
1.1522
1.1533
1.1543
1.1553
1.1563
1.1575
1.1587
1.16
