1
0.95894
0.94371
0.93665
0.9325
0.92918
0.92637
0.92408
0.92208
0.9203
0.91489
0.91376
0.91282
0.90761
0.90265
0.89784
0.89313
0.8885
0.88391
0.87935
0.87486
0.87041
0.86607
0.86186
0.85775
0.85383
0.85002
0.8464
0.84288
0.83953
0.83628
0.83316
0.83013
0.82721
0.82439
0.82168
0.81906
0.81652
0.81406
0.81165
0.80929
0.80697
0.80469
0.80247
0.80028
0.79813
0.79601
0.7939
0.79181
0.78973
0.78769
0.7857
0.78378
0.78191
0.78011
0.77837
0.77669
0.77506
0.77347
0.77193
0.77043
0.76896
0.76753
0.76612
0.76473
0.76335
0.76198
0.76062
0.75924
0.75785
0.75645
0.75502
0.75357
0.75209
0.75057
0.74901
0.7474
0.74574
0.74402
0.74225
0.74042
0.73854
0.73663
0.73471
0.73279
0.7309
0.72905
0.72725
0.72551
0.72383
0.7222
0.72064
0.71913
0.71768
0.71628
0.71494
0.71364
0.71239
0.71118
0.71001
0.70887
0.70776
0.70666
0.70558
0.70451
0.70345
0.70238
0.70131
0.70024
0.69915
0.69805
0.69694
0.69581
0.69466
0.6935
