1
0.97574
0.96577
0.96231
0.96042
0.95625
0.94937
0.93972
0.93235
0.92724
0.92365
0.92125
0.91997
0.91977
0.92067
0.92269
0.92583
0.92999
0.93498
0.94059
0.94663
0.95294
0.95939
0.96589
0.97237
0.97875
0.98496
0.99094
0.99666
1.0021
1.0071
1.0117
1.0159
1.0197
1.0229
1.0256
1.0276
1.0288
1.0291
1.0287
1.0276
1.0263
1.0252
1.0247
1.0248
1.0257
1.027
1.0285
1.0302
1.0318
1.0332
1.0345
1.0354
1.0359
1.0361
1.0359
1.0354
1.0346
1.0336
1.0325
1.0316
1.031
1.0307
1.0308
1.0311
1.0316
1.0322
1.0328
1.0334
1.0341
1.0347
1.0354
1.0361
1.0369
1.0378
1.0387
1.0397
1.0407
1.0418
1.0429
1.044
1.0451
1.0462
1.0473
1.0484
1.0495
1.0505
1.0515
1.0525
1.0535
1.0544
1.0553
1.0561
1.0567
1.0573
1.0577
1.0579
1.058
1.0579
1.0575
1.0569
1.0561
1.0551
1.0539
1.0526
1.0513
1.05
1.0489
1.0479
1.0471
1.0466
1.0462
1.046
1.0459
1.046
1.0461
1.0463
1.0466
1.0469
1.0472
1.0475
1.0479
1.0482
1.0486
1.0489
1.0493
1.0496
1.05
1.0503
1.0507
1.0512
1.0516
1.0521
1.0527
1.0533
1.0539
1.0546
1.0552
1.0559
1.0567
1.0574
1.0581
1.0589
1.0596
1.0603
1.0609
1.0616
1.0622
1.0628
1.0634
1.0639
1.0645
1.065
1.0656
1.0661
1.0666
1.0671
1.0676
1.0681
1.0685
1.069
1.0693
1.0697
1.07
