1
0.96753
0.95912
0.95421
0.95043
0.94754
0.94549
0.9436
0.94213
0.94083
0.93967
0.93869
0.93781
0.93713
0.93363
0.9305
0.92756
0.92494
0.92248
0.92032
0.91823
0.91633
0.91444
0.91265
0.91091
0.9092
0.90746
0.90569
0.90387
0.90201
0.90011
0.89818
0.89625
0.89432
0.89243
0.89057
0.88877
0.88702
0.88533
0.8837
0.88212
0.88059
0.87911
0.87767
0.87626
0.87488
0.87352
0.87217
0.87083
0.86948
0.86812
0.86674
0.86534
0.86392
0.86247
0.861
0.85949
0.85796
0.8564
0.85483
0.85324
0.85165
0.85006
0.84848
0.84692
0.8454
0.8439
0.84245
0.84105
0.8397
0.83839
0.83713
0.83593
0.83476
0.83364
0.83257
0.83153
0.83052
0.82954
0.82859
0.82766
0.82676
0.82586
0.82498
0.82411
0.82325
0.82238
0.82152
0.82065
0.81978
0.81889
0.81799
0.81707
0.81613
0.81518
0.81421
0.81324
0.81225
0.81127
0.81028
0.8093
0.80833
0.80737
0.80642
0.80547
0.80454
0.80362
0.80271
0.8018
0.80089
0.79998
0.79907
0.79816
0.79724
0.79632
0.79539
0.79445
0.79351
0.79255
0.79159
0.7906
0.78961
0.7886
0.78758
0.78655
0.78551
0.78446
0.7834
0.78234
0.78127
0.78021
0.77914
0.77808
0.77701
0.77595
0.77489
0.77383
0.77278
0.77172
0.77067
0.76963
0.76858
0.76754
0.7665
0.76545
0.76441
0.76337
0.76232
0.76127
0.76021
0.75916
0.75809
0.75702
0.75594
0.75486
0.75377
0.75267
0.75157
0.75045
0.74934
0.74822
