1
0.9687
0.95549
0.94889
0.94357
0.93572
0.92832
0.92143
0.91497
0.90876
0.90279
0.89709
0.89164
0.88638
0.88131
0.87646
0.87183
0.86742
0.86317
0.85904
0.85499
0.85104
0.84721
0.84349
0.83987
0.83636
0.83292
0.82955
0.82622
0.8229
0.81962
0.81638
0.81325
0.81025
0.8074
0.80469
0.80207
0.79951
0.79697
0.79441
0.79181
0.78913
0.78636
0.7835
0.78057
0.77762
0.77469
0.77183
0.76906
0.76638
0.76381
0.76133
0.75895
0.75664
0.7544
0.75222
0.75011
0.74805
0.74604
0.74409
0.74219
0.74034
0.73853
0.73676
0.73503
0.73335
0.7317
0.73008
0.72851
0.72696
0.72545
0.72398
0.72254
0.72113
0.71974
0.71839
0.71706
0.71576
0.71448
0.71323
0.71201
0.71084
0.70972
0.70866
0.70769
0.70679
0.70595
0.70516
0.70441
0.70368
0.70296
0.70225
0.70154
0.70083
0.7001
0.69936
0.69861
0.69783
0.69703
0.69622
0.69538
0.69454
0.69369
0.69286
0.69204
0.69124
0.69047
0.68974
0.68904
0.68837
0.68774
0.68713
0.68655
0.68599
0.68545
0.68492
0.68441
0.6839
0.68339
0.68287
0.68234
0.6818
0.68125
0.68067
0.68008
0.67947
0.67885
0.67822
0.67758
0.67696
0.67634
0.67575
0.67519
0.67466
0.67415
0.67367
0.67319
0.6727
0.67218
0.67161
0.67097
0.67025
