59.2928
-0.92906
-0.92916
-0.92942
-0.92848
-0.9285
-0.92804
-0.9257
-0.92572
-0.92742
-0.9257
-0.92067
-0.92069
-0.92067
-0.92068
-0.92066
-0.91814
-0.92605
-0.92298
-0.92536
-0.92282
-0.92365
-0.92545
-0.92379
-0.92458
-0.92544
-0.92344
-0.92273
-0.92776
-0.92315
-0.92526
-0.93353
-0.92472
-0.93144
-0.92471
-0.93143
-0.92473
-0.92967
-0.92968
-0.9261
-0.92302
-0.92458
-0.93378
-0.9252
-0.92519
-0.92369
-0.91973
-0.92797
-0.92794
-0.92797
-0.92945
-0.93754
-0.92125
-0.92127
-0.92126
-0.92182
-0.79285
-0.92827
0
0
-0.3781
-1.1178
0
0
0
0
0
0
0
0
0
0
0
0
0
0
-5.167
0
0
0
0
0
0
0
0
0
0
0
0
0
0
0
0
0
0
0
0
0
0
0
0
0
0
-0.92906
59.111
-0.92939
-0.92952
-0.92857
-0.92858
-0.92816
-0.92578
-0.92577
-0.92752
-0.92579
-0.92073
-0.92077
-0.92075
-0.92077
-0.92075
-0.91821
-0.92612
-0.92322
-0.9255
-0.9229
-0.92371
-0.92553
-0.92396
-0.92481
-0.92553
-0.92356
-0.92281
-0.92786
-0.92325
-0.92535
-0.9337
-0.9248
-0.93156
-0.92481
-0.93157
-0.92479
-0.92976
-0.92976
-0.92624
-0.92311
-0.92466
-0.9339
-0.92529
-0.9253
-0.92375
-0.91871
-0.92803
-0.92804
-0.92801
-0.92951
-0.93785
-0.9213
-0.9213
-0.92129
-0.92248
-0.79388
-0.92782
0
-1.3401
0
0
0
0
0
0
0
0
0
0
0
0
0
0
0
0
0
0
0
0
0
0
0
0
0
0
0
0
-5.1355
0
0
0
0
0
0
0
0
0
0
0
0
0
0
-0.92916
-0.92939
62.3326
-0.92992
-0.92904
-0.92906
-0.92868
-0.92638
-0.92638
-0.928
-0.92638
-0.92143
-0.92145
-0.92143
-0.92145
-0.92144
-0.91891
-0.92546
-0.92398
-0.92566
-0.92357
-0.92431
-0.92553
-0.92457
-0.9254
-0.92624
-0.92424
-0.92351
-0.92788
-0.92393
-0.92605
-0.93443
-0.92549
-0.93224
-0.9255
-0.93225
-0.9255
-0.93047
-0.93045
-0.92664
-0.92383
-0.92541
-0.93461
-0.92599
-0.92598
-0.92451
-0.91919
-0.92884
-0.92884
-0.92883
-0.93043
-0.9388
-0.92227
-0.92227
-0.92229
-0.92307
0
0
0
0
0
0
0
-1.1347
0
0
0
0
0
0
0
0
0
0
0
0
0
0
-5.1255
0
0
-5.1255
0
0
0
0
0
0
0
0
0
0
0
0
0
0
0
0
0
0
0
0
0
-0.92942
-0.92952
-0.92992
56.7931
-0.92892
-0.92892
-0.92863
-0.92617
-0.92617
-0.92804
-0.92617
-0.92111
-0.92113
-0.92111
-0.92111
-0.92112
-0.91856
-0.92671
-0.92366
-0.92594
-0.92328
-0.92415
-0.92592
-0.92445
-0.92523
-0.92594
-0.92396
-0.92321
-0.92815
-0.92363
-0.92573
-0.93437
-0.92518
-0.93203
-0.92517
-0.93204
-0.92518
-0.93014
-0.93014
-0.92692
-0.92349
-0.92505
-0.9344
-0.92582
-0.92583
-0.92412
-0.91924
-0.92839
-0.92838
-0.92841
-0.93003
-0.93851
-0.92164
-0.92166
-0.92166
-0.92298
-0.79423
0
0
0
0
0
0
0
0
0
0
0
0
0
0
0
0
0
0
0
0
0
0
0
0
0
0
0
0
0
0
0
0
0
0
0
0
0
0
0
0
0
0
0
0
-5.0622
0
-0.92848
-0.92857
-0.92904
-0.92892
52.6344
-0.92857
-0.92829
-0.92572
-0.92573
-0.92681
-0.92572
-0.9206
-0.9206
-0.92061
-0.9206
-0.9206
-0.91807
-0.9258
-0.92331
-0.92562
-0.92288
-0.92384
-0.92552
-0.92412
-0.92488
-0.92554
-0.92355
-0.92279
-0.92798
-0.92324
-0.92535
-0.93385
-0.9248
-0.93155
-0.92479
-0.93154
-0.92481
-0.92975
-0.92975
-0.9267
-0.92312
-0.92465
-0.93394
-0.92538
-0.9254
-0.92374
-0.91895
-0.92804
-0.92801
-0.92804
-0.92968
-0.93803
-0.92129
-0.92129
-0.92131
-0.92255
-0.79487
-0.92725
0
0
0
0
0
0
0
0
0
0
0
0
0
0
0
0
0
0
0
0
0
0
0
0
0
0
0
0
0
0
0
0
0
0
0
0
0
0
0
0
0
0
0
0
0
-0.9285
-0.92858
-0.92906
-0.92892
-0.92857
52.6344
-0.92829
-0.92572
-0.92572
-0.92683
-0.9257
-0.9206
-0.9206
-0.92059
-0.9206
-0.9206
-0.91806
-0.92578
-0.92331
-0.92562
-0.92289
-0.92384
-0.92552
-0.92413
-0.92487
-0.92555
-0.92354
-0.92284
-0.928
-0.92325
-0.92533
-0.93385
-0.9248
-0.93155
-0.9248
-0.93155
-0.92482
-0.92976
-0.92975
-0.92669
-0.92312
-0.92467
-0.93394
-0.92537
-0.92537
-0.92374
-0.91894
-0.92802
-0.92801
-0.92802
-0.92968
-0.93804
-0.92127
-0.92128
-0.92128
-0.92253
-0.79489
-0.92726
0
0
0
0
0
0
0
0
0
0
0
0
0
0
0
0
0
0
0
0
0
0
0
0
0
0
0
0
0
0
0
0
0
0
0
0
0
0
0
0
0
0
0
0
0
-0.92804
-0.92816
-0.92868
-0.92863
-0.92829
-0.92829
53.435
-0.92543
-0.92542
-0.92655
-0.92543
-0.9203
-0.92031
-0.92029
-0.92031
-0.92032
-0.91776
-0.92548
-0.92295
-0.9259
-0.92258
-0.92343
-0.92518
-0.92379
-0.92456
-0.92524
-0.92326
-0.92254
-0.92763
-0.92296
-0.92506
-0.93363
-0.92455
-0.93125
-0.92454
-0.93125
-0.92454
-0.92948
-0.92949
-0.92632
-0.92285
-0.92437
-0.93364
-0.92509
-0.92509
-0.92348
-0.91856
-0.92774
-0.92777
-0.92776
-0.92934
-0.93752
-0.921
-0.92099
-0.921
-0.9222
-0.79488
0
0
0
0
0
0
0
0
0
0
-1.7439
0
0
0
0
0
0
0
0
0
0
0
0
0
0
0
0
0
0
0
0
0
0
0
0
0
0
0
0
0
0
0
0
0
0
0
-0.9257
-0.92578
-0.92638
-0.92617
-0.92572
-0.92572
-0.92543
51.5529
-0.92284
-0.92411
-0.92284
-0.91772
-0.91773
-0.91772
-0.91772
-0.91773
-0.91522
-0.92318
-0.9205
-0.92288
-0.92005
-0.921
-0.9227
-0.92131
-0.92203
-0.92271
-0.9207
-0.92
-0.9251
-0.92041
-0.92251
-0.93121
-0.92197
-0.92875
-0.92196
-0.92874
-0.92196
-0.9269
-0.92689
-0.92402
-0.92029
-0.92181
-0.93116
-0.92264
-0.92263
-0.9209
-0.91622
-0.92514
-0.92516
-0.92518
-0.92686
-0.9352
-0.91842
-0.91842
-0.91845
-0.91978
-0.79262
0
0
0
0
0
0
0
0
0
0
0
0
0
0
0
0
0
0
0
0
0
0
0
0
0
0
0
0
0
0
0
0
0
0
0
0
0
0
0
0
0
0
0
0
0
0
-0.92572
-0.92577
-0.92638
-0.92617
-0.92573
-0.92572
-0.92542
-0.92284
51.5529
-0.92408
-0.92284
-0.91772
-0.91773
-0.91772
-0.91772
-0.91773
-0.91522
-0.92316
-0.92049
-0.92288
-0.92005
-0.92103
-0.92269
-0.92131
-0.92205
-0.92269
-0.9207
-0.91999
-0.92512
-0.92041
-0.92253
-0.93121
-0.92197
-0.92875
-0.92198
-0.92876
-0.92197
-0.92689
-0.92689
-0.92403
-0.92028
-0.92181
-0.93118
-0.92265
-0.92263
-0.92089
-0.91622
-0.92514
-0.92514
-0.92515
-0.92686
-0.93522
-0.91842
-0.91843
-0.91845
-0.91978
-0.79263
0
0
0
0
0
0
0
0
0
0
0
0
0
0
0
0
0
0
0
0
0
0
0
0
0
0
0
0
0
0
0
0
0
0
0
0
0
0
0
0
0
0
0
0
0
0
-0.92742
-0.92752
-0.928
-0.92804
-0.92681
-0.92683
-0.92655
-0.92411
-0.92408
55.8434
-0.92409
-0.9191
-0.91908
-0.91909
-0.91909
-0.91911
-0.91657
-0.92468
-0.92163
-0.92388
-0.92126
-0.92214
-0.92389
-0.92242
-0.92319
-0.92388
-0.9219
-0.92117
-0.92612
-0.9216
-0.92369
-0.93243
-0.92314
-0.93004
-0.92314
-0.93003
-0.92314
-0.92809
-0.92809
-0.92499
-0.92145
-0.923
-0.9324
-0.92386
-0.92384
-0.92209
-0.91731
-0.92634
-0.92634
-0.92636
-0.92795
-0.93662
-0.91963
-0.91963
-0.91963
-0.92109
0
0
0
0
0
0
0
0
0
0
0
0
0
0
0
0
-5.0159
0
0
0
0
0
0
0
0
0
0
0
0
0
0
0
0
0
0
0
0
0
0
0
0
0
0
0
0
0
0
-0.9257
-0.92579
-0.92638
-0.92617
-0.92572
-0.9257
-0.92543
-0.92284
-0.92284
-0.92409
51.553
-0.91772
-0.91774
-0.91773
-0.91772
-0.91773
-0.91521
-0.92317
-0.92049
-0.92289
-0.92007
-0.92102
-0.9227
-0.92133
-0.92204
-0.92271
-0.92073
-0.92
-0.92511
-0.92043
-0.9225
-0.9312
-0.92198
-0.92876
-0.92198
-0.92876
-0.92197
-0.9269
-0.92691
-0.92404
-0.92027
-0.92182
-0.93116
-0.92262
-0.92264
-0.92088
-0.91622
-0.92516
-0.92514
-0.92515
-0.92686
-0.93521
-0.91843
-0.91841
-0.91844
-0.9198
-0.79262
0
0
0
0
0
0
0
0
0
0
0
0
0
0
0
0
0
0
0
0
0
0
0
0
0
0
0
0
0
0
0
0
0
0
0
0
0
0
0
0
0
0
0
0
0
0
-0.92067
-0.92073
-0.92143
-0.92111
-0.9206
-0.9206
-0.9203
-0.91772
-0.91772
-0.9191
-0.91772
50.4833
-0.91245
-0.91246
-0.91244
-0.91245
-0.91012
-0.91829
-0.91534
-0.91796
-0.91498
-0.91589
-0.91747
-0.91617
-0.91693
-0.91756
-0.91559
-0.91486
-0.91994
-0.91531
-0.91736
-0.92602
-0.91682
-0.92361
-0.91682
-0.92357
-0.91681
-0.92171
-0.92173
-0.91893
-0.91511
-0.91664
-0.92601
-0.91753
-0.91753
-0.91575
-0.91116
-0.91995
-0.91996
-0.91997
-0.92167
-0.93012
-0.91327
-0.91327
-0.91328
-0.9148
0
0
0
0
0
0
0
0
0
0
0
0
0
0
0
0
0
0
0
0
0
0
0
0
0
0
0
0
0
0
0
0
0
0
0
0
0
0
0
0
0
0
0
0
0
0
0
-0.92069
-0.92077
-0.92145
-0.92113
-0.9206
-0.9206
-0.92031
-0.91773
-0.91773
-0.91908
-0.91774
-0.91245
50.4836
-0.91246
-0.91246
-0.91244
-0.9101
-0.91829
-0.91537
-0.91797
-0.91496
-0.91588
-0.91751
-0.91617
-0.91689
-0.91758
-0.9156
-0.91486
-0.91995
-0.91529
-0.91736
-0.92605
-0.91682
-0.92359
-0.9168
-0.92358
-0.91681
-0.92173
-0.92172
-0.91893
-0.91512
-0.91666
-0.92601
-0.91753
-0.91754
-0.91575
-0.91115
-0.91996
-0.91998
-0.91997
-0.92167
-0.93015
-0.91328
-0.91329
-0.91329
-0.9148
0
0
0
0
0
0
0
0
0
0
0
0
0
0
0
0
0
0
0
0
0
0
0
0
0
0
0
0
0
0
0
0
0
0
0
0
0
0
0
0
0
0
0
0
0
0
0
-0.92067
-0.92075
-0.92143
-0.92111
-0.92061
-0.92059
-0.92029
-0.91772
-0.91772
-0.91909
-0.91773
-0.91246
-0.91246
50.4834
-0.91245
-0.91246
-0.91011
-0.91829
-0.91536
-0.91796
-0.91497
-0.91588
-0.91749
-0.91616
-0.9169
-0.91757
-0.91558
-0.91487
-0.91995
-0.91529
-0.91737
-0.92604
-0.91681
-0.92359
-0.91679
-0.92358
-0.91681
-0.92171
-0.92173
-0.91894
-0.91511
-0.91665
-0.92601
-0.91754
-0.91752
-0.91574
-0.91116
-0.91998
-0.91997
-0.91999
-0.92164
-0.93012
-0.91327
-0.91329
-0.91329
-0.91481
0
0
0
0
0
0
0
0
0
0
0
0
0
0
0
0
0
0
0
0
0
0
0
0
0
0
0
0
0
0
0
0
0
0
0
0
0
0
0
0
0
0
0
0
0
0
0
-0.92068
-0.92077
-0.92145
-0.92111
-0.9206
-0.9206
-0.92031
-0.91772
-0.91772
-0.91909
-0.91772
-0.91244
-0.91246
-0.91245
50.4837
-0.91246
-0.9101
-0.91828
-0.91536
-0.91797
-0.91497
-0.91589
-0.9175
-0.91615
-0.91691
-0.91757
-0.9156
-0.91487
-0.91996
-0.91529
-0.91737
-0.92603
-0.91682
-0.92359
-0.91681
-0.92359
-0.91683
-0.92172
-0.92172
-0.91895
-0.91513
-0.91668
-0.926
-0.91754
-0.91755
-0.91574
-0.91117
-0.91998
-0.92
-0.91997
-0.92166
-0.93015
-0.91328
-0.91328
-0.9133
-0.91482
0
0
0
0
0
0
0
0
0
0
0
0
0
0
0
0
0
0
0
0
0
0
0
0
0
0
0
0
0
0
0
0
0
0
0
0
0
0
0
0
0
0
0
0
0
0
0
-0.92066
-0.92075
-0.92144
-0.92112
-0.9206
-0.9206
-0.92032
-0.91773
-0.91773
-0.91911
-0.91773
-0.91245
-0.91244
-0.91246
-0.91246
50.4836
-0.91009
-0.91829
-0.91536
-0.91796
-0.91498
-0.91588
-0.9175
-0.91618
-0.91692
-0.91757
-0.91558
-0.91486
-0.91995
-0.91528
-0.91736
-0.92605
-0.91681
-0.92359
-0.91682
-0.92359
-0.91681
-0.92174
-0.92172
-0.91894
-0.91515
-0.91667
-0.92602
-0.91754
-0.91753
-0.91572
-0.91118
-0.91997
-0.91996
-0.91997
-0.92166
-0.93015
-0.91327
-0.91329
-0.9133
-0.91479
0
0
0
0
0
0
0
0
0
0
0
0
0
0
0
0
0
0
0
0
0
0
0
0
0
0
0
0
0
0
0
0
0
0
0
0
0
0
0
0
0
0
0
0
0
0
0
-0.91814
-0.91821
-0.91891
-0.91856
-0.91807
-0.91806
-0.91776
-0.91522
-0.91522
-0.91657
-0.91521
-0.91012
-0.9101
-0.91011
-0.9101
-0.91009
49.4296
-0.9157
-0.91271
-0.91499
-0.91238
-0.91323
-0.91472
-0.91349
-0.91425
-0.91488
-0.91293
-0.91221
-0.91724
-0.91262
-0.91468
-0.92329
-0.91413
-0.92087
-0.91414
-0.92087
-0.91414
-0.91904
-0.91904
-0.91625
-0.91246
-0.91399
-0.9233
-0.91487
-0.91485
-0.91308
-0.9085
-0.91728
-0.91729
-0.9173
-0.91898
-0.92748
-0.91066
-0.91066
-0.91066
0
0
0
0
0
0
0
0
0
0
0
0
0
0
0
0
0
0
0
0
0
0
0
0
0
0
0
0
0
0
0
0
0
0
0
0
0
0
0
0
0
0
0
0
0
0
0
0
-0.92605
-0.92612
-0.92546
-0.92671
-0.9258
-0.92578
-0.92548
-0.92318
-0.92316
-0.92468
-0.92317
-0.91829
-0.91829
-0.91829
-0.91828
-0.91829
-0.9157
56.5054
-0.92077
-0.9222
-0.92032
-0.92109
-0.92196
-0.92133
-0.92225
-0.92298
-0.92098
-0.92026
-0.92463
-0.92067
-0.92279
-0.93145
-0.92222
-0.92914
-0.92223
-0.92917
-0.92223
-0.9272
-0.9272
-0.92347
-0.92055
-0.9221
-0.93134
-0.92277
-0.92276
-0.92118
-0.91608
-0.92558
-0.92558
-0.92558
0
0
0
0
0
0
0
0
-1.3445
0
0
0
0
0
0
0
0
0
0
0
0
0
0
0
0
0
0
0
0
-4.9641
0
0
-4.9641
0
0
0
0
0
0
0
0
0
0
0
0
0
0
0
0
0
0
0
0
-0.92298
-0.92322
-0.92398
-0.92366
-0.92331
-0.92331
-0.92295
-0.9205
-0.92049
-0.92163
-0.92049
-0.91534
-0.91537
-0.91536
-0.91536
-0.91536
-0.91271
-0.92077
48.1731
-0.9196
-0.91749
-0.91848
-0.92008
-0.91854
-0.91933
-0.92015
-0.91818
-0.91744
-0.92248
-0.91788
-0.91995
-0.9284
-0.91938
-0.92607
-0.91939
-0.92608
-0.91937
-0.92434
-0.92433
-0.92129
-0.91771
-0.91926
-0.92849
-0.92004
-0.92004
-0.91838
-0.91334
-0.92268
-0.92267
-0.92268
-0.9242
0
0
0
0
0
0
0
0
0
0
0
0
-1.1301
-1.0184
0
0
0
0
0
0
0
0
0
0
0
0
0
0
0
0
0
0
0
0
0
0
0
0
0
0
0
0
0
0
0
0
0
0
0
0
0
0
-0.92536
-0.9255
-0.92566
-0.92594
-0.92562
-0.92562
-0.9259
-0.92288
-0.92288
-0.92388
-0.92289
-0.91796
-0.91797
-0.91796
-0.91797
-0.91796
-0.91499
-0.9222
-0.9196
51.7553
-0.91929
-0.91996
-0.9214
-0.92029
-0.92111
-0.92186
-0.91986
-0.91913
-0.9238
-0.91956
-0.92164
-0.9299
-0.92109
-0.92775
-0.9211
-0.92774
-0.92109
-0.92606
-0.92604
-0.92246
-0.91946
-0.92097
-0.93013
-0.9216
-0.92158
-0.92009
-0.91498
-0.92441
-0.92442
-0.92442
0
0
0
0
0
0
0
0
0
0
0
0
0
0
0
-1.7399
0
0
0
0
0
0
0
0
0
0
0
0
0
0
0
0
0
0
0
0
0
0
0
0
0
0
0
0
0
0
0
0
0
-4.8234
0
0
0
-0.92282
-0.9229
-0.92357
-0.92328
-0.92288
-0.92289
-0.92258
-0.92005
-0.92005
-0.92126
-0.92007
-0.91498
-0.91496
-0.91497
-0.91497
-0.91498
-0.91238
-0.92032
-0.91749
-0.91929
45.0804
-0.91799
-0.91959
-0.9183
-0.91904
-0.91967
-0.9177
-0.91696
-0.92204
-0.91739
-0.91944
-0.92804
-0.91888
-0.92567
-0.91889
-0.92566
-0.91889
-0.92382
-0.92383
-0.92104
-0.91721
-0.91875
-0.92808
-0.91962
-0.91964
-0.91784
-0.91328
-0.92214
-0.92215
-0.92216
0
0
0
0
0
0
0
0
0
0
0
0
0
0
0
0
0
0
0
0
0
0
0
0
0
0
0
0
0
0
0
0
0
0
0
0
0
0
0
0
0
0
0
0
0
0
0
0
0
0
0
0
0
-0.92365
-0.92371
-0.92431
-0.92415
-0.92384
-0.92384
-0.92343
-0.921
-0.92103
-0.92214
-0.92102
-0.91589
-0.91588
-0.91588
-0.91589
-0.91588
-0.91323
-0.92109
-0.91848
-0.91996
-0.91799
43.5748
-0.92045
-0.91904
-0.91985
-0.92068
-0.91867
-0.91793
-0.923
-0.91831
-0.9204
-0.92881
-0.91981
-0.92652
-0.91984
-0.92653
-0.91982
-0.92479
-0.92478
-0.9218
-0.91816
-0.91973
-0.92896
-0.9206
-0.92059
-0.9188
0
0
0
0
0
0
0
0
0
0
0
0
0
0
0
-1.1152
0
0
-1.0194
0
0
0
0
0
0
0
0
0
0
0
0
0
0
0
0
0
0
0
0
0
0
0
0
0
0
0
0
0
0
0
0
0
0
0
0
0
0
-0.92545
-0.92553
-0.92553
-0.92592
-0.92552
-0.92552
-0.92518
-0.9227
-0.92269
-0.92389
-0.9227
-0.91747
-0.91751
-0.91749
-0.9175
-0.9175
-0.91472
-0.92196
-0.92008
-0.9214
-0.91959
-0.92045
46.0688
-0.92067
-0.92146
-0.92213
-0.92016
-0.9194
-0.92411
-0.91982
-0.92188
-0.93053
-0.92134
-0.92823
-0.92135
-0.92821
-0.92133
-0.9263
-0.92631
-0.92321
-0.91968
-0.92123
-0.93057
-0.92212
-0.92211
-0.9203
0
0
0
0
0
0
0
0
0
0
0
0
0
0
0
0
0
0
0
0
0
0
0
0
0
0
0
0
0
0
0
0
0
0
0
0
0
-4.5601
0
0
0
0
0
0
0
0
0
0
0
0
0
0
0
0
0
0
0
-0.92379
-0.92396
-0.92457
-0.92445
-0.92412
-0.92413
-0.92379
-0.92131
-0.92131
-0.92242
-0.92133
-0.91617
-0.91617
-0.91616
-0.91615
-0.91618
-0.91349
-0.92133
-0.91854
-0.92029
-0.9183
-0.91904
-0.92067
40.7895
-0.92082
-0.92106
-0.91905
-0.91828
-0.92338
-0.91866
-0.9207
-0.92906
-0.92013
-0.92684
-0.9201
-0.92685
-0.92014
-0.92519
-0.9252
-0.92216
-0.91855
-0.92003
-0.9291
0
0
0
0
0
0
0
0
0
0
0
0
0
0
0
-1.3428
0
0
0
-0.75374
0
0
0
0
0
0
0
0
0
0
0
0
0
0
0
0
0
0
0
0
0
0
0
0
0
0
0
0
0
0
0
0
0
0
0
0
0
0
0
0
-0.92458
-0.92481
-0.9254
-0.92523
-0.92488
-0.92487
-0.92456
-0.92203
-0.92205
-0.92319
-0.92204
-0.91693
-0.91689
-0.9169
-0.91691
-0.91692
-0.91425
-0.92225
-0.91933
-0.92111
-0.91904
-0.91985
-0.92146
-0.92082
36.7071
-0.92202
-0.91951
-0.91873
-0.92438
-0.91916
-0.92129
-0.93102
-0.92087
-0.92771
-0.92088
-0.9277
-0.92086
-0.92605
-0.92604
0
-0.91936
0
0
0
0
0
0
0
0
0
0
0
0
0
0
0
0
0
0
0
0
0
-0.75526
0
0
0
0
0
0
0
0
0
0
0
0
0
0
0
0
0
0
0
0
0
0
0
0
0
0
0
0
0
0
0
0
0
0
0
0
0
0
0
0
-0.92544
-0.92553
-0.92624
-0.92594
-0.92554
-0.92555
-0.92524
-0.92271
-0.92269
-0.92388
-0.92271
-0.91756
-0.91758
-0.91757
-0.91757
-0.91757
-0.91488
-0.92298
-0.92015
-0.92186
-0.91967
-0.92068
-0.92213
-0.92106
-0.92202
36.8993
-0.92025
-0.91946
-0.92497
-0.91988
-0.92198
-0.9317
-0.92153
-0.92846
-0.92152
-0.92845
-0.92152
-0.92667
-0.92667
0
-0.91999
-0.92148
0
0
0
0
0
0
0
0
0
0
0
0
0
0
0
0
0
0
0
0
0
0
0
0
0
0
0
0
0
0
0
0
0
0
0
0
0
0
0
0
0
0
0
0
0
0
0
0
0
0
0
0
0
0
0
0
0
0
0
0
0
-0.92344
-0.92356
-0.92424
-0.92396
-0.92355
-0.92354
-0.92326
-0.9207
-0.9207
-0.9219
-0.92073
-0.91559
-0.9156
-0.91558
-0.9156
-0.91558
-0.91293
-0.92098
-0.91818
-0.91986
-0.9177
-0.91867
-0.92016
-0.91905
-0.91951
-0.92025
35.8983
-0.9171
-0.9228
-0.9176
-0.91967
-0.92958
-0.9193
-0.92609
-0.91929
-0.92611
-0.91928
-0.92445
-0.92448
0
-0.91777
0
0
0
0
0
0
0
0
0
0
0
0
0
0
0
0
0
0
0
0
0
0
0
0
0
0
0
0
0
0
0
0
0
0
0
0
0
0
0
0
0
0
0
0
0
0
0
0
0
0
0
0
0
0
0
0
0
0
0
0
0
0
-0.92273
-0.92281
-0.92351
-0.92321
-0.92279
-0.92284
-0.92254
-0.92
-0.91999
-0.92117
-0.92
-0.91486
-0.91486
-0.91487
-0.91487
-0.91486
-0.91221
-0.92026
-0.91744
-0.91913
-0.91696
-0.91793
-0.9194
-0.91828
-0.91873
-0.91946
-0.9171
34.9522
-0.92189
-0.91683
-0.91882
-0.92867
-0.91843
-0.92521
-0.91843
-0.9252
-0.91845
-0.92373
-0.92373
0
0
0
0
0
0
0
0
0
0
0
0
0
0
0
0
0
0
0
0
0
0
0
0
0
0
0
0
0
0
0
0
0
0
0
0
0
0
0
0
0
0
0
0
0
0
0
0
0
0
0
0
0
0
0
0
0
0
0
0
0
0
0
0
-0.92776
-0.92786
-0.92788
-0.92815
-0.92798
-0.928
-0.92763
-0.9251
-0.92512
-0.92612
-0.92511
-0.91994
-0.91995
-0.91995
-0.91996
-0.91995
-0.91724
-0.92463
-0.92248
-0.9238
-0.92204
-0.923
-0.92411
-0.92338
-0.92438
-0.92497
-0.9228
-0.92189
37.4169
-0.92178
-0.92385
-0.93512
-0.92338
-0.93144
-0.9234
-0.93144
-0.92339
0
0
0
0
0
0
0
0
0
0
0
0
0
0
0
0
0
0
0
0
0
0
0
0
0
0
0
0
0
0
0
0
0
0
0
0
0
0
0
0
0
0
0
0
0
0
0
0
0
0
0
0
0
0
0
0
0
0
0
0
-4.1319
0
0
0
0
0
-0.92315
-0.92325
-0.92393
-0.92363
-0.92324
-0.92325
-0.92296
-0.92041
-0.92041
-0.9216
-0.92043
-0.91531
-0.91529
-0.91529
-0.91529
-0.91528
-0.91262
-0.92067
-0.91788
-0.91956
-0.91739
-0.91831
-0.91982
-0.91866
-0.91916
-0.91988
-0.9176
-0.91683
-0.92178
33.1166
-0.91906
-0.92795
-0.91836
-0.92587
-0.91836
-0.92585
-0.91834
0
0
0
0
0
0
0
0
0
0
0
0
0
0
0
0
0
0
0
0
0
0
0
0
0
0
0
0
0
0
0
0
0
0
0
0
0
0
0
0
0
0
0
0
0
0
0
0
0
0
0
0
0
0
0
0
0
0
0
0
0
0
0
0
0
0
-0.92526
-0.92535
-0.92605
-0.92573
-0.92535
-0.92533
-0.92506
-0.92251
-0.92253
-0.92369
-0.9225
-0.91736
-0.91736
-0.91737
-0.91737
-0.91736
-0.91468
-0.92279
-0.91995
-0.92164
-0.91944
-0.9204
-0.92188
-0.9207
-0.92129
-0.92198
-0.91967
-0.91882
-0.92385
-0.91906
31.337
-0.92912
-0.92183
0
-0.92184
0
-0.92184
0
0
0
0
0
0
0
0
0
0
0
0
0
0
0
0
0
0
0
0
0
0
0
0
0
0
0
0
0
0
0
0
0
0
0
0
0
0
0
0
0
0
0
0
0
0
0
0
0
0
0
0
0
0
0
0
0
0
0
0
0
0
0
0
0
0
-0.93353
-0.9337
-0.93443
-0.93437
-0.93385
-0.93385
-0.93363
-0.93121
-0.93121
-0.93243
-0.9312
-0.92602
-0.92605
-0.92604
-0.92603
-0.92605
-0.92329
-0.93145
-0.9284
-0.9299
-0.92804
-0.92881
-0.93053
-0.92906
-0.93102
-0.9317
-0.92958
-0.92867
-0.93512
-0.92795
-0.92912
37.2997
0
0
0
0
0
0
0
0
0
0
0
0
0
0
0
0
0
0
0
0
0
0
0
0
0
0
0
0
0
0
0
0
0
0
0
0
0
0
0
0
0
0
-4.2317
0
0
0
0
0
0
0
0
0
0
0
-4.2317
0
0
0
0
0
0
0
0
0
0
0
0
0
0
0
0
-0.92472
-0.9248
-0.92549
-0.92518
-0.9248
-0.9248
-0.92455
-0.92197
-0.92197
-0.92314
-0.92198
-0.91682
-0.91682
-0.91681
-0.91682
-0.91681
-0.91413
-0.92222
-0.91938
-0.92109
-0.91888
-0.91981
-0.92134
-0.92013
-0.92087
-0.92153
-0.9193
-0.91843
-0.92338
-0.91836
-0.92183
0
28.5482
0
0
0
0
0
0
0
0
0
0
0
0
0
0
0
0
0
0
0
0
0
0
0
0
0
0
0
0
0
0
0
0
0
0
0
0
0
0
0
0
0
0
0
0
0
0
0
0
0
0
0
0
0
0
0
0
0
0
0
0
0
0
0
0
0
0
0
0
0
0
-0.93144
-0.93156
-0.93224
-0.93203
-0.93155
-0.93155
-0.93125
-0.92875
-0.92875
-0.93004
-0.92876
-0.92361
-0.92359
-0.92359
-0.92359
-0.92359
-0.92087
-0.92914
-0.92607
-0.92775
-0.92567
-0.92652
-0.92823
-0.92684
-0.92771
-0.92846
-0.92609
-0.92521
-0.93144
-0.92587
0
0
0
31.7359
0
0
0
0
0
0
0
0
0
0
0
0
0
0
0
0
0
0
0
0
0
0
0
0
0
0
0
0
0
0
0
0
0
0
0
0
0
0
0
0
0
0
0
0
0
0
-3.9042
0
0
0
0
0
0
0
0
0
0
0
0
0
0
0
0
0
0
0
0
0
0
-0.92471
-0.92481
-0.9255
-0.92517
-0.92479
-0.9248
-0.92454
-0.92196
-0.92198
-0.92314
-0.92198
-0.91682
-0.9168
-0.91679
-0.91681
-0.91682
-0.91414
-0.92223
-0.91939
-0.9211
-0.91889
-0.91984
-0.92135
-0.9201
-0.92088
-0.92152
-0.91929
-0.91843
-0.9234
-0.91836
-0.92184
0
0
0
28.5482
0
0
0
0
0
0
0
0
0
0
0
0
0
0
0
0
0
0
0
0
0
0
0
0
0
0
0
0
0
0
0
0
0
0
0
0
0
0
0
0
0
0
0
0
0
0
0
0
0
0
0
0
0
0
0
0
0
0
0
0
0
0
0
0
0
0
0
0
-0.93143
-0.93157
-0.93225
-0.93204
-0.93154
-0.93155
-0.93125
-0.92874
-0.92876
-0.93003
-0.92876
-0.92357
-0.92358
-0.92358
-0.92359
-0.92359
-0.92087
-0.92917
-0.92608
-0.92774
-0.92566
-0.92653
-0.92821
-0.92685
-0.9277
-0.92845
-0.92611
-0.9252
-0.93144
-0.92585
0
0
0
0
0
31.7358
0
0
0
0
0
0
0
0
0
0
0
0
0
0
0
0
0
0
0
0
0
0
0
0
0
0
0
0
0
0
0
0
0
0
0
0
0
0
0
0
0
0
0
0
0
0
0
0
0
0
0
0
0
0
0
0
0
0
0
0
0
0
0
0
-3.9042
0
0
-0.92473
-0.92479
-0.9255
-0.92518
-0.92481
-0.92482
-0.92454
-0.92196
-0.92197
-0.92314
-0.92197
-0.91681
-0.91681
-0.91681
-0.91683
-0.91681
-0.91414
-0.92223
-0.91937
-0.92109
-0.91889
-0.91982
-0.92133
-0.92014
-0.92086
-0.92152
-0.91928
-0.91845
-0.92339
-0.91834
-0.92184
0
0
0
0
0
28.5482
0
0
0
0
0
0
0
0
0
0
0
0
0
0
0
0
0
0
0
0
0
0
0
0
0
0
0
0
0
0
0
0
0
0
0
0
0
0
0
0
0
0
0
0
0
0
0
0
0
0
0
0
0
0
0
0
0
0
0
0
0
0
0
0
0
0
-0.92967
-0.92976
-0.93047
-0.93014
-0.92975
-0.92976
-0.92948
-0.9269
-0.92689
-0.92809
-0.9269
-0.92171
-0.92173
-0.92171
-0.92172
-0.92174
-0.91904
-0.9272
-0.92434
-0.92606
-0.92382
-0.92479
-0.9263
-0.92519
-0.92605
-0.92667
-0.92445
-0.92373
0
0
0
0
0
0
0
0
0
25.9241
0
0
0
0
0
0
0
0
0
0
0
0
0
0
0
0
0
0
0
0
0
0
0
0
0
0
0
0
0
0
0
0
0
0
0
0
0
0
0
0
0
0
0
0
0
0
0
0
0
0
0
0
0
0
0
0
0
0
0
0
0
0
0
0
0
-0.92968
-0.92976
-0.93045
-0.93014
-0.92975
-0.92975
-0.92949
-0.92689
-0.92689
-0.92809
-0.92691
-0.92173
-0.92172
-0.92173
-0.92172
-0.92172
-0.91904
-0.9272
-0.92433
-0.92604
-0.92383
-0.92478
-0.92631
-0.9252
-0.92604
-0.92667
-0.92448
-0.92373
0
0
0
0
0
0
0
0
0
0
25.9241
0
0
0
0
0
0
0
0
0
0
0
0
0
0
0
0
0
0
0
0
0
0
0
0
0
0
0
0
0
0
0
0
0
0
0
0
0
0
0
0
0
0
0
0
0
0
0
0
0
0
0
0
0
0
0
0
0
0
0
0
0
0
0
0
-0.9261
-0.92624
-0.92664
-0.92692
-0.9267
-0.92669
-0.92632
-0.92402
-0.92403
-0.92499
-0.92404
-0.91893
-0.91893
-0.91894
-0.91895
-0.91894
-0.91625
-0.92347
-0.92129
-0.92246
-0.92104
-0.9218
-0.92321
-0.92216
0
0
0
0
0
0
0
0
0
0
0
0
0
0
0
30.9292
0
0
0
0
0
0
0
0
0
0
0
0
0
0
0
0
0
0
0
-1.3281
0
0
0
0
0
0
0
0
0
0
-3.726
0
0
0
0
0
0
0
0
0
0
0
0
0
-3.726
0
0
0
0
0
0
0
0
0
0
0
0
0
0
0
0
0
0
-0.92302
-0.92311
-0.92383
-0.92349
-0.92312
-0.92312
-0.92285
-0.92029
-0.92028
-0.92145
-0.92027
-0.91511
-0.91512
-0.91511
-0.91513
-0.91515
-0.91246
-0.92055
-0.91771
-0.91946
-0.91721
-0.91816
-0.91968
-0.91855
-0.91936
-0.91999
-0.91777
0
0
0
0
0
0
0
0
0
0
0
0
0
24.8213
0
0
0
0
0
0
0
0
0
0
0
0
0
0
0
0
0
0
0
0
0
0
0
0
0
0
0
0
0
0
0
0
0
0
0
0
0
0
0
0
0
0
0
0
0
0
0
0
0
0
0
0
0
0
0
0
0
0
0
0
0
0
-0.92458
-0.92466
-0.92541
-0.92505
-0.92465
-0.92467
-0.92437
-0.92181
-0.92181
-0.923
-0.92182
-0.91664
-0.91666
-0.91665
-0.91668
-0.91667
-0.91399
-0.9221
-0.91926
-0.92097
-0.91875
-0.91973
-0.92123
-0.92003
0
-0.92148
0
0
0
0
0
0
0
0
0
0
0
0
0
0
0
23.0227
0
0
0
0
0
0
0
0
0
0
0
0
0
0
0
0
0
0
0
0
0
0
0
0
0
0
0
0
0
0
0
0
0
0
0
0
0
0
0
0
0
0
0
0
0
0
0
0
0
0
0
0
0
0
0
0
0
0
0
0
0
-0.93378
-0.9339
-0.93461
-0.9344
-0.93394
-0.93394
-0.93364
-0.93116
-0.93118
-0.9324
-0.93116
-0.92601
-0.92601
-0.92601
-0.926
-0.92602
-0.9233
-0.93134
-0.92849
-0.93013
-0.92808
-0.92896
-0.93057
-0.9291
0
0
0
0
0
0
0
0
0
0
0
0
0
0
0
0
0
0
25.5108
0
0
0
0
0
0
0
0
0
0
0
0
0
0
0
0
0
0
0
0
0
0
0
0
0
0
-3.1867
0
0
0
0
0
0
0
0
0
0
0
0
0
0
0
0
0
0
0
0
0
0
0
0
0
0
0
0
0
0
0
0
0
-0.9252
-0.92529
-0.92599
-0.92582
-0.92538
-0.92537
-0.92509
-0.92264
-0.92265
-0.92386
-0.92262
-0.91753
-0.91753
-0.91754
-0.91754
-0.91754
-0.91487
-0.92277
-0.92004
-0.9216
-0.91962
-0.9206
-0.92212
0
0
0
0
0
0
0
0
0
0
0
0
0
0
0
0
0
0
0
0
24.1711
0
0
0
0
0
0
0
0
0
0
0
0
0
0
0
0
0
0
0
0
0
0
0
0
0
0
0
0
0
0
0
0
0
0
0
0
0
0
0
0
0
0
0
0
0
0
0
-2.9719
0
0
0
0
0
0
0
0
0
0
0
-0.92519
-0.9253
-0.92598
-0.92583
-0.9254
-0.92537
-0.92509
-0.92263
-0.92263
-0.92384
-0.92264
-0.91753
-0.91754
-0.91752
-0.91755
-0.91753
-0.91485
-0.92276
-0.92004
-0.92158
-0.91964
-0.92059
-0.92211
0
0
0
0
0
0
0
0
0
0
0
0
0
0
0
0
0
0
0
0
0
24.1711
0
0
0
0
0
0
0
0
0
0
0
0
0
0
0
0
0
0
0
0
0
0
0
0
0
0
0
0
0
0
0
0
0
0
0
0
0
0
0
0
0
0
0
0
0
0
0
0
0
-2.9719
0
0
0
0
0
0
0
0
-0.92369
-0.92375
-0.92451
-0.92412
-0.92374
-0.92374
-0.92348
-0.9209
-0.92089
-0.92209
-0.92088
-0.91575
-0.91575
-0.91574
-0.91574
-0.91572
-0.91308
-0.92118
-0.91838
-0.92009
-0.91784
-0.9188
-0.9203
0
0
0
0
0
0
0
0
0
0
0
0
0
0
0
0
0
0
0
0
0
0
21.1602
0
0
0
0
0
0
0
0
0
0
0
0
0
0
0
0
0
0
0
0
0
0
0
0
0
0
0
0
0
0
0
0
0
0
0
0
0
0
0
0
0
0
0
0
0
0
0
0
0
0
0
0
0
0
0
0
0
-0.91973
-0.91871
-0.91919
-0.91924
-0.91895
-0.91894
-0.91856
-0.91622
-0.91622
-0.91731
-0.91622
-0.91116
-0.91115
-0.91116
-0.91117
-0.91118
-0.9085
-0.91608
-0.91334
-0.91498
-0.91328
0
0
0
0
0
0
0
0
0
0
0
0
0
0
0
0
0
0
0
0
0
0
0
0
0
22.3227
0
0
0
0
0
0
0
0
0
0
0
0
0
-0.39201
0
0
0
0
0
0
0
0
0
0
0
0
0
0
0
0
0
0
0
0
0
0
0
0
0
0
0
0
0
0
0
0
0
0
-2.7094
0
0
0
0
0
0
0
-0.92797
-0.92803
-0.92884
-0.92839
-0.92804
-0.92802
-0.92774
-0.92514
-0.92514
-0.92634
-0.92516
-0.91995
-0.91996
-0.91998
-0.91998
-0.91997
-0.91728
-0.92558
-0.92268
-0.92441
-0.92214
0
0
0
0
0
0
0
0
0
0
0
0
0
0
0
0
0
0
0
0
0
0
0
0
0
0
19.4107
0
0
0
0
0
0
0
0
0
0
0
0
0
0
0
0
0
0
0
0
0
0
0
0
0
0
0
0
0
0
0
0
0
0
0
0
0
0
0
0
0
0
0
0
0
0
0
0
0
0
0
0
0
0
0
-0.92794
-0.92804
-0.92884
-0.92838
-0.92801
-0.92801
-0.92777
-0.92516
-0.92514
-0.92634
-0.92514
-0.91996
-0.91998
-0.91997
-0.92
-0.91996
-0.91729
-0.92558
-0.92267
-0.92442
-0.92215
0
0
0
0
0
0
0
0
0
0
0
0
0
0
0
0
0
0
0
0
0
0
0
0
0
0
0
19.4108
0
0
0
0
0
0
0
0
0
0
0
0
0
0
0
0
0
0
0
0
0
0
0
0
0
0
0
0
0
0
0
0
0
0
0
0
0
0
0
0
0
0
0
0
0
0
0
0
0
0
0
0
0
0
-0.92797
-0.92801
-0.92883
-0.92841
-0.92804
-0.92802
-0.92776
-0.92518
-0.92515
-0.92636
-0.92515
-0.91997
-0.91997
-0.91999
-0.91997
-0.91997
-0.9173
-0.92558
-0.92268
-0.92442
-0.92216
0
0
0
0
0
0
0
0
0
0
0
0
0
0
0
0
0
0
0
0
0
0
0
0
0
0
0
0
19.4109
0
0
0
0
0
0
0
0
0
0
0
0
0
0
0
0
0
0
0
0
0
0
0
0
0
0
0
0
0
0
0
0
0
0
0
0
0
0
0
0
0
0
0
0
0
0
0
0
0
0
0
0
0
-0.92945
-0.92951
-0.93043
-0.93003
-0.92968
-0.92968
-0.92934
-0.92686
-0.92686
-0.92795
-0.92686
-0.92167
-0.92167
-0.92164
-0.92166
-0.92166
-0.91898
0
-0.9242
0
0
0
0
0
0
0
0
0
0
0
0
0
0
0
0
0
0
0
0
0
0
0
0
0
0
0
0
0
0
0
18.0064
0
0
0
0
0
0
0
-1.3383
0
0
0
0
0
0
0
0
0
0
0
0
0
0
0
0
0
0
0
0
0
0
0
0
0
0
0
0
0
0
0
0
0
0
0
0
0
0
0
0
0
0
0
0
-0.93754
-0.93785
-0.9388
-0.93851
-0.93803
-0.93804
-0.93752
-0.9352
-0.93522
-0.93662
-0.93521
-0.93012
-0.93015
-0.93012
-0.93015
-0.93015
-0.92748
0
0
0
0
0
0
0
0
0
0
0
0
0
0
0
0
0
0
0
0
0
0
0
0
0
0
0
0
0
0
0
0
0
0
20.1529
0
0
0
0
0
0
0
-1.3335
0
0
0
0
0
0
0
0
0
0
0
0
0
0
0
0
0
0
0
0
0
0
0
0
0
-2.9326
0
0
0
0
0
0
0
0
0
0
0
0
0
0
0
0
0
-0.92125
-0.9213
-0.92227
-0.92164
-0.92129
-0.92127
-0.921
-0.91842
-0.91842
-0.91963
-0.91843
-0.91327
-0.91328
-0.91327
-0.91328
-0.91327
-0.91066
0
0
0
0
0
0
0
0
0
0
0
0
0
0
0
0
0
0
0
0
0
0
0
0
0
0
0
0
0
0
0
0
0
0
0
15.6019
0
0
0
0
0
0
0
0
0
0
0
0
0
0
0
0
0
0
0
0
0
0
0
0
0
0
0
0
0
0
0
0
0
0
0
0
0
0
0
0
0
0
0
0
0
0
0
0
0
0
-0.92127
-0.9213
-0.92227
-0.92166
-0.92129
-0.92128
-0.92099
-0.91842
-0.91843
-0.91963
-0.91841
-0.91327
-0.91329
-0.91329
-0.91328
-0.91329
-0.91066
0
0
0
0
0
0
0
0
0
0
0
0
0
0
0
0
0
0
0
0
0
0
0
0
0
0
0
0
0
0
0
0
0
0
0
0
15.602
0
0
0
0
0
0
0
0
0
0
0
0
0
0
0
0
0
0
0
0
0
0
0
0
0
0
0
0
0
0
0
0
0
0
0
0
0
0
0
0
0
0
0
0
0
0
0
0
0
-0.92126
-0.92129
-0.92229
-0.92166
-0.92131
-0.92128
-0.921
-0.91845
-0.91845
-0.91963
-0.91844
-0.91328
-0.91329
-0.91329
-0.9133
-0.9133
-0.91066
0
0
0
0
0
0
0
0
0
0
0
0
0
0
0
0
0
0
0
0
0
0
0
0
0
0
0
0
0
0
0
0
0
0
0
0
0
15.6022
0
0
0
0
0
0
0
0
0
0
0
0
0
0
0
0
0
0
0
0
0
0
0
0
0
0
0
0
0
0
0
0
0
0
0
0
0
0
0
0
0
0
0
0
0
0
0
0
-0.92182
-0.92248
-0.92307
-0.92298
-0.92255
-0.92253
-0.9222
-0.91978
-0.91978
-0.92109
-0.9198
-0.9148
-0.9148
-0.91481
-0.91482
-0.91479
0
0
0
0
0
0
0
0
0
0
0
0
0
0
0
0
0
0
0
0
0
0
0
0
0
0
0
0
0
0
0
0
0
0
0
0
0
0
0
16.0973
0
0
0
0
0
0
0
0
0
0
0
0
0
0
0
0
0
0
0
0
0
0
0
0
0
0
0
0
0
0
0
0
0
0
0
0
0
0
0
0
0
0
-1.3852
0
0
0
0
-0.79285
-0.79388
0
-0.79423
-0.79487
-0.79489
-0.79488
-0.79262
-0.79263
0
-0.79262
0
0
0
0
0
0
0
0
0
0
0
0
0
0
0
0
0
0
0
0
0
0
0
0
0
0
0
0
0
0
0
0
0
0
0
0
0
0
0
0
0
0
0
0
0
11.3534
0
0
0
0
0
0
0
0
0
0
0
0
0
0
0
0
-2.1049
0
0
0
0
0
0
0
0
0
0
0
0
0
0
0
-2.105
0
0
0
0
0
0
0
0
0
0
0
0
0
-0.92827
-0.92782
0
0
-0.92725
-0.92726
0
0
0
0
0
0
0
0
0
0
0
0
0
0
0
0
0
0
0
0
0
0
0
0
0
0
0
0
0
0
0
0
0
0
0
0
0
0
0
0
0
0
0
0
0
0
0
0
0
0
0
3.8431
0
0
0
0
0
0
0
0
0
0
0
0
0
0
0
0
0
0
0
0
0
0
0
0
0
0
0
0
0
0
0
0
0
0
0
-0.13248
0
0
0
0
0
0
0
0
0
0
0
0
0
0
0
0
0
0
0
0
0
0
0
0
0
0
-1.3445
0
0
0
0
0
-1.3428
0
0
0
0
0
0
0
0
0
0
0
0
0
0
0
0
0
0
0
0
0
0
0
0
0
0
-1.3383
0
0
0
0
0
0
0
10.3904
0
0
0
0
0
0
0
0
0
-3.1824
0
0
0
0
0
0
0
0
0
0
0
0
0
0
0
0
0
0
0
0
0
0
0
0
0
0
0
-3.1824
0
0
0
0
0
0
0
-1.3401
0
0
0
0
0
0
0
0
0
0
0
0
0
0
0
0
0
0
0
0
0
0
0
0
0
0
0
0
0
0
0
0
0
0
0
0
0
-1.3281
0
0
0
0
0
0
0
0
0
0
0
-1.3335
0
0
0
0
0
0
0
10.3052
0
0
0
0
0
0
0
0
0
0
0
-3.1517
0
0
0
0
0
-3.1517
0
0
0
0
0
0
0
0
0
0
0
0
0
0
0
0
0
0
0
0
0
0
0
0
0
-0.3781
0
0
0
0
0
0
0
0
0
0
0
0
0
0
0
0
0
0
0
0
0
0
0
0
0
0
0
0
0
0
0
0
0
0
0
0
0
0
0
0
0
0
0
0
0
-0.39201
0
0
0
0
0
0
0
0
0
0
0
0
0
1.0216
0
0
0
0
0
0
0
0
0
0
0
0
0
0
0
0
0
0
0
0
0
0
0
0
0
0
0
0
0
0
0
0
0
0
0
0
0
0
0
0
0
-0.25152
-1.1178
0
0
0
0
0
0
0
0
0
0
0
0
0
0
0
0
0
0
0
0
-1.1152
0
0
0
0
0
0
0
0
0
0
0
0
0
0
0
0
0
0
0
0
0
0
0
0
0
0
0
0
0
0
0
0
0
0
0
0
0
0
0
3.5546
0
0
0
0
0
0
0
0
0
0
0
0
0
0
0
0
0
0
0
0
0
0
0
0
0
0
0
0
-1.3216
0
0
0
0
0
0
0
0
0
0
0
0
0
0
0
0
0
0
0
0
0
0
0
0
0
0
0
0
0
0
0
0
0
0
0
-0.75374
-0.75526
0
0
0
0
0
0
0
0
0
0
0
0
0
0
0
0
0
0
0
0
0
0
0
0
0
0
0
0
0
0
0
0
0
0
0
0
0
2.265
0
0
0
0
0
0
0
0
0
0
0
0
0
0
0
0
0
0
0
0
0
0
0
0
-0.75598
0
0
0
0
0
0
0
0
0
0
0
0
0
0
0
0
0
-1.1347
0
0
0
0
0
0
0
0
0
0
0
0
0
0
0
-1.1301
0
0
0
0
0
0
0
0
0
0
0
0
0
0
0
0
0
0
0
0
0
0
0
0
0
0
0
0
0
0
0
0
0
0
0
0
0
0
0
0
0
0
0
0
3.604
0
0
0
0
0
0
0
0
0
0
0
-1.3392
0
0
0
0
0
0
0
0
0
0
0
0
0
0
0
0
0
0
0
0
0
0
0
0
0
0
0
0
0
0
0
0
0
0
0
0
0
0
0
0
0
0
0
0
0
-1.0184
0
0
-1.0194
0
0
0
0
0
0
0
0
0
0
0
0
0
0
0
0
0
0
0
0
0
0
0
0
0
0
0
0
0
0
0
0
0
0
0
0
0
0
0
0
0
0
3.2159
0
0
0
0
0
0
0
0
0
0
0
0
0
0
0
0
0
0
0
0
0
0
0
0
0
0
0
-1.178
0
0
0
0
0
0
0
0
0
0
0
0
0
0
0
0
0
0
0
0
0
0
0
0
0
0
0
0
0
-1.7399
0
0
0
0
0
0
0
0
0
0
0
0
0
0
0
0
0
0
0
0
0
0
0
0
0
0
0
0
0
0
0
0
0
0
0
0
0
0
0
0
0
0
0
0
0
3.3961
-1.6562
0
0
0
0
0
0
0
0
0
0
0
0
0
0
0
0
0
0
0
0
0
0
0
0
0
0
0
0
0
0
0
0
0
0
0
0
0
0
0
0
0
0
0
0
0
0
0
0
0
0
0
0
0
0
0
0
0
0
0
0
0
0
0
0
0
0
0
0
0
0
0
0
0
0
0
0
0
0
0
0
0
0
0
0
0
0
0
0
0
0
0
0
0
0
0
0
0
0
0
0
0
-1.6562
3.3117
-1.6555
0
0
0
0
0
0
0
0
0
0
0
0
0
0
0
0
0
0
0
0
0
0
0
0
0
0
0
0
0
0
0
0
0
0
0
0
0
0
0
0
0
-1.7439
0
0
0
0
0
0
0
0
0
0
0
0
0
0
0
0
0
0
0
0
0
0
0
0
0
0
0
0
0
0
0
0
0
0
0
0
0
0
0
0
0
0
0
0
0
0
0
0
0
0
0
0
0
0
0
0
0
0
0
-1.6555
3.3994
0
0
0
0
0
0
0
0
0
0
0
0
0
0
0
0
0
0
0
0
0
0
0
0
0
0
0
0
0
0
0
0
0
0
0
0
0
0
0
0
0
0
0
0
0
0
0
0
0
0
0
0
0
0
0
0
0
0
0
0
0
0
0
0
0
0
0
0
0
0
0
0
0
0
0
0
0
0
0
0
0
0
0
0
0
0
0
0
0
0
0
0
0
-3.1824
0
0
0
0
0
0
0
0
0
3.1824
0
0
0
0
0
0
0
0
0
0
0
0
0
0
0
0
0
0
0
0
0
0
0
0
0
0
0
0
0
0
0
0
0
0
0
0
0
0
0
0
0
0
0
0
0
0
0
0
0
0
0
0
0
0
0
0
0
0
0
0
0
0
0
0
0
0
0
0
0
0
0
0
0
0
0
0
-3.1867
0
0
0
0
0
0
0
0
0
0
0
0
0
0
0
0
0
0
0
0
0
0
0
0
0
0
3.1867
0
0
0
0
0
0
0
0
0
0
0
0
0
0
0
0
0
0
0
0
0
0
0
0
0
0
0
0
0
0
0
0
0
0
0
0
0
0
0
0
0
0
0
0
0
0
0
0
0
0
0
0
0
0
0
0
0
0
0
0
0
0
0
0
0
0
0
0
0
0
0
0
-3.726
0
0
0
0
0
0
0
0
0
0
0
0
0
0
0
0
0
0
0
0
0
0
0
0
0
0
0
0
0
0
3.726
0
0
0
0
0
0
0
0
0
0
0
0
0
0
0
0
0
0
0
0
0
0
0
0
0
0
0
0
0
0
0
0
0
0
0
0
0
0
0
0
0
0
0
0
0
0
0
0
0
0
0
0
0
0
0
0
0
0
0
0
0
0
0
0
0
0
0
0
0
0
0
0
0
0
0
0
0
0
0
0
0
0
0
0
0
0
0
0
0
0
0
-3.1517
0
0
0
0
0
0
0
0
0
0
0
3.1517
0
0
0
0
0
0
0
0
0
0
0
0
0
0
0
0
0
0
0
0
0
0
0
0
0
0
0
0
0
0
0
0
0
0
0
0
0
0
0
0
-5.0159
0
0
0
0
0
0
0
0
0
0
0
0
0
0
0
0
0
0
0
0
0
0
0
0
0
0
0
0
0
0
0
0
0
0
0
0
0
0
0
0
0
0
0
0
0
0
0
0
0
0
0
0
0
0
0
0
0
0
0
0
0
0
5.0159
0
0
0
0
0
0
0
0
0
0
0
0
0
0
0
0
0
0
0
0
0
0
0
0
0
0
0
0
0
0
0
0
0
0
0
0
0
0
0
0
0
0
0
0
0
0
0
0
0
0
0
0
0
0
0
0
0
0
0
0
0
0
0
0
0
0
0
0
0
0
0
0
0
0
0
0
0
0
0
0
0
0
0
0
0
0
-2.1049
0
0
0
0
0
0
0
0
0
0
0
0
0
0
0
0
2.1049
0
0
0
0
0
0
0
0
0
0
0
0
0
0
0
0
0
0
0
0
0
0
0
0
0
0
0
0
0
0
0
0
0
0
0
0
0
0
0
0
0
0
0
0
0
0
0
0
0
0
0
0
0
0
0
0
0
0
0
0
-4.2317
0
0
0
0
0
0
0
0
0
0
0
0
0
0
0
0
0
0
0
0
0
0
0
0
0
0
0
0
0
0
0
0
0
0
0
0
0
0
0
0
0
0
4.2317
0
0
0
0
0
0
0
0
0
0
0
0
0
0
0
0
0
0
0
0
0
0
0
0
0
0
0
0
0
0
0
0
0
0
0
0
0
0
0
0
0
0
0
0
0
0
0
0
0
0
0
0
0
0
0
0
0
0
0
0
0
0
0
0
0
0
0
0
0
0
0
0
0
0
0
0
0
0
0
0
0
0
0
0
0
0
0
0
0
0
0
-1.3392
0
0
0
0
0
0
0
0
0
0
0
1.3392
0
0
0
0
0
0
0
0
0
0
0
0
0
0
0
0
0
0
0
0
0
0
0
0
0
0
0
-5.167
0
0
0
0
0
0
0
0
0
0
0
0
0
0
0
0
0
0
0
0
0
0
0
0
0
0
0
0
0
0
0
0
0
0
0
0
0
0
0
0
0
0
0
0
0
0
0
0
0
0
0
0
0
0
0
0
0
0
0
0
0
0
0
0
0
0
0
0
0
0
0
0
0
0
0
5.167
0
0
0
0
0
0
0
0
0
0
0
0
0
0
0
0
0
0
0
0
0
0
0
0
0
0
0
0
0
0
0
0
0
0
0
0
0
0
0
0
0
0
0
0
0
0
0
0
0
0
0
0
0
0
0
0
0
0
0
0
0
0
0
0
0
0
0
0
0
0
0
0
0
0
0
0
0
0
0
0
0
0
0
0
0
-3.1517
0
0
0
0
0
0
0
0
0
0
0
0
0
0
0
0
0
3.1517
0
0
0
0
0
0
0
0
0
0
0
0
0
0
0
0
0
0
0
0
0
0
0
0
0
0
0
-5.1255
0
0
0
0
0
0
0
0
0
0
0
0
0
0
0
0
0
0
0
0
0
0
0
0
0
0
0
0
0
0
0
0
0
0
0
0
0
0
0
0
0
0
0
0
0
0
0
0
0
0
0
0
0
0
0
0
0
0
0
0
0
0
0
0
0
0
0
0
0
0
0
0
0
0
0
5.1255
0
0
0
0
0
0
0
0
0
0
0
0
0
0
0
0
0
0
0
0
0
0
0
0
0
0
0
0
0
0
0
0
0
0
0
0
0
0
0
0
0
-4.9641
0
0
0
0
0
0
0
0
0
0
0
0
0
0
0
0
0
0
0
0
0
0
0
0
0
0
0
0
0
0
0
0
0
0
0
0
0
0
0
0
0
0
0
0
0
0
0
0
0
0
0
0
0
0
0
0
0
0
0
0
0
4.9641
0
0
0
0
0
0
0
0
0
0
0
0
0
0
0
0
0
0
0
0
0
0
0
0
0
0
0
0
0
0
0
0
0
0
0
0
0
0
0
0
0
0
0
0
0
0
0
0
0
0
0
0
0
0
0
0
-3.9042
0
0
0
0
0
0
0
0
0
0
0
0
0
0
0
0
0
0
0
0
0
0
0
0
0
0
0
0
0
0
0
0
0
0
0
0
0
0
0
0
0
0
0
0
0
0
3.9042
0
0
0
0
0
0
0
0
0
0
0
0
0
0
0
0
0
0
0
0
0
0
0
0
-5.1255
0
0
0
0
0
0
0
0
0
0
0
0
0
0
0
0
0
0
0
0
0
0
0
0
0
0
0
0
0
0
0
0
0
0
0
0
0
0
0
0
0
0
0
0
0
0
0
0
0
0
0
0
0
0
0
0
0
0
0
0
0
0
0
0
0
0
0
0
0
0
0
0
0
0
0
0
0
0
5.1255
0
0
0
0
0
0
0
0
0
0
0
0
0
0
0
0
0
0
0
0
0
0
0
0
0
0
0
0
0
0
0
0
0
0
0
0
0
0
-4.9641
0
0
0
0
0
0
0
0
0
0
0
0
0
0
0
0
0
0
0
0
0
0
0
0
0
0
0
0
0
0
0
0
0
0
0
0
0
0
0
0
0
0
0
0
0
0
0
0
0
0
0
0
0
0
0
0
0
0
0
0
0
0
0
0
4.9641
0
0
0
0
0
0
0
0
0
0
0
0
0
0
0
0
0
0
0
0
0
0
0
0
0
0
0
0
0
0
0
0
0
0
0
0
0
0
0
0
0
0
-4.5601
0
0
0
0
0
0
0
0
0
0
0
0
0
0
0
0
0
0
0
0
0
0
0
0
0
0
0
0
0
0
0
0
0
0
0
0
0
0
0
0
0
0
0
0
0
0
0
0
0
0
0
0
0
0
0
0
0
0
0
0
4.5601
0
0
0
0
0
0
0
0
0
0
0
0
0
0
0
0
0
0
0
0
0
0
0
0
0
0
0
0
0
0
0
0
0
0
0
0
0
0
0
0
0
0
0
0
0
0
0
0
0
0
0
0
0
0
0
0
0
0
-3.726
0
0
0
0
0
0
0
0
0
0
0
0
0
0
0
0
0
0
0
0
0
0
0
0
0
0
0
0
0
0
0
0
0
0
0
0
0
0
0
0
0
0
0
0
3.726
0
0
0
0
0
0
0
0
0
0
0
0
0
0
0
0
0
0
0
0
0
0
0
0
0
0
0
0
0
0
0
0
0
0
0
0
0
0
0
0
0
0
0
0
0
0
0
0
0
0
0
0
0
0
0
0
0
0
0
0
0
0
0
0
0
0
0
0
0
-2.9326
0
0
0
0
0
0
0
0
0
0
0
0
0
0
0
0
0
0
0
0
0
0
0
0
0
0
0
0
0
0
0
0
0
2.9326
0
0
0
0
0
0
0
0
0
0
0
0
0
0
0
0
0
0
0
0
0
0
0
0
0
0
0
0
0
0
0
0
0
0
0
0
0
0
0
0
0
0
0
0
0
0
0
0
-4.2317
0
0
0
0
0
0
0
0
0
0
0
0
0
0
0
0
0
0
0
0
0
0
0
0
0
0
0
0
0
0
0
0
0
0
0
0
0
0
0
0
0
0
0
0
0
0
0
0
0
0
0
0
0
0
4.2317
0
0
0
0
0
0
0
0
0
0
0
0
0
0
0
0
0
0
0
0
0
0
0
0
0
0
0
0
0
0
0
0
0
0
0
0
0
0
0
0
0
0
0
0
0
0
0
0
0
0
0
0
0
0
0
0
0
0
0
0
0
0
0
0
0
0
0
0
0
0
0
0
0
0
0
0
0
0
-0.75598
0
0
0
0
0
0
0
0
0
0
0
0
0
0
0
0
0
0
0
0
0
0
0
0
0.75598
0
0
0
0
0
0
0
0
0
0
0
0
0
0
0
0
-5.1355
0
0
0
0
0
0
0
0
0
0
0
0
0
0
0
0
0
0
0
0
0
0
0
0
0
0
0
0
0
0
0
0
0
0
0
0
0
0
0
0
0
0
0
0
0
0
0
0
0
0
0
0
0
0
0
0
0
0
0
0
0
0
0
0
0
0
0
0
0
0
0
0
0
0
0
0
0
0
0
0
0
0
0
0
0
0
5.1355
0
0
0
0
0
0
0
0
0
0
0
0
0
0
0
0
0
0
0
0
0
0
0
0
0
0
0
0
0
0
0
0
0
0
0
0
0
0
0
0
0
0
0
0
0
0
0
0
0
0
0
0
0
0
0
0
0
0
0
0
0
0
0
0
0
0
0
0
0
0
-2.105
0
0
0
0
0
0
0
0
0
0
0
0
0
0
0
0
0
0
0
0
0
0
0
0
0
0
0
0
0
0
0
0
2.105
0
0
0
0
0
0
0
0
0
0
0
0
0
0
0
0
0
0
0
0
0
0
0
0
0
0
0
0
0
0
0
0
0
0
0
0
0
0
0
0
0
0
0
0
0
0
0
0
0
0
0
0
0
0
0
0
0
0
0
0
0
0
0
0
0
0
0
0
0
0
0
0
0
0
-1.3216
0
0
0
0
0
0
0
0
0
0
0
0
0
0
0
0
0
0
0
0
0
0
0
0
0
0
0
0
1.3216
0
0
0
0
0
0
0
0
0
0
0
0
0
0
0
0
0
0
0
0
0
0
0
0
0
0
0
0
0
0
0
0
0
0
0
0
0
0
0
0
0
0
0
0
0
0
0
0
0
0
0
0
0
0
0
-2.9719
0
0
0
0
0
0
0
0
0
0
0
0
0
0
0
0
0
0
0
0
0
0
0
0
0
0
0
0
0
0
0
0
0
0
0
0
0
0
0
0
0
0
0
0
0
0
0
2.9719
0
0
0
0
0
0
0
0
0
0
0
0
0
0
0
0
0
0
0
0
0
0
0
0
0
0
0
0
0
0
0
0
0
0
0
0
0
0
0
0
0
0
0
0
0
0
0
0
0
0
0
0
0
0
0
0
0
0
0
0
0
0
0
0
0
0
0
0
0
0
0
0
0
0
0
-1.178
0
0
0
0
0
0
0
0
0
0
0
0
0
0
0
0
0
0
0
0
0
0
0
0
0
0
0
1.178
0
0
0
0
0
0
0
0
0
0
0
0
0
0
0
0
0
0
0
0
0
0
0
0
0
0
0
0
0
0
0
0
0
0
0
0
0
0
0
0
0
0
0
0
0
0
0
0
0
0
0
0
0
0
0
0
0
0
0
0
0
0
0
0
0
0
0
-0.13248
0
0
0
0
0
0
0
0
0
0
0
0
0
0
0
0
0
0
0
0
0
0
0
0
0
0
0
0
0
0
0
0
0
0
0
0.13248
0
0
0
0
0
0
0
0
0
0
0
0
0
0
0
0
0
0
0
0
0
0
0
0
0
0
0
0
0
0
0
0
0
0
0
0
0
0
0
0
0
0
0
0
0
0
0
0
0
0
0
0
0
-2.9719
0
0
0
0
0
0
0
0
0
0
0
0
0
0
0
0
0
0
0
0
0
0
0
0
0
0
0
0
0
0
0
0
0
0
0
0
0
0
0
0
0
0
0
0
0
0
0
0
0
2.9719
0
0
0
0
0
0
0
0
0
0
0
0
0
0
0
0
0
0
0
0
0
0
0
0
0
0
0
0
0
0
0
0
0
0
0
0
0
0
0
0
0
0
0
0
0
0
0
0
0
0
0
0
0
0
-2.7094
0
0
0
0
0
0
0
0
0
0
0
0
0
0
0
0
0
0
0
0
0
0
0
0
0
0
0
0
0
0
0
0
0
0
0
0
0
0
0
0
0
0
0
0
0
0
0
0
2.7094
0
0
0
0
0
0
0
0
0
0
0
0
0
0
0
0
0
0
0
0
0
0
0
0
0
0
0
0
0
0
0
0
0
0
0
0
0
0
0
0
0
0
0
0
0
0
0
0
0
0
0
0
0
0
0
0
0
0
0
0
0
0
0
0
0
-3.1824
0
0
0
0
0
0
0
0
0
0
0
0
0
0
0
0
0
0
0
0
0
0
0
0
0
0
0
0
0
0
0
0
0
0
0
0
0
3.1824
0
0
0
0
0
0
0
0
0
0
0
0
0
0
0
0
0
0
0
0
0
0
0
0
0
0
0
0
0
0
0
0
0
0
-4.1319
0
0
0
0
0
0
0
0
0
0
0
0
0
0
0
0
0
0
0
0
0
0
0
0
0
0
0
0
0
0
0
0
0
0
0
0
0
0
0
0
0
0
0
0
0
0
0
0
0
0
0
0
0
0
0
0
0
0
0
0
0
0
0
0
0
0
0
0
4.1319
0
0
0
0
0
0
0
0
0
0
0
0
0
0
0
0
0
0
0
0
0
0
0
0
0
0
0
0
0
0
0
0
0
0
0
0
0
0
0
0
0
0
0
0
0
0
0
0
0
0
0
0
0
0
0
0
0
0
0
0
-1.3852
0
0
0
0
0
0
0
0
0
0
0
0
0
0
0
0
0
0
0
0
0
0
0
0
0
0
0
0
0
0
0
0
0
0
0
0
0
0
0
0
0
0
1.3852
0
0
0
0
0
0
0
0
0
0
0
0
0
0
0
0
0
0
0
0
0
0
0
-4.8234
0
0
0
0
0
0
0
0
0
0
0
0
0
0
0
0
0
0
0
0
0
0
0
0
0
0
0
0
0
0
0
0
0
0
0
0
0
0
0
0
0
0
0
0
0
0
0
0
0
0
0
0
0
0
0
0
0
0
0
0
0
0
0
0
0
0
0
0
0
0
0
0
0
0
0
0
0
0
0
4.8234
0
0
0
0
0
0
0
0
0
0
0
0
0
0
0
0
0
0
0
0
0
0
0
0
0
0
0
0
0
0
0
0
0
0
0
0
0
0
-3.9042
0
0
0
0
0
0
0
0
0
0
0
0
0
0
0
0
0
0
0
0
0
0
0
0
0
0
0
0
0
0
0
0
0
0
0
0
0
0
0
0
0
0
0
0
0
0
0
0
0
0
0
0
0
0
0
0
0
0
0
0
0
0
0
0
3.9042
0
0
0
0
0
-5.0622
0
0
0
0
0
0
0
0
0
0
0
0
0
0
0
0
0
0
0
0
0
0
0
0
0
0
0
0
0
0
0
0
0
0
0
0
0
0
0
0
0
0
0
0
0
0
0
0
0
0
0
0
0
0
0
0
0
0
0
0
0
0
0
0
0
0
0
0
0
0
0
0
0
0
0
0
0
0
0
0
0
0
0
0
0
0
0
0
0
0
0
0
0
0
0
0
0
5.0622
0
0
0
0
0
0
0
0
0
0
0
0
0
0
0
0
0
0
0
0
0
0
0
0
0
0
0
0
0
0
0
0
0
0
0
0
0
0
0
0
0
0
0
0
0
0
0
0
0
0
0
0
0
0
0
0
0
0
0
0
0
-0.25152
0
0
0
0
0
0
0
0
0
0
0
0
0
0
0
0
0
0
0
0
0
0
0
0
0
0
0
0
0
0
0
0
0
0
0
0
0
0
0
0
0
0.25152
