1
0.95928
0.94228
0.9331
0.9259
0.92083
0.91231
0.90447
0.89717
0.89043
0.8842
0.8786
0.87348
0.86892
0.86468
0.86089
0.85727
0.85397
0.85074
0.84768
0.84459
0.84156
0.8385
0.83547
0.83243
0.82946
0.82651
0.82361
0.82073
0.81789
0.81512
0.81241
0.80979
0.80726
0.80483
0.8025
0.80026
0.79812
0.79604
0.79403
0.79207
0.79016
0.78829
0.78646
0.78465
0.78287
0.78111
0.77937
0.77765
0.77595
0.77426
0.7726
0.77096
0.76933
0.76772
0.76613
0.76456
0.763
0.76146
0.75994
0.75843
0.75696
0.75551
0.75408
0.75269
0.75132
0.74997
0.74866
0.74736
0.74608
0.74481
0.74355
0.7423
0.74104
0.73978
0.73849
0.73719
0.73585
0.7345
0.73311
0.73171
0.73029
0.72887
0.72745
0.72605
0.72467
0.72333
0.72202
0.72075
0.71954
0.71837
0.71726
0.71622
0.71523
0.71431
