1
0.96318
0.9536
0.94799
0.94464
0.94136
0.93512
0.92926
0.92379
0.91873
0.91398
0.90947
0.9052
0.90115
0.89728
0.89354
0.8899
0.88631
0.88273
0.87911
0.87539
0.87148
0.86736
0.86299
0.85839
0.85365
0.84889
0.84423
0.83975
0.83548
0.83143
0.82755
0.82381
0.82021
0.81672
0.81336
0.81012
0.80702
0.80405
0.80118
0.79841
0.79571
0.79309
0.79055
0.78808
0.78568
0.78336
0.7811
0.77892
0.77682
0.77482
0.77291
0.77111
0.76942
0.76783
0.76634
0.76493
0.76359
0.7623
0.76106
0.75984
0.75865
0.75749
0.75635
0.75523
0.75414
0.75307
0.75203
0.75102
0.75004
0.74909
0.74817
0.74728
0.74642
0.74561
0.74483
0.74411
0.74345
0.74286
0.74236
0.74194
0.74161
0.74136
0.7412
0.7411
0.74105
0.741
0.74094
0.74082
0.7406
0.74023
0.73969
0.73895
0.73801
0.7369
0.73566
0.73438
0.73312
0.73194
0.73087
0.72994
0.72913
0.72846
0.72792
0.72749
0.72717
0.72695
0.72681
0.72673
0.7267
0.72669
0.72667
0.72664
0.72657
0.72646
0.72629
0.72607
0.7258
0.72548
0.72512
0.7247
0.72425
0.72377
0.72325
0.72271
0.72215
0.72158
0.72102
0.72046
0.71992
0.71941
0.71893
0.71848
0.71807
