1
0.96463
0.95137
0.94331
0.93725
0.9324
0.92409
0.91649
0.90945
0.90291
0.89666
0.89062
0.88476
0.87908
0.87362
0.86839
0.8634
0.85862
0.85406
0.84969
0.84546
0.84134
0.83731
0.83332
0.82934
0.82537
0.8214
0.81745
0.81354
0.80967
0.80585
0.8021
0.79842
0.79481
0.7913
0.78789
0.78459
0.78141
0.77834
0.77535
0.77244
0.7696
0.76684
0.76417
0.76156
0.75903
0.75656
0.75415
0.7518
0.7495
0.74726
0.74508
0.74296
0.7409
0.73891
0.73698
0.73511
0.73331
0.73156
0.72988
0.72826
0.7267
0.72519
0.72372
0.72229
0.72088
0.7195
0.71812
0.71676
0.71539
0.71403
0.71265
0.71124
0.70981
0.70831
0.70675
0.70512
0.70342
0.70169
0.69993
0.69816
0.69638
0.69456
0.69267
0.69068
0.68859
0.68639
0.68411
0.68177
0.67942
0.6771
0.67482
0.67259
0.6704
0.66826
0.66617
0.66411
0.66207
0.66006
0.65807
0.65609
0.65413
0.65218
0.65024
0.64831
0.64638
0.64448
0.64258
0.64071
0.63884
0.637
0.63518
0.63339
0.63163
0.6299
0.62822
0.62659
0.62501
0.62348
0.62201
0.62059
0.61922
0.61789
0.6166
0.61534
0.61411
0.6129
0.6117
0.61052
0.60933
0.60815
0.60696
0.60576
0.60456
