1
0.97444
0.97096
0.9674
0.96511
0.96284
0.96193
0.96073
0.95966
0.95854
0.95758
0.95664
0.95602
0.95549
0.95499
0.95262
0.95042
0.94835
0.94635
0.94451
0.94278
0.94124
0.93988
0.93873
0.93781
0.93713
0.93668
0.93645
0.9364
0.93647
0.93663
0.93682
0.93702
0.93722
0.9374
0.93755
0.93769
0.93781
0.93791
0.93798
0.93804
0.93809
0.93812
0.93814
0.93815
0.93816
0.93816
0.93816
0.93815
0.93815
0.93814
0.93813
0.93813
0.93813
0.93813
0.93814
0.93815
0.93818
0.93821
0.93825
0.9383
0.93836
0.93843
0.93851
0.9386
0.9387
0.9388
0.9389
0.93901
0.93912
0.93923
0.93934
0.93945
0.93956
0.93966
0.93975
0.93983
0.9399
0.93995
0.93999
0.94001
0.94002
0.94001
0.93998
0.93995
0.9399
0.93985
0.9398
0.93974
0.93969
0.93964
0.9396
0.93956
0.93953
0.9395
0.93948
0.93946
0.93945
0.93944
0.93943
0.93942
0.93942
0.93942
0.93941
0.93941
0.93941
0.93941
0.93941
0.93941
0.9394
0.9394
0.93939
0.93938
0.93937
0.93936
0.93934
0.93932
0.93929
0.93926
0.93922
0.93918
0.93913
0.93907
0.93901
0.93893
0.93884
0.93874
0.93863
0.93851
0.93837
0.93821
0.93804
0.93784
0.93762
0.93738
0.93712
0.93683
0.93651
0.93616
0.93578
0.93537
0.93492
0.93445
0.93394
0.9334
0.93284
0.93226
0.93167
0.93108
0.93049
0.92992
0.92936
0.92883
0.92833
0.92787
0.92744
0.92704
0.92669
0.92636
0.92607
0.92582
0.9256
0.9254
0.92524
0.92509
0.92497
0.92488
0.92479
0.92473
0.92468
0.92465
0.92462
0.92461
0.9246
0.9246
0.92461
