1
0.9725
0.9681
0.96425
0.96108
0.95812
0.95597
0.95404
0.95227
0.95084
0.94955
0.9485
0.94747
0.94673
0.94599
0.94262
0.93938
0.93643
0.93359
0.93093
0.92835
0.92588
0.92346
0.92111
0.91881
0.91656
0.91438
0.91225
0.91019
0.90821
0.9063
0.90448
0.90274
0.90109
0.89952
0.89803
0.89663
0.8953
0.89405
0.89286
0.89172
0.89064
0.88961
0.88861
0.88765
0.88672
0.8858
0.8849
0.88399
0.88308
0.88216
0.88123
0.88028
0.87932
0.87835
0.87737
0.87638
0.8754
0.87442
0.87344
0.87247
0.87151
0.87057
0.86964
0.86873
0.86784
0.86697
0.86613
0.86531
0.86452
0.86374
0.86299
0.86225
0.86152
0.8608
0.86009
0.85938
0.85867
0.85796
0.85725
0.85653
0.85581
0.85509
0.85437
0.85365
0.85293
0.85223
0.85152
0.85083
0.85015
0.84949
0.84883
0.84819
0.84757
0.84696
0.84636
0.84578
0.84522
0.84466
0.84412
0.84358
0.84306
0.84254
0.84203
0.84152
0.84101
0.8405
0.84
0.83949
0.83897
0.83846
0.83793
0.8374
0.83687
0.83632
0.83577
0.83521
0.83464
0.83407
0.83349
0.8329
0.83232
0.83173
0.83114
0.83056
0.82997
0.82939
0.82881
0.82823
0.82765
0.82708
0.82651
0.82595
0.82538
0.82482
0.82426
0.8237
0.82314
0.82257
0.82201
0.82143
0.82085
0.82025
0.81965
0.81903
0.81838
0.81773
0.81704
0.81634
0.81562
0.81487
0.8141
0.81331
0.8125
0.81168
0.81085
0.81001
0.80918
0.80835
0.80754
0.80675
0.80599
0.80524
0.80453
0.80386
0.80321
0.80259
0.80201
0.80145
0.80093
0.80044
0.79997
0.79953
0.79911
0.79871
0.79834
