1
0.95225
0.93946
0.92956
0.92354
0.91851
0.91534
0.91232
0.90993
0.90309
0.89701
0.89583
0.88989
0.88423
0.87861
0.87304
0.86775
0.8626
0.85773
0.85292
0.84823
0.84349
0.83889
0.83431
0.82982
0.82531
0.82094
0.81654
0.8123
0.80803
0.80391
0.79978
0.79578
0.79182
0.788
0.78425
0.78062
0.77703
0.77354
0.77009
0.76673
0.76344
0.76023
0.75708
0.75396
0.75085
0.74777
0.7447
0.74165
0.73862
0.7356
0.73257
0.72952
0.72647
0.72342
0.72036
0.7173
0.71423
0.71115
0.70807
0.70498
0.70188
0.69875
0.69561
0.69244
0.68926
0.68604
0.68277
0.67947
0.67613
0.67275
0.66934
0.66591
0.66246
0.65902
0.65559
0.6522
0.64887
0.64562
0.64245
0.63938
0.63642
0.63357
0.63082
0.62816
0.6256
0.62311
0.62068
0.61828
0.61589
0.61349
0.61107
0.60862
0.60615
0.60366
0.60117
0.59868
0.59622
0.5938
0.59144
0.58914
0.58693
0.5848
0.58275
0.58077
0.57887
0.57704
0.57526
0.57355
