30.8679
-0.25063
-0.28718
-0.28311
-0.27946
-0.28098
-0.27509
-0.31567
-0.30512
-0.29514
-0.3447
-0.32017
-0.31971
-0.31266
-0.33702
-0.32741
-0.331
-0.40176
-0.34808
-0.35046
-0.36401
-0.36867
-0.39377
-0.39134
-0.35984
-0.35299
-0.38095
-0.44008
-0.37698
-0.38379
-0.41892
-0.41859
-0.44358
-0.4576
-0.46001
-0.49568
-0.64422
-1.0178
-0.96092
-0.98146
-1.0835
-1.0924
-1.3578
0
-1.4011
0
0
0
0
0
0
0
0
0
0
-2.2649
0
0
-1.8441
0
0
0
0
0
0
0
0
0
0
0
0
0
-3.3331
0
0
-2.4144
0
0
0
0
0
0
0
0
0
0
0
0
0
0
0
0
0
0
0
0
0
0
0
0
0
0
0
0
0
0
0
0
0
-0.25063
29.3254
-0.29194
-0.28956
-0.27916
-0.28443
-0.28083
-0.3175
-0.36604
-0.2999
-0.34888
-0.3235
-0.32012
-0.29484
-0.32739
-0.33987
-0.33198
-0.40729
-0.35146
-0.33796
-0.37495
-0.38042
-0.39594
-0.38133
-0.3644
-0.36402
-0.36923
-0.45357
-0.38153
-0.41426
-0.43608
-0.43364
-0.43743
-0.46239
-0.47563
-0.4751
-0.67192
-1.0222
-0.93913
-0.98608
-1.1064
-1.0866
-1.417
0
0
0
0
-1.6125
0
0
-1.4496
0
0
0
0
0
0
0
-1.8846
-2.0644
0
-2.4418
0
0
0
0
0
0
0
0
0
0
0
0
0
0
0
0
0
0
0
0
0
0
0
0
0
0
0
0
0
0
0
0
0
0
0
0
0
0
0
0
0
0
0
0
0
0
0
-0.28718
-0.29194
28.158
-0.30168
-0.32646
-0.30991
-0.30609
-0.3694
-0.4102
-0.31897
-0.39097
-0.36685
-0.36162
-0.36517
-0.38587
-0.39733
-0.38319
-0.4615
-0.39827
-0.39854
-0.41485
-0.42738
-0.44244
-0.45976
-0.41367
-0.41569
-0.43866
-0.48829
-0.44191
-0.47731
-0.48333
-0.49278
-0.47577
-0.53786
-0.53961
-0.53631
-0.75017
-0.82461
-0.92594
-1.0659
-1.18
-1.1771
-1.4925
0
0
0
0
0
0
0
0
-2.1214
0
0
0
0
0
0
0
0
0
0
0
0
0
0
0
0
0
0
0
0
0
0
0
0
0
0
0
0
0
0
0
0
0
0
0
0
0
0
0
0
0
0
-4.3037
0
0
0
0
0
0
0
0
0
0
0
0
0
0
-0.28311
-0.28956
-0.30168
27.9614
-0.32761
-0.30611
-0.30274
-0.35778
-0.40133
-0.34265
-0.3955
-0.37588
-0.37401
-0.36074
-0.38912
-0.39284
-0.38155
-0.45836
-0.39869
-0.39443
-0.44046
-0.431
-0.43862
-0.45382
-0.41217
-0.42647
-0.4278
-0.48779
-0.4455
-0.46703
-0.48508
-0.49571
-0.50022
-0.5221
-0.53824
-0.55755
-0.73308
-1.0864
-0.99152
-1.0358
-0.69125
-1.1086
-1.49
0
0
0
-1.573
0
0
0
0
0
0
0
0
0
0
0
0
0
0
0
0
0
0
0
0
0
0
0
0
0
0
0
0
0
0
0
0
0
0
0
0
0
0
0
0
0
0
0
0
0
0
-4.8886
0
0
0
0
0
0
0
0
0
0
0
0
0
0
0
-0.27946
-0.27916
-0.32646
-0.32761
26.3575
-0.31087
-0.30453
-0.32448
-0.39535
-0.33373
-0.37889
-0.35371
-0.34697
-0.3541
-0.35286
-0.35466
-0.36525
-0.44342
-0.3795
-0.39467
-0.4172
-0.42215
-0.43063
-0.43392
-0.39894
-0.39986
-0.42569
-0.49239
-0.42487
-0.45208
-0.49391
-0.45978
-0.4852
-0.50918
-0.52688
-0.54943
-0.73002
-1.0874
-0.99474
-1.0454
-1.1691
-1.1476
0
0
0
0
0
0
0
0
0
0
0
0
0
0
0
0
-1.9224
-2.1216
-2.2114
0
0
0
0
0
0
0
0
0
0
0
0
0
0
0
0
0
0
0
0
0
0
0
0
0
0
0
0
0
0
0
0
0
0
0
0
0
0
0
0
0
0
0
0
0
0
0
0
-0.28098
-0.28443
-0.30991
-0.30611
-0.31087
22.7419
-0.3035
-0.34715
-0.38335
-0.32092
-0.37176
-0.34179
-0.35291
-0.34485
-0.36629
-0.3711
-0.36157
-0.44549
-0.37725
-0.38556
-0.40649
-0.41627
-0.41873
-0.43507
-0.39634
-0.39507
-0.41677
-0.45982
-0.4136
-0.45553
-0.46648
-0.46938
-0.4806
-0.50113
-0.51481
-0.53278
-0.71187
-1.0527
-0.97033
-1.0046
-1.0975
-1.114
-1.4649
0
0
0
-1.5813
0
0
0
0
0
0
0
0
0
0
0
0
0
0
0
0
0
0
0
0
0
0
0
0
0
0
0
0
0
0
0
0
0
0
0
0
0
0
0
0
0
0
0
0
0
0
0
0
0
0
0
0
0
0
0
0
0
0
0
0
0
0
-0.27509
-0.28083
-0.30609
-0.30274
-0.30453
-0.3035
23.7532
-0.33477
-0.37462
-0.31012
-0.36986
-0.33871
-0.35338
-0.3361
-0.35765
-0.36581
-0.35476
-0.42314
-0.37048
-0.3774
-0.38765
-0.38664
-0.41419
-0.42019
-0.38094
-0.38962
-0.40485
-0.46144
-0.4136
-0.44861
-0.46905
-0.46049
-0.4664
-0.47793
-0.4963
-0.52099
-0.69938
-1.0457
-0.98177
-1.009
-1.1343
-1.0873
0
0
-1.4641
0
0
0
0
0
0
0
0
0
0
0
0
0
0
0
0
0
0
0
0
0
0
0
0
0
0
0
0
0
0
0
0
-2.8932
0
0
0
0
0
0
0
0
0
0
0
0
0
0
0
0
0
0
0
0
0
0
0
0
0
0
0
0
0
0
0
-0.31567
-0.3175
-0.3694
-0.35778
-0.32448
-0.34715
-0.33477
26.2775
-0.43863
-0.36945
-0.41914
-0.38584
-0.398
-0.39476
-0.401
-0.37801
-0.40408
-0.48774
-0.422
-0.43456
-0.44002
-0.47114
-0.46894
-0.48337
-0.43907
-0.44298
-0.46743
-0.51808
-0.45817
-0.49761
-0.55497
-0.52447
-0.50442
-0.56977
-0.5738
-0.58336
-0.7673
0
-1.0424
-1.095
-1.2042
0
0
0
0
0
0
0
0
0
0
0
0
0
0
0
-2.0703
0
0
0
0
0
0
0
0
0
0
0
0
0
0
0
0
0
0
0
0
0
0
0
0
0
0
-4.8008
0
0
0
0
0
0
0
0
0
0
0
0
0
0
0
0
0
0
0
0
0
0
0
0
0
-0.30512
-0.36604
-0.4102
-0.40133
-0.39535
-0.38335
-0.37462
-0.43863
29.7027
-0.4075
-0.45401
-0.42035
-0.43141
-0.42495
-0.44196
-0.45706
-0.43581
-0.53293
-0.45837
-0.4578
-0.48158
-0.50343
-0.51001
-0.51353
-0.48153
-0.47876
-0.5003
-0.561
-0.50208
-0.50574
-0.5377
-0.5482
-0.57601
-0.61068
-0.61174
-0.62679
-0.80199
0
-1.0982
-1.1388
0
0
0
0
0
0
0
0
0
0
0
0
0
0
0
0
0
0
0
0
0
0
0
0
0
0
0
0
0
0
0
0
-3.3689
0
0
0
0
0
0
0
0
0
0
0
0
0
0
0
0
0
0
0
0
0
0
0
0
0
0
0
0
0
0
0
-6.749
0
0
0
0
-0.29514
-0.2999
-0.31897
-0.34265
-0.33373
-0.32092
-0.31012
-0.36945
-0.4075
24.6504
-0.39034
-0.35137
-0.36909
-0.34815
-0.3753
-0.3836
-0.34574
-0.43432
-0.37881
-0.39839
-0.4092
-0.41908
-0.4248
-0.39983
-0.3985
-0.41198
-0.40703
-0.37208
-0.42792
-0.4592
-0.50159
-0.47174
-0.37843
-0.53827
-0.53497
-0.52693
0
0
0
-1.0474
0
0
0
0
0
0
0
0
0
0
0
0
0
0
-1.9413
0
0
0
0
0
0
0
0
0
0
0
0
0
0
0
-3.5562
0
0
0
0
0
0
0
0
0
0
0
0
0
0
0
0
0
0
0
0
0
0
0
0
0
-4.2505
0
0
0
0
0
0
0
0
0
0
0
0
-0.3447
-0.34888
-0.39097
-0.3955
-0.37889
-0.37176
-0.36986
-0.41914
-0.45401
-0.39034
19.4177
-0.41887
-0.43275
-0.41225
-0.43552
-0.45647
-0.41956
-0.5144
-0.44413
-0.46943
-0.47915
-0.49801
-0.50535
-0.51633
-0.47083
-0.47936
-0.49294
-0.54922
-0.48769
-0.53125
-0.56412
-0.54427
-0.5621
-0.60195
-0.59625
-0.63335
-0.81798
0
-1.0849
-1.1352
0
0
0
0
0
0
0
0
0
0
0
0
0
0
0
0
0
0
0
0
0
0
0
0
0
0
0
0
0
0
0
0
0
0
0
0
0
0
0
0
0
0
0
0
0
0
0
0
0
0
0
0
0
0
0
0
0
0
0
0
0
0
0
0
0
0
0
0
0
-0.32017
-0.3235
-0.36685
-0.37588
-0.35371
-0.34179
-0.33871
-0.38584
-0.42035
-0.35137
-0.41887
21.0002
-0.40071
-0.37235
-0.39882
-0.42074
-0.3878
-0.4754
-0.40774
-0.41234
-0.42499
-0.47002
-0.44905
-0.46404
-0.43551
-0.44263
-0.4363
-0.49779
-0.4566
-0.4992
-0.42479
-0.53571
-0.51156
-0.53433
-0.5482
-0.55888
0
0
0
0
0
0
0
0
0
-1.4689
0
0
-1.6697
0
0
0
0
0
0
0
0
0
0
0
0
0
0
0
0
0
0
-2.899
0
0
0
0
0
0
0
0
0
0
0
0
0
0
0
0
0
0
0
0
0
0
0
0
0
0
0
0
0
0
0
0
0
0
0
0
0
0
0
0
0
-0.31971
-0.32012
-0.36162
-0.37401
-0.34697
-0.35291
-0.35338
-0.398
-0.43141
-0.36909
-0.43275
-0.40071
20.7316
-0.38325
-0.41091
-0.41969
-0.40275
-0.4909
-0.42733
-0.43558
-0.45783
-0.47156
-0.46773
-0.48415
-0.44331
-0.44388
-0.47059
-0.52705
-0.46587
-0.52619
-0.51054
-0.5211
-0.56146
-0.5537
-0.55283
0
0
0
0
0
0
0
0
0
0
0
0
0
-1.7566
0
0
-2.1669
0
0
0
0
0
0
-1.9192
0
0
0
0
0
0
0
0
0
0
0
0
0
0
0
0
0
0
0
0
0
0
0
0
0
0
0
0
0
0
0
0
0
0
0
0
0
0
0
0
0
0
0
0
0
0
0
0
0
0
-0.31266
-0.29484
-0.36517
-0.36074
-0.3541
-0.34485
-0.3361
-0.39476
-0.42495
-0.34815
-0.41225
-0.37235
-0.38325
24.2675
-0.38767
-0.39702
-0.38466
-0.45954
-0.40286
-0.38885
-0.42971
-0.43894
-0.45132
-0.44206
-0.41996
-0.42395
-0.32155
-0.48574
-0.44248
-0.47437
-0.52944
-0.48873
-0.50266
-0.54397
-0.52283
0
0
0
0
0
0
0
0
0
0
0
0
0
0
0
0
0
0
0
0
0
0
0
0
0
0
-2.3831
0
0
0
0
0
0
0
0
0
0
0
0
0
0
0
0
0
0
0
0
0
0
-3.9123
0
0
0
0
0
-3.9297
0
0
0
0
0
0
0
0
0
0
0
0
0
0
0
0
0
0
-0.33702
-0.32739
-0.38587
-0.38912
-0.35286
-0.36629
-0.35765
-0.401
-0.44196
-0.3753
-0.43552
-0.39882
-0.41091
-0.38767
18.5349
-0.42545
-0.4078
-0.4914
-0.4263
-0.44075
-0.45742
-0.47209
-0.48608
-0.47229
-0.44626
-0.45859
-0.47174
-0.5313
-0.46855
-0.49549
-0.5288
-0.52054
-0.52978
-0.56833
-0.57027
-0.60611
-0.78859
0
0
0
0
0
0
0
0
0
0
0
0
0
0
0
0
0
0
0
0
0
0
-2.1036
0
0
0
0
0
0
0
0
0
0
0
0
0
0
0
0
0
0
0
0
0
0
0
0
0
0
0
0
0
0
0
0
0
0
0
0
0
0
0
0
0
0
0
0
0
0
0
0
0
-0.32741
-0.33987
-0.39733
-0.39284
-0.35466
-0.3711
-0.36581
-0.37801
-0.45706
-0.3836
-0.45647
-0.42074
-0.41969
-0.39702
-0.42545
20.0067
-0.42145
-0.5037
-0.43942
-0.45434
-0.46215
-0.48695
-0.48614
-0.50878
-0.46244
-0.44504
-0.48675
-0.51924
-0.48236
-0.51857
-0.54393
-0.50218
-0.54712
-0.60871
-0.57001
-0.59218
0
0
0
0
0
0
0
0
0
0
0
0
0
0
0
0
0
0
0
-2.0612
0
0
0
0
-2.017
0
0
0
0
0
0
0
0
0
0
0
0
0
0
0
0
0
0
0
0
0
0
0
0
0
0
0
0
0
0
0
0
0
0
0
0
0
0
0
0
0
0
0
0
0
0
0
0
-0.331
-0.33198
-0.38319
-0.38155
-0.36525
-0.36157
-0.35476
-0.40408
-0.43581
-0.34574
-0.41956
-0.3878
-0.40275
-0.38466
-0.4078
-0.42145
17.4558
-0.48465
-0.42706
-0.43519
-0.44119
-0.46502
-0.474
-0.4372
-0.42857
-0.44538
-0.4333
-0.52576
-0.44403
-0.49115
-0.5371
-0.496
-0.50402
-0.55867
-0.54603
0
-0.78001
0
0
0
0
0
0
0
0
0
0
0
0
0
0
0
0
0
-1.9825
0
0
0
0
0
0
0
0
0
0
0
0
0
0
0
0
0
0
0
0
0
0
0
0
0
0
0
0
0
0
0
0
0
0
0
0
0
0
0
0
0
0
0
0
0
0
0
0
0
0
0
0
0
0
-0.40176
-0.40729
-0.4615
-0.45836
-0.44342
-0.44549
-0.42314
-0.48774
-0.53293
-0.43432
-0.5144
-0.4754
-0.4909
-0.45954
-0.4914
-0.5037
-0.48465
23.5789
-0.51025
-0.51916
-0.54288
-0.57344
-0.56084
-0.57832
-0.52691
-0.53887
-0.56176
-0.61375
-0.55586
-0.60198
-0.61641
-0.61892
-0.64293
-0.67818
-0.66166
0
0
0
0
0
0
0
0
0
0
0
0
0
0
0
0
0
0
0
0
0
0
0
0
0
0
0
0
0
0
0
0
0
0
0
0
0
0
0
0
0
0
0
0
0
0
0
0
0
0
0
0
0
0
0
0
0
0
0
0
0
0
0
0
-5.7609
0
0
0
0
0
0
0
0
0
-0.34808
-0.35146
-0.39827
-0.39869
-0.3795
-0.37725
-0.37048
-0.422
-0.45837
-0.37881
-0.44413
-0.40774
-0.42733
-0.40286
-0.4263
-0.43942
-0.42706
-0.51025
15.5173
-0.45469
-0.47564
-0.4849
-0.50889
-0.51331
-0.45499
-0.4795
-0.48744
-0.54124
-0.43358
-0.52217
-0.55007
-0.52035
-0.59942
-0.58094
-0.54223
0
0
0
0
0
0
0
0
0
0
0
0
0
0
0
0
0
0
0
0
0
0
0
0
0
0
0
0
0
0
0
0
0
0
0
0
0
0
0
0
0
0
0
0
0
0
0
0
0
0
0
0
0
0
0
0
0
0
0
0
0
0
0
0
0
0
0
0
0
0
0
0
0
0
-0.35046
-0.33796
-0.39854
-0.39443
-0.39467
-0.38556
-0.3774
-0.43456
-0.4578
-0.39839
-0.46943
-0.41234
-0.43558
-0.38885
-0.44075
-0.45434
-0.43519
-0.51916
-0.45469
25.219
-0.45795
-0.48287
-0.50004
-0.4993
-0.45328
-0.46978
-0.48297
-0.54141
-0.49153
-0.51847
0
-0.53972
0
0
0
0
0
0
0
0
0
0
0
0
0
0
0
0
0
0
0
0
0
0
0
0
0
0
0
0
0
0
0
-2.6877
0
0
0
0
0
0
0
0
0
-3.8028
0
0
0
0
0
0
0
0
0
0
0
0
0
0
0
0
0
0
0
0
0
0
0
0
0
0
0
0
0
0
0
0
0
-5.3511
0
-0.36401
-0.37495
-0.41485
-0.44046
-0.4172
-0.40649
-0.38765
-0.44002
-0.48158
-0.4092
-0.47915
-0.42499
-0.45783
-0.42971
-0.45742
-0.46215
-0.44119
-0.54288
-0.47564
-0.45795
20.073
-0.50652
-0.50457
-0.52839
-0.49601
-0.47254
-0.5091
-0.57028
-0.51047
-0.54928
0
-0.58877
0
0
0
0
0
0
0
0
0
0
0
-1.4759
0
-1.1617
0
0
0
0
0
0
0
0
0
0
0
0
0
0
0
0
0
0
0
0
0
0
0
0
0
0
0
0
0
0
0
0
-3.4341
0
0
0
0
0
0
0
0
0
0
0
0
0
0
0
0
0
0
0
0
0
0
0
0
0
0
0
0
0
0
-0.36867
-0.38042
-0.42738
-0.431
-0.42215
-0.41627
-0.38664
-0.47114
-0.50343
-0.41908
-0.49801
-0.47002
-0.47156
-0.43894
-0.47209
-0.48695
-0.46502
-0.57344
-0.4849
-0.48287
-0.50652
22.7239
-0.51803
-0.53961
-0.49388
-0.50378
-0.51433
-0.57698
-0.52018
-0.55777
0
0
0
0
-0.61075
0
0
-1.2005
0
0
0
0
0
0
-1.5827
0
0
0
0
0
0
0
0
0
0
0
0
0
0
0
0
0
0
0
0
0
0
0
0
0
0
0
0
0
0
0
0
0
0
0
0
0
0
0
0
0
0
0
0
0
0
0
0
0
0
0
0
0
0
0
0
0
0
0
0
0
-5.5288
0
0
-0.39377
-0.39594
-0.44244
-0.43862
-0.43063
-0.41873
-0.41419
-0.46894
-0.51001
-0.4248
-0.50535
-0.44905
-0.46773
-0.45132
-0.48608
-0.48614
-0.474
-0.56084
-0.50889
-0.50004
-0.50457
-0.51803
20.7104
-0.56974
-0.51266
-0.51164
-0.52005
-0.55272
-0.45606
0
0
0
0
0
0
0
0
0
0
0
0
0
0
0
0
0
0
0
0
0
0
0
0
0
0
0
0
0
0
0
0
0
0
0
0
-2.5342
0
0
0
0
0
0
0
0
0
0
0
0
0
0
0
0
0
0
0
0
0
0
0
0
0
0
0
0
0
0
0
0
0
0
0
0
0
-4.8032
0
0
0
0
0
-0.39134
-0.38133
-0.45976
-0.45382
-0.43392
-0.43507
-0.42019
-0.48337
-0.51353
-0.39983
-0.51633
-0.46404
-0.48415
-0.44206
-0.47229
-0.50878
-0.4372
-0.57832
-0.51331
-0.4993
-0.52839
-0.53961
-0.56974
18.4679
-0.52061
-0.51326
-0.51029
-0.61576
-0.53169
0
0
0
0
0
0
0
0
0
0
0
0
0
0
0
0
0
0
0
0
0
-1.5868
0
0
0
0
0
0
0
0
0
0
0
0
0
0
0
0
0
0
0
0
0
0
0
0
0
0
0
0
0
0
-3.2638
0
0
0
0
0
0
0
0
0
0
0
0
0
0
0
0
0
0
0
0
0
0
0
0
0
0
0
-0.35984
-0.3644
-0.41367
-0.41217
-0.39894
-0.39634
-0.38094
-0.43907
-0.48153
-0.3985
-0.47083
-0.43551
-0.44331
-0.41996
-0.44626
-0.46244
-0.42857
-0.52691
-0.45499
-0.45328
-0.49601
-0.49388
-0.51266
-0.52061
16.6003
-0.46194
-0.52137
-0.58209
-0.48335
-0.55659
0
0
0
0
0
0
0
0
0
0
0
0
0
0
0
0
0
0
0
0
0
0
0
0
0
0
0
0
0
0
0
0
0
0
0
0
0
0
0
0
0
0
0
0
0
0
0
0
0
0
0
0
0
0
0
0
0
0
0
0
0
0
0
0
0
0
0
0
0
0
0
0
0
0
0
-3.3843
0
0
0
-0.35299
-0.36402
-0.41569
-0.42647
-0.39986
-0.39507
-0.38962
-0.44298
-0.47876
-0.41198
-0.47936
-0.44263
-0.44388
-0.42395
-0.45859
-0.44504
-0.44538
-0.53887
-0.4795
-0.46978
-0.47254
-0.50378
-0.51164
-0.51326
-0.46194
15.7735
-0.49385
0
-0.48031
0
0
0
0
0
0
0
0
0
0
0
0
0
0
0
0
-1.4895
0
0
0
0
0
0
-2.1422
0
0
0
0
0
0
0
0
0
0
0
0
0
0
0
0
0
0
0
0
0
0
0
0
0
0
0
0
0
0
0
0
0
0
0
0
0
0
0
0
0
0
0
0
0
0
0
0
0
0
0
0
0
0
0
0
-0.38095
-0.36923
-0.43866
-0.4278
-0.42569
-0.41677
-0.40485
-0.46743
-0.5003
-0.40703
-0.49294
-0.4363
-0.47059
-0.32155
-0.47174
-0.48675
-0.4333
-0.56176
-0.48744
-0.48297
-0.5091
-0.51433
-0.52005
-0.51029
-0.52137
-0.49385
20.7545
0
0
0
0
0
0
0
0
0
0
0
0
0
0
0
0
0
0
0
0
0
0
0
0
0
0
0
-2.0722
0
0
0
0
0
0
0
0
0
-2.8183
0
0
0
0
0
0
0
0
0
0
0
0
0
0
0
0
0
0
0
-3.911
0
0
0
0
0
0
0
0
0
0
0
0
0
0
0
0
0
0
0
0
0
0
0
0
-0.44008
-0.45357
-0.48829
-0.48779
-0.49239
-0.45982
-0.46144
-0.51808
-0.561
-0.37208
-0.54922
-0.49779
-0.52705
-0.48574
-0.5313
-0.51924
-0.52576
-0.61375
-0.54124
-0.54141
-0.57028
-0.57698
-0.55272
-0.61576
-0.58209
0
0
18.9618
0
0
0
0
0
0
0
0
0
0
0
0
0
0
0
0
0
0
0
0
0
0
0
0
0
0
0
0
0
0
0
0
0
0
0
0
0
0
-2.7407
0
0
0
-3.2563
0
0
0
0
0
0
0
0
0
0
0
0
0
0
0
0
0
0
0
0
0
0
0
0
0
0
0
0
0
0
0
0
0
0
0
0
0
0
-0.37698
-0.38153
-0.44191
-0.4455
-0.42487
-0.4136
-0.4136
-0.45817
-0.50208
-0.42792
-0.48769
-0.4566
-0.46587
-0.44248
-0.46855
-0.48236
-0.44403
-0.55586
-0.43358
-0.49153
-0.51047
-0.52018
-0.45606
-0.53169
-0.48335
-0.48031
0
0
14.3559
0
0
0
0
0
0
0
0
0
0
0
0
0
0
0
0
0
0
0
0
0
0
0
0
0
0
0
0
0
0
0
0
0
0
0
0
-2.3591
0
0
0
0
0
0
0
0
0
0
0
0
0
0
0
0
0
0
0
0
0
0
0
0
0
0
0
0
0
0
0
0
0
0
0
0
0
0
0
0
0
0
0
-0.38379
-0.41426
-0.47731
-0.46703
-0.45208
-0.45553
-0.44861
-0.49761
-0.50574
-0.4592
-0.53125
-0.4992
-0.52619
-0.47437
-0.49549
-0.51857
-0.49115
-0.60198
-0.52217
-0.51847
-0.54928
-0.55777
0
0
-0.55659
0
0
0
0
15.5809
0
0
0
0
0
0
0
0
0
0
0
0
0
0
0
0
0
0
0
-1.1296
0
0
0
0
0
0
0
0
0
0
0
0
0
0
0
0
0
0
0
0
0
0
0
0
0
0
-3.0477
0
0
0
0
0
0
0
0
0
0
0
0
0
0
0
0
0
0
0
0
0
0
0
0
0
0
0
0
0
0
0
0
-0.41892
-0.43608
-0.48333
-0.48508
-0.49391
-0.46648
-0.46905
-0.55497
-0.5377
-0.50159
-0.56412
-0.42479
-0.51054
-0.52944
-0.5288
-0.54393
-0.5371
-0.61641
-0.55007
0
0
0
0
0
0
0
0
0
0
0
25.1832
0
0
0
0
0
0
0
0
0
0
0
0
0
0
0
0
0
0
0
0
0
0
-1.9397
0
0
0
0
0
0
0
0
0
-2.6239
0
0
0
-2.6325
0
0
0
0
0
0
0
0
0
0
0
0
0
0
0
0
0
0
0
0
-4.1674
0
0
-4.1674
0
0
0
0
0
0
0
0
0
0
0
0
0
0
0
0
0
-0.41859
-0.43364
-0.49278
-0.49571
-0.45978
-0.46938
-0.46049
-0.52447
-0.5482
-0.47174
-0.54427
-0.53571
-0.5211
-0.48873
-0.52054
-0.50218
-0.496
-0.61892
-0.52035
-0.53972
-0.58877
0
0
0
0
0
0
0
0
0
0
14.3162
0
0
0
0
0
0
0
0
0
0
0
0
0
0
0
0
0
0
0
0
-2.1884
0
0
0
0
0
0
0
0
0
0
0
0
0
0
0
0
-1.4768
0
0
0
0
0
0
0
0
0
0
0
0
0
0
0
0
0
0
0
0
0
0
0
0
0
0
0
0
0
0
0
0
0
0
0
0
0
0
0
-0.44358
-0.43743
-0.47577
-0.50022
-0.4852
-0.4806
-0.4664
-0.50442
-0.57601
-0.37843
-0.5621
-0.51156
-0.56146
-0.50266
-0.52978
-0.54712
-0.50402
-0.64293
-0.59942
0
0
0
0
0
0
0
0
0
0
0
0
0
19.1542
0
0
0
0
-1.241
0
0
0
0
0
0
0
0
0
0
0
0
0
0
0
0
0
0
-2.1309
0
0
0
0
0
0
0
-2.7721
0
0
0
0
0
-3.301
0
0
0
0
0
0
0
0
0
0
0
0
0
0
0
0
0
0
0
0
0
0
0
0
0
0
0
0
0
0
0
0
0
0
0
0
0
0
-0.4576
-0.46239
-0.53786
-0.5221
-0.50918
-0.50113
-0.47793
-0.56977
-0.61068
-0.53827
-0.60195
-0.53433
-0.5537
-0.54397
-0.56833
-0.60871
-0.55867
-0.67818
-0.58094
0
0
0
0
0
0
0
0
0
0
0
0
0
0
13.7484
0
0
0
0
0
0
0
0
0
0
-1.5373
0
0
0
-1.7954
0
0
0
0
0
0
0
0
0
0
0
0
0
0
0
0
0
0
0
0
0
0
0
0
0
0
0
0
0
0
0
0
0
0
0
0
0
0
0
0
0
0
0
0
0
0
0
0
0
0
0
0
0
0
0
0
0
0
0
0
-0.46001
-0.47563
-0.53961
-0.53824
-0.52688
-0.51481
-0.4963
-0.5738
-0.61174
-0.53497
-0.59625
-0.5482
-0.55283
-0.52283
-0.57027
-0.57001
-0.54603
-0.66166
-0.54223
0
0
-0.61075
0
0
0
0
0
0
0
0
0
0
0
0
12.7615
0
0
0
0
0
0
0
0
0
0
0
0
0
0
0
0
0
0
0
0
0
0
-1.7684
0
0
0
0
0
0
0
0
0
0
0
0
0
0
0
0
0
0
0
0
0
0
0
0
0
0
0
0
0
0
0
0
0
0
0
0
0
0
0
0
0
0
0
0
0
0
0
0
0
0
0
-0.49568
-0.4751
-0.53631
-0.55755
-0.54943
-0.53278
-0.52099
-0.58336
-0.62679
-0.52693
-0.63335
-0.55888
0
0
-0.60611
-0.59218
0
0
0
0
0
0
0
0
0
0
0
0
0
0
0
0
0
0
0
20.5316
0
0
0
0
0
0
0
-1.4815
0
0
0
-1.7109
0
0
0
0
0
0
0
0
0
0
0
0
0
0
0
0
0
0
0
0
0
0
0
0
0
0
0
0
0
0
-3.2608
-3.2882
0
-2.9947
0
0
0
0
0
0
0
0
0
0
0
0
0
0
0
0
0
0
0
0
0
0
0
0
0
0
0
-0.64422
-0.67192
-0.75017
-0.73308
-0.73002
-0.71187
-0.69938
-0.7673
-0.80199
0
-0.81798
0
0
0
-0.78859
0
-0.78001
0
0
0
0
0
0
0
0
0
0
0
0
0
0
0
0
0
0
0
13.6348
0
0
0
0
0
0
0
0
0
0
0
0
0
0
0
-2.2517
0
0
0
0
0
0
0
0
0
0
0
-2.4866
0
0
0
0
0
0
0
0
0
0
0
0
0
0
0
0
0
0
0
0
0
0
0
0
0
0
0
0
0
0
0
0
0
0
0
0
0
0
0
0
0
0
0
0
-1.0178
-1.0222
-0.82461
-1.0864
-1.0874
-1.0527
-1.0457
0
0
0
0
0
0
0
0
0
0
0
0
0
0
-1.2005
0
0
0
0
0
0
0
0
0
0
-1.241
0
0
0
0
16.5094
0
0
0
0
0
0
0
0
0
0
0
0
0
0
0
0
0
0
0
0
0
0
0
0
0
0
0
0
0
0
0
0
0
0
0
0
0
0
0
0
0
0
0
0
0
0
0
0
0
0
0
0
0
0
0
0
-3.4197
0
-3.5113
0
0
0
0
0
0
0
0
0
0
0
0
-0.96092
-0.93913
-0.92594
-0.99152
-0.99474
-0.97033
-0.98177
-1.0424
-1.0982
0
-1.0849
0
0
0
0
0
0
0
0
0
0
0
0
0
0
0
0
0
0
0
0
0
0
0
0
0
0
0
12.1159
0
0
0
0
0
0
0
0
0
0
0
0
-2.126
0
0
0
0
0
0
0
0
0
0
0
0
0
0
0
0
0
0
0
0
0
0
0
0
0
0
0
0
0
0
0
0
0
0
0
0
0
0
0
0
0
0
0
0
0
0
0
0
0
0
0
0
0
0
0
0
0
-0.98146
-0.98608
-1.0659
-1.0358
-1.0454
-1.0046
-1.009
-1.095
-1.1388
-1.0474
-1.1352
0
0
0
0
0
0
0
0
0
0
0
0
0
0
0
0
0
0
0
0
0
0
0
0
0
0
0
0
11.5445
0
0
0
0
0
0
0
0
0
0
0
0
0
0
0
0
0
0
0
0
0
0
0
0
0
0
0
0
0
0
0
0
0
0
0
0
0
0
0
0
0
0
0
0
0
0
0
0
0
0
0
0
0
0
0
0
0
0
0
0
0
0
0
0
0
0
0
0
0
-1.0835
-1.1064
-1.18
-0.69125
-1.1691
-1.0975
-1.1343
-1.2042
0
0
0
0
0
0
0
0
0
0
0
0
0
0
0
0
0
0
0
0
0
0
0
0
0
0
0
0
0
0
0
0
15.3484
0
0
0
0
0
0
0
0
0
0
0
0
0
0
0
0
0
0
0
0
0
0
0
0
0
0
0
0
0
0
0
0
0
-3.0629
0
0
0
0
0
0
0
0
0
0
0
0
0
0
0
0
0
0
-3.6194
0
0
0
0
0
0
0
0
0
0
0
0
0
0
0
-1.0924
-1.0866
-1.1771
-1.1086
-1.1476
-1.114
-1.0873
0
0
0
0
0
0
0
0
0
0
0
0
0
0
0
0
0
0
0
0
0
0
0
0
0
0
0
0
0
0
0
0
0
0
11.8134
0
-1.8814
0
0
0
0
-2.1184
0
0
0
0
0
0
0
0
0
0
0
0
0
0
0
0
0
0
0
0
0
0
0
0
0
0
0
0
0
0
0
0
0
0
0
0
0
0
0
0
0
0
0
0
0
0
0
0
0
0
0
0
0
0
0
0
0
0
0
0
-1.3578
-1.417
-1.4925
-1.49
0
-1.4649
0
0
0
0
0
0
0
0
0
0
0
0
0
0
0
0
0
0
0
0
0
0
0
0
0
0
0
0
0
0
0
0
0
0
0
0
15.2596
0
-2.2297
0
0
0
0
0
0
0
0
0
0
0
0
0
0
0
0
0
0
0
0
0
0
0
0
0
0
0
0
0
0
0
0
0
0
0
0
0
0
0
0
0
0
0
0
0
0
0
0
0
0
0
0
0
0
0
-2.9038
0
0
0
0
0
0
0
-2.9038
0
0
0
0
0
0
0
0
0
0
0
0
0
0
0
0
0
0
0
0
-1.4759
0
0
0
0
0
0
0
0
0
0
0
0
0
0
-1.4815
0
0
0
0
0
-1.8814
0
14.6478
0
0
0
0
0
-2.0649
0
0
0
0
0
-2.4415
0
0
0
0
0
0
0
-2.5393
0
0
0
0
0
0
0
0
0
0
0
0
0
-2.7633
0
0
0
0
0
0
0
0
0
0
0
0
0
0
0
0
0
0
0
0
0
0
0
0
0
0
0
0
0
0
0
-1.4011
0
0
0
0
0
-1.4641
0
0
0
0
0
0
0
0
0
0
0
0
0
0
-1.5827
0
0
0
0
0
0
0
0
0
0
0
-1.5373
0
0
0
0
0
0
0
0
-2.2297
0
12.2525
0
0
0
0
0
0
0
0
0
0
0
0
-2.1392
0
0
0
0
-1.8984
0
0
0
0
0
0
0
0
0
0
0
0
0
0
0
0
0
0
0
0
0
0
0
0
0
0
0
0
0
0
0
0
0
0
0
0
0
0
0
0
0
0
0
0
0
0
0
0
0
0
0
0
0
0
0
0
0
-1.4689
0
0
0
0
0
0
0
0
-1.1617
0
0
0
0
-1.4895
0
0
0
0
0
0
0
0
0
0
0
0
0
0
0
0
0
0
0
16.468
0
0
0
0
0
-2.6319
0
0
0
0
-2.7588
0
0
0
0
0
0
0
0
0
0
0
0
0
0
-3.6033
0
0
0
0
0
0
-3.3539
0
0
0
0
0
0
0
0
0
0
0
0
0
0
0
0
0
0
0
0
0
0
0
0
0
0
0
0
0
0
0
0
0
-1.573
0
-1.5813
0
0
0
0
0
0
0
0
0
0
0
0
0
0
0
0
0
0
0
0
0
0
0
0
0
0
0
0
0
0
0
0
0
0
0
0
0
0
0
0
15.1525
0
0
0
0
0
0
-2.376
0
0
0
0
0
0
0
0
0
0
0
0
-2.6174
0
0
0
0
0
0
0
-3.4463
0
0
0
0
-3.5585
0
0
0
0
0
0
0
0
0
0
0
0
0
0
0
0
0
0
0
0
0
0
0
0
0
0
0
0
0
0
-1.6125
0
0
0
0
0
0
0
0
0
0
0
0
0
0
0
0
0
0
0
0
0
0
0
0
0
0
0
0
0
0
0
0
0
-1.7109
0
0
0
0
0
0
0
0
0
0
0
14.2492
0
0
0
0
0
0
0
0
-2.3746
0
0
0
-2.5732
0
0
0
0
-2.8781
0
0
-3.0998
0
0
0
0
0
0
0
0
0
0
0
0
0
0
0
0
0
0
0
0
0
0
0
0
0
0
0
0
0
0
0
0
0
0
0
0
0
0
0
0
0
0
0
0
0
0
0
0
0
0
0
-1.6697
-1.7566
0
0
0
0
0
0
0
0
0
0
0
0
0
0
0
0
0
0
0
0
-1.7954
0
0
0
0
0
0
0
-2.1184
0
0
0
0
0
0
14.1402
0
0
0
0
0
0
0
0
0
0
0
0
0
0
-2.8634
0
0
0
0
0
0
0
0
0
0
0
0
0
0
0
0
0
0
0
0
0
0
0
0
0
0
0
0
0
0
0
-3.9368
0
0
0
0
0
0
0
0
0
0
0
0
0
0
0
0
0
0
0
0
0
0
0
0
0
0
0
0
0
0
0
0
0
0
0
0
0
0
0
0
0
0
-1.1296
0
0
0
0
0
0
0
0
0
0
0
0
0
-2.0649
0
0
0
0
0
22.0154
0
0
0
0
0
0
0
0
0
0
0
0
0
0
0
0
0
0
0
0
0
0
0
0
0
0
0
0
0
0
0
0
0
0
0
0
0
0
-4.4543
0
0
-4.4543
0
0
0
0
0
-4.2179
-5.6944
0
0
0
0
0
0
0
0
0
0
0
-1.4496
0
0
0
0
0
0
0
0
0
0
0
0
0
0
0
0
0
0
0
0
0
-1.5868
0
0
0
0
0
0
0
0
0
0
0
0
0
0
0
0
0
0
0
0
0
0
0
0
0
0
16.4905
0
0
0
-2.7169
0
0
0
0
0
0
0
0
0
0
0
0
0
-3.3654
0
0
0
0
0
0
0
0
0
0
0
0
0
0
0
0
0
0
0
0
0
-3.7064
0
0
0
0
0
0
-3.6654
0
0
0
0
0
0
0
0
0
0
0
0
0
-2.1214
0
0
0
0
0
0
0
0
0
-2.1669
0
0
0
0
0
0
0
0
0
0
0
0
0
0
0
0
0
0
0
0
0
0
0
0
0
-2.126
0
0
0
0
0
0
-2.6319
0
0
0
0
0
12.1301
0
0
0
0
0
0
0
0
0
0
0
0
0
0
0
0
0
0
0
0
0
0
0
0
0
0
0
-3.084
0
0
0
0
0
0
0
0
0
0
0
0
0
0
0
0
0
0
0
0
0
0
0
0
0
0
0
0
0
0
0
0
0
0
0
0
0
0
0
0
0
0
0
0
0
0
0
0
0
0
0
0
0
0
-2.1422
0
0
0
0
0
-2.1884
0
0
0
0
-2.2517
0
0
0
0
0
0
0
0
0
0
0
0
0
0
0
12.0711
-2.9989
0
-2.4898
0
0
0
0
0
0
0
0
0
0
0
0
0
0
0
0
0
0
0
0
0
0
0
0
0
0
0
0
0
0
0
0
0
0
0
0
0
0
0
0
0
0
0
0
0
0
0
0
0
0
0
0
0
0
0
0
0
0
0
0
0
0
0
0
0
0
0
0
0
0
0
0
0
0
0
0
0
0
0
0
0
0
0
-1.9397
0
0
0
0
0
0
0
0
0
0
0
0
0
0
0
-2.376
0
0
0
0
0
-2.9989
12.9369
0
0
0
0
0
0
0
0
0
0
0
0
-2.6364
-2.9859
0
0
0
0
0
0
0
0
0
0
0
0
0
0
0
0
0
0
0
0
0
0
0
0
0
0
0
0
0
0
0
0
0
0
0
0
0
0
0
0
0
0
0
0
0
0
0
0
0
0
-1.9413
0
0
0
0
0
0
-1.9825
0
0
0
0
0
0
0
0
0
-2.0722
0
0
0
0
0
0
0
0
0
0
0
0
0
0
0
0
0
0
0
0
0
0
0
-2.7169
0
0
0
11.9585
0
0
0
0
0
0
0
0
0
0
0
0
0
0
0
0
0
0
0
0
0
0
0
0
0
0
-3.2456
0
0
0
0
0
0
0
0
0
0
0
0
0
0
0
0
0
0
0
0
0
0
0
0
0
0
0
-2.2649
0
0
0
0
0
0
0
0
0
0
0
0
0
0
-2.0612
0
0
0
0
0
0
0
0
0
0
0
0
0
0
0
0
0
0
0
0
0
0
0
0
0
0
0
-2.4415
0
0
0
0
0
0
0
0
-2.4898
0
0
11.8878
0
0
0
0
-2.6304
0
0
0
0
0
0
0
0
0
0
0
0
0
0
0
0
0
0
0
0
0
0
0
0
0
0
0
0
0
0
0
0
0
0
0
0
0
0
0
0
0
0
0
0
0
0
0
0
0
0
0
0
0
0
0
-2.0703
0
0
0
0
0
0
0
0
0
0
0
0
0
0
0
0
0
0
0
0
0
0
0
0
-2.1309
0
0
0
0
0
0
0
0
0
0
0
0
-2.7588
0
-2.3746
0
0
0
0
0
0
0
0
11.9258
0
0
-2.5911
0
0
0
0
0
0
0
0
0
0
0
0
0
0
0
0
0
0
0
0
0
0
0
0
0
0
0
0
0
0
0
0
0
0
0
0
0
0
0
0
0
0
0
0
0
0
0
0
0
0
0
0
0
0
0
0
0
0
0
0
0
0
0
0
0
0
0
0
0
0
0
0
0
0
0
0
0
0
0
0
0
0
0
-1.7684
0
0
0
0
0
0
0
0
0
-2.1392
0
0
0
0
0
0
0
0
0
0
0
0
14.0096
0
0
0
-2.8594
0
0
0
0
0
0
0
0
0
0
0
0
0
-3.5317
0
0
0
0
0
0
-3.711
0
0
0
0
0
0
0
0
0
0
0
0
0
0
0
0
0
0
0
0
0
0
0
0
0
0
-1.8441
-1.8846
0
0
-1.9224
0
0
0
0
0
0
0
-1.9192
0
0
0
0
0
0
0
0
0
0
0
0
0
0
0
0
0
0
0
0
0
0
0
0
0
0
0
0
0
0
0
0
0
0
0
0
0
0
0
0
0
0
0
0
0
10.927
0
0
0
0
0
0
0
0
0
0
0
0
0
0
0
0
0
0
0
0
0
0
0
0
0
0
0
0
-3.3566
0
0
0
0
0
0
0
0
0
0
0
0
0
0
0
0
0
0
0
0
0
0
-2.0644
0
0
-2.1216
0
0
0
0
0
0
0
0
0
-2.1036
0
0
0
0
0
0
0
0
0
0
0
0
0
0
0
0
0
0
0
0
0
0
0
0
0
0
0
0
0
0
0
0
0
0
0
0
0
0
0
0
0
-2.5911
0
0
11.4892
0
0
0
0
0
0
0
0
0
0
0
0
0
0
0
0
0
0
0
0
0
0
-2.6085
0
0
0
0
0
0
0
0
0
0
0
0
0
0
0
0
0
0
0
0
0
0
0
0
0
0
0
0
0
0
-2.2114
0
0
0
0
0
0
0
0
0
0
-2.017
0
0
0
0
0
0
0
0
0
0
0
0
0
0
0
0
0
0
0
0
0
0
0
0
0
0
0
0
0
0
0
-2.5732
0
0
0
0
0
0
0
-2.6304
0
0
0
0
13.0707
0
0
0
0
0
0
0
0
0
0
0
0
0
0
0
0
0
0
0
0
0
0
-3.6387
0
0
0
0
0
0
0
0
0
0
0
0
0
0
0
0
0
0
0
0
0
0
0
0
0
0
-2.4418
0
0
0
0
0
0
0
0
0
0
0
-2.3831
0
0
0
0
0
0
0
0
0
0
0
0
0
0
0
0
0
0
0
0
0
0
0
0
0
0
0
0
0
0
0
0
0
0
0
0
0
0
0
0
0
0
0
-2.8594
0
0
0
10.9247
0
0
0
0
0
0
0
0
0
0
0
-3.2405
0
0
0
0
0
0
0
0
0
0
0
0
0
0
0
0
0
0
0
0
0
0
0
0
0
0
0
0
0
0
0
0
0
0
0
0
0
0
0
0
0
0
0
0
0
0
0
0
0
0
0
0
0
0
0
0
0
0
0
0
0
0
0
0
0
0
0
0
0
0
0
0
0
0
0
0
0
0
0
-1.8984
0
0
0
0
0
0
0
0
0
0
0
0
0
0
0
0
0
11.6431
0
0
0
0
0
0
-3.0208
0
0
0
0
-3.324
0
0
0
0
0
0
0
0
0
0
0
0
0
0
-3.3999
0
0
0
0
0
0
0
0
0
0
0
0
0
0
0
0
0
0
0
0
0
0
0
0
0
0
0
0
0
0
0
0
0
0
0
0
0
0
-2.6877
0
0
0
0
0
0
0
0
0
0
-2.6239
0
0
0
0
0
0
0
0
0
0
0
0
-2.5393
0
0
0
0
-2.8634
0
0
0
0
0
0
0
0
0
0
0
0
0
0
10.7143
0
0
0
0
0
0
0
0
0
0
0
0
0
0
0
0
0
0
0
0
0
0
0
0
0
0
0
0
0
0
0
0
0
0
0
0
0
0
0
0
0
0
0
0
0
0
0
0
0
0
0
0
0
0
0
0
0
0
0
0
0
0
0
0
0
0
0
0
0
0
0
-2.8183
0
0
0
0
0
-2.7721
0
0
0
-2.4866
0
0
0
0
0
0
0
0
0
0
0
0
0
0
0
0
0
0
0
0
0
0
0
0
0
0
0
11.5987
0
0
0
-3.5216
0
0
0
0
0
0
0
0
0
0
0
0
0
0
0
0
0
0
0
0
0
0
0
0
0
0
0
0
0
0
0
0
0
0
0
0
0
0
0
0
0
0
0
0
0
0
0
0
0
0
0
0
0
0
0
0
0
0
0
0
0
0
-2.5342
0
0
0
0
0
-2.3591
0
0
0
0
0
0
0
0
0
0
0
0
0
0
0
0
0
0
-2.8781
0
0
0
0
0
0
0
0
0
0
0
0
0
0
0
0
0
10.7942
-3.0227
0
0
0
0
0
0
0
0
0
0
0
0
0
0
0
0
0
0
0
0
0
0
0
0
0
0
0
0
0
0
0
0
0
0
0
0
0
0
0
0
0
0
0
0
0
0
0
0
0
0
0
0
0
0
0
0
0
0
0
0
0
0
0
0
0
0
0
0
0
-2.7407
0
0
0
0
0
0
0
0
0
0
0
0
0
0
0
0
0
0
-2.6174
0
0
0
0
0
0
-2.6364
0
0
0
0
0
0
0
0
0
0
0
-3.0227
11.0171
0
0
0
0
0
0
0
0
0
0
0
0
0
0
0
0
0
0
0
0
0
0
0
0
0
0
0
0
0
0
0
0
0
0
0
0
0
0
0
0
0
0
0
0
0
0
0
0
0
0
0
0
0
-2.899
0
0
0
0
0
0
0
0
0
0
0
0
0
0
0
0
0
0
-2.6325
0
0
0
0
0
0
0
0
0
0
0
0
0
0
0
0
0
0
0
0
0
0
-2.9859
0
0
0
0
0
0
0
0
0
0
0
0
0
9.4458
0
0
0
0
0
0
0
0
0
0
0
0
0
0
0
0
0
0
-0.92832
0
0
0
0
0
0
0
0
0
0
0
0
0
0
0
0
0
0
0
0
0
0
0
0
0
0
0
0
0
0
0
0
0
0
0
0
0
0
0
0
0
0
0
0
0
0
0
0
0
0
0
0
0
0
0
0
0
0
0
0
0
0
0
0
0
0
0
0
0
-3.0998
0
0
-3.3654
0
0
0
0
0
0
0
0
0
0
0
0
0
-3.5216
0
0
0
15.4194
0
0
0
0
0
0
0
0
0
0
0
0
0
0
0
0
0
0
0
0
0
0
0
0
0
0
0
0
0
0
0
0
0
-5.4326
0
0
0
0
0
0
0
0
0
0
0
0
0
0
0
0
0
0
0
0
0
0
0
0
0
0
0
0
0
0
0
0
0
0
0
0
0
-1.4768
0
0
0
0
0
0
0
0
0
0
0
0
0
0
0
0
0
0
0
0
0
0
0
0
0
0
0
0
0
0
-3.0208
0
0
0
0
0
0
7.6895
0
0
0
0
0
0
0
0
0
0
0
0
0
0
0
0
0
0
0
-3.192
0
0
0
0
0
0
0
0
0
0
0
0
0
0
0
0
0
0
0
0
0
0
0
0
0
0
0
0
-3.5562
0
0
0
0
0
0
0
0
0
0
0
0
0
0
0
0
0
-3.2563
0
0
0
0
-3.301
0
0
0
0
0
0
0
0
0
0
0
0
0
0
0
0
0
0
0
0
0
0
0
0
0
0
0
0
0
0
0
0
0
0
0
0
0
10.1135
0
0
0
0
0
0
0
0
0
0
0
0
0
0
0
0
0
0
0
0
0
0
0
0
0
0
0
0
0
0
0
0
0
0
0
0
0
0
0
0
0
0
0
0
0
0
0
0
0
0
0
0
0
0
0
0
0
0
0
0
0
0
0
0
0
0
0
0
0
0
0
0
0
0
0
0
0
0
0
0
0
0
0
-3.6033
0
0
0
0
0
0
0
0
0
0
0
0
0
0
0
0
0
0
0
0
0
0
0
0
0
12.6072
0
0
0
0
0
0
0
0
0
0
0
0
0
0
0
0
0
0
0
0
-4.4871
0
0
-4.5168
0
0
0
0
0
0
0
0
0
0
0
0
0
-3.3331
0
0
0
0
0
0
0
-3.3689
0
0
0
0
0
0
0
0
0
0
0
0
0
0
0
0
0
0
0
0
0
0
0
0
0
0
0
0
0
0
0
0
0
0
0
0
0
0
0
0
0
0
0
0
0
0
0
0
0
0
0
0
0
0
0
0
0
0
0
0
0
0
0
10.3808
0
0
0
-3.6789
0
0
0
0
0
0
0
0
0
0
0
0
0
0
0
0
0
0
0
0
0
0
0
0
0
0
0
0
0
0
0
0
0
0
0
0
0
0
0
0
0
0
0
0
0
0
0
0
0
0
0
-3.8028
0
0
0
0
0
0
0
0
0
0
0
0
0
0
0
0
0
0
0
0
0
0
0
0
0
0
0
0
0
0
0
0
0
0
0
0
0
0
0
0
0
-3.2405
0
0
0
0
0
0
0
0
0
0
0
7.7775
0
0
0
0
0
0
0
0
0
0
0
0
0
0
0
0
0
0
0
0
0
0
0
0
0
0
0
-0.73416
0
0
0
0
0
0
0
0
0
0
0
0
0
0
0
0
0
0
0
0
0
0
0
0
0
0
0
0
0
0
0
0
0
0
0
0
0
0
0
0
0
0
0
0
0
0
0
-3.0629
0
0
0
0
0
-3.4463
0
0
0
0
0
0
0
0
0
0
0
0
0
0
0
-3.324
0
0
0
0
0
0
0
0
0
0
0
9.8331
0
0
0
0
0
0
0
0
0
0
0
0
0
0
0
0
0
0
0
0
0
0
0
0
0
0
0
0
0
0
0
0
0
0
-2.4144
0
0
0
0
0
0
0
0
0
0
0
0
0
0
0
0
0
0
0
0
0
0
0
0
0
0
0
0
0
0
0
0
0
0
0
0
0
0
0
0
0
0
0
0
0
0
0
0
0
0
0
0
0
0
0
0
-3.5317
0
0
0
0
0
0
0
0
0
0
0
0
0
0
0
0
0
9.3763
0
0
0
0
-3.4302
0
0
0
0
0
0
0
0
0
0
0
0
0
0
0
0
0
0
0
0
0
0
0
0
0
0
0
0
0
0
0
0
0
0
0
0
0
0
0
0
0
0
0
0
0
0
0
0
0
0
0
0
0
0
0
0
0
-3.0477
0
0
0
0
0
0
0
0
0
0
0
0
0
0
0
0
0
0
0
0
0
0
0
0
0
0
0
0
0
0
0
0
0
0
0
0
0
0
0
0
0
0
-3.6789
0
0
0
11.2093
0
0
0
0
0
0
0
0
0
0
0
0
0
0
0
-4.4828
0
0
0
0
0
0
0
0
0
0
0
0
0
0
0
0
0
0
0
0
0
0
-2.8932
0
0
0
0
0
0
0
0
0
0
0
0
0
0
0
0
0
0
0
0
0
0
0
0
0
0
0
0
0
0
0
0
0
0
0
0
-2.7633
0
0
0
0
0
0
0
0
0
0
0
0
0
0
0
0
0
0
0
0
0
0
0
0
0
0
0
0
0
0
0
0
0
9.7615
0
0
0
0
0
0
0
0
0
-4.105
0
0
0
0
0
0
0
0
0
0
0
0
0
0
0
0
0
0
0
0
0
0
0
0
0
0
0
0
0
0
0
0
0
0
0
0
0
0
0
0
0
-3.4341
0
0
0
0
0
0
0
0
0
0
0
0
0
0
-3.2608
0
0
0
0
0
0
0
0
0
-3.3539
0
0
0
0
0
0
0
0
0
0
0
0
0
0
0
0
0
0
0
0
0
0
0
0
0
0
0
0
0
0
0
0
10.0488
0
0
0
0
0
0
0
0
0
0
0
0
0
0
0
0
0
0
0
0
0
0
0
0
0
0
0
0
0
0
0
0
0
0
0
0
0
0
0
0
0
0
0
0
0
0
0
0
0
0
0
0
0
0
0
0
0
0
0
0
0
0
0
0
0
-3.2882
0
0
0
0
0
0
0
0
0
0
-3.5585
0
0
0
0
-3.084
0
0
0
0
0
0
0
0
0
0
0
0
0
0
0
0
0
0
0
0
0
0
0
0
0
0
0
9.9307
0
0
0
0
0
0
0
0
0
0
0
0
0
0
0
0
0
0
0
0
0
0
0
0
0
0
0
0
0
0
0
0
0
0
0
0
0
0
0
0
0
0
0
0
0
0
0
0
0
0
0
0
0
0
0
0
0
0
0
0
0
0
0
0
0
0
0
0
0
0
0
0
0
0
0
0
0
0
0
0
0
0
0
0
0
0
0
0
0
0
0
0
0
0
0
0
0
0
0
0
0
0
0
0
-3.4302
0
0
0
0
10.8283
0
-3.6881
0
0
-3.71
0
0
0
0
0
0
0
0
0
0
0
0
0
0
0
0
0
0
0
0
0
0
0
0
0
0
0
0
0
0
0
0
0
0
0
0
0
0
0
0
0
0
0
0
0
0
-3.2638
0
0
0
0
0
0
0
0
0
0
0
-2.9947
0
0
0
0
0
0
0
0
0
0
0
0
0
0
0
0
0
0
-3.2456
0
0
0
0
0
0
0
0
0
0
0
0
0
0
0
0
0
0
0
0
0
0
0
0
0
0
9.5042
0
0
0
0
0
0
0
0
0
0
0
0
0
0
0
0
0
0
0
0
0
0
0
0
0
0
0
0
0
0
0
0
0
0
0
0
0
0
0
0
0
0
0
0
0
0
0
0
0
0
0
0
0
0
0
0
0
0
0
0
0
0
0
0
0
0
0
0
0
0
0
0
0
0
0
0
0
0
0
0
0
0
0
0
-3.711
0
-2.6085
0
0
0
0
0
0
0
0
0
0
0
0
0
0
0
0
0
0
0
0
-3.6881
0
10.0076
0
0
0
0
0
0
0
0
0
0
0
0
0
0
0
0
0
0
0
0
0
0
0
0
0
0
0
0
0
0
0
0
0
-4.8008
0
0
0
0
0
0
0
0
0
0
0
0
0
0
0
0
0
0
0
0
0
0
0
0
0
0
0
0
0
0
0
0
0
0
0
0
0
0
0
0
0
0
0
0
0
0
0
0
0
0
0
0
-3.6387
0
0
0
0
0
0
0
0
0
0
0
0
0
0
0
0
0
0
0
0
0
0
8.4395
0
0
0
0
0
0
0
0
0
0
0
0
0
0
0
0
0
0
0
0
0
0
0
0
0
0
0
0
0
0
0
0
0
0
0
0
0
0
-3.9123
0
0
0
0
0
0
0
0
0
0
0
0
-3.911
0
0
0
0
0
0
0
0
0
0
0
0
0
0
0
0
0
0
0
0
0
0
0
0
0
0
0
0
0
0
0
0
0
0
0
0
0
0
0
0
0
0
0
0
0
0
0
0
0
0
0
0
0
0
0
0
0
7.8233
0
0
0
0
0
0
0
0
0
0
0
0
0
0
0
0
0
0
0
0
0
0
0
0
0
0
0
0
0
0
0
0
0
0
0
0
0
0
0
0
0
0
0
0
0
0
0
0
0
0
0
0
0
0
0
0
0
0
0
0
0
0
0
0
0
0
0
0
0
0
0
0
0
0
0
0
0
0
0
0
0
0
0
0
0
0
0
0
0
0
0
0
0
0
0
0
0
0
0
0
0
0
0
0
-3.71
0
0
0
0
8.5712
-4.8612
0
0
0
0
0
0
0
0
0
0
0
0
0
0
0
0
0
0
0
0
0
0
0
0
0
0
0
0
0
0
0
0
0
0
0
0
0
0
0
0
0
0
0
0
0
0
0
0
0
0
0
0
0
0
0
0
0
0
0
0
0
0
0
0
0
0
0
0
0
0
0
0
0
0
0
0
0
0
0
0
0
0
0
0
0
0
0
0
0
-0.92832
0
0
0
0
0
0
0
0
0
0
0
0
0
0
0
0
0
-4.8612
5.7895
0
0
0
0
0
0
0
0
0
0
0
0
0
0
0
0
0
0
0
0
0
0
0
0
0
0
0
0
0
0
0
0
0
0
0
0
0
0
0
0
0
0
0
0
0
0
0
0
0
0
0
0
0
0
0
0
0
0
0
0
0
0
0
0
0
0
0
0
0
0
0
0
0
0
0
0
0
0
0
0
-3.3566
0
0
0
0
0
0
0
0
0
0
0
0
0
0
0
0
0
0
-4.105
0
0
0
0
0
0
0
0
0
7.4616
0
0
0
0
0
0
0
0
0
0
0
0
0
0
0
0
0
0
0
0
0
0
0
0
0
0
0
0
0
0
0
0
0
0
0
0
0
0
0
0
0
0
0
0
0
0
0
0
0
0
0
-4.1674
0
0
0
0
0
0
0
0
0
0
0
0
0
0
0
0
0
0
-4.4543
0
0
0
0
0
0
0
0
0
0
0
0
0
0
0
0
0
0
0
0
0
0
0
0
0
0
0
0
0
0
0
0
0
0
0
0
0
0
8.6217
0
0
0
0
0
0
0
0
0
0
0
0
0
0
0
0
0
0
0
0
0
0
0
0
0
0
0
0
0
0
0
0
0
0
0
0
0
0
0
0
0
0
0
0
0
0
0
0
0
0
0
0
0
0
0
0
0
0
0
0
0
0
0
0
0
0
0
0
0
0
0
0
0
0
0
0
0
0
0
0
0
0
-3.3999
0
0
0
0
0
0
-3.192
0
0
0
0
0
0
0
0
0
0
0
0
0
0
0
0
0
0
0
6.5919
0
0
0
0
0
0
0
0
0
0
0
0
0
0
0
0
0
0
0
0
0
0
0
0
0
0
0
0
0
0
0
0
-3.9297
0
0
0
0
0
0
0
0
0
0
0
0
0
0
0
0
0
0
0
0
0
0
0
0
0
0
0
0
0
0
0
0
0
0
0
0
-3.7064
0
0
0
0
0
0
0
0
0
0
0
0
0
0
0
0
0
0
0
0
0
0
0
0
0
0
0
0
0
0
0
0
0
0
0
0
0
0
0
7.636
0
0
0
0
0
0
0
0
0
0
0
0
0
0
0
0
0
0
0
0
0
0
0
0
0
0
0
0
0
0
0
0
0
0
0
0
0
0
0
0
0
0
0
0
0
0
0
0
-4.1674
0
0
0
0
0
0
0
0
0
0
0
0
0
0
0
0
0
0
-4.4543
0
0
0
0
0
0
0
0
0
0
0
0
0
0
0
0
0
0
0
0
0
0
0
0
0
0
0
0
0
0
0
0
0
0
0
0
0
0
0
0
0
8.6217
0
0
0
0
0
0
0
0
0
0
0
0
0
0
0
0
0
0
0
0
0
0
0
0
0
0
0
0
0
0
0
0
0
0
0
0
0
0
0
0
0
0
0
0
0
0
0
0
0
0
0
0
0
0
0
0
0
0
0
0
0
0
0
0
0
0
0
0
0
0
0
0
0
0
0
0
0
0
0
0
0
0
0
0
0
0
0
0
-4.4871
0
0
0
0
-4.4828
0
0
0
0
0
0
0
0
0
0
0
0
0
0
0
8.97
0
0
0
0
0
0
0
0
0
0
0
0
0
0
0
0
0
0
0
-4.8886
0
0
0
0
0
0
0
0
0
0
0
0
0
0
0
0
0
0
0
0
0
0
0
0
0
0
0
0
0
0
0
0
0
0
0
0
-3.6194
0
0
0
0
0
0
0
0
0
0
0
0
0
0
0
0
0
0
0
0
0
0
0
0
0
0
0
0
0
0
0
0
0
0
0
0
0
0
0
0
0
0
0
0
0
0
0
0
0
0
0
0
8.508
0
0
0
0
0
0
0
0
0
0
0
0
0
0
0
0
0
-4.3037
0
0
0
0
0
0
0
0
0
0
0
0
0
0
0
0
0
0
0
0
0
0
0
0
0
0
0
0
0
0
0
0
0
0
-3.4197
0
0
0
0
0
0
0
0
0
0
0
0
0
0
0
0
0
0
0
0
0
0
0
0
0
0
0
0
0
0
0
0
0
0
0
0
0
0
0
0
0
0
0
0
0
0
0
0
0
0
0
0
0
0
0
0
7.7234
0
0
0
0
0
0
0
0
0
0
0
0
0
0
0
0
0
0
0
0
0
0
0
0
0
0
0
0
0
0
0
0
0
0
0
0
0
0
0
0
0
0
0
0
0
0
0
0
0
0
0
0
0
0
0
0
0
0
0
0
0
0
-3.9368
0
0
0
0
0
0
0
0
0
0
0
0
0
0
0
0
0
0
0
0
0
0
-4.5168
0
0
0
0
0
0
0
0
0
0
0
0
0
0
0
0
0
0
0
0
0
0
0
8.4535
0
0
0
0
0
0
0
0
0
0
0
0
0
0
0
0
0
0
0
0
0
0
-4.2505
0
0
0
0
0
0
0
0
0
0
0
0
0
0
0
0
0
0
0
0
0
0
0
0
0
0
0
-3.5113
0
0
0
0
0
0
0
0
0
0
0
0
0
0
0
0
0
0
0
0
0
0
0
0
0
0
0
0
0
0
0
0
0
0
0
0
0
0
0
0
0
0
0
0
0
0
0
0
0
0
0
0
0
0
0
0
0
0
7.7618
0
0
0
0
0
0
0
0
0
0
0
0
0
0
0
0
0
0
0
0
0
0
0
0
0
0
0
0
0
0
0
0
0
0
0
0
0
0
0
0
0
0
0
0
0
0
0
0
0
0
0
0
0
0
0
0
0
0
0
0
0
-4.2179
-3.6654
0
0
0
0
0
0
0
0
0
0
0
0
0
0
0
0
0
0
0
0
0
0
0
0
0
0
0
0
0
0
0
0
0
0
0
0
0
0
0
0
0
0
0
0
0
0
7.8833
0
0
0
0
0
0
0
0
0
0
0
0
0
0
0
0
0
0
0
0
0
0
0
0
0
0
0
0
0
0
0
0
0
0
0
0
0
0
0
0
0
0
0
0
0
0
0
0
0
0
0
0
0
0
0
0
0
0
0
0
-5.6944
0
0
0
0
0
0
0
0
0
0
0
0
0
0
0
0
0
0
0
0
0
0
0
0
0
0
0
0
0
0
0
0
0
0
0
0
0
0
0
0
0
0
0
0
0
0
0
0
5.6944
0
0
0
0
0
0
0
0
0
0
0
0
0
0
0
0
0
0
0
0
0
0
0
0
0
0
0
-5.7609
0
0
0
0
0
0
0
0
0
0
0
0
0
0
0
0
0
0
0
0
0
0
0
0
0
0
0
0
0
0
0
0
0
0
0
0
0
0
0
0
0
0
0
0
0
0
0
0
0
0
0
0
0
0
0
0
0
0
0
0
0
0
0
0
0
0
0
0
0
0
0
0
0
0
0
0
0
0
0
0
0
5.7609
0
0
0
0
0
0
0
0
0
0
0
0
0
0
0
0
0
0
0
0
0
0
0
0
0
0
0
0
0
0
0
0
0
0
0
0
0
0
0
0
0
0
0
0
0
0
0
0
0
0
0
-2.9038
0
0
0
0
0
0
0
0
0
0
0
0
0
0
0
0
0
0
0
0
0
0
0
0
0
0
0
0
0
0
0
0
0
0
0
0
0
0
0
0
0
0
0
0
0
0
0
0
0
0
0
0
0
0
0
0
0
2.9038
0
0
0
0
0
0
0
0
0
0
0
0
0
0
0
0
0
0
0
0
0
0
0
0
0
0
0
0
0
0
0
0
0
0
0
0
0
0
0
0
0
0
0
0
0
0
0
0
0
0
0
0
0
0
0
0
0
0
0
0
0
0
0
0
0
0
0
0
0
0
0
0
0
0
0
0
0
0
0
0
0
-0.73416
0
0
0
0
0
0
0
0
0
0
0
0
0
0
0
0
0
0
0
0
0
0
0
0
0
0
0
0.73416
0
0
0
0
0
0
0
0
0
0
0
0
0
0
0
0
0
0
0
0
0
0
0
0
0
0
0
0
0
0
0
0
0
0
0
0
0
0
0
0
0
0
0
0
0
0
0
0
0
0
0
0
0
0
0
0
0
0
0
0
0
0
0
0
0
0
0
0
0
0
0
0
0
0
0
-5.4326
0
0
0
0
0
0
0
0
0
0
0
0
0
0
0
0
0
0
0
0
0
0
0
0
0
0
0
0
0
0
0
0
0
5.4326
0
0
0
0
0
0
0
0
0
0
0
0
0
0
0
0
0
0
0
0
0
0
0
0
0
0
0
0
-4.8032
0
0
0
0
0
0
0
0
0
0
0
0
0
0
0
0
0
0
0
0
0
0
0
0
0
0
0
0
0
0
0
0
0
0
0
0
0
0
0
0
0
0
0
0
0
0
0
0
0
0
0
0
0
0
0
0
0
0
0
0
0
0
0
0
0
0
0
0
0
0
0
0
0
0
0
0
0
0
0
0
4.8032
0
0
0
0
0
0
0
0
0
0
0
0
0
-6.749
0
0
0
0
0
0
0
0
0
0
0
0
0
0
0
0
0
0
0
0
0
0
0
0
0
0
0
0
0
0
0
0
0
0
0
0
0
0
0
0
0
0
0
0
0
0
0
0
0
0
0
0
0
0
0
0
0
0
0
0
0
0
0
0
0
0
0
0
0
0
0
0
0
0
0
0
0
0
0
0
0
0
0
0
0
0
0
0
0
0
0
0
0
0
0
6.749
0
0
0
0
0
0
0
0
0
0
0
0
0
0
0
0
0
0
0
0
0
0
0
0
0
0
0
0
-3.3843
0
0
0
0
0
0
0
0
0
0
0
0
0
0
0
0
0
0
0
0
0
0
0
0
0
0
0
0
0
0
0
0
0
0
0
0
0
0
0
0
0
0
0
0
0
0
0
0
0
0
0
0
0
0
0
0
0
0
0
0
0
0
0
0
0
0
0
0
0
0
0
0
0
0
0
0
0
0
0
0
3.3843
0
0
0
0
0
0
0
0
0
0
0
0
0
0
0
0
0
0
0
0
0
0
0
0
-5.5288
0
0
0
0
0
0
0
0
0
0
0
0
0
0
0
0
0
0
0
0
0
0
0
0
0
0
0
0
0
0
0
0
0
0
0
0
0
0
0
0
0
0
0
0
0
0
0
0
0
0
0
0
0
0
0
0
0
0
0
0
0
0
0
0
0
0
0
0
0
0
0
0
0
0
0
0
0
0
0
0
0
0
0
0
5.5288
0
0
0
0
0
0
0
0
0
0
0
0
0
0
0
0
0
0
0
0
0
-5.3511
0
0
0
0
0
0
0
0
0
0
0
0
0
0
0
0
0
0
0
0
0
0
0
0
0
0
0
0
0
0
0
0
0
0
0
0
0
0
0
0
0
0
0
0
0
0
0
0
0
0
0
0
0
0
0
0
0
0
0
0
0
0
0
0
0
0
0
0
0
0
0
0
0
0
0
0
0
0
0
0
0
0
0
0
0
0
0
5.3511
0
0
0
0
0
0
0
0
0
0
0
0
0
0
0
0
0
0
0
0
0
0
0
0
0
0
0
0
0
0
0
0
0
0
0
0
0
0
0
0
0
0
0
-2.9038
0
0
0
0
0
0
0
0
0
0
0
0
0
0
0
0
0
0
0
0
0
0
0
0
0
0
0
0
0
0
0
0
0
0
0
0
0
0
0
0
0
0
0
0
0
0
0
0
0
0
0
0
0
0
0
0
0
0
0
0
0
0
0
0
0
2.9038
