29.0394
-0.22708
-0.23919
-0.25895
-0.22948
-0.23572
-0.24538
-0.2568
-0.26718
-0.27497
-0.28145
-0.28471
-0.2693
-0.28233
-0.28298
-0.27066
-0.28259
-0.33041
-0.31294
-0.30049
-0.31894
-0.30415
-0.33314
-0.31812
-0.29412
-0.30987
-0.31803
-0.37078
-0.33997
-0.30994
-0.31461
-0.36412
-0.36179
-0.3899
-0.41252
-0.42779
-0.55845
-0.97352
-0.92144
-0.94226
-1.06
-1.0906
-1.3554
0
-1.3416
0
0
0
0
0
0
0
0
0
0
-2.3063
0
0
-1.8093
0
0
0
0
0
0
0
0
0
0
0
0
0
-3.5474
0
0
-2.5128
0
0
0
0
0
0
0
0
0
0
0
0
0
0
0
0
0
0
0
0
0
0
0
0
0
0
0
0
0
0
0
0
0
-0.22708
26.7385
-0.23463
-0.24541
-0.2221
-0.23133
-0.24096
-0.24977
-0.29545
-0.26582
-0.27321
-0.27515
-0.26361
-0.25487
-0.26219
-0.27419
-0.27305
-0.33013
-0.30536
-0.29757
-0.31588
-0.31061
-0.32032
-0.30225
-0.28778
-0.30904
-0.3025
-0.37294
-0.32001
-0.34473
-0.33507
-0.37897
-0.33751
-0.39178
-0.41364
-0.407
-0.5925
-0.97839
-0.89493
-0.96434
-1.0669
-1.0503
-1.4565
0
0
0
0
-1.4286
0
0
-1.3673
0
0
0
0
0
0
0
-1.9023
-2.0668
0
-2.4977
0
0
0
0
0
0
0
0
0
0
0
0
0
0
0
0
0
0
0
0
0
0
0
0
0
0
0
0
0
0
0
0
0
0
0
0
0
0
0
0
0
0
0
0
0
0
0
-0.23919
-0.23463
25.7728
-0.249
-0.24069
-0.23949
-0.24767
-0.27739
-0.32989
-0.27377
-0.30618
-0.30301
-0.2836
-0.29938
-0.31142
-0.31615
-0.31337
-0.36679
-0.33857
-0.34954
-0.34013
-0.35349
-0.35673
-0.37902
-0.32365
-0.35003
-0.3546
-0.41218
-0.40168
-0.39502
-0.37779
-0.42701
-0.36199
-0.47875
-0.50071
-0.44747
-0.70227
-0.54351
-0.8306
-1.0678
-1.1741
-1.1423
-1.5285
0
0
0
0
0
0
0
0
-2.1522
0
0
0
0
0
0
0
0
0
0
0
0
0
0
0
0
0
0
0
0
0
0
0
0
0
0
0
0
0
0
0
0
0
0
0
0
0
0
0
0
0
0
-4.8516
0
0
0
0
0
0
0
0
0
0
0
0
0
0
-0.25895
-0.24541
-0.249
27.4652
-0.25117
-0.24411
-0.25858
-0.28454
-0.3534
-0.32003
-0.33835
-0.34543
-0.31725
-0.33182
-0.33604
-0.35372
-0.33815
-0.40158
-0.37079
-0.37627
-0.43529
-0.389
-0.38809
-0.40299
-0.35003
-0.4114
-0.39271
-0.43865
-0.43742
-0.42697
-0.44336
-0.51577
-0.43894
-0.49426
-0.54417
-0.54884
-0.74791
-1.1564
-1.0443
-1.0895
-0.42947
-1.1478
-1.6245
0
0
0
-1.6341
0
0
0
0
0
0
0
0
0
0
0
0
0
0
0
0
0
0
0
0
0
0
0
0
0
0
0
0
0
0
0
0
0
0
0
0
0
0
0
0
0
0
0
0
0
0
-5.5588
0
0
0
0
0
0
0
0
0
0
0
0
0
0
0
-0.22948
-0.2221
-0.24069
-0.25117
23.0983
-0.24294
-0.25687
-0.23408
-0.30259
-0.27199
-0.2907
-0.30147
-0.27362
-0.28437
-0.26898
-0.28033
-0.28817
-0.32487
-0.32151
-0.3256
-0.32787
-0.31732
-0.34849
-0.32154
-0.28981
-0.32887
-0.33573
-0.39165
-0.34031
-0.35901
-0.34877
-0.39229
-0.36058
-0.41729
-0.45704
-0.40028
-0.63584
-1.0348
-0.93536
-1.0061
-1.1267
-1.0967
0
0
0
0
0
0
0
0
0
0
0
0
0
0
0
0
-1.9078
-2.0849
-2.3217
0
0
0
0
0
0
0
0
0
0
0
0
0
0
0
0
0
0
0
0
0
0
0
0
0
0
0
0
0
0
0
0
0
0
0
0
0
0
0
0
0
0
0
0
0
0
0
0
-0.23572
-0.23133
-0.23949
-0.24411
-0.24294
20.0632
-0.24362
-0.2673
-0.30846
-0.28105
-0.30498
-0.28942
-0.28171
-0.29286
-0.29181
-0.2965
-0.28996
-0.35137
-0.33027
-0.3337
-0.37002
-0.33041
-0.32908
-0.32815
-0.3072
-0.33195
-0.33235
-0.36001
-0.3559
-0.37114
-0.35892
-0.4001
-0.40593
-0.41865
-0.45497
-0.43305
-0.61535
-1.0051
-0.96175
-0.97873
-1.0445
-1.1027
-1.544
0
0
0
-1.5666
0
0
0
0
0
0
0
0
0
0
0
0
0
0
0
0
0
0
0
0
0
0
0
0
0
0
0
0
0
0
0
0
0
0
0
0
0
0
0
0
0
0
0
0
0
0
0
0
0
0
0
0
0
0
0
0
0
0
0
0
0
0
-0.24538
-0.24096
-0.24767
-0.25858
-0.25687
-0.24362
22.1814
-0.27475
-0.32177
-0.28738
-0.30416
-0.30872
-0.30696
-0.30194
-0.30331
-0.31879
-0.30073
-0.35552
-0.34226
-0.34512
-0.33657
-0.34851
-0.35899
-0.34746
-0.30935
-0.35528
-0.33978
-0.39789
-0.36593
-0.38309
-0.37102
-0.45096
-0.38575
-0.40227
-0.45121
-0.44705
-0.65488
-1.044
-1.0077
-1.0319
-1.1595
-1.0757
0
0
-1.4542
0
0
0
0
0
0
0
0
0
0
0
0
0
0
0
0
0
0
0
0
0
0
0
0
0
0
0
0
0
0
0
0
-3.1381
0
0
0
0
0
0
0
0
0
0
0
0
0
0
0
0
0
0
0
0
0
0
0
0
0
0
0
0
0
0
0
-0.2568
-0.24977
-0.27739
-0.28454
-0.23408
-0.2673
-0.27475
24.3456
-0.35644
-0.33367
-0.33305
-0.32647
-0.31857
-0.33574
-0.31738
-0.27848
-0.32939
-0.40382
-0.34912
-0.37742
-0.36425
-0.39561
-0.39017
-0.40515
-0.35237
-0.37055
-0.38734
-0.45885
-0.4003
-0.41679
-0.44653
-0.46047
-0.40635
-0.51443
-0.5382
-0.51902
-0.74104
0
-1.0912
-1.1297
-1.2521
0
0
0
0
0
0
0
0
0
0
0
0
0
0
0
-2.0731
0
0
0
0
0
0
0
0
0
0
0
0
0
0
0
0
0
0
0
0
0
0
0
0
0
0
-5.3279
0
0
0
0
0
0
0
0
0
0
0
0
0
0
0
0
0
0
0
0
0
0
0
0
0
-0.26718
-0.29545
-0.32989
-0.3534
-0.30259
-0.30846
-0.32177
-0.35644
29.5352
-0.39491
-0.39188
-0.39768
-0.38272
-0.40896
-0.38899
-0.40634
-0.38678
-0.51508
-0.42969
-0.43565
-0.47033
-0.49371
-0.48218
-0.46902
-0.42735
-0.4554
-0.47082
-0.54375
-0.49689
-0.43092
-0.48441
-0.55127
-0.54045
-0.63656
-0.64091
-0.63464
-0.8254
0
-1.1968
-1.2358
0
0
0
0
0
0
0
0
0
0
0
0
0
0
0
0
0
0
0
0
0
0
0
0
0
0
0
0
0
0
0
0
-3.5135
0
0
0
0
0
0
0
0
0
0
0
0
0
0
0
0
0
0
0
0
0
0
0
0
0
0
0
0
0
0
0
-7.4612
0
0
0
0
-0.27497
-0.26582
-0.27377
-0.32003
-0.27199
-0.28105
-0.28738
-0.33367
-0.39491
24.7752
-0.3546
-0.34378
-0.34455
-0.35909
-0.33822
-0.35863
-0.30303
-0.42151
-0.36361
-0.3873
-0.40361
-0.4202
-0.39915
-0.33555
-0.36136
-0.40292
-0.37867
-0.31723
-0.41486
-0.44768
-0.44303
-0.48596
-0.30094
-0.56637
-0.56994
-0.50402
0
0
0
-1.159
0
0
0
0
0
0
0
0
0
0
0
0
0
0
-2.0332
0
0
0
0
0
0
0
0
0
0
0
0
0
0
0
-3.7638
0
0
0
0
0
0
0
0
0
0
0
0
0
0
0
0
0
0
0
0
0
0
0
0
0
-4.7898
0
0
0
0
0
0
0
0
0
0
0
0
-0.28145
-0.27321
-0.30618
-0.33835
-0.2907
-0.30498
-0.30416
-0.33305
-0.39188
-0.3546
17.7656
-0.35724
-0.37599
-0.37047
-0.39032
-0.40118
-0.34769
-0.46132
-0.38504
-0.43751
-0.45906
-0.44105
-0.4466
-0.45779
-0.3953
-0.41904
-0.44144
-0.50429
-0.44657
-0.50892
-0.47821
-0.52242
-0.52569
-0.59791
-0.57498
-0.59594
-0.80412
0
-1.2305
-1.2104
0
0
0
0
0
0
0
0
0
0
0
0
0
0
0
0
0
0
0
0
0
0
0
0
0
0
0
0
0
0
0
0
0
0
0
0
0
0
0
0
0
0
0
0
0
0
0
0
0
0
0
0
0
0
0
0
0
0
0
0
0
0
0
0
0
0
0
0
0
-0.28471
-0.27515
-0.30301
-0.34543
-0.30147
-0.28942
-0.30872
-0.32647
-0.39768
-0.34378
-0.35724
19.9312
-0.39608
-0.35201
-0.33476
-0.35837
-0.33837
-0.42705
-0.37556
-0.39771
-0.4007
-0.41499
-0.3895
-0.40717
-0.37873
-0.43739
-0.40401
-0.44304
-0.4343
-0.45765
-0.33892
-0.53028
-0.46046
-0.48359
-0.55872
-0.53789
0
0
0
0
0
0
0
0
0
-1.3918
0
0
-1.7072
0
0
0
0
0
0
0
0
0
0
0
0
0
0
0
0
0
0
-3.2418
0
0
0
0
0
0
0
0
0
0
0
0
0
0
0
0
0
0
0
0
0
0
0
0
0
0
0
0
0
0
0
0
0
0
0
0
0
0
0
0
0
-0.2693
-0.26361
-0.2836
-0.31725
-0.27362
-0.28171
-0.30696
-0.31857
-0.38272
-0.34455
-0.37599
-0.39608
19.3451
-0.34065
-0.35716
-0.38315
-0.35606
-0.42021
-0.37712
-0.40158
-0.40729
-0.41062
-0.3913
-0.4225
-0.37731
-0.3649
-0.42739
-0.4788
-0.39908
-0.47089
-0.41723
-0.48215
-0.51381
-0.51216
-0.55031
0
0
0
0
0
0
0
0
0
0
0
0
0
-1.8232
0
0
-2.3895
0
0
0
0
0
0
-2.0567
0
0
0
0
0
0
0
0
0
0
0
0
0
0
0
0
0
0
0
0
0
0
0
0
0
0
0
0
0
0
0
0
0
0
0
0
0
0
0
0
0
0
0
0
0
0
0
0
0
0
-0.28233
-0.25487
-0.29938
-0.33182
-0.28437
-0.29286
-0.30194
-0.33574
-0.40896
-0.35909
-0.37047
-0.35201
-0.34065
23.7756
-0.35005
-0.36661
-0.34364
-0.42613
-0.37615
-0.38913
-0.41971
-0.40939
-0.44128
-0.38051
-0.37057
-0.3978
-0.263
-0.46439
-0.4524
-0.45848
-0.43974
-0.48294
-0.47431
-0.5462
-0.52914
0
0
0
0
0
0
0
0
0
0
0
0
0
0
0
0
0
0
0
0
0
0
0
0
0
0
-2.3526
0
0
0
0
0
0
0
0
0
0
0
0
0
0
0
0
0
0
0
0
0
0
-4.1103
0
0
0
0
0
-4.3166
0
0
0
0
0
0
0
0
0
0
0
0
0
0
0
0
0
0
-0.28298
-0.26219
-0.31142
-0.33604
-0.26898
-0.29181
-0.30331
-0.31738
-0.38899
-0.33822
-0.39032
-0.33476
-0.35716
-0.35005
16.623
-0.3768
-0.32517
-0.43008
-0.34104
-0.40416
-0.41218
-0.41718
-0.4323
-0.40267
-0.3642
-0.39771
-0.4202
-0.48444
-0.38824
-0.45177
-0.45538
-0.47958
-0.45649
-0.54974
-0.53992
-0.56287
-0.81809
0
0
0
0
0
0
0
0
0
0
0
0
0
0
0
0
0
0
0
0
0
0
-2.1791
0
0
0
0
0
0
0
0
0
0
0
0
0
0
0
0
0
0
0
0
0
0
0
0
0
0
0
0
0
0
0
0
0
0
0
0
0
0
0
0
0
0
0
0
0
0
0
0
0
-0.27066
-0.27419
-0.31615
-0.35372
-0.28033
-0.2965
-0.31879
-0.27848
-0.40634
-0.35863
-0.40118
-0.35837
-0.38315
-0.36661
-0.3768
18.5027
-0.35839
-0.45331
-0.39783
-0.42543
-0.43647
-0.43942
-0.43755
-0.44519
-0.39286
-0.40073
-0.43524
-0.5177
-0.45734
-0.46699
-0.46852
-0.47211
-0.50012
-0.58482
-0.58112
-0.55698
0
0
0
0
0
0
0
0
0
0
0
0
0
0
0
0
0
0
0
-2.0576
0
0
0
0
-2.1771
0
0
0
0
0
0
0
0
0
0
0
0
0
0
0
0
0
0
0
0
0
0
0
0
0
0
0
0
0
0
0
0
0
0
0
0
0
0
0
0
0
0
0
0
0
0
0
0
-0.28259
-0.27305
-0.31337
-0.33815
-0.28817
-0.28996
-0.30073
-0.32939
-0.38678
-0.30303
-0.34769
-0.33837
-0.35606
-0.34364
-0.32517
-0.35839
15.4672
-0.42602
-0.34229
-0.40334
-0.41205
-0.41477
-0.41281
-0.33944
-0.35935
-0.37589
-0.37046
-0.46228
-0.38786
-0.43731
-0.4615
-0.46828
-0.46357
-0.52577
-0.50666
0
-0.69986
0
0
0
0
0
0
0
0
0
0
0
0
0
0
0
0
0
-2.0231
0
0
0
0
0
0
0
0
0
0
0
0
0
0
0
0
0
0
0
0
0
0
0
0
0
0
0
0
0
0
0
0
0
0
0
0
0
0
0
0
0
0
0
0
0
0
0
0
0
0
0
0
0
0
-0.33041
-0.33013
-0.36679
-0.40158
-0.32487
-0.35137
-0.35552
-0.40382
-0.51508
-0.42151
-0.46132
-0.42705
-0.42021
-0.42613
-0.43008
-0.45331
-0.42602
22.5975
-0.46436
-0.49957
-0.50914
-0.51728
-0.51915
-0.52322
-0.45988
-0.49767
-0.51551
-0.57285
-0.52399
-0.56787
-0.53125
-0.61978
-0.58942
-0.67716
-0.67536
0
0
0
0
0
0
0
0
0
0
0
0
0
0
0
0
0
0
0
0
0
0
0
0
0
0
0
0
0
0
0
0
0
0
0
0
0
0
0
0
0
0
0
0
0
0
0
0
0
0
0
0
0
0
0
0
0
0
0
0
0
0
0
0
-6.4889
0
0
0
0
0
0
0
0
0
-0.31294
-0.30536
-0.33857
-0.37079
-0.32151
-0.33027
-0.34226
-0.34912
-0.42969
-0.36361
-0.38504
-0.37556
-0.37712
-0.37615
-0.34104
-0.39783
-0.34229
-0.46436
14.148
-0.45177
-0.45461
-0.45628
-0.46005
-0.45298
-0.38209
-0.47225
-0.46709
-0.5286
-0.43292
-0.46459
-0.49983
-0.5241
-0.55137
-0.53078
-0.4952
0
0
0
0
0
0
0
0
0
0
0
0
0
0
0
0
0
0
0
0
0
0
0
0
0
0
0
0
0
0
0
0
0
0
0
0
0
0
0
0
0
0
0
0
0
0
0
0
0
0
0
0
0
0
0
0
0
0
0
0
0
0
0
0
0
0
0
0
0
0
0
0
0
0
-0.30049
-0.29757
-0.34954
-0.37627
-0.3256
-0.3337
-0.34512
-0.37742
-0.43565
-0.3873
-0.43751
-0.39771
-0.40158
-0.38913
-0.40416
-0.42543
-0.40334
-0.49957
-0.45177
25.6985
-0.46232
-0.4634
-0.53298
-0.46723
-0.41433
-0.4723
-0.47373
-0.53196
-0.50852
-0.49595
0
-0.56939
0
0
0
0
0
0
0
0
0
0
0
0
0
0
0
0
0
0
0
0
0
0
0
0
0
0
0
0
0
0
0
-2.8425
0
0
0
0
0
0
0
0
0
-4.022
0
0
0
0
0
0
0
0
0
0
0
0
0
0
0
0
0
0
0
0
0
0
0
0
0
0
0
0
0
0
0
0
0
-6.103
0
-0.31894
-0.31588
-0.34013
-0.43529
-0.32787
-0.37002
-0.33657
-0.36425
-0.47033
-0.40361
-0.45906
-0.4007
-0.40729
-0.41971
-0.41218
-0.43647
-0.41205
-0.50914
-0.45461
-0.46232
19.4106
-0.49029
-0.49373
-0.47886
-0.46432
-0.4553
-0.514
-0.57663
-0.51774
-0.55728
0
-0.6444
0
0
0
0
0
0
0
0
0
0
0
-1.5426
0
-0.99183
0
0
0
0
0
0
0
0
0
0
0
0
0
0
0
0
0
0
0
0
0
0
0
0
0
0
0
0
0
0
0
0
-3.6272
0
0
0
0
0
0
0
0
0
0
0
0
0
0
0
0
0
0
0
0
0
0
0
0
0
0
0
0
0
0
-0.30415
-0.31061
-0.35349
-0.389
-0.31732
-0.33041
-0.34851
-0.39561
-0.49371
-0.4202
-0.44105
-0.41499
-0.41062
-0.40939
-0.41718
-0.43942
-0.41477
-0.51728
-0.45628
-0.4634
-0.49029
22.5144
-0.49038
-0.49902
-0.43508
-0.48376
-0.49141
-0.5574
-0.49992
-0.53618
0
0
0
0
-0.62913
0
0
-1.3826
0
0
0
0
0
0
-1.6911
0
0
0
0
0
0
0
0
0
0
0
0
0
0
0
0
0
0
0
0
0
0
0
0
0
0
0
0
0
0
0
0
0
0
0
0
0
0
0
0
0
0
0
0
0
0
0
0
0
0
0
0
0
0
0
0
0
0
0
0
0
-6.2807
0
0
-0.33314
-0.32032
-0.35673
-0.38809
-0.34849
-0.32908
-0.35899
-0.39017
-0.48218
-0.39915
-0.4466
-0.3895
-0.3913
-0.44128
-0.4323
-0.43755
-0.41281
-0.51915
-0.46005
-0.53298
-0.49373
-0.49038
19.9571
-0.51313
-0.45515
-0.47781
-0.4862
-0.49181
-0.40722
0
0
0
0
0
0
0
0
0
0
0
0
0
0
0
0
0
0
0
0
0
0
0
0
0
0
0
0
0
0
0
0
0
0
0
0
-2.5897
0
0
0
0
0
0
0
0
0
0
0
0
0
0
0
0
0
0
0
0
0
0
0
0
0
0
0
0
0
0
0
0
0
0
0
0
0
-5.3821
0
0
0
0
0
-0.31812
-0.30225
-0.37902
-0.40299
-0.32154
-0.32815
-0.34746
-0.40515
-0.46902
-0.33555
-0.45779
-0.40717
-0.4225
-0.38051
-0.40267
-0.44519
-0.33944
-0.52322
-0.45298
-0.46723
-0.47886
-0.49902
-0.51313
16.7391
-0.45661
-0.46756
-0.42329
-0.53095
-0.46546
0
0
0
0
0
0
0
0
0
0
0
0
0
0
0
0
0
0
0
0
0
-1.5434
0
0
0
0
0
0
0
0
0
0
0
0
0
0
0
0
0
0
0
0
0
0
0
0
0
0
0
0
0
0
-3.4528
0
0
0
0
0
0
0
0
0
0
0
0
0
0
0
0
0
0
0
0
0
0
0
0
0
0
0
-0.29412
-0.28778
-0.32365
-0.35003
-0.28981
-0.3072
-0.30935
-0.35237
-0.42735
-0.36136
-0.3953
-0.37873
-0.37731
-0.37057
-0.3642
-0.39286
-0.35935
-0.45988
-0.38209
-0.41433
-0.46432
-0.43508
-0.45515
-0.45661
15.168
-0.38231
-0.47487
-0.54423
-0.41531
-0.48801
0
0
0
0
0
0
0
0
0
0
0
0
0
0
0
0
0
0
0
0
0
0
0
0
0
0
0
0
0
0
0
0
0
0
0
0
0
0
0
0
0
0
0
0
0
0
0
0
0
0
0
0
0
0
0
0
0
0
0
0
0
0
0
0
0
0
0
0
0
0
0
0
0
0
0
-3.8545
0
0
0
-0.30987
-0.30904
-0.35003
-0.4114
-0.32887
-0.33195
-0.35528
-0.37055
-0.4554
-0.40292
-0.41904
-0.43739
-0.3649
-0.3978
-0.39771
-0.40073
-0.37589
-0.49767
-0.47225
-0.4723
-0.4553
-0.48376
-0.47781
-0.46756
-0.38231
14.7556
-0.49046
0
-0.40466
0
0
0
0
0
0
0
0
0
0
0
0
0
0
0
0
-1.5425
0
0
0
0
0
0
-2.1902
0
0
0
0
0
0
0
0
0
0
0
0
0
0
0
0
0
0
0
0
0
0
0
0
0
0
0
0
0
0
0
0
0
0
0
0
0
0
0
0
0
0
0
0
0
0
0
0
0
0
0
0
0
0
0
0
-0.31803
-0.3025
-0.3546
-0.39271
-0.33573
-0.33235
-0.33978
-0.38734
-0.47082
-0.37867
-0.44144
-0.40401
-0.42739
-0.263
-0.4202
-0.43524
-0.37046
-0.51551
-0.46709
-0.47373
-0.514
-0.49141
-0.4862
-0.42329
-0.47487
-0.49046
20.2146
0
0
0
0
0
0
0
0
0
0
0
0
0
0
0
0
0
0
0
0
0
0
0
0
0
0
0
-2.2491
0
0
0
0
0
0
0
0
0
-2.9072
0
0
0
0
0
0
0
0
0
0
0
0
0
0
0
0
0
0
0
-4.3475
0
0
0
0
0
0
0
0
0
0
0
0
0
0
0
0
0
0
0
0
0
0
0
0
-0.37078
-0.37294
-0.41218
-0.43865
-0.39165
-0.36001
-0.39789
-0.45885
-0.54375
-0.31723
-0.50429
-0.44304
-0.4788
-0.46439
-0.48444
-0.5177
-0.46228
-0.57285
-0.5286
-0.53196
-0.57663
-0.5574
-0.49181
-0.53095
-0.54423
0
0
18.1224
0
0
0
0
0
0
0
0
0
0
0
0
0
0
0
0
0
0
0
0
0
0
0
0
0
0
0
0
0
0
0
0
0
0
0
0
0
0
-2.9786
0
0
0
-3.3904
0
0
0
0
0
0
0
0
0
0
0
0
0
0
0
0
0
0
0
0
0
0
0
0
0
0
0
0
0
0
0
0
0
0
0
0
0
0
-0.33997
-0.32001
-0.40168
-0.43742
-0.34031
-0.3559
-0.36593
-0.4003
-0.49689
-0.41486
-0.44657
-0.4343
-0.39908
-0.4524
-0.38824
-0.45734
-0.38786
-0.52399
-0.43292
-0.50852
-0.51774
-0.49992
-0.40722
-0.46546
-0.41531
-0.40466
0
0
13.3516
0
0
0
0
0
0
0
0
0
0
0
0
0
0
0
0
0
0
0
0
0
0
0
0
0
0
0
0
0
0
0
0
0
0
0
0
-2.3368
0
0
0
0
0
0
0
0
0
0
0
0
0
0
0
0
0
0
0
0
0
0
0
0
0
0
0
0
0
0
0
0
0
0
0
0
0
0
0
0
0
0
0
-0.30994
-0.34473
-0.39502
-0.42697
-0.35901
-0.37114
-0.38309
-0.41679
-0.43092
-0.44768
-0.50892
-0.45765
-0.47089
-0.45848
-0.45177
-0.46699
-0.43731
-0.56787
-0.46459
-0.49595
-0.55728
-0.53618
0
0
-0.48801
0
0
0
0
14.8865
0
0
0
0
0
0
0
0
0
0
0
0
0
0
0
0
0
0
0
-1.2831
0
0
0
0
0
0
0
0
0
0
0
0
0
0
0
0
0
0
0
0
0
0
0
0
0
0
-3.3562
0
0
0
0
0
0
0
0
0
0
0
0
0
0
0
0
0
0
0
0
0
0
0
0
0
0
0
0
0
0
0
0
-0.31461
-0.33507
-0.37779
-0.44336
-0.34877
-0.35892
-0.37102
-0.44653
-0.48441
-0.44303
-0.47821
-0.33892
-0.41723
-0.43974
-0.45538
-0.46852
-0.4615
-0.53125
-0.49983
0
0
0
0
0
0
0
0
0
0
0
24.0574
0
0
0
0
0
0
0
0
0
0
0
0
0
0
0
0
0
0
0
0
0
0
-1.9173
0
0
0
0
0
0
0
0
0
-2.6954
0
0
0
-2.8565
0
0
0
0
0
0
0
0
0
0
0
0
0
0
0
0
0
0
0
0
-4.287
0
0
-4.287
0
0
0
0
0
0
0
0
0
0
0
0
0
0
0
0
0
-0.36412
-0.37897
-0.42701
-0.51577
-0.39229
-0.4001
-0.45096
-0.46047
-0.55127
-0.48596
-0.52242
-0.53028
-0.48215
-0.48294
-0.47958
-0.47211
-0.46828
-0.61978
-0.5241
-0.56939
-0.6444
0
0
0
0
0
0
0
0
0
0
14.0037
0
0
0
0
0
0
0
0
0
0
0
0
0
0
0
0
0
0
0
0
-2.2365
0
0
0
0
0
0
0
0
0
0
0
0
0
0
0
0
-1.5448
0
0
0
0
0
0
0
0
0
0
0
0
0
0
0
0
0
0
0
0
0
0
0
0
0
0
0
0
0
0
0
0
0
0
0
0
0
0
0
-0.36179
-0.33751
-0.36199
-0.43894
-0.36058
-0.40593
-0.38575
-0.40635
-0.54045
-0.30094
-0.52569
-0.46046
-0.51381
-0.47431
-0.45649
-0.50012
-0.46357
-0.58942
-0.55137
0
0
0
0
0
0
0
0
0
0
0
0
0
18.2907
0
0
0
0
-1.3374
0
0
0
0
0
0
0
0
0
0
0
0
0
0
0
0
0
0
-2.1916
0
0
0
0
0
0
0
-2.8473
0
0
0
0
0
-3.479
0
0
0
0
0
0
0
0
0
0
0
0
0
0
0
0
0
0
0
0
0
0
0
0
0
0
0
0
0
0
0
0
0
0
0
0
0
0
-0.3899
-0.39178
-0.47875
-0.49426
-0.41729
-0.41865
-0.40227
-0.51443
-0.63656
-0.56637
-0.59791
-0.48359
-0.51216
-0.5462
-0.54974
-0.58482
-0.52577
-0.67716
-0.53078
0
0
0
0
0
0
0
0
0
0
0
0
0
0
13.0594
0
0
0
0
0
0
0
0
0
0
-1.5166
0
0
0
-1.8244
0
0
0
0
0
0
0
0
0
0
0
0
0
0
0
0
0
0
0
0
0
0
0
0
0
0
0
0
0
0
0
0
0
0
0
0
0
0
0
0
0
0
0
0
0
0
0
0
0
0
0
0
0
0
0
0
0
0
0
0
-0.41252
-0.41364
-0.50071
-0.54417
-0.45704
-0.45497
-0.45121
-0.5382
-0.64091
-0.56994
-0.57498
-0.55872
-0.55031
-0.52914
-0.53992
-0.58112
-0.50666
-0.67536
-0.4952
0
0
-0.62913
0
0
0
0
0
0
0
0
0
0
0
0
12.4391
0
0
0
0
0
0
0
0
0
0
0
0
0
0
0
0
0
0
0
0
0
0
-1.8153
0
0
0
0
0
0
0
0
0
0
0
0
0
0
0
0
0
0
0
0
0
0
0
0
0
0
0
0
0
0
0
0
0
0
0
0
0
0
0
0
0
0
0
0
0
0
0
0
0
0
0
-0.42779
-0.407
-0.44747
-0.54884
-0.40028
-0.43305
-0.44705
-0.51902
-0.63464
-0.50402
-0.59594
-0.53789
0
0
-0.56287
-0.55698
0
0
0
0
0
0
0
0
0
0
0
0
0
0
0
0
0
0
0
20.8705
0
0
0
0
0
0
0
-1.465
0
0
0
-1.7758
0
0
0
0
0
0
0
0
0
0
0
0
0
0
0
0
0
0
0
0
0
0
0
0
0
0
0
0
0
0
-3.5044
-3.6864
0
-3.416
0
0
0
0
0
0
0
0
0
0
0
0
0
0
0
0
0
0
0
0
0
0
0
0
0
0
0
-0.55845
-0.5925
-0.70227
-0.74791
-0.63584
-0.61535
-0.65488
-0.74104
-0.8254
0
-0.80412
0
0
0
-0.81809
0
-0.69986
0
0
0
0
0
0
0
0
0
0
0
0
0
0
0
0
0
0
0
13.3975
0
0
0
0
0
0
0
0
0
0
0
0
0
0
0
-2.4295
0
0
0
0
0
0
0
0
0
0
0
-2.5723
0
0
0
0
0
0
0
0
0
0
0
0
0
0
0
0
0
0
0
0
0
0
0
0
0
0
0
0
0
0
0
0
0
0
0
0
0
0
0
0
0
0
0
0
-0.97352
-0.97839
-0.54351
-1.1564
-1.0348
-1.0051
-1.044
0
0
0
0
0
0
0
0
0
0
0
0
0
0
-1.3826
0
0
0
0
0
0
0
0
0
0
-1.3374
0
0
0
0
17.1497
0
0
0
0
0
0
0
0
0
0
0
0
0
0
0
0
0
0
0
0
0
0
0
0
0
0
0
0
0
0
0
0
0
0
0
0
0
0
0
0
0
0
0
0
0
0
0
0
0
0
0
0
0
0
0
0
-3.8102
0
-3.8837
0
0
0
0
0
0
0
0
0
0
0
0
-0.92144
-0.89493
-0.8306
-1.0443
-0.93536
-0.96175
-1.0077
-1.0912
-1.1968
0
-1.2305
0
0
0
0
0
0
0
0
0
0
0
0
0
0
0
0
0
0
0
0
0
0
0
0
0
0
0
12.247
0
0
0
0
0
0
0
0
0
0
0
0
-2.1324
0
0
0
0
0
0
0
0
0
0
0
0
0
0
0
0
0
0
0
0
0
0
0
0
0
0
0
0
0
0
0
0
0
0
0
0
0
0
0
0
0
0
0
0
0
0
0
0
0
0
0
0
0
0
0
0
0
-0.94226
-0.96434
-1.0678
-1.0895
-1.0061
-0.97873
-1.0319
-1.1297
-1.2358
-1.159
-1.2104
0
0
0
0
0
0
0
0
0
0
0
0
0
0
0
0
0
0
0
0
0
0
0
0
0
0
0
0
11.8155
0
0
0
0
0
0
0
0
0
0
0
0
0
0
0
0
0
0
0
0
0
0
0
0
0
0
0
0
0
0
0
0
0
0
0
0
0
0
0
0
0
0
0
0
0
0
0
0
0
0
0
0
0
0
0
0
0
0
0
0
0
0
0
0
0
0
0
0
0
-1.06
-1.0669
-1.1741
-0.42947
-1.1267
-1.0445
-1.1595
-1.2521
0
0
0
0
0
0
0
0
0
0
0
0
0
0
0
0
0
0
0
0
0
0
0
0
0
0
0
0
0
0
0
0
15.3719
0
0
0
0
0
0
0
0
0
0
0
0
0
0
0
0
0
0
0
0
0
0
0
0
0
0
0
0
0
0
0
0
0
-3.2627
0
0
0
0
0
0
0
0
0
0
0
0
0
0
0
0
0
0
-3.7959
0
0
0
0
0
0
0
0
0
0
0
0
0
0
0
-1.0906
-1.0503
-1.1423
-1.1478
-1.0967
-1.1027
-1.0757
0
0
0
0
0
0
0
0
0
0
0
0
0
0
0
0
0
0
0
0
0
0
0
0
0
0
0
0
0
0
0
0
0
0
11.9085
0
-1.9477
0
0
0
0
-2.2548
0
0
0
0
0
0
0
0
0
0
0
0
0
0
0
0
0
0
0
0
0
0
0
0
0
0
0
0
0
0
0
0
0
0
0
0
0
0
0
0
0
0
0
0
0
0
0
0
0
0
0
0
0
0
0
0
0
0
0
0
-1.3554
-1.4565
-1.5285
-1.6245
0
-1.544
0
0
0
0
0
0
0
0
0
0
0
0
0
0
0
0
0
0
0
0
0
0
0
0
0
0
0
0
0
0
0
0
0
0
0
0
16.033
0
-2.4579
0
0
0
0
0
0
0
0
0
0
0
0
0
0
0
0
0
0
0
0
0
0
0
0
0
0
0
0
0
0
0
0
0
0
0
0
0
0
0
0
0
0
0
0
0
0
0
0
0
0
0
0
0
0
0
-3.0332
0
0
0
0
0
0
0
-3.0332
0
0
0
0
0
0
0
0
0
0
0
0
0
0
0
0
0
0
0
0
-1.5426
0
0
0
0
0
0
0
0
0
0
0
0
0
0
-1.465
0
0
0
0
0
-1.9477
0
15.1655
0
0
0
0
0
-2.1872
0
0
0
0
0
-2.5498
0
0
0
0
0
0
0
-2.5849
0
0
0
0
0
0
0
0
0
0
0
0
0
-2.8884
0
0
0
0
0
0
0
0
0
0
0
0
0
0
0
0
0
0
0
0
0
0
0
0
0
0
0
0
0
0
0
-1.3416
0
0
0
0
0
-1.4542
0
0
0
0
0
0
0
0
0
0
0
0
0
0
-1.6911
0
0
0
0
0
0
0
0
0
0
0
-1.5166
0
0
0
0
0
0
0
0
-2.4579
0
12.6669
0
0
0
0
0
0
0
0
0
0
0
0
-2.3305
0
0
0
0
-1.875
0
0
0
0
0
0
0
0
0
0
0
0
0
0
0
0
0
0
0
0
0
0
0
0
0
0
0
0
0
0
0
0
0
0
0
0
0
0
0
0
0
0
0
0
0
0
0
0
0
0
0
0
0
0
0
0
0
-1.3918
0
0
0
0
0
0
0
0
-0.99183
0
0
0
0
-1.5425
0
0
0
0
0
0
0
0
0
0
0
0
0
0
0
0
0
0
0
16.6794
0
0
0
0
0
-2.7262
0
0
0
0
-2.7876
0
0
0
0
0
0
0
0
0
0
0
0
0
0
-3.8432
0
0
0
0
0
0
-3.3963
0
0
0
0
0
0
0
0
0
0
0
0
0
0
0
0
0
0
0
0
0
0
0
0
0
0
0
0
0
0
0
0
0
-1.6341
0
-1.5666
0
0
0
0
0
0
0
0
0
0
0
0
0
0
0
0
0
0
0
0
0
0
0
0
0
0
0
0
0
0
0
0
0
0
0
0
0
0
0
0
16.182
0
0
0
0
0
0
-2.4916
0
0
0
0
0
0
0
0
0
0
0
0
-2.7792
0
0
0
0
0
0
0
-3.8133
0
0
0
0
-3.8972
0
0
0
0
0
0
0
0
0
0
0
0
0
0
0
0
0
0
0
0
0
0
0
0
0
0
0
0
0
0
-1.4286
0
0
0
0
0
0
0
0
0
0
0
0
0
0
0
0
0
0
0
0
0
0
0
0
0
0
0
0
0
0
0
0
0
-1.7758
0
0
0
0
0
0
0
0
0
0
0
14.3975
0
0
0
0
0
0
0
0
-2.256
0
0
0
-2.7465
0
0
0
0
-2.9682
0
0
-3.2224
0
0
0
0
0
0
0
0
0
0
0
0
0
0
0
0
0
0
0
0
0
0
0
0
0
0
0
0
0
0
0
0
0
0
0
0
0
0
0
0
0
0
0
0
0
0
0
0
0
0
0
-1.7072
-1.8232
0
0
0
0
0
0
0
0
0
0
0
0
0
0
0
0
0
0
0
0
-1.8244
0
0
0
0
0
0
0
-2.2548
0
0
0
0
0
0
14.747
0
0
0
0
0
0
0
0
0
0
0
0
0
0
-3.0001
0
0
0
0
0
0
0
0
0
0
0
0
0
0
0
0
0
0
0
0
0
0
0
0
0
0
0
0
0
0
0
-4.1372
0
0
0
0
0
0
0
0
0
0
0
0
0
0
0
0
0
0
0
0
0
0
0
0
0
0
0
0
0
0
0
0
0
0
0
0
0
0
0
0
0
0
-1.2831
0
0
0
0
0
0
0
0
0
0
0
0
0
-2.1872
0
0
0
0
0
24.0484
0
0
0
0
0
0
0
0
0
0
0
0
0
0
0
0
0
0
0
0
0
0
0
0
0
0
0
0
0
0
0
0
0
0
0
0
0
0
-4.7376
0
0
-4.7376
0
0
0
0
0
-4.8097
-6.2932
0
0
0
0
0
0
0
0
0
0
0
-1.3673
0
0
0
0
0
0
0
0
0
0
0
0
0
0
0
0
0
0
0
0
0
-1.5434
0
0
0
0
0
0
0
0
0
0
0
0
0
0
0
0
0
0
0
0
0
0
0
0
0
0
17.6138
0
0
0
-2.8344
0
0
0
0
0
0
0
0
0
0
0
0
0
-3.6364
0
0
0
0
0
0
0
0
0
0
0
0
0
0
0
0
0
0
0
0
0
-4.1901
0
0
0
0
0
0
-4.0422
0
0
0
0
0
0
0
0
0
0
0
0
0
-2.1522
0
0
0
0
0
0
0
0
0
-2.3895
0
0
0
0
0
0
0
0
0
0
0
0
0
0
0
0
0
0
0
0
0
0
0
0
0
-2.1324
0
0
0
0
0
0
-2.7262
0
0
0
0
0
12.8145
0
0
0
0
0
0
0
0
0
0
0
0
0
0
0
0
0
0
0
0
0
0
0
0
0
0
0
-3.4142
0
0
0
0
0
0
0
0
0
0
0
0
0
0
0
0
0
0
0
0
0
0
0
0
0
0
0
0
0
0
0
0
0
0
0
0
0
0
0
0
0
0
0
0
0
0
0
0
0
0
0
0
0
0
-2.1902
0
0
0
0
0
-2.2365
0
0
0
0
-2.4295
0
0
0
0
0
0
0
0
0
0
0
0
0
0
0
12.7555
-3.2869
0
-2.6124
0
0
0
0
0
0
0
0
0
0
0
0
0
0
0
0
0
0
0
0
0
0
0
0
0
0
0
0
0
0
0
0
0
0
0
0
0
0
0
0
0
0
0
0
0
0
0
0
0
0
0
0
0
0
0
0
0
0
0
0
0
0
0
0
0
0
0
0
0
0
0
0
0
0
0
0
0
0
0
0
0
0
0
-1.9173
0
0
0
0
0
0
0
0
0
0
0
0
0
0
0
-2.4916
0
0
0
0
0
-3.2869
13.3887
0
0
0
0
0
0
0
0
0
0
0
0
-2.5858
-3.1071
0
0
0
0
0
0
0
0
0
0
0
0
0
0
0
0
0
0
0
0
0
0
0
0
0
0
0
0
0
0
0
0
0
0
0
0
0
0
0
0
0
0
0
0
0
0
0
0
0
0
-2.0332
0
0
0
0
0
0
-2.0231
0
0
0
0
0
0
0
0
0
-2.2491
0
0
0
0
0
0
0
0
0
0
0
0
0
0
0
0
0
0
0
0
0
0
0
-2.8344
0
0
0
12.4611
0
0
0
0
0
0
0
0
0
0
0
0
0
0
0
0
0
0
0
0
0
0
0
0
0
0
-3.3213
0
0
0
0
0
0
0
0
0
0
0
0
0
0
0
0
0
0
0
0
0
0
0
0
0
0
0
-2.3063
0
0
0
0
0
0
0
0
0
0
0
0
0
0
-2.0576
0
0
0
0
0
0
0
0
0
0
0
0
0
0
0
0
0
0
0
0
0
0
0
0
0
0
0
-2.5498
0
0
0
0
0
0
0
0
-2.6124
0
0
12.2031
0
0
0
0
-2.677
0
0
0
0
0
0
0
0
0
0
0
0
0
0
0
0
0
0
0
0
0
0
0
0
0
0
0
0
0
0
0
0
0
0
0
0
0
0
0
0
0
0
0
0
0
0
0
0
0
0
0
0
0
0
0
-2.0731
0
0
0
0
0
0
0
0
0
0
0
0
0
0
0
0
0
0
0
0
0
0
0
0
-2.1916
0
0
0
0
0
0
0
0
0
0
0
0
-2.7876
0
-2.256
0
0
0
0
0
0
0
0
11.8918
0
0
-2.5836
0
0
0
0
0
0
0
0
0
0
0
0
0
0
0
0
0
0
0
0
0
0
0
0
0
0
0
0
0
0
0
0
0
0
0
0
0
0
0
0
0
0
0
0
0
0
0
0
0
0
0
0
0
0
0
0
0
0
0
0
0
0
0
0
0
0
0
0
0
0
0
0
0
0
0
0
0
0
0
0
0
0
0
-1.8153
0
0
0
0
0
0
0
0
0
-2.3305
0
0
0
0
0
0
0
0
0
0
0
0
14.5045
0
0
0
-2.8857
0
0
0
0
0
0
0
0
0
0
0
0
0
-3.5664
0
0
0
0
0
0
-3.9067
0
0
0
0
0
0
0
0
0
0
0
0
0
0
0
0
0
0
0
0
0
0
0
0
0
0
-1.8093
-1.9023
0
0
-1.9078
0
0
0
0
0
0
0
-2.0567
0
0
0
0
0
0
0
0
0
0
0
0
0
0
0
0
0
0
0
0
0
0
0
0
0
0
0
0
0
0
0
0
0
0
0
0
0
0
0
0
0
0
0
0
0
11.2863
0
0
0
0
0
0
0
0
0
0
0
0
0
0
0
0
0
0
0
0
0
0
0
0
0
0
0
0
-3.6101
0
0
0
0
0
0
0
0
0
0
0
0
0
0
0
0
0
0
0
0
0
0
-2.0668
0
0
-2.0849
0
0
0
0
0
0
0
0
0
-2.1791
0
0
0
0
0
0
0
0
0
0
0
0
0
0
0
0
0
0
0
0
0
0
0
0
0
0
0
0
0
0
0
0
0
0
0
0
0
0
0
0
0
-2.5836
0
0
11.6585
0
0
0
0
0
0
0
0
0
0
0
0
0
0
0
0
0
0
0
0
0
0
-2.7441
0
0
0
0
0
0
0
0
0
0
0
0
0
0
0
0
0
0
0
0
0
0
0
0
0
0
0
0
0
0
-2.3217
0
0
0
0
0
0
0
0
0
0
-2.1771
0
0
0
0
0
0
0
0
0
0
0
0
0
0
0
0
0
0
0
0
0
0
0
0
0
0
0
0
0
0
0
-2.7465
0
0
0
0
0
0
0
-2.677
0
0
0
0
13.747
0
0
0
0
0
0
0
0
0
0
0
0
0
0
0
0
0
0
0
0
0
0
-3.8246
0
0
0
0
0
0
0
0
0
0
0
0
0
0
0
0
0
0
0
0
0
0
0
0
0
0
-2.4977
0
0
0
0
0
0
0
0
0
0
0
-2.3526
0
0
0
0
0
0
0
0
0
0
0
0
0
0
0
0
0
0
0
0
0
0
0
0
0
0
0
0
0
0
0
0
0
0
0
0
0
0
0
0
0
0
0
-2.8857
0
0
0
11.1746
0
0
0
0
0
0
0
0
0
0
0
-3.4385
0
0
0
0
0
0
0
0
0
0
0
0
0
0
0
0
0
0
0
0
0
0
0
0
0
0
0
0
0
0
0
0
0
0
0
0
0
0
0
0
0
0
0
0
0
0
0
0
0
0
0
0
0
0
0
0
0
0
0
0
0
0
0
0
0
0
0
0
0
0
0
0
0
0
0
0
0
0
0
-1.875
0
0
0
0
0
0
0
0
0
0
0
0
0
0
0
0
0
12.3462
0
0
0
0
0
0
-3.1774
0
0
0
0
-3.6215
0
0
0
0
0
0
0
0
0
0
0
0
0
0
-3.6723
0
0
0
0
0
0
0
0
0
0
0
0
0
0
0
0
0
0
0
0
0
0
0
0
0
0
0
0
0
0
0
0
0
0
0
0
0
0
-2.8425
0
0
0
0
0
0
0
0
0
0
-2.6954
0
0
0
0
0
0
0
0
0
0
0
0
-2.5849
0
0
0
0
-3.0001
0
0
0
0
0
0
0
0
0
0
0
0
0
0
11.1229
0
0
0
0
0
0
0
0
0
0
0
0
0
0
0
0
0
0
0
0
0
0
0
0
0
0
0
0
0
0
0
0
0
0
0
0
0
0
0
0
0
0
0
0
0
0
0
0
0
0
0
0
0
0
0
0
0
0
0
0
0
0
0
0
0
0
0
0
0
0
0
-2.9072
0
0
0
0
0
-2.8473
0
0
0
-2.5723
0
0
0
0
0
0
0
0
0
0
0
0
0
0
0
0
0
0
0
0
0
0
0
0
0
0
0
11.969
0
0
0
-3.6423
0
0
0
0
0
0
0
0
0
0
0
0
0
0
0
0
0
0
0
0
0
0
0
0
0
0
0
0
0
0
0
0
0
0
0
0
0
0
0
0
0
0
0
0
0
0
0
0
0
0
0
0
0
0
0
0
0
0
0
0
0
0
-2.5897
0
0
0
0
0
-2.3368
0
0
0
0
0
0
0
0
0
0
0
0
0
0
0
0
0
0
-2.9682
0
0
0
0
0
0
0
0
0
0
0
0
0
0
0
0
0
11.0345
-3.1398
0
0
0
0
0
0
0
0
0
0
0
0
0
0
0
0
0
0
0
0
0
0
0
0
0
0
0
0
0
0
0
0
0
0
0
0
0
0
0
0
0
0
0
0
0
0
0
0
0
0
0
0
0
0
0
0
0
0
0
0
0
0
0
0
0
0
0
0
0
-2.9786
0
0
0
0
0
0
0
0
0
0
0
0
0
0
0
0
0
0
-2.7792
0
0
0
0
0
0
-2.5858
0
0
0
0
0
0
0
0
0
0
0
-3.1398
11.4835
0
0
0
0
0
0
0
0
0
0
0
0
0
0
0
0
0
0
0
0
0
0
0
0
0
0
0
0
0
0
0
0
0
0
0
0
0
0
0
0
0
0
0
0
0
0
0
0
0
0
0
0
0
-3.2418
0
0
0
0
0
0
0
0
0
0
0
0
0
0
0
0
0
0
-2.8565
0
0
0
0
0
0
0
0
0
0
0
0
0
0
0
0
0
0
0
0
0
0
-3.1071
0
0
0
0
0
0
0
0
0
0
0
0
0
10.1061
0
0
0
0
0
0
0
0
0
0
0
0
0
0
0
0
0
0
-0.90072
0
0
0
0
0
0
0
0
0
0
0
0
0
0
0
0
0
0
0
0
0
0
0
0
0
0
0
0
0
0
0
0
0
0
0
0
0
0
0
0
0
0
0
0
0
0
0
0
0
0
0
0
0
0
0
0
0
0
0
0
0
0
0
0
0
0
0
0
0
-3.2224
0
0
-3.6364
0
0
0
0
0
0
0
0
0
0
0
0
0
-3.6423
0
0
0
16.3836
0
0
0
0
0
0
0
0
0
0
0
0
0
0
0
0
0
0
0
0
0
0
0
0
0
0
0
0
0
0
0
0
0
-5.8825
0
0
0
0
0
0
0
0
0
0
0
0
0
0
0
0
0
0
0
0
0
0
0
0
0
0
0
0
0
0
0
0
0
0
0
0
0
-1.5448
0
0
0
0
0
0
0
0
0
0
0
0
0
0
0
0
0
0
0
0
0
0
0
0
0
0
0
0
0
0
-3.1774
0
0
0
0
0
0
7.9493
0
0
0
0
0
0
0
0
0
0
0
0
0
0
0
0
0
0
0
-3.2271
0
0
0
0
0
0
0
0
0
0
0
0
0
0
0
0
0
0
0
0
0
0
0
0
0
0
0
0
-3.7638
0
0
0
0
0
0
0
0
0
0
0
0
0
0
0
0
0
-3.3904
0
0
0
0
-3.479
0
0
0
0
0
0
0
0
0
0
0
0
0
0
0
0
0
0
0
0
0
0
0
0
0
0
0
0
0
0
0
0
0
0
0
0
0
10.6333
0
0
0
0
0
0
0
0
0
0
0
0
0
0
0
0
0
0
0
0
0
0
0
0
0
0
0
0
0
0
0
0
0
0
0
0
0
0
0
0
0
0
0
0
0
0
0
0
0
0
0
0
0
0
0
0
0
0
0
0
0
0
0
0
0
0
0
0
0
0
0
0
0
0
0
0
0
0
0
0
0
0
0
-3.8432
0
0
0
0
0
0
0
0
0
0
0
0
0
0
0
0
0
0
0
0
0
0
0
0
0
13.8336
0
0
0
0
0
0
0
0
0
0
0
0
0
0
0
0
0
0
0
0
-5.0445
0
0
-4.9458
0
0
0
0
0
0
0
0
0
0
0
0
0
-3.5474
0
0
0
0
0
0
0
-3.5135
0
0
0
0
0
0
0
0
0
0
0
0
0
0
0
0
0
0
0
0
0
0
0
0
0
0
0
0
0
0
0
0
0
0
0
0
0
0
0
0
0
0
0
0
0
0
0
0
0
0
0
0
0
0
0
0
0
0
0
0
0
0
0
10.9552
0
0
0
-3.8943
0
0
0
0
0
0
0
0
0
0
0
0
0
0
0
0
0
0
0
0
0
0
0
0
0
0
0
0
0
0
0
0
0
0
0
0
0
0
0
0
0
0
0
0
0
0
0
0
0
0
0
-4.022
0
0
0
0
0
0
0
0
0
0
0
0
0
0
0
0
0
0
0
0
0
0
0
0
0
0
0
0
0
0
0
0
0
0
0
0
0
0
0
0
0
-3.4385
0
0
0
0
0
0
0
0
0
0
0
8.2062
0
0
0
0
0
0
0
0
0
0
0
0
0
0
0
0
0
0
0
0
0
0
0
0
0
0
0
-0.74569
0
0
0
0
0
0
0
0
0
0
0
0
0
0
0
0
0
0
0
0
0
0
0
0
0
0
0
0
0
0
0
0
0
0
0
0
0
0
0
0
0
0
0
0
0
0
0
-3.2627
0
0
0
0
0
-3.8133
0
0
0
0
0
0
0
0
0
0
0
0
0
0
0
-3.6215
0
0
0
0
0
0
0
0
0
0
0
10.6975
0
0
0
0
0
0
0
0
0
0
0
0
0
0
0
0
0
0
0
0
0
0
0
0
0
0
0
0
0
0
0
0
0
0
-2.5128
0
0
0
0
0
0
0
0
0
0
0
0
0
0
0
0
0
0
0
0
0
0
0
0
0
0
0
0
0
0
0
0
0
0
0
0
0
0
0
0
0
0
0
0
0
0
0
0
0
0
0
0
0
0
0
0
-3.5664
0
0
0
0
0
0
0
0
0
0
0
0
0
0
0
0
0
9.6238
0
0
0
0
-3.5446
0
0
0
0
0
0
0
0
0
0
0
0
0
0
0
0
0
0
0
0
0
0
0
0
0
0
0
0
0
0
0
0
0
0
0
0
0
0
0
0
0
0
0
0
0
0
0
0
0
0
0
0
0
0
0
0
0
-3.3562
0
0
0
0
0
0
0
0
0
0
0
0
0
0
0
0
0
0
0
0
0
0
0
0
0
0
0
0
0
0
0
0
0
0
0
0
0
0
0
0
0
0
-3.8943
0
0
0
12.0816
0
0
0
0
0
0
0
0
0
0
0
0
0
0
0
-4.8311
0
0
0
0
0
0
0
0
0
0
0
0
0
0
0
0
0
0
0
0
0
0
-3.1381
0
0
0
0
0
0
0
0
0
0
0
0
0
0
0
0
0
0
0
0
0
0
0
0
0
0
0
0
0
0
0
0
0
0
0
0
-2.8884
0
0
0
0
0
0
0
0
0
0
0
0
0
0
0
0
0
0
0
0
0
0
0
0
0
0
0
0
0
0
0
0
0
10.3381
0
0
0
0
0
0
0
0
0
-4.3117
0
0
0
0
0
0
0
0
0
0
0
0
0
0
0
0
0
0
0
0
0
0
0
0
0
0
0
0
0
0
0
0
0
0
0
0
0
0
0
0
0
-3.6272
0
0
0
0
0
0
0
0
0
0
0
0
0
0
-3.5044
0
0
0
0
0
0
0
0
0
-3.3963
0
0
0
0
0
0
0
0
0
0
0
0
0
0
0
0
0
0
0
0
0
0
0
0
0
0
0
0
0
0
0
0
10.5279
0
0
0
0
0
0
0
0
0
0
0
0
0
0
0
0
0
0
0
0
0
0
0
0
0
0
0
0
0
0
0
0
0
0
0
0
0
0
0
0
0
0
0
0
0
0
0
0
0
0
0
0
0
0
0
0
0
0
0
0
0
0
0
0
0
-3.6864
0
0
0
0
0
0
0
0
0
0
-3.8972
0
0
0
0
-3.4142
0
0
0
0
0
0
0
0
0
0
0
0
0
0
0
0
0
0
0
0
0
0
0
0
0
0
0
10.9978
0
0
0
0
0
0
0
0
0
0
0
0
0
0
0
0
0
0
0
0
0
0
0
0
0
0
0
0
0
0
0
0
0
0
0
0
0
0
0
0
0
0
0
0
0
0
0
0
0
0
0
0
0
0
0
0
0
0
0
0
0
0
0
0
0
0
0
0
0
0
0
0
0
0
0
0
0
0
0
0
0
0
0
0
0
0
0
0
0
0
0
0
0
0
0
0
0
0
0
0
0
0
0
0
-3.5446
0
0
0
0
11.444
0
-3.7638
0
0
-4.1356
0
0
0
0
0
0
0
0
0
0
0
0
0
0
0
0
0
0
0
0
0
0
0
0
0
0
0
0
0
0
0
0
0
0
0
0
0
0
0
0
0
0
0
0
0
0
-3.4528
0
0
0
0
0
0
0
0
0
0
0
-3.416
0
0
0
0
0
0
0
0
0
0
0
0
0
0
0
0
0
0
-3.3213
0
0
0
0
0
0
0
0
0
0
0
0
0
0
0
0
0
0
0
0
0
0
0
0
0
0
10.1901
0
0
0
0
0
0
0
0
0
0
0
0
0
0
0
0
0
0
0
0
0
0
0
0
0
0
0
0
0
0
0
0
0
0
0
0
0
0
0
0
0
0
0
0
0
0
0
0
0
0
0
0
0
0
0
0
0
0
0
0
0
0
0
0
0
0
0
0
0
0
0
0
0
0
0
0
0
0
0
0
0
0
0
0
-3.9067
0
-2.7441
0
0
0
0
0
0
0
0
0
0
0
0
0
0
0
0
0
0
0
0
-3.7638
0
10.4146
0
0
0
0
0
0
0
0
0
0
0
0
0
0
0
0
0
0
0
0
0
0
0
0
0
0
0
0
0
0
0
0
0
-5.3279
0
0
0
0
0
0
0
0
0
0
0
0
0
0
0
0
0
0
0
0
0
0
0
0
0
0
0
0
0
0
0
0
0
0
0
0
0
0
0
0
0
0
0
0
0
0
0
0
0
0
0
0
-3.8246
0
0
0
0
0
0
0
0
0
0
0
0
0
0
0
0
0
0
0
0
0
0
9.1526
0
0
0
0
0
0
0
0
0
0
0
0
0
0
0
0
0
0
0
0
0
0
0
0
0
0
0
0
0
0
0
0
0
0
0
0
0
0
-4.1103
0
0
0
0
0
0
0
0
0
0
0
0
-4.3475
0
0
0
0
0
0
0
0
0
0
0
0
0
0
0
0
0
0
0
0
0
0
0
0
0
0
0
0
0
0
0
0
0
0
0
0
0
0
0
0
0
0
0
0
0
0
0
0
0
0
0
0
0
0
0
0
0
8.4579
0
0
0
0
0
0
0
0
0
0
0
0
0
0
0
0
0
0
0
0
0
0
0
0
0
0
0
0
0
0
0
0
0
0
0
0
0
0
0
0
0
0
0
0
0
0
0
0
0
0
0
0
0
0
0
0
0
0
0
0
0
0
0
0
0
0
0
0
0
0
0
0
0
0
0
0
0
0
0
0
0
0
0
0
0
0
0
0
0
0
0
0
0
0
0
0
0
0
0
0
0
0
0
0
-4.1356
0
0
0
0
9.4155
-5.2799
0
0
0
0
0
0
0
0
0
0
0
0
0
0
0
0
0
0
0
0
0
0
0
0
0
0
0
0
0
0
0
0
0
0
0
0
0
0
0
0
0
0
0
0
0
0
0
0
0
0
0
0
0
0
0
0
0
0
0
0
0
0
0
0
0
0
0
0
0
0
0
0
0
0
0
0
0
0
0
0
0
0
0
0
0
0
0
0
0
-0.90072
0
0
0
0
0
0
0
0
0
0
0
0
0
0
0
0
0
-5.2799
6.1806
0
0
0
0
0
0
0
0
0
0
0
0
0
0
0
0
0
0
0
0
0
0
0
0
0
0
0
0
0
0
0
0
0
0
0
0
0
0
0
0
0
0
0
0
0
0
0
0
0
0
0
0
0
0
0
0
0
0
0
0
0
0
0
0
0
0
0
0
0
0
0
0
0
0
0
0
0
0
0
0
-3.6101
0
0
0
0
0
0
0
0
0
0
0
0
0
0
0
0
0
0
-4.3117
0
0
0
0
0
0
0
0
0
7.9218
0
0
0
0
0
0
0
0
0
0
0
0
0
0
0
0
0
0
0
0
0
0
0
0
0
0
0
0
0
0
0
0
0
0
0
0
0
0
0
0
0
0
0
0
0
0
0
0
0
0
0
-4.287
0
0
0
0
0
0
0
0
0
0
0
0
0
0
0
0
0
0
-4.7376
0
0
0
0
0
0
0
0
0
0
0
0
0
0
0
0
0
0
0
0
0
0
0
0
0
0
0
0
0
0
0
0
0
0
0
0
0
0
9.0246
0
0
0
0
0
0
0
0
0
0
0
0
0
0
0
0
0
0
0
0
0
0
0
0
0
0
0
0
0
0
0
0
0
0
0
0
0
0
0
0
0
0
0
0
0
0
0
0
0
0
0
0
0
0
0
0
0
0
0
0
0
0
0
0
0
0
0
0
0
0
0
0
0
0
0
0
0
0
0
0
0
0
-3.6723
0
0
0
0
0
0
-3.2271
0
0
0
0
0
0
0
0
0
0
0
0
0
0
0
0
0
0
0
6.8994
0
0
0
0
0
0
0
0
0
0
0
0
0
0
0
0
0
0
0
0
0
0
0
0
0
0
0
0
0
0
0
0
-4.3166
0
0
0
0
0
0
0
0
0
0
0
0
0
0
0
0
0
0
0
0
0
0
0
0
0
0
0
0
0
0
0
0
0
0
0
0
-4.1901
0
0
0
0
0
0
0
0
0
0
0
0
0
0
0
0
0
0
0
0
0
0
0
0
0
0
0
0
0
0
0
0
0
0
0
0
0
0
0
8.5066
0
0
0
0
0
0
0
0
0
0
0
0
0
0
0
0
0
0
0
0
0
0
0
0
0
0
0
0
0
0
0
0
0
0
0
0
0
0
0
0
0
0
0
0
0
0
0
0
-4.287
0
0
0
0
0
0
0
0
0
0
0
0
0
0
0
0
0
0
-4.7376
0
0
0
0
0
0
0
0
0
0
0
0
0
0
0
0
0
0
0
0
0
0
0
0
0
0
0
0
0
0
0
0
0
0
0
0
0
0
0
0
0
9.0246
0
0
0
0
0
0
0
0
0
0
0
0
0
0
0
0
0
0
0
0
0
0
0
0
0
0
0
0
0
0
0
0
0
0
0
0
0
0
0
0
0
0
0
0
0
0
0
0
0
0
0
0
0
0
0
0
0
0
0
0
0
0
0
0
0
0
0
0
0
0
0
0
0
0
0
0
0
0
0
0
0
0
0
0
0
0
0
0
-5.0445
0
0
0
0
-4.8311
0
0
0
0
0
0
0
0
0
0
0
0
0
0
0
9.8756
0
0
0
0
0
0
0
0
0
0
0
0
0
0
0
0
0
0
0
-5.5588
0
0
0
0
0
0
0
0
0
0
0
0
0
0
0
0
0
0
0
0
0
0
0
0
0
0
0
0
0
0
0
0
0
0
0
0
-3.7959
0
0
0
0
0
0
0
0
0
0
0
0
0
0
0
0
0
0
0
0
0
0
0
0
0
0
0
0
0
0
0
0
0
0
0
0
0
0
0
0
0
0
0
0
0
0
0
0
0
0
0
0
9.3548
0
0
0
0
0
0
0
0
0
0
0
0
0
0
0
0
0
-4.8516
0
0
0
0
0
0
0
0
0
0
0
0
0
0
0
0
0
0
0
0
0
0
0
0
0
0
0
0
0
0
0
0
0
0
-3.8102
0
0
0
0
0
0
0
0
0
0
0
0
0
0
0
0
0
0
0
0
0
0
0
0
0
0
0
0
0
0
0
0
0
0
0
0
0
0
0
0
0
0
0
0
0
0
0
0
0
0
0
0
0
0
0
0
8.6618
0
0
0
0
0
0
0
0
0
0
0
0
0
0
0
0
0
0
0
0
0
0
0
0
0
0
0
0
0
0
0
0
0
0
0
0
0
0
0
0
0
0
0
0
0
0
0
0
0
0
0
0
0
0
0
0
0
0
0
0
0
0
-4.1372
0
0
0
0
0
0
0
0
0
0
0
0
0
0
0
0
0
0
0
0
0
0
-4.9458
0
0
0
0
0
0
0
0
0
0
0
0
0
0
0
0
0
0
0
0
0
0
0
9.0831
0
0
0
0
0
0
0
0
0
0
0
0
0
0
0
0
0
0
0
0
0
0
-4.7898
0
0
0
0
0
0
0
0
0
0
0
0
0
0
0
0
0
0
0
0
0
0
0
0
0
0
0
-3.8837
0
0
0
0
0
0
0
0
0
0
0
0
0
0
0
0
0
0
0
0
0
0
0
0
0
0
0
0
0
0
0
0
0
0
0
0
0
0
0
0
0
0
0
0
0
0
0
0
0
0
0
0
0
0
0
0
0
0
8.6735
0
0
0
0
0
0
0
0
0
0
0
0
0
0
0
0
0
0
0
0
0
0
0
0
0
0
0
0
0
0
0
0
0
0
0
0
0
0
0
0
0
0
0
0
0
0
0
0
0
0
0
0
0
0
0
0
0
0
0
0
0
-4.8097
-4.0422
0
0
0
0
0
0
0
0
0
0
0
0
0
0
0
0
0
0
0
0
0
0
0
0
0
0
0
0
0
0
0
0
0
0
0
0
0
0
0
0
0
0
0
0
0
0
8.852
0
0
0
0
0
0
0
0
0
0
0
0
0
0
0
0
0
0
0
0
0
0
0
0
0
0
0
0
0
0
0
0
0
0
0
0
0
0
0
0
0
0
0
0
0
0
0
0
0
0
0
0
0
0
0
0
0
0
0
0
-6.2932
0
0
0
0
0
0
0
0
0
0
0
0
0
0
0
0
0
0
0
0
0
0
0
0
0
0
0
0
0
0
0
0
0
0
0
0
0
0
0
0
0
0
0
0
0
0
0
0
6.2932
0
0
0
0
0
0
0
0
0
0
0
0
0
0
0
0
0
0
0
0
0
0
0
0
0
0
0
-6.4889
0
0
0
0
0
0
0
0
0
0
0
0
0
0
0
0
0
0
0
0
0
0
0
0
0
0
0
0
0
0
0
0
0
0
0
0
0
0
0
0
0
0
0
0
0
0
0
0
0
0
0
0
0
0
0
0
0
0
0
0
0
0
0
0
0
0
0
0
0
0
0
0
0
0
0
0
0
0
0
0
0
6.4889
0
0
0
0
0
0
0
0
0
0
0
0
0
0
0
0
0
0
0
0
0
0
0
0
0
0
0
0
0
0
0
0
0
0
0
0
0
0
0
0
0
0
0
0
0
0
0
0
0
0
0
-3.0332
0
0
0
0
0
0
0
0
0
0
0
0
0
0
0
0
0
0
0
0
0
0
0
0
0
0
0
0
0
0
0
0
0
0
0
0
0
0
0
0
0
0
0
0
0
0
0
0
0
0
0
0
0
0
0
0
0
3.0332
0
0
0
0
0
0
0
0
0
0
0
0
0
0
0
0
0
0
0
0
0
0
0
0
0
0
0
0
0
0
0
0
0
0
0
0
0
0
0
0
0
0
0
0
0
0
0
0
0
0
0
0
0
0
0
0
0
0
0
0
0
0
0
0
0
0
0
0
0
0
0
0
0
0
0
0
0
0
0
0
0
-0.74569
0
0
0
0
0
0
0
0
0
0
0
0
0
0
0
0
0
0
0
0
0
0
0
0
0
0
0
0.74569
0
0
0
0
0
0
0
0
0
0
0
0
0
0
0
0
0
0
0
0
0
0
0
0
0
0
0
0
0
0
0
0
0
0
0
0
0
0
0
0
0
0
0
0
0
0
0
0
0
0
0
0
0
0
0
0
0
0
0
0
0
0
0
0
0
0
0
0
0
0
0
0
0
0
0
-5.8825
0
0
0
0
0
0
0
0
0
0
0
0
0
0
0
0
0
0
0
0
0
0
0
0
0
0
0
0
0
0
0
0
0
5.8825
0
0
0
0
0
0
0
0
0
0
0
0
0
0
0
0
0
0
0
0
0
0
0
0
0
0
0
0
-5.3821
0
0
0
0
0
0
0
0
0
0
0
0
0
0
0
0
0
0
0
0
0
0
0
0
0
0
0
0
0
0
0
0
0
0
0
0
0
0
0
0
0
0
0
0
0
0
0
0
0
0
0
0
0
0
0
0
0
0
0
0
0
0
0
0
0
0
0
0
0
0
0
0
0
0
0
0
0
0
0
0
5.3821
0
0
0
0
0
0
0
0
0
0
0
0
0
-7.4612
0
0
0
0
0
0
0
0
0
0
0
0
0
0
0
0
0
0
0
0
0
0
0
0
0
0
0
0
0
0
0
0
0
0
0
0
0
0
0
0
0
0
0
0
0
0
0
0
0
0
0
0
0
0
0
0
0
0
0
0
0
0
0
0
0
0
0
0
0
0
0
0
0
0
0
0
0
0
0
0
0
0
0
0
0
0
0
0
0
0
0
0
0
0
0
7.4612
0
0
0
0
0
0
0
0
0
0
0
0
0
0
0
0
0
0
0
0
0
0
0
0
0
0
0
0
-3.8545
0
0
0
0
0
0
0
0
0
0
0
0
0
0
0
0
0
0
0
0
0
0
0
0
0
0
0
0
0
0
0
0
0
0
0
0
0
0
0
0
0
0
0
0
0
0
0
0
0
0
0
0
0
0
0
0
0
0
0
0
0
0
0
0
0
0
0
0
0
0
0
0
0
0
0
0
0
0
0
0
3.8545
0
0
0
0
0
0
0
0
0
0
0
0
0
0
0
0
0
0
0
0
0
0
0
0
-6.2807
0
0
0
0
0
0
0
0
0
0
0
0
0
0
0
0
0
0
0
0
0
0
0
0
0
0
0
0
0
0
0
0
0
0
0
0
0
0
0
0
0
0
0
0
0
0
0
0
0
0
0
0
0
0
0
0
0
0
0
0
0
0
0
0
0
0
0
0
0
0
0
0
0
0
0
0
0
0
0
0
0
0
0
0
6.2807
0
0
0
0
0
0
0
0
0
0
0
0
0
0
0
0
0
0
0
0
0
-6.103
0
0
0
0
0
0
0
0
0
0
0
0
0
0
0
0
0
0
0
0
0
0
0
0
0
0
0
0
0
0
0
0
0
0
0
0
0
0
0
0
0
0
0
0
0
0
0
0
0
0
0
0
0
0
0
0
0
0
0
0
0
0
0
0
0
0
0
0
0
0
0
0
0
0
0
0
0
0
0
0
0
0
0
0
0
0
0
6.103
0
0
0
0
0
0
0
0
0
0
0
0
0
0
0
0
0
0
0
0
0
0
0
0
0
0
0
0
0
0
0
0
0
0
0
0
0
0
0
0
0
0
0
-3.0332
0
0
0
0
0
0
0
0
0
0
0
0
0
0
0
0
0
0
0
0
0
0
0
0
0
0
0
0
0
0
0
0
0
0
0
0
0
0
0
0
0
0
0
0
0
0
0
0
0
0
0
0
0
0
0
0
0
0
0
0
0
0
0
0
0
3.0332
