63.3437
-0.97226
-0.97112
-0.97177
-0.97117
-0.96968
-0.96969
-0.97019
-0.96953
-0.96957
-0.96957
-0.97181
-0.97161
-0.97129
-0.97128
-0.97124
-0.97105
-0.97103
-0.96954
-0.96839
-0.96841
-0.96954
-0.96999
-0.96784
-0.97068
-0.97079
-0.97177
-0.97175
-0.97067
-0.97067
-0.9717
-0.97067
-0.972
-0.97211
-0.97154
-0.969
-0.96949
-0.96962
-0.97025
-0.96799
-0.96831
-0.96897
-0.96971
-0.96812
-0.96986
-0.96823
-0.9706
-0.97116
-0.97211
-0.97048
-0.96864
-0.97287
-0.97364
-0.96988
-0.96838
-0.96978
-0.97808
-0.97227
-0.98796
-0.97572
-0.97412
-0.96957
-0.98844
-1.0233
-1.05
-1.0552
0
0
0
0
0
0
0
0
0
0
0
0
0
0
0
0
0
0
0
0
0
0
0
0
0
0
0
0
0
0
0
0
0
0
0
0
0
0
0
0
0
0
0
0
0
0
0
0
0
0
0
0
0
0
0
0
0
0
-0.97226
63.4964
-0.97121
-0.97183
-0.97126
-0.96976
-0.96976
-0.97027
-0.9696
-0.96965
-0.96965
-0.97181
-0.97166
-0.97136
-0.97133
-0.97131
-0.97113
-0.97116
-0.9696
-0.96847
-0.9685
-0.9696
-0.97005
-0.96793
-0.97077
-0.97085
-0.97184
-0.97183
-0.97075
-0.97076
-0.97177
-0.97076
-0.97209
-0.97214
-0.97166
-0.96908
-0.96958
-0.96969
-0.97028
-0.96808
-0.96837
-0.96908
-0.96979
-0.9682
-0.96991
-0.96831
-0.97062
-0.97125
-0.97214
-0.97057
-0.96873
-0.97295
-0.97369
-0.96999
-0.96841
-0.96987
-0.97815
-0.97229
-0.98808
-0.97574
-0.97413
-0.96971
-0.98861
-1.0235
-1.0509
0
0
0
0
0
0
0
0
0
0
0
0
0
0
0
0
0
0
-1.2023
0
0
0
0
0
0
0
0
0
0
0
0
0
0
0
0
0
0
0
0
0
0
0
0
0
0
0
0
0
0
0
0
0
0
0
0
0
0
0
0
-0.97112
-0.97121
62.2417
-0.97062
-0.97001
-0.96851
-0.96851
-0.96903
-0.96838
-0.96841
-0.96841
-0.9707
-0.97037
-0.97013
-0.97013
-0.97009
-0.9699
-0.96989
-0.96841
-0.96724
-0.96734
-0.96841
-0.96885
-0.9667
-0.96954
-0.96961
-0.97056
-0.97059
-0.96952
-0.96952
-0.97057
-0.96952
-0.9709
-0.97096
-0.97045
-0.96784
-0.96833
-0.96848
-0.96909
-0.96684
-0.96718
-0.9679
-0.96864
-0.96698
-0.96871
-0.96708
-0.96938
-0.96999
-0.97097
-0.96934
-0.96747
-0.97171
-0.97252
-0.96875
-0.96714
-0.96861
-0.97688
-0.97113
-0.9866
-0.97444
-0.97295
-0.96836
-0.98723
-1.022
0
0
-1.0749
0
0
0
0
0
0
0
0
0
0
0
0
0
0
0
0
0
0
0
0
0
0
0
0
0
0
0
0
0
0
0
0
0
0
0
0
0
0
0
0
0
0
0
0
0
0
0
0
0
0
0
0
0
0
0
0
0
-0.97177
-0.97183
-0.97062
63.0376
-0.97068
-0.96916
-0.96917
-0.9697
-0.96902
-0.96906
-0.96906
-0.97062
-0.97109
-0.97078
-0.97076
-0.97074
-0.97054
-0.97061
-0.96903
-0.96789
-0.96798
-0.96904
-0.9695
-0.96734
-0.97019
-0.97025
-0.97128
-0.97124
-0.97016
-0.97017
-0.97117
-0.97016
-0.97156
-0.97156
-0.9711
-0.96849
-0.96901
-0.9691
-0.96969
-0.96749
-0.96781
-0.96849
-0.96921
-0.9676
-0.96937
-0.96772
-0.97004
-0.97066
-0.97161
-0.97
-0.96813
-0.97238
-0.97329
-0.96942
-0.96777
-0.96926
-0.97751
-0.97184
-0.98736
-0.97514
-0.97353
-0.96916
-0.98806
-1.0229
0
0
0
0
0
0
0
0
0
0
0
0
0
0
0
0
0
0
0
0
0
0
0
0
0
0
0
0
0
0
0
0
0
0
-1.8307
0
0
0
0
0
0
0
0
0
0
0
0
0
0
0
0
0
0
0
0
0
0
0
0
0
-0.97117
-0.97126
-0.97001
-0.97068
62.2641
-0.96855
-0.96856
-0.96908
-0.96842
-0.96846
-0.96845
-0.97074
-0.97046
-0.97017
-0.97017
-0.97013
-0.96994
-0.96999
-0.96845
-0.96729
-0.96739
-0.96846
-0.96889
-0.96674
-0.96949
-0.96966
-0.97065
-0.97064
-0.96956
-0.96956
-0.97062
-0.96957
-0.97088
-0.97101
-0.97049
-0.96789
-0.96839
-0.96852
-0.96915
-0.96689
-0.96723
-0.96787
-0.96853
-0.96701
-0.96874
-0.96713
-0.96943
-0.9699
-0.97103
-0.96939
-0.96753
-0.97175
-0.97258
-0.9688
-0.96721
-0.96867
-0.97693
-0.97119
-0.98667
-0.97449
-0.97301
-0.96847
-0.98738
-1.0222
0
0
0
0
-1.0945
0
0
0
0
0
0
0
0
0
0
0
0
0
0
0
0
0
0
0
0
0
0
0
0
0
0
0
0
0
0
0
0
0
0
0
0
0
0
0
0
0
0
0
0
0
0
0
0
0
0
0
0
0
0
0
-0.96968
-0.96976
-0.96851
-0.96916
-0.96855
61.0774
-0.96706
-0.9676
-0.96692
-0.96698
-0.96699
-0.96922
-0.96897
-0.96871
-0.96869
-0.96866
-0.96846
-0.96851
-0.96696
-0.9658
-0.96591
-0.96697
-0.9674
-0.96526
-0.9681
-0.96817
-0.96918
-0.96916
-0.96809
-0.96808
-0.96913
-0.96808
-0.96947
-0.96951
-0.969
-0.96641
-0.96691
-0.96703
-0.96765
-0.96541
-0.96574
-0.9664
-0.96712
-0.96552
-0.96726
-0.96564
-0.96794
-0.96857
-0.96956
-0.96791
-0.96604
-0.97027
-0.97107
-0.96732
-0.96571
-0.96717
-0.97547
-0.96965
-0.98519
-0.97297
-0.97147
-0.96698
-0.98583
-1.0205
0
0
0
0
0
0
0
0
0
0
0
0
0
0
0
0
0
0
0
0
0
0
0
0
0
0
0
0
0
0
0
0
0
0
0
0
0
0
0
0
0
0
0
0
0
0
0
0
0
0
0
0
0
0
0
0
0
0
0
0
-0.96969
-0.96976
-0.96851
-0.96917
-0.96856
-0.96706
61.0774
-0.9676
-0.96692
-0.96698
-0.96699
-0.96923
-0.96897
-0.9687
-0.96868
-0.96865
-0.96846
-0.96851
-0.96695
-0.9658
-0.9659
-0.96697
-0.9674
-0.96526
-0.9681
-0.96817
-0.96918
-0.96916
-0.96808
-0.96809
-0.96913
-0.96808
-0.96947
-0.9695
-0.969
-0.96641
-0.96691
-0.96704
-0.96765
-0.9654
-0.96574
-0.9664
-0.96712
-0.96553
-0.96727
-0.96564
-0.96794
-0.96856
-0.96956
-0.96791
-0.96604
-0.97027
-0.97107
-0.96732
-0.96571
-0.96717
-0.97546
-0.96966
-0.98519
-0.97298
-0.97147
-0.96698
-0.98582
-1.0205
0
0
0
0
0
0
0
0
0
0
0
0
0
0
0
0
0
0
0
0
0
0
0
0
0
0
0
0
0
0
0
0
0
0
0
0
0
0
0
0
0
0
0
0
0
0
0
0
0
0
0
0
0
0
0
0
0
0
0
0
-0.97019
-0.97027
-0.96903
-0.9697
-0.96908
-0.9676
-0.9676
61.6803
-0.96728
-0.96738
-0.96738
-0.96955
-0.96946
-0.96911
-0.96908
-0.96916
-0.96887
-0.9689
-0.96735
-0.96621
-0.96629
-0.96736
-0.96783
-0.96567
-0.96848
-0.96866
-0.9695
-0.96956
-0.96849
-0.96849
-0.96956
-0.96849
-0.96977
-0.96989
-0.96946
-0.96682
-0.96723
-0.96746
-0.96802
-0.96582
-0.96614
-0.96691
-0.96736
-0.96594
-0.96763
-0.96604
-0.9684
-0.96895
-0.96981
-0.96829
-0.96647
-0.97018
-0.97151
-0.9677
-0.96625
-0.96761
-0.97555
-0.97009
-0.98554
-0.97331
-0.97191
-0.96698
0
0
0
0
0
0
0
0
0
0
0
0
0
0
0
0
0
-1.3579
0
0
0
0
0
0
0
-1.2278
0
0
0
0
0
0
0
0
0
0
0
0
0
0
0
0
0
0
0
0
0
0
0
0
0
0
0
0
0
0
0
0
0
0
0
0
-0.96953
-0.9696
-0.96838
-0.96902
-0.96842
-0.96692
-0.96692
-0.96728
60.5262
-0.96669
-0.96669
-0.96872
-0.96859
-0.96841
-0.96836
-0.96832
-0.96816
-0.96817
-0.96661
-0.9655
-0.96559
-0.96662
-0.96705
-0.96495
-0.96777
-0.96782
-0.9688
-0.96885
-0.96778
-0.96777
-0.96872
-0.96777
-0.96906
-0.96912
-0.96867
-0.9661
-0.9666
-0.96673
-0.96678
-0.96509
-0.96538
-0.96607
-0.96668
-0.96522
-0.96689
-0.96531
-0.96762
-0.96827
-0.96932
-0.9676
-0.96576
-0.96993
-0.97077
-0.96702
-0.96541
-0.96691
-0.97514
-0.96934
-0.98482
-0.97261
-0.97118
0
0
0
0
0
0
0
0
0
0
0
0
0
0
0
0
0
0
0
0
0
0
0
-0.85174
0
0
0
0
0
0
0
-1.5893
0
0
0
0
0
0
0
0
0
0
0
0
0
0
0
0
0
0
0
0
0
0
0
0
0
0
0
0
0
0
0
-0.96957
-0.96965
-0.96841
-0.96906
-0.96846
-0.96698
-0.96698
-0.96738
-0.96669
59.0592
-0.9668
-0.96884
-0.96873
-0.96853
-0.96849
-0.96846
-0.96827
-0.96831
-0.96674
-0.9656
-0.96569
-0.96676
-0.96719
-0.96505
-0.96789
-0.96797
-0.96898
-0.96895
-0.96787
-0.96788
-0.9689
-0.96787
-0.96927
-0.96929
-0.96881
-0.9662
-0.9667
-0.96686
-0.96742
-0.96519
-0.96552
-0.96621
-0.96694
-0.96532
-0.96706
-0.96543
-0.96773
-0.96835
-0.96936
-0.9677
-0.96583
-0.97007
-0.9709
-0.96711
-0.9655
-0.96696
-0.97525
-0.96943
-0.98499
-0.97274
-0.97124
-0.96687
0
0
0
0
0
0
0
0
0
0
0
0
0
0
0
0
0
0
0
0
0
0
0
0
0
0
0
0
0
0
0
0
0
0
0
0
0
0
0
0
0
0
0
0
0
0
0
0
0
0
0
0
0
0
0
0
0
0
0
0
0
0
-0.96957
-0.96965
-0.96841
-0.96906
-0.96845
-0.96699
-0.96699
-0.96738
-0.96669
-0.9668
59.0592
-0.96884
-0.96873
-0.96854
-0.96849
-0.96846
-0.96826
-0.96831
-0.96674
-0.9656
-0.9657
-0.96676
-0.96718
-0.96505
-0.96788
-0.96796
-0.96897
-0.96894
-0.96787
-0.96788
-0.9689
-0.96788
-0.96927
-0.96929
-0.96881
-0.96619
-0.96671
-0.96685
-0.96743
-0.9652
-0.96552
-0.96621
-0.96693
-0.96532
-0.96706
-0.96543
-0.96773
-0.96836
-0.96935
-0.9677
-0.96583
-0.97006
-0.97091
-0.96711
-0.9655
-0.96696
-0.97524
-0.96943
-0.98499
-0.97275
-0.97123
-0.96687
0
0
0
0
0
0
0
0
0
0
0
0
0
0
0
0
0
0
0
0
0
0
0
0
0
0
0
0
0
0
0
0
0
0
0
0
0
0
0
0
0
0
0
0
0
0
0
0
0
0
0
0
0
0
0
0
0
0
0
0
0
0
-0.97181
-0.97181
-0.9707
-0.97062
-0.97074
-0.96922
-0.96923
-0.96955
-0.96872
-0.96884
-0.96884
60.5954
-0.97083
-0.97063
-0.97047
-0.97052
-0.97034
-0.97037
-0.96867
-0.96771
-0.96776
-0.9687
-0.96914
-0.96713
-0.96995
-0.97
-0.97118
-0.97107
-0.96999
-0.96999
-0.9707
-0.96999
-0.97134
-0.97116
-0.9709
-0.96831
-0.96886
-0.96907
-0.96938
-0.96729
-0.96744
-0.96829
-0.96895
-0.96743
-0.96924
-0.9675
-0.96985
-0.97048
-0.97121
-0.96982
-0.96798
-0.97223
-0.97213
-0.96924
-0.96755
-0.96913
0
0
0
0
0
0
0
0
0
0
0
0
0
0
0
0
0
0
0
0
0
0
0
0
0
0
0
0
0
0
0
0
0
0
0
0
0
0
0
-1.3386
0
0
-1.8312
0
0
0
0
0
0
0
-1.5246
0
0
0
0
0
0
0
0
-2.571
0
0
0
0
0
0
0
0
-0.97161
-0.97166
-0.97037
-0.97109
-0.97046
-0.96897
-0.96897
-0.96946
-0.96859
-0.96873
-0.96873
-0.97083
58.1431
-0.97056
-0.97049
-0.97046
-0.97028
-0.97031
-0.96877
-0.96764
-0.9677
-0.96878
-0.96926
-0.96704
-0.96989
-0.97
-0.97089
-0.97099
-0.9699
-0.96991
-0.97089
-0.96991
-0.9712
-0.97129
-0.97091
-0.96822
-0.96871
-0.96895
-0.96942
-0.96723
-0.96757
-0.96816
-0.96909
-0.96736
-0.96906
-0.96746
-0.96928
-0.97036
-0.97126
-0.96971
-0.96788
-0.97237
-0.97296
-0.96912
-0.96748
-0.96902
0
-0.97151
0
0
0
0
0
0
0
0
0
0
0
0
0
0
0
-1.0118
0
0
0
0
0
0
0
0
0
0
0
0
-1.4503
0
0
0
0
0
0
-1.3823
0
0
0
0
0
0
0
0
0
0
0
0
0
0
0
0
0
0
0
0
0
0
0
0
0
0
0
0
0
0
-0.97129
-0.97136
-0.97013
-0.97078
-0.97017
-0.96871
-0.9687
-0.96911
-0.96841
-0.96853
-0.96854
-0.97063
-0.97056
57.2207
-0.97022
-0.97019
-0.96999
-0.97006
-0.96849
-0.96729
-0.96743
-0.96849
-0.96895
-0.96675
-0.96963
-0.96973
-0.97073
-0.97069
-0.96961
-0.96961
-0.97066
-0.96961
-0.97102
-0.97105
-0.97055
-0.96793
-0.96846
-0.96861
-0.96917
-0.96693
-0.96726
-0.96797
-0.96869
-0.96706
-0.96881
-0.96718
-0.96948
-0.97009
-0.9711
-0.96945
-0.96757
-0.97187
-0.97266
-0.96886
-0.96724
-0.96871
-0.97705
-0.97118
-0.98674
0
-0.97296
0
0
0
0
0
0
0
0
0
0
0
0
0
0
0
0
0
0
0
0
0
0
0
0
0
0
0
0
0
0
0
0
0
0
0
0
0
0
0
0
0
0
0
0
0
0
0
0
0
0
0
0
0
0
0
0
0
0
0
0
0
0
0
-0.97128
-0.97133
-0.97013
-0.97076
-0.97017
-0.96869
-0.96868
-0.96908
-0.96836
-0.96849
-0.96849
-0.97047
-0.97049
-0.97022
56.4621
-0.97017
-0.96996
-0.97003
-0.96842
-0.96732
-0.96738
-0.96844
-0.9689
-0.96671
-0.9696
-0.96967
-0.97068
-0.97067
-0.96959
-0.96959
-0.9706
-0.96959
-0.97099
-0.97097
-0.97052
-0.96791
-0.96844
-0.9686
-0.96893
-0.9669
-0.96721
-0.96797
-0.96866
-0.96703
-0.96873
-0.96713
-0.96941
-0.97008
-0.97101
-0.96943
-0.96756
-0.97185
-0.97258
-0.96885
-0.9672
-0.9687
-0.97698
-0.97109
0
0
0
0
0
0
0
0
0
0
0
0
0
0
0
0
0
0
0
0
0
0
0
0
-1.2034
0
0
0
0
0
0
0
0
0
0
0
0
0
0
0
0
0
0
0
0
0
0
0
0
0
0
0
0
0
0
0
0
0
0
0
0
0
0
0
0
0
-0.97124
-0.97131
-0.97009
-0.97074
-0.97013
-0.96866
-0.96865
-0.96916
-0.96832
-0.96846
-0.96846
-0.97052
-0.97046
-0.97019
-0.97017
56.2701
-0.96993
-0.96999
-0.96841
-0.96728
-0.96735
-0.96843
-0.96892
-0.96668
-0.96956
-0.96966
-0.97064
-0.97065
-0.96957
-0.96956
-0.9706
-0.96957
-0.97092
-0.97099
-0.97051
-0.96788
-0.96839
-0.9686
-0.96912
-0.96687
-0.96721
-0.96796
-0.9688
-0.967
-0.96874
-0.96711
-0.96943
-0.97002
-0.971
-0.96936
-0.96752
-0.97195
-0.9726
-0.96877
-0.96721
-0.96866
-0.97685
-0.97112
0
0
0
0
0
0
0
0
0
0
0
0
0
0
0
-1.0122
0
0
0
0
0
0
0
0
0
0
0
0
0
0
0
0
0
0
0
0
0
0
0
0
0
0
0
0
0
0
0
0
0
0
0
0
0
0
0
0
0
0
0
0
0
0
0
0
0
0
-0.97105
-0.97113
-0.9699
-0.97054
-0.96994
-0.96846
-0.96846
-0.96887
-0.96816
-0.96827
-0.96826
-0.97034
-0.97028
-0.96999
-0.96996
-0.96993
55.2466
-0.96981
-0.96819
-0.96704
-0.9671
-0.9682
-0.96876
-0.96643
-0.96938
-0.96946
-0.97047
-0.97044
-0.96936
-0.96936
-0.9704
-0.96936
-0.97075
-0.97079
-0.9703
-0.96767
-0.9682
-0.9684
-0.96893
-0.96667
-0.967
-0.96772
-0.96843
-0.96679
-0.96855
-0.96692
-0.96922
-0.96984
-0.97085
-0.9692
-0.96731
-0.97161
-0.9724
-0.96861
-0.96699
-0.96844
-0.97678
-0.9709
0
0
0
0
0
0
0
0
0
0
0
0
0
0
0
0
0
0
0
0
0
0
0
0
0
0
0
0
0
0
0
0
0
0
0
0
0
0
0
0
0
0
0
0
0
0
0
0
0
0
0
0
0
0
0
0
0
0
0
0
0
0
0
0
0
0
-0.97103
-0.97116
-0.96989
-0.97061
-0.96999
-0.96851
-0.96851
-0.9689
-0.96817
-0.96831
-0.96831
-0.97037
-0.97031
-0.97006
-0.97003
-0.96999
-0.96981
55.4297
-0.96825
-0.96709
-0.96714
-0.96826
-0.96885
-0.96649
-0.96941
-0.96953
-0.97042
-0.9705
-0.96941
-0.96942
-0.97042
-0.96941
-0.97077
-0.97086
-0.97027
-0.96774
-0.96826
-0.96845
-0.96896
-0.96673
-0.96706
-0.96782
-0.96854
-0.96685
-0.96857
-0.96696
-0.96934
-0.96988
-0.97083
-0.96921
-0.96737
-0.97167
-0.97244
-0.96862
-0.96711
-0.96851
0
0
0
0
0
0
0
0
0
-1.054
-1.0743
0
0
0
0
0
0
0
0
0
0
0
0
0
0
0
0
0
0
0
0
0
0
0
0
0
0
0
0
0
0
0
0
0
0
0
0
0
0
0
0
0
0
0
0
0
0
0
0
0
0
0
0
0
0
0
0
0
-0.96954
-0.9696
-0.96841
-0.96903
-0.96845
-0.96696
-0.96695
-0.96735
-0.96661
-0.96674
-0.96674
-0.96867
-0.96877
-0.96849
-0.96842
-0.96841
-0.96819
-0.96825
54.847
-0.96542
-0.96547
-0.96654
-0.96718
-0.96486
-0.96774
-0.96782
-0.9688
-0.96886
-0.96777
-0.96777
-0.96866
-0.96777
-0.96911
-0.9685
-0.96867
-0.96608
-0.96664
-0.96673
-0.96724
-0.96507
-0.96536
-0.9661
-0.96679
-0.9652
-0.96691
-0.96529
-0.96761
-0.96826
-0.96918
-0.96761
-0.96574
-0.97006
-0.97066
-0.96703
-0.96539
-0.96688
0
0
0
0
0
0
0
0
0
0
0
0
0
0
0
0
0
0
0
0
0
0
0
0
0
0
0
0
0
0
0
0
0
0
0
0
0
0
0
0
0
0
0
0
0
0
-1.6347
0
0
0
0
0
0
0
0
0
0
0
0
0
0
0
0
0
0
0
0
0
-0.96839
-0.96847
-0.96724
-0.96789
-0.96729
-0.9658
-0.9658
-0.96621
-0.9655
-0.9656
-0.9656
-0.96771
-0.96764
-0.96729
-0.96732
-0.96728
-0.96704
-0.96709
-0.96542
54.1354
-0.96435
-0.96543
-0.96604
-0.96377
-0.9666
-0.96669
-0.96764
-0.96772
-0.96664
-0.96664
-0.96759
-0.96663
-0.96797
-0.96803
-0.96752
-0.96494
-0.96548
-0.96563
-0.96614
-0.96393
-0.96427
-0.96494
-0.96564
-0.96407
-0.96576
-0.96416
-0.96646
-0.96708
-0.96806
-0.96644
-0.96456
-0.96886
-0.96963
-0.96585
-0.96424
-0.96569
0
0
-0.98368
0
0
0
0
0
0
0
0
0
0
0
0
0
0
0
0
0
0
0
0
0
0
0
0
0
0
0
0
0
0
0
0
0
0
0
0
0
0
0
0
0
0
0
0
0
0
0
0
0
0
0
0
0
0
0
0
0
0
0
0
0
0
0
0
0
-0.96841
-0.9685
-0.96734
-0.96798
-0.96739
-0.96591
-0.9659
-0.96629
-0.96559
-0.96569
-0.9657
-0.96776
-0.9677
-0.96743
-0.96738
-0.96735
-0.9671
-0.96714
-0.96547
-0.96435
54.2014
-0.96548
-0.96609
-0.96383
-0.96667
-0.96675
-0.9677
-0.96779
-0.96671
-0.96671
-0.96764
-0.96672
-0.96796
-0.96807
-0.96756
-0.96501
-0.96553
-0.9657
-0.96622
-0.964
-0.96432
-0.96499
-0.9657
-0.96413
-0.96582
-0.96423
-0.96654
-0.96715
-0.96811
-0.96648
-0.96464
-0.96893
-0.96968
-0.96589
-0.96432
-0.96578
0
0
0
0
0
0
0
0
-1.0462
0
0
0
0
0
0
0
0
0
0
0
0
0
0
0
0
0
0
0
0
0
0
0
0
0
0
0
0
0
0
0
0
0
0
0
0
0
0
0
0
0
0
0
0
0
0
0
0
0
0
0
0
0
0
0
0
0
0
0
-0.96954
-0.9696
-0.96841
-0.96904
-0.96846
-0.96697
-0.96697
-0.96736
-0.96662
-0.96676
-0.96676
-0.9687
-0.96878
-0.96849
-0.96844
-0.96843
-0.9682
-0.96826
-0.96654
-0.96543
-0.96548
54.8562
-0.96721
-0.96487
-0.96776
-0.96784
-0.96881
-0.96887
-0.96778
-0.96778
-0.96809
-0.96778
-0.96913
-0.96912
-0.96867
-0.96609
-0.96665
-0.96674
-0.96726
-0.96509
-0.96538
-0.96611
-0.96681
-0.96521
-0.96691
-0.9653
-0.96761
-0.96826
-0.96919
-0.96763
-0.96575
-0.97009
-0.9707
-0.96705
-0.96541
-0.9669
0
0
0
0
0
0
0
0
0
0
0
0
0
0
0
0
0
0
0
0
0
0
0
0
0
0
0
0
0
0
0
0
0
0
0
0
0
0
0
0
0
-1.6431
0
0
0
0
0
0
0
0
0
0
0
0
0
0
0
0
0
0
0
0
0
0
0
0
0
0
-0.96999
-0.97005
-0.96885
-0.9695
-0.96889
-0.9674
-0.9674
-0.96783
-0.96705
-0.96719
-0.96718
-0.96914
-0.96926
-0.96895
-0.9689
-0.96892
-0.96876
-0.96885
-0.96718
-0.96604
-0.96609
-0.96721
55.1412
-0.96536
-0.96816
-0.96811
-0.96923
-0.9693
-0.9682
-0.9682
-0.96907
-0.96821
-0.96951
-0.96949
-0.96883
-0.96651
-0.96706
-0.96715
-0.96766
-0.9655
-0.96515
-0.96654
-0.9673
-0.96563
-0.967
-0.96572
-0.9681
-0.96869
-0.96961
-0.96805
-0.96618
-0.97061
-0.97112
-0.9675
-0.96581
0
0
0
0
0
0
0
0
0
0
0
0
0
0
0
0
0
0
0
-1.2619
0
0
0
0
0
0
0
0
0
0
0
0
0
0
0
0
0
0
0
0
0
0
0
0
-1.6102
0
0
0
0
0
0
0
0
0
0
0
0
0
0
0
0
0
0
0
0
0
0
0
0
-0.96784
-0.96793
-0.9667
-0.96734
-0.96674
-0.96526
-0.96526
-0.96567
-0.96495
-0.96505
-0.96505
-0.96713
-0.96704
-0.96675
-0.96671
-0.96668
-0.96643
-0.96649
-0.96486
-0.96377
-0.96383
-0.96487
-0.96536
53.1204
-0.96598
-0.96609
-0.96703
-0.96717
-0.96607
-0.96607
-0.96698
-0.96607
-0.96738
-0.96743
-0.96693
-0.96436
-0.9649
-0.96504
-0.96556
-0.96335
-0.96369
-0.96436
-0.96506
-0.96347
-0.96517
-0.96357
-0.96588
-0.96649
-0.96748
-0.96584
-0.96397
-0.96826
-0.96903
-0.96526
-0.96365
-0.9651
0
0
0
0
0
0
0
0
0
0
0
0
0
0
0
0
0
0
0
0
0
0
0
0
0
0
0
0
0
0
0
0
0
0
0
0
0
0
0
0
0
0
0
0
0
0
0
0
0
0
0
0
0
0
0
0
0
0
0
0
0
0
0
0
0
0
0
0
-0.97068
-0.97077
-0.96954
-0.97019
-0.96949
-0.9681
-0.9681
-0.96848
-0.96777
-0.96789
-0.96788
-0.96995
-0.96989
-0.96963
-0.9696
-0.96956
-0.96938
-0.96941
-0.96774
-0.9666
-0.96667
-0.96776
-0.96816
-0.96598
51.6736
-0.96904
-0.97006
-0.97008
-0.969
-0.969
-0.96988
-0.969
-0.97026
-0.9704
-0.96989
-0.96729
-0.96784
-0.968
-0.96853
-0.96631
-0.96661
-0.9673
-0.96793
-0.96639
-0.96811
-0.96629
-0.96883
-0.96928
-0.9704
-0.9688
-0.96694
0
0
-0.96824
0
0
0
0
0
0
0
0
0
0
0
0
0
0
-1.0925
0
0
0
0
0
0
-1.1822
0
0
0
0
0
0
0
0
0
0
0
0
0
0
0
0
0
0
0
0
0
0
0
0
0
0
0
0
0
0
0
0
0
0
0
0
0
0
0
0
0
0
0
0
0
0
0
0
-0.97079
-0.97085
-0.96961
-0.97025
-0.96966
-0.96817
-0.96817
-0.96866
-0.96782
-0.96797
-0.96796
-0.97
-0.97
-0.96973
-0.96967
-0.96966
-0.96946
-0.96953
-0.96782
-0.96669
-0.96675
-0.96784
-0.96811
-0.96609
-0.96904
51.0996
-0.97012
-0.97022
-0.96911
-0.9691
-0.96987
-0.9691
-0.9704
-0.97045
-0.96985
-0.96736
-0.96792
-0.96809
-0.9686
-0.96639
-0.96667
-0.96737
-0.96837
-0.96647
-0.96799
-0.96657
-0.96893
-0.96953
-0.97042
-0.9689
-0.96701
0
0
0
0
0
0
0
0
0
0
0
0
0
0
0
0
0
0
0
0
0
-1.3163
0
0
0
0
0
0
0
-1.3482
0
0
0
0
0
0
0
0
0
0
0
0
0
0
0
0
0
0
0
0
0
0
0
0
0
0
0
0
0
0
0
0
0
0
0
0
0
0
0
0
0
0
0
-0.97177
-0.97184
-0.97056
-0.97128
-0.97065
-0.96918
-0.96918
-0.9695
-0.9688
-0.96898
-0.96897
-0.97118
-0.97089
-0.97073
-0.97068
-0.97064
-0.97047
-0.97042
-0.9688
-0.96764
-0.9677
-0.96881
-0.96923
-0.96703
-0.97006
-0.97012
52.1221
-0.97118
-0.97008
-0.97008
-0.97099
-0.97008
-0.97137
-0.97147
-0.97098
-0.96836
-0.96888
-0.9692
-0.96958
-0.96739
-0.96766
-0.9684
-0.96913
-0.96747
-0.96922
-0.9676
-0.9699
-0.97051
-0.97131
-0.96985
-0.968
0
0
0
0
0
0
0
0
0
0
0
0
0
0
0
-1.0743
0
0
0
0
0
0
0
0
0
0
0
0
0
0
0
0
0
0
0
0
0
0
0
0
0
0
0
0
0
0
0
0
0
0
0
0
0
0
0
0
0
0
0
0
0
0
0
0
0
0
0
0
0
0
0
-2.564
0
-0.97175
-0.97183
-0.97059
-0.97124
-0.97064
-0.96916
-0.96916
-0.96956
-0.96885
-0.96895
-0.96894
-0.97107
-0.97099
-0.97069
-0.97067
-0.97065
-0.97044
-0.9705
-0.96886
-0.96772
-0.96779
-0.96887
-0.9693
-0.96717
-0.97008
-0.97022
-0.97118
49.4586
-0.97001
-0.97001
-0.97123
-0.97001
-0.97153
-0.97158
-0.97107
-0.96837
-0.96898
-0.96917
-0.96971
-0.96743
-0.96775
-0.9685
-0.96926
-0.96749
-0.96933
-0.96766
-0.96997
-0.9706
-0.97161
-0.96997
-0.96806
-0.97238
0
0
0
0
0
0
0
0
0
0
0
0
0
0
0
0
0
0
0
0
0
0
0
0
0
0
0
0
0
0
0
0
0
0
0
0
0
0
0
0
0
0
0
0
0
0
0
0
0
0
0
0
0
0
0
0
0
0
0
0
0
0
0
0
0
0
0
0
0
0
0
0
-0.97067
-0.97075
-0.96952
-0.97016
-0.96956
-0.96809
-0.96808
-0.96849
-0.96778
-0.96787
-0.96787
-0.96999
-0.9699
-0.96961
-0.96959
-0.96957
-0.96936
-0.96941
-0.96777
-0.96664
-0.96671
-0.96778
-0.9682
-0.96607
-0.969
-0.96911
-0.97008
-0.97001
48.4315
-0.96869
-0.97026
-0.96869
-0.97037
-0.97042
-0.96991
-0.96723
-0.96783
-0.96802
-0.96856
-0.96628
-0.96659
-0.96734
-0.9681
-0.96635
-0.96817
-0.96651
-0.96883
-0.96945
-0.97047
-0.96883
-0.96692
0
0
0
0
0
0
0
0
0
0
0
0
0
0
0
0
0
0
0
0
0
0
0
0
0
0
0
0
0
0
0
0
0
0
0
0
0
0
0
0
0
0
0
0
0
0
0
0
0
0
0
0
0
0
0
0
0
0
0
0
0
0
0
0
0
0
0
0
0
0
0
0
0
-0.97067
-0.97076
-0.96952
-0.97017
-0.96956
-0.96808
-0.96809
-0.96849
-0.96777
-0.96788
-0.96788
-0.96999
-0.96991
-0.96961
-0.96959
-0.96956
-0.96936
-0.96942
-0.96777
-0.96664
-0.96671
-0.96778
-0.9682
-0.96607
-0.969
-0.9691
-0.97008
-0.97001
-0.96869
48.4315
-0.97025
-0.96869
-0.97037
-0.97042
-0.96991
-0.96723
-0.96783
-0.96802
-0.96856
-0.96628
-0.96659
-0.96734
-0.9681
-0.96636
-0.96817
-0.96652
-0.96883
-0.96945
-0.97047
-0.96882
-0.96692
0
0
0
0
0
0
0
0
0
0
0
0
0
0
0
0
0
0
0
0
0
0
0
0
0
0
0
0
0
0
0
0
0
0
0
0
0
0
0
0
0
0
0
0
0
0
0
0
0
0
0
0
0
0
0
0
0
0
0
0
0
0
0
0
0
0
0
0
0
0
0
0
0
-0.9717
-0.97177
-0.97057
-0.97117
-0.97062
-0.96913
-0.96913
-0.96956
-0.96872
-0.9689
-0.9689
-0.9707
-0.97089
-0.97066
-0.9706
-0.9706
-0.9704
-0.97042
-0.96866
-0.96759
-0.96764
-0.96809
-0.96907
-0.96698
-0.96988
-0.96987
-0.97099
-0.97123
-0.97026
-0.97025
49.592
-0.97026
-0.97143
-0.97138
-0.97094
-0.96827
-0.96891
-0.96901
-0.9696
-0.96731
-0.96753
-0.96839
-0.96931
-0.96738
-0.96918
-0.9675
-0.96988
-0.97055
0
0
0
0
0
0
0
0
0
0
0
0
0
0
0
0
0
0
0
-1.0807
0
0
0
0
0
0
0
0
0
0
0
0
0
0
0
0
0
0
0
0
0
0
0
0
0
0
0
0
-1.299
-1.6405
0
0
0
0
0
0
0
0
0
0
0
0
0
0
0
0
0
0
0
0
0
0
0
0
0
0
-0.97067
-0.97076
-0.96952
-0.97016
-0.96957
-0.96808
-0.96808
-0.96849
-0.96777
-0.96787
-0.96788
-0.96999
-0.96991
-0.96961
-0.96959
-0.96957
-0.96936
-0.96941
-0.96777
-0.96663
-0.96672
-0.96778
-0.96821
-0.96607
-0.969
-0.9691
-0.97008
-0.97001
-0.96869
-0.96869
-0.97026
48.4316
-0.97038
-0.97042
-0.96992
-0.96724
-0.96784
-0.96803
-0.96856
-0.96628
-0.96659
-0.96734
-0.96811
-0.96635
-0.96818
-0.96652
-0.96883
-0.96946
-0.97047
-0.96883
-0.96692
0
0
0
0
0
0
0
0
0
0
0
0
0
0
0
0
0
0
0
0
0
0
0
0
0
0
0
0
0
0
0
0
0
0
0
0
0
0
0
0
0
0
0
0
0
0
0
0
0
0
0
0
0
0
0
0
0
0
0
0
0
0
0
0
0
0
0
0
0
0
0
0
0
-0.972
-0.97209
-0.9709
-0.97156
-0.97088
-0.96947
-0.96947
-0.96977
-0.96906
-0.96927
-0.96927
-0.97134
-0.9712
-0.97102
-0.97099
-0.97092
-0.97075
-0.97077
-0.96911
-0.96797
-0.96796
-0.96913
-0.96951
-0.96738
-0.97026
-0.9704
-0.97137
-0.97153
-0.97037
-0.97037
-0.97143
-0.97038
47.3905
-0.97208
-0.97149
-0.9686
-0.96908
-0.96961
-0.97009
-0.9676
-0.96791
-0.96881
-0.96927
-0.96764
-0.96976
-0.96804
-0.97033
0
0
0
0
0
0
0
0
0
0
0
0
0
0
0
0
0
0
0
0
0
0
0
-1.3148
0
0
0
0
0
0
0
0
0
0
0
0
0
0
0
0
0
0
-1.4575
0
0
0
0
0
0
0
0
0
0
0
0
0
0
0
0
0
0
0
0
0
0
0
0
0
0
0
0
0
0
0
0
0
0
-0.97211
-0.97214
-0.97096
-0.97156
-0.97101
-0.96951
-0.9695
-0.96989
-0.96912
-0.96929
-0.96929
-0.97116
-0.97129
-0.97105
-0.97097
-0.97099
-0.97079
-0.97086
-0.9685
-0.96803
-0.96807
-0.96912
-0.96949
-0.96743
-0.9704
-0.97045
-0.97147
-0.97158
-0.97042
-0.97042
-0.97138
-0.97042
-0.97208
47.4361
-0.97156
-0.96864
-0.9691
-0.96957
-0.97012
-0.96764
-0.96784
-0.96904
-0.96989
-0.96768
-0.96984
-0.96806
-0.97033
0
0
0
0
0
0
0
0
0
0
0
0
0
0
0
0
0
0
0
0
0
0
0
0
0
0
0
0
0
0
0
-1.183
0
0
0
0
0
0
0
0
0
0
0
0
0
0
0
0
0
0
0
0
0
0
0
-1.6331
0
0
0
0
0
0
0
0
0
0
0
0
0
0
0
0
0
0
0
0
0
-0.97154
-0.97166
-0.97045
-0.9711
-0.97049
-0.969
-0.969
-0.96946
-0.96867
-0.96881
-0.96881
-0.9709
-0.97091
-0.97055
-0.97052
-0.97051
-0.9703
-0.97027
-0.96867
-0.96752
-0.96756
-0.96867
-0.96883
-0.96693
-0.96989
-0.96985
-0.97098
-0.97107
-0.96991
-0.96991
-0.97094
-0.96992
-0.97149
-0.97156
46.9137
-0.96808
-0.96862
-0.9691
-0.96966
-0.9671
-0.96742
-0.96852
-0.96947
-0.96715
-0.96891
-0.96753
-0.96995
0
0
0
0
0
0
0
0
0
0
0
0
0
0
0
0
0
0
-1.0545
0
0
0
0
0
0
0
0
-1.261
0
0
0
0
0
0
0
0
0
0
0
0
0
0
0
0
0
0
0
0
0
0
0
0
0
0
0
0
0
0
0
0
0
0
0
0
0
0
0
0
0
0
0
0
0
0
0
0
0
-0.969
-0.96908
-0.96784
-0.96849
-0.96789
-0.96641
-0.96641
-0.96682
-0.9661
-0.9662
-0.96619
-0.96831
-0.96822
-0.96793
-0.96791
-0.96788
-0.96767
-0.96774
-0.96608
-0.96494
-0.96501
-0.96609
-0.96651
-0.96436
-0.96729
-0.96736
-0.96836
-0.96837
-0.96723
-0.96723
-0.96827
-0.96724
-0.9686
-0.96864
-0.96808
45.4451
-0.96564
-0.9661
-0.9667
-0.96431
-0.96454
-0.96558
-0.96637
-0.96444
-0.96641
-0.9647
-0.96696
-0.96761
0
0
0
0
0
0
0
0
0
0
0
0
0
0
0
0
0
0
0
0
0
0
0
0
0
0
0
0
0
0
0
0
0
0
0
0
0
0
0
0
0
0
0
0
0
0
0
0
0
0
0
0
0
0
0
0
0
0
0
0
0
0
0
0
0
0
0
0
0
0
0
0
0
0
0
0
-0.96949
-0.96958
-0.96833
-0.96901
-0.96839
-0.96691
-0.96691
-0.96723
-0.9666
-0.9667
-0.96671
-0.96886
-0.96871
-0.96846
-0.96844
-0.96839
-0.9682
-0.96826
-0.96664
-0.96548
-0.96553
-0.96665
-0.96706
-0.9649
-0.96784
-0.96792
-0.96888
-0.96898
-0.96783
-0.96783
-0.96891
-0.96784
-0.96908
-0.9691
-0.96862
-0.96564
45.9122
-0.96663
-0.96725
-0.96477
-0.96504
-0.96596
-0.96684
-0.96491
-0.96693
-0.96525
-0.9675
0
0
0
0
0
0
0
0
0
0
0
0
0
0
0
0
0
0
0
0
0
0
0
0
0
0
0
0
0
0
0
0
0
0
0
0
0
0
-1.4112
0
0
0
0
0
0
0
0
0
0
0
0
0
0
0
0
0
0
0
0
0
0
0
0
0
0
0
0
0
0
0
0
0
0
0
0
0
0
-0.96962
-0.96969
-0.96848
-0.9691
-0.96852
-0.96703
-0.96704
-0.96746
-0.96673
-0.96686
-0.96685
-0.96907
-0.96895
-0.96861
-0.9686
-0.9686
-0.9684
-0.96845
-0.96673
-0.96563
-0.9657
-0.96674
-0.96715
-0.96504
-0.968
-0.96809
-0.9692
-0.96917
-0.96802
-0.96802
-0.96901
-0.96803
-0.96961
-0.96957
-0.9691
-0.9661
-0.96663
46.0217
-0.96719
-0.96474
-0.96489
-0.96613
-0.96695
-0.96493
-0.96708
-0.96523
0
0
0
0
0
0
0
0
0
0
0
0
0
0
0
0
-0.98603
0
0
0
0
0
0
0
0
0
0
0
0
0
0
0
0
0
0
0
0
0
0
0
0
0
0
0
0
0
0
0
0
0
0
0
0
0
0
0
0
0
0
0
0
0
-1.4949
0
0
0
0
0
0
0
0
0
0
0
0
0
0
0
-0.97025
-0.97028
-0.96909
-0.96969
-0.96915
-0.96765
-0.96765
-0.96802
-0.96678
-0.96742
-0.96743
-0.96938
-0.96942
-0.96917
-0.96893
-0.96912
-0.96893
-0.96896
-0.96724
-0.96614
-0.96622
-0.96726
-0.96766
-0.96556
-0.96853
-0.9686
-0.96958
-0.96971
-0.96856
-0.96856
-0.9696
-0.96856
-0.97009
-0.97012
-0.96966
-0.9667
-0.96725
-0.96719
46.3462
-0.96528
-0.96549
-0.96676
-0.96745
-0.96547
-0.96751
-0.96582
0
0
0
0
0
0
0
0
0
0
0
0
0
0
0
0
0
0
0
0
0
0
0
0
0
0
0
0
0
0
0
0
0
0
0
0
-1.1998
0
0
0
0
0
0
0
0
0
-1.5824
0
0
0
0
0
0
0
0
0
0
0
0
0
0
0
0
0
0
0
0
0
0
0
0
0
0
0
0
0
0
0
-0.96799
-0.96808
-0.96684
-0.96749
-0.96689
-0.96541
-0.9654
-0.96582
-0.96509
-0.96519
-0.9652
-0.96729
-0.96723
-0.96693
-0.9669
-0.96687
-0.96667
-0.96673
-0.96507
-0.96393
-0.964
-0.96509
-0.9655
-0.96335
-0.96631
-0.96639
-0.96739
-0.96743
-0.96628
-0.96628
-0.96731
-0.96628
-0.9676
-0.96764
-0.9671
-0.96431
-0.96477
-0.96474
-0.96528
44.4334
-0.96352
-0.96414
-0.96486
-0.96336
-0.965
-0.96338
0
0
0
0
0
0
-0.96901
0
0
0
0
0
0
0
0
0
0
0
0
0
0
0
0
0
0
0
0
0
0
0
0
0
0
0
0
0
0
0
0
0
0
0
0
0
0
0
0
0
0
0
0
0
0
0
0
0
0
0
0
0
0
0
0
0
0
0
0
0
0
0
0
0
0
0
0
0
0
0
-0.96831
-0.96837
-0.96718
-0.96781
-0.96723
-0.96574
-0.96574
-0.96614
-0.96538
-0.96552
-0.96552
-0.96744
-0.96757
-0.96726
-0.96721
-0.96721
-0.967
-0.96706
-0.96536
-0.96427
-0.96432
-0.96538
-0.96515
-0.96369
-0.96661
-0.96667
-0.96766
-0.96775
-0.96659
-0.96659
-0.96753
-0.96659
-0.96791
-0.96784
-0.96742
-0.96454
-0.96504
-0.96489
-0.96549
-0.96352
45.078
-0.96443
-0.96511
-0.96371
-0.96528
-0.96367
0
0
0
0
0
0
0
0
0
0
0
0
0
0
0
0
0
0
0
0
0
0
0
0
0
0
0
0
0
0
0
0
0
0
0
0
0
0
0
0
0
0
0
0
0
0
0
0
0
0
0
0
0
-1.6012
0
0
0
0
0
0
0
0
0
0
0
0
0
0
0
0
0
0
0
0
0
0
0
0
-0.96897
-0.96908
-0.9679
-0.96849
-0.96787
-0.9664
-0.9664
-0.96691
-0.96607
-0.96621
-0.96621
-0.96829
-0.96816
-0.96797
-0.96797
-0.96796
-0.96772
-0.96782
-0.9661
-0.96494
-0.96499
-0.96611
-0.96654
-0.96436
-0.9673
-0.96737
-0.9684
-0.9685
-0.96734
-0.96734
-0.96839
-0.96734
-0.96881
-0.96904
-0.96852
-0.96558
-0.96596
-0.96613
-0.96676
-0.96414
-0.96443
44.3006
0
-0.96431
0
-0.96413
0
0
0
0
0
0
0
0
0
0
0
0
0
0
0
0
0
0
0
0
0
0
0
0
0
0
0
0
0
0
0
0
0
0
0
0
0
0
0
0
0
0
-1.4176
0
-1.3038
0
0
0
0
0
0
0
0
0
0
0
0
0
0
0
0
0
0
0
0
0
0
0
0
0
0
0
0
0
0
0
0
0
-0.96971
-0.96979
-0.96864
-0.96921
-0.96853
-0.96712
-0.96712
-0.96736
-0.96668
-0.96694
-0.96693
-0.96895
-0.96909
-0.96869
-0.96866
-0.9688
-0.96843
-0.96854
-0.96679
-0.96564
-0.9657
-0.96681
-0.9673
-0.96506
-0.96793
-0.96837
-0.96913
-0.96926
-0.9681
-0.9681
-0.96931
-0.96811
-0.96927
-0.96989
-0.96947
-0.96637
-0.96684
-0.96695
-0.96745
-0.96486
-0.96511
0
45.0065
-0.96509
0
0
0
0
0
0
0
0
0
0
0
0
0
0
0
0
0
0
0
0
0
0
0
0
0
0
-1.3097
0
0
0
0
0
0
0
0
0
0
0
0
0
0
0
0
0
-1.42
0
0
0
0
0
-1.6307
0
0
0
0
0
0
0
0
0
0
0
0
0
0
0
0
0
0
0
0
0
0
0
0
0
0
0
0
0
-0.96812
-0.9682
-0.96698
-0.9676
-0.96701
-0.96552
-0.96553
-0.96594
-0.96522
-0.96532
-0.96532
-0.96743
-0.96736
-0.96706
-0.96703
-0.967
-0.96679
-0.96685
-0.9652
-0.96407
-0.96413
-0.96521
-0.96563
-0.96347
-0.96639
-0.96647
-0.96747
-0.96749
-0.96635
-0.96636
-0.96738
-0.96635
-0.96764
-0.96768
-0.96715
-0.96444
-0.96491
-0.96493
-0.96547
-0.96336
-0.96371
-0.96431
-0.96509
43.4695
-0.96509
-0.96348
0
0
0
0
0
0
0
0
0
0
0
0
0
0
0
0
0
0
0
0
0
0
0
0
0
0
0
0
0
0
0
0
0
0
0
0
0
0
0
0
0
0
0
0
0
0
0
0
0
0
0
0
0
0
0
0
0
0
0
0
0
0
0
0
0
0
0
0
0
0
0
0
0
0
0
0
0
0
-0.96986
-0.96991
-0.96871
-0.96937
-0.96874
-0.96726
-0.96727
-0.96763
-0.96689
-0.96706
-0.96706
-0.96924
-0.96906
-0.96881
-0.96873
-0.96874
-0.96855
-0.96857
-0.96691
-0.96576
-0.96582
-0.96691
-0.967
-0.96517
-0.96811
-0.96799
-0.96922
-0.96933
-0.96817
-0.96817
-0.96918
-0.96818
-0.96976
-0.96984
-0.96891
-0.96641
-0.96693
-0.96708
-0.96751
-0.965
-0.96528
0
0
-0.96509
44.3576
0
0
0
0
0
0
0
0
0
0
0
0
0
0
0
0
0
0
0
0
0
0
0
0
0
0
0
0
0
-1.2567
0
0
0
0
0
0
0
0
0
0
0
0
0
0
0
0
0
0
0
0
0
0
0
0
0
0
0
0
0
0
0
0
0
0
0
0
0
-2.4518
0
0
0
0
0
0
0
0
0
0
0
-0.96823
-0.96831
-0.96708
-0.96772
-0.96713
-0.96564
-0.96564
-0.96604
-0.96531
-0.96543
-0.96543
-0.9675
-0.96746
-0.96718
-0.96713
-0.96711
-0.96692
-0.96696
-0.96529
-0.96416
-0.96423
-0.9653
-0.96572
-0.96357
-0.96629
-0.96657
-0.9676
-0.96766
-0.96651
-0.96652
-0.9675
-0.96652
-0.96804
-0.96806
-0.96753
-0.9647
-0.96525
-0.96523
-0.96582
-0.96338
-0.96367
-0.96413
0
-0.96348
0
42.7225
0
0
0
0
0
0
0
0
0
0
0
0
0
0
0
0
0
0
0
0
0
0
0
0
0
0
0
0
0
-1.1775
0
0
0
0
0
0
0
0
0
0
0
0
0
0
0
0
0
0
0
0
0
0
0
0
0
0
0
0
0
0
0
0
0
0
0
0
0
0
0
0
0
0
0
0
0
0
0
0
-0.9706
-0.97062
-0.96938
-0.97004
-0.96943
-0.96794
-0.96794
-0.9684
-0.96762
-0.96773
-0.96773
-0.96985
-0.96928
-0.96948
-0.96941
-0.96943
-0.96922
-0.96934
-0.96761
-0.96646
-0.96654
-0.96761
-0.9681
-0.96588
-0.96883
-0.96893
-0.9699
-0.96997
-0.96883
-0.96883
-0.96988
-0.96883
-0.97033
-0.97033
-0.96995
-0.96696
-0.9675
0
0
0
0
0
0
0
0
0
37.2156
0
0
0
0
0
0
0
0
0
0
0
0
0
0
0
0
0
0
0
0
0
0
0
0
0
0
0
0
0
0
0
0
0
0
0
0
0
0
0
0
0
0
0
0
0
0
-1.3709
0
0
0
0
0
0
0
0
0
0
0
0
0
0
0
0
0
0
0
0
0
0
0
0
0
0
0
0
0
0
-0.97116
-0.97125
-0.96999
-0.97066
-0.9699
-0.96857
-0.96856
-0.96895
-0.96827
-0.96835
-0.96836
-0.97048
-0.97036
-0.97009
-0.97008
-0.97002
-0.96984
-0.96988
-0.96826
-0.96708
-0.96715
-0.96826
-0.96869
-0.96649
-0.96928
-0.96953
-0.97051
-0.9706
-0.96945
-0.96945
-0.97055
-0.96946
0
0
0
-0.96761
0
0
0
0
0
0
0
0
0
0
0
33.0772
0
0
0
0
0
0
0
0
0
0
0
0
0
0
0
0
0
0
0
0
-1.0901
0
0
0
0
0
0
0
0
0
0
0
0
0
0
0
0
0
0
0
0
0
0
0
0
0
0
0
0
0
0
0
0
0
0
0
0
0
0
0
0
0
0
0
0
0
0
0
0
0
0
0
0
0
0
0
-0.97211
-0.97214
-0.97097
-0.97161
-0.97103
-0.96956
-0.96956
-0.96981
-0.96932
-0.96936
-0.96935
-0.97121
-0.97126
-0.9711
-0.97101
-0.971
-0.97085
-0.97083
-0.96918
-0.96806
-0.96811
-0.96919
-0.96961
-0.96748
-0.9704
-0.97042
-0.97131
-0.97161
-0.97047
-0.97047
0
-0.97047
0
0
0
0
0
0
0
0
0
0
0
0
0
0
0
0
33.1025
0
0
0
0
0
0
0
0
0
0
0
0
0
0
0
0
0
0
0
0
0
0
0
0
0
0
0
0
0
0
0
0
0
0
0
-0.85822
0
0
0
0
0
0
0
0
0
0
0
0
0
0
0
0
0
0
0
0
0
0
0
0
0
0
0
0
0
0
0
0
-2.1654
0
0
0
0
0
0
-0.97048
-0.97057
-0.96934
-0.97
-0.96939
-0.96791
-0.96791
-0.96829
-0.9676
-0.9677
-0.9677
-0.96982
-0.96971
-0.96945
-0.96943
-0.96936
-0.9692
-0.96921
-0.96761
-0.96644
-0.96648
-0.96763
-0.96805
-0.96584
-0.9688
-0.9689
-0.96985
-0.96997
-0.96883
-0.96882
0
-0.96883
0
0
0
0
0
0
0
0
0
0
0
0
0
0
0
0
0
31.1765
0
0
0
0
0
0
0
0
0
0
0
0
0
0
0
0
0
0
0
0
0
0
0
0
0
0
-1.1474
0
0
0
0
0
0
0
0
0
0
0
0
0
0
0
0
0
0
0
0
0
0
0
0
0
0
0
0
0
0
0
0
0
0
0
0
0
0
0
0
0
0
0
0
0
0
0
-0.96864
-0.96873
-0.96747
-0.96813
-0.96753
-0.96604
-0.96604
-0.96647
-0.96576
-0.96583
-0.96583
-0.96798
-0.96788
-0.96757
-0.96756
-0.96752
-0.96731
-0.96737
-0.96574
-0.96456
-0.96464
-0.96575
-0.96618
-0.96397
-0.96694
-0.96701
-0.968
-0.96806
-0.96692
-0.96692
0
-0.96692
0
0
0
0
0
0
0
0
0
0
0
0
0
0
0
0
0
0
29.9712
0
0
0
0
0
0
0
0
0
0
0
0
0
0
0
0
0
0
0
0
0
0
0
0
0
0
0
0
0
0
0
0
0
0
0
0
0
0
0
0
0
0
0
0
0
0
0
0
0
0
0
0
0
0
0
0
0
0
0
0
0
0
0
0
0
0
0
0
0
0
0
0
0
-0.97287
-0.97295
-0.97171
-0.97238
-0.97175
-0.97027
-0.97027
-0.97018
-0.96993
-0.97007
-0.97006
-0.97223
-0.97237
-0.97187
-0.97185
-0.97195
-0.97161
-0.97167
-0.97006
-0.96886
-0.96893
-0.97009
-0.97061
-0.96826
0
0
0
-0.97238
0
0
0
0
0
0
0
0
0
0
0
0
0
0
0
0
0
0
0
0
0
0
0
26.8527
0
0
0
0
0
0
0
0
0
0
0
0
0
0
0
0
0
0
0
-1.2419
0
0
0
0
0
0
0
-1.3356
0
0
0
0
0
0
0
0
0
0
0
0
0
0
0
0
0
0
0
0
0
0
0
0
0
0
0
0
0
0
0
0
0
0
0
0
0
0
0
0
0
0
0
0
-0.97364
-0.97369
-0.97252
-0.97329
-0.97258
-0.97107
-0.97107
-0.97151
-0.97077
-0.9709
-0.97091
-0.97213
-0.97296
-0.97266
-0.97258
-0.9726
-0.9724
-0.97244
-0.97066
-0.96963
-0.96968
-0.9707
-0.97112
-0.96903
0
0
0
0
0
0
0
0
0
0
0
0
0
0
0
-0.96901
0
0
0
0
0
0
0
0
0
0
0
0
26.779
0
0
0
0
0
0
0
0
0
-0.98956
0
0
0
0
0
0
0
0
0
0
0
0
0
0
0
0
0
0
0
0
0
0
0
0
0
0
0
0
0
0
0
0
0
0
0
0
0
0
0
0
0
0
0
-1.4999
0
0
0
0
0
0
0
0
0
0
0
0
0
0
0
0
0
-0.96988
-0.96999
-0.96875
-0.96942
-0.9688
-0.96732
-0.96732
-0.9677
-0.96702
-0.96711
-0.96711
-0.96924
-0.96912
-0.96886
-0.96885
-0.96877
-0.96861
-0.96862
-0.96703
-0.96585
-0.96589
-0.96705
-0.9675
-0.96526
-0.96824
0
0
0
0
0
0
0
0
0
0
0
0
0
0
0
0
0
0
0
0
0
0
0
0
0
0
0
0
25.3426
0
0
0
0
0
0
0
0
0
0
0
0
0
0
0
0
0
0
0
0
0
0
-1.1433
0
0
0
0
0
0
0
0
0
0
0
0
0
0
0
0
0
0
0
0
0
0
0
0
0
0
0
0
0
0
0
0
0
0
0
0
0
0
0
0
0
0
0
0
0
0
0
-0.96838
-0.96841
-0.96714
-0.96777
-0.96721
-0.96571
-0.96571
-0.96625
-0.96541
-0.9655
-0.9655
-0.96755
-0.96748
-0.96724
-0.9672
-0.96721
-0.96699
-0.96711
-0.96539
-0.96424
-0.96432
-0.96541
-0.96581
-0.96365
0
0
0
0
0
0
0
0
0
0
0
0
0
0
0
0
0
0
0
0
0
0
0
0
0
0
0
0
0
0
24.2684
0
0
0
0
0
0
0
0
0
0
0
0
0
0
-1.0758
0
0
0
0
0
0
0
0
0
0
0
0
0
0
0
0
0
0
0
0
0
0
0
0
0
0
0
0
0
0
0
0
0
0
0
0
0
0
0
0
0
0
0
0
0
0
0
0
0
0
0
0
0
0
-0.96978
-0.96987
-0.96861
-0.96926
-0.96867
-0.96717
-0.96717
-0.96761
-0.96691
-0.96696
-0.96696
-0.96913
-0.96902
-0.96871
-0.9687
-0.96866
-0.96844
-0.96851
-0.96688
-0.96569
-0.96578
-0.9669
0
-0.9651
0
0
0
0
0
0
0
0
0
0
0
0
0
0
0
0
0
0
0
0
0
0
0
0
0
0
0
0
0
0
0
22.2605
0
0
0
0
0
0
0
0
0
0
0
0
0
0
0
0
0
0
0
0
0
0
0
0
0
0
0
0
0
0
0
0
0
0
0
0
0
0
0
0
0
0
0
0
0
0
0
0
0
0
0
0
0
0
0
0
0
0
0
0
0
0
0
0
0
0
0
0
-0.97808
-0.97815
-0.97688
-0.97751
-0.97693
-0.97547
-0.97546
-0.97555
-0.97514
-0.97525
-0.97524
0
0
-0.97705
-0.97698
-0.97685
-0.97678
0
0
0
0
0
0
0
0
0
0
0
0
0
0
0
0
0
0
0
0
0
0
0
0
0
0
0
0
0
0
0
0
0
0
0
0
0
0
0
20.304
0
0
0
0
0
0
0
0
0
0
0
0
0
0
-1.2526
0
0
0
0
0
0
0
0
0
0
0
0
0
-1.3847
0
0
0
0
0
0
0
0
0
0
0
0
0
0
0
0
0
0
-1.6911
0
0
0
0
0
-1.3282
0
0
0
0
0
0
0
0
0
0
0
0
0
-0.97227
-0.97229
-0.97113
-0.97184
-0.97119
-0.96965
-0.96966
-0.97009
-0.96934
-0.96943
-0.96943
0
-0.97151
-0.97118
-0.97109
-0.97112
-0.9709
0
0
0
0
0
0
0
0
0
0
0
0
0
0
0
0
0
0
0
0
0
0
0
0
0
0
0
0
0
0
0
0
0
0
0
0
0
0
0
0
16.8391
0
0
0
0
0
0
0
0
0
0
0
0
0
0
0
0
0
0
0
0
0
0
0
0
0
0
0
0
0
0
0
0
0
0
0
0
0
-1.307
0
0
0
0
0
0
0
0
0
0
0
0
0
0
0
0
0
0
0
0
0
0
0
0
0
0
0
0
-0.98796
-0.98808
-0.9866
-0.98736
-0.98667
-0.98519
-0.98519
-0.98554
-0.98482
-0.98499
-0.98499
0
0
-0.98674
0
0
0
0
0
-0.98368
0
0
0
0
0
0
0
0
0
0
0
0
0
0
0
0
0
0
0
0
0
0
0
0
0
0
0
0
0
0
0
0
0
0
0
0
0
0
14.2028
0
0
0
0
0
0
0
0
0
0
0
0
0
0
0
0
0
0
0
0
0
0
0
0
0
0
0
0
0
0
0
0
0
0
0
0
0
0
0
0
0
-1.385
0
0
0
0
0
0
0
0
0
0
0
0
0
0
0
0
0
0
0
0
0
0
0
-0.97572
-0.97574
-0.97444
-0.97514
-0.97449
-0.97297
-0.97298
-0.97331
-0.97261
-0.97274
-0.97275
0
0
0
0
0
0
0
0
0
0
0
0
0
0
0
0
0
0
0
0
0
0
0
0
0
0
0
0
0
0
0
0
0
0
0
0
0
0
0
0
0
0
0
0
0
0
0
0
13.0767
0
0
0
0
0
0
0
0
0
0
0
-1.2091
0
0
0
0
0
0
-1.1547
0
0
0
0
0
0
0
0
0
0
0
0
0
0
0
0
0
0
0
0
0
0
0
0
0
0
0
0
0
0
0
0
0
0
0
0
0
0
0
0
0
0
0
0
0
-0.97412
-0.97413
-0.97295
-0.97353
-0.97301
-0.97147
-0.97147
-0.97191
-0.97118
-0.97124
-0.97123
0
0
-0.97296
0
0
0
0
0
0
0
0
0
0
0
0
0
0
0
0
0
0
0
0
0
0
0
0
0
0
0
0
0
0
0
0
0
0
0
0
0
0
0
0
0
0
0
0
0
0
13.0839
0
0
0
0
0
0
0
0
0
0
0
0
0
0
0
0
0
0
0
0
0
0
0
0
0
0
0
0
0
0
0
0
0
0
0
0
0
0
0
0
0
0
0
0
0
0
0
-1.4147
0
0
0
0
0
0
0
0
0
0
0
0
0
0
0
-0.96957
-0.96971
-0.96836
-0.96916
-0.96847
-0.96698
-0.96698
-0.96698
0
-0.96687
-0.96687
0
0
0
0
0
0
0
0
0
0
0
0
0
0
0
0
0
0
0
0
0
0
0
0
0
0
0
0
0
0
0
0
0
0
0
0
0
0
0
0
0
0
0
0
0
0
0
0
0
0
11.1201
0
0
0
0
0
0
0
0
0
0
0
0
0
0
0
0
0
0
0
0
0
0
0
0
0
0
0
0
0
0
0
0
0
0
0
0
0
0
0
0
0
0
0
0
0
0
0
0
0
0
0
0
0
0
0
0
0
-1.4402
0
0
0
0
-0.98844
-0.98861
-0.98723
-0.98806
-0.98738
-0.98583
-0.98582
0
0
0
0
0
0
0
0
0
0
0
0
0
0
0
0
0
0
0
0
0
0
0
0
0
0
0
0
0
0
-0.98603
0
0
0
0
0
0
0
0
0
0
0
0
0
0
-0.98956
0
0
0
0
0
0
0
0
0
11.3502
-1.018
0
0
0
0
0
0
0
0
0
0
0
0
0
0
0
0
0
0
0
0
0
0
0
0
0
0
0
0
0
0
0
0
0
0
0
0
0
0
0
0
0
0
0
0
0
0
0
0
0
0
0
0
0
0
0
0
0
-1.4453
0
0
-1.0233
-1.0235
-1.022
-1.0229
-1.0222
-1.0205
-1.0205
0
0
0
0
0
0
0
0
0
0
0
0
0
0
0
0
0
0
0
0
0
0
0
0
0
0
0
0
0
0
0
0
0
0
0
0
0
0
0
0
0
0
0
0
0
0
0
0
0
0
0
0
0
0
0
-1.018
8.1729
0
0
0
0
0
0
0
0
0
0
0
0
0
0
0
0
0
0
0
0
0
0
0
0
0
0
0
0
0
0
0
0
0
0
0
0
0
0
0
0
0
0
0
0
0
0
0
0
0
0
0
0
0
0
0
0
0
0
0
0
-1.05
-1.0509
0
0
0
0
0
0
0
0
0
0
0
0
0
0
0
0
0
0
-1.0462
0
0
0
0
0
0
0
0
0
0
0
0
0
0
0
0
0
0
0
0
0
0
0
0
0
0
0
0
0
0
0
0
0
0
0
0
0
0
0
0
0
0
0
8.1895
-1.0845
0
0
0
0
0
0
0
0
0
0
0
0
-1.2373
0
0
0
0
0
0
0
0
0
0
-1.3722
0
0
0
0
0
0
0
0
0
0
0
0
0
0
0
-1.3485
0
0
0
0
0
0
0
0
0
0
0
0
0
0
0
0
0
0
-1.0552
0
0
0
0
0
0
0
0
0
0
0
0
0
0
0
0
-1.054
0
0
0
0
0
0
0
0
0
0
0
0
0
0
0
0
-1.0545
0
0
0
0
0
0
0
0
0
0
0
0
0
0
0
0
0
0
0
0
0
0
0
0
0
0
0
0
0
-1.0845
6.2189
0
0
0
0
0
0
0
0
0
0
0
-0.74336
0
0
0
0
0
-1.2273
0
0
0
0
0
0
0
0
0
0
0
0
0
0
0
0
0
0
0
0
0
0
0
0
0
0
0
0
0
0
0
0
0
0
0
0
0
0
0
0
0
0
-1.0749
0
0
0
0
0
0
0
0
0
0
0
0
0
0
-1.0743
0
0
0
0
0
0
0
0
-1.0743
0
0
0
0
0
0
0
0
0
0
0
0
0
0
0
0
0
0
0
0
0
0
0
0
0
0
0
0
0
0
0
0
0
0
0
0
0
0
0
5.9189
0
0
0
0
0
0
0
0
0
0
0
0
0
0
0
0
0
0
0
-1.4086
0
0
0
0
0
0
0
0
0
0
0
0
0
0
0
0
0
0
0
0
0
0
0
0
0
0
0
0
0
0
0
0
0
-1.2867
0
0
0
0
0
0
0
0
0
0
0
0
0
0
0
0
0
0
0
0
0
0
0
0
0
0
0
0
0
0
0
0
0
-1.0807
0
0
0
0
0
0
0
0
0
0
0
0
0
0
0
0
0
0
0
0
0
0
0
0
0
0
0
0
0
0
0
0
0
0
0
0
6.2379
0
0
0
-1.1839
0
0
0
-1.2017
0
0
0
0
-1.3578
0
0
0
0
0
0
0
0
0
0
0
0
0
0
0
0
0
0
0
0
0
0
0
0
0
0
0
0
0
0
0
0
0
0
0
-1.4138
0
0
0
0
0
0
0
0
0
0
0
-1.0945
0
0
0
0
0
0
0
0
0
0
0
0
0
0
0
0
0
0
0
-1.0925
0
0
0
0
0
0
0
0
0
0
0
0
0
0
0
0
0
0
0
0
0
0
-1.0901
0
0
0
0
0
0
0
0
0
0
0
0
0
0
0
0
0
0
0
0
5.9099
0
-1.2672
0
0
0
0
0
0
0
0
0
0
0
0
0
0
0
0
0
0
0
0
0
0
0
0
0
0
0
0
0
0
0
0
0
0
0
0
0
0
0
0
0
0
-1.3655
0
0
0
0
0
0
0
0
0
0
0
0
0
0
0
0
0
0
0
0
0
0
0
0
0
0
0
0
0
0
0
0
0
0
0
0
0
0
0
0
0
0
0
0
0
0
0
0
0
0
0
0
0
0
0
0
0
0
0
0
0
0
0
0
-1.0758
0
0
0
0
0
0
0
0
0
0
0
0
0
0
6.026
0
0
-1.2766
0
0
0
0
-0.99871
0
0
0
0
0
0
0
0
0
0
0
0
0
0
0
-1.4164
0
0
-1.2585
0
0
0
0
0
0
0
0
0
0
0
0
0
0
0
0
0
0
0
0
0
0
0
0
0
0
0
0
0
0
0
0
0
0
0
0
0
0
0
0
0
0
0
0
0
0
0
0
0
0
0
0
0
0
0
0
0
0
0
-1.3148
0
0
0
0
0
0
0
0
0
-1.3097
0
0
0
0
0
0
0
0
0
0
0
0
0
0
0
0
0
0
0
0
0
0
0
0
0
-1.2672
0
5.7532
0
0
0
0
0
0
0
0
0
0
0
0
0
0
0
0
0
0
0
0
0
0
0
0
0
0
0
0
0
0
0
0
0
0
0
0
0
0
0
0
-1.8614
0
0
0
0
0
0
0
0
0
0
0
0
0
0
0
0
0
0
0
0
0
0
0
0
0
0
0
0
0
0
0
0
0
0
0
0
0
0
0
0
0
0
0
0
0
0
0
0
0
0
0
0
0
0
0
0
0
0
0
0
0
0
0
-1.2419
0
0
0
0
-1.2526
0
0
-1.2091
0
0
0
0
0
0
0
-1.1839
0
0
0
4.8875
0
0
0
0
0
0
0
0
0
0
0
0
0
0
0
0
0
0
0
0
0
0
0
0
0
0
0
0
0
0
0
0
0
0
0
0
0
0
0
0
0
0
0
0
0
0
0
0
0
0
0
0
0
0
0
0
0
0
0
0
0
0
0
0
0
0
0
0
0
0
0
0
0
0
0
0
0
-1.3163
0
0
0
0
0
0
0
0
0
0
0
0
0
0
0
0
0
0
0
0
0
0
0
0
0
0
0
0
0
0
0
0
0
0
0
0
0
0
0
0
0
0
0
-1.2766
0
0
5.4987
0
-1.3036
0
0
0
0
0
0
0
0
0
0
0
0
0
0
0
0
0
0
0
0
0
0
0
0
0
0
0
0
0
0
0
0
-1.6022
0
0
0
0
0
0
0
0
0
0
0
0
0
0
0
0
0
0
0
0
0
0
0
0
0
0
0
0
-1.0118
0
0
-1.0122
0
0
0
0
0
0
0
0
0
0
0
0
0
0
0
0
0
0
0
0
0
0
0
0
0
0
0
0
0
0
0
0
0
0
0
0
0
0
0
0
0
0
0
0
0
0
0
0
0
0
0
0
0
0
0
0
0
4.9285
0
0
0
0
0
0
0
-1.5734
0
0
0
0
0
0
0
0
0
0
0
0
0
0
0
0
0
0
0
0
0
0
0
0
0
0
0
0
0
0
0
0
0
0
0
0
0
0
0
0
0
-1.3312
0
0
0
0
0
0
0
0
0
0
0
0
0
0
0
0
0
0
0
0
0
0
-1.2619
0
0
0
0
0
0
0
0
0
0
0
-1.261
0
0
0
0
0
0
0
0
0
-1.2567
0
0
0
0
0
0
0
0
0
0
0
0
0
0
0
0
0
0
0
0
0
0
0
0
0
0
0
-1.3036
0
5.0831
0
0
0
0
0
0
0
0
0
0
0
0
0
0
0
0
0
0
0
0
0
0
0
0
0
0
0
0
0
0
0
0
0
0
0
0
0
0
0
0
0
0
0
0
0
0
0
0
0
0
0
0
0
0
0
0
0
0
0
0
0
0
0
0
0
0
0
0
0
0
0
0
0
-1.1822
0
0
0
0
0
0
0
0
0
0
0
0
0
0
0
0
0
0
0
0
-1.1775
0
0
0
0
0
0
0
0
0
0
0
0
0
0
0
0
0
0
0
0
0
-1.2017
0
0
0
0
0
0
0
5.0263
0
0
0
0
0
0
0
0
0
0
0
0
0
0
0
0
0
0
0
0
0
0
0
0
0
0
0
0
0
0
0
0
0
0
-1.4649
0
0
0
0
0
0
0
0
0
0
0
0
0
0
0
0
0
0
0
0
0
0
0
0
0
0
0
0
0
0
0
0
0
0
0
0
0
0
0
0
0
0
0
0
0
0
0
0
0
0
0
0
0
0
0
0
0
0
0
0
0
0
-1.1474
0
0
0
-1.1433
0
0
0
0
0
0
0
0
0
0
0
0
0
0
0
0
0
0
0
0
0
0
5.1774
0
0
0
0
0
0
0
0
0
0
0
0
0
0
0
0
0
0
0
0
0
0
0
0
-1.4349
0
0
0
-1.4518
0
0
0
0
0
0
0
0
0
0
0
0
0
0
0
0
0
0
0
0
0
0
0
0
0
0
0
0
0
0
0
0
0
0
0
0
0
0
0
0
0
0
0
0
0
0
0
0
0
0
0
0
0
0
0
0
0
0
0
0
0
0
0
0
0
0
0
0
0
0
0
0
0
0
0
0
0
0
0
0
0
0
0
-0.74336
0
0
0
-0.99871
0
0
0
0
0
0
0
2.4177
0
0
0
0
0
0
0
0
0
0
0
0
0
0
0
0
0
0
0
0
0
0
0
0
0
0
0
0
0
0
0
0
0
0
0
0
-0.67566
0
0
0
0
0
0
0
0
0
0
0
0
0
0
0
0
0
0
0
0
0
0
0
0
0
0
0
0
0
0
0
0
0
0
0
0
0
0
0
0
0
0
-1.183
0
0
0
0
0
0
0
0
0
0
0
0
0
0
0
0
0
0
0
0
0
0
0
0
0
-1.1547
0
0
0
0
-1.2373
0
0
0
0
0
0
0
0
0
0
0
0
0
3.5749
0
0
0
0
0
0
0
0
0
0
0
0
0
0
0
0
0
0
0
0
0
0
0
0
0
0
0
0
0
0
0
0
0
0
0
0
0
0
0
0
0
0
0
0
0
0
0
0
0
0
0
0
-1.3579
0
0
0
0
0
0
0
0
0
0
0
0
0
0
0
0
0
0
0
0
0
0
0
0
0
0
0
0
0
0
0
0
0
0
0
0
0
0
0
0
0
0
0
-1.3356
0
0
0
0
0
0
0
0
0
0
0
0
0
0
0
0
0
0
0
0
0
0
0
0
0
0
0
4.1231
0
0
0
0
0
0
0
0
0
0
0
-1.4296
0
0
0
0
0
0
0
0
0
0
0
0
0
0
0
0
0
0
0
0
0
0
0
0
0
0
0
0
0
0
0
0
0
0
0
0
0
0
0
0
0
0
0
0
0
0
0
0
0
0
0
0
0
0
0
0
0
-1.3482
0
0
0
0
0
0
0
0
0
0
0
0
0
0
0
0
0
0
0
0
0
0
0
0
0
0
0
0
0
0
0
0
0
0
0
0
0
0
0
0
0
-1.3578
0
0
0
0
0
0
0
0
0
0
0
0
4.2123
0
0
0
0
0
0
0
0
0
0
0
0
0
0
0
0
0
0
0
0
0
0
0
-1.5063
0
0
0
0
0
0
0
0
0
0
0
0
0
0
0
0
0
0
0
0
0
0
0
0
0
0
0
0
0
0
0
0
0
0
0
0
0
0
0
0
0
0
0
0
0
0
0
0
0
0
0
0
0
0
0
0
0
0
0
0
0
0
0
0
0
0
0
0
0
0
0
0
0
0
0
0
0
0
0
0
0
0
0
0
0
0
0
0
0
0
0
0
-1.5734
0
0
0
0
0
0
0
4.6207
0
0
0
0
0
0
0
0
0
-1.3908
0
0
-1.6565
0
0
0
0
0
0
0
0
0
0
0
0
0
0
0
0
0
0
0
0
0
0
0
0
0
0
0
0
0
0
0
0
0
0
0
0
0
0
0
0
0
0
0
-1.2034
0
0
0
0
0
0
0
0
0
0
0
0
0
0
0
0
0
0
0
0
0
0
0
-1.1998
0
0
0
0
0
0
0
0
0
0
0
0
0
0
0
0
0
0
0
0
0
0
0
0
0
0
0
0
0
0
0
0
0
0
0
0
0
0
0
0
0
0
0
3.7157
-1.3124
0
0
0
0
0
0
0
0
0
0
0
0
0
0
0
0
0
0
0
0
0
0
0
0
0
0
0
0
0
0
0
0
0
0
0
0
0
0
0
0
0
-1.2023
0
0
0
0
0
0
0
0
0
0
0
0
0
0
0
0
0
0
0
0
0
0
0
0
0
0
0
0
0
0
0
0
0
0
0
0
0
0
0
0
0
0
0
0
0
0
0
0
0
0
0
0
0
0
0
0
0
0
0
0
0
0
0
-1.2273
0
0
0
0
0
0
0
0
0
0
0
0
0
0
0
0
-1.3124
3.742
0
0
0
0
0
0
0
0
0
0
0
0
0
0
0
0
0
0
0
0
0
0
0
0
0
0
0
0
0
0
0
0
0
0
0
0
0
0
0
0
0
0
0
0
0
0
0
0
-0.85174
0
0
0
0
0
0
0
0
0
0
0
0
0
0
0
0
0
0
0
0
0
0
0
0
0
0
0
0
0
0
0
0
0
0
0
0
0
0
0
-0.85822
0
0
0
0
0
0
0
0
0
0
0
0
0
0
0
0
0
0
0
0
0
0
0
0
0
0
0
0
0
0
0
0
0
0
0
2.4342
0
0
0
0
0
0
0
0
0
0
0
0
0
0
0
0
0
0
0
0
0
0
0
0
0
0
0
0
0
0
0
0
0
-0.72429
0
0
0
0
0
0
0
0
0
0
0
0
0
0
0
0
0
0
0
0
0
0
0
0
0
0
0
0
0
0
0
0
0
0
0
0
0
0
0
0
0
-1.4112
0
0
0
0
0
0
0
0
0
0
0
0
0
0
0
0
0
0
0
-1.3847
0
0
0
0
0
0
0
0
0
0
0
0
0
0
0
0
0
0
0
0
0
0
0
0
0
0
0
0
4.3712
0
0
0
0
0
0
0
0
0
0
0
0
0
0
0
0
0
-1.5753
0
0
0
0
0
0
0
0
0
0
0
0
0
0
0
0
0
0
0
0
0
0
0
0
0
0
0
0
0
0
0
0
-1.4503
0
0
0
0
0
0
0
0
0
0
0
0
0
0
0
0
0
0
0
0
0
0
0
0
0
0
0
0
0
0
0
0
0
0
0
0
0
0
0
0
0
0
0
0
0
0
0
0
0
0
0
0
0
-1.4086
0
0
0
0
0
0
0
0
0
0
0
0
0
0
0
0
0
0
0
4.5694
0
0
0
0
0
0
0
0
0
0
0
0
0
0
0
0
0
0
0
0
0
0
-1.7105
0
0
0
0
0
0
0
0
0
0
0
0
0
0
0
0
0
0
0
0
0
-1.2278
0
0
0
0
0
0
0
0
0
0
0
0
0
0
0
0
0
0
0
0
0
0
0
0
0
0
0
0
0
0
0
0
0
0
0
0
0
0
0
0
0
0
0
0
0
0
0
0
0
0
0
0
0
0
0
0
0
0
0
0
0
0
0
0
0
0
0
0
0
0
0
0
0
0
0
0
0
0
0
4.36
0
0
-1.5591
-1.5731
0
0
0
0
0
0
0
0
0
0
0
0
0
0
0
0
0
0
0
0
0
0
0
0
0
0
0
0
0
0
0
0
0
0
0
0
0
0
0
0
0
0
0
0
0
0
0
0
0
0
0
0
0
0
0
0
0
0
0
0
0
0
0
0
0
0
0
0
0
0
0
0
0
-1.4176
-1.42
0
0
0
0
0
0
0
0
0
0
0
0
0
0
0
0
0
0
0
0
0
0
0
0
0
0
0
0
0
0
0
0
0
0
0
0
0
0
0
0
0
0
0
0
0
4.3518
0
0
0
0
0
0
0
0
0
0
0
0
0
0
0
0
0
0
0
0
-1.5141
0
0
0
0
0
0
0
0
0
0
0
0
0
0
0
0
0
0
0
0
0
0
0
0
0
0
0
0
0
0
0
0
0
0
0
0
0
0
0
0
0
0
0
0
0
0
-1.4575
0
0
0
0
0
0
0
0
0
0
0
0
0
0
0
0
0
0
0
0
0
0
0
0
0
0
0
0
0
0
0
-1.3722
0
0
0
0
0
0
0
0
0
0
0
0
0
0
0
0
0
0
0
0
0
0
0
0
4.4046
0
0
0
0
0
0
0
0
0
0
0
0
0
-1.5748
0
0
0
0
0
0
0
0
0
0
0
0
0
0
0
0
0
0
0
0
0
0
0
0
0
0
0
0
0
0
0
0
0
0
0
0
0
0
0
0
0
0
0
0
0
0
0
0
0
0
0
0
0
0
0
0
0
0
0
0
0
-1.3038
0
0
0
0
0
0
0
0
0
0
0
0
0
0
0
0
0
0
0
0
0
0
0
0
0
0
0
0
0
0
0
0
0
0
0
0
0
0
0
0
0
0
0
0
0
-1.5591
0
0
4.4824
0
0
0
0
0
0
0
0
0
0
0
0
0
0
0
0
-1.6194
0
0
0
0
0
0
0
0
0
0
0
0
0
0
0
0
0
0
0
0
0
0
0
0
0
0
0
0
0
0
0
0
0
0
0
0
0
0
0
0
0
0
0
0
0
0
0
0
0
0
0
0
0
0
0
0
0
0
0
0
0
0
0
0
0
0
0
0
0
0
0
0
0
0
0
0
0
0
0
0
0
0
0
0
0
0
0
0
0
0
0
0
0
0
0
-1.4296
0
-1.3908
0
0
0
0
0
-1.5731
0
0
0
4.3934
0
0
0
0
0
0
0
0
0
0
0
0
0
0
0
0
0
0
0
0
0
0
0
0
0
0
0
0
0
0
0
0
0
0
0
0
0
0
0
0
-1.5893
0
0
0
0
0
0
0
0
0
0
0
0
0
0
0
0
0
0
0
0
0
0
0
0
0
0
0
0
0
-1.5824
0
0
0
0
0
0
0
0
0
0
0
0
0
0
0
0
0
0
0
0
0
0
0
0
0
0
0
0
0
0
0
0
0
0
0
0
0
0
0
0
0
0
0
0
0
0
0
0
0
0
0
0
0
4.9529
0
0
0
0
0
0
0
0
0
0
0
0
0
0
0
0
0
0
-1.7812
0
0
0
0
0
0
0
0
0
0
0
0
0
0
0
0
0
0
0
0
0
0
0
0
-1.3823
0
0
0
0
0
0
0
0
0
0
0
0
0
0
0
0
0
0
0
0
0
0
0
0
0
0
0
0
0
0
0
0
0
-1.3709
0
0
0
0
0
0
0
0
0
0
0
0
0
0
0
0
0
0
0
0
0
0
-1.4164
0
0
0
0
0
0
0
0
0
0
0
0
0
0
0
0
0
0
0
0
0
0
0
4.1697
0
0
0
0
0
0
0
0
0
0
0
0
0
0
0
0
0
0
0
0
0
0
0
0
0
0
0
0
0
0
0
0
0
0
0
0
0
0
0
0
0
0
0
0
0
0
0
0
0
0
0
0
0
0
0
0
0
0
0
0
0
0
0
0
0
0
0
0
0
0
0
0
-1.6307
0
0
0
0
0
0
0
0
0
0
0
0
0
0
0
0
0
0
0
0
0
0
0
0
0
0
0
0
0
0
0
0
0
0
0
0
0
0
-1.6565
0
0
0
0
0
0
0
0
0
0
0
0
3.2871
0
0
0
0
0
0
0
0
0
0
0
0
0
0
0
0
0
0
0
0
0
0
0
0
0
0
0
0
0
0
0
0
0
0
0
0
0
0
0
0
-1.3386
0
0
0
0
0
0
0
0
0
0
0
0
0
0
0
0
0
0
0
0
0
0
0
0
0
0
0
0
0
0
0
0
0
0
0
0
0
0
0
0
0
0
0
0
0
-1.307
0
0
0
0
0
0
0
0
0
0
0
0
0
0
0
0
0
0
0
0
0
0
0
0
0
0
0
0
0
0
0
0
0
0
0
0
0
2.6456
0
0
0
0
0
0
0
0
0
0
0
0
0
0
0
0
0
0
0
0
0
0
0
0
0
0
0
0
0
0
0
0
0
0
0
0
0
0
0
0
0
0
0
0
0
0
0
0
0
0
0
0
0
0
0
0
0
0
-1.299
0
0
0
0
0
0
0
0
0
0
0
0
0
0
0
0
0
0
0
0
0
0
0
0
0
0
0
0
0
0
0
0
0
0
0
0
0
0
-1.2585
0
0
0
0
0
0
0
0
0
0
0
0
0
0
0
0
0
0
0
0
0
0
0
0
0
0
2.5574
0
0
0
0
0
0
0
0
0
0
0
0
0
0
0
0
0
0
0
0
0
0
0
0
0
0
0
0
0
0
0
0
0
0
0
0
0
0
0
0
0
0
0
0
0
0
0
0
-1.6431
0
0
0
0
0
0
0
0
-1.6405
0
0
0
0
0
0
0
0
0
0
0
0
0
0
0
0
0
0
0
0
0
0
0
0
0
0
0
0
0
0
0
0
0
0
0
0
0
0
0
0
0
0
0
0
0
0
0
0
0
0
0
0
0
0
0
0
0
0
0
0
0
0
0
0
0
0
3.2837
0
0
0
0
0
0
0
0
0
0
0
0
0
0
0
0
0
0
0
0
0
0
0
0
0
0
0
0
0
-1.8307
0
0
0
0
0
0
0
-1.8312
0
0
0
0
0
0
0
0
0
0
0
0
0
0
0
0
0
0
0
0
0
0
0
0
0
0
0
0
0
0
0
0
0
0
0
0
0
0
0
0
0
0
0
0
0
0
0
0
0
0
0
0
0
0
0
0
0
0
0
0
0
0
0
0
0
0
0
0
0
0
0
0
0
0
0
0
0
0
0
0
0
0
0
0
0
0
3.6619
0
0
0
0
0
0
0
0
0
0
0
0
0
0
0
0
0
0
0
0
0
0
0
0
0
0
0
0
0
0
0
0
0
0
0
0
0
0
0
0
0
0
0
0
0
0
0
-1.6102
0
0
0
0
0
0
0
0
0
0
0
0
0
0
0
0
0
-1.6012
0
0
0
0
0
0
0
0
0
0
0
0
0
0
0
0
0
0
0
0
0
0
0
0
0
0
0
0
0
0
0
0
0
0
0
0
0
0
0
0
0
0
0
0
0
0
0
0
0
0
0
0
0
0
0
0
0
0
3.2114
0
0
0
0
0
0
0
0
0
0
0
0
0
0
0
0
0
0
0
0
0
0
0
0
0
0
0
0
0
0
0
0
0
0
0
0
0
0
0
0
0
0
0
0
0
0
0
0
0
0
0
0
0
0
0
0
0
0
0
0
0
0
0
0
0
0
0
0
0
0
0
0
0
0
0
0
0
0
0
0
0
0
-1.385
0
0
0
0
0
0
0
0
0
0
0
0
0
0
0
0
0
0
0
0
0
0
0
0
0
0
0
0
0
0
0
0
0
0
0
0
0
0
0
0
0
3.0411
-1.6561
0
0
0
0
0
0
0
0
0
0
0
0
0
0
0
0
0
0
0
0
0
0
0
0
0
0
0
0
0
0
0
0
0
0
0
0
0
0
0
0
0
0
0
0
0
0
0
0
0
0
0
0
0
0
0
0
0
0
0
0
0
0
0
0
0
0
0
0
0
0
0
0
0
0
0
0
0
0
0
0
0
0
0
0
0
0
0
0
0
0
0
0
0
0
0
0
0
0
-1.4349
0
0
0
0
0
0
0
0
0
0
0
0
0
0
0
0
0
0
0
0
0
0
0
-1.6561
3.091
0
0
0
0
0
0
0
0
0
0
0
0
0
0
0
0
0
0
0
0
0
0
0
0
0
0
0
0
0
0
0
0
0
0
0
0
0
0
0
0
-1.6347
0
0
0
0
0
0
0
0
0
0
0
0
0
0
-1.6331
0
0
0
0
0
0
0
0
0
0
0
0
0
0
0
0
0
0
0
0
0
0
0
0
0
0
0
0
0
0
0
0
0
0
0
0
0
0
0
0
0
0
0
0
0
0
0
0
0
0
0
0
0
0
0
0
0
0
0
0
0
0
0
0
0
0
0
0
3.2678
0
0
0
0
0
0
0
0
0
0
0
0
0
0
0
0
0
0
0
0
0
0
0
0
0
0
0
0
0
0
0
0
0
0
0
0
0
0
0
0
0
0
0
0
0
0
0
0
0
0
0
0
0
0
0
0
0
0
0
0
0
0
0
0
0
0
0
0
0
0
0
0
0
0
0
0
0
0
0
0
0
0
0
0
0
0
0
0
0
0
0
0
0
0
0
0
0
0
0
0
0
0
0
0
0
0
-1.5753
0
0
0
-1.5748
0
0
0
0
0
0
0
0
0
0
0
0
0
3.1501
0
0
0
0
0
0
0
0
0
0
0
0
0
0
0
0
0
0
0
0
0
0
0
0
0
0
0
0
0
0
0
0
0
0
0
0
0
0
0
0
0
0
0
0
0
0
0
0
0
0
0
0
0
0
0
0
0
0
0
0
0
0
0
0
0
0
0
0
0
0
0
0
0
0
0
0
-1.6911
0
0
0
0
0
0
0
0
0
0
0
0
0
0
0
0
0
0
0
0
0
0
0
-1.5063
0
0
0
0
0
0
0
0
0
0
0
0
0
0
0
0
0
0
0
0
0
0
0
3.1975
0
0
0
0
0
0
0
0
0
0
0
0
0
0
0
0
0
0
0
0
0
0
0
0
0
0
0
0
0
0
0
0
0
0
0
0
0
0
0
0
0
0
0
0
0
0
0
0
0
0
0
0
0
0
0
0
0
0
0
0
0
0
0
0
0
0
0
0
0
0
0
0
0
0
0
0
0
0
0
0
0
0
0
-1.3485
0
0
0
0
0
0
0
0
0
0
0
-1.4518
0
0
0
0
0
0
0
0
0
0
0
0
0
0
0
0
0
0
0
0
0
0
0
0
0
0
0
0
2.8003
0
0
0
0
0
0
0
0
0
0
0
0
0
0
0
0
0
0
0
0
0
0
0
0
0
0
0
0
0
-1.5246
0
0
0
0
0
0
0
0
0
0
0
0
0
0
0
0
0
0
0
0
0
0
0
0
0
0
0
0
0
0
0
0
0
0
0
0
0
0
0
0
-1.4999
0
0
0
0
0
0
0
0
0
0
0
0
0
0
0
0
0
0
0
0
0
0
0
0
0
0
0
0
0
0
0
0
0
0
0
0
0
0
0
0
0
0
0
0
0
0
0
0
0
0
0
0
0
3.0245
0
0
0
0
0
0
0
0
0
0
0
0
0
0
0
0
0
0
0
0
0
0
0
0
0
0
0
0
0
0
0
0
0
0
0
0
0
0
0
0
0
0
0
0
0
0
0
0
0
0
0
0
0
0
0
0
0
0
0
0
0
0
0
0
0
0
0
0
0
0
0
0
0
0
0
0
0
0
0
0
0
0
0
0
0
0
0
0
0
-1.6022
0
0
0
0
0
0
0
0
0
0
0
0
0
0
0
0
0
-1.6194
0
0
0
0
0
0
0
0
0
0
0
0
0
0
0
0
3.2216
0
0
0
0
0
0
0
0
0
0
0
0
0
0
0
0
0
0
0
0
0
0
0
0
0
0
0
0
0
0
0
0
0
0
0
0
0
0
0
0
0
0
0
0
0
0
0
0
0
0
0
0
0
-1.4949
0
0
0
0
0
0
0
0
0
0
0
0
0
0
0
0
0
0
0
0
0
0
-1.4147
0
0
0
0
0
0
0
0
0
0
0
0
0
0
0
0
0
0
0
0
0
0
0
0
0
0
0
0
0
0
0
0
0
0
0
0
0
0
0
0
0
0
0
0
0
0
0
2.9096
0
0
0
0
0
0
0
0
0
0
0
0
0
0
0
0
0
0
0
0
0
0
0
0
0
0
0
0
0
0
0
0
0
0
0
0
0
0
0
0
0
0
0
0
0
0
0
0
0
0
0
0
0
0
0
0
0
0
0
0
0
0
0
0
0
0
0
0
0
0
0
0
0
0
0
0
0
0
0
0
0
0
0
0
0
0
0
0
0
0
0
0
0
0
0
0
0
0
0
0
0
-1.7105
0
-1.5141
0
0
0
0
0
0
0
0
0
0
0
0
0
0
0
0
0
0
0
0
3.2246
0
0
0
0
0
0
0
0
0
0
0
0
0
0
0
0
0
0
0
0
0
0
0
0
0
0
0
0
0
0
0
0
0
0
0
0
0
0
0
0
0
0
0
0
0
0
0
0
0
0
0
0
0
0
0
0
0
0
0
0
0
0
0
0
0
0
0
0
0
0
-1.3282
0
0
0
0
0
0
0
0
0
0
0
0
0
0
0
0
0
0
-1.4649
0
0
0
0
0
0
0
0
0
0
0
0
0
0
0
0
0
0
0
0
0
0
0
0
0
0
0
0
0
0
0
0
0
0
2.7931
0
0
0
0
0
0
0
0
0
0
0
0
0
0
0
0
0
0
0
0
0
0
0
0
0
0
0
0
0
0
0
0
0
0
0
0
0
0
0
0
0
0
0
0
0
0
0
0
0
0
0
0
0
0
0
0
0
0
0
0
0
0
0
0
0
0
0
0
0
0
0
0
0
0
0
0
0
0
0
0
0
0
0
-1.8614
0
0
0
0
0
0
0
0
0
0
0
0
0
0
0
0
0
0
0
0
0
-1.7812
0
0
0
0
0
0
0
0
0
0
0
0
0
0
0
0
0
0
3.6427
0
0
0
0
0
0
0
0
0
0
0
0
0
0
0
0
0
0
0
0
0
0
0
0
0
0
0
0
0
0
0
0
0
0
0
0
0
0
0
0
0
0
0
0
0
0
0
0
0
0
0
0
0
0
0
0
-2.4518
0
0
0
0
0
0
0
0
0
0
0
0
0
0
0
0
0
0
0
0
0
0
0
0
0
0
0
0
0
0
0
0
0
0
0
0
0
0
0
0
0
0
0
0
0
0
0
0
0
0
0
0
0
0
0
0
0
0
0
0
0
0
0
0
0
0
0
2.4518
0
0
0
0
0
0
0
0
0
0
0
0
0
0
0
0
0
0
0
0
0
0
0
0
0
0
0
0
0
0
0
0
0
0
0
0
0
0
0
0
0
0
0
0
0
0
0
0
0
0
0
0
0
0
0
0
0
0
0
0
0
0
0
0
0
0
0
0
0
0
0
0
0
0
0
0
0
0
0
-1.3655
0
0
0
0
0
0
0
0
0
0
0
0
0
0
0
0
0
0
0
0
0
0
0
0
0
0
0
0
0
0
0
0
0
0
0
0
0
0
0
0
0
0
0
0
1.3655
0
0
0
0
0
0
0
0
0
0
0
0
0
0
0
0
0
0
0
0
0
0
0
0
0
0
0
0
0
0
0
0
0
0
0
0
0
0
0
0
0
0
0
0
0
0
0
0
0
0
0
0
0
0
0
0
0
0
0
0
0
0
0
0
0
0
0
0
0
0
0
0
0
0
0
0
0
0
0
0
0
0
0
0
0
0
0
-0.67566
0
0
0
0
0
0
0
0
0
0
0
0
0
0
0
0
0
0
0
0
0
0
0
0
0
0
0
0
0
0
0
0
0
0
0
0
0.67566
0
0
0
0
0
0
0
0
0
0
0
0
0
0
0
0
0
0
0
0
-2.571
0
0
0
0
0
0
0
0
0
0
0
0
0
0
0
0
0
0
0
0
0
0
0
0
0
0
0
0
0
0
0
0
0
0
0
0
0
0
0
0
0
0
0
0
0
0
0
0
0
0
0
0
0
0
0
0
0
0
0
0
0
0
0
0
0
0
0
0
0
0
0
0
0
0
0
0
0
0
0
0
0
0
0
0
0
0
0
0
0
0
0
0
0
0
0
0
0
0
0
0
0
0
0
2.571
0
0
0
0
0
0
0
0
0
0
0
0
0
0
0
0
0
0
0
0
0
0
0
0
0
0
0
0
0
0
0
0
0
0
0
0
0
0
0
0
0
0
0
0
0
0
0
0
0
0
0
0
0
0
0
0
0
0
0
0
0
0
0
0
0
0
0
0
0
0
0
0
0
0
0
-1.4138
0
0
0
0
0
0
0
0
0
0
0
0
0
0
0
0
0
0
0
0
0
0
0
0
0
0
0
0
0
0
0
0
0
0
0
0
0
0
0
0
0
0
0
0
0
0
0
0
1.4138
0
0
0
0
0
0
0
0
0
0
0
0
0
0
0
0
0
0
0
0
0
0
0
0
0
0
0
0
0
0
0
0
0
0
0
0
0
0
0
0
0
0
0
0
0
0
0
0
0
0
0
0
0
0
0
-2.1654
0
0
0
0
0
0
0
0
0
0
0
0
0
0
0
0
0
0
0
0
0
0
0
0
0
0
0
0
0
0
0
0
0
0
0
0
0
0
0
0
0
0
0
0
0
0
0
0
0
0
0
0
0
0
0
0
0
0
0
0
0
0
0
0
0
0
0
0
2.1654
0
0
0
0
0
0
0
0
0
0
0
0
0
0
0
0
0
0
0
0
0
0
0
0
0
0
0
0
0
0
0
0
0
0
0
0
0
0
0
0
0
0
0
0
0
0
0
0
0
0
0
0
0
0
0
0
0
0
0
0
0
0
0
0
0
0
0
0
0
0
0
0
0
0
0
0
0
0
0
0
0
0
0
0
0
0
0
0
0
0
-0.72429
0
0
0
0
0
0
0
0
0
0
0
0
0
0
0
0
0
0
0
0
0
0
0
0
0
0
0
0
0
0
0
0
0
0.72429
0
0
0
0
0
0
0
0
0
0
0
0
0
0
0
0
0
0
0
0
0
0
0
0
0
0
0
0
0
0
0
0
0
0
0
0
0
0
0
0
0
0
0
0
0
0
0
0
0
0
0
0
0
0
0
0
0
0
0
0
0
0
0
0
0
0
-1.4402
0
0
0
0
0
0
0
0
0
0
0
0
0
0
0
0
0
0
0
0
0
0
0
0
0
0
0
0
0
0
0
0
0
0
0
0
0
0
0
0
0
0
0
0
0
0
0
0
0
0
0
0
0
0
0
0
0
1.4402
0
0
0
0
0
0
0
0
0
0
0
0
0
0
0
0
0
0
0
0
0
0
0
0
0
0
0
0
0
0
0
0
0
0
0
0
0
0
0
0
0
0
0
0
0
0
0
0
0
0
0
0
0
0
0
0
0
0
0
0
0
0
0
0
0
0
0
0
0
0
-1.2867
0
0
0
0
0
0
0
0
0
0
0
0
0
0
0
0
0
0
0
0
0
0
0
0
0
0
0
0
0
0
0
0
0
0
0
0
0
0
0
0
0
0
0
0
0
0
0
0
0
0
0
0
0
1.2867
0
0
0
0
0
0
0
0
0
0
0
0
0
0
0
0
0
0
0
0
0
0
0
0
0
0
0
0
0
0
0
0
0
0
0
0
0
0
0
0
0
0
0
0
0
0
0
0
0
0
0
0
0
0
0
0
0
0
0
0
0
0
0
0
0
-1.4453
0
0
0
0
0
0
0
0
0
0
0
0
0
0
0
0
0
0
0
0
0
0
0
0
0
0
0
0
0
0
0
0
0
0
0
0
0
0
0
0
0
0
0
0
0
0
0
0
0
0
0
0
0
0
0
0
0
0
1.4453
0
0
0
0
0
0
0
0
0
0
0
0
0
0
0
0
0
0
0
0
0
0
0
0
0
0
0
0
-2.564
0
0
0
0
0
0
0
0
0
0
0
0
0
0
0
0
0
0
0
0
0
0
0
0
0
0
0
0
0
0
0
0
0
0
0
0
0
0
0
0
0
0
0
0
0
0
0
0
0
0
0
0
0
0
0
0
0
0
0
0
0
0
0
0
0
0
0
0
0
0
0
0
0
0
0
0
0
0
0
0
0
0
0
0
0
0
0
0
0
0
0
0
0
0
0
2.564
0
0
0
0
0
0
0
0
0
0
0
0
0
0
0
0
0
0
0
0
0
0
0
0
0
0
0
0
0
0
0
0
0
0
0
0
0
0
0
0
0
0
0
0
0
0
0
0
0
0
0
0
0
0
0
0
0
0
0
0
0
0
0
0
0
0
0
0
0
0
0
0
0
0
-1.3312
0
0
0
0
0
0
0
0
0
0
0
0
0
0
0
0
0
0
0
0
0
0
0
0
0
0
0
0
0
0
0
0
0
0
0
0
0
0
0
0
0
0
0
0
0
0
0
0
0
1.3312
