1
0.9694
0.95937
0.95177
0.94672
0.9432
0.94059
0.93536
0.93069
0.92637
0.92231
0.91857
0.9151
0.91185
0.90876
0.90581
0.90295
0.90018
0.89748
0.89486
0.89229
0.88978
0.88731
0.88489
0.8825
0.88014
0.87781
0.87553
0.87328
0.87109
0.86894
0.86686
0.86483
0.86285
0.86093
0.85906
0.85723
0.85544
0.8537
0.85199
0.85032
0.84867
0.84705
0.84546
0.84389
0.84235
0.84081
0.8393
0.8378
0.8363
0.83482
0.83334
0.83186
0.83039
0.82893
0.82748
0.82604
0.82463
0.82323
0.82186
0.82051
0.81919
0.81789
0.81661
0.81535
0.81411
0.81288
0.81168
0.81049
0.80932
0.80817
0.80704
0.80593
0.80484
0.80378
0.80273
0.8017
0.8007
0.79972
0.79876
0.79781
0.79688
0.79596
0.79504
0.79414
0.79325
0.79236
0.79149
0.79063
0.78978
0.78894
0.78812
0.78731
0.78651
0.78572
0.78495
0.78418
0.78343
0.78269
0.78195
0.78123
0.78051
0.77981
0.77911
0.77843
0.77774
0.77707
0.7764
0.77573
0.77507
0.77442
0.77376
0.77311
0.77246
0.77181
0.77116
0.7705
0.76984
0.76918
0.76851
0.76783
0.76714
0.76644
0.76573
0.76501
0.76428
0.76353
0.76277
0.762
0.76122
0.76043
0.75963
0.75883
0.75802
0.7572
0.75639
0.75557
0.75474
0.75392
