1
0.96943
0.95753
0.94809
0.94143
0.93683
0.93319
0.92629
0.92004
0.91427
0.90897
0.9041
0.89958
0.89535
0.89136
0.88757
0.88398
0.88057
0.87737
0.87436
0.87156
0.86895
0.86654
0.86431
0.86224
0.86028
0.85842
0.85662
0.85486
0.85311
0.85137
0.84963
0.8479
0.84619
0.8445
0.84284
0.84121
0.83961
0.83806
0.83653
0.83505
0.83359
0.83217
0.83078
0.82943
0.82811
0.82683
0.82559
0.8244
0.82324
0.82212
0.82104
0.82
0.819
0.81804
0.81711
0.81622
0.81537
0.81455
0.81377
0.81301
0.81229
0.81158
0.8109
0.81022
0.80955
0.80888
0.8082
0.8075
0.80679
0.80605
0.80529
0.80449
0.80367
0.80281
0.80193
0.80102
0.80007
0.79911
0.79812
0.7971
0.79607
0.79502
0.79395
0.79288
0.7918
0.79073
0.78966
0.78859
0.78754
0.78651
0.78549
0.78449
0.7835
0.78253
0.78158
0.78065
0.77973
0.77883
0.77795
0.77708
0.77623
0.77539
0.77456
0.77375
0.77295
0.77217
0.77139
0.77062
0.76986
0.76911
0.76837
0.76764
0.76693
0.76622
0.76552
0.76484
0.76416
0.7635
0.76285
0.76222
0.76159
0.76098
0.76039
0.7598
0.75924
0.75869
0.75815
0.75764
0.75714
0.75666
0.75619
0.75575
0.75532
0.7549
0.7545
0.75411
0.75373
0.75335
