1
0.98984
0.98331
0.97855
0.97476
0.97173
0.96938
0.96726
0.96562
0.96411
0.96294
0.96183
0.96096
0.95751
0.95441
0.9515
0.94885
0.94634
0.944
0.94177
0.93967
0.93766
0.93573
0.93387
0.93208
0.93036
0.92868
0.92706
0.92548
0.92395
0.92246
0.921
0.91958
0.91819
0.91683
0.9155
0.91419
0.91291
0.91165
0.91042
0.9092
0.90801
0.90683
0.90567
0.90454
0.90341
0.90231
0.90122
0.90014
0.89908
0.89804
0.897
0.89598
0.89497
0.89398
0.89299
0.89202
0.89105
0.89009
0.88915
0.88821
0.88728
0.88635
0.88543
0.88453
0.88362
0.88273
0.88183
0.88095
0.88007
0.87919
0.87832
0.87746
0.8766
0.87574
0.87489
0.87404
0.8732
0.87236
0.87152
0.87069
0.86986
0.86903
0.86821
0.86739
0.86657
0.86576
0.86495
0.86414
0.86333
0.86252
0.86172
0.86092
0.86012
0.85933
0.85853
0.85774
0.85695
0.85616
0.85537
0.85459
0.85381
0.85302
0.85224
0.85146
0.85069
0.84991
0.84914
0.84837
0.8476
0.84683
0.84606
0.84529
0.84453
0.84376
0.843
0.84224
0.84147
0.84072
0.83996
0.8392
0.83844
0.83769
0.83693
0.83618
0.83543
0.83467
0.83392
0.83318
0.83243
0.83168
0.83093
0.83019
0.82944
0.8287
0.82796
0.82722
0.82647
0.82573
0.82499
0.82425
0.82351
0.82277
0.82203
0.82129
0.82055
0.81982
0.81908
0.81835
0.81761
0.81688
0.81615
0.81542
0.81469
0.81397
0.81324
0.81251
0.81179
0.81107
0.81035
0.80963
0.80891
0.80819
0.80747
0.80676
0.80604
0.80532
0.80461
0.8039
0.80318
0.80247
0.80175
0.80104
0.80032
0.79961
0.79889
0.79818
0.79746
0.79675
0.79603
0.79531
0.7946
0.79388
0.79316
0.79245
0.79173
0.79102
0.7903
0.78958
0.78887
0.78815
0.78744
0.78673
0.78601
0.7853
0.78459
0.78387
0.78316
0.78245
0.78174
0.78103
0.78032
0.77961
0.77891
0.7782
0.77749
0.77679
0.77608
0.77538
0.77467
0.77397
0.77327
0.77257
0.77187
0.77117
0.77047
0.76977
0.76907
0.76837
0.76768
0.76698
0.76628
0.76559
0.76489
0.7642
0.7635
0.76281
0.76212
0.76142
0.76073
0.76004
0.75935
0.75866
0.75797
0.75729
0.7566
0.75591
0.75523
0.75454
0.75386
0.75318
0.7525
0.75182
0.75114
0.75046
0.74978
0.74911
0.74843
0.74776
0.74709
0.74641
0.74574
0.74507
0.7444
0.74374
0.74307
0.74241
0.74174
0.74108
0.74042
0.73976
0.7391
0.73844
0.73779
0.73713
0.73648
0.73583
0.73518
0.73453
0.73388
0.73324
0.73259
0.73195
0.73131
0.73067
0.73003
0.7294
0.72876
0.72813
0.72749
0.72686
0.72623
0.7256
0.72498
0.72435
0.72373
0.7231
0.72248
0.72186
0.72124
0.72062
0.72001
0.71939
0.71878
0.71816
0.71755
0.71694
0.71633
0.71572
0.71511
0.71451
0.7139
0.7133
0.7127
0.7121
0.7115
0.7109
0.7103
0.70971
0.70912
0.70852
0.70793
0.70734
0.70676
0.70617
0.70559
0.705
0.70442
0.70384
0.70326
0.70268
0.7021
0.70153
0.70095
0.70038
0.69981
0.69924
0.69867
0.6981
0.69753
0.69697
0.6964
0.69584
0.69528
0.69472
0.69416
0.6936
0.69304
0.69249
0.69193
0.69138
0.69082
0.69027
0.68972
