1
0.96934
0.96526
0.96108
0.95887
0.95737
0.95594
0.95448
0.95292
0.95176
0.95034
0.94923
0.94818
0.94723
0.94637
0.94552
0.94325
0.94226
0.94159
0.93924
0.9369
0.9346
0.93232
0.93016
0.92804
0.92608
0.92412
0.92232
0.92048
0.91878
0.91703
0.91541
0.91372
0.91215
0.91054
0.90901
0.90747
0.906
0.90454
0.90314
0.90175
0.9004
0.89908
0.89779
0.89652
0.89524
0.89396
0.89268
0.89141
0.89015
0.88891
0.88768
0.88647
0.88529
0.88415
0.88303
0.88194
0.88086
0.87979
0.87873
0.87768
0.87664
0.87563
0.87463
0.87366
0.87271
0.87178
0.87083
0.86987
0.8689
0.86791
0.86691
0.86591
0.86488
0.86385
0.8628
0.86174
0.86066
0.85957
0.85846
0.85734
0.8562
0.85505
0.85388
0.85269
0.85148
0.85024
0.84899
0.84771
0.84641
0.8451
0.84377
0.84245
0.84113
0.83984
0.83857
0.83735
0.83617
0.83505
0.83398
0.83297
0.83201
0.8311
0.83022
0.82937
0.82853
0.82772
0.82691
0.82612
0.82532
0.82453
0.82373
0.82292
0.82209
0.82125
0.8204
0.81952
0.81862
0.81771
0.81677
0.81582
0.81486
0.81388
0.81289
0.8119
0.8109
0.8099
0.80891
0.80793
0.80694
0.80596
0.80499
0.804
0.80302
