1
0.97908
0.96997
0.96719
0.96535
0.96443
0.96358
0.96321
0.96273
0.96316
0.96275
0.96309
0.96197
0.9613
0.96077
0.96033
0.95978
0.95888
0.958
0.95724
0.95665
0.956
0.95543
0.95461
0.95384
0.95277
0.9518
0.95073
0.94987
0.949
0.94831
0.94763
0.94708
0.94654
0.94606
0.94558
0.94511
0.94465
0.94418
0.94371
0.94323
0.94275
0.94224
0.94173
0.94121
0.94067
0.94011
0.93955
0.93898
0.9384
0.93783
0.93726
0.93669
0.93613
0.93558
0.93504
0.93454
0.93408
0.93367
0.93332
0.93305
0.93283
0.93268
0.93259
0.93254
0.93251
0.93251
0.93251
0.93249
0.93245
0.93239
0.93228
0.93213
0.93193
0.93169
0.9314
0.93107
0.93071
0.93034
0.92995
0.92957
0.92919
0.92882
0.92847
0.92813
0.92782
0.92753
0.92725
0.927
0.92677
0.92657
0.92638
0.92622
0.92608
0.92596
0.92587
0.9258
0.92575
0.92573
0.92572
0.92573
0.92575
0.92579
0.92583
0.92588
0.92593
0.92598
0.92602
0.92606
0.92609
0.92609
0.92609
0.92606
0.92601
0.92593
0.92583
0.9257
0.92554
0.92536
0.92515
0.92491
0.92465
0.92436
0.92404
0.92371
0.92335
0.92297
0.92257
0.92215
0.92171
0.92125
0.92079
0.92031
0.91983
0.91934
0.91886
0.91838
0.9179
0.91743
0.91697
0.91652
0.91608
0.91565
0.91523
0.91483
0.91444
0.91406
0.91369
0.91334
0.91301
0.9127
0.9124
0.91213
0.91187
0.91162
0.9114
0.91118
0.91098
0.91079
0.91062
0.91045
0.91029
0.91015
0.91001
0.90988
0.90977
0.90966
0.90955
0.90946
0.90937
