1
0.97716
0.97008
0.96659
0.96384
0.96132
0.95934
0.95761
0.95579
0.95463
0.95314
0.95212
0.94886
0.94582
0.94289
0.9401
0.93739
0.9348
0.93235
0.93
0.92777
0.92554
0.92338
0.92116
0.919
0.91676
0.91459
0.91241
0.91029
0.90818
0.90613
0.90411
0.90217
0.90025
0.8984
0.89656
0.89477
0.89301
0.89128
0.88958
0.88792
0.88628
0.88468
0.88311
0.88158
0.88007
0.87859
0.87713
0.87571
0.87432
0.87296
0.87163
0.87034
0.86907
0.86782
0.86659
0.86538
0.86418
0.86301
0.86184
0.86069
0.85956
0.85845
0.85735
0.85627
0.8552
0.85416
0.85313
0.85212
0.85113
0.85015
0.84919
0.84824
0.84729
0.84635
0.84542
0.84449
0.84357
0.84266
0.84176
0.84086
0.83998
0.8391
0.83823
0.83736
0.8365
0.83564
0.83477
0.83391
0.83305
0.83219
0.83132
0.83044
0.82957
0.82869
0.82781
0.82693
0.82604
0.82515
0.82425
0.82336
0.82246
0.82155
0.82065
0.81975
0.81886
0.81797
0.81708
0.81621
0.81534
0.81449
0.81364
0.81281
0.81199
0.81117
0.81037
0.80958
0.8088
0.80803
0.80728
0.80654
0.80581
0.80509
0.80439
0.8037
0.80302
0.80235
0.80168
0.80103
0.80038
0.79973
0.7991
0.79847
0.79785
0.79724
0.79663
0.79603
0.79544
0.79486
0.79429
0.79373
0.79317
0.79261
0.79206
0.79151
0.79097
0.79043
0.7899
0.78937
0.78885
0.78833
0.78782
0.78731
0.78681
0.7863
0.7858
0.7853
0.7848
0.7843
0.78379
0.78329
0.78278
0.78228
0.78178
0.78127
0.78077
0.78028
0.77978
0.77929
0.77881
