1
0.96327
0.94905
0.94403
0.94162
0.93603
0.93358
0.93014
0.92395
0.91762
0.91138
0.90524
0.89956
0.89463
0.89049
0.88706
0.88423
0.88197
0.88025
0.879
0.87825
0.87798
0.87822
0.87893
0.88011
0.8817
0.88368
0.88598
0.88856
0.89135
0.8943
0.89736
0.90047
0.90359
0.90668
0.90973
0.91272
0.91569
0.91862
0.92154
0.92445
0.92736
0.93025
0.93313
0.93597
0.93878
0.94154
0.94423
0.94684
0.94935
0.95176
0.95405
0.9562
0.95819
0.96
0.96162
0.96302
0.96419
0.96511
0.96581
0.96632
0.96671
0.96705
0.96742
0.96788
0.96844
0.96912
0.9699
0.97076
0.97166
0.97259
0.97351
0.9744
0.97524
0.97601
0.9767
0.9773
0.97781
0.97824
0.9786
0.97889
0.97914
0.97934
0.97949
0.97958
0.97961
0.97956
0.97943
0.9792
0.9789
0.97853
0.97812
0.9777
0.97732
0.97703
0.97685
0.97682
0.97694
0.97721
0.97763
0.97817
0.97884
0.9796
0.98044
0.98135
0.98231
0.98332
0.98437
0.98544
0.98654
0.98765
0.98878
