1
0.97713
0.9691
0.97069
0.97113
0.97081
0.97147
0.97193
0.97362
0.97557
0.97817
0.98121
0.9854
0.99064
0.99719
1.0038
1.0101
1.0152
1.0196
1.0233
1.0267
1.0299
1.033
1.0359
1.0387
1.0415
1.0442
1.047
1.0498
1.0526
1.0556
1.0587
1.0621
1.0658
1.0699
1.0745
1.0795
1.0846
1.0893
1.0937
1.0976
1.1011
1.1043
1.1071
1.1098
1.1121
1.1143
1.1164
1.1183
1.1201
1.1219
1.1236
1.1253
1.127
1.1288
1.1305
1.1323
1.134
1.1358
1.1376
1.1394
1.1412
1.1432
1.1452
1.1473
1.1495
1.1517
1.1541
1.1566
1.1592
1.1619
1.1647
1.1676
1.1706
1.1737
1.1769
1.1802
1.1835
1.1869
1.1902
1.1936
1.1968
1.2
1.2031
1.206
1.2087
1.2114
1.2139
1.2162
1.2184
1.2205
1.2225
1.2243
1.226
1.2276
1.2292
1.2306
1.232
1.2332
1.2345
1.2356
1.2368
1.2378
1.2389
1.2399
1.2409
1.2418
1.2427
1.2436
1.2444
1.2452
1.2459
