1
0.97806
0.97059
0.96695
0.96362
0.96124
0.95959
0.95601
0.955
0.95383
0.95074
0.94779
0.94764
0.94486
0.94227
0.93978
0.93745
0.9352
0.93308
0.93107
0.92911
0.92725
0.92542
0.92367
0.92193
0.92024
0.91858
0.91697
0.91538
0.91383
0.91231
0.91082
0.90935
0.90791
0.90649
0.9051
0.90373
0.90238
0.90106
0.89976
0.89847
0.8972
0.89595
0.89471
0.8935
0.8923
0.89113
0.88998
0.88884
0.88773
0.88664
0.88557
0.88453
0.88351
0.88251
0.88155
0.88062
0.87971
0.87882
0.87794
0.87707
0.87621
0.87536
0.87451
0.87366
0.87282
0.87198
0.87115
0.87033
0.86952
0.86871
0.86791
0.86712
0.86633
0.86555
0.86478
0.86401
0.86325
0.8625
0.86176
0.86103
0.8603
0.85958
0.85888
0.85819
0.85751
0.85685
0.85619
0.85555
0.85492
0.85429
0.85366
0.85304
0.85242
0.85181
0.8512
0.85059
0.84999
0.84938
0.84878
0.84818
0.84758
0.84698
0.84638
0.84579
0.84519
0.84459
0.84399
0.84339
0.84279
0.8422
0.8416
0.841
0.84041
0.83981
0.83921
0.83861
0.838
0.8374
0.83679
0.83617
0.83556
0.83494
0.83433
0.83371
0.83308
0.83246
0.83183
0.83119
0.83055
0.82991
0.82926
0.8286
0.82793
0.82726
0.82659
0.82591
0.82524
0.82456
0.82388
0.8232
0.82253
0.82186
0.82119
0.82053
0.81988
0.81922
0.81858
0.81795
0.81732
0.8167
0.81609
0.8155
0.81491
0.81432
