1
0.97278
0.95857
0.95251
0.94929
0.94606
0.94052
0.93645
0.93224
0.92866
0.92515
0.92189
0.9187
0.91557
0.91258
0.90957
0.90676
0.9039
0.90126
0.89861
0.89616
0.89371
0.89143
0.88918
0.88708
0.88502
0.88307
0.88116
0.87932
0.87753
0.87579
0.87409
0.87244
0.87082
0.86924
0.8677
0.86619
0.86471
0.86324
0.8618
0.86039
0.85898
0.8576
0.85623
0.85487
0.85352
0.85219
0.85086
0.84954
0.84822
0.84691
0.84561
0.84432
0.84302
0.84174
0.84046
0.83919
0.83793
0.83667
0.83542
0.83419
0.83296
0.83175
0.83054
0.82935
0.82816
0.82699
0.82583
0.82468
0.82354
0.82241
0.82129
0.82018
0.81908
0.81799
0.8169
0.81583
0.81476
0.8137
0.81265
0.81161
0.81057
0.80954
0.80851
0.8075
0.80649
0.80549
0.80449
0.8035
0.80252
0.80155
0.80059
0.79963
0.79868
0.79774
0.7968
0.79588
0.79495
0.79404
0.79312
0.79221
0.7913
0.79038
0.78947
0.78856
0.78765
0.78674
0.78583
0.78493
0.78402
0.78312
0.78221
0.78131
0.78041
0.77951
0.77862
0.77772
0.77683
0.77594
0.77505
0.77416
0.77328
0.7724
0.77152
0.77065
0.76978
0.76891
0.76804
0.76718
0.76632
0.76546
0.76461
0.76376
0.76292
